name	taxonomy_id	taxonomy_lvl	kraken_assigned_reads	added_reads	new_est_reads	fraction_total_reads
Bradyrhizobium sp. 200	2782665	S	20515	4015	24530	0.00073
Bradyrhizobium sp. 170	2782641	S	18467	4161	22628	0.00067
Bradyrhizobium sp. BTAi1	288000	S	17413	2501	19914	0.00059
Bradyrhizobium sp. CCBAU 51753	1325100	S	17216	3069	20285	0.00060
Bradyrhizobium sp. CCBAU 051011	858422	S	16601	2724	19325	0.00058
Bradyrhizobium sp. SK17	2057741	S	16453	4428	20881	0.00062
Bradyrhizobium sp. A19	2898149	S	15567	2128	17695	0.00053
Bradyrhizobium sp. ORS 285	115808	S	14962	2709	17671	0.00053
Bradyrhizobium sp. ORS 278	114615	S	14625	2644	17269	0.00051
Bradyrhizobium sp. 186	2782654	S	11365	2641	14006	0.00042
Bradyrhizobium sp. CCBAU 53421	1325120	S	10212	2726	12938	0.00039
Bradyrhizobium sp. CCBAU 53338	1325111	S	9285	3299	12584	0.00037
Bradyrhizobium sp. 195	2782662	S	9133	2835	11968	0.00036
Bradyrhizobium sp. 1(2017)	1404888	S	8938	2353	11291	0.00034
Bradyrhizobium sp. CCBAU 53340	1325112	S	8775	2954	11729	0.00035
Bradyrhizobium sp. CCBAU 53351	1325114	S	8591	3773	12364	0.00037
Bradyrhizobium sp. I71	2590772	S	8577	6783	15360	0.00046
Bradyrhizobium sp. S2-11-2	2840472	S	8393	5825	14218	0.00042
Bradyrhizobium sp. S2-20-1	2840469	S	7552	5619	13171	0.00039
Bradyrhizobium sp. CCGE-LA001	1223566	S	7486	2406	9892	0.00029
Bradyrhizobium sp. 191	2782659	S	7261	6445	13706	0.00041
Bradyrhizobium sp. 6(2017)	1197460	S	7136	3075	10211	0.00030
Bradyrhizobium sp. S2-11-4	2840473	S	6917	5667	12584	0.00037
Bradyrhizobium sp. CCBAU 51765	1325102	S	6814	5627	12441	0.00037
Bradyrhizobium sp. 41S5	1404443	S	6464	3870	10334	0.00031
Bradyrhizobium sp. C-145	574727	S	3728	3319	7047	0.00021
Bradyrhizobium sp.	376	S	2619	7824	10443	0.00031
Bradyrhizobium sp. 144S4	2823807	S	2346	5271	7617	0.00023
Bradyrhizobium sp. 323S2	1404649	S	2336	5353	7689	0.00023
Bradyrhizobium sp. 40	2782674	S	2080	4335	6415	0.00019
Bradyrhizobium sp. 4	2782678	S	2057	4817	6874	0.00020
Bradyrhizobium sp. 192	2782660	S	1814	3975	5789	0.00017
Bradyrhizobium sp. LCT2	2493093	S	1508	3808	5316	0.00016
Bradyrhizobium sp. 131	2782609	S	1271	18876	20147	0.00060
Bradyrhizobium sp. SG09	2599805	S	834	5415	6249	0.00019
Bradyrhizobium sp. TM102	2599819	S	767	4760	5527	0.00016
Bradyrhizobium sp. 187	2782655	S	701	3134	3835	0.00011
Bradyrhizobium sp. 38S5	2819348	S	433	4800	5233	0.00016
Bradyrhizobium sp. 1S5	2816456	S	408	4170	4578	0.00014
Bradyrhizobium sp. 172	2782643	S	368	4066	4434	0.00013
Bradyrhizobium sp. CW1	2782686	S	318	4477	4795	0.00014
Bradyrhizobium sp. 155	2782629	S	218	3564	3782	0.00011
Bradyrhizobium sp. CCBAU 21365	1325083	S	18	795	813	0.00002
Bradyrhizobium erythrophlei	1437360	S	53177	3447	56624	0.00169
Bradyrhizobium diazoefficiens	1355477	S	37552	63910	101462	0.00302
Bradyrhizobium canariense	255045	S	17466	24919	42385	0.00126
Bradyrhizobium icense	1274631	S	17268	1978	19246	0.00057
Bradyrhizobium lablabi	722472	S	17248	18673	35921	0.00107
Bradyrhizobium guangdongense	1325090	S	16760	5355	22115	0.00066
Bradyrhizobium paxllaeri	190148	S	15455	2455	17910	0.00053
Bradyrhizobium genosp. L	83637	S	13927	2272	16199	0.00048
Bradyrhizobium japonicum	375	S	13015	17044	30059	0.00089
Bradyrhizobium oligotrophicum	44255	S	12886	1756	14642	0.00044
Bradyrhizobium arachidis	858423	S	10350	2530	12880	0.00038
Bradyrhizobium vignae	1549949	S	9808	1911	11719	0.00035
Bradyrhizobium quebecense	2748629	S	9116	4509	13625	0.00041
Bradyrhizobium cosmicum	1404864	S	8698	2394	11092	0.00033
Bradyrhizobium betae	244734	S	8577	4134	12711	0.00038
Bradyrhizobium genosp. B	83627	S	8450	1488	9938	0.00030
Bradyrhizobium guangzhouense	1325095	S	7892	2597	10489	0.00031
Bradyrhizobium guangxiense	1325115	S	7381	2777	10158	0.00030
Bradyrhizobium septentrionale	1404411	S	7242	3876	11118	0.00033
Bradyrhizobium daqingense	993502	S	6171	2890	9061	0.00027
Bradyrhizobium amphicarpaeae	1404768	S	5741	2045	7786	0.00023
Bradyrhizobium symbiodeficiens	1404367	S	5572	7478	13050	0.00039
Bradyrhizobium zhanjiangense	1325107	S	3345	2992	6337	0.00019
Bradyrhizobium elkanii	29448	S	2616	12388	15004	0.00045
Bradyrhizobium ottawaense	931866	S	1739	10006	11745	0.00035
Nitrobacter winogradskyi	913	S	198563	25936	224499	0.00668
Nitrobacter hamburgensis	912	S	132818	18615	151433	0.00451
Rhodopseudomonas palustris	1076	S	61214	17168	78382	0.00233
Rhodopseudomonas boonkerdii	475937	S	11969	3017	14986	0.00045
Rhodopseudomonas sp. SK50-23	340268	S	10139	1902	12041	0.00036
Afipia carboxidovorans	40137	S	24202	2723	26925	0.00080
Afipia sp. GAS231	1882747	S	7560	5507	13067	0.00039
Tardiphaga sp. 37S4	1404741	S	5439	4137	9576	0.00029
Tardiphaga sp. vice154	2592814	S	273	4853	5126	0.00015
Tardiphaga sp. vice304	2592817	S	213	4650	4863	0.00014
Tardiphaga sp. vice278	2592815	S	143	4006	4149	0.00012
Tardiphaga sp. vice352	2592816	S	46	1605	1651	0.00005
Tardiphaga robiniae	943830	S	5529	3770	9299	0.00028
Variibacter gotjawalensis	1333996	S	13708	756	14464	0.00043
Rhizobium sp. BG4	2613770	S	19239	2444	21683	0.00065
Rhizobium sp. WL3	2603277	S	17275	2253	19528	0.00058
Rhizobium sp. SL42	2806346	S	12288	1455	13743	0.00041
Rhizobium sp. ACO-34A	1571470	S	11685	1699	13384	0.00040
Rhizobium sp. WYJ-E13	2849093	S	11074	943	12017	0.00036
Rhizobium sp. NXC24	2048897	S	8682	855	9537	0.00028
Rhizobium sp. AB2/73	2795216	S	6761	2636	9397	0.00028
Rhizobium sp. 11515TR	2028343	S	6603	1092	7695	0.00023
Rhizobium sp. NZLR1	2731096	S	5205	1288	6493	0.00019
Rhizobium sp. CIAT894	2020312	S	4852	1538	6390	0.00019
Rhizobium sp. NXC14	1981173	S	4267	1277	5544	0.00017
Rhizobium sp. NLR16a	2731112	S	4151	1368	5519	0.00016
Rhizobium sp. L51/94	2819999	S	4057	3690	7747	0.00023
Rhizobium sp. C104	2917727	S	3890	1558	5448	0.00016
Rhizobium sp. K102	2918527	S	3646	1824	5470	0.00016
Rhizobium sp. X9	2815360	S	3089	4628	7717	0.00023
Rhizobium sp. IE4771	1301032	S	1450	2224	3674	0.00011
Rhizobium sp. 007	2785056	S	1450	1966	3416	0.00010
Rhizobium sp. Kim5	2020311	S	1238	2066	3304	0.00010
Rhizobium sp. TAL182	2020313	S	1006	2196	3202	0.00010
Rhizobium sp. B230/85	2819994	S	927	7238	8165	0.00024
Rhizobium sp. ZX09	2291939	S	902	2840	3742	0.00011
Rhizobium sp. NIBRBAC000502774	2590777	S	553	1841	2394	0.00007
Rhizobium sp. Y9	1914541	S	444	1306	1750	0.00005
Rhizobium sp. CCGE531	2364271	S	323	8348	8671	0.00026
Rhizobium sp. N324	1703969	S	249	3798	4047	0.00012
Rhizobium sp. B21/90	2819993	S	103	2627	2730	0.00008
Rhizobium sp. T136	555319	S	100	2174	2274	0.00007
Rhizobium sp. CCGE532	2364272	S	69	3774	3843	0.00011
Rhizobium sp. BG6	2613771	S	23	3136	3159	0.00009
Rhizobium sp. S41	1869170	S	22	4240	4262	0.00013
Rhizobium rhizoryzae	451876	S	73841	6366	80207	0.00239
Rhizobium leguminosarum	384	S	42439	60091	102530	0.00305
Rhizobium etli	29449	S	12680	11244	23924	0.00071
Rhizobium pseudoryzae	379684	S	12298	1739	14037	0.00042
Rhizobium rosettiformans	1368430	S	12193	3926	16119	0.00048
Rhizobium jaguaris	1312183	S	9050	773	9823	0.00029
Rhizobium daejeonense	240521	S	8055	1838	9893	0.00029
Rhizobium phaseoli	396	S	7295	12223	19518	0.00058
Rhizobium gallicum	56730	S	6859	6799	13658	0.00041
Rhizobium bangladeshense	1138189	S	6590	1145	7735	0.00023
Rhizobium tropici	398	S	6230	1198	7428	0.00022
Rhizobium lentis	1138194	S	5602	1264	6866	0.00020
Rhizobium binae	1138190	S	4727	1302	6029	0.00018
Rhizobium pusense	648995	S	4003	11788	15791	0.00047
Rhizobium acidisoli	1538158	S	3076	1943	5019	0.00015
Rhizobium indicum	2583231	S	2913	1978	4891	0.00015
Rhizobium oryzihabitans	2267833	S	2334	2335	4669	0.00014
Rhizobium hidalgonense	1538159	S	1205	2166	3371	0.00010
Rhizobium laguerreae	1076926	S	1082	1448	2530	0.00008
Rhizobium ruizarguesonis	2081791	S	810	4697	5507	0.00016
Rhizobium favelukesii	348824	S	116	3062	3178	0.00009
Rhizobium grahamii	1120045	S	14	1920	1934	0.00006
Neorhizobium galegae	399	S	121622	24267	145889	0.00434
Neorhizobium sp. NCHU2750	1825976	S	9229	1532	10761	0.00032
Neorhizobium sp. SOG26	2060726	S	8765	1199	9964	0.00030
Agrobacterium tumefaciens	358	S	48529	38267	86796	0.00258
Agrobacterium fabrum	1176649	S	3008	2901	5909	0.00018
Agrobacterium fabacearum	1183401	S	555	5042	5597	0.00017
Agrobacterium sp. T29	2580515	S	4579	2717	7296	0.00022
Agrobacterium sp. MA01	2664893	S	3028	5001	8029	0.00024
Agrobacterium sp. RAC06	1842536	S	2911	4914	7825	0.00023
Agrobacterium sp. CGMCC 11546	2579248	S	916	1482	2398	0.00007
Agrobacterium sp. S7/73	2820002	S	453	1841	2294	0.00007
Agrobacterium vitis	373	S	15372	1235	16607	0.00049
Agrobacterium salinitolerans	1183413	S	6362	1719	8081	0.00024
Agrobacterium vaccinii	2735528	S	5465	517	5982	0.00018
Agrobacterium larrymoorei	160699	S	4325	454	4779	0.00014
Agrobacterium rubi	28099	S	3328	619	3947	0.00012
Agrobacterium rhizogenes	359	S	2496	4743	7239	0.00022
Pseudorhizobium banfieldiae	1125847	S	8787	3588	12375	0.00037
Pseudorhizobium flavum	1335061	S	7848	3526	11374	0.00034
Shinella sp. HZN7	879274	S	144287	84506	228793	0.00681
Shinella sp. PSBB067	2715959	S	32808	16857	49665	0.00148
Shinella sp. H4-D48	2925841	S	10294	2652	12946	0.00039
Shinella sp. XGS7	2877941	S	6156	3373	9529	0.00028
Shinella zoogloeoides	352475	S	39821	37405	77226	0.00230
Shinella oryzae	2871820	S	13868	3978	17846	0.00053
Sinorhizobium meliloti	382	S	57669	27332	85001	0.00253
Sinorhizobium fredii	380	S	26321	29223	55544	0.00165
Sinorhizobium sp. BG8	2613773	S	10170	1120	11290	0.00034
Sinorhizobium sp. CCBAU 05631	794846	S	1200	1536	2736	0.00008
Sinorhizobium americanum	194963	S	9834	2577	12411	0.00037
Sinorhizobium medicae	110321	S	9679	978	10657	0.00032
Ensifer adhaerens	106592	S	26692	12706	39398	0.00117
Ensifer mexicanus	375549	S	11936	1290	13226	0.00039
Ensifer sp. PDNC004	2811423	S	8621	2989	11610	0.00035
Ensifer sp. T173	555315	S	1638	6968	8606	0.00026
Ensifer alkalisoli	1752398	S	9087	1316	10403	0.00031
Ensifer sojae	716925	S	8135	2643	10778	0.00032
Georhizobium profundi	2341112	S	10793	1656	12449	0.00037
Ciceribacter thiooxidans	1969821	S	10663	1443	12106	0.00036
Peteryoungia desertarenae	1813451	S	4723	574	5297	0.00016
Candidatus Liberibacter africanus	34020	S	196	44	240	0.00001
Liberibacter crescens	1273132	S	119	12	131	0.00000
Candidatus Liberibacter asiaticus	34021	S	55	10	65	0.00000
Candidatus Liberibacter solanacearum	556287	S	55	6	61	0.00000
Candidatus Liberibacter americanus	309868	S	54	6	60	0.00000
Mesorhizobium sp. 8	2584466	S	63970	11334	75304	0.00224
Mesorhizobium sp. DCY119	2108445	S	43070	7598	50668	0.00151
Mesorhizobium sp. Pch-S	2082387	S	30101	3018	33119	0.00099
Mesorhizobium sp. INR15	2654248	S	21052	2470	23522	0.00070
Mesorhizobium sp. M3A.F.Ca.ET.080.04.2.1	2493676	S	20809	5682	26491	0.00079
Mesorhizobium sp. B1-1-8	2589976	S	20280	4403	24683	0.00073
Mesorhizobium sp. J8	2777475	S	19992	5842	25834	0.00077
Mesorhizobium sp. B2-1-1	2589974	S	19781	3703	23484	0.00070
Mesorhizobium sp. PAMC28654	2880934	S	19573	3022	22595	0.00067
Mesorhizobium sp. B2-8-5	2589903	S	18740	5572	24312	0.00072
Mesorhizobium sp. M1E.F.Ca.ET.045.02.1.1	2493672	S	18365	8903	27268	0.00081
Mesorhizobium sp. 131-2-1	2744518	S	17754	8922	26676	0.00079
Mesorhizobium sp. M1D.F.Ca.ET.043.01.1.1	2493669	S	17414	10352	27766	0.00083
Mesorhizobium sp. M1B.F.Ca.ET.045.04.1.1	2493673	S	17265	6222	23487	0.00070
Mesorhizobium sp. M1A.F.Ca.IN.022.06.1.1	2493680	S	17143	5260	22403	0.00067
Mesorhizobium sp. M4B.F.Ca.ET.058.02.1.1	2493675	S	17138	6748	23886	0.00071
Mesorhizobium sp. M9A.F.Ca.ET.002.03.1.2	2493668	S	15902	7163	23065	0.00069
Mesorhizobium sp. L-2-11	2744521	S	14831	5191	20022	0.00060
Mesorhizobium sp. B4-1-4	2589888	S	13974	2869	16843	0.00050
Mesorhizobium sp. M7D.F.Ca.US.005.01.1.1	2493678	S	13142	4079	17221	0.00051
Mesorhizobium sp. M6A.T.Cr.TU.016.01.1.1	2493677	S	12709	3932	16641	0.00050
Mesorhizobium sp. B2-1-8	2589967	S	12117	3370	15487	0.00046
Mesorhizobium sp. NBSH29	2654249	S	11764	630	12394	0.00037
Mesorhizobium sp. M8A.F.Ca.ET.057.01.1.1	2493679	S	11270	4149	15419	0.00046
Mesorhizobium sp. NZP2077	2483404	S	10594	3218	13812	0.00041
Mesorhizobium sp. M2A.F.Ca.ET.043.05.1.1	2493671	S	10498	9507	20005	0.00060
Mesorhizobium sp. M7A.F.Ce.TU.012.03.2.1	2493681	S	10453	3601	14054	0.00042
Mesorhizobium sp. 113-3-3	2744516	S	9501	5067	14568	0.00043
Mesorhizobium sp. L-8-10	2744523	S	9170	33699	42869	0.00128
Mesorhizobium sp. 113-1-2	2744515	S	8765	4128	12893	0.00038
Mesorhizobium sp. L-8-3	2744522	S	8721	32859	41580	0.00124
Mesorhizobium sp. NZP2298	2483403	S	7220	4338	11558	0.00034
Mesorhizobium sp. 113-3-9	2744517	S	6604	5076	11680	0.00035
Mesorhizobium sp. AA22	1854057	S	6083	3633	9716	0.00029
Mesorhizobium sp. M2A.F.Ca.ET.043.02.1.1	2493670	S	5129	14693	19822	0.00059
Mesorhizobium sp. M2A.F.Ca.ET.046.03.2.1	2493674	S	4952	14950	19902	0.00059
Mesorhizobium sp. WSM1497	278153	S	1800	3558	5358	0.00016
Mesorhizobium sp. 131-3-5	2744520	S	1470	4531	6001	0.00018
Mesorhizobium sp. NZP2234	2483402	S	821	2930	3751	0.00011
Mesorhizobium sp. 131-2-5	2744519	S	759	5193	5952	0.00018
Mesorhizobium terrae	2725666	S	32487	7887	40374	0.00120
Mesorhizobium opportunistum	593909	S	16989	5639	22628	0.00067
Mesorhizobium amorphae	71433	S	15702	2889	18591	0.00055
Mesorhizobium loti	381	S	10461	82356	92817	0.00276
Mesorhizobium erdmanii	1777866	S	9153	2149	11302	0.00034
Mesorhizobium australicum	536018	S	9034	2370	11404	0.00034
Mesorhizobium huakuii	28104	S	8506	6053	14559	0.00043
Mesorhizobium ciceri	39645	S	8270	19636	27906	0.00083
Mesorhizobium japonicum	2066070	S	7282	4589	11871	0.00035
Aminobacter sp. MSH1	374606	S	69993	30787	100780	0.00300
Aminobacter sp. SR38	2774562	S	12229	36738	48967	0.00146
Aminobacter sp. MDW-2	2666139	S	6580	27185	33765	0.00100
Aminobacter aminovorans	83263	S	6380	19191	25571	0.00076
Aquibium microcysteis	675281	S	34091	7413	41504	0.00124
Aquibium oceanicum	1670800	S	24636	4513	29149	0.00087
Nitratireductor sp. SY7	2599600	S	20500	3015	23515	0.00070
Nitratireductor sp. OM-1	1756988	S	10444	1540	11984	0.00036
Nitratireductor kimnyeongensis	430679	S	6078	755	6833	0.00020
Phyllobacterium sp. T1018	555316	S	6156	653	6809	0.00020
Phyllobacterium sp. 628	2718938	S	3541	439	3980	0.00012
Phyllobacterium sp. T1293	555317	S	3053	335	3388	0.00010
Phyllobacterium zundukense	1867719	S	5954	732	6686	0.00020
Hoeflea sp. IMCC20628	1620421	S	5532	434	5966	0.00018
Hoeflea phototrophica	244596	S	4993	487	5480	0.00016
Roseitalea porphyridii	1852022	S	9976	1232	11208	0.00033
Oricola thermophila	2742145	S	8694	856	9550	0.00028
Salaquimonas pukyongi	2712698	S	3314	99	3413	0.00010
Lentilitoribacter sp. Alg239-R112	2305987	S	324	3	327	0.00001
Devosia sp. A16	1736675	S	146774	12705	159479	0.00475
Devosia sp. SL43	2806348	S	26846	3813	30659	0.00091
Devosia sp. JXJ CY 41	2917991	S	26455	3730	30185	0.00090
Devosia sp. I507	2083786	S	24773	4487	29260	0.00087
Devosia sp. 1566	2499144	S	14374	1062	15436	0.00046
Devosia sp. MC521	2759954	S	5864	622	6486	0.00019
Devosia salina	2860336	S	121491	23344	144835	0.00431
Devosia ginsengisoli	400770	S	87064	9649	96713	0.00288
Devosia oryziradicis	2801335	S	28505	3176	31681	0.00094
Devosia beringensis	2657486	S	23413	2125	25538	0.00076
Devosia rhizoryzae	2774137	S	18215	1235	19450	0.00058
Youhaiella tibetensis	1447062	S	21027	3664	24691	0.00073
Paradevosia shaoguanensis	1335043	S	20960	5882	26842	0.00080
Pelagibacterium halotolerans	531813	S	9172	788	9960	0.00030
Maritalea myrionectae	454601	S	1110	21	1131	0.00003
Methylobacterium nodulans	114616	S	13558	1253	14811	0.00044
Methylobacterium sp. WL1	2603276	S	5951	1016	6967	0.00021
Methylobacterium sp. 17Sr1-1	2202826	S	5928	2520	8448	0.00025
Methylobacterium sp. C1	1479019	S	669	5415	6084	0.00018
Methylobacterium sp. XJLW	739141	S	384	5339	5723	0.00017
Methylobacterium aquaticum	270351	S	12320	4921	17241	0.00051
Methylobacterium durans	2202825	S	9438	1057	10495	0.00031
Methylobacterium radiodurans	2202828	S	8223	1563	9786	0.00029
Methylobacterium organophilum	410	S	7804	4137	11941	0.00036
Methylobacterium currus	2051553	S	7796	2942	10738	0.00032
Methylobacterium brachiatum	269660	S	6165	2027	8192	0.00024
Methylobacterium terrae	2202827	S	6092	2502	8594	0.00026
Methylobacterium mesophilicum	39956	S	6091	1169	7260	0.00022
Methylobacterium indicum	1775910	S	5727	2616	8343	0.00025
Methylobacterium tardum	374432	S	5642	1866	7508	0.00022
Methylobacterium oryzae	334852	S	4435	6309	10744	0.00032
Methylobacterium radiotolerans	31998	S	1954	11572	13526	0.00040
Methylobacterium phyllosphaerae	418223	S	852	3304	4156	0.00012
Microvirga sp. VF16	2807101	S	33474	4524	37998	0.00113
Microvirga sp. 17 mud 1-3	2082949	S	15424	2723	18147	0.00054
Microvirga ossetica	1882682	S	29341	4440	33781	0.00101
Microvirga thermotolerans	2651334	S	17014	3708	20722	0.00062
Methylorubrum populi	223967	S	12362	4920	17282	0.00051
Methylorubrum extorquens	408	S	9598	13944	23542	0.00070
Methylorubrum sp. B1-46	2897334	S	4649	1799	6448	0.00019
Methylorubrum zatmanii	29429	S	264	1237	1501	0.00004
Pseudolabrys sp. FHR47	2562284	S	86205	11455	97660	0.00291
Pseudolabrys taiwanensis	331696	S	42215	5197	47412	0.00141
Starkeya novella	921	S	42979	11747	54726	0.00163
Starkeya sp. ORNL1	2709380	S	15832	2272	18104	0.00054
Xanthobacter dioxanivorans	2528964	S	16738	4405	21143	0.00063
Xanthobacter sp. YC-JY1	2419844	S	5353	4621	9974	0.00030
Xanthobacter autotrophicus	280	S	4996	4690	9686	0.00029
Ancylobacter polymorphus	223390	S	12900	5050	17950	0.00053
Ancylobacter sp. TS-1	1850374	S	10580	3421	14001	0.00042
Ancylobacter pratisalsi	1745854	S	9128	1611	10739	0.00032
Labrys sp. KNU-23	2789216	S	12140	875	13015	0.00039
Azorhizobium caulinodans	7	S	10153	1542	11695	0.00035
Nordella sp. HKS 07	2712222	S	168140	6519	174659	0.00520
Pseudorhodoplanes sinuspersici	1235591	S	46498	2462	48960	0.00146
Terrihabitans soli	708113	S	19850	1579	21429	0.00064
Candidatus Hodgkinia cicadicola	573658	S	123	1	124	0.00000
Hyphomicrobium nitrativorans	1427356	S	33010	2452	35462	0.00106
Hyphomicrobium denitrificans	53399	S	20978	2519	23497	0.00070
Hyphomicrobium sp. MC1	717785	S	9436	792	10228	0.00030
Rhodoplanes sp. Z2-YC6860	674703	S	31376	2272	33648	0.00100
Methyloceanibacter sp. wino2	2170729	S	8024	1903	9927	0.00030
Methyloceanibacter caenitepidi	1384459	S	7710	1723	9433	0.00028
Aquabacter sp. L1I39	2820278	S	9322	1133	10455	0.00031
Methyloligella sp. GL2	2742204	S	9074	864	9938	0.00030
Caenibius sp. WL	2872646	S	3887	477	4364	0.00013
Caenibius tardaugens	169176	S	3005	1794	4799	0.00014
Rhodomicrobium vannielii	1069	S	6508	330	6838	0.00020
Candidatus Filomicrobium marinum	1608628	S	5408	136	5544	0.00017
Bosea sp. Tri-49	1867715	S	29352	5165	34517	0.00103
Bosea sp. ANAM02	2020412	S	18913	5523	24436	0.00073
Bosea sp. AS-1	2015316	S	15282	3758	19040	0.00057
Bosea sp. F3-2	2599640	S	14276	3544	17820	0.00053
Bosea sp. RAC05	1842539	S	12172	3028	15200	0.00045
Bosea sp. PAMC 26642	1792307	S	9352	1549	10901	0.00032
Bosea vaviloviae	1526658	S	11490	2197	13687	0.00041
Aureimonas sp. SA4125	2826993	S	10878	1535	12413	0.00037
Aureimonas sp. AU20	1349819	S	9812	1091	10903	0.00032
Aureimonas sp. OT7	2816454	S	5546	3795	9341	0.00028
Aureimonas populi	1701758	S	8620	1242	9862	0.00029
Aureimonas mangrovi	2758041	S	7821	1222	9043	0.00027
Aureimonas altamirensis	370622	S	5171	1586	6757	0.00020
Martelella sp. AD-3	686597	S	4129	10715	14844	0.00044
Martelella mediterranea	293089	S	6855	1930	8785	0.00026
Martelella endophytica	1486262	S	6189	992	7181	0.00021
Martelella lutilitoris	2583532	S	4273	3025	7298	0.00022
Aurantimonas sp. HBX-1	2906072	S	14425	3347	17772	0.00053
Stappia indica	538381	S	13578	2392	15970	0.00048
Stappia sp. ES.058	1881061	S	7078	662	7740	0.00023
Pannonibacter phragmitetus	121719	S	14082	7680	21762	0.00065
Roseibium aggregatum	187304	S	10815	1234	12049	0.00036
Roseibium alexandrii	388408	S	2027	177	2204	0.00007
Labrenzia sp. VG12	2021862	S	4205	435	4640	0.00014
Labrenzia sp. PHM005	2590016	S	2078	141	2219	0.00007
Labrenzia sp. THAF82	2587861	S	1833	102	1935	0.00006
Pseudovibrio sp. FO-BEG1	911045	S	773	309	1082	0.00003
Pseudovibrio brasiliensis	1898042	S	636	250	886	0.00003
Methylocystis parvus	134	S	6040	560	6600	0.00020
Methylocystis bryophila	655015	S	5439	414	5853	0.00017
Methylocystis sp. SC2	187303	S	3591	953	4544	0.00014
Methylocystis sp. SB2	743836	S	1240	2126	3366	0.00010
Methylocystis heyeri	391905	S	5011	424	5435	0.00016
Methylocystis rosea	173366	S	3618	2932	6550	0.00019
Methylosinus trichosporium	426	S	7335	1328	8663	0.00026
Methylosinus sp. C49	2699395	S	5743	992	6735	0.00020
Brucella intermedia	94625	S	15074	1819	16893	0.00050
Brucella anthropi	529	S	7705	8914	16619	0.00049
Brucella sp. BTU1	2840456	S	761	102	863	0.00003
Brucella sp. 10RB9215	1149953	S	536	407	943	0.00003
Brucella sp. 6810	2769351	S	475	538	1013	0.00003
Brucella sp. 09RB8910	1844051	S	311	227	538	0.00002
Brucella sp. BO3	2691913	S	197	225	422	0.00001
Brucella sp. 09RB8471	1149952	S	168	216	384	0.00001
Brucella sp. 2280	2592625	S	150	208	358	0.00001
Brucella sp. BO2	693750	S	146	229	375	0.00001
Brucella sp. 458	2821140	S	101	156	257	0.00001
[Ochrobactrum] quorumnocens	271865	S	1903	201	2104	0.00006
Brucella pseudogrignonensis	419475	S	1394	315	1709	0.00005
Brucella pituitosa	571256	S	441	112	553	0.00002
Brucella inopinata	1218315	S	341	263	604	0.00002
Brucella melitensis	29459	S	194	4271	4465	0.00013
Brucella suis	29461	S	78	2682	2760	0.00008
Brucella abortus	235	S	42	3104	3146	0.00009
Brucella ovis	236	S	24	50	74	0.00000
Brucella canis	36855	S	23	2909	2932	0.00009
Brucella microti	444163	S	18	151	169	0.00001
Brucella pinnipedialis	120576	S	16	285	301	0.00001
Brucella ceti	120577	S	16	340	356	0.00001
Pseudochrobactrum sp. XF203	2879116	S	726	610	1336	0.00004
Pseudochrobactrum sp. Wa41.01b-1	2864102	S	530	420	950	0.00003
Pseudochrobactrum algeriensis	2834768	S	504	427	931	0.00003
Phreatobacter stygius	1940610	S	15128	1735	16863	0.00050
Phreatobacter cathodiphilus	1868589	S	13173	2958	16131	0.00048
Phreatobacter sp. NMCR1094	2570229	S	9684	1431	11115	0.00033
Kaustia mangrovi	2593653	S	14676	1007	15683	0.00047
Parvibaculum lavamentivorans	256618	S	8320	3883	12203	0.00036
Pyruvatibacter mobilis	1712261	S	4933	473	5406	0.00016
Candidatus Phaeomarinobacter ectocarpi	1458461	S	2255	91	2346	0.00007
Chelatococcus sp. CO-6	1702325	S	14554	7128	21682	0.00065
Chelatococcus daeguensis	444444	S	7557	3773	11330	0.00034
Methylocella silvestris	199596	S	5649	524	6173	0.00018
Methylocella tundrae	227605	S	5378	424	5802	0.00017
Methylovirgula ligni	569860	S	5399	494	5893	0.00018
Methylovirgula sp. HY1	2822761	S	4255	200	4455	0.00013
Beijerinckia indica	533	S	2843	169	3012	0.00009
Blastochloris tepida	2233851	S	10714	2756	13470	0.00040
Blastochloris viridis	1079	S	9429	1947	11376	0.00034
Kaistia sp. 32K	2795690	S	19781	3451	23232	0.00069
Acuticoccus sp. I52.16.1	2928472	S	13354	969	14323	0.00043
Hartmannibacter diazotrophicus	1482074	S	11009	1415	12424	0.00037
Breoghania sp. L-A4	2304600	S	10327	958	11285	0.00034
Lichenihabitans psoromatis	2528642	S	2642	1444	4086	0.00012
Lichenihabitans sp. PAMC28606	2880932	S	2183	1388	3571	0.00011
Bartonella apis	1686310	S	796	29	825	0.00002
Bartonella sp. HY038	2759660	S	278	20	298	0.00001
Bartonella sp. 46A	2893471	S	74	8	82	0.00000
Bartonella sp. WD16.2	1933904	S	38	17	55	0.00000
Bartonella sp. 1-1C	515256	S	17	141	158	0.00000
Bartonella schoenbuchensis	165694	S	144	67	211	0.00001
Bartonella australis	388640	S	119	8	127	0.00000
Bartonella vinsonii	33047	S	84	23	107	0.00000
Bartonella birtlesii	111504	S	78	14	92	0.00000
Bartonella quintana	803	S	73	9	82	0.00000
Bartonella ancashensis	1318743	S	67	6	73	0.00000
Bartonella alsatica	52764	S	55	7	62	0.00000
Bartonella krasnovii	2267275	S	55	29	84	0.00000
Bartonella henselae	38323	S	53	9	62	0.00000
Bartonella bacilliformis	774	S	51	5	56	0.00000
Bartonella bovis	155194	S	51	13	64	0.00000
Bartonella clarridgeiae	56426	S	46	15	61	0.00000
Bartonella grahamii	33045	S	45	17	62	0.00000
Bartonella tribocorum	85701	S	42	66	108	0.00000
Bartonella kosoyi	2133959	S	23	89	112	0.00000
Bartonella elizabethae	807	S	15	35	50	0.00000
Cohaesibacter sp. ES.047	1798205	S	2159	54	2213	0.00007
Sphingopyxis sp. PAMC25046	2565556	S	120890	33680	154570	0.00460
Sphingopyxis sp. 113P3	292913	S	58915	14529	73444	0.00219
Sphingopyxis sp. QXT-31	1357916	S	55162	10933	66095	0.00197
Sphingopyxis sp. OPL5	2486273	S	38238	5049	43287	0.00129
Sphingopyxis sp. YF1	2482763	S	37677	5644	43321	0.00129
Sphingopyxis sp. BSN-002	2911495	S	32504	3907	36411	0.00108
Sphingopyxis sp. FD7	1914525	S	29835	7485	37320	0.00111
Sphingopyxis sp. EG6	1874061	S	25287	7617	32904	0.00098
Sphingopyxis sp. MG	1866325	S	2756	14798	17554	0.00052
Sphingopyxis macrogoltabida	33050	S	67745	19332	87077	0.00259
Sphingopyxis lindanitolerans	2054227	S	43685	11204	54889	0.00163
Sphingopyxis terrae	33052	S	34010	11493	45503	0.00135
Sphingopyxis fribergensis	1515612	S	30598	6837	37435	0.00111
Sphingopyxis alaskensis	117207	S	21179	2785	23964	0.00071
Sphingopyxis granuli	267128	S	17831	28114	45945	0.00137
Sphingobium sp. Cam5-1	2789327	S	176433	35617	212050	0.00631
Sphingobium sp. TKS	1315974	S	32813	27778	60591	0.00180
Sphingobium sp. EP60837	1855519	S	30363	4795	35158	0.00105
Sphingobium sp. MI1205	407020	S	18210	15155	33365	0.00099
Sphingobium sp. CAP-1	2676077	S	15183	5395	20578	0.00061
Sphingobium sp. YG1	2082188	S	14159	3486	17645	0.00053
Sphingobium sp. RAC03	1843368	S	11586	1215	12801	0.00038
Sphingobium sp. SYK-6	627192	S	11332	1700	13032	0.00039
Sphingobium sp. KCTC 72723	2733867	S	10993	1057	12050	0.00036
Sphingobium sp. SCG-1	2072936	S	6770	268	7038	0.00021
Sphingobium sp. RSMS	520734	S	3212	12304	15516	0.00046
Sphingobium sp. PAMC28499	2565554	S	2613	3375	5988	0.00018
Sphingobium sp. YBL2	484429	S	2328	9746	12074	0.00036
Sphingobium sp. LF-16	2185111	S	306	3375	3681	0.00011
Sphingobium indicum	332055	S	21680	9149	30829	0.00092
Sphingobium herbicidovorans	76947	S	20533	10407	30940	0.00092
Sphingobium yanoikuyae	13690	S	20476	24310	44786	0.00133
Sphingobium chlorophenolicum	46429	S	19486	5546	25032	0.00075
Sphingobium cloacae	120107	S	14289	12666	26955	0.00080
Sphingobium xenophagum	121428	S	13661	5023	18684	0.00056
Sphingobium amiense	135719	S	12640	9884	22524	0.00067
Sphingobium baderi	1332080	S	12421	7877	20298	0.00060
Sphingobium phenoxybenzoativorans	1592790	S	9228	2579	11807	0.00035
Sphingobium fuliginis	336203	S	6733	17801	24534	0.00073
Sphingomonas sp. DM2-R-LB4	2899123	S	19986	4559	24545	0.00073
Sphingomonas sp. MM-1	745310	S	14954	10741	25695	0.00076
Sphingomonas sp. CL5.1	2653203	S	13634	3163	16797	0.00050
Sphingomonas sp. Cra20	1327635	S	12311	1612	13923	0.00041
Sphingomonas sp. S8-45	2938948	S	11494	961	12455	0.00037
Sphingomonas sp. LM7	1938607	S	11098	2027	13125	0.00039
Sphingomonas sp. AK-PDB1-5	2872652	S	10908	1308	12216	0.00036
Sphingomonas sp. AP4-R1	2735134	S	10394	947	11341	0.00034
Sphingomonas sp. NBWT7	2596913	S	9146	2097	11243	0.00033
Sphingomonas sp. FARSPH	2219696	S	9076	5453	14529	0.00043
Sphingomonas sp. S2-65	2903960	S	8899	1277	10176	0.00030
Sphingomonas sp. AAP5	1523415	S	8765	1745	10510	0.00031
Sphingomonas sp. KC8	1030157	S	8540	729	9269	0.00028
Sphingomonas sp. HDW15A	2714942	S	8372	430	8802	0.00026
Sphingomonas sp. PAMC26645	2565555	S	6230	1958	8188	0.00024
Sphingomonas sp. HMP9	1517554	S	6202	2573	8775	0.00026
Sphingomonas sp. HMP6	1517551	S	6072	1039	7111	0.00021
Sphingomonas sp. LK11	1390395	S	4332	3512	7844	0.00023
Sphingomonas sp. NIC1	1961362	S	3766	9939	13705	0.00041
Sphingomonas sp. IC081	304378	S	1798	5877	7675	0.00023
Sphingomonas sediminicola	386874	S	26812	1773	28585	0.00085
Sphingomonas daechungensis	1176646	S	24405	1630	26035	0.00077
Sphingomonas sanxanigenens	397260	S	17008	5212	22220	0.00066
Sphingomonas alpina	653931	S	16703	957	17660	0.00053
Sphingomonas lutea	1045317	S	16053	1373	17426	0.00052
Sphingomonas profundi	2681549	S	14936	1620	16556	0.00049
Sphingomonas ginsengisoli An et al. 2013	363835	S	14919	1379	16298	0.00049
Sphingomonas sabuli	2764186	S	14439	1165	15604	0.00046
Sphingomonas koreensis	93064	S	13756	7150	20906	0.00062
Sphingomonas sinipercae	2714944	S	13094	1154	14248	0.00042
Sphingomonas rhizophila	2071607	S	11696	2180	13876	0.00041
Sphingomonas hengshuiensis	1609977	S	10665	969	11634	0.00035
Sphingomonas changnyeongensis	2698679	S	10664	1315	11979	0.00036
Sphingomonas suaedae	2599297	S	9957	891	10848	0.00032
Sphingomonas piscis	2714943	S	9918	594	10512	0.00031
Sphingomonas panacis	1560345	S	9656	974	10630	0.00032
Sphingomonas taxi	1549858	S	9066	2049	11115	0.00033
Sphingomonas xanthus	2594473	S	8559	1398	9957	0.00030
Sphingomonas panacisoli	1813879	S	8313	775	9088	0.00027
Sphingomonas paucimobilis	13689	S	7239	3517	10756	0.00032
Sphingomonas radiodurans	2890321	S	6905	618	7523	0.00022
Sphingomonas aliaeris	2759526	S	6220	510	6730	0.00020
Sphingomonas insulae	424800	S	6125	1273	7398	0.00022
Sphingomonas sanguinis	33051	S	4632	3279	7911	0.00024
Sphingomonas melonis	152682	S	4064	14188	18252	0.00054
Sphingomonas lacunae	2698828	S	3486	243	3729	0.00011
Sphingomonas paeninsulae	2319844	S	2836	68	2904	0.00009
Novosphingobium sp. ES2-1	2780074	S	14162	4170	18332	0.00055
Novosphingobium sp. THN1	1016987	S	11095	2210	13305	0.00040
Novosphingobium sp. Gsoil 351	2675225	S	9069	423	9492	0.00028
Novosphingobium sp. EMRT-2	2571749	S	8916	2940	11856	0.00035
Novosphingobium sp. Sx8-5	2896849	S	8829	753	9582	0.00029
Novosphingobium sp. P6W	1609758	S	6563	581	7144	0.00021
Novosphingobium sp. PP1Y	702113	S	3919	3543	7462	0.00022
Novosphingobium sp. KA1	164608	S	1953	5167	7120	0.00021
Novosphingobium resinovorum	158500	S	8689	2601	11290	0.00034
Novosphingobium aromaticivorans	48935	S	7344	1980	9324	0.00028
Novosphingobium decolorationis	2698673	S	6328	1892	8220	0.00024
Novosphingobium ginsenosidimutans	1176536	S	5482	321	5803	0.00017
Novosphingobium pentaromativorans	205844	S	3273	4012	7285	0.00022
Rhizorhabdus wittichii	160791	S	19918	7406	27324	0.00081
Rhizorhabdus dicambivorans	1850238	S	12681	6546	19227	0.00057
Rhizorhabdus phycosphaerae	2711156	S	8756	749	9505	0.00028
Sphingosinithalassobacter sp. CS137	2762748	S	21706	2554	24260	0.00072
Sphingosinithalassobacter tenebrarum	2711215	S	6958	1223	8181	0.00024
Allosphingosinicella indica	941907	S	19769	1379	21148	0.00063
Blastomonas fulva	1550728	S	2886	3741	6627	0.00020
Blastomonas sp. RAC04	1842535	S	2851	2826	5677	0.00017
Sphingorhabdus sp. YGSMI21	2077182	S	2640	366	3006	0.00009
Sphingorhabdus sp. SMR4y	2584094	S	2379	326	2705	0.00008
Sphingorhabdus sp. M41	1806885	S	1983	186	2169	0.00006
Sphingorhabdus lacus	392610	S	2125	52	2177	0.00006
Sphingorhabdus lutea	1913578	S	361	15	376	0.00001
Parasphingopyxis algicola	2026624	S	7547	370	7917	0.00024
Parasphingopyxis sp. CP4	2724527	S	2135	77	2212	0.00007
Tardibacter chloracetimidivorans	1921510	S	6896	3051	9947	0.00030
Hankyongella ginsenosidimutans	1763828	S	5718	644	6362	0.00019
Citromicrobium sp. JL477	1634516	S	4915	1247	6162	0.00018
Novosphingopyxis iocasae	2762729	S	4122	1259	5381	0.00016
Parasphingorhabdus sp. JHSY0214	2806553	S	1043	53	1096	0.00003
Parasphingorhabdus halotolerans	2725558	S	993	21	1014	0.00003
Parasphingorhabdus litoris	394733	S	837	44	881	0.00003
Aquisediminimonas profunda	1550733	S	2506	50	2556	0.00008
Erythrobacter sp. HL-111	1798193	S	6151	897	7048	0.00021
Erythrobacter sp. HKB08	2502843	S	5259	896	6155	0.00018
Erythrobacter sp. SDW2	2907154	S	5136	964	6100	0.00018
Erythrobacter sp. JK5	2829500	S	4920	1319	6239	0.00019
Erythrobacter sp. THAF29	2587851	S	2814	568	3382	0.00010
Erythrobacter sp. A30-3	2785907	S	2547	1653	4200	0.00013
Erythrobacter sp. 3-20A1M	2653850	S	2469	3448	5917	0.00018
Erythrobacter sp. LQ02-29	2920384	S	2280	2376	4656	0.00014
Erythrobacter sp. KY5	2011159	S	2147	114	2261	0.00007
Erythrobacter sp. SCSIO 43205	2779361	S	1174	148	1322	0.00004
Erythrobacter litoralis	39960	S	8539	2878	11417	0.00034
Erythrobacter mangrovi	2739433	S	3817	1226	5043	0.00015
Erythrobacter neustonensis	1112	S	3782	652	4434	0.00013
Erythrobacter aureus	2182384	S	3205	420	3625	0.00011
Porphyrobacter sp. CACIAM 03H1	2003315	S	6926	1587	8513	0.00025
Porphyrobacter sp. GA68	2883480	S	4178	1147	5325	0.00016
Porphyrobacter sp. LM 6	1896196	S	4003	1108	5111	0.00015
Porphyrobacter sp. HT-58-2	2023229	S	3692	721	4413	0.00013
Qipengyuania flava	192812	S	10228	4072	14300	0.00043
Qipengyuania sediminis	1532023	S	5224	453	5677	0.00017
Qipengyuania soli	2782568	S	4143	537	4680	0.00014
Qipengyuania aurantiaca	2867233	S	3571	890	4461	0.00013
Qipengyuania gelatinilytica	2867231	S	3043	462	3505	0.00010
Qipengyuania seohaensis	266951	S	2547	449	2996	0.00009
Qipengyuania psychrotolerans	2867238	S	1735	138	1873	0.00006
Qipengyuania aquimaris	255984	S	1715	1773	3488	0.00010
Qipengyuania xiapuensis	2867236	S	1695	1729	3424	0.00010
Tsuneonella dongtanensis	692370	S	9849	1427	11276	0.00034
Tsuneonella amylolytica	2338327	S	9790	2028	11818	0.00035
Tsuneonella mangrovi	1982042	S	5675	633	6308	0.00019
Tsuneonella flava	2055955	S	2971	679	3650	0.00011
Altererythrobacter sp. B11	2060312	S	9221	3451	12672	0.00038
Altererythrobacter sp. TH136	2067415	S	7499	953	8452	0.00025
Altererythrobacter sp. BO-6	2604537	S	3769	456	4225	0.00013
Altererythrobacter sp. ZODW24	2185142	S	1568	45	1613	0.00005
Altererythrobacter epoxidivorans	361183	S	2933	699	3632	0.00011
Altererythrobacter ishigakiensis	476157	S	1066	57	1123	0.00003
Croceicoccus sp. YJ47	2798724	S	4045	1295	5340	0.00016
Croceicoccus sp. Ery15	1703338	S	2012	2577	4589	0.00014
Croceicoccus sp. Ery5	1703340	S	1868	1670	3538	0.00011
Croceicoccus marinus	450378	S	7783	3436	11219	0.00033
Croceicoccus naphthovorans	1348774	S	3682	2917	6599	0.00020
Pelagerythrobacter marensis	543877	S	5844	586	6430	0.00019
Croceibacterium atlanticum	1267766	S	4710	1799	6509	0.00019
Aurantiacibacter gangjinensis	502682	S	2944	189	3133	0.00009
Aurantiacibacter atlanticus	1648404	S	1593	483	2076	0.00006
Paraurantiacibacter namhicola	645517	S	3652	330	3982	0.00012
Sphingosinicella microcystinivorans	335406	S	91659	6634	98293	0.00293
Sphingosinicella sp. BN140058	1892855	S	15645	790	16435	0.00049
Sphingosinicella flava	2771430	S	10155	842	10997	0.00033
Polymorphobacter sp. PAMC 29362	2835787	S	3426	2040	5466	0.00016
Polymorphobacter sp. PAMC 29334	2862331	S	3314	2034	5348	0.00016
Sandaracinobacter sp. M6	2759707	S	5670	220	5890	0.00018
Zymomonas mobilis	542	S	653	450	1103	0.00003
Ferrovibrio terrae	2594003	S	97676	4039	101715	0.00303
Hypericibacter adhaerens	2602016	S	18366	2871	21237	0.00063
Hypericibacter terrae	2602015	S	15086	1932	17018	0.00051
Magnetospirillum sp. XM-1	1663591	S	4279	1233	5512	0.00016
Magnetospirillum sp. ME-1	1639348	S	3847	1209	5056	0.00015
Magnetospirillum gryphiswaldense	55518	S	6143	300741	306884	0.00913
Magnetospirillum magneticum	84159	S	4405	282	4687	0.00014
Rhodospirillum centenum	34018	S	9445	831	10276	0.00031
Rhodospirillum rubrum	1085	S	4929	220	5149	0.00015
Tistrella mobilis	171437	S	9867	2759	12626	0.00038
Defluviicoccus vanus	111831	S	5294	305	5599	0.00017
Pararhodospirillum photometricum	1084	S	3157	135	3292	0.00010
Haematospirillum jordaniae	1549855	S	564	24	588	0.00002
Candidatus Endolissoclinum faulkneri	1263979	S	264	1	265	0.00001
Azospirillum sp. TSA2s	709810	S	9200	6186	15386	0.00046
Azospirillum sp. B510	137722	S	6234	1924	8158	0.00024
Azospirillum sp. TSH100	652764	S	5633	2158	7791	0.00023
Azospirillum sp. TSH58	664962	S	2936	3490	6426	0.00019
Azospirillum brasilense	192	S	17700	13691	31391	0.00093
Azospirillum thermophilum	2202148	S	13228	2151	15379	0.00046
Azospirillum thiophilum	528244	S	7348	1949	9297	0.00028
Azospirillum oryzae	286727	S	6355	4880	11235	0.00033
Azospirillum ramasamyi	682998	S	5104	2468	7572	0.00023
Azospirillum humicireducens	1226968	S	4088	2109	6197	0.00018
Azospirillum lipoferum	193	S	4015	2595	6610	0.00020
Azospirillum baldaniorum	1064539	S	1993	3678	5671	0.00017
Skermanella mucosa	1789672	S	5774	4160	9934	0.00030
Skermanella rosea	1817965	S	5731	5504	11235	0.00033
Skermanella sp. TT6	2775420	S	5683	5679	11362	0.00034
Skermanella pratensis	2233999	S	5071	2834	7905	0.00024
Nitrospirillum amazonense	28077	S	8851	729	9580	0.00029
Indioceanicola profundi	2220096	S	8639	850	9489	0.00028
Niveispirillum cyanobacteriorum	1612173	S	7473	577	8050	0.00024
Roseomonas sp. S08	1750527	S	13525	522	14047	0.00042
Roseomonas sp. OT10	2897332	S	13019	2269	15288	0.00046
Roseomonas sp. FDAARGOS_362	2018065	S	877	4114	4991	0.00015
Roseomonas gilardii	257708	S	9812	3441	13253	0.00039
Roseomonas haemaphysalidis	2768162	S	8416	575	8991	0.00027
Roseomonas marmotae	2768161	S	8405	569	8974	0.00027
Roseomonas mucosa	207340	S	883	4731	5614	0.00017
Rhodovastum atsumiense	504468	S	10289	599	10888	0.00032
Komagataeibacter xylinus	28448	S	2605	3997	6602	0.00020
Komagataeibacter saccharivorans	265959	S	1293	356	1649	0.00005
Komagataeibacter medellinensis	1177712	S	762	495	1257	0.00004
Komagataeibacter oboediens	65958	S	723	257	980	0.00003
Komagataeibacter nataicola	265960	S	722	272	994	0.00003
Komagataeibacter europaeus	33995	S	704	287	991	0.00003
Komagataeibacter rhaeticus	215221	S	65	1060	1125	0.00003
Roseococcus microcysteis	2771361	S	9611	555	10166	0.00030
Acidiphilium multivorum	62140	S	1746	6020	7766	0.00023
Acidiphilium cryptum	524	S	386	1997	2383	0.00007
Sediminicoccus rosea	1225128	S	6727	216	6943	0.00021
Acetobacter aceti	435	S	2635	775	3410	0.00010
Acetobacter persici	1076596	S	578	52	630	0.00002
Acetobacter sp. KACC 21233	2592655	S	555	77	632	0.00002
Acetobacter ghanensis	431306	S	376	64	440	0.00001
Acetobacter pasteurianus	438	S	297	287	584	0.00002
Acetobacter tropicalis	104102	S	211	108	319	0.00001
Acetobacter orientalis	146474	S	196	17	213	0.00001
Acetobacter ascendens	481146	S	148	115	263	0.00001
Acetobacter senegalensis	446692	S	136	82	218	0.00001
Acetobacter oryzoeni	2500548	S	85	80	165	0.00000
Acetobacter pomorum	65959	S	48	1160	1208	0.00004
Acetobacter oryzifermentans	1633874	S	23	94	117	0.00000
Acidibrevibacterium fodinaquatile	1969806	S	5222	302	5524	0.00016
Lichenicola cladoniae	1484109	S	4836	138	4974	0.00015
Gluconobacter oxydans	442	S	1420	1308	2728	0.00008
Gluconobacter albidus	318683	S	693	95	788	0.00002
Gluconobacter sphaericus	574987	S	491	92	583	0.00002
Gluconobacter frateurii	38308	S	421	85	506	0.00002
Gluconobacter thailandicus	257438	S	137	99	236	0.00001
Gluconacetobacter diazotrophicus	33996	S	3717	549	4266	0.00013
Granulibacter bethesdensis	364410	S	2821	2225	5046	0.00015
Asaia bogorensis	91915	S	1714	178	1892	0.00006
Neoasaia chiangmaiensis	320497	S	1424	209	1633	0.00005
Kozakia baliensis	153496	S	1073	282	1355	0.00004
Novacetimonas hansenii	436	S	1014	351	1365	0.00004
Oecophyllibacter saccharovorans	2558360	S	729	14	743	0.00002
Parasaccharibacter sp. TMW 2.1888	2268025	S	59	279	338	0.00001
Parasaccharibacter apium	1510841	S	42	193	235	0.00001
Swingsia sp. F3b2	2558361	S	397	5	402	0.00001
Swingsia samuiensis	1293412	S	112	11	123	0.00000
Neokomagataea tanensis	661191	S	193	19	212	0.00001
Commensalibacter sp. AMU001	2478912	S	15	113	128	0.00000
Entomobacter blattae	2762277	S	116	4	120	0.00000
Bombella sp. KACC 21507	2697033	S	102	6	108	0.00000
Stella humosa	94	S	30237	1346	31583	0.00094
Thalassospira marina	2048283	S	1254	44	1298	0.00004
Thalassospira sp. A40-3	2785908	S	744	280	1024	0.00003
Thalassospira sp. B30-1	2785911	S	451	653	1104	0.00003
Thalassospira indica	1891279	S	969	477	1446	0.00004
Thalassospira xiamenensis	220697	S	436	610	1046	0.00003
Magnetospira sp. QH-2	1288970	S	2578	46	2624	0.00008
Elioraea tepida	2843330	S	7622	224	7846	0.00023
Terasakiella sp. SH-1	2560057	S	495	6	501	0.00001
Paracoccus sp. MC1862	2760307	S	5118	521	5639	0.00017
Paracoccus sp. AK26	2589076	S	4975	862	5837	0.00017
Paracoccus sp. MA	2895796	S	4803	2427	7230	0.00022
Paracoccus sp. H4-D09	2812658	S	3079	585	3664	0.00011
Paracoccus sp. S8-55	2903900	S	2926	420	3346	0.00010
Paracoccus sp. Arc7-R13	2500532	S	2189	2121	4310	0.00013
Paracoccus denitrificans	266	S	6979	4506	11485	0.00034
Paracoccus sanguinis	1545044	S	6884	1637	8521	0.00025
Paracoccus yeei	147645	S	6547	9125	15672	0.00047
Paracoccus zhejiangensis	1077935	S	6515	1461	7976	0.00024
Paracoccus pantotrophus	82367	S	5919	2945	8864	0.00026
Paracoccus liaowanqingii	2560053	S	5481	574	6055	0.00018
Paracoccus aminovorans	34004	S	5340	1381	6721	0.00020
Paracoccus contaminans	1945662	S	4646	1008	5654	0.00017
Paracoccus suum	2259340	S	4271	661	4932	0.00015
Paracoccus jeotgali	2065379	S	4189	809	4998	0.00015
Paracoccus aminophilus	34003	S	3827	385	4212	0.00013
Paracoccus kondratievae	135740	S	3378	585	3963	0.00012
Paracoccus tegillarcae	1529068	S	2673	152	2825	0.00008
Paracoccus marcusii	59779	S	1649	1373	3022	0.00009
Paracoccus mutanolyticus	1499308	S	526	1646	2172	0.00006
Rhodobacter sp. N10	2807096	S	17768	2280	20048	0.00060
Rhodobacter sp. CZR27	2033869	S	7896	2834	10730	0.00032
Rhodobacter sp. LPB0142	1850250	S	6455	3645	10100	0.00030
Rhodobacter capsulatus	1061	S	8951	1873	10824	0.00032
Cereibacter sphaeroides	1063	S	17453	8278	25731	0.00077
Cereibacter azotoformans	43057	S	1702	6446	8148	0.00024
Tabrizicola piscis	2494374	S	22561	2138	24699	0.00074
Rhodovulum sp. P5	1564506	S	4130	450	4580	0.00014
Rhodovulum sp. MB263	308754	S	2921	1278	4199	0.00012
Rhodovulum sulfidophilum	35806	S	4468	2988	7456	0.00022
Fuscovulum blasticum	1075	S	12211	1623	13834	0.00041
Polymorphum gilvum	991904	S	9883	1849	11732	0.00035
Gemmobacter aquarius	2169400	S	8807	1393	10200	0.00030
Frigidibacter mobilis	1335048	S	8489	3241	11730	0.00035
Paroceanicella profunda	2579971	S	8434	2148	10582	0.00031
Thioclava electrotropha	1549850	S	3238	918	4156	0.00012
Thioclava nitratireducens	1915078	S	3189	1194	4383	0.00013
Haematobacter massiliensis	195105	S	6306	2283	8589	0.00026
Silicimonas algicola	1826607	S	6215	357	6572	0.00020
Pikeienuella piscinae	2748098	S	5945	469	6414	0.00019
Pontivivens ytuae	2789856	S	5797	376	6173	0.00018
Pelagovum pacificum	2588711	S	5530	646	6176	0.00018
Pukyongiella litopenaei	2605946	S	4502	1166	5668	0.00017
Brevirhabdus pacifica	1267768	S	4298	2139	6437	0.00019
Falsirhodobacter sp. PG104	2692330	S	3911	549	4460	0.00013
Gymnodinialimonas ceratoperidinii	2856823	S	3328	306	3634	0.00011
Pseudopuniceibacterium antarcticum	2613965	S	3181	249	3430	0.00010
Roseicitreum antarcticum	564137	S	3015	156	3171	0.00009
Pacificitalea manganoxidans	1411902	S	2864	678	3542	0.00011
Pseudooceanicola algae	1537215	S	2677	262	2939	0.00009
Yoonia vestfoldensis	245188	S	2482	615	3097	0.00009
Monaibacterium sp. h42	2758038	S	2267	573	2840	0.00008
Tritonibacter mobilis	379347	S	1868	924	2792	0.00008
Qingshengfaniella alkalisoli	2599296	S	1816	90	1906	0.00006
Rhodophyticola sp. CCM32	2916397	S	1706	50	1756	0.00005
Rhodobaca barguzinensis	441209	S	1512	61	1573	0.00005
Profundibacter amoris	2171755	S	1485	49	1534	0.00005
Pseudorhodobacter turbinis	2500533	S	1461	89	1550	0.00005
Pseudohalocynthiibacter aestuariivivens	1591409	S	1415	314	1729	0.00005
Parasedimentitalea marina	2483033	S	886	35	921	0.00003
Aestuarium zhoushanense	2820523	S	831	370	1201	0.00004
Cognatishimia activa	1715691	S	807	32	839	0.00002
Planktomarina temperata	1284658	S	562	12	574	0.00002
Roseovarius sp. SCSIO 43702	2823043	S	4447	313	4760	0.00014
Roseovarius sp. THAF9	2587847	S	2734	713	3447	0.00010
Roseovarius sp. THAF27	2587850	S	1061	1743	2804	0.00008
Roseovarius sp. THAF8	2587846	S	981	1486	2467	0.00007
Roseovarius sp. TM1035	391613	S	564	1093	1657	0.00005
Roseovarius indicus	540747	S	5575	1869	7444	0.00022
Roseovarius faecimaris	2494550	S	2538	103	2641	0.00008
Roseovarius mucosus	215743	S	524	1036	1560	0.00005
Sulfitobacter sp. THAF37	2587855	S	2598	1146	3744	0.00011
Sulfitobacter sp. JK7-1	2829501	S	2359	117	2476	0.00007
Sulfitobacter sp. D7	1968541	S	1264	527	1791	0.00005
Sulfitobacter sp. JL08	2070369	S	1193	27	1220	0.00004
Sulfitobacter sp. SK011	1389004	S	914	22	936	0.00003
Sulfitobacter sp. DSM 110093	2883127	S	877	265	1142	0.00003
Sulfitobacter sp. BSw21498	664426	S	790	137	927	0.00003
Sulfitobacter sp. SK012	1389005	S	690	14	704	0.00002
Sulfitobacter sp. SK025	1389011	S	319	724	1043	0.00003
Sulfitobacter sp. B30-2	2785912	S	241	561	802	0.00002
Sulfitobacter sp. CB2047	1525218	S	152	451	603	0.00002
Sulfitobacter alexandrii	1917485	S	3365	1892	5257	0.00016
Sulfitobacter mediterraneus	83219	S	1992	213	2205	0.00007
Sulfitobacter indolifex	225422	S	1153	278	1431	0.00004
Sulfitobacter dubius	218673	S	1044	488	1532	0.00005
Sulfitobacter pontiacus	60137	S	437	1019	1456	0.00004
Salipiger profundus	1229727	S	6311	2881	9192	0.00027
Salipiger abyssi	1250539	S	4873	1950	6823	0.00020
Salipiger sp. CCB-MM3	1792508	S	4053	550	4603	0.00014
Roseivivax sp. THAF30	2587852	S	3393	795	4188	0.00012
Roseivivax sp. THAF197b	2588299	S	97	1739	1836	0.00005
Roseivivax sp. THAF40	2587858	S	82	1908	1990	0.00006
Roseivivax marinus	1379903	S	5427	871	6298	0.00019
Celeribacter indicus	1208324	S	5483	2783	8266	0.00025
Celeribacter ethanolicus	1758178	S	2326	849	3175	0.00009
Celeribacter baekdonensis	875171	S	1242	353	1595	0.00005
Celeribacter marinus	1397108	S	578	17	595	0.00002
Phaeobacter gallaeciensis	60890	S	2965	2682	5647	0.00017
Phaeobacter inhibens	221822	S	2392	799	3191	0.00009
Phaeobacter piscinae	1580596	S	1167	750	1917	0.00006
Phaeobacter porticola	1844006	S	703	178	881	0.00003
Phaeobacter sp. LSS9	681157	S	198	224	422	0.00001
Leisingera aquaemixtae	1396826	S	2846	516	3362	0.00010
Leisingera sp. NJS201	2508306	S	573	945	1518	0.00005
Leisingera sp. NJS204	2508307	S	567	987	1554	0.00005
Leisingera methylohalidivorans	133924	S	2174	496	2670	0.00008
Ruegeria sp. TM1040	292414	S	1216	202	1418	0.00004
Ruegeria sp. THAF33	2587853	S	1119	288	1407	0.00004
Ruegeria sp. SCSIO 43209	2793010	S	1064	201	1265	0.00004
Ruegeria sp. AD91A	2293862	S	928	93	1021	0.00003
Ruegeria pomeroyi	89184	S	3403	568	3971	0.00012
Sulfitobacter pseudonitzschiae	1402135	S	4548	1771	6319	0.00019
Pseudosulfitobacter sp. DSM 107133	2883100	S	1950	888	2838	0.00008
Sagittula sp. P11	2009329	S	5528	2500	8028	0.00024
Yangia pacifica	311180	S	5281	843	6124	0.00018
Actibacterium sp. EMB200-NS6	1609966	S	5036	2635	7671	0.00023
Ponticoccus alexandrii	1943633	S	4849	710	5559	0.00017
Mameliella alba	561184	S	4575	903	5478	0.00016
Roseobacter ponti	1891787	S	1527	33	1560	0.00005
Roseobacter denitrificans	2434	S	1210	240	1450	0.00004
Roseobacter litoralis	42443	S	969	84	1053	0.00003
Dinoroseobacter shibae	215813	S	3804	1528	5332	0.00016
Octadecabacter sp. SW4	2602067	S	1568	239	1807	0.00005
Octadecabacter arcticus	53946	S	761	66	827	0.00002
Octadecabacter antarcticus	1217908	S	700	50	750	0.00002
Octadecabacter temperatus	1458307	S	514	8	522	0.00002
Ketogulonicigenium vulgare	92945	S	1680	232	1912	0.00006
Ketogulonicigenium robustum	92947	S	1538	145	1683	0.00005
Oceanicola sp. D3	2587163	S	3242	151	3393	0.00010
Roseibacterium elongatum	159346	S	3058	231	3289	0.00010
Thalassococcus sp. S3	2017482	S	2427	58	2485	0.00007
Maribius sp. THAF1	2587842	S	2278	100	2378	0.00007
Antarctobacter heliothermus	74033	S	2073	104	2177	0.00006
Tateyamaria omphalii	299262	S	1953	63	2016	0.00006
Jannaschia sp. CCS1	290400	S	1910	47	1957	0.00006
Thalassobius gelatinovorus	53501	S	1482	71	1553	0.00005
Falsihalocynthiibacter arcticus	1579316	S	667	18	685	0.00002
Brevundimonas sp. M20	2591463	S	12949	1415	14364	0.00043
Brevundimonas sp. MF30-B	2561924	S	8076	931	9007	0.00027
Brevundimonas sp. PAMC22021	2861285	S	7606	1299	8905	0.00027
Brevundimonas sp. LM2	1938605	S	7143	933	8076	0.00024
Brevundimonas sp. AJA228-03	2752515	S	5059	501	5560	0.00017
Brevundimonas sp. CS1	2813778	S	1606	1557	3163	0.00009
Brevundimonas sp. SGAir0440	2579977	S	1576	1468	3044	0.00009
Brevundimonas sp. DS20	1532555	S	1548	3717	5265	0.00016
Brevundimonas sp. Bb-A	2560058	S	1495	3105	4600	0.00014
Brevundimonas sp. GW460-12-10-14-LB2	1827469	S	1168	1969	3137	0.00009
Brevundimonas sp. 'scallop'	2562582	S	1113	1907	3020	0.00009
Brevundimonas naejangsanensis	588932	S	11947	3412	15359	0.00046
Brevundimonas albigilva	1312364	S	8347	3577	11924	0.00035
Brevundimonas goettingensis	2774190	S	8101	942	9043	0.00027
Brevundimonas subvibrioides	74313	S	6096	847	6943	0.00021
Brevundimonas pondensis	2774189	S	5715	1432	7147	0.00021
Brevundimonas vitisensis	2800818	S	5064	453	5517	0.00016
Brevundimonas mediterranea	74329	S	4599	1574	6173	0.00018
Brevundimonas diminuta	293	S	4360	8050	12410	0.00037
Brevundimonas nasdae	172043	S	4114	1747	5861	0.00017
Brevundimonas vesicularis	41276	S	1184	2330	3514	0.00010
Brevundimonas vancanneytii	1325724	S	1069	4149	5218	0.00016
Caulobacter sp. S6	2823693	S	17910	1286	19196	0.00057
Caulobacter sp. FWC26	69665	S	6129	1998	8127	0.00024
Caulobacter segnis	88688	S	20550	6543	27093	0.00081
Caulobacter mirabilis	69666	S	20249	2491	22740	0.00068
Caulobacter vibrioides	155892	S	14096	12345	26441	0.00079
Caulobacter flavus	1679497	S	13130	2565	15695	0.00047
Caulobacter rhizosphaerae	2010972	S	10546	2219	12765	0.00038
Caulobacter soli	2708539	S	9334	2154	11488	0.00034
Caulobacter henricii	69395	S	5865	704	6569	0.00020
Phenylobacterium zucineum	284016	S	111676	14948	126624	0.00377
Phenylobacterium parvum	2201350	S	10603	746	11349	0.00034
Terricaulis silvestris	2686094	S	18048	411	18459	0.00055
Asticcacaulis excentricus	78587	S	6304	876	7180	0.00021
Asticcacaulis sp. AND118	2840468	S	5256	717	5973	0.00018
Candidatus Viadribacter manganicus	1759059	S	10269	189	10458	0.00031
Hyphomonas sp. CACIAM 19H1	1873716	S	2517	317	2834	0.00008
Hyphomonas sp. KY3	2016196	S	1636	143	1779	0.00005
Hyphomonas sp. Mor2	1906738	S	1325	19	1344	0.00004
Hyphomonas neptunium	81032	S	2330	241	2571	0.00008
Hirschia baltica	2724	S	220	3	223	0.00001
Marinicauda algicola	2029849	S	6313	768	7081	0.00021
Maricaulis maris	74318	S	2330	105	2435	0.00007
Glycocaulis alkaliphilus	1434191	S	2146	84	2230	0.00007
Hyphobacterium sp. CCMP332	2749086	S	1791	41	1832	0.00005
Micavibrio aeruginosavorus	349221	S	5583	42	5625	0.00017
Candidatus Puniceispirillum marinum	767892	S	335	6	341	0.00001
Aquisalinus flavus	1526572	S	2682	89	2771	0.00008
Parvularcula bermudensis	208216	S	1023	91	1114	0.00003
Rickettsia tillamookensis	2761623	S	76	46	122	0.00000
Rickettsia endosymbiont of Ixodes scapularis	444612	S	26	40	66	0.00000
Rickettsia australis	787	S	24	15	39	0.00000
Rickettsia akari	786	S	21	9	30	0.00000
Rickettsia conorii	781	S	20	93	113	0.00000
Rickettsia amblyommatis	33989	S	15	24	39	0.00000
Rickettsia rhipicephali	33992	S	15	72	87	0.00000
Rickettsia massiliae	35791	S	14	44	58	0.00000
Rickettsia montanensis	33991	S	12	35	47	0.00000
Rickettsia helvetica	35789	S	10	29	39	0.00000
Rickettsia endosymbiont of Oedothorax gibbosus	931099	S	109	26	135	0.00000
Rickettsia endosymbiont of Bemisia tabaci	337479	S	42	74	116	0.00000
Rickettsia prowazekii	782	S	43	17	60	0.00000
Rickettsia typhi	785	S	33	12	45	0.00000
Rickettsia canadensis	788	S	36	12	48	0.00000
Rickettsia bellii	33990	S	31	79	110	0.00000
Orientia tsutsugamushi	784	S	97	6	103	0.00000
Candidatus Sneabacter namystus	2601646	S	56	5	61	0.00000
Candidatus Phycorickettsia trachydisci	2115978	S	137	8	145	0.00000
Wolbachia endosymbiont of Ctenocephalides felis wCfeT	2732593	S	57	2	59	0.00000
Wolbachia endosymbiont of Cimex lectularius	246273	S	26	5	31	0.00000
Wolbachia endosymbiont of Cruorifilaria tuberocauda	1812111	S	24	1	25	0.00000
Wolbachia endosymbiont of Dipetalonema caudispina	1812112	S	24	1	25	0.00000
Wolbachia endosymbiont of Litomosoides sigmodontis	80850	S	18	1	19	0.00000
Wolbachia endosymbiont of Dirofilaria (Dirofilaria) immitis	1812115	S	17	1	18	0.00000
Wolbachia endosymbiont of Ctenocephalides felis wCfeJ	2732594	S	15	3	18	0.00000
Wolbachia endosymbiont of Folsomia candida	169402	S	13	0	13	0.00000
Wolbachia endosymbiont of Trichogramma pretiosum	125593	S	12	22	34	0.00000
Wolbachia endosymbiont of Diaphorina citri	116598	S	11	73	84	0.00000
Wolbachia endosymbiont of Oedothorax gibbosus	931100	S	11	11	22	0.00000
Wolbachia pipientis	955	S	28	89	117	0.00000
Candidatus Wolbachia massiliensis	1845000	S	18	1	19	0.00000
Anaplasma ovis	142058	S	133	7	140	0.00000
Anaplasma platys	949	S	79	3	82	0.00000
Anaplasma phagocytophilum	948	S	64	3	67	0.00000
Anaplasma marginale	770	S	53	83	136	0.00000
Anaplasma centrale	769	S	31	12	43	0.00000
Ehrlichia ruminantium	779	S	87	13	100	0.00000
Ehrlichia canis	944	S	38	16	54	0.00000
Ehrlichia chaffeensis	945	S	23	0	23	0.00000
Ehrlichia muris	35795	S	17	37	54	0.00000
Ehrlichia sp. HF	391036	S	10	11	21	0.00000
Neorickettsia helminthoeca	33994	S	25	2	27	0.00000
Neorickettsia findlayensis	2686014	S	14	11	25	0.00000
Neorickettsia sennetsu	951	S	12	25	37	0.00000
Neorickettsia risticii	950	S	10	22	32	0.00000
Candidatus Neoehrlichia mikurensis	89586	S	32	2	34	0.00000
Candidatus Midichloria mitochondrii	234827	S	93	15	108	0.00000
Candidatus Fokinia solitaria	1802984	S	66	4	70	0.00000
Rickettsiales endosymbiont of Stachyamoeba lipophora	2486578	S	102	10	112	0.00000
Candidatus Deianiraea vastatrix	2163644	S	69	0	69	0.00000
Luteithermobacter gelatinilyticus	2582913	S	1118	93	1211	0.00004
Paremcibacter congregatus	2043170	S	1102	20	1122	0.00003
Candidatus Nucleicultrix amoebiphila	1509244	S	486	16	502	0.00001
Candidatus Hydrogenosomobacter endosymbioticus	2558174	S	116	1	117	0.00000
Candidatus Cytomitobacter indipagum	2601575	S	42	25	67	0.00000
Candidatus Cytomitobacter primus	2066024	S	35	18	53	0.00000
endosymbiont of Acanthamoeba sp. UWC8	86106	S	67	0	67	0.00000
Candidatus Nesciobacter abundans	2601668	S	52	9	61	0.00000
Candidatus Gromoviella agglomerans	2806609	S	43	1	44	0.00000
Candidatus Paracaedibacter acanthamoebae	91604	S	283	11	294	0.00001
Candidatus Pelagibacter sp. IMCC9063	1002672	S	185	12	197	0.00001
Candidatus Pelagibacter sp. RS40	1977865	S	65	8	73	0.00000
Candidatus Pelagibacter sp. HIMB1321	1388755	S	62	15	77	0.00000
Candidatus Pelagibacter sp. RS39	1977864	S	51	13	64	0.00000
Candidatus Pelagibacter sp. FZCC0015	2268451	S	31	8	39	0.00000
Candidatus Pelagibacter ubique	198252	S	36	58	94	0.00000
Candidatus Pelagibacter giovannonii	2563896	S	27	41	68	0.00000
Candidatus Fonsibacter ubiquis	1925548	S	84	8	92	0.00000
Magnetococcus marinus	1124597	S	554	6	560	0.00002
Kordiimonas pumila	2161677	S	283	3	286	0.00001
Hydrogenophaga sp. YM1	2806262	S	232846	74008	306854	0.00913
Hydrogenophaga sp. PBC	795665	S	79881	54206	134087	0.00399
Hydrogenophaga sp. BA0156	2716225	S	47902	21096	68998	0.00205
Hydrogenophaga sp. BPS33	2651974	S	15584	6520	22104	0.00066
Hydrogenophaga sp. RAC07	1842537	S	12392	2321	14713	0.00044
Hydrogenophaga sp. SL48	2806347	S	11942	1905	13847	0.00041
Hydrogenophaga sp. PBL-H3	434010	S	11325	6011	17336	0.00052
Hydrogenophaga sp. NH-16	2184519	S	7946	11389	19335	0.00058
Hydrogenophaga sp. PAMC20947	2565558	S	4286	193	4479	0.00013
Hydrogenophaga taeniospiralis	65656	S	10714	2249	12963	0.00039
Hydrogenophaga pseudoflava	47421	S	6955	8110	15065	0.00045
Hydrogenophaga crassostreae	1763535	S	3701	160	3861	0.00011
Acidovorax sp. JMULE5	2518343	S	190404	32470	222874	0.00663
Acidovorax sp. KKS102	358220	S	23967	11118	35085	0.00104
Acidovorax sp. RAC01	1842533	S	9868	4784	14652	0.00044
Acidovorax sp. 1608163	2478662	S	7899	1080	8979	0.00027
Acidovorax sp. YS12	2738413	S	7394	4355	11749	0.00035
Acidovorax sp. T1	1858609	S	4698	10977	15675	0.00047
Acidovorax sp. HDW3	2714923	S	4544	2160	6704	0.00020
Acidovorax avenae	80867	S	12710	6392	19102	0.00057
Acidovorax monticola	1926868	S	9861	2782	12643	0.00038
Acidovorax carolinensis	553814	S	8095	4634	12729	0.00038
Acidovorax radicis	758826	S	7525	1135	8660	0.00026
Acidovorax antarcticus	2743470	S	6461	3369	9830	0.00029
Acidovorax citrulli	80869	S	3490	3123	6613	0.00020
Acidovorax cattleyae	80868	S	3104	1788	4892	0.00015
Variovorax sp. HW608	1034889	S	14385	1733	16118	0.00048
Variovorax sp. PBS-H4	434008	S	8271	3130	11401	0.00034
Variovorax sp. WDL1	207745	S	8131	8482	16613	0.00049
Variovorax sp. RA8	662548	S	8026	4086	12112	0.00036
Variovorax sp. PBL-H6	434009	S	7836	5195	13031	0.00039
Variovorax sp. PAMC 28711	1795631	S	7512	912	8424	0.00025
Variovorax sp. RKNM96	2681552	S	6281	2088	8369	0.00025
Variovorax sp. PAMC26660	2762322	S	6049	1265	7314	0.00022
Variovorax sp. PAMC28562	2762323	S	5700	345	6045	0.00018
Variovorax sp. 38R	2774875	S	4139	4197	8336	0.00025
Variovorax sp. SRS16	282217	S	4036	7084	11120	0.00033
Variovorax sp. PBL-E5	434014	S	3480	7080	10560	0.00031
Variovorax sp. PDNC026	2811425	S	230	7515	7745	0.00023
Variovorax sp. PMC12	2126319	S	110	4617	4727	0.00014
Variovorax paradoxus	34073	S	36200	25879	62079	0.00185
Variovorax boronicumulans	436515	S	5324	3612	8936	0.00027
Rhodoferax sp. BAB1	2741720	S	120755	23273	144028	0.00429
Rhodoferax sp. AJA081-3	2752316	S	4575	232	4807	0.00014
Rhodoferax sp. PAMC 29310	2822760	S	2288	177	2465	0.00007
Rhodoferax sp. MIZ03	2798804	S	2022	145	2167	0.00006
Rhodoferax koreense	1842727	S	10892	3747	14639	0.00044
Rhodoferax sediminis	2509614	S	9032	970	10002	0.00030
Rhodoferax saidenbachensis	1484693	S	5043	390	5433	0.00016
Rhodoferax ferrireducens	192843	S	4340	204	4544	0.00014
Rhodoferax antarcticus	81479	S	2603	136	2739	0.00008
Rhodoferax aquaticus	2527691	S	1473	102	1575	0.00005
Comamonas sp. NLF-7-7	2597701	S	4345	2744	7089	0.00021
Comamonas sp. NLF-1-9	2853163	S	4117	2033	6150	0.00018
Comamonas sp. B21-038	2918299	S	2734	457	3191	0.00009
Comamonas sp. Y33R10-2	2853257	S	1162	147	1309	0.00004
Comamonas aquatica	225991	S	7547	4642	12189	0.00036
Comamonas thiooxydans	363952	S	7127	10019	17146	0.00051
Comamonas serinivorans	1082851	S	5790	1111	6901	0.00021
Comamonas testosteroni	285	S	4984	4849	9833	0.00029
Comamonas koreensis	160825	S	3247	1147	4394	0.00013
Comamonas odontotermitis	379895	S	2803	379	3182	0.00009
Comamonas piscis	1562974	S	2342	310	2652	0.00008
Comamonas kerstersii	225992	S	2127	705	2832	0.00008
Comamonas fluminis	2796366	S	2063	579	2642	0.00008
Ramlibacter tataouinensis	94132	S	47772	13459	61231	0.00182
Delftia lacustris	558537	S	9936	34841	44777	0.00133
Delftia tsuruhatensis	180282	S	5552	9574	15126	0.00045
Delftia acidovorans	80866	S	4372	4929	9301	0.00028
Delftia sp. Cs1-4	742013	S	737	1047	1784	0.00005
Delftia sp. HK171	1920191	S	273	447	720	0.00002
Delftia sp. WY8	2708352	S	43	1860	1903	0.00006
Kinneretia sp. XES5	2877940	S	19211	15999	35210	0.00105
Kinneretia sp. DAIF2	2714952	S	12688	3160	15848	0.00047
Diaphorobacter sp. HDW4A	2714924	S	4246	2449	6695	0.00020
Diaphorobacter sp. HDW4B	2714925	S	3954	353	4307	0.00013
Diaphorobacter sp. MNS-0	2866628	S	831	5096	5927	0.00018
Diaphorobacter sp. JS3051	2792224	S	631	6814	7445	0.00022
Diaphorobacter sp. JS3050	2735554	S	524	4050	4574	0.00014
Diaphorobacter ruginosibacter	1715720	S	4858	621	5479	0.00016
Diaphorobacter aerolatus	1288495	S	3954	3998	7952	0.00024
[Acidovorax] ebreus	721785	S	830	3555	4385	0.00013
Diaphorobacter nitroreducens	164759	S	816	1782	2598	0.00008
Schlegelella thermodepolymerans	215580	S	13329	4480	17809	0.00053
Schlegelella brevitalea	413882	S	10550	1070	11620	0.00035
Polaromonas sp. JS666	296591	S	7713	496	8209	0.00024
Polaromonas sp. SP1	2268087	S	12	7565	7577	0.00023
Polaromonas naphthalenivorans	216465	S	6410	729	7139	0.00021
Polaromonas vacuolata	37448	S	786	57	843	0.00003
Hylemonella gracilis	80880	S	19117	1899	21016	0.00063
Alicycliphilus denitrificans	179636	S	16379	23612	39991	0.00119
Ottowia sp. 27C	2816950	S	6466	906	7372	0.00022
Ottowia sp. oral taxon 894	1658672	S	2704	268	2972	0.00009
Ottowia oryzae	2109914	S	5704	913	6617	0.00020
Melaminivora sp. SC2-9	2109913	S	5499	4079	9578	0.00029
Melaminivora jejuensis	1267217	S	4782	2400	7182	0.00021
Serpentinimonas raichei	1458425	S	3442	984	4426	0.00013
Serpentinimonas maccroryi	1458426	S	3411	904	4315	0.00013
Verminephrobacter eiseniae	364317	S	6128	510	6638	0.00020
Pulveribacter suum	2116657	S	4791	1697	6488	0.00019
Simplicispira suum	2109915	S	4166	949	5115	0.00015
Limnohabitans sp. 63ED37-2	1678128	S	2966	231	3197	0.00010
Limnohabitans sp. 103DPR2	1678129	S	986	52	1038	0.00003
Curvibacter sp. AEP1-3	1844971	S	2886	140	3026	0.00009
Candidatus Symbiobacter mobilis	1436290	S	1619	37	1656	0.00005
Burkholderia multivorans	87883	S	9711	12324	22035	0.00066
Burkholderia ubonensis	101571	S	8376	4338	12714	0.00038
Burkholderia cenocepacia	95486	S	6922	16669	23591	0.00070
Burkholderia cepacia	292	S	5992	4522	10514	0.00031
Burkholderia contaminans	488447	S	3749	2001	5750	0.00017
Burkholderia pyrrocinia	60550	S	3628	1584	5212	0.00016
Burkholderia ambifaria	152480	S	3274	2539	5813	0.00017
Burkholderia stabilis	95485	S	2883	1600	4483	0.00013
Burkholderia anthina	179879	S	2808	1768	4576	0.00014
Burkholderia stagnalis	1503054	S	2738	697	3435	0.00010
Burkholderia lata	482957	S	2428	2000	4428	0.00013
Burkholderia dolosa	152500	S	2367	5714	8081	0.00024
Burkholderia territorii	1503055	S	2178	810	2988	0.00009
Burkholderia seminalis	488731	S	1801	679	2480	0.00007
Burkholderia vietnamiensis	60552	S	1731	3255	4986	0.00015
Burkholderia metallica	488729	S	1193	468	1661	0.00005
Burkholderia diffusa	488732	S	1060	414	1474	0.00004
Burkholderia pseudomultivorans	1207504	S	864	949	1813	0.00005
Burkholderia latens	488446	S	459	1058	1517	0.00005
Burkholderia aenigmatica	2015348	S	423	817	1240	0.00004
Burkholderia pseudomallei	28450	S	4662	14828	19490	0.00058
Burkholderia mayonis	1385591	S	2875	367	3242	0.00010
Burkholderia thailandensis	57975	S	2749	2543	5292	0.00016
Burkholderia oklahomensis	342113	S	1915	1143	3058	0.00009
Burkholderia savannae	1637837	S	523	276	799	0.00002
Burkholderia sp. MSMB1588	1636423	S	174	259	433	0.00001
Burkholderia sp. MSMB617WGS	1637831	S	172	178	350	0.00001
Burkholderia mallei	13373	S	121	99533	99654	0.00297
Burkholderia sp. DHOD12	2571746	S	4676	312	4988	0.00015
Burkholderia sp. Bp7605	1740163	S	2982	259	3241	0.00010
Burkholderia sp. LA-2-3-30-S1-D2	1637862	S	1007	402	1409	0.00004
Burkholderia sp. NRF60-BP8	1637853	S	950	330	1280	0.00004
Burkholderia sp. JP2-270	2217913	S	945	418	1363	0.00004
Burkholderia sp. PAMC 26561	1795043	S	897	952	1849	0.00006
Burkholderia sp. MSMB0856	1637869	S	831	363	1194	0.00004
Burkholderia sp. MS455	2811788	S	724	357	1081	0.00003
Burkholderia sp. PAMC 28687	1795874	S	594	975	1569	0.00005
Burkholderia sp. IDO3	1705310	S	513	499	1012	0.00003
Burkholderia sp. KBS0801	1179675	S	202	288	490	0.00001
Burkholderia sp. LAS2	2813843	S	145	509	654	0.00002
Burkholderia sp. KJ006	416344	S	135	648	783	0.00002
Burkholderia sp. MBR-1	2732364	S	65	201	266	0.00001
Burkholderia sp. MS389	2811789	S	65	368	433	0.00001
Burkholderia sp. B21-007	2890407	S	26	870	896	0.00003
Burkholderia gladioli	28095	S	11815	2375	14190	0.00042
Burkholderia glumae	337	S	4388	34676	39064	0.00116
Burkholderia plantarii	41899	S	2813	663	3476	0.00010
Burkholderia perseverans	2615214	S	2235	570	2805	0.00008
Cupriavidus taiwanensis	164546	S	25247	12746	37993	0.00113
Cupriavidus sp. MP-37	2884455	S	10524	6813	17337	0.00052
Cupriavidus sp. EM10	2839983	S	4551	1687	6238	0.00019
Cupriavidus sp. ISTL7	2771360	S	2676	11015	13691	0.00041
Cupriavidus sp. KK10	1478019	S	812	1555	2367	0.00007
Cupriavidus sp. USMAHM13	1389192	S	453	2114	2567	0.00008
Cupriavidus sp. USMAA2-4	876364	S	440	1981	2421	0.00007
Cupriavidus pauculus	82633	S	19544	5122	24666	0.00073
Cupriavidus oxalaticus	96344	S	12328	3402	15730	0.00047
Cupriavidus gilardii	82541	S	11926	39713	51639	0.00154
Cupriavidus basilensis	68895	S	10544	3576	14120	0.00042
Cupriavidus necator	106590	S	10027	7679	17706	0.00053
Cupriavidus campinensis	151783	S	8423	1837	10260	0.00031
Cupriavidus metallidurans	119219	S	6274	6265	12539	0.00037
Cupriavidus pinatubonensis	248026	S	5382	570	5952	0.00018
Cupriavidus neocaledonicus	1040979	S	1807	1405	3212	0.00010
Cupriavidus nantongensis	1796606	S	1720	2861	4581	0.00014
Cupriavidus malaysiensis	367825	S	509	2152	2661	0.00008
Paraburkholderia sp. SOS3	1926494	S	3810	448	4258	0.00013
Paraburkholderia sp. PGU16	2735433	S	1889	1039	2928	0.00009
Paraburkholderia sp. PGU19	2735434	S	1609	1405	3014	0.00009
Paraburkholderia pallida	2547399	S	5238	726	5964	0.00018
Paraburkholderia aromaticivorans	2026199	S	5008	1898	6906	0.00021
Paraburkholderia tropica	92647	S	4295	732	5027	0.00015
Paraburkholderia caribensis	75105	S	4257	3065	7322	0.00022
Paraburkholderia acidisoli	2571748	S	4081	556	4637	0.00014
Paraburkholderia phytofirmans	261302	S	3794	1385	5179	0.00015
Paraburkholderia acidiphila	2571747	S	3768	551	4319	0.00013
Paraburkholderia edwinii	2861782	S	3627	399	4026	0.00012
Paraburkholderia phenoliruptrix	252970	S	3371	868	4239	0.00013
Paraburkholderia terricola	169427	S	3361	810	4171	0.00012
Paraburkholderia atlantica	2654982	S	3244	651	3895	0.00012
Paraburkholderia fungorum	134537	S	3233	661	3894	0.00012
Paraburkholderia sprentiae	948107	S	3228	580	3808	0.00011
Paraburkholderia phymatum	148447	S	3218	733	3951	0.00012
Paraburkholderia megapolitana	420953	S	2899	195	3094	0.00009
Paraburkholderia graminis	60548	S	2879	605	3484	0.00010
Paraburkholderia terrae	311230	S	2489	2890	5379	0.00016
Paraburkholderia caledonica	134536	S	2437	366	2803	0.00008
Paraburkholderia ginsengisoli	311231	S	2319	595	2914	0.00009
Paraburkholderia xenovorans	36873	S	2319	2242	4561	0.00014
Paraburkholderia caffeinilytica	1761016	S	2043	476	2519	0.00007
Paraburkholderia dokdonella	2211211	S	2033	430	2463	0.00007
Paraburkholderia hospita	169430	S	1924	2189	4113	0.00012
Paraburkholderia dioscoreae	2604047	S	1567	1032	2599	0.00008
Ralstonia solanacearum	305	S	12989	21015	34004	0.00101
Ralstonia insidiosa	190721	S	3731	1660	5391	0.00016
Ralstonia mannitolilytica	105219	S	2779	2242	5021	0.00015
Ralstonia pickettii	329	S	2472	811	3283	0.00010
Ralstonia sp. 56D2	2842456	S	2211	229	2440	0.00007
Ralstonia syzygii	28097	S	180	624	804	0.00002
Ralstonia pseudosolanacearum	1310165	S	77	1634	1711	0.00005
Pandoraea pnomenusa	93220	S	4737	1565	6302	0.00019
Pandoraea thiooxydans	445709	S	4150	218	4368	0.00013
Pandoraea pulmonicola	93221	S	3577	622	4199	0.00012
Pandoraea vervacti	656178	S	2998	750	3748	0.00011
Pandoraea sp. XY-2	2518599	S	2748	953	3701	0.00011
Pandoraea faecigallinarum	656179	S	2708	630	3338	0.00010
Pandoraea norimbergensis	93219	S	2694	337	3031	0.00009
Pandoraea apista	93218	S	2251	949	3200	0.00010
Pandoraea fibrosis	1891094	S	2027	598	2625	0.00008
Pandoraea sputorum	93222	S	2009	816	2825	0.00008
Pandoraea oxalativorans	573737	S	1793	776	2569	0.00008
Caballeronia sp. Lep1P3	2878150	S	3164	615	3779	0.00011
Caballeronia sp. TF1N1	2878153	S	2853	248	3101	0.00009
Caballeronia sp. SL2Y3	2878151	S	1594	782	2376	0.00007
Caballeronia sp. Sq4a	2878152	S	1545	989	2534	0.00008
Caballeronia sp. M1242	2814653	S	1321	820	2141	0.00006
Caballeronia sp. SBC2	2705547	S	222	1723	1945	0.00006
Caballeronia sp. SBC1	2705548	S	162	1757	1919	0.00006
Caballeronia zhejiangensis	871203	S	4003	787	4790	0.00014
Caballeronia insecticola	758793	S	3464	606	4070	0.00012
Caballeronia grimmiae	1071679	S	3139	1136	4275	0.00013
Polynucleobacter sp. MWH-P3-07-1	1743173	S	292	46	338	0.00001
Polynucleobacter sp. MWH-UH35A	1855619	S	247	40	287	0.00001
Polynucleobacter sp. TSB-Sco08W16	1758374	S	240	37	277	0.00001
Polynucleobacter sp. LimPoW16	1743162	S	215	9	224	0.00001
Polynucleobacter sp. MWH-CaK5	2689107	S	212	9	221	0.00001
Polynucleobacter sp. MWH-UH24A	2689110	S	198	11	209	0.00001
Polynucleobacter sp. AP-Nino-20-G2	2576917	S	192	51	243	0.00001
Polynucleobacter sp. MWH-UH2A	1855617	S	189	33	222	0.00001
Polynucleobacter sp. VK25	1758398	S	161	37	198	0.00001
Polynucleobacter sp. es-MAR-2	1819725	S	161	35	196	0.00001
Polynucleobacter sp. MG-6-Vaara-E2	2576932	S	159	29	188	0.00001
Polynucleobacter sp. MWH-S4W17	1855910	S	158	73	231	0.00001
Polynucleobacter sp. MWH-Aus1W21	1855880	S	154	35	189	0.00001
Polynucleobacter sp. MWH-Spelu-300-X4	2689109	S	140	5	145	0.00000
Polynucleobacter sp. es-EL-1	1855652	S	137	24	161	0.00000
Polynucleobacter sp. MWH-Braz-FAM2G	1855883	S	135	15	150	0.00000
Polynucleobacter sp. AP-Elch-400A-B2	2576930	S	133	56	189	0.00001
Polynucleobacter sp. MWH-Svant-W18	1855909	S	131	25	156	0.00000
Polynucleobacter sp. MG-Unter2-18	2081052	S	129	103	232	0.00001
Polynucleobacter sp. MWH-UH21B	1743174	S	126	21	147	0.00000
Polynucleobacter sp. AP-Titi-500A-B4	2576923	S	109	23	132	0.00000
Polynucleobacter sp. AP-Jannik-300A-C4	2576928	S	102	92	194	0.00001
Polynucleobacter sp. AP-Ainpum-60-G11	2576926	S	101	24	125	0.00000
Polynucleobacter sp. JS-Mosq-20-D10	2576922	S	99	34	133	0.00000
Polynucleobacter sp. MWH-UH25E	1855616	S	98	16	114	0.00000
Polynucleobacter sp. AP-Sving-400A-A2	2081049	S	91	43	134	0.00000
Polynucleobacter sp. Adler-ghost	2770234	S	89	37	126	0.00000
Polynucleobacter sp. AP-Kolm-20A-A1	2081041	S	83	56	139	0.00000
Polynucleobacter sp. AP-Melu-1000-A1	2081042	S	63	23	86	0.00000
Polynucleobacter sp. JS-JIR-II-50	2576919	S	54	23	77	0.00000
Polynucleobacter sp. JS-JIR-II-b4	1758390	S	53	26	79	0.00000
Polynucleobacter sp. AM-7D1	2689102	S	44	42	86	0.00000
Polynucleobacter sp. MG-5-Ahmo-C2	2081051	S	42	270	312	0.00001
Polynucleobacter sp. JS-JIR-5-A7	1758395	S	36	80	116	0.00000
Polynucleobacter sp. UB-Siik-W21	1855646	S	30	67	97	0.00000
Polynucleobacter necessarius	576610	S	1167	232	1399	0.00004
Polynucleobacter asymbioticus	576611	S	499	87	586	0.00002
Polynucleobacter difficilis	556054	S	409	34	443	0.00001
Polynucleobacter paneuropaeus	2527775	S	199	24	223	0.00001
Polynucleobacter acidiphobus	556053	S	163	10	173	0.00001
Polynucleobacter wuianus	1743168	S	122	43	165	0.00000
Polynucleobacter duraquae	1835254	S	70	57	127	0.00000
Limnobacter sp. SAORIC-580	2732163	S	6914	201	7115	0.00021
Lautropia mirabilis	47671	S	3612	425	4037	0.00012
Chitinimonas arctica	2594795	S	3224	175	3399	0.00010
Mycetohabitans rhizoxinica	412963	S	2059	84	2143	0.00006
Mycoavidus sp. HKI	2840467	S	414	30	444	0.00001
Mycoavidus sp. B2-EB	2651972	S	364	62	426	0.00001
Mycoavidus cysteinexigens	1553431	S	250	27	277	0.00001
Candidatus Vallotia cooleyia	1177211	S	168	11	179	0.00001
Candidatus Vallotia sp. (ex Adelges kitamiensis)	2864217	S	149	22	171	0.00001
Candidatus Vallotia tarda	1177213	S	96	8	104	0.00000
Candidatus Vallotia lariciata	2018052	S	80	12	92	0.00000
Ephemeroptericola cinctiostellae	2268024	S	416	16	432	0.00001
Massilia sp. HC52	2852099	S	9870	2565	12435	0.00037
Massilia sp. WG5	1707785	S	8936	3753	12689	0.00038
Massilia sp. DM-R-R2A-13	2899220	S	8572	1662	10234	0.00030
Massilia sp. LPB0304	2769491	S	7052	1615	8667	0.00026
Massilia sp. PAMC28688	2861283	S	6095	884	6979	0.00021
Massilia sp. YMA4	1593482	S	5776	3015	8791	0.00026
Massilia sp. NP310	2861282	S	5444	3604	9048	0.00027
Massilia sp. NR 4-1	1678028	S	1287	5166	6453	0.00019
Massilia sp. MB5	2919578	S	1244	5173	6417	0.00019
Massilia sp. Dwa41.01b	2709302	S	79	3411	3490	0.00010
Massilia sp. Se16.2.3	2709303	S	66	2880	2946	0.00009
Massilia putida	1141883	S	19305	5857	25162	0.00075
Massilia violaceinigra	2045208	S	11250	3234	14484	0.00043
Massilia flava	871742	S	8508	1901	10409	0.00031
Massilia albidiflava	321983	S	6123	2392	8515	0.00025
Massilia plicata	321984	S	5999	1473	7472	0.00022
Massilia umbonata	864828	S	5980	2317	8297	0.00025
Massilia lutea	321985	S	5939	1725	7664	0.00023
Massilia armeniaca	2072590	S	5320	2834	8154	0.00024
Massilia antarctica	2765360	S	4995	1963	6958	0.00021
Massilia oculi	945844	S	4545	2976	7521	0.00022
Duganella sp. GN2-R2	2728020	S	7438	2791	10229	0.00030
Duganella sp. AF9R3	2728021	S	5737	1164	6901	0.00021
Herbaspirillum robiniae	2014887	S	6190	2091	8281	0.00025
Herbaspirillum huttiense	863372	S	5947	2286	8233	0.00025
Herbaspirillum rubrisubalbicans	80842	S	5743	2627	8370	0.00025
Herbaspirillum hiltneri	341045	S	5643	933	6576	0.00020
Herbaspirillum seropedicae	964	S	5491	2302	7793	0.00023
Herbaspirillum frisingense	92645	S	5355	1665	7020	0.00021
Herbaspirillum sp. meg3	2025949	S	4114	426	4540	0.00014
Janthinobacterium sp. 17J80-10	2497863	S	6885	903	7788	0.00023
Janthinobacterium sp. Marseille	375286	S	4246	1140	5386	0.00016
Janthinobacterium sp. 1_2014MBL_MicDiv	1644131	S	3162	1143	4305	0.00013
Janthinobacterium sp. LM6	1938606	S	1556	951	2507	0.00007
Janthinobacterium sp. PAMC25594	2861284	S	1370	824	2194	0.00007
Janthinobacterium sp. HH102	1537274	S	877	1303	2180	0.00006
Janthinobacterium sp. B9-8	1236179	S	596	136	732	0.00002
Janthinobacterium agaricidamnosum	55508	S	6252	9352	15604	0.00046
Janthinobacterium lividum	29581	S	1312	1249	2561	0.00008
Janthinobacterium svalbardensis	368607	S	1256	598	1854	0.00006
Janthinobacterium tructae	2590869	S	1188	582	1770	0.00005
Collimonas fungivorans	158899	S	7568	2187	9755	0.00029
Collimonas arenae	279058	S	7213	954	8167	0.00024
Collimonas pratensis	279113	S	5421	1210	6631	0.00020
Noviherbaspirillum sp. UKPF54	2601898	S	15725	2345	18070	0.00054
Undibacterium sp. YM2	2058625	S	1102	522	1624	0.00005
Undibacterium sp. KW1	2058624	S	1021	483	1504	0.00004
Undibacterium parvum	401471	S	1468	150	1618	0.00005
Herminiimonas arsenitoxidans	1809410	S	2856	592	3448	0.00010
Glaciimonas sp. PAMC28666	2807626	S	1538	85	1623	0.00005
Oxalobacter formigenes	847	S	887	56	943	0.00003
Achromobacter sp. MFA1 R4	1881016	S	22200	5015	27215	0.00081
Achromobacter sp. AONIH1	1758194	S	4848	4254	9102	0.00027
Achromobacter sp. 77	2756133	S	1957	3760	5717	0.00017
Achromobacter sp. ES-001	2860286	S	647	1712	2359	0.00007
Achromobacter sp. B7	2282475	S	582	1200	1782	0.00005
Achromobacter xylosoxidans	85698	S	15940	19369	35309	0.00105
Achromobacter spanius	217203	S	8121	2389	10510	0.00031
Achromobacter denitrificans	32002	S	7165	3835	11000	0.00033
Achromobacter deleyi	1353891	S	4851	2535	7386	0.00022
Achromobacter mucicolens	1389922	S	4474	5288	9762	0.00029
Achromobacter insolitus	217204	S	4435	912	5347	0.00016
Achromobacter pestifer	1353889	S	2602	1264	3866	0.00012
Achromobacter ruhlandii	72557	S	64	2224	2288	0.00007
Bordetella petrii	94624	S	10974	10184	21158	0.00063
Bordetella sp. H567	1697043	S	4754	432	5186	0.00015
Bordetella sp. N	1746199	S	4352	380	4732	0.00014
Bordetella genomosp. 13	463040	S	5996	2951	8947	0.00027
Bordetella bronchialis	463025	S	5721	536	6257	0.00019
Bordetella genomosp. 8	1416806	S	4957	416	5373	0.00016
Bordetella flabilis	463014	S	4771	285	5056	0.00015
Bordetella hinzii	103855	S	4710	1414	6124	0.00018
Bordetella genomosp. 9	1416803	S	4699	833	5532	0.00016
Bordetella trematum	123899	S	3367	966	4333	0.00013
Bordetella pseudohinzii	1331258	S	2694	847	3541	0.00011
Bordetella bronchiseptica	518	S	2325	5605	7930	0.00024
Bordetella avium	521	S	1960	167	2127	0.00006
Bordetella holmesii	35814	S	1742	333	2075	0.00006
Bordetella genomosp. 6	463024	S	832	945	1777	0.00005
Bordetella parapertussis	519	S	389	14480	14869	0.00044
Bordetella pertussis	520	S	363	3567	3930	0.00012
Pigmentiphaga sp. H8	2488560	S	8939	848	9787	0.00029
Pigmentiphaga aceris	1940612	S	2895	150	3045	0.00009
Orrella dioscoreae	1851544	S	4544	1147	5691	0.00017
Orrella marina	2163011	S	791	79	870	0.00003
Orrella sp. f23	2782176	S	519	17	536	0.00002
Alcaligenes faecalis	511	S	2424	1460	3884	0.00012
Alcaligenes sp. SORT26	2813780	S	481	63	544	0.00002
Alcaligenes sp. DN25	1367435	S	145	231	376	0.00001
Alcaligenes aquatilis	323284	S	395	963	1358	0.00004
Alcaligenes ammonioxydans	2582914	S	67	482	549	0.00002
Castellaniella defragrans	75697	S	5408	2512	7920	0.00024
Pusillimonas sp. T7-7	1007105	S	1599	181	1780	0.00005
Pusillimonas sp. DMV24BSW_D	2716226	S	697	33	730	0.00002
Pusillimonas thiosulfatoxidans	2028345	S	1702	264	1966	0.00006
Advenella kashmirensis	310575	S	1105	55	1160	0.00003
Advenella mimigardefordensis	302406	S	1029	50	1079	0.00003
Kerstersia gyiorum	206506	S	2053	309	2362	0.00007
Paralcaligenes sp. KSB-10	2901142	S	1887	54	1941	0.00006
Oligella urethralis	90245	S	189	12	201	0.00001
Oligella ureolytica	90244	S	161	57	218	0.00001
Paenalcaligenes hominis	643674	S	221	7	228	0.00001
Taylorella equigenitalis	29575	S	68	7	75	0.00000
Taylorella asinigenitalis	84590	S	67	9	76	0.00000
Basilea psittacipulmonis	1472345	S	133	7	140	0.00000
Pelistega ratti	2652177	S	107	9	116	0.00000
Rhizobacter sp. AJA081-3	2753607	S	43241	9070	52311	0.00156
Rhizobacter gummiphilus	946333	S	14270	2198	16468	0.00049
Sphaerotilus sp. FB-5	2914710	S	10725	4921	15646	0.00047
Sphaerotilus natans	34103	S	8835	2773	11608	0.00035
Aquincola tertiaricarbonis	391953	S	19416	5203	24619	0.00073
Methylibium petroleiphilum	105560	S	5879	5002	10881	0.00032
Methylibium sp. Pch-M	2082386	S	5384	4558	9942	0.00030
Rubrivivax gelatinosus	28068	S	15386	3805	19191	0.00057
Thiomonas sp. X19	1050370	S	4367	1732	6099	0.00018
Thiomonas intermedia	926	S	2976	332	3308	0.00010
Thiomonas arsenitoxydans	426114	S	1304	2111	3415	0.00010
Leptothrix cholodnii	34029	S	10975	2862	13837	0.00041
Mitsuaria sp. 7	1658665	S	9190	1457	10647	0.00032
Ideonella dechloratans	36863	S	7674	3528	11202	0.00033
Xylophilus rhododendri	2697032	S	7227	1563	8790	0.00026
Inhella inkyongensis	392593	S	5926	721	6647	0.00020
Aquabacterium olei	1296669	S	5518	1128	6646	0.00020
Tepidimonas taiwanensis	307486	S	5470	1439	6909	0.00021
Roseateles depolymerans	76731	S	5305	813	6118	0.00018
Paucibacter sp. KCTC 42545	1768242	S	4235	565	4800	0.00014
Candidatus Ichthyocystis hellenicum	1561003	S	121	1	122	0.00000
Sutterella megalosphaeroides	2494234	S	1404	195	1599	0.00005
Sutterella faecalis	2584944	S	1118	137	1255	0.00004
Sutterella wadsworthensis	40545	S	558	58	616	0.00002
Turicimonas muris	1796652	S	237	11	248	0.00001
Nitrosomonas ureae	44577	S	104706	2937	107643	0.00320
Nitrosomonas communis	44574	S	9113	314	9427	0.00028
Nitrosomonas europaea	915	S	2775	382	3157	0.00009
Nitrosomonas eutropha	916	S	1837	754	2591	0.00008
Nitrosomonas stercoris	1444684	S	708	293	1001	0.00003
Nitrosospira lacus	1288494	S	4329	136	4465	0.00013
Nitrosospira multiformis	1231	S	3822	108	3930	0.00012
Nitrosospira briensis	35799	S	1993	1239	3232	0.00010
Nitrosospira sp. NRS527	155925	S	1870	1084	2954	0.00009
Methyloversatilis sp. RAC08	1842540	S	11090	1135	12225	0.00036
Denitratisoma sp. DHT3	1981880	S	5448	3181	8629	0.00026
Denitratisoma oestradiolicum	311182	S	3037	458	3495	0.00010
Sulfuritalea hydrogenivorans	748811	S	7432	959	8391	0.00025
Sterolibacterium denitrificans	157592	S	4958	1019	5977	0.00018
Methylophilus sp. TWE2	1662285	S	18377	1042	19419	0.00058
Methylophilus medardicus	2588534	S	1820	132	1952	0.00006
Methylovorus sp. MP688	887061	S	671	827	1498	0.00004
Methylovorus glucosotrophus	266009	S	667	744	1411	0.00004
Methylobacillus flagellatus	405	S	2121	381	2502	0.00007
Methylotenera mobilis	359408	S	980	95	1075	0.00003
Methylotenera versatilis	1055487	S	785	82	867	0.00003
Candidatus Methylopumilus turicensis	1581680	S	477	48	525	0.00002
Candidatus Methylopumilus universalis	2588536	S	296	131	427	0.00001
Candidatus Methylopumilus rimovensis	2588535	S	218	32	250	0.00001
Candidatus Methylopumilus planktonicus	1581557	S	211	104	315	0.00001
Methyloradius palustris	2778876	S	771	49	820	0.00002
Usitatibacter rugosus	2732067	S	13457	1256	14713	0.00044
Usitatibacter palustris	2732487	S	11891	1184	13075	0.00039
Thiobacillus denitrificans	36861	S	18143	2676	20819	0.00062
Sulfuritortus calidifontis	1914471	S	6288	2087	8375	0.00025
Sideroxydans sp. MIZ01	2764705	S	3631	701	4332	0.00013
Sideroxydans lithotrophicus	63745	S	2755	397	3152	0.00009
Ferrigenium kumadai	1682490	S	4163	702	4865	0.00014
Candidatus Nitrotoga arctica	453162	S	873	223	1096	0.00003
Candidatus Nitrotoga sp. AM1P	2559597	S	832	227	1059	0.00003
Ferriphaselus amnicola	1188319	S	1919	210	2129	0.00006
Gallionella capsiferriformans	370405	S	1632	121	1753	0.00005
Sulfuriferula plumbiphila	171865	S	5010	699	5709	0.00017
Sulfuriferula sp. AH1	1985873	S	2242	316	2558	0.00008
Sulfuriferula nivalis	2675298	S	839	50	889	0.00003
Sulfurimicrobium lacus	2715678	S	5108	521	5629	0.00017
Sulfuricella denitrificans	649841	S	2912	204	3116	0.00009
Thauera sp. K11	2005884	S	7707	3617	11324	0.00034
Thauera sp. MZ1T	85643	S	7160	5637	12797	0.00038
Thauera humireducens	1134435	S	5108	2197	7305	0.00022
Thauera chlorobenzoica	96773	S	3821	3237	7058	0.00021
Thauera aromatica	59405	S	3493	3764	7257	0.00022
Thauera hydrothermalis	2184083	S	3043	664	3707	0.00011
Azoarcus sp. KH32C	748247	S	7108	1124	8232	0.00025
Azoarcus sp. DD4	2027405	S	6041	3374	9415	0.00028
Azoarcus olearius	418699	S	7026	2339	9365	0.00028
Azoarcus communis	41977	S	5755	1643	7398	0.00022
Nitrogeniibacter mangrovi	2016596	S	5924	1047	6971	0.00021
Nitrogeniibacter aestuarii	2815343	S	3216	300	3516	0.00010
Aromatoleum petrolei	76116	S	6973	1644	8617	0.00026
Aromatoleum pumilum	2067960	S	5625	1432	7057	0.00021
Aromatoleum aromaticum	551760	S	5139	3142	8281	0.00025
Aromatoleum bremense	76115	S	4399	2097	6496	0.00019
Azospira restricta	404405	S	11983	4831	16814	0.00050
Azospira inquinata	2785627	S	1475	88	1563	0.00005
Azospira sp. I09	1765049	S	1105	2696	3801	0.00011
Azospira oryzae	146939	S	985	2168	3153	0.00009
Niveibacterium microcysteis	2811415	S	4826	489	5315	0.00016
Oryzomicrobium terrae	1735038	S	3551	775	4326	0.00013
Rugosibacter aromaticivorans	1565605	S	1866	234	2100	0.00006
Dechloromonas denitrificans	281362	S	5738	1371	7109	0.00021
Dechloromonas sp. HYN0024	2231055	S	1961	357	2318	0.00007
Dechloromonas sp. TW-R-39-2	2654218	S	1160	562	1722	0.00005
Ferribacterium limneticum	76259	S	8120	1220	9340	0.00028
Quatrionicoccus australiensis	138118	S	3408	956	4364	0.00013
Fluviibacter phosphoraccumulans	1751046	S	871	165	1036	0.00003
Chromobacterium sp. ATCC 53434	2059672	S	3152	953	4105	0.00012
Chromobacterium sp. Rain0013	2292447	S	647	757	1404	0.00004
Chromobacterium sp. Beijing	2735795	S	504	1362	1866	0.00006
Chromobacterium vaccinii	1108595	S	3132	1215	4347	0.00013
Chromobacterium violaceum	536	S	2885	1637	4522	0.00013
Chromobacterium paludis	2605945	S	1933	684	2617	0.00008
Chromobacterium phragmitis	2202141	S	1900	756	2656	0.00008
Chromobacterium rhizoryzae	1778675	S	677	3409	4086	0.00012
Chromobacterium haemolyticum	394935	S	335	2107	2442	0.00007
Iodobacter ciconiae	2496266	S	470	96	566	0.00002
Iodobacter fluviatilis	537	S	409	90	499	0.00001
Jeongeupia sp. USM3	1906741	S	4730	1028	5758	0.00017
Jeongeupia sp. HS-3	1009682	S	2771	453	3224	0.00010
Paludibacterium paludis	1225769	S	2297	358	2655	0.00008
Paludibacterium yongneupense	400061	S	2289	258	2547	0.00008
Paludibacterium sp. B53371	2806263	S	1634	273	1907	0.00006
Vogesella sp. LIG4	1192162	S	2908	697	3605	0.00011
Vogesella sp. XCS3	2877939	S	1548	350	1898	0.00006
Aquitalea aquatilis	1537400	S	1190	337	1527	0.00005
Aquitalea magnusonii	332411	S	837	432	1269	0.00004
Aquitalea sp. USM4	1590041	S	742	363	1105	0.00003
Aquitalea denitrificans	519081	S	719	331	1050	0.00003
Pseudogulbenkiania sp. NH8B	748280	S	3863	1120	4983	0.00015
Microvirgula aerodenitrificans	57480	S	3338	512	3850	0.00011
Laribacter hongkongensis	168471	S	2947	1762	4709	0.00014
Aquaspirillum sp. LM1	1938604	S	1840	219	2059	0.00006
Deefgea sp. D25	2865840	S	358	49	407	0.00001
Deefgea sp. D13	2864875	S	348	152	500	0.00001
Deefgea sp. D17	2739061	S	240	118	358	0.00001
Chitinibacter bivalviorum	2739434	S	602	306	908	0.00003
Chitinibacter fontanus	1737446	S	483	68	551	0.00002
Neisseria sp. KEM232	655307	S	642	85	727	0.00002
Neisseria sp. oral taxon 014	641148	S	237	98	335	0.00001
Neisseria sp. ZJ785	2709396	S	190	19	209	0.00001
Neisseria sp. Dent CA1/247	2912675	S	182	97	279	0.00001
Neisseria dentiae	194197	S	1048	99	1147	0.00003
Neisseria shayeganii	607712	S	771	90	861	0.00003
Neisseria bacilliformis	267212	S	707	141	848	0.00003
Neisseria elongata	495	S	696	308	1004	0.00003
Neisseria meningitidis	487	S	656	2152	2808	0.00008
Neisseria chenwenguii	1853278	S	576	53	629	0.00002
Neisseria gonorrhoeae	485	S	415	430	845	0.00003
Neisseria musculi	1815583	S	391	28	419	0.00001
Neisseria animalis	492	S	383	41	424	0.00001
Neisseria wadsworthii	607711	S	366	74	440	0.00001
Neisseria lactamica	486	S	362	403	765	0.00002
Neisseria weixii	1853276	S	336	36	372	0.00001
Neisseria brasiliensis	2666100	S	326	187	513	0.00002
Neisseria sicca	490	S	267	512	779	0.00002
Neisseria zalophi	640030	S	252	18	270	0.00001
Neisseria animaloris	326522	S	251	53	304	0.00001
Neisseria arctica	1470200	S	240	18	258	0.00001
Neisseria weaveri	28091	S	226	67	293	0.00001
Neisseria mucosa	488	S	218	422	640	0.00002
Neisseria canis	493	S	194	47	241	0.00001
Neisseria dumasiana	1931275	S	187	74	261	0.00001
Neisseria subflava	28449	S	149	112	261	0.00001
Neisseria flavescens	484	S	121	94	215	0.00001
Neisseria zoodegmatis	326523	S	119	90	209	0.00001
Neisseria macacae	496	S	78	164	242	0.00001
Neisseria cinerea	483	S	59	34	93	0.00000
Crenobacter cavernae	2290923	S	4747	1242	5989	0.00018
Eikenella corrodens	539	S	3574	1315	4889	0.00015
Eikenella exigua	2528037	S	219	63	282	0.00001
Chitinolyticbacter meiyuanensis	682798	S	3713	359	4072	0.00012
Vitreoscilla filiformis	63	S	1833	259	2092	0.00006
Vitreoscilla massiliensis	1689272	S	410	32	442	0.00001
Vitreoscilla sp. C1	96942	S	63	188	251	0.00001
Vitreoscilla stercoraria	61	S	13	34	47	0.00000
Kingella potus	265175	S	600	64	664	0.00002
Kingella denitrificans	502	S	540	263	803	0.00002
Kingella oralis	505	S	455	66	521	0.00002
Kingella kingae	504	S	252	36	288	0.00001
Uruburuella testudinis	1282863	S	634	81	715	0.00002
Uruburuella suis	252130	S	568	63	631	0.00002
Paralysiella testudinis	2809020	S	644	105	749	0.00002
Alysiella filiformis	194196	S	154	66	220	0.00001
Alysiella crassa	153491	S	150	34	184	0.00001
Conchiformibius steedae	153493	S	319	34	353	0.00001
Neisseriaceae bacterium CCUG 44465	2917790	S	318	38	356	0.00001
Snodgrassella alvi	1196083	S	203	37	240	0.00001
Aquella oligotrophica	2067065	S	162	4	166	0.00000
Simonsiella muelleri	72	S	150	19	169	0.00001
Morococcus cerebrosus	1056807	S	54	271	325	0.00001
Casimicrobium huifangae	2591109	S	3826	1238	5064	0.00015
Candidatus Kinetoplastibacterium desouzaii	994692	S	64	10	74	0.00000
Candidatus Kinetoplastibacterium crithidii	33056	S	59	0	59	0.00000
Candidatus Kinetoplastibacterium sorsogonicusi	1576550	S	59	9	68	0.00000
Candidatus Kinetoplastibacterium galatii	994695	S	43	8	51	0.00000
Candidatus Kinetoplastibacterium oncopeltii	994696	S	42	8	50	0.00000
Candidatus Kinetoplastibacterium blastocrithidii	233181	S	31	0	31	0.00000
Candidatus Profftella armatura	669502	S	26	15	41	0.00000
Candidatus Profftella armatura (Diaphorina cf. continua)	2661583	S	11	5	16	0.00000
Lysobacter sp. 5GHs7-4	2904253	S	12519	2758	15277	0.00045
Lysobacter sp. TY2-98	2290922	S	11911	1351	13262	0.00039
Lysobacter sp. KIS68-7	2904252	S	11866	1628	13494	0.00040
Lysobacter sp. CECT 30171	2822368	S	11835	2188	14023	0.00042
Lysobacter sp. CW239	2762611	S	8283	3275	11558	0.00034
Lysobacter sp. S4-A87	2925843	S	8274	1758	10032	0.00030
Lysobacter sp. K5869	2820808	S	7222	1916	9138	0.00027
Lysobacter sp. CJ11	2764185	S	2199	162	2361	0.00007
Lysobacter sp. H21R4	2781021	S	1928	2029	3957	0.00012
Lysobacter sp. HDW10	2714936	S	1269	221	1490	0.00004
Lysobacter sp. H23M47	2781024	S	1060	2499	3559	0.00011
Lysobacter enzymogenes	69	S	26066	5646	31712	0.00094
Lysobacter lycopersici	1324796	S	25255	3964	29219	0.00087
Lysobacter soli	453783	S	20010	2899	22909	0.00068
Lysobacter capsici	435897	S	16670	7649	24319	0.00072
Lysobacter solisilvae (ex Woo and Kim 2022)	2865112	S	14859	3091	17950	0.00053
Lysobacter solisilvae (ex Kim et al. 2021)	2763317	S	13156	1826	14982	0.00045
Lysobacter maris	1605891	S	12226	2115	14341	0.00043
Lysobacter antibioticus	84531	S	11328	1488	12816	0.00038
Lysobacter oculi	2698682	S	9898	2105	12003	0.00036
Lysobacter alkalisoli	2591633	S	9560	1224	10784	0.00032
Lysobacter arenosi	2795387	S	8619	1700	10319	0.00031
Lysobacter ciconiae	2781022	S	1740	1355	3095	0.00009
Lysobacter avium	2781023	S	1124	2009	3133	0.00009
Lysobacter gummosus	262324	S	1095	3550	4645	0.00014
Lysobacter caseinilyticus	2675101	S	15	40131	40146	0.00119
Pseudoxanthomonas mexicana	128785	S	48668	37083	85751	0.00255
Pseudoxanthomonas suwonensis	314722	S	19470	8047	27517	0.00082
Pseudoxanthomonas sp. X-1	2571115	S	7836	4954	12790	0.00038
Pseudoxanthomonas sp. F37	2932492	S	1031	33036	34067	0.00101
Pseudoxanthomonas daejeonensis	266062	S	8247	1696	9943	0.00030
Pseudoxanthomonas spadix	415229	S	5778	1811	7589	0.00023
Stenotrophomonas maltophilia	40324	S	48717	49915	98632	0.00294
Stenotrophomonas sp. ESTM1D_MKCIP4_1	2072414	S	1918	639	2557	0.00008
Stenotrophomonas sp. SAU14A_NAIMI4_5	2072413	S	1856	957	2813	0.00008
Stenotrophomonas sp. ZAC14D2_NAIMI4_7	2072405	S	842	778	1620	0.00005
Stenotrophomonas sp. YAU14D1_LEIMI4_1	2072407	S	595	888	1483	0.00004
Stenotrophomonas sp. ZAC14A_NAIMI4_1	2072412	S	516	833	1349	0.00004
Stenotrophomonas sp. ZAC14D2_NAIMI4_6	2072406	S	512	871	1383	0.00004
Stenotrophomonas sp. SAU14A_NAIMI4_8	2072409	S	267	1334	1601	0.00005
Stenotrophomonas sp. YAU14A_MKIMI4_1	2072408	S	214	1070	1284	0.00004
Stenotrophomonas sp. LM091	1904944	S	3245	1005	4250	0.00013
Stenotrophomonas sp. 169	2770322	S	3218	398	3616	0.00011
Stenotrophomonas sp. 364	2691571	S	1962	584	2546	0.00008
Stenotrophomonas sp. NA06056	2742129	S	1222	442	1664	0.00005
Stenotrophomonas sp. WZN-1	2005046	S	821	707	1528	0.00005
Stenotrophomonas sp. DR822	2871174	S	485	636	1121	0.00003
Stenotrophomonas sp. ASS1	2282124	S	219	716	935	0.00003
Stenotrophomonas sp. CW117	2775920	S	185	2983	3168	0.00009
Stenotrophomonas sp. pho	2211160	S	169	646	815	0.00002
Stenotrophomonas sp. Pemsol	2040586	S	163	444	607	0.00002
Stenotrophomonas sp. MYb57	1827305	S	144	460	604	0.00002
Stenotrophomonas sp. G4	2303750	S	143	596	739	0.00002
Stenotrophomonas sp. SI-NJAU-1	2886359	S	129	550	679	0.00002
Stenotrophomonas sp. NY11291	2939415	S	106	779	885	0.00003
Stenotrophomonas sp. SXG-1	2682487	S	84	646	730	0.00002
Stenotrophomonas sp. KCTC 12332	1793721	S	11	3596	3607	0.00011
Stenotrophomonas rhizophila	216778	S	10959	2563	13522	0.00040
Stenotrophomonas acidaminiphila	128780	S	7848	13256	21104	0.00063
Stenotrophomonas indicatrix	2045451	S	302	859	1161	0.00003
Stenotrophomonas pavanii	487698	S	10	317	327	0.00001
Xanthomonas translucens	343	S	8998	9618	18616	0.00055
Xanthomonas campestris	339	S	7706	13460	21166	0.00063
Xanthomonas sacchari	56458	S	5409	1590	6999	0.00021
Xanthomonas sp. GW	2724121	S	1067	1321	2388	0.00007
Xanthomonas sp. SS	2724122	S	961	1381	2342	0.00007
Xanthomonas sp. SI	2724123	S	897	1299	2196	0.00007
Xanthomonas sp. MLO165	2081477	S	275	450	725	0.00002
Xanthomonas arboricola	56448	S	4572	5475	10047	0.00030
Xanthomonas theicola	56464	S	3461	973	4434	0.00013
Xanthomonas oryzae	347	S	3156	1265	4421	0.00013
Xanthomonas albilineans	29447	S	2675	286	2961	0.00009
Xanthomonas citri	346	S	2589	20429	23018	0.00069
Xanthomonas hyacinthi	56455	S	2512	1279	3791	0.00011
Xanthomonas cucurbitae	56453	S	2246	365	2611	0.00008
Xanthomonas fragariae	48664	S	2165	425	2590	0.00008
Xanthomonas hortorum	56454	S	2152	1587	3739	0.00011
Xanthomonas vesicatoria	56460	S	2018	858	2876	0.00009
Xanthomonas vasicola	56459	S	1705	501	2206	0.00007
Xanthomonas cassavae	56450	S	1577	395	1972	0.00006
Xanthomonas hydrangeae	2775159	S	1196	436	1632	0.00005
Xanthomonas euroxanthea	2259622	S	1162	1500	2662	0.00008
Xanthomonas axonopodis	53413	S	1103	679	1782	0.00005
Xanthomonas phaseoli	1985254	S	713	2981	3694	0.00011
Xanthomonas euvesicatoria	456327	S	531	2463	2994	0.00009
Xanthomonas perforans	442694	S	103	564	667	0.00002
Luteimonas sp. MC1750	2799326	S	9678	3094	12772	0.00038
Luteimonas sp. JM171	1896164	S	8567	1375	9942	0.00030
Luteimonas sp. D4P002	2901869	S	8111	1779	9890	0.00029
Luteimonas sp. S4-F44	2925842	S	7617	1221	8838	0.00026
Luteimonas sp. MC1825	2761107	S	7153	3551	10704	0.00032
Luteimonas sp. YGD11-2	2508168	S	7115	2895	10010	0.00030
Luteimonas sp. MC1572	2799325	S	6823	3278	10101	0.00030
Luteimonas granuli	1176533	S	9506	2934	12440	0.00037
Luteimonas yindakuii	2565782	S	6756	2485	9241	0.00028
Luteimonas chenhongjianii	2006110	S	6307	1200	7507	0.00022
Thermomonas sp. XSG	2771436	S	23011	8415	31426	0.00094
Thermomonas sp. HDW16	2714945	S	7537	1680	9217	0.00027
Thermomonas brevis	215691	S	25754	8660	34414	0.00102
Thermomonas aquatica	2202149	S	14333	5827	20160	0.00060
Thermomonas carbonis	1463158	S	10344	1824	12168	0.00036
Arenimonas daejeonensis	370777	S	55964	8648	64612	0.00192
Pseudolysobacter antarcticus	2511995	S	5587	102	5689	0.00017
Xylella fastidiosa	2371	S	826	227	1053	0.00003
Xylella taiwanensis	1444770	S	502	22	524	0.00002
Dyella thiooxydans	445710	S	67192	14349	81541	0.00243
Dyella japonica	231455	S	4388	1023	5411	0.00016
Dyella telluris	2763498	S	4017	832	4849	0.00014
Dyella terrae	522259	S	2908	311	3219	0.00010
Dyella caseinilytica	1849581	S	2731	148	2879	0.00009
Dyella sp. M7H15-1	2501295	S	1840	130	1970	0.00006
Rhodanobacter denitrificans	666685	S	17987	5465	23452	0.00070
Rhodanobacter sp. FDAARGOS 1247	2778082	S	11235	2622	13857	0.00041
Rhodanobacter thiooxydans	416169	S	9529	3647	13176	0.00039
Rhodanobacter glycinis	582702	S	6100	780	6880	0.00020
Luteibacter sp. 321	2911537	S	5198	1290	6488	0.00019
Luteibacter sp. EIF3	2780091	S	4312	613	4925	0.00015
Luteibacter sp. 335	2911538	S	3583	822	4405	0.00013
Luteibacter sp. 353	2911539	S	3093	884	3977	0.00012
Luteibacter rhizovicinus	242606	S	4062	510	4572	0.00014
Luteibacter pinisoli	2589080	S	3909	1011	4920	0.00015
Luteibacter anthropi	564369	S	3295	561	3856	0.00011
Frateuria sp. 5GH9-11	1542730	S	6437	2060	8497	0.00025
Frateuria sp. 5GH9-34	2898793	S	6412	1648	8060	0.00024
Frateuria aurantia	81475	S	2109	187	2296	0.00007
Dokdonella koreensis	323415	S	14191	1665	15856	0.00047
Aerosticca soli	2010829	S	6673	5707	12380	0.00037
Ahniella affigens	2021234	S	4443	74	4517	0.00013
Pseudomonas sp. CC6-YY-74	1930532	S	4430	387	4817	0.00014
Pseudomonas sp. ATCC 13867	1294143	S	3084	825	3909	0.00012
Pseudomonas sp. A2	107445	S	2957	13539	16496	0.00049
Pseudomonas sp. LPB0260	2614442	S	2838	431	3269	0.00010
Pseudomonas sp. PDNC002	2811422	S	2212	428	2640	0.00008
Pseudomonas sp. SCB32	2653853	S	2119	353	2472	0.00007
Pseudomonas sp. TCU-HL1	1856685	S	2118	235	2353	0.00007
Pseudomonas sp. KNUC1026	2893890	S	2114	147	2261	0.00007
Pseudomonas sp. MTM4	2705472	S	2025	289	2314	0.00007
Pseudomonas sp. DY-1	1755504	S	1946	194	2140	0.00006
Pseudomonas sp. ABC1	2748080	S	1932	210	2142	0.00006
Pseudomonas sp. p1(2021b)	2874628	S	1924	800	2724	0.00008
Pseudomonas sp. Ost2	2678260	S	1857	227	2084	0.00006
Pseudomonas sp. MM211	2866808	S	1649	116	1765	0.00005
Pseudomonas sp. StFLB209	1028989	S	1475	254	1729	0.00005
Pseudomonas sp. B11D7D	2735906	S	1464	245	1709	0.00005
Pseudomonas sp. OIL-1	2706126	S	1351	246	1597	0.00005
Pseudomonas sp. MSPm1	2726956	S	1326	266	1592	0.00005
Pseudomonas sp. 7SR1	1881017	S	1198	177	1375	0.00004
Pseudomonas sp. gcc21	2726989	S	1148	372	1520	0.00005
Pseudomonas sp. L5B5	2883205	S	1134	175	1309	0.00004
Pseudomonas sp. DG56-2	2320270	S	1087	92	1179	0.00004
Pseudomonas sp. Pc102	2678261	S	1076	561	1637	0.00005
Pseudomonas sp. HLS-6	2049589	S	1044	226	1270	0.00004
Pseudomonas sp. HN2-3	2886360	S	1026	193	1219	0.00004
Pseudomonas sp. M30-35	1981174	S	1023	42	1065	0.00003
Pseudomonas sp. CMR5c	658630	S	994	257	1251	0.00004
Pseudomonas sp. LAB-08	143813	S	956	153	1109	0.00003
Pseudomonas sp. Y5-11	2749808	S	913	2510	3423	0.00010
Pseudomonas sp. Leaf58	1736226	S	905	146	1051	0.00003
Pseudomonas sp. Marseille-Q3773	2866592	S	838	244	1082	0.00003
Pseudomonas sp. Seg1	2678259	S	813	170	983	0.00003
Pseudomonas sp. LS.1a	2920387	S	780	310	1090	0.00003
Pseudomonas sp. URMO17WK12:I11	1283291	S	772	519	1291	0.00004
Pseudomonas sp. DTU12.3	2073078	S	769	178	947	0.00003
Pseudomonas sp. 15A4	2804761	S	764	191	955	0.00003
Pseudomonas sp. MPC6	2498848	S	762	146	908	0.00003
Pseudomonas sp. MM213	2866807	S	743	146	889	0.00003
Pseudomonas sp. ADAK13	2730847	S	720	158	878	0.00003
Pseudomonas sp. S09G 359	2054919	S	715	159	874	0.00003
Pseudomonas sp. NIBR-H-19	2901380	S	690	135	825	0.00002
Pseudomonas sp. S34	1573718	S	681	143	824	0.00002
Pseudomonas sp. ADPe	2774873	S	642	1347	1989	0.00006
Pseudomonas sp. RtIB026	2749999	S	629	336	965	0.00003
Pseudomonas sp. FGI182	1259844	S	627	703	1330	0.00004
Pseudomonas sp. M1	95619	S	627	1299	1926	0.00006
Pseudomonas sp. MRSN12121	1611770	S	623	834	1457	0.00004
Pseudomonas sp. DNDY-54	2870860	S	608	308	916	0.00003
Pseudomonas sp. OE 28.3	2745519	S	601	130	731	0.00002
Pseudomonas sp. S35	1573719	S	585	145	730	0.00002
Pseudomonas sp. PP3	2815936	S	585	188	773	0.00002
Pseudomonas sp. R2A2	2213057	S	567	651	1218	0.00004
Pseudomonas sp. 31-12	2201356	S	567	133	700	0.00002
Pseudomonas sp. ACM7	2052956	S	564	101	665	0.00002
Pseudomonas sp. HN11	1344094	S	552	118	670	0.00002
Pseudomonas sp. 2hn	2866626	S	551	342	893	0.00003
Pseudomonas sp. R5-89-07	658644	S	548	157	705	0.00002
Pseudomonas sp. ADAK18	2730848	S	543	86	629	0.00002
Pseudomonas sp. St316	2678257	S	518	169	687	0.00002
Pseudomonas sp. HS6	2850559	S	517	144	661	0.00002
Pseudomonas sp. Tri1	2823875	S	513	118	631	0.00002
Pseudomonas sp. DR48	2871095	S	511	233	744	0.00002
Pseudomonas sp. C27(2019)	2604941	S	498	49	547	0.00002
Pseudomonas sp. NS1(2017)	2025658	S	487	130	617	0.00002
Pseudomonas sp. LG1E9	2219057	S	480	130	610	0.00002
Pseudomonas sp. RC3H12	2834406	S	434	247	681	0.00002
Pseudomonas sp. LPH1	1898684	S	432	408	840	0.00003
Pseudomonas sp. R84	1573712	S	416	186	602	0.00002
Pseudomonas sp. FIT81	2837969	S	407	243	650	0.00002
Pseudomonas sp. AO-1	2855434	S	397	357	754	0.00002
Pseudomonas sp. SDM007	2812000	S	385	212	597	0.00002
Pseudomonas sp. phDV1	253237	S	364	1024	1388	0.00004
Pseudomonas sp. RBPA9	2746321	S	361	792	1153	0.00003
Pseudomonas sp. SK	2729423	S	359	305	664	0.00002
Pseudomonas sp. IzPS59	2774459	S	356	168	524	0.00002
Pseudomonas sp. 14181154	2662033	S	348	334	682	0.00002
Pseudomonas sp. CCOS 191	1649877	S	348	276	624	0.00002
Pseudomonas sp. HS-18	2879114	S	344	691	1035	0.00003
Pseudomonas sp. SK3(2021)	2841064	S	318	208	526	0.00002
Pseudomonas sp. BYT-1	2816906	S	318	2264	2582	0.00008
Pseudomonas sp. BIGb0427	2724470	S	317	673	990	0.00003
Pseudomonas sp. LTJR-52	2479392	S	316	105	421	0.00001
Pseudomonas sp. NIBRBAC000502773	2590776	S	314	161	475	0.00001
Pseudomonas sp. SCA2728.1_7	2825975	S	312	165	477	0.00001
Pseudomonas sp. 3-2	2867408	S	309	405	714	0.00002
Pseudomonas sp. THAF7b	2587845	S	309	582	891	0.00003
Pseudomonas sp. R76	1573711	S	307	154	461	0.00001
Pseudomonas sp. UW4	1207075	S	299	200	499	0.00001
Pseudomonas sp. CYM-20-01	2870750	S	299	151	450	0.00001
Pseudomonas sp. Z003-0.4C(8344-21)	1855380	S	271	198	469	0.00001
Pseudomonas sp. AN-B15	2697023	S	268	688	956	0.00003
Pseudomonas sp. 02C 26	2054914	S	243	499	742	0.00002
Pseudomonas sp. HN2	2884805	S	242	226	468	0.00001
Pseudomonas sp. SC3(2021)	2871493	S	221	251	472	0.00001
Pseudomonas sp. DR 5-09	1534110	S	211	291	502	0.00001
Pseudomonas sp. Cab53	2678258	S	208	350	558	0.00002
Pseudomonas sp. J380	2605424	S	206	262	468	0.00001
Pseudomonas sp. S07E 245	2866278	S	206	448	654	0.00002
Pseudomonas sp. B10	118613	S	194	147	341	0.00001
Pseudomonas sp. MYb193	1827300	S	194	205	399	0.00001
Pseudomonas sp. SORT22	2813842	S	188	424	612	0.00002
Pseudomonas sp. ATCC 43928	676210	S	187	456	643	0.00002
Pseudomonas sp. 09C 129	2054915	S	181	235	416	0.00001
Pseudomonas sp. CIP-10	2892442	S	178	1411	1589	0.00005
Pseudomonas sp. FDAARGOS_380	2018067	S	170	143	313	0.00001
Pseudomonas sp. PONIH3	1636610	S	157	687	844	0.00003
Pseudomonas sp. MPFS	2795724	S	152	265	417	0.00001
Pseudomonas sp. 13159349	2662034	S	149	1436	1585	0.00005
Pseudomonas sp. SWI44	2083053	S	147	1147	1294	0.00004
Pseudomonas sp. S49	1573720	S	143	357	500	0.00001
Pseudomonas sp. RU47	2005388	S	141	347	488	0.00001
Pseudomonas sp. LBUM920	2126069	S	140	333	473	0.00001
Pseudomonas sp. BIOMIG1BAC	1758730	S	136	417	553	0.00002
Pseudomonas sp. S150	2559074	S	125	207	332	0.00001
Pseudomonas sp. BJP69	2597770	S	122	611	733	0.00002
Pseudomonas sp. SWI36	2083052	S	121	341	462	0.00001
Pseudomonas sp. St29	1500687	S	116	452	568	0.00002
Pseudomonas sp. MPDS	2762896	S	116	446	562	0.00002
Pseudomonas sp. GR 6-02	1659194	S	115	277	392	0.00001
Pseudomonas sp. ADAK22	2730851	S	114	273	387	0.00001
Pseudomonas sp. DTU12.1	2654238	S	114	425	539	0.00002
Pseudomonas sp. CFA	2651048	S	110	514	624	0.00002
Pseudomonas sp. ArH3a	2862945	S	108	259	367	0.00001
Pseudomonas sp. B14-6	2738843	S	105	303	408	0.00001
Pseudomonas sp. TMW 2.1634	1886807	S	103	277	380	0.00001
Pseudomonas sp. NC02	2067572	S	101	327	428	0.00001
Pseudomonas sp. A214	1855331	S	100	303	403	0.00001
Pseudomonas sp. R32	1573704	S	97	265	362	0.00001
Pseudomonas sp. R2-60-08W	1173280	S	97	634	731	0.00002
Pseudomonas sp. IAC-BECa141	2793103	S	91	199	290	0.00001
Pseudomonas sp. R3-18-08	1173283	S	89	244	333	0.00001
Pseudomonas sp. SXM-1	2169583	S	89	270	359	0.00001
Pseudomonas sp. BC42	2933816	S	88	417	505	0.00002
Pseudomonas sp. Y39-6	2749807	S	88	305	393	0.00001
Pseudomonas sp. R2-37-08W	1173273	S	85	376	461	0.00001
Pseudomonas sp. R4-39-08	1173288	S	76	419	495	0.00001
Pseudomonas sp. DR208	2870840	S	76	196	272	0.00001
Pseudomonas sp. Colony2	2861799	S	74	308	382	0.00001
Pseudomonas sp. R4-34-07	658642	S	73	396	469	0.00001
Pseudomonas sp. CFSAN084952	2664899	S	72	229	301	0.00001
Pseudomonas sp. LG1D9	2083054	S	71	248	319	0.00001
Pseudomonas sp. Os17	1500686	S	71	337	408	0.00001
Pseudomonas sp. R3-52-08	1173284	S	71	404	475	0.00001
Pseudomonas sp. HN8-3	2886361	S	66	139	205	0.00001
Pseudomonas sp. XWY-1	2069256	S	66	349	415	0.00001
Pseudomonas sp. OST1909	2777367	S	60	197	257	0.00001
Pseudomonas sp. Eqa60	2799184	S	59	364	423	0.00001
Pseudomonas sp. PS1(2021)	2866282	S	58	1404	1462	0.00004
Pseudomonas sp. St290	1602166	S	58	242	300	0.00001
Pseudomonas sp. 7-41	2898483	S	54	253	307	0.00001
Pseudomonas sp. So3.2b	2864101	S	50	172	222	0.00001
Pseudomonas sp. SWI6	2083051	S	49	754	803	0.00002
Pseudomonas sp. R4-35-07	658643	S	43	272	315	0.00001
Pseudomonas sp. LH1G9	2083055	S	43	157	200	0.00001
Pseudomonas sp. TKP	1415630	S	43	160	203	0.00001
Pseudomonas sp. KUIN-1	2609418	S	42	267	309	0.00001
Pseudomonas sp. VLB120	69328	S	42	531	573	0.00002
Pseudomonas sp. IB20	1702250	S	42	232	274	0.00001
Pseudomonas sp. SW-3	147212	S	41	163	204	0.00001
Pseudomonas sp. St386	2678256	S	39	349	388	0.00001
Pseudomonas sp. R1-43-08	1173270	S	39	216	255	0.00001
Pseudomonas sp. SWI7	2587597	S	35	227	262	0.00001
Pseudomonas sp. I3-I5	2926671	S	34	137	171	0.00001
Pseudomonas sp. JS425	2829498	S	33	1010	1043	0.00003
Pseudomonas sp. SK2	2841063	S	30	499	529	0.00002
Pseudomonas sp. R2-7-07	658641	S	28	247	275	0.00001
Pseudomonas sp. JY-Q	1338689	S	26	205	231	0.00001
Pseudomonas sp. FDAARGOS_761	2545800	S	18	374	392	0.00001
Pseudomonas sp. R11-23-07	658632	S	13	108	121	0.00000
Pseudomonas sp. bs2935	1761895	S	12	393	405	0.00001
Pseudomonas mediterranea	183795	S	19850	3786	23636	0.00070
Pseudomonas fluorescens	294	S	12939	10037	22976	0.00068
Pseudomonas protegens	380021	S	2648	2321	4969	0.00015
Pseudomonas orientalis	76758	S	2172	482	2654	0.00008
Pseudomonas azotoformans	47878	S	1606	561	2167	0.00006
Pseudomonas synxantha	47883	S	1533	779	2312	0.00007
Pseudomonas corrugata	47879	S	1231	196	1427	0.00004
Pseudomonas rhodesiae	76760	S	1100	316	1416	0.00004
Pseudomonas trivialis	200450	S	1044	299	1343	0.00004
Pseudomonas poae	200451	S	1042	448	1490	0.00004
Pseudomonas mucidolens	46679	S	938	104	1042	0.00003
Pseudomonas tolaasii	29442	S	927	146	1073	0.00003
Pseudomonas migulae	78543	S	729	256	985	0.00003
Pseudomonas congelans	200452	S	612	171	783	0.00002
Pseudomonas cedrina	651740	S	610	126	736	0.00002
Pseudomonas brenneri	129817	S	482	129	611	0.00002
Pseudomonas veronii	76761	S	462	1165	1627	0.00005
Pseudomonas libanensis	75588	S	423	371	794	0.00002
Pseudomonas mandelii	75612	S	340	876	1216	0.00004
Pseudomonas ogarae	1114970	S	307	215	522	0.00002
Pseudomonas extremorientalis	169669	S	109	258	367	0.00001
Pseudomonas aeruginosa	287	S	15178	106704	121882	0.00363
Pseudomonas alcaligenes	43263	S	15001	6936	21937	0.00065
Pseudomonas mendocina	300	S	7688	2216	9904	0.00029
Pseudomonas furukawaii	1149133	S	3222	704	3926	0.00012
Pseudomonas oleovorans	301	S	954	2641	3595	0.00011
Pseudomonas resinovorans	53412	S	3032	534	3566	0.00011
Pseudomonas multiresinivorans	95301	S	1495	417	1912	0.00006
Pseudomonas nitroreducens	46680	S	459	801	1260	0.00004
Pseudomonas citronellolis	53408	S	1229	1648	2877	0.00009
Pseudomonas putida	303	S	26769	36758	63527	0.00189
Pseudomonas oryzihabitans	47885	S	4520	837	5357	0.00016
Pseudomonas fulva	47880	S	3413	7268	10681	0.00032
Pseudomonas plecoglossicida	70775	S	1263	836	2099	0.00006
Pseudomonas monteilii	76759	S	832	5567	6399	0.00019
Pseudomonas mosselii	78327	S	659	960	1619	0.00005
Pseudomonas sp. SGAir0191	2217867	S	321	193	514	0.00002
Pseudomonas shirazica	1940636	S	112	1180	1292	0.00004
Pseudomonas stutzeri	316	S	26335	13390	39725	0.00118
Pseudomonas chloritidismutans	203192	S	283	349	632	0.00002
Pseudomonas balearica	74829	S	8386	8304	16690	0.00050
Pseudomonas xanthomarina	271420	S	1351	175	1526	0.00005
Pseudomonas luteola	47886	S	381	151	532	0.00002
Pseudomonas syringae	317	S	4426	4989	9415	0.00028
Pseudomonas viridiflava	33069	S	3014	289	3303	0.00010
Pseudomonas cichorii	36746	S	1804	122	1926	0.00006
Pseudomonas amygdali	47877	S	724	2437	3161	0.00009
Pseudomonas savastanoi	29438	S	201	755	956	0.00003
Pseudomonas asturiensis	1190415	S	971	73	1044	0.00003
Pseudomonas syringae group genomosp. 7	251699	S	867	91	958	0.00003
Pseudomonas fuscovaginae	50340	S	398	225	623	0.00002
Pseudomonas avellanae	46257	S	230	238	468	0.00001
Pseudomonas coronafaciens	53409	S	164	331	495	0.00001
Pseudomonas syringae group genomosp. 3	251701	S	160	3588	3748	0.00011
Pseudomonas sp. Lz4W	1206777	S	59	106	165	0.00000
Pseudomonas tremae	200454	S	47	74	121	0.00000
Pseudomonas chlororaphis	587753	S	7128	7093	14221	0.00042
Pseudomonas lundensis	86185	S	1088	104	1192	0.00004
Pseudomonas fragi	296	S	472	353	825	0.00002
Pseudomonas knackmussii	65741	S	4515	2533	7048	0.00021
Pseudomonas psychrotolerans	237610	S	4345	808	5153	0.00015
Pseudomonas otitidis	319939	S	4331	748	5079	0.00015
Pseudomonas oryzae	1392877	S	4156	965	5121	0.00015
Pseudomonas cavernae	2320867	S	3693	441	4134	0.00012
Pseudomonas entomophila	312306	S	3413	1297	4710	0.00014
Pseudomonas guangdongensis	1245526	S	3099	747	3846	0.00011
Pseudomonas campi	2731681	S	2914	318	3232	0.00010
Pseudomonas lalkuanensis	2604832	S	2776	393	3169	0.00009
Pseudomonas parafulva	157782	S	2017	489	2506	0.00007
Pseudomonas nanhaiensis	2830842	S	1913	170	2083	0.00006
Pseudomonas pohangensis	364197	S	1856	98	1954	0.00006
Pseudomonas asiatica	2219225	S	1813	9766	11579	0.00034
Pseudomonas eucalypticola	2599595	S	1791	171	1962	0.00006
Pseudomonas qingdaonensis	2056231	S	1695	269	1964	0.00006
Pseudomonas vanderleydeniana	2745495	S	1684	186	1870	0.00006
Pseudomonas alkylphenolica	237609	S	1648	258	1906	0.00006
Pseudomonas phragmitis	1931241	S	1567	92	1659	0.00005
Pseudomonas brassicacearum	930166	S	1550	2724	4274	0.00013
Pseudomonas rhizosphaerae	216142	S	1532	138	1670	0.00005
Pseudomonas marincola	437900	S	1499	159	1658	0.00005
Pseudomonas frederiksbergensis	104087	S	1477	393	1870	0.00006
Pseudomonas saudiphocaensis	1499686	S	1446	187	1633	0.00005
Pseudomonas argentinensis	289370	S	1402	271	1673	0.00005
Pseudomonas cremoricolorata	157783	S	1383	154	1537	0.00005
Pseudomonas vancouverensis	95300	S	1261	163	1424	0.00004
Pseudomonas umsongensis	198618	S	1252	163	1415	0.00004
Pseudomonas tohonis	2725477	S	1215	811	2026	0.00006
Pseudomonas muyukensis	2842357	S	1204	297	1501	0.00004
Pseudomonas yamanorum	515393	S	1189	236	1425	0.00004
Pseudomonas zhaodongensis	1176257	S	1178	453	1631	0.00005
Pseudomonas wenzhouensis	2906062	S	1167	388	1555	0.00005
Pseudomonas alvandae	2842348	S	1089	145	1234	0.00004
Pseudomonas sediminis	1691904	S	1022	249	1271	0.00004
Pseudomonas palleroniana	191390	S	1018	141	1159	0.00003
Pseudomonas koreensis	198620	S	1011	362	1373	0.00004
Pseudomonas xantholysinigenes	2745490	S	952	217	1169	0.00003
Pseudomonas tructae	2518644	S	879	124	1003	0.00003
Pseudomonas fakonensis	2842355	S	839	229	1068	0.00003
Pseudomonas xanthosomae	2842356	S	839	234	1073	0.00003
Pseudomonas extremaustralis	359110	S	811	155	966	0.00003
Pseudomonas agarici	46677	S	798	33	831	0.00002
Pseudomonas granadensis	1421430	S	795	352	1147	0.00003
Pseudomonas promysalinigenes	485898	S	790	91	881	0.00003
Pseudomonas antarctica	219572	S	787	177	964	0.00003
Pseudomonas arsenicoxydans	702115	S	761	152	913	0.00003
Pseudomonas hamedanensis	2745504	S	756	119	875	0.00003
Pseudomonas thivervalensis	86265	S	752	151	903	0.00003
Pseudomonas graminis	158627	S	750	191	941	0.00003
Pseudomonas prosekii	1148509	S	745	100	845	0.00003
Pseudomonas khazarica	2502979	S	716	838	1554	0.00005
Pseudomonas silesiensis	1853130	S	710	128	838	0.00002
Pseudomonas taetrolens	47884	S	694	65	759	0.00002
Pseudomonas asgharzadehiana	2842349	S	674	135	809	0.00002
Pseudomonas alcaliphila	101564	S	637	598	1235	0.00004
Pseudomonas psychrophila	122355	S	626	65	691	0.00002
Pseudomonas maumuensis	2842354	S	608	261	869	0.00003
Pseudomonas versuta	1788301	S	606	73	679	0.00002
Pseudomonas lini	163011	S	601	101	702	0.00002
Pseudomonas toyotomiensis	554344	S	587	510	1097	0.00003
Pseudomonas viciae	2505979	S	567	123	690	0.00002
Pseudomonas lurida	244566	S	555	113	668	0.00002
Pseudomonas chengduensis	489632	S	541	881	1422	0.00004
Pseudomonas germanica	2815720	S	507	264	771	0.00002
Pseudomonas simiae	321846	S	503	111	614	0.00002
Pseudomonas reinekei	395598	S	496	125	621	0.00002
Pseudomonas allokribbensis	2774460	S	466	167	633	0.00002
Pseudomonas kribbensis	1628086	S	432	396	828	0.00002
Pseudomonas anuradhapurensis	485870	S	431	357	788	0.00002
Pseudomonas sihuiensis	1274359	S	421	502	923	0.00003
Pseudomonas gozinkensis	2774461	S	411	178	589	0.00002
Pseudomonas moraviensis	321662	S	374	560	934	0.00003
Pseudomonas atacamensis	2565368	S	365	346	711	0.00002
Pseudomonas azerbaijanoriens	2842350	S	358	224	582	0.00002
Pseudomonas tritici	2745518	S	355	102	457	0.00001
Pseudomonas oryziphila	2894079	S	344	252	596	0.00002
Pseudomonas tensinigenes	2745511	S	323	156	479	0.00001
Pseudomonas asplenii	53407	S	322	190	512	0.00002
Pseudomonas iranensis	2745503	S	285	208	493	0.00001
Pseudomonas kunmingensis	1211807	S	264	355	619	0.00002
Pseudomonas zeae	2745510	S	261	124	385	0.00001
Pseudomonas monsensis	2745509	S	210	219	429	0.00001
Pseudomonas sessilinigenes	658629	S	198	502	700	0.00002
Pseudomonas zarinae	2745498	S	173	125	298	0.00001
Pseudomonas lactis	1615674	S	173	122	295	0.00001
Pseudomonas juntendi	2666183	S	156	1039	1195	0.00004
Pseudomonas soli	1306993	S	153	469	622	0.00002
Pseudomonas donghuensis	1163398	S	146	396	542	0.00002
Pseudomonas salmasensis	2745514	S	144	89	233	0.00001
Pseudomonas shahriarae	2745512	S	122	469	591	0.00002
Pseudomonas glycinae	1785145	S	121	207	328	0.00001
Pseudomonas bijieensis	2681983	S	110	413	523	0.00002
Candidatus Pseudomonas adelgestsugas	1302376	S	88	1	89	0.00000
Pseudomonas cerasi	1583341	S	72	144	216	0.00001
Pseudomonas rhizophila	2045200	S	64	170	234	0.00001
Pseudomonas taiwanensis	470150	S	30	351	381	0.00001
Permianibacter aggregans	1510150	S	13511	249	13760	0.00041
Azotobacter chroococcum	353	S	3480	1072	4552	0.00014
Azotobacter vinelandii	354	S	2156	12838	14994	0.00045
Azotobacter salinestris	69964	S	1955	446	2401	0.00007
Halopseudomonas xinjiangensis	487184	S	1666	121	1787	0.00005
Halopseudomonas aestusnigri	857252	S	1477	888	2365	0.00007
Halopseudomonas sp. RR6	2918528	S	1310	190	1500	0.00004
Halopseudomonas sabulinigri	472181	S	1249	99	1348	0.00004
Halopseudomonas litoralis	797277	S	1067	199	1266	0.00004
Halopseudomonas salegens	1434072	S	939	51	990	0.00003
Entomomonas moraniae	2213226	S	162	7	169	0.00001
Entomomonas sp. F2A	2785331	S	160	7	167	0.00000
Thiopseudomonas alkaliphila	1697053	S	301	43	344	0.00001
Marinobacter sp. CA1	2817656	S	1569	99	1668	0.00005
Marinobacter sp. NP-4(2019)	2488665	S	1223	217	1440	0.00004
Marinobacter sp. Arc7-DN-1	2304594	S	1067	146	1213	0.00004
Marinobacter sp. LPB0319	2769486	S	905	48	953	0.00003
Marinobacter sp. LV10R510-11A	1415568	S	593	21	614	0.00002
Marinobacter sp. JH2	2547598	S	556	144	700	0.00002
Marinobacter sp. LQ44	1749259	S	474	783	1257	0.00004
Marinobacter sp. CP1	1671721	S	409	855	1264	0.00004
Marinobacter sp. es.042	1761794	S	370	394	764	0.00002
Marinobacter sp. BSs20148	490759	S	204	136	340	0.00001
Marinobacter fonticola	2603215	S	1402	56	1458	0.00004
Marinobacter nauticus	2743	S	1259	377	1636	0.00005
Marinobacter salarius	1420917	S	1174	145	1319	0.00004
Marinobacter similis	1420916	S	902	82	984	0.00003
Marinobacter salinus	1874317	S	787	45	832	0.00002
Marinobacter salsuginis	418719	S	693	101	794	0.00002
Marinobacter adhaerens	1033846	S	263	513	776	0.00002
Marinobacter psychrophilus	330734	S	208	141	349	0.00001
Cellvibrio sp. KY-GH-1	2303332	S	263065	7630	270695	0.00806
Cellvibrio sp. KY-YJ-3	454662	S	42946	2316	45262	0.00135
Cellvibrio sp. PSBB006	1987723	S	7419	135	7554	0.00022
Cellvibrio sp. PSBB023	1945512	S	6630	286	6916	0.00021
Cellvibrio japonicus	155077	S	6589	265	6854	0.00020
Teredinibacter turnerae	2426	S	673	17	690	0.00002
Teredinibacter haidensis	2731755	S	531	17	548	0.00002
Teredinibacter purpureus	2731756	S	388	11	399	0.00001
Simiduia agarivorans	447471	S	1261	43	1304	0.00004
Saccharophagus degradans	86304	S	425	8	433	0.00001
Marinagarivorans sp. GE09	2721545	S	353	15	368	0.00001
Agarilytica rhodophyticola	1737490	S	273	4	277	0.00001
Microbulbifer sp. YPW16	2904242	S	1859	142	2001	0.00006
Microbulbifer sp. SH-1	2681547	S	1657	221	1878	0.00006
Microbulbifer sp. YPW1	2745199	S	1126	184	1310	0.00004
Microbulbifer sp. ALW1	1516059	S	859	130	989	0.00003
Microbulbifer sp. A4B17	359370	S	483	103	586	0.00002
Microbulbifer sp. GL-2	2591606	S	463	71	534	0.00002
Microbulbifer sp. THAF38	2587856	S	424	138	562	0.00002
Microbulbifer celer	435905	S	1299	144	1443	0.00004
Microbulbifer aggregans	1769779	S	1124	113	1237	0.00004
Microbulbifer hydrolyticus	48074	S	1072	184	1256	0.00004
Microbulbifer elongatus	86173	S	1028	154	1182	0.00004
Microbulbifer thermotolerans	252514	S	988	47	1035	0.00003
Microbulbifer agarilyticus	260552	S	879	89	968	0.00003
Microbulbifer variabilis	266805	S	390	140	530	0.00002
Kineobactrum salinum	2708301	S	2213	67	2280	0.00007
Halioglobus japonicus	930805	S	993	49	1042	0.00003
Halioglobus maricola	2601894	S	859	36	895	0.00003
Aequoribacter fuscus	2518989	S	1334	220	1554	0.00005
Congregibacter litoralis	393662	S	938	294	1232	0.00004
Spongiibacter nanhainus	2794344	S	1059	100	1159	0.00003
Spongiibacter taiwanensis	1748242	S	871	30	901	0.00003
Spongiibacter sp. IMCC21906	1620392	S	398	85	483	0.00001
Zhongshania aliphaticivorans	1470434	S	610	36	646	0.00002
Oceanicoccus sagamiensis	716816	S	399	5	404	0.00001
Klebsiella pneumoniae	573	S	5078	84320	89398	0.00266
Klebsiella quasipneumoniae	1463165	S	1142	2522	3664	0.00011
Klebsiella aerogenes	548	S	915	423	1338	0.00004
Klebsiella oxytoca	571	S	806	366	1172	0.00003
Klebsiella sp. A52	2834819	S	58	41	99	0.00000
Klebsiella sp. WP3-W18-ESBL-02	2675710	S	22	870	892	0.00003
Klebsiella sp. BDA134-6	2787706	S	11	25	36	0.00000
Klebsiella michiganensis	1134687	S	428	1752	2180	0.00006
Klebsiella variicola	244366	S	402	1081	1483	0.00004
Klebsiella huaxiensis	2153354	S	243	143	386	0.00001
Klebsiella quasivariicola	2026240	S	209	173	382	0.00001
Klebsiella africana	2489010	S	156	68	224	0.00001
Klebsiella grimontii	2058152	S	128	588	716	0.00002
Raoultella sp. HC6	2923366	S	417	230	647	0.00002
Raoultella planticola	575	S	301	229	530	0.00002
Raoultella ornithinolytica	54291	S	288	1872	2160	0.00006
Raoultella terrigena	577	S	210	382	592	0.00002
Raoultella electrica	1259973	S	39	81	120	0.00000
Enterobacter cloacae	550	S	2654	2909	5563	0.00017
Enterobacter hormaechei	158836	S	738	11660	12398	0.00037
Enterobacter asburiae	61645	S	553	2890	3443	0.00010
Enterobacter cancerogenus	69218	S	470	113	583	0.00002
Enterobacter roggenkampii	1812935	S	409	1205	1614	0.00005
Enterobacter ludwigii	299767	S	345	602	947	0.00003
Enterobacter kobei	208224	S	206	1573	1779	0.00005
Enterobacter chengduensis	2494701	S	194	100	294	0.00001
Enterobacter cloacae complex sp.	2027919	S	80	1493	1573	0.00005
Enterobacter sp. BIDMC 29	1329841	S	33	82	115	0.00000
Enterobacter cloacae complex sp. ECNIH7	1915310	S	17	96	113	0.00000
Enterobacter sp. BIDMC100	1686399	S	16	136	152	0.00000
Enterobacter cloacae complex sp. ECL414	2912628	S	13	168	181	0.00001
Enterobacter chuandaensis	2497875	S	182	80	262	0.00001
Enterobacter sichuanensis	2071710	S	89	57	146	0.00000
Enterobacter sp. SA187	1914861	S	484	62	546	0.00002
Enterobacter sp. JUb54	2724468	S	482	70	552	0.00002
Enterobacter sp. E76	2596949	S	332	457	789	0.00002
Enterobacter sp. RHBSTW-00175	2742639	S	221	148	369	0.00001
Enterobacter sp. RHBSTW-00994	2742676	S	174	31	205	0.00001
Enterobacter sp. Colony194	2866201	S	128	127	255	0.00001
Enterobacter sp. JBIWA008	2831892	S	75	35	110	0.00000
Enterobacter sp. SES19	2705458	S	75	60	135	0.00000
Enterobacter sp. SGAir0187	2836161	S	73	62	135	0.00000
Enterobacter sp. JBIWA003	2831890	S	57	57	114	0.00000
Enterobacter sp. JBIWA005	2831891	S	35	49	84	0.00000
Enterobacter sp. E20	1560339	S	29	180	209	0.00001
Enterobacter sp. N18-03635	2500132	S	25	47	72	0.00000
Enterobacter sp. DNB-S2	2720029	S	19	68	87	0.00000
Enterobacter sp. HK169	1868135	S	17	56	73	0.00000
Enterobacter mori	539813	S	1042	970	2012	0.00006
Enterobacter huaxiensis	2494702	S	259	54	313	0.00001
Enterobacter bugandensis	881260	S	209	267	476	0.00001
Enterobacter oligotrophicus	2478464	S	194	40	234	0.00001
Enterobacter soli	885040	S	163	30	193	0.00001
Citrobacter freundii	546	S	647	2323	2970	0.00009
Citrobacter portucalensis	1639133	S	185	1534	1719	0.00005
Citrobacter werkmanii	67827	S	145	289	434	0.00001
Citrobacter braakii	57706	S	111	808	919	0.00003
Citrobacter freundii complex sp. CFNIH2	2066049	S	53	52	105	0.00000
Citrobacter freundii complex sp. CFNIH9	2077149	S	10	127	137	0.00000
Citrobacter sedlakii	67826	S	40	98	138	0.00000
Citrobacter youngae	133448	S	13	38	51	0.00000
Citrobacter sp. RHB25-C09	2742624	S	344	63	407	0.00001
Citrobacter sp. R56	1573676	S	305	61	366	0.00001
Citrobacter sp. BDA59-3	2781952	S	72	29	101	0.00000
Citrobacter sp. MGH 55	1439319	S	23	71	94	0.00000
Citrobacter sp. CFNIH10	1920110	S	14	145	159	0.00000
Citrobacter sp. FDAARGOS_156	1702170	S	11	60	71	0.00000
Citrobacter rodentium	67825	S	419	16	435	0.00001
Citrobacter farmeri	67824	S	384	133	517	0.00002
Citrobacter amalonaticus	35703	S	347	1477	1824	0.00005
Citrobacter koseri	545	S	251	292	543	0.00002
Citrobacter tructae	2562449	S	176	52	228	0.00001
Citrobacter pasteurii	1563222	S	128	95	223	0.00001
Citrobacter arsenatis	2546350	S	119	36	155	0.00000
Citrobacter cronae	1748967	S	28	195	223	0.00001
Kosakonia sp. SMBL-WEM22	2725560	S	280	117	397	0.00001
Kosakonia sp. MUSA4	2067958	S	235	148	383	0.00001
Kosakonia sp. CCTCC M2018092	2492396	S	155	154	309	0.00001
Kosakonia sacchari	1158459	S	635	267	902	0.00003
Kosakonia cowanii	208223	S	604	467	1071	0.00003
Kosakonia radicincitans	283686	S	233	237	470	0.00001
Kosakonia arachidis	551989	S	189	48	237	0.00001
Kosakonia oryzae	497725	S	167	131	298	0.00001
Kosakonia pseudosacchari	1646340	S	149	81	230	0.00001
Cronobacter sakazakii	28141	S	615	564	1179	0.00004
Cronobacter dublinensis	413497	S	489	155	644	0.00002
Cronobacter universalis	535744	S	442	297	739	0.00002
Cronobacter condimenti	1163710	S	421	98	519	0.00002
Cronobacter malonaticus	413503	S	203	282	485	0.00001
Cronobacter sp. JZ38	1906275	S	116	355	471	0.00001
Cronobacter muytjensii	413501	S	73	286	359	0.00001
Salmonella enterica	28901	S	2291	40266	42557	0.00127
Salmonella bongori	54736	S	496	69	565	0.00002
Leclercia adecarboxylata	83655	S	884	1198	2082	0.00006
Leclercia sp. 29361	2714951	S	244	75	319	0.00001
Leclercia sp. W6	2282310	S	54	91	145	0.00000
Leclercia sp. W17	2282309	S	48	118	166	0.00000
Leclercia sp. G3L	2898725	S	46	165	211	0.00001
Leclercia sp. J807	2681307	S	44	59	103	0.00000
Leclercia sp. Colony189	2681309	S	35	500	535	0.00002
Leclercia sp. 119287	2681308	S	29	70	99	0.00000
Leclercia sp. LSNIH1	1920114	S	16	165	181	0.00001
Leclercia pneumoniae	2815358	S	302	83	385	0.00001
Escherichia coli	562	S	1752	25504	27256	0.00081
Escherichia albertii	208962	S	297	143	440	0.00001
Escherichia fergusonii	564	S	243	224	467	0.00001
Escherichia marmotae	1499973	S	210	71	281	0.00001
Escherichia sp. E4742	2044467	S	93	37	130	0.00000
Pluralibacter gergoviae	61647	S	1363	281	1644	0.00005
[Enterobacter] lignolyticus	1334193	S	720	141	861	0.00003
Cedecea neteri	158822	S	1119	174	1293	0.00004
Cedecea lapagei	158823	S	328	66	394	0.00001
Cedecea sp. FDAARGOS_727	2545798	S	294	46	340	0.00001
Candidatus Symbiopectobacterium sp. SyEd1	2871826	S	554	46	600	0.00002
Blochmannia endosymbiont of Camponotus sp.	700220	S	51	23	74	0.00000
Blochmannia endosymbiont of Colobopsis nipponica	2681987	S	51	1	52	0.00000
Blochmannia endosymbiont of Polyrhachis (Hedomyrma) turneri	1505596	S	43	1	44	0.00000
Blochmannia endosymbiont of Camponotus nipponensis	2681986	S	33	2	35	0.00000
Blochmannia endosymbiont of Camponotus (Colobopsis) obliquus	1505597	S	31	1	32	0.00000
Candidatus Blochmannia vicinus	251540	S	95	21	116	0.00000
Candidatus Blochmannia ocreatus	251538	S	43	1	44	0.00000
Candidatus Blochmannia vafer	251535	S	18	0	18	0.00000
Candidatus Hamiltonella defensa	138072	S	141	6	147	0.00000
secondary endosymbiont of Ctenarytaina eucalypti	1199245	S	89	1	90	0.00000
secondary endosymbiont of Heteropsylla cubana	134287	S	68	1	69	0.00000
Candidatus Mikella endobia	1778264	S	77	7	84	0.00000
Candidatus Hoaglandella endobia	1778263	S	60	2	62	0.00000
Candidatus Doolittlea endobia	1778262	S	45	1	46	0.00000
Candidatus Gullanella endobia	1070130	S	45	1	46	0.00000
Candidatus Tachikawaea gelatinosa	1410383	S	39	4	43	0.00000
Candidatus Purcelliella pentastirinorum	472834	S	30	1	31	0.00000
Candidatus Annandia pinicola	1345117	S	12	8	20	0.00000
secondary endosymbiont of Trabutina mannipara	1835721	S	22	2	24	0.00000
Lelliottia amnigena	61646	S	921	183	1104	0.00003
Lelliottia sp. AC1	2067959	S	121	95	216	0.00001
Lelliottia sp. WB101	2153385	S	118	105	223	0.00001
Kluyvera ascorbata	51288	S	342	234	576	0.00002
Kluyvera intermedia	61648	S	280	131	411	0.00001
Kluyvera genomosp. 3	2774055	S	47	105	152	0.00000
Kluyvera sp. CRP	2873269	S	34	77	111	0.00000
Plesiomonas shigelloides	703	S	865	177	1042	0.00003
Enterobacteriaceae endosymbiont of Donacia cincticornis	2675773	S	130	63	193	0.00001
Enterobacteriaceae endosymbiont of Donacia provostii	2675781	S	68	20	88	0.00000
Enterobacteriaceae endosymbiont of Neohaemonia nigricornis	2675792	S	29	3	32	0.00000
Enterobacteriaceae endosymbiont of Donacia proxima	2675782	S	26	14	40	0.00000
Enterobacteriaceae endosymbiont of Donacia sparganii	2675785	S	20	8	28	0.00000
Enterobacteriaceae endosymbiont of Plateumaris sericea	2675797	S	17	9	26	0.00000
Enterobacteriaceae endosymbiont of Donacia tomentosa	2675787	S	15	2	17	0.00000
Enterobacteriaceae endosymbiont of Plateumaris braccata	2675793	S	15	6	21	0.00000
Enterobacteriaceae endosymbiont of Plateumaris pusilla	2675795	S	14	7	21	0.00000
Enterobacteriaceae endosymbiont of Donacia marginata	2675779	S	11	6	17	0.00000
Enterobacteriaceae endosymbiont of Donacia vulgaris	2675789	S	11	5	16	0.00000
Enterobacteriaceae endosymbiont of Plateumaris consimilis	2675794	S	10	4	14	0.00000
Enterobacteriaceae endosymbiont of Donacia thalassina	2675786	S	10	4	14	0.00000
Buttiauxella agrestis	82977	S	253	35	288	0.00001
Buttiauxella sp. 3AFRM03	2479367	S	52	121	173	0.00001
Buttiauxella ferragutiae	82989	S	40	102	142	0.00000
Jejubacter calystegiae	2579935	S	550	42	592	0.00002
Atlantibacter hermannii	565	S	529	76	605	0.00002
Pseudescherichia vulneris	566	S	529	27	556	0.00002
Phytobacter ursingii	1972431	S	325	292	617	0.00002
Phytobacter diazotrophicus	395631	S	33	186	219	0.00001
Phytobacter sp. SCO41	1756993	S	22	32	54	0.00000
Yokenella regensburgei	158877	S	379	97	476	0.00001
Shimwellia blattae	563	S	370	47	417	0.00001
Scandinavium goeteborgense	1851514	S	369	45	414	0.00001
Pseudocitrobacter sp. G163CM	2891570	S	338	55	393	0.00001
Candidatus Profftia tarda	1177216	S	57	1	58	0.00000
Candidatus Profftia lariciata	1987921	S	45	2	47	0.00000
Candidatus Profftia sp. (ex Adelges kitamiensis)	2864218	S	36	1	37	0.00000
Candidatus Riesia pediculicola	401619	S	45	7	52	0.00000
Candidatus Moranella endobia	1048758	S	58	0	58	0.00000
Shigella flexneri	623	S	32	2433	2465	0.00007
Shigella boydii	621	S	10	109	119	0.00000
Candidatus Ishikawaella capsulata	168169	S	48	2	50	0.00000
Candidatus Schneideria nysicola	1081631	S	25	0	25	0.00000
Serratia marcescens	615	S	5521	10010	15531	0.00046
Serratia sp. ATCC 39006	104623	S	354	27	381	0.00001
Serratia sp. FDAARGOS_506	2420306	S	206	174	380	0.00001
Serratia sp. FGI94	671990	S	179	166	345	0.00001
Serratia sp. P2ACOL2	2482769	S	77	206	283	0.00001
Serratia sp. 1D1416	2447890	S	52	151	203	0.00001
Serratia sp. 3ACOL1	2448483	S	40	49	89	0.00000
Serratia sp. FS14	1327989	S	34	144	178	0.00001
Serratia sp. MYb239	2033438	S	34	254	288	0.00001
Serratia sp. SCBI	488142	S	27	204	231	0.00001
Serratia sp. Tan611	2773264	S	21	120	141	0.00000
Serratia sp. LS-1	2485839	S	17	269	286	0.00001
Serratia sp. JSRIV006	2831896	S	17	81	98	0.00000
Serratia sp. JUb9	2724469	S	15	105	120	0.00000
Serratia sp. JSRIV004	2831895	S	15	73	88	0.00000
Serratia sp. HRI	2663241	S	10	247	257	0.00001
Serratia sp. JSRIV001	2831893	S	10	48	58	0.00000
Serratia sp. JSRIV002	2831894	S	10	36	46	0.00000
Serratia plymuthica	82996	S	1070	1129	2199	0.00007
Serratia rubidaea	61652	S	779	763	1542	0.00005
Serratia entomophila	42906	S	764	158	922	0.00003
Serratia odorifera	618	S	714	102	816	0.00002
Serratia proteamaculans	28151	S	623	127	750	0.00002
Serratia fonticola	47917	S	410	307	717	0.00002
Serratia liquefaciens	614	S	380	451	831	0.00002
Serratia surfactantfaciens	2741499	S	372	187	559	0.00002
Serratia quinivorans	137545	S	280	89	369	0.00001
Serratia grimesii	82995	S	270	27	297	0.00001
Serratia symbiotica	138074	S	249	30	279	0.00001
Serratia inhibens	2338073	S	201	92	293	0.00001
Serratia rhizosphaerae	2597702	S	179	143	322	0.00001
Serratia ureilytica	300181	S	99	1117	1216	0.00004
Serratia ficaria	61651	S	61	241	302	0.00001
Serratia nematodiphila	458197	S	19	162	181	0.00001
Yersinia similis	367190	S	136	18	154	0.00000
Yersinia pseudotuberculosis	633	S	81	93	174	0.00001
Yersinia pestis	632	S	26	1784	1810	0.00005
Yersinia enterocolitica	630	S	397	150	547	0.00002
Yersinia ruckeri	29486	S	299	42	341	0.00001
Yersinia rohdei	29485	S	222	34	256	0.00001
Yersinia frederiksenii	29484	S	197	162	359	0.00001
Yersinia mollaretii	33060	S	175	30	205	0.00001
Yersinia kristensenii	28152	S	161	426	587	0.00002
Yersinia entomophaga	935293	S	142	19	161	0.00000
Yersinia aldovae	29483	S	125	21	146	0.00000
Yersinia aleksiciae	263819	S	111	22	133	0.00000
Yersinia canariae	2607663	S	73	21	94	0.00000
Yersinia intermedia	631	S	51	153	204	0.00001
Yersinia hibernica	2339259	S	37	57	94	0.00000
Yersinia sp. KBS0713	1179669	S	12	44	56	0.00000
Yersinia bercovieri	634	S	11	46	57	0.00000
Rahnella aquatilis	34038	S	545	626	1171	0.00003
Rahnella inusitata	58169	S	528	106	634	0.00002
Rahnella sp. ERMR1:05	1805933	S	467	54	521	0.00002
Rahnella victoriana	1510570	S	417	53	470	0.00001
Rahnella aceris	2703885	S	80	149	229	0.00001
Nissabacter sp. SGAir0207	2126321	S	1181	136	1317	0.00004
Gibbsiella quercinecans	929813	S	750	87	837	0.00002
Rouxiella badensis	1646377	S	480	36	516	0.00002
Ewingella americana	41202	S	443	51	494	0.00001
Chania multitudinisentens	1639108	S	385	35	420	0.00001
Candidatus Fukatsuia symbiotica	1878942	S	160	6	166	0.00000
Pantoea sp. Z09	2886821	S	1017	249	1266	0.00004
Pantoea sp. SO10	2575375	S	571	80	651	0.00002
Pantoea sp. MSR2	2052056	S	458	60	518	0.00002
Pantoea sp. At-9b	592316	S	407	73	480	0.00001
Pantoea sp. CCBC3-3-1	2490851	S	299	50	349	0.00001
Pantoea sp. SM3640	2787629	S	82	417	499	0.00001
Pantoea sp. MT58	2768165	S	18	99	117	0.00000
Pantoea agglomerans	549	S	2350	540	2890	0.00009
Pantoea dispersa	59814	S	1967	409	2376	0.00007
Pantoea vagans	470934	S	741	859	1600	0.00005
Pantoea ananatis	553	S	683	122	805	0.00002
Pantoea deleyi	470932	S	613	106	719	0.00002
Pantoea cypripedii	55209	S	557	30	587	0.00002
Pantoea alhagi	1891675	S	406	126	532	0.00002
Pantoea stewartii	66269	S	374	72	446	0.00001
Pantoea rwandensis	1076550	S	338	53	391	0.00001
Candidatus Pantoea carbekii	1235990	S	54	3	57	0.00000
Pantoea eucalypti	470933	S	26	131	157	0.00000
Pantoea eucrina	472693	S	10	411	421	0.00001
Erwinia sp. E602	2675378	S	924	129	1053	0.00003
Erwinia sp. J780	2681984	S	257	37	294	0.00001
Erwinia sp. QL-Z3	2547962	S	72	223	295	0.00001
Erwinia sp. Ejp617	215689	S	71	129	200	0.00001
Erwinia gerundensis	1619313	S	568	82	650	0.00002
Erwinia amylovora	552	S	404	136	540	0.00002
Candidatus Erwinia haradaeae	1922217	S	393	5	398	0.00001
Erwinia persicina	55211	S	392	67	459	0.00001
Erwinia rhapontici	55212	S	358	55	413	0.00001
Erwinia tasmaniensis	338565	S	354	55	409	0.00001
Erwinia tracheiphila	65700	S	331	39	370	0.00001
Erwinia billingiae	182337	S	245	486	731	0.00002
[Pantoea] beijingensis	1324864	S	227	31	258	0.00001
Erwinia pyrifoliae	79967	S	102	176	278	0.00001
Mixta gaviniae	665914	S	675	258	933	0.00003
Mixta calida	665913	S	538	252	790	0.00002
Mixta theicola	1458355	S	518	165	683	0.00002
Mixta sp. X22927	2872648	S	406	186	592	0.00002
Mixta intestinalis	1615494	S	376	105	481	0.00001
Buchnera aphidicola	9	S	1289	97	1386	0.00004
Tatumella ptyseos	82987	S	189	24	213	0.00001
Tatumella citrea	53336	S	132	13	145	0.00000
Wigglesworthia glossinidia	51229	S	30	1	31	0.00000
Pectobacterium brasiliense	180957	S	2145	1932	4077	0.00012
Pectobacterium carotovorum	554	S	661	1254	1915	0.00006
Pectobacterium sp. LJ1	2878098	S	137	30	167	0.00000
Pectobacterium sp. PL64	2738983	S	124	64	188	0.00001
Pectobacterium sp. 21LCBS03	2935858	S	81	228	309	0.00001
Pectobacterium polaris	2042057	S	252	137	389	0.00001
Pectobacterium parmentieri	1905730	S	232	53	285	0.00001
Pectobacterium versatile	2488639	S	184	321	505	0.00002
Pectobacterium atrosepticum	29471	S	174	39	213	0.00001
Pectobacterium punjabense	2108399	S	166	31	197	0.00001
Pectobacterium quasiaquaticum	2774015	S	149	111	260	0.00001
Pectobacterium odoriferum	78398	S	145	82	227	0.00001
Pectobacterium wasabiae	55208	S	134	31	165	0.00000
Pectobacterium aroidearum	1201031	S	74	89	163	0.00000
Pectobacterium parvum	2778550	S	43	40	83	0.00000
Pectobacterium aquaticum	2204145	S	35	34	69	0.00000
Dickeya dadantii	204038	S	963	463	1426	0.00004
Dickeya zeae	204042	S	848	819	1667	0.00005
Dickeya chrysanthemi	556	S	581	577	1158	0.00003
Dickeya dianthicola	204039	S	468	517	985	0.00003
Dickeya poaceiphila	568768	S	345	49	394	0.00001
Dickeya fangzhongdai	1778540	S	306	1108	1414	0.00004
Dickeya solani	1089444	S	231	98	329	0.00001
Dickeya sp. NCPPB 3274	568766	S	185	112	297	0.00001
Dickeya sp. Secpp 1600	2037915	S	29	248	277	0.00001
Dickeya parazeae	2893572	S	32	106	138	0.00000
Dickeya oryzae	1240404	S	26	48	74	0.00000
Brenneria rubrifaciens	55213	S	574	174	748	0.00002
Brenneria izadpanahii	2722756	S	543	482	1025	0.00003
Brenneria goodwinii	1109412	S	471	403	874	0.00003
Lonsdalea populi	1172565	S	582	129	711	0.00002
Lonsdalea britannica	1082704	S	402	82	484	0.00001
Musicola paradisiaca	69223	S	656	21	677	0.00002
Providencia rettgeri	587	S	401	595	996	0.00003
Providencia alcalifaciens	126385	S	225	65	290	0.00001
Providencia heimbachae	333962	S	169	56	225	0.00001
Providencia sp. R33	2828763	S	126	23	149	0.00000
Providencia rustigianii	158850	S	108	30	138	0.00000
Providencia sneebia	516075	S	78	7	85	0.00000
Providencia stuartii	588	S	76	495	571	0.00002
Providencia vermicola	333965	S	25	100	125	0.00000
Morganella morganii	582	S	1514	654	2168	0.00006
Xenorhabdus bovienii	40576	S	245	64	309	0.00001
Xenorhabdus hominickii	351679	S	230	40	270	0.00001
Xenorhabdus doucetiae	351671	S	170	24	194	0.00001
Xenorhabdus nematophila	628	S	169	32	201	0.00001
Xenorhabdus budapestensis	290110	S	118	15	133	0.00000
Xenorhabdus poinarii	40577	S	114	23	137	0.00000
Proteus vulgaris	585	S	229	259	488	0.00001
Proteus mirabilis	584	S	210	180	390	0.00001
Proteus hauseri	183417	S	86	10	96	0.00000
Proteus terrae	1574161	S	63	495	558	0.00002
Proteus columbae	1987580	S	25	47	72	0.00000
Proteus penneri	102862	S	22	13	35	0.00000
Proteus sp. ZN5	2697019	S	17	24	41	0.00000
Photorhabdus thracensis	230089	S	159	23	182	0.00001
Photorhabdus akhurstii	171438	S	134	21	155	0.00000
Photorhabdus asymbiotica	291112	S	98	9	107	0.00000
Photorhabdus laumondii	2218628	S	96	17	113	0.00000
Arsenophonus endosymbiont of Apis mellifera	1541805	S	82	30	112	0.00000
Arsenophonus endosymbiont of Aphis craccivora	1231049	S	43	11	54	0.00000
Arsenophonus endosymbiont of Aleurodicus dispersus	235559	S	35	1	36	0.00000
Arsenophonus nasoniae	638	S	69	25	94	0.00000
Candidatus Arsenophonus lipoptenae	634113	S	33	1	34	0.00000
Moellerella wisconsensis	158849	S	110	65	175	0.00001
Edwardsiella tarda	636	S	743	621	1364	0.00004
Edwardsiella hoshinae	93378	S	583	114	697	0.00002
Edwardsiella ictaluri	67780	S	410	349	759	0.00002
Edwardsiella piscicida	1263550	S	52	689	741	0.00002
Edwardsiella sp. EA181011	1578828	S	37	585	622	0.00002
Hafnia alvei	569	S	421	453	874	0.00003
Hafnia paralvei	546367	S	162	54	216	0.00001
Obesumbacterium proteus	82983	S	79	47	126	0.00000
Sodalis sp. dw_23	2697027	S	925	41	966	0.00003
Sodalis endosymbiont of Henestaris halophilus	1929246	S	65	0	65	0.00000
Sodalis glossinidius	63612	S	577	65	642	0.00002
Sodalis praecaptivus	1239307	S	482	328	810	0.00002
Candidatus Sodalis pierantonius	1486991	S	205	155	360	0.00001
Leminorella richardii	158841	S	297	27	324	0.00001
Pragia fontium	82985	S	234	25	259	0.00001
Jinshanibacter zhutongyuii	2498113	S	151	26	177	0.00001
Limnobaculum parvum	2172103	S	137	27	164	0.00000
Solimonas sp. K1W22B-7	2303331	S	132325	9895	142220	0.00423
Flagellatimonas centrodinii	2806210	S	17241	1009	18250	0.00054
Sinimarinibacterium sp. NLF-5-8	2698684	S	13017	5809	18826	0.00056
Steroidobacter denitrificans	465721	S	11720	2842	14562	0.00043
Thioalkalivibrio sulfidiphilus	1033854	S	4627	2333	6960	0.00021
Thioalkalivibrio paradoxus	108010	S	3767	1172	4939	0.00015
Thioalkalivibrio nitratireducens	186931	S	3562	1017	4579	0.00014
Thioalkalivibrio sp. K90mix	396595	S	3041	375	3416	0.00010
Thioalkalivibrio versutus	106634	S	2741	353	3094	0.00009
Spiribacter sp. E85	2182432	S	6859	597	7456	0.00022
Spiribacter sp. 2438	2666185	S	1702	168	1870	0.00006
Spiribacter curvatus	1335757	S	1652	85	1737	0.00005
Spiribacter salinus	1335746	S	1435	109	1544	0.00005
Acidihalobacter aeolianus	2792603	S	3528	472	4000	0.00012
Acidihalobacter ferrooxydans	1765967	S	2842	255	3097	0.00009
Acidihalobacter yilgarnensis	2819280	S	2007	145	2152	0.00006
Aquisalimonas sp. 2447	2740807	S	3791	261	4052	0.00012
Ectothiorhodospira haloalkaliphila	421628	S	1603	595	2198	0.00007
Ectothiorhodospira sp. BSL-9	1442136	S	1375	511	1886	0.00006
Halorhodospira halophila	1053	S	3011	307	3318	0.00010
Halorhodospira halochloris	1052	S	494	19	513	0.00002
Alkalilimnicola ehrlichii	351052	S	3354	405	3759	0.00011
Ectothiorhodosinus mongolicus	233100	S	767	49	816	0.00002
Rheinheimera mangrovi	2498451	S	17208	828	18036	0.00054
Rheinheimera sp. F8	1763998	S	1870	63	1933	0.00006
Rheinheimera sp. D18	2545632	S	259	133	392	0.00001
Allochromatium tepidum	553982	S	2713	1329	4042	0.00012
Allochromatium vinosum	1049	S	2591	1047	3638	0.00011
Candidatus Thiodictyon syntrophicum	1166950	S	5198	252	5450	0.00016
Thioflavicoccus mobilis	80679	S	4730	357	5087	0.00015
Marichromatium purpuratum	37487	S	4656	793	5449	0.00016
Thiocapsa bogorovii	521689	S	3770	184	3954	0.00012
Thiocystis violascens	73141	S	3511	258	3769	0.00011
Nitrosococcus oceani	1229	S	973	146	1119	0.00003
Nitrosococcus halophilus	133539	S	517	45	562	0.00002
Nitrosococcus watsonii	473531	S	438	71	509	0.00002
Nitrosococcus wardiae	1814290	S	382	31	413	0.00001
Thermochromatium tepidum	1050	S	1776	413	2189	0.00007
Caldichromatium japonicum	2699430	S	1397	126	1523	0.00005
Candidatus Nitrosoglobus terrae	1630141	S	236	12	248	0.00001
Candidatus Nitrosacidococcus tergens	553981	S	165	5	170	0.00001
Wenzhouxiangella marina	1579979	S	3904	221	4125	0.00012
Wenzhouxiangella sp. AB-CW3	2771012	S	2528	102	2630	0.00008
Thiohalobacter sp. COW1	2795687	S	1040	2286	3326	0.00010
Thiohalobacter thiocyanaticus	585455	S	893	2438	3331	0.00010
Sulfurivermis fontis	1972068	S	4301	1414	5715	0.00017
Guyparkeria halophila	47960	S	3460	617	4077	0.00012
Woeseia oceani	1548547	S	2953	41	2994	0.00009
Halothiobacillus sp. LS2	1860122	S	1951	155	2106	0.00006
Halothiobacillus neapolitanus	927	S	892	81	973	0.00003
Sulfuriflexus mobilis	1811807	S	1285	32	1317	0.00004
Granulosicoccus antarcticus	437505	S	817	10	827	0.00002
Halomonas sp. JS92-SW72	2306583	S	4519	3702	8221	0.00024
Halomonas sp. THAF5a	2587844	S	2671	741	3412	0.00010
Halomonas sp. 1513	1883416	S	2333	430	2763	0.00008
Halomonas sp. MCCC 1A13316	2733487	S	2191	223	2414	0.00007
Halomonas sp. YLGW01	2773308	S	2187	272	2459	0.00007
Halomonas sp. HG01	1609967	S	2045	660	2705	0.00008
Halomonas sp. THAF12	2587849	S	1864	937	2801	0.00008
Halomonas sp. PGE1	2730360	S	1227	1188	2415	0.00007
Halomonas sp. Y2R2	2562282	S	990	40	1030	0.00003
Halomonas sp. A40-4	2785909	S	716	128	844	0.00003
Halomonas sp. SH5A2	2749040	S	667	80	747	0.00002
Halomonas sp. KO116	1504981	S	632	199	831	0.00002
Halomonas sp. R57-5	1610576	S	415	142	557	0.00002
Halomonas sp. 18071143	2855441	S	406	725	1131	0.00003
Halomonas sp. TD01	999141	S	343	139	482	0.00001
Halomonas sp. FeN2	2832500	S	340	125	465	0.00001
Halomonas sp. GFAJ-1	1118153	S	335	41	376	0.00001
Halomonas sp. SS10-MC5	2854257	S	279	2313	2592	0.00008
Halomonas sp. SF2003	2136172	S	258	1203	1461	0.00004
Halomonas sp. HL-93	1666906	S	234	1064	1298	0.00004
Halomonas sp. NyZ770	2883106	S	173	619	792	0.00002
Halomonas sp. hl-4	1761789	S	166	732	898	0.00003
Halomonas sp. GT	1971364	S	135	77	212	0.00001
Halomonas sp. N3-2A	2014541	S	114	129	243	0.00001
Halomonas sp. A3H3	1346287	S	65	1628	1693	0.00005
Halomonas beimenensis	475662	S	2917	448	3365	0.00010
Halomonas aestuarii	1897729	S	2233	378	2611	0.00008
Halomonas tianxiuensis	2497861	S	2154	407	2561	0.00008
Halomonas sulfidivorans	2733488	S	2143	356	2499	0.00007
Halomonas elongata	2746	S	1953	154	2107	0.00006
Halomonas socia	1081866	S	1938	309	2247	0.00007
Halomonas chromatireducens	507626	S	1501	97	1598	0.00005
Halomonas subglaciescola	29571	S	1307	102	1409	0.00004
Halomonas huangheensis	1178482	S	1254	53	1307	0.00004
Halomonas meridiana	29570	S	1227	821	2048	0.00006
Halomonas piezotolerans	2609667	S	827	359	1186	0.00004
Halomonas profundi	2852117	S	378	40	418	0.00001
Halomonas titanicae	664683	S	333	1546	1879	0.00006
Halomonas hydrothermalis	115561	S	244	634	878	0.00003
Halomonas sulfidoxydans	2733484	S	237	1933	2170	0.00006
Halomonas venusta	44935	S	174	200	374	0.00001
Halomonas campaniensis	213554	S	38	165	203	0.00001
Halomonas alkaliphila	272774	S	22	103	125	0.00000
Chromohalobacter salexigens	158080	S	4437	363	4800	0.00014
Cobetia sp. L2A1	2686360	S	775	78	853	0.00003
Cobetia sp. cqz5-12	2609415	S	379	524	903	0.00003
Cobetia sp. 4B	2758724	S	193	840	1033	0.00003
Cobetia sp. AM6	2661553	S	157	923	1080	0.00003
Cobetia pacifica	1055101	S	231	747	978	0.00003
Cobetia amphilecti	1055104	S	150	962	1112	0.00003
Cobetia marina	28258	S	27	386	413	0.00001
Halotalea alkalilenta	376489	S	3037	444	3481	0.00010
Salinicola tamaricis	1771309	S	2975	259	3234	0.00010
Kushneria phosphatilytica	657387	S	925	25	950	0.00003
Kushneria konosiri	698828	S	811	186	997	0.00003
Kushneria marisflavi	157779	S	804	179	983	0.00003
Pistricoccus aurantiacus	1883414	S	1635	82	1717	0.00005
Zymobacter palmae	33074	S	641	66	707	0.00002
Candidatus Portiera aleyrodidarum	91844	S	121	29	150	0.00000
Candidatus Carsonella ruddii	114186	S	48	37	85	0.00000
Alcanivorax pacificus	1306787	S	3235	936	4171	0.00012
Alcanivorax sp. N3-2A	2014542	S	3008	1819	4827	0.00014
Alcanivorax sp. NBRC 101098	1113728	S	53	619	672	0.00002
Alcanivorax dieselolei	285091	S	1513	408	1921	0.00006
Alcanivorax xenomutans	1094342	S	1172	464	1636	0.00005
Alcanivorax borkumensis	59754	S	36	412	448	0.00001
Ketobacter alkanivorans	1917421	S	741	72	813	0.00002
Marinobacterium aestuarii	1821621	S	1687	100	1787	0.00005
Marinobacterium sediminicola	518898	S	754	82	836	0.00002
Marinobacterium georgiense	48076	S	751	167	918	0.00003
Marinobacterium sp. LSUCC0821	2668067	S	271	13	284	0.00001
Marinomonas sp. A3A	2065312	S	228	47	275	0.00001
Marinomonas sp. CT5	2066133	S	159	18	177	0.00001
Marinomonas sp. FW-1	2071621	S	137	39	176	0.00001
Marinomonas mediterranea	119864	S	233	18	251	0.00001
Marinomonas primoryensis	178399	S	230	30	260	0.00001
Marinomonas profundi	2726122	S	204	60	264	0.00001
Marinomonas arctica	383750	S	157	35	192	0.00001
Marinomonas posidonica	936476	S	155	19	174	0.00001
Marinomonas algicola	2773454	S	141	26	167	0.00000
Marinomonas foliarum	491950	S	140	56	196	0.00001
Thalassolituus sp. C2-1	2597518	S	741	46	787	0.00002
Thalassolituus oleivorans	187493	S	419	96	515	0.00002
Venatorbacter cucullus	2661630	S	951	171	1122	0.00003
Bacterioplanes sanyensis	1249553	S	684	31	715	0.00002
Neptunomonas phycophila	1572645	S	217	21	238	0.00001
Neptunomonas concharum	1031538	S	183	20	203	0.00001
Neptunomonas japonica	417574	S	153	13	166	0.00000
Nitrincola iocasae	2614693	S	338	54	392	0.00001
Amphritea japonica	452627	S	272	15	287	0.00001
Bermanella marisrubri	207949	S	187	6	193	0.00001
Saccharospirillum mangrovi	2161747	S	1565	78	1643	0.00005
Reinekea forsetii	1336806	S	611	23	634	0.00002
Gynuella sunshinyii	1445505	S	606	15	621	0.00002
Hahella chejuensis	158327	S	1070	133	1203	0.00004
Hahella sp. KA22	1628392	S	1016	150	1166	0.00003
Litoricola lipolytica	418701	S	841	29	870	0.00003
Endozoicomonas montiporae	1027273	S	549	24	573	0.00002
Oleiphilus messinensis	141451	S	379	32	411	0.00001
Spartinivicinus ruber	2683272	S	222	4	226	0.00001
Methylococcus sp. EFPC2	2812648	S	3267	173	3440	0.00010
Methylococcus sp. Mc7	2860258	S	2816	934	3750	0.00011
Methylococcus capsulatus	414	S	2953	733	3686	0.00011
Methylococcus geothermalis	2681310	S	2240	616	2856	0.00009
Methylomonas sp. LL1	2785785	S	1505	53	1558	0.00005
Methylomonas sp. LW13	107637	S	781	363	1144	0.00003
Methylomonas sp. DH-1	1727196	S	495	944	1439	0.00004
Methylomonas sp. EFPC1	2812647	S	454	225	679	0.00002
Methylomonas koyamae	702114	S	1392	1424	2816	0.00008
Methylomonas methanica	421	S	1279	52	1331	0.00004
Methylomonas denitrificans	1538553	S	1185	71	1256	0.00004
Methylomonas rhizoryzae	2608981	S	1139	32	1171	0.00003
Methylomonas paludis	1173101	S	580	18	598	0.00002
Methylomicrobium album	39775	S	3243	100	3343	0.00010
Methylomicrobium sp. wino1	2049332	S	708	634	1342	0.00004
Methylogaea oryzae	1295382	S	3630	210	3840	0.00011
Methylomagnum ishizawai	1760988	S	3525	109	3634	0.00011
Methylocaldum marinum	1432792	S	2831	134	2965	0.00009
Candidatus Methylospira mobilis	1808979	S	1563	48	1611	0.00005
Methylotuvimicrobium buryatense	95641	S	668	714	1382	0.00004
Methylotuvimicrobium alcaliphilum	271065	S	347	441	788	0.00002
Methylovulum psychrotolerans	1704499	S	747	16	763	0.00002
Methylobacter sp. S3L5C	2839024	S	416	18	434	0.00001
Aeromonas hydrophila	644	S	2983	5132	8115	0.00024
Aeromonas sp. FDAARGOS 1415	2778064	S	531	231	762	0.00002
Aeromonas sp. CA23	2033032	S	434	154	588	0.00002
Aeromonas sp. FDAARGOS 1409	2778058	S	276	322	598	0.00002
Aeromonas sp. CU5	2033033	S	253	85	338	0.00001
Aeromonas sp. ASNIH3	1636608	S	236	8837	9073	0.00027
Aeromonas sp. FDAARGOS 1410	2778059	S	94	175	269	0.00001
Aeromonas sp. FDAARGOS 1407	2778056	S	82	198	280	0.00001
Aeromonas sp. 1805	2560028	S	76	176	252	0.00001
Aeromonas sp. FDAARGOS 1403	2778052	S	69	173	242	0.00001
Aeromonas sp. FDAARGOS 1405	2778054	S	58	78	136	0.00000
Aeromonas sp. ASNIH4	1636609	S	56	212	268	0.00001
Aeromonas sp. FDAARGOS 1408	2778057	S	55	247	302	0.00001
Aeromonas sp. 2692-1	2560029	S	50	205	255	0.00001
Aeromonas sp. ASNIH5	1758179	S	43	538	581	0.00002
Aeromonas sp. ASNIH2	1636607	S	41	446	487	0.00001
Aeromonas sp. FDAARGOS 1419	2778068	S	39	93	132	0.00000
Aeromonas sp. FDAARGOS 1404	2778053	S	39	107	146	0.00000
Aeromonas sp. FDAARGOS 1417	2778066	S	38	86	124	0.00000
Aeromonas sp. ASNIH1	1636606	S	38	552	590	0.00002
Aeromonas sp. FDAARGOS 1414	2778063	S	33	85	118	0.00000
Aeromonas sp. WP2-W18-CRE-05	2675707	S	32	962	994	0.00003
Aeromonas sp. FDAARGOS 1402	2778051	S	31	227	258	0.00001
Aeromonas sp. FDAARGOS 1416	2778065	S	31	74	105	0.00000
Aeromonas sp. FDAARGOS 1406	2778055	S	26	204	230	0.00001
Aeromonas sp. FDAARGOS 1411	2778060	S	24	62	86	0.00000
Aeromonas sp. ASNIH7	1920107	S	24	708	732	0.00002
Aeromonas sp. FDAARGOS 1418	2778067	S	13	116	129	0.00000
Aeromonas veronii	654	S	2212	3829	6041	0.00018
Aeromonas media	651	S	1507	2229	3736	0.00011
Aeromonas schubertii	652	S	1277	302	1579	0.00005
Aeromonas salmonicida	645	S	1211	3271	4482	0.00013
Aeromonas simiae	218936	S	1132	704	1836	0.00005
Aeromonas encheleia	73010	S	1125	313	1438	0.00004
Aeromonas caviae	648	S	1068	6582	7650	0.00023
Aeromonas dhakensis	196024	S	738	1224	1962	0.00006
Aeromonas rivuli	648794	S	738	163	901	0.00003
Aeromonas enteropelogenes	29489	S	734	486	1220	0.00004
Aeromonas jandaei	650	S	607	518	1125	0.00003
Aeromonas sanarellii	633415	S	247	1070	1317	0.00004
Aeromonas allosaccharophila	656	S	105	140	245	0.00001
Aeromonas rivipollensis	948519	S	92	121	213	0.00001
Zobellella denitrificans	347534	S	2521	488	3009	0.00009
Oceanimonas sp. GK1	511062	S	1373	248	1621	0.00005
Oceanisphaera profunda	1416627	S	327	30	357	0.00001
Oceanisphaera avium	1903694	S	261	29	290	0.00001
Dongshaea marina	2047966	S	315	20	335	0.00001
Tolumonas auensis	43948	S	295	103	398	0.00001
Succinivibrio dextrinosolvens	83771	S	166	5	171	0.00001
Shewanella sp. Scap07	2589987	S	247	26	273	0.00001
Shewanella sp. SNU WT4	2590015	S	225	42	267	0.00001
Shewanella sp. FJAT-51860	2864212	S	216	24	240	0.00001
Shewanella sp. FJAT-53555	2864204	S	184	123	307	0.00001
Shewanella sp. WE21	2029986	S	160	59	219	0.00001
Shewanella sp. FJAT-54031	2864209	S	148	172	320	0.00001
Shewanella sp. FJAT-53870	2864208	S	137	18	155	0.00000
Shewanella sp. FJAT-53681	2864205	S	129	161	290	0.00001
Shewanella sp. OM3-2	2908650	S	124	14	138	0.00000
Shewanella sp. LZH-2	2806008	S	122	402	524	0.00002
Shewanella sp. FJAT-53532	2864203	S	120	158	278	0.00001
Shewanella sp. FJAT-52076	2864202	S	118	131	249	0.00001
Shewanella sp. KX20019	2803864	S	93	8	101	0.00000
Shewanella sp. FJAT-53764	2864207	S	91	110	201	0.00001
Shewanella sp. FJAT-53749	2864206	S	90	13	103	0.00000
Shewanella sp. FJAT-52072	2864213	S	87	92	179	0.00001
Shewanella sp. FJAT-51754	2864211	S	68	73	141	0.00000
Shewanella sp. Arc9-LZ	2698686	S	60	17	77	0.00000
Shewanella sp. Pdp11	2059264	S	55	119	174	0.00001
Shewanella sp. FJAT-51649	2864210	S	54	62	116	0.00000
Shewanella sp. ANA-3	94122	S	46	93	139	0.00000
Shewanella sp. MR-4	60480	S	43	33	76	0.00000
Shewanella sp. W3-18-1	351745	S	40	374	414	0.00001
Shewanella sp. MEBiC00475	2575361	S	36	48	84	0.00000
Shewanella sp. LC6	2589790	S	28	234	262	0.00001
Shewanella sp. FDAARGOS_354	1930557	S	23	249	272	0.00001
Shewanella sp. WPAGA9	2775245	S	13	23	36	0.00000
Shewanella putrefaciens	24	S	644	1531	2175	0.00006
Shewanella algae	38313	S	596	381	977	0.00003
Shewanella khirikhana	1965282	S	505	55	560	0.00002
Shewanella baltica	62322	S	459	325	784	0.00002
Shewanella cyperi	2814292	S	395	152	547	0.00002
Shewanella inventionis	1738770	S	392	184	576	0.00002
Shewanella litorisediminis	1173586	S	375	63	438	0.00001
Shewanella amazonensis	60478	S	351	61	412	0.00001
Shewanella yunxiaonensis	2829809	S	322	36	358	0.00001
Shewanella marisflavi	260364	S	295	45	340	0.00001
Shewanella avicenniae	2814294	S	281	36	317	0.00001
Shewanella dokdonensis	712036	S	257	16	273	0.00001
Shewanella vesiculosa	518738	S	250	54	304	0.00001
Shewanella sedimentimangrovi	2814293	S	241	128	369	0.00001
Shewanella pealeana	70864	S	240	30	270	0.00001
Shewanella denitrificans	192073	S	208	22	230	0.00001
Shewanella xiamenensis	332186	S	187	688	875	0.00003
Shewanella sediminis	271097	S	186	18	204	0.00001
Shewanella donghaensis	238836	S	183	16	199	0.00001
Shewanella psychropiezotolerans	2593655	S	175	23	198	0.00001
Shewanella woodyi	60961	S	175	14	189	0.00001
Shewanella maritima	2520507	S	170	13	183	0.00001
Shewanella psychromarinicola	2487742	S	164	17	181	0.00001
Shewanella benthica	43661	S	148	26	174	0.00001
Shewanella aestuarii	1028752	S	144	37	181	0.00001
Shewanella indica	768528	S	143	141	284	0.00001
Shewanella violacea	60217	S	139	18	157	0.00000
Shewanella glacialimarina	2590884	S	127	12	139	0.00000
Shewanella decolorationis	256839	S	125	108	233	0.00001
Shewanella oneidensis	70863	S	124	27	151	0.00000
Shewanella loihica	359303	S	116	142	258	0.00001
Shewanella psychrophila	225848	S	116	11	127	0.00000
Shewanella halifaxensis	271098	S	113	11	124	0.00000
Shewanella chilikensis	558541	S	112	251	363	0.00001
Shewanella livingstonensis	150120	S	111	18	129	0.00000
Shewanella piezotolerans	404011	S	103	8	111	0.00000
Shewanella carassii	1987584	S	94	75	169	0.00001
Shewanella frigidimarina	56812	S	66	27	93	0.00000
Shewanella bicestrii	2018305	S	54	159	213	0.00001
Shewanella japonica	93973	S	49	90	139	0.00000
Shewanella polaris	2588449	S	33	46	79	0.00000
Parashewanella tropica	2547970	S	220	16	236	0.00001
Parashewanella spongiae	342950	S	113	6	119	0.00000
Alteromonas sp. RKMC-009	2267264	S	483	49	532	0.00002
Alteromonas sp. BL110	1714845	S	89	16	105	0.00000
Alteromonas sp. 76-1	2358187	S	58	25	83	0.00000
Alteromonas sp. RW2A1	1917158	S	33	243	276	0.00001
Alteromonas sp. MB-3u-76	2058133	S	17	86	103	0.00000
Alteromonas macleodii	28108	S	568	203	771	0.00002
Alteromonas mediterranea	314275	S	265	505	770	0.00002
Alteromonas pelagimontana	1858656	S	213	24	237	0.00001
Alteromonas naphthalenivorans	715451	S	85	56	141	0.00000
Alteromonas australica	589873	S	48	109	157	0.00000
Alteromonas stellipolaris	233316	S	35	284	319	0.00001
Salinimonas iocasae	2572577	S	352	70	422	0.00001
Salinimonas marina	2785918	S	325	28	353	0.00001
Salinimonas lutimaris	914153	S	319	52	371	0.00001
Salinimonas sediminis	2303538	S	245	49	294	0.00001
Paraglaciecola sp. L1A13	2686359	S	213	24	237	0.00001
Paraglaciecola sp. L3A3	2686358	S	181	13	194	0.00001
Paraglaciecola psychrophila	326544	S	356	27	383	0.00001
Paraglaciecola mesophila	197222	S	233	31	264	0.00001
Hydrocarboniclastica marina	2259620	S	937	98	1035	0.00003
Agarivorans sp. TSD2052	2937286	S	198	26	224	0.00001
Agarivorans sp. B2Z047	2652721	S	64	56	120	0.00000
Agarivorans gilvus	680279	S	169	14	183	0.00001
Agarivorans aestuarii	1563703	S	129	51	180	0.00001
Agarivorans albus	182262	S	54	51	105	0.00000
Lacimicrobium alkaliphilum	1526571	S	580	31	611	0.00002
Saliniradius amylolyticus	2183582	S	421	31	452	0.00001
Paraneptunicella aestuarii	2831148	S	204	9	213	0.00001
Saccharobesus litoralis	2172099	S	191	10	201	0.00001
Glaciecola nitratireducens	300231	S	180	11	191	0.00001
Catenovulum sediminis	1740262	S	164	9	173	0.00001
Pseudoalteromonas sp. R3	1709477	S	268	32	300	0.00001
Pseudoalteromonas sp. A25	116092	S	122	12	134	0.00000
Pseudoalteromonas sp. THAF3	2587843	S	58	46	104	0.00000
Pseudoalteromonas sp. DL-6	1390185	S	58	35	93	0.00000
Pseudoalteromonas sp. GCY	2003316	S	52	34	86	0.00000
Pseudoalteromonas sp. CF6-2	562716	S	43	82	125	0.00000
Pseudoalteromonas sp. KAN5	2916633	S	28	80	108	0.00000
Pseudoalteromonas sp. A22	327511	S	25	34	59	0.00000
Pseudoalteromonas sp. Xi13	2490635	S	24	36	60	0.00000
Pseudoalteromonas sp. A41-2	2785910	S	19	200	219	0.00001
Pseudoalteromonas sp. 3J6	649161	S	18	35	53	0.00000
Pseudoalteromonas sp. APM04	2699396	S	18	51	69	0.00000
Pseudoalteromonas sp. 1_2015MBL_MicDiv	1720343	S	17	23	40	0.00000
Pseudoalteromonas sp. PS1M3	87791	S	15	39	54	0.00000
Pseudoalteromonas sp. NC201	1514074	S	14	40	54	0.00000
Pseudoalteromonas sp. MT33b	2759705	S	13	78	91	0.00000
Pseudoalteromonas sp. LC2018020214	2799564	S	13	31	44	0.00000
Pseudoalteromonas sp. M8	2692624	S	11	71	82	0.00000
Pseudoalteromonas sp. Bsw20308	283699	S	11	15	26	0.00000
Pseudoalteromonas sp. SiA1	2839744	S	10	42	52	0.00000
Pseudoalteromonas rubra	43658	S	533	48	581	0.00002
Pseudoalteromonas luteoviolacea	43657	S	292	31	323	0.00001
Pseudoalteromonas viridis	339617	S	275	69	344	0.00001
Pseudoalteromonas spongiae	298657	S	209	35	244	0.00001
Pseudoalteromonas piscicida	43662	S	206	144	350	0.00001
Pseudoalteromonas tunicata	314281	S	198	20	218	0.00001
Pseudoalteromonas shioyasakiensis	1190813	S	194	64	258	0.00001
Pseudoalteromonas ulvae	107327	S	142	7	149	0.00000
Pseudoalteromonas prydzensis	182141	S	135	19	154	0.00000
Pseudoalteromonas xiamenensis	882626	S	133	11	144	0.00000
Pseudoalteromonas espejiana	28107	S	125	23	148	0.00000
Pseudoalteromonas phenolica	161398	S	117	12	129	0.00000
Pseudoalteromonas aliena	247523	S	114	28	142	0.00000
Pseudoalteromonas ruthenica	151081	S	110	85	195	0.00001
Pseudoalteromonas piratica	1348114	S	108	12	120	0.00000
Pseudoalteromonas carrageenovora	227	S	65	15	80	0.00000
Pseudoalteromonas agarivorans	176102	S	55	103	158	0.00000
Pseudoalteromonas translucida	166935	S	54	140	194	0.00001
Pseudoalteromonas mariniglutinosa	206042	S	47	66	113	0.00000
Pseudoalteromonas arctica	394751	S	37	19	56	0.00000
Pseudoalteromonas marina	267375	S	33	66	99	0.00000
Pseudoalteromonas distincta	77608	S	25	47	72	0.00000
Pseudoalteromonas lipolytica	570156	S	18	89	107	0.00000
Pseudoalteromonas undina	43660	S	17	18	35	0.00000
Pseudoalteromonas donghaensis	621376	S	15	91	106	0.00000
Pseudoalteromonas atlantica	288	S	14	33	47	0.00000
Pseudoalteromonas tetraodonis	43659	S	12	61	73	0.00000
Psychrosphaera ytuae	2820710	S	98	18	116	0.00000
Psychrosphaera aestuarii	1266052	S	97	15	112	0.00000
Flocculibacter collagenilyticus	2744479	S	87	6	93	0.00000
Colwellia sp. MT41	58049	S	172	24	196	0.00001
Colwellia sp. PAMC 20917	1816218	S	142	13	155	0.00000
Colwellia sp. Arc7-635	2497879	S	114	19	133	0.00000
Colwellia sp. Arc7-D	2161872	S	109	25	134	0.00000
Colwellia sp. 20A7	2689569	S	106	12	118	0.00000
Colwellia psychrerythraea	28229	S	137	20	157	0.00000
Thalassotalea sp. PS06	2594005	S	233	18	251	0.00001
Thalassotalea sp. HSM 43	2552945	S	228	18	246	0.00001
Thalassotalea sp. LPB0316	2769490	S	119	32	151	0.00000
Thalassotalea crassostreae	1763536	S	163	14	177	0.00001
Cognaticolwellia beringensis	1967665	S	137	26	163	0.00000
Litorilituus sediminis	718192	S	126	11	137	0.00000
Ferrimonas balearica	44012	S	1347	137	1484	0.00004
Ferrimonas lipolytica	2724191	S	192	21	213	0.00001
Idiomarina sp. OT37-5b	2100422	S	343	48	391	0.00001
Idiomarina sp. X4	2055892	S	189	67	256	0.00001
Idiomarina loihiensis	135577	S	269	0	269	0.00001
Idiomarina abyssalis	86102	S	158	15	173	0.00001
Idiomarina piscisalsi	1096243	S	115	39	154	0.00000
Moritella sp. 24	2746230	S	90	27	117	0.00000
Moritella sp. 5	2746231	S	45	46	91	0.00000
Moritella sp. 36	2746233	S	17	91	108	0.00000
Moritella marina	90736	S	121	33	154	0.00000
Moritella yayanosii	69539	S	91	29	120	0.00000
Psychromonas ingrahamii	357794	S	238	21	259	0.00001
Psychromonas sp. CNPT3	314282	S	107	16	123	0.00000
Legionella pneumophila	446	S	4922	3547	8469	0.00025
Legionella sp. PC1000	2746060	S	1596	191	1787	0.00005
Legionella sp. PC997	2755562	S	838	111	949	0.00003
Legionella sp. MW5194	2662448	S	795	92	887	0.00003
Legionella sainthelensi	28087	S	3034	311	3345	0.00010
Legionella longbeachae	450	S	1838	560	2398	0.00007
Legionella antarctica	2708020	S	1251	35	1286	0.00004
Legionella waltersii	66969	S	1247	130	1377	0.00004
Legionella fallonii	96230	S	1241	56	1297	0.00004
Legionella anisa	28082	S	910	138	1048	0.00003
Legionella geestiana	45065	S	827	39	866	0.00003
Legionella oakridgensis	29423	S	705	38	743	0.00002
Legionella israelensis	454	S	671	18	689	0.00002
Legionella cherrii	28084	S	665	25	690	0.00002
Legionella spiritensis	452	S	627	41	668	0.00002
Legionella hackeliae	449	S	529	54	583	0.00002
Legionella lansingensis	45067	S	491	17	508	0.00002
Legionella clemsonensis	1867846	S	430	38	468	0.00001
Legionella adelaidensis	45056	S	421	19	440	0.00001
Legionella jordanis	456	S	387	28	415	0.00001
Legionella endosymbiont of Polyplax serrata	2005262	S	116	6	122	0.00000
Fluoribacter dumoffii	463	S	604	238	842	0.00003
Tatlockia micdadei	451	S	437	15	452	0.00001
Aquicella siphonis	254247	S	1334	176	1510	0.00004
Aquicella lusitana	254246	S	981	146	1127	0.00003
Coxiella burnetii	777	S	381	96	477	0.00001
Coxiella endosymbiont of Amblyomma nuttalli	2749996	S	126	20	146	0.00000
Coxiella endosymbiont of Amblyomma sculptum	2487929	S	66	36	102	0.00000
Candidatus Coxiella mudrowiae	2054173	S	179	20	199	0.00001
Rickettsiella endosymbiont of Dermanyssus gallinae	2856608	S	178	62	240	0.00001
Candidatus Rickettsiella viridis	676208	S	156	61	217	0.00001
Vibrio parahaemolyticus	670	S	565	188	753	0.00002
Vibrio alginolyticus	663	S	212	450	662	0.00002
Vibrio harveyi	669	S	167	65	232	0.00001
Vibrio diabolicus	50719	S	81	111	192	0.00001
Vibrio antiquarius	150340	S	11	41	52	0.00000
Vibrio natriegens	691	S	143	212	355	0.00001
Vibrio owensii	696485	S	143	109	252	0.00001
Vibrio campbellii	680	S	114	157	271	0.00001
Vibrio rotiferianus	190895	S	70	29	99	0.00000
Vibrio azureus	512649	S	68	7	75	0.00000
Vibrio jasicida	766224	S	13	19	32	0.00000
Vibrio sp. OG9-811	2841925	S	343	44	387	0.00001
Vibrio sp. B1FLJ16	2751178	S	184	36	220	0.00001
Vibrio sp. THAF190c	2587865	S	156	18	174	0.00001
Vibrio sp. HDW18	2714948	S	152	21	173	0.00001
Vibrio sp. Scap24	2589990	S	113	45	158	0.00000
Vibrio sp. VB16	2785746	S	99	6	105	0.00000
Vibrio sp. SS-MA-C1-2	2908646	S	88	11	99	0.00000
Vibrio sp. dhg	2163016	S	58	148	206	0.00001
Vibrio sp. SCSIO 43132	2779363	S	55	29	84	0.00000
Vibrio sp. ED004	2785124	S	36	15	51	0.00000
Vibrio sp. 2521-89	2014742	S	28	64	92	0.00000
Vibrio sp. B1REV9	2751179	S	27	18	45	0.00000
Vibrio sp. B1FIG11	2751177	S	22	57	79	0.00000
Vibrio sp. B1ASS3	2751176	S	16	19	35	0.00000
Vibrio sp. ED002	2785123	S	10	14	24	0.00000
Vibrio sp. EJY3	1116375	S	10	20	30	0.00000
Vibrio fluvialis	676	S	717	123	840	0.00003
Vibrio vulnificus	672	S	615	114	729	0.00002
Vibrio furnissii	29494	S	518	165	683	0.00002
Vibrio mimicus	674	S	491	122	613	0.00002
Vibrio sinaloensis	379097	S	179	21	200	0.00001
Vibrio europaeus	300876	S	107	40	147	0.00000
Vibrio tubiashii	29498	S	67	31	98	0.00000
Vibrio cholerae	666	S	402	1955	2357	0.00007
Vibrio algicola	2662262	S	337	42	379	0.00001
Vibrio navarrensis	29495	S	271	81	352	0.00001
Vibrio anguillarum	55601	S	264	68	332	0.00001
Vibrio cyclitrophicus	47951	S	251	73	324	0.00001
Vibrio coralliilyticus	190893	S	212	98	310	0.00001
Vibrio metoecus	1481663	S	186	70	256	0.00001
Vibrio nigripulchritudo	28173	S	186	53	239	0.00001
Vibrio breoganii	553239	S	173	14	187	0.00001
Vibrio taketomensis	2572923	S	171	19	190	0.00001
Vibrio spartinae	1918945	S	167	15	182	0.00001
Vibrio gazogenes	687	S	166	15	181	0.00001
Vibrio maritimus	990268	S	157	14	171	0.00001
Vibrio alfacsensis	1074311	S	155	74	229	0.00001
Vibrio scophthalmi	45658	S	155	28	183	0.00001
Vibrio cincinnatiensis	675	S	150	24	174	0.00001
Vibrio tapetis	52443	S	141	7	148	0.00000
Vibrio zhugei	2479546	S	138	29	167	0.00000
Vibrio metschnikovii	28172	S	137	21	158	0.00000
Vibrio mediterranei	689	S	136	11	147	0.00000
Vibrio penaeicida	104609	S	133	13	146	0.00000
Vibrio neptunius	170651	S	130	17	147	0.00000
Vibrio astriarenae	1481923	S	124	13	137	0.00000
Vibrio ponticus	265668	S	121	9	130	0.00000
Vibrio cidicii	1763883	S	111	50	161	0.00000
Vibrio tritonius	1435069	S	109	10	119	0.00000
Vibrio panuliri	1381081	S	107	12	119	0.00000
Vibrio casei	673372	S	106	27	133	0.00000
Vibrio aquimaris	2587862	S	106	8	114	0.00000
Vibrio ziniensis	2711221	S	104	10	114	0.00000
Vibrio chagasii	170679	S	98	16	114	0.00000
Vibrio crassostreae	246167	S	96	52	148	0.00000
Vibrio splendidus	29497	S	91	30	121	0.00000
Vibrio aphrogenes	1891186	S	89	8	97	0.00000
Vibrio gigantis	296199	S	88	25	113	0.00000
Vibrio rumoiensis	76258	S	79	44	123	0.00000
Vibrio kanaloae	170673	S	74	18	92	0.00000
Vibrio atlanticus	693153	S	63	20	83	0.00000
Vibrio bathopelagicus	2777577	S	55	13	68	0.00000
Vibrio hyugaensis	1534743	S	50	25	75	0.00000
Vibrio qinghaiensis	2025808	S	23	14	37	0.00000
Photobacterium damselae	38293	S	4170	1105	5275	0.00016
Photobacterium sp. GJ3	2829502	S	402	44	446	0.00001
Photobacterium sp. TLY01	2907534	S	380	59	439	0.00001
Photobacterium ganghwense	320778	S	447	88	535	0.00002
Photobacterium gaetbulicola	1295392	S	342	25	367	0.00001
Photobacterium profundum	74109	S	128	12	140	0.00000
Salinivibrio kushneri	1908198	S	206	27	233	0.00001
Salinivibrio costicola	51367	S	44	106	150	0.00000
Salinivibrio sp. YCSC6	2003370	S	28	67	95	0.00000
Grimontia hollisae	673	S	369	38	407	0.00001
Aliivibrio fischeri	668	S	154	13	167	0.00000
Aliivibrio salmonicida	40269	S	73	34	107	0.00000
Thaumasiovibrio subtropicus	1891207	S	142	16	158	0.00000
Candidatus Enterovibrio luxaltus	1927128	S	77	0	77	0.00000
Paraphotobacterium marinum	1755811	S	75	10	85	0.00000
Sulfurifustis variabilis	1675686	S	10337	461	10798	0.00032
Sulfuricaulis limicola	1620215	S	5826	329	6155	0.00018
Acidiferrobacter sp. SPIII_3	1281578	S	1522	337	1859	0.00006
Acidiferrobacter thiooxydans	163359	S	1369	307	1676	0.00005
Acinetobacter baumannii	470	S	1852	7627	9479	0.00028
Acinetobacter seifertii	1530123	S	220	62	282	0.00001
Acinetobacter calcoaceticus	471	S	179	15	194	0.00001
Acinetobacter pittii	48296	S	152	152	304	0.00001
Acinetobacter nosocomialis	106654	S	117	36	153	0.00000
Acinetobacter lactucae	1785128	S	21	11	32	0.00000
Acinetobacter sp. WCHAc010034	1879049	S	546	180	726	0.00002
Acinetobacter sp. ASP199	2773709	S	193	40	233	0.00001
Acinetobacter sp. TGL-Y2	1407071	S	168	9	177	0.00001
Acinetobacter sp. TTH0-4	1646498	S	112	14	126	0.00000
Acinetobacter sp. CS-2	2798861	S	98	37	135	0.00000
Acinetobacter sp. NCu2D-2	1608473	S	89	14	103	0.00000
Acinetobacter sp. 10FS3-1	2563897	S	78	31	109	0.00000
Acinetobacter sp. Marseille-Q1620	2714110	S	76	4	80	0.00000
Acinetobacter sp. LoGeW2-3	1808001	S	75	6	81	0.00000
Acinetobacter sp. YH12138	2601122	S	60	69	129	0.00000
Acinetobacter sp. ACNIH2	1758189	S	43	58	101	0.00000
Acinetobacter sp. WCHA55	2004646	S	35	26	61	0.00000
Acinetobacter sp. C16S1	2609668	S	33	5	38	0.00000
Acinetobacter sp. F9	2853158	S	33	9	42	0.00000
Acinetobacter sp. SCLZS86	2908637	S	32	28	60	0.00000
Acinetobacter sp. NyZ410	2929509	S	30	10	40	0.00000
Acinetobacter sp. WCHA45	2004644	S	29	21	50	0.00000
Acinetobacter sp. WCHAc010052	2004647	S	29	12	41	0.00000
Acinetobacter sp. PK01	2930198	S	26	29	55	0.00000
Acinetobacter sp. Colony158	2810070	S	26	15	41	0.00000
Acinetobacter sp. WY4	2708348	S	23	20	43	0.00000
Acinetobacter sp. SH20PTE14	2905879	S	22	23	45	0.00000
Acinetobacter sp. ACNIH1	1636603	S	21	55	76	0.00000
Acinetobacter sp. AS23	2871688	S	15	7	22	0.00000
Acinetobacter sp. MYb10	1827285	S	12	5	17	0.00000
Acinetobacter sp. AHP123	2913495	S	11	4	15	0.00000
Acinetobacter sp. NEB 394	2743575	S	10	18	28	0.00000
Acinetobacter sp. FDAARGOS_724	2545797	S	10	25	35	0.00000
Acinetobacter indicus	756892	S	496	249	745	0.00002
Acinetobacter johnsonii	40214	S	402	258	660	0.00002
Acinetobacter haemolyticus	29430	S	293	116	409	0.00001
Acinetobacter lwoffii	28090	S	282	251	533	0.00002
Acinetobacter schindleri	108981	S	228	130	358	0.00001
Acinetobacter soli	487316	S	223	15	238	0.00001
Acinetobacter tandoii	202954	S	201	13	214	0.00001
Acinetobacter equi	1324350	S	193	14	207	0.00001
Acinetobacter larvae	1789224	S	174	8	182	0.00001
Acinetobacter towneri	202956	S	168	230	398	0.00001
Acinetobacter radioresistens	40216	S	152	19	171	0.00001
Acinetobacter junii	40215	S	152	41	193	0.00001
Acinetobacter bouvetii	202951	S	122	14	136	0.00000
Acinetobacter baylyi	202950	S	120	7	127	0.00000
Acinetobacter chinensis	2004650	S	111	64	175	0.00001
Acinetobacter wuhouensis	1879050	S	111	42	153	0.00000
Acinetobacter variabilis	70346	S	110	101	211	0.00001
Acinetobacter venetianus	52133	S	110	19	129	0.00000
Acinetobacter dispersus	70348	S	92	5	97	0.00000
Acinetobacter lanii	2715163	S	85	7	92	0.00000
Acinetobacter wanghuae	2662362	S	85	6	91	0.00000
Acinetobacter gyllenbergii	134534	S	84	4	88	0.00000
Acinetobacter piscicola	2006115	S	83	31	114	0.00000
Acinetobacter shaoyimingii	2715164	S	77	5	82	0.00000
Acinetobacter cumulans	2136182	S	76	27	103	0.00000
Acinetobacter defluvii	1871111	S	75	35	110	0.00000
Acinetobacter portensis	1839785	S	70	48	118	0.00000
Acinetobacter ursingii	108980	S	46	31	77	0.00000
Acinetobacter guillouiae	106649	S	35	8	43	0.00000
Acinetobacter bereziniae	106648	S	33	17	50	0.00000
Acinetobacter pseudolwoffii	2053287	S	32	48	80	0.00000
Acinetobacter oleivorans	1148157	S	22	7	29	0.00000
Acinetobacter septicus	465797	S	19	26	45	0.00000
Psychrobacter sp. WY6	2708350	S	101	55	156	0.00000
Psychrobacter sp. DAB_AL43B	1028416	S	98	7	105	0.00000
Psychrobacter sp. P11G3	1699623	S	85	25	110	0.00000
Psychrobacter sp. 28M-43	2772254	S	77	24	101	0.00000
Psychrobacter sp. P11F6	1699621	S	67	37	104	0.00000
Psychrobacter sp. G	571800	S	56	109	165	0.00000
Psychrobacter sp. KCTC 72983	2733866	S	40	75	115	0.00000
Psychrobacter sp. P11G5	1699624	S	32	52	84	0.00000
Psychrobacter sp. KH172YL61	2517899	S	30	125	155	0.00000
Psychrobacter sp. PraFG1	2565531	S	24	41	65	0.00000
Psychrobacter sp. P2G3	1699622	S	20	31	51	0.00000
Psychrobacter sp. YP14	2203895	S	20	41	61	0.00000
Psychrobacter arenosus	256326	S	116	4	120	0.00000
Psychrobacter urativorans	45610	S	94	8	102	0.00000
Psychrobacter sanguinis	861445	S	70	15	85	0.00000
Psychrobacter arcticus	334543	S	69	11	80	0.00000
Psychrobacter cryohalolentis	330922	S	47	94	141	0.00000
Moraxella osloensis	34062	S	651	90	741	0.00002
Moraxella sp. ZY201115	2904121	S	156	11	167	0.00000
Moraxella cuniculi	34061	S	133	9	142	0.00000
Moraxella bovis	476	S	114	25	139	0.00000
Moraxella catarrhalis	480	S	107	16	123	0.00000
Moraxella bovoculi	386891	S	87	124	211	0.00001
Moraxella nonliquefaciens	478	S	65	12	77	0.00000
Moraxella ovis	29433	S	20	53	73	0.00000
Aquirhabdus parva	2283318	S	257	8	265	0.00001
Immundisolibacter cernigliae	1810504	S	12965	1611	14576	0.00043
Thiomicrorhabdus xiamenensis	2739063	S	364	47	411	0.00001
Thiomicrorhabdus indica	2267253	S	276	27	303	0.00001
Thiomicrorhabdus sediminis	2580412	S	275	44	319	0.00001
Thiomicrorhabdus sp. Am19	2791037	S	212	29	241	0.00001
Thiomicrorhabdus aquaedulcis	2211106	S	169	18	187	0.00001
Methylophaga sp. TMB456	2881052	S	472	93	565	0.00002
Methylophaga frappieri	754477	S	369	156	525	0.00002
Methylophaga nitratireducenticrescens	754476	S	366	36	402	0.00001
Thiomicrospira aerophila	92245	S	365	33	398	0.00001
Thiomicrospira microaerophila	406020	S	363	40	403	0.00001
Thiomicrospira cyclica	147268	S	317	16	333	0.00001
Thiomicrospira sp. S5	1803865	S	145	186	331	0.00001
Hydrogenovibrio marinus	28885	S	266	9	275	0.00001
Hydrogenovibrio crunogenus	39765	S	222	9	231	0.00001
Hydrogenovibrio thermophilus	265883	S	208	262	470	0.00001
Cycloclasticus sp. P1	385025	S	172	165	337	0.00001
Cycloclasticus sp. PY97N	728003	S	25	22	47	0.00000
Cycloclasticus zancles	1329899	S	29	31	60	0.00000
Piscirickettsia salmonis	1238	S	388	18	406	0.00001
Thiosulfativibrio zosterae	2675053	S	205	6	211	0.00001
Thiosulfatimonas sediminis	2675054	S	192	9	201	0.00001
Thiothrix litoralis	2891210	S	742	39	781	0.00002
Thiothrix subterranea	2735563	S	556	116	672	0.00002
Thiothrix sp. CT3	96472	S	547	135	682	0.00002
Thiothrix unzii	111769	S	479	193	672	0.00002
Candidatus Thiothrix anitrata	2823902	S	327	149	476	0.00001
Beggiatoa leptomitoformis	288004	S	371	5	376	0.00001
Francisella sp. FSC1006	1547445	S	49	5	54	0.00000
Francisella sp. LA112445	1395624	S	37	4	41	0.00000
Francisella sp. Scap27	2589986	S	34	5	39	0.00000
Francisella tularensis	263	S	107	510	617	0.00002
Francisella frigiditurris	1542390	S	78	3	81	0.00000
Francisella uliginis	573570	S	60	3	63	0.00000
Francisella persica	954	S	58	2	60	0.00000
Francisella philomiragia	28110	S	58	11	69	0.00000
Francisella hispaniensis	622488	S	49	5	54	0.00000
Francisella halioticida	549298	S	33	1	34	0.00000
Francisella adeliensis	2007306	S	28	4	32	0.00000
Francisella orientalis	299583	S	23	4	27	0.00000
Allofrancisella guangzhouensis	594679	S	52	6	58	0.00000
Allofrancisella inopinata	1085647	S	32	12	44	0.00000
Allofrancisella frigidaquae	1085644	S	29	10	39	0.00000
Pasteurella multocida	747	S	3143	4731	7874	0.00023
Pasteurella canis	753	S	122	17	139	0.00000
Pasteurella atlantica	2827233	S	71	5	76	0.00000
Pasteurella skyensis	97481	S	62	3	65	0.00000
Haemophilus parainfluenzae	729	S	585	131	716	0.00002
Haemophilus haemolyticus	726	S	242	76	318	0.00001
Haemophilus influenzae	727	S	219	153	372	0.00001
[Haemophilus] ducreyi	730	S	96	27	123	0.00000
Haemophilus parahaemolyticus	735	S	68	9	77	0.00000
Haemophilus sp. oral taxon 036	712310	S	57	21	78	0.00000
Haemophilus pittmaniae	249188	S	50	7	57	0.00000
Haemophilus aegyptius	197575	S	12	70	82	0.00000
Aggregatibacter aphrophilus	732	S	258	82	340	0.00001
Aggregatibacter actinomycetemcomitans	714	S	255	40	295	0.00001
Aggregatibacter sp. oral taxon 513	712150	S	55	63	118	0.00000
Aggregatibacter sp. 2125159857	2820817	S	50	25	75	0.00000
Aggregatibacter sp. Marseille-P9115	2866570	S	35	40	75	0.00000
Aggregatibacter segnis	739	S	35	42	77	0.00000
Mannheimia varigena	85404	S	215	101	316	0.00001
Mannheimia haemolytica	75985	S	204	61	265	0.00001
Mannheimia granulomatis	85402	S	156	23	179	0.00001
Mannheimia bovis	2770636	S	39	24	63	0.00000
Mannheimia sp. USDA-ARS-USMARC-1261	1432056	S	28	28	56	0.00000
Mannheimia ovis	2679994	S	11	39	50	0.00000
Actinobacillus sp. GY-402	2774188	S	300	88	388	0.00001
Actinobacillus pleuropneumoniae	715	S	109	190	299	0.00001
Actinobacillus delphinicola	51161	S	71	7	78	0.00000
Actinobacillus indolicus	51049	S	59	30	89	0.00000
Actinobacillus equuli	718	S	54	11	65	0.00000
Actinobacillus porcitonsillarum	189834	S	43	11	54	0.00000
Actinobacillus suis	716	S	39	11	50	0.00000
Actinobacillus lignieresii	720	S	24	15	39	0.00000
Avibacterium paragallinarum	728	S	161	53	214	0.00001
Avibacterium sp. 20-132	2911526	S	62	40	102	0.00000
Avibacterium sp. 21-595	2911527	S	39	27	66	0.00000
Avibacterium volantium	762	S	67	35	102	0.00000
Glaesserella parasuis	738	S	132	46	178	0.00001
Glaesserella sp. 15-184	2030797	S	78	22	100	0.00000
Rodentibacter heylii	1906744	S	97	6	103	0.00000
Rodentibacter haemolyticus	2778911	S	84	6	90	0.00000
[Mannheimia] succiniciproducens	157673	S	27	77	104	0.00000
Basfia succiniciproducens	653940	S	20	61	81	0.00000
Gallibacterium anatis	750	S	175	30	205	0.00001
Bibersteinia trehalosi	47735	S	153	11	164	0.00000
Histophilus somni	731	S	119	21	140	0.00000
Frederiksenia canicola	123824	S	73	12	85	0.00000
Bisgaardia hudsonensis	109472	S	64	5	69	0.00000
Otariodibacter oris	1032623	S	51	5	56	0.00000
Vespertiliibacter pulmonis	1443036	S	49	5	54	0.00000
Candidatus Endoriftia persephone	393765	S	2073	72	2145	0.00006
Bathymodiolus septemdierum thioautotrophic gill symbiont	113267	S	187	17	204	0.00001
Bathymodiolus thermophilus thioautotrophic gill symbiont	2360	S	143	6	149	0.00000
Candidatus Vesicomyosocius okutanii	412965	S	42	39	81	0.00000
Candidatus Vesicomyosocius sp. SY067_SCS001	2732590	S	30	27	57	0.00000
Candidatus Ruthia endofausta	2738852	S	54	21	75	0.00000
Candidatus Ruthia magnifica	386487	S	48	7	55	0.00000
Sedimenticola thiotaurini	1543721	S	1208	37	1245	0.00004
Candidatus Reidiella endopervernicosa	2738883	S	1047	15	1062	0.00003
Thiolapillus brandeum	1076588	S	951	16	967	0.00003
Pseudohongiella spirulinae	1249552	S	782	15	797	0.00002
Gallaecimonas mangrovi	2291597	S	539	30	569	0.00002
Candidatus Thioglobus autotrophicus	1705394	S	200	13	213	0.00001
Candidatus Thioglobus sp. NP1	2508687	S	125	21	146	0.00000
Celerinatantimonas diazotrophica	412034	S	176	10	186	0.00001
Candidatus Pseudothioglobus singularis	1427364	S	117	36	153	0.00000
Ignatzschineria sp. HR5S32	2923279	S	108	7	115	0.00000
endosymbiont of Pachyrhynchus infernalis	1971488	S	19	5	24	0.00000
endosymbiont of Sipalinus gigas	1972134	S	18	4	22	0.00000
Candidatus Nardonella dryophthoridicola	1971485	S	12	4	16	0.00000
Candidatus Steffania adelgidicola	1076626	S	49	1	50	0.00000
Candidatus Azoamicus ciliaticola	2652803	S	36	2	38	0.00000
Salinisphaera sp. LB1	2183911	S	4126	108	4234	0.00013
endosymbiont of unidentified scaly snail isolate Monju	1248727	S	3334	202	3536	0.00011
Isorropodon fossajaponicum symbiont	883811	S	45	9	54	0.00000
Abyssogena phaseoliformis symbiont	596095	S	37	10	47	0.00000
endosymbiont of Euscepes postfasciatus	650377	S	30	5	35	0.00000
Cardiobacterium hominis	2718	S	1130	168	1298	0.00004
Cardiobacterium sp. Marseille-Q4385	2866573	S	877	119	996	0.00003
Dichelobacter nodosus	870	S	274	51	325	0.00001
Suttonella sp. R2A3	2908648	S	223	8	231	0.00001
Kangiella koreensis	261964	S	303	27	330	0.00001
Kangiella profundi	1561924	S	230	30	260	0.00001
Kangiella geojedonensis	914150	S	228	10	238	0.00001
Kangiella sediminilitoris	1144748	S	146	6	152	0.00000
Gilliamella sp. ESL0443	2704655	S	87	20	107	0.00000
Gilliamella sp. ESL0405	2704653	S	80	13	93	0.00000
Gilliamella sp. ESL0441	2704654	S	60	27	87	0.00000
Gilliamella apicola	1196095	S	116	28	144	0.00000
Zophobihabitans entericus	1635327	S	121	10	131	0.00000
Frischella perrara	1267021	S	79	25	104	0.00000
Archangium violaceum	83451	S	46988	5610	52598	0.00157
Archangium gephyra	48	S	46282	6277	52559	0.00156
Stigmatella aurantiaca	41	S	20736	971	21707	0.00065
Cystobacter fuscus	43	S	12464	2190	14654	0.00044
Melittangium boletus	83453	S	9405	1488	10893	0.00032
Myxococcus xanthus	34	S	14011	57123	71134	0.00212
Myxococcus hansupus	1297742	S	6752	284	7036	0.00021
Myxococcus stipitatus	83455	S	5399	304	5703	0.00017
Myxococcus sp. SCHIC003	2813577	S	4739	265	5004	0.00015
Corallococcus coralloides	184914	S	10426	3602	14028	0.00042
Corallococcus macrosporus	35	S	8191	796	8987	0.00027
Corallococcus sp. EGB	1521117	S	7943	2710	10653	0.00032
Pyxidicoccus sp. SCPEA002	2813578	S	14426	353	14779	0.00044
Anaeromyxobacter sp. Red232	2918170	S	13197	1125	14322	0.00043
Anaeromyxobacter sp. Fw109-5	404589	S	11456	1162	12618	0.00038
Anaeromyxobacter sp. Red630	2918171	S	10471	946	11417	0.00034
Anaeromyxobacter sp. K	447217	S	2895	5645	8540	0.00025
Anaeromyxobacter dehalogenans	161493	S	8978	5967	14945	0.00044
Vulgatibacter incomptus	1391653	S	12086	520	12606	0.00038
Sorangium cellulosum	56	S	115349	10854	126203	0.00376
Polyangium aurulentum	2567896	S	23178	1828	25006	0.00074
Chondromyces crocatus	52	S	15126	560	15686	0.00047
Pajaroellobacter abortibovis	1882918	S	270	6	276	0.00001
Sandaracinus amylolyticus	927083	S	76697	2729	79426	0.00236
Labilithrix luteola	1391654	S	23723	839	24562	0.00073
Haliangium ochraceum	80816	S	22839	736	23575	0.00070
Geomonas sp. RF6	2897342	S	2616	249	2865	0.00009
Geomonas nitrogeniifigens	2847991	S	2162	984	3146	0.00009
Geomonas paludis	2740185	S	2067	928	2995	0.00009
Geomonas subterranea	2847989	S	1843	757	2600	0.00008
Geomonas oryzisoli	2847992	S	1724	841	2565	0.00008
Geobacter sp. FeAm09	2597769	S	1880	194	2074	0.00006
Geobacter sp. SVR	2495594	S	1605	202	1807	0.00005
Geobacter sp. DSM 9736	1277350	S	857	46	903	0.00003
Geobacter sulfurreducens	35554	S	2478	395	2873	0.00009
Geobacter pickeringii	345632	S	2046	432	2478	0.00007
Geobacter metallireducens	28232	S	1425	289	1714	0.00005
Geobacter benzoatilyticus	2815309	S	1036	196	1232	0.00004
Citrifermentans bremense	60035	S	2103	710	2813	0.00008
Citrifermentans bemidjiense	225194	S	1846	571	2417	0.00007
Geotalea uraniireducens	351604	S	1108	67	1175	0.00003
Geotalea daltonii	1203471	S	836	54	890	0.00003
Geoalkalibacter subterraneus	483547	S	1096	709	1805	0.00005
Trichlorobacter lovleyi	313985	S	758	89	847	0.00003
Desulfuromonas versatilis	2802975	S	3882	595	4477	0.00013
Desulfuromonas sp. DDH964	1823759	S	2652	399	3051	0.00009
Desulfuromonas sp. AOP6	1566351	S	1011	100	1111	0.00003
Desulfuromonas soudanensis	1603606	S	2309	230	2539	0.00008
Pelobacter propionicus	29543	S	1553	413	1966	0.00006
Syntrophotalea acetylenica	29542	S	872	123	995	0.00003
Syntrophotalea carbinolica	19	S	705	40	745	0.00002
Syntrophotalea acetylenivorans	1842532	S	597	62	659	0.00002
Pseudodesulfovibrio mercurii	641491	S	1725	364	2089	0.00006
Pseudodesulfovibrio indicus	1716143	S	1626	315	1941	0.00006
Pseudodesulfovibrio aespoeensis	182210	S	1425	800	2225	0.00007
Pseudodesulfovibrio cashew	2678688	S	1164	193	1357	0.00004
Pseudodesulfovibrio sp. zrk46	2725288	S	646	90	736	0.00002
Pseudodesulfovibrio sp. SF6	2810563	S	456	38	494	0.00001
Pseudodesulfovibrio tunisiensis	463192	S	899	69	968	0.00003
Pseudodesulfovibrio profundus	57320	S	438	343	781	0.00002
Pseudodesulfovibrio piezophilus	879567	S	217	23	240	0.00001
Desulfovibrio sp. IOR2	2583823	S	1203	191	1394	0.00004
Desulfovibrio sp. 86	2666132	S	513	79	592	0.00002
Desulfovibrio sp. G11	631220	S	507	314	821	0.00002
Desulfovibrio vulgaris	881	S	1573	39	1612	0.00005
Desulfovibrio desulfuricans	876	S	1200	193	1393	0.00004
Desulfovibrio piger	901	S	1126	165	1291	0.00004
Desulfovibrio sulfodismutans	63561	S	1044	242	1286	0.00004
Desulfovibrio fairfieldensis	44742	S	773	54	827	0.00002
Desulfovibrio ferrophilus	241368	S	596	37	633	0.00002
Candidatus Desulfovibrio trichonymphae	1725232	S	219	13	232	0.00001
Solidesulfovibrio carbinoliphilus	345370	S	2132	214	2346	0.00007
Solidesulfovibrio magneticus	184917	S	1096	568	1664	0.00005
Solidesulfovibrio carbinolicus	296842	S	989	666	1655	0.00005
Oceanidesulfovibrio marinus	370038	S	2402	119	2521	0.00008
Desulfocurvibacter africanus	873	S	1902	103	2005	0.00006
Megalodesulfovibrio gigas	879	S	1389	56	1445	0.00004
Desulfolutivibrio sulfoxidireducens	2773299	S	1337	329	1666	0.00005
Oleidesulfovibrio alaskensis	58180	S	491	511	1002	0.00003
Maridesulfovibrio salexigens	880	S	159	13	172	0.00001
Maridesulfovibrio hydrothermalis	191026	S	153	12	165	0.00000
Paradesulfovibrio bizertensis	376490	S	309	22	331	0.00001
Lawsonia intracellularis	29546	S	73	0	73	0.00000
Desulfomicrobium baculatum	899	S	1248	86	1334	0.00004
Desulfomicrobium orale	132132	S	781	158	939	0.00003
Desulfohalobium retbaense	45663	S	574	21	595	0.00002
Desulfosarcina ovata	83564	S	1515	54	1569	0.00005
Desulfosarcina alkanivorans	571177	S	1478	451	1929	0.00006
Desulfosarcina widdelii	947919	S	1289	102	1391	0.00004
Desulfococcus multivorans	897	S	1163	167	1330	0.00004
Desulfatibacillum aliphaticivorans	218208	S	999	28	1027	0.00003
Desulfoluna sp. ASN36	2810562	S	868	36	904	0.00003
Desulfobacter hydrogenophilus	2291	S	385	66	451	0.00001
Desulfobacter postgatei	2293	S	303	45	348	0.00001
Desulfonema magnum	45655	S	322	14	336	0.00001
Desulfonema limicola	45656	S	137	14	151	0.00000
Desulforapulum autotrophicum	2296	S	281	29	310	0.00001
Desulfobacula toluolica	28223	S	198	15	213	0.00001
Desulfobulbus propionicus	894	S	1563	64	1627	0.00005
Desulfobulbus oralis	1986146	S	870	138	1008	0.00003
Desulfobulbus oligotrophicus	1909699	S	303	186	489	0.00001
Desulfurivibrio alkaliphilus	427923	S	976	34	1010	0.00003
Desulfomarina profundi	2772557	S	183	12	195	0.00001
Desulfosediminicola ganghwensis	2569540	S	325	26	351	0.00001
Desulfosediminicola flagellatus	2569541	S	181	13	194	0.00001
Desulfocapsa sulfexigens	65555	S	215	8	223	0.00001
Desulfotalea psychrophila	84980	S	168	20	188	0.00001
Desulfosudis oleivorans	181663	S	890	41	931	0.00003
Persicimonas caeni	2292766	S	6945	166	7111	0.00021
Bradymonas sediminis	1548548	S	2448	145	2593	0.00008
Bradymonadales bacterium V1718	2600177	S	967	32	999	0.00003
Desulfarculus baarsii	453230	S	2705	1129	3834	0.00011
Syntrophobacter fumaroxidans	119484	S	1216	366	1582	0.00005
Desulfoglaeba alkanexedens	361111	S	1084	42	1126	0.00003
Syntrophus aciditrophicus	316277	S	426	14	440	0.00001
Desulfobacca acetoxidans	60893	S	418	6	424	0.00001
Desulfomonile tiedjei	2358	S	380	2	382	0.00001
Dissulfurimicrobium hydrothermale	1750598	S	249	8	257	0.00001
Candidatus Desulfofervidus auxilii	1621989	S	68	0	68	0.00000
Hippea maritima	84405	S	64	1	65	0.00000
Campylobacter sp. CCUG 57310	2517362	S	40	8	48	0.00000
Campylobacter sp. RM6914	1032243	S	31	1	32	0.00000
Campylobacter sp. RM5004	1660078	S	30	6	36	0.00000
Campylobacter sp. RM10537	1032242	S	28	2	30	0.00000
Campylobacter sp. 19-13652	2840180	S	27	1	28	0.00000
Campylobacter sp. RM12651	1660079	S	22	3	25	0.00000
Campylobacter sp. RM16192	1660080	S	20	4	24	0.00000
Campylobacter sp. RM16704	1500960	S	19	2	21	0.00000
Campylobacter sp. RM6137	1660073	S	17	1	18	0.00000
Campylobacter concisus	199	S	240	15	255	0.00001
Campylobacter showae	204	S	201	9	210	0.00001
Campylobacter gracilis	824	S	160	5	165	0.00000
Campylobacter curvus	200	S	148	6	154	0.00000
Campylobacter rectus	203	S	94	6	100	0.00000
Campylobacter upsaliensis	28080	S	91	15	106	0.00000
Campylobacter coli	195	S	89	40	129	0.00000
Campylobacter hyointestinalis	198	S	64	10	74	0.00000
Campylobacter lari	201	S	60	16	76	0.00000
Campylobacter sputorum	206	S	60	4	64	0.00000
Campylobacter jejuni	197	S	59	464	523	0.00002
Campylobacter geochelonis	1780362	S	53	2	55	0.00000
Campylobacter fetus	196	S	51	8	59	0.00000
Campylobacter pinnipediorum	1965231	S	48	2	50	0.00000
Campylobacter avium	522485	S	42	2	44	0.00000
Campylobacter mucosalis	202	S	40	1	41	0.00000
Campylobacter corcagiensis	1448857	S	39	2	41	0.00000
Campylobacter iguaniorum	1244531	S	38	2	40	0.00000
Campylobacter blaseri	2042961	S	35	2	37	0.00000
Campylobacter canadensis	449520	S	34	2	36	0.00000
Candidatus Campylobacter infans	2561898	S	29	1	30	0.00000
Campylobacter ureolyticus	827	S	28	4	32	0.00000
Campylobacter peloridis	488546	S	27	3	30	0.00000
Campylobacter hominis	76517	S	27	5	32	0.00000
Campylobacter lanienae	75658	S	26	3	29	0.00000
Campylobacter volucris	1031542	S	25	2	27	0.00000
Campylobacter cuniculorum	374106	S	23	1	24	0.00000
Campylobacter novaezeelandiae	2267891	S	22	2	24	0.00000
Campylobacter helveticus	28898	S	20	4	24	0.00000
Campylobacter insulaenigrae	260714	S	20	1	21	0.00000
Campylobacter hepaticus	1813019	S	18	1	19	0.00000
Campylobacter armoricus	2505970	S	17	2	19	0.00000
Campylobacter ornithocola	1848766	S	15	2	17	0.00000
Campylobacter subantarcticus	497724	S	12	3	15	0.00000
Helicobacter pylori	210	S	513	521	1034	0.00003
Helicobacter sp. NHP19-0012	2849642	S	52	4	56	0.00000
Helicobacter sp. NHP19-0003	2849641	S	48	3	51	0.00000
Helicobacter cinaedi	213	S	72	6	78	0.00000
Helicobacter felis	214	S	57	1	58	0.00000
Helicobacter canadensis	123841	S	52	4	56	0.00000
Helicobacter mustelae	217	S	51	2	53	0.00000
Helicobacter himalayensis	1591088	S	50	1	51	0.00000
Helicobacter heilmannii	35817	S	49	2	51	0.00000
Helicobacter canis	29419	S	37	3	40	0.00000
Helicobacter suis	104628	S	32	1	33	0.00000
Helicobacter enhydrae	222136	S	32	1	33	0.00000
Helicobacter pullorum	35818	S	31	2	33	0.00000
Helicobacter bizzozeronii	56877	S	30	1	31	0.00000
Helicobacter hepaticus	32025	S	30	2	32	0.00000
Helicobacter cetorum	138563	S	27	0	27	0.00000
Helicobacter cholecystus	45498	S	25	1	26	0.00000
Helicobacter winghamensis	157268	S	25	3	28	0.00000
Helicobacter typhlonius	76936	S	19	1	20	0.00000
Helicobacter apodemus	135569	S	15	0	15	0.00000
Helicobacter bilis	37372	S	11	2	13	0.00000
Wolinella succinogenes	844	S	73	3	76	0.00000
Sulfurimonas sp. HSL-3221	2894755	S	862	38	900	0.00003
Sulfurimonas sp. B2	2590551	S	73	5	78	0.00000
Sulfurimonas sp. H1576	2672570	S	60	3	63	0.00000
Sulfurimonas sp. SWIR-19	2878390	S	14	7	21	0.00000
Sulfurimonas autotrophica	202747	S	46	3	49	0.00000
Sulfurimonas denitrificans	39766	S	39	4	43	0.00000
Sulfurimonas paralvinellae	317658	S	31	2	33	0.00000
Sulfurimonas lithotrophica	2590022	S	28	1	29	0.00000
Sulfurimonas xiamenensis	2590021	S	27	77	104	0.00000
Sulfurimonas gotlandica	1176482	S	26	1	27	0.00000
Sulfurimonas hydrogeniphila	2509341	S	21	3	24	0.00000
Candidatus Sulfurimonas marisnigri	2740405	S	19	1	20	0.00000
Candidatus Sulfurimonas baltica	2740404	S	18	1	19	0.00000
Sulfurimonas sediminis	2590020	S	13	7	20	0.00000
Sulfuricurvum kujiense	148813	S	123	5	128	0.00000
Aliarcobacter cibarius	255507	S	96	28	124	0.00000
Aliarcobacter cryaerophilus	28198	S	52	20	72	0.00000
Aliarcobacter butzleri	28197	S	51	30	81	0.00000
Aliarcobacter skirrowii	28200	S	27	12	39	0.00000
Aliarcobacter trophiarum	708186	S	24	4	28	0.00000
Aliarcobacter lanthieri	1355374	S	24	4	28	0.00000
Aliarcobacter faecis	1564138	S	21	3	24	0.00000
Aliarcobacter thereius	544718	S	18	7	25	0.00000
[Arcobacter] porcinus	1935204	S	16	8	24	0.00000
Arcobacter nitrofigilis	28199	S	47	4	51	0.00000
Arcobacter suis	1278212	S	32	7	39	0.00000
Arcobacter venerupis	1054033	S	27	5	32	0.00000
Arcobacter aquimarinus	1315211	S	21	8	29	0.00000
Arcobacter sp. FWKO B	2593672	S	20	1	21	0.00000
Arcobacter peruensis	2320140	S	19	198	217	0.00001
Arcobacter cloacae	1054034	S	18	7	25	0.00000
Arcobacter ellisii	913109	S	15	5	20	0.00000
Arcobacter defluvii	873191	S	11	2	13	0.00000
Malaciobacter halophilus	197482	S	36	8	44	0.00000
Malaciobacter mytili	603050	S	29	4	33	0.00000
Malaciobacter molluscorum	1032072	S	22	3	25	0.00000
Malaciobacter marinus	505249	S	21	14	35	0.00000
Malaciobacter pacificus	1080223	S	21	4	25	0.00000
Malaciobacter canalis	1912871	S	20	13	33	0.00000
Halarcobacter bivalviorum	663364	S	33	3	36	0.00000
Halarcobacter ebronensis	1462615	S	32	3	35	0.00000
Halarcobacter anaerophilus	877500	S	28	3	31	0.00000
Poseidonibacter lekithochrous	1904463	S	48	7	55	0.00000
Pseudoarcobacter acticola	1849015	S	41	8	49	0.00000
Sulfurovum sp. HSL1-3	2893889	S	116	18	134	0.00000
Sulfurovum sp. NBC37-1	387093	S	107	37	144	0.00000
Sulfurovum sp. XGS-02	2925411	S	67	4	71	0.00000
Sulfurovum lithotrophicum	206403	S	83	33	116	0.00000
Sulfurovum indicum	2779528	S	64	4	68	0.00000
Nitratifractor salsuginis	269261	S	414	21	435	0.00001
Sulfurospirillum sp. UCH001	1581011	S	28	3	31	0.00000
Sulfurospirillum sp. JPD-1	220622	S	10	115	125	0.00000
Sulfurospirillum cavolei	366522	S	99	6	105	0.00000
Sulfurospirillum barnesii	44674	S	63	4	67	0.00000
Sulfurospirillum deleyianum	65553	S	57	5	62	0.00000
Sulfurospirillum halorespirans	194424	S	53	50	103	0.00000
Sulfurospirillum multivorans	66821	S	28	27	55	0.00000
Hydrogenimonas urashimensis	2740515	S	435	22	457	0.00001
Nitratiruptor sp. YY09-18	2724901	S	68	68	136	0.00000
Nitratiruptor sp. SB155-2	387092	S	49	78	127	0.00000
Nitrosophilus alvini	2714855	S	60	21	81	0.00000
Nitrosophilus labii	2706014	S	26	15	41	0.00000
Caminibacter mediatlanticus	291048	S	69	19	88	0.00000
Caminibacter pacificus	1424653	S	47	11	58	0.00000
Nautilia sp. PV-1	2579250	S	37	13	50	0.00000
Nautilia profundicola	244787	S	36	15	51	0.00000
Bdellovibrio sp. LBG001	2835041	S	747	111	858	0.00003
Bdellovibrio sp. NC01	2220073	S	634	95	729	0.00002
Bdellovibrio sp. ZAP7	2231053	S	336	164	500	0.00001
Bdellovibrio sp. KM01	2748865	S	323	164	487	0.00001
Bdellovibrio bacteriovorus	959	S	1452	251	1703	0.00005
Pseudobdellovibrio exovorus	453816	S	494	30	524	0.00002
Halobacteriovorax sp. BALOs_7	2109558	S	131	23	154	0.00000
Halobacteriovorax marinus	97084	S	101	25	126	0.00000
Bacteriovorax stolpii	960	S	240	31	271	0.00001
Silvanigrella aquatica	1915309	S	122	21	143	0.00000
Fluviispira sanaruensis	2493639	S	107	18	125	0.00000
Acidithiobacillus caldus	33059	S	1169	139	1308	0.00004
Acidithiobacillus ferrivorans	160808	S	1023	165	1188	0.00004
Acidithiobacillus ferrooxidans	920	S	706	798	1504	0.00004
Acidithiobacillus thiooxidans	930	S	454	19	473	0.00001
Acidithiobacillus ferriphilus	1689834	S	351	58	409	0.00001
Acidithiobacillus ferridurans	1232575	S	37	286	323	0.00001
Acidithiobacillus sp. 'AMD consortium'	2614801	S	13	158	171	0.00001
Hydrogenophilus thermoluteolus	297	S	1354	132	1486	0.00004
Mariprofundus ferrinatatus	1921087	S	494	17	511	0.00002
Mariprofundus aestuarium	1921086	S	417	17	434	0.00001
Streptomyces sp. BJ20	2930049	S	383567	110644	494211	0.01471
Streptomyces sp. WAC 01438	2203204	S	102526	24668	127194	0.00379
Streptomyces sp. AMCC400023	2056258	S	35065	10720	45785	0.00136
Streptomyces sp. SCSIO 64649	2878388	S	8865	1142	10007	0.00030
Streptomyces sp. MG28	2865673	S	7598	1979	9577	0.00029
Streptomyces sp. SYP-A7193	2662065	S	7026	3018	10044	0.00030
Streptomyces sp. SN-593	659352	S	6735	1106	7841	0.00023
Streptomyces sp. NHF165	2175864	S	6717	822	7539	0.00022
Streptomyces sp. CdTB01	1725411	S	6244	1275	7519	0.00022
Streptomyces sp. P3	2135430	S	6230	1119	7349	0.00022
Streptomyces sp. CB01881	2078691	S	6194	882	7076	0.00021
Streptomyces sp. SCUT-3	2684469	S	6121	1682	7803	0.00023
Streptomyces sp. Z423-1	2730915	S	6097	1290	7387	0.00022
Streptomyces sp. 891-h	2720714	S	5867	745	6612	0.00020
Streptomyces sp. MA3_2.13	2867410	S	5865	534	6399	0.00019
Streptomyces sp. 3025	2923272	S	5831	729	6560	0.00020
Streptomyces sp. So13.3	2136173	S	5771	744	6515	0.00019
Streptomyces sp. ZYC-3	2797636	S	5710	816	6526	0.00019
Streptomyces sp. HM190	2695266	S	5675	1274	6949	0.00021
Streptomyces sp. ST1015	1848900	S	5422	799	6221	0.00019
Streptomyces sp. BH-MK-02	2880933	S	5160	770	5930	0.00018
Streptomyces sp. CB09001	2083284	S	4986	2381	7367	0.00022
Streptomyces sp. Tu 2975	2676871	S	4893	1116	6009	0.00018
Streptomyces sp. Go-475	2072505	S	4798	1615	6413	0.00019
Streptomyces sp. LRE541	2931983	S	4706	761	5467	0.00016
Streptomyces sp. SAT1	1849967	S	4704	1228	5932	0.00018
Streptomyces sp. NA02950	2742137	S	4658	651	5309	0.00016
Streptomyces sp. 3214.6	1882757	S	4516	947	5463	0.00016
Streptomyces sp. GQFP	2907545	S	4510	550	5060	0.00015
Streptomyces sp. DSM 40868	2721173	S	4420	1151	5571	0.00017
Streptomyces sp. MG62	2838015	S	4363	1173	5536	0.00016
Streptomyces sp. NA04227	2742136	S	4276	677	4953	0.00015
Streptomyces sp. JB150	2714844	S	4239	1086	5325	0.00016
Streptomyces sp. CCM_MD2014	1561022	S	4143	2678	6821	0.00020
Streptomyces sp. A2-16	2781734	S	4138	945	5083	0.00015
Streptomyces sp. NEAU-sy36	2751189	S	4100	1099	5199	0.00015
Streptomyces sp. C8S0	2585716	S	4090	820	4910	0.00015
Streptomyces sp. YIM 121038	2136401	S	4058	874	4932	0.00015
Streptomyces sp. MST-110588	2833628	S	4025	679	4704	0.00014
Streptomyces sp. GMY02	1333528	S	4007	488	4495	0.00013
Streptomyces sp. Go 40/10	2825844	S	3961	1253	5214	0.00016
Streptomyces sp. MBT27	1488356	S	3937	790	4727	0.00014
Streptomyces sp. W1SF4	2305220	S	3923	993	4916	0.00015
Streptomyces sp. QHH-9511	2684468	S	3680	722	4402	0.00013
Streptomyces sp. HSG2	2797167	S	3632	517	4149	0.00012
Streptomyces sp. RTd22	1841249	S	3619	1110	4729	0.00014
Streptomyces sp. NA02536	2742133	S	3611	7326	10937	0.00033
Streptomyces sp. GS7	2692234	S	3582	697	4279	0.00013
Streptomyces sp. BHT-5-2	2866715	S	3481	788	4269	0.00013
Streptomyces sp. HP-A2021	2927875	S	3468	1392	4860	0.00014
Streptomyces sp. RPA4-2	2721244	S	3458	743	4201	0.00013
Streptomyces sp. SirexAA-E	862751	S	3402	720	4122	0.00012
Streptomyces sp. SM18	1736046	S	3314	648	3962	0.00012
Streptomyces sp. 135	2838850	S	3309	795	4104	0.00012
Streptomyces sp. CMB-StM0423	2059884	S	3244	1127	4371	0.00013
Streptomyces sp. Rer75	2750011	S	3177	1081	4258	0.00013
Streptomyces sp. TN58	234612	S	2898	940	3838	0.00011
Streptomyces sp. fd1-xmd	1812480	S	2879	897	3776	0.00011
Streptomyces sp. WAC 01529	2203205	S	2748	707	3455	0.00010
Streptomyces sp. S4.7	2705439	S	2697	649	3346	0.00010
Streptomyces sp. INR7	2607753	S	2669	973	3642	0.00011
Streptomyces sp. jing01	2726118	S	2493	1008	3501	0.00010
Streptomyces sp. SUK 48	2582831	S	2206	982	3188	0.00009
Streptomyces sp. S1D4-11	2721246	S	2203	1205	3408	0.00010
Streptomyces sp. CNQ-509	444103	S	2141	1524	3665	0.00011
Streptomyces sp. WY228	2855836	S	2108	834	2942	0.00009
Streptomyces sp. WAC 06738	2203210	S	2021	1469	3490	0.00010
Streptomyces sp. YPW6	2840373	S	1995	751	2746	0.00008
Streptomyces sp. Mg1	465541	S	1917	1302	3219	0.00010
Streptomyces sp. ADI95-16	1522758	S	1829	1170	2999	0.00009
Streptomyces sp. HF10	2692233	S	1775	893	2668	0.00008
Streptomyces sp. SS52	2563602	S	1509	5667	7176	0.00021
Streptomyces sp. 769	1262452	S	1493	848	2341	0.00007
Streptomyces sp. A144	2871487	S	1480	5300	6780	0.00020
Streptomyces sp. RPA4-5	2721245	S	1441	700	2141	0.00006
Streptomyces sp. AgN23	1188315	S	1400	956	2356	0.00007
Streptomyces sp. S063	2005885	S	1378	700	2078	0.00006
Streptomyces sp. 2323.1	1938841	S	1365	622	1987	0.00006
Streptomyces sp. NA03103	2742134	S	1313	6677	7990	0.00024
Streptomyces sp. SGAir0924	2109593	S	1296	5042	6338	0.00019
Streptomyces sp. S8	1837283	S	1265	801	2066	0.00006
Streptomyces sp. EAS-AB2608	2779671	S	1258	1508	2766	0.00008
Streptomyces sp. XC 2026	2782004	S	1249	837	2086	0.00006
Streptomyces sp. PBH53	1577075	S	1232	1419	2651	0.00008
Streptomyces sp. NEAU-S7GS2	2202000	S	1231	767	1998	0.00006
Streptomyces sp. WA6-1-16	2879427	S	1197	911	2108	0.00006
Streptomyces sp. HNA39	2850561	S	1088	923	2011	0.00006
Streptomyces sp. 3211	1964449	S	1081	1039	2120	0.00006
Streptomyces sp. ID38640	1265399	S	1028	576	1604	0.00005
Streptomyces sp. Sge12	1972846	S	1022	1207	2229	0.00007
Streptomyces sp. MOE7	1961713	S	917	835	1752	0.00005
Streptomyces sp. Tue 6075	1661694	S	871	752	1623	0.00005
Streptomyces sp. RLB1-33	2721243	S	850	1976	2826	0.00008
Streptomyces sp. V17-9	2831149	S	836	3098	3934	0.00012
Streptomyces sp. CB00271	2750025	S	834	873	1707	0.00005
Streptomyces sp. 11-1-2	1851167	S	776	1150	1926	0.00006
Streptomyces sp. CB09030	2913412	S	740	1939	2679	0.00008
Streptomyces sp. CFMR 7	1649184	S	736	966	1702	0.00005
Streptomyces sp. WAC00303	2933779	S	695	768	1463	0.00004
Streptomyces sp. VN1	1821625	S	659	2189	2848	0.00008
Streptomyces sp. 2114.2	1881022	S	627	3057	3684	0.00011
Streptomyces sp. CB04723	2748873	S	604	822	1426	0.00004
Streptomyces sp. BSE6.1	2605730	S	601	2189	2790	0.00008
Streptomyces sp. M56	1495638	S	595	1269	1864	0.00006
Streptomyces sp. PAMC 26508	1265601	S	558	1600	2158	0.00006
Streptomyces sp. WAC00288	2094021	S	553	1803	2356	0.00007
Streptomyces sp. CLI2509	1984801	S	528	1431	1959	0.00006
Streptomyces sp. LBUM 1480	2609808	S	525	4244	4769	0.00014
Streptomyces sp. Tu6071	355249	S	504	1219	1723	0.00005
Streptomyces sp. M2	646637	S	494	2119	2613	0.00008
Streptomyces sp. S501	2420135	S	483	1500	1983	0.00006
Streptomyces sp. CRSS-Y-16	2906474	S	472	2142	2614	0.00008
Streptomyces sp. KPB2	2305221	S	425	2735	3160	0.00009
Streptomyces sp. endophyte_N2	2153485	S	413	925	1338	0.00004
Streptomyces sp. WA1-19	2884220	S	406	1671	2077	0.00006
Streptomyces sp. HU2014	2939414	S	406	1092	1498	0.00004
Streptomyces sp. R527F	1664033	S	329	1483	1812	0.00005
Streptomyces sp. 604F	1476754	S	303	2148	2451	0.00007
Streptomyces sp. S1D4-20	2594462	S	252	5693	5945	0.00018
Streptomyces sp. S1A1-7	2594459	S	245	1903	2148	0.00006
Streptomyces sp. FR-008	206662	S	243	1543	1786	0.00005
Streptomyces sp. GF20	2692235	S	238	1035	1273	0.00004
Streptomyces sp. NBU3104	2911367	S	230	1169	1399	0.00004
Streptomyces sp. A1-5	2738410	S	210	777	987	0.00003
Streptomyces sp. CA-256286	2801033	S	205	1013	1218	0.00004
Streptomyces sp. RLB3-17	2594455	S	198	2567	2765	0.00008
Streptomyces sp. LBUM 1482	2609809	S	196	4094	4290	0.00013
Streptomyces sp. OUCMDZ-3434	1535304	S	175	1436	1611	0.00005
Streptomyces sp. GBA 94-10	1218177	S	156	1568	1724	0.00005
Streptomyces sp. LBUM 1475	2609807	S	153	3749	3902	0.00012
Streptomyces sp. RLB3-6	2594457	S	148	3863	4011	0.00012
Streptomyces sp. PLM4	2929798	S	139	891	1030	0.00003
Streptomyces sp. CC0208	2306165	S	120	2606	2726	0.00008
Streptomyces sp. A10(2020)	2782013	S	114	1033	1147	0.00003
Streptomyces sp. PVA_94-07	1225337	S	109	1265	1374	0.00004
Streptomyces sp. S1D4-14	2594461	S	77	4177	4254	0.00013
Streptomyces sp. RLB1-9	2594454	S	76	3482	3558	0.00011
Streptomyces sp. S1D4-23	2594463	S	53	2358	2411	0.00007
Streptomyces sp. SM17	565560	S	30	966	996	0.00003
Streptomyces sp. ICC1	2099583	S	25	1218	1243	0.00004
Streptomyces sp. ICC4	2099584	S	18	1015	1033	0.00003
Streptomyces sp. HNM0561	2903099	S	13	2113	2126	0.00006
Streptomyces qaidamensis	1783515	S	8192	2359	10551	0.00031
Streptomyces cadmiisoli	2184053	S	4957	803	5760	0.00017
Streptomyces aurantiacus	47760	S	4347	676	5023	0.00015
Streptomyces alboniger	132473	S	2366	598	2964	0.00009
Streptomyces koyangensis	188770	S	1970	1397	3367	0.00010
Streptomyces venezuelae	54571	S	21581	5409	26990	0.00080
Streptomyces tendae	1932	S	21368	5800	27168	0.00081
Streptomyces bathyalis	2710756	S	14841	1534	16375	0.00049
Streptomyces calvus	67282	S	14568	3882	18450	0.00055
Streptomyces hygroscopicus	1912	S	6623	7872	14495	0.00043
Streptomyces rapamycinicus	1226757	S	3706	650	4356	0.00013
Streptomyces violaceusniger	68280	S	1594	779	2373	0.00007
Streptomyces yatensis	155177	S	1512	811	2323	0.00007
Streptomyces malaysiensis	92644	S	427	1002	1429	0.00004
Streptomyces viridosporus	67581	S	13392	3658	17050	0.00051
Streptomyces pactum	68249	S	12394	3316	15710	0.00047
Streptomyces peucetius	1950	S	12359	2177	14536	0.00043
Streptomyces deccanensis	424188	S	10975	3167	14142	0.00042
Streptomyces albus	1888	S	9819	3429	13248	0.00039
Streptomyces griseus	1911	S	3609	2232	5841	0.00017
Streptomyces sp. M54	2759525	S	385	747	1132	0.00003
Streptomyces anulatus	1892	S	2783	2156	4939	0.00015
Streptomyces microflavus	1919	S	1305	4371	5676	0.00017
Streptomyces globisporus	1908	S	1205	6693	7898	0.00024
Streptomyces chartreusis	1969	S	9302	2912	12214	0.00036
Streptomyces armeniacus	83291	S	9202	879	10081	0.00030
Streptomyces nigra	1827580	S	8507	2168	10675	0.00032
Streptomyces ambofaciens	1889	S	7857	3452	11309	0.00034
Streptomyces prasinus	67345	S	7272	1545	8817	0.00026
Streptomyces lydicus	47763	S	7119	3470	10589	0.00032
Streptomyces formicae	1616117	S	6872	1457	8329	0.00025
Streptomyces buecherae	2763006	S	6833	1097	7930	0.00024
Streptomyces tsukubensis	83656	S	6234	1148	7382	0.00022
Streptomyces capitiformicae	2014920	S	6174	698	6872	0.00020
Streptomyces griseorubiginosus	67304	S	6100	1326	7426	0.00022
Streptomyces seoulensis	73044	S	5914	1464	7378	0.00022
Streptomyces niveus	193462	S	5880	1741	7621	0.00023
Streptomyces bingchenggensis	379067	S	5767	717	6484	0.00019
Streptomyces cattleya	29303	S	5729	1057	6786	0.00020
Streptomyces spectabilis	68270	S	5689	1238	6927	0.00021
Streptomyces cyaneochromogenes	2496836	S	5485	1066	6551	0.00019
Streptomyces ferrugineus	1413221	S	5472	1176	6648	0.00020
Streptomyces pristinaespiralis	38300	S	5412	1481	6893	0.00021
Streptomyces xinghaiensis	1038928	S	5358	1026	6384	0.00019
Streptomyces phaeolivaceus	2653200	S	5328	986	6314	0.00019
Streptomyces aquilus	2548456	S	5261	1019	6280	0.00019
Streptomyces xanthii	2768069	S	5228	1009	6237	0.00019
Streptomyces parvulus	146923	S	5198	1508	6706	0.00020
Streptomyces actuosus	1885	S	5177	1424	6601	0.00020
Streptomyces durmitorensis	319947	S	5152	710	5862	0.00017
Streptomyces genisteinicus	2768068	S	5065	1021	6086	0.00018
Streptomyces lincolnensis	1915	S	4869	922	5791	0.00017
Streptomyces roseirectus	2768066	S	4776	746	5522	0.00016
Streptomyces griseoviridis	45398	S	4682	962	5644	0.00017
Streptomyces rimosus	1927	S	4622	15614	20236	0.00060
Streptomyces davaonensis	348043	S	4549	825	5374	0.00016
Streptomyces glaucescens	1907	S	4467	1254	5721	0.00017
Streptomyces tuirus	68278	S	4462	1506	5968	0.00018
Streptomyces asoensis	249586	S	4347	847	5194	0.00015
Streptomyces chromofuscus	42881	S	4220	1063	5283	0.00016
Streptomyces antibioticus	1890	S	4197	967	5164	0.00015
Streptomyces globosus	68209	S	4166	973	5139	0.00015
Streptomyces albulus	68570	S	4129	829	4958	0.00015
Streptomyces liangshanensis	2717324	S	4125	654	4779	0.00014
Streptomyces alboflavus	67267	S	4062	737	4799	0.00014
Streptomyces vietnamensis	362257	S	4041	896	4937	0.00015
Streptomyces harbinensis	1176198	S	4015	719	4734	0.00014
Streptomyces lunaelactis	1535768	S	4007	546	4553	0.00014
Streptomyces ficellus	1977088	S	3990	915	4905	0.00015
Streptomyces clavuligerus	1901	S	3986	589	4575	0.00014
Streptomyces aureoverticillatus	66871	S	3954	703	4657	0.00014
Streptomyces hawaiiensis	67305	S	3929	1176	5105	0.00015
Streptomyces luteoverticillatus	66425	S	3915	822	4737	0.00014
Streptomyces rectiverticillatus	173860	S	3892	796	4688	0.00014
Streptomyces avermitilis	33903	S	3888	724	4612	0.00014
Streptomyces paludis	2282738	S	3882	535	4417	0.00013
Streptomyces griseochromogenes	68214	S	3816	695	4511	0.00013
Streptomyces olivoreticuli	68246	S	3792	688	4480	0.00013
Streptomyces griseocarneus	51201	S	3769	838	4607	0.00014
Streptomyces galilaeus	33899	S	3703	796	4499	0.00013
Streptomyces collinus	42684	S	3693	1642	5335	0.00016
Streptomyces nodosus	40318	S	3652	577	4229	0.00013
Streptomyces exfoliatus	1905	S	3616	809	4425	0.00013
Streptomyces broussonetiae	2686304	S	3503	694	4197	0.00012
Streptomyces dengpaensis	2049881	S	3495	619	4114	0.00012
Streptomyces tirandamycinicus	2174846	S	3490	765	4255	0.00013
Streptomyces atratus	1893	S	3465	451	3916	0.00012
Streptomyces gobiensis	2875706	S	3459	398	3857	0.00011
Streptomyces subrutilus	36818	S	3395	814	4209	0.00013
Streptomyces hundungensis	1077946	S	3338	654	3992	0.00012
Streptomyces lavendulae	1914	S	3283	750	4033	0.00012
Streptomyces nitrosporeus	28894	S	3215	587	3802	0.00011
Streptomyces fodineus	1904616	S	3207	754	3961	0.00012
Streptomyces dangxiongensis	1442032	S	3184	727	3911	0.00012
Streptomyces incarnatus	665007	S	3171	676	3847	0.00011
Streptomyces katrae	68223	S	3170	777	3947	0.00012
Streptomyces coeruleorubidus	116188	S	3114	1034	4148	0.00012
Streptomyces roseochromogenus	285450	S	3085	634	3719	0.00011
Streptomyces spongiicola	1690221	S	3063	758	3821	0.00011
Streptomyces pratensis	1169025	S	3030	484	3514	0.00010
Streptomyces fungicidicus	68203	S	2989	6509	9498	0.00028
Streptomyces finlayi	67296	S	2988	434	3422	0.00010
Streptomyces gilvosporeus	553510	S	2945	593	3538	0.00011
Streptomyces kanamyceticus	1967	S	2926	674	3600	0.00011
Streptomyces vinaceus	1960	S	2919	682	3601	0.00011
Streptomyces mobaraensis	35621	S	2912	87033	89945	0.00268
Streptomyces gardneri	66892	S	2867	800	3667	0.00011
Streptomyces rutgersensis	53451	S	2867	907	3774	0.00011
Streptomyces inhibens	2293571	S	2860	579	3439	0.00010
Streptomyces cyanogenus	80860	S	2827	838	3665	0.00011
Streptomyces pluripotens	1355015	S	2792	402	3194	0.00010
Streptomyces huasconensis	1854574	S	2715	710	3425	0.00010
Streptomyces angustmyceticus	285578	S	2704	739	3443	0.00010
Streptomyces qinzhouensis	2599401	S	2684	410	3094	0.00009
Streptomyces fagopyri	2662397	S	2527	574	3101	0.00009
Streptomyces nojiriensis	66374	S	2406	707	3113	0.00009
Streptomyces leeuwenhoekii	1437453	S	2337	1149	3486	0.00010
Streptomyces cyaneogriseus	68192	S	2272	1236	3508	0.00010
Streptomyces decoyicus	249567	S	1390	553	1943	0.00006
Streptomyces antimycoticus	68175	S	1330	1030	2360	0.00007
Streptomyces coelicolor	1902	S	513	3659	4172	0.00012
Streptomyces albidoflavus	1886	S	498	5595	6093	0.00018
Streptomyces sampsonii	42239	S	248	1510	1758	0.00005
Streptomyces auratus	114687	S	1255	600	1855	0.00006
Streptomyces lydicamycinicus	1546107	S	1236	533	1769	0.00005
Streptomyces xiamenensis	408015	S	1137	728	1865	0.00006
Streptomyces platensis	58346	S	1079	586	1665	0.00005
Streptomyces olivaceus	47716	S	985	2752	3737	0.00011
Streptomyces alfalfae	1642299	S	936	4089	5025	0.00015
Streptomyces cavourensis	67258	S	828	1132	1960	0.00006
Streptomyces filamentosus	67294	S	729	679	1408	0.00004
Streptomyces californicus	67351	S	663	1642	2305	0.00007
Streptomyces mirabilis	68239	S	598	2787	3385	0.00010
Streptomyces fradiae	1906	S	538	6290	6828	0.00020
Streptomyces griseofuscus	146922	S	504	1738	2242	0.00007
Streptomyces murinus	33900	S	487	1047	1534	0.00005
Streptomyces lividans	1916	S	463	4813	5276	0.00016
Streptomyces scabiei	1930	S	454	3135	3589	0.00011
Streptomyces noursei	1971	S	353	1075	1428	0.00004
Streptomyces albireticuli	1940	S	350	1134	1484	0.00004
Streptomyces autolyticus	75293	S	347	914	1261	0.00004
Streptomyces cinereoruber	67260	S	308	1235	1543	0.00005
Streptomyces violaceoruber	1935	S	246	831	1077	0.00003
Streptomyces rubrolavendulae	285473	S	224	1235	1459	0.00004
Streptomyces rochei	1928	S	208	1199	1407	0.00004
Kitasatospora sp. MMS16-BH015	2018025	S	4617	989	5606	0.00017
Kitasatospora sp. NA04385	2742135	S	3605	1451	5056	0.00015
Kitasatospora setae	2066	S	3861	1511	5372	0.00016
Kitasatospora aureofaciens	1894	S	3328	907	4235	0.00013
Kitasatospora albolonga	68173	S	1410	773	2183	0.00006
Streptacidiphilus sp. P02-A3a	2704468	S	4436	943	5379	0.00016
Streptacidiphilus sp. PB12-B1b	2705012	S	3764	1022	4786	0.00014
Streptacidiphilus bronchialis	2126346	S	3596	759	4355	0.00013
Yinghuangia sp. ASG 101	2896848	S	5869	644	6513	0.00019
Microbacterium sp. YJN-G	2763257	S	15846	4089	19935	0.00059
Microbacterium sp. 4R-513	2567934	S	13547	2017	15564	0.00046
Microbacterium sp. No. 7	1714373	S	11161	3926	15087	0.00045
Microbacterium sp. 10M-3C3	2483401	S	10645	2572	13217	0.00039
Microbacterium sp. SSW1-51	2851650	S	9726	1923	11649	0.00035
Microbacterium sp. A18JL241	2782166	S	8415	1515	9930	0.00030
Microbacterium sp. ABRD_28	2268461	S	8401	910	9311	0.00028
Microbacterium sp. Y-01	2048898	S	8312	2580	10892	0.00032
Microbacterium sp. JZ31	1906274	S	7789	1698	9487	0.00028
Microbacterium sp. H1-D42	2925844	S	7293	938	8231	0.00024
Microbacterium sp. BH-3-3-3	1906742	S	6791	1294	8085	0.00024
Microbacterium sp. LKL04	912630	S	6621	1255	7876	0.00023
Microbacterium sp. NIBRBAC000506063	2734618	S	6420	1974	8394	0.00025
Microbacterium sp. XT11	367477	S	6406	1101	7507	0.00022
Microbacterium sp. PM5	2014534	S	6202	907	7109	0.00021
Microbacterium sp. cx-55	2875948	S	6173	727	6900	0.00021
Microbacterium sp. SSW1-36	2851648	S	5767	1016	6783	0.00020
Microbacterium sp. CBA3102	2603598	S	4591	879	5470	0.00016
Microbacterium sp. TPU 3598	1938334	S	3834	792	4626	0.00014
Microbacterium sp. 1S1	2606451	S	3797	1256	5053	0.00015
Microbacterium sp. Nx66	2766784	S	3084	1576	4660	0.00014
Microbacterium sp. 1.5R	1916917	S	2772	7438	10210	0.00030
Microbacterium sp. CGR1	1696072	S	2489	6934	9423	0.00028
Microbacterium sp. RG1	2489212	S	2045	1294	3339	0.00010
Microbacterium sp. PAMC22086	2861281	S	865	1483	2348	0.00007
Microbacterium sp. SGAir0570	2070348	S	740	2184	2924	0.00009
Microbacterium sp. str. 'China'	2103230	S	529	2222	2751	0.00008
Microbacterium sp. PAMC 28756	1795053	S	297	3861	4158	0.00012
Microbacterium sp. PAMC21962	2861280	S	69	2362	2431	0.00007
Microbacterium sp. KUDC0406	2909588	S	62	3808	3870	0.00012
Microbacterium sp. KUDC0405	2909587	S	49	2997	3046	0.00009
Microbacterium sp. Se5.02b	2864103	S	37	2310	2347	0.00007
Microbacterium sp. Se63.02b	2709304	S	23	1474	1497	0.00004
Microbacterium cremeum	2782169	S	39503	6696	46199	0.00138
Microbacterium atlanticum	2782168	S	19645	3461	23106	0.00069
Microbacterium hominis	162426	S	16995	39271	56266	0.00167
Microbacterium foliorum	104336	S	12350	2075	14425	0.00043
Microbacterium oleivorans	273677	S	11693	1819	13512	0.00040
Microbacterium lemovicicum	1072463	S	8991	1641	10632	0.00032
Microbacterium pygmaeum	370764	S	8575	851	9426	0.00028
Microbacterium aurum	36805	S	8138	2040	10178	0.00030
Microbacterium sediminis	904291	S	6996	2520	9516	0.00028
Microbacterium luteum	2782167	S	6974	2206	9180	0.00027
Microbacterium chocolatum	84292	S	6947	1219	8166	0.00024
Microbacterium testaceum	2033	S	6469	963	7432	0.00022
Microbacterium caowuchunii	2614638	S	6285	938	7223	0.00021
Microbacterium wangchenii	2541726	S	6271	1134	7405	0.00022
Microbacterium lushaniae	2614639	S	6269	1146	7415	0.00022
Microbacterium esteraromaticum	57043	S	6237	1101	7338	0.00022
Microbacterium protaetiae	2509458	S	5950	1036	6986	0.00021
Microbacterium resistens	156977	S	5928	853	6781	0.00020
Microbacterium oryzae	743009	S	5809	1336	7145	0.00021
Microbacterium schleiferi	69362	S	5044	1273	6317	0.00019
Microbacterium oxydans	82380	S	4611	2922	7533	0.00022
Microbacterium hydrocarbonoxydans	273678	S	4213	610	4823	0.00014
Microbacterium fandaimingii	2708079	S	2115	131	2246	0.00007
Microbacterium binotii	462710	S	2049	1279	3328	0.00010
Microbacterium paraoxydans	199592	S	2026	11279	13305	0.00040
Microbacterium amylolyticum	936337	S	1788	290	2078	0.00006
Microbacterium endophyticum	1526412	S	1662	87	1749	0.00005
Microbacterium chengjingii	2769067	S	1609	64	1673	0.00005
Microbacterium paludicola	300019	S	646	1992	2638	0.00008
Agromyces sp. H17E-10	2932244	S	11916	4034	15950	0.00047
Agromyces sp. LHK192	2498704	S	9734	2832	12566	0.00037
Agromyces sp. CFWR-12	2929802	S	7251	5043	12294	0.00037
Agromyces soli	659012	S	11390	4036	15426	0.00046
Agromyces flavus	589382	S	10356	3169	13525	0.00040
Agromyces aureus	453304	S	9934	2737	12671	0.00038
Agromyces marinus	1389020	S	8159	2819	10978	0.00033
Agromyces protaetiae	2509455	S	8134	2233	10367	0.00031
Agromyces badenianii	2080742	S	8124	2639	10763	0.00032
Agromyces laixinhei	2585717	S	7328	1654	8982	0.00027
Agromyces intestinalis	2592652	S	7176	4726	11902	0.00035
Agromyces archimandritae	2781962	S	6665	1745	8410	0.00025
Protaetiibacter sp. SSC-01	2759943	S	36206	14444	50650	0.00151
Protaetiibacter intestinalis	2419774	S	31368	12320	43688	0.00130
Protaetiibacter larvae	2592654	S	21601	7292	28893	0.00086
Curtobacterium sp. L6-1	2841594	S	3390	985	4375	0.00013
Curtobacterium sp. BH-2-1-1	1905847	S	3262	1037	4299	0.00013
Curtobacterium sp. YC1	2795488	S	2800	1312	4112	0.00012
Curtobacterium sp. MR_MD2014	1561023	S	2451	1049	3500	0.00010
Curtobacterium sp. TC1	2862880	S	2188	1114	3302	0.00010
Curtobacterium sp. 24E2	2804758	S	2174	1167	3341	0.00010
Curtobacterium sp. SGAir0471	2070337	S	1616	1235	2851	0.00008
Curtobacterium sp. TXMA1	2876939	S	1554	1227	2781	0.00008
Curtobacterium sp. C1	2898151	S	564	1674	2238	0.00007
Curtobacterium sp. Csp2	2495430	S	447	1528	1975	0.00006
Curtobacterium sp. Csp1	2495429	S	85	1918	2003	0.00006
Curtobacterium sp. csp3	2588937	S	14	1949	1963	0.00006
Curtobacterium flaccumfaciens	2035	S	4921	2420	7341	0.00022
Curtobacterium luteum	33881	S	3299	1213	4512	0.00013
Leifsonia sp. PS1209	2724914	S	6447	1845	8292	0.00025
Leifsonia sp. 21MFCrub1.1	1798223	S	6410	8274	14684	0.00044
Leifsonia sp. ZF2019	2781978	S	6043	1728	7771	0.00023
Leifsonia shinshuensis	150026	S	7009	2199	9208	0.00027
Leifsonia xyli	1575	S	4558	601	5159	0.00015
Rathayibacter sp. VKM Ac-2759	2609252	S	4972	1661	6633	0.00020
Rathayibacter sp. VKM Ac-2760	2609253	S	3960	2135	6095	0.00018
Rathayibacter sp. VKM Ac-2804	2609257	S	2861	2340	5201	0.00015
Rathayibacter sp. VKM Ac-2801	2609255	S	1602	1651	3253	0.00010
Rathayibacter sp. VKM Ac-2762	2609254	S	644	2004	2648	0.00008
Rathayibacter sp. VKM Ac-2805	2609258	S	585	1884	2469	0.00007
Rathayibacter festucae	110937	S	4168	4909	9077	0.00027
Rathayibacter tanaceti	1671680	S	3035	756	3791	0.00011
Rathayibacter iranicus	59737	S	2148	266	2414	0.00007
Rathayibacter tritici	33888	S	1918	617	2535	0.00008
Rathayibacter rathayi	33887	S	1836	514	2350	0.00007
Rathayibacter toxicus	145458	S	767	50	817	0.00002
Leucobacter sp. H25R-14	2932245	S	3750	556	4306	0.00013
Leucobacter sp. NB 10	2873270	S	3345	860	4205	0.00013
Leucobacter sp. Psy1	2875729	S	2694	295	2989	0.00009
Leucobacter sp. CX169	2813744	S	2312	535	2847	0.00008
Leucobacter sp. H21R-36	2932246	S	1025	2653	3678	0.00011
Leucobacter sp. H21R-40	2932247	S	748	1933	2681	0.00008
Leucobacter muris	1935379	S	4293	1554	5847	0.00017
Leucobacter triazinivorans	1784719	S	3243	1292	4535	0.00013
Leucobacter luti	340320	S	1194	92	1286	0.00004
Leucobacter insecticola	2714934	S	1009	73	1082	0.00003
Leucobacter viscericola	2714935	S	918	91	1009	0.00003
Leucobacter denitrificans	683042	S	839	99	938	0.00003
Leucobacter coleopterorum	2714933	S	678	69	747	0.00002
Agrococcus sp. SCSIO52902	2933290	S	5405	2595	8000	0.00024
Agrococcus sp. SGAir0287	2070347	S	5211	1622	6833	0.00020
Agrococcus sp. Marseille-Q4369	2810513	S	5208	1884	7092	0.00021
Agrococcus carbonis	684552	S	6228	2748	8976	0.00027
Agrococcus jejuensis	399736	S	5309	1695	7004	0.00021
Salinibacterium sp. ZJ70	2708084	S	13110	3256	16366	0.00049
Salinibacterium sp. ZJ450	2708338	S	6277	903	7180	0.00021
Salinibacterium sp. dk2585	2603292	S	5128	872	6000	0.00018
Salinibacterium sp. UTAS2018	2508880	S	1759	264	2023	0.00006
Salinibacterium sp. M195	2583374	S	1269	213	1482	0.00004
Salinibacterium hongtaonis	2079791	S	2319	250	2569	0.00008
Clavibacter michiganensis	28447	S	19845	22896	42741	0.00127
Clavibacter zhangzhiyongii	2768071	S	2543	1190	3733	0.00011
Clavibacter sp. A6099	2860285	S	1237	818	2055	0.00006
Microcella flavibacter	1804990	S	10293	4625	14918	0.00044
Microcella alkaliphila	279828	S	6885	1158	8043	0.00024
Cryobacterium sp. LW097	1978566	S	3378	672	4050	0.00012
Cryobacterium sp. PAMC25264	2861288	S	1695	1061	2756	0.00008
Cryobacterium soli	2220095	S	2345	1238	3583	0.00011
Cryobacterium arcticum	670052	S	2025	1581	3606	0.00011
Chryseoglobus indicus	2750620	S	1923	4313	6236	0.00019
Chryseoglobus sp. 28M-23	2772253	S	1859	4033	5892	0.00018
Frondihabitans sp. PAMC 28766	1795630	S	5460	711	6171	0.00018
Frondihabitans sp. 762G35	1446794	S	4533	970	5503	0.00016
Microterricola viridarii	412690	S	9824	2269	12093	0.00036
Plantibacter sp. PA-3-X8	2480625	S	1532	1705	3237	0.00010
Plantibacter sp. M259	2583822	S	1380	1497	2877	0.00009
Plantibacter flavus	150123	S	1699	1706	3405	0.00010
Herbiconiux sp. SALV-R1	2735133	S	8097	1539	9636	0.00029
Cnuibacter physcomitrellae	1619308	S	6756	1402	8158	0.00024
Amnibacterium sp. L3-i23	2905871	S	6580	1460	8040	0.00024
Subtercola sp. AK-R2A1-2	2895559	S	3844	305	4149	0.00012
Subtercola sp. PAMC28395	2846775	S	2442	206	2648	0.00008
Frigoribacterium sp. NBH87	2596916	S	6175	1728	7903	0.00024
Mycetocola zhujimingii	2079792	S	2599	269	2868	0.00009
Mycetocola sp. JXN-3	2116510	S	1950	242	2192	0.00007
Mycetocola spongiae	2859226	S	1458	155	1613	0.00005
Marisediminicola antarctica	674079	S	5752	653	6405	0.00019
Diaminobutyricimonas sp. LJ205	2683590	S	5613	969	6582	0.00020
Glaciihabitans sp. INWT7	2596912	S	5368	393	5761	0.00017
Gryllotalpicola protaetiae	2419771	S	5336	934	6270	0.00019
Humibacter sp. WJ7-1	2599293	S	5274	1052	6326	0.00019
Agreia sp. COWG	2773266	S	3297	366	3663	0.00011
Gulosibacter sediminis	1729695	S	3014	747	3761	0.00011
Rhodoluna limnophila	232537	S	197	14	211	0.00001
Candidatus Rhodoluna planktonica	535712	S	170	7	177	0.00001
Rhodoluna lacicola	529884	S	129	9	138	0.00000
Aquiluna borgnonia	2499157	S	250	12	262	0.00001
Candidatus Aquiluna sp. UB-MaderosW2red	1855377	S	133	3	136	0.00000
Aurantimicrobium photophilum	1987356	S	331	23	354	0.00001
Aurantimicrobium sp. MWH-Uga1	2079575	S	156	40	196	0.00001
Aurantimicrobium minutum	708131	S	145	38	183	0.00001
Pseudoclavibacter sp. Marseille-Q3772	2866588	S	705	101	806	0.00002
Pontimonas salivibrio	1159327	S	409	14	423	0.00001
Arthrobacter sp. QL17	2895818	S	2672	445	3117	0.00009
Arthrobacter sp. QXT-31	1357915	S	2267	468	2735	0.00008
Arthrobacter sp. FW305-BF8	2879617	S	1759	364	2123	0.00006
Arthrobacter sp. PM3	2017685	S	1695	242	1937	0.00006
Arthrobacter sp. NicSoilB8	2830998	S	1599	324	1923	0.00006
Arthrobacter sp. ERGS1:01	1704044	S	1559	209	1768	0.00005
Arthrobacter sp. PAMC25564	2565366	S	1477	303	1780	0.00005
Arthrobacter sp. UKPF54-2	2600159	S	1429	485	1914	0.00006
Arthrobacter sp. 24S4-2	2575374	S	1402	245	1647	0.00005
Arthrobacter sp. KBS0702	2578107	S	1382	439	1821	0.00005
Arthrobacter sp. U41	1849032	S	1366	308	1674	0.00005
Arthrobacter sp. NicSoilB4	2830997	S	1282	315	1597	0.00005
Arthrobacter sp. Helios	2828862	S	1249	140	1389	0.00004
Arthrobacter sp. FB24	290399	S	1219	332	1551	0.00005
Arthrobacter sp. NicSoilC5	2831000	S	1151	491	1642	0.00005
Arthrobacter sp. zg-Y462	2886936	S	1108	155	1263	0.00004
Arthrobacter sp. PAMC25284	2861279	S	1102	206	1308	0.00004
Arthrobacter sp. FW306-2-2C-D06B	2879618	S	1079	148	1227	0.00004
Arthrobacter sp. NtRootA1	2830983	S	1040	284	1324	0.00004
Arthrobacter sp. PAMC 25486	1494608	S	1027	116	1143	0.00003
Arthrobacter sp. PGP41	2079227	S	959	286	1245	0.00004
Arthrobacter sp. zg-Y809	2886940	S	919	245	1164	0.00003
Arthrobacter sp. StoSoilB20	2830995	S	791	185	976	0.00003
Arthrobacter sp. StoSoilB5	2830992	S	780	184	964	0.00003
Arthrobacter sp. D5-1	1477518	S	645	374	1019	0.00003
Arthrobacter sp. YN	2020486	S	602	242	844	0.00003
Arthrobacter sp. C1-1	2813727	S	406	37	443	0.00001
Arthrobacter sp. FW306-06-A	2879621	S	261	1038	1299	0.00004
Arthrobacter sp. StoSoilB13	2830993	S	244	502	746	0.00002
Arthrobacter sp. StoSoilA2	2830990	S	217	438	655	0.00002
Arthrobacter sp. FW306-05-C	2879620	S	200	1204	1404	0.00004
Arthrobacter sp. NicSoilB11	2830999	S	185	833	1018	0.00003
Arthrobacter sp. FW306-07-I	2879622	S	156	996	1152	0.00003
Arthrobacter sp. StoSoilB19	2830994	S	154	794	948	0.00003
Arthrobacter sp. AQ5-05	2184581	S	59	917	976	0.00003
Arthrobacter crystallopoietes	37928	S	7083	883	7966	0.00024
Arthrobacter agilis	37921	S	4258	464	4722	0.00014
Arthrobacter sulfonylureivorans	2486855	S	3954	444	4398	0.00013
Arthrobacter woluwensis	156980	S	1818	287	2105	0.00006
Arthrobacter dokdonellae	2211210	S	1622	187	1809	0.00005
Arthrobacter jiangjiafuii	2817475	S	1256	240	1496	0.00004
Arthrobacter alpinus	656366	S	1182	1525	2707	0.00008
Arthrobacter sunyaminii	2816859	S	887	217	1104	0.00003
Paenarthrobacter ureafaciens	37931	S	13001	14319	27320	0.00081
Paenarthrobacter sp. YJN-5	2735316	S	2185	3508	5693	0.00017
Paenarthrobacter sp. YJN-D	2735317	S	219	347	566	0.00002
Paenarthrobacter aurescens	43663	S	975	402	1377	0.00004
Paenarthrobacter nicotinovorans	29320	S	184	253	437	0.00001
Kocuria flava	446860	S	4033	1466	5499	0.00016
Kocuria rosea	1275	S	3980	915	4895	0.00015
Kocuria turfanensis	388357	S	3889	981	4870	0.00014
Kocuria palustris	71999	S	1995	559	2554	0.00008
Kocuria rhizophila	72000	S	1530	1833	3363	0.00010
Kocuria varians	1272	S	1192	614	1806	0.00005
Kocuria sp. TGY1127_2	2711328	S	492	58	550	0.00002
Kocuria sp. KD4	2719588	S	264	350	614	0.00002
Kocuria sp. BT304	1702043	S	206	818	1024	0.00003
Kocuria indica	1049583	S	280	433	713	0.00002
Pseudarthrobacter sp. BIM B-2242	2772401	S	1048	196	1244	0.00004
Pseudarthrobacter sp. L1SW	2851598	S	938	317	1255	0.00004
Pseudarthrobacter sp. NBSH8	2596911	S	674	212	886	0.00003
Pseudarthrobacter sp. NIBRBAC000502772	2590775	S	623	414	1037	0.00003
Pseudarthrobacter sp. SSS035	2931399	S	529	427	956	0.00003
Pseudarthrobacter sp. NIBRBAC000502771	2590774	S	290	770	1060	0.00003
Pseudarthrobacter sp. NIBRBAC000502770	2590785	S	259	630	889	0.00003
Pseudarthrobacter phenanthrenivorans	361575	S	1690	673	2363	0.00007
Pseudarthrobacter chlorophenolicus	85085	S	1112	330	1442	0.00004
Pseudarthrobacter equi	728066	S	935	290	1225	0.00004
Pseudarthrobacter psychrotolerans	2697569	S	658	224	882	0.00003
Pseudarthrobacter sulfonivorans	121292	S	494	475	969	0.00003
Micrococcus luteus	1270	S	4068	5079	9147	0.00027
Micrococcus sp. KD337-16	2856555	S	1694	773	2467	0.00007
Micrococcus sp. KBS0714	1179670	S	82	576	658	0.00002
Micrococcus yunnanensis	566027	S	63	418	481	0.00001
Glutamicibacter creatinolyticus	162496	S	1573	240	1813	0.00005
Glutamicibacter protophormiae	37930	S	1299	478	1777	0.00005
Glutamicibacter arilaitensis	256701	S	753	203	956	0.00003
Glutamicibacter halophytocola	1933880	S	697	90	787	0.00002
Glutamicibacter mishrai	1775880	S	525	84	609	0.00002
Glutamicibacter nicotianae	37929	S	477	1082	1559	0.00005
Glutamicibacter sp. ZJUTW	1155384	S	118	418	536	0.00002
Sinomonas atrocyanea	37927	S	3211	765	3976	0.00012
Sinomonas sp. R1AF57	2020377	S	2899	508	3407	0.00010
Rothia kristinae	37923	S	2182	931	3113	0.00009
Rothia nasimurium	85336	S	936	249	1185	0.00004
Rothia mucilaginosa	43675	S	684	90	774	0.00002
Rothia aeria	172042	S	260	80	340	0.00001
Rothia dentocariosa	2047	S	220	78	298	0.00001
Rothia terrae	396015	S	183	55	238	0.00001
Rothia amarae	169480	S	166	53	219	0.00001
Rothia sp. ZJ932	2810516	S	103	10	113	0.00000
Citricoccus sp. SGAir0253	2567881	S	3153	631	3784	0.00011
Nesterenkonia sp. NBAIMH1	2600320	S	1168	53	1221	0.00004
Paeniglutamicibacter sp. Y32M11	2853258	S	699	73	772	0.00002
Neomicrococcus aestuarii	556325	S	477	115	592	0.00002
Psychromicrobium lacuslunae	1618207	S	476	37	513	0.00002
Auritidibacter sp. NML130574	2170745	S	448	34	482	0.00001
Renibacterium salmoninarum	1646	S	322	12	334	0.00001
Cellulomonas sp. H30R-01	2704467	S	6175	2105	8280	0.00025
Cellulomonas sp. Y8	2591145	S	6102	2184	8286	0.00025
Cellulomonas sp. C5510	2871170	S	5133	1745	6878	0.00020
Cellulomonas sp. JZ18	2654191	S	4896	1805	6701	0.00020
Cellulomonas sp. zg-ZUI188	2819978	S	4329	1009	5338	0.00016
Cellulomonas sp. zg-ZUI222	2816956	S	3768	1228	4996	0.00015
Cellulomonas sp. zg-ZUI157	2819979	S	3553	1085	4638	0.00014
Cellulomonas sp. EW123	2608402	S	3326	1834	5160	0.00015
Cellulomonas sp. PSBB021	2003551	S	3179	2343	5522	0.00016
Cellulomonas fimi	1708	S	4732	3165	7897	0.00024
Cellulomonas shaoxiangyii	2566013	S	4263	1522	5785	0.00017
Cellulomonas iranensis	76862	S	3976	1613	5589	0.00017
Cellulomonas flavigena	1711	S	3710	1246	4956	0.00015
Cellulomonas gilvus	11	S	3401	1273	4674	0.00014
Cellulomonas taurus	2729175	S	2912	741	3653	0.00011
Actinotalea sp. JY-7876	2758442	S	4952	1481	6433	0.00019
Oerskovia sp. KBS0722	1179673	S	3966	1031	4997	0.00015
Pseudactinotalea sp. HY158	2654547	S	3466	392	3858	0.00011
Paraoerskovia marina	545619	S	2574	532	3106	0.00009
Cellulosimicrobium cellulans	1710	S	28049	22518	50567	0.00150
Cellulosimicrobium sp. BI34T	2587808	S	8255	2961	11216	0.00033
Cellulosimicrobium sp. JZ28	1906273	S	1332	2415	3747	0.00011
Cellulosimicrobium sp. 72-3	2731680	S	701	2451	3152	0.00009
Cellulosimicrobium sp. TH-20	1980001	S	642	2312	2954	0.00009
Xylanimonas protaetiae	2509457	S	3713	1418	5131	0.00015
Xylanimonas allomyrinae	2509459	S	3514	921	4435	0.00013
Xylanimonas cellulosilytica	186189	S	3252	961	4213	0.00013
Isoptericola variabilis	139208	S	5033	2091	7124	0.00021
Isoptericola dokdonensis	372663	S	4265	1295	5560	0.00017
Brevibacterium sp. SMBL_HHYL_HB1	2777556	S	34877	5657	40534	0.00121
Brevibacterium sp. CS2	2575923	S	2830	872	3702	0.00011
Brevibacterium sp. HY170	2898795	S	672	145	817	0.00002
Brevibacterium sp. 'Marine'	2725563	S	655	317	972	0.00003
Brevibacterium sp. W7.2	2823518	S	438	1583	2021	0.00006
Brevibacterium casei	33889	S	3381	1745	5126	0.00015
Brevibacterium linens	1703	S	2264	1009	3273	0.00010
Brevibacterium luteolum	199591	S	1693	520	2213	0.00007
Brevibacterium aurantiacum	273384	S	1439	713	2152	0.00006
Brevibacterium atlanticum	2697563	S	1162	178	1340	0.00004
Brevibacterium sandarakinum	629680	S	1094	147	1241	0.00004
Brevibacterium limosum	2697565	S	1089	297	1386	0.00004
Brevibacterium pigmentatum	1496080	S	1052	579	1631	0.00005
Brevibacterium oceani	358099	S	1024	167	1191	0.00004
Brevibacterium siliguriense	1136497	S	742	160	902	0.00003
Brachybacterium sp. P6-10-X1	1903186	S	4949	716	5665	0.00017
Brachybacterium sp. SGAir0954	2571029	S	3934	914	4848	0.00014
Brachybacterium sp. CBA3105	2887346	S	3719	696	4415	0.00013
Brachybacterium faecium	43669	S	7941	2070	10011	0.00030
Brachybacterium saurashtrense	556288	S	4278	1021	5299	0.00016
Brachybacterium ginsengisoli	1331682	S	3913	974	4887	0.00015
Brachybacterium vulturis	2017484	S	3375	1127	4502	0.00013
Brachybacterium avium	2017485	S	2955	983	3938	0.00012
Dermabacter vaginalis	1630135	S	820	441	1261	0.00004
Dermabacter jinjuensis	1667168	S	726	469	1195	0.00004
Devriesea agamarum	472569	S	396	15	411	0.00001
Janibacter melonis	262209	S	3989	1054	5043	0.00015
Janibacter limosus	53458	S	2853	597	3450	0.00010
Janibacter indicus	857417	S	1758	2209	3967	0.00012
Janibacter sp. YB324	2761047	S	1003	1719	2722	0.00008
Phycicoccus sp. HDW14	2714941	S	5373	1394	6767	0.00020
Phycicoccus endophyticus	1690220	S	4201	966	5167	0.00015
Intrasporangium calvum	53358	S	4618	928	5546	0.00017
Pedococcus dokdonensis	443156	S	3939	924	4863	0.00014
Arsenicicoccus sp. oral taxon 190	1658671	S	3906	1167	5073	0.00015
Tetrasphaera sp. HKS02	1813880	S	3064	633	3697	0.00011
Ornithinimicrobium avium	2283195	S	4058	861	4919	0.00015
Ornithinimicrobium sp. HY006	2508882	S	2929	845	3774	0.00011
Ornithinimicrobium sp. INDO-MA30-4	2908651	S	576	77	653	0.00002
Ornithinimicrobium flavum	1288636	S	3262	889	4151	0.00012
Ornithinimicrobium ciconiae	2594265	S	2727	326	3053	0.00009
Ornithinimicrobium pratense	2593973	S	2188	533	2721	0.00008
Serinicoccus chungangensis	767452	S	3175	894	4069	0.00012
Serinicoccus hydrothermalis	1758689	S	2807	1119	3926	0.00012
Serinicoccus profundi	1078471	S	2582	757	3339	0.00010
Serinicoccus marinus	247333	S	2419	1017	3436	0.00010
Georgenia yuyongxinii	2589797	S	6713	1315	8028	0.00024
Georgenia sp. TF02-10	2917725	S	5641	1677	7318	0.00022
Georgenia wutianyii	2585135	S	5279	1477	6756	0.00020
Georgenia faecalis	2483799	S	4191	951	5142	0.00015
Ruania sp. LR1S40	2897774	S	2664	463	3127	0.00009
Ruania sp. M4N3S171	2897773	S	1836	243	2079	0.00006
Haloactinobacterium kanbiaonis	2675754	S	4499	513	5012	0.00015
Ruania zhangjianzhongii	2603206	S	3741	292	4033	0.00012
Ruania alkalisoli	2779775	S	2051	320	2371	0.00007
Dermacoccus nishinomiyaensis	1274	S	2652	900	3552	0.00011
Dermacoccus sp. PAMC28757	2762331	S	1923	548	2471	0.00007
Luteipulveratus mongoliensis	571913	S	2976	317	3293	0.00010
Allobranchiibius sp. GilTou73	2904523	S	2601	437	3038	0.00009
Yimella sp. cx-51	2770551	S	1802	270	2072	0.00006
Beutenbergia cavernae	84757	S	5433	712	6145	0.00018
Miniimonas sp. S16	2171623	S	3921	1658	5579	0.00017
Pengzhenrongella sicca	2819238	S	4829	1051	5880	0.00018
Luteimicrobium xylanilyticum	1133546	S	4239	1040	5279	0.00016
Sanguibacter keddieii	60920	S	3698	869	4567	0.00014
Sanguibacter sp. HDW7	2714931	S	3073	761	3834	0.00011
Kytococcus sedentarius	1276	S	2798	1696	4494	0.00013
Gephyromycinifex aptenodytis	2716227	S	1338	113	1451	0.00004
Austwickia chelonae	100225	S	1035	58	1093	0.00003
Dermatophilus congolensis	1863	S	361	22	383	0.00001
Demequina sp. TMPB413	2881056	S	1545	91	1636	0.00005
Jonesia denitrificans	43674	S	195	25	220	0.00001
Tropheryma whipplei	2039	S	83	0	83	0.00000
Mycolicibacterium pulveris	36813	S	21872	2306	24178	0.00072
Mycolicibacterium duvalii	39688	S	19422	2578	22000	0.00065
Mycolicibacterium chitae	1792	S	16556	2549	19105	0.00057
Mycolicibacterium celeriflavum	1249101	S	12817	1422	14239	0.00042
Mycolicibacterium fortuitum	1766	S	12266	2878	15144	0.00045
Mycolicibacterium rutilum	370526	S	9270	1688	10958	0.00033
Mycolicibacterium litorale	758802	S	8027	1411	9438	0.00028
Mycolicibacterium phlei	1771	S	6434	1402	7836	0.00023
Mycolicibacterium gadium	1794	S	6259	535	6794	0.00020
Mycolicibacterium moriokaense	39691	S	6230	484	6714	0.00020
Mycolicibacterium smegmatis	1772	S	6197	2520	8717	0.00026
Mycolicibacterium neoaurum	1795	S	6085	889	6974	0.00021
Mycolicibacterium rhodesiae	36814	S	5602	564	6166	0.00018
Mycolicibacterium sp. YH-1	2908837	S	3535	1820	5355	0.00016
Mycolicibacterium hassiacum	46351	S	4989	904	5893	0.00018
Mycolicibacterium gilvum	1804	S	4756	1031	5787	0.00017
Mycolicibacterium parafortuitum	39692	S	4382	577	4959	0.00015
Mycolicibacterium vaccae	1810	S	4235	541	4776	0.00014
Mycolicibacterium thermoresistibile	1797	S	4196	632	4828	0.00014
Mycolicibacterium chubuense	1800	S	4091	539	4630	0.00014
Mycolicibacterium phocaicum	319706	S	3998	1589	5587	0.00017
Mycolicibacterium mageritense	53462	S	3967	404	4371	0.00013
Mycolicibacterium arabiense	1286181	S	3949	391	4340	0.00013
Mycolicibacterium sediminis	1286180	S	3943	464	4407	0.00013
Mycolicibacterium monacense	85693	S	3861	1241	5102	0.00015
Mycolicibacterium poriferae	39694	S	3781	496	4277	0.00013
Mycolicibacterium madagascariense	212765	S	3770	368	4138	0.00012
Mycolicibacterium psychrotolerans	216929	S	3559	486	4045	0.00012
Mycolicibacterium aurum	1791	S	3401	285	3686	0.00011
Mycolicibacterium baixiangningiae	2761578	S	3319	363	3682	0.00011
Mycolicibacterium fluoranthenivorans	258505	S	3288	272	3560	0.00011
Mycolicibacterium tokaiense	39695	S	3256	316	3572	0.00011
Mycolicibacterium confluentis	28047	S	3200	309	3509	0.00010
Mycolicibacterium boenickei	146017	S	3185	3699	6884	0.00020
Mycolicibacterium fallax	1793	S	2895	695	3590	0.00011
Mycolicibacterium austroafricanum	39687	S	2883	10351	13234	0.00039
Mycolicibacterium mengxianglii	2736649	S	2634	178	2812	0.00008
Mycolicibacterium insubricum	444597	S	2491	407	2898	0.00009
Mycolicibacterium alvei	67081	S	2475	403	2878	0.00009
Mycolicibacterium anyangense	1431246	S	2406	244	2650	0.00008
Mycolicibacterium aichiense	1799	S	2293	232	2525	0.00008
Mycolicibacterium helvum	1534349	S	2289	178	2467	0.00007
Mycobacterium doricum	126673	S	2155	340	2495	0.00007
Mycolicibacterium mucogenicum	56689	S	1909	616	2525	0.00008
Mycolicibacterium sarraceniae	1534348	S	1702	143	1845	0.00005
Mycolicibacterium septicum	98668	S	1461	803	2264	0.00007
Mycolicibacterium farcinogenes	1802	S	1131	1595	2726	0.00008
Mycolicibacterium vanbaalenii	110539	S	525	7279	7804	0.00023
Mycolicibacterium nivoides	2487344	S	356	1531	1887	0.00006
Mycobacterium holsaticum	152142	S	39974	3583	43557	0.00130
Mycobacterium sp. IDR2000157661	2867005	S	5383	551	5934	0.00018
Mycobacterium sp. YC-RL4	1682113	S	4073	846	4919	0.00015
Mycobacterium sp. JS623	212767	S	3757	187	3944	0.00012
Mycobacterium sp. MS1601	1936029	S	2457	196	2653	0.00008
Mycobacterium sp. DL592	2675524	S	2444	236	2680	0.00008
Mycobacterium sp. EPa45	1545728	S	2283	227	2510	0.00007
Mycobacterium sp. DL440	2675523	S	2227	246	2473	0.00007
Mycobacterium sp. TY59	2775496	S	1407	189	1596	0.00005
Mycobacterium sp. WY10	1920667	S	289	813	1102	0.00003
Mycobacterium sp. PYR15	2051552	S	92	772	864	0.00003
Mycobacterium sp. 20KCMC460	2903536	S	74	1372	1446	0.00004
Mycobacterium sp. MOTT36Y	1168287	S	49	663	712	0.00002
Mycobacterium sp. IWGMT90018-18076	2871094	S	42	1420	1462	0.00004
Mycobacterium saskatchewanense	220927	S	2559	403	2962	0.00009
Mycobacterium parmense	185642	S	2542	378	2920	0.00009
Mycobacterium kubicae	120959	S	2451	316	2767	0.00008
Mycobacterium simiae	1784	S	1964	121	2085	0.00006
Mycobacterium shigaense	722731	S	1894	201	2095	0.00006
Mycobacterium florentinum	292462	S	1875	352	2227	0.00007
Mycobacterium heidelbergense	53376	S	1727	321	2048	0.00006
Mycobacterium lentiflavum	141349	S	1699	330	2029	0.00006
Mycobacterium stomatepiae	470076	S	1633	275	1908	0.00006
Mycobacterium avium	1764	S	3938	2271	6209	0.00018
Mycobacterium intracellulare	1767	S	1998	12050	14048	0.00042
Mycobacterium colombiense	339268	S	1837	230	2067	0.00006
Mycobacterium mantenii	560555	S	1790	157	1947	0.00006
Mycobacterium marseillense	701042	S	1636	274	1910	0.00006
Mycobacterium paraintracellulare	1138383	S	463	3114	3577	0.00011
Mycobacterium virginiense	1795032	S	7845	1049	8894	0.00026
Mycobacterium diernhoferi	1801	S	6734	797	7531	0.00022
Mycobacterium grossiae	1552759	S	4115	699	4814	0.00014
Mycobacterium novum	2492438	S	4021	22153	26174	0.00078
Mycobacterium goodii	134601	S	4005	687	4692	0.00014
Mycobacterium rufum	318424	S	3625	578	4203	0.00013
Mycobacterium frederiksbergense	117567	S	3487	576	4063	0.00012
Mycobacterium dioxanotrophicus	482462	S	3231	424	3655	0.00011
Mycobacterium branderi	43348	S	2651	195	2846	0.00008
Mycobacterium conspicuum	44010	S	2511	214	2725	0.00008
Mycobacterium canettii	78331	S	768	363	1131	0.00003
Mycobacterium tuberculosis	1773	S	479	7418	7897	0.00024
Mycobacterium paragordonae	1389713	S	2381	191	2572	0.00008
Mycobacterium koreense	1069220	S	2162	360	2522	0.00008
Mycobacterium cookii	1775	S	2097	130	2227	0.00007
Mycobacterium paraterrae	577492	S	2086	135	2221	0.00007
Mycobacterium gordonae	1778	S	2020	99	2119	0.00006
Mycobacterium noviomagense	459858	S	1748	87	1835	0.00005
Mycobacterium vicinigordonae	1719132	S	1675	58	1733	0.00005
Mycobacterium riyadhense	486698	S	1644	46	1690	0.00005
Mycobacterium heckeshornense	110505	S	1636	91	1727	0.00005
Mycobacterium kansasii	1768	S	1636	121	1757	0.00005
Mycobacterium paraseoulense	590652	S	1627	274	1901	0.00006
Mycobacterium malmoense	1780	S	1624	192	1816	0.00005
Mycobacterium xenopi	1789	S	1575	125	1700	0.00005
Mycobacterium shinjukuense	398694	S	1570	107	1677	0.00005
Mycobacterium lacus	169765	S	1531	75	1606	0.00005
Mycobacterium seoulense	386911	S	1451	283	1734	0.00005
Mycobacterium ostraviense	2738409	S	1387	120	1507	0.00004
Mycobacterium spongiae	886343	S	1251	22	1273	0.00004
Mycobacterium basiliense	2094119	S	1225	28	1253	0.00004
Mycobacterium crocinum	388459	S	965	457	1422	0.00004
Mycobacterium haemophilum	29311	S	818	27	845	0.00003
Mycobacterium senegalense	1796	S	444	982	1426	0.00004
Mycobacterium marinum	1781	S	422	2515	2937	0.00009
Mycobacterium leprae	1769	S	196	3	199	0.00001
Mycobacterium lepromatosis	480418	S	186	3	189	0.00001
Mycobacterium ulcerans	1809	S	161	911	1072	0.00003
Mycobacterium pallens	370524	S	113	1062	1175	0.00003
Mycobacterium shottsii	133549	S	102	199	301	0.00001
Mycobacterium pseudoshottsii	265949	S	49	334	383	0.00001
Mycolicibacter sp. MYC340	2855503	S	2873	502	3375	0.00010
Mycolicibacter sp. MYC098	2872309	S	2273	411	2684	0.00008
Mycolicibacter sp. MYC017	2875777	S	1305	843	2148	0.00006
Mycolicibacter sp. MYC123	2855502	S	387	1440	1827	0.00005
Mycolicibacter sp. MYC101	2872311	S	290	1093	1383	0.00004
Mycolicibacter terrae	1788	S	5607	1056	6663	0.00020
Mycolicibacter sinensis	875328	S	3667	16629	20296	0.00060
Mycolicibacter hiberniae	29314	S	2253	308	2561	0.00008
Mycolicibacter minnesotensis	1118379	S	1676	187	1863	0.00006
Mycobacteroides abscessus	36809	S	2898	1592	4490	0.00013
Mycobacteroides chelonae	1774	S	1824	478	2302	0.00007
Mycobacteroides saopaulense	1578165	S	1133	135	1268	0.00004
Mycobacteroides immunogenum	83262	S	1110	162	1272	0.00004
Mycobacteroides salmoniphilum	404941	S	991	88	1079	0.00003
[Mycobacterium] stephanolepidis	1520670	S	552	183	735	0.00002
Mycolicibacillus parakoreensis	1069221	S	2696	409	3105	0.00009
Hoyosella subflava	639313	S	948	33	981	0.00003
Rhodococcus sp. X156	2499145	S	3703	907	4610	0.00014
Rhodococcus sp. SGAir0479	2567884	S	3014	645	3659	0.00011
Rhodococcus sp. MTM3W5.2	1805827	S	2827	495	3322	0.00010
Rhodococcus sp. W8901	2742603	S	2770	537	3307	0.00010
Rhodococcus sp. PBTS 1	1653478	S	2423	455	2878	0.00009
Rhodococcus sp. ABRD24	2507582	S	1662	213	1875	0.00006
Rhodococcus sp. R79	2811421	S	1419	797	2216	0.00007
Rhodococcus sp. P1Y	1302308	S	1264	81	1345	0.00004
Rhodococcus sp. B7740	1564114	S	1220	119	1339	0.00004
Rhodococcus sp. USK10	2789739	S	1168	685	1853	0.00006
Rhodococcus sp. WMMA185	679318	S	1138	101	1239	0.00004
Rhodococcus sp. RDE2	2885078	S	1123	797	1920	0.00006
Rhodococcus sp. USK13	2806442	S	785	537	1322	0.00004
Rhodococcus sp. WAY2	2663121	S	743	631	1374	0.00004
Rhodococcus sp. ZPP	2749906	S	391	1095	1486	0.00004
Rhodococcus sp. WB9	2594007	S	377	366	743	0.00002
Rhodococcus sp. DMU1	2722825	S	365	993	1358	0.00004
Rhodococcus sp. S2-17	1990687	S	324	941	1265	0.00004
Rhodococcus sp. M8	1925550	S	293	658	951	0.00003
Rhodococcus sp. NJ-530	2490853	S	270	1107	1377	0.00004
Rhodococcus sp. YL-1	1045808	S	253	799	1052	0.00003
Rhodococcus sp. 21391	2683591	S	198	667	865	0.00003
Rhodococcus sp. WB1	1033922	S	169	1045	1214	0.00004
Rhodococcus sp. P-2	2795031	S	164	144	308	0.00001
Rhodococcus sp. 2G	1570939	S	152	456	608	0.00002
Rhodococcus sp. 008	1723645	S	147	649	796	0.00002
Rhodococcus sp. p52	935199	S	141	551	692	0.00002
Rhodococcus sp. DMF-1	2907624	S	121	687	808	0.00002
Rhodococcus sp. BH4	1807790	S	118	550	668	0.00002
Rhodococcus sp. LW-XY12	2856851	S	107	701	808	0.00002
Rhodococcus sp. PSBB049	2812863	S	102	1052	1154	0.00003
Rhodococcus sp. AQ5-07	2054902	S	99	242	341	0.00001
Rhodococcus sp. H-CA8f	1727214	S	89	272	361	0.00001
Rhodococcus sp. C1	644410	S	76	635	711	0.00002
Rhodococcus equi	43767	S	22687	5767	28454	0.00085
Rhodococcus qingshengii	334542	S	5353	19617	24970	0.00074
Rhodococcus erythropolis	1833	S	955	3278	4233	0.00013
Rhodococcus opacus	37919	S	6677	4848	11525	0.00034
Rhodococcus rhodochrous	1829	S	4432	1847	6279	0.00019
Rhodococcus fascians	1828	S	3533	547	4080	0.00012
Rhodococcus coprophilus	38310	S	2136	265	2401	0.00007
Rhodococcus triatomae	300028	S	2100	467	2567	0.00008
Rhodococcus pyridinivorans	103816	S	1740	4771	6511	0.00019
Rhodococcus koreensis	99653	S	1682	358	2040	0.00006
Rhodococcus ruber	1830	S	1553	3584	5137	0.00015
Rhodococcus jostii	132919	S	1356	401	1757	0.00005
Rhodococcus globerulus	33008	S	1041	80	1121	0.00003
Rhodococcus aetherivorans	191292	S	369	2432	2801	0.00008
Nocardia asteroides	1824	S	14447	4042	18489	0.00055
Nocardia brasiliensis	37326	S	8078	1813	9891	0.00029
Nocardia cyriacigeorgica	135487	S	6514	2311	8825	0.00026
Nocardia farcinica	37329	S	5437	2705	8142	0.00024
Nocardia terpenica	455432	S	5144	713	5857	0.00017
Nocardia arthritidis	228602	S	3480	347	3827	0.00011
Nocardia wallacei	480035	S	3478	857	4335	0.00013
Nocardia otitidiscaviarum	1823	S	3064	479	3543	0.00011
Nocardia huaxiensis	2755382	S	3045	485	3530	0.00011
Nocardia nova	37330	S	2953	321	3274	0.00010
Nocardia yamanashiensis	209247	S	2900	470	3370	0.00010
Nocardia sp. CS682	1047172	S	2828	589	3417	0.00010
Nocardia gipuzkoensis	2749991	S	2814	942	3756	0.00011
Nocardia yunnanensis	2382165	S	2734	585	3319	0.00010
Nocardia mangyaensis	2213200	S	2661	585	3246	0.00010
Nocardia seriolae	37332	S	2597	598	3195	0.00010
Nocardia tengchongensis	2055889	S	2540	535	3075	0.00009
Nocardia iowensis	204891	S	2534	473	3007	0.00009
Corynebacterium stationis	1705	S	6267	1095	7362	0.00022
Corynebacterium cyclohexanicum	322009	S	2538	665	3203	0.00010
Corynebacterium xerosis	1725	S	2479	870	3349	0.00010
Corynebacterium sphenisci	191493	S	1979	371	2350	0.00007
Corynebacterium frankenforstense	1230998	S	1886	356	2242	0.00007
Corynebacterium bovis	36808	S	1656	229	1885	0.00006
Corynebacterium freneyi	134034	S	1484	387	1871	0.00006
Corynebacterium halotolerans	225326	S	1435	215	1650	0.00005
Corynebacterium nuruki	1032851	S	1424	208	1632	0.00005
Corynebacterium humireducens	1223514	S	1316	246	1562	0.00005
Corynebacterium sp. CNCTC7651	2815361	S	625	75	700	0.00002
Corynebacterium sp. NML98-0116	702967	S	369	80	449	0.00001
Corynebacterium sp. 1864	2820399	S	87	144	231	0.00001
Corynebacterium sp. FDAARGOS 1242	2778078	S	76	147	223	0.00001
Corynebacterium sp. 4H37-19	2684405	S	73	4	77	0.00000
Corynebacterium sp. sy039	2599641	S	62	3	65	0.00000
Corynebacterium vitaeruminis	38305	S	1218	222	1440	0.00004
Corynebacterium timonense	441500	S	1102	165	1267	0.00004
Corynebacterium variabile	1727	S	1101	409	1510	0.00004
Corynebacterium maris	575200	S	1071	108	1179	0.00004
Corynebacterium marinum	349751	S	1063	275	1338	0.00004
Corynebacterium doosanense	1121358	S	995	307	1302	0.00004
Corynebacterium jeikeium	38289	S	892	1509	2401	0.00007
Corynebacterium comes	2675218	S	888	145	1033	0.00003
Corynebacterium urealyticum	43771	S	851	477	1328	0.00004
Corynebacterium yudongzhengii	2080740	S	847	103	950	0.00003
Corynebacterium liangguodongii	2079535	S	825	114	939	0.00003
Corynebacterium mycetoides	38302	S	795	259	1054	0.00003
Corynebacterium provencense	1737425	S	780	102	882	0.00003
Corynebacterium glyciniphilum	1404244	S	773	57	830	0.00002
Corynebacterium atypicum	191610	S	747	146	893	0.00003
Corynebacterium sanguinis	2594913	S	746	341	1087	0.00003
Corynebacterium terpenotabidum	89154	S	729	126	855	0.00003
Corynebacterium uterequi	1072256	S	726	73	799	0.00002
Corynebacterium imitans	156978	S	696	223	919	0.00003
Corynebacterium falsenii	108486	S	676	181	857	0.00003
Corynebacterium ureicelerivorans	401472	S	635	135	770	0.00002
Corynebacterium efficiens	152794	S	625	73	698	0.00002
Corynebacterium tuberculostearicum	38304	S	592	232	824	0.00002
Corynebacterium lujinxingii	2763010	S	580	127	707	0.00002
Corynebacterium qintianiae	2709392	S	571	106	677	0.00002
Corynebacterium coyleae	53374	S	565	95	660	0.00002
Corynebacterium uberis	2883169	S	560	40	600	0.00002
Corynebacterium glucuronolyticum	39791	S	557	77	634	0.00002
Corynebacterium testudinoris	136857	S	536	68	604	0.00002
Corynebacterium striatum	43770	S	529	286	815	0.00002
Corynebacterium aurimucosum	169292	S	506	144	650	0.00002
Corynebacterium genitalium	38288	S	500	70	570	0.00002
Corynebacterium kroppenstedtii	161879	S	496	29	525	0.00002
Corynebacterium glaucum	187491	S	491	65	556	0.00002
Corynebacterium riegelii	156976	S	446	76	522	0.00002
Corynebacterium lactis	1231000	S	432	42	474	0.00001
Corynebacterium incognita	2754725	S	420	60	480	0.00001
Corynebacterium occultum	2675219	S	410	41	451	0.00001
Corynebacterium zhongnanshanii	2768834	S	402	31	433	0.00001
Corynebacterium urogenitale	2487892	S	398	44	442	0.00001
Corynebacterium matruchotii	43768	S	392	16	408	0.00001
Corynebacterium aquilae	203263	S	390	34	424	0.00001
Corynebacterium casei	160386	S	373	298	671	0.00002
Corynebacterium renale	1724	S	340	22	362	0.00001
Corynebacterium endometrii	2488819	S	325	36	361	0.00001
Corynebacterium flavescens	28028	S	310	51	361	0.00001
Corynebacterium simulans	146827	S	305	164	469	0.00001
Corynebacterium singulare	161899	S	300	148	448	0.00001
Corynebacterium lizhenjunii	2709394	S	299	27	326	0.00001
Corynebacterium ammoniagenes	1697	S	279	41	320	0.00001
Corynebacterium kalinowskii	2675216	S	277	67	344	0.00001
Corynebacterium minutissimum	38301	S	244	180	424	0.00001
Corynebacterium camporealensis	161896	S	231	36	267	0.00001
Corynebacterium diphtheriae	1717	S	231	218	449	0.00001
Corynebacterium epidermidicanis	1050174	S	228	24	252	0.00001
Corynebacterium glutamicum	1718	S	217	2323	2540	0.00008
Corynebacterium pelargi	1471400	S	214	50	264	0.00001
Corynebacterium gerontici	2079234	S	214	27	241	0.00001
Corynebacterium macginleyi	38290	S	211	31	242	0.00001
Corynebacterium propinquum	43769	S	206	56	262	0.00001
Corynebacterium cystitidis	35757	S	205	7	212	0.00001
Corynebacterium phocae	161895	S	201	14	215	0.00001
Corynebacterium choanae	1862358	S	178	10	188	0.00001
Corynebacterium argentoratense	42817	S	176	22	198	0.00001
Corynebacterium kefirresidentii	1979527	S	169	76	245	0.00001
Corynebacterium deserti	1408191	S	169	42	211	0.00001
Corynebacterium pseudopelargi	2080757	S	158	39	197	0.00001
Corynebacterium pseudodiphtheriticum	37637	S	154	34	188	0.00001
Corynebacterium resistens	258224	S	145	54	199	0.00001
Corynebacterium ulcerans	65058	S	130	39	169	0.00001
Corynebacterium mustelae	571915	S	118	5	123	0.00000
Corynebacterium suranareeae	2506452	S	114	23	137	0.00000
Corynebacterium callunae	1721	S	102	23	125	0.00000
Corynebacterium anserum	2684406	S	102	7	109	0.00000
Corynebacterium accolens	38284	S	92	175	267	0.00001
Corynebacterium amycolatum	43765	S	90	513	603	0.00002
Corynebacterium segmentosum	43990	S	87	166	253	0.00001
Corynebacterium hindlerae	699041	S	83	131	214	0.00001
Corynebacterium crudilactis	1652495	S	80	47	127	0.00000
Corynebacterium pseudotuberculosis	1719	S	71	10	81	0.00000
Corynebacterium silvaticum	2320431	S	61	18	79	0.00000
Corynebacterium kutscheri	35755	S	59	5	64	0.00000
Corynebacterium rouxii	2719119	S	42	18	60	0.00000
Gordonia sp. PP30	2935861	S	2492	486	2978	0.00009
Gordonia sp. YC-JH1	2059875	S	1722	911	2633	0.00008
Gordonia sp. KTR9	337191	S	1709	264	1973	0.00006
Gordonia sp. PDNC005	2811424	S	1525	156	1681	0.00005
Gordonia sp. WA4-43	2878678	S	311	862	1173	0.00003
Gordonia sp. JH63	2698900	S	234	637	871	0.00003
Gordonia sp. 135	2676309	S	217	1214	1431	0.00004
Gordonia sp. 1D	1737359	S	63	801	864	0.00003
Gordonia polyisoprenivorans	84595	S	4087	583	4670	0.00014
Gordonia terrae	2055	S	2886	1323	4209	0.00013
Gordonia phthalatica	1136941	S	2406	687	3093	0.00009
Gordonia insulae	2420509	S	2246	235	2481	0.00007
Gordonia amarae	36821	S	2145	309	2454	0.00007
Gordonia jinghuaiqii	2758710	S	2007	278	2285	0.00007
Gordonia bronchialis	2054	S	1958	345	2303	0.00007
Gordonia iterans	1004901	S	1944	475	2419	0.00007
Gordonia rubripertincta	36822	S	1758	806	2564	0.00008
Gordonia pseudoamarae	2831662	S	1693	230	1923	0.00006
Gordonia otitidis	249058	S	1628	198	1826	0.00005
Gordonia zhaorongruii	2597659	S	1233	154	1387	0.00004
Gordonia alkanivorans	84096	S	495	1518	2013	0.00006
Gordonia amicalis	89053	S	403	2464	2867	0.00009
Gordonia hongkongensis	1701090	S	256	678	934	0.00003
Gordonia ajococcus	1292359	S	18	766	784	0.00002
Skermania piniformis	39122	S	2075	176	2251	0.00007
Tsukamurella paurometabola	2061	S	4107	1672	5779	0.00017
Tsukamurella tyrosinosolvens	57704	S	3382	1252	4634	0.00014
Tsukamurella pulmonis	47312	S	2517	718	3235	0.00010
Tsukamurella sp. PLM1	2929795	S	2279	597	2876	0.00009
Dietzia sp. oral taxon 368	712270	S	1592	918	2510	0.00007
Dietzia sp. DQ12-45-1b	912801	S	10	1792	1802	0.00005
Dietzia lutea	546160	S	1731	859	2590	0.00008
Dietzia psychralcaliphila	139021	S	1713	388	2101	0.00006
Dietzia timorensis	499555	S	1316	563	1879	0.00006
Tomitella gaofuii	2760083	S	2353	590	2943	0.00009
Tomitella fengzijianii	2597660	S	2154	581	2735	0.00008
Segniliparus rotundus	286802	S	1200	47	1247	0.00004
Lawsonella clevelandensis	1528099	S	209	16	225	0.00001
Micromonospora sp. WMMC415	2675222	S	24645	5087	29732	0.00088
Micromonospora sp. B006	2201999	S	23460	8850	32310	0.00096
Micromonospora sp. WMMA2032	2039870	S	11407	3895	15302	0.00046
Micromonospora sp. HM134	2583243	S	7180	1621	8801	0.00026
Micromonospora sp. L5	648999	S	3689	14777	18466	0.00055
Micromonospora tulbaghiae	479978	S	66036	30676	96712	0.00288
Micromonospora echinofusca	47858	S	51468	12793	64261	0.00191
Micromonospora aurantiaca	47850	S	24256	61442	85698	0.00255
Micromonospora echinaurantiaca	47857	S	18712	4801	23513	0.00070
Micromonospora krabiensis	307121	S	15910	3016	18926	0.00056
Micromonospora zamorensis	709883	S	14719	2485	17204	0.00051
Micromonospora chokoriensis	356851	S	13803	2354	16157	0.00048
Micromonospora terminaliae	1914461	S	13752	3628	17380	0.00052
Micromonospora maris	1003110	S	13547	2259	15806	0.00047
Micromonospora coriariae	285665	S	12547	2367	14914	0.00044
Micromonospora endophytica (Xie et al. 2001) Li et al. 2019	515350	S	12207	1981	14188	0.00042
Micromonospora carbonacea	47853	S	12070	2947	15017	0.00045
Micromonospora ferruginea	2749844	S	9638	2848	12486	0.00037
Micromonospora coxensis	356852	S	9160	2677	11837	0.00035
Micromonospora inositola	47865	S	8562	2215	10777	0.00032
Micromonospora viridifaciens	1881	S	8531	1951	10482	0.00031
Micromonospora purpureochromogenes	47872	S	8509	2364	10873	0.00032
Micromonospora siamensis	299152	S	8333	2113	10446	0.00031
Micromonospora craniellae	2294034	S	8242	2445	10687	0.00032
Micromonospora auratinigra	261654	S	8039	2191	10230	0.00030
Micromonospora echinospora	1877	S	7933	1468	9401	0.00028
Micromonospora narathiwatensis	299146	S	7413	1774	9187	0.00027
Micromonospora sagamiensis	47875	S	7034	1417	8451	0.00025
Micromonospora rifamycinica	291594	S	6652	1525	8177	0.00024
Actinoplanes sp. N902-109	649831	S	12115	2768	14883	0.00044
Actinoplanes sp. L3-i22	2836373	S	10836	7145	17981	0.00054
Actinoplanes sp. OR16	946334	S	9413	3922	13335	0.00040
Actinoplanes friuliensis	196914	S	13043	1462	14505	0.00043
Actinoplanes missouriensis	1866	S	8697	2302	10999	0.00033
Actinoplanes ianthinogenes	122358	S	8498	2787	11285	0.00034
Actinoplanes derwentensis	113562	S	8289	953	9242	0.00028
Actinoplanes teichomyceticus	1867	S	8054	2681	10735	0.00032
Plantactinospora sp. BB1	2071627	S	13261	25063	38324	0.00114
Plantactinospora sp. BC1	2108470	S	13222	25255	38477	0.00115
Plantactinospora sp. KBS50	2024580	S	9330	1402	10732	0.00032
Phytohabitans suffuscus	624315	S	12211	2361	14572	0.00043
Phytohabitans flavus	1076124	S	9219	1408	10627	0.00032
Couchioplanes caeruleus	56438	S	18171	2804	20975	0.00062
Actinocatenispora sera	390989	S	5299	1236	6535	0.00019
Actinocatenispora thailandica	227318	S	5258	1163	6421	0.00019
Catellatospora sp. IY07-71	2728827	S	11860	1746	13606	0.00040
Dactylosporangium vinaceum	53362	S	11819	895	12714	0.00038
Polymorphospora rubra	338584	S	9309	1257	10566	0.00031
Verrucosispora sp. NA02020	2742132	S	6082	2255	8337	0.00025
Natronosporangium hydrolyticum	2811111	S	4475	208	4683	0.00014
Salinispora tropica	168695	S	4149	397	4546	0.00014
Nocardioides sp. S5	2017486	S	37037	17127	54164	0.00161
Nocardioides sp. zg-1228	2763008	S	31912	12421	44333	0.00132
Nocardioides sp. LMS-CY	2840457	S	26188	7557	33745	0.00100
Nocardioides sp. G188	2849501	S	21181	5430	26611	0.00079
Nocardioides sp. JS614	196162	S	19952	5258	25210	0.00075
Nocardioides sp. TF02-7	2917724	S	14461	4043	18504	0.00055
Nocardioides sp. HDW12B	2714939	S	13035	3543	16578	0.00049
Nocardioides sp. W7	2931390	S	12911	3894	16805	0.00050
Nocardioides sp. zg-579	2663857	S	12772	5778	18550	0.00055
Nocardioides sp. CF8	110319	S	11752	4494	16246	0.00048
Nocardioides sp. cx-173	2898796	S	11504	3480	14984	0.00045
Nocardioides sp. S-1144	2582905	S	11307	3796	15103	0.00045
Nocardioides sp. SCSIO 67246	2872154	S	11057	2514	13571	0.00040
Nocardioides sp. 603	2483798	S	10011	4125	14136	0.00042
Nocardioides sp. InS609-2	2760705	S	9709	1928	11637	0.00035
Nocardioides sp. MC1495	2736757	S	9687	2978	12665	0.00038
Nocardioides sp. JQ2195	2592334	S	8690	1549	10239	0.00030
Nocardioides sp. zg-536	2803858	S	7693	2930	10623	0.00032
Nocardioides sp. dk884	2662361	S	6762	7282	14044	0.00042
Nocardioides sp. ZJ1313	2685869	S	6697	7281	13978	0.00042
Nocardioides sp. WS12	2486272	S	6533	987	7520	0.00022
Nocardioides sp. Kera G14	2884264	S	5640	957	6597	0.00020
Nocardioides okcheonensis	2894081	S	27746	11182	38928	0.00116
Nocardioides mesophilus	433659	S	20346	5096	25442	0.00076
Nocardioides anomalus	2712223	S	13141	3424	16565	0.00049
Nocardioides euryhalodurans	2518370	S	11791	3105	14896	0.00044
Nocardioides ungokensis	1643322	S	11660	3563	15223	0.00045
Nocardioides humi	449461	S	11432	3405	14837	0.00044
Nocardioides dongkuii	2760089	S	10796	4764	15560	0.00046
Nocardioides seonyuensis	2518371	S	10382	2446	12828	0.00038
Nocardioides rotundus	1774216	S	10140	3345	13485	0.00040
Nocardioides aromaticivorans	200618	S	9621	3242	12863	0.00038
Nocardioides marinisabuli	419476	S	9113	4523	13636	0.00041
Nocardioides dokdonensis	450734	S	8970	3852	12822	0.00038
Nocardioides aquaticus	160826	S	8734	2310	11044	0.00033
Nocardioides cynanchi	2558918	S	8560	1696	10256	0.00031
Nocardioides sambongensis	2589074	S	7762	1889	9651	0.00029
Nocardioides piscis	2714938	S	7529	2672	10201	0.00030
Nocardioides panacisoli	627624	S	6995	1437	8432	0.00025
Nocardioides houyundeii	2045452	S	6776	1771	8547	0.00025
Nocardioides daphniae	402297	S	5974	2396	8370	0.00025
Nocardioides jishulii	2575440	S	4582	1480	6062	0.00018
Nocardioides yefusunii	2500546	S	3279	773	4052	0.00012
Nocardioides baekrokdamisoli	1804624	S	2592	259	2851	0.00008
Aeromicrobium sp. Leaf245	1736306	S	4327	1147	5474	0.00016
Aeromicrobium sp. A1-2	2107713	S	3320	399	3719	0.00011
Aeromicrobium sp. zg-629	2663859	S	3091	883	3974	0.00012
Aeromicrobium erythreum	2041	S	4458	1142	5600	0.00017
Aeromicrobium chenweiae	2079793	S	3950	1249	5199	0.00015
Aeromicrobium yanjiei	2662028	S	3850	1139	4989	0.00015
Aeromicrobium choanae	1736691	S	3812	985	4797	0.00014
Aeromicrobium marinum	219314	S	3735	676	4411	0.00013
Marmoricola scoriae	642780	S	7933	2491	10424	0.00031
Pimelobacter simplex	2045	S	7765	2528	10293	0.00031
Friedmanniella luteola	546871	S	4925	787	5712	0.00017
Mumia sp. ZJ1417	2708082	S	4690	639	5329	0.00016
Micropruina glycogenica	75385	S	2606	293	2899	0.00009
Tessaracoccus sp. J1M15	2829499	S	2408	597	3005	0.00009
Tessaracoccus sp. MC1865	2760310	S	1724	392	2116	0.00006
Tessaracoccus defluvii	1285901	S	2407	1390	3797	0.00011
Tessaracoccus aquimaris	1332264	S	2275	913	3188	0.00009
Tessaracoccus flavescens	399497	S	1879	1297	3176	0.00009
Tessaracoccus flavus	1610493	S	1831	1023	2854	0.00008
Tessaracoccus timonensis	2161816	S	1380	387	1767	0.00005
Microlunatus sagamiharensis	546874	S	4902	899	5801	0.00017
Microlunatus soli	630515	S	3013	247	3260	0.00010
Microlunatus elymi	2596828	S	2740	256	2996	0.00009
Microlunatus phosphovorus	29405	S	2669	252	2921	0.00009
Microlunatus sp. Gsoil 973	2672569	S	2198	144	2342	0.00007
Brevilactibacter coleopterorum	2714937	S	3476	1211	4687	0.00014
Brevilactibacter sp. MC1595	2819349	S	3293	991	4284	0.00013
Propionibacterium freudenreichii	1744	S	2452	1665	4117	0.00012
Propionibacterium acidifaciens	556499	S	1914	340	2254	0.00007
Propionibacterium australiense	119981	S	1594	221	1815	0.00005
Acidipropionibacterium acidipropionici	1748	S	2183	1028	3211	0.00010
Acidipropionibacterium jensenii	1749	S	1832	907	2739	0.00008
Acidipropionibacterium virtanenii	2057246	S	1225	188	1413	0.00004
Cutibacterium acnes	1747	S	1683	434	2117	0.00006
Cutibacterium avidum	33010	S	1227	250	1477	0.00004
Cutibacterium granulosum	33011	S	704	108	812	0.00002
Cutibacterium modestum	2559073	S	325	35	360	0.00001
Auraticoccus monumenti	675864	S	3897	544	4441	0.00013
Arachnia propionica	1750	S	1594	142	1736	0.00005
Arachnia rubra	1547448	S	937	84	1021	0.00003
Raineyella fluvialis	2662261	S	2268	223	2491	0.00007
Vaginimicrobium propionicum	1871034	S	101	27	128	0.00000
Kribbella flavida	182640	S	6468	1263	7731	0.00023
Kribbella qitaiheensis	1544730	S	4452	598	5050	0.00015
Actinopolymorpha singaporensis	117157	S	5855	501	6356	0.00019
Amycolatopsis sp. DSM 110486	2865832	S	6986	1157	8143	0.00024
Amycolatopsis sp. WQ 127309	2932773	S	6821	1582	8403	0.00025
Amycolatopsis sp. FDAARGOS 1241	2778070	S	5909	1059	6968	0.00021
Amycolatopsis sp. Hca4	2742131	S	5704	1789	7493	0.00022
Amycolatopsis sp. CA-230715	2745196	S	5629	684	6313	0.00019
Amycolatopsis sp. YIM 10	2653857	S	5402	1324	6726	0.00020
Amycolatopsis sp. FU40	2914159	S	3634	1451	5085	0.00015
Amycolatopsis sp. AA4	1896961	S	3289	1528	4817	0.00014
Amycolatopsis sp. BJA-103	1911175	S	2885	1037	3922	0.00012
Amycolatopsis sp. TNS106	2861750	S	2666	1446	4112	0.00012
Amycolatopsis sp. EV170708-02-1	2919322	S	1951	1819	3770	0.00011
Amycolatopsis acidiphila	715473	S	6339	1074	7413	0.00022
Amycolatopsis pretoriensis	218821	S	5445	1475	6920	0.00021
Amycolatopsis mediterranei	33910	S	5344	6426	11770	0.00035
Amycolatopsis keratiniphila	129921	S	2902	2270	5172	0.00015
Amycolatopsis japonica	208439	S	1592	1426	3018	0.00009
Amycolatopsis thermalba	944492	S	5055	1756	6811	0.00020
Amycolatopsis albispora	1804986	S	4904	2371	7275	0.00022
Amycolatopsis methanolica	1814	S	4805	1600	6405	0.00019
Amycolatopsis aidingensis	2842453	S	4353	410	4763	0.00014
Amycolatopsis orientalis	31958	S	3020	906	3926	0.00012
Pseudonocardia sp. DSM 110487	2865833	S	20268	2177	22445	0.00067
Pseudonocardia sp. CGMCC 4.1532	2761535	S	6508	3136	9644	0.00029
Pseudonocardia sp. HH130630-07	1690815	S	5467	1346	6813	0.00020
Pseudonocardia sp. AL041005-10	445576	S	4810	1407	6217	0.00019
Pseudonocardia sp. HH130629-09	1641402	S	3604	1284	4888	0.00015
Pseudonocardia sp. EC080625-04	1096868	S	102	2360	2462	0.00007
Pseudonocardia sp. EC080610-09	1688404	S	23	1669	1692	0.00005
Pseudonocardia sp. EC080619-01	1096856	S	19	4059	4078	0.00012
Pseudonocardia broussonetiae	2736640	S	8870	2362	11232	0.00033
Pseudonocardia dioxanivorans	240495	S	8375	1746	10121	0.00030
Pseudonocardia autotrophica	2074	S	6001	1278	7279	0.00022
Pseudonocardia abyssalis	2792008	S	5349	2326	7675	0.00023
Saccharomonospora cyanea	40989	S	29420	7707	37127	0.00111
Saccharomonospora glauca	40990	S	6455	1540	7995	0.00024
Saccharomonospora azurea	40988	S	5502	1125	6627	0.00020
Saccharomonospora xinjiangensis	75294	S	4340	531	4871	0.00014
Saccharomonospora marina	632569	S	3997	794	4791	0.00014
Saccharomonospora viridis	1852	S	3822	423	4245	0.00013
Saccharopolyspora erythraea	1836	S	16670	4131	20801	0.00062
Saccharopolyspora gregorii	33914	S	7483	1209	8692	0.00026
Saccharopolyspora spinosa	60894	S	2796	1852	4648	0.00014
Saccharopolyspora pogona	333966	S	1955	2685	4640	0.00014
Saccharopolyspora sp. ASAGF58	2719023	S	1512	2308	3820	0.00011
Saccharothrix syringae	103733	S	7854	2177	10031	0.00030
Saccharothrix sp. 6-C	2781735	S	6499	1778	8277	0.00025
Saccharothrix espanaensis	103731	S	6084	1432	7516	0.00022
Kutzneria sp. CA-103260	2802641	S	6879	1171	8050	0.00024
Kutzneria albida	43357	S	5527	1012	6539	0.00019
Actinoalloteichus hoggarensis	1470176	S	3188	337	3525	0.00010
Actinoalloteichus hymeniacidonis	340345	S	2908	213	3121	0.00009
Actinoalloteichus sp. GBA129-24	1612551	S	173	1781	1954	0.00006
Actinoalloteichus fjordicus	1612552	S	143	1778	1921	0.00006
Actinosynnema pretiosum	42197	S	2623	4891	7514	0.00022
Actinosynnema mirum	40567	S	274	2346	2620	0.00008
Lentzea guizhouensis	1586287	S	6157	1019	7176	0.00021
Kibdelosporangium phytohabitans	860235	S	5594	533	6127	0.00018
Allosaccharopolyspora coralli	2665642	S	5501	943	6444	0.00019
Allokutzneria albata	211114	S	5454	1020	6474	0.00019
Alloactinosynnema sp. L-07	1653480	S	4659	810	5469	0.00016
Prauserella marina	530584	S	3302	237	3539	0.00011
Nonomuraea nitratireducens	2656914	S	27807	5389	33196	0.00099
Nonomuraea coxensis	404386	S	26714	6837	33551	0.00100
Nonomuraea sp. ATCC 55076	1909395	S	24475	7912	32387	0.00096
Nonomuraea gerenzanensis	93944	S	23657	8097	31754	0.00095
Streptosporangium roseum	2001	S	13661	3429	17090	0.00051
Streptosporangium sp. 'caverna'	2202249	S	12187	2414	14601	0.00043
Thermobispora bispora	2006	S	8825	1630	10455	0.00031
Actinomadura sp. WMMB 499	1219491	S	28779	5628	34407	0.00102
Actinomadura sp. NAK00032	2742128	S	13442	4195	17637	0.00052
Actinomadura sp. WMMA1423	2591108	S	10407	2727	13134	0.00039
Actinomadura madurae	1993	S	12560	3370	15930	0.00047
Actinomadura verrucosospora	46165	S	11297	2954	14251	0.00042
Actinomadura graeca	2750812	S	8292	1608	9900	0.00029
Thermomonospora amylolytica	1411117	S	6661	2010	8671	0.00026
Thermomonospora curvata	2020	S	4540	1067	5607	0.00017
Nocardiopsis sp. MT53	2865672	S	7418	1309	8727	0.00026
Nocardiopsis sp. HDS12	2831968	S	4974	3367	8341	0.00025
Nocardiopsis dassonvillei	2014	S	10254	6861	17115	0.00051
Nocardiopsis alba	53437	S	4762	639	5401	0.00016
Nocardiopsis gilva	280236	S	3922	584	4506	0.00013
Thermobifida halotolerans	483545	S	3347	850	4197	0.00012
Thermobifida alba	53522	S	3058	960	4018	0.00012
Thermobifida fusca	2021	S	1658	221	1879	0.00006
Streptomonospora litoralis	2498135	S	4477	641	5118	0.00015
Spiractinospora alimapuensis	2820884	S	2872	141	3013	0.00009
Blastococcus sp. PRF04-17	2933797	S	17252	4672	21924	0.00065
Blastococcus saxobsidens	138336	S	14617	3581	18198	0.00054
Modestobacter marinus	477641	S	11117	3087	14204	0.00042
Modestobacter sp. L9-4	2851567	S	7706	2354	10060	0.00030
Geodermatophilus obscurus	1861	S	16276	4323	20599	0.00061
Actinomyces sp. oral taxon 414	712122	S	1724	282	2006	0.00006
Actinomyces sp. MAS-1	2755559	S	1071	163	1234	0.00004
Actinomyces sp. Z16	2079536	S	967	300	1267	0.00004
Actinomyces sp. Chiba101	1851395	S	840	339	1179	0.00004
Actinomyces sp. 432	2057798	S	747	139	886	0.00003
Actinomyces sp. oral taxon 171	706438	S	355	240	595	0.00002
Actinomyces sp. oral taxon 169	712116	S	224	366	590	0.00002
Actinomyces sp. oral taxon 897	2081702	S	191	552	743	0.00002
Actinomyces sp. HMT 175	2789425	S	186	699	885	0.00003
Actinomyces sp. HMT897	2789424	S	181	512	693	0.00002
Actinomyces sp. zg-332	2708340	S	40	4	44	0.00000
Actinomyces radicidentis	111015	S	2013	633	2646	0.00008
Actinomyces slackii	52774	S	1426	185	1611	0.00005
Actinomyces howellii	52771	S	1392	165	1557	0.00005
Actinomyces respiraculi	2744574	S	1153	231	1384	0.00004
Actinomyces procaprae	2560010	S	863	278	1141	0.00003
Actinomyces weissii	675090	S	775	115	890	0.00003
Actinomyces faecalis	2722820	S	770	84	854	0.00003
Actinomyces qiguomingii	2057800	S	732	84	816	0.00002
Actinomyces viscosus	1656	S	704	257	961	0.00003
Actinomyces marmotae	2737173	S	680	326	1006	0.00003
Actinomyces naeslundii	1655	S	669	319	988	0.00003
Actinomyces oris	544580	S	604	1555	2159	0.00006
Actinomyces wuliandei	2057743	S	572	137	709	0.00002
Actinomyces gaoshouyii	1960083	S	569	255	824	0.00002
Actinomyces lilanjuaniae	2321394	S	480	106	586	0.00002
Actinomyces trachealis	2763540	S	405	63	468	0.00001
Actinomyces pacaensis	1852377	S	185	18	203	0.00001
Schaalia sp. 19OD2882	2794089	S	783	88	871	0.00003
Schaalia sp. JY-X169	2758572	S	285	7	292	0.00001
Schaalia sp. ZJ405	2709403	S	211	16	227	0.00001
Schaalia odontolytica	1660	S	1205	237	1442	0.00004
Schaalia meyeri	52773	S	486	77	563	0.00002
Schaalia cardiffensis	181487	S	342	41	383	0.00001
Schaalia turicensis	131111	S	183	111	294	0.00001
Flaviflexus salsibiostraticola	1282737	S	1122	228	1350	0.00004
Flaviflexus sp. dk850	2758573	S	691	158	849	0.00003
Flaviflexus ciconiae	2496867	S	574	55	629	0.00002
Trueperella pecoris	2733571	S	768	161	929	0.00003
Trueperella pyogenes	1661	S	591	245	836	0.00002
Trueperella bialowiezensis	312285	S	320	11	331	0.00001
Pauljensenia hongkongensis	178339	S	893	260	1153	0.00003
Nanchangia anserum	2692125	S	756	57	813	0.00002
Actinobaculum sp. 313	2495645	S	391	17	408	0.00001
Actinotignum schaalii	59505	S	342	15	357	0.00001
Arcanobacterium haemolyticum	28264	S	119	40	159	0.00000
Arcanobacterium phocisimile	1302235	S	74	13	87	0.00000
Arcanobacterium sp. 2701	2722751	S	55	8	63	0.00000
Arcanobacterium phocae	131112	S	47	9	56	0.00000
Changpingibacter yushuensis	2758440	S	277	60	337	0.00001
Mobiluncus curtisii	2051	S	153	29	182	0.00001
Varibaculum sp. EMRHCC_39	2811781	S	116	23	139	0.00000
Boudabousia tangfeifanii	1912795	S	75	3	78	0.00000
Fannyhessea vaginae	82135	S	36	7	43	0.00000
Frankia inefficax	298654	S	8554	729	9283	0.00028
Frankia sp. QA3	710111	S	3282	1218	4500	0.00013
Frankia sp. ArI3	1858	S	2454	1458	3912	0.00012
Candidatus Frankia datiscae	2716812	S	3175	299	3474	0.00010
Frankia alni	1859	S	3002	1865	4867	0.00014
Frankia casuarinae	106370	S	2762	223	2985	0.00009
Jiangella sp. DSM 45060	1798224	S	7952	1920	9872	0.00029
Jiangella alkaliphila	419479	S	7790	1805	9595	0.00029
Bifidobacterium choerinum	35760	S	1289	318	1607	0.00005
Bifidobacterium pseudolongum	1694	S	1212	256	1468	0.00004
Bifidobacterium scardovii	158787	S	1138	58	1196	0.00004
Bifidobacterium longum	216816	S	1120	688	1808	0.00005
Bifidobacterium bifidum	1681	S	814	133	947	0.00003
Bifidobacterium asteroides	1684	S	687	92	779	0.00002
Bifidobacterium pullorum	78448	S	668	132	800	0.00002
Bifidobacterium animalis	28025	S	652	166	818	0.00002
Bifidobacterium subtile	77635	S	607	52	659	0.00002
Bifidobacterium adolescentis	1680	S	515	44	559	0.00002
Bifidobacterium breve	1685	S	510	3460	3970	0.00012
Bifidobacterium lemurum	1603886	S	450	34	484	0.00001
Bifidobacterium dentium	1689	S	411	12	423	0.00001
Bifidobacterium eulemuris	1765219	S	381	27	408	0.00001
Bifidobacterium angulatum	1683	S	360	58	418	0.00001
Bifidobacterium actinocoloniiforme	638619	S	349	7	356	0.00001
Bifidobacterium thermophilum	33905	S	329	38	367	0.00001
Bifidobacterium pseudocatenulatum	28026	S	228	52	280	0.00001
Bifidobacterium catenulatum	1686	S	225	112	337	0.00001
Bifidobacterium saguini	762210	S	107	12	119	0.00000
Bifidobacterium imperatoris	2020965	S	106	15	121	0.00000
Bifidobacterium coryneforme	1687	S	48	14	62	0.00000
Bifidobacterium indicum	1691	S	36	10	46	0.00000
Parascardovia denticolens	78258	S	241	24	265	0.00001
Gardnerella vaginalis	2702	S	67	64	131	0.00000
Gardnerella piotii	2792977	S	12	22	34	0.00000
Scardovia inopinata	78259	S	68	14	82	0.00000
Nakamurella multipartita	53461	S	4195	583	4778	0.00014
Nakamurella panacisegetis	1090615	S	2418	261	2679	0.00008
Nakamurella sp. PAMC28650	2762325	S	2173	181	2354	0.00007
Nakamurella antarctica	1902245	S	608	32	640	0.00002
Catenulispora acidiphila	304895	S	6218	659	6877	0.00020
Actinopolyspora erythraea	414996	S	5555	407	5962	0.00018
Stackebrandtia nassauensis	283811	S	3994	263	4257	0.00013
Natronoglycomyces albus	2811108	S	754	17	771	0.00002
Jatrophihabitans sp. GAS493	1907575	S	2316	152	2468	0.00007
Jatrophihabitans telluris	2038343	S	2183	137	2320	0.00007
Kineococcus radiotolerans	131568	S	4178	835	5013	0.00015
Epidermidibacterium keratini	1891644	S	2704	995	3699	0.00011
Acidothermus cellulolyticus	28049	S	1350	43	1393	0.00004
Candidatus Planktophila lacus	1884913	S	104	13	117	0.00000
Candidatus Planktophila versatilis	1884905	S	93	17	110	0.00000
Candidatus Planktophila dulcis	1884914	S	85	45	130	0.00000
Candidatus Planktophila sulfonica	1884904	S	64	17	81	0.00000
Candidatus Planktophila vernalis	1884907	S	45	7	52	0.00000
Candidatus Planktophila limnetica	573600	S	36	4	40	0.00000
Candidatus Nanopelagicus hibericus	1884915	S	61	30	91	0.00000
Candidatus Nanopelagicus limnes	1884634	S	19	24	43	0.00000
Candidatus Nanopelagicus abundans	1884916	S	16	6	22	0.00000
Aquihabitans sp. Kera 3	2884263	S	33176	4037	37213	0.00111
Aquihabitans sp. G128	2849779	S	28810	4565	33375	0.00099
Actinomarinicola tropica	2789776	S	32399	4950	37349	0.00111
Iamia sp. SCSIO 61187	2722752	S	30174	3791	33965	0.00101
Ilumatobacter coccineus	467094	S	7675	321	7996	0.00024
Acidimicrobium ferrooxidans	53635	S	1702	87	1789	0.00005
Conexibacter sp. SYSU D00693	2812560	S	20473	3427	23900	0.00071
Conexibacter sp. DBS9H8	2937801	S	4692	333	5025	0.00015
Conexibacter sp. S30A1	2937800	S	4401	331	4732	0.00014
Conexibacter woesei	191495	S	24233	2931	27164	0.00081
Miltoncostaea marina	2843215	S	23104	3143	26247	0.00078
Miltoncostaea oceani	2843216	S	17337	1406	18743	0.00056
Baekduia soli	496014	S	17367	1991	19358	0.00058
Rubrobacter xylanophilus	49319	S	6173	533	6706	0.00020
Rubrobacter marinus	2653852	S	4003	303	4306	0.00013
Rubrobacter tropicus	2653851	S	2957	183	3140	0.00009
Rubrobacter radiotolerans	42256	S	1827	219	2046	0.00006
Rubrobacter indicoceani	2051957	S	1221	86	1307	0.00004
Eggerthella lenta	84112	S	1280	844	2124	0.00006
Eggerthella guodeyinii	2690837	S	1149	433	1582	0.00005
Eggerthella sp. YY7918	502558	S	247	78	325	0.00001
Gordonibacter pamelaeae	471189	S	722	675	1397	0.00004
Gordonibacter urolithinfaciens	1335613	S	624	410	1034	0.00003
Adlercreutzia equolifaciens	446660	S	633	284	917	0.00003
Adlercreutzia hattorii	2707299	S	382	365	747	0.00002
Arabiibacter massiliensis	1870985	S	1357	224	1581	0.00005
Raoultibacter timonensis	1907662	S	727	43	770	0.00002
Berryella intestinalis	1531429	S	647	517	1164	0.00003
Slackia heliotrinireducens	84110	S	632	13	645	0.00002
Denitrobacterium detoxificans	79604	S	374	108	482	0.00001
Cryptobacterium curtum	84163	S	87	6	93	0.00000
Phoenicibacter congonensis	1944646	S	66	18	84	0.00000
Olsenella timonensis	1805478	S	1240	256	1496	0.00004
Olsenella uli	133926	S	599	48	647	0.00002
Olsenella sp. oral taxon 807	712411	S	405	18	423	0.00001
Parolsenella massiliensis	1871022	S	740	324	1064	0.00003
Parolsenella catena	2003188	S	634	311	945	0.00003
Thermophilibacter immobilis	2779519	S	807	208	1015	0.00003
Parafannyhessea umbonata	604330	S	798	320	1118	0.00003
Atopobium sp. oral taxon 416	712157	S	163	12	175	0.00001
Lancefieldella parvula	1382	S	49	3	52	0.00000
Collinsella aerofaciens	74426	S	1231	461	1692	0.00005
Collinsella stercoris	147206	S	749	110	859	0.00003
Collinsella sp. zg1085	2844380	S	67	2	69	0.00000
Coriobacterium glomerans	33871	S	389	8	397	0.00001
Egicoccus halophilus	1670830	S	4674	513	5187	0.00015
Euzebya pacifica	1608957	S	4547	274	4821	0.00014
Egibacter rhizosphaerae	1670831	S	4042	171	4213	0.00013
Priestia megaterium	1404	S	175593	134187	309780	0.00922
Priestia filamentosa	1402861	S	93716	6957	100673	0.00300
Priestia flexa	86664	S	2461	444	2905	0.00009
Priestia aryabhattai	412384	S	1295	5064	6359	0.00019
Priestia koreensis	284581	S	1116	216	1332	0.00004
Priestia sp. J2	2886505	S	220	1463	1683	0.00005
Bacillus sp. Y1	352858	S	4730	988	5718	0.00017
Bacillus sp. S3	486398	S	3310	529	3839	0.00011
Bacillus sp. 1NLA3E	666686	S	2681	521	3202	0.00010
Bacillus sp. FJAT-22090	1581038	S	2433	420	2853	0.00008
Bacillus sp. FJAT-18017	1705566	S	1981	293	2274	0.00007
Bacillus sp. KH172YL63	2709784	S	1822	351	2173	0.00006
Bacillus sp. OxB-1	98228	S	1636	252	1888	0.00006
Bacillus sp. THAF10	2587848	S	1338	245	1583	0.00005
Bacillus sp. PAMC26568	2760090	S	1332	78	1410	0.00004
Bacillus sp. JY-23	2933872	S	1224	256	1480	0.00004
Bacillus sp. FJAT-42376	2014076	S	1182	242	1424	0.00004
Bacillus sp. SB49	1071080	S	1031	103	1134	0.00003
Bacillus sp. N1-1	2682541	S	711	312	1023	0.00003
Bacillus sp. NSP9.1	1071078	S	684	32	716	0.00002
Bacillus sp. M4U3P1	2592382	S	535	42	577	0.00002
Bacillus sp. Cs-700	2589818	S	447	206	653	0.00002
Bacillus sp. WP8	756828	S	144	112	256	0.00001
Bacillus sp. N3536	2666127	S	135	164	299	0.00001
Bacillus sp. NP247	2846779	S	118	96	214	0.00001
Bacillus sp. ZJS3	2928154	S	88	124	212	0.00001
Bacillus sp. H8-1	2930532	S	61	1009	1070	0.00003
Bacillus sp. PDNC022	2812759	S	56	132	188	0.00001
Bacillus sp. SYJ	2529386	S	50	95	145	0.00000
Bacillus sp. BD59S	2499213	S	50	47	97	0.00000
Bacillus sp. 3a	580459	S	49	190	239	0.00001
Bacillus sp. ms-22	2683680	S	46	89	135	0.00000
Bacillus sp. MBGLi79	2070759	S	44	187	231	0.00001
Bacillus sp. N5-665	2925318	S	42	49	91	0.00000
Bacillus sp. MD-5	2009331	S	39	349	388	0.00001
Bacillus sp. PGP15	2933563	S	36	98	134	0.00000
Bacillus sp. N447-1	2789208	S	34	204	238	0.00001
Bacillus sp. PAMC26543	2762329	S	34	134	168	0.00001
Bacillus sp. JS	1127744	S	30	294	324	0.00001
Bacillus sp. LJBS06	2809036	S	25	248	273	0.00001
Bacillus sp. COPE52	2233998	S	25	21	46	0.00000
Bacillus sp. AM1(2019)	2665175	S	15	142	157	0.00000
Bacillus sp. LJBV19	2821409	S	13	74	87	0.00000
Bacillus sp. JNUCC-24	2842458	S	12	117	129	0.00000
Bacillus sp. PM8313	2875710	S	10	62	72	0.00000
Bacillus sp. LJBS17	2859227	S	10	109	119	0.00000
Bacillus sp. CRB-7	2874284	S	10	83	93	0.00000
Bacillus cereus	1396	S	3274	43672	46946	0.00140
Bacillus pseudomycoides	64104	S	1895	467	2362	0.00007
Bacillus mycoides	1405	S	1633	1490	3123	0.00009
Bacillus thuringiensis	1428	S	1519	28340	29859	0.00089
Bacillus cytotoxicus	580165	S	1326	459	1785	0.00005
Bacillus wiedmannii	1890302	S	439	404	843	0.00003
Bacillus luti	2026191	S	263	147	410	0.00001
Bacillus anthracis	1392	S	183	10786	10969	0.00033
Bacillus toyonensis	155322	S	158	798	956	0.00003
Bacillus nitratireducens	2026193	S	150	154	304	0.00001
Bacillus paranthracis	2026186	S	108	1466	1574	0.00005
Bacillus sp. ABP14	1892404	S	26	88	114	0.00000
Bacillus sp. FDAARGOS_235	1839798	S	18	180	198	0.00001
Bacillus sp. JAS24-2	2217832	S	17	48	65	0.00000
Bacillus sp. HBCD-sjtu	2053832	S	14	89	103	0.00000
Bacillus albus	2026189	S	29	76	105	0.00000
Bacillus tropicus	2026188	S	27	515	542	0.00002
Bacillus mobilis	2026190	S	21	94	115	0.00000
Bacillus subtilis	1423	S	4955	65964	70919	0.00211
Bacillus velezensis	492670	S	1378	15701	17079	0.00051
Bacillus amyloliquefaciens	1390	S	593	7863	8456	0.00025
Bacillus siamensis	659243	S	437	769	1206	0.00004
Bacillus paralicheniformis	1648923	S	1125	527	1652	0.00005
Bacillus mojavensis	72360	S	466	329	795	0.00002
Bacillus halotolerans	260554	S	189	303	492	0.00001
Bacillus atrophaeus	1452	S	433	6248	6681	0.00020
Bacillus vallismortis	72361	S	371	242	613	0.00002
Bacillus licheniformis	1402	S	353	10762	11115	0.00033
Bacillus tequilensis	227866	S	302	142	444	0.00001
Bacillus spizizenii	96241	S	131	238	369	0.00001
Bacillus inaquosorum	483913	S	69	316	385	0.00001
Bacillus safensis	561879	S	10675	10844	21519	0.00064
Bacillus dafuensis	1742359	S	2930	597	3527	0.00010
Bacillus infantis	324767	S	2492	386	2878	0.00009
Bacillus methanolicus	1471	S	1973	484	2457	0.00007
Bacillus altitudinis	293387	S	1756	4042	5798	0.00017
Bacillus aerophilus	293389	S	26	256	282	0.00001
Bacillus badius	1455	S	1926	472	2398	0.00007
Bacillus weihaiensis	1547283	S	1914	366	2280	0.00007
Bacillus pumilus	1408	S	1904	1010	2914	0.00009
[Brevibacterium] frigoritolerans	450367	S	1856	425	2281	0.00007
Bacillus aquiflavi	2672567	S	1706	262	1968	0.00006
Bacillus glycinifermentans	1664069	S	1536	268	1804	0.00005
Bacillus fonticola	2728853	S	1360	218	1578	0.00005
Bacillus gobiensis	1441095	S	1226	197	1423	0.00004
Bacillus smithii	1479	S	1044	422	1466	0.00004
Bacillus shivajii	1983719	S	1028	93	1121	0.00003
Bacillus rugosus	2715209	S	618	338	956	0.00003
Bacillus cabrialesii	2487276	S	230	118	348	0.00001
Bacillus haynesii	1925021	S	29	57	86	0.00000
Bacillus xiamenensis	1178537	S	26	48	74	0.00000
Cytobacillus oceanisediminis	665099	S	50171	15077	65248	0.00194
Cytobacillus firmus	1399	S	27557	7117	34674	0.00103
Cytobacillus ciccensis	1670641	S	4793	1001	5794	0.00017
Cytobacillus gottheilii	859144	S	2455	448	2903	0.00009
Cytobacillus kochii	859143	S	2146	368	2514	0.00007
Cytobacillus sp. CY-G	2901381	S	2064	406	2470	0.00007
Mesobacillus sp. S13	2880221	S	35482	9862	45344	0.00135
Mesobacillus jeotgali	129985	S	30605	7854	38459	0.00114
Mesobacillus foraminis	279826	S	5012	737	5749	0.00017
Metabacillus sediminilitoris	2567941	S	26085	5532	31617	0.00094
Metabacillus sp. KUDC1714	2745198	S	11388	2249	13637	0.00041
Metabacillus sp. B2-18	2897333	S	1819	1970	3789	0.00011
Metabacillus sp. cB07	2806989	S	1144	238	1382	0.00004
Metabacillus litoralis	152268	S	2721	1767	4488	0.00013
Metabacillus dongyingensis	2874282	S	1642	326	1968	0.00006
Metabacillus endolithicus	1535204	S	1511	1332	2843	0.00008
Halobacillus sp. SSTM10-2	2932258	S	9892	1986	11878	0.00035
Halobacillus sp. SSHM10-5	2932259	S	8658	2008	10666	0.00032
Halobacillus sp. SSBR10-3	2932257	S	1654	155	1809	0.00005
Halobacillus halophilus	1570	S	1517	171	1688	0.00005
Halobacillus mangrovi	402384	S	1498	178	1676	0.00005
Halobacillus litoralis	45668	S	1414	194	1608	0.00005
Lysinibacillus sp. SGAir0095	2070463	S	3186	792	3978	0.00012
Lysinibacillus sp. PLM2	2929796	S	2827	720	3547	0.00011
Lysinibacillus sp. 2017	2169540	S	904	276	1180	0.00004
Lysinibacillus sp. CD3-6	2892541	S	808	201	1009	0.00003
Lysinibacillus sp. Ag94	2936682	S	683	55	738	0.00002
Lysinibacillus sp. YS11	2072025	S	329	676	1005	0.00003
Lysinibacillus sp. ACHW1.5	2913506	S	283	508	791	0.00002
Lysinibacillus sp. GJ-1	2896845	S	65	615	680	0.00002
Lysinibacillus timonensis	2086577	S	7002	2193	9195	0.00027
Lysinibacillus fusiformis	28031	S	1308	954	2262	0.00007
Lysinibacillus parviboronicapiens	436516	S	804	181	985	0.00003
Lysinibacillus sphaericus	1421	S	792	652	1444	0.00004
Lysinibacillus agricola	2590012	S	750	149	899	0.00003
Lysinibacillus capsici	2115968	S	238	311	549	0.00002
Lysinibacillus varians	1145276	S	51	345	396	0.00001
Virgibacillus sp. NKC19-16	2831673	S	2765	140	2905	0.00009
Virgibacillus sp. Bac332	2419842	S	2355	170	2525	0.00008
Virgibacillus sp. SK37	403957	S	1251	251	1502	0.00004
Virgibacillus sp. MSP4-1	2700081	S	1113	131	1244	0.00004
Virgibacillus sp. Bac330	2419841	S	621	116	737	0.00002
Virgibacillus sp. 6R	1911587	S	379	1422	1801	0.00005
Virgibacillus halodenitrificans	1482	S	3556	651	4207	0.00013
Virgibacillus necropolis	163877	S	2657	200	2857	0.00009
Virgibacillus phasianinus	2017483	S	2582	192	2774	0.00008
Virgibacillus pantothenticus	1473	S	636	2257	2893	0.00009
Virgibacillus dokdonensis	302167	S	571	105	676	0.00002
Terribacillus goriensis	386490	S	9156	989	10145	0.00030
Terribacillus aidingensis	586416	S	5997	674	6671	0.00020
Peribacillus asahii	228899	S	4957	1432	6389	0.00019
Peribacillus simplex	1478	S	1526	639	2165	0.00006
Peribacillus butanolivorans	421767	S	1371	328	1699	0.00005
Peribacillus psychrosaccharolyticus	1407	S	1292	261	1553	0.00005
Peribacillus muralis	264697	S	687	102	789	0.00002
Oceanobacillus iheyensis	182710	S	2674	589	3263	0.00010
Oceanobacillus zhaokaii	2052660	S	2247	252	2499	0.00007
Oceanobacillus kimchii	746691	S	2165	329	2494	0.00007
Niallia circulans	1397	S	5042	840	5882	0.00018
Niallia sp. Man26	2912824	S	2062	290	2352	0.00007
Gracilibacillus salitolerans	2663022	S	3213	437	3650	0.00011
Gracilibacillus sp. SSPM10-3	2932255	S	1537	507	2044	0.00006
Gracilibacillus sp. SSWR10-1	2932256	S	1124	373	1497	0.00004
Alkalihalobacillus clausii	79880	S	2816	310	3126	0.00009
Alkalihalobacillus krulwichiae	199441	S	1302	230	1532	0.00005
Alkalihalobacillus sp. LMS39	2924032	S	1078	136	1214	0.00004
Alkalihalobacillus lehensis	300825	S	378	137	515	0.00002
Alkalihalobacillus miscanthi	2598861	S	369	133	502	0.00001
Neobacillus drentensis	220684	S	3177	794	3971	0.00012
Neobacillus mesonae	1193713	S	2633	508	3141	0.00009
Anoxybacillus sediminis	2613334	S	1321	204	1525	0.00005
Anoxybacillus flavithermus	33934	S	1015	531	1546	0.00005
Anoxybacillus sp. PDR2	1636720	S	140	875	1015	0.00003
Anoxybacillus caldiproteolyticus	247480	S	937	128	1065	0.00003
Anoxybacillus amylolyticus	294699	S	662	87	749	0.00002
Anoxybacillus gonensis	198467	S	88	406	494	0.00001
Anoxybacillus kamchatkensis	196180	S	54	231	285	0.00001
Heyndrickxia oleronia	38875	S	3725	885	4610	0.00014
Heyndrickxia vini	1476025	S	1940	337	2277	0.00007
Geobacillus subterraneus	129338	S	823	410	1233	0.00004
Geobacillus genomosp. 3	1921421	S	562	120	682	0.00002
Geobacillus stearothermophilus	1422	S	461	481	942	0.00003
Geobacillus sp. 46C-IIa	1963025	S	250	86	336	0.00001
Geobacillus sp. JS12	1813182	S	56	146	202	0.00001
Geobacillus sp. Y412MC52	550542	S	48	133	181	0.00001
Geobacillus sp. C56-T3	691437	S	25	84	109	0.00000
Geobacillus sp. GHH01	1233873	S	14	111	125	0.00000
Geobacillus thermocatenulatus	33938	S	157	121	278	0.00001
Geobacillus thermoleovorans	33941	S	53	451	504	0.00002
Geobacillus kaustophilus	1462	S	51	393	444	0.00001
Geobacillus thermodenitrificans	33940	S	107	611	718	0.00002
Geobacillus zalihae	213419	S	64	363	427	0.00001
Lentibacillus amyloliquefaciens	1472767	S	2144	261	2405	0.00007
Lentibacillus sp. CBA3610	2518176	S	1909	172	2081	0.00006
Sutcliffiella horikoshii	79883	S	2078	319	2397	0.00007
Sutcliffiella cohnii	33932	S	2022	483	2505	0.00007
Rossellomorea vietnamensis	218284	S	2298	532	2830	0.00008
Rossellomorea marisflavi	189381	S	1700	386	2086	0.00006
Parageobacillus toebii	153151	S	634	295	929	0.00003
Parageobacillus thermoglucosidasius	1426	S	550	268	818	0.00002
Parageobacillus caldoxylosilyticus	81408	S	504	181	685	0.00002
Parageobacillus genomosp. 1	1295642	S	457	159	616	0.00002
Parageobacillus sp. KH3-4	2916802	S	379	142	521	0.00002
Radiobacillus sp. 80	2844358	S	1501	245	1746	0.00005
Radiobacillus deserti	2594883	S	1057	175	1232	0.00004
Psychrobacillus sp. INOP01	2829187	S	1203	243	1446	0.00004
Psychrobacillus sp. AK 1817	2303505	S	259	302	561	0.00002
Psychrobacillus glaciei	2283160	S	967	208	1175	0.00003
Salicibibacter cibarius	2743000	S	705	149	854	0.00003
Salicibibacter kimchii	2099786	S	486	33	519	0.00002
Salicibibacter cibi	2743001	S	431	52	483	0.00001
Salicibibacter halophilus	2502791	S	424	98	522	0.00002
Pontibacillus sp. HMF3514	2692425	S	1096	109	1205	0.00004
Pontibacillus sp. ALD_SL1	2777185	S	923	77	1000	0.00003
Lederbergia lenta	1467	S	1982	279	2261	0.00007
Hydrogenibacillus sp. N12	2866627	S	1782	159	1941	0.00006
Amphibacillus xylanus	1449	S	1773	201	1974	0.00006
Fictibacillus arsenicus	255247	S	947	147	1094	0.00003
Fictibacillus phosphorivorans	1221500	S	658	98	756	0.00002
Weizmannia coagulans	1398	S	1568	350	1918	0.00006
Gottfriedia acidiceleris	371036	S	1381	225	1606	0.00005
Anaerobacillus isosaccharinicus	1532552	S	1305	177	1482	0.00004
Sediminibacillus sp. DP4-553-S	2729421	S	1259	123	1382	0.00004
Caldibacillus thermoamylovorans	35841	S	1231	283	1514	0.00005
Paraliobacillus zengyii	2213194	S	1219	119	1338	0.00004
Pradoshia sp. D12	2651284	S	1077	178	1255	0.00004
Alkalihalophilus pseudofirmus	79885	S	983	104	1087	0.00003
Mangrovibacillus cuniculi	2593652	S	945	281	1226	0.00004
Evansella cellulosilytica	1413	S	944	83	1027	0.00003
Salisediminibacterium selenitireducens	85683	S	423	45	468	0.00001
Salisediminibacterium beveridgei	632773	S	410	43	453	0.00001
Halalkalibacterium halodurans	86665	S	832	315	1147	0.00003
Aeribacillus pallidus	33936	S	797	295	1092	0.00003
Salimicrobium jeotgali	1230341	S	655	60	715	0.00002
Caldalkalibacillus thermarum	296745	S	401	45	446	0.00001
Paenibacillus sp. JZ16	1906272	S	4197	595	4792	0.00014
Paenibacillus sp. HWE-109	1306526	S	3307	181	3488	0.00010
Paenibacillus sp. B01	2660554	S	3086	621	3707	0.00011
Paenibacillus sp. JNUCC-32	2777984	S	2454	2723	5177	0.00015
Paenibacillus sp. Y412MC10	481743	S	2377	2482	4859	0.00014
Paenibacillus sp. 32O-W	1695218	S	2244	148	2392	0.00007
Paenibacillus sp. H1-7	2282849	S	2088	122	2210	0.00007
Paenibacillus sp. RUD330	2023772	S	2051	134	2185	0.00007
Paenibacillus sp. sptzw28	715179	S	1513	83	1596	0.00005
Paenibacillus sp. YPD9-1	2908839	S	1462	112	1574	0.00005
Paenibacillus sp. R14(2021)	2859228	S	1330	112	1442	0.00004
Paenibacillus sp. PAMC21692	2762320	S	1175	559	1734	0.00005
Paenibacillus sp. BIHB4019	1870819	S	1097	52	1149	0.00003
Paenibacillus sp. CAA11	1532905	S	864	103	967	0.00003
Paenibacillus sp. PK3_47	2072642	S	791	68	859	0.00003
Paenibacillus sp. URB8-2	2741301	S	717	100	817	0.00002
Paenibacillus sp. JNUCC-31	2777983	S	710	114	824	0.00002
Paenibacillus sp. FSL H7-0357	1536774	S	616	50	666	0.00002
Paenibacillus sp. FSL R7-0273	1536772	S	542	51	593	0.00002
Paenibacillus sp. 481	2835869	S	532	30	562	0.00002
Paenibacillus sp. DCT19	2211212	S	531	53	584	0.00002
Paenibacillus sp. FSL R7-0331	1536773	S	496	49	545	0.00002
Paenibacillus sp. YPG26	2878915	S	482	58	540	0.00002
Paenibacillus sp. E222	2748863	S	464	91	555	0.00002
Paenibacillus sp. 19GGS1-52	2758563	S	431	25	456	0.00001
Paenibacillus sp. IHBB 10380	1566358	S	399	46	445	0.00001
Paenibacillus sp. FSL P4-0081	1536769	S	327	99	426	0.00001
Paenibacillus sp. N3/727	2925845	S	293	200	493	0.00001
Paenibacillus sp. FSL R5-0912	1536771	S	285	78	363	0.00001
Paenibacillus sp. FSL R5-0345	1536770	S	281	45	326	0.00001
Paenibacillus sp. FSL H7-0737	1536775	S	259	45	304	0.00001
Paenibacillus sp. IHB B 3084	867076	S	247	80	327	0.00001
Paenibacillus sp. 37	2607911	S	199	1295	1494	0.00004
Paenibacillus sp. M-152	2487928	S	182	1558	1740	0.00005
Paenibacillus sp. Cedars	1980674	S	170	550	720	0.00002
Paenibacillus sp. S02	2823904	S	45	200	245	0.00001
Paenibacillus sp. lzh-N1	2069255	S	27	249	276	0.00001
Paenibacillus sp. DR312	2871175	S	27	239	266	0.00001
Paenibacillus sp. S25	2823905	S	25	222	247	0.00001
Paenibacillus mucilaginosus	61624	S	3701	181	3882	0.00012
Paenibacillus ihbetae	1870820	S	2789	235	3024	0.00009
Paenibacillus lautus	1401	S	2770	1918	4688	0.00014
Paenibacillus lycopersici	2704462	S	2588	190	2778	0.00008
Paenibacillus albicereus	2726185	S	2484	431	2915	0.00009
Paenibacillus konkukensis	2020716	S	1913	139	2052	0.00006
Paenibacillus xylanilyticus	248903	S	1810	225	2035	0.00006
Paenibacillus macerans	44252	S	1648	91	1739	0.00005
Paenibacillus beijingensis	1126833	S	1617	114	1731	0.00005
Paenibacillus rhizovicinus	2704463	S	1611	127	1738	0.00005
Paenibacillus polymyxa	1406	S	1592	3617	5209	0.00016
Paenibacillus cellulositrophicus	562959	S	1547	93	1640	0.00005
Paenibacillus cellulosilyticus	375489	S	1365	105	1470	0.00004
Paenibacillus agaridevorans	171404	S	1357	1018	2375	0.00007
Paenibacillus dendritiformis	130049	S	1208	122	1330	0.00004
Paenibacillus chitinolyticus	79263	S	1192	93	1285	0.00004
Paenibacillus stellifer	169760	S	1132	126	1258	0.00004
Paenibacillus protaetiae	2509456	S	1098	96	1194	0.00004
Paenibacillus naphthalenovorans	162209	S	1076	98	1174	0.00003
Paenibacillus durus	44251	S	1067	235	1302	0.00004
Paenibacillus albus	2495582	S	993	79	1072	0.00003
Paenibacillus thiaminolyticus	49283	S	939	96	1035	0.00003
Paenibacillus azoreducens	116718	S	863	63	926	0.00003
Paenibacillus lentus	1338368	S	788	50	838	0.00002
Paenibacillus swuensis	1178515	S	787	68	855	0.00003
Paenibacillus alvei	44250	S	735	59	794	0.00002
Paenibacillus donghaensis	414771	S	734	48	782	0.00002
Paenibacillus lutimineralis	2707005	S	711	61	772	0.00002
Paenibacillus riograndensis	483937	S	263	171	434	0.00001
Paenibacillus sonchi	373687	S	243	255	498	0.00001
Paenibacillus guangzhouensis	1473112	S	707	43	750	0.00002
Paenibacillus yonginensis	1462996	S	701	194	895	0.00003
Paenibacillus algicola	2565926	S	675	66	741	0.00002
Paenibacillus baekrokdamisoli	1712516	S	651	42	693	0.00002
Paenibacillus sabinae	365617	S	622	90	712	0.00002
Paenibacillus psychroresistens	1778678	S	614	21	635	0.00002
Paenibacillus tritici	1873425	S	603	54	657	0.00002
Paenibacillus physcomitrellae	1619311	S	525	104	629	0.00002
Paenibacillus larvae	1464	S	514	34	548	0.00002
Paenibacillus tianjinensis	2810347	S	504	52	556	0.00002
Paenibacillus crassostreae	1763538	S	500	51	551	0.00002
Paenibacillus barcinonensis	198119	S	493	50	543	0.00002
Paenibacillus sophorae	1333845	S	479	99	578	0.00002
Paenibacillus pabuli	1472	S	455	95	550	0.00002
Paenibacillus odorifer	189426	S	454	49	503	0.00001
Paenibacillus borealis	160799	S	441	88	529	0.00002
Paenibacillus graminis	189425	S	439	132	571	0.00002
Paenibacillus bovis	1616788	S	432	36	468	0.00001
Paenibacillus antarcticus	253703	S	347	34	381	0.00001
Paenibacillus kribbensis	172713	S	311	69	380	0.00001
Paenibacillus terrae	159743	S	299	84	383	0.00001
Paenibacillus xylanexedens	528191	S	294	118	412	0.00001
Paenibacillus jilunlii	682956	S	292	114	406	0.00001
Paenibacillus brasilensis	128574	S	289	78	367	0.00001
Paenibacillus uliginis	683737	S	286	174	460	0.00001
Paenibacillus peoriae	59893	S	261	848	1109	0.00003
Paenibacillus glucanolyticus	59843	S	227	770	997	0.00003
Brevibacillus choshinensis	54911	S	14641	2032	16673	0.00050
Brevibacillus brevis	1393	S	3277	1422	4699	0.00014
Brevibacillus agri	51101	S	1862	298	2160	0.00006
Brevibacillus composti	2796470	S	1334	223	1557	0.00005
Brevibacillus sp. MMS20-4M-10-Y	2895522	S	703	59	762	0.00002
Brevibacillus sp. HD3.3A	2738979	S	291	1063	1354	0.00004
Brevibacillus sp. DP1.3A	2738867	S	259	189	448	0.00001
Brevibacillus sp. 7WMA2	2683193	S	46	187	233	0.00001
Brevibacillus marinus	2496837	S	1082	107	1189	0.00004
Brevibacillus laterosporus	1465	S	1035	990	2025	0.00006
Brevibacillus formosus	54913	S	401	273	674	0.00002
Brevibacillus parabrevis	54914	S	194	730	924	0.00003
Cohnella sp. LGH	1619153	S	2077	674	2751	0.00008
Cohnella sp. MFER-1	2728023	S	1082	153	1235	0.00004
Cohnella candidum	2674991	S	2325	218	2543	0.00008
Cohnella cholangitidis	2598458	S	1249	227	1476	0.00004
Cohnella abietis	2507935	S	518	54	572	0.00002
Thermobacillus composti	377615	S	3135	327	3462	0.00010
Aneurinibacillus soli	1500254	S	957	189	1146	0.00003
Aneurinibacillus thermoaerophilus	143495	S	14	419	433	0.00001
Aneurinibacillus sp. XH2	1450761	S	10	342	352	0.00001
Saccharibacillus brassicae	2583377	S	1700	130	1830	0.00005
Planococcus sp. 107-1	2908840	S	428	144	572	0.00002
Planococcus sp. PAMC 21323	1526927	S	407	143	550	0.00002
Planococcus sp. MB-3u-03	2058136	S	284	175	459	0.00001
Planococcus halotolerans	2233542	S	582	117	699	0.00002
Planococcus maritimus	192421	S	574	176	750	0.00002
Planococcus glaciei	459472	S	535	110	645	0.00002
Planococcus lenghuensis	2213202	S	521	66	587	0.00002
Planococcus antarcticus	161360	S	408	87	495	0.00001
Planococcus massiliensis	1499687	S	355	71	426	0.00001
Planococcus plakortidis	1038856	S	342	159	501	0.00001
Planococcus rifietoensis	200991	S	321	199	520	0.00002
Planococcus donghaensis	414778	S	293	123	416	0.00001
Planococcus halocryophilus	1215089	S	286	111	397	0.00001
Planococcus versutus	1302659	S	270	93	363	0.00001
Planococcus kocurii	1374	S	84	290	374	0.00001
Planococcus faecalis	1598147	S	78	267	345	0.00001
Sporosarcina sp. Te-1	2818390	S	756	112	868	0.00003
Sporosarcina sp. Marseille-Q4063	2810514	S	690	76	766	0.00002
Sporosarcina sp. resist	2762563	S	416	743	1159	0.00003
Sporosarcina sp. PTS2304	2283194	S	385	69	454	0.00001
Sporosarcina sp. P37	1930546	S	125	280	405	0.00001
Sporosarcina sp. P33	1930764	S	81	200	281	0.00001
Sporosarcina ureae	1571	S	1370	257	1627	0.00005
Sporosarcina ureilytica	298596	S	492	96	588	0.00002
Sporosarcina pasteurii	1474	S	461	86	547	0.00002
Sporosarcina psychrophila	1476	S	167	356	523	0.00002
Solibacillus silvestris	76853	S	1584	424	2008	0.00006
Solibacillus sp. R5-41	2048654	S	804	254	1058	0.00003
Ureibacillus thermosphaericus	51173	S	793	720	1513	0.00005
Ureibacillus thermophilus	367743	S	524	226	750	0.00002
Paenisporosarcina antarctica	417367	S	728	153	881	0.00003
Paenisporosarcina cavernae	2320858	S	471	177	648	0.00002
Kurthia zopfii	1650	S	395	191	586	0.00002
Kurthia sp. 11kri321	1750719	S	395	194	589	0.00002
Jeotgalibacillus malaysiensis	1508404	S	769	155	924	0.00003
Viridibacillus sp. JNUCC-6	2779527	S	731	197	928	0.00003
Rummeliibacillus stabekisii	241244	S	502	182	684	0.00002
Staphylococcus nepalensis	214473	S	1860	357	2217	0.00007
Staphylococcus aureus	1280	S	943	3580	4523	0.00013
Staphylococcus sp. 11-B-312	2799680	S	218	458	676	0.00002
Staphylococcus sp. CCM 9025	2892440	S	190	45	235	0.00001
Staphylococcus sp. 17KM0847	2583989	S	159	41	200	0.00001
Staphylococcus sp. MI 10-1553	1912064	S	80	18	98	0.00000
Staphylococcus sp. T93	2799681	S	55	18690	18745	0.00056
Staphylococcus haemolyticus	1283	S	620	401	1021	0.00003
Staphylococcus arlettae	29378	S	358	150	508	0.00002
Staphylococcus pseudintermedius	283734	S	228	127	355	0.00001
Staphylococcus delphini	53344	S	85	39	124	0.00000
Staphylococcus epidermidis	1282	S	302	157	459	0.00001
Staphylococcus hominis	1290	S	270	109	379	0.00001
Staphylococcus simiae	308354	S	247	68	315	0.00001
Staphylococcus pseudoxylosus	2282419	S	229	64	293	0.00001
Staphylococcus saprophyticus	29385	S	229	70	299	0.00001
Staphylococcus cohnii	29382	S	223	105	328	0.00001
Staphylococcus simulans	1286	S	210	45	255	0.00001
Staphylococcus capitis	29388	S	191	107	298	0.00001
Staphylococcus pettenkoferi	170573	S	190	28	218	0.00001
Staphylococcus xylosus	1288	S	178	46	224	0.00001
Staphylococcus lugdunensis	28035	S	173	69	242	0.00001
Staphylococcus saccharolyticus	33028	S	173	35	208	0.00001
Staphylococcus pasteuri	45972	S	170	69	239	0.00001
Staphylococcus gallinarum	1293	S	170	8	178	0.00001
Staphylococcus edaphicus	1955013	S	160	26	186	0.00001
Staphylococcus felis	46127	S	156	37	193	0.00001
Staphylococcus chromogenes	46126	S	155	39	194	0.00001
Staphylococcus lloydii	2781774	S	152	39	191	0.00001
Staphylococcus lutrae	155085	S	145	34	179	0.00001
Staphylococcus auricularis	29379	S	140	28	168	0.00001
Staphylococcus muscae	1294	S	134	31	165	0.00000
Staphylococcus succinus	61015	S	130	22	152	0.00000
Staphylococcus agnetis	985762	S	128	24	152	0.00000
Staphylococcus hyicus	1284	S	127	30	157	0.00000
Staphylococcus kloosii	29384	S	116	33	149	0.00000
Staphylococcus condimenti	70255	S	109	23	132	0.00000
Staphylococcus caprae	29380	S	105	37	142	0.00000
Staphylococcus equorum	246432	S	102	82	184	0.00001
Staphylococcus piscifermentans	70258	S	100	20	120	0.00000
Staphylococcus carnosus	1281	S	98	20	118	0.00000
Staphylococcus schleiferi	1295	S	94	80	174	0.00001
Staphylococcus debuckii	2044912	S	87	21	108	0.00000
Staphylococcus warneri	1292	S	77	52	129	0.00000
Staphylococcus roterodami	2699836	S	71	33	104	0.00000
Staphylococcus schweitzeri	1654388	S	59	22	81	0.00000
Staphylococcus argenteus	985002	S	28	71	99	0.00000
Staphylococcus coagulans	74706	S	12	14	26	0.00000
Mammaliicoccus sciuri	1296	S	1422	594	2016	0.00006
Mammaliicoccus lentus	42858	S	610	276	886	0.00003
Mammaliicoccus vitulinus	71237	S	205	63	268	0.00001
Mammaliicoccus stepanovicii	643214	S	162	35	197	0.00001
Macrococcus armenti	2875764	S	253	73	326	0.00001
Macrococcus canis	1855823	S	237	63	300	0.00001
Macrococcus brunensis	198483	S	204	35	239	0.00001
Macrococcus caseolyticus	69966	S	138	166	304	0.00001
Macrococcus bohemicus	1903056	S	115	293	408	0.00001
Macrococcus sp. IME1552	1898474	S	12	59	71	0.00000
Salinicoccus halodurans	407035	S	1036	194	1230	0.00004
Jeotgalicoccus sp. WY2	2708346	S	331	84	415	0.00001
Jeotgalicoccus sp. ATCC 8456	946435	S	237	37	274	0.00001
Jeotgalicoccus saudimassiliensis	1461582	S	371	46	417	0.00001
Nosocomiicoccus ampullae	489910	S	462	49	511	0.00002
Abyssicoccus albus	1817405	S	221	54	275	0.00001
Tumebacillus avium	1903704	S	3546	1267	4813	0.00014
Tumebacillus algifaecis	1214604	S	988	299	1287	0.00004
Alicyclobacillus acidocaldarius	405212	S	2065	110	2175	0.00006
Alicyclobacillus mengziensis	2931921	S	337	14	351	0.00001
Alicyclobacillus sp. SO9	2665646	S	215	10	225	0.00001
Alicyclobacillus sp. TC	2606450	S	114	10	124	0.00000
Alicyclobacillus acidoterrestris	1450	S	329	31	360	0.00001
Kyrpidia spormannii	2055160	S	315	146	461	0.00001
Kyrpidia tusciae	33943	S	265	176	441	0.00001
Effusibacillus dendaii	2743772	S	404	35	439	0.00001
Listeria monocytogenes	1639	S	3305	6143	9448	0.00028
Listeria weihenstephanensis	1006155	S	288	35	323	0.00001
Listeria innocua	1642	S	275	156	431	0.00001
Listeria ivanovii	1638	S	273	35	308	0.00001
Listeria sp. PSOL-1	1844999	S	251	36	287	0.00001
Listeria grayi	1641	S	227	36	263	0.00001
Listeria seeligeri	1640	S	219	50	269	0.00001
Listeria welshimeri	1643	S	203	76	279	0.00001
Listeria marthii	529731	S	136	28	164	0.00000
Brochothrix thermosphacta	2756	S	193	41	234	0.00001
Thermoactinomyces vulgaris	2026	S	2025	248	2273	0.00007
Kroppenstedtia eburnea	714067	S	736	56	792	0.00002
Kroppenstedtia pulmonis	1380685	S	430	24	454	0.00001
Staphylospora marina	2490858	S	651	63	714	0.00002
Novibacillus thermophilus	1471761	S	640	52	692	0.00002
Polycladomyces abyssicola	1125966	S	453	26	479	0.00001
Laceyella sacchari	37482	S	380	52	432	0.00001
Exiguobacterium sp. N4-1P	2051906	S	211	70	281	0.00001
Exiguobacterium sp. Helios	2735868	S	161	51	212	0.00001
Exiguobacterium sp. PFWT01	2829816	S	68	87	155	0.00000
Exiguobacterium sp. AT1b	360911	S	62	78	140	0.00000
Exiguobacterium sp. MH3	1399115	S	49	57	106	0.00000
Exiguobacterium sp. ZWU0009	1224749	S	20	120	140	0.00000
Exiguobacterium alkaliphilum	1428684	S	402	93	495	0.00001
Exiguobacterium mexicanum	340146	S	334	84	418	0.00001
Exiguobacterium acetylicum	41170	S	320	439	759	0.00002
Exiguobacterium antarcticum	132920	S	178	41	219	0.00001
Exiguobacterium sibiricum	332410	S	170	57	227	0.00001
Gemella sp. zg-570	2840371	S	66	80	146	0.00000
Gemella haemolysans	1379	S	120	39	159	0.00000
Gemella sanguinis	84135	S	68	33	101	0.00000
Gemella morbillorum	29391	S	57	47	104	0.00000
Sporolactobacillus terrae	269673	S	347	28	375	0.00001
Lactobacillus crispatus	47770	S	474	189	663	0.00002
Lactobacillus johnsonii	33959	S	242	119	361	0.00001
Lactobacillus delbrueckii	1584	S	231	182	413	0.00001
Lactobacillus sp. 3B(2020)	2695882	S	51	11	62	0.00000
Lactobacillus sp. CBA3605	2099788	S	50	15	65	0.00000
Lactobacillus sp. CBA3606	2099789	S	30	13	43	0.00000
Lactobacillus amylovorus	1604	S	96	80	176	0.00001
Lactobacillus jensenii	109790	S	67	12	79	0.00000
Lactobacillus panisapium	2012495	S	65	6	71	0.00000
Lactobacillus helveticus	1587	S	59	268	327	0.00001
Lactobacillus iners	147802	S	58	41	99	0.00000
Lactobacillus acetotolerans	1600	S	56	9	65	0.00000
Lactobacillus ultunensis	227945	S	56	12	68	0.00000
Lactobacillus terrae	2269374	S	54	5	59	0.00000
Lactobacillus apis	303541	S	43	5	48	0.00000
Lactobacillus gasseri	1596	S	42	63	105	0.00000
Lactobacillus acidophilus	1579	S	39	44	83	0.00000
Lactobacillus kullabergensis	1218493	S	34	3	37	0.00000
Lactobacillus amylolyticus	83683	S	29	9	38	0.00000
Lactobacillus helsingborgensis	1218494	S	23	11	34	0.00000
Lactobacillus kefiranofaciens	267818	S	21	14	35	0.00000
Lactobacillus taiwanensis	508451	S	19	6	25	0.00000
Limosilactobacillus reuteri	1598	S	382	243	625	0.00002
Limosilactobacillus fermentum	1613	S	276	180	456	0.00001
Limosilactobacillus pontis	35787	S	170	55	225	0.00001
Limosilactobacillus mucosae	97478	S	143	39	182	0.00001
Limosilactobacillus vaginalis	1633	S	98	30	128	0.00000
Limosilactobacillus panis	47493	S	78	22	100	0.00000
Limosilactobacillus frumenti	104955	S	36	8	44	0.00000
Limosilactobacillus gastricus	227942	S	32	8	40	0.00000
Weissella confusa	1583	S	536	139	675	0.00002
Weissella cibaria	137591	S	213	55	268	0.00001
Weissella paramesenteroides	1249	S	129	44	173	0.00001
Weissella soli	155866	S	48	6	54	0.00000
Weissella jogaejeotgali	1631871	S	46	18	64	0.00000
Weissella viridescens	1629	S	42	7	49	0.00000
Weissella coleopterorum	2714949	S	34	5	39	0.00000
Weissella hellenica	46256	S	27	9	36	0.00000
Weissella diestrammenae	1162633	S	24	2	26	0.00000
Weissella koreensis	165096	S	18	3	21	0.00000
Lacticaseibacillus casei	1582	S	152	50	202	0.00001
Lacticaseibacillus rhamnosus	47715	S	144	18	162	0.00000
Lacticaseibacillus manihotivorans	88233	S	109	23	132	0.00000
Lacticaseibacillus paracasei	1597	S	84	252	336	0.00001
Lacticaseibacillus zeae	57037	S	56	24	80	0.00000
Lacticaseibacillus chiayiensis	2100821	S	55	6	61	0.00000
Ligilactobacillus salivarius	1624	S	311	132	443	0.00001
Ligilactobacillus ruminis	1623	S	93	17	110	0.00000
Ligilactobacillus acidipiscis	89059	S	88	26	114	0.00000
Ligilactobacillus agilis	1601	S	79	30	109	0.00000
Ligilactobacillus murinus	1622	S	51	26	77	0.00000
Ligilactobacillus saerimneri	228229	S	46	27	73	0.00000
Ligilactobacillus animalis	1605	S	32	21	53	0.00000
Leuconostoc mesenteroides	1245	S	70	83	153	0.00000
Leuconostoc gelidum	1244	S	64	8	72	0.00000
Leuconostoc carnosum	1252	S	47	15	62	0.00000
Leuconostoc lactis	1246	S	41	73	114	0.00000
Leuconostoc pseudomesenteroides	33968	S	29	33	62	0.00000
Leuconostoc citreum	33964	S	11	81	92	0.00000
Levilactobacillus zymae	267363	S	177	43	220	0.00001
Levilactobacillus brevis	1580	S	161	48	209	0.00001
Levilactobacillus suantsaii	2292255	S	103	31	134	0.00000
Levilactobacillus koreensis	637971	S	52	5	57	0.00000
Lactiplantibacillus plantarum	1590	S	157	101	258	0.00001
Lactiplantibacillus pentosus	1589	S	133	27	160	0.00000
Lactiplantibacillus paraplantarum	60520	S	79	17	96	0.00000
Lactiplantibacillus argentoratensis	271881	S	16	82	98	0.00000
Companilactobacillus zhachilii	2304606	S	56	6	62	0.00000
Companilactobacillus futsaii	938155	S	52	20	72	0.00000
Companilactobacillus allii	1847728	S	52	5	57	0.00000
Companilactobacillus alimentarius	1602	S	42	7	49	0.00000
Companilactobacillus farciminis	1612	S	38	15	53	0.00000
Companilactobacillus ginsenosidimutans	1007676	S	38	2	40	0.00000
Companilactobacillus paralimentarius	83526	S	35	8	43	0.00000
Companilactobacillus crustorum	392416	S	31	9	40	0.00000
Companilactobacillus pabuli	2714036	S	29	13	42	0.00000
Companilactobacillus heilongjiangensis	1074467	S	28	3	31	0.00000
Pediococcus pentosaceus	1255	S	85	28	113	0.00000
Pediococcus inopinatus	114090	S	71	39	110	0.00000
Pediococcus acidilactici	1254	S	67	20	87	0.00000
Pediococcus damnosus	51663	S	65	31	96	0.00000
Pediococcus claussenii	187452	S	53	14	67	0.00000
Lentilactobacillus buchneri	1581	S	80	29	109	0.00000
Lentilactobacillus hilgardii	1588	S	72	11	83	0.00000
Lentilactobacillus parabuchneri	152331	S	58	13	71	0.00000
Lentilactobacillus sp. IM3328	2883998	S	50	9	59	0.00000
Lentilactobacillus kefiri	33962	S	49	13	62	0.00000
Lentilactobacillus curieae	1138822	S	29	3	32	0.00000
Latilactobacillus sakei	1599	S	121	42	163	0.00000
Latilactobacillus curvatus	28038	S	106	44	150	0.00000
Latilactobacillus graminis	60519	S	38	8	46	0.00000
Latilactobacillus fuchuensis	164393	S	35	0	35	0.00000
Schleiferilactobacillus harbinensis	304207	S	277	19	296	0.00001
Loigolactobacillus coryniformis	1610	S	115	76	191	0.00001
Loigolactobacillus bifermentans	1607	S	87	18	105	0.00000
Loigolactobacillus backii	375175	S	65	26	91	0.00000
Liquorilactobacillus mali	1618	S	91	32	123	0.00000
Liquorilactobacillus hordei	468911	S	80	37	117	0.00000
Liquorilactobacillus nagelii	82688	S	59	17	76	0.00000
Oenococcus kitaharae	336988	S	57	3	60	0.00000
Oenococcus sp. UCMA 16435	2259623	S	53	21	74	0.00000
Oenococcus oeni	1247	S	47	14	61	0.00000
Oenococcus sicerae	2203724	S	33	1	34	0.00000
Paucilactobacillus hokkaidonensis	1193095	S	59	17	76	0.00000
Paucilactobacillus oligofermentans	293371	S	53	11	64	0.00000
Paucilactobacillus nenjiangensis	1296540	S	48	24	72	0.00000
Fructilactobacillus sanfranciscensis	1625	S	52	19	71	0.00000
Fructilactobacillus lindneri	53444	S	48	12	60	0.00000
Fructilactobacillus fructivorans	1614	S	34	3	37	0.00000
Secundilactobacillus paracollinoides	240427	S	89	26	115	0.00000
Secundilactobacillus malefermentans	176292	S	49	13	62	0.00000
Apilactobacillus kunkeei	148814	S	55	9	64	0.00000
Apilactobacillus bombintestini	2419772	S	44	10	54	0.00000
Furfurilactobacillus rossiae	231049	S	103	13	116	0.00000
Amylolactobacillus amylophilus	1603	S	68	41	109	0.00000
Lapidilactobacillus dextrinicus	51664	S	65	10	75	0.00000
Periweissella cryptocerci	2506420	S	60	4	64	0.00000
Bombilactobacillus bombi	1303590	S	55	4	59	0.00000
Acetilactobacillus jinshanensis	1720083	S	37	0	37	0.00000
Enterococcus faecium	1352	S	843	6951	7794	0.00023
Enterococcus faecalis	1351	S	546	489	1035	0.00003
Enterococcus hirae	1354	S	295	127	422	0.00001
Enterococcus casseliflavus	37734	S	213	172	385	0.00001
Enterococcus avium	33945	S	207	61	268	0.00001
Enterococcus cecorum	44008	S	186	83	269	0.00001
Enterococcus mundtii	53346	S	177	39	216	0.00001
Enterococcus raffinosus	71452	S	155	50	205	0.00001
Enterococcus rotai	118060	S	139	3	142	0.00000
Enterococcus durans	53345	S	135	82	217	0.00001
Enterococcus thailandicus	417368	S	102	27	129	0.00000
Enterococcus gilvus	160453	S	96	26	122	0.00000
Enterococcus wangshanyuanii	2005703	S	85	6	91	0.00000
Enterococcus saigonensis	1805431	S	76	79	155	0.00000
Enterococcus gallinarum	1353	S	37	116	153	0.00000
Enterococcus sp. CR-Ec1	2057791	S	12	15	27	0.00000
Enterococcus sp. FDAARGOS_375	2060307	S	12	26	38	0.00000
Enterococcus lactis	357441	S	23	501	524	0.00002
Enterococcus innesii	2839759	S	19	14	33	0.00000
Vagococcus lutrae	81947	S	188	187	375	0.00001
Vagococcus fluvialis	2738	S	150	65	215	0.00001
Vagococcus penaei	633807	S	104	17	121	0.00000
Vagococcus carniphilus	218144	S	98	29	127	0.00000
Vagococcus xieshaowenii	2562451	S	87	31	118	0.00000
Vagococcus zengguangii	2571750	S	83	20	103	0.00000
Vagococcus sp. CY52-2	2925838	S	78	41	119	0.00000
Vagococcus teuberi	519472	S	75	36	111	0.00000
Vagococcus hydrophili	2714947	S	73	13	86	0.00000
Vagococcus coleopterorum	2714946	S	57	12	69	0.00000
Tetragenococcus halophilus	51669	S	124	39	163	0.00000
Tetragenococcus koreensis	290335	S	84	21	105	0.00000
Tetragenococcus osmophilus	526944	S	74	29	103	0.00000
Melissococcus plutonius	33970	S	106	27	133	0.00000
Streptococcus sp. zg-86	2664091	S	36	9	45	0.00000
Streptococcus sp. HKU75	2781599	S	34	3	37	0.00000
Streptococcus sp. oral taxon 431	712633	S	31	10	41	0.00000
Streptococcus sp. Marseille-Q3533	2759692	S	29	11	40	0.00000
Streptococcus sp. oral taxon 061	712623	S	23	10	33	0.00000
Streptococcus sp. 116-D4	2598453	S	15	7	22	0.00000
Streptococcus sp. A12	1759399	S	14	7	21	0.00000
Streptococcus sp. CNU 77-61	2684658	S	13	64	77	0.00000
Streptococcus sp. HSISS3	1316412	S	12	18	30	0.00000
Streptococcus suis	1307	S	269	260	529	0.00002
Streptococcus sanguinis	1305	S	186	38	224	0.00001
Streptococcus oralis	1303	S	168	148	316	0.00001
Streptococcus equi	1336	S	117	19	136	0.00000
Streptococcus dysgalactiae	1334	S	49	182	231	0.00001
Streptococcus gordonii	1302	S	119	31	150	0.00000
Streptococcus anginosus	1328	S	39	85	124	0.00000
Streptococcus intermedius	1338	S	35	27	62	0.00000
Streptococcus constellatus	76860	S	12	41	53	0.00000
Streptococcus cristatus	45634	S	92	263	355	0.00001
Streptococcus mitis	28037	S	85	67	152	0.00000
Streptococcus porcinus	1340	S	74	24	98	0.00000
Streptococcus parauberis	1348	S	74	58	132	0.00000
Streptococcus salivarius	1304	S	69	93	162	0.00000
Streptococcus pluranimalium	82348	S	69	22	91	0.00000
Streptococcus iniae	1346	S	67	13	80	0.00000
Streptococcus pneumoniae	1313	S	66	94	160	0.00000
Streptococcus pyogenes	1314	S	62	74	136	0.00000
Streptococcus equinus	1335	S	60	33	93	0.00000
Streptococcus merionis	400065	S	58	4	62	0.00000
Streptococcus chenjunshii	2173853	S	55	3	58	0.00000
Streptococcus sobrinus	1310	S	54	5	59	0.00000
Streptococcus ratti	1341	S	54	4	58	0.00000
Streptococcus uberis	1349	S	53	12	65	0.00000
Streptococcus gallolyticus	315405	S	52	110	162	0.00000
Streptococcus pseudoporcinus	361101	S	51	33	84	0.00000
Streptococcus canis	1329	S	48	24	72	0.00000
Streptococcus thermophilus	1308	S	47	267	314	0.00001
Streptococcus parasuis	1501662	S	46	71	117	0.00000
Streptococcus urinalis	149016	S	45	15	60	0.00000
Streptococcus ferus	1345	S	44	5	49	0.00000
Streptococcus mutans	1309	S	41	17	58	0.00000
Streptococcus parasanguinis	1318	S	41	20	61	0.00000
Streptococcus pantholopis	1811193	S	40	2	42	0.00000
Streptococcus acidominimus	1326	S	39	10	49	0.00000
Streptococcus halichoeri	254785	S	38	28	66	0.00000
Streptococcus respiraculi	2021971	S	36	5	41	0.00000
Streptococcus lactarius	684066	S	34	17	51	0.00000
Streptococcus himalayensis	1888195	S	33	5	38	0.00000
Streptococcus agalactiae	1311	S	33	457	490	0.00001
Streptococcus infantis	68892	S	30	9	39	0.00000
Streptococcus halotolerans	1814128	S	29	3	32	0.00000
Streptococcus infantarius	102684	S	20	63	83	0.00000
Streptococcus ruminantium	1917441	S	20	49	69	0.00000
Streptococcus australis	113107	S	20	26	46	0.00000
Streptococcus troglodytae	1111760	S	16	3	19	0.00000
Streptococcus marmotae	1825069	S	14	3	17	0.00000
Streptococcus ilei	1156431	S	12	15	27	0.00000
Lactococcus lactis	1358	S	133	192	325	0.00001
Lactococcus garvieae	1363	S	89	127	216	0.00001
Lactococcus raffinolactis	1366	S	83	28	111	0.00000
Lactococcus taiwanensis	1151742	S	65	10	75	0.00000
Lactococcus cremoris	1359	S	58	59	117	0.00000
Lactococcus allomyrinae	2419773	S	49	6	55	0.00000
Lactococcus piscium	1364	S	35	110	145	0.00000
Lactococcus protaetiae	2592653	S	30	3	33	0.00000
Floricoccus penangensis	1859475	S	69	10	79	0.00000
Jeotgalibaca porci	1868793	S	522	259	781	0.00002
Jeotgalibaca arthritidis	1868794	S	342	370	712	0.00002
Jeotgalibaca sp. PTS2502	1903686	S	135	135	270	0.00001
Jeotgalibaca sp. MA1X17-3	2908211	S	110	14	124	0.00000
Jeotgalibaca ciconiae	2496265	S	216	68	284	0.00001
Jeotgalibaca dankookensis	708126	S	94	13	107	0.00000
Carnobacterium sp. 17-4	208596	S	94	33	127	0.00000
Carnobacterium sp. CS13	2800128	S	20	71	91	0.00000
Carnobacterium sp. CP1	1564681	S	12	42	54	0.00000
Carnobacterium divergens	2748	S	180	32	212	0.00001
Carnobacterium maltaromaticum	2751	S	155	36	191	0.00001
Carnobacterium inhibens	147709	S	122	73	195	0.00001
Carnobacterium viridans	174587	S	87	57	144	0.00000
Granulicatella elegans	137732	S	88	140	228	0.00001
Granulicatella adiacens	46124	S	77	23	100	0.00000
Dolosigranulum pigrum	29394	S	162	27	189	0.00001
Marinilactibacillus sp. 15R	1911586	S	160	44	204	0.00001
Aerococcus urinaeequi	51665	S	291	163	454	0.00001
Aerococcus sanguinicola	119206	S	124	12	136	0.00000
Aerococcus urinae	1376	S	104	27	131	0.00000
Aerococcus viridans	1377	S	76	85	161	0.00000
Aerococcus urinaehominis	128944	S	62	5	67	0.00000
Aerococcus christensenii	87541	S	60	45	105	0.00000
Ignavigranum ruoffiae	89093	S	81	7	88	0.00000
Abiotrophia defectiva	46125	S	77	12	89	0.00000
Suicoccus acidiformans	2036206	S	65	26	91	0.00000
Clostridium tetani	1513	S	2752	158	2910	0.00009
Clostridium sp. BNL1100	755731	S	544	51	595	0.00002
Clostridium sp. SY8519	1042156	S	148	28	176	0.00001
Clostridium sp. M62/1	411486	S	139	143	282	0.00001
Clostridium sp. DL-VIII	641107	S	132	11	143	0.00000
Clostridium sp. JN-9	2507159	S	101	8	109	0.00000
Clostridium sp. C1	1155388	S	94	52	146	0.00000
Clostridium sp. MD294	97138	S	89	3	92	0.00000
Clostridium sp. C5S11	704125	S	89	5	94	0.00000
Clostridium sp. 'deep sea'	2779445	S	84	0	84	0.00000
Clostridium sp. JN-1	2483110	S	72	5	77	0.00000
Clostridium sp. BJN0001	2930219	S	69	9	78	0.00000
Clostridium sp. AWRP	2212991	S	37	14	51	0.00000
Clostridium sp. 001	1970093	S	36	19	55	0.00000
Clostridium sp. MF28	1702238	S	11	62	73	0.00000
Clostridium botulinum	1491	S	508	298	806	0.00002
Clostridium perfringens	1502	S	439	62	501	0.00001
Clostridium intestinale	36845	S	321	19	340	0.00001
Clostridium bornimense	1216932	S	223	51	274	0.00001
Clostridium beijerinckii	1520	S	211	201	412	0.00001
Clostridium kluyveri	1534	S	197	7	204	0.00001
Clostridium butyricum	1492	S	191	17	208	0.00001
Clostridium pasteurianum	1501	S	181	63	244	0.00001
Clostridium saccharoperbutylacetonicum	36745	S	170	15	185	0.00001
Clostridium aceticum	84022	S	143	7	150	0.00000
Clostridium manihotivorum	2320868	S	134	7	141	0.00000
Clostridium formicaceticum	1497	S	131	12	143	0.00000
Clostridium baratii	1561	S	123	19	142	0.00000
Clostridium argentinense	29341	S	122	8	130	0.00000
Clostridium cochlearium	1494	S	120	19	139	0.00000
Clostridium tyrobutyricum	1519	S	109	4	113	0.00000
Clostridium isatidis	182773	S	106	24	130	0.00000
Clostridium estertheticum	238834	S	105	10	115	0.00000
Clostridium cellulovorans	1493	S	103	7	110	0.00000
Clostridium gasigenes	94869	S	103	9	112	0.00000
Clostridium thermarum	1716543	S	99	31	130	0.00000
Clostridium cadaveris	1529	S	96	14	110	0.00000
Clostridium sporogenes	1509	S	95	295	390	0.00001
Clostridium saccharobutylicum	169679	S	91	8	99	0.00000
Clostridium acetobutylicum	1488	S	87	27	114	0.00000
Clostridium novyi	1542	S	87	298	385	0.00001
Clostridium taeniosporum	394958	S	82	7	89	0.00000
Clostridium carboxidivorans	217159	S	76	10	86	0.00000
Clostridium septicum	1504	S	62	8	70	0.00000
Clostridium chauvoei	46867	S	54	7	61	0.00000
Clostridium fermenticellae	2068654	S	44	2	46	0.00000
Clostridium drakei	332101	S	42	17	59	0.00000
Clostridium scatologenes	1548	S	42	20	62	0.00000
Clostridium aurantibutyricum	1551	S	14	36	50	0.00000
Clostridium autoethanogenum	84023	S	12	45	57	0.00000
Clostridium felsineum	36839	S	12	18	30	0.00000
Alkaliphilus sp. B6464	2731219	S	680	78	758	0.00002
Alkaliphilus oremlandii	461876	S	472	57	529	0.00002
Alkaliphilus metalliredigens	208226	S	246	24	270	0.00001
Crassaminicella thermophila	2599308	S	113	19	132	0.00000
Crassaminicella profunda	1286698	S	112	13	125	0.00000
Crassaminicella sp. 143-21	2855394	S	101	25	126	0.00000
Hungatella hathewayi	154046	S	266	7	273	0.00001
Geosporobacter ferrireducens	1424294	S	203	17	220	0.00001
Paraclostridium bifermentans	1490	S	119	28	147	0.00000
Serpentinicella alkaliphila	1734049	S	107	9	116	0.00000
Caloramator sp. E03	2576307	S	105	5	110	0.00000
Candidatus Arthromitus sp. SFB-rat-Yit	1041504	S	16	49	65	0.00000
Hathewaya histolytica	1498	S	69	10	79	0.00000
Sarcina sp. JB2	2726954	S	66	14	80	0.00000
Faecalibacterium prausnitzii	853	S	1998	1582	3580	0.00011
Dysosmobacter sp. Marseille-Q4140	2830675	S	716	216	932	0.00003
Dysosmobacter welbionis	2093857	S	482	278	760	0.00002
Flavonifractor plautii	292800	S	1185	245	1430	0.00004
Ruminiclostridium cellulolyticum	1521	S	583	104	687	0.00002
Ruminiclostridium herbifermentans	2488810	S	259	54	313	0.00001
Vescimonas coprocola	2714355	S	338	224	562	0.00002
Vescimonas fastidiosa	2714353	S	304	311	615	0.00002
Ethanoligenens harbinense	253239	S	620	25	645	0.00002
Ruthenibacterium lactatiformans	1550024	S	598	131	729	0.00002
Anaerotruncus colihominis	169435	S	504	220	724	0.00002
Caproiciproducens sp. NJN-50	2507162	S	489	44	533	0.00002
Oscillibacter sp. NSJ-62	2763056	S	386	93	479	0.00001
Ruminococcus champanellensis	1161942	S	172	17	189	0.00001
Ruminococcus albus	1264	S	90	2	92	0.00000
Ruminococcus bovis	2564099	S	66	5	71	0.00000
Ruminococcus bicirculans	1160721	S	29	6	35	0.00000
Caproicibacter fermentans	2576756	S	329	15	344	0.00001
Acutalibacter muris	1796620	S	322	14	336	0.00001
Acetivibrio clariflavus	288965	S	107	45	152	0.00000
Acetivibrio saccincola	1677857	S	102	39	141	0.00000
Acetivibrio thermocellus	1515	S	80	24	104	0.00000
Caproicibacterium amylolyticum	2766537	S	152	8	160	0.00000
Caproicibacterium lactatifermentans	2666138	S	123	11	134	0.00000
Pusillibacter faecalis	2714358	S	259	121	380	0.00001
Solibaculum mannosilyticum	2780922	S	187	125	312	0.00001
Pseudoclostridium thermosuccinogenes	84032	S	126	20	146	0.00000
Thermoclostridium stercorarium	1510	S	82	37	119	0.00000
Monoglobus pectinilyticus	1981510	S	66	22	88	0.00000
Fastidiosipila sanguinis	236753	S	52	22	74	0.00000
Mageeibacillus indolicus	884684	S	51	35	86	0.00000
Anaerocolumna cellulosilytica	433286	S	1433	70	1503	0.00004
Anaerocolumna sedimenticola	2696063	S	521	31	552	0.00002
Anaerocolumna chitinilytica	1727145	S	203	7	210	0.00001
Lacrimispora sphenoides	29370	S	1737	89	1826	0.00005
Lacrimispora saccharolytica	84030	S	248	30	278	0.00001
Blautia producta	33035	S	199	32	231	0.00001
Blautia pseudococcoides	1796616	S	136	16	152	0.00000
Blautia sp. NBRC 113351	2877527	S	97	71	168	0.00001
Blautia sp. SC05B48	2479767	S	29	63	92	0.00000
Blautia argi	1912897	S	106	64	170	0.00001
Blautia hansenii	1322	S	101	64	165	0.00000
Blautia obeum	40520	S	82	64	146	0.00000
Blautia liquoris	2779518	S	78	5	83	0.00000
Blautia massiliensis	1737424	S	43	74	117	0.00000
[Clostridium] scindens	29347	S	251	68	319	0.00001
[Clostridium] hylemonae	89153	S	215	50	265	0.00001
Lachnoclostridium phytofermentans	66219	S	192	6	198	0.00001
Lachnoclostridium phocaeense	1871021	S	187	115	302	0.00001
Lachnoclostridium sp. YL32	1834196	S	44	74	118	0.00000
Lachnospiraceae bacterium NSJ-29	2763667	S	229	45	274	0.00001
Lachnospiraceae bacterium NSJ-38	2763669	S	194	54	248	0.00001
Lachnospiraceae bacterium sunii NSJ-8	2763672	S	107	63	170	0.00001
Lachnospiraceae bacterium NSJ-4	2763670	S	57	48	105	0.00000
Roseburia hominis	301301	S	154	121	275	0.00001
Roseburia intestinalis	166486	S	131	152	283	0.00001
Roseburia sp. NSJ-69	2763062	S	63	22	85	0.00000
Anaerostipes caccae	105841	S	110	28	138	0.00000
Anaerostipes hadrus	649756	S	95	58	153	0.00000
Anaerostipes rhamnosivorans	1229621	S	84	31	115	0.00000
Enterocloster bolteae	208479	S	226	59	285	0.00001
Enterocloster clostridioformis	1531	S	45	127	172	0.00001
Coprococcus catus	116085	S	102	47	149	0.00000
Coprococcus comes	410072	S	77	64	141	0.00000
Coprococcus eutactus	33043	S	41	32	73	0.00000
Coprococcus sp. ART55/1	751585	S	29	20	49	0.00000
Butyrivibrio fibrisolvens	831	S	107	17	124	0.00000
Butyrivibrio proteoclasticus	43305	S	51	6	57	0.00000
Butyrivibrio hungatei	185008	S	51	6	57	0.00000
[Ruminococcus] gnavus	33038	S	138	81	219	0.00001
[Ruminococcus] torques	33039	S	67	51	118	0.00000
Cellulosilyticum lentocellum	29360	S	52	53	105	0.00000
Cellulosilyticum sp. WCF-2	2497860	S	45	45	90	0.00000
Novisyntrophococcus fermenticellae	2068655	S	170	17	187	0.00001
Anaerobutyricum hallii	39488	S	167	52	219	0.00001
Anaerotignum propionicum	28446	S	163	9	172	0.00001
Herbinix luporum	1679721	S	117	49	166	0.00000
Sellimonas intestinalis	1653434	S	71	25	96	0.00000
[Clostridium] colinum	36835	S	67	3	70	0.00000
Pseudobutyrivibrio xylanivorans	185007	S	66	2	68	0.00000
Lachnospira eligens	39485	S	63	8	71	0.00000
Dorea longicatena	88431	S	58	53	111	0.00000
Lachnoanaerobaculum umeaense	617123	S	55	7	62	0.00000
Faecalicatena sp. Marseille-Q4148	2823316	S	52	22	74	0.00000
Thermaerobacter sp. FW80	2546351	S	2343	385	2728	0.00008
Thermaerobacter sp. PB12/4term	2293838	S	1617	340	1957	0.00006
Thermaerobacter marianensis	73919	S	1838	404	2242	0.00007
Aminipila luticellarii	2507160	S	149	16	165	0.00000
Aminipila butyrica	433296	S	107	9	116	0.00000
Aminipila terrae	2697030	S	77	7	84	0.00000
Emergencia timonensis	1776384	S	262	55	317	0.00001
Mogibacterium diversum	114527	S	25	14	39	0.00000
Mogibacterium pumilum	86332	S	24	12	36	0.00000
Intestinimonas butyriciproducens	1297617	S	593	143	736	0.00002
Flintibacter sp. KGMB00164	2610895	S	438	48	486	0.00001
Massilistercora timonensis	2086584	S	214	163	377	0.00001
Carboxydocella thermautotrophica	178899	S	213	12	225	0.00001
Fenollaria sp. EMRHCC_24	2811778	S	27	36	63	0.00000
Fenollaria massiliensis	938288	S	19	13	32	0.00000
Symbiobacterium thermophilum	2734	S	4031	184	4215	0.00013
Candidatus Desulforudis audaxviator	471827	S	772	22	794	0.00002
Desulforamulus ruminis	1564	S	293	19	312	0.00001
Desulforamulus ferrireducens	1833852	S	244	107	351	0.00001
Desulforamulus reducens	59610	S	113	10	123	0.00000
Acididesulfobacillus acetoxydans	1561005	S	313	7	320	0.00001
Candidatus Formimonas warabiya	1761012	S	265	10	275	0.00001
Dehalobacterium formicoaceticum	51515	S	181	26	207	0.00001
Thermanaerosceptrum fracticalcis	1712410	S	122	12	134	0.00000
Desulfofarcimen acetoxidans	58138	S	119	7	126	0.00000
Desulfitobacterium hafniense	49338	S	317	53	370	0.00001
Desulfitobacterium dichloroeliminans	233055	S	113	57	170	0.00001
Desulfitobacterium dehalogenans	36854	S	110	16	126	0.00000
Desulfitobacterium metallireducens	142877	S	94	13	107	0.00000
Desulfosporosinus orientis	1563	S	171	14	185	0.00001
Desulfosporosinus youngiae	339862	S	158	19	177	0.00001
Desulfosporosinus acidiphilus	885581	S	149	12	161	0.00000
Desulfosporosinus meridiei	79209	S	134	18	152	0.00000
Dehalobacter sp. DCA	1147129	S	12	118	130	0.00000
Dehalobacter restrictus	55583	S	65	49	114	0.00000
Syntrophobotulus glycolicus	51197	S	169	7	176	0.00001
Romboutsia sp. CE17	2724150	S	274	80	354	0.00001
Romboutsia ilealis	1115758	S	193	59	252	0.00001
Romboutsia hominis	1507512	S	59	14	73	0.00000
Clostridioides difficile	1496	S	241	476	717	0.00002
Clostridioides sp. ES-S-0054-01	2770780	S	21	51	72	0.00000
Peptoclostridium acidaminophilum	1731	S	149	17	166	0.00000
Terrisporobacter sp. MCA3	2813371	S	138	13	151	0.00000
Paeniclostridium sordellii	1505	S	127	23	150	0.00000
Tepidibacter sp. 8C15b	2925782	S	92	10	102	0.00000
Acetoanaerobium sticklandii	1511	S	76	4	80	0.00000
Peptacetobacter hiranonis	89152	S	55	9	64	0.00000
Filifactor alocis	143361	S	41	34	75	0.00000
Eubacterium limosum	1736	S	188	159	347	0.00001
Eubacterium sp. NSJ-61	2764325	S	76	72	148	0.00000
Eubacterium sp. c-25	2841037	S	63	22	85	0.00000
Eubacterium sp. MSJ-33	2841528	S	42	23	65	0.00000
Eubacterium callanderi	53442	S	67	47	114	0.00000
Eubacterium maltosivorans	2041044	S	37	124	161	0.00000
Acetobacterium sp. KB-1	2184575	S	144	20	164	0.00000
Acetobacterium wieringae	52694	S	106	30	136	0.00000
Acetobacterium woodii	33952	S	86	9	95	0.00000
Alkalibacter sp. ES005	2815577	S	132	5	137	0.00000
Christensenella sp. Marseille-P3954	2086585	S	826	211	1037	0.00003
Christensenella minuta	626937	S	313	70	383	0.00001
Heliomicrobium modesticaldum	35701	S	904	302	1206	0.00004
Heliorestis convoluta	356322	S	152	5	157	0.00000
Syntrophothermus lipocalidus	86170	S	168	11	179	0.00001
Candidatus Contubernalis alkalaceticum	338645	S	146	3	149	0.00000
Syntrophomonas wolfei	863	S	94	15	109	0.00000
Candidatus Syntrophocurvum alkaliphilum	2293317	S	85	17	102	0.00000
Desulfotomaculum nigrificans	1565	S	444	157	601	0.00002
Desulfoscipio gibsoniae	102134	S	309	15	324	0.00001
Vallitalea pronyensis	1348613	S	101	3	104	0.00000
Vallitalea guaymasensis	1185412	S	79	3	82	0.00000
Petrocella atlantisensis	2173034	S	94	8	102	0.00000
Thermincola potens	863643	S	163	11	174	0.00001
Caloranaerobacter azorensis	116090	S	133	10	143	0.00000
Alkalicella caledoniensis	2731377	S	107	8	115	0.00000
Moorella thermoacetica	1525	S	465	45	510	0.00002
Moorella glycerini	55779	S	379	22	401	0.00001
Moorella sp. Hama-1	2138101	S	367	44	411	0.00001
Ammonifex degensii	42838	S	409	7	416	0.00001
Gelria sp. Kuro-4	2796927	S	1052	40	1092	0.00003
Thermacetogenium phaeum	85874	S	437	250	687	0.00002
Thermoanaerobacter kivui	2325	S	37	21	58	0.00000
Thermoanaerobacter mathranii	583357	S	28	58	86	0.00000
Thermoanaerobacter wiegelii	46354	S	19	34	53	0.00000
Thermoanaerobacter italicus	108150	S	17	35	52	0.00000
Thermoanaerobacter siderophilus	106578	S	13	39	52	0.00000
Carboxydothermus hydrogenoformans	129958	S	156	6	162	0.00000
Thermanaeromonas toyohensis	161154	S	139	2	141	0.00000
Caldanaerobacter subterraneus	911092	S	98	55	153	0.00000
Caldicellulosiruptor changbaiensis	1222016	S	41	46	87	0.00000
Caldicellulosiruptor diazotrophicus	2806205	S	25	12	37	0.00000
Caldicellulosiruptor saccharolyticus	44001	S	22	21	43	0.00000
Caldicellulosiruptor kronotskyensis	413889	S	22	31	53	0.00000
Caldicellulosiruptor bescii	31899	S	18	31	49	0.00000
Caldicellulosiruptor acetigenus	301953	S	18	10	28	0.00000
Caldicellulosiruptor obsidiansis	717609	S	18	10	28	0.00000
Caldicellulosiruptor owensensis	55205	S	13	6	19	0.00000
Thermoanaerobacterium thermosaccharolyticum	1517	S	87	61	148	0.00000
Thermoanaerobacterium sp. RBIITD	1550240	S	71	17	88	0.00000
Thermoanaerobacterium xylanolyticum	29329	S	42	12	54	0.00000
Zhaonella formicivorans	2528593	S	189	17	206	0.00001
Mahella australiensis	252966	S	123	35	158	0.00000
Thermodesulfobium acidiphilum	1794699	S	27	21	48	0.00000
Thermodesulfobium narugense	184064	S	19	15	34	0.00000
Halanaerobium praevalens	2331	S	83	13	96	0.00000
Halanaerobium hydrogeniformans	656519	S	75	9	84	0.00000
Iocasia fonsfrigidae	2682810	S	147	7	154	0.00000
Halothermothrix orenii	31909	S	128	11	139	0.00000
Halobacteroides halobius	42422	S	117	9	126	0.00000
Acetohalobium arabaticum	28187	S	72	4	76	0.00000
Anoxybacter fermentans	1323375	S	122	10	132	0.00000
Biomaibacter acetigenes	2316383	S	179	11	190	0.00001
Tepidanaerobacter acetatoxydans	499229	S	98	4	102	0.00000
Thermosediminibacter oceani	291990	S	184	7	191	0.00001
Natranaerobius thermophilus	375929	S	105	3	108	0.00000
Natranaerofaba carboxydovora	2742683	S	91	1	92	0.00000
Koleobacter methoxysyntrophicus	2751313	S	121	7	128	0.00000
Selenomonas sp. oral taxon 126	712528	S	517	129	646	0.00002
Selenomonas sp. oral taxon 920	1884263	S	342	68	410	0.00001
Selenomonas sp. oral taxon 136	713030	S	178	243	421	0.00001
Selenomonas sp. oral taxon 478	712538	S	157	232	389	0.00001
Selenomonas sputigena	69823	S	922	41	963	0.00003
Selenomonas timonae	2754044	S	382	162	544	0.00002
Selenomonas ruminantium	971	S	282	14	296	0.00001
Megamonas funiformis	437897	S	72	13	85	0.00000
Megamonas hypermegale	158847	S	70	17	87	0.00000
Pectinatus frisingensis	865	S	76	2	78	0.00000
Pelosinus fermentans	365349	S	186	24	210	0.00001
Pelosinus sp. UFO1	484770	S	131	28	159	0.00000
Sporomusa termitida	2377	S	336	25	361	0.00001
Methylomusa anaerophila	1930071	S	254	10	264	0.00001
Megasphaera elsdenii	907	S	473	120	593	0.00002
Megasphaera stantonii	2144175	S	416	132	548	0.00002
Megasphaera massiliensis	1232428	S	176	37	213	0.00001
Veillonella rodentium	248315	S	122	13	135	0.00000
Veillonella parvula	29466	S	69	12	81	0.00000
Veillonella atypica	39777	S	36	6	42	0.00000
Veillonella sp. S12025-13	2682455	S	21	29	50	0.00000
Veillonella dispar	39778	S	17	13	30	0.00000
Veillonella nakazawae	2682456	S	10	21	31	0.00000
Dialister pneumosintes	39950	S	37	2	39	0.00000
Dialister massiliensis	2161821	S	15	142	157	0.00000
Acidaminococcus fermentans	905	S	324	42	366	0.00001
Acidaminococcus intestini	187327	S	105	17	122	0.00000
Phascolarctobacterium faecium	33025	S	170	8	178	0.00001
Phascolarctobacterium sp. Marseille-Q4147	2823317	S	59	37	96	0.00000
Phascolarctobacterium succinatutens	626940	S	57	89	146	0.00000
Limnochorda pilosa	1555112	S	2617	54	2671	0.00008
Schnuerera ultunensis	45497	S	422	36	458	0.00001
Tissierella sp. JN-28	2507161	S	213	27	240	0.00001
Keratinibaculum paraultunense	1278232	S	140	29	169	0.00001
Gudongella oleilytica	1582259	S	129	16	145	0.00000
Peptoniphilus ivorii	54006	S	241	33	274	0.00001
Peptoniphilus harei	54005	S	54	36	90	0.00000
Anaerococcus prevotii	33034	S	38	13	51	0.00000
Anaerococcus mediterraneensis	1870984	S	36	37	73	0.00000
Anaerococcus vaginalis	33037	S	15	41	56	0.00000
Anaerococcus obesiensis	1287640	S	13	34	47	0.00000
Murdochiella vaginalis	1852373	S	132	83	215	0.00001
Finegoldia magna	1260	S	99	63	162	0.00000
Parvimonas micra	33033	S	88	81	169	0.00001
Miniphocaeibacter halophilus	2931922	S	50	1	51	0.00000
Helcococcus kunzii	40091	S	40	11	51	0.00000
Gottschalkia acidurici	1556	S	364	22	386	0.00001
Ezakiella coagulans	46507	S	117	177	294	0.00001
Ezakiella massiliensis	1852374	S	48	19	67	0.00000
Sedimentibacter sp. zth1	2816908	S	68	4	72	0.00000
Erysipelothrix sp. HDW6C	2714930	S	59	9	68	0.00000
Erysipelothrix sp. HDW6A	2714928	S	55	5	60	0.00000
Erysipelothrix sp. HDW6B	2714929	S	44	12	56	0.00000
Erysipelothrix larvae	1514105	S	91	9	100	0.00000
Erysipelothrix inopinata	225084	S	36	1	37	0.00000
Erysipelothrix rhusiopathiae	1648	S	28	122	150	0.00000
Erysipelothrix piscisicarius	2485784	S	27	1	28	0.00000
[Clostridium] innocuum	1522	S	157	79	236	0.00001
Erysipelatoclostridium ramosum	1547	S	95	22	117	0.00000
Allobaculum sp. Allo2	2853432	S	139	12	151	0.00000
Allobaculum mucolyticum	2834459	S	96	11	107	0.00000
Faecalibaculum rodentium	1702221	S	189	14	203	0.00001
Faecalibacillus intestinalis	1982626	S	87	42	129	0.00000
Bulleidia sp. zg-1006	2806552	S	68	13	81	0.00000
Intestinibaculum porci	2487118	S	61	12	73	0.00000
Erysipelotrichaceae bacterium BP52G	2899121	S	58	4	62	0.00000
Amedibacterium intestinale	2583452	S	58	54	112	0.00000
Longicatena caecimuris	1796635	S	49	39	88	0.00000
Faecalitalea cylindroides	39483	S	44	54	98	0.00000
Turicibacter sp. TJ11	2806443	S	343	163	506	0.00002
Turicibacter sp. H121	1712675	S	260	146	406	0.00001
Turicibacter sanguinis	154288	S	112	17	129	0.00000
Ndongobacter massiliensis	1871025	S	113	58	171	0.00001
endosymbiont 'TC1' of Trimyema compressum	243899	S	75	2	77	0.00000
Deinococcus sp. NW-56	2080419	S	1653	220	1873	0.00006
Deinococcus sp. TS-293	2737050	S	1617	152	1769	0.00005
Deinococcus sp. KNUC1210	2917691	S	1225	38	1263	0.00004
Deinococcus sp. AJ005	2652443	S	1124	88	1212	0.00004
Deinococcus sp. QL22	2939437	S	737	66	803	0.00002
Deinococcus gobiensis	502394	S	2341	273	2614	0.00008
Deinococcus maricopensis	309887	S	2239	158	2397	0.00007
Deinococcus ficus	317577	S	2152	183	2335	0.00007
Deinococcus actinosclerus	1768108	S	2137	1480	3617	0.00011
Deinococcus metallilatus	1211322	S	2014	216	2230	0.00007
Deinococcus irradiatisoli	2202254	S	1602	122	1724	0.00005
Deinococcus peraridilitoris	432329	S	1555	59	1614	0.00005
Deinococcus wulumuqiensis	980427	S	1436	594	2030	0.00006
Deinococcus radiopugnans	57497	S	1274	146	1420	0.00004
Deinococcus geothermalis	68909	S	1256	197	1453	0.00004
Deinococcus radiodurans	1299	S	1173	1179	2352	0.00007
Deinococcus soli (ex Cha et al. 2016)	1309411	S	1008	1118	2126	0.00006
Deinococcus proteolyticus	55148	S	896	214	1110	0.00003
Deinococcus psychrotolerans	2489213	S	841	19	860	0.00003
Deinococcus deserti	310783	S	771	49	820	0.00002
Deinococcus radiophilus	32062	S	505	114	619	0.00002
Deinococcus puniceus	1182568	S	420	71	491	0.00001
Thermus thermophilus	274	S	1193	1198	2391	0.00007
Thermus oshimai	56957	S	678	120	798	0.00002
Thermus sp. CCB_US3_UF1	1111069	S	519	67	586	0.00002
Thermus sp. NEB1569	2918899	S	118	209	327	0.00001
Thermus aquaticus	271	S	599	79	678	0.00002
Thermus brockianus	56956	S	539	100	639	0.00002
Thermus caldilimi	2483360	S	321	78	399	0.00001
Thermus scotoductus	37636	S	113	169	282	0.00001
Thermus parvatiensis	456163	S	76	367	443	0.00001
Meiothermus silvanus	52022	S	1015	130	1145	0.00003
Meiothermus taiwanensis	172827	S	892	295	1187	0.00004
Meiothermus ruber	277	S	799	278	1077	0.00003
Oceanithermus profundus	187137	S	3179	246	3425	0.00010
Marinithermus hydrothermalis	186192	S	1778	301	2079	0.00006
Truepera radiovictrix	332249	S	4332	188	4520	0.00013
Synechococcus sp. CBW1004	1353136	S	1206	288	1494	0.00004
Synechococcus sp. RSCCF101	2511069	S	969	151	1120	0.00003
Synechococcus sp. CBW1107	2789857	S	851	155	1006	0.00003
Synechococcus sp. SynAce01	1916956	S	702	73	775	0.00002
Synechococcus sp. CBW1108	1353147	S	567	76	643	0.00002
Synechococcus sp. CB0101	232348	S	544	109	653	0.00002
Synechococcus sp. JA-3-3Ab	321327	S	528	109	637	0.00002
Synechococcus sp. PCC 7336	195250	S	413	13	426	0.00001
Synechococcus sp. LTW-R	2751170	S	388	87	475	0.00001
Synechococcus sp. LA31	2741953	S	379	79	458	0.00001
Synechococcus sp. NB0720_10	2907159	S	347	78	425	0.00001
Synechococcus sp. RS9909	221352	S	334	111	445	0.00001
Synechococcus sp. Minos11	221341	S	299	20	319	0.00001
Synechococcus sp. JA-2-3B'a(2-13)	321332	S	291	57	348	0.00001
Synechococcus sp. HK01-R	2751171	S	284	44	328	0.00001
Synechococcus sp. WH 8101	59932	S	280	87	367	0.00001
Synechococcus sp. A10-1-5-1	2936507	S	265	55	320	0.00001
Synechococcus sp. KORDI-100	1280380	S	260	17	277	0.00001
Synechococcus sp. BMK-MC-1	1442551	S	236	85	321	0.00001
Synechococcus sp. NOUM97013	1442555	S	217	32	249	0.00001
Synechococcus sp. KORDI-52	585425	S	212	61	273	0.00001
Synechococcus sp. PROS-U-1	1400866	S	199	33	232	0.00001
Synechococcus sp. A15-127	1050624	S	169	146	315	0.00001
Synechococcus sp. BIOS-E4-1	1400864	S	169	16	185	0.00001
Synechococcus sp. KORDI-49	585423	S	160	139	299	0.00001
Synechococcus sp. MIT S9220	166309	S	151	21	172	0.00001
Synechococcus sp. MEDNS5	1442554	S	150	46	196	0.00001
Synechococcus sp. PCC 6312	195253	S	148	7	155	0.00000
Synechococcus sp. PROS-7-1	1442556	S	137	54	191	0.00001
Synechococcus sp. PCC 7502	1173263	S	136	8	144	0.00000
Synechococcus sp. PCC 7003	374981	S	133	40	173	0.00001
Synechococcus sp. NIES-970	1827144	S	132	28	160	0.00000
Synechococcus sp. CC9902	316279	S	124	12	136	0.00000
Synechococcus sp. CBW1006	1353138	S	120	762	882	0.00003
Synechococcus sp. BIOS-U3-1	1400865	S	119	12	131	0.00000
Synechococcus sp. ROS8604	1442557	S	117	26	143	0.00000
Synechococcus sp. TAK9802	1442558	S	96	199	295	0.00001
Synechococcus sp. A15-62	1050657	S	96	59	155	0.00000
Synechococcus sp. WH 8020	32052	S	86	14	100	0.00000
Synechococcus sp. RS9907	221350	S	81	161	242	0.00001
Synechococcus sp. CBW1002	1353134	S	78	564	642	0.00002
Synechococcus sp. A15-44	1050646	S	69	105	174	0.00001
Synechococcus sp. CC9311	64471	S	68	14	82	0.00000
Synechococcus sp. WH 8109	166314	S	60	39	99	0.00000
Synechococcus sp. PROS-9-1	1968775	S	58	13	71	0.00000
Synechococcus sp. RS9902	221345	S	54	94	148	0.00000
Synechococcus sp. M16.1	1442553	S	48	122	170	0.00001
Synechococcus sp. MVIR-18-1	1386941	S	30	45	75	0.00000
Synechococcus sp. A18-25c	1866938	S	28	174	202	0.00001
Synechococcus sp. PCC 73109	374982	S	24	95	119	0.00000
Synechococcus sp. A15-60	1050655	S	23	138	161	0.00000
Synechococcus sp. SYN20	1050714	S	23	29	52	0.00000
Synechococcus sp. PCC 7117	195498	S	21	87	108	0.00000
Synechococcus sp. PCC 8807	195248	S	20	100	120	0.00000
Synechococcus sp. PCC 7002	32049	S	20	76	96	0.00000
Synechococcus sp. PCC 11901	2579791	S	11	45	56	0.00000
Synechococcus elongatus	32046	S	616	35	651	0.00002
Dactylococcopsis salina	292566	S	69	34	103	0.00000
Cyanobium sp. NIES-981	1851505	S	1018	309	1327	0.00004
Cyanobium sp. NS01	261284	S	906	312	1218	0.00004
Cyanobium gracile	59930	S	1267	238	1505	0.00004
Prochlorococcus marinus	1219	S	360	47	407	0.00001
Prochlorococcus sp. MIT 0801	1501269	S	41	22	63	0.00000
Prochlorococcus sp. MIT 0604	1501268	S	13	21	34	0.00000
Parasynechococcus marenigrum	2881428	S	270	87	357	0.00001
Acaryochloris marina	155978	S	204	107	311	0.00001
Acaryochloris sp. 'Moss Beach'	2740837	S	44	107	151	0.00000
Synechocystis sp. PCC 6714	1147	S	91	33	124	0.00000
Synechocystis sp. CACIAM 05	1933929	S	25	187	212	0.00001
Chamaesiphon minutus	1173032	S	242	16	258	0.00001
Nostoc sp. MS1	2764711	S	203	34	237	0.00001
Nostoc sp. UHCC 0702	2814655	S	202	29	231	0.00001
Nostoc sp. C052	2576902	S	169	38	207	0.00001
Nostoc sp. NIES-4103	2005458	S	164	26	190	0.00001
Nostoc sp. TCL26-01	2576904	S	131	12	143	0.00000
Nostoc sp. CENA543	1869241	S	126	14	140	0.00000
Nostoc sp. UHCC 0870	2914041	S	93	13	106	0.00000
Nostoc sp. PCC 7107	317936	S	84	37	121	0.00000
Nostoc sp. PCC 7524	28072	S	82	11	93	0.00000
Nostoc sp. 'Lobaria pulmonaria (5183) cyanobiont'	1618022	S	78	16	94	0.00000
Nostoc sp. 'Peltigera membranacea cyanobiont' N6	1261031	S	73	20	93	0.00000
Nostoc sp. NIES-2111	1973475	S	67	129	196	0.00001
Nostoc sp. TCL240-02	2572090	S	63	33	96	0.00000
Nostoc sp. C057	2576903	S	60	87	147	0.00000
Nostoc sp. ATCC 53789	76335	S	43	63	106	0.00000
Nostoc sp. NIES-3756	1751286	S	25	62	87	0.00000
Nostoc linckia	92942	S	221	44	265	0.00001
Nostoc punctiforme	272131	S	174	112	286	0.00001
Nostoc edaphicum	264686	S	130	33	163	0.00000
Nostoc sphaeroides	446679	S	97	58	155	0.00000
Nostoc piscinale	224012	S	91	16	107	0.00000
Nostoc commune	1178	S	90	25	115	0.00000
Nostoc flagelliforme	1306274	S	83	27	110	0.00000
Anabaena sp. WA102	1647413	S	73	134	207	0.00001
Anabaena sp. 90	46234	S	28	222	250	0.00001
Anabaena sp. YBS01	2490939	S	21	689	710	0.00002
Anabaena cylindrica	1165	S	122	22	144	0.00000
Cylindrospermum stagnale	142864	S	156	17	173	0.00001
Richelia sinica	1357545	S	78	9	87	0.00000
Trichormus azollae	1164	S	60	6	66	0.00000
Calothrix sp. NIES-2100	1954172	S	215	101	316	0.00001
Calothrix sp. PCC 7716	2853227	S	202	89	291	0.00001
Calothrix sp. PCC 6303	1170562	S	136	29	165	0.00000
Calothrix sp. PCC 7507	99598	S	133	25	158	0.00000
Calothrix sp. NIES-3974	2005462	S	118	9	127	0.00000
Calothrix sp. 336/3	1337936	S	115	23	138	0.00000
Calothrix sp. NIES-2098	1954171	S	107	47	154	0.00000
Calothrix brevissima	938406	S	177	70	247	0.00001
Calothrix parasitica	1973486	S	146	8	154	0.00000
Sphaerospermopsis kisseleviana	289435	S	167	78	245	0.00001
Sphaerospermopsis torques-reginae	984207	S	162	71	233	0.00001
Nodularia sphaerocarpa	137816	S	135	31	166	0.00000
Nodularia spumigena	70799	S	103	32	135	0.00000
Dolichospermum compactum	136073	S	80	103	183	0.00001
Dolichospermum sp. UHCC 0315A	1914871	S	34	239	273	0.00001
Dolichospermum flos-aquae	1166	S	26	217	243	0.00001
Anabaenopsis circularis	109266	S	80	48	128	0.00000
Anabaenopsis elenkinii	156213	S	61	11	72	0.00000
Cylindrospermopsis raciborskii	77022	S	35	14	49	0.00000
Cylindrospermopsis curvispora	747548	S	16	16	32	0.00000
Scytonema sp. HK-05	1137095	S	181	102	283	0.00001
Scytonema sp. NIES-4073	2005464	S	175	107	282	0.00001
Brasilonema sennae	1397703	S	157	14	171	0.00001
Fischerella sp. NIES-3754	1752063	S	197	40	237	0.00001
Fischerella sp. NIES-4106	2005456	S	145	16	161	0.00000
Tolypothrix sp. PCC 7910	2099387	S	142	43	185	0.00001
Tolypothrix tenuis	457083	S	132	55	187	0.00001
Rivularia sp. PCC 7116	373994	S	151	9	160	0.00000
Leptolyngbya sp. 7M	2812896	S	2088	93	2181	0.00006
Leptolyngbya sp. BL0902	1115757	S	608	43	651	0.00002
Leptolyngbya sp. NIES-3755	1752064	S	180	27	207	0.00001
Leptolyngbya sp. PCC 7376	111781	S	166	17	183	0.00001
Leptolyngbya boryana	1184	S	255	0	255	0.00001
Kovacikia minuta	2931930	S	428	50	478	0.00001
Leptothermofonsia sichuanensis	2917832	S	331	34	365	0.00001
Leptodesmis sichuanensis	2906798	S	256	32	288	0.00001
Thermoleptolyngbya sp. PKUAC-SCTB121	2811482	S	11	320	331	0.00001
Thermoleptolyngbya sichuanensis	2885951	S	10	318	328	0.00001
Thermosynechococcus sp. NK55a	1394889	S	118	54	172	0.00001
Thermosynechococcus sp. CL-1	2583530	S	40	57	97	0.00000
Thermosynechococcus sp. TA-1	2813673	S	39	53	92	0.00000
Thermosynechococcus vestitus	146786	S	169	64	233	0.00001
Halomicronema hongdechloris	1209493	S	455	20	475	0.00001
Pseudanabaena sp. PCC 7367	82654	S	173	7	180	0.00001
Pseudanabaena sp. ABRG5-3	685565	S	133	8	141	0.00000
Moorena producens	1155739	S	606	17	623	0.00002
Oscillatoria acuminata	118323	S	225	17	242	0.00001
Oscillatoria nigro-viridis	482564	S	210	134	344	0.00001
Geitlerinema sp. PCC 7407	1173025	S	847	146	993	0.00003
Allocoleopsis franciscana	2886352	S	181	23	204	0.00001
Oxynema aestuarii	2874213	S	420	41	461	0.00001
Microcoleus vaginatus	119532	S	286	118	404	0.00001
Planktothrix rubescens	59512	S	32	89	121	0.00000
Planktothrix agardhii	1160	S	25	87	112	0.00000
[Phormidium] sp. ETS-05	222819	S	325	21	346	0.00001
Crinalium epipsammum	241425	S	185	28	213	0.00001
Limnospira fusiformis	54297	S	18	111	129	0.00000
Halothece sp. PCC 7418	65093	S	176	72	248	0.00001
Euhalothece natronophila	577489	S	63	10	73	0.00000
Gloeothece verrucosa	2546359	S	116	10	126	0.00000
Gloeothece citriformis	2546356	S	83	6	89	0.00000
Crocosphaera subtropica	2546360	S	96	12	108	0.00000
Rippkaea orientalis	2546366	S	96	14	110	0.00000
Candidatus Atelocyanobacterium thalassa	713887	S	49	13	62	0.00000
Microcystis aeruginosa	1126	S	308	392	700	0.00002
Microcystis sp. MC19	1967666	S	41	27	68	0.00000
Microcystis viridis	44822	S	14	48	62	0.00000
Geminocystis sp. NIES-3709	1617448	S	91	30	121	0.00000
Geminocystis sp. NIES-3708	1615909	S	56	21	77	0.00000
Geminocystis herdmanii	669359	S	92	28	120	0.00000
Chondrocystis sp. NIES-4102	2005460	S	104	20	124	0.00000
Gloeocapsa sp. PCC 7428	1173026	S	99	13	112	0.00000
Cyanobacterium aponinum	379064	S	104	42	146	0.00000
Gloeobacter kilaueensis	1416614	S	1290	35	1325	0.00004
Gloeobacter violaceus	33072	S	1041	429	1470	0.00004
Gloeobacter morelensis	2907343	S	957	358	1315	0.00004
Anthocerotibacter panamensis	2857077	S	350	15	365	0.00001
Chroococcidiopsis sp. CCMEE 29	155894	S	224	48	272	0.00001
Chroococcidiopsis sp. CCNUC1	2653189	S	86	151	237	0.00001
Chroococcidiopsis thermalis	54299	S	51	97	148	0.00000
Pleurocapsa sp. PCC 7327	118163	S	208	28	236	0.00001
Stanieria cyanosphaera	102116	S	114	38	152	0.00000
Stanieria sp. NIES-3757	1807358	S	51	11	62	0.00000
Gloeomargarita lithophora	1188228	S	172	7	179	0.00001
Thermostichus lividus	33070	S	112	18	130	0.00000
cyanobacterium endosymbiont of Rhopalodia gibberula	1763363	S	32	7	39	0.00000
cyanobacterium endosymbiont of Epithemia turgida	718217	S	29	7	36	0.00000
Sphaerobacter thermophilus	2057	S	7515	480	7995	0.00024
Thermomicrobium roseum	500	S	1764	47	1811	0.00005
Roseiflexus sp. RS-1	357808	S	1918	348	2266	0.00007
Roseiflexus castenholzii	120962	S	1693	319	2012	0.00006
Chloroflexus aurantiacus	1108	S	842	122	964	0.00003
Chloroflexus aggregans	152260	S	706	147	853	0.00003
Tepidiforma bonchosmolovskayae	2601677	S	5693	151	5844	0.00017
Candidatus Promineofilum breve	1806508	S	4744	58	4802	0.00014
Caldilinea aerophila	133453	S	2966	201	3167	0.00009
Pelolinea submarina	913107	S	782	39	821	0.00002
Anaerolinea thermophila	167964	S	727	79	806	0.00002
Brevefilum fermentans	1986204	S	317	12	329	0.00001
Dehalogenimonas formicexedens	1839801	S	529	88	617	0.00002
Dehalogenimonas sp. GP	1536648	S	375	62	437	0.00001
Dehalococcoides mccartyi	61435	S	265	372	637	0.00002
Phototrophicus methaneseepsis	2710758	S	911	9	920	0.00003
Ktedonosporobacter rubrisoli	2509675	S	879	28	907	0.00003
Thermobaculum terrenum	166501	S	799	77	876	0.00003
Fimbriimonas ginsengisoli	1005039	S	2343	6	2349	0.00007
Chthonomonas calidirosea	454171	S	555	2	557	0.00002
Mycoplasma sp. SG1	2810348	S	65	0	65	0.00000
Mycoplasma sp. (ex Biomphalaria glabrata)	1749074	S	38	1	39	0.00000
Mycoplasma sp. 1654_15	2725994	S	20	6	26	0.00000
Mycoplasma sp. Pen4	640330	S	14	3	17	0.00000
Mycoplasma sp. E35C	2801918	S	14	3	17	0.00000
Mycoplasma sp. Mirounga ES2805-ORL	754514	S	11	1	12	0.00000
Mycoplasma sp. Ms02	353851	S	10	1	11	0.00000
Mycoplasma sp. OR1901	2742195	S	10	2	12	0.00000
Mycoplasma mycoides	2102	S	62	155	217	0.00001
Mycoplasma capricolum	2095	S	12	8	20	0.00000
Mycoplasma anserisalpingitidis	519450	S	31	6	37	0.00000
Mycoplasma gallisepticum	2096	S	29	70	99	0.00000
Mycoplasma genitalium	2097	S	24	0	24	0.00000
Mycoplasma wenyonii	65123	S	21	2	23	0.00000
Mycoplasma nasistruthionis	353852	S	15	1	16	0.00000
Mycoplasma yeatsii	51365	S	15	9	24	0.00000
Mycoplasma crocodyli	50052	S	14	1	15	0.00000
Mycoplasma putrefaciens	2123	S	13	9	22	0.00000
Mycoplasma phocoenae	754517	S	12	1	13	0.00000
Mycoplasma haemofelis	29501	S	12	1	13	0.00000
Mycoplasma struthionis	538220	S	10	3	13	0.00000
Mycoplasmopsis synoviae	2109	S	19	6	25	0.00000
Mycoplasmopsis gallopavonis	76629	S	19	12	31	0.00000
Mycoplasmopsis bovigenitalium	2112	S	18	2	20	0.00000
Mycoplasmopsis bovirhinis	29553	S	16	3	19	0.00000
Mycoplasmopsis cynos	171284	S	15	6	21	0.00000
Mycoplasmopsis fermentans	2115	S	15	4	19	0.00000
Mycoplasmopsis arginini	2094	S	14	4	18	0.00000
Mycoplasmopsis columbina	114881	S	14	2	16	0.00000
Mycoplasmopsis meleagridis	29561	S	13	1	14	0.00000
Mycoplasmopsis felis	33923	S	12	1	13	0.00000
Mycoplasmopsis pulmonis	2107	S	11	0	11	0.00000
Mycoplasmopsis maculosa	114885	S	11	1	12	0.00000
Mycoplasmopsis canis	29555	S	11	4	15	0.00000
Mycoplasmopsis agalactiae	2110	S	11	2	13	0.00000
Mycoplasmopsis gallinacea	29556	S	10	6	16	0.00000
Mycoplasmopsis bovis	28903	S	10	4	14	0.00000
Mycoplasmopsis phocirhinis	142650	S	10	0	10	0.00000
Mesomycoplasma neurolyticum	2120	S	31	1	32	0.00000
Mesomycoplasma hyopneumoniae	2099	S	24	11	35	0.00000
Mesomycoplasma dispar	86660	S	20	1	21	0.00000
Mesomycoplasma bovoculi	45362	S	14	0	14	0.00000
Mesomycoplasma conjunctivae	45361	S	13	0	13	0.00000
Mesomycoplasma mobile	2118	S	11	0	11	0.00000
Ureaplasma diversum	42094	S	18	0	18	0.00000
Ureaplasma urealyticum	2130	S	17	15	32	0.00000
Candidatus Hepatoplasma crinochetorum	295596	S	33	1	34	0.00000
Spiroplasma endosymbiont of 'Nebria riversi'	2792084	S	45	1	46	0.00000
Spiroplasma sp. TIUS-1	216963	S	21	17	38	0.00000
Spiroplasma chinense	216932	S	38	7	45	0.00000
Spiroplasma platyhelix	301585	S	35	1	36	0.00000
Spiroplasma turonicum	216946	S	25	4	29	0.00000
Spiroplasma clarkii	2139	S	22	2	24	0.00000
Spiroplasma cantharicola	362837	S	21	4	25	0.00000
Spiroplasma litorale	216942	S	21	4	25	0.00000
Spiroplasma eriocheiris	315358	S	18	10	28	0.00000
Spiroplasma diminutum	216936	S	18	6	24	0.00000
Spiroplasma poulsonii	2138	S	17	8	25	0.00000
Spiroplasma taiwanense	2145	S	16	2	18	0.00000
Spiroplasma kunkelii	47834	S	11	57	68	0.00000
Spiroplasma floricola	216937	S	11	2	13	0.00000
Spiroplasma helicoides	216938	S	11	2	13	0.00000
Spiroplasma alleghenense	216931	S	10	2	12	0.00000
Spiroplasma gladiatoris	2143	S	10	3	13	0.00000
Spiroplasma apis	2137	S	10	1	11	0.00000
Mesoplasma syrphidae	225999	S	30	17	47	0.00000
Mesoplasma lactucae	138853	S	18	5	23	0.00000
Entomoplasma freundtii	74700	S	12	3	15	0.00000
Entomoplasma melaleucae	81459	S	10	6	16	0.00000
Williamsoniiplasma luminosum	214888	S	24	4	28	0.00000
Williamsoniiplasma somnilux	215578	S	17	3	20	0.00000
Candidatus Phytoplasma australiense	59748	S	20	5	25	0.00000
Candidatus Phytoplasma solani	69896	S	12	0	12	0.00000
Candidatus Phytoplasma ziziphi	135727	S	14	23	37	0.00000
Candidatus Phytoplasma luffae	35773	S	13	2	15	0.00000
Candidatus Phytoplasma mali	37692	S	13	1	14	0.00000
Acholeplasma laidlawii	2148	S	48	9	57	0.00000
Acholeplasma hippikon	264636	S	36	8	44	0.00000
Alteracholeplasma palmae	38986	S	70	4	74	0.00000
Paracholeplasma brassicae	61635	S	44	7	51	0.00000
Mariniplasma anaerobium	2735436	S	35	1	36	0.00000
Haploplasma axanthum	29552	S	32	6	38	0.00000
Metamycoplasma hominis	2098	S	24	15	39	0.00000
Metamycoplasma hyosynoviae	29559	S	18	1	19	0.00000
Metamycoplasma canadense	29554	S	14	5	19	0.00000
Metamycoplasma alkalescens	45363	S	13	9	22	0.00000
Metamycoplasma orale	2121	S	12	1	13	0.00000
Metamycoplasma salivarium	2124	S	10	1	11	0.00000
Malacoplasma iowae	2116	S	37	1	38	0.00000
Malacoplasma penetrans	28227	S	21	0	21	0.00000
Candidatus Izimaplasma sp. HR1	1541959	S	48	0	48	0.00000
Lacunisphaera limnophila	1838286	S	248417	16375	264792	0.00788
Opitutus sp. GAS368	1882749	S	174607	12250	186857	0.00556
Opitutus terrae	107709	S	38879	857	39736	0.00118
Nibricoccus aquaticus	2576891	S	55103	1086	56189	0.00167
Oleiharenicola sp. KSB-15	2862869	S	21697	541	22238	0.00066
Ereboglobus luteus	1796921	S	15769	341	16110	0.00048
Ruficoccus sp. ZRK36	2866311	S	2756	188	2944	0.00009
Coraliomargarita akajimensis	395922	S	643	8	651	0.00002
Luteolibacter luteus	2728835	S	36315	1263	37578	0.00112
Luteolibacter ambystomatis	2824561	S	13055	632	13687	0.00041
Verrucomicrobium spinosum	2736	S	5140	225	5365	0.00016
Verrucomicrobium sp. GAS474	1882831	S	4843	244	5087	0.00015
Roseimicrobium sp. ORNL1	2711231	S	8626	219	8845	0.00026
Sulfuriroseicoccus oceanibius	2707525	S	1569	128	1697	0.00005
Akkermansia muciniphila	239935	S	2545	203	2748	0.00008
Akkermansia glycaniphila	1679444	S	1098	64	1162	0.00003
Methylacidimicrobium sp. AP8	2730359	S	842	80	922	0.00003
Methylacidimicrobium sp. B4	2796139	S	791	80	871	0.00003
Methylacidiphilum sp. IT5	2795384	S	94	97	191	0.00001
Methylacidiphilum sp. IT6	2795386	S	58	1	59	0.00000
Methylacidiphilum kamchatkense	431057	S	68	1	69	0.00000
Methylacidiphilum infernorum	511746	S	30	30	60	0.00000
Candidatus Xiphinematobacter sp. Idaho Grape	1704307	S	236	5	241	0.00001
Lacipirellula parvula	2650471	S	78545	6283	84828	0.00252
Lacipirellula limnantheis	2528024	S	61624	5583	67207	0.00200
Botrimarina mediterranea	2528022	S	23212	1568	24780	0.00074
Pirellulimonas nuda	2528009	S	12648	988	13636	0.00041
Aeoliella mucimassa	2527972	S	8371	484	8855	0.00026
Adhaeretor mobilis	1930276	S	3166	225	3391	0.00010
Bythopirellula goksoeyrii	1400387	S	2856	144	3000	0.00009
Rosistilla oblonga	2527990	S	2583	1350	3933	0.00012
Rosistilla carotiformis	2528017	S	1792	842	2634	0.00008
Rosistilla ulvae	1930277	S	1524	964	2488	0.00007
Stieleria maiorica	2795974	S	4087	982	5069	0.00015
Stieleria neptunia	2527979	S	3869	493	4362	0.00013
Lignipirellula cremea	2528010	S	8002	1064	9066	0.00027
Anatilimnocola aggregata	2528021	S	7976	1083	9059	0.00027
Bremerella volcania	2527984	S	7372	625	7997	0.00024
Pirellula staleyi	125	S	4986	194	5180	0.00015
Pirellula sp. SH-Sr6A	1632865	S	1472	39	1511	0.00004
Roseimaritima ulvae	980254	S	4220	317	4537	0.00014
Roseimaritima multifibrata	1930274	S	1397	178	1575	0.00005
Rubripirellula lacrimiformis	1930273	S	2172	508	2680	0.00008
Mariniblastus fucicola	980251	S	1653	32	1685	0.00005
Rhodopirellula baltica	265606	S	1544	119	1663	0.00005
Aureliella helgolandensis	2527968	S	1460	116	1576	0.00005
Thermogutta terrifontis	1331910	S	1239	32	1271	0.00004
Planctomyces sp. SH-PL14	1632864	S	31681	2044	33725	0.00100
Planctomyces sp. SH-PL62	1636152	S	10944	4637	15581	0.00046
Caulifigura coniformis	2527983	S	24546	1780	26326	0.00078
Gimesia panareensis	2527978	S	4583	629	5212	0.00016
Gimesia chilikensis	2605989	S	2407	1700	4107	0.00012
Gimesia maris	122	S	2032	367	2399	0.00007
Gimesia algae	2527971	S	1173	348	1521	0.00005
Gimesia fumaroli	2527976	S	1171	275	1446	0.00004
Gimesia aquarii	2527964	S	1109	84	1193	0.00004
Gimesia alba	2527973	S	1060	218	1278	0.00004
Gimesia benthica	2608982	S	786	1292	2078	0.00006
Maioricimonas rarisocia	2528026	S	11214	1640	12854	0.00038
Alienimonas californiensis	2527989	S	7300	581	7881	0.00023
Symmachiella dynata	2527995	S	5099	351	5450	0.00016
Planctopirus ephydatiae	2528019	S	1549	986	2535	0.00008
Planctopirus limnophila	120	S	1516	907	2423	0.00007
Rubinisphaera brasiliensis	119	S	3246	370	3616	0.00011
Fuerstiella marisgermanici	1891926	S	2984	59	3043	0.00009
Calycomorphotria hydatis	2528027	S	2749	115	2864	0.00009
Crateriforma conspicua	2527996	S	2286	590	2876	0.00009
Polystyrenella longa	2528007	S	1237	126	1363	0.00004
Thalassoglobus polymorphus	2527994	S	1125	71	1196	0.00004
Gemmata obscuriglobus	114	S	19851	2994	22845	0.00068
Gemmata sp. SH-PL17	1630693	S	5781	2436	8217	0.00024
Gemmata massiliana	1210884	S	5577	2082	7659	0.00023
Urbifossiella limnaea	2528023	S	15695	1258	16953	0.00050
Frigoriglobus tundricola	2774151	S	11623	1706	13329	0.00040
Limnoglobus roseus	2598579	S	9862	444	10306	0.00031
Tuwongella immobilis	692036	S	1844	86	1930	0.00006
Telmatocola sphagniphila	1123043	S	1791	18	1809	0.00005
Tautonia plasticadhaerens	2527974	S	19897	1735	21632	0.00064
Aquisphaera giovannonii	406548	S	14533	2642	17175	0.00051
Paludisphaera borealis	1387353	S	11151	2821	13972	0.00042
Singulisphaera acidiphila	466153	S	7153	1219	8372	0.00025
Isosphaera pallida	128	S	2463	204	2667	0.00008
Humisphaera borealis	2807512	S	10587	215	10802	0.00032
Phycisphaera mikurensis	547188	S	5997	438	6435	0.00019
Mucisphaera calidilacus	2527982	S	3483	220	3703	0.00011
Poriferisphaera corsica	2528020	S	501	5	506	0.00002
Anaerohalosphaera lusitana	1936003	S	574	22	596	0.00002
Limihaloglobus sulfuriphilus	1851148	S	278	21	299	0.00001
Sedimentisphaera salicampi	1941349	S	108	37	145	0.00000
Sedimentisphaera cyanobacteriorum	1940790	S	93	81	174	0.00001
Candidatus Kuenenia stuttgartiensis	174633	S	233	0	233	0.00001
Candidatus Uabimicrobium amorphum	2596890	S	209	3	212	0.00001
Candidatus Protochlamydia naegleriophila	389348	S	726	512	1238	0.00004
Candidatus Protochlamydia amoebophila	362787	S	256	173	429	0.00001
Parachlamydia acanthamoebae	83552	S	842	252	1094	0.00003
Neochlamydia sp. S13	1353976	S	441	88	529	0.00002
Simkania negevensis	83561	S	1581	126	1707	0.00005
Candidatus Rhabdochlamydia oedothoracis	2720720	S	195	158	353	0.00001
Candidatus Rhabdochlamydia porcellionis	225148	S	159	169	328	0.00001
Waddlia chondrophila	71667	S	425	49	474	0.00001
Chlamydia abortus	83555	S	65	12	77	0.00000
Chlamydia suis	83559	S	60	16	76	0.00000
Chlamydia pecorum	85991	S	50	73	123	0.00000
Chlamydia trachomatis	813	S	45	113	158	0.00000
Chlamydia sp. 2742-308	1806891	S	31	1	32	0.00000
Chlamydia sp. No. 12	2766982	S	13	1	14	0.00000
Chlamydia pneumoniae	83558	S	40	2	42	0.00000
Chlamydia gallinacea	1457153	S	32	2	34	0.00000
Chlamydia avium	1457141	S	30	1	31	0.00000
Chlamydia psittaci	83554	S	27	110	137	0.00000
Chlamydia serpentis	1967782	S	22	1	23	0.00000
Chlamydia muridarum	83560	S	17	4	21	0.00000
Chlamydia felis	83556	S	14	0	14	0.00000
Chlamydia poikilotherma	1967783	S	13	1	14	0.00000
Chlamydia caviae	83557	S	12	0	12	0.00000
Chlamydiifrater phoenicopteri	2681469	S	29	11	40	0.00000
Chlamydiifrater volucris	2681470	S	14	5	19	0.00000
Kiritimatiella glycovorans	1307763	S	1414	869	2283	0.00007
Tichowtungia aerotolerans	2697043	S	729	28	757	0.00002
Candidatus Velamenicoccus archaeovorus	1930593	S	450	0	450	0.00001
Flavobacterium anhuiense	459526	S	120165	14990	135155	0.00402
Flavobacterium sp. MMS21-Er5	2937442	S	13605	2289	15894	0.00047
Flavobacterium sp. LPB0248	2614441	S	6465	1300	7765	0.00023
Flavobacterium sp. KSM-R2A25	2895947	S	5119	855	5974	0.00018
Flavobacterium sp. KSM-R2A30	2897181	S	4507	941	5448	0.00016
Flavobacterium sp. MDT1-60	1979344	S	2912	351	3263	0.00010
Flavobacterium sp. KBS0721	1179672	S	2233	476	2709	0.00008
Flavobacterium sp. SLB02	2665645	S	2031	306	2337	0.00007
Flavobacterium sp. CLA17	2724135	S	1954	215	2169	0.00006
Flavobacterium sp. B183	907046	S	1903	236	2139	0.00006
Flavobacterium sp. F-323	2893885	S	1836	241	2077	0.00006
Flavobacterium sp. F-29	2893883	S	1680	217	1897	0.00006
Flavobacterium sp. F-70	2893884	S	1603	205	1808	0.00005
Flavobacterium sp. 140616W15	2478552	S	1524	196	1720	0.00005
Flavobacterium sp. M31R6	2739062	S	1461	123	1584	0.00005
Flavobacterium sp. Sr18	935222	S	1337	140	1477	0.00004
Flavobacterium sp. IGB 4-14	1871076	S	1259	65	1324	0.00004
Flavobacterium sp. F-340	2893886	S	1127	236	1363	0.00004
Flavobacterium sp. K5-23	2746225	S	1089	150	1239	0.00004
Flavobacterium sp. GENT5	1751095	S	916	130	1046	0.00003
Flavobacterium sp. CJ74	2294119	S	814	37	851	0.00003
Flavobacterium sp. KK2020170	2830782	S	803	113	916	0.00003
Flavobacterium sp. HJ-32-4	1160795	S	742	30	772	0.00002
Flavobacterium sp. CECT 9288	2845819	S	608	528	1136	0.00003
Flavobacterium sp. I3-2	2748319	S	572	511	1083	0.00003
Flavobacterium sp. CHNK8	2871165	S	494	425	919	0.00003
Flavobacterium sp. xlx-214	2654325	S	446	55	501	0.00001
Flavobacterium sp. WSW3-B6	2856519	S	378	24	402	0.00001
Flavobacterium sp. GENT11	1751100	S	350	769	1119	0.00003
Flavobacterium sp. SHINM13	1751056	S	325	658	983	0.00003
Flavobacterium sp. CS20	2775246	S	241	61	302	0.00001
Flavobacterium commune	1306519	S	40539	3354	43893	0.00131
Flavobacterium endoglycinae	2816357	S	40031	3366	43397	0.00129
Flavobacterium johnsoniae	986	S	11443	2830	14273	0.00042
Flavobacterium nitrogenifigens	1617283	S	9467	1552	11019	0.00033
Flavobacterium crocinum	2183896	S	6469	696	7165	0.00021
Flavobacterium fluviale	2249356	S	5431	743	6174	0.00018
Flavobacterium gilvum	1492737	S	1349	105	1454	0.00004
Flavobacterium alkalisoli	2602769	S	1251	62	1313	0.00004
Flavobacterium album	2175091	S	1198	49	1247	0.00004
Flavobacterium enshiense	1341165	S	1189	78	1267	0.00004
Flavobacterium nackdongense	2547394	S	1170	53	1223	0.00004
Flavobacterium psychrophilum	96345	S	1068	313	1381	0.00004
Flavobacterium sangjuense	2518177	S	957	55	1012	0.00003
Flavobacterium inviolabile	2748320	S	835	72	907	0.00003
Flavobacterium faecale	1355330	S	822	56	878	0.00003
Flavobacterium haoranii	683124	S	771	135	906	0.00003
Flavobacterium indicum	312277	S	761	70	831	0.00002
Flavobacterium jumunjinense	998845	S	708	65	773	0.00002
Flavobacterium magnum	2162713	S	703	38	741	0.00002
Flavobacterium pallidum	2172098	S	687	34	721	0.00002
Flavobacterium sediminilitoris	2024526	S	630	45	675	0.00002
Flavobacterium kingsejongi	1678728	S	625	54	679	0.00002
Flavobacterium crassostreae	1763534	S	568	75	643	0.00002
Flavobacterium branchiophilum	55197	S	541	28	569	0.00002
Flavobacterium sediminis	2201181	S	535	276	811	0.00002
Flavobacterium oreochromis	2906078	S	533	100	633	0.00002
Flavobacterium davisii	2906077	S	500	97	597	0.00002
Flavobacterium columnare	996	S	426	282	708	0.00002
Flavobacterium arcticum	1784713	S	392	24	416	0.00001
Flavobacterium covae	2906076	S	367	152	519	0.00002
Polaribacter sp. ALD11	2058137	S	216	41	257	0.00001
Polaribacter sp. G4M1	2808900	S	205	21	226	0.00001
Polaribacter sp. SA4-10	754397	S	196	21	217	0.00001
Polaribacter sp. KT25b	1855336	S	190	28	218	0.00001
Polaribacter sp. L3A8	2686361	S	182	46	228	0.00001
Polaribacter sp. SA4-12	1312072	S	182	28	210	0.00001
Polaribacter sp. NJDZ03	2855841	S	170	113	283	0.00001
Polaribacter sp. Hel1_33_78	1336804	S	151	16	167	0.00000
Polaribacter sp. SM13	2818493	S	142	19	161	0.00000
Polaribacter sp. Q13	2806551	S	134	38	172	0.00001
Polaribacter sp. MED152	313598	S	133	13	146	0.00000
Polaribacter sp. L12M9	2738844	S	93	45	138	0.00000
Polaribacter sp. BM10	1529069	S	76	100	176	0.00001
Polaribacter sp. KT 15	1896175	S	53	72	125	0.00000
Polaribacter sp. HaHaR_3_91	2745561	S	22	201	223	0.00001
Polaribacter vadi	1774273	S	217	26	243	0.00001
Polaribacter litorisediminis	1908341	S	202	17	219	0.00001
Polaribacter reichenbachii	996801	S	157	16	173	0.00001
Polaribacter haliotis	1888915	S	116	59	175	0.00001
Polaribacter sejongensis	985043	S	115	115	230	0.00001
Muricauda sp. SCSIO 65647	2908843	S	370	10	380	0.00001
Muricauda sp. SCSIO 64092	2908842	S	328	6	334	0.00001
Muricauda aquimarina	254955	S	687	224	911	0.00003
Muricauda lutaonensis	516051	S	433	64	497	0.00001
Muricauda ruestringensis	111501	S	404	24	428	0.00001
Muricauda oceani	2698672	S	347	115	462	0.00001
Muricauda aurantiaca	1383885	S	218	11	229	0.00001
Capnocytophaga sp. oral taxon 878	1316596	S	177	51	228	0.00001
Capnocytophaga sp. H4358	1945658	S	96	140	236	0.00001
Capnocytophaga sp. FDAARGOS_737	2545799	S	86	47	133	0.00000
Capnocytophaga sp. oral taxon 323	1705617	S	49	80	129	0.00000
Capnocytophaga sp. oral taxon 902	2748316	S	34	49	83	0.00000
Capnocytophaga sp. H2931	1945657	S	33	47	80	0.00000
Capnocytophaga sp. oral taxon 864	1316593	S	21	31	52	0.00000
Capnocytophaga canimorsus	28188	S	288	86	374	0.00001
Capnocytophaga sputigena	1019	S	273	81	354	0.00001
Capnocytophaga haemolytica	45243	S	209	13	222	0.00001
Capnocytophaga gingivalis	1017	S	174	17	191	0.00001
Capnocytophaga stomatis	1848904	S	162	33	195	0.00001
Capnocytophaga cynodegmi	28189	S	136	32	168	0.00001
Capnocytophaga ochracea	1018	S	108	146	254	0.00001
Capnocytophaga leadbetteri	327575	S	96	50	146	0.00000
Capnocytophaga endodontalis	2708117	S	67	29	96	0.00000
Gramella sp. GC03-9	2920386	S	336	77	413	0.00001
Gramella sp. MAR_2010_147	1250205	S	286	33	319	0.00001
Gramella sp. MT6	2705471	S	225	29	254	0.00001
Gramella flava	1486245	S	435	109	544	0.00002
Gramella fulva	2126553	S	352	28	380	0.00001
Gramella salexigens	1913577	S	316	25	341	0.00001
Gramella forsetii	411153	S	274	52	326	0.00001
Gramella echinicola	279359	S	242	27	269	0.00001
Winogradskyella sp. PG-2	754409	S	212	16	228	0.00001
Winogradskyella sp. MH6	2929510	S	190	23	213	0.00001
Winogradskyella sp. J14-2	1936080	S	178	20	198	0.00001
Winogradskyella sp. PC-19	754417	S	170	30	200	0.00001
Winogradskyella sp. HaHa_3_26	2749995	S	159	52	211	0.00001
Winogradskyella forsetii	2686077	S	277	89	366	0.00001
Winogradskyella sediminis	1382466	S	208	46	254	0.00001
Winogradskyella schleiferi	2686078	S	198	97	295	0.00001
Winogradskyella helgolandensis	2697010	S	168	33	201	0.00001
Tenacibaculum sp. SZ-18	754423	S	201	198	399	0.00001
Tenacibaculum jejuense	584609	S	254	15	269	0.00001
Tenacibaculum todarodis	1850252	S	194	41	235	0.00001
Tenacibaculum dicentrarchi	669041	S	193	55	248	0.00001
Tenacibaculum maritimum	107401	S	192	27	219	0.00001
Tenacibaculum singaporense	2358479	S	130	67	197	0.00001
Tenacibaculum mesophilum	104268	S	128	76	204	0.00001
Nonlabens sp. Hel1_33_55	1336802	S	149	8	157	0.00000
Nonlabens sp. MB-3u-79	2058134	S	144	15	159	0.00000
Nonlabens sp. Ci31	2608253	S	142	12	154	0.00000
Nonlabens sp. SY33080	2719911	S	46	100	146	0.00000
Nonlabens sp. MIC269	1476901	S	27	105	132	0.00000
Nonlabens dokdonensis	328515	S	223	17	240	0.00001
Nonlabens spongiae	331648	S	204	49	253	0.00001
Nonlabens marinus	930802	S	202	22	224	0.00001
Nonlabens ponticola	2496866	S	130	5	135	0.00000
Nonlabens tegetincola	323273	S	24	94	118	0.00000
Maribacter sp. MJ134	2496865	S	225	11	236	0.00001
Maribacter sp. HTCC2170	313603	S	218	9	227	0.00001
Maribacter sp. 1_2014MBL_MicDiv	1644130	S	97	127	224	0.00001
Maribacter hydrothermalis	1836467	S	303	25	328	0.00001
Maribacter cobaltidurans	1178778	S	293	155	448	0.00001
Maribacter dokdonensis	320912	S	63	81	144	0.00000
Myroides odoratus	256	S	370	39	409	0.00001
Myroides phaeus	702745	S	237	120	357	0.00001
Myroides fluvii	2572594	S	192	26	218	0.00001
Myroides odoratimimus	76832	S	113	369	482	0.00001
Myroides profundi	480520	S	87	29	116	0.00000
Myroides sp. A21	1583100	S	19	51	70	0.00000
Myroides sp. ZB35	1458492	S	11	31	42	0.00000
Cellulophaga sp. L1A9	2686362	S	207	57	264	0.00001
Cellulophaga sp. HaHaR_3_176	1942464	S	172	20	192	0.00001
Cellulophaga sp. HaHa_2_95	2745558	S	27	98	125	0.00000
Cellulophaga sp. HaHa_2_1	2749994	S	13	48	61	0.00000
Cellulophaga lytica	979	S	260	61	321	0.00001
Cellulophaga algicola	59600	S	223	36	259	0.00001
Cellulophaga baltica	76594	S	144	80	224	0.00001
Formosa sp. L2A11	2686363	S	191	44	235	0.00001
Formosa sp. Hel1_31_208	1798225	S	188	13	201	0.00001
Formosa sp. Hel1_33_131	1336794	S	176	12	188	0.00001
Formosa sp. Hel3_A1_48	1336795	S	150	25	175	0.00001
Formosa agariphila	320324	S	231	39	270	0.00001
Formosa sediminum	2594004	S	180	31	211	0.00001
Antarcticibacterium sp. 1MA-6-2	2908210	S	395	40	435	0.00001
Antarcticibacterium flavum	2058175	S	375	64	439	0.00001
Antarcticibacterium arcticum	2585771	S	297	31	328	0.00001
Aquimarina sp. TRL1	2736252	S	316	16	332	0.00001
Aquimarina sp. AD10	1714849	S	251	11	262	0.00001
Aquimarina sp. BL5	1714860	S	220	18	238	0.00001
Aquimarina sp. AD1	1714848	S	204	19	223	0.00001
Aequorivita sublithincola	101385	S	295	323	618	0.00002
Aequorivita sp. H23M31	2494375	S	241	117	358	0.00001
Salegentibacter salegens	143223	S	294	44	338	0.00001
Salegentibacter sp. T436	1729720	S	247	181	428	0.00001
Salegentibacter mishustinae	270918	S	216	140	356	0.00001
Robiginitalea biformata	252307	S	854	36	890	0.00003
Kordia antarctica	1218801	S	346	18	364	0.00001
Kordia sp. SMS9	2282170	S	324	12	336	0.00001
Algibacter sp. L1A34	2686365	S	218	61	279	0.00001
Algibacter sp. L3A6	2686366	S	205	57	262	0.00001
Algibacter alginicilyticus	1736674	S	216	37	253	0.00001
Zunongwangia profunda	398743	S	358	182	540	0.00002
Zunongwangia sp. SCSIO 43204	2779359	S	287	124	411	0.00001
Lutibacter sp. A80	2918453	S	189	47	236	0.00001
Lutibacter sp. A64	2918526	S	165	41	206	0.00001
Lutibacter profundi	1622118	S	237	18	255	0.00001
Lacinutrix sp. WUR7	2653681	S	212	31	243	0.00001
Lacinutrix sp. Bg11-31	2057808	S	141	19	160	0.00000
Lacinutrix sp. 5H-3-7-4	983544	S	122	37	159	0.00000
Lacinutrix venerupis	1486034	S	155	31	186	0.00001
Mariniflexile sp. TRM1-10	2027857	S	628	35	663	0.00002
Sinomicrobium sp. HD2P242	2900738	S	590	15	605	0.00002
Dokdonia sp. Dokd-P16	2173169	S	108	52	160	0.00000
Dokdonia sp. 4H-3-7-5	983548	S	83	49	132	0.00000
Dokdonia sp. PRO95	1239415	S	77	28	105	0.00000
Dokdonia sp. MED134	313590	S	71	71	142	0.00000
Dokdonia donghaensis	326320	S	38	36	74	0.00000
Flagellimonas sp. CMM7	2654676	S	282	13	295	0.00001
Flagellimonas sp. HMM57	2905121	S	251	14	265	0.00001
Arenibacter algicola	616991	S	522	99	621	0.00002
Leeuwenhoekiella sp. ZYFB001	2719912	S	203	137	340	0.00001
Leeuwenhoekiella palythoae	573501	S	134	107	241	0.00001
Seonamhaeicola sp. S2-3	1936081	S	236	33	269	0.00001
Seonamhaeicola sp. ML3	2937786	S	171	10	181	0.00001
Tamlana sp. s12	1630406	S	185	60	245	0.00001
Tamlana carrageenivorans	2069432	S	147	43	190	0.00001
Psychroflexus torquis	57029	S	206	8	214	0.00001
Psychroflexus sp. ALD_RP9	2777186	S	184	12	196	0.00001
Zobellia galactanivorans	63186	S	372	13	385	0.00001
Mesoflavibacter sp. SCSIO 43206	2779362	S	191	204	395	0.00001
Galbibacter sp. BG1	1170699	S	352	27	379	0.00001
Olleya aquimaris	639310	S	171	53	224	0.00001
Olleya sp. Bg11-27	2058135	S	60	103	163	0.00000
Olleya sp. HaHaR_3_96	2745560	S	48	82	130	0.00000
Amniculibacterium sp. G2-70	2767188	S	326	217	543	0.00002
Zhouia spongiae	2202721	S	321	50	371	0.00001
Gilvibacter sp. SZ-19	754429	S	290	23	313	0.00001
Flavivirga eckloniae	1803846	S	285	14	299	0.00001
Aggregatimonas sangjinii	2583587	S	276	7	283	0.00001
Muriicola soli	2507538	S	273	11	284	0.00001
Siansivirga zeaxanthinifaciens	762954	S	261	37	298	0.00001
Pukyongia salina	2094025	S	261	10	271	0.00001
Euzebyella marina	1761453	S	257	82	339	0.00001
Marixanthomonas sp. SCSIO 43207	2779360	S	254	45	299	0.00001
Gillisia sp. Hel1_33_143	1336796	S	252	51	303	0.00001
Changchengzhania lutea	2049305	S	243	18	261	0.00001
Constantimarinum furrinae	2562285	S	243	13	256	0.00001
Sediminicola sp. YIK13	1453352	S	242	14	256	0.00001
Flavobacteriaceae bacterium 10Alg115	2584122	S	238	9	247	0.00001
Wenyingzhuangia fucanilytica	1790137	S	230	24	254	0.00001
Urechidicola croceus	1850246	S	221	71	292	0.00001
Aegicerativicinus sediminis	2893202	S	219	9	228	0.00001
Sabulilitoribacter sp. BrNp1-15	2916754	S	216	29	245	0.00001
Bizionia sp. M204	2675331	S	199	28	227	0.00001
Oceanihabitans sp. IOP_32	2529032	S	187	49	236	0.00001
Costertonia aggregata	343403	S	185	24	209	0.00001
Croceibacter atlanticus	313588	S	148	15	163	0.00000
Psychroserpens sp. NJDZ02	2570561	S	113	141	254	0.00001
Chryseobacterium sp. ZHDP1	2838877	S	1253	971	2224	0.00007
Chryseobacterium sp. PCH239	2825845	S	538	218	756	0.00002
Chryseobacterium sp. 3008163	2478663	S	494	83	577	0.00002
Chryseobacterium sp.	1871047	S	340	100	440	0.00001
Chryseobacterium sp. cx-624	2758037	S	331	25	356	0.00001
Chryseobacterium sp. 6424	2039166	S	323	63	386	0.00001
Chryseobacterium sp. SC2-2	2929800	S	322	147	469	0.00001
Chryseobacterium sp. Y16C	2920939	S	312	170	482	0.00001
Chryseobacterium sp. MEBOG07	2879939	S	298	42	340	0.00001
Chryseobacterium sp. G0201	2487065	S	282	43	325	0.00001
Chryseobacterium sp. IHB B 17019	1721091	S	276	29	305	0.00001
Chryseobacterium sp. F4	2852098	S	264	11	275	0.00001
Chryseobacterium sp. G0186	2487064	S	257	116	373	0.00001
Chryseobacterium sp. T16E-39	2015076	S	251	18	269	0.00001
Chryseobacterium sp. POL2	2713414	S	231	127	358	0.00001
Chryseobacterium sp. MEBOG06	2879938	S	222	29	251	0.00001
Chryseobacterium sp. StRB126	878220	S	220	34	254	0.00001
Chryseobacterium sp. C-17	2898076	S	211	32	243	0.00001
Chryseobacterium sp. SNU WT5	2594269	S	202	69	271	0.00001
Chryseobacterium sp. DH-B6	2759528	S	191	46	237	0.00001
Chryseobacterium sp. ADR-1	2929799	S	181	38	219	0.00001
Chryseobacterium sp. LJ668	2864040	S	174	14	188	0.00001
Chryseobacterium sp. G0162	2487063	S	90	52	142	0.00000
Chryseobacterium sp. JV274	1932669	S	74	362	436	0.00001
Chryseobacterium sp. D764	2856522	S	28	172	200	0.00001
Chryseobacterium indologenes	253	S	1710	661	2371	0.00007
Chryseobacterium daecheongense	192389	S	1457	160	1617	0.00005
Chryseobacterium shandongense	1493872	S	906	523	1429	0.00004
Chryseobacterium cucumeris	1813611	S	875	275	1150	0.00003
Chryseobacterium taklimakanense	536441	S	869	482	1351	0.00004
Chryseobacterium nepalense	1854498	S	774	81	855	0.00003
Chryseobacterium camelliae	1265445	S	498	304	802	0.00002
Chryseobacterium gleum	250	S	485	546	1031	0.00003
Chryseobacterium arthrosphaerae	651561	S	442	208	650	0.00002
Chryseobacterium bernardetii	1241978	S	381	2282	2663	0.00008
Chryseobacterium indoltheticum	254	S	353	52	405	0.00001
Chryseobacterium carnipullorum	1124835	S	333	100	433	0.00001
Chryseobacterium gallinarum	1324352	S	302	96	398	0.00001
Chryseobacterium lactis	1241981	S	278	302	580	0.00002
Chryseobacterium aureum	2497456	S	258	36	294	0.00001
Chryseobacterium manosquense	2754694	S	252	199	451	0.00001
Chryseobacterium glaciei	1685010	S	250	35	285	0.00001
Chryseobacterium piperi	558152	S	246	19	265	0.00001
Chryseobacterium joostei	112234	S	228	56	284	0.00001
Chryseobacterium salivictor	2547600	S	225	26	251	0.00001
Chryseobacterium balustinum	246	S	220	46	266	0.00001
Chryseobacterium nakagawai	1241982	S	198	244	442	0.00001
Chryseobacterium rhizoplanae	1609531	S	126	454	580	0.00002
Kaistella sp. 97-N-M2	2908645	S	269	38	307	0.00001
Kaistella sp. GW4-15	2878534	S	152	21	173	0.00001
Kaistella daneshvariae	2487074	S	257	23	280	0.00001
Candidatus Kaistella beijingensis	2820270	S	224	87	311	0.00001
Kaistella flava (ex Peng et al. 2021)	2038776	S	200	33	233	0.00001
Kaistella antarctica	266748	S	197	20	217	0.00001
Kaistella carnis	1241979	S	139	48	187	0.00001
Kaistella jeonii	266749	S	127	10	137	0.00000
Epilithonimonas vandammei	2487072	S	436	613	1049	0.00003
Epilithonimonas zeae	1416779	S	192	20	212	0.00001
Elizabethkingia meningoseptica	238	S	396	25	421	0.00001
Elizabethkingia anophelis	1117645	S	308	406	714	0.00002
Elizabethkingia sp. JS20170427COW	2583851	S	191	21	212	0.00001
Elizabethkingia sp. 2-6	2575699	S	47	108	155	0.00000
Elizabethkingia sp. M8	2796140	S	11	32	43	0.00000
Elizabethkingia bruuniana	1756149	S	131	404	535	0.00002
Elizabethkingia miricola	172045	S	130	77	207	0.00001
Elizabethkingia ursingii	1756150	S	122	22	144	0.00000
Empedobacter brevis	247	S	295	92	387	0.00001
Empedobacter falsenii	343874	S	224	124	348	0.00001
Empedobacter stercoris	1628248	S	155	53	208	0.00001
Apibacter sp. B3706	2656760	S	29	42	71	0.00000
Apibacter sp. ESL0404	2704651	S	28	51	79	0.00000
Apibacter sp. B2966	2656761	S	19	51	70	0.00000
Apibacter sp. ESL0432	2704652	S	13	35	48	0.00000
Apibacter raozihei	2500547	S	227	16	243	0.00001
Cloacibacterium caeni	2004710	S	278	235	513	0.00002
Cloacibacterium normanense	237258	S	102	63	165	0.00000
Ornithobacterium rhinotracheale	28251	S	404	300	704	0.00002
Riemerella anatipestifer	34085	S	321	104	425	0.00001
Cruoricaptor ignavus	1118202	S	299	40	339	0.00001
Faecalibacter bovis	2898187	S	173	22	195	0.00001
Bergeyella cardium	1585976	S	148	20	168	0.00001
Weeksella virosa	1014	S	146	64	210	0.00001
Fluviicola taffensis	191579	S	7070	296	7366	0.00022
Crocinitomix sp. GM2_3_6_6	2862509	S	378	8	386	0.00001
Blattabacterium cuenoti	1653831	S	1062	191	1253	0.00004
Blattabacterium sp. (Mastotermes darwiniensis)	39768	S	27	2	29	0.00000
Blattabacterium sp. (Cryptocercus kyebangensis)	298656	S	27	6	33	0.00000
Blattabacterium sp. (Nauphoeta cinerea)	1316444	S	18	6	24	0.00000
Blattabacterium sp. (Blattella germanica)	624186	S	15	2	17	0.00000
Blattabacterium sp. DPU	2715232	S	15	3	18	0.00000
Blattabacterium sp. (Blaberus giganteus)	1186051	S	11	2	13	0.00000
Blattabacterium sp. (Blatta orientalis)	367806	S	10	17	27	0.00000
Blattabacterium punctulatus	164514	S	11	19	30	0.00000
Owenweeksia hongkongensis	253245	S	474	28	502	0.00001
Croceimicrobium hydrocarbonivorans	2761580	S	376	72	448	0.00001
Candidatus Sulcia muelleri	336810	S	123	21	144	0.00000
Candidatus Walczuchella monophlebidarum	1415657	S	57	9	66	0.00000
Ichthyobacterium seriolicida	242600	S	90	1	91	0.00000
Panacibacter ginsenosidivorans	1813871	S	59119	2540	61659	0.00184
Chitinophaga sp. XS-30	2604421	S	7951	470	8421	0.00025
Chitinophaga sp. KRA15-503	2829818	S	2196	403	2599	0.00008
Chitinophaga sp. MD30	2033437	S	16	1420	1436	0.00004
Chitinophaga sp. MD30B	2849666	S	16	1300	1316	0.00004
Chitinophaga oryzae	2725414	S	2960	518	3478	0.00010
Chitinophaga alhagiae	2203219	S	2495	65	2560	0.00008
Chitinophaga filiformis	104663	S	1762	332	2094	0.00006
Chitinophaga pinensis	79329	S	1453	389	1842	0.00005
Chitinophaga agri	2703787	S	1440	455	1895	0.00006
Chitinophaga caeni	2029983	S	1234	200	1434	0.00004
Niastella koreensis	354356	S	9851	996	10847	0.00032
Lacibacter sp. S13-6-6	2760713	S	8273	360	8633	0.00026
Flavihumibacter sp. IMCC34838	2838156	S	4249	407	4656	0.00014
Flavihumibacter sp. IMCC34837	2838157	S	3555	265	3820	0.00011
Flavisolibacter ginsenosidimutans	661481	S	2517	158	2675	0.00008
Flavisolibacter tropicus	1492898	S	2149	339	2488	0.00007
Arachidicoccus sp. BS20	1850526	S	1185	376	1561	0.00005
Arachidicoccus sp. 5GH13-10	2875539	S	843	149	992	0.00003
Arachidicoccus sp. B3-10	2545455	S	511	35	546	0.00002
Arachidicoccus ginsenosidivorans	496057	S	1058	178	1236	0.00004
Arachidicoccus soli	2341117	S	900	100	1000	0.00003
Paraflavitalea soli	2315862	S	4677	343	5020	0.00015
Niabella soli	446683	S	2453	272	2725	0.00008
Niabella ginsenosidivorans	1176587	S	1958	184	2142	0.00006
Pseudocnuella soli	2502779	S	3861	438	4299	0.00013
Pseudobacter ginsenosidimutans	661488	S	3836	319	4155	0.00012
Ferruginibacter sp. KIS38-8	2875540	S	1847	176	2023	0.00006
Ferruginibacter lapsinanis	563172	S	1510	141	1651	0.00005
Phnomibacter ginsenosidimutans	2676868	S	3124	351	3475	0.00010
Filimonas lacunae	477680	S	2967	328	3295	0.00010
Hymenobacter sp. 5317J-9	2932250	S	1921	444	2365	0.00007
Hymenobacter sp. PAMC 26628	1484118	S	1508	356	1864	0.00006
Hymenobacter sp. APR13	1356852	S	1454	569	2023	0.00006
Hymenobacter sp. PAMC 26554	1484116	S	1375	136	1511	0.00004
Hymenobacter sp. BRD128	2675878	S	1278	171	1449	0.00004
Hymenobacter sp. 5116S-27	2932249	S	1094	168	1262	0.00004
Hymenobacter sp. 5413J-13	2932251	S	996	145	1141	0.00003
Hymenobacter sp. 5420S-77	2932254	S	984	138	1122	0.00003
Hymenobacter sp. 5116S-3	2932248	S	964	145	1109	0.00003
Hymenobacter sp. BT18	2835648	S	931	120	1051	0.00003
Hymenobacter sp. NBH84	2596915	S	921	136	1057	0.00003
Hymenobacter sp. DG01	2584940	S	908	239	1147	0.00003
Hymenobacter sp. S2-20-2	2761579	S	861	134	995	0.00003
Hymenobacter sp. DG25B	1385664	S	796	277	1073	0.00003
Hymenobacter sp. BRD67	2675877	S	734	703	1437	0.00004
Hymenobacter sp. DG25A	1385663	S	618	221	839	0.00002
Hymenobacter sp. HDW8	2714932	S	411	1314	1725	0.00005
Hymenobacter sp. 5516S-25	2933777	S	304	1168	1472	0.00004
Hymenobacter sp. 5516J-16	2932253	S	213	868	1081	0.00003
Hymenobacter monticola	1705399	S	1876	338	2214	0.00007
Hymenobacter busanensis	2607656	S	1526	164	1690	0.00005
Hymenobacter sedentarius	1411621	S	1452	218	1670	0.00005
Hymenobacter oligotrophus	2319843	S	1230	132	1362	0.00004
Hymenobacter nivis	1850093	S	1224	308	1532	0.00005
Hymenobacter jejuensis	2502781	S	1099	86	1185	0.00004
Hymenobacter tibetensis	497967	S	856	135	991	0.00003
Hymenobacter swuensis	1446467	S	849	187	1036	0.00003
Hymenobacter qilianensis	1385715	S	761	137	898	0.00003
Hymenobacter baengnokdamensis	2615203	S	705	754	1459	0.00004
Hymenobacter radiodurans	2496028	S	394	1318	1712	0.00005
Pontibacter russatus	2694929	S	2536	270	2806	0.00008
Pontibacter actiniarum	323450	S	1791	483	2274	0.00007
Pontibacter pudoricolor	2694930	S	1613	205	1818	0.00005
Pontibacter akesuensis	388950	S	1381	232	1613	0.00005
Pontibacter korlensis	400092	S	1311	213	1524	0.00005
Pontibacter sp. SGAir0037	2571030	S	983	187	1170	0.00003
Rufibacter radiotolerans	1379910	S	958	135	1093	0.00003
Rufibacter tibetensis	512763	S	766	148	914	0.00003
Rufibacter sp. DG15C	1379909	S	578	376	954	0.00003
Adhaeribacter swui	2086471	S	1028	142	1170	0.00003
Adhaeribacter radiodurans	2745197	S	744	87	831	0.00002
Nibribacter ruber	2698458	S	577	368	945	0.00003
Dyadobacter fermentans	94254	S	5430	608	6038	0.00018
Dyadobacter sp. LJ419	2906456	S	1101	112	1213	0.00004
Dyadobacter sp. NIV53	2861765	S	854	76	930	0.00003
Dyadobacter sandarakinus	2747268	S	1188	138	1326	0.00004
Runella sp. SP2	2268026	S	2469	158	2627	0.00008
Runella slithyformis	106	S	2309	232	2541	0.00008
Runella rosea	2259595	S	1757	202	1959	0.00006
Fibrella aestuarina	651143	S	1794	190	1984	0.00006
Fibrella sp. ES10-3-2-2	1834519	S	1016	96	1112	0.00003
Larkinella sp. IE-0392	2907205	S	958	74	1032	0.00003
Arcticibacterium luteifluviistationis	1784714	S	678	44	722	0.00002
Leadbetterella byssophila	316068	S	656	313	969	0.00003
Spirosoma sp. CJU-R4	2728024	S	1326	112	1438	0.00004
Spirosoma sp. KUDC1026	2745947	S	993	95	1088	0.00003
Spirosoma sp. KCTC 72228	2710596	S	964	120	1084	0.00003
Spirosoma sp. RHs26	2898794	S	903	72	975	0.00003
Spirosoma sp. KCTC 42546	2520506	S	900	114	1014	0.00003
Spirosoma taeanense	2735870	S	1265	133	1398	0.00004
Spirosoma rigui	564064	S	1115	91	1206	0.00004
Spirosoma montaniterrae	1178516	S	1044	74	1118	0.00003
Spirosoma aerolatum	1211326	S	990	53	1043	0.00003
Spirosoma pollinicola	2057025	S	927	75	1002	0.00003
Spirosoma radiotolerans	1379870	S	831	70	901	0.00003
Spirosoma endbachense	2666025	S	824	481	1305	0.00004
Spirosoma aureum	2692134	S	603	430	1033	0.00003
Cytophaga hutchinsonii	985	S	2173	228	2401	0.00007
Rhodocytophaga rosea	2704465	S	1240	51	1291	0.00004
Aquirufa nivalisilvae	2516557	S	396	85	481	0.00001
Aquirufa sp. 9H-EGSE	2696560	S	319	88	407	0.00001
Chryseolinea soli	2321403	S	6763	225	6988	0.00021
Fulvivirga sp. SS9-22	2904245	S	747	49	796	0.00002
Fulvivirga sp. SW1-E11	2904247	S	525	115	640	0.00002
Fulvivirga sp. W9P-11	2904246	S	482	75	557	0.00002
Fulvivirga lutea	2810512	S	493	61	554	0.00002
Echinicola sp. SCS 3-6	2859768	S	431	198	629	0.00002
Echinicola sp. 20G	2781961	S	333	41	374	0.00001
Echinicola vietnamensis	390884	S	627	330	957	0.00003
Echinicola rosea	1807691	S	475	222	697	0.00002
Echinicola strongylocentroti	1795355	S	451	76	527	0.00002
Echinicola soli	2591634	S	409	38	447	0.00001
Algoriphagus sp. Y33	2772483	S	729	86	815	0.00002
Algoriphagus sp. NBT04N3	2705473	S	551	252	803	0.00002
Algoriphagus sanaruensis	1727163	S	458	69	527	0.00002
Algoriphagus machipongonensis	388413	S	335	36	371	0.00001
Cyclobacterium marinum	104	S	336	98	434	0.00001
Cyclobacterium amurskyense	320787	S	327	45	372	0.00001
Aquiflexum balticum	280473	S	679	134	813	0.00002
Belliella baltica	232259	S	577	313	890	0.00003
Mongoliitalea daihaiensis	2782006	S	404	51	455	0.00001
Flammeovirga pectinis	2494373	S	183	53	236	0.00001
Flammeovirga kamogawensis	373891	S	134	39	173	0.00001
Flammeovirga yaeyamensis	367791	S	92	166	258	0.00001
Flammeovirga sp. MY04	1191459	S	83	153	236	0.00001
Marivirga tractuosa	1006	S	518	236	754	0.00002
Mangrovivirga cuniculi	2715131	S	445	30	475	0.00001
Cardinium endosymbiont of Encarsia pergandiella	249402	S	78	24	102	0.00000
Cardinium endosymbiont of Oedothorax gibbosus	931101	S	55	49	104	0.00000
Cardinium endosymbiont of Sogatella furcifera	650378	S	46	18	64	0.00000
Candidatus Cardinium hertigii	247481	S	41	9	50	0.00000
Candidatus Amoebophilus asiaticus	281120	S	151	7	158	0.00000
Bernardetia litoralis	999	S	302	21	323	0.00001
Mucilaginibacter sp. SMC90	2929803	S	5606	256	5862	0.00017
Mucilaginibacter sp. 14171R-50	2703789	S	1033	51	1084	0.00003
Mucilaginibacter sp. F39-2	2728022	S	720	39	759	0.00002
Mucilaginibacter sp. 21P	2778902	S	710	36	746	0.00002
Mucilaginibacter rubeus	2027860	S	4992	6250	11242	0.00033
Mucilaginibacter gossypii	551996	S	1853	714	2567	0.00008
Mucilaginibacter celer	2305508	S	1697	58	1755	0.00005
Mucilaginibacter ginsenosidivorax	862126	S	1210	42	1252	0.00004
Mucilaginibacter mali	2740462	S	1190	37	1227	0.00004
Mucilaginibacter gotjawali	1550579	S	1152	28	1180	0.00004
Mucilaginibacter paludis	423351	S	1093	46	1139	0.00003
Mucilaginibacter ginsenosidivorans	398053	S	1063	31	1094	0.00003
Mucilaginibacter mallensis	652787	S	956	29	985	0.00003
Mucilaginibacter daejeonensis	398049	S	918	45	963	0.00003
Mucilaginibacter xinganensis	1234841	S	855	34	889	0.00003
Mucilaginibacter ginkgonis	2682091	S	764	30	794	0.00002
Pedobacter sp. HDW13	2714940	S	651	89	740	0.00002
Pedobacter sp. PACM 27299	1727164	S	639	93	732	0.00002
Pedobacter sp. KBS0701	2578106	S	536	206	742	0.00002
Pedobacter sp. Q8-18	2895286	S	503	39	542	0.00002
Pedobacter sp. G11	2482728	S	498	73	571	0.00002
Pedobacter sp. SW-16	2766984	S	479	104	583	0.00002
Pedobacter sp. D749	2856523	S	392	150	542	0.00002
Pedobacter heparinus	984	S	827	72	899	0.00003
Pedobacter schmidteae	2201271	S	721	64	785	0.00002
Pedobacter aquae	2605747	S	699	61	760	0.00002
Pedobacter steynii	430522	S	698	69	767	0.00002
Pedobacter roseus	336820	S	680	238	918	0.00003
Pedobacter suwonensis	332999	S	592	143	735	0.00002
Pedobacter endophyticus	2789740	S	589	57	646	0.00002
Pedobacter cryoconitis	188932	S	515	49	564	0.00002
Pedobacter ginsengisoli	363852	S	515	65	580	0.00002
Sphingobacterium sp. DR205	2713573	S	495	48	543	0.00002
Sphingobacterium sp. CZ-2	2557994	S	378	95	473	0.00001
Sphingobacterium sp. UDSM-2020	2795738	S	309	113	422	0.00001
Sphingobacterium sp. SRCM116780	2907623	S	288	46	334	0.00001
Sphingobacterium sp. ML3W	1538644	S	264	93	357	0.00001
Sphingobacterium sp. dk4302	2662364	S	262	26	288	0.00001
Sphingobacterium sp. PCS056	2931400	S	223	50	273	0.00001
Sphingobacterium sp. G1-14	2003121	S	50	241	291	0.00001
Sphingobacterium spiritivorum	258	S	1257	832	2089	0.00006
Sphingobacterium thalpophilum	259	S	647	687	1334	0.00004
Sphingobacterium multivorum	28454	S	596	1280	1876	0.00006
Sphingobacterium lactis	797291	S	467	379	846	0.00003
Sphingobacterium mizutaii	1010	S	377	50	427	0.00001
Sphingobacterium daejeonense	371142	S	330	86	416	0.00001
Sphingobacterium hotanense	649196	S	292	81	373	0.00001
Sphingobacterium psychroaquaticum	561061	S	291	49	340	0.00001
Sphingobacterium paramultivorum	2886510	S	88	92	180	0.00001
Sphingobacterium siyangense	459529	S	71	327	398	0.00001
Solitalea canadensis	995	S	662	89	751	0.00002
Solitalea sp. S2-8	2911172	S	541	96	637	0.00002
Olivibacter sp. LS-1	2592345	S	552	31	583	0.00002
Olivibacter sp. SDN3	2764720	S	552	79	631	0.00002
Anseongella ginsenosidimutans	496056	S	1066	32	1098	0.00003
Pseudopedobacter saltans	151895	S	550	424	974	0.00003
Alistipes communis	2585118	S	928	632	1560	0.00005
Alistipes onderdonkii	328813	S	921	1009	1930	0.00006
Alistipes dispar	2585119	S	900	125	1025	0.00003
Alistipes senegalensis	1288121	S	804	169	973	0.00003
Alistipes finegoldii	214856	S	752	706	1458	0.00004
Alistipes sp. dk3624	2662363	S	723	146	869	0.00003
Alistipes indistinctus	626932	S	702	137	839	0.00002
Alistipes megaguti	2364787	S	694	88	782	0.00002
Alistipes shahii	328814	S	619	353	972	0.00003
Bacteroides sp. CBA7301	2715212	S	206	57	263	0.00001
Bacteroides sp. M10	2763022	S	75	147	222	0.00001
Bacteroides fragilis	817	S	333	484	817	0.00002
Bacteroides cellulosilyticus	246787	S	322	105	427	0.00001
Bacteroides thetaiotaomicron	818	S	307	176	483	0.00001
Bacteroides stercoris	46506	S	267	240	507	0.00002
Bacteroides eggerthii	28111	S	254	259	513	0.00002
Bacteroides salyersiae	291644	S	228	194	422	0.00001
Bacteroides nordii	291645	S	220	148	368	0.00001
Bacteroides uniformis	820	S	217	567	784	0.00002
Bacteroides zoogleoformans	28119	S	207	54	261	0.00001
Bacteroides helcogenes	290053	S	207	8	215	0.00001
Bacteroides faecis	674529	S	202	150	352	0.00001
Bacteroides heparinolyticus	28113	S	169	42	211	0.00001
Bacteroides caccae	47678	S	156	47	203	0.00001
Bacteroides zhangwenhongii	2650157	S	139	80	219	0.00001
Bacteroides intestinalis	329854	S	136	23	159	0.00000
Bacteroides coprosuis	151276	S	131	6	137	0.00000
Bacteroides caecimuris	1796613	S	127	155	282	0.00001
Bacteroides xylanisolvens	371601	S	121	354	475	0.00001
Bacteroides ovatus	28116	S	111	212	323	0.00001
Bacteroides luhongzhouii	2650158	S	83	35	118	0.00000
Phocaeicola salanitronis	376805	S	279	104	383	0.00001
Phocaeicola coprophilus	387090	S	232	117	349	0.00001
Phocaeicola dorei	357276	S	126	211	337	0.00001
Phocaeicola vulgatus	821	S	110	138	248	0.00001
Prevotella sp. Rep29	2691580	S	302	24	326	0.00001
Prevotella sp. oral taxon 475	712471	S	192	12	204	0.00001
Prevotella sp. E9-3	2913621	S	148	24	172	0.00001
Prevotella sp. E15-22	2937774	S	135	10	145	0.00000
Prevotella sp. E13-17	2913616	S	134	4	138	0.00000
Prevotella sp. E2-28	2913620	S	101	4	105	0.00000
Prevotella sp. oral taxon 299	652716	S	61	5	66	0.00000
Prevotella sp. E13-3	2913617	S	61	210	271	0.00001
Prevotella sp. E2-25	2913619	S	16	51	67	0.00000
Prevotella intermedia	28131	S	643	248	891	0.00003
Prevotella dentalis	52227	S	581	78	659	0.00002
Prevotella denticola	28129	S	301	72	373	0.00001
Prevotella melaninogenica	28132	S	280	74	354	0.00001
Prevotella copri	165179	S	230	95	325	0.00001
Prevotella ruminicola	839	S	218	5	223	0.00001
Prevotella multiformis	282402	S	174	52	226	0.00001
Prevotella buccalis	28127	S	128	120	248	0.00001
Prevotella enoeca	76123	S	120	17	137	0.00000
Prevotella histicola	470565	S	103	12	115	0.00000
Prevotella oris	28135	S	102	9	111	0.00000
Prevotella herbatica	2801997	S	92	2	94	0.00000
Prevotella bryantii	77095	S	88	4	92	0.00000
Prevotella nigrescens	28133	S	85	39	124	0.00000
Prevotella jejuni	1177574	S	79	23	102	0.00000
Prevotella fusca	589436	S	63	10	73	0.00000
Prevotella veroralis	28137	S	50	7	57	0.00000
Prevotella scopos	589437	S	28	10	38	0.00000
Paraprevotella xylaniphila	454155	S	259	210	469	0.00001
Pseudoprevotella muciniphila	2133944	S	196	15	211	0.00001
Parabacteroides goldsteinii	328812	S	446	105	551	0.00002
Parabacteroides merdae	46503	S	311	313	624	0.00002
Parabacteroides johnsonii	387661	S	165	120	285	0.00001
Parabacteroides distasonis	823	S	145	546	691	0.00002
Tannerella serpentiformis	712710	S	660	33	693	0.00002
Tannerella forsythia	28112	S	357	21	378	0.00001
Duncaniella dubosii	2518971	S	224	54	278	0.00001
Muribaculum intestinale	1796646	S	278	41	319	0.00001
Muribaculum gordoncarteri	2530390	S	210	32	242	0.00001
Sodaliphilus pleomorphus	2606626	S	487	213	700	0.00002
Porphyromonas sp. oral taxon 275	712435	S	590	49	639	0.00002
Porphyromonas gingivalis	837	S	230	35	265	0.00001
Porphyromonas cangingivalis	36874	S	215	31	246	0.00001
Porphyromonas asaccharolytica	28123	S	139	10	149	0.00000
Porphyromonas somerae	322095	S	133	32	165	0.00000
Porphyromonas endodontalis	28124	S	78	8	86	0.00000
Porphyromonas crevioricanis	393921	S	77	15	92	0.00000
Proteiniphilum saccharofermentans	1642647	S	308	17	325	0.00001
Proteiniphilum sp. JNU-WLY501	2829812	S	192	3	195	0.00001
Petrimonas mucosa	1642646	S	383	13	396	0.00001
Dysgonomonas sp. HDW5B	2714927	S	75	80	155	0.00000
Dysgonomonas sp. HDW5A	2714926	S	57	63	120	0.00000
Butyricimonas virosa	544645	S	158	32	190	0.00001
Butyricimonas faecalis	2093856	S	131	125	256	0.00001
Odoribacter splanchnicus	28118	S	223	33	256	0.00001
Barnesiella viscericola	397865	S	411	473	884	0.00003
Coprobacter secundus	1501392	S	138	113	251	0.00001
Paludibacter propionicigenes	185300	S	290	6	296	0.00001
Tenuifilum thalassicum	2590900	S	199	3	202	0.00001
Salinivirga cyanobacteriivorans	1307839	S	187	3	190	0.00001
Draconibacterium orientale	1168034	S	459	48	507	0.00002
Draconibacterium halophilum	2706887	S	378	35	413	0.00001
Maribellus comscasis	2681766	S	358	12	370	0.00001
Labilibaculum antarcticum	1717717	S	278	14	292	0.00001
Alkalitalea saponilacus	889453	S	259	16	275	0.00001
Rhodocaloribacter litoris	2558931	S	8650	691	9341	0.00028
Rhodothermus marinus	29549	S	6202	257	6459	0.00019
Salinibacter ruber	146919	S	4124	39	4163	0.00012
Haliscomenobacter hydrossis	2350	S	2650	42	2692	0.00008
Saprospira grandis	1008	S	336	13	349	0.00001
Candidatus Sulfidibacterium hydrothermale	2875962	S	401	11	412	0.00001
Chlorobaculum limnaeum	274537	S	1213	166	1379	0.00004
Chlorobaculum parvum	274539	S	702	115	817	0.00002
Chlorobaculum tepidum	1097	S	679	155	834	0.00002
Pelodictyon luteolum	1100	S	569	86	655	0.00002
Pelodictyon phaeoclathratiforme	34090	S	200	10	210	0.00001
Chlorobium limicola	1092	S	307	22	329	0.00001
Chlorobium phaeobacteroides	1096	S	246	29	275	0.00001
Chlorobium phaeovibrioides	1094	S	180	33	213	0.00001
Prosthecochloris sp. GSB1	281093	S	550	25	575	0.00002
Prosthecochloris sp. HL-130-GSB	1974213	S	258	36	294	0.00001
Prosthecochloris sp. CIB 2401	1868325	S	242	48	290	0.00001
Prosthecochloris aestuarii	1102	S	356	17	373	0.00001
Chloroherpeton thalassium	100716	S	288	4	292	0.00001
Candidatus Cyclonatronum proteinivorum	1457365	S	608	56	664	0.00002
Ignavibacterium album	591197	S	241	29	270	0.00001
Melioribacter roseus	1134405	S	232	23	255	0.00001
Gemmatirosa kalamazoonesis	861299	S	71433	4670	76103	0.00227
Gemmatimonas groenlandica	2732249	S	12492	1413	13905	0.00041
Gemmatimonas aurantiaca	173480	S	10371	1037	11408	0.00034
Gemmatimonas phototrophica	1379270	S	8792	1225	10017	0.00030
Fibrobacter succinogenes	833	S	301	2	303	0.00001
Candidatus Cloacimonas acidaminovorans	456827	S	116	2	118	0.00000
Luteitalea sp. TBR-22	2802971	S	32026	4150	36176	0.00108
Luteitalea pratensis	1855912	S	21533	1891	23424	0.00070
Granulicella sp. WH15	2602070	S	2893	401	3294	0.00010
Granulicella sp. 5B5	1617967	S	2208	274	2482	0.00007
Granulicella mallensis	940614	S	1860	180	2040	0.00006
Granulicella tundricola	940615	S	1636	176	1812	0.00005
Terriglobus roseus	392734	S	2742	437	3179	0.00009
Terriglobus albidus	1592106	S	1616	117	1733	0.00005
Terriglobus saanensis	870903	S	1190	122	1312	0.00004
Acidobacterium capsulatum	33075	S	2197	218	2415	0.00007
Acidobacterium sp. 4Y35	2763107	S	1596	94	1690	0.00005
Candidatus Koribacter versatilis	658062	S	2684	67	2751	0.00008
Edaphobacter sp. 12200R-103	2703788	S	1242	184	1426	0.00004
Edaphobacter sp. 4G125	2763071	S	891	114	1005	0.00003
Acidisarcina polymorpha	2211140	S	1365	80	1445	0.00004
Paludibaculum fermentans	1473598	S	13447	261	13708	0.00041
Chloracidobacterium aggregatum	2851959	S	1153	686	1839	0.00005
Chloracidobacterium validum	2821543	S	972	11	983	0.00003
Chloracidobacterium sp. D	2821536	S	113	352	465	0.00001
Chloracidobacterium thermophilum	458033	S	94	269	363	0.00001
Sulfidibacter corallicola	2818388	S	2765	31	2796	0.00008
Thermotomaculum hydrothermale	981385	S	77	1	78	0.00000
Nitrospira moscoviensis	42253	S	11265	918	12183	0.00036
Candidatus Nitrospira inopinata	1715989	S	7081	589	7670	0.00023
Nitrospira japonica	1325564	S	4274	514	4788	0.00014
Nitrospira sp. KM1	1936990	S	3735	362	4097	0.00012
Leptospirillum ferrooxidans	180	S	149	1	150	0.00000
Leptospirillum ferriphilum	178606	S	100	193	293	0.00001
Leptospirillum sp. Group II 'CF-1'	1660083	S	37	62	99	0.00000
Dissulfurispira thermophila	2715679	S	93	26	119	0.00000
Thermodesulfovibrio yellowstonii	28262	S	89	6	95	0.00000
Treponema primitia	88058	S	244	6	250	0.00001
Treponema brennaborense	81028	S	238	36	274	0.00001
Treponema azotonutricium	150829	S	202	4	206	0.00001
Treponema socranskii	53419	S	164	34	198	0.00001
Treponema parvum	138851	S	131	3	134	0.00000
Treponema sp. Marseille-Q4132	2766701	S	87	18	105	0.00000
Treponema sp. OMZ 838	1539298	S	43	20	63	0.00000
Treponema caldarium	215591	S	98	6	104	0.00000
Treponema peruense	2787628	S	78	4	82	0.00000
Treponema vincentii	69710	S	77	35	112	0.00000
Treponema succinifaciens	167	S	76	25	101	0.00000
Treponema denticola	158	S	76	190	266	0.00001
Treponema phagedenis	162	S	56	10	66	0.00000
Treponema pedis	409322	S	54	4	58	0.00000
Treponema medium	58231	S	52	29	81	0.00000
Treponema putidum	221027	S	38	13	51	0.00000
Spirochaeta thermophila	154	S	673	8	681	0.00002
Spirochaeta africana	46355	S	290	11	301	0.00001
Salinispira pacifica	1307761	S	165	3	168	0.00001
Sediminispirochaeta smaragdinae	55206	S	148	2	150	0.00000
Oceanispirochaeta crateris	2518645	S	88	3	91	0.00000
Thiospirochaeta perfilievii	252967	S	45	2	47	0.00000
Sphaerochaeta associata	1129264	S	204	19	223	0.00001
Sphaerochaeta coccoides	273376	S	108	2	110	0.00000
Sphaerochaeta globosa	1131703	S	94	9	103	0.00000
Sphaerochaeta pleomorpha	1131707	S	63	5	68	0.00000
Borrelia sp. HM	1882662	S	23	8	31	0.00000
Borrelia sp. BU AG58	2887345	S	10	9	19	0.00000
Borrelia hermsii	140	S	25	3	28	0.00000
Borrelia miyamotoi	47466	S	17	1	18	0.00000
Borrelia turicatae	142	S	16	103	119	0.00000
Borrelia coriaceae	144	S	11	0	11	0.00000
Borreliella garinii	29519	S	16	21	37	0.00000
Borreliella bissettiae	64897	S	15	9	24	0.00000
Borreliella valaisiana	62088	S	14	8	22	0.00000
Borreliella afzelii	29518	S	12	18	30	0.00000
Breznakiella homolactica	2798577	S	304	12	316	0.00001
Leptospira biflexa	172	S	581	47	628	0.00002
Leptospira kmetyi	408139	S	206	1	207	0.00001
Leptospira kobayashii	1917830	S	192	1	193	0.00001
Leptospira tipperaryensis	2564040	S	150	1	151	0.00000
Leptospira noguchii	28182	S	146	1	147	0.00000
Leptospira santarosai	28183	S	134	1	135	0.00000
Leptospira weilii	28184	S	102	1	103	0.00000
Leptospira mayottensis	1137606	S	72	0	72	0.00000
Leptospira borgpetersenii	174	S	61	0	61	0.00000
Leptospira interrogans	173	S	38	404	442	0.00001
Turneriella parva	29510	S	1054	4	1058	0.00003
Brachyspira intermedia	84377	S	60	25	85	0.00000
Brachyspira pilosicoli	52584	S	54	6	60	0.00000
Brachyspira hampsonii	1287055	S	21	6	27	0.00000
Brachyspira murdochii	84378	S	20	5	25	0.00000
Brachyspira hyodysenteriae	159	S	19	10	29	0.00000
Candidatus Saccharimonas aalborgensis	1332188	S	1618	20	1638	0.00005
Candidatus Nanosynbacter featherlites	2572088	S	438	189	627	0.00002
Candidatus Nanosynbacter lyticus	2093824	S	210	578	788	0.00002
Nanosynbacter sp. HMT-352	2899133	S	159	478	637	0.00002
Candidatus Nanosynbacter sp. HMT352	2902423	S	82	341	423	0.00001
Candidatus Minimicrobia vallesae	2841264	S	41	343	384	0.00001
Candidatus Bipolaricaulis anaerobius	2026885	S	603	11	614	0.00002
Candidatus Babela massiliensis	673862	S	369	3	372	0.00001
Candidatus Chazhemtobacterium aquaticus	2715735	S	143	0	143	0.00000
Candidatus Absconditicoccus praedator	2735562	S	93	0	93	0.00000
Pyramidobacter piscolens	638849	S	804	35	839	0.00002
Fretibacterium fastidiosum	651822	S	783	5	788	0.00002
Aminomonas paucivorans	81412	S	723	63	786	0.00002
Cloacibacillus porcorum	1197717	S	507	52	559	0.00002
Thermanaerovibrio acidaminovorans	81462	S	288	55	343	0.00001
Thermanaerovibrio velox	108007	S	193	26	219	0.00001
Jonquetella anthropi	428712	S	367	28	395	0.00001
Acetomicrobium mobile	97477	S	90	1	91	0.00000
Aminobacterium colombiense	81468	S	55	2	57	0.00000
Thermovirga lienii	336261	S	46	18	64	0.00000
Thermotoga caldifontis	1508419	S	116	10	126	0.00000
Thermotoga profunda	1508420	S	31	2	33	0.00000
Thermotoga naphthophila	93930	S	11	165	176	0.00001
Pseudothermotoga hypogea	57487	S	72	41	113	0.00000
Pseudothermotoga thermarum	119394	S	32	12	44	0.00000
Fervidobacterium pennivorans	93466	S	55	41	96	0.00000
Fervidobacterium nodosum	2424	S	33	6	39	0.00000
Fervidobacterium changbaicum	310769	S	11	50	61	0.00000
Thermosipho ferrireducens	2571116	S	41	3	44	0.00000
Thermosipho melanesiensis	46541	S	39	15	54	0.00000
Thermosipho africanus	2421	S	22	15	37	0.00000
Mesotoga infera	1236046	S	83	3	86	0.00000
Mesotoga prima	1184387	S	40	2	42	0.00000
Kosmotoga olearia	651457	S	46	7	53	0.00000
Kosmotoga pacifica	1330330	S	34	5	39	0.00000
Tepiditoga spiralis	2108365	S	58	6	64	0.00000
Defluviitoga tunisiensis	1006576	S	49	36	85	0.00000
Petrotoga mobilis	69499	S	14	5	19	0.00000
Athalassotoga saccharophila	1441386	S	67	1	68	0.00000
Fusobacterium nucleatum	851	S	130	136	266	0.00001
Fusobacterium ulcerans	861	S	79	6	85	0.00000
Fusobacterium gonidiaformans	849	S	51	8	59	0.00000
Fusobacterium necrophorum	859	S	46	8	54	0.00000
Fusobacterium pseudoperiodonticum	2663009	S	45	14	59	0.00000
Fusobacterium hwasookii	1583098	S	39	35	74	0.00000
Fusobacterium sp. NSJ-57	2764326	S	32	21	53	0.00000
Fusobacterium mortiferum	850	S	36	2	38	0.00000
Fusobacterium varium	856	S	30	1	31	0.00000
Fusobacterium canifelinum	285729	S	21	7	28	0.00000
Fusobacterium gastrosuis	1755100	S	19	2	21	0.00000
Ilyobacter polytropus	167642	S	43	1	44	0.00000
Cetobacterium somerae	188913	S	39	3	42	0.00000
Leptotrichia sp. oral taxon 212	712357	S	31	7	38	0.00000
Leptotrichia sp. oral taxon 218	712361	S	20	10	30	0.00000
Leptotrichia sp. oral taxon 221	712362	S	14	4	18	0.00000
Leptotrichia sp. oral taxon 498	712368	S	11	5	16	0.00000
Leptotrichia sp. oral taxon 847	1785996	S	10	2	12	0.00000
Leptotrichia wadei	157687	S	53	24	77	0.00000
Leptotrichia trevisanii	109328	S	42	21	63	0.00000
Leptotrichia shahii	157691	S	28	17	45	0.00000
Leptotrichia hofstadii	157688	S	22	10	32	0.00000
Leptotrichia buccalis	40542	S	19	8	27	0.00000
Leptotrichia hongkongensis	554406	S	18	10	28	0.00000
Pseudoleptotrichia goodfellowii	157692	S	56	3	59	0.00000
Sebaldella termitidis	826	S	41	0	41	0.00000
Streptobacillus moniliformis	34105	S	36	9	45	0.00000
Sneathia vaginalis	187101	S	16	1	17	0.00000
Thermocrinis ruber	75906	S	49	9	58	0.00000
Thermocrinis minervae	381751	S	33	5	38	0.00000
Thermocrinis albus	136094	S	29	4	33	0.00000
Hydrogenobacter thermophilus	940	S	41	13	54	0.00000
Hydrogenobacter sp. T-8	1632019	S	38	9	47	0.00000
Aquifex aeolicus	63363	S	68	6	74	0.00000
Persephonella marina	309805	S	100	16	116	0.00000
Sulfurihydrogenibium azorense	309806	S	61	13	74	0.00000
Thermosulfidibacter takaii	412593	S	96	2	98	0.00000
Thermovibrio ammonificans	228745	S	103	18	121	0.00000
Desulfurobacterium thermolithotrophum	64160	S	52	7	59	0.00000
Thermosulfurimonas marina	2047767	S	237	31	268	0.00001
Thermodesulfobacterium geofontis	1295609	S	63	21	84	0.00000
Thermodesulfobacterium sp. TA1	2234087	S	36	9	45	0.00000
Thermodesulfobacterium commune	1741	S	30	10	40	0.00000
Thermosulfuriphilus ammonigenes	1936021	S	139	4	143	0.00000
Thermodesulfatator indicus	171695	S	81	10	91	0.00000
Caldimicrobium thiodismutans	1653476	S	39	7	46	0.00000
Geovibrio thiophilus	139438	S	165	29	194	0.00001
Flexistipes sinusarabici	2352	S	103	10	113	0.00000
Calditerrivibrio nitroreducens	477976	S	92	11	103	0.00000
Deferribacter desulfuricans	197162	S	81	12	93	0.00000
Denitrovibrio acetiphilus	118000	S	62	7	69	0.00000
Mucispirillum schaedleri	248039	S	50	3	53	0.00000
Caldithrix abyssi	187145	S	578	2	580	0.00002
Desulfurispirillum indicum	936456	S	516	114	630	0.00002
Elusimicrobium minutum	423605	S	147	2	149	0.00000
Endomicrobium proavitum	1408281	S	54	11	65	0.00000
Candidatus Endomicrobium trichonymphae	1408204	S	45	7	52	0.00000
Caldisericum exile	693075	S	128	0	128	0.00000
Dictyoglomus thermophilum	14	S	32	39	71	0.00000
Dictyoglomus turgidum	513050	S	19	23	42	0.00000
Coprothermobacter proteolyticus	35786	S	96	9	105	0.00000
Atribacter laminatus	2847778	S	72	0	72	0.00000
Fusarium oxysporum	5507	S	110509	10983	121492	0.00362
Fusarium acuminatum	5515	S	33516	556	34072	0.00101
Fusarium avenaceum	40199	S	320	3	323	0.00001
Fusarium sambucinum	5128	S	23286	2026	25312	0.00075
Fusarium poae	36050	S	494	37	531	0.00002
Fusarium pseudograminearum	101028	S	347	8	355	0.00001
Fusarium sporotrichioides	5514	S	218	2	220	0.00001
Fusarium venenatum	56646	S	213	97	310	0.00001
Fusarium longipes	694270	S	193	1	194	0.00001
Fusarium culmorum	5516	S	169	8	177	0.00001
Fusarium graminearum	5518	S	117	89	206	0.00001
Fusarium nygamai	42673	S	1157	225	1382	0.00004
Fusarium fujikuroi	5127	S	572	29	601	0.00002
Fusarium thapsinum	120644	S	375	54	429	0.00001
Fusarium pseudonygamai	47755	S	300	45	345	0.00001
Fusarium verticillioides	117187	S	261	149	410	0.00001
Fusarium nelsonii	77846	S	599	51	650	0.00002
Fusarium chlamydosporum	86545	S	243	21	264	0.00001
Fusarium dimerum	57145	S	718	6	724	0.00002
Fusarium heterosporum	42747	S	341	29	370	0.00001
Fusarium graminum	86546	S	255	22	277	0.00001
Fusarium decemcellulare	57161	S	518	2	520	0.00002
Fusarium scirpi	2211609	S	227	34	261	0.00001
Fusarium equiseti	61235	S	213	35	248	0.00001
Fusarium lateritium	5523	S	368	3	371	0.00001
Fusarium musae	1042133	S	208	102	310	0.00001
Metarhizium guizhouense	169041	S	3093	616	3709	0.00011
Metarhizium album	92629	S	751	7	758	0.00002
Metarhizium rileyi	1649241	S	433	28	461	0.00001
Metarhizium anisopliae	5530	S	367	183	550	0.00002
Metarhizium acridum	92637	S	258	60	318	0.00001
Metarhizium humberi	2596975	S	225	50	275	0.00001
Metarhizium majus	1650735	S	155	25	180	0.00001
Metarhizium brunneum	500148	S	153	46	199	0.00001
Metarhizium robertsii	568076	S	69	18	87	0.00000
Ustilaginoidea virens	1159556	S	1224	18	1242	0.00004
Pochonia chlamydosporia	280754	S	357	10	367	0.00001
Trichoderma erinaceum	202914	S	1600	139	1739	0.00005
Trichoderma reesei	51453	S	575	22	597	0.00002
Trichoderma citrinoviride	58853	S	566	33	599	0.00002
Trichoderma pleuroti	500994	S	461	26	487	0.00001
Trichoderma afroharzianum	1567482	S	356	48	404	0.00001
Trichoderma asperellum	101201	S	344	12	356	0.00001
Trichoderma atroviride	63577	S	335	39	374	0.00001
Trichoderma hamatum	49224	S	296	10	306	0.00001
Trichoderma gamsii	398673	S	269	22	291	0.00001
Trichoderma koningiopsis	337941	S	253	20	273	0.00001
Trichoderma harzianum	5544	S	246	33	279	0.00001
Trichoderma longibrachiatum	5548	S	100	715	815	0.00002
Trichoderma virens	29875	S	44	324	368	0.00001
Trichoderma koningii	97093	S	39	274	313	0.00001
Trichoderma viride	5547	S	11	107	118	0.00000
Beauveria pseudobassiana	931006	S	2870	338	3208	0.00010
Beauveria felina	37994	S	879	11	890	0.00003
Beauveria brongniartii	118266	S	401	82	483	0.00001
Beauveria bassiana	176275	S	174	194	368	0.00001
Beauveria rudraprayagi	1481906	S	170	180	350	0.00001
Cordyceps fumosorosea	114497	S	1164	63	1227	0.00004
Purpureocillium lilacinum	33203	S	1416	30	1446	0.00004
Drechmeria coniospora	98403	S	1232	20	1252	0.00004
Clonostachys rosea	29856	S	600	11	611	0.00002
Colletotrichum higginsianum	80884	S	1672	122	1794	0.00005
Thermothielavioides terrestris	2587410	S	1761	118	1879	0.00006
Thermothelomyces thermophilus	78579	S	1371	64	1435	0.00004
Neurospora crassa	5141	S	897	42	939	0.00003
Pyricularia pennisetigena	1578925	S	567	75	642	0.00002
Pyricularia oryzae	318829	S	547	125	672	0.00002
Pyricularia grisea	148305	S	431	55	486	0.00001
Neopestalotiopsis clavispora	289240	S	264	288	552	0.00002
Neopestalotiopsis rosae	1562205	S	185	186	371	0.00001
Botrytis cinerea	40559	S	1086	3	1089	0.00003
Aspergillus puulaauensis	1220207	S	1878	46	1924	0.00006
Aspergillus chevalieri	182096	S	1548	95	1643	0.00005
Aspergillus luchuensis	1069201	S	627	30	657	0.00002
Aspergillus oryzae	5062	S	71	200	271	0.00001
Aspergillus flavus	5059	S	36	107	143	0.00000
Aspergillus fumigatus	746128	S	282	10	292	0.00001
Penicillium expansum	27334	S	193	54	247	0.00001
Penicillium citrinum	5077	S	183	11	194	0.00001
Penicillium chrysogenum	5076	S	170	21	191	0.00001
Penicillium aurantiogriseum	36655	S	152	33	185	0.00001
Penicillium digitatum	36651	S	120	16	136	0.00000
Penicillium italicum	40296	S	105	26	131	0.00000
Paecilomyces variotii	264951	S	335	20	355	0.00001
Paecilomyces niveus	5093	S	219	6	225	0.00001
Talaromyces rugulosus	121627	S	342	12	354	0.00001
Ampelomyces quisqualis	50730	S	837	45	882	0.00003
Paraphaeosphaeria minitans	565426	S	754	126	880	0.00003
Zymoseptoria tritici	1047171	S	392	3	395	0.00001
Cercospora beticola	122368	S	275	0	275	0.00001
Eremothecium gossypii	33169	S	265	190	455	0.00001
Eremothecium cymbalariae	45285	S	79	3	82	0.00000
Eremothecium sinecaudum	45286	S	27	14	41	0.00000
Naumovozyma dairenensis	27289	S	197	11	208	0.00001
Naumovozyma castellii	27288	S	141	13	154	0.00000
Tetrapisispora blattae	1071379	S	178	9	187	0.00001
Tetrapisispora phaffii	113608	S	151	7	158	0.00000
Kluyveromyces marxianus	4911	S	186	32	218	0.00001
Kluyveromyces lactis	28985	S	65	8	73	0.00000
Saccharomyces eubayanus	1080349	S	107	8	115	0.00000
Saccharomyces paradoxus	27291	S	55	7	62	0.00000
Saccharomyces cerevisiae	4932	S	49	10	59	0.00000
Kazachstania naganishii	588726	S	121	6	127	0.00000
Kazachstania africana	432096	S	40	3	43	0.00000
Lachancea thermotolerans	381046	S	139	9	148	0.00000
Torulaspora globosa	48254	S	72	5	77	0.00000
Torulaspora delbrueckii	4950	S	43	4	47	0.00000
Zygosaccharomyces rouxii	4956	S	115	6	121	0.00000
[Candida] glabrata	5478	S	103	7	110	0.00000
Zygotorulaspora mrakii	42260	S	72	10	82	0.00000
Candida dubliniensis	42374	S	303	23	326	0.00001
Candida albicans	5476	S	173	13	186	0.00001
Candida orthopsilosis	273371	S	128	2	130	0.00000
Scheffersomyces stipitis	4924	S	80	3	83	0.00000
Debaryomyces hansenii	4959	S	40	1	41	0.00000
Brettanomyces bruxellensis	5007	S	147	46	193	0.00001
Brettanomyces nanus	13502	S	103	64	167	0.00000
Pichia kudriavzevii	4909	S	203	15	218	0.00001
Ogataea parapolymorpha	1005962	S	108	6	114	0.00000
Yarrowia lipolytica	4952	S	287	4	291	0.00001
Sugiyamaella lignohabitans	796027	S	234	15	249	0.00001
Saccharomycodes ludwigii	36035	S	97	16	113	0.00000
Komagataella phaffii	460519	S	53	0	53	0.00000
Schizosaccharomyces pombe	4896	S	438	7	445	0.00001
Pseudozyma flocculosa	84751	S	2336	16	2352	0.00007
Sporisorium graminicola	280036	S	810	148	958	0.00003
Ustilago maydis	5270	S	495	22	517	0.00002
Malassezia restricta	76775	S	339	37	376	0.00001
Rhizoctonia solani	456999	S	658	19	677	0.00002
Phlebiopsis gigantea	82310	S	552	7	559	0.00002
Marasmius oreades	181124	S	232	12	244	0.00001
Cryptococcus neoformans	5207	S	257	25	282	0.00001
Cryptococcus gattii VGI	37769	S	70	52	122	0.00000
Phytophthora cryptogea	4786	S	15584	628	16212	0.00048
Phytophthora cinnamomi	4785	S	1423	117	1540	0.00005
Phytophthora fragariae	53985	S	1065	75	1140	0.00003
Phytophthora infestans	4787	S	791	792	1583	0.00005
Phytophthora boehmeriae	109152	S	498	37	535	0.00002
Phytophthora cactorum	29920	S	497	36	533	0.00002
Phytophthora parasitica	4792	S	334	22	356	0.00001
Pythium aphanidermatum	65070	S	725	24	749	0.00002
