name	taxonomy_id	taxonomy_lvl	kraken_assigned_reads	added_reads	new_est_reads	fraction_total_reads
Streptomyces	1883	G	1203634	352529	1556163	0.11772
Kitasatospora	2063	G	21067	8668	29735	0.00225
Streptacidiphilus	228398	G	15195	5203	20398	0.00154
Yinghuangia	2805681	G	5954	1159	7113	0.00054
Microbacterium	33882	G	103042	21153	124195	0.00940
Agromyces	33877	G	31162	8746	39908	0.00302
Curtobacterium	2034	G	20684	5098	25782	0.00195
Rathayibacter	33886	G	18349	4933	23282	0.00176
Leifsonia	110932	G	15293	6466	21759	0.00165
Leucobacter	55968	G	14735	3234	17969	0.00136
Agrococcus	46352	G	13937	4435	18372	0.00139
Clavibacter	1573	G	13722	11740	25462	0.00193
Protaetiibacter	2680004	G	6210	2117	8327	0.00063
Salinibacterium	235888	G	5516	1033	6549	0.00050
Cryobacterium	69578	G	5294	896	6190	0.00047
Frondihabitans	447237	G	4219	777	4996	0.00038
Microterricola	518733	G	3666	1051	4717	0.00036
Plantibacter	190323	G	3392	501	3893	0.00029
Microcella	337004	G	3283	1360	4643	0.00035
Cnuibacter	1759331	G	2708	683	3391	0.00026
Gryllotalpicola	1195526	G	2666	604	3270	0.00025
Herbiconiux	881616	G	2427	566	2993	0.00023
Mycetocola	76634	G	2412	357	2769	0.00021
Subtercola	120212	G	2304	224	2528	0.00019
Frigoribacterium	96492	G	2246	768	3014	0.00023
Humibacter	427753	G	2127	551	2678	0.00020
Chryseoglobus	1331730	G	1923	449	2372	0.00018
Amnibacterium	1029631	G	1861	522	2383	0.00018
Marisediminicola	1230698	G	1594	231	1825	0.00014
Gulosibacter	256818	G	1590	544	2134	0.00016
Diaminobutyricimonas	1433997	G	1441	316	1757	0.00013
Glaciihabitans	1649454	G	1149	106	1255	0.00009
Agreia	110934	G	1106	156	1262	0.00010
Aquiluna	529881	G	222	13	235	0.00002
Rhodoluna	529883	G	207	13	220	0.00002
Pseudoclavibacter	255204	G	304	69	373	0.00003
Aurantimicrobium	1705353	G	197	12	209	0.00002
Pontimonas	1434032	G	143	8	151	0.00001
Arthrobacter	1663	G	59367	16517	75884	0.00574
Kocuria	57493	G	15185	5434	20619	0.00156
Pseudarthrobacter	1742993	G	12099	4705	16804	0.00127
Micrococcus	1269	G	6789	5119	11908	0.00090
Sinomonas	596707	G	6478	2018	8496	0.00064
Glutamicibacter	1742989	G	4094	1696	5790	0.00044
Rothia	32207	G	3187	1649	4836	0.00037
Paenarthrobacter	1742992	G	2767	1691	4458	0.00034
Citricoccus	169133	G	2666	859	3525	0.00027
Nesterenkonia	57494	G	839	65	904	0.00007
Paeniglutamicibacter	1742990	G	478	90	568	0.00004
Psychromicrobium	2078575	G	378	64	442	0.00003
Neomicrococcus	1868332	G	286	154	440	0.00003
Auritidibacter	1160973	G	260	32	292	0.00002
Renibacterium	1645	G	233	16	249	0.00002
Cellulomonas	1707	G	51586	22609	74195	0.00561
Actinotalea	458839	G	3465	1593	5058	0.00038
Pseudactinotalea	1926259	G	2590	478	3068	0.00023
Oerskovia	162491	G	2557	1039	3596	0.00027
Paraoerskovia	665568	G	1907	631	2538	0.00019
Janibacter	53457	G	10114	3779	13893	0.00105
Phycicoccus	367298	G	8796	3129	11925	0.00090
Pedococcus	2805645	G	5720	2084	7804	0.00059
Intrasporangium	53357	G	5266	1750	7016	0.00053
Tetrasphaera	99479	G	4685	1506	6191	0.00047
Arsenicicoccus	267408	G	3574	1717	5291	0.00040
Cellulosimicrobium	157920	G	14379	7286	21665	0.00164
Xylanimonas	186188	G	8757	3547	12304	0.00093
Isoptericola	254250	G	6418	3661	10079	0.00076
Ornithinimicrobium	125287	G	15326	4028	19354	0.00146
Serinicoccus	265976	G	10640	3632	14272	0.00108
Brachybacterium	43668	G	16979	3458	20437	0.00155
Dermabacter	36739	G	1349	978	2327	0.00018
Devriesea	472568	G	303	21	324	0.00002
Brevibacterium	1696	G	17699	4404	22103	0.00167
Georgenia	154116	G	14646	5422	20068	0.00152
Dermacoccus	57495	G	3996	1750	5746	0.00043
Luteipulveratus	745364	G	3192	563	3755	0.00028
Allobranchiibius	2040262	G	2669	741	3410	0.00026
Yimella	908935	G	1457	369	1826	0.00014
Ruania	626119	G	11325	1696	13021	0.00099
Pengzhenrongella	2888818	G	4052	1424	5476	0.00041
Luteimicrobium	754249	G	3524	1371	4895	0.00037
Beutenbergia	84756	G	4267	897	5164	0.00039
Miniimonas	947525	G	3111	2040	5151	0.00039
Sanguibacter	60919	G	4846	1843	6689	0.00051
Gephyromycinifex	2885697	G	1264	182	1446	0.00011
Austwickia	1184606	G	1010	97	1107	0.00008
Dermatophilus	1862	G	261	30	291	0.00002
Kytococcus	57499	G	2361	1805	4166	0.00032
Demequina	577469	G	861	85	946	0.00007
Jonesia	43673	G	151	33	184	0.00001
Tropheryma	2038	G	38	0	38	0.00000
Mycobacterium	1763	G	127952	42102	170054	0.01286
Mycolicibacterium	1866885	G	126071	26974	153045	0.01158
Mycolicibacter	1073531	G	9097	3798	12895	0.00098
Mycobacteroides	670516	G	7093	4353	11446	0.00087
Mycolicibacillus	2126281	G	2115	645	2760	0.00021
Hoyosella	697025	G	833	53	886	0.00007
Rhodococcus	1827	G	81617	31163	112780	0.00853
Nocardia	1817	G	80554	16616	97170	0.00735
Corynebacterium	1716	G	49004	14213	63217	0.00478
Gordonia	2053	G	37344	11175	48519	0.00367
Skermania	59613	G	2038	273	2311	0.00017
Tsukamurella	2060	G	12303	3660	15963	0.00121
Dietzia	37914	G	7452	2143	9595	0.00073
Tomitella	741759	G	4427	1079	5506	0.00042
Segniliparus	286801	G	1220	80	1300	0.00010
Lawsonella	1847725	G	193	26	219	0.00002
Micromonospora	1873	G	265530	83480	349010	0.02640
Actinoplanes	1865	G	140288	28372	168660	0.01276
Phytohabitans	907364	G	31793	5100	36893	0.00279
Dactylosporangium	35753	G	24256	3351	27607	0.00209
Plantactinospora	673534	G	23700	5095	28795	0.00218
Actinocatenispora	390988	G	20289	3076	23365	0.00177
Couchioplanes	56433	G	18154	5511	23665	0.00179
Catellatospora	53365	G	15147	4124	19271	0.00146
Polymorphospora	338583	G	10385	2751	13136	0.00099
Natronosporangium	2920401	G	6479	550	7029	0.00053
Verrucosispora	84593	G	3982	3430	7412	0.00056
Salinispora	168694	G	3618	716	4334	0.00033
Amycolatopsis	1813	G	154597	36720	191317	0.01447
Pseudonocardia	1847	G	103271	23790	127061	0.00961
Saccharopolyspora	1835	G	31208	8847	40055	0.00303
Saccharothrix	2071	G	27166	9381	36547	0.00276
Kutzneria	43356	G	20480	5285	25765	0.00195
Allokutzneria	1137960	G	19281	5722	25003	0.00189
Saccharomonospora	1851	G	17277	3762	21039	0.00159
Actinoalloteichus	65496	G	9770	1084	10854	0.00082
Actinosynnema	40566	G	9088	3237	12325	0.00093
Lentzea	165301	G	8791	2281	11072	0.00084
Kibdelosporangium	2029	G	7877	1172	9049	0.00068
Alloactinosynnema	674734	G	5572	1525	7097	0.00054
Prauserella	142577	G	3334	369	3703	0.00028
Allosaccharopolyspora	2893576	G	2982	789	3771	0.00029
Nocardioides	1839	G	250376	68984	319360	0.02416
Aeromicrobium	2040	G	23536	5874	29410	0.00222
Friedmanniella	53387	G	6251	1658	7909	0.00060
Pimelobacter	2044	G	5220	2533	7753	0.00059
Marmoricola	86795	G	4841	2381	7222	0.00055
Mumia	1546255	G	3880	884	4764	0.00036
Micropruina	116071	G	2432	466	2898	0.00022
Microlunatus	29404	G	19442	2828	22270	0.00168
Tessaracoccus	72763	G	15837	7072	22909	0.00173
Brevilactibacter	2717325	G	6346	3203	9549	0.00072
Acidipropionibacterium	1912215	G	5680	2663	8343	0.00063
Propionibacterium	1743	G	5346	1926	7272	0.00055
Auraticoccus	1278221	G	4101	969	5070	0.00038
Cutibacterium	1912216	G	2632	699	3331	0.00025
Arachnia	2801844	G	2623	242	2865	0.00022
Raineyella	1911549	G	2467	424	2891	0.00022
Vaginimicrobium	2919589	G	83	39	122	0.00001
Kribbella	182639	G	28266	5513	33779	0.00256
Actinopolymorpha	117156	G	8254	1203	9457	0.00072
Nonomuraea	83681	G	99468	21469	120937	0.00915
Streptosporangium	2000	G	23832	5693	29525	0.00223
Thermobispora	147067	G	7495	2217	9712	0.00073
Actinomadura	1988	G	80919	19423	100342	0.00759
Thermomonospora	2019	G	16797	6485	23282	0.00176
Nocardiopsis	2013	G	20177	4920	25097	0.00190
Thermobifida	83677	G	9184	2368	11552	0.00087
Streptomonospora	104204	G	4647	1183	5830	0.00044
Spiractinospora	2913367	G	2960	252	3212	0.00024
Blastococcus	38501	G	20195	7445	27640	0.00209
Modestobacter	88138	G	19095	7426	26521	0.00201
Geodermatophilus	1860	G	13107	5451	18558	0.00140
Frankia	1854	G	38027	4534	42561	0.00322
Actinomyces	1654	G	23362	3883	27245	0.00206
Schaalia	2529408	G	2869	648	3517	0.00027
Flaviflexus	1522056	G	1753	515	2268	0.00017
Trueperella	1069494	G	1497	528	2025	0.00015
Pauljensenia	2740557	G	878	400	1278	0.00010
Nanchangia	2888879	G	653	90	743	0.00006
Actinobaculum	76833	G	293	21	314	0.00002
Actinotignum	1653174	G	275	23	298	0.00002
Arcanobacterium	28263	G	253	73	326	0.00002
Changpingibacter	2912996	G	224	81	305	0.00002
Mobiluncus	2050	G	182	67	249	0.00002
Varibaculum	184869	G	90	34	124	0.00001
Boudabousia	2767318	G	63	6	69	0.00001
Fannyhessea	2767327	G	59	21	80	0.00001
Jiangella	281472	G	21495	4673	26168	0.00198
Nakamurella	53460	G	13463	2208	15671	0.00119
Bifidobacterium	1678	G	12506	3685	16191	0.00122
Parascardovia	196082	G	242	52	294	0.00002
Gardnerella	2701	G	55	25	80	0.00001
Scardovia	196081	G	28	12	40	0.00000
Catenulispora	414878	G	8752	1608	10360	0.00078
Jatrophihabitans	1434010	G	7090	777	7867	0.00060
Stackebrandtia	283810	G	4867	558	5425	0.00041
Natronoglycomyces	2838311	G	828	36	864	0.00007
Kineococcus	33981	G	4011	1394	5405	0.00041
Epidermidibacterium	2078948	G	2730	1670	4400	0.00033
Actinopolyspora	1849	G	2549	328	2877	0.00022
Acidothermus	28048	G	2268	142	2410	0.00018
Candidatus Planktophila	622681	G	290	34	324	0.00002
Candidatus Nanopelagicus	2039639	G	82	16	98	0.00001
Conexibacter	191494	G	114027	18866	132893	0.01005
Miltoncostaea	2843200	G	27459	4001	31460	0.00238
Rubrobacter	42255	G	61457	3149	64606	0.00489
Baekduia	2600304	G	41203	7771	48974	0.00370
Aquihabitans	1648491	G	23027	4294	27321	0.00207
Iamia	467975	G	12504	2206	14710	0.00111
Actinomarinicola	2789775	G	11691	2548	14239	0.00108
Ilumatobacter	682522	G	4373	298	4671	0.00035
Acidimicrobium	53634	G	1972	171	2143	0.00016
Eggerthella	84111	G	2813	1145	3958	0.00030
Gordonibacter	644652	G	1471	751	2222	0.00017
Adlercreutzia	447020	G	1233	313	1546	0.00012
Arabiibacter	2005386	G	1197	292	1489	0.00011
Raoultibacter	1926677	G	698	68	766	0.00006
Berryella	2815775	G	614	767	1381	0.00010
Slackia	84108	G	492	18	510	0.00004
Denitrobacterium	79603	G	307	148	455	0.00003
Phoenicibacter	1981050	G	62	32	94	0.00001
Cryptobacterium	84162	G	48	6	54	0.00000
Olsenella	133925	G	2033	441	2474	0.00019
Parolsenella	2082587	G	1164	482	1646	0.00012
Parafannyhessea	2847312	G	791	547	1338	0.00010
Thermophilibacter	2847307	G	696	318	1014	0.00008
Atopobium	1380	G	184	22	206	0.00002
Lancefieldella	2767353	G	37	4	41	0.00000
Collinsella	102106	G	1768	647	2415	0.00018
Coriobacterium	33870	G	400	15	415	0.00003
Egicoccus	1755825	G	5586	971	6557	0.00050
Egibacter	1747770	G	5572	373	5945	0.00045
Euzebya	908623	G	5069	475	5544	0.00042
Priestia	2800373	G	29847	32182	62029	0.00469
Bacillus	1386	G	13327	48407	61734	0.00467
Neobacillus	2675232	G	7650	4105	11755	0.00089
Cytobacillus	2675230	G	2584	1320	3904	0.00030
Geobacillus	129337	G	2519	937	3456	0.00026
Hydrogenibacillus	1609627	G	1740	268	2008	0.00015
Metabacillus	2675233	G	1511	687	2198	0.00017
Anoxybacillus	150247	G	1316	408	1724	0.00013
Peribacillus	2675229	G	1244	666	1910	0.00014
Terribacillus	459532	G	1181	225	1406	0.00011
Mesobacillus	2675231	G	897	314	1211	0.00009
Lysinibacillus	400634	G	723	278	1001	0.00008
Niallia	2837506	G	600	192	792	0.00006
Parageobacillus	1906945	G	572	187	759	0.00006
Alkalihalobacillus	2675234	G	499	139	638	0.00005
Virgibacillus	84406	G	394	60	454	0.00003
Rossellomorea	2837508	G	348	170	518	0.00004
Salicibibacter	2685905	G	313	20	333	0.00003
Halobacillus	45667	G	311	49	360	0.00003
Weizmannia	2817139	G	302	166	468	0.00004
Heyndrickxia	2837504	G	250	102	352	0.00003
Salisediminibacterium	1434042	G	238	40	278	0.00002
Sutcliffiella	2837511	G	210	88	298	0.00002
Gottfriedia	2837503	G	182	70	252	0.00002
Oceanobacillus	182709	G	150	28	178	0.00001
Fictibacillus	1329200	G	150	27	177	0.00001
Gracilibacillus	74385	G	146	19	165	0.00001
Psychrobacillus	1221880	G	124	71	195	0.00001
Caldalkalibacillus	379065	G	119	28	147	0.00001
Lentibacillus	175304	G	117	9	126	0.00001
Lederbergia	2804231	G	89	29	118	0.00001
Pontibacillus	289201	G	88	14	102	0.00001
Caldibacillus	1276290	G	79	34	113	0.00001
Aeribacillus	1055323	G	74	42	116	0.00001
Halalkalibacterium	2893055	G	71	63	134	0.00001
Radiobacillus	2785518	G	68	16	84	0.00001
Anaerobacillus	704093	G	68	20	88	0.00001
Pradoshia	2651279	G	67	26	93	0.00001
Salimicrobium	351195	G	65	12	77	0.00001
Mangrovibacillus	2920444	G	61	42	103	0.00001
Sediminibacillus	482460	G	56	12	68	0.00001
Alkalihalophilus	2893060	G	56	12	68	0.00001
Evansella	2837485	G	46	8	54	0.00000
Paraliobacillus	200903	G	26	5	31	0.00000
Amphibacillus	29331	G	26	6	32	0.00000
Paenibacillus	44249	G	33893	3803	37696	0.00285
Brevibacillus	55080	G	3917	833	4750	0.00036
Cohnella	329857	G	2322	423	2745	0.00021
Thermobacillus	76632	G	1742	280	2022	0.00015
Saccharibacillus	456492	G	1088	151	1239	0.00009
Aneurinibacillus	55079	G	389	129	518	0.00004
Alicyclobacillus	29330	G	2843	245	3088	0.00023
Tumebacillus	432330	G	2006	814	2820	0.00021
Kyrpidia	1129704	G	819	47	866	0.00007
Effusibacillus	1502725	G	165	26	191	0.00001
Planococcus	1372	G	1222	408	1630	0.00012
Sporosarcina	1569	G	384	113	497	0.00004
Solibacillus	648800	G	85	43	128	0.00001
Jeotgalibacillus	157226	G	60	25	85	0.00001
Paenisporosarcina	651660	G	59	30	89	0.00001
Ureibacillus	160795	G	58	50	108	0.00001
Viridibacillus	496496	G	35	16	51	0.00000
Kurthia	1649	G	34	18	52	0.00000
Rummeliibacillus	648802	G	28	18	46	0.00000
Staphylospora	2689589	G	486	96	582	0.00004
Kroppenstedtia	1274351	G	436	45	481	0.00004
Polycladomyces	1348505	G	274	31	305	0.00002
Novibacillus	1677050	G	238	38	276	0.00002
Laceyella	292635	G	189	53	242	0.00002
Thermoactinomyces	2023	G	108	26	134	0.00001
Exiguobacterium	33986	G	958	340	1298	0.00010
Gemella	1378	G	25	5	30	0.00000
Staphylococcus	1279	G	554	1597	2151	0.00016
Macrococcus	69965	G	103	45	148	0.00001
Mammaliicoccus	2803850	G	56	36	92	0.00001
Jeotgalicoccus	227979	G	51	7	58	0.00000
Salinicoccus	45669	G	35	13	48	0.00000
Nosocomiicoccus	489909	G	18	3	21	0.00000
Listeria	1637	G	243	2757	3000	0.00023
Brochothrix	2755	G	17	6	23	0.00000
Sporolactobacillus	2077	G	94	16	110	0.00001
Limosilactobacillus	2742598	G	450	305	755	0.00006
Lactobacillus	1578	G	367	565	932	0.00007
Levilactobacillus	2767886	G	338	117	455	0.00003
Lacticaseibacillus	2759736	G	262	105	367	0.00003
Schleiferilactobacillus	2767891	G	152	19	171	0.00001
Weissella	46255	G	151	38	189	0.00001
Lactiplantibacillus	2767842	G	136	40	176	0.00001
Leuconostoc	1243	G	126	22	148	0.00001
Ligilactobacillus	2767887	G	115	67	182	0.00001
Pediococcus	1253	G	73	55	128	0.00001
Lentilactobacillus	2767893	G	70	23	93	0.00001
Oenococcus	46254	G	70	4	74	0.00001
Latilactobacillus	2767885	G	62	38	100	0.00001
Secundilactobacillus	2767892	G	56	21	77	0.00001
Companilactobacillus	2767879	G	52	6	58	0.00000
Loigolactobacillus	2767889	G	52	36	88	0.00001
Paucilactobacillus	2767890	G	41	17	58	0.00000
Liquorilactobacillus	2767888	G	39	19	58	0.00000
Furfurilactobacillus	2767882	G	30	5	35	0.00000
Fructilactobacillus	2767881	G	15	4	19	0.00000
Lapidilactobacillus	2767884	G	14	4	18	0.00000
Amylolactobacillus	2767876	G	14	14	28	0.00000
Periweissella	2930384	G	13	1	14	0.00000
Apilactobacillus	2767877	G	10	1	11	0.00000
Streptococcus	1301	G	836	684	1520	0.00011
Lactococcus	1357	G	136	183	319	0.00002
Enterococcus	1350	G	352	631	983	0.00007
Vagococcus	2737	G	76	68	144	0.00001
Tetragenococcus	51668	G	52	16	68	0.00001
Jeotgalibaca	1470540	G	77	34	111	0.00001
Carnobacterium	2747	G	58	22	80	0.00001
Dolosigranulum	29393	G	35	12	47	0.00000
Marinilactibacillus	191769	G	22	10	32	0.00000
Granulicatella	117563	G	14	31	45	0.00000
Aerococcus	1375	G	141	51	192	0.00001
Abiotrophia	46123	G	23	8	31	0.00000
Suicoccus	2689587	G	15	12	27	0.00000
Ignavigranum	89092	G	11	2	13	0.00000
Thermaerobacter	73918	G	7546	662	8208	0.00062
Intestinimonas	1392389	G	403	175	578	0.00004
Flintibacter	1918454	G	270	36	306	0.00002
Aminipila	2060094	G	125	10	135	0.00001
Emergencia	1926556	G	91	37	128	0.00001
Mogibacterium	86331	G	41	7	48	0.00000
Massilistercora	2717089	G	138	156	294	0.00002
Carboxydocella	178898	G	135	16	151	0.00001
Fenollaria	1686313	G	13	17	30	0.00000
Faecalibacterium	216851	G	1639	1205	2844	0.00022
Dysosmobacter	2591381	G	1136	553	1689	0.00013
Flavonifractor	946234	G	983	283	1266	0.00010
Ethanoligenens	253238	G	519	32	551	0.00004
Ruthenibacterium	1905344	G	468	155	623	0.00005
Vescimonas	2892396	G	462	562	1024	0.00008
Caproiciproducens	1738645	G	387	55	442	0.00003
Anaerotruncus	244127	G	383	231	614	0.00005
Oscillibacter	459786	G	333	120	453	0.00003
Acutalibacter	1918385	G	265	14	279	0.00002
Caproicibacter	2576755	G	248	16	264	0.00002
Ruminococcus	1263	G	190	7	197	0.00001
Solibaculum	2842531	G	160	171	331	0.00003
Caproicibacterium	2834348	G	151	13	164	0.00001
Pusillibacter	2892397	G	135	104	239	0.00002
Acetivibrio	35829	G	80	40	120	0.00001
Thermoclostridium	2304691	G	43	0	43	0.00000
Ruminiclostridium	1508657	G	41	11	52	0.00000
Pseudoclostridium	2304693	G	32	9	41	0.00000
Mageeibacillus	1637257	G	25	39	64	0.00000
Monoglobus	2039302	G	19	11	30	0.00000
Symbiobacterium	2733	G	2918	292	3210	0.00024
Lachnoclostridium	1506553	G	378	218	596	0.00005
Blautia	572511	G	329	481	810	0.00006
Anaerocolumna	1843210	G	211	10	221	0.00002
Roseburia	841	G	154	155	309	0.00002
Enterocloster	2719313	G	147	96	243	0.00002
Anaerostipes	207244	G	106	44	150	0.00001
Coprococcus	33042	G	93	88	181	0.00001
Lacrimispora	2719231	G	85	6	91	0.00001
Anaerotignum	2039240	G	80	9	89	0.00001
Butyrivibrio	830	G	63	9	72	0.00001
Mediterraneibacter	2316020	G	52	57	109	0.00001
Dorea	189330	G	37	37	74	0.00001
Sellimonas	1769710	G	31	19	50	0.00000
Novisyntrophococcus	2888809	G	30	4	34	0.00000
Anaerobutyricum	2569097	G	27	10	37	0.00000
Pseudobutyrivibrio	46205	G	22	1	23	0.00000
Herbinix	1663717	G	17	13	30	0.00000
Cellulosilyticum	698776	G	13	0	13	0.00000
Faecalicatena	2005359	G	12	6	18	0.00000
Clostridium	1485	G	1706	394	2100	0.00016
Hungatella	1649459	G	133	5	138	0.00001
Alkaliphilus	114627	G	78	13	91	0.00001
Crassaminicella	1848399	G	49	11	60	0.00000
Geosporobacter	390805	G	44	7	51	0.00000
Caloramator	44258	G	24	2	26	0.00000
Candidatus Arthromitus	49082	G	23	0	23	0.00000
Hathewaya	1769729	G	15	5	20	0.00000
Serpentinicella	1890059	G	14	2	16	0.00000
Paraclostridium	1849822	G	13	4	17	0.00000
Candidatus Desulforudis	471826	G	785	76	861	0.00007
Desulforamulus	2916693	G	282	81	363	0.00003
Acididesulfobacillus	2924872	G	222	10	232	0.00002
Candidatus Formimonas	2840454	G	136	11	147	0.00001
Desulfofarcimen	2282742	G	106	14	120	0.00001
Thermanaerosceptrum	2651578	G	89	15	104	0.00001
Dehalobacterium	51514	G	39	8	47	0.00000
Christensenella	990721	G	921	487	1408	0.00011
Heliomicrobium	2831443	G	728	393	1121	0.00008
Heliorestis	79598	G	63	3	66	0.00001
Eubacterium	1730	G	452	120	572	0.00004
Acetobacterium	33951	G	203	28	231	0.00002
Alkalibacter	274470	G	72	5	77	0.00001
Desulfitobacterium	36853	G	262	56	318	0.00002
Desulfosporosinus	79206	G	235	29	264	0.00002
Dehalobacter	56112	G	107	16	123	0.00001
Syntrophobotulus	51196	G	67	5	72	0.00001
Syntrophothermus	129001	G	142	13	155	0.00001
Syntrophomonas	862	G	56	11	67	0.00001
Candidatus Contubernalis	338648	G	39	2	41	0.00000
Candidatus Syntrophocurvum	2293313	G	11	2	13	0.00000
Peptoclostridium	1481960	G	66	12	78	0.00001
Clostridioides	1870884	G	34	1446	1480	0.00011
Terrisporobacter	1505652	G	25	4	29	0.00000
Romboutsia	1501226	G	24	8	32	0.00000
Tepidibacter	214904	G	16	3	19	0.00000
Acetoanaerobium	186831	G	15	1	16	0.00000
Filifactor	44259	G	10	16	26	0.00000
Paeniclostridium	1849828	G	10	2	12	0.00000
Desulfoscipio	2867376	G	178	17	195	0.00001
Desulfotomaculum	1562	G	95	42	137	0.00001
Thermincola	278993	G	84	8	92	0.00001
Petrocella	2603323	G	29	5	34	0.00000
Vallitalea	1348611	G	26	1	27	0.00000
Caloranaerobacter	171003	G	31	5	36	0.00000
Alkalicella	2838170	G	17	2	19	0.00000
Moorella	44260	G	1253	47	1300	0.00010
Ammonifex	42837	G	479	20	499	0.00004
Gelria	189326	G	1030	88	1118	0.00008
Thermacetogenium	140458	G	370	385	755	0.00006
Carboxydothermus	129957	G	163	16	179	0.00001
Thermanaeromonas	202949	G	117	4	121	0.00001
Thermoanaerobacter	1754	G	104	22	126	0.00001
Caldanaerobacter	249529	G	55	70	125	0.00001
Caldicellulosiruptor	44000	G	123	14	137	0.00001
Thermoanaerobacterium	28895	G	71	16	87	0.00001
Mahella	252965	G	123	73	196	0.00001
Zhaonella	2748674	G	86	14	100	0.00001
Thermodesulfobium	227388	G	73	1	74	0.00001
Iocasia	2899804	G	84	9	93	0.00001
Halothermothrix	32636	G	50	7	57	0.00000
Halanaerobium	2330	G	33	9	42	0.00000
Halobacteroides	42417	G	47	20	67	0.00001
Acetohalobium	28186	G	41	12	53	0.00000
Anoxybacter	1769008	G	85	30	115	0.00001
Thermosediminibacter	291988	G	139	11	150	0.00001
Biomaibacter	2770094	G	69	4	73	0.00001
Tepidanaerobacter	499228	G	41	1	42	0.00000
Natranaerofaba	2807497	G	76	3	79	0.00001
Natranaerobius	375928	G	33	3	36	0.00000
Koleobacter	2786989	G	110	11	121	0.00001
Selenomonas	970	G	3154	196	3350	0.00025
Megamonas	158846	G	77	3	80	0.00001
Pectinatus	864	G	23	1	24	0.00000
Sporomusa	2375	G	158	27	185	0.00001
Methylomusa	2093783	G	120	11	131	0.00001
Pelosinus	365348	G	88	14	102	0.00001
Megasphaera	906	G	727	296	1023	0.00008
Dialister	39948	G	117	3	120	0.00001
Veillonella	29465	G	74	8	82	0.00001
Acidaminococcus	904	G	277	39	316	0.00002
Phascolarctobacterium	33024	G	158	82	240	0.00002
Limnochorda	1676651	G	3046	143	3189	0.00024
Peptoniphilus	162289	G	142	48	190	0.00001
Murdochiella	1161127	G	87	94	181	0.00001
Anaerococcus	165779	G	30	33	63	0.00000
Finegoldia	150022	G	23	26	49	0.00000
Parvimonas	543311	G	12	24	36	0.00000
Tissierella	41273	G	40	8	48	0.00000
Gudongella	2692382	G	18	3	21	0.00000
Keratinibaculum	1354809	G	16	7	23	0.00000
Schnuerera	2794837	G	15	2	17	0.00000
Gottschalkia	1505664	G	59	7	66	0.00001
Ezakiella	1582879	G	117	267	384	0.00003
Sedimentibacter	190972	G	30	4	34	0.00000
Allobaculum	174708	G	142	26	168	0.00001
Faecalibaculum	1729679	G	97	28	125	0.00001
Erysipelatoclostridium	1505663	G	73	66	139	0.00001
Erysipelothrix	1647	G	59	7	66	0.00001
Intestinibaculum	2679910	G	33	16	49	0.00000
Bulleidia	118747	G	19	8	27	0.00000
Faecalibacillus	2678885	G	14	19	33	0.00000
Longicatena	1918536	G	10	20	30	0.00000
Turicibacter	191303	G	31	14	45	0.00000
Ndongobacter	1930845	G	110	149	259	0.00002
Deinococcus	1298	G	27533	1744	29277	0.00221
Thermus	270	G	5013	442	5455	0.00041
Oceanithermus	208447	G	2673	327	3000	0.00023
Meiothermus	65551	G	2668	186	2854	0.00022
Marinithermus	186191	G	1612	328	1940	0.00015
Truepera	332248	G	2268	138	2406	0.00018
Synechococcus	1129	G	12292	1415	13707	0.00104
Dactylococcopsis	13034	G	59	24	83	0.00001
Cyanobium	167375	G	2519	608	3127	0.00024
Parasynechococcus	2881427	G	175	55	230	0.00002
Prochlorococcus	1218	G	127	6	133	0.00001
Acaryochloris	155977	G	207	8	215	0.00002
Chamaesiphon	217161	G	179	11	190	0.00001
Synechocystis	1142	G	141	10	151	0.00001
Nostoc	1177	G	2595	374	2969	0.00022
Anabaena	1163	G	254	756	1010	0.00008
Cylindrospermum	56106	G	80	8	88	0.00001
Trichormus	264688	G	40	4	44	0.00000
Richelia	98443	G	37	4	41	0.00000
Calothrix	1186	G	1383	119	1502	0.00011
Scytonema	1203	G	676	107	783	0.00006
Brasilonema	383614	G	110	12	122	0.00001
Nodularia	159191	G	178	22	200	0.00002
Sphaerospermopsis	752201	G	160	34	194	0.00001
Dolichospermum	748770	G	99	409	508	0.00004
Anabaenopsis	110103	G	89	47	136	0.00001
Cylindrospermopsis	77021	G	25	3	28	0.00000
Tolypothrix	111782	G	184	42	226	0.00002
Fischerella	1190	G	182	27	209	0.00002
Rivularia	373984	G	49	3	52	0.00000
Leptolyngbya	47251	G	2614	192	2806	0.00021
Kovacikia	1874526	G	395	40	435	0.00003
Leptodesmis	2664261	G	193	19	212	0.00002
Leptothermofonsia	2917830	G	193	17	210	0.00002
Thermoleptolyngbya	2303528	G	610	61	671	0.00005
Thermosynechococcus	146785	G	349	36	385	0.00003
Halomicronema	170610	G	303	13	316	0.00002
Pseudanabaena	1152	G	191	9	200	0.00002
Gloeobacter	33071	G	4061	109	4170	0.00032
Anthocerotibacter	2857076	G	282	9	291	0.00002
Moorena	1155738	G	486	13	499	0.00004
Oscillatoria	1158	G	319	91	410	0.00003
Geitlerinema	63132	G	692	112	804	0.00006
Allocoleopsis	2886347	G	105	12	117	0.00001
Oxynema	1492710	G	269	26	295	0.00002
Microcoleus	44471	G	168	50	218	0.00002
Planktothrix	54304	G	55	7	62	0.00000
Koinonema	2023214	G	202	12	214	0.00002
Limnospira	2596745	G	63	4	67	0.00001
Crinalium	241421	G	57	8	65	0.00000
Microcystis	1125	G	325	98	423	0.00003
Gloeothece	28070	G	93	7	100	0.00001
Halothece	76023	G	47	16	63	0.00000
Euhalothece	65097	G	31	5	36	0.00000
Rippkaea	2546365	G	61	11	72	0.00001
Crocosphaera	263510	G	56	10	66	0.00001
Candidatus Atelocyanobacterium	1453359	G	17	6	23	0.00000
Geminocystis	669357	G	132	14	146	0.00001
Gloeocapsa	102231	G	101	11	112	0.00001
Chondrocystis	268175	G	47	7	54	0.00000
Cyanobacterium	102234	G	47	12	59	0.00000
Chroococcidiopsis	54298	G	530	91	621	0.00005
Pleurocapsa	44474	G	136	17	153	0.00001
Stanieria	102115	G	69	7	76	0.00001
Gloeomargarita	1188227	G	137	5	142	0.00001
Thermostichus	2881385	G	65	35	100	0.00001
Sphaerobacter	2056	G	7777	546	8323	0.00063
Thermomicrobium	499	G	1699	42	1741	0.00013
Roseiflexus	120961	G	6885	412	7297	0.00055
Chloroflexus	1107	G	1996	87	2083	0.00016
Candidatus Promineofilum	1988031	G	4269	100	4369	0.00033
Tepidiforma	2682228	G	4033	199	4232	0.00032
Caldilinea	233191	G	1996	148	2144	0.00016
Anaerolinea	233189	G	827	93	920	0.00007
Pelolinea	1649478	G	713	37	750	0.00006
Brevefilum	2019482	G	268	11	279	0.00002
Ktedonosporobacter	2692417	G	1652	57	1709	0.00013
Dehalogenimonas	670486	G	912	27	939	0.00007
Dehalococcoides	61434	G	380	12	392	0.00003
Thermobaculum	262406	G	1012	167	1179	0.00009
Phototrophicus	2922426	G	554	7	561	0.00004
Fimbriimonas	1005038	G	2554	17	2571	0.00019
Chthonomonas	1077265	G	645	6	651	0.00005
Mycoplasma	2093	G	128	64	192	0.00001
Mycoplasmopsis	2767358	G	54	36	90	0.00001
Mesomycoplasma	2923352	G	38	8	46	0.00000
Ureaplasma	2129	G	18	1	19	0.00000
Candidatus Phytoplasma	33926	G	53	3	56	0.00000
Alteracholeplasma	2903105	G	45	7	52	0.00000
Acholeplasma	2147	G	10	0	10	0.00000
Spiroplasma	2132	G	98	7	105	0.00001
Mesoplasma	46239	G	16	5	21	0.00000
Metamycoplasma	2895509	G	16	17	33	0.00000
Malacoplasma	2791001	G	10	0	10	0.00000
Candidatus Izimaplasma	1912503	G	15	0	15	0.00000
Bradyrhizobium	374	G	378070	50780	428850	0.03244
Rhodopseudomonas	1073	G	21425	6218	27643	0.00209
Tardiphaga	1395974	G	7331	916	8247	0.00062
Nitrobacter	911	G	5715	737	6452	0.00049
Afipia	1033	G	5395	2896	8291	0.00063
Variibacter	1649510	G	4613	384	4997	0.00038
Methylobacterium	407	G	89402	17362	106764	0.00808
Microvirga	186650	G	44646	5949	50595	0.00383
Methylorubrum	2282523	G	16109	7374	23483	0.00178
Rhizobium	379	G	66427	16986	83413	0.00631
Agrobacterium	357	G	13151	4858	18009	0.00136
Neorhizobium	1525371	G	7839	2018	9857	0.00075
Pseudorhizobium	1903858	G	2224	468	2692	0.00020
Sinorhizobium	28105	G	20320	9520	29840	0.00226
Ensifer	106591	G	14567	3102	17669	0.00134
Shinella	323620	G	11327	9109	20436	0.00155
Ciceribacter	1648508	G	1782	394	2176	0.00016
Georhizobium	2661800	G	1424	338	1762	0.00013
Peteryoungia	2853332	G	513	102	615	0.00005
Liberibacter	34019	G	99	44	143	0.00001
Mesorhizobium	68287	G	104330	20929	125259	0.00948
Aquibium	2911176	G	7379	1917	9296	0.00070
Aminobacter	31988	G	5264	3850	9114	0.00069
Nitratireductor	245876	G	4830	786	5616	0.00042
Phyllobacterium	28100	G	3034	334	3368	0.00025
Roseitalea	1915401	G	2445	447	2892	0.00022
Hoeflea	274591	G	1806	185	1991	0.00015
Oricola	1594166	G	1705	253	1958	0.00015
Salaquimonas	2712688	G	683	33	716	0.00005
Lentilitoribacter	1649463	G	54	1	55	0.00000
Pseudolabrys	556257	G	23869	4038	27907	0.00211
Xanthobacter	279	G	9860	2429	12289	0.00093
Starkeya	152053	G	9394	2713	12107	0.00092
Ancylobacter	99	G	8636	3178	11814	0.00089
Labrys	204476	G	3376	390	3766	0.00028
Azorhizobium	6	G	3114	732	3846	0.00029
Rhodoplanes	29407	G	26787	2908	29695	0.00225
Hyphomicrobium	81	G	7610	562	8172	0.00062
Methyloceanibacter	1484898	G	3724	275	3999	0.00030
Aquabacter	45402	G	2746	509	3255	0.00025
Methyloligella	1485594	G	2287	303	2590	0.00020
Rhodomicrobium	1068	G	2147	161	2308	0.00017
Caenibius	2827482	G	1677	790	2467	0.00019
Filomicrobium	119044	G	759	23	782	0.00006
Bosea	85413	G	29660	5136	34796	0.00263
Devosia	46913	G	18479	1645	20124	0.00152
Youhaiella	1827478	G	2232	516	2748	0.00021
Paradevosia	1573407	G	2026	810	2836	0.00021
Pelagibacterium	1082930	G	1097	203	1300	0.00010
Maritalea	623276	G	205	7	212	0.00002
Aureimonas	414371	G	13468	2991	16459	0.00125
Martelella	293088	G	6771	1396	8167	0.00062
Aurantimonas	182269	G	3774	1237	5011	0.00038
Methylocystis	133	G	11301	1106	12407	0.00094
Methylosinus	425	G	5591	900	6491	0.00049
Nordella	169055	G	6992	435	7427	0.00056
Pseudorhodoplanes	1734920	G	5166	425	5591	0.00042
Terrihabitans	2874214	G	2273	289	2562	0.00019
Candidatus Hodgkinia	573657	G	43	0	43	0.00000
Phreatobacter	1632780	G	14020	2670	16690	0.00126
Stappia	152161	G	5497	1134	6631	0.00050
Roseibium	150830	G	2646	345	2991	0.00023
Pannonibacter	227873	G	2427	1872	4299	0.00033
Labrenzia	478070	G	2070	184	2254	0.00017
Pseudovibrio	258255	G	491	29	520	0.00004
Kaustia	2838250	G	4919	537	5456	0.00041
Parvibaculum	256616	G	2285	1820	4105	0.00031
Pyruvatibacter	1742974	G	1539	214	1753	0.00013
Candidatus Phaeomarinobacter	1541445	G	654	37	691	0.00005
Chelatococcus	28209	G	8806	2247	11053	0.00084
Methylocella	120652	G	4082	414	4496	0.00034
Methylovirgula	1156568	G	3209	298	3507	0.00027
Beijerinckia	532	G	912	78	990	0.00007
Blastochloris	59282	G	7951	2090	10041	0.00076
Acuticoccus	1904377	G	5105	626	5731	0.00043
Kaistia	166953	G	4388	1217	5605	0.00042
Brucella	234	G	3817	2595	6412	0.00049
Pseudochrobactrum	354349	G	418	81	499	0.00004
Lichenihabitans	2723776	G	2917	161	3078	0.00023
Hartmannibacter	1572860	G	2912	582	3494	0.00026
Breoghania	1406135	G	2733	404	3137	0.00024
Bartonella	773	G	481	33	514	0.00004
Cohaesibacter	655352	G	480	22	502	0.00004
Sphingomonas	13687	G	326859	44047	370906	0.02806
Sphingobium	165695	G	53239	27680	80919	0.00612
Sphingopyxis	165697	G	40584	9025	49609	0.00375
Novosphingobium	165696	G	31562	12255	43817	0.00331
Rhizorhabdus	1649486	G	13752	7099	20851	0.00158
Allosphingosinicella	2823232	G	6608	893	7501	0.00057
Sphingosinithalassobacter	2676233	G	5945	1470	7415	0.00056
Parasphingopyxis	1234545	G	3763	206	3969	0.00030
Sphingorhabdus	1434046	G	3098	225	3323	0.00025
Blastomonas	150203	G	2818	545	3363	0.00025
Hankyongella	1763827	G	2343	485	2828	0.00021
Tardibacter	2685927	G	2147	1795	3942	0.00030
Citromicrobium	72173	G	1618	764	2382	0.00018
Novosphingopyxis	2709686	G	1549	887	2436	0.00018
Aquisediminimonas	2676781	G	929	40	969	0.00007
Parasphingorhabdus	2709685	G	918	32	950	0.00007
Erythrobacter	1041	G	17735	4813	22548	0.00171
Porphyrobacter	1111	G	5380	1584	6964	0.00053
Qipengyuania	1855416	G	11234	3091	14325	0.00108
Tsuneonella	2800686	G	6665	1424	8089	0.00061
Altererythrobacter	361177	G	6650	1793	8443	0.00064
Croceicoccus	1295327	G	6304	3982	10286	0.00078
Aurantiacibacter	2800681	G	1357	235	1592	0.00012
Pelagerythrobacter	2800685	G	1245	185	1430	0.00011
Paraurantiacibacter	2800682	G	1198	168	1366	0.00010
Croceibacterium	2676755	G	1034	447	1481	0.00011
Sphingosinicella	335405	G	13193	1499	14692	0.00111
Polymorphobacter	1508451	G	5341	234	5575	0.00042
Sandaracinobacter	56358	G	2153	168	2321	0.00018
Zymomonas	541	G	152	207	359	0.00003
Azospirillum	191	G	55049	7712	62761	0.00475
Skermanella	204447	G	19931	2952	22883	0.00173
Nitrospirillum	1543705	G	4198	537	4735	0.00036
Indioceanicola	2478349	G	3368	509	3877	0.00029
Niveispirillum	1543704	G	1673	199	1872	0.00014
Roseomonas	125216	G	34954	5512	40466	0.00306
Rhodovastum	504465	G	6828	738	7566	0.00057
Komagataeibacter	1434011	G	4484	2033	6517	0.00049
Acidiphilium	522	G	4337	2593	6930	0.00052
Roseococcus	35812	G	4318	422	4740	0.00036
Sediminicoccus	1706033	G	3260	176	3436	0.00026
Lichenicola	2804525	G	3080	159	3239	0.00025
Acidibrevibacterium	2603324	G	3018	293	3311	0.00025
Acetobacter	434	G	2495	858	3353	0.00025
Gluconobacter	441	G	1952	523	2475	0.00019
Gluconacetobacter	89583	G	1822	387	2209	0.00017
Granulibacter	364409	G	1230	117	1347	0.00010
Asaia	91914	G	757	135	892	0.00007
Neoasaia	320496	G	721	148	869	0.00007
Kozakia	153497	G	507	178	685	0.00005
Novacetimonas	2919364	G	446	203	649	0.00005
Oecophyllibacter	2791118	G	361	13	374	0.00003
Parasaccharibacter	1602345	G	246	11	257	0.00002
Swingsia	1649499	G	203	9	212	0.00002
Neokomagataea	1223423	G	78	13	91	0.00001
Entomobacter	2811380	G	61	4	65	0.00000
Commensalibacter	1079922	G	42	2	44	0.00000
Bombella	1654741	G	19	2	21	0.00000
Hypericibacter	2705399	G	17442	1151	18593	0.00141
Magnetospirillum	13134	G	10457	207446	217903	0.01648
Rhodospirillum	1081	G	6405	832	7237	0.00055
Ferrovibrio	1231242	G	4568	320	4888	0.00037
Tistrella	171436	G	4211	2162	6373	0.00048
Defluviicoccus	111830	G	2537	249	2786	0.00021
Pararhodospirillum	1612157	G	1385	117	1502	0.00011
Haematospirillum	1804663	G	239	23	262	0.00002
Candidatus Endolissoclinum	1263978	G	92	1	93	0.00001
Stella	93	G	10248	789	11037	0.00083
Elioraea	457933	G	4648	260	4908	0.00037
Thalassospira	168934	G	1508	141	1649	0.00012
Magnetospira	1182780	G	960	35	995	0.00008
Terasakiella	196080	G	119	3	122	0.00001
Paracoccus	265	G	26326	4728	31054	0.00235
Cereibacter	1653176	G	6728	1971	8699	0.00066
Rhodobacter	1060	G	6634	2221	8855	0.00067
Rhodovulum	34008	G	3603	876	4479	0.00034
Polymorphum	991903	G	2958	797	3755	0.00028
Paroceanicella	2683599	G	2898	804	3702	0.00028
Pikeienuella	2831955	G	2140	220	2360	0.00018
Thioclava	285107	G	2078	282	2360	0.00018
Pontivivens	1844015	G	1943	159	2102	0.00016
Silicimonas	1955420	G	1679	106	1785	0.00014
Pelagovum	2795377	G	1660	221	1881	0.00014
Frigidibacter	1775705	G	1424	646	2070	0.00016
Pukyongiella	2831925	G	1366	341	1707	0.00013
Brevirhabdus	1855413	G	1109	545	1654	0.00013
Haematobacter	366614	G	1022	436	1458	0.00011
Gymnodinialimonas	2937410	G	967	98	1065	0.00008
Fuscovulum	2818469	G	962	127	1089	0.00008
Falsirhodobacter	1434002	G	923	140	1063	0.00008
Tabrizicola	1443919	G	834	79	913	0.00007
Pseudopuniceibacterium	2613960	G	834	69	903	0.00007
Pacificitalea	2846749	G	818	187	1005	0.00008
Gemmobacter	204456	G	752	171	923	0.00007
Pseudooceanicola	1679449	G	730	76	806	0.00006
Monaibacterium	2029873	G	702	170	872	0.00007
Roseicitreum	1209946	G	645	35	680	0.00005
Tritonibacter	2083206	G	522	240	762	0.00006
Yoonia	2211641	G	468	110	578	0.00004
Qingshengfaniella	2816884	G	400	23	423	0.00003
Pseudohalocynthiibacter	1759417	G	393	81	474	0.00004
Rhodophyticola	2680018	G	380	12	392	0.00003
Rhodobaca	119541	G	342	16	358	0.00003
Profundibacter	2778525	G	333	12	345	0.00003
Pseudorhodobacter	238783	G	275	18	293	0.00002
Cognatishimia	2211635	G	223	10	233	0.00002
Aestuarium	2820509	G	213	90	303	0.00002
Parasedimentitalea	2738399	G	196	10	206	0.00002
Planktomarina	1284657	G	152	4	156	0.00001
Roseovarius	74030	G	6763	1107	7870	0.00060
Sulfitobacter	60136	G	6533	1294	7827	0.00059
Salipiger	263377	G	4926	1668	6594	0.00050
Roseivivax	93682	G	4026	605	4631	0.00035
Celeribacter	875170	G	2942	1163	4105	0.00031
Phaeobacter	302485	G	2336	488	2824	0.00021
Ruegeria	97050	G	2180	351	2531	0.00019
Leisingera	191028	G	2130	292	2422	0.00018
Pseudosulfitobacter	2854186	G	1879	528	2407	0.00018
Yangia	2919626	G	1795	319	2114	0.00016
Sagittula	58842	G	1654	696	2350	0.00018
Ponticoccus	983507	G	1260	198	1458	0.00011
Mameliella	1434019	G	1218	232	1450	0.00011
Roseobacter	2433	G	1096	29	1125	0.00009
Dinoroseobacter	309512	G	1087	401	1488	0.00011
Ketogulonicigenium	92944	G	1015	145	1160	0.00009
Octadecabacter	53945	G	941	67	1008	0.00008
Roseibacterium	159345	G	938	84	1022	0.00008
Actibacterium	1433986	G	936	463	1399	0.00011
Oceanicola	252301	G	882	48	930	0.00007
Maribius	387095	G	647	36	683	0.00005
Antarctobacter	74032	G	640	34	674	0.00005
Tateyamaria	299261	G	626	22	648	0.00005
Jannaschia	188905	G	598	17	615	0.00005
Thalassococcus	436357	G	596	16	612	0.00005
Thalassobius	335927	G	376	21	397	0.00003
Falsihalocynthiibacter	2854182	G	175	5	180	0.00001
Caulobacter	75	G	46837	6449	53286	0.00403
Brevundimonas	41275	G	32172	5056	37228	0.00282
Phenylobacterium	20	G	27557	5141	32698	0.00247
Asticcacaulis	76890	G	2378	200	2578	0.00020
Terricaulis	2768684	G	2344	88	2432	0.00018
Marinicauda	1649466	G	2402	427	2829	0.00021
Maricaulis	74317	G	783	51	834	0.00006
Glycocaulis	1433402	G	759	39	798	0.00006
Hyphobacterium	2004661	G	565	25	590	0.00004
Hyphomonas	85	G	2559	127	2686	0.00020
Candidatus Viadribacter	2892997	G	1392	38	1430	0.00011
Hirschia	2723	G	44	0	44	0.00000
Aquisalinus	1795639	G	1044	52	1096	0.00008
Parvularcula	208215	G	378	48	426	0.00003
Anaplasma	768	G	152	20	172	0.00001
Wolbachia	953	G	94	5	99	0.00001
Ehrlichia	943	G	50	7	57	0.00000
Neorickettsia	33993	G	44	0	44	0.00000
Rickettsia	780	G	264	21	285	0.00002
Orientia	69474	G	13	0	13	0.00000
Candidatus Phycorickettsia	2115980	G	46	3	49	0.00000
Candidatus Midichloria	411566	G	31	5	36	0.00000
Candidatus Fokinia	1802983	G	16	32	48	0.00000
Candidatus Deianiraea	2603321	G	11	0	11	0.00000
Luteithermobacter	2813803	G	363	71	434	0.00003
Paremcibacter	2813804	G	353	11	364	0.00003
Micavibrio	213485	G	593	8	601	0.00005
Candidatus Puniceispirillum	767891	G	88	2	90	0.00001
Candidatus Hydrogenosomobacter	2654634	G	34	0	34	0.00000
Candidatus Cytomitobacter	2601574	G	28	30	58	0.00000
Candidatus Gromoviella	2900571	G	27	1	28	0.00000
Candidatus Nesciobacter	2601651	G	15	1	16	0.00000
Candidatus Paracaedibacter	1521255	G	67	2	69	0.00001
Candidatus Nucleicultrix	1509243	G	59	3	62	0.00000
Magnetococcus	162171	G	179	5	184	0.00001
Candidatus Pelagibacter	198251	G	96	5	101	0.00001
Candidatus Fonsibacter	2045213	G	24	3	27	0.00000
Kordiimonas	288021	G	75	1	76	0.00001
Burkholderia	32008	G	115356	96302	211658	0.01601
Cupriavidus	106589	G	67549	26637	94186	0.00713
Paraburkholderia	1822464	G	60134	7312	67446	0.00510
Ralstonia	48736	G	17710	9359	27069	0.00205
Caballeronia	1827195	G	16949	2289	19238	0.00146
Pandoraea	93217	G	16932	3008	19940	0.00151
Polynucleobacter	44013	G	1687	51	1738	0.00013
Lautropia	47670	G	1296	266	1562	0.00012
Mycetohabitans	2571159	G	1149	87	1236	0.00009
Chitinimonas	240411	G	946	84	1030	0.00008
Mycoavidus	1810868	G	295	15	310	0.00002
Candidatus Vallotia	2018044	G	178	26	204	0.00002
Limnobacter	131079	G	176	9	185	0.00001
Ephemeroptericola	2680021	G	87	6	93	0.00001
Variovorax	34072	G	72003	27959	99962	0.00756
Hydrogenophaga	47420	G	27902	14189	42091	0.00318
Acidovorax	12916	G	25804	14609	40413	0.00306
Ramlibacter	174951	G	22821	10247	33068	0.00250
Comamonas	283	G	14571	9167	23738	0.00180
Rhodoferax	28065	G	13339	3533	16872	0.00128
Schlegelella	215579	G	10465	3731	14196	0.00107
Diaphorobacter	238749	G	7956	9604	17560	0.00133
Delftia	80865	G	6972	8129	15101	0.00114
Polaromonas	52972	G	6464	533	6997	0.00053
Kinneretia	683756	G	5373	3558	8931	0.00068
Ottowia	219181	G	4492	873	5365	0.00041
Alicycliphilus	201096	G	3997	8295	12292	0.00093
Melaminivora	1649468	G	3552	3741	7293	0.00055
Serpentinimonas	2490452	G	2337	631	2968	0.00022
Verminephrobacter	364316	G	1940	264	2204	0.00017
Hylemonella	232523	G	1662	264	1926	0.00015
Pulveribacter	2678886	G	1595	913	2508	0.00019
Simplicispira	352450	G	1207	519	1726	0.00013
Limnohabitans	665874	G	732	77	809	0.00006
Candidatus Symbiobacter	1436289	G	537	22	559	0.00004
Curvibacter	281915	G	515	41	556	0.00004
Massilia	149698	G	77627	15471	93098	0.00704
Duganella	75654	G	6160	2195	8355	0.00063
Herbaspirillum	963	G	11052	2289	13341	0.00101
Janthinobacterium	29580	G	10854	2376	13230	0.00100
Collimonas	202907	G	4768	586	5354	0.00041
Noviherbaspirillum	1344552	G	3489	648	4137	0.00031
Undibacterium	401469	G	621	43	664	0.00005
Glaciimonas	1229970	G	278	19	297	0.00002
Herminiimonas	303379	G	269	41	310	0.00002
Oxalobacter	846	G	149	16	165	0.00001
Achromobacter	222	G	31542	16385	47927	0.00363
Bordetella	517	G	30027	13196	43223	0.00327
Pigmentiphaga	152267	G	4617	602	5219	0.00039
Castellaniella	359336	G	2274	1861	4135	0.00031
Orrella	1921582	G	2242	818	3060	0.00023
Alcaligenes	507	G	1317	372	1689	0.00013
Pusillimonas (ex Stolz et al. 2005)	305976	G	1000	226	1226	0.00009
Paralcaligenes	1148163	G	735	35	770	0.00006
Advenella	290425	G	590	21	611	0.00005
Kerstersia	257820	G	544	135	679	0.00005
Oligella	90243	G	108	35	143	0.00001
Paenalcaligenes	1100891	G	46	2	48	0.00000
Taylorella	29574	G	22	2	24	0.00000
Pelistega	106146	G	17	3	20	0.00000
Basilea	1472344	G	17	1	18	0.00000
Rhizobacter	212743	G	11451	2901	14352	0.00109
Sphaerotilus	34102	G	7560	4512	12072	0.00091
Methylibium	316612	G	5949	2093	8042	0.00061
Rubrivivax	28067	G	5825	2118	7943	0.00060
Aquincola	391952	G	4831	1962	6793	0.00051
Thiomonas	32012	G	4529	338	4867	0.00037
Mitsuaria	65047	G	4061	938	4999	0.00038
Leptothrix	88	G	3707	1359	5066	0.00038
Xylophilus	54066	G	3092	1037	4129	0.00031
Ideonella	36862	G	2515	1752	4267	0.00032
Tepidimonas	114248	G	2185	931	3116	0.00024
Aquabacterium	92793	G	1940	591	2531	0.00019
Roseateles	93681	G	1809	402	2211	0.00017
Inhella	644355	G	1287	237	1524	0.00012
Paucibacter	318147	G	921	179	1100	0.00008
Candidatus Ichthyocystis	2929841	G	12	0	12	0.00000
Sutterella	40544	G	1682	189	1871	0.00014
Turicimonas	1918598	G	79	8	87	0.00001
Thauera	33057	G	12861	9318	22179	0.00168
Azoarcus	12960	G	11308	4018	15326	0.00116
Nitrogeniibacter	2891294	G	3453	619	4072	0.00031
Aromatoleum	551759	G	11206	3785	14991	0.00113
Azospira	146937	G	6939	3690	10629	0.00080
Niveibacterium	1769726	G	1850	304	2154	0.00016
Oryzomicrobium	1911577	G	1359	391	1750	0.00013
Rugosibacter	1914449	G	372	73	445	0.00003
Dechloromonas	73029	G	3123	597	3720	0.00028
Ferribacterium	88875	G	2653	491	3144	0.00024
Quatrionicoccus	138117	G	1206	384	1590	0.00012
Fluviibacter	2808942	G	178	73	251	0.00002
Usitatibacter	2803845	G	17800	1570	19370	0.00147
Denitratisoma	311181	G	2900	1641	4541	0.00034
Sulfuritalea	1054211	G	2171	347	2518	0.00019
Methyloversatilis	378210	G	1822	275	2097	0.00016
Sterolibacterium	157591	G	1354	441	1795	0.00014
Thiobacillus	919	G	2850	635	3485	0.00026
Sulfuritortus	1938335	G	2002	963	2965	0.00022
Sideroxydans	314343	G	1861	271	2132	0.00016
Ferrigenium	2249462	G	1237	268	1505	0.00011
Ferriphaselus	1443590	G	477	67	544	0.00004
Candidatus Nitrotoga	453161	G	392	25	417	0.00003
Gallionella	96	G	304	28	332	0.00003
Nitrosospira	35798	G	3146	116	3262	0.00025
Nitrosomonas	914	G	742	147	889	0.00007
Sulfurimicrobium	2772198	G	1403	199	1602	0.00012
Sulfuriferula	1778653	G	1323	239	1562	0.00012
Sulfuricella	935200	G	681	70	751	0.00006
Methylovorus	81682	G	372	27	399	0.00003
Methylobacillus	404	G	347	98	445	0.00003
Methylophilus	16	G	177	12	189	0.00001
Candidatus Methylopumilus	1679002	G	145	11	156	0.00001
Methylotenera	359407	G	85	7	92	0.00001
Methyloradius	2872156	G	77	6	83	0.00001
Chromobacterium	535	G	10159	2556	12715	0.00096
Iodobacter	32014	G	164	47	211	0.00002
Jeongeupia	885864	G	3181	661	3842	0.00029
Paludibacterium	400060	G	2504	481	2985	0.00023
Pseudogulbenkiania	568394	G	1896	710	2606	0.00020
Vogesella	57739	G	1617	444	2061	0.00016
Aquitalea	407217	G	1305	280	1585	0.00012
Microvirgula	57479	G	1234	263	1497	0.00011
Laribacter	168470	G	920	965	1885	0.00014
Aquaspirillum	187	G	577	95	672	0.00005
Chitinibacter	230666	G	264	145	409	0.00003
Deefgea	400947	G	205	28	233	0.00002
Neisseria	482	G	3585	1368	4953	0.00037
Crenobacter	1654931	G	2164	793	2957	0.00022
Chitinolyticbacter	1055692	G	1487	203	1690	0.00013
Vitreoscilla	59	G	743	144	887	0.00007
Kingella	32257	G	513	143	656	0.00005
Eikenella	538	G	441	124	565	0.00004
Uruburuella	299568	G	378	65	443	0.00003
Paralysiella	2898489	G	149	34	183	0.00001
Alysiella	194195	G	84	14	98	0.00001
Conchiformibius	334107	G	78	79	157	0.00001
Snodgrassella	1193515	G	32	12	44	0.00000
Aquella	2593687	G	28	1	29	0.00000
Morococcus	212742	G	20	109	129	0.00001
Simonsiella	71	G	19	3	22	0.00000
Casimicrobium	2706000	G	1681	938	2619	0.00020
Candidatus Kinetoplastibacterium	33055	G	28	4	32	0.00000
Lysobacter	68	G	130164	24197	154361	0.01168
Stenotrophomonas	40323	G	34976	17756	52732	0.00399
Xanthomonas	338	G	32949	27488	60437	0.00457
Luteimonas	83614	G	25373	5618	30991	0.00234
Pseudoxanthomonas	83618	G	16458	8103	24561	0.00186
Thermomonas	141948	G	13453	4027	17480	0.00132
Arenimonas	490567	G	2374	521	2895	0.00022
Pseudolysobacter	2709666	G	1829	55	1884	0.00014
Xylella	2370	G	403	57	460	0.00003
Frateuria	70411	G	13667	3632	17299	0.00131
Luteibacter	242605	G	12009	1420	13429	0.00102
Rhodanobacter	75309	G	10160	2225	12385	0.00094
Dyella	231454	G	8677	1474	10151	0.00077
Dokdonella	323413	G	5012	937	5949	0.00045
Aerosticca	2707020	G	2336	3506	5842	0.00044
Ahniella	2233801	G	1161	33	1194	0.00009
Pseudomonas	286	G	198136	67707	265843	0.02011
Azotobacter	352	G	4610	4069	8679	0.00066
Halopseudomonas	2901189	G	2327	494	2821	0.00021
Permianibacter	1649479	G	449	15	464	0.00004
Thiopseudomonas	1654787	G	52	12	64	0.00000
Entomomonas	2758906	G	33	1	34	0.00000
Marinobacter	2742	G	5298	482	5780	0.00044
Enterobacter	547	G	14189	28350	42539	0.00322
Klebsiella	570	G	5566	43633	49199	0.00372
Raoultella	160674	G	1427	1145	2572	0.00019
Citrobacter	544	G	2548	2921	5469	0.00041
Cronobacter	413496	G	1757	498	2255	0.00017
Leclercia	83654	G	1552	1107	2659	0.00020
Kosakonia	1330547	G	1533	293	1826	0.00014
Salmonella	590	G	1223	42539	43762	0.00331
Pluralibacter	1330546	G	1135	345	1480	0.00011
Escherichia	561	G	929	14591	15520	0.00117
Cedecea	158483	G	862	146	1008	0.00008
Lelliottia	1330545	G	547	139	686	0.00005
Kluyvera	579	G	476	155	631	0.00005
Candidatus Symbiopectobacterium	801	G	140	56	196	0.00001
Candidatus Hamiltonella	568987	G	34	9	43	0.00000
Candidatus Blochmannia	203804	G	66	2	68	0.00001
Candidatus Doolittlea	1906657	G	32	1	33	0.00000
Candidatus Purcelliella	472825	G	11	1	12	0.00000
Candidatus Hoaglandella	1906659	G	10	0	10	0.00000
Pseudescherichia	2055880	G	246	17	263	0.00002
Jejubacter	2815296	G	223	28	251	0.00002
Plesiomonas	702	G	209	78	287	0.00002
Buttiauxella	82976	G	183	36	219	0.00002
Shimwellia	1335483	G	179	42	221	0.00002
Yokenella	158876	G	172	87	259	0.00002
Atlantibacter	1903434	G	160	40	200	0.00002
Phytobacter	447792	G	120	192	312	0.00002
Pseudocitrobacter	1504576	G	116	34	150	0.00001
Scandinavium	2726810	G	114	87	201	0.00002
Shigella	620	G	43	1845	1888	0.00014
Candidatus Profftia	1177214	G	25	1	26	0.00000
Candidatus Moranella	1048757	G	19	0	19	0.00000
Serratia	613	G	8825	2698	11523	0.00087
Rahnella	34037	G	881	274	1155	0.00009
Yersinia	629	G	834	898	1732	0.00013
Nissabacter	1964366	G	610	106	716	0.00005
Gibbsiella	929812	G	368	59	427	0.00003
Rouxiella	1565532	G	217	23	240	0.00002
Ewingella	41201	G	195	33	228	0.00002
Chania	1745211	G	101	13	114	0.00001
Candidatus Fukatsuia	1927833	G	47	3	50	0.00000
Pantoea	53335	G	5464	1122	6586	0.00050
Erwinia	551	G	2089	428	2517	0.00019
Mixta	2100764	G	1276	427	1703	0.00013
Buchnera	32199	G	190	28	218	0.00002
Tatumella	82986	G	100	18	118	0.00001
Wigglesworthia	51228	G	29	3	32	0.00000
Dickeya	204037	G	2598	5866	8464	0.00064
Pectobacterium	122277	G	1444	300	1744	0.00013
Brenneria	71655	G	1044	88	1132	0.00009
Lonsdalea	1082702	G	458	82	540	0.00004
Musicola	2884243	G	270	70	340	0.00003
Edwardsiella	635	G	1553	655	2208	0.00017
Hafnia	568	G	196	86	282	0.00002
Obesumbacterium	82982	G	29	22	51	0.00000
Morganella	581	G	406	342	748	0.00006
Xenorhabdus	626	G	305	706	1011	0.00008
Providencia	586	G	272	122	394	0.00003
Proteus	583	G	164	180	344	0.00003
Photorhabdus	29487	G	127	11	138	0.00001
Arsenophonus	637	G	60	6	66	0.00000
Moellerella	158848	G	21	16	37	0.00000
Sodalis	84565	G	1089	86	1175	0.00009
Leminorella	82980	G	161	25	186	0.00001
Pragia	82984	G	40	6	46	0.00000
Jinshanibacter	2810357	G	28	6	34	0.00000
Limnobaculum	2172100	G	26	6	32	0.00000
Thioalkalivibrio	106633	G	7777	1533	9310	0.00070
Spiribacter	1335745	G	4927	385	5312	0.00040
Acidihalobacter	1765964	G	3290	306	3596	0.00027
Halorhodospira	85108	G	1696	155	1851	0.00014
Alkalilimnicola	133193	G	1585	219	1804	0.00014
Aquisalimonas	406099	G	1401	104	1505	0.00011
Ectothiorhodospira	1051	G	1257	129	1386	0.00010
Ectothiorhodosinus	233099	G	192	13	205	0.00002
Allochromatium	85072	G	2737	686	3423	0.00026
Thiodictyon	53392	G	2728	162	2890	0.00022
Thioflavicoccus	156885	G	2459	253	2712	0.00021
Marichromatium	85076	G	2340	504	2844	0.00022
Thiocapsa	1056	G	1944	114	2058	0.00016
Thiocystis	13724	G	1375	130	1505	0.00011
Thermochromatium	85073	G	852	218	1070	0.00008
Nitrosococcus	1227	G	685	22	707	0.00005
Caldichromatium	2828366	G	641	81	722	0.00005
Rheinheimera	67575	G	212	41	253	0.00002
Candidatus Nitrosoglobus	1980513	G	30	2	32	0.00000
Candidatus Nitrosacidococcus	2796146	G	28	1	29	0.00000
Wenzhouxiangella	1676142	G	2587	147	2734	0.00021
Thiohalobacter	1273155	G	2024	269	2293	0.00017
Guyparkeria	2035712	G	1538	427	1965	0.00015
Sulfurivermis	2034504	G	1430	616	2046	0.00015
Halothiobacillus	109262	G	870	81	951	0.00007
Woeseia	1738655	G	753	14	767	0.00006
Sulfuriflexus	1860077	G	312	10	322	0.00002
Granulosicoccus	437504	G	254	4	258	0.00002
Halomonas	2745	G	25330	3930	29260	0.00221
Cobetia	204286	G	1549	1169	2718	0.00021
Halotalea	376488	G	1383	308	1691	0.00013
Salinicola	404432	G	1366	175	1541	0.00012
Kushneria	504090	G	1113	59	1172	0.00009
Chromohalobacter	42054	G	954	116	1070	0.00008
Pistricoccus	1897649	G	711	53	764	0.00006
Zymobacter	33073	G	184	27	211	0.00002
Candidatus Portiera	235572	G	23	3	26	0.00000
Alcanivorax	59753	G	3239	1800	5039	0.00038
Ketobacter	2025617	G	133	10	143	0.00001
Marinobacterium	48075	G	1067	151	1218	0.00009
Marinomonas	28253	G	324	38	362	0.00003
Thalassolituus	187492	G	208	31	239	0.00002
Venatorbacter	2893036	G	145	41	186	0.00001
Bacterioplanes	1537406	G	135	9	144	0.00001
Neptunomonas	75687	G	126	11	137	0.00001
Nitrincola	267849	G	88	16	104	0.00001
Amphritea	515417	G	73	7	80	0.00001
Bermanella	599651	G	34	1	35	0.00000
Hahella	158481	G	683	29	712	0.00005
Saccharospirillum	231683	G	374	25	399	0.00003
Reinekea	230494	G	172	10	182	0.00001
Gynuella	1445504	G	130	4	134	0.00001
Spartinivicinus	2768738	G	207	7	214	0.00002
Litoricola	418700	G	206	11	217	0.00002
Oleiphilus	141450	G	116	9	125	0.00001
Endozoicomonas	305899	G	89	5	94	0.00001
Methylococcus	413	G	5756	462	6218	0.00047
Methylomonas	416	G	3235	118	3353	0.00025
Methylomagnum	1760987	G	1715	85	1800	0.00014
Methylomicrobium	39773	G	1510	274	1784	0.00014
Methylogaea	1295378	G	1508	130	1638	0.00012
Methylocaldum	73778	G	1392	90	1482	0.00011
Candidatus Methylospira	1808977	G	535	25	560	0.00004
Methylotuvimicrobium	2822410	G	343	160	503	0.00004
Methylovulum	762296	G	212	5	217	0.00002
Methylobacter	429	G	89	6	95	0.00001
Aeromonas	642	G	13806	11321	25127	0.00190
Zobellella	347533	G	1047	262	1309	0.00010
Oceanimonas	129577	G	427	96	523	0.00004
Dongshaea	2802288	G	147	15	162	0.00001
Oceanisphaera	225143	G	112	14	126	0.00001
Tolumonas	43947	G	71	33	104	0.00001
Succinivibrio	83770	G	31	1	32	0.00000
Solimonas	413435	G	7193	862	8055	0.00061
Flagellatimonas	2893022	G	1727	137	1864	0.00014
Sinimarinibacterium	1861863	G	851	524	1375	0.00010
Steroidobacter	469322	G	3873	1183	5056	0.00038
Sulfurifustis	1692042	G	6208	458	6666	0.00050
Sulfuricaulis	1744881	G	2370	210	2580	0.00020
Acidiferrobacter	986106	G	1736	38	1774	0.00013
Shewanella	22	G	4100	803	4903	0.00037
Parashewanella	2547964	G	38	3	41	0.00000
Alteromonas	226	G	537	123	660	0.00005
Salinimonas	288793	G	250	43	293	0.00002
Hydrocarboniclastica	2650549	G	412	63	475	0.00004
Agarivorans	261825	G	137	13	150	0.00001
Paraglaciecola	1621534	G	132	11	143	0.00001
Lacimicrobium	1751872	G	121	9	130	0.00001
Saliniradius	2661818	G	92	9	101	0.00001
Glaciecola	89404	G	57	4	61	0.00000
Paraneptunicella	2905123	G	51	3	54	0.00000
Catenovulum	1172191	G	40	3	43	0.00000
Saccharobesus	2894574	G	32	2	34	0.00000
Pseudoalteromonas	53246	G	1136	152	1288	0.00010
Psychrosphaera	907197	G	43	9	52	0.00000
Flocculibacter	2834759	G	20	2	22	0.00000
Ferrimonas	44011	G	494	65	559	0.00004
Colwellia	28228	G	127	13	140	0.00001
Thalassotalea	1518149	G	98	13	111	0.00001
Cognaticolwellia	2848171	G	21	3	24	0.00000
Litorilituus	1407056	G	11	0	11	0.00000
Idiomarina	135575	G	240	26	266	0.00002
Moritella	58050	G	80	20	100	0.00001
Psychromonas	67572	G	55	5	60	0.00000
Microbulbifer	48073	G	4136	263	4399	0.00033
Kineobactrum	2678529	G	770	31	801	0.00006
Halioglobus	1217416	G	562	19	581	0.00004
Congregibacter	393661	G	295	125	420	0.00003
Aequoribacter	2847769	G	108	13	121	0.00001
Cellvibrio	10	G	773	32	805	0.00006
Teredinibacter	2425	G	305	12	317	0.00002
Simiduia	447467	G	281	15	296	0.00002
Saccharophagus	316625	G	61	1	62	0.00000
Agarilytica	2036021	G	50	1	51	0.00000
Marinagarivorans	1792291	G	42	2	44	0.00000
Spongiibacter	630749	G	601	56	657	0.00005
Zhongshania	1434050	G	147	12	159	0.00001
Oceanicoccus	1084558	G	82	1	83	0.00001
Vibrio	662	G	3775	675	4450	0.00034
Photobacterium	657	G	756	209	965	0.00007
Salinivibrio	51366	G	143	22	165	0.00001
Grimontia	246861	G	90	13	103	0.00001
Thaumasiovibrio	2014233	G	41	6	47	0.00000
Aliivibrio	511678	G	34	7	41	0.00000
Acinetobacter	469	G	2024	1540	3564	0.00027
Psychrobacter	497	G	433	20	453	0.00003
Moraxella	475	G	272	28	300	0.00002
Aquirhabdus	2824158	G	94	4	98	0.00001
Immundisolibacter	1934947	G	2596	553	3149	0.00024
Candidatus Endoriftia	393764	G	680	36	716	0.00005
Candidatus Vesicomyosocius	2732587	G	25	16	41	0.00000
Candidatus Ruthia	1541743	G	14	17	31	0.00000
Sedimenticola	349742	G	448	20	468	0.00004
Candidatus Reidiella	2738850	G	346	8	354	0.00003
Thiolapillus	1608298	G	309	8	317	0.00002
Pseudohongiella	1524249	G	168	5	173	0.00001
Gallaecimonas	745410	G	130	11	141	0.00001
Celerinatantimonas	412033	G	44	3	47	0.00000
Ignatzschineria	112008	G	26	2	28	0.00000
Candidatus Thioglobus	655184	G	20	2	22	0.00000
Candidatus Pseudothioglobus	2841677	G	10	4	14	0.00000
Legionella	445	G	1159	109	1268	0.00010
Tatlockia	465	G	35	2	37	0.00000
Fluoribacter	461	G	30	12	42	0.00000
Aquicella	254245	G	503	17	520	0.00004
Coxiella	776	G	282	55	337	0.00003
Rickettsiella	59195	G	90	4	94	0.00001
Thiomicrorhabdus	2039723	G	232	12	244	0.00002
Methylophaga	40222	G	198	52	250	0.00002
Thiomicrospira	933	G	166	60	226	0.00002
Hydrogenovibrio	28884	G	116	48	164	0.00001
Piscirickettsia	1237	G	59	4	63	0.00000
Cycloclasticus	34067	G	48	4	52	0.00000
Thiosulfatimonas	2781121	G	40	2	42	0.00000
Thiosulfativibrio	2781120	G	28	1	29	0.00000
Thiothrix	1030	G	726	23	749	0.00006
Beggiatoa	1021	G	58	1	59	0.00000
Francisella	262	G	107	764	871	0.00007
Allofrancisella	1869285	G	14	1	15	0.00000
Salinisphaera	180541	G	1713	82	1795	0.00014
Pasteurella	745	G	379	845	1224	0.00009
Aggregatibacter	416916	G	162	26	188	0.00001
Haemophilus	724	G	159	56	215	0.00002
Actinobacillus	713	G	153	94	247	0.00002
Mannheimia	75984	G	125	26	151	0.00001
Avibacterium	292486	G	58	10	68	0.00001
Glaesserella	2094023	G	54	25	79	0.00001
Rodentibacter	1960084	G	33	3	36	0.00000
Basfia	697331	G	31	2	33	0.00000
Gallibacterium	155493	G	26	8	34	0.00000
Bibersteinia	476528	G	20	7	27	0.00000
Frederiksenia	1649317	G	19	5	24	0.00000
Histophilus	214906	G	12	4	16	0.00000
Cardiobacterium	2717	G	862	137	999	0.00008
Suttonella	13275	G	54	2	56	0.00000
Dichelobacter	869	G	38	15	53	0.00000
Kangiella	261963	G	143	10	153	0.00001
Gilliamella	1193503	G	51	23	74	0.00001
Zophobihabitans	2894762	G	15	1	16	0.00000
Archangium	47	G	42591	4610	47201	0.00357
Cystobacter	42	G	8210	1979	10189	0.00077
Stigmatella	40	G	6996	509	7505	0.00057
Melittangium	44	G	5687	1256	6943	0.00053
Anaeromyxobacter	161492	G	68045	5559	73604	0.00557
Myxococcus	32	G	22818	50911	73729	0.00558
Corallococcus	83461	G	21200	1651	22851	0.00173
Pyxidicoccus	224458	G	11179	491	11670	0.00088
Vulgatibacter	1524214	G	5981	515	6496	0.00049
Sorangium	39643	G	88156	11717	99873	0.00756
Polyangium	55	G	22483	2334	24817	0.00188
Chondromyces	50	G	10762	550	11312	0.00086
Pajaroellobacter	1882917	G	186	6	192	0.00001
Sandaracinus	1055688	G	32934	2005	34939	0.00264
Labilithrix	1524217	G	14875	738	15613	0.00118
Haliangium	162027	G	15635	901	16536	0.00125
Geomonas	2651583	G	11253	1965	13218	0.00100
Geobacter	28231	G	9868	1142	11010	0.00083
Citrifermentans	2883512	G	3242	849	4091	0.00031
Geotalea	2910589	G	1447	105	1552	0.00012
Geoalkalibacter	392332	G	862	749	1611	0.00012
Trichlorobacter	115782	G	514	72	586	0.00004
Desulfuromonas	890	G	7638	1000	8638	0.00065
Pelobacter	18	G	1110	415	1525	0.00012
Syntrophotalea	2812025	G	1405	170	1575	0.00012
Pseudodesulfovibrio	2035811	G	6410	1222	7632	0.00058
Desulfovibrio	872	G	6321	933	7254	0.00055
Solidesulfovibrio	2910984	G	4274	479	4753	0.00036
Oceanidesulfovibrio	2905722	G	1764	120	1884	0.00014
Desulfocurvibacter	2582840	G	1274	105	1379	0.00010
Desulfolutivibrio	2773294	G	1213	354	1567	0.00012
Megalodesulfovibrio	2910978	G	1113	60	1173	0.00009
Oleidesulfovibrio	2909705	G	309	429	738	0.00006
Paradesulfovibrio	2910986	G	165	17	182	0.00001
Maridesulfovibrio	2794998	G	164	16	180	0.00001
Lawsonia	41707	G	31	0	31	0.00000
Desulfomicrobium	898	G	1276	164	1440	0.00011
Desulfohalobium	45662	G	354	19	373	0.00003
Desulfosarcina	2299	G	3175	489	3664	0.00028
Desulfococcus	896	G	726	139	865	0.00007
Desulfoluna	497721	G	553	30	583	0.00004
Desulfatibacillum	218207	G	544	19	563	0.00004
Desulfonema	45654	G	253	7	260	0.00002
Desulfobacter	2289	G	222	23	245	0.00002
Desulforapulum	2904687	G	175	20	195	0.00001
Desulfobacula	28222	G	48	4	52	0.00000
Desulfobulbus	893	G	1758	362	2120	0.00016
Desulfurivibrio	427922	G	639	37	676	0.00005
Desulfomarina	2894767	G	90	9	99	0.00001
Desulfosudis	2904716	G	650	44	694	0.00005
Desulfosediminicola	2886823	G	252	27	279	0.00002
Desulfotalea	109168	G	85	15	100	0.00001
Desulfocapsa	53318	G	76	4	80	0.00001
Persicimonas	2766927	G	4725	156	4881	0.00037
Bradymonas	1779136	G	1529	765	2294	0.00017
Syntrophobacter	29526	G	1241	504	1745	0.00013
Desulfoglaeba	361106	G	1053	56	1109	0.00008
Desulfarculus	453229	G	1957	1126	3083	0.00023
Desulfomonile	2357	G	475	4	479	0.00004
Desulfobacca	60892	G	438	11	449	0.00003
Syntrophus	43773	G	358	25	383	0.00003
Dissulfurimicrobium	1769732	G	270	19	289	0.00002
Candidatus Desulfofervidus	1902583	G	134	3	137	0.00001
Hippea	84404	G	39	2	41	0.00000
Campylobacter	194	G	879	105	984	0.00007
Sulfurimonas	202746	G	606	54	660	0.00005
Sulfuricurvum	286130	G	42	2	44	0.00000
Helicobacter	209	G	469	63	532	0.00004
Wolinella	843	G	53	25	78	0.00001
Nitratifractor	269260	G	315	26	341	0.00003
Sulfurovum	265570	G	173	20	193	0.00001
Hydrogenimonas	223785	G	274	29	303	0.00002
Sulfurospirillum	57665	G	199	11	210	0.00002
Arcobacter	28196	G	28	33	61	0.00000
Malaciobacter	2321114	G	21	5	26	0.00000
Aliarcobacter	2321111	G	18	7	25	0.00000
Halarcobacter	2321115	G	16	2	18	0.00000
Pseudoarcobacter	2321113	G	10	4	14	0.00000
Nitrosophilus	2795692	G	136	36	172	0.00001
Nitratiruptor	269258	G	77	8	85	0.00001
Caminibacter	191301	G	49	19	68	0.00001
Nautilia	191291	G	31	8	39	0.00000
Acidithiobacillus	119977	G	1891	234	2125	0.00016
Bdellovibrio	958	G	655	50	705	0.00005
Pseudobdellovibrio	2862745	G	45	3	48	0.00000
Bacteriovorax	146784	G	58	10	68	0.00001
Halobacteriovorax	1652133	G	33	7	40	0.00000
Fluviispira	2698753	G	33	11	44	0.00000
Silvanigrella	2024975	G	26	9	35	0.00000
Hydrogenophilus	70774	G	622	143	765	0.00006
Mariprofundus	377315	G	466	16	482	0.00004
Gemmata	113	G	58332	5815	64147	0.00485
Urbifossiella	2807415	G	52712	4688	57400	0.00434
Frigoriglobus	2774146	G	33413	5453	38866	0.00294
Limnoglobus	2731450	G	25247	1189	26436	0.00200
Tuwongella	2051044	G	2136	86	2222	0.00017
Telmatocola	1382832	G	1762	16	1778	0.00013
Tautonia	2680020	G	34640	3057	37697	0.00285
Aquisphaera	1511635	G	31199	5212	36411	0.00275
Paludisphaera	1763521	G	19355	4082	23437	0.00177
Singulisphaera	466152	G	16635	2331	18966	0.00143
Isosphaera	127	G	2515	173	2688	0.00020
Planctomyces	118	G	26022	6289	32311	0.00244
Caulifigura	2795778	G	6363	421	6784	0.00051
Gimesia	1649453	G	5488	293	5781	0.00044
Alienimonas	2714737	G	4884	363	5247	0.00040
Maioricimonas	2795777	G	4815	612	5427	0.00041
Symmachiella	2795780	G	1693	101	1794	0.00014
Rubinisphaera	1649490	G	1029	101	1130	0.00009
Fuerstiella	1936111	G	963	17	980	0.00007
Planctopirus	1649480	G	878	32	910	0.00007
Calycomorphotria	2795776	G	810	30	840	0.00006
Crateriforma	2714592	G	780	143	923	0.00007
Polystyrenella	2795774	G	329	28	357	0.00003
Thalassoglobus	2795865	G	290	14	304	0.00002
Lacipirellula	2691417	G	11942	777	12719	0.00096
Pirellulimonas	2795783	G	5784	603	6387	0.00048
Botrimarina	2795782	G	4743	421	5164	0.00039
Aeoliella	2795781	G	1461	112	1573	0.00012
Adhaeretor	2862451	G	872	80	952	0.00007
Bythopirellula	1400386	G	646	43	689	0.00005
Stieleria	2795973	G	3730	390	4120	0.00031
Lignipirellula	2795775	G	3707	420	4127	0.00031
Rosistilla	2795779	G	3246	233	3479	0.00026
Anatilimnocola	2807414	G	2955	316	3271	0.00025
Pirellula	123	G	2100	67	2167	0.00016
Bremerella	2714594	G	2052	145	2197	0.00017
Roseimaritima	1579506	G	2005	125	2130	0.00016
Rubripirellula	1579505	G	810	149	959	0.00007
Mariniblastus	2005380	G	623	11	634	0.00005
Aureliella	2795605	G	537	41	578	0.00004
Rhodopirellula	265488	G	515	33	548	0.00004
Thermogutta	1676125	G	738	22	760	0.00006
Humisphaera	2807511	G	10425	263	10688	0.00081
Phycisphaera	666508	G	3420	285	3705	0.00028
Mucisphaera	2913022	G	1689	94	1783	0.00013
Poriferisphaera	2803301	G	199	1	200	0.00002
Anaerohalosphaera	2690159	G	380	11	391	0.00003
Limihaloglobus	2690160	G	174	7	181	0.00001
Sedimentisphaera	2483368	G	96	32	128	0.00001
Candidatus Kuenenia	380738	G	141	0	141	0.00001
Candidatus Uabimicrobium	2897349	G	102	1	103	0.00001
Opitutus	178440	G	10730	947	11677	0.00088
Lacunisphaera	1961799	G	3462	523	3985	0.00030
Oleiharenicola	2100741	G	2757	155	2912	0.00022
Nibricoccus	2576890	G	2204	106	2310	0.00017
Ereboglobus	2028344	G	1562	83	1645	0.00012
Ruficoccus	2175957	G	709	119	828	0.00006
Coraliomargarita	442430	G	203	5	208	0.00002
Verrucomicrobium	2735	G	3835	353	4188	0.00032
Luteolibacter	518753	G	2952	119	3071	0.00023
Roseimicrobium	1348508	G	2128	75	2203	0.00017
Sulfuriroseicoccus	2911469	G	425	44	469	0.00004
Akkermansia	239934	G	1293	110	1403	0.00011
Methylacidimicrobium	1541670	G	1474	164	1638	0.00012
Candidatus Xiphinematobacter	134550	G	189	16	205	0.00002
Methylacidiphilum	511745	G	167	10	177	0.00001
Kiritimatiella	1921784	G	970	1119	2089	0.00016
Tichowtungia	2907187	G	380	12	392	0.00003
Candidatus Protochlamydia	282132	G	96	16	112	0.00001
Neochlamydia	112987	G	49	6	55	0.00000
Parachlamydia	83551	G	46	8	54	0.00000
Candidatus Rhabdochlamydia	292833	G	81	6	87	0.00001
Waddlia	71666	G	38	3	41	0.00000
Simkania	34093	G	36	2	38	0.00000
Chlamydia	810	G	105	29	134	0.00001
Candidatus Velamenicoccus	2789201	G	326	1	327	0.00002
Gemmatirosa	1706036	G	194870	18313	213183	0.01613
Gemmatimonas	173479	G	33979	879	34858	0.00264
Hymenobacter	89966	G	22142	1079	23221	0.00176
Pontibacter	323449	G	2525	277	2802	0.00021
Rufibacter	1379908	G	690	169	859	0.00007
Adhaeribacter	299566	G	332	24	356	0.00003
Nibribacter	1649474	G	183	112	295	0.00002
Spirosoma	107	G	4159	222	4381	0.00033
Rhodocytophaga	455076	G	181	7	188	0.00001
Aquirufa	2676247	G	83	11	94	0.00001
Cytophaga	978	G	54	5	59	0.00000
Dyadobacter	120831	G	1140	76	1216	0.00009
Fibrella	861914	G	1096	81	1177	0.00009
Runella	105	G	567	20	587	0.00004
Larkinella	332157	G	187	13	200	0.00002
Leadbetterella	319458	G	54	29	83	0.00001
Arcticibacterium	2173039	G	28	1	29	0.00000
Chryseolinea	1433993	G	1328	46	1374	0.00010
Fulvivirga	396811	G	251	13	264	0.00002
Echinicola	390846	G	377	59	436	0.00003
Algoriphagus	246875	G	192	18	210	0.00002
Cyclobacterium	68288	G	87	10	97	0.00001
Aquiflexum	280472	G	65	9	74	0.00001
Mongoliitalea	1511649	G	34	3	37	0.00000
Belliella	232244	G	29	13	42	0.00000
Candidatus Amoebophilus	281119	G	58	2	60	0.00000
Candidatus Cardinium	273135	G	32	5	37	0.00000
Flammeovirga	59739	G	79	5	84	0.00001
Marivirga	869806	G	63	22	85	0.00001
Mangrovivirga	2858886	G	42	3	45	0.00000
Bernardetia	1937972	G	32	2	34	0.00000
Chitinophaga	79328	G	3735	262	3997	0.00030
Flavisolibacter	398041	G	3520	287	3807	0.00029
Niastella	354354	G	3390	385	3775	0.00029
Pseudocnuella	2812019	G	1634	215	1849	0.00014
Panacibacter	1874621	G	1557	78	1635	0.00012
Flavihumibacter	1004301	G	1013	63	1076	0.00008
Paraflavitalea	2698688	G	997	82	1079	0.00008
Niabella	379899	G	948	79	1027	0.00008
Arachidicoccus	1769012	G	852	135	987	0.00007
Pseudobacter	1860196	G	729	68	797	0.00006
Ferruginibacter	1004303	G	590	39	629	0.00005
Lacibacter	649461	G	564	27	591	0.00004
Phnomibacter	2836216	G	531	68	599	0.00005
Filimonas	649460	G	408	53	461	0.00003
Rhodocaloribacter	2893090	G	4865	539	5404	0.00041
Rhodothermus	29548	G	4626	278	4904	0.00037
Salinibacter	146918	G	2646	46	2692	0.00020
Alistipes	239759	G	4911	1705	6616	0.00050
Prevotella	838	G	1522	213	1735	0.00013
Paraprevotella	577309	G	76	71	147	0.00001
Pseudoprevotella	2884814	G	61	6	67	0.00001
Bacteroides	816	G	1234	606	1840	0.00014
Phocaeicola	909656	G	227	128	355	0.00003
Tannerella	195950	G	483	25	508	0.00004
Parabacteroides	375288	G	377	246	623	0.00005
Sodaliphilus	2815786	G	254	134	388	0.00003
Duncaniella	2518495	G	245	11	256	0.00002
Muribaculum	1918540	G	175	20	195	0.00001
Porphyromonas	836	G	542	61	603	0.00005
Petrimonas	307628	G	122	7	129	0.00001
Proteiniphilum	294702	G	101	5	106	0.00001
Dysgonomonas	156973	G	22	0	22	0.00000
Barnesiella	397864	G	169	233	402	0.00003
Coprobacter	1348911	G	25	23	48	0.00000
Butyricimonas	574697	G	95	46	141	0.00001
Odoribacter	283168	G	47	4	51	0.00000
Salinivirga	1970191	G	53	1	54	0.00000
Paludibacter	346096	G	49	1	50	0.00000
Tenuifilum	2760873	G	29	0	29	0.00000
Draconibacterium	1471399	G	113	9	122	0.00001
Maribellus	2678352	G	55	5	60	0.00000
Alkalitalea	1193324	G	29	3	32	0.00000
Labilibaculum	2060722	G	22	2	24	0.00000
Flavobacterium	237	G	2209	280	2489	0.00019
Capnocytophaga	1016	G	423	59	482	0.00004
Muricauda	111500	G	385	79	464	0.00004
Gramella	292691	G	284	43	327	0.00002
Robiginitalea	252306	G	271	17	288	0.00002
Polaribacter	52959	G	234	33	267	0.00002
Nonlabens	363408	G	216	35	251	0.00002
Winogradskyella	286104	G	143	28	171	0.00001
Antarcticibacterium	2058174	G	129	20	149	0.00001
Maribacter	252356	G	119	32	151	0.00001
Aequorivita	153265	G	117	5	122	0.00001
Sinomicrobium	1434045	G	116	5	121	0.00001
Salegentibacter	143222	G	99	47	146	0.00001
Cellulophaga	104264	G	92	22	114	0.00001
Kordia	221065	G	82	5	87	0.00001
Tenacibaculum	104267	G	80	16	96	0.00001
Formosa	225842	G	80	14	94	0.00001
Aquimarina	290174	G	74	5	79	0.00001
Myroides	76831	G	70	27	97	0.00001
Dokdonia	326319	G	59	5	64	0.00000
Mariniflexile	527198	G	58	5	63	0.00000
Leeuwenhoekiella	283735	G	55	11	66	0.00001
Algibacter	261827	G	50	14	64	0.00000
Gilvibacter	379070	G	48	6	54	0.00000
Zobellia	112040	G	46	3	49	0.00000
Aggregatimonas	2913017	G	42	2	44	0.00000
Zunongwangia	417127	G	41	26	67	0.00001
Seonamhaeicola	1649495	G	39	5	44	0.00000
Arenibacter	178469	G	39	11	50	0.00000
Lutibacter	358023	G	38	4	42	0.00000
Lacinutrix	291183	G	36	9	45	0.00000
Tamlana	393005	G	34	6	40	0.00000
Flagellimonas	444459	G	34	2	36	0.00000
Euzebyella	1287916	G	34	16	50	0.00000
Pukyongia	2831916	G	33	2	35	0.00000
Amniculibacterium	2715289	G	32	45	77	0.00001
Costertonia	343334	G	31	6	37	0.00000
Aegicerativicinus	2893197	G	28	1	29	0.00000
Gillisia	244698	G	28	9	37	0.00000
Constantimarinum	2907134	G	27	2	29	0.00000
Galbibacter	379068	G	25	3	28	0.00000
Zhouia	561555	G	24	5	29	0.00000
Croceibacter	216431	G	22	3	25	0.00000
Marixanthomonas	387658	G	22	6	28	0.00000
Siansivirga	1204360	G	22	5	27	0.00000
Olleya	336276	G	21	22	43	0.00000
Flavivirga	1209327	G	21	1	22	0.00000
Psychroflexus	83612	G	20	1	21	0.00000
Muriicola	762641	G	20	1	21	0.00000
Bizionia	283785	G	17	3	20	0.00000
Oceanihabitans	2045416	G	17	6	23	0.00000
Changchengzhania	2049301	G	16	19	35	0.00000
Urechidicola	2700084	G	16	7	23	0.00000
Wenyingzhuangia	1518147	G	15	2	17	0.00000
Mesoflavibacter	444051	G	14	3	17	0.00000
Sediminicola	389486	G	14	1	15	0.00000
Psychroserpens	49277	G	10	19	29	0.00000
Chryseobacterium	59732	G	1708	617	2325	0.00018
Kaistella	2782231	G	238	35	273	0.00002
Epilithonimonas	2782229	G	56	62	118	0.00001
Elizabethkingia	308865	G	195	70	265	0.00002
Cruoricaptor	1433995	G	61	9	70	0.00001
Ornithobacterium	28250	G	60	60	120	0.00001
Apibacter	1778601	G	50	7	57	0.00000
Empedobacter	59734	G	46	24	70	0.00001
Cloacibacterium	501783	G	42	29	71	0.00001
Riemerella	34084	G	29	14	43	0.00000
Weeksella	1013	G	17	9	26	0.00000
Bergeyella	59735	G	17	4	21	0.00000
Blattabacterium	34098	G	152	16	168	0.00001
Owenweeksia	267986	G	47	3	50	0.00000
Croceimicrobium	2828338	G	27	6	33	0.00000
Crocinitomix	246873	G	30	0	30	0.00000
Fluviicola	332102	G	29	1	30	0.00000
Candidatus Sulcia	336809	G	19	8	27	0.00000
Mucilaginibacter	423349	G	2765	225	2990	0.00023
Pedobacter	84567	G	1200	94	1294	0.00010
Sphingobacterium	28453	G	812	411	1223	0.00009
Anseongella	1773450	G	216	10	226	0.00002
Olivibacter	376469	G	198	19	217	0.00002
Solitalea	929509	G	152	13	165	0.00001
Pseudopedobacter	1649482	G	46	43	89	0.00001
Haliscomenobacter	2349	G	268	3	271	0.00002
Saprospira	1007	G	64	2	66	0.00000
Candidatus Sulfidibacterium	2923290	G	84	3	87	0.00001
Chlorobaculum	256319	G	2102	152	2254	0.00017
Pelodictyon	1099	G	502	71	573	0.00004
Chlorobium	1091	G	345	40	385	0.00003
Prosthecochloris	1101	G	726	51	777	0.00006
Chloroherpeton	100715	G	182	3	185	0.00001
Candidatus Cyclonatronum	2489367	G	293	30	323	0.00002
Melioribacter	1134403	G	134	13	147	0.00001
Ignavibacterium	795750	G	89	10	99	0.00001
Fibrobacter	832	G	168	3	171	0.00001
Candidatus Cloacimonas	456826	G	72	1	73	0.00001
Luteitalea	2004797	G	67328	4508	71836	0.00543
Granulicella	940557	G	10801	1261	12062	0.00091
Terriglobus	392733	G	7579	1051	8630	0.00065
Acidobacterium	33973	G	6224	588	6812	0.00052
Candidatus Koribacter	658061	G	5784	226	6010	0.00045
Edaphobacter	388463	G	3129	440	3569	0.00027
Acidisarcina	2608728	G	2091	174	2265	0.00017
Paludibaculum	1649475	G	9237	298	9535	0.00072
Chloracidobacterium	458032	G	3945	158	4103	0.00031
Sulfidibacter	2915177	G	1976	51	2027	0.00015
Thermotomaculum	1172428	G	77	4	81	0.00001
Nitrospira	1234	G	13355	233	13588	0.00103
Leptospirillum	179	G	350	9	359	0.00003
Dissulfurispira	2811506	G	122	9	131	0.00001
Thermodesulfovibrio	28261	G	80	2	82	0.00001
Spirochaeta	146	G	843	27	870	0.00007
Salinispira	1616789	G	96	3	99	0.00001
Sediminispirochaeta	1911556	G	75	2	77	0.00001
Oceanispirochaeta	2035349	G	32	1	33	0.00000
Thiospirochaeta	2792240	G	11	0	11	0.00000
Treponema	157	G	1047	150	1197	0.00009
Sphaerochaeta	399320	G	232	14	246	0.00002
Breznakiella	2845254	G	166	13	179	0.00001
Borrelia	138	G	69	17	86	0.00001
Borreliella	64895	G	12	77	89	0.00001
Leptospira	171	G	543	54	597	0.00005
Turneriella	338321	G	277	2	279	0.00002
Brachyspira	29521	G	37	1	38	0.00000
Pyramidobacter	638847	G	749	53	802	0.00006
Aminomonas	81411	G	579	75	654	0.00005
Fretibacterium	1434006	G	558	9	567	0.00004
Thermanaerovibrio	81461	G	476	110	586	0.00004
Cloacibacillus	508459	G	437	103	540	0.00004
Jonquetella	428711	G	279	49	328	0.00002
Acetomicrobium	49894	G	83	2	85	0.00001
Aminobacterium	81466	G	71	5	76	0.00001
Thermovirga	336260	G	50	48	98	0.00001
Candidatus Bipolaricaulis	2250122	G	642	31	673	0.00005
Candidatus Nanosynbacter	2093823	G	142	106	248	0.00002
Candidatus Saccharimonas	1331051	G	82	1	83	0.00001
Candidatus Absconditicoccus	2900570	G	42	0	42	0.00000
Candidatus Chazhemtobacterium	2715734	G	42	0	42	0.00000
Candidatus Babela	1551504	G	38	0	38	0.00000
Thermotoga	2335	G	316	41	357	0.00003
Pseudothermotoga	1643951	G	87	6	93	0.00001
Thermosipho	2420	G	61	5	66	0.00001
Fervidobacterium	2422	G	47	34	81	0.00001
Mesotoga	1184396	G	112	4	116	0.00001
Kosmotoga	651456	G	82	5	87	0.00001
Marinitoga	160798	G	35	2	37	0.00000
Defluviitoga	1511648	G	13	24	37	0.00000
Petrotoga	28236	G	10	8	18	0.00000
Athalassotoga	1769718	G	53	1	54	0.00000
Thermocrinis	75905	G	126	13	139	0.00001
Hydrogenobacter	939	G	64	6	70	0.00001
Aquifex	2713	G	58	3	61	0.00000
Hydrogenobaculum	168657	G	19	0	19	0.00000
Sulfurihydrogenibium	212790	G	75	12	87	0.00001
Persephonella	182899	G	56	5	61	0.00000
Thermosulfidibacter	412592	G	117	5	122	0.00001
Thermovibrio	171868	G	87	16	103	0.00001
Desulfurobacterium	64159	G	29	4	33	0.00000
Thermosulfurimonas	1522431	G	191	58	249	0.00002
Thermosulfuriphilus	2033601	G	115	9	124	0.00001
Thermodesulfatator	241192	G	57	16	73	0.00001
Thermodesulfobacterium	1740	G	50	23	73	0.00001
Caldimicrobium	444090	G	26	10	36	0.00000
Caldithrix	187144	G	357	4	361	0.00003
Geovibrio	46200	G	96	16	112	0.00001
Calditerrivibrio	545865	G	49	6	55	0.00000
Mucispirillum	248038	G	39	4	43	0.00000
Flexistipes	2351	G	37	3	40	0.00000
Denitrovibrio	117999	G	34	3	37	0.00000
Deferribacter	53572	G	30	5	35	0.00000
Desulfurispirillum	393029	G	281	149	430	0.00003
Leptotrichia	32067	G	112	21	133	0.00001
Sebaldella	32068	G	22	1	23	0.00000
Fusobacterium	848	G	93	26	119	0.00001
Ilyobacter	167639	G	15	1	16	0.00000
Cetobacterium	180162	G	11	2	13	0.00000
Elusimicrobium	423604	G	102	1	103	0.00001
Endomicrobium	1408194	G	99	1	100	0.00001
Dictyoglomus	13	G	112	0	112	0.00001
Coprothermobacter	68335	G	85	20	105	0.00001
Caldisericum	693074	G	74	0	74	0.00001
Atribacter	2847777	G	67	2	69	0.00001
Fusarium	5506	G	9452	917	10369	0.00078
Trichoderma	5543	G	2896	148	3044	0.00023
Metarhizium	5529	G	1990	271	2261	0.00017
Ustilaginoidea	124426	G	611	33	644	0.00005
Pochonia	243023	G	182	12	194	0.00001
Beauveria	5581	G	1864	75	1939	0.00015
Cordyceps	45234	G	839	60	899	0.00007
Purpureocillium	1052105	G	954	79	1033	0.00008
Drechmeria	98402	G	714	39	753	0.00006
Clonostachys	110564	G	321	25	346	0.00003
Colletotrichum	5455	G	957	229	1186	0.00009
Thermothielavioides	2609811	G	2759	306	3065	0.00023
Thermothelomyces	1920207	G	2749	221	2970	0.00022
Neurospora	5140	G	810	62	872	0.00007
Pyricularia	48558	G	1163	11	1174	0.00009
Neopestalotiopsis	1562158	G	600	10	610	0.00005
Botrytis	33196	G	158	1	159	0.00001
Aspergillus	5052	G	10699	543	11242	0.00085
Penicillium	5073	G	1079	39	1118	0.00008
Paecilomyces	33202	G	301	6	307	0.00002
Talaromyces	5094	G	155	6	161	0.00001
Paraphaeosphaeria	125369	G	338	102	440	0.00003
Ampelomyces	50729	G	258	24	282	0.00002
Zymoseptoria	1047167	G	211	6	217	0.00002
Cercospora	29002	G	133	1	134	0.00001
Eremothecium	33170	G	182	124	306	0.00002
Lachancea	300275	G	63	3	66	0.00001
Saccharomyces	4930	G	52	3	55	0.00000
Kluyveromyces	4910	G	51	6	57	0.00000
Torulaspora	4948	G	48	3	51	0.00000
Tetrapisispora	113604	G	46	1	47	0.00000
Naumovozyma	278028	G	43	2	45	0.00000
Nakaseomyces	374468	G	41	1	42	0.00000
Kazachstania	71245	G	39	1	40	0.00000
Zygosaccharomyces	4953	G	13	0	13	0.00000
Zygotorulaspora	1196389	G	13	1	14	0.00000
Brettanomyces	13366	G	66	2	68	0.00001
Ogataea	461281	G	45	1	46	0.00000
Pichia	4919	G	21	0	21	0.00000
Candida	1535326	G	84	1	85	0.00001
Scheffersomyces	766733	G	16	0	16	0.00000
Debaryomyces	4958	G	14	0	14	0.00000
Yarrowia	4951	G	99	1	100	0.00001
Sugiyamaella	410829	G	54	4	58	0.00000
Saccharomycodes	36034	G	22	2	24	0.00000
Komagataella	460517	G	10	0	10	0.00000
Schizosaccharomyces	4895	G	21	0	21	0.00000
Pseudozyma	63298	G	1225	11	1236	0.00009
Ustilago	5269	G	481	10	491	0.00004
Sporisorium	63265	G	271	38	309	0.00002
Malassezia	55193	G	120	21	141	0.00001
Phlebiopsis	82309	G	382	3	385	0.00003
Rhizoctonia	1322061	G	107	5	112	0.00001
Marasmius	34448	G	65	2	67	0.00001
Cryptococcus	5206	G	132	21	153	0.00001
Encephalitozoon	6033	G	26	0	26	0.00000
Phytophthora	4783	G	4444	463	4907	0.00037
Pythium	4797	G	407	4	411	0.00003
