name	taxonomy_id	taxonomy_lvl	kraken_assigned_reads	added_reads	new_est_reads	fraction_total_reads
Hyphomicrobiales	356	O	2485089	147840	2632929	0.14204
Sphingomonadales	204457	O	828767	71094	899861	0.04855
Rhodospirillales	204441	O	385646	296116	681762	0.03678
Rhodobacterales	204455	O	255450	20348	275798	0.01488
Caulobacterales	204458	O	124444	11066	135510	0.00731
Hyphomonadales	2800060	O	9463	324	9787	0.00053
Maricaulales	2800059	O	7187	720	7907	0.00043
Parvularculales	255473	O	2178	144	2322	0.00013
Rickettsiales	766	O	1327	1096	2423	0.00013
Emcibacterales	2066490	O	1018	93	1111	0.00006
Holosporales	1921002	O	397	11	408	0.00002
Magnetococcales	1191478	O	319	7	326	0.00002
Pelagibacterales	54526	O	183	3	186	0.00001
Kordiimonadales	362534	O	143	2	145	0.00001
Burkholderiales	80840	O	1405104	311873	1716977	0.09263
Nitrosomonadales	32003	O	112585	12852	125437	0.00677
Rhodocyclales	206389	O	106049	32337	138386	0.00747
Neisseriales	206351	O	56172	15840	72012	0.00388
Xanthomonadales	135614	O	437872	70265	508137	0.02741
Pseudomonadales	72274	O	326954	104436	431390	0.02327
Enterobacterales	91347	O	96534	181573	278107	0.01500
Chromatiales	135613	O	80226	6248	86474	0.00467
Oceanospirillales	135619	O	63444	8569	72013	0.00388
Methylococcales	135618	O	24887	1153	26040	0.00140
Aeromonadales	135624	O	22511	16654	39165	0.00211
Nevskiales	1775403	O	19218	3909	23127	0.00125
Acidiferrobacterales	1692040	O	15894	796	16690	0.00090
Cellvibrionales	1706369	O	15211	761	15972	0.00086
Alteromonadales	135622	O	12784	1668	14452	0.00078
Vibrionales	135623	O	7059	1579	8638	0.00047
Moraxellales	2887326	O	4088	1914	6002	0.00032
Immundisolibacterales	1934945	O	4041	781	4822	0.00026
Legionellales	118969	O	3954	4000	7954	0.00043
Thiotrichales	72273	O	2986	238	3224	0.00017
Salinisphaerales	742030	O	2533	2467	5000	0.00027
Pasteurellales	135625	O	1670	1138	2808	0.00015
Cardiobacteriales	135615	O	1501	206	1707	0.00009
Kangiellales	2887327	O	247	15	262	0.00001
Orbales	1240482	O	117	20	137	0.00001
Myxococcales	29	O	508687	42643	551330	0.02974
Desulfuromonadales	69541	O	50622	4216	54838	0.00296
Desulfovibrionales	213115	O	34352	2857	37209	0.00201
Desulfobacterales	213118	O	12771	1165	13936	0.00075
Bradymonadales	1779134	O	9416	270	9686	0.00052
Syntrophobacterales	213462	O	2986	698	3684	0.00020
Desulfarculales	453227	O	2578	1489	4067	0.00022
Syntrophales	2914038	O	1454	463	1917	0.00010
Desulfurellales	213113	O	46	2	48	0.00000
Campylobacterales	213849	O	4640	242	4882	0.00026
Nautiliales	235899	O	418	32	450	0.00002
Acidithiobacillales	225057	O	2747	258	3005	0.00016
Bdellovibrionales	213481	O	1087	14	1101	0.00006
Bacteriovoracales	2024979	O	235	2	237	0.00001
Silvanigrellales	2024973	O	102	2	104	0.00001
Hydrogenophilales	119069	O	1007	193	1200	0.00006
Mariprofundales	580371	O	497	14	511	0.00003
Streptomycetales	85011	O	1385968	300715	1686683	0.09099
Micrococcales	85006	O	1177040	164502	1341542	0.07237
Corynebacteriales	85007	O	829858	99058	928916	0.05011
Propionibacteriales	85009	O	750579	150742	901321	0.04862
Micromonosporales	85008	O	658840	90879	749719	0.04045
Pseudonocardiales	85010	O	570435	85567	656002	0.03539
Geodermatophilales	1643682	O	353132	93268	446400	0.02408
Streptosporangiales	85012	O	280693	46993	327686	0.01768
Actinomycetales	2037	O	39255	5708	44963	0.00243
Frankiales	85013	O	36793	3618	40411	0.00218
Jiangellales	1217098	O	23165	4115	27280	0.00147
Nakamurellales	1643684	O	16924	2364	19288	0.00104
Bifidobacteriales	85004	O	15162	4132	19294	0.00104
Catenulisporales	414714	O	7850	1176	9026	0.00049
Jatrophihabitantales	2805415	O	6682	601	7283	0.00039
Glycomycetales	85014	O	6262	516	6778	0.00037
Kineosporiales	622452	O	5101	1448	6549	0.00035
Sporichthyales	2495578	O	3273	1631	4904	0.00026
Actinopolysporales	622450	O	2681	281	2962	0.00016
Acidothermales	1643683	O	2162	111	2273	0.00012
Candidatus Nanopelagicales	2039638	O	570	9	579	0.00003
Solirubrobacterales	588673	O	124603	17831	142434	0.00768
Miltoncostaeales	2843198	O	34888	4425	39313	0.00212
Rubrobacterales	84996	O	122990	9368	132358	0.00714
Acidimicrobiales	84993	O	91964	9791	101755	0.00549
Eggerthellales	1643822	O	12547	2038	14585	0.00079
Coriobacteriales	84999	O	9887	1909	11796	0.00064
Egicoccales	1755823	O	6183	962	7145	0.00039
Euzebyales	908621	O	6123	522	6645	0.00036
Egibacterales	1747768	O	5902	357	6259	0.00034
Bacillales	1385	O	238513	112269	350782	0.01892
Lactobacillales	186826	O	7054	4983	12037	0.00065
Eubacteriales	186802	O	38247	7123	45370	0.00245
Thermoanaerobacterales	68295	O	4641	678	5319	0.00029
Halanaerobiales	53433	O	574	29	603	0.00003
Thermosediminibacterales	2770089	O	373	18	391	0.00002
Natranaerobiales	485256	O	127	5	132	0.00001
Koleobacterales	2786987	O	95	8	103	0.00001
Selenomonadales	909929	O	4233	226	4459	0.00024
Veillonellales	1843489	O	1281	369	1650	0.00009
Acidaminococcales	1843488	O	528	99	627	0.00003
Limnochordales	1676649	O	3228	122	3350	0.00018
Erysipelotrichales	526525	O	1992	1102	3094	0.00017
Tissierellales	1737405	O	919	1138	2057	0.00011
Deinococcales	118964	O	31460	1738	33198	0.00179
Thermales	68933	O	13926	848	14774	0.00080
Trueperales	2762275	O	2555	144	2699	0.00015
Synechococcales	1890424	O	21092	1365	22457	0.00121
Nostocales	1161	O	7882	641	8523	0.00046
Pseudanabaenales	2881377	O	6107	380	6487	0.00035
Gloeobacterales	307595	O	4955	103	5058	0.00027
Oscillatoriales	1150	O	3088	254	3342	0.00018
Chroococcales	1118	O	1274	213	1487	0.00008
Chroococcidiopsidales	1890505	O	527	78	605	0.00003
Pleurocapsales	52604	O	226	24	250	0.00001
Gloeomargaritales	1955042	O	129	4	133	0.00001
Thermostichales	2881383	O	94	51	145	0.00001
Sphaerobacterales	85001	O	8082	504	8586	0.00046
Thermomicrobiales	189776	O	1894	39	1933	0.00010
Tepidiformales	2682226	O	6433	268	6701	0.00036
Chloroflexales	32064	O	6172	244	6416	0.00035
Ardenticatenales	1382929	O	4628	91	4719	0.00025
Caldilineales	475963	O	2632	187	2819	0.00015
Anaerolineales	292629	O	2348	1229	3577	0.00019
Dehalococcoidales	1202465	O	431	15	446	0.00002
Ktedonobacterales	388448	O	951	1002	1953	0.00011
Phototrophicales	2364208	O	803	9	812	0.00004
Fimbriimonadales	1663425	O	2592	14	2606	0.00014
Chthonomonadales	1077263	O	589	4	593	0.00003
Mycoplasmatales	2085	O	376	48	424	0.00002
Entomoplasmatales	186328	O	195	19	214	0.00001
Acholeplasmatales	186329	O	179	14	193	0.00001
Mycoplasmoidales	2790996	O	56	35	91	0.00000
Gemmatales	2691355	O	234673	8251	242924	0.01311
Pirellulales	2691354	O	139004	3503	142507	0.00769
Isosphaerales	2691356	O	119219	12594	131813	0.00711
Planctomycetales	112	O	90879	9074	99953	0.00539
Tepidisphaerales	1771349	O	12903	342	13245	0.00071
Phycisphaerales	666506	O	7649	471	8120	0.00044
Sedimentisphaerales	2483366	O	911	73	984	0.00005
Candidatus Brocadiales	1127829	O	214	1	215	0.00001
Candidatus Uabimicrobiales	2897347	O	147	2	149	0.00001
Opitutales	415000	O	32336	1295	33631	0.00181
Puniceicoccales	415001	O	1304	152	1456	0.00008
Verrucomicrobiales	48461	O	18449	2799	21248	0.00115
Methylacidiphilales	717963	O	173	6	179	0.00001
Kiritimatiellales	1921782	O	1278	1585	2863	0.00015
Tichowtungiales	2907185	O	475	16	491	0.00003
Parachlamydiales	1963360	O	426	5	431	0.00002
Chlamydiales	51291	O	157	421	578	0.00003
Cytophagales	768507	O	51265	1247	52512	0.00283
Chitinophagales	1853229	O	18662	296	18958	0.00102
Flavobacteriales	200644	O	17955	1537	19492	0.00105
Bacteroidales	171549	O	14853	3911	18764	0.00101
Marinilabiliales	1970189	O	396	13	409	0.00002
Bacteroidetes Order II. Incertae sedis	1100069	O	14581	715	15296	0.00083
Sphingobacteriales	200666	O	8307	897	9204	0.00050
Saprospirales	1936988	O	453	7	460	0.00002
Candidatus Sulfidibacteriales	2923288	O	123	4	127	0.00001
Chlorobiales	191411	O	5270	611	5881	0.00032
Ignavibacteriales	795748	O	251	6	257	0.00001
Gemmatimonadales	219686	O	92536	5165	97701	0.00527
Fibrobacterales	218872	O	189	73	262	0.00001
Vicinamibacterales	2910145	O	168643	8452	177095	0.00955
Acidobacteriales	204433	O	39321	892	40213	0.00217
Bryobacterales	332160	O	9813	5031	14844	0.00080
Acanthopleuribacterales	533206	O	2895	55	2950	0.00016
Thermotomaculales	2562243	O	100	4	104	0.00001
Nitrospirales	189778	O	15880	215	16095	0.00087
Thermodesulfovibrionales	2811503	O	223	5	228	0.00001
Spirochaetales	136	O	3465	167	3632	0.00020
Leptospirales	1643688	O	1149	65	1214	0.00007
Brachyspirales	1643686	O	71	1	72	0.00000
Synergistales	649776	O	4050	1253	5303	0.00029
Candidatus Nanosynbacterales	2093819	O	190	234	424	0.00002
Candidatus Babeliales	2497644	O	160	3	163	0.00001
Candidatus Absconditabacterales	2900568	O	88	53	141	0.00001
Thermotogales	2419	O	716	48	764	0.00004
Kosmotogales	1643946	O	227	5	232	0.00001
Petrotogales	1643947	O	123	42	165	0.00001
Mesoaciditogales	1769716	O	63	1	64	0.00000
Aquificales	32069	O	695	27	722	0.00004
Desulfurobacteriales	1485951	O	197	10	207	0.00001
Thermodesulfobacteriales	188710	O	626	11	637	0.00003
Deferribacterales	191393	O	462	14	476	0.00003
Calditrichales	1962852	O	438	4	442	0.00002
Fusobacteriales	203491	O	405	68	473	0.00003
Chrysiogenales	189769	O	397	177	574	0.00003
Elusimicrobiales	641854	O	169	2	171	0.00001
Endomicrobiales	1783344	O	123	1	124	0.00001
Coprothermobacterales	2138246	O	140	27	167	0.00001
Caldisericales	693072	O	123	0	123	0.00001
Dictyoglomales	203487	O	94	0	94	0.00001
Atribacterales	2847775	O	66	1	67	0.00000
Hypocreales	5125	O	65693	1913	67606	0.00365
Glomerellales	1028384	O	1533	327	1860	0.00010
Sordariales	5139	O	7162	193	7355	0.00040
Magnaporthales	639021	O	1595	16	1611	0.00009
Xylariales	37989	O	887	12	899	0.00005
Helotiales	5178	O	378	2	380	0.00002
Eurotiales	5042	O	26913	580	27493	0.00148
Pleosporales	92860	O	1363	254	1617	0.00009
Mycosphaerellales	2726947	O	501	4	505	0.00003
Saccharomycetales	4892	O	1924	143	2067	0.00011
Schizosaccharomycetales	34346	O	83	2	85	0.00000
Ustilaginales	5267	O	2830	59	2889	0.00016
Malasseziales	162474	O	216	36	252	0.00001
Polyporales	5303	O	526	7	533	0.00003
Cantharellales	36064	O	130	6	136	0.00001
Agaricales	5338	O	140	8	148	0.00001
Tremellales	5234	O	210	64	274	0.00001
Peronosporales	4776	O	4331	798	5129	0.00028
Pythiales	121069	O	517	19	536	0.00003
