name	taxonomy_id	taxonomy_lvl	kraken_assigned_reads	added_reads	new_est_reads	fraction_total_reads
Bradyrhizobium sp. 170	2782641	S	37814	9886	47700	0.00257
Bradyrhizobium sp. 200	2782665	S	36558	8295	44853	0.00242
Bradyrhizobium sp. CCBAU 051011	858422	S	26635	5135	31770	0.00171
Bradyrhizobium sp. CCBAU 51753	1325100	S	12871	2819	15690	0.00085
Bradyrhizobium sp. A19	2898149	S	9638	1693	11331	0.00061
Bradyrhizobium sp. BTAi1	288000	S	9228	1704	10932	0.00059
Bradyrhizobium sp. ORS 278	114615	S	9191	2125	11316	0.00061
Bradyrhizobium sp. ORS 285	115808	S	9182	2093	11275	0.00061
Bradyrhizobium sp. SK17	2057741	S	8715	2910	11625	0.00063
Bradyrhizobium sp. CCGE-LA001	1223566	S	8571	3229	11800	0.00064
Bradyrhizobium sp. 186	2782654	S	7200	1972	9172	0.00049
Bradyrhizobium sp. CCBAU 53421	1325120	S	6673	2110	8783	0.00047
Bradyrhizobium sp. 195	2782662	S	6525	2373	8898	0.00048
Bradyrhizobium sp. 1(2017)	1404888	S	5835	1838	7673	0.00041
Bradyrhizobium sp. S2-11-2	2840472	S	5813	4580	10393	0.00056
Bradyrhizobium sp. CCBAU 53338	1325111	S	5523	2273	7796	0.00042
Bradyrhizobium sp. CCBAU 53340	1325112	S	5368	2096	7464	0.00040
Bradyrhizobium sp. 6(2017)	1197460	S	5225	2580	7805	0.00042
Bradyrhizobium sp. CCBAU 53351	1325114	S	5180	2634	7814	0.00042
Bradyrhizobium sp. S2-20-1	2840469	S	4988	4189	9177	0.00050
Bradyrhizobium sp. S2-11-4	2840473	S	4665	4312	8977	0.00048
Bradyrhizobium sp. 41S5	1404443	S	4123	2822	6945	0.00037
Bradyrhizobium sp. 191	2782659	S	3464	3515	6979	0.00038
Bradyrhizobium sp. I71	2590772	S	3441	3099	6540	0.00035
Bradyrhizobium sp. CCBAU 51765	1325102	S	3345	3134	6479	0.00035
Bradyrhizobium sp. C-145	574727	S	2150	2148	4298	0.00023
Bradyrhizobium sp.	376	S	1781	5903	7684	0.00041
Bradyrhizobium sp. 40	2782674	S	1482	3448	4930	0.00027
Bradyrhizobium sp. 144S4	2823807	S	1373	3431	4804	0.00026
Bradyrhizobium sp. 4	2782678	S	1305	3408	4713	0.00025
Bradyrhizobium sp. 323S2	1404649	S	1133	2887	4020	0.00022
Bradyrhizobium sp. 192	2782660	S	1081	2644	3725	0.00020
Bradyrhizobium sp. LCT2	2493093	S	689	1937	2626	0.00014
Bradyrhizobium sp. SG09	2599805	S	463	3340	3803	0.00021
Bradyrhizobium sp. TM102	2599819	S	450	3104	3554	0.00019
Bradyrhizobium sp. 187	2782655	S	414	2050	2464	0.00013
Bradyrhizobium sp. 1S5	2816456	S	257	2905	3162	0.00017
Bradyrhizobium sp. 38S5	2819348	S	231	2836	3067	0.00017
Bradyrhizobium sp. 131	2782609	S	230	3776	4006	0.00022
Bradyrhizobium sp. CW1	2782686	S	230	3581	3811	0.00021
Bradyrhizobium sp. 172	2782643	S	196	2397	2593	0.00014
Bradyrhizobium sp. 155	2782629	S	141	2551	2692	0.00015
Bradyrhizobium sp. CCBAU 21365	1325083	S	27	1319	1346	0.00007
Bradyrhizobium erythrophlei	1437360	S	32807	2693	35500	0.00192
Bradyrhizobium paxllaeri	190148	S	23820	4463	28283	0.00153
Bradyrhizobium icense	1274631	S	23236	3315	26551	0.00143
Bradyrhizobium diazoefficiens	1355477	S	22433	40799	63232	0.00341
Bradyrhizobium lablabi	722472	S	11469	13214	24683	0.00133
Bradyrhizobium canariense	255045	S	9754	15440	25194	0.00136
Bradyrhizobium genosp. L	83637	S	9300	1886	11186	0.00060
Bradyrhizobium japonicum	375	S	8182	11928	20110	0.00109
Bradyrhizobium oligotrophicum	44255	S	8013	1414	9427	0.00051
Bradyrhizobium arachidis	858423	S	6448	1860	8308	0.00045
Bradyrhizobium quebecense	2748629	S	5635	3203	8838	0.00048
Bradyrhizobium guangdongense	1325090	S	5400	2017	7417	0.00040
Bradyrhizobium genosp. B	83627	S	5333	1147	6480	0.00035
Bradyrhizobium vignae	1549949	S	5297	1256	6553	0.00035
Bradyrhizobium cosmicum	1404864	S	5167	1690	6857	0.00037
Bradyrhizobium guangzhouense	1325095	S	4629	1770	6399	0.00035
Bradyrhizobium septentrionale	1404411	S	4606	2823	7429	0.00040
Bradyrhizobium guangxiense	1325115	S	4466	1952	6418	0.00035
Bradyrhizobium daqingense	993502	S	4276	2326	6602	0.00036
Bradyrhizobium amphicarpaeae	1404768	S	3420	1428	4848	0.00026
Bradyrhizobium betae	244734	S	3264	1837	5101	0.00028
Bradyrhizobium symbiodeficiens	1404367	S	3185	4802	7987	0.00043
Bradyrhizobium zhanjiangense	1325107	S	2084	2094	4178	0.00023
Bradyrhizobium elkanii	29448	S	1498	5990	7488	0.00040
Bradyrhizobium ottawaense	931866	S	1221	7596	8817	0.00048
Rhodopseudomonas palustris	1076	S	31073	10565	41638	0.00225
Rhodopseudomonas sp. SK50-23	340268	S	4382	924	5306	0.00029
Rhodopseudomonas boonkerdii	475937	S	4302	1154	5456	0.00029
Nitrobacter hamburgensis	912	S	12213	2014	14227	0.00077
Nitrobacter winogradskyi	913	S	7190	1201	8391	0.00045
Tardiphaga sp. 37S4	1404741	S	2355	1772	4127	0.00022
Tardiphaga sp. vice154	2592814	S	174	2658	2832	0.00015
Tardiphaga sp. vice278	2592815	S	97	2330	2427	0.00013
Tardiphaga sp. vice304	2592817	S	97	1816	1913	0.00010
Tardiphaga sp. vice352	2592816	S	23	688	711	0.00004
Tardiphaga robiniae	943830	S	2550	1713	4263	0.00023
Afipia carboxidovorans	40137	S	5982	1395	7377	0.00040
Afipia sp. GAS231	1882747	S	4952	3400	8352	0.00045
Variibacter gotjawalensis	1333996	S	9988	799	10787	0.00058
Mesorhizobium sp. 8	2584466	S	10816	2711	13527	0.00073
Mesorhizobium sp. DCY119	2108445	S	8835	2173	11008	0.00059
Mesorhizobium sp. M4B.F.Ca.ET.058.02.1.1	2493675	S	6908	3134	10042	0.00054
Mesorhizobium sp. M1A.F.Ca.IN.022.06.1.1	2493680	S	6157	2127	8284	0.00045
Mesorhizobium sp. Pch-S	2082387	S	5979	857	6836	0.00037
Mesorhizobium sp. 131-2-1	2744518	S	5932	3380	9312	0.00050
Mesorhizobium sp. M3A.F.Ca.ET.080.04.2.1	2493676	S	5915	1921	7836	0.00042
Mesorhizobium sp. M1B.F.Ca.ET.045.04.1.1	2493673	S	5485	2258	7743	0.00042
Mesorhizobium sp. B1-1-8	2589976	S	5451	1463	6914	0.00037
Mesorhizobium sp. J8	2777475	S	5418	1874	7292	0.00039
Mesorhizobium sp. M1D.F.Ca.ET.043.01.1.1	2493669	S	5342	3469	8811	0.00048
Mesorhizobium sp. B2-1-1	2589974	S	5321	1278	6599	0.00036
Mesorhizobium sp. B2-8-5	2589903	S	5290	1876	7166	0.00039
Mesorhizobium sp. L-2-11	2744521	S	5235	2148	7383	0.00040
Mesorhizobium sp. M1E.F.Ca.ET.045.02.1.1	2493672	S	5216	2809	8025	0.00043
Mesorhizobium sp. M9A.F.Ca.ET.002.03.1.2	2493668	S	4907	2433	7340	0.00040
Mesorhizobium sp. INR15	2654248	S	4777	728	5505	0.00030
Mesorhizobium sp. PAMC28654	2880934	S	4571	908	5479	0.00030
Mesorhizobium sp. M6A.T.Cr.TU.016.01.1.1	2493677	S	4025	1443	5468	0.00030
Mesorhizobium sp. B4-1-4	2589888	S	3582	919	4501	0.00024
Mesorhizobium sp. B2-1-8	2589967	S	3251	1068	4319	0.00023
Mesorhizobium sp. M7D.F.Ca.US.005.01.1.1	2493678	S	3139	1149	4288	0.00023
Mesorhizobium sp. M8A.F.Ca.ET.057.01.1.1	2493679	S	3050	1254	4304	0.00023
Mesorhizobium sp. M2A.F.Ca.ET.043.05.1.1	2493671	S	2883	2696	5579	0.00030
Mesorhizobium sp. NZP2077	2483404	S	2818	1002	3820	0.00021
Mesorhizobium sp. NBSH29	2654249	S	2710	204	2914	0.00016
Mesorhizobium sp. M7A.F.Ce.TU.012.03.2.1	2493681	S	2687	1062	3749	0.00020
Mesorhizobium sp. L-8-10	2744523	S	2537	8960	11497	0.00062
Mesorhizobium sp. 113-3-3	2744516	S	2527	1504	4031	0.00022
Mesorhizobium sp. L-8-3	2744522	S	2460	8920	11380	0.00061
Mesorhizobium sp. 113-1-2	2744515	S	2449	1301	3750	0.00020
Mesorhizobium sp. AA22	1854057	S	2112	1429	3541	0.00019
Mesorhizobium sp. 113-3-9	2744517	S	1839	1499	3338	0.00018
Mesorhizobium sp. NZP2298	2483403	S	1798	1167	2965	0.00016
Mesorhizobium sp. M2A.F.Ca.ET.046.03.2.1	2493674	S	1598	4736	6334	0.00034
Mesorhizobium sp. M2A.F.Ca.ET.043.02.1.1	2493670	S	1496	4216	5712	0.00031
Mesorhizobium sp. WSM1497	278153	S	645	1404	2049	0.00011
Mesorhizobium sp. 131-3-5	2744520	S	312	1045	1357	0.00007
Mesorhizobium sp. 131-2-5	2744519	S	263	1928	2191	0.00012
Mesorhizobium sp. NZP2234	2483402	S	222	860	1082	0.00006
Mesorhizobium terrae	2725666	S	5982	2062	8044	0.00043
Mesorhizobium opportunistum	593909	S	4914	2143	7057	0.00038
Mesorhizobium amorphae	71433	S	4696	1184	5880	0.00032
Mesorhizobium ciceri	39645	S	3183	8499	11682	0.00063
Mesorhizobium loti	381	S	2947	25629	28576	0.00154
Mesorhizobium australicum	536018	S	2716	899	3615	0.00020
Mesorhizobium huakuii	28104	S	2545	1925	4470	0.00024
Mesorhizobium erdmanii	1777866	S	2491	746	3237	0.00017
Mesorhizobium japonicum	2066070	S	2167	1692	3859	0.00021
Aquibium microcysteis	675281	S	9883	3003	12886	0.00070
Aquibium oceanicum	1670800	S	7795	1971	9766	0.00053
Aminobacter sp. MSH1	374606	S	6181	4028	10209	0.00055
Aminobacter sp. SR38	2774562	S	1363	5915	7278	0.00039
Aminobacter sp. MDW-2	2666139	S	830	4053	4883	0.00026
Aminobacter aminovorans	83263	S	818	2821	3639	0.00020
Nitratireductor sp. SY7	2599600	S	6847	1377	8224	0.00044
Nitratireductor sp. OM-1	1756988	S	3124	566	3690	0.00020
Nitratireductor kimnyeongensis	430679	S	1971	300	2271	0.00012
Phyllobacterium sp. T1018	555316	S	2195	306	2501	0.00013
Phyllobacterium sp. 628	2718938	S	1007	163	1170	0.00006
Phyllobacterium sp. T1293	555317	S	948	136	1084	0.00006
Phyllobacterium zundukense	1867719	S	2124	326	2450	0.00013
Roseitalea porphyridii	1852022	S	4514	814	5328	0.00029
Hoeflea sp. IMCC20628	1620421	S	1943	202	2145	0.00012
Hoeflea phototrophica	244596	S	1814	232	2046	0.00011
Oricola thermophila	2742145	S	3478	505	3983	0.00021
Salaquimonas pukyongi	2712698	S	1467	67	1534	0.00008
Lentilitoribacter sp. Alg239-R112	2305987	S	77	1	78	0.00000
Rhizobium sp. WYJ-E13	2849093	S	4122	502	4624	0.00025
Rhizobium sp. BG4	2613770	S	3522	652	4174	0.00023
Rhizobium sp. NXC24	2048897	S	2520	344	2864	0.00015
Rhizobium sp. ACO-34A	1571470	S	2370	470	2840	0.00015
Rhizobium sp. WL3	2603277	S	2273	428	2701	0.00015
Rhizobium sp. SL42	2806346	S	2205	391	2596	0.00014
Rhizobium sp. AB2/73	2795216	S	1830	928	2758	0.00015
Rhizobium sp. 11515TR	2028343	S	1730	360	2090	0.00011
Rhizobium sp. CIAT894	2020312	S	1706	614	2320	0.00013
Rhizobium sp. NZLR1	2731096	S	1691	481	2172	0.00012
Rhizobium sp. C104	2917727	S	1603	687	2290	0.00012
Rhizobium sp. NXC14	1981173	S	1460	483	1943	0.00010
Rhizobium sp. NLR16a	2731112	S	1441	506	1947	0.00011
Rhizobium sp. K102	2918527	S	1401	747	2148	0.00012
Rhizobium sp. L51/94	2819999	S	945	989	1934	0.00010
Rhizobium sp. 007	2785056	S	625	800	1425	0.00008
Rhizobium sp. X9	2815360	S	610	1176	1786	0.00010
Rhizobium sp. IE4771	1301032	S	449	678	1127	0.00006
Rhizobium sp. Kim5	2020311	S	407	671	1078	0.00006
Rhizobium sp. TAL182	2020313	S	356	751	1107	0.00006
Rhizobium sp. NIBRBAC000502774	2590777	S	211	934	1145	0.00006
Rhizobium sp. ZX09	2291939	S	141	512	653	0.00004
Rhizobium sp. Y9	1914541	S	119	346	465	0.00003
Rhizobium sp. B230/85	2819994	S	95	831	926	0.00005
Rhizobium sp. CCGE531	2364271	S	75	2153	2228	0.00012
Rhizobium sp. N324	1703969	S	64	1071	1135	0.00006
Rhizobium sp. T136	555319	S	62	1228	1290	0.00007
Rhizobium sp. B21/90	2819993	S	55	1568	1623	0.00009
Rhizobium sp. CCGE532	2364272	S	37	2246	2283	0.00012
Rhizobium sp. N113	1703960	S	12	1329	1341	0.00007
Rhizobium leguminosarum	384	S	14723	29236	43959	0.00237
Rhizobium etli	29449	S	4329	3803	8132	0.00044
Rhizobium jaguaris	1312183	S	2803	338	3141	0.00017
Rhizobium gallicum	56730	S	2778	2660	5438	0.00029
Rhizobium pseudoryzae	379684	S	2759	574	3333	0.00018
Rhizobium phaseoli	396	S	2580	3864	6444	0.00035
Rhizobium bangladeshense	1138189	S	2064	422	2486	0.00013
Rhizobium lentis	1138194	S	1765	462	2227	0.00012
Rhizobium tropici	398	S	1749	393	2142	0.00012
Rhizobium rosettiformans	1368430	S	1678	766	2444	0.00013
Rhizobium binae	1138190	S	1621	490	2111	0.00011
Rhizobium daejeonense	240521	S	1543	462	2005	0.00011
Rhizobium rhizoryzae	451876	S	1368	185	1553	0.00008
Rhizobium indicum	2583231	S	1107	724	1831	0.00010
Rhizobium acidisoli	1538158	S	973	603	1576	0.00009
Rhizobium pusense	648995	S	956	3090	4046	0.00022
Rhizobium oryzihabitans	2267833	S	501	599	1100	0.00006
Rhizobium hidalgonense	1538159	S	427	704	1131	0.00006
Rhizobium laguerreae	1076926	S	371	460	831	0.00004
Rhizobium ruizarguesonis	2081791	S	285	1479	1764	0.00010
Rhizobium favelukesii	348824	S	23	543	566	0.00003
Agrobacterium tumefaciens	358	S	7218	6919	14137	0.00076
Agrobacterium fabrum	1176649	S	804	1024	1828	0.00010
Agrobacterium fabacearum	1183401	S	172	2230	2402	0.00013
Agrobacterium vitis	373	S	3990	490	4480	0.00024
Agrobacterium sp. T29	2580515	S	504	386	890	0.00005
Agrobacterium sp. MA01	2664893	S	418	816	1234	0.00007
Agrobacterium sp. RAC06	1842536	S	409	815	1224	0.00007
Agrobacterium sp. CGMCC 11546	2579248	S	210	421	631	0.00003
Agrobacterium sp. S7/73	2820002	S	116	611	727	0.00004
Agrobacterium vaccinii	2735528	S	1553	214	1767	0.00010
Agrobacterium larrymoorei	160699	S	1108	190	1298	0.00007
Agrobacterium rubi	28099	S	1005	288	1293	0.00007
Agrobacterium salinitolerans	1183413	S	816	299	1115	0.00006
Agrobacterium rhizogenes	359	S	727	1704	2431	0.00013
Neorhizobium galegae	399	S	9672	2731	12403	0.00067
Neorhizobium sp. SOG26	2060726	S	2424	501	2925	0.00016
Neorhizobium sp. NCHU2750	1825976	S	2357	561	2918	0.00016
Pseudorhizobium flavum	1335061	S	1728	1108	2836	0.00015
Pseudorhizobium banfieldiae	1125847	S	1681	984	2665	0.00014
Sinorhizobium meliloti	382	S	20783	21536	42319	0.00228
Sinorhizobium fredii	380	S	16186	18849	35035	0.00189
Sinorhizobium americanum	194963	S	5210	1850	7060	0.00038
Sinorhizobium sp. BG8	2613773	S	3412	566	3978	0.00021
Sinorhizobium sp. CCBAU 05631	794846	S	563	698	1261	0.00007
Sinorhizobium medicae	110321	S	3596	450	4046	0.00022
Ensifer adhaerens	106592	S	12723	6210	18933	0.00102
Ensifer mexicanus	375549	S	4672	702	5374	0.00029
Ensifer sp. PDNC004	2811423	S	2821	1083	3904	0.00021
Ensifer sp. T173	555315	S	886	3114	4000	0.00022
Ensifer alkalisoli	1752398	S	3281	614	3895	0.00021
Ensifer sojae	716925	S	3129	1046	4175	0.00023
Shinella sp. HZN7	879274	S	4892	4236	9128	0.00049
Shinella sp. PSBB067	2715959	S	3948	2963	6911	0.00037
Shinella sp. XGS7	2877941	S	2845	2736	5581	0.00030
Shinella sp. H4-D48	2925841	S	1779	714	2493	0.00013
Shinella zoogloeoides	352475	S	4176	5994	10170	0.00055
Shinella oryzae	2871820	S	2282	1013	3295	0.00018
Georhizobium profundi	2341112	S	3750	843	4593	0.00025
Ciceribacter thiooxidans	1969821	S	3047	603	3650	0.00020
Peteryoungia desertarenae	1813451	S	1128	197	1325	0.00007
Candidatus Liberibacter solanacearum	556287	S	31	6	37	0.00000
Liberibacter crescens	1273132	S	22	81	103	0.00001
Candidatus Liberibacter africanus	34020	S	16	13	29	0.00000
Candidatus Liberibacter asiaticus	34021	S	16	5	21	0.00000
Methylobacterium nodulans	114616	S	11766	1621	13387	0.00072
Methylobacterium sp. 17Sr1-1	2202826	S	4745	2462	7207	0.00039
Methylobacterium sp. WL1	2603276	S	4473	991	5464	0.00029
Methylobacterium sp. C1	1479019	S	540	4382	4922	0.00027
Methylobacterium sp. XJLW	739141	S	335	4679	5014	0.00027
Methylobacterium aquaticum	270351	S	9608	4629	14237	0.00077
Methylobacterium durans	2202825	S	7526	1182	8708	0.00047
Methylobacterium radiodurans	2202828	S	6405	1707	8112	0.00044
Methylobacterium currus	2051553	S	6144	2820	8964	0.00048
Methylobacterium organophilum	410	S	5133	3154	8287	0.00045
Methylobacterium terrae	2202827	S	5030	2540	7570	0.00041
Methylobacterium brachiatum	269660	S	4618	1833	6451	0.00035
Methylobacterium tardum	374432	S	4479	1714	6193	0.00033
Methylobacterium mesophilicum	39956	S	4446	1017	5463	0.00029
Methylobacterium indicum	1775910	S	4234	2303	6537	0.00035
Methylobacterium oryzae	334852	S	3706	5411	9117	0.00049
Methylobacterium radiotolerans	31998	S	1604	9310	10914	0.00059
Methylobacterium phyllosphaerae	418223	S	584	2283	2867	0.00015
Microvirga sp. VF16	2807101	S	27539	4388	31927	0.00172
Microvirga sp. 17 mud 1-3	2082949	S	8191	1777	9968	0.00054
Microvirga ossetica	1882682	S	28760	5176	33936	0.00183
Microvirga thermotolerans	2651334	S	10115	2872	12987	0.00070
Methylorubrum populi	223967	S	8242	3925	12167	0.00066
Methylorubrum extorquens	408	S	6615	11050	17665	0.00095
Methylorubrum sp. B1-46	2897334	S	2955	1358	4313	0.00023
Methylorubrum zatmanii	29429	S	198	1016	1214	0.00007
Pseudolabrys taiwanensis	331696	S	23902	4400	28302	0.00153
Pseudolabrys sp. FHR47	2562284	S	21778	4291	26069	0.00141
Starkeya sp. ORNL1	2709380	S	9284	2038	11322	0.00061
Starkeya novella	921	S	7534	3093	10627	0.00057
Xanthobacter dioxanivorans	2528964	S	7556	2868	10424	0.00056
Xanthobacter sp. YC-JY1	2419844	S	2537	2833	5370	0.00029
Xanthobacter autotrophicus	280	S	2249	2719	4968	0.00027
Ancylobacter sp. TS-1	1850374	S	5316	2425	7741	0.00042
Ancylobacter polymorphus	223390	S	5228	2867	8095	0.00044
Ancylobacter pratisalsi	1745854	S	4340	1074	5414	0.00029
Labrys sp. KNU-23	2789216	S	5943	653	6596	0.00036
Azorhizobium caulinodans	7	S	5345	1218	6563	0.00035
Rhodoplanes sp. Z2-YC6860	674703	S	57384	6040	63424	0.00342
Hyphomicrobium denitrificans	53399	S	8144	1174	9318	0.00050
Hyphomicrobium nitrativorans	1427356	S	7618	751	8369	0.00045
Hyphomicrobium sp. MC1	717785	S	4065	394	4459	0.00024
Methyloceanibacter caenitepidi	1384459	S	3994	949	4943	0.00027
Methyloceanibacter sp. wino2	2170729	S	3874	980	4854	0.00026
Methyloligella sp. GL2	2742204	S	6192	819	7011	0.00038
Aquabacter sp. L1I39	2820278	S	4554	813	5367	0.00029
Rhodomicrobium vannielii	1069	S	3986	292	4278	0.00023
Caenibius sp. WL	2872646	S	1364	269	1633	0.00009
Caenibius tardaugens	169176	S	995	857	1852	0.00010
Candidatus Filomicrobium marinum	1608628	S	2091	67	2158	0.00012
Devosia sp. A16	1736675	S	12291	1545	13836	0.00075
Devosia sp. JXJ CY 41	2917991	S	3582	675	4257	0.00023
Devosia sp. SL43	2806348	S	3438	653	4091	0.00022
Devosia sp. 1566	2499144	S	2899	324	3223	0.00017
Devosia sp. I507	2083786	S	2408	746	3154	0.00017
Devosia sp. MC521	2759954	S	1114	184	1298	0.00007
Devosia ginsengisoli	400770	S	4749	894	5643	0.00030
Devosia oryziradicis	2801335	S	3564	679	4243	0.00023
Devosia beringensis	2657486	S	3331	509	3840	0.00021
Devosia salina	2860336	S	3320	1136	4456	0.00024
Devosia rhizoryzae	2774137	S	2744	302	3046	0.00016
Youhaiella tibetensis	1447062	S	4627	1083	5710	0.00031
Paradevosia shaoguanensis	1335043	S	4424	1750	6174	0.00033
Pelagibacterium halotolerans	531813	S	2286	400	2686	0.00014
Maritalea myrionectae	454601	S	431	14	445	0.00002
Bosea sp. Tri-49	1867715	S	8774	2162	10936	0.00059
Bosea sp. F3-2	2599640	S	8259	2840	11099	0.00060
Bosea sp. ANAM02	2020412	S	7943	3183	11126	0.00060
Bosea sp. RAC05	1842539	S	7701	2667	10368	0.00056
Bosea sp. AS-1	2015316	S	6476	2203	8679	0.00047
Bosea sp. PAMC 26642	1792307	S	5766	1315	7081	0.00038
Bosea vaviloviae	1526658	S	6579	1698	8277	0.00045
Aureimonas sp. SA4125	2826993	S	5678	1130	6808	0.00037
Aureimonas sp. AU20	1349819	S	4663	723	5386	0.00029
Aureimonas sp. OT7	2816454	S	2452	2188	4640	0.00025
Aureimonas populi	1701758	S	4307	890	5197	0.00028
Aureimonas mangrovi	2758041	S	3813	853	4666	0.00025
Aureimonas altamirensis	370622	S	2446	902	3348	0.00018
Martelella sp. AD-3	686597	S	1379	4160	5539	0.00030
Martelella mediterranea	293089	S	2519	967	3486	0.00019
Martelella endophytica	1486262	S	2222	517	2739	0.00015
Martelella lutilitoris	2583532	S	1371	1196	2567	0.00014
Aurantimonas sp. HBX-1	2906072	S	7378	2360	9738	0.00053
Pseudorhodoplanes sinuspersici	1235591	S	14146	1118	15264	0.00082
Nordella sp. HKS 07	2712222	S	13226	788	14014	0.00076
Terrihabitans soli	708113	S	4221	516	4737	0.00026
Candidatus Hodgkinia cicadicola	573658	S	28	0	28	0.00000
Methylocystis bryophila	655015	S	3506	374	3880	0.00021
Methylocystis parvus	134	S	3418	426	3844	0.00021
Methylocystis heyeri	391905	S	3202	375	3577	0.00019
Methylocystis sp. SC2	187303	S	2080	580	2660	0.00014
Methylocystis sp. SB2	743836	S	800	1307	2107	0.00011
Methylocystis rosea	173366	S	2254	1775	4029	0.00022
Methylosinus trichosporium	426	S	4673	1001	5674	0.00031
Methylosinus sp. C49	2699395	S	3656	764	4420	0.00024
Stappia indica	538381	S	6882	1764	8646	0.00047
Stappia sp. ES.058	1881061	S	3603	488	4091	0.00022
Roseibium aggregatum	187304	S	3937	616	4553	0.00025
Roseibium alexandrii	388408	S	1144	118	1262	0.00007
Pannonibacter phragmitetus	121719	S	4751	3546	8297	0.00045
Labrenzia sp. VG12	2021862	S	2223	296	2519	0.00014
Labrenzia sp. PHM005	2590016	S	933	83	1016	0.00005
Labrenzia sp. THAF82	2587861	S	857	60	917	0.00005
Pseudovibrio brasiliensis	1898042	S	352	142	494	0.00003
Pseudovibrio sp. FO-BEG1	911045	S	335	138	473	0.00003
Phreatobacter stygius	1940610	S	9772	1571	11343	0.00061
Phreatobacter cathodiphilus	1868589	S	8475	2677	11152	0.00060
Phreatobacter sp. NMCR1094	2570229	S	6112	1236	7348	0.00040
Kaustia mangrovi	2593653	S	9212	954	10166	0.00055
Parvibaculum lavamentivorans	256618	S	3690	2756	6446	0.00035
Pyruvatibacter mobilis	1712261	S	2556	328	2884	0.00016
Candidatus Phaeomarinobacter ectocarpi	1458461	S	1032	51	1083	0.00006
Chelatococcus sp. CO-6	1702325	S	7384	4744	12128	0.00065
Chelatococcus daeguensis	444444	S	4116	2629	6745	0.00036
Blastochloris tepida	2233851	S	6915	2512	9427	0.00051
Blastochloris viridis	1079	S	6346	1851	8197	0.00044
Methylocella silvestris	199596	S	3234	389	3623	0.00020
Methylocella tundrae	227605	S	3037	310	3347	0.00018
Methylovirgula ligni	569860	S	3124	398	3522	0.00019
Methylovirgula sp. HY1	2822761	S	2263	142	2405	0.00013
Beijerinckia indica	533	S	1500	120	1620	0.00009
Kaistia sp. 32K	2795690	S	9480	2501	11981	0.00065
Brucella anthropi	529	S	1592	1014	2606	0.00014
Brucella intermedia	94625	S	1282	234	1516	0.00008
Brucella sp. BTU1	2840456	S	254	52	306	0.00002
Brucella sp. 10RB9215	1149953	S	89	94	183	0.00001
Brucella sp. 09RB8910	1844051	S	84	86	170	0.00001
Brucella sp. 6810	2769351	S	82	128	210	0.00001
Brucella sp. BO3	2691913	S	74	118	192	0.00001
Brucella sp. 09RB8471	1149952	S	64	114	178	0.00001
Brucella sp. BO2	693750	S	39	86	125	0.00001
Brucella sp. 2280	2592625	S	36	69	105	0.00001
Brucella sp. 458	2821140	S	34	73	107	0.00001
[Ochrobactrum] quorumnocens	271865	S	755	117	872	0.00005
Brucella pseudogrignonensis	419475	S	427	145	572	0.00003
Brucella pituitosa	571256	S	149	57	206	0.00001
Brucella melitensis	29459	S	73	2191	2264	0.00012
Brucella inopinata	1218315	S	42	49	91	0.00000
Brucella suis	29461	S	31	1271	1302	0.00007
Brucella abortus	235	S	28	948	976	0.00005
Pseudochrobactrum sp. Wa41.01b-1	2864102	S	169	152	321	0.00002
Pseudochrobactrum sp. XF203	2879116	S	151	128	279	0.00002
Pseudochrobactrum algeriensis	2834768	S	176	162	338	0.00002
Acuticoccus sp. I52.16.1	2928472	S	8285	950	9235	0.00050
Breoghania sp. L-A4	2304600	S	5359	754	6113	0.00033
Hartmannibacter diazotrophicus	1482074	S	5296	1014	6310	0.00034
Lichenihabitans psoromatis	2528642	S	1622	957	2579	0.00014
Lichenihabitans sp. PAMC28606	2880932	S	1422	975	2397	0.00013
Cohaesibacter sp. ES.047	1798205	S	974	40	1014	0.00005
Bartonella apis	1686310	S	363	22	385	0.00002
Bartonella sp. HY038	2759660	S	68	11	79	0.00000
Bartonella sp. 46A	2893471	S	15	11	26	0.00000
Bartonella sp. WD16.2	1933904	S	12	22	34	0.00000
Bartonella australis	388640	S	37	4	41	0.00000
Bartonella vinsonii	33047	S	31	16	47	0.00000
Bartonella quintana	803	S	25	6	31	0.00000
Bartonella henselae	38323	S	25	7	32	0.00000
Bartonella ancashensis	1318743	S	24	3	27	0.00000
Bartonella bacilliformis	774	S	22	3	25	0.00000
Bartonella bovis	155194	S	19	8	27	0.00000
Bartonella grahamii	33045	S	18	12	30	0.00000
Bartonella alsatica	52764	S	12	3	15	0.00000
Bartonella krasnovii	2267275	S	12	11	23	0.00000
Bartonella tribocorum	85701	S	11	31	42	0.00000
Bartonella clarridgeiae	56426	S	10	6	16	0.00000
Bartonella birtlesii	111504	S	10	3	13	0.00000
Sphingomonas sp. HDW15A	2714942	S	13184	1109	14293	0.00077
Sphingomonas sp. S8-45	2938948	S	11780	1519	13299	0.00072
Sphingomonas sp. DM2-R-LB4	2899123	S	9127	3326	12453	0.00067
Sphingomonas sp. MM-1	745310	S	6321	8425	14746	0.00080
Sphingomonas sp. CL5.1	2653203	S	6147	2222	8369	0.00045
Sphingomonas sp. AK-PDB1-5	2872652	S	6002	1033	7035	0.00038
Sphingomonas sp. Cra20	1327635	S	5819	972	6791	0.00037
Sphingomonas sp. AP4-R1	2735134	S	5365	723	6088	0.00033
Sphingomonas sp. LM7	1938607	S	5047	1170	6217	0.00034
Sphingomonas sp. S2-65	2903960	S	4533	952	5485	0.00030
Sphingomonas sp. NBWT7	2596913	S	4490	1556	6046	0.00033
Sphingomonas sp. AAP5	1523415	S	4476	1235	5711	0.00031
Sphingomonas sp. FARSPH	2219696	S	4160	3556	7716	0.00042
Sphingomonas sp. PAMC26645	2565555	S	3668	1294	4962	0.00027
Sphingomonas sp. HMP9	1517554	S	3563	1670	5233	0.00028
Sphingomonas sp. KC8	1030157	S	3375	453	3828	0.00021
Sphingomonas sp. HMP6	1517551	S	2962	619	3581	0.00019
Sphingomonas sp. LK11	1390395	S	2037	2238	4275	0.00023
Sphingomonas sp. NIC1	1961362	S	1846	6299	8145	0.00044
Sphingomonas sp. IC081	304378	S	639	4213	4852	0.00026
Sphingomonas sediminicola	386874	S	29341	3002	32343	0.00175
Sphingomonas daechungensis	1176646	S	25672	2655	28327	0.00153
Sphingomonas lutea	1045317	S	23636	3250	26886	0.00145
Sphingomonas sabuli	2764186	S	20807	2726	23533	0.00127
Sphingomonas sinipercae	2714944	S	18205	2594	20799	0.00112
Sphingomonas ginsengisoli An et al. 2013	363835	S	16133	2356	18489	0.00100
Sphingomonas rhizophila	2071607	S	14721	3977	18698	0.00101
Sphingomonas xanthus	2594473	S	12824	3007	15831	0.00085
Sphingomonas piscis	2714943	S	11743	1150	12893	0.00070
Sphingomonas alpina	653931	S	7670	680	8350	0.00045
Sphingomonas profundi	2681549	S	7624	1296	8920	0.00048
Sphingomonas sanxanigenens	397260	S	7028	3601	10629	0.00057
Sphingomonas changnyeongensis	2698679	S	5259	1081	6340	0.00034
Sphingomonas koreensis	93064	S	4953	3988	8941	0.00048
Sphingomonas hengshuiensis	1609977	S	4851	675	5526	0.00030
Sphingomonas taxi	1549858	S	4734	1583	6317	0.00034
Sphingomonas panacis	1560345	S	4727	743	5470	0.00030
Sphingomonas panacisoli	1813879	S	4319	625	4944	0.00027
Sphingomonas suaedae	2599297	S	4121	572	4693	0.00025
Sphingomonas radiodurans	2890321	S	3836	538	4374	0.00024
Sphingomonas insulae	424800	S	3385	1035	4420	0.00024
Sphingomonas aliaeris	2759526	S	3261	434	3695	0.00020
Sphingomonas paucimobilis	13689	S	3026	2124	5150	0.00028
Sphingomonas sanguinis	33051	S	2216	2131	4347	0.00023
Sphingomonas melonis	152682	S	2140	8312	10452	0.00056
Sphingomonas lacunae	2698828	S	1737	235	1972	0.00011
Sphingomonas paeninsulae	2319844	S	1446	64	1510	0.00008
Sphingobium sp. SYK-6	627192	S	4037	1137	5174	0.00028
Sphingobium sp. TKS	1315974	S	2393	3564	5957	0.00032
Sphingobium sp. CAP-1	2676077	S	2093	1353	3446	0.00019
Sphingobium sp. SCG-1	2072936	S	2045	157	2202	0.00012
Sphingobium sp. YG1	2082188	S	2013	888	2901	0.00016
Sphingobium sp. EP60837	1855519	S	1911	559	2470	0.00013
Sphingobium sp. RAC03	1843368	S	1889	365	2254	0.00012
Sphingobium sp. KCTC 72723	2733867	S	1671	303	1974	0.00011
Sphingobium sp. Cam5-1	2789327	S	1655	637	2292	0.00012
Sphingobium sp. MI1205	407020	S	1273	1857	3130	0.00017
Sphingobium sp. PAMC28499	2565554	S	596	1174	1770	0.00010
Sphingobium sp. YBL2	484429	S	232	1577	1809	0.00010
Sphingobium sp. RSMS	520734	S	232	1408	1640	0.00009
Sphingobium sp. LF-16	2185111	S	39	631	670	0.00004
Sphingobium yanoikuyae	13690	S	3663	7055	10718	0.00058
Sphingobium indicum	332055	S	2958	2335	5293	0.00029
Sphingobium phenoxybenzoativorans	1592790	S	2584	1118	3702	0.00020
Sphingobium amiense	135719	S	2510	3275	5785	0.00031
Sphingobium cloacae	120107	S	2155	3308	5463	0.00029
Sphingobium chlorophenolicum	46429	S	2003	950	2953	0.00016
Sphingobium xenophagum	121428	S	1937	1322	3259	0.00018
Sphingobium baderi	1332080	S	1630	1690	3320	0.00018
Sphingobium herbicidovorans	76947	S	1393	1265	2658	0.00014
Sphingobium fuliginis	336203	S	974	3888	4862	0.00026
Sphingopyxis sp. QXT-31	1357916	S	3606	1041	4647	0.00025
Sphingopyxis sp. YF1	2482763	S	3517	847	4364	0.00024
Sphingopyxis sp. OPL5	2486273	S	3150	625	3775	0.00020
Sphingopyxis sp. 113P3	292913	S	3080	1266	4346	0.00023
Sphingopyxis sp. PAMC25046	2565556	S	2983	1422	4405	0.00024
Sphingopyxis sp. BSN-002	2911495	S	2783	522	3305	0.00018
Sphingopyxis sp. FD7	1914525	S	2480	1082	3562	0.00019
Sphingopyxis sp. EG6	1874061	S	2319	1197	3516	0.00019
Sphingopyxis sp. MG	1866325	S	165	1548	1713	0.00009
Sphingopyxis macrogoltabida	33050	S	5702	2978	8680	0.00047
Sphingopyxis terrae	33052	S	3211	1842	5053	0.00027
Sphingopyxis lindanitolerans	2054227	S	2748	1377	4125	0.00022
Sphingopyxis fribergensis	1515612	S	2627	1095	3722	0.00020
Sphingopyxis granuli	267128	S	2482	6992	9474	0.00051
Sphingopyxis alaskensis	117207	S	2260	542	2802	0.00015
Novosphingobium sp. Gsoil 351	2675225	S	5657	499	6156	0.00033
Novosphingobium sp. Sx8-5	2896849	S	4147	603	4750	0.00026
Novosphingobium sp. EMRT-2	2571749	S	3727	2286	6013	0.00032
Novosphingobium sp. P6W	1609758	S	3062	515	3577	0.00019
Novosphingobium sp. ES2-1	2780074	S	2293	1209	3502	0.00019
Novosphingobium sp. THN1	1016987	S	2269	831	3100	0.00017
Novosphingobium sp. PP1Y	702113	S	1330	1661	2991	0.00016
Novosphingobium sp. KA1	164608	S	721	3868	4589	0.00025
Novosphingobium resinovorum	158500	S	3710	1919	5629	0.00030
Novosphingobium aromaticivorans	48935	S	3284	1571	4855	0.00026
Novosphingobium decolorationis	2698673	S	3095	1761	4856	0.00026
Novosphingobium ginsenosidimutans	1176536	S	2560	274	2834	0.00015
Novosphingobium pentaromativorans	205844	S	1204	2239	3443	0.00019
Rhizorhabdus wittichii	160791	S	8232	5174	13406	0.00072
Rhizorhabdus dicambivorans	1850238	S	5295	4682	9977	0.00054
Rhizorhabdus phycosphaerae	2711156	S	3933	523	4456	0.00024
Allosphingosinicella indica	941907	S	10333	1341	11674	0.00063
Sphingosinithalassobacter sp. CS137	2762748	S	4349	954	5303	0.00029
Sphingosinithalassobacter tenebrarum	2711215	S	3243	1072	4315	0.00023
Parasphingopyxis algicola	2026624	S	3996	281	4277	0.00023
Parasphingopyxis sp. CP4	2724527	S	1216	58	1274	0.00007
Sphingorhabdus sp. YGSMI21	2077182	S	1335	230	1565	0.00008
Sphingorhabdus sp. SMR4y	2584094	S	1151	203	1354	0.00007
Sphingorhabdus sp. M41	1806885	S	953	125	1078	0.00006
Sphingorhabdus lacus	392610	S	800	36	836	0.00005
Sphingorhabdus lutea	1913578	S	135	10	145	0.00001
Blastomonas sp. RAC04	1842535	S	1028	1558	2586	0.00014
Blastomonas fulva	1550728	S	801	1570	2371	0.00013
Hankyongella ginsenosidimutans	1763828	S	3114	641	3755	0.00020
Tardibacter chloracetimidivorans	1921510	S	2835	2381	5216	0.00028
Citromicrobium sp. JL477	1634516	S	2400	1163	3563	0.00019
Novosphingopyxis iocasae	2762729	S	2119	1244	3363	0.00018
Parasphingorhabdus sp. JHSY0214	2806553	S	473	35	508	0.00003
Parasphingorhabdus halotolerans	2725558	S	468	19	487	0.00003
Parasphingorhabdus litoris	394733	S	387	30	417	0.00002
Aquisediminimonas profunda	1550733	S	1342	53	1395	0.00008
Erythrobacter sp. HL-111	1798193	S	3257	645	3902	0.00021
Erythrobacter sp. HKB08	2502843	S	2553	578	3131	0.00017
Erythrobacter sp. JK5	2829500	S	2392	749	3141	0.00017
Erythrobacter sp. SDW2	2907154	S	2333	636	2969	0.00016
Erythrobacter sp. THAF29	2587851	S	1492	361	1853	0.00010
Erythrobacter sp. 3-20A1M	2653850	S	1222	1948	3170	0.00017
Erythrobacter sp. A30-3	2785907	S	1203	988	2191	0.00012
Erythrobacter sp. LQ02-29	2920384	S	1097	1232	2329	0.00013
Erythrobacter sp. KY5	2011159	S	1082	87	1169	0.00006
Erythrobacter sp. SCSIO 43205	2779361	S	617	121	738	0.00004
Erythrobacter litoralis	39960	S	4093	1816	5909	0.00032
Erythrobacter neustonensis	1112	S	1760	420	2180	0.00012
Erythrobacter mangrovi	2739433	S	1753	656	2409	0.00013
Erythrobacter aureus	2182384	S	1352	250	1602	0.00009
Porphyrobacter sp. CACIAM 03H1	2003315	S	3271	1010	4281	0.00023
Porphyrobacter sp. LM 6	1896196	S	1844	685	2529	0.00014
Porphyrobacter sp. HT-58-2	2023229	S	1535	384	1919	0.00010
Porphyrobacter sp. GA68	2883480	S	1535	676	2211	0.00012
Qipengyuania flava	192812	S	4923	2880	7803	0.00042
Qipengyuania sediminis	1532023	S	2924	427	3351	0.00018
Qipengyuania soli	2782568	S	2039	387	2426	0.00013
Qipengyuania aurantiaca	2867233	S	1691	578	2269	0.00012
Qipengyuania gelatinilytica	2867231	S	1390	275	1665	0.00009
Qipengyuania seohaensis	266951	S	1185	263	1448	0.00008
Qipengyuania psychrotolerans	2867238	S	961	125	1086	0.00006
Qipengyuania aquimaris	255984	S	905	974	1879	0.00010
Qipengyuania xiapuensis	2867236	S	852	907	1759	0.00009
Tsuneonella dongtanensis	692370	S	3743	788	4531	0.00024
Tsuneonella amylolytica	2338327	S	3696	1131	4827	0.00026
Tsuneonella mangrovi	1982042	S	2639	423	3062	0.00017
Tsuneonella flava	2055955	S	1057	330	1387	0.00007
Altererythrobacter sp. B11	2060312	S	4051	2007	6058	0.00033
Altererythrobacter sp. TH136	2067415	S	2969	574	3543	0.00019
Altererythrobacter sp. BO-6	2604537	S	1564	252	1816	0.00010
Altererythrobacter sp. ZODW24	2185142	S	713	35	748	0.00004
Altererythrobacter epoxidivorans	361183	S	1265	375	1640	0.00009
Altererythrobacter ishigakiensis	476157	S	558	43	601	0.00003
Croceicoccus sp. YJ47	2798724	S	2024	1160	3184	0.00017
Croceicoccus sp. Ery5	1703340	S	693	821	1514	0.00008
Croceicoccus sp. Ery15	1703338	S	531	908	1439	0.00008
Croceicoccus marinus	450378	S	3572	1989	5561	0.00030
Croceicoccus naphthovorans	1348774	S	1574	1963	3537	0.00019
Aurantiacibacter gangjinensis	502682	S	1476	150	1626	0.00009
Aurantiacibacter atlanticus	1648404	S	705	245	950	0.00005
Pelagerythrobacter marensis	543877	S	2110	306	2416	0.00013
Paraurantiacibacter namhicola	645517	S	2019	273	2292	0.00012
Croceibacterium atlanticum	1267766	S	1940	866	2806	0.00015
Sphingosinicella sp. BN140058	1892855	S	10356	975	11331	0.00061
Sphingosinicella flava	2771430	S	4900	743	5643	0.00030
Sphingosinicella microcystinivorans	335406	S	3353	449	3802	0.00021
Polymorphobacter sp. PAMC 29334	2862331	S	2006	1395	3401	0.00018
Polymorphobacter sp. PAMC 29362	2835787	S	1944	1310	3254	0.00018
Sandaracinobacter sp. M6	2759707	S	2916	210	3126	0.00017
Zymomonas mobilis	542	S	223	186	409	0.00002
Skermanella mucosa	1789672	S	16641	8387	25028	0.00135
Skermanella sp. TT6	2775420	S	15742	12878	28620	0.00154
Skermanella pratensis	2233999	S	14250	5858	20108	0.00109
Skermanella rosea	1817965	S	12531	8141	20672	0.00112
Azospirillum sp. B510	137722	S	4124	1502	5626	0.00030
Azospirillum sp. TSA2s	709810	S	3435	2535	5970	0.00032
Azospirillum sp. TSH100	652764	S	3335	1496	4831	0.00026
Azospirillum sp. TSH58	664962	S	2545	3247	5792	0.00031
Azospirillum brasilense	192	S	13317	11187	24504	0.00132
Azospirillum thermophilum	2202148	S	9292	2044	11336	0.00061
Azospirillum thiophilum	528244	S	4867	1528	6395	0.00035
Azospirillum ramasamyi	682998	S	3182	1760	4942	0.00027
Azospirillum oryzae	286727	S	2580	2143	4723	0.00025
Azospirillum lipoferum	193	S	2477	1757	4234	0.00023
Azospirillum humicireducens	1226968	S	2468	1389	3857	0.00021
Azospirillum baldaniorum	1064539	S	1467	2854	4321	0.00023
Nitrospirillum amazonense	28077	S	5350	593	5943	0.00032
Indioceanicola profundi	2220096	S	4708	610	5318	0.00029
Niveispirillum cyanobacteriorum	1612173	S	2403	257	2660	0.00014
Roseomonas sp. S08	1750527	S	10164	630	10794	0.00058
Roseomonas sp. OT10	2897332	S	9536	2389	11925	0.00064
Roseomonas sp. FDAARGOS_362	2018065	S	622	3300	3922	0.00021
Roseomonas gilardii	257708	S	6873	3119	9992	0.00054
Roseomonas haemaphysalidis	2768162	S	6120	687	6807	0.00037
Roseomonas marmotae	2768161	S	5641	621	6262	0.00034
Roseomonas mucosa	207340	S	575	3556	4131	0.00022
Rhodovastum atsumiense	504468	S	8309	814	9123	0.00049
Komagataeibacter xylinus	28448	S	1706	2844	4550	0.00025
Komagataeibacter saccharivorans	265959	S	741	250	991	0.00005
Komagataeibacter nataicola	265960	S	534	233	767	0.00004
Komagataeibacter oboediens	65958	S	471	215	686	0.00004
Komagataeibacter europaeus	33995	S	416	197	613	0.00003
Komagataeibacter medellinensis	1177712	S	387	297	684	0.00004
Komagataeibacter rhaeticus	215221	S	30	498	528	0.00003
Roseococcus microcysteis	2771361	S	5874	524	6398	0.00035
Acidiphilium multivorum	62140	S	1156	5016	6172	0.00033
Acidiphilium cryptum	524	S	275	1881	2156	0.00012
Sediminicoccus rosea	1225128	S	4526	223	4749	0.00026
Lichenicola cladoniae	1484109	S	3667	171	3838	0.00021
Acidibrevibacterium fodinaquatile	1969806	S	3517	318	3835	0.00021
Acetobacter aceti	435	S	1378	474	1852	0.00010
Acetobacter persici	1076596	S	362	47	409	0.00002
Acetobacter sp. KACC 21233	2592655	S	294	57	351	0.00002
Acetobacter ghanensis	431306	S	195	45	240	0.00001
Acetobacter pasteurianus	438	S	129	242	371	0.00002
Acetobacter tropicalis	104102	S	107	119	226	0.00001
Acetobacter orientalis	146474	S	90	12	102	0.00001
Acetobacter senegalensis	446692	S	90	107	197	0.00001
Acetobacter ascendens	481146	S	88	97	185	0.00001
Acetobacter oryzoeni	2500548	S	24	46	70	0.00000
Acetobacter oryzifermentans	1633874	S	15	153	168	0.00001
Gluconobacter oxydans	442	S	918	846	1764	0.00010
Gluconobacter albidus	318683	S	436	73	509	0.00003
Gluconobacter sphaericus	574987	S	283	61	344	0.00002
Gluconobacter frateurii	38308	S	190	45	235	0.00001
Gluconobacter thailandicus	257438	S	117	79	196	0.00001
Gluconacetobacter diazotrophicus	33996	S	2358	465	2823	0.00015
Granulibacter bethesdensis	364410	S	1551	129	1680	0.00009
Asaia bogorensis	91915	S	1038	166	1204	0.00007
Neoasaia chiangmaiensis	320497	S	985	187	1172	0.00006
Kozakia baliensis	153496	S	671	221	892	0.00005
Novacetimonas hansenii	436	S	614	276	890	0.00005
Oecophyllibacter saccharovorans	2558360	S	460	14	474	0.00003
Parasaccharibacter sp. TMW 2.1888	2268025	S	32	159	191	0.00001
Parasaccharibacter apium	1510841	S	27	129	156	0.00001
Swingsia sp. F3b2	2558361	S	248	6	254	0.00001
Swingsia samuiensis	1293412	S	29	4	33	0.00000
Neokomagataea tanensis	661191	S	122	19	141	0.00001
Entomobacter blattae	2762277	S	54	3	57	0.00000
Bombella sp. KACC 21507	2697033	S	23	2	25	0.00000
Hypericibacter adhaerens	2602016	S	12542	2343	14885	0.00080
Hypericibacter terrae	2602015	S	9952	1469	11421	0.00062
Magnetospirillum sp. XM-1	1663591	S	2748	934	3682	0.00020
Magnetospirillum sp. ME-1	1639348	S	2373	876	3249	0.00018
Magnetospirillum gryphiswaldense	55518	S	3374	275447	278821	0.01505
Magnetospirillum magneticum	84159	S	2728	292	3020	0.00016
Ferrovibrio terrae	2594003	S	10447	683	11130	0.00060
Rhodospirillum centenum	34018	S	5876	833	6709	0.00036
Rhodospirillum rubrum	1085	S	2880	217	3097	0.00017
Tistrella mobilis	171437	S	6099	2881	8980	0.00048
Defluviicoccus vanus	111831	S	3315	303	3618	0.00020
Pararhodospirillum photometricum	1084	S	1964	147	2111	0.00011
Haematospirillum jordaniae	1549855	S	343	28	371	0.00002
Candidatus Endolissoclinum faulkneri	1263979	S	186	1	187	0.00001
Stella humosa	94	S	14423	1025	15448	0.00083
Elioraea tepida	2843330	S	6103	306	6409	0.00035
Thalassospira sp. A40-3	2785908	S	377	145	522	0.00003
Thalassospira sp. B30-1	2785911	S	216	318	534	0.00003
Thalassospira marina	2048283	S	510	30	540	0.00003
Thalassospira indica	1891279	S	379	228	607	0.00003
Thalassospira xiamenensis	220697	S	211	291	502	0.00003
Magnetospira sp. QH-2	1288970	S	1374	45	1419	0.00008
Terasakiella sp. SH-1	2560057	S	168	4	172	0.00001
Paracoccus sp. MC1862	2760307	S	2783	309	3092	0.00017
Paracoccus sp. MA	2895796	S	2149	1205	3354	0.00018
Paracoccus sp. AK26	2589076	S	1817	330	2147	0.00012
Paracoccus sp. H4-D09	2812658	S	1322	288	1610	0.00009
Paracoccus sp. S8-55	2903900	S	1300	188	1488	0.00008
Paracoccus sp. Arc7-R13	2500532	S	881	952	1833	0.00010
Paracoccus sanguinis	1545044	S	4126	1124	5250	0.00028
Paracoccus yeei	147645	S	2645	4362	7007	0.00038
Paracoccus liaowanqingii	2560053	S	2561	298	2859	0.00015
Paracoccus denitrificans	266	S	2416	1535	3951	0.00021
Paracoccus zhejiangensis	1077935	S	2350	564	2914	0.00016
Paracoccus aminovorans	34004	S	2323	691	3014	0.00016
Paracoccus suum	2259340	S	2247	422	2669	0.00014
Paracoccus pantotrophus	82367	S	2204	1296	3500	0.00019
Paracoccus jeotgali	2065379	S	2067	407	2474	0.00013
Paracoccus contaminans	1945662	S	1982	464	2446	0.00013
Paracoccus aminophilus	34003	S	1627	165	1792	0.00010
Paracoccus tegillarcae	1529068	S	1107	65	1172	0.00006
Paracoccus kondratievae	135740	S	1072	217	1289	0.00007
Paracoccus marcusii	59779	S	806	764	1570	0.00008
Paracoccus mutanolyticus	1499308	S	223	787	1010	0.00005
Cereibacter sphaeroides	1063	S	7862	3831	11693	0.00063
Cereibacter azotoformans	43057	S	848	2947	3795	0.00020
Rhodobacter sp. CZR27	2033869	S	3480	1215	4695	0.00025
Rhodobacter sp. N10	2807096	S	2587	332	2919	0.00016
Rhodobacter sp. LPB0142	1850250	S	2412	1691	4103	0.00022
Rhodobacter capsulatus	1061	S	3009	639	3648	0.00020
Rhodovulum sp. P5	1564506	S	1735	172	1907	0.00010
Rhodovulum sp. MB263	308754	S	1602	658	2260	0.00012
Rhodovulum sulfidophilum	35806	S	2464	1367	3831	0.00021
Paroceanicella profunda	2579971	S	5893	1304	7197	0.00039
Polymorphum gilvum	991904	S	5339	1396	6735	0.00036
Pikeienuella piscinae	2748098	S	4381	435	4816	0.00026
Pontivivens ytuae	2789856	S	3978	300	4278	0.00023
Silicimonas algicola	1826607	S	3340	198	3538	0.00019
Thioclava electrotropha	1549850	S	1442	368	1810	0.00010
Thioclava nitratireducens	1915078	S	1400	469	1869	0.00010
Pelagovum pacificum	2588711	S	3074	374	3448	0.00019
Frigidibacter mobilis	1335048	S	2554	1063	3617	0.00020
Pukyongiella litopenaei	2605946	S	2244	438	2682	0.00014
Brevirhabdus pacifica	1267768	S	2186	774	2960	0.00016
Gymnodinialimonas ceratoperidinii	2856823	S	1825	158	1983	0.00011
Haematobacter massiliensis	195105	S	1740	713	2453	0.00013
Fuscovulum blasticum	1075	S	1660	222	1882	0.00010
Tabrizicola piscis	2494374	S	1572	154	1726	0.00009
Pseudopuniceibacterium antarcticum	2613965	S	1508	110	1618	0.00009
Falsirhodobacter sp. PG104	2692330	S	1495	221	1716	0.00009
Pacificitalea manganoxidans	1411902	S	1379	248	1627	0.00009
Gemmobacter aquarius	2169400	S	1338	281	1619	0.00009
Pseudooceanicola algae	1537215	S	1332	124	1456	0.00008
Monaibacterium sp. h42	2758038	S	1304	234	1538	0.00008
Roseicitreum antarcticum	564137	S	1124	55	1179	0.00006
Tritonibacter mobilis	379347	S	892	280	1172	0.00006
Rhodophyticola sp. CCM32	2916397	S	800	22	822	0.00004
Qingshengfaniella alkalisoli	2599296	S	793	38	831	0.00004
Yoonia vestfoldensis	245188	S	733	113	846	0.00005
Pseudohalocynthiibacter aestuariivivens	1591409	S	676	95	771	0.00004
Rhodobaca barguzinensis	441209	S	597	26	623	0.00003
Profundibacter amoris	2171755	S	572	18	590	0.00003
Pseudorhodobacter turbinis	2500533	S	483	27	510	0.00003
Parasedimentitalea marina	2483033	S	467	18	485	0.00003
Cognatishimia activa	1715691	S	406	16	422	0.00002
Aestuarium zhoushanense	2820523	S	403	120	523	0.00003
Planktomarina temperata	1284658	S	248	5	253	0.00001
Roseovarius sp. SCSIO 43702	2823043	S	2607	164	2771	0.00015
Roseovarius sp. THAF9	2587847	S	1274	220	1494	0.00008
Roseovarius sp. THAF8	2587846	S	534	845	1379	0.00007
Roseovarius sp. THAF27	2587850	S	461	760	1221	0.00007
Roseovarius sp. TM1035	391613	S	221	419	640	0.00003
Roseovarius indicus	540747	S	3029	599	3628	0.00020
Roseovarius faecimaris	2494550	S	1273	41	1314	0.00007
Roseovarius mucosus	215743	S	221	413	634	0.00003
Sulfitobacter sp. JK7-1	2829501	S	1268	53	1321	0.00007
Sulfitobacter sp. THAF37	2587855	S	1250	355	1605	0.00009
Sulfitobacter sp. JL08	2070369	S	654	12	666	0.00004
Sulfitobacter sp. D7	1968541	S	608	165	773	0.00004
Sulfitobacter sp. SK011	1389004	S	429	8	437	0.00002
Sulfitobacter sp. BSw21498	664426	S	426	41	467	0.00003
Sulfitobacter sp. DSM 110093	2883127	S	409	116	525	0.00003
Sulfitobacter sp. SK012	1389005	S	324	4	328	0.00002
Sulfitobacter sp. SK025	1389011	S	151	282	433	0.00002
Sulfitobacter sp. CB2047	1525218	S	92	247	339	0.00002
Sulfitobacter sp. B30-2	2785912	S	68	151	219	0.00001
Sulfitobacter alexandrii	1917485	S	1914	572	2486	0.00013
Sulfitobacter mediterraneus	83219	S	873	57	930	0.00005
Sulfitobacter indolifex	225422	S	577	90	667	0.00004
Sulfitobacter dubius	218673	S	476	170	646	0.00003
Sulfitobacter pontiacus	60137	S	217	453	670	0.00004
Salipiger profundus	1229727	S	3640	1083	4723	0.00025
Salipiger abyssi	1250539	S	2554	735	3289	0.00018
Salipiger sp. CCB-MM3	1792508	S	2280	241	2521	0.00014
Roseivivax sp. THAF30	2587852	S	1966	366	2332	0.00013
Roseivivax sp. THAF40	2587858	S	37	922	959	0.00005
Roseivivax sp. THAF197b	2588299	S	37	708	745	0.00004
Roseivivax marinus	1379903	S	3393	397	3790	0.00020
Celeribacter indicus	1208324	S	2759	900	3659	0.00020
Celeribacter ethanolicus	1758178	S	1018	228	1246	0.00007
Celeribacter baekdonensis	875171	S	504	86	590	0.00003
Celeribacter marinus	1397108	S	333	9	342	0.00002
Phaeobacter gallaeciensis	60890	S	1234	414	1648	0.00009
Phaeobacter inhibens	221822	S	1046	358	1404	0.00008
Phaeobacter piscinae	1580596	S	518	408	926	0.00005
Phaeobacter porticola	1844006	S	272	82	354	0.00002
Phaeobacter sp. LSS9	681157	S	87	140	227	0.00001
Leisingera aquaemixtae	1396826	S	1417	216	1633	0.00009
Leisingera sp. NJS204	2508307	S	294	403	697	0.00004
Leisingera sp. NJS201	2508306	S	287	372	659	0.00004
Leisingera methylohalidivorans	133924	S	1001	204	1205	0.00007
Ruegeria sp. TM1040	292414	S	569	66	635	0.00003
Ruegeria sp. THAF33	2587853	S	546	101	647	0.00003
Ruegeria sp. SCSIO 43209	2793010	S	439	58	497	0.00003
Ruegeria sp. AD91A	2293862	S	425	40	465	0.00003
Ruegeria pomeroyi	89184	S	1487	216	1703	0.00009
Sagittula sp. P11	2009329	S	3166	770	3936	0.00021
Yangia pacifica	311180	S	3088	376	3464	0.00019
Sulfitobacter pseudonitzschiae	1402135	S	2038	448	2486	0.00013
Pseudosulfitobacter sp. DSM 107133	2883100	S	750	190	940	0.00005
Ponticoccus alexandrii	1943633	S	2244	240	2484	0.00013
Mameliella alba	561184	S	2151	246	2397	0.00013
Dinoroseobacter shibae	215813	S	2072	13570	15642	0.00084
Roseobacter ponti	1891787	S	801	16	817	0.00004
Roseobacter denitrificans	2434	S	602	96	698	0.00004
Roseobacter litoralis	42443	S	454	45	499	0.00003
Oceanicola sp. D3	2587163	S	1690	67	1757	0.00009
Ketogulonicigenium vulgare	92945	S	862	117	979	0.00005
Ketogulonicigenium robustum	92947	S	736	84	820	0.00004
Actibacterium sp. EMB200-NS6	1609966	S	1614	478	2092	0.00011
Octadecabacter sp. SW4	2602067	S	617	56	673	0.00004
Octadecabacter arcticus	53946	S	376	35	411	0.00002
Octadecabacter antarcticus	1217908	S	338	26	364	0.00002
Octadecabacter temperatus	1458307	S	215	3	218	0.00001
Roseibacterium elongatum	159346	S	1561	103	1664	0.00009
Maribius sp. THAF1	2587842	S	1260	53	1313	0.00007
Thalassococcus sp. S3	2017482	S	1103	21	1124	0.00006
Tateyamaria omphalii	299262	S	1091	26	1117	0.00006
Antarctobacter heliothermus	74033	S	975	35	1010	0.00005
Jannaschia sp. CCS1	290400	S	944	19	963	0.00005
Thalassobius gelatinovorus	53501	S	648	26	674	0.00004
Falsihalocynthiibacter arcticus	1579316	S	243	5	248	0.00001
Caulobacter sp. S6	2823693	S	6409	706	7115	0.00038
Caulobacter sp. FWC26	69665	S	2251	1039	3290	0.00018
Caulobacter segnis	88688	S	7450	3272	10722	0.00058
Caulobacter mirabilis	69666	S	6210	1176	7386	0.00040
Caulobacter flavus	1679497	S	4955	1434	6389	0.00034
Caulobacter vibrioides	155892	S	4864	2104	6968	0.00038
Caulobacter rhizosphaerae	2010972	S	4293	1305	5598	0.00030
Caulobacter soli	2708539	S	3869	1287	5156	0.00028
Caulobacter henricii	69395	S	2024	357	2381	0.00013
Brevundimonas sp. PAMC22021	2861285	S	2072	446	2518	0.00014
Brevundimonas sp. M20	2591463	S	2067	315	2382	0.00013
Brevundimonas sp. LM2	1938605	S	2017	338	2355	0.00013
Brevundimonas sp. MF30-B	2561924	S	1874	291	2165	0.00012
Brevundimonas sp. AJA228-03	2752515	S	1550	200	1750	0.00009
Brevundimonas sp. CS1	2813778	S	549	537	1086	0.00006
Brevundimonas sp. SGAir0440	2579977	S	477	453	930	0.00005
Brevundimonas sp. GW460-12-10-14-LB2	1827469	S	428	737	1165	0.00006
Brevundimonas sp. Bb-A	2560058	S	423	863	1286	0.00007
Brevundimonas sp. 'scallop'	2562582	S	392	682	1074	0.00006
Brevundimonas sp. DS20	1532555	S	381	937	1318	0.00007
Brevundimonas naejangsanensis	588932	S	3417	1148	4565	0.00025
Brevundimonas goettingensis	2774190	S	2459	378	2837	0.00015
Brevundimonas albigilva	1312364	S	2296	1259	3555	0.00019
Brevundimonas subvibrioides	74313	S	1923	338	2261	0.00012
Brevundimonas pondensis	2774189	S	1550	468	2018	0.00011
Brevundimonas vitisensis	2800818	S	1462	176	1638	0.00009
Brevundimonas diminuta	293	S	1374	2552	3926	0.00021
Brevundimonas nasdae	172043	S	1225	784	2009	0.00011
Brevundimonas mediterranea	74329	S	1204	456	1660	0.00009
Brevundimonas vesicularis	41276	S	397	862	1259	0.00007
Brevundimonas vancanneytii	1325724	S	389	1476	1865	0.00010
Phenylobacterium zucineum	284016	S	13464	2837	16301	0.00088
Phenylobacterium parvum	2201350	S	3811	437	4248	0.00023
Terricaulis silvestris	2686094	S	10557	375	10932	0.00059
Asticcacaulis excentricus	78587	S	1681	249	1930	0.00010
Asticcacaulis sp. AND118	2840468	S	1486	210	1696	0.00009
Candidatus Viadribacter manganicus	1759059	S	5087	141	5228	0.00028
Hyphomonas sp. CACIAM 19H1	1873716	S	1286	185	1471	0.00008
Hyphomonas sp. Mor2	1906738	S	885	18	903	0.00005
Hyphomonas sp. KY3	2016196	S	741	87	828	0.00004
Hyphomonas neptunium	81032	S	1147	122	1269	0.00007
Hirschia baltica	2724	S	91	2	93	0.00001
Marinicauda algicola	2029849	S	3624	634	4258	0.00023
Maricaulis maris	74318	S	1286	84	1370	0.00007
Glycocaulis alkaliphilus	1434191	S	1175	62	1237	0.00007
Hyphobacterium sp. CCMP332	2749086	S	1014	41	1055	0.00006
Aquisalinus flavus	1526572	S	1587	75	1662	0.00009
Parvularcula bermudensis	208216	S	590	73	663	0.00004
Anaplasma ovis	142058	S	143	20	163	0.00001
Anaplasma platys	949	S	55	7	62	0.00000
Anaplasma phagocytophilum	948	S	24	3	27	0.00000
Anaplasma marginale	770	S	17	38	55	0.00000
Anaplasma centrale	769	S	12	10	22	0.00000
Wolbachia endosymbiont of Folsomia candida	169402	S	12	9	21	0.00000
Wolbachia endosymbiont of Dirofilaria (Dirofilaria) immitis	1812115	S	10	18	28	0.00000
Wolbachia pipientis	955	S	11	48	59	0.00000
Ehrlichia ruminantium	779	S	32	21	53	0.00000
Neorickettsia helminthoeca	33994	S	14	19	33	0.00000
Candidatus Neoehrlichia mikurensis	89586	S	19	5	24	0.00000
Rickettsia tillamookensis	2761623	S	110	39	149	0.00001
Rickettsia endosymbiont of Ixodes scapularis	444612	S	19	15	34	0.00000
Rickettsia conorii	781	S	13	31	44	0.00000
Rickettsia australis	787	S	12	4	16	0.00000
Rickettsia amblyommatis	33989	S	12	10	22	0.00000
Rickettsia endosymbiont of Oedothorax gibbosus	931099	S	37	5	42	0.00000
Rickettsia endosymbiont of Bemisia tabaci	337479	S	15	14	29	0.00000
Rickettsia canadensis	788	S	13	4	17	0.00000
Orientia tsutsugamushi	784	S	32	1	33	0.00000
Candidatus Sneabacter namystus	2601646	S	16	1	17	0.00000
Candidatus Phycorickettsia trachydisci	2115978	S	48	3	51	0.00000
Candidatus Midichloria mitochondrii	234827	S	51	5	56	0.00000
Candidatus Fokinia solitaria	1802984	S	29	1	30	0.00000
Rickettsiales endosymbiont of Stachyamoeba lipophora	2486578	S	43	3	46	0.00000
Candidatus Deianiraea vastatrix	2163644	S	24	0	24	0.00000
Micavibrio aeruginosavorus	349221	S	883	10	893	0.00005
Candidatus Puniceispirillum marinum	767892	S	175	5	180	0.00001
Paremcibacter congregatus	2043170	S	529	16	545	0.00003
Luteithermobacter gelatinilyticus	2582913	S	486	82	568	0.00003
Candidatus Cytomitobacter primus	2066024	S	24	6	30	0.00000
Candidatus Cytomitobacter indipagum	2601575	S	22	6	28	0.00000
endosymbiont of Acanthamoeba sp. UWC8	86106	S	54	0	54	0.00000
Candidatus Hydrogenosomobacter endosymbioticus	2558174	S	49	0	49	0.00000
Candidatus Gromoviella agglomerans	2806609	S	24	0	24	0.00000
Candidatus Nesciobacter abundans	2601668	S	18	1	19	0.00000
Candidatus Nucleicultrix amoebiphila	1509244	S	107	4	111	0.00001
Candidatus Paracaedibacter acanthamoebae	91604	S	86	2	88	0.00000
Magnetococcus marinus	1124597	S	319	8	327	0.00002
Candidatus Pelagibacter sp. HIMB1321	1388755	S	29	4	33	0.00000
Candidatus Pelagibacter sp. RS40	1977865	S	25	2	27	0.00000
Candidatus Pelagibacter sp. IMCC9063	1002672	S	20	1	21	0.00000
Candidatus Pelagibacter sp. RS39	1977864	S	11	1	12	0.00000
Candidatus Pelagibacter giovannonii	2563896	S	10	14	24	0.00000
Candidatus Fonsibacter ubiquis	1925548	S	53	4	57	0.00000
Kordiimonas pumila	2161677	S	143	2	145	0.00001
Burkholderia multivorans	87883	S	7622	3396	11018	0.00059
Burkholderia ubonensis	101571	S	7280	4518	11798	0.00064
Burkholderia cenocepacia	95486	S	5406	21700	27106	0.00146
Burkholderia cepacia	292	S	4829	12755	17584	0.00095
Burkholderia pyrrocinia	60550	S	3298	1800	5098	0.00028
Burkholderia ambifaria	152480	S	2560	3184	5744	0.00031
Burkholderia contaminans	488447	S	2527	1591	4118	0.00022
Burkholderia stagnalis	1503054	S	2415	845	3260	0.00018
Burkholderia anthina	179879	S	2235	2091	4326	0.00023
Burkholderia stabilis	95485	S	2093	1527	3620	0.00020
Burkholderia dolosa	152500	S	2039	14787	16826	0.00091
Burkholderia lata	482957	S	2017	1789	3806	0.00021
Burkholderia territorii	1503055	S	1656	801	2457	0.00013
Burkholderia seminalis	488731	S	1395	643	2038	0.00011
Burkholderia vietnamiensis	60552	S	1281	3439	4720	0.00025
Burkholderia metallica	488729	S	1037	493	1530	0.00008
Burkholderia diffusa	488732	S	790	387	1177	0.00006
Burkholderia pseudomultivorans	1207504	S	605	638	1243	0.00007
Burkholderia latens	488446	S	372	756	1128	0.00006
Burkholderia aenigmatica	2015348	S	359	773	1132	0.00006
Burkholderia pseudomallei	28450	S	3436	38793	42229	0.00228
Burkholderia mayonis	1385591	S	2334	505	2839	0.00015
Burkholderia thailandensis	57975	S	2213	2805	5018	0.00027
Burkholderia oklahomensis	342113	S	1648	912	2560	0.00014
Burkholderia savannae	1637837	S	349	315	664	0.00004
Burkholderia sp. MSMB1588	1636423	S	156	357	513	0.00003
Burkholderia sp. MSMB617WGS	1637831	S	115	204	319	0.00002
Burkholderia mallei	13373	S	85	46756	46841	0.00253
Burkholderia sp. DHOD12	2571746	S	4142	466	4608	0.00025
Burkholderia sp. Bp7605	1740163	S	2211	327	2538	0.00014
Burkholderia sp. NRF60-BP8	1637853	S	862	469	1331	0.00007
Burkholderia sp. LA-2-3-30-S1-D2	1637862	S	836	458	1294	0.00007
Burkholderia sp. MSMB0856	1637869	S	806	482	1288	0.00007
Burkholderia sp. JP2-270	2217913	S	751	472	1223	0.00007
Burkholderia sp. PAMC 26561	1795043	S	648	625	1273	0.00007
Burkholderia sp. PAMC 28687	1795874	S	540	799	1339	0.00007
Burkholderia sp. MS455	2811788	S	539	376	915	0.00005
Burkholderia sp. IDO3	1705310	S	384	584	968	0.00005
Burkholderia sp. KBS0801	1179675	S	207	442	649	0.00004
Burkholderia sp. LAS2	2813843	S	107	530	637	0.00003
Burkholderia sp. MBR-1	2732364	S	58	269	327	0.00002
Burkholderia sp. KJ006	416344	S	54	386	440	0.00002
Burkholderia sp. MS389	2811789	S	50	400	450	0.00002
Burkholderia sp. B21-007	2890407	S	25	835	860	0.00005
Burkholderia gladioli	28095	S	9111	3116	12227	0.00066
Burkholderia glumae	337	S	3469	12763	16232	0.00088
Burkholderia plantarii	41899	S	2542	978	3520	0.00019
Burkholderia perseverans	2615214	S	1980	821	2801	0.00015
Cupriavidus taiwanensis	164546	S	14362	12634	26996	0.00146
Cupriavidus pauculus	82633	S	12355	5644	17999	0.00097
Cupriavidus basilensis	68895	S	6528	3813	10341	0.00056
Cupriavidus oxalaticus	96344	S	6345	3017	9362	0.00051
Cupriavidus necator	106590	S	6187	5887	12074	0.00065
Cupriavidus sp. EM10	2839983	S	2837	1801	4638	0.00025
Cupriavidus sp. MP-37	2884455	S	1285	1436	2721	0.00015
Cupriavidus sp. KK10	1478019	S	435	1440	1875	0.00010
Cupriavidus sp. ISTL7	2771360	S	391	2781	3172	0.00017
Cupriavidus sp. USMAA2-4	876364	S	300	2253	2553	0.00014
Cupriavidus sp. USMAHM13	1389192	S	293	2255	2548	0.00014
Cupriavidus campinensis	151783	S	5214	1998	7212	0.00039
Cupriavidus metallidurans	119219	S	3863	2617	6480	0.00035
Cupriavidus pinatubonensis	248026	S	3426	631	4057	0.00022
Cupriavidus gilardii	82541	S	1346	7338	8684	0.00047
Cupriavidus neocaledonicus	1040979	S	1182	1591	2773	0.00015
Cupriavidus nantongensis	1796606	S	1004	2865	3869	0.00021
Cupriavidus malaysiensis	367825	S	267	1955	2222	0.00012
Paraburkholderia sp. SOS3	1926494	S	3100	476	3576	0.00019
Paraburkholderia sp. PGU16	2735433	S	1599	929	2528	0.00014
Paraburkholderia sp. PGU19	2735434	S	1236	1116	2352	0.00013
Paraburkholderia pallida	2547399	S	4357	834	5191	0.00028
Paraburkholderia caribensis	75105	S	3814	2994	6808	0.00037
Paraburkholderia aromaticivorans	2026199	S	3800	1749	5549	0.00030
Paraburkholderia acidisoli	2571748	S	3543	675	4218	0.00023
Paraburkholderia tropica	92647	S	3383	796	4179	0.00023
Paraburkholderia acidiphila	2571747	S	3217	663	3880	0.00021
Paraburkholderia edwinii	2861782	S	3040	437	3477	0.00019
Paraburkholderia phytofirmans	261302	S	2878	1278	4156	0.00022
Paraburkholderia terricola	169427	S	2853	888	3741	0.00020
Paraburkholderia phymatum	148447	S	2614	699	3313	0.00018
Paraburkholderia sprentiae	948107	S	2608	599	3207	0.00017
Paraburkholderia atlantica	2654982	S	2600	665	3265	0.00018
Paraburkholderia phenoliruptrix	252970	S	2490	754	3244	0.00018
Paraburkholderia megapolitana	420953	S	2365	238	2603	0.00014
Paraburkholderia fungorum	134537	S	2318	572	2890	0.00016
Paraburkholderia graminis	60548	S	2253	581	2834	0.00015
Paraburkholderia caledonica	134536	S	2168	413	2581	0.00014
Paraburkholderia ginsengisoli	311231	S	2039	653	2692	0.00015
Paraburkholderia terrae	311230	S	1969	2376	4345	0.00023
Paraburkholderia hospita	169430	S	1760	2112	3872	0.00021
Paraburkholderia dokdonella	2211211	S	1705	482	2187	0.00012
Paraburkholderia caffeinilytica	1761016	S	1695	467	2162	0.00012
Paraburkholderia xenovorans	36873	S	1580	2089	3669	0.00020
Paraburkholderia dioscoreae	2604047	S	1057	745	1802	0.00010
Ralstonia solanacearum	305	S	8190	17474	25664	0.00138
Ralstonia insidiosa	190721	S	2371	1839	4210	0.00023
Ralstonia mannitolilytica	105219	S	1652	2088	3740	0.00020
Ralstonia pickettii	329	S	1634	799	2433	0.00013
Ralstonia sp. 56D2	2842456	S	1482	250	1732	0.00009
Ralstonia syzygii	28097	S	124	544	668	0.00004
Ralstonia pseudosolanacearum	1310165	S	53	1490	1543	0.00008
Pandoraea pnomenusa	93220	S	3391	1737	5128	0.00028
Pandoraea thiooxydans	445709	S	2904	258	3162	0.00017
Pandoraea pulmonicola	93221	S	2627	627	3254	0.00018
Pandoraea sp. XY-2	2518599	S	1950	1078	3028	0.00016
Pandoraea norimbergensis	93219	S	1944	336	2280	0.00012
Pandoraea vervacti	656178	S	1932	617	2549	0.00014
Pandoraea faecigallinarum	656179	S	1869	550	2419	0.00013
Pandoraea apista	93218	S	1555	936	2491	0.00013
Pandoraea oxalativorans	573737	S	1407	727	2134	0.00012
Pandoraea fibrosis	1891094	S	1394	507	1901	0.00010
Pandoraea sputorum	93222	S	1239	600	1839	0.00010
Caballeronia sp. Lep1P3	2878150	S	2699	696	3395	0.00018
Caballeronia sp. TF1N1	2878153	S	2310	290	2600	0.00014
Caballeronia sp. SL2Y3	2878151	S	1396	846	2242	0.00012
Caballeronia sp. Sq4a	2878152	S	1219	943	2162	0.00012
Caballeronia sp. M1242	2814653	S	1133	853	1986	0.00011
Caballeronia sp. SBC2	2705547	S	142	1259	1401	0.00008
Caballeronia sp. SBC1	2705548	S	117	1450	1567	0.00008
Caballeronia zhejiangensis	871203	S	3159	816	3975	0.00021
Caballeronia insecticola	758793	S	2747	637	3384	0.00018
Caballeronia grimmiae	1071679	S	2524	1381	3905	0.00021
Lautropia mirabilis	47671	S	2900	594	3494	0.00019
Polynucleobacter sp. MWH-UH24A	2689110	S	79	5	84	0.00000
Polynucleobacter sp. MWH-P3-07-1	1743173	S	78	12	90	0.00000
Polynucleobacter sp. MWH-CaK5	2689107	S	63	3	66	0.00000
Polynucleobacter sp. AP-Nino-20-G2	2576917	S	59	14	73	0.00000
Polynucleobacter sp. LimPoW16	1743162	S	52	2	54	0.00000
Polynucleobacter sp. MWH-Braz-FAM2G	1855883	S	52	5	57	0.00000
Polynucleobacter sp. MWH-Svant-W18	1855909	S	51	9	60	0.00000
Polynucleobacter sp. JS-JIR-II-b4	1758390	S	50	20	70	0.00000
Polynucleobacter sp. MWH-UH25E	1855616	S	50	7	57	0.00000
Polynucleobacter sp. es-MAR-2	1819725	S	49	9	58	0.00000
Polynucleobacter sp. JS-JIR-II-50	2576919	S	44	15	59	0.00000
Polynucleobacter sp. VK25	1758398	S	42	8	50	0.00000
Polynucleobacter sp. MWH-UH35A	1855619	S	42	6	48	0.00000
Polynucleobacter sp. MWH-Spelu-300-X4	2689109	S	41	2	43	0.00000
Polynucleobacter sp. es-EL-1	1855652	S	41	6	47	0.00000
Polynucleobacter sp. AP-Kolm-20A-A1	2081041	S	40	23	63	0.00000
Polynucleobacter sp. MWH-UH21B	1743174	S	40	6	46	0.00000
Polynucleobacter sp. MWH-UH2A	1855617	S	40	6	46	0.00000
Polynucleobacter sp. MWH-Aus1W21	1855880	S	39	8	47	0.00000
Polynucleobacter sp. AP-Ainpum-60-G11	2576926	S	37	8	45	0.00000
Polynucleobacter sp. AP-Titi-500A-B4	2576923	S	36	6	42	0.00000
Polynucleobacter sp. AP-Sving-400A-A2	2081049	S	35	13	48	0.00000
Polynucleobacter sp. JS-Mosq-20-D10	2576922	S	32	9	41	0.00000
Polynucleobacter sp. MWH-S4W17	1855910	S	31	11	42	0.00000
Polynucleobacter sp. AP-Melu-1000-A1	2081042	S	28	8	36	0.00000
Polynucleobacter sp. MG-Unter2-18	2081052	S	27	18	45	0.00000
Polynucleobacter sp. AP-Elch-400A-B2	2576930	S	27	9	36	0.00000
Polynucleobacter sp. MG-6-Vaara-E2	2576932	S	25	4	29	0.00000
Polynucleobacter sp. TSB-Sco08W16	1758374	S	25	3	28	0.00000
Polynucleobacter sp. AP-Jannik-300A-C4	2576928	S	20	14	34	0.00000
Polynucleobacter sp. Adler-ghost	2770234	S	17	5	22	0.00000
Polynucleobacter sp. AM-7D1	2689102	S	15	11	26	0.00000
Polynucleobacter sp. JS-JIR-5-A7	1758395	S	14	24	38	0.00000
Polynucleobacter sp. UB-Siik-W21	1855646	S	11	19	30	0.00000
Polynucleobacter sp. MG-5-Ahmo-C2	2081051	S	10	49	59	0.00000
Polynucleobacter necessarius	576610	S	285	53	338	0.00002
Polynucleobacter asymbioticus	576611	S	161	24	185	0.00001
Polynucleobacter difficilis	556054	S	155	14	169	0.00001
Polynucleobacter acidiphobus	556053	S	103	7	110	0.00001
Polynucleobacter paneuropaeus	2527775	S	61	7	68	0.00000
Polynucleobacter wuianus	1743168	S	27	8	35	0.00000
Polynucleobacter duraquae	1835254	S	19	13	32	0.00000
Chitinimonas arctica	2594795	S	1653	150	1803	0.00010
Mycetohabitans rhizoxinica	412963	S	1556	114	1670	0.00009
Mycoavidus sp. HKI	2840467	S	198	16	214	0.00001
Mycoavidus sp. B2-EB	2651972	S	97	18	115	0.00001
Mycoavidus cysteinexigens	1553431	S	127	17	144	0.00001
Limnobacter sp. SAORIC-580	2732163	S	271	14	285	0.00002
Candidatus Vallotia cooleyia	1177211	S	83	10	93	0.00001
Candidatus Vallotia lariciata	2018052	S	67	24	91	0.00000
Candidatus Vallotia sp. (ex Adelges kitamiensis)	2864217	S	61	21	82	0.00000
Candidatus Vallotia tarda	1177213	S	27	4	31	0.00000
Ephemeroptericola cinctiostellae	2268024	S	153	11	164	0.00001
Variovorax sp. HW608	1034889	S	11415	2200	13615	0.00073
Variovorax sp. RA8	662548	S	7489	6114	13603	0.00073
Variovorax sp. WDL1	207745	S	7238	11978	19216	0.00104
Variovorax sp. PBS-H4	434008	S	7023	4657	11680	0.00063
Variovorax sp. PBL-H6	434009	S	6957	6723	13680	0.00074
Variovorax sp. PAMC 28711	1795631	S	4923	949	5872	0.00032
Variovorax sp. RKNM96	2681552	S	4563	1825	6388	0.00034
Variovorax sp. PAMC28562	2762323	S	3897	381	4278	0.00023
Variovorax sp. PAMC26660	2762322	S	3890	1048	4938	0.00027
Variovorax sp. SRS16	282217	S	3178	6899	10077	0.00054
Variovorax sp. PBL-E5	434014	S	2537	6391	8928	0.00048
Variovorax sp. 38R	2774875	S	2479	3123	5602	0.00030
Variovorax sp. PDNC026	2811425	S	112	4011	4123	0.00022
Variovorax sp. PMC12	2126319	S	48	2208	2256	0.00012
Variovorax paradoxus	34073	S	25606	24775	50381	0.00272
Variovorax boronicumulans	436515	S	3276	2472	5748	0.00031
Hydrogenophaga sp. BA0156	2716225	S	5535	4463	9998	0.00054
Hydrogenophaga sp. PBC	795665	S	5296	6739	12035	0.00065
Hydrogenophaga sp. YM1	2806262	S	4920	2907	7827	0.00042
Hydrogenophaga sp. BPS33	2651974	S	4607	3805	8412	0.00045
Hydrogenophaga sp. SL48	2806347	S	3859	1085	4944	0.00027
Hydrogenophaga sp. RAC07	1842537	S	3191	1234	4425	0.00024
Hydrogenophaga sp. PBL-H3	434010	S	3019	3026	6045	0.00033
Hydrogenophaga sp. PAMC20947	2565558	S	1514	118	1632	0.00009
Hydrogenophaga sp. NH-16	2184519	S	1422	3453	4875	0.00026
Hydrogenophaga taeniospiralis	65656	S	3426	1211	4637	0.00025
Hydrogenophaga crassostreae	1763535	S	1467	108	1575	0.00009
Hydrogenophaga pseudoflava	47421	S	1392	2641	4033	0.00022
Acidovorax sp. YS12	2738413	S	2960	2963	5923	0.00032
Acidovorax sp. RAC01	1842533	S	2014	1828	3842	0.00021
Acidovorax sp. JMULE5	2518343	S	1853	597	2450	0.00013
Acidovorax sp. KKS102	358220	S	1762	1463	3225	0.00017
Acidovorax sp. HDW3	2714923	S	1755	1443	3198	0.00017
Acidovorax sp. 1608163	2478662	S	1332	329	1661	0.00009
Acidovorax sp. T1	1858609	S	1095	4415	5510	0.00030
Acidovorax avenae	80867	S	6442	4399	10841	0.00059
Acidovorax monticola	1926868	S	3553	1650	5203	0.00028
Acidovorax antarcticus	2743470	S	3419	3009	6428	0.00035
Acidovorax carolinensis	553814	S	2242	2064	4306	0.00023
Acidovorax citrulli	80869	S	1798	3686	5484	0.00030
Acidovorax cattleyae	80868	S	1569	1144	2713	0.00015
Acidovorax radicis	758826	S	1494	347	1841	0.00010
Ramlibacter tataouinensis	94132	S	29501	13411	42912	0.00232
Comamonas sp. NLF-7-7	2597701	S	2495	2217	4712	0.00025
Comamonas sp. NLF-1-9	2853163	S	2121	1401	3522	0.00019
Comamonas sp. B21-038	2918299	S	1242	356	1598	0.00009
Comamonas sp. Y33R10-2	2853257	S	408	89	497	0.00003
Comamonas serinivorans	1082851	S	3011	984	3995	0.00022
Comamonas aquatica	225991	S	2845	3121	5966	0.00032
Comamonas testosteroni	285	S	1865	2959	4824	0.00026
Comamonas odontotermitis	379895	S	1166	268	1434	0.00008
Comamonas koreensis	160825	S	1139	759	1898	0.00010
Comamonas piscis	1562974	S	921	209	1130	0.00006
Comamonas thiooxydans	363952	S	876	2130	3006	0.00016
Comamonas kerstersii	225992	S	725	436	1161	0.00006
Comamonas fluminis	2796366	S	623	305	928	0.00005
Rhodoferax sp. BAB1	2741720	S	3567	1152	4719	0.00025
Rhodoferax sp. AJA081-3	2752316	S	1362	112	1474	0.00008
Rhodoferax sp. PAMC 29310	2822760	S	845	109	954	0.00005
Rhodoferax sp. MIZ03	2798804	S	735	88	823	0.00004
Rhodoferax koreense	1842727	S	5615	3338	8953	0.00048
Rhodoferax sediminis	2509614	S	4631	831	5462	0.00029
Rhodoferax ferrireducens	192843	S	1738	134	1872	0.00010
Rhodoferax saidenbachensis	1484693	S	1318	165	1483	0.00008
Rhodoferax antarcticus	81479	S	823	72	895	0.00005
Rhodoferax aquaticus	2527691	S	582	67	649	0.00004
Schlegelella thermodepolymerans	215580	S	9417	5366	14783	0.00080
Schlegelella brevitalea	413882	S	7875	1338	9213	0.00050
Polaromonas sp. JS666	296591	S	4526	441	4967	0.00027
Polaromonas sp. SP1	2268087	S	14	5509	5523	0.00030
Polaromonas naphthalenivorans	216465	S	3068	541	3609	0.00019
Polaromonas vacuolata	37448	S	387	46	433	0.00002
Diaphorobacter sp. HDW4A	2714924	S	2275	2404	4679	0.00025
Diaphorobacter sp. HDW4B	2714925	S	2080	310	2390	0.00013
Diaphorobacter sp. MNS-0	2866628	S	220	2044	2264	0.00012
Diaphorobacter sp. JS3050	2735554	S	188	2278	2466	0.00013
Diaphorobacter sp. JS3051	2792224	S	177	3160	3337	0.00018
Diaphorobacter ruginosibacter	1715720	S	2612	561	3173	0.00017
Diaphorobacter aerolatus	1288495	S	1952	3430	5382	0.00029
[Acidovorax] ebreus	721785	S	327	2134	2461	0.00013
Diaphorobacter nitroreducens	164759	S	315	954	1269	0.00007
Delftia tsuruhatensis	180282	S	2403	7428	9831	0.00053
Delftia acidovorans	80866	S	1862	3856	5718	0.00031
Delftia lacustris	558537	S	667	4249	4916	0.00027
Delftia sp. Cs1-4	742013	S	238	617	855	0.00005
Delftia sp. HK171	1920191	S	132	396	528	0.00003
Delftia sp. WY8	2708352	S	11	854	865	0.00005
Kinneretia sp. DAIF2	2714952	S	7257	3070	10327	0.00056
Kinneretia sp. XES5	2877940	S	2138	3011	5149	0.00028
Ottowia sp. 27C	2816950	S	3339	767	4106	0.00022
Ottowia sp. oral taxon 894	1658672	S	1194	201	1395	0.00008
Ottowia oryzae	2109914	S	2519	653	3172	0.00017
Alicycliphilus denitrificans	179636	S	6112	12046	18158	0.00098
Melaminivora sp. SC2-9	2109913	S	2912	3759	6671	0.00036
Melaminivora jejuensis	1267217	S	2259	1938	4197	0.00023
Serpentinimonas maccroryi	1458426	S	2103	751	2854	0.00015
Serpentinimonas raichei	1458425	S	1772	700	2472	0.00013
Verminephrobacter eiseniae	364317	S	3246	461	3707	0.00020
Hylemonella gracilis	80880	S	2728	459	3187	0.00017
Pulveribacter suum	2116657	S	2462	1478	3940	0.00021
Simplicispira suum	2109915	S	2001	826	2827	0.00015
Limnohabitans sp. 63ED37-2	1678128	S	1087	138	1225	0.00007
Limnohabitans sp. 103DPR2	1678129	S	373	32	405	0.00002
Candidatus Symbiobacter mobilis	1436290	S	965	38	1003	0.00005
Curvibacter sp. AEP1-3	1844971	S	957	79	1036	0.00006
Massilia sp. WG5	1707785	S	5296	2739	8035	0.00043
Massilia sp. LPB0304	2769491	S	4276	1251	5527	0.00030
Massilia sp. HC52	2852099	S	4191	1361	5552	0.00030
Massilia sp. DM-R-R2A-13	2899220	S	3522	921	4443	0.00024
Massilia sp. YMA4	1593482	S	3105	1874	4979	0.00027
Massilia sp. NP310	2861282	S	3030	2326	5356	0.00029
Massilia sp. PAMC28688	2861283	S	2626	468	3094	0.00017
Massilia sp. MB5	2919578	S	470	1734	2204	0.00012
Massilia sp. NR 4-1	1678028	S	436	1555	1991	0.00011
Massilia sp. Dwa41.01b	2709302	S	67	2513	2580	0.00014
Massilia sp. Se16.2.3	2709303	S	51	1931	1982	0.00011
Massilia putida	1141883	S	6923	2597	9520	0.00051
Massilia violaceinigra	2045208	S	6072	1996	8068	0.00044
Massilia flava	871742	S	5304	1508	6812	0.00037
Massilia lutea	321985	S	3477	1233	4710	0.00025
Massilia umbonata	864828	S	3402	1584	4986	0.00027
Massilia albidiflava	321983	S	3307	1530	4837	0.00026
Massilia armeniaca	2072590	S	3148	1928	5076	0.00027
Massilia plicata	321984	S	3105	947	4052	0.00022
Massilia oculi	945844	S	2628	1952	4580	0.00025
Massilia antarctica	2765360	S	2578	1120	3698	0.00020
Duganella sp. GN2-R2	2728020	S	4504	2196	6700	0.00036
Duganella sp. AF9R3	2728021	S	2674	654	3328	0.00018
Herbaspirillum robiniae	2014887	S	3243	1422	4665	0.00025
Herbaspirillum seropedicae	964	S	2204	965	3169	0.00017
Herbaspirillum frisingense	92645	S	2192	832	3024	0.00016
Herbaspirillum hiltneri	341045	S	2115	430	2545	0.00014
Herbaspirillum rubrisubalbicans	80842	S	1867	1032	2899	0.00016
Herbaspirillum huttiense	863372	S	1433	689	2122	0.00011
Herbaspirillum sp. meg3	2025949	S	1263	172	1435	0.00008
Janthinobacterium sp. 17J80-10	2497863	S	2039	354	2393	0.00013
Janthinobacterium sp. 1_2014MBL_MicDiv	1644131	S	1722	712	2434	0.00013
Janthinobacterium sp. LM6	1938606	S	789	544	1333	0.00007
Janthinobacterium sp. PAMC25594	2861284	S	645	443	1088	0.00006
Janthinobacterium sp. Marseille	375286	S	605	179	784	0.00004
Janthinobacterium sp. HH102	1537274	S	372	650	1022	0.00006
Janthinobacterium sp. B9-8	1236179	S	139	48	187	0.00001
Janthinobacterium agaricidamnosum	55508	S	2431	4276	6707	0.00036
Janthinobacterium lividum	29581	S	577	651	1228	0.00007
Janthinobacterium tructae	2590869	S	569	331	900	0.00005
Janthinobacterium svalbardensis	368607	S	523	296	819	0.00004
Collimonas fungivorans	158899	S	2588	786	3374	0.00018
Collimonas arenae	279058	S	1952	278	2230	0.00012
Collimonas pratensis	279113	S	1846	414	2260	0.00012
Noviherbaspirillum sp. UKPF54	2601898	S	4299	857	5156	0.00028
Undibacterium sp. YM2	2058625	S	221	99	320	0.00002
Undibacterium sp. KW1	2058624	S	204	91	295	0.00002
Undibacterium parvum	401471	S	291	43	334	0.00002
Glaciimonas sp. PAMC28666	2807626	S	395	28	423	0.00002
Herminiimonas arsenitoxidans	1809410	S	354	65	419	0.00002
Oxalobacter formigenes	847	S	252	26	278	0.00002
Achromobacter spanius	217203	S	10680	4804	15484	0.00084
Achromobacter sp. MFA1 R4	1881016	S	3701	1216	4917	0.00027
Achromobacter sp. AONIH1	1758194	S	3283	4757	8040	0.00043
Achromobacter sp. 77	2756133	S	1018	2436	3454	0.00019
Achromobacter sp. ES-001	2860286	S	387	1404	1791	0.00010
Achromobacter sp. B7	2282475	S	364	973	1337	0.00007
Achromobacter xylosoxidans	85698	S	10335	18531	28866	0.00156
Achromobacter denitrificans	32002	S	4852	3765	8617	0.00047
Achromobacter deleyi	1353891	S	4516	3349	7865	0.00042
Achromobacter insolitus	217204	S	2586	785	3371	0.00018
Achromobacter pestifer	1353889	S	1993	1480	3473	0.00019
Achromobacter mucicolens	1389922	S	1570	2303	3873	0.00021
Achromobacter ruhlandii	72557	S	36	1576	1612	0.00009
Bordetella sp. H567	1697043	S	3557	502	4059	0.00022
Bordetella sp. N	1746199	S	3084	419	3503	0.00019
Bordetella genomosp. 13	463040	S	3974	3259	7233	0.00039
Bordetella bronchialis	463025	S	3966	619	4585	0.00025
Bordetella genomosp. 8	1416806	S	3707	516	4223	0.00023
Bordetella genomosp. 9	1416803	S	3487	1035	4522	0.00024
Bordetella flabilis	463014	S	3373	334	3707	0.00020
Bordetella petrii	94624	S	2967	4652	7619	0.00041
Bordetella hinzii	103855	S	2809	1409	4218	0.00023
Bordetella trematum	123899	S	2277	1112	3389	0.00018
Bordetella pseudohinzii	1331258	S	1639	853	2492	0.00013
Bordetella bronchiseptica	518	S	1546	7161	8707	0.00047
Bordetella holmesii	35814	S	1131	401	1532	0.00008
Bordetella avium	521	S	1031	137	1168	0.00006
Bordetella genomosp. 6	463024	S	581	1216	1797	0.00010
Bordetella pertussis	520	S	256	9347	9603	0.00052
Bordetella parapertussis	519	S	160	1898	2058	0.00011
Pigmentiphaga sp. H8	2488560	S	6221	948	7169	0.00039
Pigmentiphaga aceris	1940612	S	1790	145	1935	0.00010
Castellaniella defragrans	75697	S	3998	3117	7115	0.00038
Orrella dioscoreae	1851544	S	3283	1365	4648	0.00025
Orrella marina	2163011	S	447	87	534	0.00003
Orrella sp. f23	2782176	S	213	15	228	0.00001
Alcaligenes faecalis	511	S	880	782	1662	0.00009
Alcaligenes sp. SORT26	2813780	S	226	43	269	0.00001
Alcaligenes sp. DN25	1367435	S	48	106	154	0.00001
Alcaligenes aquatilis	323284	S	150	546	696	0.00004
Alcaligenes ammonioxydans	2582914	S	26	279	305	0.00002
Pusillimonas thiosulfatoxidans	2028345	S	1098	320	1418	0.00008
Pusillimonas sp. T7-7	1007105	S	739	136	875	0.00005
Pusillimonas sp. DMV24BSW_D	2716226	S	291	23	314	0.00002
Paralcaligenes sp. KSB-10	2901142	S	1191	57	1248	0.00007
Kerstersia gyiorum	206506	S	1016	251	1267	0.00007
Advenella mimigardefordensis	302406	S	451	31	482	0.00003
Advenella kashmirensis	310575	S	439	30	469	0.00003
Oligella urethralis	90245	S	93	9	102	0.00001
Oligella ureolytica	90244	S	85	61	146	0.00001
Paenalcaligenes hominis	643674	S	95	5	100	0.00001
Taylorella asinigenitalis	84590	S	20	5	25	0.00000
Taylorella equigenitalis	29575	S	14	2	16	0.00000
Pelistega ratti	2652177	S	37	6	43	0.00000
Basilea psittacipulmonis	1472345	S	33	3	36	0.00000
Rhizobacter sp. AJA081-3	2753607	S	12676	4118	16794	0.00091
Rhizobacter gummiphilus	946333	S	10330	2557	12887	0.00070
Sphaerotilus sp. FB-5	2914710	S	6615	4999	11614	0.00063
Sphaerotilus natans	34103	S	5866	2909	8775	0.00047
Methylibium sp. Pch-M	2082386	S	4094	4337	8431	0.00045
Methylibium petroleiphilum	105560	S	3701	4214	7915	0.00043
Rubrivivax gelatinosus	28068	S	11118	4368	15486	0.00084
Aquincola tertiaricarbonis	391953	S	8846	3820	12666	0.00068
Thiomonas sp. X19	1050370	S	3004	1160	4164	0.00022
Thiomonas intermedia	926	S	1896	294	2190	0.00012
Thiomonas arsenitoxydans	426114	S	809	1388	2197	0.00012
Leptothrix cholodnii	34029	S	7584	3081	10665	0.00058
Mitsuaria sp. 7	1658665	S	6792	1704	8496	0.00046
Xylophilus rhododendri	2697032	S	4559	1667	6226	0.00034
Ideonella dechloratans	36863	S	4020	3038	7058	0.00038
Tepidimonas taiwanensis	307486	S	3971	1737	5708	0.00031
Aquabacterium olei	1296669	S	3260	1084	4344	0.00023
Roseateles depolymerans	76731	S	3057	739	3796	0.00020
Inhella inkyongensis	392593	S	2246	445	2691	0.00015
Paucibacter sp. KCTC 42545	1768242	S	1861	398	2259	0.00012
Candidatus Ichthyocystis hellenicum	1561003	S	60	1	61	0.00000
Sutterella megalosphaeroides	2494234	S	1131	235	1366	0.00007
Sutterella faecalis	2584944	S	910	152	1062	0.00006
Sutterella wadsworthensis	40545	S	408	57	465	0.00003
Turicimonas muris	1796652	S	141	12	153	0.00001
Usitatibacter rugosus	2732067	S	23007	2982	25989	0.00140
Usitatibacter palustris	2732487	S	18229	2513	20742	0.00112
Nitrosospira multiformis	1231	S	11555	407	11962	0.00065
Nitrosospira lacus	1288494	S	1360	51	1411	0.00008
Nitrosospira sp. NRS527	155925	S	619	404	1023	0.00006
Nitrosospira briensis	35799	S	546	382	928	0.00005
Nitrosomonas communis	44574	S	10415	230	10645	0.00057
Nitrosomonas ureae	44577	S	436	15	451	0.00002
Nitrosomonas europaea	915	S	274	42	316	0.00002
Nitrosomonas eutropha	916	S	192	111	303	0.00002
Nitrosomonas stercoris	1444684	S	77	45	122	0.00001
Denitratisoma sp. DHT3	1981880	S	3329	2903	6232	0.00034
Denitratisoma oestradiolicum	311182	S	1642	318	1960	0.00011
Sulfuritalea hydrogenivorans	748811	S	4197	728	4925	0.00027
Methyloversatilis sp. RAC08	1842540	S	3635	575	4210	0.00023
Sterolibacterium denitrificans	157592	S	2550	824	3374	0.00018
Thiobacillus denitrificans	36861	S	5023	1140	6163	0.00033
Sulfuritortus calidifontis	1914471	S	3591	1827	5418	0.00029
Sideroxydans sp. MIZ01	2764705	S	1959	477	2436	0.00013
Sideroxydans lithotrophicus	63745	S	1530	273	1803	0.00010
Ferrigenium kumadai	1682490	S	2396	578	2974	0.00016
Ferriphaselus amnicola	1188319	S	840	130	970	0.00005
Candidatus Nitrotoga arctica	453162	S	349	125	474	0.00003
Candidatus Nitrotoga sp. AM1P	2559597	S	217	84	301	0.00002
Gallionella capsiferriformans	370405	S	523	54	577	0.00003
Sulfurimicrobium lacus	2715678	S	2517	366	2883	0.00016
Sulfuriferula plumbiphila	171865	S	1652	340	1992	0.00011
Sulfuriferula sp. AH1	1985873	S	714	162	876	0.00005
Sulfuriferula nivalis	2675298	S	116	10	126	0.00001
Sulfuricella denitrificans	649841	S	1370	139	1509	0.00008
Methylovorus sp. MP688	887061	S	207	199	406	0.00002
Methylovorus glucosotrophus	266009	S	190	166	356	0.00002
Methylobacillus flagellatus	405	S	634	178	812	0.00004
Methylophilus sp. TWE2	1662285	S	196	14	210	0.00001
Methylophilus medardicus	2588534	S	154	14	168	0.00001
Methylotenera mobilis	359408	S	136	15	151	0.00001
Methylotenera versatilis	1055487	S	82	9	91	0.00000
Candidatus Methylopumilus turicensis	1581680	S	68	9	77	0.00000
Candidatus Methylopumilus universalis	2588536	S	50	16	66	0.00000
Candidatus Methylopumilus planktonicus	1581557	S	37	13	50	0.00000
Candidatus Methylopumilus rimovensis	2588535	S	17	2	19	0.00000
Methyloradius palustris	2778876	S	132	11	143	0.00001
Thauera sp. MZ1T	85643	S	5393	6289	11682	0.00063
Thauera sp. K11	2005884	S	5009	3439	8448	0.00046
Thauera humireducens	1134435	S	3330	2182	5512	0.00030
Thauera chlorobenzoica	96773	S	2568	2619	5187	0.00028
Thauera aromatica	59405	S	2319	3564	5883	0.00032
Thauera hydrothermalis	2184083	S	1528	514	2042	0.00011
Azoarcus sp. KH32C	748247	S	5667	1217	6884	0.00037
Azoarcus sp. DD4	2027405	S	3902	2951	6853	0.00037
Azoarcus olearius	418699	S	4736	2071	6807	0.00037
Azoarcus communis	41977	S	3376	1484	4860	0.00026
Nitrogeniibacter mangrovi	2016596	S	4065	980	5045	0.00027
Nitrogeniibacter aestuarii	2815343	S	1850	229	2079	0.00011
Aromatoleum petrolei	76116	S	5315	1531	6846	0.00037
Aromatoleum aromaticum	551760	S	4249	3356	7605	0.00041
Aromatoleum pumilum	2067960	S	3789	1571	5360	0.00029
Aromatoleum bremense	76115	S	3526	2248	5774	0.00031
Azospira restricta	404405	S	9185	5393	14578	0.00079
Azospira inquinata	2785627	S	709	68	777	0.00004
Azospira oryzae	146939	S	583	1506	2089	0.00011
Azospira sp. I09	1765049	S	560	1770	2330	0.00013
Niveibacterium microcysteis	2811415	S	3272	531	3803	0.00021
Oryzomicrobium terrae	1735038	S	2457	721	3178	0.00017
Rugosibacter aromaticivorans	1565605	S	662	133	795	0.00004
Dechloromonas denitrificans	281362	S	3284	922	4206	0.00023
Dechloromonas sp. HYN0024	2231055	S	918	201	1119	0.00006
Dechloromonas sp. TW-R-39-2	2654218	S	504	259	763	0.00004
Ferribacterium limneticum	76259	S	4520	844	5364	0.00029
Quatrionicoccus australiensis	138118	S	2031	666	2697	0.00015
Fluviibacter phosphoraccumulans	1751046	S	328	119	447	0.00002
Chromobacterium sp. ATCC 53434	2059672	S	1918	763	2681	0.00014
Chromobacterium sp. Rain0013	2292447	S	386	516	902	0.00005
Chromobacterium sp. Beijing	2735795	S	283	865	1148	0.00006
Chromobacterium vaccinii	1108595	S	2070	1015	3085	0.00017
Chromobacterium violaceum	536	S	1984	1366	3350	0.00018
Chromobacterium phragmitis	2202141	S	1273	635	1908	0.00010
Chromobacterium paludis	2605945	S	1162	523	1685	0.00009
Chromobacterium rhizoryzae	1778675	S	318	1798	2116	0.00011
Chromobacterium haemolyticum	394935	S	184	1292	1476	0.00008
Iodobacter ciconiae	2496266	S	125	37	162	0.00001
Iodobacter fluviatilis	537	S	119	40	159	0.00001
Jeongeupia sp. USM3	1906741	S	3088	967	4055	0.00022
Jeongeupia sp. HS-3	1009682	S	1418	333	1751	0.00009
Paludibacterium paludis	1225769	S	1534	344	1878	0.00010
Paludibacterium yongneupense	400061	S	1476	238	1714	0.00009
Paludibacterium sp. B53371	2806263	S	993	231	1224	0.00007
Pseudogulbenkiania sp. NH8B	748280	S	2795	1088	3883	0.00021
Vogesella sp. LIG4	1192162	S	1758	538	2296	0.00012
Vogesella sp. XCS3	2877939	S	768	239	1007	0.00005
Aquitalea aquatilis	1537400	S	564	197	761	0.00004
Aquitalea magnusonii	332411	S	377	232	609	0.00003
Aquitalea denitrificans	519081	S	370	205	575	0.00003
Aquitalea sp. USM4	1590041	S	370	218	588	0.00003
Microvirgula aerodenitrificans	57480	S	1907	420	2327	0.00013
Laribacter hongkongensis	168471	S	1550	1551	3101	0.00017
Aquaspirillum sp. LM1	1938604	S	967	165	1132	0.00006
Chitinibacter fontanus	1737446	S	166	30	196	0.00001
Chitinibacter bivalviorum	2739434	S	157	135	292	0.00002
Deefgea sp. D25	2865840	S	121	20	141	0.00001
Deefgea sp. D17	2739061	S	89	34	123	0.00001
Deefgea sp. D13	2864875	S	74	24	98	0.00001
Neisseria sp. KEM232	655307	S	396	60	456	0.00002
Neisseria sp. oral taxon 014	641148	S	184	83	267	0.00001
Neisseria sp. ZJ785	2709396	S	105	13	118	0.00001
Neisseria sp. Dent CA1/247	2912675	S	74	34	108	0.00001
Neisseria bacilliformis	267212	S	441	113	554	0.00003
Neisseria shayeganii	607712	S	362	57	419	0.00002
Neisseria chenwenguii	1853278	S	354	47	401	0.00002
Neisseria elongata	495	S	316	176	492	0.00003
Neisseria meningitidis	487	S	311	1871	2182	0.00012
Neisseria dentiae	194197	S	297	38	335	0.00002
Neisseria musculi	1815583	S	293	29	322	0.00002
Neisseria gonorrhoeae	485	S	159	147	306	0.00002
Neisseria animalis	492	S	139	22	161	0.00001
Neisseria lactamica	486	S	118	165	283	0.00002
Neisseria brasiliensis	2666100	S	116	117	233	0.00001
Neisseria sicca	490	S	107	235	342	0.00002
Neisseria weaveri	28091	S	102	42	144	0.00001
Neisseria animaloris	326522	S	95	21	116	0.00001
Neisseria weixii	1853276	S	90	11	101	0.00001
Neisseria canis	493	S	82	20	102	0.00001
Neisseria mucosa	488	S	82	189	271	0.00001
Neisseria wadsworthii	607711	S	79	17	96	0.00001
Neisseria dumasiana	1931275	S	79	33	112	0.00001
Neisseria arctica	1470200	S	76	8	84	0.00000
Neisseria zalophi	640030	S	73	8	81	0.00000
Neisseria zoodegmatis	326523	S	52	34	86	0.00000
Neisseria flavescens	484	S	46	36	82	0.00000
Neisseria macacae	496	S	40	91	131	0.00001
Neisseria subflava	28449	S	33	26	59	0.00000
Neisseria cinerea	483	S	31	19	50	0.00000
Crenobacter cavernae	2290923	S	3611	1376	4987	0.00027
Chitinolyticbacter meiyuanensis	682798	S	2421	348	2769	0.00015
Vitreoscilla filiformis	63	S	1044	227	1271	0.00007
Vitreoscilla massiliensis	1689272	S	134	16	150	0.00001
Vitreoscilla sp. C1	96942	S	18	56	74	0.00000
Kingella potus	265175	S	278	40	318	0.00002
Kingella denitrificans	502	S	254	171	425	0.00002
Kingella oralis	505	S	202	34	236	0.00001
Kingella kingae	504	S	77	13	90	0.00000
Eikenella corrodens	539	S	349	254	603	0.00003
Eikenella exigua	2528037	S	120	99	219	0.00001
Uruburuella suis	252130	S	314	61	375	0.00002
Uruburuella testudinis	1282863	S	250	57	307	0.00002
Paralysiella testudinis	2809020	S	268	66	334	0.00002
Alysiella crassa	153491	S	64	16	80	0.00000
Alysiella filiformis	194196	S	58	15	73	0.00000
Conchiformibius steedae	153493	S	96	16	112	0.00001
Neisseriaceae bacterium CCUG 44465	2917790	S	70	12	82	0.00000
Aquella oligotrophica	2067065	S	49	2	51	0.00000
Snodgrassella alvi	1196083	S	45	15	60	0.00000
Morococcus cerebrosus	1056807	S	22	122	144	0.00001
Simonsiella muelleri	72	S	21	4	25	0.00000
Casimicrobium huifangae	2591109	S	2896	1553	4449	0.00024
Candidatus Kinetoplastibacterium blastocrithidii	233181	S	17	0	17	0.00000
Candidatus Kinetoplastibacterium crithidii	33056	S	12	0	12	0.00000
Candidatus Kinetoplastibacterium sorsogonicusi	1576550	S	10	13	23	0.00000
Lysobacter sp. KIS68-7	2904252	S	17740	3788	21528	0.00116
Lysobacter sp. CECT 30171	2822368	S	5914	1567	7481	0.00040
Lysobacter sp. TY2-98	2290922	S	5840	1012	6852	0.00037
Lysobacter sp. S4-A87	2925843	S	4704	1716	6420	0.00035
Lysobacter sp. 5GHs7-4	2904253	S	4543	1531	6074	0.00033
Lysobacter sp. CW239	2762611	S	3783	2255	6038	0.00033
Lysobacter sp. K5869	2820808	S	2884	1536	4420	0.00024
Lysobacter sp. H21R4	2781021	S	926	1956	2882	0.00016
Lysobacter sp. CJ11	2764185	S	825	73	898	0.00005
Lysobacter sp. HDW10	2714936	S	573	163	736	0.00004
Lysobacter sp. H23M47	2781024	S	499	2686	3185	0.00017
Lysobacter soli	453783	S	18970	4383	23353	0.00126
Lysobacter enzymogenes	69	S	11202	4544	15746	0.00085
Lysobacter capsici	435897	S	7350	8555	15905	0.00086
Lysobacter solisilvae (ex Kim et al. 2021)	2763317	S	7277	1618	8895	0.00048
Lysobacter solisilvae (ex Woo and Kim 2022)	2865112	S	6530	2145	8675	0.00047
Lysobacter arenosi	2795387	S	4800	1726	6526	0.00035
Lysobacter lycopersici	1324796	S	4676	1112	5788	0.00031
Lysobacter antibioticus	84531	S	4545	1056	5601	0.00030
Lysobacter maris	1605891	S	4512	1212	5724	0.00031
Lysobacter alkalisoli	2591633	S	3609	719	4328	0.00023
Lysobacter oculi	2698682	S	3246	996	4242	0.00023
Lysobacter ciconiae	2781022	S	830	1660	2490	0.00013
Lysobacter gummosus	262324	S	558	5096	5654	0.00031
Lysobacter avium	2781023	S	477	2373	2850	0.00015
Xanthomonas translucens	343	S	4507	6547	11054	0.00060
Xanthomonas campestris	339	S	4449	7377	11826	0.00064
Xanthomonas sp. GW	2724121	S	490	703	1193	0.00006
Xanthomonas sp. SS	2724122	S	430	713	1143	0.00006
Xanthomonas sp. SI	2724123	S	391	654	1045	0.00006
Xanthomonas sp. MLO165	2081477	S	129	188	317	0.00002
Xanthomonas sacchari	56458	S	2407	930	3337	0.00018
Xanthomonas arboricola	56448	S	2133	2387	4520	0.00024
Xanthomonas theicola	56464	S	1616	586	2202	0.00012
Xanthomonas oryzae	347	S	1596	717	2313	0.00012
Xanthomonas citri	346	S	1320	12057	13377	0.00072
Xanthomonas hyacinthi	56455	S	1234	819	2053	0.00011
Xanthomonas albilineans	29447	S	1092	154	1246	0.00007
Xanthomonas fragariae	48664	S	1063	235	1298	0.00007
Xanthomonas vesicatoria	56460	S	1057	634	1691	0.00009
Xanthomonas hortorum	56454	S	1045	812	1857	0.00010
Xanthomonas cucurbitae	56453	S	959	191	1150	0.00006
Xanthomonas vasicola	56459	S	794	283	1077	0.00006
Xanthomonas cassavae	56450	S	691	186	877	0.00005
Xanthomonas euroxanthea	2259622	S	562	654	1216	0.00007
Xanthomonas axonopodis	53413	S	520	602	1122	0.00006
Xanthomonas hydrangeae	2775159	S	508	183	691	0.00004
Xanthomonas phaseoli	1985254	S	342	1035	1377	0.00007
Xanthomonas euvesicatoria	456327	S	274	4146	4420	0.00024
Xanthomonas perforans	442694	S	53	288	341	0.00002
Stenotrophomonas maltophilia	40324	S	11265	17350	28615	0.00154
Stenotrophomonas sp. ESTM1D_MKCIP4_1	2072414	S	816	367	1183	0.00006
Stenotrophomonas sp. SAU14A_NAIMI4_5	2072413	S	729	500	1229	0.00007
Stenotrophomonas sp. ZAC14D2_NAIMI4_7	2072405	S	430	505	935	0.00005
Stenotrophomonas sp. YAU14D1_LEIMI4_1	2072407	S	264	495	759	0.00004
Stenotrophomonas sp. ZAC14A_NAIMI4_1	2072412	S	245	500	745	0.00004
Stenotrophomonas sp. ZAC14D2_NAIMI4_6	2072406	S	211	450	661	0.00004
Stenotrophomonas sp. YAU14A_MKIMI4_1	2072408	S	89	551	640	0.00003
Stenotrophomonas sp. SAU14A_NAIMI4_8	2072409	S	70	433	503	0.00003
Stenotrophomonas sp. LM091	1904944	S	1495	635	2130	0.00011
Stenotrophomonas sp. 169	2770322	S	1431	256	1687	0.00009
Stenotrophomonas sp. 364	2691571	S	938	397	1335	0.00007
Stenotrophomonas sp. NA06056	2742129	S	506	268	774	0.00004
Stenotrophomonas sp. WZN-1	2005046	S	297	381	678	0.00004
Stenotrophomonas sp. DR822	2871174	S	186	339	525	0.00003
Stenotrophomonas sp. Pemsol	2040586	S	109	376	485	0.00003
Stenotrophomonas sp. MYb57	1827305	S	100	469	569	0.00003
Stenotrophomonas sp. pho	2211160	S	84	435	519	0.00003
Stenotrophomonas sp. ASS1	2282124	S	84	417	501	0.00003
Stenotrophomonas sp. CW117	2775920	S	81	1943	2024	0.00011
Stenotrophomonas sp. SI-NJAU-1	2886359	S	64	329	393	0.00002
Stenotrophomonas sp. G4	2303750	S	57	285	342	0.00002
Stenotrophomonas sp. NY11291	2939415	S	50	588	638	0.00003
Stenotrophomonas sp. SXG-1	2682487	S	35	422	457	0.00002
Stenotrophomonas rhizophila	216778	S	4484	1464	5948	0.00032
Stenotrophomonas acidaminiphila	128780	S	2615	6614	9229	0.00050
Stenotrophomonas indicatrix	2045451	S	139	596	735	0.00004
Luteimonas sp. MC1750	2799326	S	3620	1447	5067	0.00027
Luteimonas sp. S4-F44	2925842	S	3290	702	3992	0.00022
Luteimonas sp. D4P002	2901869	S	3213	921	4134	0.00022
Luteimonas sp. MC1572	2799325	S	2903	1522	4425	0.00024
Luteimonas sp. JM171	1896164	S	2854	636	3490	0.00019
Luteimonas sp. YGD11-2	2508168	S	2854	1315	4169	0.00022
Luteimonas sp. MC1825	2761107	S	2826	1520	4346	0.00023
Luteimonas granuli	1176533	S	3572	1346	4918	0.00027
Luteimonas yindakuii	2565782	S	2653	1095	3748	0.00020
Luteimonas chenhongjianii	2006110	S	2560	599	3159	0.00017
Pseudoxanthomonas suwonensis	314722	S	7336	4209	11545	0.00062
Pseudoxanthomonas mexicana	128785	S	3710	5091	8801	0.00047
Pseudoxanthomonas daejeonensis	266062	S	3545	1007	4552	0.00025
Pseudoxanthomonas sp. X-1	2571115	S	3157	3110	6267	0.00034
Pseudoxanthomonas sp. F37	2932492	S	21	1387	1408	0.00008
Pseudoxanthomonas spadix	415229	S	1968	814	2782	0.00015
Thermomonas sp. XSG	2771436	S	2444	1191	3635	0.00020
Thermomonas sp. HDW16	2714945	S	1799	541	2340	0.00013
Thermomonas brevis	215691	S	3326	1522	4848	0.00026
Thermomonas aquatica	2202149	S	3109	1801	4910	0.00026
Thermomonas carbonis	1463158	S	2787	661	3448	0.00019
Arenimonas daejeonensis	370777	S	5143	1167	6310	0.00034
Pseudolysobacter antarcticus	2511995	S	2315	68	2383	0.00013
Xylella fastidiosa	2371	S	380	123	503	0.00003
Xylella taiwanensis	1444770	S	243	11	254	0.00001
Rhodanobacter denitrificans	666685	S	6050	2625	8675	0.00047
Rhodanobacter sp. FDAARGOS 1247	2778082	S	4135	1531	5666	0.00031
Rhodanobacter thiooxydans	416169	S	3491	1805	5296	0.00029
Rhodanobacter glycinis	582702	S	2307	463	2770	0.00015
Luteibacter sp. 321	2911537	S	2877	922	3799	0.00021
Luteibacter sp. EIF3	2780091	S	2017	349	2366	0.00013
Luteibacter sp. 335	2911538	S	1889	473	2362	0.00013
Luteibacter sp. 353	2911539	S	1685	570	2255	0.00012
Luteibacter rhizovicinus	242606	S	2401	362	2763	0.00015
Luteibacter pinisoli	2589080	S	2132	599	2731	0.00015
Luteibacter anthropi	564369	S	1670	327	1997	0.00011
Dyella thiooxydans	445710	S	3605	1225	4830	0.00026
Dyella japonica	231455	S	2147	714	2861	0.00015
Dyella telluris	2763498	S	1907	561	2468	0.00013
Dyella terrae	522259	S	1548	241	1789	0.00010
Dyella caseinilytica	1849581	S	1293	109	1402	0.00008
Dyella sp. M7H15-1	2501295	S	814	91	905	0.00005
Frateuria sp. 5GH9-34	2898793	S	4321	1502	5823	0.00031
Frateuria sp. 5GH9-11	1542730	S	3542	1567	5109	0.00028
Frateuria aurantia	81475	S	1098	154	1252	0.00007
Dokdonella koreensis	323415	S	6765	1314	8079	0.00044
Aerosticca soli	2010829	S	3230	4625	7855	0.00042
Ahniella affigens	2021234	S	1795	50	1845	0.00010
Pseudomonas sp. TCU-HL1	1856685	S	2543	385	2928	0.00016
Pseudomonas sp. DY-1	1755504	S	2052	277	2329	0.00013
Pseudomonas sp. CC6-YY-74	1930532	S	1377	173	1550	0.00008
Pseudomonas sp. SCB32	2653853	S	1352	302	1654	0.00009
Pseudomonas sp. ATCC 13867	1294143	S	1340	495	1835	0.00010
Pseudomonas sp. KNUC1026	2893890	S	1263	128	1391	0.00008
Pseudomonas sp. PDNC002	2811422	S	1255	312	1567	0.00008
Pseudomonas sp. LPB0260	2614442	S	1205	259	1464	0.00008
Pseudomonas sp. Ost2	2678260	S	1027	165	1192	0.00006
Pseudomonas sp. MTM4	2705472	S	969	186	1155	0.00006
Pseudomonas sp. ABC1	2748080	S	865	132	997	0.00005
Pseudomonas sp. MM211	2866808	S	850	83	933	0.00005
Pseudomonas sp. Pc102	2678261	S	772	494	1266	0.00007
Pseudomonas sp. 7SR1	1881017	S	769	155	924	0.00005
Pseudomonas sp. StFLB209	1028989	S	766	208	974	0.00005
Pseudomonas sp. L5B5	2883205	S	729	144	873	0.00005
Pseudomonas sp. S34	1573718	S	674	179	853	0.00005
Pseudomonas sp. OIL-1	2706126	S	669	144	813	0.00004
Pseudomonas sp. p1(2021b)	2874628	S	651	383	1034	0.00006
Pseudomonas sp. CMR5c	658630	S	643	203	846	0.00005
Pseudomonas sp. gcc21	2726989	S	612	283	895	0.00005
Pseudomonas sp. HN2-3	2886360	S	600	150	750	0.00004
Pseudomonas sp. LS.1a	2920387	S	596	294	890	0.00005
Pseudomonas sp. B11D7D	2735906	S	590	126	716	0.00004
Pseudomonas sp. LAB-08	143813	S	579	120	699	0.00004
Pseudomonas sp. MPC6	2498848	S	572	140	712	0.00004
Pseudomonas sp. MSPm1	2726956	S	549	137	686	0.00004
Pseudomonas sp. Marseille-Q3773	2866592	S	542	199	741	0.00004
Pseudomonas sp. HLS-6	2049589	S	516	165	681	0.00004
Pseudomonas sp. Leaf58	1736226	S	510	108	618	0.00003
Pseudomonas sp. URMO17WK12:I11	1283291	S	501	402	903	0.00005
Pseudomonas sp. DG56-2	2320270	S	443	52	495	0.00003
Pseudomonas sp. ADAK13	2730847	S	437	117	554	0.00003
Pseudomonas sp. S09G 359	2054919	S	425	117	542	0.00003
Pseudomonas sp. 15A4	2804761	S	414	126	540	0.00003
Pseudomonas sp. MM213	2866807	S	399	98	497	0.00003
Pseudomonas sp. RtIB026	2749999	S	397	259	656	0.00004
Pseudomonas sp. DTU12.3	2073078	S	393	111	504	0.00003
Pseudomonas sp. ADPe	2774873	S	383	1058	1441	0.00008
Pseudomonas sp. Seg1	2678259	S	368	95	463	0.00003
Pseudomonas sp. 31-12	2201356	S	363	105	468	0.00003
Pseudomonas sp. M1	95619	S	344	919	1263	0.00007
Pseudomonas sp. ACM7	2052956	S	338	70	408	0.00002
Pseudomonas sp. R5-89-07	658644	S	326	113	439	0.00002
Pseudomonas sp. 2hn	2866626	S	325	245	570	0.00003
Pseudomonas sp. HS6	2850559	S	325	105	430	0.00002
Pseudomonas sp. Tri1	2823875	S	325	92	417	0.00002
Pseudomonas sp. NIBR-H-19	2901380	S	324	79	403	0.00002
Pseudomonas sp. S35	1573719	S	318	97	415	0.00002
Pseudomonas sp. ADAK18	2730848	S	317	63	380	0.00002
Pseudomonas sp. LG1E9	2219057	S	315	105	420	0.00002
Pseudomonas sp. OE 28.3	2745519	S	310	85	395	0.00002
Pseudomonas sp. DNDY-54	2870860	S	308	184	492	0.00003
Pseudomonas sp. DR48	2871095	S	308	223	531	0.00003
Pseudomonas sp. RC3H12	2834406	S	307	211	518	0.00003
Pseudomonas sp. M30-35	1981174	S	301	18	319	0.00002
Pseudomonas sp. PP3	2815936	S	288	126	414	0.00002
Pseudomonas sp. NS1(2017)	2025658	S	284	89	373	0.00002
Pseudomonas sp. St316	2678257	S	261	102	363	0.00002
Pseudomonas sp. CCOS 191	1649877	S	257	244	501	0.00003
Pseudomonas sp. FGI182	1259844	S	253	339	592	0.00003
Pseudomonas sp. UW4	1207075	S	246	195	441	0.00002
Pseudomonas sp. NIBRBAC000502773	2590776	S	238	146	384	0.00002
Pseudomonas sp. HN11	1344094	S	238	63	301	0.00002
Pseudomonas sp. SK3(2021)	2841064	S	227	178	405	0.00002
Pseudomonas sp. IzPS59	2774459	S	224	127	351	0.00002
Pseudomonas sp. R2A2	2213057	S	213	287	500	0.00003
Pseudomonas sp. AO-1	2855434	S	208	220	428	0.00002
Pseudomonas sp. R84	1573712	S	205	106	311	0.00002
Pseudomonas sp. SK	2729423	S	205	209	414	0.00002
Pseudomonas sp. SDM007	2812000	S	200	138	338	0.00002
Pseudomonas sp. LPH1	1898684	S	190	213	403	0.00002
Pseudomonas sp. HS-18	2879114	S	189	467	656	0.00004
Pseudomonas sp. FIT81	2837969	S	187	133	320	0.00002
Pseudomonas sp. SCA2728.1_7	2825975	S	186	113	299	0.00002
Pseudomonas sp. MRSN12121	1611770	S	184	310	494	0.00003
Pseudomonas sp. R76	1573711	S	176	105	281	0.00002
Pseudomonas sp. 14181154	2662033	S	175	222	397	0.00002
Pseudomonas sp. 02C 26	2054914	S	171	391	562	0.00003
Pseudomonas sp. Z003-0.4C(8344-21)	1855380	S	167	145	312	0.00002
Pseudomonas sp. CYM-20-01	2870750	S	166	99	265	0.00001
Pseudomonas sp. BIGb0427	2724470	S	162	382	544	0.00003
Pseudomonas sp. LTJR-52	2479392	S	161	65	226	0.00001
Pseudomonas sp. B10	118613	S	141	126	267	0.00001
Pseudomonas sp. SC3(2021)	2871493	S	137	183	320	0.00002
Pseudomonas sp. SORT22	2813842	S	136	341	477	0.00003
Pseudomonas sp. AN-B15	2697023	S	136	409	545	0.00003
Pseudomonas sp. RBPA9	2746321	S	131	343	474	0.00003
Pseudomonas sp. S07E 245	2866278	S	129	312	441	0.00002
Pseudomonas sp. THAF7b	2587845	S	128	294	422	0.00002
Pseudomonas sp. phDV1	253237	S	126	496	622	0.00003
Pseudomonas sp. Cab53	2678258	S	121	238	359	0.00002
Pseudomonas sp. MPFS	2795724	S	113	227	340	0.00002
Pseudomonas sp. 09C 129	2054915	S	109	167	276	0.00001
Pseudomonas sp. C27(2019)	2604941	S	109	16	125	0.00001
Pseudomonas sp. FDAARGOS_380	2018067	S	109	107	216	0.00001
Pseudomonas sp. HN2	2884805	S	109	119	228	0.00001
Pseudomonas sp. A2	107445	S	106	654	760	0.00004
Pseudomonas sp. DR 5-09	1534110	S	106	168	274	0.00001
Pseudomonas sp. Y5-11	2749808	S	104	342	446	0.00002
Pseudomonas sp. 3-2	2867408	S	100	150	250	0.00001
Pseudomonas sp. GR 6-02	1659194	S	96	260	356	0.00002
Pseudomonas sp. ATCC 43928	676210	S	92	252	344	0.00002
Pseudomonas sp. S49	1573720	S	87	240	327	0.00002
Pseudomonas sp. J380	2605424	S	82	119	201	0.00001
Pseudomonas sp. PONIH3	1636610	S	80	501	581	0.00003
Pseudomonas sp. MYb193	1827300	S	80	96	176	0.00001
Pseudomonas sp. ArH3a	2862945	S	80	212	292	0.00002
Pseudomonas sp. S150	2559074	S	79	153	232	0.00001
Pseudomonas sp. ADAK22	2730851	S	78	206	284	0.00002
Pseudomonas sp. RU47	2005388	S	78	213	291	0.00002
Pseudomonas sp. BIOMIG1BAC	1758730	S	75	278	353	0.00002
Pseudomonas sp. LBUM920	2126069	S	70	183	253	0.00001
Pseudomonas sp. St29	1500687	S	67	290	357	0.00002
Pseudomonas sp. Y39-6	2749807	S	63	252	315	0.00002
Pseudomonas sp. R3-18-08	1173283	S	61	185	246	0.00001
Pseudomonas sp. BC42	2933816	S	60	316	376	0.00002
Pseudomonas sp. Os17	1500686	S	60	316	376	0.00002
Pseudomonas sp. DR208	2870840	S	59	176	235	0.00001
Pseudomonas sp. XWY-1	2069256	S	59	384	443	0.00002
Pseudomonas sp. LG1D9	2083054	S	58	225	283	0.00002
Pseudomonas sp. SWI44	2083053	S	58	499	557	0.00003
Pseudomonas sp. SWI36	2083052	S	55	182	237	0.00001
Pseudomonas sp. CFA	2651048	S	52	283	335	0.00002
Pseudomonas sp. A214	1855331	S	52	180	232	0.00001
Pseudomonas sp. NC02	2067572	S	51	188	239	0.00001
Pseudomonas sp. R2-37-08W	1173273	S	50	244	294	0.00002
Pseudomonas sp. IAC-BECa141	2793103	S	49	126	175	0.00001
Pseudomonas sp. MPDS	2762896	S	48	220	268	0.00001
Pseudomonas sp. DTU12.1	2654238	S	47	194	241	0.00001
Pseudomonas sp. IB20	1702250	S	47	288	335	0.00002
Pseudomonas sp. B14-6	2738843	S	46	154	200	0.00001
Pseudomonas sp. CFSAN084952	2664899	S	45	166	211	0.00001
Pseudomonas sp. R32	1573704	S	43	137	180	0.00001
Pseudomonas sp. SXM-1	2169583	S	42	145	187	0.00001
Pseudomonas sp. R1-43-08	1173270	S	41	250	291	0.00002
Pseudomonas sp. Colony2	2861799	S	41	195	236	0.00001
Pseudomonas sp. HN8-3	2886361	S	40	98	138	0.00001
Pseudomonas sp. 7-41	2898483	S	40	218	258	0.00001
Pseudomonas sp. CIP-10	2892442	S	39	410	449	0.00002
Pseudomonas sp. BYT-1	2816906	S	39	381	420	0.00002
Pseudomonas sp. R4-39-08	1173288	S	38	231	269	0.00001
Pseudomonas sp. PS1(2021)	2866282	S	38	1285	1323	0.00007
Pseudomonas sp. R3-52-08	1173284	S	38	238	276	0.00001
Pseudomonas sp. BJP69	2597770	S	38	260	298	0.00002
Pseudomonas sp. SW-3	147212	S	34	157	191	0.00001
Pseudomonas sp. R4-34-07	658642	S	33	197	230	0.00001
Pseudomonas sp. OST1909	2777367	S	31	118	149	0.00001
Pseudomonas sp. TMW 2.1634	1886807	S	30	96	126	0.00001
Pseudomonas sp. R4-35-07	658643	S	29	202	231	0.00001
Pseudomonas sp. LH1G9	2083055	S	29	124	153	0.00001
Pseudomonas sp. R2-60-08W	1173280	S	29	208	237	0.00001
Pseudomonas sp. So3.2b	2864101	S	28	112	140	0.00001
Pseudomonas sp. TKP	1415630	S	28	120	148	0.00001
Pseudomonas sp. SWI6	2083051	S	27	459	486	0.00003
Pseudomonas sp. I3-I5	2926671	S	26	123	149	0.00001
Pseudomonas sp. R11-23-07	658632	S	25	230	255	0.00001
Pseudomonas sp. St290	1602166	S	21	101	122	0.00001
Pseudomonas sp. SWI7	2587597	S	21	159	180	0.00001
Pseudomonas sp. R2-7-07	658641	S	21	204	225	0.00001
Pseudomonas sp. Eqa60	2799184	S	20	143	163	0.00001
Pseudomonas sp. VLB120	69328	S	18	258	276	0.00001
Pseudomonas sp. 13159349	2662034	S	16	186	202	0.00001
Pseudomonas sp. SK2	2841063	S	14	258	272	0.00001
Pseudomonas sp. bs2935	1761895	S	14	531	545	0.00003
Pseudomonas sp. FDAARGOS_761	2545800	S	13	319	332	0.00002
Pseudomonas sp. JY-Q	1338689	S	13	125	138	0.00001
Pseudomonas sp. JS425	2829498	S	11	441	452	0.00002
Pseudomonas aeruginosa	287	S	7264	68737	76001	0.00410
Pseudomonas mendocina	300	S	3259	1298	4557	0.00025
Pseudomonas resinovorans	53412	S	3044	719	3763	0.00020
Pseudomonas furukawaii	1149133	S	2499	796	3295	0.00018
Pseudomonas oleovorans	301	S	351	1236	1587	0.00009
Pseudomonas alcaligenes	43263	S	2743	1922	4665	0.00025
Pseudomonas multiresinivorans	95301	S	856	313	1169	0.00006
Pseudomonas nitroreducens	46680	S	211	498	709	0.00004
Pseudomonas citronellolis	53408	S	848	1422	2270	0.00012
Pseudomonas fluorescens	294	S	7616	7125	14741	0.00080
Pseudomonas protegens	380021	S	1762	3948	5710	0.00031
Pseudomonas orientalis	76758	S	1264	373	1637	0.00009
Pseudomonas azotoformans	47878	S	995	438	1433	0.00008
Pseudomonas synxantha	47883	S	824	652	1476	0.00008
Pseudomonas rhodesiae	76760	S	725	302	1027	0.00006
Pseudomonas poae	200451	S	677	391	1068	0.00006
Pseudomonas trivialis	200450	S	619	238	857	0.00005
Pseudomonas tolaasii	29442	S	584	120	704	0.00004
Pseudomonas corrugata	47879	S	579	132	711	0.00004
Pseudomonas mediterranea	183795	S	547	147	694	0.00004
Pseudomonas cedrina	651740	S	438	122	560	0.00003
Pseudomonas mucidolens	46679	S	438	68	506	0.00003
Pseudomonas migulae	78543	S	416	231	647	0.00003
Pseudomonas congelans	200452	S	327	112	439	0.00002
Pseudomonas brenneri	129817	S	308	122	430	0.00002
Pseudomonas libanensis	75588	S	184	219	403	0.00002
Pseudomonas veronii	76761	S	175	533	708	0.00004
Pseudomonas mandelii	75612	S	164	512	676	0.00004
Pseudomonas ogarae	1114970	S	159	135	294	0.00002
Pseudomonas extremorientalis	169669	S	56	156	212	0.00001
Pseudomonas putida	303	S	10299	14541	24840	0.00134
Pseudomonas oryzihabitans	47885	S	2742	652	3394	0.00018
Pseudomonas fulva	47880	S	1916	5507	7423	0.00040
Pseudomonas plecoglossicida	70775	S	654	572	1226	0.00007
Pseudomonas mosselii	78327	S	382	753	1135	0.00006
Pseudomonas monteilii	76759	S	372	1070	1442	0.00008
Pseudomonas sp. SGAir0191	2217867	S	138	100	238	0.00001
Pseudomonas shirazica	1940636	S	28	406	434	0.00002
Pseudomonas stutzeri	316	S	12273	8538	20811	0.00112
Pseudomonas chloritidismutans	203192	S	135	200	335	0.00002
Pseudomonas balearica	74829	S	2065	2775	4840	0.00026
Pseudomonas xanthomarina	271420	S	683	120	803	0.00004
Pseudomonas luteola	47886	S	202	105	307	0.00002
Pseudomonas syringae	317	S	2510	3291	5801	0.00031
Pseudomonas viridiflava	33069	S	1569	190	1759	0.00009
Pseudomonas cichorii	36746	S	821	77	898	0.00005
Pseudomonas asturiensis	1190415	S	579	59	638	0.00003
Pseudomonas syringae group genomosp. 7	251699	S	437	51	488	0.00003
Pseudomonas amygdali	47877	S	206	962	1168	0.00006
Pseudomonas savastanoi	29438	S	75	440	515	0.00003
Pseudomonas fuscovaginae	50340	S	277	186	463	0.00003
Pseudomonas avellanae	46257	S	150	138	288	0.00002
Pseudomonas coronafaciens	53409	S	113	192	305	0.00002
Pseudomonas syringae group genomosp. 3	251701	S	77	2429	2506	0.00014
Pseudomonas sp. Lz4W	1206777	S	36	75	111	0.00001
Pseudomonas tremae	200454	S	25	33	58	0.00000
Pseudomonas chlororaphis	587753	S	4219	4971	9190	0.00050
Pseudomonas lundensis	86185	S	511	69	580	0.00003
Pseudomonas fragi	296	S	309	285	594	0.00003
Pseudomonas otitidis	319939	S	2880	698	3578	0.00019
Pseudomonas lalkuanensis	2604832	S	2809	564	3373	0.00018
Pseudomonas psychrotolerans	237610	S	2797	681	3478	0.00019
Pseudomonas knackmussii	65741	S	2723	2489	5212	0.00028
Pseudomonas oryzae	1392877	S	2537	863	3400	0.00018
Pseudomonas entomophila	312306	S	1985	964	2949	0.00016
Pseudomonas cavernae	2320867	S	1965	334	2299	0.00012
Pseudomonas guangdongensis	1245526	S	1538	533	2071	0.00011
Pseudomonas qingdaonensis	2056231	S	1182	261	1443	0.00008
Pseudomonas parafulva	157782	S	1181	373	1554	0.00008
Pseudomonas nanhaiensis	2830842	S	1163	136	1299	0.00007
Pseudomonas campi	2731681	S	1140	171	1311	0.00007
Pseudomonas vanderleydeniana	2745495	S	1073	162	1235	0.00007
Pseudomonas eucalypticola	2599595	S	1053	144	1197	0.00006
Pseudomonas rhizosphaerae	216142	S	905	118	1023	0.00006
Pseudomonas frederiksbergensis	104087	S	855	283	1138	0.00006
Pseudomonas cremoricolorata	157783	S	843	135	978	0.00005
Pseudomonas umsongensis	198618	S	833	144	977	0.00005
Pseudomonas alkylphenolica	237609	S	802	171	973	0.00005
Pseudomonas yamanorum	515393	S	760	188	948	0.00005
Pseudomonas pohangensis	364197	S	747	58	805	0.00004
Pseudomonas brassicacearum	930166	S	744	1543	2287	0.00012
Pseudomonas saudiphocaensis	1499686	S	718	159	877	0.00005
Pseudomonas phragmitis	1931241	S	713	60	773	0.00004
Pseudomonas zhaodongensis	1176257	S	709	355	1064	0.00006
Pseudomonas tohonis	2725477	S	696	617	1313	0.00007
Pseudomonas argentinensis	289370	S	689	174	863	0.00005
Pseudomonas alvandae	2842348	S	675	117	792	0.00004
Pseudomonas muyukensis	2842357	S	667	216	883	0.00005
Pseudomonas palleroniana	191390	S	628	111	739	0.00004
Pseudomonas vancouverensis	95300	S	548	94	642	0.00003
Pseudomonas koreensis	198620	S	546	239	785	0.00004
Pseudomonas marincola	437900	S	535	87	622	0.00003
Pseudomonas xantholysinigenes	2745490	S	533	160	693	0.00004
Pseudomonas fakonensis	2842355	S	526	183	709	0.00004
Pseudomonas tructae	2518644	S	521	99	620	0.00003
Pseudomonas arsenicoxydans	702115	S	510	123	633	0.00003
Pseudomonas xanthosomae	2842356	S	510	180	690	0.00004
Pseudomonas promysalinigenes	485898	S	508	83	591	0.00003
Pseudomonas lini	163011	S	507	109	616	0.00003
Pseudomonas antarctica	219572	S	497	139	636	0.00003
Pseudomonas prosekii	1148509	S	484	86	570	0.00003
Pseudomonas thivervalensis	86265	S	474	114	588	0.00003
Pseudomonas hamedanensis	2745504	S	464	93	557	0.00003
Pseudomonas agarici	46677	S	440	23	463	0.00003
Pseudomonas graminis	158627	S	433	134	567	0.00003
Pseudomonas granadensis	1421430	S	433	232	665	0.00004
Pseudomonas sediminis	1691904	S	429	135	564	0.00003
Pseudomonas extremaustralis	359110	S	419	102	521	0.00003
Pseudomonas silesiensis	1853130	S	414	96	510	0.00003
Pseudomonas wenzhouensis	2906062	S	408	171	579	0.00003
Pseudomonas asgharzadehiana	2842349	S	389	100	489	0.00003
Pseudomonas maumuensis	2842354	S	383	205	588	0.00003
Pseudomonas lurida	244566	S	378	95	473	0.00003
Pseudomonas simiae	321846	S	357	98	455	0.00002
Pseudomonas versuta	1788301	S	353	59	412	0.00002
Pseudomonas taetrolens	47884	S	349	46	395	0.00002
Pseudomonas viciae	2505979	S	342	92	434	0.00002
Pseudomonas reinekei	395598	S	312	98	410	0.00002
Pseudomonas psychrophila	122355	S	283	41	324	0.00002
Pseudomonas allokribbensis	2774460	S	257	112	369	0.00002
Pseudomonas alcaliphila	101564	S	249	300	549	0.00003
Pseudomonas oryziphila	2894079	S	244	218	462	0.00002
Pseudomonas khazarica	2502979	S	237	331	568	0.00003
Pseudomonas toyotomiensis	554344	S	232	242	474	0.00003
Pseudomonas kribbensis	1628086	S	230	250	480	0.00003
Pseudomonas atacamensis	2565368	S	227	253	480	0.00003
Pseudomonas chengduensis	489632	S	222	486	708	0.00004
Pseudomonas tritici	2745518	S	221	78	299	0.00002
Pseudomonas gozinkensis	2774461	S	210	110	320	0.00002
Pseudomonas azerbaijanoriens	2842350	S	201	151	352	0.00002
Pseudomonas moraviensis	321662	S	199	407	606	0.00003
Pseudomonas kunmingensis	1211807	S	193	318	511	0.00003
Pseudomonas anuradhapurensis	485870	S	190	191	381	0.00002
Pseudomonas sihuiensis	1274359	S	190	281	471	0.00003
Pseudomonas iranensis	2745503	S	177	153	330	0.00002
Pseudomonas tensinigenes	2745511	S	175	105	280	0.00002
Pseudomonas asplenii	53407	S	173	121	294	0.00002
Pseudomonas zeae	2745510	S	155	88	243	0.00001
Pseudomonas germanica	2815720	S	142	88	230	0.00001
Pseudomonas zarinae	2745498	S	127	109	236	0.00001
Pseudomonas salmasensis	2745514	S	116	85	201	0.00001
Pseudomonas lactis	1615674	S	112	94	206	0.00001
Pseudomonas monsensis	2745509	S	102	125	227	0.00001
Pseudomonas juntendi	2666183	S	82	791	873	0.00005
Pseudomonas asiatica	2219225	S	82	522	604	0.00003
Pseudomonas sessilinigenes	658629	S	65	191	256	0.00001
Pseudomonas soli	1306993	S	64	266	330	0.00002
Pseudomonas donghuensis	1163398	S	63	201	264	0.00001
Pseudomonas glycinae	1785145	S	62	126	188	0.00001
Pseudomonas rhizophila	2045200	S	60	183	243	0.00001
Pseudomonas cerasi	1583341	S	51	122	173	0.00001
Pseudomonas bijieensis	2681983	S	43	186	229	0.00001
Candidatus Pseudomonas adelgestsugas	1302376	S	19	0	19	0.00000
Pseudomonas shahriarae	2745512	S	19	85	104	0.00001
Pseudomonas taiwanensis	470150	S	12	169	181	0.00001
Azotobacter chroococcum	353	S	2323	1046	3369	0.00018
Azotobacter vinelandii	354	S	1545	6121	7666	0.00041
Azotobacter salinestris	69964	S	1291	433	1724	0.00009
Halopseudomonas xinjiangensis	487184	S	817	81	898	0.00005
Halopseudomonas sabulinigri	472181	S	649	62	711	0.00004
Halopseudomonas aestusnigri	857252	S	639	472	1111	0.00006
Halopseudomonas sp. RR6	2918528	S	605	99	704	0.00004
Halopseudomonas litoralis	797277	S	520	130	650	0.00004
Halopseudomonas salegens	1434072	S	437	34	471	0.00003
Permianibacter aggregans	1510150	S	826	26	852	0.00005
Thiopseudomonas alkaliphila	1697053	S	77	17	94	0.00001
Entomomonas moraniae	2213226	S	19	3	22	0.00000
Entomomonas sp. F2A	2785331	S	18	2	20	0.00000
Marinobacter sp. CA1	2817656	S	807	67	874	0.00005
Marinobacter sp. NP-4(2019)	2488665	S	508	102	610	0.00003
Marinobacter sp. LPB0319	2769486	S	485	34	519	0.00003
Marinobacter sp. Arc7-DN-1	2304594	S	475	70	545	0.00003
Marinobacter sp. LV10R510-11A	1415568	S	252	12	264	0.00001
Marinobacter sp. LQ44	1749259	S	206	340	546	0.00003
Marinobacter sp. es.042	1761794	S	200	199	399	0.00002
Marinobacter sp. JH2	2547598	S	193	60	253	0.00001
Marinobacter sp. CP1	1671721	S	175	348	523	0.00003
Marinobacter sp. BSs20148	490759	S	108	65	173	0.00001
Marinobacter fonticola	2603215	S	686	38	724	0.00004
Marinobacter salarius	1420917	S	563	78	641	0.00003
Marinobacter nauticus	2743	S	525	168	693	0.00004
Marinobacter similis	1420916	S	466	46	512	0.00003
Marinobacter salsuginis	418719	S	419	61	480	0.00003
Marinobacter salinus	1874317	S	402	28	430	0.00002
Marinobacter adhaerens	1033846	S	161	351	512	0.00003
Marinobacter psychrophilus	330734	S	94	57	151	0.00001
Klebsiella pneumoniae	573	S	1032	60582	61614	0.00332
Klebsiella quasipneumoniae	1463165	S	715	2885	3600	0.00019
Klebsiella aerogenes	548	S	501	298	799	0.00004
Klebsiella oxytoca	571	S	468	331	799	0.00004
Klebsiella sp. A52	2834819	S	28	400	428	0.00002
Klebsiella variicola	244366	S	309	1212	1521	0.00008
Klebsiella michiganensis	1134687	S	283	1140	1423	0.00008
Klebsiella huaxiensis	2153354	S	120	119	239	0.00001
Klebsiella quasivariicola	2026240	S	119	136	255	0.00001
Klebsiella africana	2489010	S	106	68	174	0.00001
Klebsiella grimontii	2058152	S	64	455	519	0.00003
Raoultella sp. HC6	2923366	S	279	210	489	0.00003
Raoultella planticola	575	S	223	248	471	0.00003
Raoultella ornithinolytica	54291	S	146	1251	1397	0.00008
Raoultella terrigena	577	S	116	264	380	0.00002
Raoultella electrica	1259973	S	73	207	280	0.00002
Enterobacter cloacae	550	S	1139	1951	3090	0.00017
Enterobacter hormaechei	158836	S	398	5915	6313	0.00034
Enterobacter cancerogenus	69218	S	324	119	443	0.00002
Enterobacter asburiae	61645	S	323	1600	1923	0.00010
Enterobacter roggenkampii	1812935	S	235	1028	1263	0.00007
Enterobacter chengduensis	2494701	S	137	101	238	0.00001
Enterobacter sp. BIDMC 29	1329841	S	44	161	205	0.00001
Enterobacter cloacae complex sp.	2027919	S	37	1020	1057	0.00006
Enterobacter sp. BIDMC100	1686399	S	17	198	215	0.00001
Enterobacter cloacae complex sp. ECL414	2912628	S	12	245	257	0.00001
Enterobacter ludwigii	299767	S	135	347	482	0.00003
Enterobacter chuandaensis	2497875	S	117	82	199	0.00001
Enterobacter kobei	208224	S	93	1136	1229	0.00007
Enterobacter sichuanensis	2071710	S	67	65	132	0.00001
Enterobacter sp. SA187	1914861	S	309	60	369	0.00002
Enterobacter sp. JUb54	2724468	S	247	54	301	0.00002
Enterobacter sp. E76	2596949	S	155	322	477	0.00003
Enterobacter sp. RHBSTW-00994	2742676	S	127	34	161	0.00001
Enterobacter sp. RHBSTW-00175	2742639	S	87	89	176	0.00001
Enterobacter sp. Colony194	2866201	S	77	98	175	0.00001
Enterobacter sp. JBIWA008	2831892	S	66	46	112	0.00001
Enterobacter sp. SGAir0187	2836161	S	41	50	91	0.00000
Enterobacter sp. JBIWA003	2831890	S	38	52	90	0.00000
Enterobacter sp. SES19	2705458	S	21	22	43	0.00000
Enterobacter sp. JBIWA005	2831891	S	19	38	57	0.00000
Enterobacter sp. N18-03635	2500132	S	16	43	59	0.00000
Enterobacter sp. E20	1560339	S	14	134	148	0.00001
Enterobacter sp. 18A13	2565914	S	11	51	62	0.00000
Enterobacter sp. DNB-S2	2720029	S	10	50	60	0.00000
Enterobacter sp. HK169	1868135	S	10	48	58	0.00000
Enterobacter huaxiensis	2494702	S	166	53	219	0.00001
Enterobacter oligotrophicus	2478464	S	139	45	184	0.00001
Enterobacter mori	539813	S	130	182	312	0.00002
Enterobacter bugandensis	881260	S	94	183	277	0.00001
Enterobacter soli	885040	S	88	25	113	0.00001
Citrobacter freundii	546	S	302	1551	1853	0.00010
Citrobacter werkmanii	67827	S	74	211	285	0.00002
Citrobacter portucalensis	1639133	S	47	565	612	0.00003
Citrobacter braakii	57706	S	46	433	479	0.00003
Citrobacter sedlakii	67826	S	44	151	195	0.00001
Citrobacter freundii complex sp. CFNIH2	2066049	S	36	48	84	0.00000
Citrobacter youngae	133448	S	11	41	52	0.00000
Citrobacter sp. RHB25-C09	2742624	S	156	41	197	0.00001
Citrobacter sp. R56	1573676	S	134	43	177	0.00001
Citrobacter sp. BDA59-3	2781952	S	31	14	45	0.00000
Citrobacter sp. MGH 55	1439319	S	21	66	87	0.00000
Citrobacter sp. CFNIH10	1920110	S	11	154	165	0.00001
Citrobacter sp. FDAARGOS_156	1702170	S	10	52	62	0.00000
Citrobacter rodentium	67825	S	279	0	279	0.00002
Citrobacter amalonaticus	35703	S	166	939	1105	0.00006
Citrobacter farmeri	67824	S	165	90	255	0.00001
Citrobacter koseri	545	S	102	160	262	0.00001
Citrobacter tructae	2562449	S	85	42	127	0.00001
Citrobacter pasteurii	1563222	S	72	70	142	0.00001
Citrobacter arsenatis	2546350	S	44	18	62	0.00000
Citrobacter cronae	1748967	S	18	168	186	0.00001
Cronobacter sakazakii	28141	S	456	455	911	0.00005
Cronobacter dublinensis	413497	S	318	126	444	0.00002
Cronobacter universalis	535744	S	228	180	408	0.00002
Cronobacter condimenti	1163710	S	207	64	271	0.00001
Cronobacter malonaticus	413503	S	130	144	274	0.00001
Cronobacter muytjensii	413501	S	56	237	293	0.00002
Cronobacter sp. JZ38	1906275	S	42	137	179	0.00001
Leclercia adecarboxylata	83655	S	633	1088	1721	0.00009
Leclercia sp. 29361	2714951	S	277	113	390	0.00002
Leclercia sp. W17	2282309	S	39	111	150	0.00001
Leclercia sp. W6	2282310	S	39	73	112	0.00001
Leclercia sp. J807	2681307	S	38	56	94	0.00001
Leclercia sp. 119287	2681308	S	27	77	104	0.00001
Leclercia sp. G3L	2898725	S	22	111	133	0.00001
Leclercia sp. Colony189	2681309	S	13	210	223	0.00001
Leclercia sp. LSNIH1	1920114	S	12	168	180	0.00001
Leclercia pneumoniae	2815358	S	170	82	252	0.00001
Kosakonia sp. SMBL-WEM22	2725560	S	179	80	259	0.00001
Kosakonia sp. CCTCC M2018092	2492396	S	104	98	202	0.00001
Kosakonia sp. MUSA4	2067958	S	102	51	153	0.00001
Kosakonia cowanii	208223	S	381	299	680	0.00004
Kosakonia sacchari	1158459	S	266	134	400	0.00002
Kosakonia pseudosacchari	1646340	S	128	69	197	0.00001
Kosakonia arachidis	551989	S	126	35	161	0.00001
Kosakonia radicincitans	283686	S	119	99	218	0.00001
Kosakonia oryzae	497725	S	105	74	179	0.00001
Salmonella enterica	28901	S	1311	74860	76171	0.00411
Salmonella bongori	54736	S	139	42	181	0.00001
Pluralibacter gergoviae	61647	S	1074	296	1370	0.00007
[Enterobacter] lignolyticus	1334193	S	492	128	620	0.00003
Escherichia coli	562	S	832	21151	21983	0.00119
Escherichia albertii	208962	S	140	120	260	0.00001
Escherichia fergusonii	564	S	84	132	216	0.00001
Escherichia marmotae	1499973	S	70	40	110	0.00001
Escherichia sp. E4742	2044467	S	43	28	71	0.00000
Cedecea neteri	158822	S	721	162	883	0.00005
Cedecea lapagei	158823	S	215	61	276	0.00001
Cedecea sp. FDAARGOS_727	2545798	S	196	43	239	0.00001
Lelliottia amnigena	61646	S	589	171	760	0.00004
Lelliottia sp. AC1	2067959	S	68	70	138	0.00001
Lelliottia sp. WB101	2153385	S	65	81	146	0.00001
Kluyvera ascorbata	51288	S	184	153	337	0.00002
Kluyvera intermedia	61648	S	146	112	258	0.00001
Kluyvera sp. CRP	2873269	S	32	88	120	0.00001
Kluyvera genomosp. 3	2774055	S	20	51	71	0.00000
Candidatus Symbiopectobacterium sp. SyEd1	2871826	S	195	25	220	0.00001
Blochmannia endosymbiont of Colobopsis nipponica	2681987	S	31	2	33	0.00000
Blochmannia endosymbiont of Camponotus sp.	700220	S	23	20	43	0.00000
Blochmannia endosymbiont of Camponotus (Colobopsis) obliquus	1505597	S	11	0	11	0.00000
Blochmannia endosymbiont of Polyrhachis (Hedomyrma) turneri	1505596	S	10	0	10	0.00000
Candidatus Hamiltonella defensa	138072	S	55	3	58	0.00000
secondary endosymbiont of Ctenarytaina eucalypti	1199245	S	40	1	41	0.00000
secondary endosymbiont of Heteropsylla cubana	134287	S	13	0	13	0.00000
Candidatus Doolittlea endobia	1778262	S	24	1	25	0.00000
Candidatus Hoaglandella endobia	1778263	S	17	1	18	0.00000
Candidatus Mikella endobia	1778264	S	14	4	18	0.00000
Candidatus Tachikawaea gelatinosa	1410383	S	13	3	16	0.00000
Candidatus Gullanella endobia	1070130	S	12	0	12	0.00000
Jejubacter calystegiae	2579935	S	329	38	367	0.00002
Pseudescherichia vulneris	566	S	314	20	334	0.00002
Plesiomonas shigelloides	703	S	298	101	399	0.00002
Shimwellia blattae	563	S	271	56	327	0.00002
Buttiauxella agrestis	82977	S	88	18	106	0.00001
Buttiauxella ferragutiae	82989	S	31	98	129	0.00001
Buttiauxella sp. 3AFRM03	2479367	S	17	49	66	0.00000
Yokenella regensburgei	158877	S	261	115	376	0.00002
Atlantibacter hermannii	565	S	257	57	314	0.00002
Scandinavium goeteborgense	1851514	S	209	41	250	0.00001
Pseudocitrobacter sp. G163CM	2891570	S	193	50	243	0.00001
Phytobacter ursingii	1972431	S	135	185	320	0.00002
Phytobacter diazotrophicus	395631	S	12	83	95	0.00001
Phytobacter sp. SCO41	1756993	S	10	16	26	0.00000
Enterobacteriaceae endosymbiont of Donacia tomentosa	2675787	S	11	25	36	0.00000
Shigella flexneri	623	S	41	3234	3275	0.00018
Shigella boydii	621	S	17	300	317	0.00002
Candidatus Moranella endobia	1048758	S	32	0	32	0.00000
Candidatus Profftia tarda	1177216	S	14	0	14	0.00000
Candidatus Ishikawaella capsulata	168169	S	23	1	24	0.00000
Candidatus Schneideria nysicola	1081631	S	12	0	12	0.00000
Serratia marcescens	615	S	1942	4619	6561	0.00035
Serratia plymuthica	82996	S	692	388	1080	0.00006
Serratia sp. FDAARGOS_506	2420306	S	136	146	282	0.00002
Serratia sp. ATCC 39006	104623	S	120	13	133	0.00001
Serratia sp. FGI94	671990	S	103	123	226	0.00001
Serratia sp. 1D1416	2447890	S	29	107	136	0.00001
Serratia sp. P2ACOL2	2482769	S	22	75	97	0.00001
Serratia sp. 3ACOL1	2448483	S	19	30	49	0.00000
Serratia sp. Tan611	2773264	S	18	133	151	0.00001
Serratia sp. FS14	1327989	S	18	98	116	0.00001
Serratia sp. MYb239	2033438	S	13	123	136	0.00001
Serratia sp. SCBI	488142	S	11	106	117	0.00001
Serratia sp. JSRIV004	2831895	S	10	66	76	0.00000
Serratia entomophila	42906	S	506	138	644	0.00003
Serratia rubidaea	61652	S	427	535	962	0.00005
Serratia odorifera	618	S	339	62	401	0.00002
Serratia proteamaculans	28151	S	293	74	367	0.00002
Serratia fonticola	47917	S	258	250	508	0.00003
Serratia surfactantfaciens	2741499	S	199	127	326	0.00002
Serratia liquefaciens	614	S	179	282	461	0.00002
Serratia quinivorans	137545	S	165	68	233	0.00001
Serratia grimesii	82995	S	131	16	147	0.00001
Serratia symbiotica	138074	S	130	22	152	0.00001
Serratia inhibens	2338073	S	128	76	204	0.00001
Serratia rhizosphaerae	2597702	S	93	96	189	0.00001
Serratia ureilytica	300181	S	68	982	1050	0.00006
Serratia ficaria	61651	S	48	242	290	0.00002
Serratia nematodiphila	458197	S	10	109	119	0.00001
Rahnella aquatilis	34038	S	267	366	633	0.00003
Rahnella victoriana	1510570	S	229	36	265	0.00001
Rahnella inusitata	58169	S	212	60	272	0.00001
Rahnella sp. ERMR1:05	1805933	S	193	30	223	0.00001
Rahnella aceris	2703885	S	47	95	142	0.00001
Yersinia pestis	632	S	32	5575	5607	0.00030
Yersinia pseudotuberculosis	633	S	26	21	47	0.00000
Yersinia similis	367190	S	25	4	29	0.00000
Yersinia enterocolitica	630	S	94	75	169	0.00001
Yersinia entomophaga	935293	S	89	16	105	0.00001
Yersinia ruckeri	29486	S	87	16	103	0.00001
Yersinia frederiksenii	29484	S	68	45	113	0.00001
Yersinia mollaretii	33060	S	64	12	76	0.00000
Yersinia rohdei	29485	S	55	10	65	0.00000
Yersinia aldovae	29483	S	47	9	56	0.00000
Yersinia canariae	2607663	S	40	13	53	0.00000
Yersinia kristensenii	28152	S	40	81	121	0.00001
Yersinia aleksiciae	263819	S	40	9	49	0.00000
Yersinia intermedia	631	S	20	46	66	0.00000
Yersinia hibernica	2339259	S	11	13	24	0.00000
Yersinia massiliensis	419257	S	10	22	32	0.00000
Nissabacter sp. SGAir0207	2126321	S	826	132	958	0.00005
Gibbsiella quercinecans	929813	S	455	67	522	0.00003
Rouxiella badensis	1646377	S	267	26	293	0.00002
Ewingella americana	41202	S	249	38	287	0.00002
Chania multitudinisentens	1639108	S	153	18	171	0.00001
Candidatus Fukatsuia symbiotica	1878942	S	35	2	37	0.00000
Pantoea sp. Z09	2886821	S	627	209	836	0.00005
Pantoea sp. SO10	2575375	S	328	66	394	0.00002
Pantoea sp. MSR2	2052056	S	239	35	274	0.00001
Pantoea sp. At-9b	592316	S	227	52	279	0.00002
Pantoea sp. CCBC3-3-1	2490851	S	172	34	206	0.00001
Pantoea sp. MT58	2768165	S	21	159	180	0.00001
Pantoea sp. SM3640	2787629	S	19	133	152	0.00001
Pantoea agglomerans	549	S	1426	450	1876	0.00010
Pantoea dispersa	59814	S	1058	292	1350	0.00007
Pantoea vagans	470934	S	407	611	1018	0.00005
Pantoea ananatis	553	S	405	127	532	0.00003
Pantoea deleyi	470932	S	344	83	427	0.00002
Pantoea alhagi	1891675	S	222	73	295	0.00002
Pantoea cypripedii	55209	S	217	13	230	0.00001
Pantoea stewartii	66269	S	215	52	267	0.00001
Pantoea rwandensis	1076550	S	141	31	172	0.00001
Pantoea eucalypti	470933	S	11	76	87	0.00000
Candidatus Pantoea carbekii	1235990	S	11	1	12	0.00000
Erwinia sp. E602	2675378	S	667	124	791	0.00004
Erwinia sp. J780	2681984	S	157	31	188	0.00001
Erwinia sp. QL-Z3	2547962	S	38	115	153	0.00001
Erwinia sp. Ejp617	215689	S	34	61	95	0.00001
Erwinia gerundensis	1619313	S	348	68	416	0.00002
Erwinia persicina	55211	S	276	59	335	0.00002
Erwinia rhapontici	55212	S	248	49	297	0.00002
Erwinia tasmaniensis	338565	S	162	34	196	0.00001
Erwinia amylovora	552	S	152	80	232	0.00001
Erwinia billingiae	182337	S	140	289	429	0.00002
Candidatus Erwinia haradaeae	1922217	S	137	3	140	0.00001
Erwinia tracheiphila	65700	S	116	16	132	0.00001
[Pantoea] beijingensis	1324864	S	69	13	82	0.00000
Erwinia pyrifoliae	79967	S	41	70	111	0.00001
Mixta gaviniae	665914	S	454	181	635	0.00003
Mixta calida	665913	S	417	234	651	0.00004
Mixta theicola	1458355	S	340	112	452	0.00002
Mixta sp. X22927	2872648	S	195	107	302	0.00002
Mixta intestinalis	1615494	S	178	52	230	0.00001
Buchnera aphidicola	9	S	293	38	331	0.00002
Tatumella ptyseos	82987	S	90	18	108	0.00001
Tatumella citrea	53336	S	51	8	59	0.00000
Wigglesworthia glossinidia	51229	S	11	1	12	0.00000
Dickeya dadantii	204038	S	465	234	699	0.00004
Dickeya dianthicola	204039	S	329	363	692	0.00004
Dickeya chrysanthemi	556	S	313	120	433	0.00002
Dickeya zeae	204042	S	306	226	532	0.00003
Dickeya fangzhongdai	1778540	S	189	553	742	0.00004
Dickeya solani	1089444	S	150	724	874	0.00005
Dickeya poaceiphila	568768	S	142	21	163	0.00001
Dickeya sp. NCPPB 3274	568766	S	89	43	132	0.00001
Dickeya oryzae	1240404	S	15	20	35	0.00000
Pectobacterium carotovorum	554	S	225	523	748	0.00004
Pectobacterium brasiliense	180957	S	195	252	447	0.00002
Pectobacterium sp. LJ1	2878098	S	91	28	119	0.00001
Pectobacterium sp. PL64	2738983	S	43	33	76	0.00000
Pectobacterium parmentieri	1905730	S	109	45	154	0.00001
Pectobacterium punjabense	2108399	S	104	27	131	0.00001
Pectobacterium atrosepticum	29471	S	103	34	137	0.00001
Pectobacterium polaris	2042057	S	90	70	160	0.00001
Pectobacterium odoriferum	78398	S	65	53	118	0.00001
Pectobacterium wasabiae	55208	S	59	19	78	0.00000
Pectobacterium versatile	2488639	S	54	135	189	0.00001
Pectobacterium aroidearum	1201031	S	38	65	103	0.00001
Pectobacterium quasiaquaticum	2774015	S	33	35	68	0.00000
Pectobacterium parvum	2778550	S	32	49	81	0.00000
Pectobacterium aquaticum	2204145	S	21	29	50	0.00000
Brenneria izadpanahii	2722756	S	339	367	706	0.00004
Brenneria goodwinii	1109412	S	265	277	542	0.00003
Brenneria rubrifaciens	55213	S	211	82	293	0.00002
Lonsdalea britannica	1082704	S	301	84	385	0.00002
Lonsdalea populi	1172565	S	273	81	354	0.00002
Musicola paradisiaca	69223	S	404	0	404	0.00002
Edwardsiella tarda	636	S	506	955	1461	0.00008
Edwardsiella hoshinae	93378	S	294	64	358	0.00002
Edwardsiella ictaluri	67780	S	192	239	431	0.00002
Edwardsiella piscicida	1263550	S	59	593	652	0.00004
Hafnia alvei	569	S	118	148	266	0.00001
Hafnia paralvei	546367	S	50	22	72	0.00000
Obesumbacterium proteus	82983	S	42	33	75	0.00000
Morganella morganii	582	S	581	568	1149	0.00006
Providencia rettgeri	587	S	95	223	318	0.00002
Providencia alcalifaciens	126385	S	82	39	121	0.00001
Providencia rustigianii	158850	S	36	14	50	0.00000
Providencia sneebia	516075	S	32	3	35	0.00000
Providencia heimbachae	333962	S	28	11	39	0.00000
Providencia sp. R33	2828763	S	27	7	34	0.00000
Xenorhabdus bovienii	40576	S	82	19	101	0.00001
Xenorhabdus doucetiae	351671	S	81	13	94	0.00001
Xenorhabdus nematophila	628	S	53	10	63	0.00000
Xenorhabdus budapestensis	290110	S	50	7	57	0.00000
Xenorhabdus hominickii	351679	S	41	7	48	0.00000
Xenorhabdus poinarii	40577	S	38	8	46	0.00000
Proteus mirabilis	584	S	111	165	276	0.00001
Proteus vulgaris	585	S	28	85	113	0.00001
Proteus hauseri	183417	S	10	2	12	0.00000
Photorhabdus thracensis	230089	S	75	11	86	0.00000
Photorhabdus asymbiotica	291112	S	48	5	53	0.00000
Photorhabdus akhurstii	171438	S	41	6	47	0.00000
Photorhabdus laumondii	2218628	S	35	6	41	0.00000
Arsenophonus endosymbiont of Apis mellifera	1541805	S	23	6	29	0.00000
Arsenophonus endosymbiont of Aphis craccivora	1231049	S	13	3	16	0.00000
Arsenophonus endosymbiont of Aleurodicus dispersus	235559	S	11	0	11	0.00000
Arsenophonus nasoniae	638	S	25	7	32	0.00000
Moellerella wisconsensis	158849	S	27	21	48	0.00000
Sodalis sp. dw_23	2697027	S	609	42	651	0.00004
Sodalis endosymbiont of Henestaris halophilus	1929246	S	19	0	19	0.00000
Sodalis glossinidius	63612	S	298	43	341	0.00002
Sodalis praecaptivus	1239307	S	296	201	497	0.00003
Candidatus Sodalis pierantonius	1486991	S	132	95	227	0.00001
Leminorella richardii	158841	S	171	24	195	0.00001
Pragia fontium	82985	S	49	7	56	0.00000
Limnobaculum parvum	2172103	S	46	10	56	0.00000
Jinshanibacter zhutongyuii	2498113	S	37	7	44	0.00000
Thioalkalivibrio sulfidiphilus	1033854	S	2661	1761	4422	0.00024
Thioalkalivibrio paradoxus	108010	S	2442	803	3245	0.00018
Thioalkalivibrio nitratireducens	186931	S	2398	717	3115	0.00017
Thioalkalivibrio sp. K90mix	396595	S	1928	276	2204	0.00012
Thioalkalivibrio versutus	106634	S	1794	268	2062	0.00011
Spiribacter sp. E85	2182432	S	5050	547	5597	0.00030
Spiribacter sp. 2438	2666185	S	1090	121	1211	0.00007
Spiribacter curvatus	1335757	S	1279	81	1360	0.00007
Spiribacter salinus	1335746	S	847	74	921	0.00005
Acidihalobacter aeolianus	2792603	S	2088	306	2394	0.00013
Acidihalobacter ferrooxydans	1765967	S	1871	208	2079	0.00011
Acidihalobacter yilgarnensis	2819280	S	1195	84	1279	0.00007
Halorhodospira halophila	1053	S	2206	312	2518	0.00014
Halorhodospira halochloris	1052	S	414	24	438	0.00002
Aquisalimonas sp. 2447	2740807	S	2375	199	2574	0.00014
Alkalilimnicola ehrlichii	351052	S	2309	347	2656	0.00014
Ectothiorhodospira sp. BSL-9	1442136	S	811	283	1094	0.00006
Ectothiorhodospira haloalkaliphila	421628	S	800	289	1089	0.00006
Ectothiorhodosinus mongolicus	233100	S	339	27	366	0.00002
Allochromatium tepidum	553982	S	1762	990	2752	0.00015
Allochromatium vinosum	1049	S	1744	794	2538	0.00014
Candidatus Thiodictyon syntrophicum	1166950	S	3793	228	4021	0.00022
Thioflavicoccus mobilis	80679	S	3788	383	4171	0.00023
Marichromatium purpuratum	37487	S	3449	747	4196	0.00023
Thiocapsa bogorovii	521689	S	2959	178	3137	0.00017
Thiocystis violascens	73141	S	2077	198	2275	0.00012
Thermochromatium tepidum	1050	S	1370	372	1742	0.00009
Nitrosococcus halophilus	133539	S	257	36	293	0.00002
Nitrosococcus wardiae	1814290	S	238	32	270	0.00001
Nitrosococcus watsonii	473531	S	191	52	243	0.00001
Nitrosococcus oceani	1229	S	189	47	236	0.00001
Caldichromatium japonicum	2699430	S	976	121	1097	0.00006
Rheinheimera sp. F8	1763998	S	142	10	152	0.00001
Rheinheimera sp. D18	2545632	S	53	48	101	0.00001
Rheinheimera mangrovi	2498451	S	75	10	85	0.00000
Candidatus Nitrosacidococcus tergens	553981	S	71	3	74	0.00000
Candidatus Nitrosoglobus terrae	1630141	S	38	2	40	0.00000
Wenzhouxiangella marina	1579979	S	2477	181	2658	0.00014
Wenzhouxiangella sp. AB-CW3	2771012	S	1591	81	1672	0.00009
Thiohalobacter sp. COW1	2795687	S	523	1240	1763	0.00010
Thiohalobacter thiocyanaticus	585455	S	474	1392	1866	0.00010
Guyparkeria halophila	47960	S	2432	633	3065	0.00017
Sulfurivermis fontis	1972068	S	2277	981	3258	0.00018
Woeseia oceani	1548547	S	1693	32	1725	0.00009
Halothiobacillus sp. LS2	1860122	S	1053	130	1183	0.00006
Halothiobacillus neapolitanus	927	S	392	57	449	0.00002
Sulfuriflexus mobilis	1811807	S	521	17	538	0.00003
Granulosicoccus antarcticus	437505	S	460	8	468	0.00003
Halomonas sp. THAF5a	2587844	S	1735	707	2442	0.00013
Halomonas sp. 1513	1883416	S	1554	363	1917	0.00010
Halomonas sp. MCCC 1A13316	2733487	S	1351	185	1536	0.00008
Halomonas sp. HG01	1609967	S	1279	613	1892	0.00010
Halomonas sp. YLGW01	2773308	S	1268	226	1494	0.00008
Halomonas sp. THAF12	2587849	S	1268	858	2126	0.00011
Halomonas sp. JS92-SW72	2306583	S	1097	1379	2476	0.00013
Halomonas sp. PGE1	2730360	S	845	1285	2130	0.00011
Halomonas sp. Y2R2	2562282	S	459	26	485	0.00003
Halomonas sp. A40-4	2785909	S	398	110	508	0.00003
Halomonas sp. SH5A2	2749040	S	364	67	431	0.00002
Halomonas sp. R57-5	1610576	S	254	110	364	0.00002
Halomonas sp. KO116	1504981	S	235	101	336	0.00002
Halomonas sp. FeN2	2832500	S	199	88	287	0.00002
Halomonas sp. 18071143	2855441	S	194	443	637	0.00003
Halomonas sp. GFAJ-1	1118153	S	163	31	194	0.00001
Halomonas sp. SS10-MC5	2854257	S	162	1438	1600	0.00009
Halomonas sp. SF2003	2136172	S	127	600	727	0.00004
Halomonas sp. NyZ770	2883106	S	111	475	586	0.00003
Halomonas sp. TD01	999141	S	94	53	147	0.00001
Halomonas sp. N3-2A	2014541	S	69	87	156	0.00001
Halomonas sp. hl-4	1761789	S	69	488	557	0.00003
Halomonas sp. HL-93	1666906	S	66	482	548	0.00003
Halomonas sp. GT	1971364	S	58	43	101	0.00001
Halomonas sp. A3H3	1346287	S	33	874	907	0.00005
Halomonas beimenensis	475662	S	2014	416	2430	0.00013
Halomonas aestuarii	1897729	S	1616	354	1970	0.00011
Halomonas sulfidivorans	2733488	S	1411	297	1708	0.00009
Halomonas socia	1081866	S	1409	279	1688	0.00009
Halomonas tianxiuensis	2497861	S	1381	313	1694	0.00009
Halomonas elongata	2746	S	1212	131	1343	0.00007
Halomonas chromatireducens	507626	S	1041	87	1128	0.00006
Halomonas subglaciescola	29571	S	634	72	706	0.00004
Halomonas meridiana	29570	S	587	492	1079	0.00006
Halomonas huangheensis	1178482	S	550	32	582	0.00003
Halomonas piezotolerans	2609667	S	406	220	626	0.00003
Halomonas profundi	2852117	S	222	32	254	0.00001
Halomonas sulfidoxydans	2733484	S	193	1684	1877	0.00010
Halomonas titanicae	664683	S	158	794	952	0.00005
Halomonas hydrothermalis	115561	S	123	355	478	0.00003
Halomonas venusta	44935	S	84	105	189	0.00001
Halomonas campaniensis	213554	S	29	135	164	0.00001
Halomonas alkaliphila	272774	S	27	138	165	0.00001
Cobetia sp. L2A1	2686360	S	400	51	451	0.00002
Cobetia sp. cqz5-12	2609415	S	302	427	729	0.00004
Cobetia sp. 4B	2758724	S	118	522	640	0.00003
Cobetia sp. AM6	2661553	S	98	569	667	0.00004
Cobetia pacifica	1055101	S	158	459	617	0.00003
Cobetia amphilecti	1055104	S	81	505	586	0.00003
Cobetia marina	28258	S	25	314	339	0.00002
Halotalea alkalilenta	376489	S	2135	455	2590	0.00014
Salinicola tamaricis	1771309	S	1917	233	2150	0.00012
Kushneria phosphatilytica	657387	S	528	21	549	0.00003
Kushneria konosiri	698828	S	476	115	591	0.00003
Kushneria marisflavi	157779	S	392	92	484	0.00003
Chromohalobacter salexigens	158080	S	1460	168	1628	0.00009
Pistricoccus aurantiacus	1883414	S	977	69	1046	0.00006
Zymobacter palmae	33074	S	278	39	317	0.00002
Candidatus Portiera aleyrodidarum	91844	S	57	7	64	0.00000
Candidatus Carsonella ruddii	114186	S	17	14	31	0.00000
Alcanivorax sp. N3-2A	2014542	S	1613	1714	3327	0.00018
Alcanivorax sp. NBRC 101098	1113728	S	14	205	219	0.00001
Alcanivorax pacificus	1306787	S	1281	500	1781	0.00010
Alcanivorax dieselolei	285091	S	739	250	989	0.00005
Alcanivorax xenomutans	1094342	S	635	343	978	0.00005
Alcanivorax borkumensis	59754	S	10	142	152	0.00001
Ketobacter alkanivorans	1917421	S	253	21	274	0.00001
Marinobacterium aestuarii	1821621	S	880	71	951	0.00005
Marinobacterium sediminicola	518898	S	386	60	446	0.00002
Marinobacterium georgiense	48076	S	338	114	452	0.00002
Marinobacterium sp. LSUCC0821	2668067	S	57	4	61	0.00000
Marinomonas sp. A3A	2065312	S	42	5	47	0.00000
Marinomonas sp. CT5	2066133	S	35	2	37	0.00000
Marinomonas sp. FW-1	2071621	S	29	7	36	0.00000
Marinomonas primoryensis	178399	S	78	11	89	0.00000
Marinomonas profundi	2726122	S	65	21	86	0.00000
Marinomonas arctica	383750	S	62	14	76	0.00000
Marinomonas algicola	2773454	S	60	13	73	0.00000
Marinomonas mediterranea	119864	S	47	4	51	0.00000
Marinomonas posidonica	936476	S	44	6	50	0.00000
Marinomonas foliarum	491950	S	18	6	24	0.00000
Thalassolituus sp. C2-1	2597518	S	249	17	266	0.00001
Thalassolituus oleivorans	187493	S	102	27	129	0.00001
Venatorbacter cucullus	2661630	S	240	60	300	0.00002
Bacterioplanes sanyensis	1249553	S	181	10	191	0.00001
Neptunomonas concharum	1031538	S	63	6	69	0.00000
Neptunomonas japonica	417574	S	47	3	50	0.00000
Neptunomonas phycophila	1572645	S	47	4	51	0.00000
Nitrincola iocasae	2614693	S	129	24	153	0.00001
Amphritea japonica	452627	S	107	9	116	0.00001
Bermanella marisrubri	207949	S	70	3	73	0.00000
Hahella sp. KA22	1628392	S	520	100	620	0.00003
Hahella chejuensis	158327	S	500	84	584	0.00003
Saccharospirillum mangrovi	2161747	S	550	35	585	0.00003
Reinekea forsetii	1336806	S	261	14	275	0.00001
Gynuella sunshinyii	1445505	S	186	6	192	0.00001
Litoricola lipolytica	418701	S	409	21	430	0.00002
Spartinivicinus ruber	2683272	S	165	5	170	0.00001
Oleiphilus messinensis	141451	S	158	13	171	0.00001
Endozoicomonas montiporae	1027273	S	148	9	157	0.00001
Methylococcus sp. EFPC2	2812648	S	2231	163	2394	0.00013
Methylococcus sp. Mc7	2860258	S	1812	569	2381	0.00013
Methylococcus capsulatus	414	S	1687	408	2095	0.00011
Methylococcus geothermalis	2681310	S	1662	458	2120	0.00011
Methylomonas sp. LL1	2785785	S	603	29	632	0.00003
Methylomonas sp. EFPC1	2812647	S	231	147	378	0.00002
Methylomonas sp. LW13	107637	S	223	133	356	0.00002
Methylomonas sp. DH-1	1727196	S	208	386	594	0.00003
Methylomonas koyamae	702114	S	660	660	1320	0.00007
Methylomonas rhizoryzae	2608981	S	580	24	604	0.00003
Methylomonas methanica	421	S	454	24	478	0.00003
Methylomonas denitrificans	1538553	S	440	31	471	0.00003
Methylomonas paludis	1173101	S	164	7	171	0.00001
Methylocaldum marinum	1432792	S	2443	157	2600	0.00014
Methylomicrobium album	39775	S	1945	85	2030	0.00011
Methylomicrobium sp. wino1	2049332	S	368	339	707	0.00004
Methylomagnum ishizawai	1760988	S	2285	106	2391	0.00013
Methylogaea oryzae	1295382	S	2071	172	2243	0.00012
Candidatus Methylospira mobilis	1808979	S	735	33	768	0.00004
Methylotuvimicrobium buryatense	95641	S	203	239	442	0.00002
Methylotuvimicrobium alcaliphilum	271065	S	189	262	451	0.00002
Methylovulum psychrotolerans	1704499	S	306	8	314	0.00002
Methylobacter sp. S3L5C	2839024	S	128	8	136	0.00001
Aeromonas hydrophila	644	S	1762	7094	8856	0.00048
Aeromonas sp. FDAARGOS 1415	2778064	S	362	203	565	0.00003
Aeromonas sp. CA23	2033032	S	295	129	424	0.00002
Aeromonas sp. FDAARGOS 1409	2778058	S	194	270	464	0.00003
Aeromonas sp. CU5	2033033	S	159	67	226	0.00001
Aeromonas sp. FDAARGOS 1405	2778054	S	54	85	139	0.00001
Aeromonas sp. 1805	2560028	S	54	142	196	0.00001
Aeromonas sp. FDAARGOS 1407	2778056	S	51	155	206	0.00001
Aeromonas sp. FDAARGOS 1410	2778059	S	51	115	166	0.00001
Aeromonas sp. ASNIH4	1636609	S	51	251	302	0.00002
Aeromonas sp. FDAARGOS 1403	2778052	S	40	114	154	0.00001
Aeromonas sp. 2692-1	2560029	S	33	156	189	0.00001
Aeromonas sp. FDAARGOS 1419	2778068	S	33	91	124	0.00001
Aeromonas sp. FDAARGOS 1411	2778060	S	30	89	119	0.00001
Aeromonas sp. ASNIH1	1636606	S	29	578	607	0.00003
Aeromonas sp. FDAARGOS 1414	2778063	S	28	83	111	0.00001
Aeromonas sp. ASNIH5	1758179	S	25	435	460	0.00002
Aeromonas sp. FDAARGOS 1404	2778053	S	23	78	101	0.00001
Aeromonas sp. ASNIH2	1636607	S	23	313	336	0.00002
Aeromonas sp. FDAARGOS 1408	2778057	S	20	109	129	0.00001
Aeromonas sp. FDAARGOS 1402	2778051	S	18	186	204	0.00001
Aeromonas sp. WP2-W18-CRE-05	2675707	S	18	719	737	0.00004
Aeromonas sp. FDAARGOS 1416	2778065	S	18	49	67	0.00000
Aeromonas sp. FDAARGOS 1417	2778066	S	18	49	67	0.00000
Aeromonas sp. FDAARGOS 1406	2778055	S	14	133	147	0.00001
Aeromonas sp. ASNIH3	1636608	S	13	633	646	0.00003
Aeromonas veronii	654	S	1167	2522	3689	0.00020
Aeromonas schubertii	652	S	861	267	1128	0.00006
Aeromonas media	651	S	822	1641	2463	0.00013
Aeromonas encheleia	73010	S	805	291	1096	0.00006
Aeromonas salmonicida	645	S	685	776	1461	0.00008
Aeromonas simiae	218936	S	654	673	1327	0.00007
Aeromonas caviae	648	S	597	4816	5413	0.00029
Aeromonas enteropelogenes	29489	S	460	364	824	0.00004
Aeromonas rivuli	648794	S	449	133	582	0.00003
Aeromonas jandaei	650	S	345	334	679	0.00004
Aeromonas dhakensis	196024	S	326	618	944	0.00005
Aeromonas sanarellii	633415	S	128	667	795	0.00004
Aeromonas rivipollensis	948519	S	82	123	205	0.00001
Aeromonas allosaccharophila	656	S	73	113	186	0.00001
Zobellella denitrificans	347534	S	1415	341	1756	0.00009
Oceanimonas sp. GK1	511062	S	680	148	828	0.00004
Dongshaea marina	2047966	S	192	19	211	0.00001
Oceanisphaera profunda	1416627	S	102	12	114	0.00001
Oceanisphaera avium	1903694	S	49	7	56	0.00000
Tolumonas auensis	43948	S	121	57	178	0.00001
Succinivibrio dextrinosolvens	83771	S	53	2	55	0.00000
Solimonas sp. K1W22B-7	2303331	S	7193	826	8019	0.00043
Flagellatimonas centrodinii	2806210	S	2259	183	2442	0.00013
Sinimarinibacterium sp. NLF-5-8	2698684	S	1121	688	1809	0.00010
Steroidobacter denitrificans	465721	S	8398	2636	11034	0.00060
Sulfurifustis variabilis	1675686	S	9232	622	9854	0.00053
Sulfuricaulis limicola	1620215	S	3980	326	4306	0.00023
Acidiferrobacter sp. SPIII_3	1281578	S	1121	298	1419	0.00008
Acidiferrobacter thiooxydans	163359	S	896	240	1136	0.00006
Microbulbifer sp. YPW16	2904242	S	877	89	966	0.00005
Microbulbifer sp. SH-1	2681547	S	806	138	944	0.00005
Microbulbifer sp. YPW1	2745199	S	543	108	651	0.00004
Microbulbifer sp. ALW1	1516059	S	432	81	513	0.00003
Microbulbifer sp. THAF38	2587856	S	193	75	268	0.00001
Microbulbifer sp. GL-2	2591606	S	168	32	200	0.00001
Microbulbifer sp. A4B17	359370	S	138	36	174	0.00001
Microbulbifer hydrolyticus	48074	S	550	114	664	0.00004
Microbulbifer aggregans	1769779	S	542	72	614	0.00003
Microbulbifer thermotolerans	252514	S	502	33	535	0.00003
Microbulbifer celer	435905	S	471	65	536	0.00003
Microbulbifer elongatus	86173	S	414	76	490	0.00003
Microbulbifer agarilyticus	260552	S	314	39	353	0.00002
Microbulbifer variabilis	266805	S	131	54	185	0.00001
Cellvibrio sp. PSBB006	1987723	S	1692	63	1755	0.00009
Cellvibrio sp. KY-YJ-3	454662	S	292	46	338	0.00002
Cellvibrio sp. KY-GH-1	2303332	S	212	19	231	0.00001
Cellvibrio sp. PSBB023	1945512	S	210	23	233	0.00001
Cellvibrio japonicus	155077	S	278	23	301	0.00002
Simiduia agarivorans	447471	S	436	23	459	0.00002
Teredinibacter turnerae	2426	S	233	10	243	0.00001
Teredinibacter haidensis	2731755	S	100	7	107	0.00001
Teredinibacter purpureus	2731756	S	89	4	93	0.00001
Marinagarivorans sp. GE09	2721545	S	87	7	94	0.00001
Saccharophagus degradans	86304	S	73	2	75	0.00000
Agarilytica rhodophyticola	1737490	S	45	1	46	0.00000
Kineobactrum salinum	2708301	S	1326	54	1380	0.00007
Halioglobus japonicus	930805	S	629	35	664	0.00004
Halioglobus maricola	2601894	S	502	23	525	0.00003
Congregibacter litoralis	393662	S	553	235	788	0.00004
Aequoribacter fuscus	2518989	S	174	24	198	0.00001
Spongiibacter taiwanensis	1748242	S	435	19	454	0.00002
Spongiibacter nanhainus	2794344	S	398	47	445	0.00002
Spongiibacter sp. IMCC21906	1620392	S	119	32	151	0.00001
Zhongshania aliphaticivorans	1470434	S	190	12	202	0.00001
Oceanicoccus sagamiensis	716816	S	114	2	116	0.00001
Shewanella sp. FJAT-53555	2864204	S	96	76	172	0.00001
Shewanella sp. FJAT-54031	2864209	S	91	124	215	0.00001
Shewanella sp. FJAT-52076	2864202	S	77	99	176	0.00001
Shewanella sp. FJAT-51860	2864212	S	75	11	86	0.00000
Shewanella sp. FJAT-53532	2864203	S	73	113	186	0.00001
Shewanella sp. FJAT-53681	2864205	S	64	93	157	0.00001
Shewanella sp. FJAT-53764	2864207	S	56	79	135	0.00001
Shewanella sp. Scap07	2589987	S	49	6	55	0.00000
Shewanella sp. WE21	2029986	S	48	23	71	0.00000
Shewanella sp. KX20019	2803864	S	47	5	52	0.00000
Shewanella sp. FJAT-52072	2864213	S	45	54	99	0.00001
Shewanella sp. FJAT-53870	2864208	S	43	7	50	0.00000
Shewanella sp. SNU WT4	2590015	S	40	10	50	0.00000
Shewanella sp. FJAT-53749	2864206	S	39	7	46	0.00000
Shewanella sp. FJAT-51649	2864210	S	27	37	64	0.00000
Shewanella sp. FJAT-51754	2864211	S	25	32	57	0.00000
Shewanella sp. OM3-2	2908650	S	25	3	28	0.00000
Shewanella sp. Pdp11	2059264	S	22	58	80	0.00000
Shewanella sp. MR-4	60480	S	22	21	43	0.00000
Shewanella sp. ANA-3	94122	S	19	47	66	0.00000
Shewanella sp. Arc9-LZ	2698686	S	18	6	24	0.00000
Shewanella sp. LZH-2	2806008	S	15	61	76	0.00000
Shewanella sp. W3-18-1	351745	S	11	124	135	0.00001
Shewanella algae	38313	S	285	234	519	0.00003
Shewanella khirikhana	1965282	S	242	36	278	0.00002
Shewanella cyperi	2814292	S	224	112	336	0.00002
Shewanella litorisediminis	1173586	S	154	35	189	0.00001
Shewanella baltica	62322	S	140	137	277	0.00001
Shewanella putrefaciens	24	S	137	427	564	0.00003
Shewanella sedimentimangrovi	2814293	S	133	91	224	0.00001
Shewanella amazonensis	60478	S	132	31	163	0.00001
Shewanella marisflavi	260364	S	132	25	157	0.00001
Shewanella avicenniae	2814294	S	103	17	120	0.00001
Shewanella sediminis	271097	S	100	13	113	0.00001
Shewanella loihica	359303	S	96	148	244	0.00001
Shewanella dokdonensis	712036	S	83	8	91	0.00000
Shewanella yunxiaonensis	2829809	S	79	12	91	0.00000
Shewanella benthica	43661	S	69	14	83	0.00000
Shewanella violacea	60217	S	68	12	80	0.00000
Shewanella pealeana	70864	S	68	11	79	0.00000
Shewanella psychropiezotolerans	2593655	S	62	10	72	0.00000
Shewanella psychrophila	225848	S	53	7	60	0.00000
Shewanella xiamenensis	332186	S	52	256	308	0.00002
Shewanella denitrificans	192073	S	51	7	58	0.00000
Shewanella decolorationis	256839	S	50	54	104	0.00001
Shewanella oneidensis	70863	S	47	13	60	0.00000
Shewanella halifaxensis	271098	S	43	5	48	0.00000
Shewanella inventionis	1738770	S	42	20	62	0.00000
Shewanella maritima	2520507	S	38	4	42	0.00000
Shewanella woodyi	60961	S	37	4	41	0.00000
Shewanella chilikensis	558541	S	37	109	146	0.00001
Shewanella indica	768528	S	36	46	82	0.00000
Shewanella carassii	1987584	S	35	35	70	0.00000
Shewanella psychromarinicola	2487742	S	30	4	34	0.00000
Shewanella piezotolerans	404011	S	30	3	33	0.00000
Shewanella vesiculosa	518738	S	27	6	33	0.00000
Shewanella glacialimarina	2590884	S	26	3	29	0.00000
Shewanella livingstonensis	150120	S	25	5	30	0.00000
Shewanella frigidimarina	56812	S	23	11	34	0.00000
Shewanella aestuarii	1028752	S	21	7	28	0.00000
Shewanella donghaensis	238836	S	19	2	21	0.00000
Shewanella japonica	93973	S	13	29	42	0.00000
Shewanella bicestrii	2018305	S	12	46	58	0.00000
Shewanella polaris	2588449	S	10	17	27	0.00000
Parashewanella spongiae	342950	S	25	1	26	0.00000
Parashewanella tropica	2547970	S	19	1	20	0.00000
Alteromonas sp. RKMC-009	2267264	S	154	48	202	0.00001
Alteromonas sp. BL110	1714845	S	30	53	83	0.00000
Alteromonas sp. 76-1	2358187	S	15	18	33	0.00000
Alteromonas macleodii	28108	S	166	72	238	0.00001
Alteromonas mediterranea	314275	S	84	25	109	0.00001
Alteromonas pelagimontana	1858656	S	83	11	94	0.00001
Alteromonas australica	589873	S	34	85	119	0.00001
Alteromonas naphthalenivorans	715451	S	17	12	29	0.00000
Salinimonas marina	2785918	S	133	14	147	0.00001
Salinimonas lutimaris	914153	S	126	24	150	0.00001
Salinimonas sediminis	2303538	S	90	22	112	0.00001
Salinimonas iocasae	2572577	S	79	16	95	0.00001
Hydrocarboniclastica marina	2259620	S	621	92	713	0.00004
Lacimicrobium alkaliphilum	1526571	S	206	14	220	0.00001
Saliniradius amylolyticus	2183582	S	204	19	223	0.00001
Agarivorans sp. TSD2052	2937286	S	61	8	69	0.00000
Agarivorans sp. B2Z047	2652721	S	22	15	37	0.00000
Agarivorans gilvus	680279	S	51	5	56	0.00000
Agarivorans aestuarii	1563703	S	19	6	25	0.00000
Agarivorans albus	182262	S	15	11	26	0.00000
Paraglaciecola sp. L1A13	2686359	S	47	3	50	0.00000
Paraglaciecola sp. L3A3	2686358	S	28	2	30	0.00000
Paraglaciecola mesophila	197222	S	45	4	49	0.00000
Paraglaciecola psychrophila	326544	S	43	3	46	0.00000
Paraneptunicella aestuarii	2831148	S	80	4	84	0.00000
Glaciecola nitratireducens	300231	S	55	3	58	0.00000
Catenovulum sediminis	1740262	S	40	2	42	0.00000
Saccharobesus litoralis	2172099	S	39	2	41	0.00000
Pseudoalteromonas sp. R3	1709477	S	69	13	82	0.00000
Pseudoalteromonas sp. A25	116092	S	41	5	46	0.00000
Pseudoalteromonas sp. THAF3	2587843	S	23	33	56	0.00000
Pseudoalteromonas sp. GCY	2003316	S	10	22	32	0.00000
Pseudoalteromonas sp. DL-6	1390185	S	10	24	34	0.00000
Pseudoalteromonas rubra	43658	S	202	27	229	0.00001
Pseudoalteromonas viridis	339617	S	107	34	141	0.00001
Pseudoalteromonas luteoviolacea	43657	S	89	13	102	0.00001
Pseudoalteromonas piscicida	43662	S	65	83	148	0.00001
Pseudoalteromonas spongiae	298657	S	61	13	74	0.00000
Pseudoalteromonas shioyasakiensis	1190813	S	59	26	85	0.00000
Pseudoalteromonas xiamenensis	882626	S	45	5	50	0.00000
Pseudoalteromonas prydzensis	182141	S	38	6	44	0.00000
Pseudoalteromonas piratica	1348114	S	31	5	36	0.00000
Pseudoalteromonas tunicata	314281	S	29	4	33	0.00000
Pseudoalteromonas mariniglutinosa	206042	S	24	65	89	0.00000
Pseudoalteromonas ulvae	107327	S	23	1	24	0.00000
Pseudoalteromonas phenolica	161398	S	22	3	25	0.00000
Pseudoalteromonas ruthenica	151081	S	21	29	50	0.00000
Pseudoalteromonas espejiana	28107	S	19	5	24	0.00000
Pseudoalteromonas aliena	247523	S	18	8	26	0.00000
Pseudoalteromonas agarivorans	176102	S	15	47	62	0.00000
Pseudoalteromonas carrageenovora	227	S	15	5	20	0.00000
Pseudoalteromonas translucida	166935	S	14	64	78	0.00000
Pseudoalteromonas arctica	394751	S	13	11	24	0.00000
Pseudoalteromonas donghaensis	621376	S	10	114	124	0.00001
Psychrosphaera ytuae	2820710	S	31	6	37	0.00000
Psychrosphaera aestuarii	1266052	S	20	3	23	0.00000
Flocculibacter collagenilyticus	2744479	S	29	2	31	0.00000
Ferrimonas balearica	44012	S	659	85	744	0.00004
Ferrimonas lipolytica	2724191	S	92	13	105	0.00001
Thalassotalea sp. PS06	2594005	S	52	14	66	0.00000
Thalassotalea sp. HSM 43	2552945	S	42	14	56	0.00000
Thalassotalea sp. LPB0316	2769490	S	40	15	55	0.00000
Thalassotalea crassostreae	1763536	S	14	3	17	0.00000
Colwellia sp. PAMC 20917	1816218	S	36	4	40	0.00000
Colwellia sp. Arc7-D	2161872	S	29	6	35	0.00000
Colwellia sp. MT41	58049	S	27	4	31	0.00000
Colwellia sp. Arc7-635	2497879	S	26	4	30	0.00000
Colwellia sp. 20A7	2689569	S	15	2	17	0.00000
Colwellia psychrerythraea	28229	S	22	4	26	0.00000
Litorilituus sediminis	718192	S	35	3	38	0.00000
Cognaticolwellia beringensis	1967665	S	24	5	29	0.00000
Idiomarina sp. OT37-5b	2100422	S	115	28	143	0.00001
Idiomarina sp. X4	2055892	S	32	20	52	0.00000
Idiomarina abyssalis	86102	S	62	9	71	0.00000
Idiomarina loihiensis	135577	S	55	0	55	0.00000
Idiomarina piscisalsi	1096243	S	28	17	45	0.00000
Moritella sp. 24	2746230	S	22	28	50	0.00000
Moritella yayanosii	69539	S	40	16	56	0.00000
Moritella marina	90736	S	18	6	24	0.00000
Psychromonas ingrahamii	357794	S	76	8	84	0.00000
Psychromonas sp. CNPT3	314282	S	21	3	24	0.00000
Vibrio parahaemolyticus	670	S	228	108	336	0.00002
Vibrio owensii	696485	S	74	79	153	0.00001
Vibrio diabolicus	50719	S	39	60	99	0.00001
Vibrio alginolyticus	663	S	60	194	254	0.00001
Vibrio campbellii	680	S	57	107	164	0.00001
Vibrio harveyi	669	S	46	23	69	0.00000
Vibrio natriegens	691	S	45	96	141	0.00001
Vibrio rotiferianus	190895	S	45	24	69	0.00000
Vibrio azureus	512649	S	29	4	33	0.00000
Vibrio jasicida	766224	S	11	25	36	0.00000
Vibrio sp. OG9-811	2841925	S	144	26	170	0.00001
Vibrio sp. B1FLJ16	2751178	S	55	14	69	0.00000
Vibrio sp. HDW18	2714948	S	44	9	53	0.00000
Vibrio sp. VB16	2785746	S	36	3	39	0.00000
Vibrio sp. THAF190c	2587865	S	28	4	32	0.00000
Vibrio sp. SCSIO 43132	2779363	S	28	24	52	0.00000
Vibrio sp. SS-MA-C1-2	2908646	S	24	4	28	0.00000
Vibrio sp. ED004	2785124	S	22	18	40	0.00000
Vibrio sp. Scap24	2589990	S	15	11	26	0.00000
Vibrio sp. B1FIG11	2751177	S	14	59	73	0.00000
Vibrio fluvialis	676	S	356	87	443	0.00002
Vibrio furnissii	29494	S	308	135	443	0.00002
Vibrio vulnificus	672	S	293	92	385	0.00002
Vibrio cholerae	666	S	149	189	338	0.00002
Vibrio sinaloensis	379097	S	59	9	68	0.00000
Vibrio tubiashii	29498	S	36	23	59	0.00000
Vibrio europaeus	300876	S	24	12	36	0.00000
Vibrio anguillarum	55601	S	113	45	158	0.00001
Vibrio navarrensis	29495	S	107	49	156	0.00001
Vibrio cyclitrophicus	47951	S	107	49	156	0.00001
Vibrio mimicus	674	S	93	35	128	0.00001
Vibrio coralliilyticus	190893	S	86	68	154	0.00001
Vibrio breoganii	553239	S	67	8	75	0.00000
Vibrio splendidus	29497	S	65	34	99	0.00001
Vibrio alfacsensis	1074311	S	63	48	111	0.00001
Vibrio mediterranei	689	S	63	7	70	0.00000
Vibrio algicola	2662262	S	62	11	73	0.00000
Vibrio gazogenes	687	S	58	8	66	0.00000
Vibrio nigripulchritudo	28173	S	55	25	80	0.00000
Vibrio metoecus	1481663	S	55	32	87	0.00000
Vibrio astriarenae	1481923	S	54	7	61	0.00000
Vibrio taketomensis	2572923	S	53	8	61	0.00000
Vibrio spartinae	1918945	S	52	7	59	0.00000
Vibrio metschnikovii	28172	S	49	10	59	0.00000
Vibrio cincinnatiensis	675	S	48	11	59	0.00000
Vibrio neptunius	170651	S	48	9	57	0.00000
Vibrio tapetis	52443	S	47	4	51	0.00000
Vibrio zhugei	2479546	S	47	13	60	0.00000
Vibrio tritonius	1435069	S	47	6	53	0.00000
Vibrio ponticus	265668	S	47	5	52	0.00000
Vibrio maritimus	990268	S	44	5	49	0.00000
Vibrio panuliri	1381081	S	44	7	51	0.00000
Vibrio penaeicida	104609	S	44	6	50	0.00000
Vibrio cidicii	1763883	S	42	29	71	0.00000
Vibrio scophthalmi	45658	S	36	8	44	0.00000
Vibrio kanaloae	170673	S	33	11	44	0.00000
Vibrio crassostreae	246167	S	32	24	56	0.00000
Vibrio aquimaris	2587862	S	31	3	34	0.00000
Vibrio ziniensis	2711221	S	30	4	34	0.00000
Vibrio casei	673372	S	29	9	38	0.00000
Vibrio chagasii	170679	S	29	7	36	0.00000
Vibrio aphrogenes	1891186	S	27	3	30	0.00000
Vibrio atlanticus	693153	S	22	11	33	0.00000
Vibrio rumoiensis	76258	S	20	13	33	0.00000
Vibrio gigantis	296199	S	19	8	27	0.00000
Vibrio bathopelagicus	2777577	S	18	7	25	0.00000
Vibrio hyugaensis	1534743	S	14	11	25	0.00000
Vibrio qinghaiensis	2025808	S	12	12	24	0.00000
Photobacterium sp. GJ3	2829502	S	167	23	190	0.00001
Photobacterium sp. TLY01	2907534	S	156	30	186	0.00001
Photobacterium ganghwense	320778	S	214	58	272	0.00001
Photobacterium gaetbulicola	1295392	S	205	22	227	0.00001
Photobacterium damselae	38293	S	134	71	205	0.00001
Photobacterium profundum	74109	S	36	4	40	0.00000
Salinivibrio kushneri	1908198	S	118	19	137	0.00001
Salinivibrio sp. YCSC6	2003370	S	24	47	71	0.00000
Salinivibrio costicola	51367	S	22	43	65	0.00000
Grimontia hollisae	673	S	123	17	140	0.00001
Thaumasiovibrio subtropicus	1891207	S	71	10	81	0.00000
Aliivibrio fischeri	668	S	30	5	35	0.00000
Aliivibrio salmonicida	40269	S	18	7	25	0.00000
Candidatus Enterovibrio luxaltus	1927128	S	17	0	17	0.00000
Paraphotobacterium marinum	1755811	S	15	3	18	0.00000
Acinetobacter sp. WCHAc010034	1879049	S	269	122	391	0.00002
Acinetobacter sp. CS-2	2798861	S	35	20	55	0.00000
Acinetobacter sp. LoGeW2-3	1808001	S	32	5	37	0.00000
Acinetobacter sp. 10FS3-1	2563897	S	29	20	49	0.00000
Acinetobacter sp. Marseille-Q1620	2714110	S	25	2	27	0.00000
Acinetobacter sp. TTH0-4	1646498	S	24	4	28	0.00000
Acinetobacter sp. WCHAc010052	2004647	S	22	13	35	0.00000
Acinetobacter sp. TGL-Y2	1407071	S	21	2	23	0.00000
Acinetobacter sp. ASP199	2773709	S	21	7	28	0.00000
Acinetobacter sp. SCLZS86	2908637	S	15	21	36	0.00000
Acinetobacter sp. NEB149	2725684	S	15	61	76	0.00000
Acinetobacter sp. SH20PTE14	2905879	S	14	35	49	0.00000
Acinetobacter sp. WCHA55	2004646	S	14	15	29	0.00000
Acinetobacter sp. NCu2D-2	1608473	S	12	3	15	0.00000
Acinetobacter sp. WY4	2708348	S	10	14	24	0.00000
Acinetobacter baumannii	470	S	275	1480	1755	0.00009
Acinetobacter pittii	48296	S	45	69	114	0.00001
Acinetobacter calcoaceticus	471	S	41	5	46	0.00000
Acinetobacter nosocomialis	106654	S	28	13	41	0.00000
Acinetobacter seifertii	1530123	S	26	11	37	0.00000
Acinetobacter indicus	756892	S	143	125	268	0.00001
Acinetobacter lwoffii	28090	S	110	155	265	0.00001
Acinetobacter johnsonii	40214	S	99	104	203	0.00001
Acinetobacter radioresistens	40216	S	44	8	52	0.00000
Acinetobacter larvae	1789224	S	44	3	47	0.00000
Acinetobacter bouvetii	202951	S	42	8	50	0.00000
Acinetobacter junii	40215	S	40	17	57	0.00000
Acinetobacter schindleri	108981	S	38	36	74	0.00000
Acinetobacter haemolyticus	29430	S	37	21	58	0.00000
Acinetobacter soli	487316	S	35	3	38	0.00000
Acinetobacter wuhouensis	1879050	S	32	17	49	0.00000
Acinetobacter cumulans	2136182	S	29	13	42	0.00000
Acinetobacter variabilis	70346	S	29	43	72	0.00000
Acinetobacter baylyi	202950	S	28	2	30	0.00000
Acinetobacter lanii	2715163	S	26	3	29	0.00000
Acinetobacter defluvii	1871111	S	23	18	41	0.00000
Acinetobacter shaoyimingii	2715164	S	23	2	25	0.00000
Acinetobacter dispersus	70348	S	23	2	25	0.00000
Acinetobacter tandoii	202954	S	22	2	24	0.00000
Acinetobacter gyllenbergii	134534	S	22	1	23	0.00000
Acinetobacter equi	1324350	S	20	2	22	0.00000
Acinetobacter ursingii	108980	S	19	19	38	0.00000
Acinetobacter piscicola	2006115	S	18	11	29	0.00000
Acinetobacter pseudolwoffii	2053287	S	17	45	62	0.00000
Acinetobacter venetianus	52133	S	17	4	21	0.00000
Acinetobacter towneri	202956	S	16	38	54	0.00000
Acinetobacter wanghuae	2662362	S	16	1	17	0.00000
Acinetobacter chinensis	2004650	S	11	8	19	0.00000
Psychrobacter sp. DAB_AL43B	1028416	S	30	4	34	0.00000
Psychrobacter sp. P11F6	1699621	S	30	23	53	0.00000
Psychrobacter sp. P11G3	1699623	S	20	9	29	0.00000
Psychrobacter sp. 28M-43	2772254	S	19	9	28	0.00000
Psychrobacter sp. G	571800	S	17	74	91	0.00000
Psychrobacter sp. WY6	2708350	S	15	11	26	0.00000
Psychrobacter sp. P11G5	1699624	S	11	23	34	0.00000
Psychrobacter sp. KH172YL61	2517899	S	10	53	63	0.00000
Psychrobacter sp. KCTC 72983	2733866	S	10	24	34	0.00000
Psychrobacter arenosus	256326	S	49	3	52	0.00000
Psychrobacter urativorans	45610	S	35	6	41	0.00000
Psychrobacter arcticus	334543	S	24	8	32	0.00000
Psychrobacter sanguinis	861445	S	17	6	23	0.00000
Psychrobacter cryohalolentis	330922	S	16	72	88	0.00000
Moraxella osloensis	34062	S	143	23	166	0.00001
Moraxella bovoculi	386891	S	44	78	122	0.00001
Moraxella catarrhalis	480	S	41	8	49	0.00000
Moraxella bovis	476	S	36	10	46	0.00000
Moraxella cuniculi	34061	S	35	3	38	0.00000
Moraxella sp. ZY201115	2904121	S	18	2	20	0.00000
Moraxella nonliquefaciens	478	S	13	3	16	0.00000
Aquirhabdus parva	2283318	S	118	5	123	0.00001
Immundisolibacter cernigliae	1810504	S	4041	806	4847	0.00026
Legionella pneumophila	446	S	353	194	547	0.00003
Legionella sp. MW5194	2662448	S	172	35	207	0.00001
Legionella sp. PC997	2755562	S	87	17	104	0.00001
Legionella sp. PC1000	2746060	S	75	14	89	0.00000
Legionella geestiana	45065	S	190	16	206	0.00001
Legionella spiritensis	452	S	152	16	168	0.00001
Legionella antarctica	2708020	S	131	6	137	0.00001
Legionella waltersii	66969	S	123	24	147	0.00001
Legionella fallonii	96230	S	101	8	109	0.00001
Legionella israelensis	454	S	100	5	105	0.00001
Legionella sainthelensi	28087	S	98	17	115	0.00001
Legionella longbeachae	450	S	95	41	136	0.00001
Legionella anisa	28082	S	90	24	114	0.00001
Legionella hackeliae	449	S	89	16	105	0.00001
Legionella oakridgensis	29423	S	83	8	91	0.00000
Legionella lansingensis	45067	S	82	5	87	0.00000
Legionella clemsonensis	1867846	S	78	12	90	0.00000
Legionella cherrii	28084	S	73	4	77	0.00000
Legionella jordanis	456	S	73	9	82	0.00000
Legionella adelaidensis	45056	S	51	4	55	0.00000
Legionella endosymbiont of Polyplax serrata	2005262	S	14	1	15	0.00000
Fluoribacter dumoffii	463	S	68	24	92	0.00000
Tatlockia micdadei	451	S	64	3	67	0.00000
Aquicella siphonis	254247	S	288	55	343	0.00002
Aquicella lusitana	254246	S	232	48	280	0.00002
Coxiella burnetii	777	S	220	77	297	0.00002
Coxiella endosymbiont of Amblyomma sculptum	2487929	S	36	16	52	0.00000
Coxiella endosymbiont of Amblyomma nuttalli	2749996	S	32	5	37	0.00000
Candidatus Coxiella mudrowiae	2054173	S	59	6	65	0.00000
Candidatus Rickettsiella viridis	676208	S	42	15	57	0.00000
Rickettsiella endosymbiont of Dermanyssus gallinae	2856608	S	39	12	51	0.00000
Candidatus Endoriftia persephone	393765	S	1067	58	1125	0.00006
Candidatus Vesicomyosocius okutanii	412965	S	12	23	35	0.00000
Bathymodiolus thermophilus thioautotrophic gill symbiont	2360	S	36	1	37	0.00000
Candidatus Ruthia endofausta	2738852	S	14	5	19	0.00000
Bathymodiolus septemdierum thioautotrophic gill symbiont	113267	S	17	1	18	0.00000
Sedimenticola thiotaurini	1543721	S	737	36	773	0.00004
Candidatus Reidiella endopervernicosa	2738883	S	516	11	527	0.00003
Thiolapillus brandeum	1076588	S	494	13	507	0.00003
Pseudohongiella spirulinae	1249552	S	301	8	309	0.00002
Gallaecimonas mangrovi	2291597	S	195	16	211	0.00001
Candidatus Thioglobus autotrophicus	1705394	S	31	3	34	0.00000
Candidatus Thioglobus sp. NP1	2508687	S	23	6	29	0.00000
Ignatzschineria sp. HR5S32	2923279	S	50	5	55	0.00000
Celerinatantimonas diazotrophica	412034	S	40	3	43	0.00000
endosymbiont of Sipalinus gigas	1972134	S	11	4	15	0.00000
Candidatus Steffania adelgidicola	1076626	S	16	0	16	0.00000
Candidatus Pseudothioglobus singularis	1427364	S	15	7	22	0.00000
Thiomicrorhabdus xiamenensis	2739063	S	129	7	136	0.00001
Thiomicrorhabdus aquaedulcis	2211106	S	78	3	81	0.00000
Thiomicrorhabdus sediminis	2580412	S	51	2	53	0.00000
Thiomicrorhabdus sp. Am19	2791037	S	32	1	33	0.00000
Thiomicrorhabdus indica	2267253	S	26	1	27	0.00000
Methylophaga frappieri	754477	S	105	59	164	0.00001
Methylophaga nitratireducenticrescens	754476	S	99	18	117	0.00001
Methylophaga sp. TMB456	2881052	S	70	26	96	0.00001
Thiomicrospira aerophila	92245	S	73	11	84	0.00000
Thiomicrospira sp. S5	1803865	S	64	58	122	0.00001
Thiomicrospira cyclica	147268	S	47	3	50	0.00000
Thiomicrospira microaerophila	406020	S	40	7	47	0.00000
Hydrogenovibrio thermophilus	265883	S	97	87	184	0.00001
Hydrogenovibrio marinus	28885	S	60	2	62	0.00000
Hydrogenovibrio crunogenus	39765	S	34	1	35	0.00000
Cycloclasticus zancles	1329899	S	15	79	94	0.00001
Piscirickettsia salmonis	1238	S	81	6	87	0.00000
Thiosulfatimonas sediminis	2675054	S	81	5	86	0.00000
Thiosulfativibrio zosterae	2675053	S	47	2	49	0.00000
Thiothrix litoralis	2891210	S	311	22	333	0.00002
Thiothrix sp. CT3	96472	S	201	65	266	0.00001
Thiothrix subterranea	2735563	S	172	46	218	0.00001
Candidatus Thiothrix anitrata	2823902	S	113	64	177	0.00001
Thiothrix unzii	111769	S	109	55	164	0.00001
Beggiatoa leptomitoformis	288004	S	101	2	103	0.00001
Francisella tularensis	263	S	42	105	147	0.00001
Francisella sp. FSC1006	1547445	S	12	0	12	0.00000
Francisella frigiditurris	1542390	S	20	1	21	0.00000
Francisella orientalis	299583	S	16	3	19	0.00000
Francisella philomiragia	28110	S	13	2	15	0.00000
Francisella persica	954	S	11	0	11	0.00000
Francisella uliginis	573570	S	10	0	10	0.00000
Allofrancisella guangzhouensis	594679	S	41	8	49	0.00000
Salinisphaera sp. LB1	2183911	S	2533	111	2644	0.00014
endosymbiont of unidentified scaly snail isolate Monju	1248727	S	2128	194	2322	0.00013
Isorropodon fossajaponicum symbiont	883811	S	14	3	17	0.00000
Abyssogena phaseoliformis symbiont	596095	S	12	3	15	0.00000
endosymbiont of Euscepes postfasciatus	650377	S	10	2	12	0.00000
Haemophilus parainfluenzae	729	S	77	28	105	0.00001
Haemophilus influenzae	727	S	50	100	150	0.00001
Haemophilus pittmaniae	249188	S	36	7	43	0.00000
Haemophilus haemolyticus	726	S	30	12	42	0.00000
Haemophilus parahaemolyticus	735	S	23	4	27	0.00000
[Haemophilus] ducreyi	730	S	21	11	32	0.00000
Aggregatibacter actinomycetemcomitans	714	S	100	87	187	0.00001
Aggregatibacter aphrophilus	732	S	57	21	78	0.00000
Aggregatibacter sp. Marseille-P9115	2866570	S	20	15	35	0.00000
Aggregatibacter sp. 2125159857	2820817	S	12	5	17	0.00000
Actinobacillus sp. GY-402	2774188	S	92	47	139	0.00001
Actinobacillus pleuropneumoniae	715	S	30	68	98	0.00001
Actinobacillus indolicus	51049	S	15	13	28	0.00000
Actinobacillus equuli	718	S	13	2	15	0.00000
Actinobacillus delphinicola	51161	S	12	2	14	0.00000
Actinobacillus lignieresii	720	S	11	4	15	0.00000
Actinobacillus porcitonsillarum	189834	S	11	4	15	0.00000
Mannheimia haemolytica	75985	S	47	14	61	0.00000
Mannheimia varigena	85404	S	46	22	68	0.00000
Mannheimia granulomatis	85402	S	44	7	51	0.00000
Mannheimia sp. USDA-ARS-USMARC-1261	1432056	S	21	13	34	0.00000
Mannheimia ovis	2679994	S	11	19	30	0.00000
Pasteurella multocida	747	S	92	810	902	0.00005
Pasteurella canis	753	S	18	4	22	0.00000
Avibacterium paragallinarum	728	S	43	15	58	0.00000
Avibacterium volantium	762	S	31	13	44	0.00000
Glaesserella parasuis	738	S	47	40	87	0.00000
Glaesserella sp. 15-184	2030797	S	26	7	33	0.00000
Rodentibacter haemolyticus	2778911	S	34	3	37	0.00000
Rodentibacter heylii	1906744	S	32	3	35	0.00000
Histophilus somni	731	S	37	11	48	0.00000
Gallibacterium anatis	750	S	31	9	40	0.00000
Frederiksenia canicola	123824	S	25	6	31	0.00000
Otariodibacter oris	1032623	S	22	3	25	0.00000
Bibersteinia trehalosi	47735	S	21	2	23	0.00000
Bisgaardia hudsonensis	109472	S	18	2	20	0.00000
Cardiobacterium hominis	2718	S	723	157	880	0.00005
Cardiobacterium sp. Marseille-Q4385	2866573	S	555	108	663	0.00004
Suttonella sp. R2A3	2908648	S	88	4	92	0.00001
Dichelobacter nodosus	870	S	59	18	77	0.00000
Kangiella koreensis	261964	S	80	12	92	0.00000
Kangiella sediminilitoris	1144748	S	54	4	58	0.00000
Kangiella profundi	1561924	S	54	12	66	0.00000
Kangiella geojedonensis	914150	S	42	3	45	0.00000
Gilliamella sp. ESL0443	2704655	S	22	7	29	0.00000
Gilliamella sp. ESL0405	2704653	S	11	2	13	0.00000
Gilliamella apicola	1196095	S	24	6	30	0.00000
Frischella perrara	1267021	S	22	6	28	0.00000
Zophobihabitans entericus	1635327	S	18	1	19	0.00000
Archangium violaceum	83451	S	31955	5392	37347	0.00202
Archangium gephyra	48	S	18089	3577	21666	0.00117
Cystobacter fuscus	43	S	18961	4256	23217	0.00125
Stigmatella aurantiaca	41	S	10937	792	11729	0.00063
Melittangium boletus	83453	S	7861	1617	9478	0.00051
Myxococcus xanthus	34	S	12054	56203	68257	0.00368
Myxococcus hansupus	1297742	S	5718	427	6145	0.00033
Myxococcus stipitatus	83455	S	5077	486	5563	0.00030
Myxococcus sp. SCHIC003	2813577	S	4386	423	4809	0.00026
Corallococcus coralloides	184914	S	10743	4387	15130	0.00082
Corallococcus macrosporus	35	S	6945	1078	8023	0.00043
Corallococcus sp. EGB	1521117	S	6008	2352	8360	0.00045
Pyxidicoccus sp. SCPEA002	2813578	S	15026	653	15679	0.00085
Anaeromyxobacter sp. Red232	2918170	S	15723	1791	17514	0.00095
Anaeromyxobacter sp. Fw109-5	404589	S	13527	1865	15392	0.00083
Anaeromyxobacter sp. Red630	2918171	S	11932	1634	13566	0.00073
Anaeromyxobacter sp. K	447217	S	3066	6740	9806	0.00053
Anaeromyxobacter dehalogenans	161493	S	9750	7535	17285	0.00093
Vulgatibacter incomptus	1391653	S	8323	651	8974	0.00048
Sorangium cellulosum	56	S	101638	13135	114773	0.00619
Polyangium aurulentum	2567896	S	24088	2396	26484	0.00143
Chondromyces crocatus	52	S	11689	561	12250	0.00066
Pajaroellobacter abortibovis	1882918	S	232	7	239	0.00001
Sandaracinus amylolyticus	927083	S	41568	2346	43914	0.00237
Labilithrix luteola	1391654	S	16020	770	16790	0.00091
Haliangium ochraceum	80816	S	18967	1024	19991	0.00108
Geomonas sp. RF6	2897342	S	3045	400	3445	0.00019
Geomonas nitrogeniifigens	2847991	S	2304	1243	3547	0.00019
Geomonas paludis	2740185	S	2284	1200	3484	0.00019
Geomonas subterranea	2847989	S	1888	918	2806	0.00015
Geomonas oryzisoli	2847992	S	1789	1024	2813	0.00015
Geobacter sp. FeAm09	2597769	S	2061	275	2336	0.00013
Geobacter sp. SVR	2495594	S	1512	233	1745	0.00009
Geobacter sp. DSM 9736	1277350	S	848	64	912	0.00005
Geobacter sulfurreducens	35554	S	2387	552	2939	0.00016
Geobacter pickeringii	345632	S	2116	589	2705	0.00015
Geobacter metallireducens	28232	S	1378	359	1737	0.00009
Geobacter benzoatilyticus	2815309	S	893	218	1111	0.00006
Citrifermentans bremense	60035	S	1920	785	2705	0.00015
Citrifermentans bemidjiense	225194	S	1702	638	2340	0.00013
Geotalea uraniireducens	351604	S	1187	93	1280	0.00007
Geotalea daltonii	1203471	S	636	53	689	0.00004
Geoalkalibacter subterraneus	483547	S	978	863	1841	0.00010
Trichlorobacter lovleyi	313985	S	607	87	694	0.00004
Desulfuromonas versatilis	2802975	S	3801	720	4521	0.00024
Desulfuromonas sp. DDH964	1823759	S	2797	539	3336	0.00018
Desulfuromonas sp. AOP6	1566351	S	892	107	999	0.00005
Desulfuromonas soudanensis	1603606	S	2335	281	2616	0.00014
Pelobacter propionicus	29543	S	1568	584	2152	0.00012
Syntrophotalea acetylenica	29542	S	755	155	910	0.00005
Syntrophotalea carbinolica	19	S	593	48	641	0.00003
Syntrophotalea acetylenivorans	1842532	S	508	78	586	0.00003
Pseudodesulfovibrio mercurii	641491	S	1611	396	2007	0.00011
Pseudodesulfovibrio indicus	1716143	S	1584	351	1935	0.00010
Pseudodesulfovibrio aespoeensis	182210	S	1330	949	2279	0.00012
Pseudodesulfovibrio cashew	2678688	S	970	195	1165	0.00006
Pseudodesulfovibrio sp. SF6	2810563	S	506	54	560	0.00003
Pseudodesulfovibrio sp. zrk46	2725288	S	402	72	474	0.00003
Pseudodesulfovibrio tunisiensis	463192	S	825	83	908	0.00005
Pseudodesulfovibrio profundus	57320	S	339	340	679	0.00004
Pseudodesulfovibrio piezophilus	879567	S	149	20	169	0.00001
Desulfovibrio sp. IOR2	2583823	S	1101	209	1310	0.00007
Desulfovibrio sp. 86	2666132	S	397	114	511	0.00003
Desulfovibrio sp. G11	631220	S	310	236	546	0.00003
Desulfovibrio vulgaris	881	S	1462	69	1531	0.00008
Desulfovibrio sulfodismutans	63561	S	1277	324	1601	0.00009
Desulfovibrio desulfuricans	876	S	1053	238	1291	0.00007
Desulfovibrio piger	901	S	915	179	1094	0.00006
Desulfovibrio fairfieldensis	44742	S	765	67	832	0.00004
Desulfovibrio ferrophilus	241368	S	492	41	533	0.00003
Candidatus Desulfovibrio trichonymphae	1725232	S	192	15	207	0.00001
Solidesulfovibrio carbinoliphilus	345370	S	2251	283	2534	0.00014
Solidesulfovibrio magneticus	184917	S	951	596	1547	0.00008
Solidesulfovibrio carbinolicus	296842	S	896	751	1647	0.00009
Oceanidesulfovibrio marinus	370038	S	2321	145	2466	0.00013
Desulfocurvibacter africanus	873	S	1770	132	1902	0.00010
Desulfolutivibrio sulfoxidireducens	2773299	S	1572	431	2003	0.00011
Megalodesulfovibrio gigas	879	S	1238	61	1299	0.00007
Oleidesulfovibrio alaskensis	58180	S	432	596	1028	0.00006
Maridesulfovibrio salexigens	880	S	153	15	168	0.00001
Maridesulfovibrio hydrothermalis	191026	S	108	11	119	0.00001
Paradesulfovibrio bizertensis	376490	S	214	21	235	0.00001
Lawsonia intracellularis	29546	S	42	0	42	0.00000
Desulfomicrobium baculatum	899	S	1156	91	1247	0.00007
Desulfomicrobium orale	132132	S	648	168	816	0.00004
Desulfohalobium retbaense	45663	S	518	25	543	0.00003
Desulfosarcina ovata	83564	S	1357	69	1426	0.00008
Desulfosarcina alkanivorans	571177	S	1290	556	1846	0.00010
Desulfosarcina widdelii	947919	S	1165	136	1301	0.00007
Desulfococcus multivorans	897	S	990	199	1189	0.00006
Desulfatibacillum aliphaticivorans	218208	S	827	31	858	0.00005
Desulfoluna sp. ASN36	2810562	S	703	41	744	0.00004
Desulfonema magnum	45655	S	301	9	310	0.00002
Desulfonema limicola	45656	S	78	6	84	0.00000
Desulfobacter postgatei	2293	S	184	39	223	0.00001
Desulfobacter hydrogenophilus	2291	S	141	32	173	0.00001
Desulforapulum autotrophicum	2296	S	273	37	310	0.00002
Desulfobacula toluolica	28223	S	65	6	71	0.00000
Desulfobulbus propionicus	894	S	1214	75	1289	0.00007
Desulfobulbus oralis	1986146	S	823	181	1004	0.00005
Desulfobulbus oligotrophicus	1909699	S	247	212	459	0.00002
Desulfurivibrio alkaliphilus	427923	S	888	45	933	0.00005
Desulfomarina profundi	2772557	S	113	11	124	0.00001
Desulfosudis oleivorans	181663	S	921	62	983	0.00005
Desulfosediminicola ganghwensis	2569540	S	221	28	249	0.00001
Desulfosediminicola flagellatus	2569541	S	118	14	132	0.00001
Desulfotalea psychrophila	84980	S	117	22	139	0.00001
Desulfocapsa sulfexigens	65555	S	84	5	89	0.00000
Persicimonas caeni	2292766	S	6323	215	6538	0.00035
Bradymonas sediminis	1548548	S	2114	168	2282	0.00012
Bradymonadales bacterium V1718	2600177	S	828	42	870	0.00005
Syntrophobacter fumaroxidans	119484	S	1571	644	2215	0.00012
Desulfoglaeba alkanexedens	361111	S	1402	69	1471	0.00008
Desulfarculus baarsii	453230	S	2578	1494	4072	0.00022
Desulfomonile tiedjei	2358	S	562	6	568	0.00003
Desulfobacca acetoxidans	60893	S	493	13	506	0.00003
Syntrophus aciditrophicus	316277	S	395	25	420	0.00002
Dissulfurimicrobium hydrothermale	1750598	S	251	15	266	0.00001
Candidatus Desulfofervidus auxilii	1621989	S	153	3	156	0.00001
Hippea maritima	84405	S	46	2	48	0.00000
Campylobacter showae	204	S	184	29	213	0.00001
Campylobacter gracilis	824	S	166	13	179	0.00001
Campylobacter curvus	200	S	138	15	153	0.00001
Campylobacter concisus	199	S	115	18	133	0.00001
Campylobacter sp. 19-13652	2840180	S	36	4	40	0.00000
Campylobacter sp. CCUG 57310	2517362	S	21	8	29	0.00000
Campylobacter sp. RM6914	1032243	S	10	1	11	0.00000
Campylobacter rectus	203	S	93	19	112	0.00001
Campylobacter fetus	196	S	23	9	32	0.00000
Campylobacter coli	195	S	20	34	54	0.00000
Candidatus Campylobacter infans	2561898	S	20	2	22	0.00000
Campylobacter mucosalis	202	S	15	1	16	0.00000
Campylobacter cuniculorum	374106	S	15	1	16	0.00000
Campylobacter jejuni	197	S	13	115	128	0.00001
Campylobacter pinnipediorum	1965231	S	13	1	14	0.00000
Campylobacter hominis	76517	S	13	5	18	0.00000
Campylobacter ureolyticus	827	S	12	4	16	0.00000
Campylobacter geochelonis	1780362	S	12	1	13	0.00000
Campylobacter lari	201	S	10	11	21	0.00000
Campylobacter avium	522485	S	10	1	11	0.00000
Campylobacter sputorum	206	S	10	1	11	0.00000
Campylobacter lanienae	75658	S	10	4	14	0.00000
Sulfurimonas sp. HSL-3221	2894755	S	625	53	678	0.00004
Sulfurimonas sp. SWIR-19	2878390	S	39	33	72	0.00000
Sulfurimonas sp. B2	2590551	S	16	2	18	0.00000
Sulfurimonas paralvinellae	317658	S	28	4	32	0.00000
Sulfurimonas lithotrophica	2590022	S	14	1	15	0.00000
Sulfurimonas hydrogeniphila	2509341	S	13	3	16	0.00000
Sulfurimonas autotrophica	202747	S	12	1	13	0.00000
Sulfurimonas gotlandica	1176482	S	11	1	12	0.00000
Sulfuricurvum kujiense	148813	S	69	5	74	0.00000
Helicobacter pylori	210	S	224	128	352	0.00002
Helicobacter sp. NHP19-0003	2849641	S	41	11	52	0.00000
Helicobacter sp. NHP19-0012	2849642	S	32	16	48	0.00000
Helicobacter heilmannii	35817	S	34	20	54	0.00000
Helicobacter bizzozeronii	56877	S	29	4	33	0.00000
Helicobacter canis	29419	S	28	10	38	0.00000
Helicobacter himalayensis	1591088	S	28	4	32	0.00000
Helicobacter felis	214	S	20	4	24	0.00000
Helicobacter suis	104628	S	19	9	28	0.00000
Helicobacter hepaticus	32025	S	17	20	37	0.00000
Helicobacter mustelae	217	S	16	4	20	0.00000
Helicobacter cinaedi	213	S	15	6	21	0.00000
Helicobacter typhlonius	76936	S	13	16	29	0.00000
Helicobacter enhydrae	222136	S	11	2	13	0.00000
Helicobacter canadensis	123841	S	11	4	15	0.00000
Helicobacter bilis	37372	S	10	7	17	0.00000
Wolinella succinogenes	844	S	48	16	64	0.00000
Nitratifractor salsuginis	269261	S	385	29	414	0.00002
Sulfurovum sp. HSL1-3	2893889	S	46	15	61	0.00000
Sulfurovum sp. NBC37-1	387093	S	41	30	71	0.00000
Sulfurovum sp. XGS-02	2925411	S	28	4	32	0.00000
Sulfurovum indicum	2779528	S	53	7	60	0.00000
Sulfurovum lithotrophicum	206403	S	30	25	55	0.00000
Hydrogenimonas urashimensis	2740515	S	383	41	424	0.00002
Sulfurospirillum cavolei	366522	S	76	7	83	0.00000
Sulfurospirillum sp. UCH001	1581011	S	16	48	64	0.00000
Sulfurospirillum halorespirans	194424	S	25	13	38	0.00000
Sulfurospirillum deleyianum	65553	S	20	2	22	0.00000
Sulfurospirillum multivorans	66821	S	19	11	30	0.00000
Sulfurospirillum barnesii	44674	S	11	0	11	0.00000
Arcobacter sp. FWKO B	2593672	S	12	7	19	0.00000
Aliarcobacter cryaerophilus	28198	S	10	25	35	0.00000
Pseudoarcobacter acticola	1849015	S	13	27	40	0.00000
Nitratiruptor sp. YY09-18	2724901	S	40	56	96	0.00001
Nitratiruptor sp. SB155-2	387092	S	18	39	57	0.00000
Nitrosophilus alvini	2714855	S	76	25	101	0.00001
Nitrosophilus labii	2706014	S	22	14	36	0.00000
Caminibacter pacificus	1424653	S	29	23	52	0.00000
Caminibacter mediatlanticus	291048	S	28	25	53	0.00000
Nautilia profundicola	244787	S	17	9	26	0.00000
Nautilia sp. PV-1	2579250	S	17	8	25	0.00000
Acidithiobacillus caldus	33059	S	805	108	913	0.00005
Acidithiobacillus ferrivorans	160808	S	485	95	580	0.00003
Acidithiobacillus ferrooxidans	920	S	339	327	666	0.00004
Acidithiobacillus ferriphilus	1689834	S	194	39	233	0.00001
Acidithiobacillus thiooxidans	930	S	185	10	195	0.00001
Acidithiobacillus ferridurans	1232575	S	25	211	236	0.00001
Acidithiobacillus sp. 'AMD consortium'	2614801	S	13	172	185	0.00001
Bdellovibrio bacteriovorus	959	S	551	71	622	0.00003
Bdellovibrio sp. LBG001	2835041	S	91	10	101	0.00001
Bdellovibrio sp. NC01	2220073	S	87	9	96	0.00001
Bdellovibrio sp. ZAP7	2231053	S	81	33	114	0.00001
Bdellovibrio sp. KM01	2748865	S	58	25	83	0.00000
Pseudobdellovibrio exovorus	453816	S	79	4	83	0.00000
Bacteriovorax stolpii	960	S	100	33	133	0.00001
Halobacteriovorax marinus	97084	S	44	28	72	0.00000
Halobacteriovorax sp. BALOs_7	2109558	S	23	8	31	0.00000
Fluviispira sanaruensis	2493639	S	45	12	57	0.00000
Silvanigrella aquatica	1915309	S	36	10	46	0.00000
Hydrogenophilus thermoluteolus	297	S	1007	198	1205	0.00007
Mariprofundus ferrinatatus	1921087	S	270	22	292	0.00002
Mariprofundus aestuarium	1921086	S	200	19	219	0.00001
Streptomyces sp. P3	2135430	S	11627	3012	14639	0.00079
Streptomyces sp. MG28	2865673	S	8881	3211	12092	0.00065
Streptomyces sp. SCSIO 64649	2878388	S	8440	1588	10028	0.00054
Streptomyces sp. AMCC400023	2056258	S	8397	3459	11856	0.00064
Streptomyces sp. WAC 01438	2203204	S	7756	2699	10455	0.00056
Streptomyces sp. SN-593	659352	S	7544	1859	9403	0.00051
Streptomyces sp. CB01881	2078691	S	7337	1472	8809	0.00048
Streptomyces sp. So13.3	2136173	S	7020	1367	8387	0.00045
Streptomyces sp. ZYC-3	2797636	S	6682	1369	8051	0.00043
Streptomyces sp. NHF165	2175864	S	6652	1199	7851	0.00042
Streptomyces sp. CdTB01	1725411	S	6488	1913	8401	0.00045
Streptomyces sp. MA3_2.13	2867410	S	6485	869	7354	0.00040
Streptomyces sp. A2-16	2781734	S	6048	1936	7984	0.00043
Streptomyces sp. SYP-A7193	2662065	S	6035	3532	9567	0.00052
Streptomyces sp. ST1015	1848900	S	5857	1269	7126	0.00038
Streptomyces sp. GQFP	2907545	S	5821	1032	6853	0.00037
Streptomyces sp. BH-MK-02	2880933	S	5538	1235	6773	0.00037
Streptomyces sp. SirexAA-E	862751	S	5526	1682	7208	0.00039
Streptomyces sp. SCUT-3	2684469	S	5518	2252	7770	0.00042
Streptomyces sp. 3025	2923272	S	5476	1008	6484	0.00035
Streptomyces sp. CMB-StM0423	2059884	S	5349	2474	7823	0.00042
Streptomyces sp. Z423-1	2730915	S	5269	1581	6850	0.00037
Streptomyces sp. NA02950	2742137	S	5244	1079	6323	0.00034
Streptomyces sp. LRE541	2931983	S	5217	1228	6445	0.00035
Streptomyces sp. HM190	2695266	S	5195	1697	6892	0.00037
Streptomyces sp. 3214.6	1882757	S	5167	1558	6725	0.00036
Streptomyces sp. SM18	1736046	S	5078	1437	6515	0.00035
Streptomyces sp. BJ20	2930049	S	5016	2086	7102	0.00038
Streptomyces sp. 891-h	2720714	S	4977	941	5918	0.00032
Streptomyces sp. RTd22	1841249	S	4635	1903	6538	0.00035
Streptomyces sp. Rer75	2750011	S	4600	2078	6678	0.00036
Streptomyces sp. GMY02	1333528	S	4439	814	5253	0.00028
Streptomyces sp. YIM 121038	2136401	S	4389	1327	5716	0.00031
Streptomyces sp. MBT27	1488356	S	4304	1301	5605	0.00030
Streptomyces sp. MST-110588	2833628	S	4280	1080	5360	0.00029
Streptomyces sp. C8S0	2585716	S	4270	1260	5530	0.00030
Streptomyces sp. TN58	234612	S	4260	1933	6193	0.00033
Streptomyces sp. NA04227	2742136	S	4246	1013	5259	0.00028
Streptomyces sp. W1SF4	2305220	S	4216	1533	5749	0.00031
Streptomyces sp. SAT1	1849967	S	4061	1551	5612	0.00030
Streptomyces sp. NEAU-sy36	2751189	S	4014	1534	5548	0.00030
Streptomyces sp. QHH-9511	2684468	S	3954	1121	5075	0.00027
Streptomyces sp. GS7	2692234	S	3920	1087	5007	0.00027
Streptomyces sp. RPA4-2	2721244	S	3878	1165	5043	0.00027
Streptomyces sp. DSM 40868	2721173	S	3868	1441	5309	0.00029
Streptomyces sp. Go-475	2072505	S	3786	1772	5558	0.00030
Streptomyces sp. JB150	2714844	S	3745	1292	5037	0.00027
Streptomyces sp. MG62	2838015	S	3722	1418	5140	0.00028
Streptomyces sp. Tu 2975	2676871	S	3618	1172	4790	0.00026
Streptomyces sp. BHT-5-2	2866715	S	3525	1126	4651	0.00025
Streptomyces sp. Go 40/10	2825844	S	3465	1549	5014	0.00027
Streptomyces sp. 135	2838850	S	3391	1125	4516	0.00024
Streptomyces sp. HP-A2021	2927875	S	3373	1872	5245	0.00028
Streptomyces sp. HSG2	2797167	S	3364	758	4122	0.00022
Streptomyces sp. fd1-xmd	1812480	S	3237	1409	4646	0.00025
Streptomyces sp. INR7	2607753	S	2966	1485	4451	0.00024
Streptomyces sp. CB09001	2083284	S	2949	1903	4852	0.00026
Streptomyces sp. WAC 01529	2203205	S	2877	1033	3910	0.00021
Streptomyces sp. S4.7	2705439	S	2874	966	3840	0.00021
Streptomyces sp. WAC 06738	2203210	S	2802	2625	5427	0.00029
Streptomyces sp. WY228	2855836	S	2730	1439	4169	0.00022
Streptomyces sp. jing01	2726118	S	2636	1471	4107	0.00022
Streptomyces sp. CNQ-509	444103	S	2603	2392	4995	0.00027
Streptomyces sp. CCM_MD2014	1561022	S	2599	2241	4840	0.00026
Streptomyces sp. S1D4-11	2721246	S	2419	1703	4122	0.00022
Streptomyces sp. YPW6	2840373	S	2174	1107	3281	0.00018
Streptomyces sp. SUK 48	2582831	S	2058	1254	3312	0.00018
Streptomyces sp. Mg1	465541	S	2040	1831	3871	0.00021
Streptomyces sp. ADI95-16	1522758	S	2014	1698	3712	0.00020
Streptomyces sp. RPA4-5	2721245	S	1964	1235	3199	0.00017
Streptomyces sp. AgN23	1188315	S	1718	1481	3199	0.00017
Streptomyces sp. HF10	2692233	S	1704	1165	2869	0.00015
Streptomyces sp. S063	2005885	S	1662	1120	2782	0.00015
Streptomyces sp. 769	1262452	S	1661	1218	2879	0.00016
Streptomyces sp. 2323.1	1938841	S	1570	936	2506	0.00014
Streptomyces sp. S8	1837283	S	1453	1222	2675	0.00014
Streptomyces sp. 3211	1964449	S	1336	1665	3001	0.00016
Streptomyces sp. ID38640	1265399	S	1245	862	2107	0.00011
Streptomyces sp. NEAU-S7GS2	2202000	S	1245	993	2238	0.00012
Streptomyces sp. PAMC 26508	1265601	S	1232	4488	5720	0.00031
Streptomyces sp. NA02536	2742133	S	1161	2985	4146	0.00022
Streptomyces sp. XC 2026	2782004	S	1129	955	2084	0.00011
Streptomyces sp. WA6-1-16	2879427	S	1129	1112	2241	0.00012
Streptomyces sp. EAS-AB2608	2779671	S	1127	1757	2884	0.00016
Streptomyces sp. RLB1-33	2721243	S	1104	3159	4263	0.00023
Streptomyces sp. Sge12	1972846	S	1076	1649	2725	0.00015
Streptomyces sp. PBH53	1577075	S	1049	1529	2578	0.00014
Streptomyces sp. HNA39	2850561	S	1027	1143	2170	0.00012
Streptomyces sp. S501	2420135	S	996	3920	4916	0.00027
Streptomyces sp. Tue 6075	1661694	S	974	1082	2056	0.00011
Streptomyces sp. MOE7	1961713	S	971	1131	2102	0.00011
Streptomyces sp. CB00271	2750025	S	892	1178	2070	0.00011
Streptomyces sp. 11-1-2	1851167	S	871	1586	2457	0.00013
Streptomyces sp. WAC00303	2933779	S	854	1194	2048	0.00011
Streptomyces sp. CFMR 7	1649184	S	807	1355	2162	0.00012
Streptomyces sp. LBUM 1480	2609808	S	786	7805	8591	0.00046
Streptomyces sp. CLI2509	1984801	S	674	2350	3024	0.00016
Streptomyces sp. M56	1495638	S	646	1678	2324	0.00013
Streptomyces sp. CB04723	2748873	S	632	1096	1728	0.00009
Streptomyces sp. A144	2871487	S	619	2836	3455	0.00019
Streptomyces sp. Tu6071	355249	S	560	1743	2303	0.00012
Streptomyces sp. M2	646637	S	532	2911	3443	0.00019
Streptomyces sp. R527F	1664033	S	519	2901	3420	0.00018
Streptomyces sp. SS52	2563602	S	519	2495	3014	0.00016
Streptomyces sp. VN1	1821625	S	515	2133	2648	0.00014
Streptomyces sp. SGAir0924	2109593	S	510	2540	3050	0.00016
Streptomyces sp. CRSS-Y-16	2906474	S	503	2913	3416	0.00018
Streptomyces sp. HU2014	2939414	S	487	1633	2120	0.00011
Streptomyces sp. CB09030	2913412	S	474	1551	2025	0.00011
Streptomyces sp. V17-9	2831149	S	460	2183	2643	0.00014
Streptomyces sp. BSE6.1	2605730	S	449	2042	2491	0.00013
Streptomyces sp. NA03103	2742134	S	425	2759	3184	0.00017
Streptomyces sp. 2114.2	1881022	S	380	2309	2689	0.00015
Streptomyces sp. endophyte_N2	2153485	S	376	1063	1439	0.00008
Streptomyces sp. WA1-19	2884220	S	372	1939	2311	0.00012
Streptomyces sp. WAC00288	2094021	S	355	1444	1799	0.00010
Streptomyces sp. KPB2	2305221	S	315	2587	2902	0.00016
Streptomyces sp. S1A1-7	2594459	S	310	3023	3333	0.00018
Streptomyces sp. A1-5	2738410	S	306	1399	1705	0.00009
Streptomyces sp. GF20	2692235	S	269	1483	1752	0.00009
Streptomyces sp. CA-256286	2801033	S	261	1595	1856	0.00010
Streptomyces sp. LBUM 1482	2609809	S	255	6555	6810	0.00037
Streptomyces sp. CC0208	2306165	S	208	5528	5736	0.00031
Streptomyces sp. FR-008	206662	S	204	1637	1841	0.00010
Streptomyces sp. NBU3104	2911367	S	197	1270	1467	0.00008
Streptomyces sp. 604F	1476754	S	192	1738	1930	0.00010
Streptomyces sp. RLB3-17	2594455	S	178	2893	3071	0.00017
Streptomyces sp. LBUM 1475	2609807	S	152	4583	4735	0.00026
Streptomyces sp. GBA 94-10	1218177	S	149	1907	2056	0.00011
Streptomyces sp. OUCMDZ-3434	1535304	S	143	1501	1644	0.00009
Streptomyces sp. RLB3-6	2594457	S	142	4639	4781	0.00026
Streptomyces sp. PVA_94-07	1225337	S	134	1982	2116	0.00011
Streptomyces sp. PLM4	2929798	S	132	1070	1202	0.00006
Streptomyces sp. S1D4-20	2594462	S	123	3480	3603	0.00019
Streptomyces sp. A10(2020)	2782013	S	93	1065	1158	0.00006
Streptomyces sp. S1D4-23	2594463	S	72	4011	4083	0.00022
Streptomyces sp. RLB1-9	2594454	S	64	3671	3735	0.00020
Streptomyces sp. S1D4-14	2594461	S	58	3941	3999	0.00022
Streptomyces sp. SM17	565560	S	34	1372	1406	0.00008
Streptomyces sp. ICC1	2099583	S	32	1938	1970	0.00011
Streptomyces sp. ICC4	2099584	S	32	2243	2275	0.00012
Streptomyces sp. HNM0561	2903099	S	10	1959	1969	0.00011
Streptomyces venezuelae	54571	S	23945	8991	32936	0.00178
Streptomyces cadmiisoli	2184053	S	5042	1193	6235	0.00034
Streptomyces qaidamensis	1783515	S	4998	1978	6976	0.00038
Streptomyces aurantiacus	47760	S	4340	986	5326	0.00029
Streptomyces alboniger	132473	S	2676	941	3617	0.00020
Streptomyces koyangensis	188770	S	1926	1831	3757	0.00020
Streptomyces hygroscopicus	1912	S	7105	9510	16615	0.00090
Streptomyces rapamycinicus	1226757	S	5200	1155	6355	0.00034
Streptomyces violaceusniger	68280	S	1875	1163	3038	0.00016
Streptomyces yatensis	155177	S	1663	1138	2801	0.00015
Streptomyces malaysiensis	92644	S	427	1221	1648	0.00009
Streptomyces pristinaespiralis	38300	S	15732	5735	21467	0.00116
Streptomyces bathyalis	2710756	S	13480	2125	15605	0.00084
Streptomyces pratensis	1169025	S	12041	2779	14820	0.00080
Streptomyces phaeolivaceus	2653200	S	11145	2907	14052	0.00076
Streptomyces griseus	1911	S	3962	3329	7291	0.00039
Streptomyces sp. M54	2759525	S	384	937	1321	0.00007
Streptomyces anulatus	1892	S	3123	3083	6206	0.00033
Streptomyces microflavus	1919	S	1559	6499	8058	0.00043
Streptomyces globisporus	1908	S	1349	9230	10579	0.00057
Streptomyces chartreusis	1969	S	10605	4274	14879	0.00080
Streptomyces albus	1888	S	9454	4490	13944	0.00075
Streptomyces capitiformicae	2014920	S	8269	1229	9498	0.00051
Streptomyces nigra	1827580	S	8200	3031	11231	0.00061
Streptomyces formicae	1616117	S	7896	2372	10268	0.00055
Streptomyces lydicus	47763	S	7848	5021	12869	0.00069
Streptomyces armeniacus	83291	S	7465	1016	8481	0.00046
Streptomyces pactum	68249	S	7350	2795	10145	0.00055
Streptomyces griseorubiginosus	67304	S	7238	2248	9486	0.00051
Streptomyces durmitorensis	319947	S	6738	1376	8114	0.00044
Streptomyces tsukubensis	83656	S	6730	1960	8690	0.00047
Streptomyces buecherae	2763006	S	6729	1617	8346	0.00045
Streptomyces galilaeus	33899	S	6561	2080	8641	0.00047
Streptomyces bingchenggensis	379067	S	6512	1178	7690	0.00041
Streptomyces niveus	193462	S	6480	2780	9260	0.00050
Streptomyces calvus	67282	S	6458	2364	8822	0.00048
Streptomyces spectabilis	68270	S	6055	1865	7920	0.00043
Streptomyces deccanensis	424188	S	6021	2358	8379	0.00045
Streptomyces lunaelactis	1535768	S	5984	1184	7168	0.00039
Streptomyces seoulensis	73044	S	5852	2114	7966	0.00043
Streptomyces cattleya	29303	S	5840	1605	7445	0.00040
Streptomyces cyaneochromogenes	2496836	S	5791	1603	7394	0.00040
Streptomyces lincolnensis	1915	S	5736	1566	7302	0.00039
Streptomyces ambofaciens	1889	S	5730	3241	8971	0.00048
Streptomyces aquilus	2548456	S	5725	1599	7324	0.00040
Streptomyces roseirectus	2768066	S	5466	1257	6723	0.00036
Streptomyces ferrugineus	1413221	S	5207	1577	6784	0.00037
Streptomyces rimosus	1927	S	5095	15803	20898	0.00113
Streptomyces asoensis	249586	S	5080	1425	6505	0.00035
Streptomyces xanthii	2768069	S	5059	1444	6503	0.00035
Streptomyces viridosporus	67581	S	5048	1920	6968	0.00038
Streptomyces prasinus	67345	S	4987	1530	6517	0.00035
Streptomyces davaonensis	348043	S	4933	1303	6236	0.00034
Streptomyces xinghaiensis	1038928	S	4904	1406	6310	0.00034
Streptomyces genisteinicus	2768068	S	4796	1426	6222	0.00034
Streptomyces vietnamensis	362257	S	4576	1446	6022	0.00032
Streptomyces griseoviridis	45398	S	4534	1383	5917	0.00032
Streptomyces dengpaensis	2049881	S	4484	1176	5660	0.00031
Streptomyces paludis	2282738	S	4458	921	5379	0.00029
Streptomyces liangshanensis	2717324	S	4415	1055	5470	0.00030
Streptomyces albulus	68570	S	4406	1263	5669	0.00031
Streptomyces globosus	68209	S	4357	1505	5862	0.00032
Streptomyces alboflavus	67267	S	4324	1134	5458	0.00029
Streptomyces avermitilis	33903	S	4307	1167	5474	0.00030
Streptomyces clavuligerus	1901	S	4299	983	5282	0.00029
Streptomyces actuosus	1885	S	4298	1715	6013	0.00032
Streptomyces rectiverticillatus	173860	S	4295	1303	5598	0.00030
Streptomyces aureoverticillatus	66871	S	4233	1080	5313	0.00029
Streptomyces olivoreticuli	68246	S	4219	1128	5347	0.00029
Streptomyces tendae	1932	S	4216	1641	5857	0.00032
Streptomyces peucetius	1950	S	4213	1088	5301	0.00029
Streptomyces atratus	1893	S	4202	806	5008	0.00027
Streptomyces luteoverticillatus	66425	S	4196	1315	5511	0.00030
Streptomyces griseocarneus	51201	S	4175	1381	5556	0.00030
Streptomyces antibioticus	1890	S	4138	1390	5528	0.00030
Streptomyces griseochromogenes	68214	S	4135	1083	5218	0.00028
Streptomyces parvulus	146923	S	4122	1716	5838	0.00032
Streptomyces exfoliatus	1905	S	4043	1307	5350	0.00029
Streptomyces harbinensis	1176198	S	4023	1038	5061	0.00027
Streptomyces ficellus	1977088	S	3984	1347	5331	0.00029
Streptomyces nitrosporeus	28894	S	3921	1047	4968	0.00027
Streptomyces finlayi	67296	S	3739	806	4545	0.00025
Streptomyces lavendulae	1914	S	3711	1217	4928	0.00027
Streptomyces subrutilus	36818	S	3692	1292	4984	0.00027
Streptomyces nodosus	40318	S	3682	886	4568	0.00025
Streptomyces broussonetiae	2686304	S	3681	1048	4729	0.00026
Streptomyces katrae	68223	S	3654	1293	4947	0.00027
Streptomyces glaucescens	1907	S	3629	1475	5104	0.00028
Streptomyces vinaceus	1960	S	3622	1225	4847	0.00026
Streptomyces collinus	42684	S	3518	2364	5882	0.00032
Streptomyces hawaiiensis	67305	S	3510	1443	4953	0.00027
Streptomyces roseochromogenus	285450	S	3443	1018	4461	0.00024
Streptomyces hundungensis	1077946	S	3432	1013	4445	0.00024
Streptomyces chromofuscus	42881	S	3428	1243	4671	0.00025
Streptomyces tirandamycinicus	2174846	S	3304	1036	4340	0.00023
Streptomyces coeruleorubidus	116188	S	3280	1477	4757	0.00026
Streptomyces gilvosporeus	553510	S	3257	978	4235	0.00023
Streptomyces fodineus	1904616	S	3226	1074	4300	0.00023
Streptomyces kanamyceticus	1967	S	3161	1008	4169	0.00022
Streptomyces inhibens	2293571	S	3135	894	4029	0.00022
Streptomyces gardneri	66892	S	3129	1194	4323	0.00023
Streptomyces tuirus	68278	S	3090	1469	4559	0.00025
Streptomyces dangxiongensis	1442032	S	3082	1005	4087	0.00022
Streptomyces incarnatus	665007	S	3075	847	3922	0.00021
Streptomyces spongiicola	1690221	S	3023	1178	4201	0.00023
Streptomyces qinzhouensis	2599401	S	2944	665	3609	0.00019
Streptomyces rutgersensis	53451	S	2931	1347	4278	0.00023
Streptomyces gobiensis	2875706	S	2921	522	3443	0.00019
Streptomyces mobaraensis	35621	S	2895	107127	110022	0.00594
Streptomyces angustmyceticus	285578	S	2829	1083	3912	0.00021
Streptomyces cyanogenus	80860	S	2802	1166	3968	0.00021
Streptomyces pluripotens	1355015	S	2781	603	3384	0.00018
Streptomyces fagopyri	2662397	S	2757	888	3645	0.00020
Streptomyces nojiriensis	66374	S	2754	1112	3866	0.00021
Streptomyces huasconensis	1854574	S	2733	1006	3739	0.00020
Streptomyces leeuwenhoekii	1437453	S	2088	1368	3456	0.00019
Streptomyces lydicamycinicus	1546107	S	1982	1119	3101	0.00017
Streptomyces cyaneogriseus	68192	S	1859	1354	3213	0.00017
Streptomyces platensis	58346	S	1623	1142	2765	0.00015
Streptomyces decoyicus	249567	S	1486	778	2264	0.00012
Streptomyces auratus	114687	S	1311	820	2131	0.00011
Streptomyces antimycoticus	68175	S	1250	1212	2462	0.00013
Streptomyces xiamenensis	408015	S	1179	953	2132	0.00012
Streptomyces coelicolor	1902	S	427	4029	4456	0.00024
Streptomyces albidoflavus	1886	S	420	6021	6441	0.00035
Streptomyces sampsonii	42239	S	202	1549	1751	0.00009
Streptomyces fungicidicus	68203	S	1044	2893	3937	0.00021
Streptomyces olivaceus	47716	S	870	3044	3914	0.00021
Streptomyces alfalfae	1642299	S	868	4700	5568	0.00030
Streptomyces cavourensis	67258	S	785	1373	2158	0.00012
Streptomyces filamentosus	67294	S	785	936	1721	0.00009
Streptomyces californicus	67351	S	779	2425	3204	0.00017
Streptomyces scabiei	1930	S	694	5867	6561	0.00035
Streptomyces mirabilis	68239	S	564	3231	3795	0.00020
Streptomyces fradiae	1906	S	488	7139	7627	0.00041
Streptomyces autolyticus	75293	S	439	1413	1852	0.00010
Streptomyces griseofuscus	146922	S	426	1827	2253	0.00012
Streptomyces lividans	1916	S	418	3631	4049	0.00022
Streptomyces murinus	33900	S	399	1083	1482	0.00008
Streptomyces albireticuli	1940	S	369	1490	1859	0.00010
Streptomyces noursei	1971	S	329	1236	1565	0.00008
Streptomyces cinereoruber	67260	S	270	1350	1620	0.00009
Streptomyces violaceoruber	1935	S	243	1023	1266	0.00007
Streptomyces rubrolavendulae	285473	S	203	1410	1613	0.00009
Streptomyces rochei	1928	S	159	1142	1301	0.00007
Streptomyces sviceus	285530	S	18	1505	1523	0.00008
Streptomyces violascens	67381	S	10	939	949	0.00005
Kitasatospora sp. MMS16-BH015	2018025	S	5482	1765	7247	0.00039
Kitasatospora sp. NA04385	2742135	S	4409	2348	6757	0.00036
Kitasatospora setae	2066	S	4645	2388	7033	0.00038
Kitasatospora aureofaciens	1894	S	3764	1514	5278	0.00028
Kitasatospora albolonga	68173	S	1466	1135	2601	0.00014
Streptacidiphilus sp. P02-A3a	2704468	S	5039	1544	6583	0.00036
Streptacidiphilus sp. PB12-B1b	2705012	S	4575	1799	6374	0.00034
Streptacidiphilus bronchialis	2126346	S	4384	1401	5785	0.00031
Yinghuangia sp. ASG 101	2896848	S	6669	1082	7751	0.00042
Microbacterium sp. 4R-513	2567934	S	4950	867	5817	0.00031
Microbacterium sp. No. 7	1714373	S	4157	1740	5897	0.00032
Microbacterium sp. JZ31	1906274	S	3365	891	4256	0.00023
Microbacterium sp. 10M-3C3	2483401	S	3335	954	4289	0.00023
Microbacterium sp. SSW1-51	2851650	S	2688	638	3326	0.00018
Microbacterium sp. YJN-G	2763257	S	2676	823	3499	0.00019
Microbacterium sp. ABRD_28	2268461	S	2663	344	3007	0.00016
Microbacterium sp. A18JL241	2782166	S	2594	570	3164	0.00017
Microbacterium sp. SSW1-36	2851648	S	2591	536	3127	0.00017
Microbacterium sp. BH-3-3-3	1906742	S	2495	569	3064	0.00017
Microbacterium sp. NIBRBAC000506063	2734618	S	2241	854	3095	0.00017
Microbacterium sp. XT11	367477	S	2230	450	2680	0.00014
Microbacterium sp. H1-D42	2925844	S	2229	352	2581	0.00014
Microbacterium sp. cx-55	2875948	S	2224	312	2536	0.00014
Microbacterium sp. LKL04	912630	S	2153	488	2641	0.00014
Microbacterium sp. PM5	2014534	S	2113	373	2486	0.00013
Microbacterium sp. Y-01	2048898	S	1993	743	2736	0.00015
Microbacterium sp. CBA3102	2603598	S	1814	419	2233	0.00012
Microbacterium sp. TPU 3598	1938334	S	1677	416	2093	0.00011
Microbacterium sp. 1S1	2606451	S	1635	655	2290	0.00012
Microbacterium sp. Nx66	2766784	S	1341	822	2163	0.00012
Microbacterium sp. RG1	2489212	S	841	619	1460	0.00008
Microbacterium sp. 1.5R	1916917	S	371	1217	1588	0.00009
Microbacterium sp. PAMC22086	2861281	S	367	736	1103	0.00006
Microbacterium sp. CGR1	1696072	S	360	1226	1586	0.00009
Microbacterium sp. SGAir0570	2070348	S	355	1212	1567	0.00008
Microbacterium sp. str. 'China'	2103230	S	188	922	1110	0.00006
Microbacterium sp. PAMC 28756	1795053	S	98	1480	1578	0.00009
Microbacterium sp. KUDC0406	2909588	S	27	2040	2067	0.00011
Microbacterium sp. Se5.02b	2864103	S	26	1990	2016	0.00011
Microbacterium sp. KUDC0405	2909587	S	21	1580	1601	0.00009
Microbacterium sp. PAMC21962	2861280	S	19	752	771	0.00004
Microbacterium atlanticum	2782168	S	7257	1535	8792	0.00047
Microbacterium cremeum	2782169	S	5997	1214	7211	0.00039
Microbacterium foliorum	104336	S	5244	1050	6294	0.00034
Microbacterium hominis	162426	S	5101	13684	18785	0.00101
Microbacterium oleivorans	273677	S	4125	770	4895	0.00026
Microbacterium lemovicicum	1072463	S	3350	730	4080	0.00022
Microbacterium pygmaeum	370764	S	3181	380	3561	0.00019
Microbacterium resistens	156977	S	2988	528	3516	0.00019
Microbacterium sediminis	904291	S	2776	1198	3974	0.00021
Microbacterium oryzae	743009	S	2673	760	3433	0.00019
Microbacterium testaceum	2033	S	2564	447	3011	0.00016
Microbacterium caowuchunii	2614638	S	2557	466	3023	0.00016
Microbacterium aurum	36805	S	2492	747	3239	0.00017
Microbacterium chocolatum	84292	S	2421	520	2941	0.00016
Microbacterium wangchenii	2541726	S	2417	527	2944	0.00016
Microbacterium lushaniae	2614639	S	2395	532	2927	0.00016
Microbacterium protaetiae	2509458	S	2342	502	2844	0.00015
Microbacterium luteum	2782167	S	2309	909	3218	0.00017
Microbacterium esteraromaticum	57043	S	2185	467	2652	0.00014
Microbacterium oxydans	82380	S	2055	1520	3575	0.00019
Microbacterium hydrocarbonoxydans	273678	S	1774	307	2081	0.00011
Microbacterium schleiferi	69362	S	1630	525	2155	0.00012
Microbacterium fandaimingii	2708079	S	1131	92	1223	0.00007
Microbacterium binotii	462710	S	912	660	1572	0.00008
Microbacterium amylolyticum	936337	S	861	175	1036	0.00006
Microbacterium chengjingii	2769067	S	799	41	840	0.00005
Microbacterium endophyticum	1526412	S	641	43	684	0.00004
Microbacterium paludicola	300019	S	315	1124	1439	0.00008
Microbacterium paraoxydans	199592	S	287	1865	2152	0.00012
Agromyces sp. H17E-10	2932244	S	7899	2780	10679	0.00058
Agromyces sp. LHK192	2498704	S	6105	1883	7988	0.00043
Agromyces sp. CFWR-12	2929802	S	4299	2904	7203	0.00039
Agromyces flavus	589382	S	17750	5883	23633	0.00128
Agromyces aureus	453304	S	6875	2039	8914	0.00048
Agromyces badenianii	2080742	S	5934	2060	7994	0.00043
Agromyces laixinhei	2585717	S	5344	1301	6645	0.00036
Agromyces soli	659012	S	5280	2008	7288	0.00039
Agromyces marinus	1389020	S	5079	1935	7014	0.00038
Agromyces protaetiae	2509455	S	4724	1418	6142	0.00033
Agromyces intestinalis	2592652	S	4034	2584	6618	0.00036
Agromyces archimandritae	2781962	S	3821	1134	4955	0.00027
Curtobacterium sp. L6-1	2841594	S	2140	700	2840	0.00015
Curtobacterium sp. BH-2-1-1	1905847	S	2097	704	2801	0.00015
Curtobacterium sp. MR_MD2014	1561023	S	1677	794	2471	0.00013
Curtobacterium sp. YC1	2795488	S	1644	762	2406	0.00013
Curtobacterium sp. TC1	2862880	S	1414	747	2161	0.00012
Curtobacterium sp. 24E2	2804758	S	1382	775	2157	0.00012
Curtobacterium sp. SGAir0471	2070337	S	1074	903	1977	0.00011
Curtobacterium sp. TXMA1	2876939	S	1016	884	1900	0.00010
Curtobacterium sp. C1	2898151	S	429	1404	1833	0.00010
Curtobacterium sp. Csp2	2495430	S	344	1281	1625	0.00009
Curtobacterium sp. Csp1	2495429	S	58	1424	1482	0.00008
Curtobacterium flaccumfaciens	2035	S	3326	1554	4880	0.00026
Curtobacterium luteum	33881	S	2070	748	2818	0.00015
Rathayibacter sp. VKM Ac-2759	2609252	S	2932	1043	3975	0.00021
Rathayibacter sp. VKM Ac-2760	2609253	S	2566	1340	3906	0.00021
Rathayibacter sp. VKM Ac-2804	2609257	S	1855	1379	3234	0.00017
Rathayibacter sp. VKM Ac-2801	2609255	S	1200	1107	2307	0.00012
Rathayibacter sp. VKM Ac-2762	2609254	S	514	1358	1872	0.00010
Rathayibacter sp. VKM Ac-2805	2609258	S	447	1218	1665	0.00009
Rathayibacter festucae	110937	S	2860	3092	5952	0.00032
Rathayibacter tanaceti	1671680	S	1761	462	2223	0.00012
Rathayibacter tritici	33888	S	1200	376	1576	0.00009
Rathayibacter iranicus	59737	S	1144	156	1300	0.00007
Rathayibacter rathayi	33887	S	1013	281	1294	0.00007
Rathayibacter toxicus	145458	S	465	40	505	0.00003
Leucobacter sp. H25R-14	2932245	S	2398	413	2811	0.00015
Leucobacter sp. NB 10	2873270	S	2101	614	2715	0.00015
Leucobacter sp. Psy1	2875729	S	1916	243	2159	0.00012
Leucobacter sp. CX169	2813744	S	1433	383	1816	0.00010
Leucobacter sp. H21R-36	2932246	S	626	1631	2257	0.00012
Leucobacter sp. H21R-40	2932247	S	580	1510	2090	0.00011
Leucobacter muris	1935379	S	2339	913	3252	0.00018
Leucobacter triazinivorans	1784719	S	2230	1322	3552	0.00019
Leucobacter luti	340320	S	846	83	929	0.00005
Leucobacter viscericola	2714935	S	647	70	717	0.00004
Leucobacter insecticola	2714934	S	630	56	686	0.00004
Leucobacter coleopterorum	2714933	S	453	50	503	0.00003
Leucobacter denitrificans	683042	S	447	68	515	0.00003
Agrococcus sp. SCSIO52902	2933290	S	3743	1933	5676	0.00031
Agrococcus sp. Marseille-Q4369	2810513	S	3347	1247	4594	0.00025
Agrococcus sp. SGAir0287	2070347	S	3309	1068	4377	0.00024
Agrococcus carbonis	684552	S	3683	1792	5475	0.00030
Agrococcus jejuensis	399736	S	3405	1145	4550	0.00025
Leifsonia sp. PS1209	2724914	S	2935	858	3793	0.00020
Leifsonia sp. ZF2019	2781978	S	2896	850	3746	0.00020
Leifsonia sp. 21MFCrub1.1	1798223	S	2806	3619	6425	0.00035
Leifsonia shinshuensis	150026	S	4065	1247	5312	0.00029
Leifsonia xyli	1575	S	2342	335	2677	0.00014
Clavibacter michiganensis	28447	S	12438	15311	27749	0.00150
Clavibacter zhangzhiyongii	2768071	S	1636	821	2457	0.00013
Clavibacter sp. A6099	2860285	S	848	571	1419	0.00008
Protaetiibacter sp. SSC-01	2759943	S	3436	1364	4800	0.00026
Protaetiibacter intestinalis	2419774	S	3221	1249	4470	0.00024
Protaetiibacter larvae	2592654	S	2440	835	3275	0.00018
Salinibacterium sp. ZJ450	2708338	S	2796	452	3248	0.00018
Salinibacterium sp. ZJ70	2708084	S	2098	560	2658	0.00014
Salinibacterium sp. dk2585	2603292	S	1752	307	2059	0.00011
Salinibacterium sp. UTAS2018	2508880	S	576	59	635	0.00003
Salinibacterium sp. M195	2583374	S	480	58	538	0.00003
Salinibacterium hongtaonis	2079791	S	878	97	975	0.00005
Cryobacterium sp. LW097	1978566	S	1811	411	2222	0.00012
Cryobacterium sp. PAMC25264	2861288	S	960	630	1590	0.00009
Cryobacterium soli	2220095	S	1359	762	2121	0.00011
Cryobacterium arcticum	670052	S	1175	962	2137	0.00012
Microterricola viridarii	412690	S	5379	1399	6778	0.00037
Frondihabitans sp. PAMC 28766	1795630	S	2785	400	3185	0.00017
Frondihabitans sp. 762G35	1446794	S	2490	571	3061	0.00017
Plantibacter sp. M259	2583822	S	925	863	1788	0.00010
Plantibacter sp. PA-3-X8	2480625	S	851	818	1669	0.00009
Plantibacter flavus	150123	S	997	887	1884	0.00010
Microcella flavibacter	1804990	S	2775	1390	4165	0.00022
Microcella alkaliphila	279828	S	1793	328	2121	0.00011
Herbiconiux sp. SALV-R1	2735133	S	3477	736	4213	0.00023
Cnuibacter physcomitrellae	1619308	S	3443	789	4232	0.00023
Mycetocola zhujimingii	2079792	S	1206	150	1356	0.00007
Mycetocola sp. JXN-3	2116510	S	1141	175	1316	0.00007
Mycetocola spongiae	2859226	S	880	119	999	0.00005
Subtercola sp. AK-R2A1-2	2895559	S	1902	187	2089	0.00011
Subtercola sp. PAMC28395	2846775	S	1287	135	1422	0.00008
Frigoribacterium sp. NBH87	2596916	S	3100	963	4063	0.00022
Gryllotalpicola protaetiae	2419771	S	3020	613	3633	0.00020
Chryseoglobus sp. 28M-23	2772253	S	492	1129	1621	0.00009
Chryseoglobus indicus	2750620	S	477	1143	1620	0.00009
Humibacter sp. WJ7-1	2599293	S	2627	609	3236	0.00017
Amnibacterium sp. L3-i23	2905871	S	2586	654	3240	0.00017
Diaminobutyricimonas sp. LJ205	2683590	S	2373	468	2841	0.00015
Marisediminicola antarctica	674079	S	2294	299	2593	0.00014
Gulosibacter sediminis	1729695	S	2107	630	2737	0.00015
Glaciihabitans sp. INWT7	2596912	S	1768	148	1916	0.00010
Agreia sp. COWG	2773266	S	1524	194	1718	0.00009
Aquiluna borgnonia	2499157	S	181	22	203	0.00001
Candidatus Aquiluna sp. UB-MaderosW2red	1855377	S	126	10	136	0.00001
Rhodoluna limnophila	232537	S	156	12	168	0.00001
Rhodoluna lacicola	529884	S	70	5	75	0.00000
Candidatus Rhodoluna planktonica	535712	S	67	4	71	0.00000
Pseudoclavibacter sp. Marseille-Q3772	2866588	S	438	85	523	0.00003
Aurantimicrobium photophilum	1987356	S	164	13	177	0.00001
Aurantimicrobium minutum	708131	S	63	17	80	0.00000
Aurantimicrobium sp. MWH-Uga1	2079575	S	57	15	72	0.00000
Pontimonas salivibrio	1159327	S	162	7	169	0.00001
Arthrobacter sp. QXT-31	1357915	S	15993	4689	20682	0.00112
Arthrobacter sp. FW305-BF8	2879617	S	10421	3010	13431	0.00072
Arthrobacter sp. 24S4-2	2575374	S	3502	834	4336	0.00023
Arthrobacter sp. PGP41	2079227	S	3194	1157	4351	0.00023
Arthrobacter sp. PM3	2017685	S	3016	508	3524	0.00019
Arthrobacter sp. FB24	290399	S	2953	995	3948	0.00021
Arthrobacter sp. NicSoilB8	2830998	S	2863	789	3652	0.00020
Arthrobacter sp. QL17	2895818	S	2858	677	3535	0.00019
Arthrobacter sp. NicSoilC5	2831000	S	2773	1498	4271	0.00023
Arthrobacter sp. NtRootA1	2830983	S	2533	841	3374	0.00018
Arthrobacter sp. NicSoilB4	2830997	S	2497	834	3331	0.00018
Arthrobacter sp. U41	1849032	S	2470	744	3214	0.00017
Arthrobacter sp. PAMC25564	2565366	S	2420	693	3113	0.00017
Arthrobacter sp. KBS0702	2578107	S	2365	1006	3371	0.00018
Arthrobacter sp. UKPF54-2	2600159	S	2272	1027	3299	0.00018
Arthrobacter sp. FW306-2-2C-D06B	2879618	S	1899	384	2283	0.00012
Arthrobacter sp. PAMC25284	2861279	S	1809	493	2302	0.00012
Arthrobacter sp. ERGS1:01	1704044	S	1768	352	2120	0.00011
Arthrobacter sp. Helios	2828862	S	1595	270	1865	0.00010
Arthrobacter sp. StoSoilB5	2830992	S	1213	371	1584	0.00009
Arthrobacter sp. zg-Y462	2886936	S	1193	252	1445	0.00008
Arthrobacter sp. StoSoilB20	2830995	S	1093	323	1416	0.00008
Arthrobacter sp. PAMC 25486	1494608	S	1088	185	1273	0.00007
Arthrobacter sp. zg-Y809	2886940	S	1073	380	1453	0.00008
Arthrobacter sp. D5-1	1477518	S	794	571	1365	0.00007
Arthrobacter sp. YN	2020486	S	777	357	1134	0.00006
Arthrobacter sp. FW306-06-A	2879621	S	509	2088	2597	0.00014
Arthrobacter sp. C1-1	2813727	S	502	72	574	0.00003
Arthrobacter sp. StoSoilA2	2830990	S	399	839	1238	0.00007
Arthrobacter sp. StoSoilB19	2830994	S	382	2033	2415	0.00013
Arthrobacter sp. NicSoilB11	2830999	S	377	1750	2127	0.00011
Arthrobacter sp. StoSoilB13	2830993	S	359	777	1136	0.00006
Arthrobacter sp. FW306-07-I	2879622	S	326	2139	2465	0.00013
Arthrobacter sp. FW306-05-C	2879620	S	295	1822	2117	0.00011
Arthrobacter sp. AQ5-05	2184581	S	43	715	758	0.00004
Arthrobacter crystallopoietes	37928	S	40624	7501	48125	0.00260
Arthrobacter sulfonylureivorans	2486855	S	6639	1075	7714	0.00042
Arthrobacter agilis	37921	S	4329	640	4969	0.00027
Arthrobacter woluwensis	156980	S	2007	463	2470	0.00013
Arthrobacter dokdonellae	2211210	S	1856	321	2177	0.00012
Arthrobacter jiangjiafuii	2817475	S	1393	383	1776	0.00010
Arthrobacter alpinus	656366	S	1250	1792	3042	0.00016
Arthrobacter sunyaminii	2816859	S	1007	330	1337	0.00007
Kocuria rosea	1275	S	10232	3085	13317	0.00072
Kocuria turfanensis	388357	S	4972	1617	6589	0.00036
Kocuria flava	446860	S	4288	2056	6344	0.00034
Kocuria palustris	71999	S	1997	768	2765	0.00015
Kocuria rhizophila	72000	S	1410	2679	4089	0.00022
Kocuria varians	1272	S	1186	777	1963	0.00011
Kocuria sp. TGY1127_2	2711328	S	487	79	566	0.00003
Kocuria sp. KD4	2719588	S	305	414	719	0.00004
Kocuria sp. BT304	1702043	S	177	730	907	0.00005
Kocuria indica	1049583	S	257	418	675	0.00004
Pseudarthrobacter sp. L1SW	2851598	S	2842	1157	3999	0.00022
Pseudarthrobacter sp. BIM B-2242	2772401	S	2440	622	3062	0.00017
Pseudarthrobacter sp. NBSH8	2596911	S	1203	471	1674	0.00009
Pseudarthrobacter sp. NIBRBAC000502772	2590775	S	1161	886	2047	0.00011
Pseudarthrobacter sp. SSS035	2931399	S	944	870	1814	0.00010
Pseudarthrobacter sp. NIBRBAC000502770	2590785	S	496	1490	1986	0.00011
Pseudarthrobacter sp. NIBRBAC000502771	2590774	S	491	1662	2153	0.00012
Pseudarthrobacter phenanthrenivorans	361575	S	3003	1455	4458	0.00024
Pseudarthrobacter chlorophenolicus	85085	S	2951	1111	4062	0.00022
Pseudarthrobacter equi	728066	S	2293	911	3204	0.00017
Pseudarthrobacter psychrotolerans	2697569	S	1462	608	2070	0.00011
Pseudarthrobacter sulfonivorans	121292	S	1115	1236	2351	0.00013
Micrococcus luteus	1270	S	4056	7647	11703	0.00063
Micrococcus sp. KD337-16	2856555	S	1769	1051	2820	0.00015
Micrococcus sp. KBS0714	1179670	S	61	470	531	0.00003
Micrococcus yunnanensis	566027	S	47	340	387	0.00002
Sinomonas atrocyanea	37927	S	3814	1243	5057	0.00027
Sinomonas sp. R1AF57	2020377	S	3289	764	4053	0.00022
Glutamicibacter creatinolyticus	162496	S	1448	350	1798	0.00010
Glutamicibacter protophormiae	37930	S	1322	826	2148	0.00012
Glutamicibacter halophytocola	1933880	S	745	139	884	0.00005
Glutamicibacter mishrai	1775880	S	572	128	700	0.00004
Glutamicibacter arilaitensis	256701	S	458	169	627	0.00003
Glutamicibacter nicotianae	37929	S	375	1108	1483	0.00008
Glutamicibacter sp. ZJUTW	1155384	S	111	468	579	0.00003
Paenarthrobacter ureafaciens	37931	S	1398	2378	3776	0.00020
Paenarthrobacter aurescens	43663	S	1110	726	1836	0.00010
Paenarthrobacter sp. YJN-5	2735316	S	347	815	1162	0.00006
Paenarthrobacter sp. YJN-D	2735317	S	229	483	712	0.00004
Paenarthrobacter nicotinovorans	29320	S	219	405	624	0.00003
Citricoccus sp. SGAir0253	2567881	S	4422	1211	5633	0.00030
Rothia kristinae	37923	S	2031	1158	3189	0.00017
Rothia mucilaginosa	43675	S	645	131	776	0.00004
Rothia nasimurium	85336	S	346	173	519	0.00003
Rothia aeria	172042	S	312	131	443	0.00002
Rothia dentocariosa	2047	S	206	85	291	0.00002
Rothia terrae	396015	S	155	64	219	0.00001
Rothia amarae	169480	S	108	47	155	0.00001
Rothia sp. ZJ932	2810516	S	92	14	106	0.00001
Nesterenkonia sp. NBAIMH1	2600320	S	1170	77	1247	0.00007
Paeniglutamicibacter sp. Y32M11	2853258	S	802	128	930	0.00005
Psychromicrobium lacuslunae	1618207	S	522	75	597	0.00003
Neomicrococcus aestuarii	556325	S	447	202	649	0.00004
Auritidibacter sp. NML130574	2170745	S	357	37	394	0.00002
Renibacterium salmoninarum	1646	S	286	17	303	0.00002
Cellulomonas sp. H30R-01	2704467	S	6879	2975	9854	0.00053
Cellulomonas sp. Y8	2591145	S	5981	2830	8811	0.00048
Cellulomonas sp. zg-ZUI188	2819978	S	4986	1531	6517	0.00035
Cellulomonas sp. JZ18	2654191	S	4690	2216	6906	0.00037
Cellulomonas sp. C5510	2871170	S	4424	1959	6383	0.00034
Cellulomonas sp. zg-ZUI222	2816956	S	3906	1634	5540	0.00030
Cellulomonas sp. zg-ZUI157	2819979	S	3705	1430	5135	0.00028
Cellulomonas sp. EW123	2608402	S	3367	2268	5635	0.00030
Cellulomonas sp. PSBB021	2003551	S	3184	2868	6052	0.00033
Cellulomonas fimi	1708	S	5191	4738	9929	0.00054
Cellulomonas shaoxiangyii	2566013	S	4172	1899	6071	0.00033
Cellulomonas iranensis	76862	S	3950	2027	5977	0.00032
Cellulomonas flavigena	1711	S	3741	1564	5305	0.00029
Cellulomonas gilvus	11	S	3454	1655	5109	0.00028
Cellulomonas taurus	2729175	S	3089	1072	4161	0.00022
Actinotalea sp. JY-7876	2758442	S	4961	1940	6901	0.00037
Oerskovia sp. KBS0722	1179673	S	3872	1340	5212	0.00028
Pseudactinotalea sp. HY158	2654547	S	3226	503	3729	0.00020
Paraoerskovia marina	545619	S	2571	721	3292	0.00018
Phycicoccus sp. HDW14	2714941	S	8127	2935	11062	0.00060
Phycicoccus endophyticus	1690220	S	5971	1920	7891	0.00043
Janibacter melonis	262209	S	4969	1813	6782	0.00037
Janibacter limosus	53458	S	3307	945	4252	0.00023
Janibacter indicus	857417	S	1811	2866	4677	0.00025
Janibacter sp. YB324	2761047	S	1049	2248	3297	0.00018
Intrasporangium calvum	53358	S	11278	3128	14406	0.00078
Pedococcus dokdonensis	443156	S	7843	2513	10356	0.00056
Tetrasphaera sp. HKS02	1813880	S	6065	1717	7782	0.00042
Arsenicicoccus sp. oral taxon 190	1658671	S	4588	1881	6469	0.00035
Cellulosimicrobium cellulans	1710	S	14681	14512	29193	0.00158
Cellulosimicrobium sp. BI34T	2587808	S	4810	2254	7064	0.00038
Cellulosimicrobium sp. JZ28	1906273	S	797	1706	2503	0.00014
Cellulosimicrobium sp. 72-3	2731680	S	458	1863	2321	0.00013
Cellulosimicrobium sp. TH-20	1980001	S	390	1632	2022	0.00011
Xylanimonas protaetiae	2509457	S	3734	1786	5520	0.00030
Xylanimonas cellulosilytica	186189	S	3372	1301	4673	0.00025
Xylanimonas allomyrinae	2509459	S	3212	1097	4309	0.00023
Isoptericola variabilis	139208	S	4666	2615	7281	0.00039
Isoptericola dokdonensis	372663	S	3965	1644	5609	0.00030
Ornithinimicrobium avium	2283195	S	5102	1456	6558	0.00035
Ornithinimicrobium sp. HY006	2508882	S	3503	1310	4813	0.00026
Ornithinimicrobium sp. INDO-MA30-4	2908651	S	704	132	836	0.00005
Ornithinimicrobium flavum	1288636	S	4055	1426	5481	0.00030
Ornithinimicrobium ciconiae	2594265	S	3220	535	3755	0.00020
Ornithinimicrobium pratense	2593973	S	2540	809	3349	0.00018
Serinicoccus chungangensis	767452	S	3600	1317	4917	0.00027
Serinicoccus hydrothermalis	1758689	S	3202	1588	4790	0.00026
Serinicoccus profundi	1078471	S	3113	1196	4309	0.00023
Serinicoccus marinus	247333	S	2777	1449	4226	0.00023
Brevibacterium sp. CS2	2575923	S	2903	1229	4132	0.00022
Brevibacterium sp. SMBL_HHYL_HB1	2777556	S	1272	306	1578	0.00009
Brevibacterium sp. HY170	2898795	S	564	186	750	0.00004
Brevibacterium sp. 'Marine'	2725563	S	554	408	962	0.00005
Brevibacterium sp. W7.2	2823518	S	402	2141	2543	0.00014
Brevibacterium casei	33889	S	2875	2152	5027	0.00027
Brevibacterium luteolum	199591	S	1662	699	2361	0.00013
Brevibacterium linens	1703	S	1451	961	2412	0.00013
Brevibacterium atlanticum	2697563	S	1062	243	1305	0.00007
Brevibacterium sandarakinum	629680	S	1023	204	1227	0.00007
Brevibacterium aurantiacum	273384	S	1011	715	1726	0.00009
Brevibacterium oceani	358099	S	952	232	1184	0.00006
Brevibacterium limosum	2697565	S	774	312	1086	0.00006
Brevibacterium siliguriense	1136497	S	607	196	803	0.00004
Brevibacterium pigmentatum	1496080	S	485	398	883	0.00005
Brachybacterium sp. CBA3105	2887346	S	2836	698	3534	0.00019
Brachybacterium sp. SGAir0954	2571029	S	2740	816	3556	0.00019
Brachybacterium sp. P6-10-X1	1903186	S	2550	477	3027	0.00016
Brachybacterium ginsengisoli	1331682	S	2466	771	3237	0.00017
Brachybacterium saurashtrense	556288	S	2404	732	3136	0.00017
Brachybacterium faecium	43669	S	2312	756	3068	0.00017
Brachybacterium vulturis	2017484	S	1748	696	2444	0.00013
Brachybacterium avium	2017485	S	1633	647	2280	0.00012
Dermabacter vaginalis	1630135	S	785	541	1326	0.00007
Dermabacter jinjuensis	1667168	S	662	580	1242	0.00007
Devriesea agamarum	472569	S	361	21	382	0.00002
Georgenia yuyongxinii	2589797	S	5428	1432	6860	0.00037
Georgenia sp. TF02-10	2917725	S	5019	1976	6995	0.00038
Georgenia wutianyii	2585135	S	4245	1582	5827	0.00031
Georgenia faecalis	2483799	S	3957	1178	5135	0.00028
Dermacoccus nishinomiyaensis	1274	S	2964	1355	4319	0.00023
Dermacoccus sp. PAMC28757	2762331	S	2205	848	3053	0.00016
Luteipulveratus mongoliensis	571913	S	4180	627	4807	0.00026
Allobranchiibius sp. GilTou73	2904523	S	3330	785	4115	0.00022
Yimella sp. cx-51	2770551	S	2285	490	2775	0.00015
Haloactinobacterium kanbiaonis	2675754	S	4955	770	5725	0.00031
Ruania sp. LR1S40	2897774	S	2676	599	3275	0.00018
Ruania sp. M4N3S171	2897773	S	1578	245	1823	0.00010
Ruania zhangjianzhongii	2603206	S	2950	316	3266	0.00018
Ruania alkalisoli	2779775	S	1966	370	2336	0.00013
Pengzhenrongella sicca	2819238	S	5546	1651	7197	0.00039
Luteimicrobium xylanilyticum	1133546	S	4095	1352	5447	0.00029
Beutenbergia cavernae	84757	S	5501	988	6489	0.00035
Miniimonas sp. S16	2171623	S	3867	2175	6042	0.00033
Sanguibacter keddieii	60920	S	3485	1109	4594	0.00025
Sanguibacter sp. HDW7	2714931	S	3012	1007	4019	0.00022
Gephyromycinifex aptenodytis	2716227	S	1741	216	1957	0.00011
Austwickia chelonae	100225	S	1338	111	1449	0.00008
Dermatophilus congolensis	1863	S	360	35	395	0.00002
Kytococcus sedentarius	1276	S	2924	1742	4666	0.00025
Demequina sp. TMPB413	2881056	S	1210	100	1310	0.00007
Jonesia denitrificans	43674	S	200	37	237	0.00001
Tropheryma whipplei	2039	S	102	0	102	0.00001
Mycolicibacterium gadium	1794	S	9105	1175	10280	0.00055
Mycolicibacterium sp. YH-1	2908837	S	5929	2008	7937	0.00043
Mycolicibacterium litorale	758802	S	6978	1831	8809	0.00048
Mycolicibacterium rhodesiae	36814	S	5912	920	6832	0.00037
Mycolicibacterium neoaurum	1795	S	5304	1162	6466	0.00035
Mycolicibacterium smegmatis	1772	S	5243	4224	9467	0.00051
Mycolicibacterium moriokaense	39691	S	4945	578	5523	0.00030
Mycolicibacterium chitae	1792	S	4785	1088	5873	0.00032
Mycolicibacterium rutilum	370526	S	4779	1347	6126	0.00033
Mycolicibacterium arabiense	1286181	S	4570	668	5238	0.00028
Mycolicibacterium pulveris	36813	S	4338	692	5030	0.00027
Mycolicibacterium fortuitum	1766	S	4218	1439	5657	0.00031
Mycolicibacterium phlei	1771	S	4207	1356	5563	0.00030
Mycolicibacterium sediminis	1286180	S	4122	711	4833	0.00026
Mycolicibacterium mageritense	53462	S	4095	661	4756	0.00026
Mycolicibacterium thermoresistibile	1797	S	4076	871	4947	0.00027
Mycolicibacterium madagascariense	212765	S	4073	587	4660	0.00025
Mycolicibacterium hassiacum	46351	S	4001	1034	5035	0.00027
Mycolicibacterium chubuense	1800	S	3999	855	4854	0.00026
Mycolicibacterium vaccae	1810	S	3911	737	4648	0.00025
Mycolicibacterium celeriflavum	1249101	S	3812	704	4516	0.00024
Mycolicibacterium parafortuitum	39692	S	3731	709	4440	0.00024
Mycolicibacterium tokaiense	39695	S	3672	553	4225	0.00023
Mycolicibacterium psychrotolerans	216929	S	3636	778	4414	0.00024
Mycolicibacterium gilvum	1804	S	3508	1229	4737	0.00026
Mycolicibacterium monacense	85693	S	3413	1053	4466	0.00024
Mycolicibacterium duvalii	39688	S	3335	628	3963	0.00021
Mycolicibacterium aurum	1791	S	3327	414	3741	0.00020
Mycolicibacterium poriferae	39694	S	3291	660	3951	0.00021
Mycolicibacterium fluoranthenivorans	258505	S	3249	403	3652	0.00020
Mycolicibacterium confluentis	28047	S	3074	445	3519	0.00019
Mycolicibacterium baixiangningiae	2761578	S	3007	464	3471	0.00019
Mycolicibacterium phocaicum	319706	S	2935	1476	4411	0.00024
Mycolicibacterium fallax	1793	S	2889	1090	3979	0.00021
Mycolicibacterium boenickei	146017	S	2817	3649	6466	0.00035
Mycolicibacterium mengxianglii	2736649	S	2606	266	2872	0.00016
Mycolicibacterium insubricum	444597	S	2576	687	3263	0.00018
Mycolicibacterium alvei	67081	S	2418	631	3049	0.00016
Mycolicibacterium anyangense	1431246	S	2418	376	2794	0.00015
Mycolicibacterium aichiense	1799	S	2407	394	2801	0.00015
Mycolicibacterium austroafricanum	39687	S	2318	8793	11111	0.00060
Mycobacterium doricum	126673	S	2200	482	2682	0.00014
Mycolicibacterium helvum	1534349	S	2161	246	2407	0.00013
Mycolicibacterium mucogenicum	56689	S	1877	737	2614	0.00014
Mycolicibacterium sarraceniae	1534348	S	1738	214	1952	0.00011
Mycolicibacterium septicum	98668	S	1530	1004	2534	0.00014
Mycolicibacterium farcinogenes	1802	S	915	2926	3841	0.00021
Mycolicibacterium vanbaalenii	110539	S	498	7734	8232	0.00044
Mycolicibacterium nivoides	2487344	S	429	1963	2392	0.00013
Mycobacterium sp. JS623	212767	S	7158	569	7727	0.00042
Mycobacterium sp. IDR2000157661	2867005	S	3633	630	4263	0.00023
Mycobacterium sp. YC-RL4	1682113	S	3542	1216	4758	0.00026
Mycobacterium sp. MS1601	1936029	S	2567	345	2912	0.00016
Mycobacterium sp. DL592	2675524	S	2436	378	2814	0.00015
Mycobacterium sp. DL440	2675523	S	2401	509	2910	0.00016
Mycobacterium sp. EPa45	1545728	S	2347	380	2727	0.00015
Mycobacterium sp. TY59	2775496	S	1549	261	1810	0.00010
Mycobacterium sp. WY10	1920667	S	298	916	1214	0.00007
Mycobacterium sp. PYR15	2051552	S	109	978	1087	0.00006
Mycobacterium sp. 20KCMC460	2903536	S	97	2147	2244	0.00012
Mycobacterium sp. MOTT36Y	1168287	S	41	555	596	0.00003
Mycobacterium sp. IWGMT90018-18076	2871094	S	14	562	576	0.00003
Mycobacterium saskatchewanense	220927	S	2737	524	3261	0.00018
Mycobacterium parmense	185642	S	2615	485	3100	0.00017
Mycobacterium kubicae	120959	S	2470	406	2876	0.00016
Mycobacterium shigaense	722731	S	2098	292	2390	0.00013
Mycobacterium simiae	1784	S	2080	174	2254	0.00012
Mycobacterium florentinum	292462	S	1857	405	2262	0.00012
Mycobacterium lentiflavum	141349	S	1773	410	2183	0.00012
Mycobacterium stomatepiae	470076	S	1664	326	1990	0.00011
Mycobacterium heidelbergense	53376	S	1645	384	2029	0.00011
Mycobacterium avium	1764	S	4044	3292	7336	0.00040
Mycobacterium intracellulare	1767	S	2008	16111	18119	0.00098
Mycobacterium mantenii	560555	S	1872	224	2096	0.00011
Mycobacterium colombiense	339268	S	1771	297	2068	0.00011
Mycobacterium marseillense	701042	S	1676	381	2057	0.00011
Mycobacterium paraintracellulare	1138383	S	405	2729	3134	0.00017
Mycobacterium diernhoferi	1801	S	9125	1723	10848	0.00059
Mycobacterium holsaticum	152142	S	4357	649	5006	0.00027
Mycobacterium frederiksbergense	117567	S	4343	1271	5614	0.00030
Mycobacterium grossiae	1552759	S	4314	1215	5529	0.00030
Mycobacterium rufum	318424	S	3789	1055	4844	0.00026
Mycobacterium dioxanotrophicus	482462	S	3468	802	4270	0.00023
Mycobacterium goodii	134601	S	2918	994	3912	0.00021
Mycobacterium branderi	43348	S	2732	316	3048	0.00016
Mycobacterium canettii	78331	S	912	663	1575	0.00008
Mycobacterium tuberculosis	1773	S	520	10349	10869	0.00059
Mycobacterium virginiense	1795032	S	2634	666	3300	0.00018
Mycobacterium paragordonae	1389713	S	2483	289	2772	0.00015
Mycobacterium conspicuum	44010	S	2406	284	2690	0.00015
Mycobacterium gordonae	1778	S	2164	173	2337	0.00013
Mycobacterium cookii	1775	S	2163	206	2369	0.00013
Mycobacterium koreense	1069220	S	2106	588	2694	0.00015
Mycobacterium paraterrae	577492	S	2081	218	2299	0.00012
Mycobacterium noviomagense	459858	S	1828	139	1967	0.00011
Mycobacterium riyadhense	486698	S	1815	73	1888	0.00010
Mycobacterium heckeshornense	110505	S	1806	137	1943	0.00010
Mycobacterium vicinigordonae	1719132	S	1770	90	1860	0.00010
Mycobacterium shinjukuense	398694	S	1757	166	1923	0.00010
Mycobacterium kansasii	1768	S	1735	168	1903	0.00010
Mycobacterium lacus	169765	S	1650	117	1767	0.00010
Mycobacterium paraseoulense	590652	S	1578	319	1897	0.00010
Mycobacterium xenopi	1789	S	1548	176	1724	0.00009
Mycobacterium ostraviense	2738409	S	1546	156	1702	0.00009
Mycobacterium malmoense	1780	S	1538	237	1775	0.00010
Mycobacterium seoulense	386911	S	1406	330	1736	0.00009
Mycobacterium basiliense	2094119	S	1373	47	1420	0.00008
Mycobacterium spongiae	886343	S	1351	35	1386	0.00007
Mycobacterium crocinum	388459	S	1012	573	1585	0.00009
Mycobacterium haemophilum	29311	S	848	40	888	0.00005
Mycobacterium senegalense	1796	S	400	2080	2480	0.00013
Mycobacterium marinum	1781	S	383	1542	1925	0.00010
Mycobacterium novum	2492438	S	269	3499	3768	0.00020
Mycobacterium lepromatosis	480418	S	237	6	243	0.00001
Mycobacterium leprae	1769	S	233	6	239	0.00001
Mycobacterium ulcerans	1809	S	191	1422	1613	0.00009
Mycobacterium pallens	370524	S	97	966	1063	0.00006
Mycobacterium shottsii	133549	S	93	177	270	0.00001
Mycobacterium pseudoshottsii	265949	S	42	278	320	0.00002
Mycolicibacter sp. MYC340	2855503	S	1874	478	2352	0.00013
Mycolicibacter sp. MYC098	2872309	S	1639	419	2058	0.00011
Mycolicibacter sp. MYC017	2875777	S	994	811	1805	0.00010
Mycolicibacter sp. MYC123	2855502	S	269	1169	1438	0.00008
Mycolicibacter sp. MYC101	2872311	S	267	1135	1402	0.00008
Mycolicibacter terrae	1788	S	2826	897	3723	0.00020
Mycolicibacter hiberniae	29314	S	2114	455	2569	0.00014
Mycolicibacter minnesotensis	1118379	S	1846	325	2171	0.00012
Mycolicibacter sinensis	875328	S	337	3586	3923	0.00021
Mycobacteroides abscessus	36809	S	2638	1917	4555	0.00025
Mycobacteroides chelonae	1774	S	1817	2621	4438	0.00024
Mycobacteroides immunogenum	83262	S	1163	208	1371	0.00007
Mycobacteroides saopaulense	1578165	S	1109	119	1228	0.00007
Mycobacteroides salmoniphilum	404941	S	906	78	984	0.00005
[Mycobacterium] stephanolepidis	1520670	S	531	91	622	0.00003
Mycolicibacillus parakoreensis	1069221	S	2414	669	3083	0.00017
Hoyosella subflava	639313	S	1133	63	1196	0.00006
Rhodococcus sp. X156	2499145	S	4649	1606	6255	0.00034
Rhodococcus sp. MTM3W5.2	1805827	S	4483	1086	5569	0.00030
Rhodococcus sp. SGAir0479	2567884	S	3226	952	4178	0.00023
Rhodococcus sp. W8901	2742603	S	3199	847	4046	0.00022
Rhodococcus sp. PBTS 1	1653478	S	2941	771	3712	0.00020
Rhodococcus sp. USK13	2806442	S	2937	1666	4603	0.00025
Rhodococcus sp. R79	2811421	S	2113	1144	3257	0.00018
Rhodococcus sp. ABRD24	2507582	S	1880	333	2213	0.00012
Rhodococcus sp. WAY2	2663121	S	1878	1322	3200	0.00017
Rhodococcus sp. USK10	2789739	S	1611	919	2530	0.00014
Rhodococcus sp. B7740	1564114	S	1507	209	1716	0.00009
Rhodococcus sp. P1Y	1302308	S	1503	140	1643	0.00009
Rhodococcus sp. WMMA185	679318	S	1252	162	1414	0.00008
Rhodococcus sp. RDE2	2885078	S	1095	1004	2099	0.00011
Rhodococcus sp. ZPP	2749906	S	687	1490	2177	0.00012
Rhodococcus sp. WB9	2594007	S	686	864	1550	0.00008
Rhodococcus sp. S2-17	1990687	S	591	1338	1929	0.00010
Rhodococcus sp. DMU1	2722825	S	492	1712	2204	0.00012
Rhodococcus sp. M8	1925550	S	466	1341	1807	0.00010
Rhodococcus sp. 21391	2683591	S	229	983	1212	0.00007
Rhodococcus sp. P-2	2795031	S	220	249	469	0.00003
Rhodococcus sp. WB1	1033922	S	171	1361	1532	0.00008
Rhodococcus sp. 2G	1570939	S	155	589	744	0.00004
Rhodococcus sp. DMF-1	2907624	S	131	971	1102	0.00006
Rhodococcus sp. p52	935199	S	119	597	716	0.00004
Rhodococcus sp. YL-1	1045808	S	100	403	503	0.00003
Rhodococcus sp. LW-XY12	2856851	S	93	779	872	0.00005
Rhodococcus sp. PSBB049	2812863	S	91	1225	1316	0.00007
Rhodococcus sp. 008	1723645	S	74	422	496	0.00003
Rhodococcus sp. AQ5-07	2054902	S	71	229	300	0.00002
Rhodococcus sp. BH4	1807790	S	56	338	394	0.00002
Rhodococcus sp. H-CA8f	1727214	S	49	198	247	0.00001
Rhodococcus sp. NJ-530	2490853	S	46	243	289	0.00002
Rhodococcus sp. C1	644410	S	35	382	417	0.00002
Rhodococcus opacus	37919	S	11168	10745	21913	0.00118
Rhodococcus equi	43767	S	5468	1997	7465	0.00040
Rhodococcus fascians	1828	S	4420	1001	5421	0.00029
Rhodococcus rhodochrous	1829	S	4307	2404	6711	0.00036
Rhodococcus jostii	132919	S	2727	1076	3803	0.00021
Rhodococcus triatomae	300028	S	2473	731	3204	0.00017
Rhodococcus koreensis	99653	S	2430	694	3124	0.00017
Rhodococcus coprophilus	38310	S	2227	395	2622	0.00014
Rhodococcus pyridinivorans	103816	S	1734	6320	8054	0.00043
Rhodococcus qingshengii	334542	S	754	3763	4517	0.00024
Rhodococcus erythropolis	1833	S	700	2889	3589	0.00019
Rhodococcus ruber	1830	S	1518	4606	6124	0.00033
Rhodococcus globerulus	33008	S	1392	159	1551	0.00008
Rhodococcus aetherivorans	191292	S	395	3410	3805	0.00021
Nocardia asteroides	1824	S	17350	6107	23457	0.00127
Nocardia brasiliensis	37326	S	9169	2599	11768	0.00064
Nocardia cyriacigeorgica	135487	S	6719	2979	9698	0.00052
Nocardia terpenica	455432	S	6061	1108	7169	0.00039
Nocardia farcinica	37329	S	5134	3194	8328	0.00045
Nocardia wallacei	480035	S	3862	1151	5013	0.00027
Nocardia arthritidis	228602	S	3760	486	4246	0.00023
Nocardia gipuzkoensis	2749991	S	3538	1372	4910	0.00026
Nocardia huaxiensis	2755382	S	3421	695	4116	0.00022
Nocardia sp. CS682	1047172	S	3245	815	4060	0.00022
Nocardia yamanashiensis	209247	S	3212	662	3874	0.00021
Nocardia otitidiscaviarum	1823	S	3207	651	3858	0.00021
Nocardia tengchongensis	2055889	S	3181	828	4009	0.00022
Nocardia mangyaensis	2213200	S	3167	871	4038	0.00022
Nocardia nova	37330	S	3155	455	3610	0.00019
Nocardia yunnanensis	2382165	S	3101	795	3896	0.00021
Nocardia iowensis	204891	S	3061	694	3755	0.00020
Nocardia seriolae	37332	S	2964	833	3797	0.00020
Corynebacterium cyclohexanicum	322009	S	2835	1046	3881	0.00021
Corynebacterium xerosis	1725	S	2206	1025	3231	0.00017
Corynebacterium sphenisci	191493	S	2108	574	2682	0.00014
Corynebacterium frankenforstense	1230998	S	2010	524	2534	0.00014
Corynebacterium bovis	36808	S	1936	389	2325	0.00013
Corynebacterium maris	575200	S	1594	215	1809	0.00010
Corynebacterium halotolerans	225326	S	1550	293	1843	0.00010
Corynebacterium freneyi	134034	S	1431	425	1856	0.00010
Corynebacterium nuruki	1032851	S	1431	290	1721	0.00009
Corynebacterium sp. CNCTC7651	2815361	S	614	96	710	0.00004
Corynebacterium sp. NML98-0116	702967	S	422	127	549	0.00003
Corynebacterium sp. FDAARGOS 1242	2778078	S	96	122	218	0.00001
Corynebacterium sp. 1864	2820399	S	95	81	176	0.00001
Corynebacterium sp. 4H37-19	2684405	S	67	6	73	0.00000
Corynebacterium sp. sy039	2599641	S	31	3	34	0.00000
Corynebacterium vitaeruminis	38305	S	1295	329	1624	0.00009
Corynebacterium humireducens	1223514	S	1276	300	1576	0.00009
Corynebacterium variabile	1727	S	1115	546	1661	0.00009
Corynebacterium marinum	349751	S	1069	296	1365	0.00007
Corynebacterium doosanense	1121358	S	1030	407	1437	0.00008
Corynebacterium timonense	441500	S	1020	203	1223	0.00007
Corynebacterium comes	2675218	S	937	177	1114	0.00006
Corynebacterium yudongzhengii	2080740	S	907	134	1041	0.00006
Corynebacterium liangguodongii	2079535	S	903	165	1068	0.00006
Corynebacterium provencense	1737425	S	859	173	1032	0.00006
Corynebacterium mycetoides	38302	S	851	289	1140	0.00006
Corynebacterium atypicum	191610	S	820	201	1021	0.00006
Corynebacterium glyciniphilum	1404244	S	804	88	892	0.00005
Corynebacterium uterequi	1072256	S	795	118	913	0.00005
Corynebacterium terpenotabidum	89154	S	777	181	958	0.00005
Corynebacterium jeikeium	38289	S	769	1317	2086	0.00011
Corynebacterium sanguinis	2594913	S	743	376	1119	0.00006
Corynebacterium urealyticum	43771	S	708	606	1314	0.00007
Corynebacterium efficiens	152794	S	698	102	800	0.00004
Corynebacterium ureicelerivorans	401472	S	677	177	854	0.00005
Corynebacterium imitans	156978	S	657	361	1018	0.00005
Corynebacterium falsenii	108486	S	640	236	876	0.00005
Corynebacterium lujinxingii	2763010	S	635	171	806	0.00004
Corynebacterium qintianiae	2709392	S	601	117	718	0.00004
Corynebacterium uberis	2883169	S	592	62	654	0.00004
Corynebacterium testudinoris	136857	S	531	89	620	0.00003
Corynebacterium striatum	43770	S	516	322	838	0.00005
Corynebacterium glaucum	187491	S	515	90	605	0.00003
Corynebacterium glucuronolyticum	39791	S	509	101	610	0.00003
Corynebacterium genitalium	38288	S	506	91	597	0.00003
Corynebacterium kroppenstedtii	161879	S	502	45	547	0.00003
Corynebacterium coyleae	53374	S	455	81	536	0.00003
Corynebacterium aurimucosum	169292	S	442	156	598	0.00003
Corynebacterium occultum	2675219	S	441	68	509	0.00003
Corynebacterium lactis	1231000	S	430	56	486	0.00003
Corynebacterium tuberculostearicum	38304	S	429	196	625	0.00003
Corynebacterium zhongnanshanii	2768834	S	408	50	458	0.00002
Corynebacterium riegelii	156976	S	402	76	478	0.00003
Corynebacterium aquilae	203263	S	394	53	447	0.00002
Corynebacterium incognita	2754725	S	388	73	461	0.00002
Corynebacterium matruchotii	43768	S	371	24	395	0.00002
Corynebacterium renale	1724	S	341	35	376	0.00002
Corynebacterium endometrii	2488819	S	324	53	377	0.00002
Corynebacterium urogenitale	2487892	S	297	45	342	0.00002
Corynebacterium kalinowskii	2675216	S	294	134	428	0.00002
Corynebacterium flavescens	28028	S	291	70	361	0.00002
Corynebacterium singulare	161899	S	286	199	485	0.00003
Corynebacterium epidermidicanis	1050174	S	275	39	314	0.00002
Corynebacterium simulans	146827	S	264	123	387	0.00002
Corynebacterium camporealensis	161896	S	264	51	315	0.00002
Corynebacterium lizhenjunii	2709394	S	250	38	288	0.00002
Corynebacterium cystitidis	35757	S	244	13	257	0.00001
Corynebacterium phocae	161895	S	243	30	273	0.00001
Corynebacterium minutissimum	38301	S	237	129	366	0.00002
Corynebacterium gerontici	2079234	S	215	32	247	0.00001
Corynebacterium stationis	1705	S	214	36	250	0.00001
Corynebacterium propinquum	43769	S	214	67	281	0.00002
Corynebacterium argentoratense	42817	S	191	37	228	0.00001
Corynebacterium deserti	1408191	S	178	45	223	0.00001
Corynebacterium macginleyi	38290	S	178	32	210	0.00001
Corynebacterium pelargi	1471400	S	163	34	197	0.00001
Corynebacterium diphtheriae	1717	S	162	210	372	0.00002
Corynebacterium resistens	258224	S	155	71	226	0.00001
Corynebacterium kefirresidentii	1979527	S	153	73	226	0.00001
Corynebacterium choanae	1862358	S	148	14	162	0.00001
Corynebacterium casei	160386	S	143	147	290	0.00002
Corynebacterium glutamicum	1718	S	142	8237	8379	0.00045
Corynebacterium ulcerans	65058	S	135	43	178	0.00001
Corynebacterium pseudodiphtheriticum	37637	S	132	28	160	0.00001
Corynebacterium pseudopelargi	2080757	S	131	28	159	0.00001
Corynebacterium anserum	2684406	S	111	11	122	0.00001
Corynebacterium ammoniagenes	1697	S	109	16	125	0.00001
Corynebacterium suranareeae	2506452	S	96	18	114	0.00001
Corynebacterium hindlerae	699041	S	95	76	171	0.00001
Corynebacterium amycolatum	43765	S	94	360	454	0.00002
Corynebacterium accolens	38284	S	90	97	187	0.00001
Corynebacterium pseudotuberculosis	1719	S	84	27	111	0.00001
Corynebacterium segmentosum	43990	S	79	84	163	0.00001
Corynebacterium crudilactis	1652495	S	72	72	144	0.00001
Corynebacterium mustelae	571915	S	70	5	75	0.00000
Corynebacterium silvaticum	2320431	S	69	18	87	0.00000
Corynebacterium rouxii	2719119	S	65	20	85	0.00000
Corynebacterium callunae	1721	S	54	13	67	0.00000
Corynebacterium kutscheri	35755	S	28	3	31	0.00000
Gordonia sp. PP30	2935861	S	2698	745	3443	0.00019
Gordonia sp. KTR9	337191	S	2277	465	2742	0.00015
Gordonia sp. YC-JH1	2059875	S	1954	1390	3344	0.00018
Gordonia sp. PDNC005	2811424	S	1687	250	1937	0.00010
Gordonia sp. WA4-43	2878678	S	336	1123	1459	0.00008
Gordonia sp. JH63	2698900	S	320	1016	1336	0.00007
Gordonia sp. 135	2676309	S	172	1108	1280	0.00007
Gordonia sp. 1D	1737359	S	61	884	945	0.00005
Gordonia polyisoprenivorans	84595	S	4524	899	5423	0.00029
Gordonia terrae	2055	S	4235	2369	6604	0.00036
Gordonia insulae	2420509	S	2662	375	3037	0.00016
Gordonia phthalatica	1136941	S	2392	945	3337	0.00018
Gordonia amarae	36821	S	2317	465	2782	0.00015
Gordonia bronchialis	2054	S	2260	532	2792	0.00015
Gordonia jinghuaiqii	2758710	S	2151	421	2572	0.00014
Gordonia iterans	1004901	S	2097	718	2815	0.00015
Gordonia pseudoamarae	2831662	S	1912	363	2275	0.00012
Gordonia rubripertincta	36822	S	1906	1106	3012	0.00016
Gordonia otitidis	249058	S	1651	271	1922	0.00010
Gordonia zhaorongruii	2597659	S	1461	262	1723	0.00009
Gordonia alkanivorans	84096	S	506	1804	2310	0.00012
Gordonia amicalis	89053	S	412	2878	3290	0.00018
Gordonia hongkongensis	1701090	S	303	916	1219	0.00007
Skermania piniformis	39122	S	2409	302	2711	0.00015
Tsukamurella paurometabola	2061	S	4379	2192	6571	0.00035
Tsukamurella tyrosinosolvens	57704	S	3624	1640	5264	0.00028
Tsukamurella pulmonis	47312	S	2726	991	3717	0.00020
Tsukamurella sp. PLM1	2929795	S	2693	894	3587	0.00019
Dietzia sp. oral taxon 368	712270	S	1504	2811	4315	0.00023
Dietzia lutea	546160	S	1788	1059	2847	0.00015
Dietzia psychralcaliphila	139021	S	1769	518	2287	0.00012
Dietzia timorensis	499555	S	1322	757	2079	0.00011
Tomitella gaofuii	2760083	S	2733	844	3577	0.00019
Tomitella fengzijianii	2597660	S	2400	799	3199	0.00017
Segniliparus rotundus	286802	S	1397	80	1477	0.00008
Lawsonella clevelandensis	1528099	S	224	26	250	0.00001
Nocardioides sp. G188	2849501	S	23873	8078	31951	0.00172
Nocardioides sp. LMS-CY	2840457	S	18408	6727	25135	0.00136
Nocardioides sp. zg-1228	2763008	S	18010	8843	26853	0.00145
Nocardioides sp. JS614	196162	S	16710	5547	22257	0.00120
Nocardioides sp. S5	2017486	S	16253	9220	25473	0.00137
Nocardioides sp. HDW12B	2714939	S	15495	5587	21082	0.00114
Nocardioides sp. SCSIO 67246	2872154	S	14187	4165	18352	0.00099
Nocardioides sp. TF02-7	2917724	S	13098	4716	17814	0.00096
Nocardioides sp. W7	2931390	S	12364	4693	17057	0.00092
Nocardioides sp. cx-173	2898796	S	11663	4470	16133	0.00087
Nocardioides sp. zg-579	2663857	S	11337	6417	17754	0.00096
Nocardioides sp. InS609-2	2760705	S	11155	2859	14014	0.00076
Nocardioides sp. S-1144	2582905	S	10999	4715	15714	0.00085
Nocardioides sp. CF8	110319	S	10982	5130	16112	0.00087
Nocardioides sp. 603	2483798	S	9760	5049	14809	0.00080
Nocardioides sp. MC1495	2736757	S	9190	3631	12821	0.00069
Nocardioides sp. JQ2195	2592334	S	8555	1983	10538	0.00057
Nocardioides sp. zg-536	2803858	S	6993	3378	10371	0.00056
Nocardioides sp. WS12	2486272	S	6229	1220	7449	0.00040
Nocardioides sp. ZJ1313	2685869	S	6039	7458	13497	0.00073
Nocardioides sp. dk884	2662361	S	6038	7395	13433	0.00072
Nocardioides sp. Kera G14	2884264	S	5169	1191	6360	0.00034
Nocardioides mesophilus	433659	S	21280	7082	28362	0.00153
Nocardioides euryhalodurans	2518370	S	16722	5681	22403	0.00121
Nocardioides ungokensis	1643322	S	14910	5810	20720	0.00112
Nocardioides okcheonensis	2894081	S	14230	7292	21522	0.00116
Nocardioides anomalus	2712223	S	13902	4675	18577	0.00100
Nocardioides cynanchi	2558918	S	12139	3186	15325	0.00083
Nocardioides dongkuii	2760089	S	10359	5748	16107	0.00087
Nocardioides rotundus	1774216	S	9532	4067	13599	0.00073
Nocardioides humi	449461	S	9531	3536	13067	0.00071
Nocardioides seonyuensis	2518371	S	9167	2749	11916	0.00064
Nocardioides aromaticivorans	200618	S	8704	3683	12387	0.00067
Nocardioides aquaticus	160826	S	8652	2950	11602	0.00063
Nocardioides marinisabuli	419476	S	8413	5238	13651	0.00074
Nocardioides dokdonensis	450734	S	7783	4096	11879	0.00064
Nocardioides piscis	2714938	S	7532	3235	10767	0.00058
Nocardioides sambongensis	2589074	S	7411	2355	9766	0.00053
Nocardioides houyundeii	2045452	S	7081	2405	9486	0.00051
Nocardioides panacisoli	627624	S	6589	1797	8386	0.00045
Nocardioides daphniae	402297	S	5038	2567	7605	0.00041
Nocardioides jishulii	2575440	S	4448	1814	6262	0.00034
Nocardioides yefusunii	2500546	S	3106	998	4104	0.00022
Nocardioides baekrokdamisoli	1804624	S	2894	401	3295	0.00018
Aeromicrobium sp. Leaf245	1736306	S	4472	1513	5985	0.00032
Aeromicrobium sp. A1-2	2107713	S	3467	538	4005	0.00022
Aeromicrobium sp. zg-629	2663859	S	3303	1190	4493	0.00024
Aeromicrobium erythreum	2041	S	4556	1482	6038	0.00033
Aeromicrobium choanae	1736691	S	4479	1466	5945	0.00032
Aeromicrobium chenweiae	2079793	S	4478	1668	6146	0.00033
Aeromicrobium marinum	219314	S	4135	979	5114	0.00028
Aeromicrobium yanjiei	2662028	S	3862	1337	5199	0.00028
Marmoricola scoriae	642780	S	9506	3911	13417	0.00072
Friedmanniella luteola	546871	S	9119	1991	11110	0.00060
Pimelobacter simplex	2045	S	7499	3065	10564	0.00057
Mumia sp. ZJ1417	2708082	S	5414	1024	6438	0.00035
Micropruina glycogenica	75385	S	3129	493	3622	0.00020
Microlunatus sagamiharensis	546874	S	7425	1905	9330	0.00050
Microlunatus phosphovorus	29405	S	6460	858	7318	0.00039
Microlunatus soli	630515	S	4534	547	5081	0.00027
Microlunatus elymi	2596828	S	4292	602	4894	0.00026
Microlunatus sp. Gsoil 973	2672569	S	3725	368	4093	0.00022
Tessaracoccus sp. J1M15	2829499	S	2544	775	3319	0.00018
Tessaracoccus sp. MC1865	2760310	S	2021	532	2553	0.00014
Tessaracoccus defluvii	1285901	S	2713	1723	4436	0.00024
Tessaracoccus aquimaris	1332264	S	2494	1185	3679	0.00020
Tessaracoccus flavescens	399497	S	2120	1622	3742	0.00020
Tessaracoccus flavus	1610493	S	2045	1416	3461	0.00019
Tessaracoccus timonensis	2161816	S	1273	556	1829	0.00010
Brevilactibacter coleopterorum	2714937	S	3914	1850	5764	0.00031
Brevilactibacter sp. MC1595	2819349	S	3607	1490	5097	0.00028
Acidipropionibacterium jensenii	1749	S	2214	1471	3685	0.00020
Acidipropionibacterium acidipropionici	1748	S	2147	1488	3635	0.00020
Acidipropionibacterium virtanenii	2057246	S	1518	321	1839	0.00010
Propionibacterium acidifaciens	556499	S	2312	537	2849	0.00015
Propionibacterium freudenreichii	1744	S	1852	1716	3568	0.00019
Propionibacterium australiense	119981	S	1727	303	2030	0.00011
Auraticoccus monumenti	675864	S	5214	1021	6235	0.00034
Cutibacterium avidum	33010	S	1479	384	1863	0.00010
Cutibacterium granulosum	33011	S	717	128	845	0.00005
Cutibacterium acnes	1747	S	546	8598	9144	0.00049
Cutibacterium modestum	2559073	S	356	34	390	0.00002
Raineyella fluvialis	2662261	S	3065	439	3504	0.00019
Arachnia propionica	1750	S	1851	229	2080	0.00011
Arachnia rubra	1547448	S	1045	126	1171	0.00006
Vaginimicrobium propionicum	1871034	S	115	45	160	0.00001
Kribbella flavida	182640	S	13764	3287	17051	0.00092
Kribbella qitaiheensis	1544730	S	10400	1672	12072	0.00065
Actinopolymorpha singaporensis	117157	S	7806	937	8743	0.00047
Micromonospora sp. WMMC415	2675222	S	9074	3462	12536	0.00068
Micromonospora sp. HM134	2583243	S	6161	2808	8969	0.00048
Micromonospora sp. WMMA2032	2039870	S	5850	3896	9746	0.00053
Micromonospora sp. B006	2201999	S	5076	4027	9103	0.00049
Micromonospora sp. L5	648999	S	507	5589	6096	0.00033
Micromonospora echinofusca	47858	S	10449	4829	15278	0.00082
Micromonospora echinaurantiaca	47857	S	9512	4686	14198	0.00077
Micromonospora krabiensis	307121	S	9173	3208	12381	0.00067
Micromonospora carbonacea	47853	S	9166	4142	13308	0.00072
Micromonospora terminaliae	1914461	S	9043	4648	13691	0.00074
Micromonospora echinospora	1877	S	8688	3094	11782	0.00064
Micromonospora inositola	47865	S	8557	4297	12854	0.00069
Micromonospora coriariae	285665	S	8186	2978	11164	0.00060
Micromonospora purpureochromogenes	47872	S	7543	4067	11610	0.00063
Micromonospora viridifaciens	1881	S	7315	3255	10570	0.00057
Micromonospora maris	1003110	S	7014	2189	9203	0.00050
Micromonospora coxensis	356852	S	6982	3940	10922	0.00059
Micromonospora siamensis	299152	S	6932	3377	10309	0.00056
Micromonospora sagamiensis	47875	S	6927	2706	9633	0.00052
Micromonospora ferruginea	2749844	S	6650	3917	10567	0.00057
Micromonospora auratinigra	261654	S	6570	3524	10094	0.00054
Micromonospora endophytica (Xie et al. 2001) Li et al. 2019	515350	S	6336	1984	8320	0.00045
Micromonospora chokoriensis	356851	S	6257	2068	8325	0.00045
Micromonospora zamorensis	709883	S	6220	2035	8255	0.00045
Micromonospora narathiwatensis	299146	S	5737	2749	8486	0.00046
Micromonospora rifamycinica	291594	S	5535	2538	8073	0.00044
Micromonospora craniellae	2294034	S	4933	3251	8184	0.00044
Micromonospora tulbaghiae	479978	S	3994	4432	8426	0.00045
Micromonospora aurantiaca	47850	S	2540	17897	20437	0.00110
Actinoplanes sp. N902-109	649831	S	24883	5637	30520	0.00165
Actinoplanes sp. L3-i22	2836373	S	21801	5786	27587	0.00149
Actinoplanes sp. OR16	946334	S	18910	5458	24368	0.00131
Actinoplanes sp. SE50/110	134676	S	11	19883	19894	0.00107
Actinoplanes friuliensis	196914	S	28634	4836	33470	0.00181
Actinoplanes ianthinogenes	122358	S	18203	7502	25705	0.00139
Actinoplanes missouriensis	1866	S	17515	5889	23404	0.00126
Actinoplanes teichomyceticus	1867	S	17048	7392	24440	0.00132
Actinoplanes derwentensis	113562	S	15672	2475	18147	0.00098
Phytohabitans suffuscus	624315	S	15973	4280	20253	0.00109
Phytohabitans flavus	1076124	S	13374	2762	16136	0.00087
Couchioplanes caeruleus	56438	S	31807	8595	40402	0.00218
Plantactinospora sp. KBS50	2024580	S	9831	2584	12415	0.00067
Plantactinospora sp. BC1	2108470	S	2515	7234	9749	0.00053
Plantactinospora sp. BB1	2071627	S	2292	6521	8813	0.00048
Dactylosporangium vinaceum	53362	S	21320	2507	23827	0.00129
Catellatospora sp. IY07-71	2728827	S	20499	4775	25274	0.00136
Actinocatenispora thailandica	227318	S	7257	2137	9394	0.00051
Actinocatenispora sera	390989	S	7145	2216	9361	0.00051
Polymorphospora rubra	338584	S	11589	2718	14307	0.00077
Natronosporangium hydrolyticum	2811111	S	6257	449	6706	0.00036
Verrucosispora sp. NA02020	2742132	S	4610	3827	8437	0.00046
Salinispora tropica	168695	S	3615	645	4260	0.00023
Pseudonocardia sp. DSM 110487	2865833	S	49820	7457	57277	0.00309
Pseudonocardia sp. CGMCC 4.1532	2761535	S	15884	10027	25911	0.00140
Pseudonocardia sp. HH130630-07	1690815	S	10389	3303	13692	0.00074
Pseudonocardia sp. AL041005-10	445576	S	8163	3167	11330	0.00061
Pseudonocardia sp. HH130629-09	1641402	S	6696	3029	9725	0.00052
Pseudonocardia sp. EC080625-04	1096868	S	308	8100	8408	0.00045
Pseudonocardia sp. EC080610-09	1688404	S	39	3210	3249	0.00018
Pseudonocardia sp. EC080619-01	1096856	S	25	6054	6079	0.00033
Pseudonocardia broussonetiae	2736640	S	23587	8492	32079	0.00173
Pseudonocardia dioxanivorans	240495	S	23267	6662	29929	0.00161
Pseudonocardia abyssalis	2792008	S	12003	6830	18833	0.00102
Pseudonocardia autotrophica	2074	S	11145	3245	14390	0.00078
Amycolatopsis sp. DSM 110486	2865832	S	10559	2251	12810	0.00069
Amycolatopsis sp. Hca4	2742131	S	9117	3563	12680	0.00068
Amycolatopsis sp. WQ 127309	2932773	S	9021	2677	11698	0.00063
Amycolatopsis sp. FDAARGOS 1241	2778070	S	8816	2050	10866	0.00059
Amycolatopsis sp. YIM 10	2653857	S	7367	2314	9681	0.00052
Amycolatopsis sp. CA-230715	2745196	S	7365	1203	8568	0.00046
Amycolatopsis sp. FU40	2914159	S	4823	2263	7086	0.00038
Amycolatopsis sp. AA4	1896961	S	4302	2351	6653	0.00036
Amycolatopsis sp. BJA-103	1911175	S	4279	1847	6126	0.00033
Amycolatopsis sp. TNS106	2861750	S	3440	2191	5631	0.00030
Amycolatopsis sp. EV170708-02-1	2919322	S	2662	2861	5523	0.00030
Amycolatopsis acidiphila	715473	S	9469	2163	11632	0.00063
Amycolatopsis mediterranei	33910	S	8957	8223	17180	0.00093
Amycolatopsis pretoriensis	218821	S	7899	2714	10613	0.00057
Amycolatopsis keratiniphila	129921	S	4085	3706	7791	0.00042
Amycolatopsis japonica	208439	S	2278	2352	4630	0.00025
Amycolatopsis thermalba	944492	S	6871	3077	9948	0.00054
Amycolatopsis methanolica	1814	S	6757	2883	9640	0.00052
Amycolatopsis albispora	1804986	S	6653	4153	10806	0.00058
Amycolatopsis aidingensis	2842453	S	5698	726	6424	0.00035
Amycolatopsis orientalis	31958	S	4712	1727	6439	0.00035
Saccharopolyspora erythraea	1836	S	13366	4852	18218	0.00098
Saccharopolyspora gregorii	33914	S	8294	1819	10113	0.00055
Saccharopolyspora spinosa	60894	S	3163	1959	5122	0.00028
Saccharopolyspora pogona	333966	S	2684	3012	5696	0.00031
Saccharopolyspora sp. ASAGF58	2719023	S	1800	2241	4041	0.00022
Saccharothrix syringae	103733	S	10881	4090	14971	0.00081
Saccharothrix sp. 6-C	2781735	S	9963	3684	13647	0.00074
Saccharothrix espanaensis	103731	S	8777	2808	11585	0.00063
Lentzea guizhouensis	1586287	S	24663	5620	30283	0.00163
Saccharomonospora viridis	1852	S	5343	888	6231	0.00034
Saccharomonospora marina	632569	S	4678	1238	5916	0.00032
Saccharomonospora azurea	40988	S	3629	1171	4800	0.00026
Saccharomonospora cyanea	40989	S	3135	1252	4387	0.00024
Saccharomonospora xinjiangensis	75294	S	2841	515	3356	0.00018
Saccharomonospora glauca	40990	S	2355	906	3261	0.00018
Kutzneria sp. CA-103260	2802641	S	10306	2405	12711	0.00069
Kutzneria albida	43357	S	7861	1961	9822	0.00053
Kibdelosporangium phytohabitans	860235	S	12420	1618	14038	0.00076
Allokutzneria albata	211114	S	11044	2847	13891	0.00075
Actinoalloteichus hoggarensis	1470176	S	3573	517	4090	0.00022
Actinoalloteichus hymeniacidonis	340345	S	2925	300	3225	0.00017
Actinoalloteichus sp. GBA129-24	1612551	S	173	2169	2342	0.00013
Actinoalloteichus fjordicus	1612552	S	141	2135	2276	0.00012
Actinosynnema pretiosum	42197	S	3235	6632	9867	0.00053
Actinosynnema mirum	40567	S	334	3400	3734	0.00020
Alloactinosynnema sp. L-07	1653480	S	6366	1522	7888	0.00043
Prauserella marina	530584	S	3771	372	4143	0.00022
Allosaccharopolyspora coralli	2665642	S	3386	795	4181	0.00023
Geodermatophilus obscurus	1861	S	152954	50613	203567	0.01098
Blastococcus sp. PRF04-17	2933797	S	69702	24188	93890	0.00507
Blastococcus saxobsidens	138336	S	49880	15389	65269	0.00352
Modestobacter marinus	477641	S	39078	13828	52906	0.00285
Modestobacter sp. L9-4	2851567	S	23004	9059	32063	0.00173
Nonomuraea nitratireducens	2656914	S	14713	3382	18095	0.00098
Nonomuraea sp. ATCC 55076	1909395	S	14009	4877	18886	0.00102
Nonomuraea gerenzanensis	93944	S	13526	4934	18460	0.00100
Nonomuraea coxensis	404386	S	12766	3919	16685	0.00090
Streptosporangium roseum	2001	S	35225	9054	44279	0.00239
Streptosporangium sp. 'caverna'	2202249	S	11088	2244	13332	0.00072
Thermobispora bispora	2006	S	6574	1609	8183	0.00044
Actinomadura sp. WMMB 499	1219491	S	21670	5502	27172	0.00147
Actinomadura sp. NAK00032	2742128	S	14798	5618	20416	0.00110
Actinomadura sp. WMMA1423	2591108	S	10786	3445	14231	0.00077
Actinomadura madurae	1993	S	14588	4795	19383	0.00105
Actinomadura verrucosospora	46165	S	11684	3843	15527	0.00084
Actinomadura graeca	2750812	S	9028	2255	11283	0.00061
Thermomonospora amylolytica	1411117	S	8044	3142	11186	0.00060
Thermomonospora curvata	2020	S	5344	1653	6997	0.00038
Nocardiopsis dassonvillei	2014	S	14192	8310	22502	0.00121
Nocardiopsis sp. MT53	2865672	S	5662	1349	7011	0.00038
Nocardiopsis sp. HDS12	2831968	S	2977	1621	4598	0.00025
Nocardiopsis gilva	280236	S	4056	837	4893	0.00026
Nocardiopsis alba	53437	S	3091	561	3652	0.00020
Thermobifida alba	53522	S	3606	1450	5056	0.00027
Thermobifida halotolerans	483545	S	3379	1110	4489	0.00024
Thermobifida fusca	2021	S	2218	388	2606	0.00014
Streptomonospora litoralis	2498135	S	4773	953	5726	0.00031
Spiractinospora alimapuensis	2820884	S	3451	236	3687	0.00020
Actinomyces sp. oral taxon 414	712122	S	1616	342	1958	0.00011
Actinomyces sp. MAS-1	2755559	S	1177	241	1418	0.00008
Actinomyces sp. Z16	2079536	S	987	363	1350	0.00007
Actinomyces sp. Chiba101	1851395	S	858	416	1274	0.00007
Actinomyces sp. 432	2057798	S	735	169	904	0.00005
Actinomyces sp. oral taxon 171	706438	S	440	353	793	0.00004
Actinomyces sp. oral taxon 169	712116	S	255	470	725	0.00004
Actinomyces sp. oral taxon 897	2081702	S	214	624	838	0.00005
Actinomyces sp. HMT897	2789424	S	185	529	714	0.00004
Actinomyces sp. HMT 175	2789425	S	156	655	811	0.00004
Actinomyces sp. zg-332	2708340	S	22	4	26	0.00000
Actinomyces radicidentis	111015	S	2057	875	2932	0.00016
Actinomyces howellii	52771	S	1754	285	2039	0.00011
Actinomyces slackii	52774	S	1145	201	1346	0.00007
Actinomyces respiraculi	2744574	S	1127	290	1417	0.00008
Actinomyces procaprae	2560010	S	984	376	1360	0.00007
Actinomyces faecalis	2722820	S	844	127	971	0.00005
Actinomyces weissii	675090	S	828	170	998	0.00005
Actinomyces viscosus	1656	S	797	347	1144	0.00006
Actinomyces qiguomingii	2057800	S	771	111	882	0.00005
Actinomyces naeslundii	1655	S	679	393	1072	0.00006
Actinomyces wuliandei	2057743	S	623	175	798	0.00004
Actinomyces marmotae	2737173	S	542	312	854	0.00005
Actinomyces oris	544580	S	535	1605	2140	0.00012
Actinomyces gaoshouyii	1960083	S	520	278	798	0.00004
Actinomyces lilanjuaniae	2321394	S	474	122	596	0.00003
Actinomyces trachealis	2763540	S	377	76	453	0.00002
Actinomyces pacaensis	1852377	S	127	16	143	0.00001
Schaalia sp. 19OD2882	2794089	S	929	137	1066	0.00006
Schaalia sp. JY-X169	2758572	S	300	11	311	0.00002
Schaalia sp. ZJ405	2709403	S	196	20	216	0.00001
Schaalia odontolytica	1660	S	1030	250	1280	0.00007
Schaalia meyeri	52773	S	594	111	705	0.00004
Schaalia cardiffensis	181487	S	382	58	440	0.00002
Schaalia turicensis	131111	S	212	227	439	0.00002
Flaviflexus salsibiostraticola	1282737	S	1136	320	1456	0.00008
Flaviflexus sp. dk850	2758573	S	614	238	852	0.00005
Flaviflexus ciconiae	2496867	S	480	65	545	0.00003
Trueperella pecoris	2733571	S	883	269	1152	0.00006
Trueperella pyogenes	1661	S	616	369	985	0.00005
Trueperella bialowiezensis	312285	S	404	22	426	0.00002
Pauljensenia hongkongensis	178339	S	952	353	1305	0.00007
Nanchangia anserum	2692125	S	918	105	1023	0.00006
Actinobaculum sp. 313	2495645	S	423	25	448	0.00002
Actinotignum schaalii	59505	S	358	25	383	0.00002
Arcanobacterium haemolyticum	28264	S	121	57	178	0.00001
Arcanobacterium phocisimile	1302235	S	66	19	85	0.00000
Arcanobacterium phocae	131112	S	54	17	71	0.00000
Arcanobacterium sp. 2701	2722751	S	40	10	50	0.00000
Changpingibacter yushuensis	2758440	S	273	81	354	0.00002
Mobiluncus curtisii	2051	S	169	51	220	0.00001
Varibaculum sp. EMRHCC_39	2811781	S	92	29	121	0.00001
Boudabousia tangfeifanii	1912795	S	88	7	95	0.00001
Fannyhessea vaginae	82135	S	50	15	65	0.00000
Frankia inefficax	298654	S	10810	1343	12153	0.00066
Frankia sp. QA3	710111	S	4384	1953	6337	0.00034
Frankia sp. ArI3	1858	S	3347	2354	5701	0.00031
Candidatus Frankia datiscae	2716812	S	4784	675	5459	0.00029
Frankia casuarinae	106370	S	4014	449	4463	0.00024
Frankia alni	1859	S	3665	2694	6359	0.00034
Jiangella sp. DSM 45060	1798224	S	10482	3310	13792	0.00074
Jiangella alkaliphila	419479	S	10390	3152	13542	0.00073
Nakamurella multipartita	53461	S	8764	1740	10504	0.00057
Nakamurella panacisegetis	1090615	S	3665	562	4227	0.00023
Nakamurella sp. PAMC28650	2762325	S	3481	412	3893	0.00021
Nakamurella antarctica	1902245	S	645	50	695	0.00004
Bifidobacterium pseudolongum	1694	S	1242	472	1714	0.00009
Bifidobacterium scardovii	158787	S	1159	110	1269	0.00007
Bifidobacterium choerinum	35760	S	1138	495	1633	0.00009
Bifidobacterium longum	216816	S	1079	1795	2874	0.00016
Bifidobacterium bifidum	1681	S	843	1113	1956	0.00011
Bifidobacterium pullorum	78448	S	813	329	1142	0.00006
Bifidobacterium animalis	28025	S	714	604	1318	0.00007
Bifidobacterium subtile	77635	S	634	92	726	0.00004
Bifidobacterium adolescentis	1680	S	566	120	686	0.00004
Bifidobacterium asteroides	1684	S	528	177	705	0.00004
Bifidobacterium breve	1685	S	419	542	961	0.00005
Bifidobacterium thermophilum	33905	S	412	95	507	0.00003
Bifidobacterium eulemuris	1765219	S	396	85	481	0.00003
Bifidobacterium lemurum	1603886	S	383	86	469	0.00003
Bifidobacterium actinocoloniiforme	638619	S	355	12	367	0.00002
Bifidobacterium angulatum	1683	S	323	85	408	0.00002
Bifidobacterium dentium	1689	S	315	23	338	0.00002
Bifidobacterium catenulatum	1686	S	225	315	540	0.00003
Bifidobacterium pseudocatenulatum	28026	S	209	128	337	0.00002
Bifidobacterium imperatoris	2020965	S	112	56	168	0.00001
Bifidobacterium saguini	762210	S	77	34	111	0.00001
Bifidobacterium coryneforme	1687	S	40	48	88	0.00000
Bifidobacterium indicum	1691	S	38	45	83	0.00000
Parascardovia denticolens	78258	S	259	44	303	0.00002
Gardnerella vaginalis	2702	S	35	55	90	0.00000
Scardovia inopinata	78259	S	47	17	64	0.00000
Catenulispora acidiphila	304895	S	7850	1193	9043	0.00049
Jatrophihabitans sp. GAS493	1907575	S	3404	325	3729	0.00020
Jatrophihabitans telluris	2038343	S	3267	296	3563	0.00019
Stackebrandtia nassauensis	283811	S	5373	509	5882	0.00032
Natronoglycomyces albus	2811108	S	871	31	902	0.00005
Kineococcus radiotolerans	131568	S	5101	1468	6569	0.00035
Epidermidibacterium keratini	1891644	S	3273	1651	4924	0.00027
Actinopolyspora erythraea	414996	S	2681	285	2966	0.00016
Acidothermus cellulolyticus	28049	S	2162	113	2275	0.00012
Candidatus Planktophila lacus	1884913	S	87	17	104	0.00001
Candidatus Planktophila versatilis	1884905	S	86	25	111	0.00001
Candidatus Planktophila sulfonica	1884904	S	57	25	82	0.00000
Candidatus Planktophila dulcis	1884914	S	48	38	86	0.00000
Candidatus Planktophila vernalis	1884907	S	39	9	48	0.00000
Candidatus Planktophila limnetica	573600	S	35	7	42	0.00000
Candidatus Nanopelagicus hibericus	1884915	S	22	21	43	0.00000
Candidatus Nanopelagicus abundans	1884916	S	13	10	23	0.00000
Candidatus Nanopelagicus limnes	1884634	S	12	25	37	0.00000
Conexibacter sp. SYSU D00693	2812560	S	42643	10596	53239	0.00287
Conexibacter sp. S30A1	2937800	S	11767	1324	13091	0.00071
Conexibacter sp. DBS9H8	2937801	S	11609	1182	12791	0.00069
Conexibacter woesei	191495	S	53721	9805	63526	0.00343
Miltoncostaea marina	2843215	S	16445	4230	20675	0.00112
Miltoncostaea oceani	2843216	S	16210	2488	18698	0.00101
Rubrobacter tropicus	2653851	S	28302	2274	30576	0.00165
Rubrobacter xylanophilus	49319	S	25735	3459	29194	0.00158
Rubrobacter marinus	2653852	S	16832	1617	18449	0.00100
Rubrobacter radiotolerans	42256	S	6503	951	7454	0.00040
Rubrobacter indicoceani	2051957	S	3718	325	4043	0.00022
Baekduia soli	496014	S	36635	6137	42772	0.00231
Aquihabitans sp. G128	2849779	S	18658	3839	22497	0.00121
Aquihabitans sp. Kera 3	2884263	S	17447	2865	20312	0.00110
Iamia sp. SCSIO 61187	2722752	S	20742	3354	24096	0.00130
Actinomarinicola tropica	2789776	S	18779	3766	22545	0.00122
Ilumatobacter coccineus	467094	S	9359	599	9958	0.00054
Acidimicrobium ferrooxidans	53635	S	2276	185	2461	0.00013
Eggerthella lenta	84112	S	1378	1032	2410	0.00013
Eggerthella guodeyinii	2690837	S	1175	580	1755	0.00009
Eggerthella sp. YY7918	502558	S	362	168	530	0.00003
Gordonibacter pamelaeae	471189	S	689	759	1448	0.00008
Gordonibacter urolithinfaciens	1335613	S	648	509	1157	0.00006
Adlercreutzia equolifaciens	446660	S	675	411	1086	0.00006
Adlercreutzia hattorii	2707299	S	392	499	891	0.00005
Arabiibacter massiliensis	1870985	S	1415	315	1730	0.00009
Raoultibacter timonensis	1907662	S	787	66	853	0.00005
Berryella intestinalis	1531429	S	706	784	1490	0.00008
Slackia heliotrinireducens	84110	S	508	16	524	0.00003
Denitrobacterium detoxificans	79604	S	389	163	552	0.00003
Phoenicibacter congonensis	1944646	S	76	33	109	0.00001
Cryptobacterium curtum	84163	S	61	6	67	0.00000
Olsenella timonensis	1805478	S	1370	436	1806	0.00010
Olsenella uli	133926	S	747	79	826	0.00004
Olsenella sp. oral taxon 807	712411	S	525	30	555	0.00003
Parolsenella massiliensis	1871022	S	704	395	1099	0.00006
Parolsenella catena	2003188	S	626	376	1002	0.00005
Parafannyhessea umbonata	604330	S	931	569	1500	0.00008
Thermophilibacter immobilis	2779519	S	849	335	1184	0.00006
Atopobium sp. oral taxon 416	712157	S	216	24	240	0.00001
Lancefieldella parvula	1382	S	57	6	63	0.00000
Collinsella aerofaciens	74426	S	1177	642	1819	0.00010
Collinsella stercoris	147206	S	903	162	1065	0.00006
Collinsella sp. zg1085	2844380	S	42	2	44	0.00000
Coriobacterium glomerans	33871	S	589	21	610	0.00003
Egicoccus halophilus	1670830	S	6183	971	7154	0.00039
Euzebya pacifica	1608957	S	6123	527	6650	0.00036
Egibacter rhizosphaerae	1670831	S	5902	360	6262	0.00034
Priestia megaterium	1404	S	52730	54914	107644	0.00581
Priestia filamentosa	1402861	S	8373	1132	9505	0.00051
Priestia aryabhattai	412384	S	907	3662	4569	0.00025
Priestia flexa	86664	S	341	113	454	0.00002
Priestia koreensis	284581	S	134	50	184	0.00001
Priestia sp. J2	2886505	S	59	377	436	0.00002
[Brevibacterium] frigoritolerans	450367	S	8380	3032	11412	0.00062
Bacillus sp. S3	486398	S	860	265	1125	0.00006
Bacillus sp. Y1	352858	S	748	305	1053	0.00006
Bacillus sp. 1NLA3E	666686	S	528	198	726	0.00004
Bacillus sp. FJAT-22090	1581038	S	364	102	466	0.00003
Bacillus sp. FJAT-18017	1705566	S	320	91	411	0.00002
Bacillus sp. KH172YL63	2709784	S	200	73	273	0.00001
Bacillus sp. OxB-1	98228	S	175	44	219	0.00001
Bacillus sp. PAMC26568	2760090	S	174	18	192	0.00001
Bacillus sp. NSP9.1	1071078	S	170	14	184	0.00001
Bacillus sp. FJAT-42376	2014076	S	152	60	212	0.00001
Bacillus sp. SB49	1071080	S	141	25	166	0.00001
Bacillus sp. JY-23	2933872	S	140	58	198	0.00001
Bacillus sp. THAF10	2587848	S	120	43	163	0.00001
Bacillus sp. M4U3P1	2592382	S	107	14	121	0.00001
Bacillus sp. N1-1	2682541	S	68	80	148	0.00001
Bacillus sp. Cs-700	2589818	S	49	60	109	0.00001
Bacillus sp. NP247	2846779	S	24	39	63	0.00000
Bacillus sp. COPE52	2233998	S	21	33	54	0.00000
Bacillus sp. N3536	2666127	S	18	20	38	0.00000
Bacillus sp. PDNC022	2812759	S	15	71	86	0.00000
Bacillus sp. H8-1	2930532	S	15	212	227	0.00001
Bacillus sp. ZJS3	2928154	S	14	40	54	0.00000
Bacillus sp. PAMC26543	2762329	S	13	104	117	0.00001
Bacillus sp. BD59S	2499213	S	12	24	36	0.00000
Bacillus sp. N5-665	2925318	S	10	23	33	0.00000
Bacillus pseudomycoides	64104	S	1295	628	1923	0.00010
Bacillus cereus	1396	S	481	11586	12067	0.00065
Bacillus mycoides	1405	S	385	668	1053	0.00006
Bacillus thuringiensis	1428	S	247	6524	6771	0.00037
Bacillus cytotoxicus	580165	S	161	112	273	0.00001
Bacillus toyonensis	155322	S	97	900	997	0.00005
Bacillus wiedmannii	1890302	S	75	135	210	0.00001
Bacillus luti	2026191	S	36	40	76	0.00000
Bacillus nitratireducens	2026193	S	32	63	95	0.00001
Bacillus anthracis	1392	S	24	233	257	0.00001
Bacillus sp. ABP14	1892404	S	13	85	98	0.00001
Bacillus velezensis	492670	S	221	4258	4479	0.00024
Bacillus amyloliquefaciens	1390	S	115	2769	2884	0.00016
Bacillus siamensis	659243	S	29	102	131	0.00001
Bacillus mojavensis	72360	S	137	188	325	0.00002
Bacillus halotolerans	260554	S	127	387	514	0.00003
Bacillus subtilis	1423	S	236	4528	4764	0.00026
Bacillus paralicheniformis	1648923	S	182	132	314	0.00002
Bacillus atrophaeus	1452	S	100	162	262	0.00001
Bacillus licheniformis	1402	S	61	757	818	0.00004
Bacillus vallismortis	72361	S	52	71	123	0.00001
Bacillus tequilensis	227866	S	46	45	91	0.00000
Bacillus inaquosorum	483913	S	16	163	179	0.00001
Bacillus spizizenii	96241	S	11	765	776	0.00004
Bacillus safensis	561879	S	513	997	1510	0.00008
Bacillus dafuensis	1742359	S	354	136	490	0.00003
Bacillus glycinifermentans	1664069	S	324	116	440	0.00002
Bacillus pumilus	1408	S	293	315	608	0.00003
Bacillus altitudinis	293387	S	240	1107	1347	0.00007
Bacillus weihaiensis	1547283	S	242	88	330	0.00002
Bacillus infantis	324767	S	240	73	313	0.00002
Bacillus methanolicus	1471	S	233	119	352	0.00002
Bacillus aquiflavi	2672567	S	178	50	228	0.00001
Bacillus gobiensis	1441095	S	159	51	210	0.00001
Bacillus badius	1455	S	144	59	203	0.00001
Bacillus fonticola	2728853	S	115	34	149	0.00001
Bacillus smithii	1479	S	110	59	169	0.00001
Bacillus shivajii	1983719	S	83	12	95	0.00001
Bacillus rugosus	2715209	S	43	49	92	0.00000
Bacillus cabrialesii	2487276	S	36	38	74	0.00000
Metabacillus sp. KUDC1714	2745198	S	14450	5267	19717	0.00106
Metabacillus sp. B2-18	2897333	S	148	225	373	0.00002
Metabacillus sp. cB07	2806989	S	142	58	200	0.00001
Metabacillus sediminilitoris	2567941	S	1876	744	2620	0.00014
Metabacillus dongyingensis	2874282	S	782	295	1077	0.00006
Metabacillus litoralis	152268	S	232	239	471	0.00003
Metabacillus endolithicus	1535204	S	125	161	286	0.00002
Cytobacillus firmus	1399	S	1363	662	2025	0.00011
Cytobacillus oceanisediminis	665099	S	1207	689	1896	0.00010
Cytobacillus ciccensis	1670641	S	483	189	672	0.00004
Cytobacillus kochii	859143	S	309	101	410	0.00002
Cytobacillus gottheilii	859144	S	247	87	334	0.00002
Cytobacillus sp. CY-G	2901381	S	194	73	267	0.00001
Peribacillus asahii	228899	S	1569	829	2398	0.00013
Peribacillus simplex	1478	S	1388	919	2307	0.00012
Peribacillus butanolivorans	421767	S	332	110	442	0.00002
Peribacillus muralis	264697	S	166	40	206	0.00001
Peribacillus psychrosaccharolyticus	1407	S	150	55	205	0.00001
Geobacillus subterraneus	129338	S	612	457	1069	0.00006
Geobacillus stearothermophilus	1422	S	285	422	707	0.00004
Geobacillus genomosp. 3	1921421	S	279	93	372	0.00002
Geobacillus sp. 46C-IIa	1963025	S	158	82	240	0.00001
Geobacillus sp. JS12	1813182	S	22	79	101	0.00001
Geobacillus sp. Y412MC52	550542	S	18	68	86	0.00000
Geobacillus sp. GHH01	1233873	S	17	184	201	0.00001
Geobacillus sp. C56-T3	691437	S	11	50	61	0.00000
Geobacillus thermocatenulatus	33938	S	126	142	268	0.00001
Geobacillus thermoleovorans	33941	S	37	434	471	0.00003
Geobacillus kaustophilus	1462	S	11	86	97	0.00001
Geobacillus thermodenitrificans	33940	S	27	209	236	0.00001
Geobacillus zalihae	213419	S	14	108	122	0.00001
Terribacillus goriensis	386490	S	2230	380	2610	0.00014
Terribacillus aidingensis	586416	S	173	30	203	0.00001
Hydrogenibacillus sp. N12	2866627	S	2218	268	2486	0.00013
Anoxybacillus sediminis	2613334	S	1122	254	1376	0.00007
Anoxybacillus amylolyticus	294699	S	156	34	190	0.00001
Anoxybacillus flavithermus	33934	S	134	97	231	0.00001
Anoxybacillus sp. PDR2	1636720	S	22	115	137	0.00001
Anoxybacillus caldiproteolyticus	247480	S	121	27	148	0.00001
Anoxybacillus kamchatkensis	196180	S	11	58	69	0.00000
Anoxybacillus gonensis	198467	S	10	57	67	0.00000
Lysinibacillus sp. SGAir0095	2070463	S	415	175	590	0.00003
Lysinibacillus sp. PLM2	2929796	S	103	42	145	0.00001
Lysinibacillus sp. 2017	2169540	S	84	39	123	0.00001
Lysinibacillus sp. Ag94	2936682	S	68	6	74	0.00000
Lysinibacillus sp. CD3-6	2892541	S	46	18	64	0.00000
Lysinibacillus sp. YS11	2072025	S	33	78	111	0.00001
Lysinibacillus sp. ACHW1.5	2913506	S	32	66	98	0.00001
Lysinibacillus timonensis	2086577	S	206	109	315	0.00002
Lysinibacillus agricola	2590012	S	121	36	157	0.00001
Lysinibacillus fusiformis	28031	S	95	93	188	0.00001
Lysinibacillus parviboronicapiens	436516	S	70	24	94	0.00001
Lysinibacillus sphaericus	1421	S	67	76	143	0.00001
Lysinibacillus capsici	2115968	S	20	35	55	0.00000
Neobacillus drentensis	220684	S	976	464	1440	0.00008
Neobacillus mesonae	1193713	S	486	181	667	0.00004
Mesobacillus foraminis	279826	S	564	161	725	0.00004
Mesobacillus jeotgali	129985	S	342	146	488	0.00003
Mesobacillus sp. S13	2880221	S	279	131	410	0.00002
Virgibacillus sp. NKC19-16	2831673	S	143	12	155	0.00001
Virgibacillus sp. Bac332	2419842	S	106	12	118	0.00001
Virgibacillus sp. MSP4-1	2700081	S	85	18	103	0.00001
Virgibacillus sp. SK37	403957	S	59	19	78	0.00000
Virgibacillus sp. Bac330	2419841	S	35	10	45	0.00000
Virgibacillus sp. 6R	1911587	S	18	102	120	0.00001
Virgibacillus necropolis	163877	S	179	25	204	0.00001
Virgibacillus phasianinus	2017483	S	125	17	142	0.00001
Virgibacillus halodenitrificans	1482	S	108	35	143	0.00001
Virgibacillus dokdonensis	302167	S	33	10	43	0.00000
Virgibacillus pantothenticus	1473	S	19	104	123	0.00001
Alkalihalobacillus clausii	79880	S	725	137	862	0.00005
Alkalihalobacillus krulwichiae	199441	S	129	40	169	0.00001
Alkalihalobacillus sp. LMS39	2924032	S	112	25	137	0.00001
Alkalihalobacillus miscanthi	2598861	S	59	26	85	0.00000
Alkalihalobacillus lehensis	300825	S	51	22	73	0.00000
Oceanobacillus kimchii	746691	S	598	84	682	0.00004
Oceanobacillus zhaokaii	2052660	S	239	49	288	0.00002
Oceanobacillus iheyensis	182710	S	90	22	112	0.00001
Psychrobacillus sp. INOP01	2829187	S	785	264	1049	0.00006
Psychrobacillus sp. AK 1817	2303505	S	34	37	71	0.00000
Psychrobacillus glaciei	2283160	S	104	37	141	0.00001
Rossellomorea marisflavi	189381	S	633	265	898	0.00005
Rossellomorea vietnamensis	218284	S	190	80	270	0.00001
Parageobacillus caldoxylosilyticus	81408	S	181	79	260	0.00001
Parageobacillus thermoglucosidasius	1426	S	158	90	248	0.00001
Parageobacillus genomosp. 1	1295642	S	101	38	139	0.00001
Parageobacillus toebii	153151	S	98	65	163	0.00001
Parageobacillus sp. KH3-4	2916802	S	90	40	130	0.00001
Halobacillus sp. SSTM10-2	2932258	S	139	29	168	0.00001
Halobacillus sp. SSBR10-3	2932257	S	112	17	129	0.00001
Halobacillus sp. SSHM10-5	2932259	S	101	24	125	0.00001
Halobacillus litoralis	45668	S	90	19	109	0.00001
Halobacillus mangrovi	402384	S	88	17	105	0.00001
Halobacillus halophilus	1570	S	82	15	97	0.00001
Niallia circulans	1397	S	391	122	513	0.00003
Niallia sp. Man26	2912824	S	221	57	278	0.00002
Salicibibacter cibarius	2743000	S	133	29	162	0.00001
Salicibibacter kimchii	2099786	S	126	11	137	0.00001
Salicibibacter halophilus	2502791	S	111	27	138	0.00001
Salicibibacter cibi	2743001	S	81	11	92	0.00000
Sutcliffiella horikoshii	79883	S	249	71	320	0.00002
Sutcliffiella cohnii	33932	S	208	96	304	0.00002
Weizmannia coagulans	1398	S	450	221	671	0.00004
Gracilibacillus salitolerans	2663022	S	186	31	217	0.00001
Gracilibacillus sp. SSPM10-3	2932255	S	95	30	125	0.00001
Gracilibacillus sp. SSWR10-1	2932256	S	62	20	82	0.00000
Heyndrickxia oleronia	38875	S	190	75	265	0.00001
Heyndrickxia vini	1476025	S	167	53	220	0.00001
Salisediminibacterium selenitireducens	85683	S	200	29	229	0.00001
Salisediminibacterium beveridgei	632773	S	149	21	170	0.00001
Fictibacillus arsenicus	255247	S	191	40	231	0.00001
Fictibacillus phosphorivorans	1221500	S	92	18	110	0.00001
Lentibacillus amyloliquefaciens	1472767	S	111	16	127	0.00001
Lentibacillus sp. CBA3610	2518176	S	98	10	108	0.00001
Caldibacillus thermoamylovorans	35841	S	198	69	267	0.00001
Radiobacillus sp. 80	2844358	S	92	23	115	0.00001
Radiobacillus deserti	2594883	S	73	18	91	0.00000
Aeribacillus pallidus	33936	S	172	74	246	0.00001
Gottfriedia acidiceleris	371036	S	170	54	224	0.00001
Anaerobacillus isosaccharinicus	1532552	S	163	39	202	0.00001
Lederbergia lenta	1467	S	161	43	204	0.00001
Caldalkalibacillus thermarum	296745	S	160	31	191	0.00001
Pontibacillus sp. HMF3514	2692425	S	78	13	91	0.00000
Pontibacillus sp. ALD_SL1	2777185	S	71	10	81	0.00000
Alkalihalophilus pseudofirmus	79885	S	137	25	162	0.00001
Salimicrobium jeotgali	1230341	S	124	19	143	0.00001
Pradoshia sp. D12	2651284	S	123	39	162	0.00001
Halalkalibacterium halodurans	86665	S	122	91	213	0.00001
Sediminibacillus sp. DP4-553-S	2729421	S	117	21	138	0.00001
Evansella cellulosilytica	1413	S	101	15	116	0.00001
Amphibacillus xylanus	1449	S	93	17	110	0.00001
Paraliobacillus zengyii	2213194	S	90	16	106	0.00001
Mangrovibacillus cuniculi	2593652	S	77	44	121	0.00001
Paenibacillus sp. B01	2660554	S	2211	614	2825	0.00015
Paenibacillus sp. JZ16	1906272	S	1388	271	1659	0.00009
Paenibacillus sp. RUD330	2023772	S	1347	139	1486	0.00008
Paenibacillus sp. 32O-W	1695218	S	1145	108	1253	0.00007
Paenibacillus sp. sptzw28	715179	S	582	51	633	0.00003
Paenibacillus sp. H1-7	2282849	S	563	49	612	0.00003
Paenibacillus sp. R14(2021)	2859228	S	540	73	613	0.00003
Paenibacillus sp. DCT19	2211212	S	449	70	519	0.00003
Paenibacillus sp. HWE-109	1306526	S	441	36	477	0.00003
Paenibacillus sp. FSL R7-0273	1536772	S	423	58	481	0.00003
Paenibacillus sp. YPD9-1	2908839	S	373	46	419	0.00002
Paenibacillus sp. URB8-2	2741301	S	371	75	446	0.00002
Paenibacillus sp. PAMC21692	2762320	S	364	233	597	0.00003
Paenibacillus sp. BIHB4019	1870819	S	358	28	386	0.00002
Paenibacillus sp. PK3_47	2072642	S	343	45	388	0.00002
Paenibacillus sp. FSL H7-0357	1536774	S	315	38	353	0.00002
Paenibacillus sp. FSL R7-0331	1536773	S	263	38	301	0.00002
Paenibacillus sp. Y412MC10	481743	S	236	313	549	0.00003
Paenibacillus sp. 19GGS1-52	2758563	S	175	16	191	0.00001
Paenibacillus sp. JNUCC-31	2777983	S	175	40	215	0.00001
Paenibacillus sp. YPG26	2878915	S	162	31	193	0.00001
Paenibacillus sp. CAA11	1532905	S	158	29	187	0.00001
Paenibacillus sp. FSL P4-0081	1536769	S	156	61	217	0.00001
Paenibacillus sp. FSL R5-0912	1536771	S	155	54	209	0.00001
Paenibacillus sp. JNUCC-32	2777984	S	150	209	359	0.00002
Paenibacillus sp. E222	2748863	S	135	37	172	0.00001
Paenibacillus sp. IHB B 3084	867076	S	127	56	183	0.00001
Paenibacillus sp. 481	2835869	S	111	10	121	0.00001
Paenibacillus sp. 37	2607911	S	86	676	762	0.00004
Paenibacillus sp. IHBB 10380	1566358	S	73	12	85	0.00000
Paenibacillus sp. N3/727	2925845	S	70	64	134	0.00001
Paenibacillus sp. DR312	2871175	S	68	727	795	0.00004
Paenibacillus sp. FSL H7-0737	1536775	S	64	15	79	0.00000
Paenibacillus sp. FSL R5-0345	1536770	S	62	13	75	0.00000
Paenibacillus sp. Cedars	1980674	S	33	141	174	0.00001
Paenibacillus sp. M-152	2487928	S	16	181	197	0.00001
Paenibacillus sp. lzh-N1	2069255	S	13	158	171	0.00001
Paenibacillus sp. S02	2823904	S	11	64	75	0.00000
Paenibacillus mucilaginosus	61624	S	2376	156	2532	0.00014
Paenibacillus albicereus	2726185	S	1876	469	2345	0.00013
Paenibacillus lycopersici	2704462	S	1652	195	1847	0.00010
Paenibacillus rhizovicinus	2704463	S	842	108	950	0.00005
Paenibacillus macerans	44252	S	809	71	880	0.00005
Paenibacillus cellulositrophicus	562959	S	748	70	818	0.00004
Paenibacillus xylanilyticus	248903	S	731	142	873	0.00005
Paenibacillus dendritiformis	130049	S	727	107	834	0.00005
Paenibacillus konkukensis	2020716	S	709	74	783	0.00004
Paenibacillus xylanexedens	528191	S	699	388	1087	0.00006
Paenibacillus beijingensis	1126833	S	693	78	771	0.00004
Paenibacillus chitinolyticus	79263	S	598	70	668	0.00004
Paenibacillus thiaminolyticus	49283	S	581	83	664	0.00004
Paenibacillus stellifer	169760	S	568	95	663	0.00004
Paenibacillus ihbetae	1870820	S	499	65	564	0.00003
Paenibacillus durus	44251	S	492	153	645	0.00003
Paenibacillus polymyxa	1406	S	473	1386	1859	0.00010
Paenibacillus cellulosilyticus	375489	S	446	55	501	0.00003
Paenibacillus naphthalenovorans	162209	S	403	55	458	0.00002
Paenibacillus albus	2495582	S	403	53	456	0.00002
Paenibacillus donghaensis	414771	S	390	37	427	0.00002
Paenibacillus agaridevorans	171404	S	386	368	754	0.00004
Paenibacillus sabinae	365617	S	365	77	442	0.00002
Paenibacillus protaetiae	2509456	S	331	48	379	0.00002
Paenibacillus azoreducens	116718	S	314	35	349	0.00002
Paenibacillus tritici	1873425	S	309	40	349	0.00002
Paenibacillus riograndensis	483937	S	118	85	203	0.00001
Paenibacillus sonchi	373687	S	93	140	233	0.00001
Paenibacillus guangzhouensis	1473112	S	273	25	298	0.00002
Paenibacillus swuensis	1178515	S	252	36	288	0.00002
Paenibacillus algicola	2565926	S	241	38	279	0.00002
Paenibacillus lautus	1401	S	235	218	453	0.00002
Paenibacillus yonginensis	1462996	S	235	87	322	0.00002
Paenibacillus tianjinensis	2810347	S	233	35	268	0.00001
Paenibacillus peoriae	59893	S	225	971	1196	0.00006
Paenibacillus physcomitrellae	1619311	S	222	62	284	0.00002
Paenibacillus borealis	160799	S	218	60	278	0.00002
Paenibacillus sophorae	1333845	S	200	58	258	0.00001
Paenibacillus alvei	44250	S	197	24	221	0.00001
Paenibacillus barcinonensis	198119	S	179	29	208	0.00001
Paenibacillus lutimineralis	2707005	S	173	22	195	0.00001
Paenibacillus lentus	1338368	S	170	16	186	0.00001
Paenibacillus graminis	189425	S	163	67	230	0.00001
Paenibacillus bovis	1616788	S	160	20	180	0.00001
Paenibacillus baekrokdamisoli	1712516	S	158	16	174	0.00001
Paenibacillus psychroresistens	1778678	S	154	8	162	0.00001
Paenibacillus jilunlii	682956	S	153	80	233	0.00001
Paenibacillus odorifer	189426	S	129	20	149	0.00001
Paenibacillus kribbensis	172713	S	123	38	161	0.00001
Paenibacillus larvae	1464	S	117	19	136	0.00001
Paenibacillus pabuli	1472	S	114	34	148	0.00001
Paenibacillus uliginis	683737	S	98	78	176	0.00001
Paenibacillus crassostreae	1763538	S	96	14	110	0.00001
Paenibacillus terrae	159743	S	91	35	126	0.00001
Paenibacillus brasilensis	128574	S	88	33	121	0.00001
Paenibacillus antarcticus	253703	S	62	9	71	0.00000
Paenibacillus glucanolyticus	59843	S	47	208	255	0.00001
Brevibacillus marinus	2496837	S	941	146	1087	0.00006
Brevibacillus composti	2796470	S	681	163	844	0.00005
Brevibacillus agri	51101	S	651	154	805	0.00004
Brevibacillus sp. MMS20-4M-10-Y	2895522	S	397	51	448	0.00002
Brevibacillus sp. HD3.3A	2738979	S	72	292	364	0.00002
Brevibacillus sp. DP1.3A	2738867	S	52	44	96	0.00001
Brevibacillus brevis	1393	S	379	186	565	0.00003
Brevibacillus choshinensis	54911	S	331	72	403	0.00002
Brevibacillus laterosporus	1465	S	161	211	372	0.00002
Brevibacillus formosus	54913	S	55	45	100	0.00001
Brevibacillus parabrevis	54914	S	43	180	223	0.00001
Cohnella sp. LGH	1619153	S	771	297	1068	0.00006
Cohnella sp. MFER-1	2728023	S	427	72	499	0.00003
Cohnella candidum	2674991	S	1153	154	1307	0.00007
Cohnella cholangitidis	2598458	S	425	93	518	0.00003
Cohnella abietis	2507935	S	108	14	122	0.00001
Thermobacillus composti	377615	S	2234	318	2552	0.00014
Saccharibacillus brassicae	2583377	S	1366	162	1528	0.00008
Aneurinibacillus soli	1500254	S	168	243	411	0.00002
Alicyclobacillus acidocaldarius	405212	S	2380	198	2578	0.00014
Alicyclobacillus acidoterrestris	1450	S	309	47	356	0.00002
Alicyclobacillus mengziensis	2931921	S	252	17	269	0.00001
Alicyclobacillus sp. SO9	2665646	S	117	8	125	0.00001
Alicyclobacillus sp. TC	2606450	S	54	6	60	0.00000
Tumebacillus avium	1903704	S	1677	771	2448	0.00013
Tumebacillus algifaecis	1214604	S	649	251	900	0.00005
Kyrpidia spormannii	2055160	S	370	177	547	0.00003
Kyrpidia tusciae	33943	S	246	166	412	0.00002
Effusibacillus dendaii	2743772	S	190	25	215	0.00001
Novibacillus thermophilus	1471761	S	2142	279	2421	0.00013
Kroppenstedtia eburnea	714067	S	790	73	863	0.00005
Kroppenstedtia pulmonis	1380685	S	103	7	110	0.00001
Thermoactinomyces vulgaris	2026	S	743	143	886	0.00005
Staphylospora marina	2490858	S	585	91	676	0.00004
Polycladomyces abyssicola	1125966	S	392	35	427	0.00002
Laceyella sacchari	37482	S	242	54	296	0.00002
Planococcus sp. MB-3u-03	2058136	S	176	125	301	0.00002
Planococcus sp. 107-1	2908840	S	176	82	258	0.00001
Planococcus sp. PAMC 21323	1526927	S	33	16	49	0.00000
Planococcus glaciei	459472	S	336	107	443	0.00002
Planococcus lenghuensis	2213202	S	180	40	220	0.00001
Planococcus plakortidis	1038856	S	169	105	274	0.00001
Planococcus maritimus	192421	S	150	68	218	0.00001
Planococcus rifietoensis	200991	S	145	111	256	0.00001
Planococcus massiliensis	1499687	S	120	28	148	0.00001
Planococcus halotolerans	2233542	S	112	37	149	0.00001
Planococcus antarcticus	161360	S	65	21	86	0.00000
Planococcus halocryophilus	1215089	S	54	29	83	0.00000
Planococcus versutus	1302659	S	36	17	53	0.00000
Planococcus donghaensis	414778	S	32	19	51	0.00000
Sporosarcina sp. Marseille-Q4063	2810514	S	116	20	136	0.00001
Sporosarcina sp. Te-1	2818390	S	114	27	141	0.00001
Sporosarcina sp. PTS2304	2283194	S	38	10	48	0.00000
Sporosarcina sp. resist	2762563	S	32	79	111	0.00001
Sporosarcina sp. P37	1930546	S	15	47	62	0.00000
Sporosarcina sp. P33	1930764	S	11	38	49	0.00000
Sporosarcina ureae	1571	S	165	46	211	0.00001
Sporosarcina pasteurii	1474	S	51	15	66	0.00000
Sporosarcina ureilytica	298596	S	47	14	61	0.00000
Sporosarcina psychrophila	1476	S	18	53	71	0.00000
Solibacillus silvestris	76853	S	485	184	669	0.00004
Solibacillus sp. R5-41	2048654	S	87	37	124	0.00001
Ureibacillus thermosphaericus	51173	S	130	133	263	0.00001
Ureibacillus thermophilus	367743	S	49	22	71	0.00000
Paenisporosarcina antarctica	417367	S	116	37	153	0.00001
Paenisporosarcina cavernae	2320858	S	42	25	67	0.00000
Jeotgalibacillus malaysiensis	1508404	S	93	32	125	0.00001
Kurthia sp. 11kri321	1750719	S	41	23	64	0.00000
Kurthia zopfii	1650	S	23	11	34	0.00000
Viridibacillus sp. JNUCC-6	2779527	S	61	23	84	0.00000
Rummeliibacillus stabekisii	241244	S	39	20	59	0.00000
Staphylococcus aureus	1280	S	119	703	822	0.00004
Staphylococcus sp. CCM 9025	2892440	S	21	9	30	0.00000
Staphylococcus sp. 17KM0847	2583989	S	12	6	18	0.00000
Staphylococcus sp. MI 10-1553	1912064	S	11	5	16	0.00000
Staphylococcus epidermidis	1282	S	57	49	106	0.00001
Staphylococcus haemolyticus	1283	S	47	50	97	0.00001
Staphylococcus pseudintermedius	283734	S	27	28	55	0.00000
Staphylococcus delphini	53344	S	13	11	24	0.00000
Staphylococcus pettenkoferi	170573	S	37	9	46	0.00000
Staphylococcus saccharolyticus	33028	S	32	12	44	0.00000
Staphylococcus simulans	1286	S	28	11	39	0.00000
Staphylococcus capitis	29388	S	27	24	51	0.00000
Staphylococcus piscifermentans	70258	S	26	11	37	0.00000
Staphylococcus xylosus	1288	S	25	13	38	0.00000
Staphylococcus pseudoxylosus	2282419	S	24	13	37	0.00000
Staphylococcus carnosus	1281	S	23	9	32	0.00000
Staphylococcus nepalensis	214473	S	22	8	30	0.00000
Staphylococcus saprophyticus	29385	S	22	11	33	0.00000
Staphylococcus auricularis	29379	S	21	8	29	0.00000
Staphylococcus succinus	61015	S	20	7	27	0.00000
Staphylococcus agnetis	985762	S	18	7	25	0.00000
Staphylococcus lugdunensis	28035	S	18	8	26	0.00000
Staphylococcus gallinarum	1293	S	17	1	18	0.00000
Staphylococcus cohnii	29382	S	17	16	33	0.00000
Staphylococcus schleiferi	1295	S	15	33	48	0.00000
Staphylococcus chromogenes	46126	S	15	7	22	0.00000
Staphylococcus hominis	1290	S	15	12	27	0.00000
Staphylococcus simiae	308354	S	15	8	23	0.00000
Staphylococcus muscae	1294	S	15	6	21	0.00000
Staphylococcus hyicus	1284	S	14	7	21	0.00000
Staphylococcus lloydii	2781774	S	14	7	21	0.00000
Staphylococcus arlettae	29378	S	14	10	24	0.00000
Staphylococcus lutrae	155085	S	13	6	19	0.00000
Staphylococcus edaphicus	1955013	S	13	4	17	0.00000
Staphylococcus debuckii	2044912	S	13	6	19	0.00000
Staphylococcus condimenti	70255	S	12	5	17	0.00000
Staphylococcus felis	46127	S	11	5	16	0.00000
Staphylococcus pasteuri	45972	S	10	8	18	0.00000
Mammaliicoccus sciuri	1296	S	115	73	188	0.00001
Mammaliicoccus vitulinus	71237	S	28	13	41	0.00000
Mammaliicoccus stepanovicii	643214	S	25	9	34	0.00000
Mammaliicoccus lentus	42858	S	23	16	39	0.00000
Macrococcus canis	1855823	S	39	20	59	0.00000
Macrococcus brunensis	198483	S	28	8	36	0.00000
Macrococcus armenti	2875764	S	24	13	37	0.00000
Macrococcus caseolyticus	69966	S	20	53	73	0.00000
Jeotgalicoccus sp. WY2	2708346	S	56	14	70	0.00000
Jeotgalicoccus sp. ATCC 8456	946435	S	19	3	22	0.00000
Jeotgalicoccus saudimassiliensis	1461582	S	74	9	83	0.00000
Salinicoccus halodurans	407035	S	77	25	102	0.00001
Nosocomiicoccus ampullae	489910	S	32	5	37	0.00000
Abyssicoccus albus	1817405	S	16	5	21	0.00000
Exiguobacterium alkaliphilum	1428684	S	304	95	399	0.00002
Exiguobacterium sp. Helios	2735868	S	69	30	99	0.00001
Exiguobacterium sp. N4-1P	2051906	S	58	38	96	0.00001
Exiguobacterium sp. PFWT01	2829816	S	40	48	88	0.00000
Exiguobacterium sp. AT1b	360911	S	35	41	76	0.00000
Exiguobacterium sp. MH3	1399115	S	21	28	49	0.00000
Exiguobacterium sp. ZWU0009	1224749	S	10	65	75	0.00000
Exiguobacterium mexicanum	340146	S	236	78	314	0.00002
Exiguobacterium acetylicum	41170	S	93	147	240	0.00001
Exiguobacterium sibiricum	332410	S	70	33	103	0.00001
Exiguobacterium antarcticum	132920	S	59	21	80	0.00000
Gemella sp. zg-570	2840371	S	12	14	26	0.00000
Gemella haemolysans	1379	S	17	10	27	0.00000
Gemella sanguinis	84135	S	13	11	24	0.00000
Listeria monocytogenes	1639	S	147	4173	4320	0.00023
Listeria innocua	1642	S	52	71	123	0.00001
Listeria seeligeri	1640	S	32	12	44	0.00000
Listeria weihenstephanensis	1006155	S	32	7	39	0.00000
Listeria sp. PSOL-1	1844999	S	31	8	39	0.00000
Listeria grayi	1641	S	29	9	38	0.00000
Listeria ivanovii	1638	S	27	7	34	0.00000
Listeria welshimeri	1643	S	19	11	30	0.00000
Listeria marthii	529731	S	13	5	18	0.00000
Brochothrix thermosphacta	2756	S	59	19	78	0.00000
Sporolactobacillus terrae	269673	S	158	22	180	0.00001
Limosilactobacillus fermentum	1613	S	186	185	371	0.00002
Limosilactobacillus pontis	35787	S	158	84	242	0.00001
Limosilactobacillus mucosae	97478	S	81	33	114	0.00001
Limosilactobacillus reuteri	1598	S	63	53	116	0.00001
Limosilactobacillus panis	47493	S	55	22	77	0.00000
Limosilactobacillus frumenti	104955	S	13	4	17	0.00000
Lactobacillus delbrueckii	1584	S	176	358	534	0.00003
Lactobacillus sp. 3B(2020)	2695882	S	19	6	25	0.00000
Lactobacillus sp. CBA3606	2099789	S	12	9	21	0.00000
Lactobacillus amylovorus	1604	S	22	39	61	0.00000
Lactobacillus crispatus	47770	S	20	15	35	0.00000
Lactobacillus panisapium	2012495	S	15	2	17	0.00000
Lactobacillus amylolyticus	83683	S	15	8	23	0.00000
Lactobacillus kefiranofaciens	267818	S	14	18	32	0.00000
Lactobacillus acetotolerans	1600	S	13	3	16	0.00000
Lactobacillus jensenii	109790	S	13	4	17	0.00000
Lactobacillus iners	147802	S	12	16	28	0.00000
Levilactobacillus zymae	267363	S	191	59	250	0.00001
Levilactobacillus brevis	1580	S	128	44	172	0.00001
Levilactobacillus suantsaii	2292255	S	55	20	75	0.00000
Levilactobacillus koreensis	637971	S	45	6	51	0.00000
Lacticaseibacillus rhamnosus	47715	S	86	16	102	0.00001
Lacticaseibacillus casei	1582	S	73	33	106	0.00001
Lacticaseibacillus manihotivorans	88233	S	41	12	53	0.00000
Lacticaseibacillus zeae	57037	S	38	22	60	0.00000
Lacticaseibacillus paracasei	1597	S	30	115	145	0.00001
Lacticaseibacillus chiayiensis	2100821	S	30	5	35	0.00000
Lactiplantibacillus pentosus	1589	S	87	25	112	0.00001
Lactiplantibacillus plantarum	1590	S	63	93	156	0.00001
Lactiplantibacillus paraplantarum	60520	S	15	4	19	0.00000
Schleiferilactobacillus harbinensis	304207	S	189	21	210	0.00001
Weissella cibaria	137591	S	29	24	53	0.00000
Weissella confusa	1583	S	24	22	46	0.00000
Weissella soli	155866	S	22	7	29	0.00000
Weissella coleopterorum	2714949	S	18	9	27	0.00000
Weissella koreensis	165096	S	12	9	21	0.00000
Leuconostoc lactis	1246	S	23	51	74	0.00000
Leuconostoc mesenteroides	1245	S	21	15	36	0.00000
Leuconostoc pseudomesenteroides	33968	S	15	22	37	0.00000
Leuconostoc gelidum	1244	S	12	1	13	0.00000
Lentilactobacillus buchneri	1581	S	46	19	65	0.00000
Lentilactobacillus parabuchneri	152331	S	31	9	40	0.00000
Lentilactobacillus hilgardii	1588	S	27	6	33	0.00000
Lentilactobacillus kefiri	33962	S	16	5	21	0.00000
Ligilactobacillus ruminis	1623	S	36	12	48	0.00000
Ligilactobacillus agilis	1601	S	24	15	39	0.00000
Ligilactobacillus saerimneri	228229	S	17	21	38	0.00000
Ligilactobacillus salivarius	1624	S	16	11	27	0.00000
Ligilactobacillus acidipiscis	89059	S	13	5	18	0.00000
Ligilactobacillus murinus	1622	S	12	9	21	0.00000
Ligilactobacillus animalis	1605	S	11	13	24	0.00000
Oenococcus kitaharae	336988	S	81	6	87	0.00000
Oenococcus oeni	1247	S	22	5	27	0.00000
Oenococcus sicerae	2203724	S	16	0	16	0.00000
Oenococcus sp. UCMA 16435	2259623	S	10	3	13	0.00000
Companilactobacillus allii	1847728	S	16	8	24	0.00000
Companilactobacillus ginsenosidimutans	1007676	S	13	4	17	0.00000
Loigolactobacillus coryniformis	1610	S	41	39	80	0.00000
Loigolactobacillus bifermentans	1607	S	26	7	33	0.00000
Loigolactobacillus backii	375175	S	17	8	25	0.00000
Latilactobacillus curvatus	28038	S	30	15	45	0.00000
Latilactobacillus sakei	1599	S	28	11	39	0.00000
Latilactobacillus fuchuensis	164393	S	11	0	11	0.00000
Pediococcus acidilactici	1254	S	31	14	45	0.00000
Pediococcus pentosaceus	1255	S	19	8	27	0.00000
Pediococcus damnosus	51663	S	13	6	19	0.00000
Secundilactobacillus paracollinoides	240427	S	46	18	64	0.00000
Secundilactobacillus malefermentans	176292	S	25	10	35	0.00000
Furfurilactobacillus rossiae	231049	S	43	7	50	0.00000
Liquorilactobacillus mali	1618	S	13	7	20	0.00000
Liquorilactobacillus hordei	468911	S	10	6	16	0.00000
Periweissella cryptocerci	2506420	S	32	4	36	0.00000
Fructilactobacillus fructivorans	1614	S	18	4	22	0.00000
Paucilactobacillus nenjiangensis	1296540	S	10	7	17	0.00000
Amylolactobacillus amylophilus	1603	S	21	17	38	0.00000
Acetilactobacillus jinshanensis	1720083	S	18	0	18	0.00000
Lapidilactobacillus dextrinicus	51664	S	12	3	15	0.00000
Bombilactobacillus bombi	1303590	S	12	1	13	0.00000
Streptococcus sp. HKU75	2781599	S	24	10	34	0.00000
Streptococcus sp. zg-86	2664091	S	10	7	17	0.00000
Streptococcus suis	1307	S	66	289	355	0.00002
Streptococcus equi	1336	S	31	8	39	0.00000
Streptococcus dysgalactiae	1334	S	27	95	122	0.00001
Streptococcus sanguinis	1305	S	53	15	68	0.00000
Streptococcus oralis	1303	S	49	48	97	0.00001
Streptococcus gordonii	1302	S	31	11	42	0.00000
Streptococcus sobrinus	1310	S	26	4	30	0.00000
Streptococcus pantholopis	1811193	S	26	3	29	0.00000
Streptococcus pneumoniae	1313	S	26	1049	1075	0.00006
Streptococcus cristatus	45634	S	26	37	63	0.00000
Streptococcus salivarius	1304	S	25	32	57	0.00000
Streptococcus thermophilus	1308	S	24	584	608	0.00003
Streptococcus pyogenes	1314	S	23	413	436	0.00002
Streptococcus mitis	28037	S	20	18	38	0.00000
Streptococcus merionis	400065	S	19	2	21	0.00000
Streptococcus halichoeri	254785	S	19	26	45	0.00000
Streptococcus chenjunshii	2173853	S	18	1	19	0.00000
Streptococcus infantis	68892	S	17	5	22	0.00000
Streptococcus ratti	1341	S	17	2	19	0.00000
Streptococcus parasanguinis	1318	S	15	4	19	0.00000
Streptococcus ferus	1345	S	14	2	16	0.00000
Streptococcus equinus	1335	S	14	10	24	0.00000
Streptococcus himalayensis	1888195	S	12	2	14	0.00000
Streptococcus porcinus	1340	S	11	6	17	0.00000
Streptococcus halotolerans	1814128	S	10	2	12	0.00000
Streptococcus iniae	1346	S	10	3	13	0.00000
Streptococcus marmotae	1825069	S	10	2	12	0.00000
Streptococcus pluranimalium	82348	S	10	5	15	0.00000
Streptococcus respiraculi	2021971	S	10	2	12	0.00000
Lactococcus raffinolactis	1366	S	41	17	58	0.00000
Lactococcus garvieae	1363	S	19	129	148	0.00001
Lactococcus allomyrinae	2419773	S	19	4	23	0.00000
Lactococcus lactis	1358	S	18	24	42	0.00000
Floricoccus penangensis	1859475	S	11	3	14	0.00000
Enterococcus casseliflavus	37734	S	46	81	127	0.00001
Enterococcus faecium	1352	S	45	734	779	0.00004
Enterococcus avium	33945	S	45	23	68	0.00000
Enterococcus faecalis	1351	S	44	58	102	0.00001
Enterococcus gilvus	160453	S	38	15	53	0.00000
Enterococcus mundtii	53346	S	32	13	45	0.00000
Enterococcus raffinosus	71452	S	31	18	49	0.00000
Enterococcus wangshanyuanii	2005703	S	29	3	32	0.00000
Enterococcus durans	53345	S	27	25	52	0.00000
Enterococcus cecorum	44008	S	23	17	40	0.00000
Enterococcus hirae	1354	S	18	14	32	0.00000
Enterococcus saigonensis	1805431	S	16	23	39	0.00000
Enterococcus rotai	118060	S	15	0	15	0.00000
Enterococcus thailandicus	417368	S	11	5	16	0.00000
Vagococcus lutrae	81947	S	28	55	83	0.00000
Vagococcus fluvialis	2738	S	15	17	32	0.00000
Vagococcus penaei	633807	S	11	6	17	0.00000
Tetragenococcus halophilus	51669	S	34	24	58	0.00000
Tetragenococcus koreensis	290335	S	17	8	25	0.00000
Tetragenococcus osmophilus	526944	S	10	8	18	0.00000
Jeotgalibaca porci	1868793	S	29	18	47	0.00000
Jeotgalibaca arthritidis	1868794	S	25	50	75	0.00000
Jeotgalibaca sp. MA1X17-3	2908211	S	18	4	22	0.00000
Jeotgalibaca dankookensis	708126	S	23	5	28	0.00000
Jeotgalibaca ciconiae	2496265	S	19	8	27	0.00000
Carnobacterium sp. 17-4	208596	S	12	36	48	0.00000
Carnobacterium divergens	2748	S	24	5	29	0.00000
Carnobacterium maltaromaticum	2751	S	23	8	31	0.00000
Carnobacterium inhibens	147709	S	15	10	25	0.00000
Carnobacterium viridans	174587	S	14	9	23	0.00000
Dolosigranulum pigrum	29394	S	64	18	82	0.00000
Marinilactibacillus sp. 15R	1911586	S	23	8	31	0.00000
Granulicatella adiacens	46124	S	15	7	22	0.00000
Aerococcus sanguinicola	119206	S	51	9	60	0.00000
Aerococcus urinaeequi	51665	S	34	78	112	0.00001
Aerococcus urinae	1376	S	20	5	25	0.00000
Aerococcus urinaehominis	128944	S	16	2	18	0.00000
Aerococcus christensenii	87541	S	13	19	32	0.00000
Aerococcus viridans	1377	S	12	45	57	0.00000
Suicoccus acidiformans	2036206	S	27	17	44	0.00000
Abiotrophia defectiva	46125	S	22	6	28	0.00000
Ignavigranum ruoffiae	89093	S	12	1	13	0.00000
Faecalibacterium prausnitzii	853	S	1688	1655	3343	0.00018
Dysosmobacter sp. Marseille-Q4140	2830675	S	725	310	1035	0.00006
Dysosmobacter welbionis	2093857	S	510	357	867	0.00005
Flavonifractor plautii	292800	S	1074	270	1344	0.00007
Vescimonas coprocola	2714355	S	352	301	653	0.00004
Vescimonas fastidiosa	2714353	S	206	300	506	0.00003
Ethanoligenens harbinense	253239	S	533	28	561	0.00003
Ruthenibacterium lactatiformans	1550024	S	503	141	644	0.00003
Caproiciproducens sp. NJN-50	2507162	S	440	53	493	0.00003
Oscillibacter sp. NSJ-62	2763056	S	420	133	553	0.00003
Anaerotruncus colihominis	169435	S	418	220	638	0.00003
Caproicibacter fermentans	2576756	S	315	18	333	0.00002
Acutalibacter muris	1796620	S	295	14	309	0.00002
Acetivibrio saccincola	1677857	S	155	94	249	0.00001
Acetivibrio thermocellus	1515	S	60	31	91	0.00000
Acetivibrio clariflavus	288965	S	41	26	67	0.00000
Ruminococcus champanellensis	1161942	S	151	6	157	0.00001
Ruminococcus albus	1264	S	64	1	65	0.00000
Ruminococcus bicirculans	1160721	S	22	4	26	0.00000
Ruminococcus bovis	2564099	S	16	2	18	0.00000
Pusillibacter faecalis	2714358	S	226	148	374	0.00002
Caproicibacterium amylolyticum	2766537	S	101	9	110	0.00001
Caproicibacterium lactatifermentans	2666138	S	90	12	102	0.00001
Solibaculum mannosilyticum	2780922	S	153	137	290	0.00002
Thermoclostridium stercorarium	1510	S	75	49	124	0.00001
Ruminiclostridium herbifermentans	2488810	S	54	13	67	0.00000
Ruminiclostridium cellulolyticum	1521	S	17	3	20	0.00000
Pseudoclostridium thermosuccinogenes	84032	S	69	16	85	0.00000
Mageeibacillus indolicus	884684	S	36	47	83	0.00000
Monoglobus pectinilyticus	1981510	S	26	12	38	0.00000
Fastidiosipila sanguinis	236753	S	23	13	36	0.00000
Thermaerobacter sp. FW80	2546351	S	2720	547	3267	0.00018
Thermaerobacter sp. PB12/4term	2293838	S	1960	474	2434	0.00013
Thermaerobacter marianensis	73919	S	2399	574	2973	0.00016
Intestinimonas butyriciproducens	1297617	S	500	184	684	0.00004
Aminipila luticellarii	2507160	S	82	6	88	0.00000
Aminipila butyrica	433296	S	58	4	62	0.00000
Aminipila terrae	2697030	S	24	1	25	0.00000
Emergencia timonensis	1776384	S	162	54	216	0.00001
Mogibacterium pumilum	86332	S	15	12	27	0.00000
Mogibacterium diversum	114527	S	15	14	29	0.00000
Flintibacter sp. KGMB00164	2610895	S	374	44	418	0.00002
Massilistercora timonensis	2086584	S	177	172	349	0.00002
Carboxydocella thermautotrophica	178899	S	144	14	158	0.00001
Clostridium sp. SY8519	1042156	S	111	30	141	0.00001
Clostridium sp. M62/1	411486	S	83	103	186	0.00001
Clostridium sp. JN-1	2483110	S	52	7	59	0.00000
Clostridium sp. BNL1100	755731	S	38	4	42	0.00000
Clostridium sp. C5S11	704125	S	36	4	40	0.00000
Clostridium sp. 'deep sea'	2779445	S	34	0	34	0.00000
Clostridium sp. DL-VIII	641107	S	31	5	36	0.00000
Clostridium sp. C1	1155388	S	31	27	58	0.00000
Clostridium sp. JN-9	2507159	S	29	4	33	0.00000
Clostridium sp. BJN0001	2930219	S	22	5	27	0.00000
Clostridium sp. AWRP	2212991	S	15	8	23	0.00000
Clostridium sp. MD294	97138	S	12	0	12	0.00000
Clostridium sp. 001	1970093	S	10	8	18	0.00000
Clostridium botulinum	1491	S	173	176	349	0.00002
Clostridium perfringens	1502	S	144	39	183	0.00001
Clostridium pasteurianum	1501	S	75	11	86	0.00000
Clostridium tetani	1513	S	74	17	91	0.00000
Clostridium baratii	1561	S	67	18	85	0.00000
Clostridium beijerinckii	1520	S	57	114	171	0.00001
Clostridium aceticum	84022	S	55	5	60	0.00000
Clostridium saccharoperbutylacetonicum	36745	S	52	10	62	0.00000
Clostridium cellulovorans	1493	S	51	7	58	0.00000
Clostridium argentinense	29341	S	51	7	58	0.00000
Clostridium butyricum	1492	S	49	8	57	0.00000
Clostridium manihotivorum	2320868	S	48	5	53	0.00000
Clostridium saccharobutylicum	169679	S	41	7	48	0.00000
Clostridium kluyveri	1534	S	39	2	41	0.00000
Clostridium formicaceticum	1497	S	39	7	46	0.00000
Clostridium intestinale	36845	S	38	4	42	0.00000
Clostridium fermenticellae	2068654	S	38	4	42	0.00000
Clostridium tyrobutyricum	1519	S	35	3	38	0.00000
Clostridium gasigenes	94869	S	35	6	41	0.00000
Clostridium isatidis	182773	S	33	14	47	0.00000
Clostridium estertheticum	238834	S	31	5	36	0.00000
Clostridium chauvoei	46867	S	31	8	39	0.00000
Clostridium septicum	1504	S	31	8	39	0.00000
Clostridium thermarum	1716543	S	29	16	45	0.00000
Clostridium bornimense	1216932	S	29	9	38	0.00000
Clostridium cadaveris	1529	S	27	6	33	0.00000
Clostridium sporogenes	1509	S	25	145	170	0.00001
Clostridium cochlearium	1494	S	23	6	29	0.00000
Clostridium novyi	1542	S	22	141	163	0.00001
Clostridium taeniosporum	394958	S	20	3	23	0.00000
Clostridium scatologenes	1548	S	19	17	36	0.00000
Clostridium carboxidivorans	217159	S	19	4	23	0.00000
Clostridium drakei	332101	S	14	10	24	0.00000
Clostridium acetobutylicum	1488	S	11	0	11	0.00000
Alkaliphilus oremlandii	461876	S	98	26	124	0.00001
Alkaliphilus sp. B6464	2731219	S	90	23	113	0.00001
Alkaliphilus metalliredigens	208226	S	33	6	39	0.00000
Hungatella hathewayi	154046	S	197	7	204	0.00001
Crassaminicella thermophila	2599308	S	34	10	44	0.00000
Crassaminicella profunda	1286698	S	32	6	38	0.00000
Crassaminicella sp. 143-21	2855394	S	14	6	20	0.00000
Paraclostridium bifermentans	1490	S	47	13	60	0.00000
Geosporobacter ferrireducens	1424294	S	45	7	52	0.00000
Candidatus Arthromitus sp. SFB-rat-Yit	1041504	S	11	28	39	0.00000
Caloramator sp. E03	2576307	S	32	3	35	0.00000
Serpentinicella alkaliphila	1734049	S	28	4	32	0.00000
Hathewaya histolytica	1498	S	19	6	25	0.00000
Symbiobacterium thermophilum	2734	S	3249	269	3518	0.00019
[Clostridium] hylemonae	89153	S	162	44	206	0.00001
[Clostridium] scindens	29347	S	157	62	219	0.00001
Lachnoclostridium phocaeense	1871021	S	144	117	261	0.00001
Lachnoclostridium sp. YL32	1834196	S	32	55	87	0.00000
Lachnoclostridium phytofermentans	66219	S	24	1	25	0.00000
Blautia producta	33035	S	109	22	131	0.00001
Blautia sp. NBRC 113351	2877527	S	62	65	127	0.00001
Blautia sp. SC05B48	2479767	S	17	45	62	0.00000
Blautia pseudococcoides	1796616	S	58	8	66	0.00000
Blautia liquoris	2779518	S	39	3	42	0.00000
Blautia obeum	40520	S	30	28	58	0.00000
Blautia argi	1912897	S	21	18	39	0.00000
Blautia hansenii	1322	S	16	11	27	0.00000
Blautia massiliensis	1737424	S	14	29	43	0.00000
Lachnospiraceae bacterium NSJ-38	2763669	S	115	43	158	0.00001
Lachnospiraceae bacterium NSJ-29	2763667	S	111	32	143	0.00001
Lachnospiraceae bacterium sunii NSJ-8	2763672	S	81	62	143	0.00001
Lachnospiraceae bacterium NSJ-4	2763670	S	44	44	88	0.00000
Anaerocolumna cellulosilytica	433286	S	157	8	165	0.00001
Anaerocolumna chitinilytica	1727145	S	42	1	43	0.00000
Anaerocolumna sedimenticola	2696063	S	29	2	31	0.00000
Roseburia hominis	301301	S	138	146	284	0.00002
Roseburia intestinalis	166486	S	39	30	69	0.00000
Roseburia sp. NSJ-69	2763062	S	14	7	21	0.00000
Enterocloster bolteae	208479	S	172	54	226	0.00001
Enterocloster clostridioformis	1531	S	25	76	101	0.00001
Coprococcus comes	410072	S	53	57	110	0.00001
Coprococcus catus	116085	S	36	20	56	0.00000
Coprococcus sp. ART55/1	751585	S	28	25	53	0.00000
Coprococcus eutactus	33043	S	16	16	32	0.00000
Lacrimispora sphenoides	29370	S	68	13	81	0.00000
Lacrimispora saccharolytica	84030	S	51	14	65	0.00000
Anaerostipes caccae	105841	S	43	10	53	0.00000
Anaerostipes rhamnosivorans	1229621	S	40	15	55	0.00000
Anaerostipes hadrus	649756	S	30	27	57	0.00000
Butyrivibrio fibrisolvens	831	S	48	12	60	0.00000
Butyrivibrio proteoclasticus	43305	S	32	6	38	0.00000
Butyrivibrio hungatei	185008	S	14	2	16	0.00000
Herbinix luporum	1679721	S	92	61	153	0.00001
[Ruminococcus] gnavus	33038	S	50	35	85	0.00000
[Ruminococcus] torques	33039	S	21	18	39	0.00000
Anaerotignum propionicum	28446	S	66	6	72	0.00000
Sellimonas intestinalis	1653434	S	50	27	77	0.00000
Anaerobutyricum hallii	39488	S	44	16	60	0.00000
Novisyntrophococcus fermenticellae	2068655	S	40	5	45	0.00000
Dorea longicatena	88431	S	30	30	60	0.00000
Lachnospira eligens	39485	S	24	4	28	0.00000
Lachnoanaerobaculum umeaense	617123	S	21	5	26	0.00000
Pseudobutyrivibrio xylanivorans	185007	S	20	1	21	0.00000
Faecalicatena sp. Marseille-Q4148	2823316	S	18	8	26	0.00000
Candidatus Desulforudis audaxviator	471827	S	867	50	917	0.00005
Desulforamulus ruminis	1564	S	172	25	197	0.00001
Desulforamulus ferrireducens	1833852	S	144	93	237	0.00001
Desulforamulus reducens	59610	S	55	12	67	0.00000
Acididesulfobacillus acetoxydans	1561005	S	300	11	311	0.00002
Candidatus Formimonas warabiya	1761012	S	183	11	194	0.00001
Desulfofarcimen acetoxidans	58138	S	99	11	110	0.00001
Thermanaerosceptrum fracticalcis	1712410	S	99	14	113	0.00001
Dehalobacterium formicoaceticum	51515	S	90	17	107	0.00001
Christensenella sp. Marseille-P3954	2086585	S	799	392	1191	0.00006
Christensenella minuta	626937	S	224	60	284	0.00002
Heliomicrobium modesticaldum	35701	S	921	435	1356	0.00007
Heliorestis convoluta	356322	S	56	3	59	0.00000
Desulfosporosinus youngiae	339862	S	93	33	126	0.00001
Desulfosporosinus orientis	1563	S	86	21	107	0.00001
Desulfosporosinus acidiphilus	885581	S	57	12	69	0.00000
Desulfosporosinus meridiei	79209	S	55	23	78	0.00000
Desulfitobacterium hafniense	49338	S	154	21	175	0.00001
Desulfitobacterium metallireducens	142877	S	57	12	69	0.00000
Desulfitobacterium dichloroeliminans	233055	S	54	49	103	0.00001
Desulfitobacterium dehalogenans	36854	S	49	8	57	0.00000
Dehalobacter restrictus	55583	S	42	76	118	0.00001
Syntrophobotulus glycolicus	51197	S	71	5	76	0.00000
Eubacterium limosum	1736	S	94	105	199	0.00001
Eubacterium callanderi	53442	S	58	52	110	0.00001
Eubacterium sp. c-25	2841037	S	24	12	36	0.00000
Eubacterium sp. MSJ-33	2841528	S	23	14	37	0.00000
Eubacterium maltosivorans	2041044	S	31	144	175	0.00001
Acetobacterium sp. KB-1	2184575	S	113	32	145	0.00001
Acetobacterium wieringae	52694	S	83	43	126	0.00001
Acetobacterium woodii	33952	S	43	8	51	0.00000
Alkalibacter sp. ES005	2815577	S	91	5	96	0.00001
Romboutsia ilealis	1115758	S	278	121	399	0.00002
Romboutsia sp. CE17	2724150	S	43	17	60	0.00000
Romboutsia hominis	1507512	S	30	10	40	0.00000
Clostridioides difficile	1496	S	64	415	479	0.00003
Clostridioides sp. ES-S-0054-01	2770780	S	11	10	21	0.00000
Peptoclostridium acidaminophilum	1731	S	76	12	88	0.00000
Terrisporobacter sp. MCA3	2813371	S	68	10	78	0.00000
Paeniclostridium sordellii	1505	S	55	12	67	0.00000
Tepidibacter sp. 8C15b	2925782	S	26	5	31	0.00000
Filifactor alocis	143361	S	22	29	51	0.00000
Acetoanaerobium sticklandii	1511	S	21	1	22	0.00000
Peptacetobacter hiranonis	89152	S	17	4	21	0.00000
Syntrophothermus lipocalidus	86170	S	156	12	168	0.00001
Syntrophomonas wolfei	863	S	82	13	95	0.00001
Candidatus Contubernalis alkalaceticum	338645	S	66	3	69	0.00000
Candidatus Syntrophocurvum alkaliphilum	2293317	S	22	4	26	0.00000
Desulfoscipio gibsoniae	102134	S	211	17	228	0.00001
Desulfotomaculum nigrificans	1565	S	118	48	166	0.00001
Thermincola potens	863643	S	103	8	111	0.00001
Vallitalea pronyensis	1348613	S	33	3	36	0.00000
Vallitalea guaymasensis	1185412	S	26	3	29	0.00000
Petrocella atlantisensis	2173034	S	37	5	42	0.00000
Caloranaerobacter azorensis	116090	S	81	11	92	0.00000
Alkalicella caledoniensis	2731377	S	39	5	44	0.00000
Moorella sp. Hama-1	2138101	S	460	85	545	0.00003
Moorella thermoacetica	1525	S	396	61	457	0.00002
Moorella glycerini	55779	S	315	27	342	0.00002
Ammonifex degensii	42838	S	525	18	543	0.00003
Gelria sp. Kuro-4	2796927	S	1113	79	1192	0.00006
Thermacetogenium phaeum	85874	S	447	400	847	0.00005
Carboxydothermus hydrogenoformans	129958	S	183	15	198	0.00001
Thermoanaerobacter mathranii	583357	S	49	116	165	0.00001
Thermoanaerobacter kivui	2325	S	19	15	34	0.00000
Thermanaeromonas toyohensis	161154	S	139	4	143	0.00001
Caldanaerobacter subterraneus	911092	S	66	67	133	0.00001
Caldicellulosiruptor changbaiensis	1222016	S	32	50	82	0.00000
Caldicellulosiruptor acetigenus	301953	S	22	16	38	0.00000
Caldicellulosiruptor saccharolyticus	44001	S	14	19	33	0.00000
Thermoanaerobacterium thermosaccharolyticum	1517	S	40	91	131	0.00001
Zhaonella formicivorans	2528593	S	127	18	145	0.00001
Mahella australiensis	252966	S	96	48	144	0.00001
Thermodesulfobium acidiphilum	1794699	S	25	32	57	0.00000
Thermodesulfobium narugense	184064	S	11	14	25	0.00000
Iocasia fonsfrigidae	2682810	S	156	12	168	0.00001
Halothermothrix orenii	31909	S	82	10	92	0.00000
Halanaerobium praevalens	2331	S	22	18	40	0.00000
Halanaerobium hydrogeniformans	656519	S	14	9	23	0.00000
Anoxybacter fermentans	1323375	S	148	32	180	0.00001
Halobacteroides halobius	42422	S	63	11	74	0.00000
Acetohalobium arabaticum	28187	S	23	2	25	0.00000
Thermosediminibacter oceani	291990	S	206	17	223	0.00001
Biomaibacter acetigenes	2316383	S	114	6	120	0.00001
Tepidanaerobacter acetatoxydans	499229	S	46	1	47	0.00000
Natranaerofaba carboxydovora	2742683	S	69	4	73	0.00000
Natranaerobius thermophilus	375929	S	48	11	59	0.00000
Koleobacter methoxysyntrophicus	2751313	S	95	8	103	0.00001
Selenomonas sp. oral taxon 126	712528	S	633	147	780	0.00004
Selenomonas sp. oral taxon 920	1884263	S	401	81	482	0.00003
Selenomonas sp. oral taxon 136	713030	S	182	232	414	0.00002
Selenomonas sp. oral taxon 478	712538	S	153	207	360	0.00002
Selenomonas sputigena	69823	S	1006	79	1085	0.00006
Selenomonas timonae	2754044	S	409	163	572	0.00003
Selenomonas ruminantium	971	S	173	15	188	0.00001
Megamonas funiformis	437897	S	19	16	35	0.00000
Megamonas hypermegale	158847	S	14	19	33	0.00000
Pectinatus frisingensis	865	S	31	1	32	0.00000
Sporomusa termitida	2377	S	196	21	217	0.00001
Methylomusa anaerophila	1930071	S	131	7	138	0.00001
Pelosinus sp. UFO1	484770	S	49	16	65	0.00000
Pelosinus fermentans	365349	S	48	9	57	0.00000
Megasphaera stantonii	2144175	S	392	207	599	0.00003
Megasphaera elsdenii	907	S	364	150	514	0.00003
Megasphaera massiliensis	1232428	S	200	66	266	0.00001
Dialister pneumosintes	39950	S	26	123	149	0.00001
Veillonella rodentium	248315	S	40	6	46	0.00000
Veillonella parvula	29466	S	18	5	23	0.00000
Veillonella sp. S12025-13	2682455	S	11	21	32	0.00000
Acidaminococcus fermentans	905	S	225	36	261	0.00001
Acidaminococcus intestini	187327	S	75	12	87	0.00000
Phascolarctobacterium faecium	33025	S	71	6	77	0.00000
Phascolarctobacterium sp. Marseille-Q4147	2823317	S	51	37	88	0.00000
Phascolarctobacterium succinatutens	626940	S	34	80	114	0.00001
Limnochorda pilosa	1555112	S	3228	125	3353	0.00018
Turicibacter sp. H121	1712675	S	1187	960	2147	0.00012
Turicibacter sp. TJ11	2806443	S	43	30	73	0.00000
Turicibacter sanguinis	154288	S	50	10	60	0.00000
Allobaculum sp. Allo2	2853432	S	100	17	117	0.00001
Allobaculum mucolyticum	2834459	S	53	10	63	0.00000
Faecalibaculum rodentium	1702221	S	148	30	178	0.00001
Erysipelothrix sp. HDW6C	2714930	S	12	6	18	0.00000
Erysipelothrix larvae	1514105	S	16	7	23	0.00000
Erysipelothrix inopinata	225084	S	11	5	16	0.00000
[Clostridium] innocuum	1522	S	68	51	119	0.00001
Erysipelatoclostridium ramosum	1547	S	12	5	17	0.00000
Intestinibaculum porci	2487118	S	35	14	49	0.00000
Bulleidia sp. zg-1006	2806552	S	26	9	35	0.00000
Faecalibacillus intestinalis	1982626	S	23	22	45	0.00000
Longicatena caecimuris	1796635	S	17	25	42	0.00000
Faecalitalea cylindroides	39483	S	12	21	33	0.00000
Peptoniphilus ivorii	54006	S	208	44	252	0.00001
Peptoniphilus harei	54005	S	27	27	54	0.00000
Murdochiella vaginalis	1852373	S	105	92	197	0.00001
Anaerococcus mediterraneensis	1870984	S	24	51	75	0.00000
Anaerococcus prevotii	33034	S	14	20	34	0.00000
Helcococcus kunzii	40091	S	19	7	26	0.00000
Finegoldia magna	1260	S	19	18	37	0.00000
Parvimonas micra	33033	S	18	30	48	0.00000
Miniphocaeibacter halophilus	2931922	S	14	0	14	0.00000
Schnuerera ultunensis	45497	S	154	16	170	0.00001
Gudongella oleilytica	1582259	S	60	10	70	0.00000
Keratinibaculum paraultunense	1278232	S	43	13	56	0.00000
Tissierella sp. JN-28	2507161	S	41	7	48	0.00000
Gottschalkia acidurici	1556	S	116	11	127	0.00001
Ezakiella coagulans	46507	S	148	353	501	0.00003
Ezakiella massiliensis	1852374	S	17	8	25	0.00000
Sedimentibacter sp. zth1	2816908	S	31	3	34	0.00000
Ndongobacter massiliensis	1871025	S	144	108	252	0.00001
endosymbiont 'TC1' of Trimyema compressum	243899	S	33	1	34	0.00000
Deinococcus sp. NW-56	2080419	S	1641	248	1889	0.00010
Deinococcus sp. TS-293	2737050	S	1494	163	1657	0.00009
Deinococcus sp. KNUC1210	2917691	S	1244	54	1298	0.00007
Deinococcus sp. AJ005	2652443	S	923	84	1007	0.00005
Deinococcus sp. QL22	2939437	S	604	56	660	0.00004
Deinococcus maricopensis	309887	S	2155	198	2353	0.00013
Deinococcus gobiensis	502394	S	1959	273	2232	0.00012
Deinococcus ficus	317577	S	1905	187	2092	0.00011
Deinococcus metallilatus	1211322	S	1899	228	2127	0.00011
Deinococcus actinosclerus	1768108	S	1869	1237	3106	0.00017
Deinococcus irradiatisoli	2202254	S	1492	141	1633	0.00009
Deinococcus wulumuqiensis	980427	S	1374	567	1941	0.00010
Deinococcus peraridilitoris	432329	S	1333	68	1401	0.00008
Deinococcus radiopugnans	57497	S	1090	141	1231	0.00007
Deinococcus radiodurans	1299	S	1078	1404	2482	0.00013
Deinococcus geothermalis	68909	S	1040	173	1213	0.00007
Deinococcus soli (ex Cha et al. 2016)	1309411	S	799	828	1627	0.00009
Deinococcus psychrotolerans	2489213	S	765	22	787	0.00004
Deinococcus deserti	310783	S	718	53	771	0.00004
Deinococcus proteolyticus	55148	S	695	164	859	0.00005
Deinococcus radiophilus	32062	S	361	80	441	0.00002
Deinococcus puniceus	1182568	S	353	59	412	0.00002
Thermus thermophilus	274	S	1120	1282	2402	0.00013
Thermus sp. CCB_US3_UF1	1111069	S	477	70	547	0.00003
Thermus sp. NEB1569	2918899	S	122	218	340	0.00002
Thermus oshimai	56957	S	592	114	706	0.00004
Thermus aquaticus	271	S	467	68	535	0.00003
Thermus brockianus	56956	S	436	85	521	0.00003
Thermus caldilimi	2483360	S	250	63	313	0.00002
Thermus scotoductus	37636	S	113	170	283	0.00002
Thermus parvatiensis	456163	S	85	406	491	0.00003
Oceanithermus profundus	187137	S	3082	335	3417	0.00018
Meiothermus silvanus	52022	S	985	153	1138	0.00006
Meiothermus taiwanensis	172827	S	751	251	1002	0.00005
Meiothermus ruber	277	S	685	242	927	0.00005
Marinithermus hydrothermalis	186192	S	1826	333	2159	0.00012
Truepera radiovictrix	332249	S	2555	146	2701	0.00015
Synechococcus sp. CBW1004	1353136	S	1096	270	1366	0.00007
Synechococcus sp. RSCCF101	2511069	S	968	209	1177	0.00006
Synechococcus sp. CBW1107	2789857	S	908	168	1076	0.00006
Synechococcus sp. SynAce01	1916956	S	580	62	642	0.00003
Synechococcus sp. JA-3-3Ab	321327	S	575	135	710	0.00004
Synechococcus sp. CBW1108	1353147	S	526	70	596	0.00003
Synechococcus sp. NB0720_10	2907159	S	457	116	573	0.00003
Synechococcus sp. CB0101	232348	S	445	94	539	0.00003
Synechococcus sp. LA31	2741953	S	354	76	430	0.00002
Synechococcus sp. LTW-R	2751170	S	344	81	425	0.00002
Synechococcus sp. RS9909	221352	S	313	109	422	0.00002
Synechococcus sp. JA-2-3B'a(2-13)	321332	S	313	67	380	0.00002
Synechococcus sp. PCC 7336	195250	S	307	10	317	0.00002
Synechococcus sp. HK01-R	2751171	S	293	47	340	0.00002
Synechococcus sp. A10-1-5-1	2936507	S	293	64	357	0.00002
Synechococcus sp. Minos11	221341	S	270	19	289	0.00002
Synechococcus sp. KORDI-100	1280380	S	269	18	287	0.00002
Synechococcus sp. WH 8101	59932	S	258	84	342	0.00002
Synechococcus sp. NOUM97013	1442555	S	219	33	252	0.00001
Synechococcus sp. PROS-U-1	1400866	S	186	31	217	0.00001
Synechococcus sp. KORDI-52	585425	S	179	53	232	0.00001
Synechococcus sp. BMK-MC-1	1442551	S	160	60	220	0.00001
Synechococcus sp. KORDI-49	585423	S	157	144	301	0.00002
Synechococcus sp. BIOS-E4-1	1400864	S	140	14	154	0.00001
Synechococcus sp. PCC 6312	195253	S	128	6	134	0.00001
Synechococcus sp. A15-127	1050624	S	121	110	231	0.00001
Synechococcus sp. PROS-7-1	1442556	S	119	49	168	0.00001
Synechococcus sp. MIT S9220	166309	S	112	16	128	0.00001
Synechococcus sp. MEDNS5	1442554	S	110	34	144	0.00001
Synechococcus sp. CBW1006	1353138	S	108	731	839	0.00005
Synechococcus sp. BIOS-U3-1	1400865	S	100	10	110	0.00001
Synechococcus sp. A15-62	1050657	S	99	64	163	0.00001
Synechococcus sp. CC9902	316279	S	96	9	105	0.00001
Synechococcus sp. CBW1002	1353134	S	88	677	765	0.00004
Synechococcus sp. ROS8604	1442557	S	84	20	104	0.00001
Synechococcus sp. NIES-970	1827144	S	83	15	98	0.00001
Synechococcus sp. A15-44	1050646	S	81	130	211	0.00001
Synechococcus sp. WH 8109	166314	S	79	55	134	0.00001
Synechococcus sp. PCC 7003	374981	S	77	22	99	0.00001
Synechococcus sp. RS9902	221345	S	60	111	171	0.00001
Synechococcus sp. RS9907	221350	S	60	126	186	0.00001
Synechococcus sp. PROS-9-1	1968775	S	48	11	59	0.00000
Synechococcus sp. WH 8020	32052	S	48	8	56	0.00000
Synechococcus sp. TAK9802	1442558	S	46	101	147	0.00001
Synechococcus sp. PCC 7502	1173263	S	46	2	48	0.00000
Synechococcus sp. CC9311	64471	S	46	10	56	0.00000
Synechococcus sp. A18-25c	1866938	S	28	185	213	0.00001
Synechococcus sp. M16.1	1442553	S	28	75	103	0.00001
Synechococcus sp. MVIR-18-1	1386941	S	27	43	70	0.00000
Synechococcus sp. SYN20	1050714	S	23	31	54	0.00000
Synechococcus sp. PCC 11901	2579791	S	21	91	112	0.00001
Synechococcus sp. A15-60	1050655	S	21	134	155	0.00001
Synechococcus sp. PCC 7117	195498	S	14	61	75	0.00000
Synechococcus sp. PCC 7002	32049	S	11	44	55	0.00000
Synechococcus elongatus	32046	S	525	26	551	0.00003
Dactylococcopsis salina	292566	S	83	33	116	0.00001
Cyanobium sp. NIES-981	1851505	S	974	288	1262	0.00007
Cyanobium sp. NS01	261284	S	799	264	1063	0.00006
Cyanobium gracile	59930	S	1316	253	1569	0.00008
Parasynechococcus marenigrum	2881428	S	242	70	312	0.00002
Prochlorococcus marinus	1219	S	173	24	197	0.00001
Acaryochloris marina	155978	S	131	45	176	0.00001
Acaryochloris sp. 'Moss Beach'	2740837	S	24	49	73	0.00000
Chamaesiphon minutus	1173032	S	222	13	235	0.00001
Synechocystis sp. PCC 6714	1147	S	66	22	88	0.00000
Synechocystis sp. CACIAM 05	1933929	S	17	114	131	0.00001
Nostoc sp. UHCC 0702	2814655	S	180	23	203	0.00001
Nostoc sp. NIES-4103	2005458	S	150	21	171	0.00001
Nostoc sp. C052	2576902	S	134	29	163	0.00001
Nostoc sp. TCL26-01	2576904	S	114	9	123	0.00001
Nostoc sp. MS1	2764711	S	103	15	118	0.00001
Nostoc sp. CENA543	1869241	S	96	10	106	0.00001
Nostoc sp. ATCC 53789	76335	S	93	130	223	0.00001
Nostoc sp. UHCC 0870	2914041	S	87	11	98	0.00001
Nostoc sp. PCC 7524	28072	S	76	9	85	0.00000
Nostoc sp. 'Lobaria pulmonaria (5183) cyanobiont'	1618022	S	65	13	78	0.00000
Nostoc sp. 'Peltigera membranacea cyanobiont' N6	1261031	S	59	16	75	0.00000
Nostoc sp. C057	2576903	S	54	74	128	0.00001
Nostoc sp. PCC 7107	317936	S	49	21	70	0.00000
Nostoc sp. TCL240-02	2572090	S	35	18	53	0.00000
Nostoc sp. NIES-3756	1751286	S	33	71	104	0.00001
Nostoc sp. NIES-2111	1973475	S	27	45	72	0.00000
Nostoc linckia	92942	S	153	30	183	0.00001
Nostoc edaphicum	264686	S	107	28	135	0.00001
Nostoc piscinale	224012	S	99	17	116	0.00001
Nostoc flagelliforme	1306274	S	92	32	124	0.00001
Nostoc punctiforme	272131	S	91	62	153	0.00001
Nostoc sphaeroides	446679	S	91	60	151	0.00001
Nostoc commune	1178	S	63	19	82	0.00000
Anabaena sp. WA102	1647413	S	73	126	199	0.00001
Anabaena sp. 90	46234	S	44	337	381	0.00002
Anabaena sp. YBS01	2490939	S	12	559	571	0.00003
Anabaena cylindrica	1165	S	116	18	134	0.00001
Cylindrospermum stagnale	142864	S	104	10	114	0.00001
Trichormus azollae	1164	S	63	6	69	0.00000
Richelia sinica	1357545	S	34	3	37	0.00000
Calothrix sp. NIES-3974	2005462	S	160	13	173	0.00001
Calothrix sp. PCC 7716	2853227	S	150	101	251	0.00001
Calothrix sp. NIES-2100	1954172	S	142	88	230	0.00001
Calothrix sp. PCC 7507	99598	S	141	31	172	0.00001
Calothrix sp. 336/3	1337936	S	96	28	124	0.00001
Calothrix sp. NIES-2098	1954171	S	92	54	146	0.00001
Calothrix sp. PCC 6303	1170562	S	88	25	113	0.00001
Calothrix parasitica	1973486	S	157	8	165	0.00001
Calothrix brevissima	938406	S	152	57	209	0.00001
Sphaerospermopsis kisseleviana	289435	S	101	34	135	0.00001
Sphaerospermopsis torques-reginae	984207	S	101	31	132	0.00001
Nodularia spumigena	70799	S	89	21	110	0.00001
Nodularia sphaerocarpa	137816	S	87	30	117	0.00001
Dolichospermum compactum	136073	S	83	103	186	0.00001
Dolichospermum sp. UHCC 0315A	1914871	S	31	209	240	0.00001
Dolichospermum flos-aquae	1166	S	16	128	144	0.00001
Anabaenopsis circularis	109266	S	45	26	71	0.00000
Anabaenopsis elenkinii	156213	S	26	4	30	0.00000
Scytonema sp. NIES-4073	2005464	S	247	103	350	0.00002
Scytonema sp. HK-05	1137095	S	178	65	243	0.00001
Brasilonema sennae	1397703	S	110	13	123	0.00001
Fischerella sp. NIES-3754	1752063	S	143	31	174	0.00001
Fischerella sp. NIES-4106	2005456	S	121	15	136	0.00001
Tolypothrix sp. PCC 7910	2099387	S	122	39	161	0.00001
Tolypothrix tenuis	457083	S	72	31	103	0.00001
Rivularia sp. PCC 7116	373994	S	73	4	77	0.00000
Leptolyngbya sp. 7M	2812896	S	2743	189	2932	0.00016
Leptolyngbya sp. BL0902	1115757	S	438	29	467	0.00003
Leptolyngbya sp. NIES-3755	1752064	S	121	13	134	0.00001
Leptolyngbya sp. PCC 7376	111781	S	50	4	54	0.00000
Leptolyngbya boryana	1184	S	126	0	126	0.00001
Kovacikia minuta	2931930	S	441	43	484	0.00003
Leptothermofonsia sichuanensis	2917832	S	272	20	292	0.00002
Leptodesmis sichuanensis	2906798	S	242	21	263	0.00001
Thermoleptolyngbya sp. PKUAC-SCTB121	2811482	S	36	449	485	0.00003
Thermoleptolyngbya sichuanensis	2885951	S	15	206	221	0.00001
Halomicronema hongdechloris	1209493	S	379	16	395	0.00002
Thermosynechococcus sp. NK55a	1394889	S	72	25	97	0.00001
Thermosynechococcus sp. TA-1	2813673	S	44	45	89	0.00000
Thermosynechococcus sp. CL-1	2583530	S	35	37	72	0.00000
Thermosynechococcus vestitus	146786	S	123	34	157	0.00001
Pseudanabaena sp. PCC 7367	82654	S	121	5	126	0.00001
Pseudanabaena sp. ABRG5-3	685565	S	90	6	96	0.00001
Gloeobacter kilaueensis	1416614	S	1523	41	1564	0.00008
Gloeobacter morelensis	2907343	S	1115	487	1602	0.00009
Gloeobacter violaceus	33072	S	1031	495	1526	0.00008
Anthocerotibacter panamensis	2857077	S	357	9	366	0.00002
Moorena producens	1155739	S	587	15	602	0.00003
Oscillatoria nigro-viridis	482564	S	218	96	314	0.00002
Oscillatoria acuminata	118323	S	165	10	175	0.00001
Geitlerinema sp. PCC 7407	1173025	S	796	122	918	0.00005
Allocoleopsis franciscana	2886352	S	155	16	171	0.00001
Oxynema aestuarii	2874213	S	337	29	366	0.00002
Microcoleus vaginatus	119532	S	241	65	306	0.00002
Planktothrix agardhii	1160	S	22	28	50	0.00000
Planktothrix rubescens	59512	S	21	20	41	0.00000
[Phormidium] sp. ETS-05	222819	S	243	14	257	0.00001
Crinalium epipsammum	241425	S	89	11	100	0.00001
Microcystis aeruginosa	1126	S	276	295	571	0.00003
Microcystis sp. MC19	1967666	S	33	17	50	0.00000
Gloeothece citriformis	2546356	S	65	4	69	0.00000
Gloeothece verrucosa	2546359	S	62	4	66	0.00000
Halothece sp. PCC 7418	65093	S	56	18	74	0.00000
Euhalothece natronophila	577489	S	28	4	32	0.00000
Crocosphaera subtropica	2546360	S	74	7	81	0.00000
Rippkaea orientalis	2546366	S	72	8	80	0.00000
Candidatus Atelocyanobacterium thalassa	713887	S	18	3	21	0.00000
Geminocystis sp. NIES-3708	1615909	S	47	11	58	0.00000
Geminocystis sp. NIES-3709	1617448	S	35	7	42	0.00000
Geminocystis herdmanii	669359	S	57	12	69	0.00000
Gloeocapsa sp. PCC 7428	1173026	S	140	15	155	0.00001
Chondrocystis sp. NIES-4102	2005460	S	48	7	55	0.00000
Cyanobacterium aponinum	379064	S	42	10	52	0.00000
Chroococcidiopsis sp. CCMEE 29	155894	S	201	36	237	0.00001
Chroococcidiopsis sp. CCNUC1	2653189	S	65	104	169	0.00001
Chroococcidiopsis thermalis	54299	S	73	127	200	0.00001
Pleurocapsa sp. PCC 7327	118163	S	151	17	168	0.00001
Stanieria cyanosphaera	102116	S	32	10	42	0.00000
Stanieria sp. NIES-3757	1807358	S	32	7	39	0.00000
Gloeomargarita lithophora	1188228	S	129	4	133	0.00001
Thermostichus lividus	33070	S	94	13	107	0.00001
cyanobacterium endosymbiont of Rhopalodia gibberula	1763363	S	18	3	21	0.00000
cyanobacterium endosymbiont of Epithemia turgida	718217	S	14	2	16	0.00000
Sphaerobacter thermophilus	2057	S	8082	507	8589	0.00046
Thermomicrobium roseum	500	S	1894	40	1934	0.00010
Tepidiforma bonchosmolovskayae	2601677	S	6433	272	6705	0.00036
Roseiflexus sp. RS-1	357808	S	2076	364	2440	0.00013
Roseiflexus castenholzii	120962	S	1923	331	2254	0.00012
Chloroflexus aurantiacus	1108	S	847	70	917	0.00005
Chloroflexus aggregans	152260	S	713	92	805	0.00004
Candidatus Promineofilum breve	1806508	S	4628	93	4721	0.00025
Caldilinea aerophila	133453	S	2632	188	2820	0.00015
Anaerolinea thermophila	167964	S	975	98	1073	0.00006
Pelolinea submarina	913107	S	910	42	952	0.00005
Brevefilum fermentans	1986204	S	360	13	373	0.00002
Dehalogenimonas formicexedens	1839801	S	523	159	682	0.00004
Dehalogenimonas sp. GP	1536648	S	381	115	496	0.00003
Dehalococcoides mccartyi	61435	S	115	331	446	0.00002
Ktedonosporobacter rubrisoli	2509675	S	951	32	983	0.00005
Thermobaculum terrenum	166501	S	853	118	971	0.00005
Phototrophicus methaneseepsis	2710758	S	803	9	812	0.00004
Fimbriimonas ginsengisoli	1005039	S	2592	14	2606	0.00014
Chthonomonas calidirosea	454171	S	589	4	593	0.00003
Mycoplasma sp. (ex Biomphalaria glabrata)	1749074	S	18	37	55	0.00000
Mycoplasma genitalium	2097	S	31	0	31	0.00000
Mycoplasmopsis synoviae	2109	S	14	74	88	0.00000
Candidatus Hepatoplasma crinochetorum	295596	S	11	2	13	0.00000
Spiroplasma endosymbiont of 'Nebria riversi'	2792084	S	16	2	18	0.00000
Spiroplasma platyhelix	301585	S	12	2	14	0.00000
Spiroplasma litorale	216942	S	11	37	48	0.00000
Mesoplasma lactucae	138853	S	10	13	23	0.00000
Williamsoniiplasma somnilux	215578	S	13	12	25	0.00000
Acholeplasma laidlawii	2148	S	15	19	34	0.00000
Paracholeplasma brassicae	61635	S	34	15	49	0.00000
Alteracholeplasma palmae	38986	S	26	5	31	0.00000
Haploplasma axanthum	29552	S	11	5	16	0.00000
Metamycoplasma hominis	2098	S	11	30	41	0.00000
Candidatus Izimaplasma sp. HR1	1541959	S	16	0	16	0.00000
Gemmata obscuriglobus	114	S	35875	5558	41433	0.00224
Gemmata massiliana	1210884	S	16192	6528	22720	0.00123
Gemmata sp. SH-PL17	1630693	S	15079	6849	21928	0.00118
Urbifossiella limnaea	2528023	S	63180	5754	68934	0.00372
Frigoriglobus tundricola	2774151	S	43553	7111	50664	0.00273
Limnoglobus roseus	2598579	S	30190	1477	31667	0.00171
Tuwongella immobilis	692036	S	2995	136	3131	0.00017
Telmatocola sphagniphila	1123043	S	2497	26	2523	0.00014
Lacipirellula parvula	2650471	S	18847	2477	21324	0.00115
Lacipirellula limnantheis	2528024	S	18664	2867	21531	0.00116
Pirellulimonas nuda	2528009	S	12699	1608	14307	0.00077
Botrimarina mediterranea	2528022	S	11471	1248	12719	0.00069
Aeoliella mucimassa	2527972	S	4695	459	5154	0.00028
Adhaeretor mobilis	1930276	S	2735	317	3052	0.00016
Bythopirellula goksoeyrii	1400387	S	2625	225	2850	0.00015
Anatilimnocola aggregata	2528021	S	9223	1184	10407	0.00056
Lignipirellula cremea	2528010	S	8850	1196	10046	0.00054
Stieleria maiorica	2795974	S	3669	846	4515	0.00024
Stieleria neptunia	2527979	S	3609	469	4078	0.00022
Rosistilla oblonga	2527990	S	2105	1085	3190	0.00017
Rosistilla carotiformis	2528017	S	1557	726	2283	0.00012
Rosistilla ulvae	1930277	S	1324	837	2161	0.00012
Pirellula staleyi	125	S	4695	199	4894	0.00026
Pirellula sp. SH-Sr6A	1632865	S	1127	35	1162	0.00006
Bremerella volcania	2527984	S	5743	491	6234	0.00034
Roseimaritima ulvae	980254	S	3360	254	3614	0.00020
Roseimaritima multifibrata	1930274	S	963	126	1089	0.00006
Rubripirellula lacrimiformis	1930273	S	1839	409	2248	0.00012
Mariniblastus fucicola	980251	S	1361	29	1390	0.00008
Rhodopirellula baltica	265606	S	1317	104	1421	0.00008
Aureliella helgolandensis	2527968	S	1270	119	1389	0.00007
Thermogutta terrifontis	1331910	S	1401	51	1452	0.00008
Tautonia plasticadhaerens	2527974	S	46285	4277	50562	0.00273
Aquisphaera giovannonii	406548	S	28464	5177	33641	0.00182
Paludisphaera borealis	1387353	S	19615	4652	24267	0.00131
Singulisphaera acidiphila	466153	S	17203	2730	19933	0.00108
Isosphaera pallida	128	S	3218	250	3468	0.00019
Planctomyces sp. SH-PL62	1636152	S	18510	7256	25766	0.00139
Planctomyces sp. SH-PL14	1632864	S	12873	898	13771	0.00074
Caulifigura coniformis	2527983	S	12025	881	12906	0.00070
Gimesia panareensis	2527978	S	3069	397	3466	0.00019
Gimesia chilikensis	2605989	S	1729	1104	2833	0.00015
Gimesia maris	122	S	1160	194	1354	0.00007
Gimesia alba	2527973	S	727	139	866	0.00005
Gimesia algae	2527971	S	688	186	874	0.00005
Gimesia fumaroli	2527976	S	679	147	826	0.00004
Gimesia aquarii	2527964	S	505	37	542	0.00003
Gimesia benthica	2608982	S	498	738	1236	0.00007
Maioricimonas rarisocia	2528026	S	9591	1370	10961	0.00059
Alienimonas californiensis	2527989	S	7488	613	8101	0.00044
Symmachiella dynata	2527995	S	3818	256	4074	0.00022
Rubinisphaera brasiliensis	119	S	2093	234	2327	0.00013
Fuerstiella marisgermanici	1891926	S	2082	41	2123	0.00011
Planctopirus ephydatiae	2528019	S	825	337	1162	0.00006
Planctopirus limnophila	120	S	701	268	969	0.00005
Calycomorphotria hydatis	2528027	S	1947	82	2029	0.00011
Crateriforma conspicua	2527996	S	1765	402	2167	0.00012
Polystyrenella longa	2528007	S	799	79	878	0.00005
Thalassoglobus polymorphus	2527994	S	691	41	732	0.00004
Humisphaera borealis	2807512	S	12903	345	13248	0.00071
Phycisphaera mikurensis	547188	S	4650	404	5054	0.00027
Mucisphaera calidilacus	2527982	S	2600	162	2762	0.00015
Poriferisphaera corsica	2528020	S	305	2	307	0.00002
Limihaloglobus sulfuriphilus	1851148	S	241	15	256	0.00001
Sedimentisphaera salicampi	1941349	S	97	28	125	0.00001
Sedimentisphaera cyanobacteriorum	1940790	S	64	85	149	0.00001
Anaerohalosphaera lusitana	1936003	S	435	17	452	0.00002
Candidatus Kuenenia stuttgartiensis	174633	S	214	1	215	0.00001
Candidatus Uabimicrobium amorphum	2596890	S	147	2	149	0.00001
Opitutus sp. GAS368	1882749	S	7776	1136	8912	0.00048
Opitutus terrae	107709	S	7502	347	7849	0.00042
Lacunisphaera limnophila	1838286	S	6654	925	7579	0.00041
Oleiharenicola sp. KSB-15	2862869	S	3440	180	3620	0.00020
Nibricoccus aquaticus	2576891	S	3275	145	3420	0.00018
Ereboglobus luteus	1796921	S	2162	106	2268	0.00012
Ruficoccus sp. ZRK36	2866311	S	1061	153	1214	0.00007
Coraliomargarita akajimensis	395922	S	240	5	245	0.00001
Verrucomicrobium sp. GAS474	1882831	S	3279	345	3624	0.00020
Verrucomicrobium spinosum	2736	S	2351	128	2479	0.00013
Roseimicrobium sp. ORNL1	2711231	S	4953	163	5116	0.00028
Luteolibacter luteus	2728835	S	2449	112	2561	0.00014
Luteolibacter ambystomatis	2824561	S	2383	162	2545	0.00014
Sulfuriroseicoccus oceanibius	2707525	S	728	71	799	0.00004
Akkermansia muciniphila	239935	S	1289	151	1440	0.00008
Akkermansia glycaniphila	1679444	S	492	37	529	0.00003
Methylacidimicrobium sp. AP8	2730359	S	897	123	1020	0.00006
Methylacidimicrobium sp. B4	2796139	S	769	146	915	0.00005
Candidatus Xiphinematobacter sp. Idaho Grape	1704307	S	209	15	224	0.00001
Methylacidiphilum kamchatkense	431057	S	36	2	38	0.00000
Methylacidiphilum sp. IT6	2795386	S	24	1	25	0.00000
Methylacidiphilum sp. IT5	2795384	S	12	33	45	0.00000
Methylacidiphilum infernorum	511746	S	19	51	70	0.00000
Kiritimatiella glycovorans	1307763	S	1278	1591	2869	0.00015
Tichowtungia aerotolerans	2697043	S	475	16	491	0.00003
Candidatus Protochlamydia naegleriophila	389348	S	61	32	93	0.00001
Candidatus Protochlamydia amoebophila	362787	S	26	13	39	0.00000
Parachlamydia acanthamoebae	83552	S	58	15	73	0.00000
Neochlamydia sp. S13	1353976	S	48	8	56	0.00000
Waddlia chondrophila	71667	S	58	9	67	0.00000
Candidatus Rhabdochlamydia porcellionis	225148	S	17	31	48	0.00000
Simkania negevensis	83561	S	41	4	45	0.00000
Chlamydia abortus	83555	S	15	21	36	0.00000
Chlamydia suis	83559	S	14	15	29	0.00000
Chlamydia trachomatis	813	S	11	7	18	0.00000
Chlamydiifrater phoenicopteri	2681469	S	11	5	16	0.00000
Candidatus Velamenicoccus archaeovorus	1930593	S	408	1	409	0.00002
Hymenobacter sp. PAMC 26628	1484118	S	1107	270	1377	0.00007
Hymenobacter sp. 5317J-9	2932250	S	1034	244	1278	0.00007
Hymenobacter sp. PAMC 26554	1484116	S	939	96	1035	0.00006
Hymenobacter sp. APR13	1356852	S	923	372	1295	0.00007
Hymenobacter sp. BRD128	2675878	S	802	110	912	0.00005
Hymenobacter sp. 5116S-27	2932249	S	661	105	766	0.00004
Hymenobacter sp. 5116S-3	2932248	S	611	94	705	0.00004
Hymenobacter sp. BT18	2835648	S	607	80	687	0.00004
Hymenobacter sp. DG01	2584940	S	553	149	702	0.00004
Hymenobacter sp. NBH84	2596915	S	520	78	598	0.00003
Hymenobacter sp. 5420S-77	2932254	S	517	72	589	0.00003
Hymenobacter sp. S2-20-2	2761579	S	485	76	561	0.00003
Hymenobacter sp. 5413J-13	2932251	S	468	69	537	0.00003
Hymenobacter sp. DG25B	1385664	S	437	158	595	0.00003
Hymenobacter sp. BRD67	2675877	S	385	370	755	0.00004
Hymenobacter sp. DG25A	1385663	S	342	127	469	0.00003
Hymenobacter sp. HDW8	2714932	S	202	648	850	0.00005
Hymenobacter sp. 5516J-16	2932253	S	163	695	858	0.00005
Hymenobacter sp. 5516S-25	2933777	S	149	598	747	0.00004
Hymenobacter monticola	1705399	S	1127	209	1336	0.00007
Hymenobacter busanensis	2607656	S	1052	116	1168	0.00006
Hymenobacter sedentarius	1411621	S	955	145	1100	0.00006
Hymenobacter nivis	1850093	S	816	209	1025	0.00006
Hymenobacter jejuensis	2502781	S	755	58	813	0.00004
Hymenobacter oligotrophus	2319843	S	709	80	789	0.00004
Hymenobacter swuensis	1446467	S	551	122	673	0.00004
Hymenobacter tibetensis	497967	S	519	81	600	0.00003
Hymenobacter qilianensis	1385715	S	424	76	500	0.00003
Hymenobacter baengnokdamensis	2615203	S	399	429	828	0.00004
Hymenobacter radiodurans	2496028	S	215	721	936	0.00005
Pontibacter russatus	2694929	S	1771	190	1961	0.00011
Pontibacter pudoricolor	2694930	S	1685	205	1890	0.00010
Pontibacter actiniarum	323450	S	803	209	1012	0.00005
Pontibacter akesuensis	388950	S	559	89	648	0.00004
Pontibacter korlensis	400092	S	384	59	443	0.00002
Pontibacter sp. SGAir0037	2571030	S	298	54	352	0.00002
Rufibacter radiotolerans	1379910	S	410	47	457	0.00002
Rufibacter tibetensis	512763	S	295	49	344	0.00002
Rufibacter sp. DG15C	1379909	S	290	160	450	0.00002
Adhaeribacter swui	2086471	S	330	43	373	0.00002
Adhaeribacter radiodurans	2745197	S	262	29	291	0.00002
Nibribacter ruber	2698458	S	277	151	428	0.00002
Spirosoma sp. CJU-R4	2728024	S	722	57	779	0.00004
Spirosoma sp. KUDC1026	2745947	S	499	46	545	0.00003
Spirosoma sp. RHs26	2898794	S	334	25	359	0.00002
Spirosoma sp. KCTC 42546	2520506	S	295	38	333	0.00002
Spirosoma sp. KCTC 72228	2710596	S	238	31	269	0.00001
Spirosoma rigui	564064	S	588	44	632	0.00003
Spirosoma taeanense	2735870	S	475	45	520	0.00003
Spirosoma montaniterrae	1178516	S	465	30	495	0.00003
Spirosoma pollinicola	2057025	S	338	39	377	0.00002
Spirosoma aerolatum	1211326	S	332	17	349	0.00002
Spirosoma radiotolerans	1379870	S	316	25	341	0.00002
Spirosoma endbachense	2666025	S	266	156	422	0.00002
Spirosoma aureum	2692134	S	200	142	342	0.00002
Rhodocytophaga rosea	2704465	S	431	15	446	0.00002
Aquirufa nivalisilvae	2516557	S	68	17	85	0.00000
Aquirufa sp. 9H-EGSE	2696560	S	58	17	75	0.00000
Cytophaga hutchinsonii	985	S	128	11	139	0.00001
Chryseolinea soli	2321403	S	4252	124	4376	0.00024
Fulvivirga sp. SS9-22	2904245	S	205	19	224	0.00001
Fulvivirga sp. W9P-11	2904246	S	127	41	168	0.00001
Fulvivirga sp. SW1-E11	2904247	S	108	48	156	0.00001
Fulvivirga lutea	2810512	S	139	18	157	0.00001
Dyadobacter fermentans	94254	S	920	92	1012	0.00005
Dyadobacter sp. LJ419	2906456	S	280	21	301	0.00002
Dyadobacter sp. NIV53	2861765	S	168	11	179	0.00001
Dyadobacter sandarakinus	2747268	S	334	34	368	0.00002
Fibrella aestuarina	651143	S	975	85	1060	0.00006
Fibrella sp. ES10-3-2-2	1834519	S	436	34	470	0.00003
Runella slithyformis	106	S	350	32	382	0.00002
Runella rosea	2259595	S	240	26	266	0.00001
Runella sp. SP2	2268026	S	211	13	224	0.00001
Larkinella sp. IE-0392	2907205	S	290	21	311	0.00002
Leadbetterella byssophila	316068	S	100	55	155	0.00001
Arcticibacterium luteifluviistationis	1784714	S	72	5	77	0.00000
Echinicola sp. 20G	2781961	S	97	12	109	0.00001
Echinicola sp. SCS 3-6	2859768	S	71	28	99	0.00001
Echinicola strongylocentroti	1795355	S	121	19	140	0.00001
Echinicola vietnamensis	390884	S	110	53	163	0.00001
Echinicola soli	2591634	S	105	9	114	0.00001
Echinicola rosea	1807691	S	98	41	139	0.00001
Algoriphagus sp. Y33	2772483	S	113	9	122	0.00001
Algoriphagus sp. NBT04N3	2705473	S	100	32	132	0.00001
Algoriphagus sanaruensis	1727163	S	105	12	117	0.00001
Algoriphagus machipongonensis	388413	S	71	6	77	0.00000
Cyclobacterium amurskyense	320787	S	76	9	85	0.00000
Cyclobacterium marinum	104	S	65	17	82	0.00000
Aquiflexum balticum	280473	S	128	19	147	0.00001
Mongoliitalea daihaiensis	2782006	S	99	10	109	0.00001
Belliella baltica	232259	S	75	36	111	0.00001
Flammeovirga yaeyamensis	367791	S	27	32	59	0.00000
Flammeovirga kamogawensis	373891	S	26	5	31	0.00000
Flammeovirga pectinis	2494373	S	26	5	31	0.00000
Flammeovirga sp. MY04	1191459	S	15	18	33	0.00000
Candidatus Amoebophilus asiaticus	281120	S	85	4	89	0.00000
Cardinium endosymbiont of Sogatella furcifera	650378	S	13	2	15	0.00000
Cardinium endosymbiont of Oedothorax gibbosus	931101	S	10	13	23	0.00000
Candidatus Cardinium hertigii	247481	S	12	1	13	0.00000
Mangrovivirga cuniculi	2715131	S	110	7	117	0.00001
Marivirga tractuosa	1006	S	95	33	128	0.00001
Bernardetia litoralis	999	S	52	4	56	0.00000
Chitinophaga sp. XS-30	2604421	S	616	226	842	0.00005
Chitinophaga sp. KRA15-503	2829818	S	328	182	510	0.00003
Chitinophaga oryzae	2725414	S	681	104	785	0.00004
Chitinophaga filiformis	104663	S	345	56	401	0.00002
Chitinophaga alhagiae	2203219	S	344	7	351	0.00002
Chitinophaga pinensis	79329	S	324	71	395	0.00002
Chitinophaga agri	2703787	S	259	68	327	0.00002
Chitinophaga caeni	2029983	S	195	33	228	0.00001
Niastella koreensis	354356	S	3390	354	3744	0.00020
Flavisolibacter tropicus	1492898	S	1048	151	1199	0.00006
Flavisolibacter ginsenosidimutans	661481	S	720	42	762	0.00004
Paraflavitalea soli	2315862	S	1131	86	1217	0.00007
Flavihumibacter sp. IMCC34837	2838157	S	562	39	601	0.00003
Flavihumibacter sp. IMCC34838	2838156	S	527	48	575	0.00003
Lacibacter sp. S13-6-6	2760713	S	955	43	998	0.00005
Niabella ginsenosidivorans	1176587	S	448	53	501	0.00003
Niabella soli	446683	S	444	63	507	0.00003
Pseudocnuella soli	2502779	S	894	108	1002	0.00005
Pseudobacter ginsenosidimutans	661488	S	810	70	880	0.00005
Arachidicoccus sp. BS20	1850526	S	194	71	265	0.00001
Arachidicoccus sp. 5GH13-10	2875539	S	145	26	171	0.00001
Arachidicoccus sp. B3-10	2545455	S	99	7	106	0.00001
Arachidicoccus ginsenosidivorans	496057	S	143	25	168	0.00001
Arachidicoccus soli	2341117	S	125	14	139	0.00001
Panacibacter ginsenosidivorans	1813871	S	701	33	734	0.00004
Ferruginibacter sp. KIS38-8	2875540	S	317	28	345	0.00002
Ferruginibacter lapsinanis	563172	S	288	25	313	0.00002
Phnomibacter ginsenosidimutans	2676868	S	422	51	473	0.00003
Filimonas lacunae	477680	S	368	44	412	0.00002
Flavobacterium sp. HJ-32-4	1160795	S	271	19	290	0.00002
Flavobacterium sp. CLA17	2724135	S	103	18	121	0.00001
Flavobacterium sp. CJ74	2294119	S	101	8	109	0.00001
Flavobacterium sp. MDT1-60	1979344	S	89	18	107	0.00001
Flavobacterium sp. IGB 4-14	1871076	S	81	7	88	0.00000
Flavobacterium sp. M31R6	2739062	S	67	11	78	0.00000
Flavobacterium sp. B183	907046	S	66	15	81	0.00000
Flavobacterium sp. MMS21-Er5	2937442	S	58	27	85	0.00000
Flavobacterium sp. F-29	2893883	S	57	12	69	0.00000
Flavobacterium sp. KBS0721	1179672	S	55	16	71	0.00000
Flavobacterium sp. 140616W15	2478552	S	54	12	66	0.00000
Flavobacterium sp. F-323	2893885	S	54	12	66	0.00000
Flavobacterium sp. Sr18	935222	S	52	9	61	0.00000
Flavobacterium sp. K5-23	2746225	S	49	12	61	0.00000
Flavobacterium sp. WSW3-B6	2856519	S	48	5	53	0.00000
Flavobacterium sp. SLB02	2665645	S	45	8	53	0.00000
Flavobacterium sp. KSM-R2A25	2895947	S	45	12	57	0.00000
Flavobacterium sp. F-70	2893884	S	41	8	49	0.00000
Flavobacterium sp. KSM-R2A30	2897181	S	39	13	52	0.00000
Flavobacterium sp. CS20	2775246	S	39	15	54	0.00000
Flavobacterium sp. F-340	2893886	S	35	11	46	0.00000
Flavobacterium sp. LPB0248	2614441	S	30	18	48	0.00000
Flavobacterium sp. I3-2	2748319	S	30	50	80	0.00000
Flavobacterium sp. GENT5	1751095	S	29	6	35	0.00000
Flavobacterium sp. KK2020170	2830782	S	26	8	34	0.00000
Flavobacterium sp. CECT 9288	2845819	S	25	24	49	0.00000
Flavobacterium sp. xlx-214	2654325	S	25	5	30	0.00000
Flavobacterium sp. GENT11	1751100	S	18	40	58	0.00000
Flavobacterium sp. CHNK8	2871165	S	13	12	25	0.00000
Flavobacterium album	2175091	S	186	14	200	0.00001
Flavobacterium magnum	2162713	S	184	21	205	0.00001
Flavobacterium pallidum	2172098	S	159	16	175	0.00001
Flavobacterium alkalisoli	2602769	S	142	12	154	0.00001
Flavobacterium endoglycinae	2816357	S	132	32	164	0.00001
Flavobacterium johnsoniae	986	S	95	46	141	0.00001
Flavobacterium inviolabile	2748320	S	84	13	97	0.00001
Flavobacterium anhuiense	459526	S	82	36	118	0.00001
Flavobacterium enshiense	1341165	S	81	9	90	0.00000
Flavobacterium commune	1306519	S	78	13	91	0.00000
Flavobacterium nackdongense	2547394	S	75	7	82	0.00000
Flavobacterium sangjuense	2518177	S	73	8	81	0.00000
Flavobacterium gilvum	1492737	S	67	10	77	0.00000
Flavobacterium kingsejongi	1678728	S	65	10	75	0.00000
Flavobacterium sediminis	2201181	S	57	64	121	0.00001
Flavobacterium crocinum	2183896	S	55	18	73	0.00000
Flavobacterium fluviale	2249356	S	48	20	68	0.00000
Flavobacterium nitrogenifigens	1617283	S	45	26	71	0.00000
Flavobacterium sediminilitoris	2024526	S	39	5	44	0.00000
Flavobacterium faecale	1355330	S	38	5	43	0.00000
Flavobacterium branchiophilum	55197	S	38	3	41	0.00000
Flavobacterium davisii	2906077	S	35	15	50	0.00000
Flavobacterium psychrophilum	96345	S	34	27	61	0.00000
Flavobacterium jumunjinense	998845	S	33	5	38	0.00000
Flavobacterium crassostreae	1763534	S	32	9	41	0.00000
Flavobacterium haoranii	683124	S	32	15	47	0.00000
Flavobacterium arcticum	1784713	S	30	3	33	0.00000
Flavobacterium indicum	312277	S	30	5	35	0.00000
Flavobacterium oreochromis	2906078	S	25	10	35	0.00000
Flavobacterium columnare	996	S	24	31	55	0.00000
Flavobacterium covae	2906076	S	17	25	42	0.00000
Muricauda sp. SCSIO 65647	2908843	S	75	2	77	0.00000
Muricauda sp. SCSIO 64092	2908842	S	74	2	76	0.00000
Muricauda aquimarina	254955	S	127	65	192	0.00001
Muricauda ruestringensis	111501	S	122	10	132	0.00001
Muricauda lutaonensis	516051	S	99	23	122	0.00001
Muricauda oceani	2698672	S	68	34	102	0.00001
Muricauda aurantiaca	1383885	S	60	5	65	0.00000
Gramella sp. GC03-9	2920386	S	102	29	131	0.00001
Gramella sp. MT6	2705471	S	49	7	56	0.00000
Gramella sp. MAR_2010_147	1250205	S	38	5	43	0.00000
Gramella flava	1486245	S	111	36	147	0.00001
Gramella fulva	2126553	S	109	10	119	0.00001
Gramella echinicola	279359	S	59	7	66	0.00000
Gramella forsetii	411153	S	59	15	74	0.00000
Gramella salexigens	1913577	S	46	5	51	0.00000
Capnocytophaga sp. oral taxon 902	2748316	S	34	90	124	0.00001
Capnocytophaga sp. oral taxon 878	1316596	S	19	8	27	0.00000
Capnocytophaga sp. FDAARGOS_737	2545799	S	18	12	30	0.00000
Capnocytophaga sputigena	1019	S	84	32	116	0.00001
Capnocytophaga haemolytica	45243	S	64	5	69	0.00000
Capnocytophaga gingivalis	1017	S	58	7	65	0.00000
Capnocytophaga canimorsus	28188	S	50	16	66	0.00000
Capnocytophaga stomatis	1848904	S	22	5	27	0.00000
Capnocytophaga cynodegmi	28189	S	21	5	26	0.00000
Capnocytophaga ochracea	1018	S	16	23	39	0.00000
Capnocytophaga leadbetteri	327575	S	16	9	25	0.00000
Capnocytophaga endodontalis	2708117	S	13	6	19	0.00000
Mariniflexile sp. TRM1-10	2027857	S	433	41	474	0.00003
Polaribacter sp. SM13	2818493	S	33	7	40	0.00000
Polaribacter sp. Hel1_33_78	1336804	S	27	5	32	0.00000
Polaribacter sp. G4M1	2808900	S	21	3	24	0.00000
Polaribacter sp. Q13	2806551	S	20	9	29	0.00000
Polaribacter sp. NJDZ03	2855841	S	19	21	40	0.00000
Polaribacter sp. KT25b	1855336	S	18	4	22	0.00000
Polaribacter sp. L3A8	2686361	S	16	6	22	0.00000
Polaribacter sp. ALD11	2058137	S	16	5	21	0.00000
Polaribacter sp. KT 15	1896175	S	13	27	40	0.00000
Polaribacter sp. SA4-10	754397	S	13	2	15	0.00000
Polaribacter sp. MED152	313598	S	11	1	12	0.00000
Polaribacter sp. SA4-12	1312072	S	11	2	13	0.00000
Polaribacter reichenbachii	996801	S	22	4	26	0.00000
Polaribacter litorisediminis	1908341	S	22	3	25	0.00000
Polaribacter vadi	1774273	S	18	3	21	0.00000
Polaribacter haliotis	1888915	S	10	9	19	0.00000
Robiginitalea biformata	252307	S	364	23	387	0.00002
Nonlabens sp. Hel1_33_55	1336802	S	29	7	36	0.00000
Nonlabens sp. Ci31	2608253	S	27	13	40	0.00000
Nonlabens sp. MB-3u-79	2058134	S	15	8	23	0.00000
Nonlabens spongiae	331648	S	60	35	95	0.00001
Nonlabens ponticola	2496866	S	37	7	44	0.00000
Nonlabens marinus	930802	S	35	18	53	0.00000
Nonlabens dokdonensis	328515	S	24	8	32	0.00000
Winogradskyella sp. MH6	2929510	S	26	4	30	0.00000
Winogradskyella sp. J14-2	1936080	S	25	3	28	0.00000
Winogradskyella sp. PG-2	754409	S	23	2	25	0.00000
Winogradskyella sp. HaHa_3_26	2749995	S	22	11	33	0.00000
Winogradskyella sp. PC-19	754417	S	17	4	21	0.00000
Winogradskyella forsetii	2686077	S	45	16	61	0.00000
Winogradskyella sediminis	1382466	S	32	11	43	0.00000
Winogradskyella schleiferi	2686078	S	31	17	48	0.00000
Winogradskyella helgolandensis	2697010	S	24	6	30	0.00000
Antarcticibacterium flavum	2058175	S	90	21	111	0.00001
Antarcticibacterium arcticum	2585771	S	69	10	79	0.00000
Antarcticibacterium sp. 1MA-6-2	2908210	S	62	9	71	0.00000
Maribacter sp. MJ134	2496865	S	49	4	53	0.00000
Maribacter sp. HTCC2170	313603	S	31	2	33	0.00000
Maribacter sp. 1_2014MBL_MicDiv	1644130	S	12	8	20	0.00000
Maribacter cobaltidurans	1178778	S	51	43	94	0.00001
Maribacter hydrothermalis	1836467	S	38	5	43	0.00000
Maribacter dokdonensis	320912	S	17	12	29	0.00000
Aequorivita sublithincola	101385	S	71	58	129	0.00001
Aequorivita sp. H23M31	2494375	S	66	25	91	0.00000
Tenacibaculum sp. SZ-18	754423	S	26	25	51	0.00000
Tenacibaculum mesophilum	104268	S	29	15	44	0.00000
Tenacibaculum todarodis	1850252	S	27	9	36	0.00000
Tenacibaculum maritimum	107401	S	23	5	28	0.00000
Tenacibaculum jejuense	584609	S	22	2	24	0.00000
Tenacibaculum singaporense	2358479	S	18	7	25	0.00000
Tenacibaculum dicentrarchi	669041	S	17	8	25	0.00000
Myroides odoratus	256	S	53	13	66	0.00000
Myroides fluvii	2572594	S	53	17	70	0.00000
Myroides phaeus	702745	S	17	14	31	0.00000
Myroides profundi	480520	S	11	22	33	0.00000
Formosa sp. L2A11	2686363	S	29	10	39	0.00000
Formosa sp. Hel1_33_131	1336794	S	27	2	29	0.00000
Formosa sp. Hel1_31_208	1798225	S	27	3	30	0.00000
Formosa sp. Hel3_A1_48	1336795	S	26	6	32	0.00000
Formosa agariphila	320324	S	33	8	41	0.00000
Formosa sediminum	2594004	S	23	6	29	0.00000
Cellulophaga sp. HaHaR_3_176	1942464	S	24	5	29	0.00000
Cellulophaga sp. L1A9	2686362	S	19	11	30	0.00000
Cellulophaga lytica	979	S	38	20	58	0.00000
Cellulophaga baltica	76594	S	28	16	44	0.00000
Cellulophaga algicola	59600	S	23	5	28	0.00000
Salegentibacter salegens	143223	S	56	9	65	0.00000
Salegentibacter mishustinae	270918	S	40	36	76	0.00000
Salegentibacter sp. T436	1729720	S	39	39	78	0.00000
Sinomicrobium sp. HD2P242	2900738	S	143	6	149	0.00001
Dokdonia sp. Dokd-P16	2173169	S	21	12	33	0.00000
Dokdonia sp. PRO95	1239415	S	19	7	26	0.00000
Dokdonia sp. 4H-3-7-5	983548	S	18	13	31	0.00000
Dokdonia sp. MED134	313590	S	12	9	21	0.00000
Dokdonia donghaensis	326320	S	15	10	25	0.00000
Kordia antarctica	1218801	S	82	6	88	0.00000
Kordia sp. SMS9	2282170	S	44	2	46	0.00000
Aquimarina sp. AD1	1714848	S	38	4	42	0.00000
Aquimarina sp. TRL1	2736252	S	36	3	39	0.00000
Aquimarina sp. AD10	1714849	S	25	1	26	0.00000
Aquimarina sp. BL5	1714860	S	23	2	25	0.00000
Zunongwangia sp. SCSIO 43204	2779359	S	51	33	84	0.00000
Zunongwangia profunda	398743	S	48	37	85	0.00000
Flagellimonas sp. CMM7	2654676	S	54	3	57	0.00000
Flagellimonas sp. HMM57	2905121	S	45	3	48	0.00000
Aggregatimonas sangjinii	2583587	S	93	4	97	0.00001
Zobellia galactanivorans	63186	S	83	5	88	0.00000
Leeuwenhoekiella palythoae	573501	S	30	23	53	0.00000
Leeuwenhoekiella sp. ZYFB001	2719912	S	30	18	48	0.00000
Lacinutrix sp. WUR7	2653681	S	28	7	35	0.00000
Lacinutrix sp. 5H-3-7-4	983544	S	20	10	30	0.00000
Lacinutrix sp. Bg11-31	2057808	S	17	4	21	0.00000
Arenibacter algicola	616991	S	76	24	100	0.00001
Lutibacter sp. A64	2918526	S	25	7	32	0.00000
Lutibacter sp. A80	2918453	S	20	6	26	0.00000
Lutibacter profundi	1622118	S	20	3	23	0.00000
Algibacter sp. L1A34	2686365	S	22	8	30	0.00000
Algibacter sp. L3A6	2686366	S	21	7	28	0.00000
Algibacter alginicilyticus	1736674	S	25	7	32	0.00000
Zhouia spongiae	2202721	S	69	16	85	0.00000
Seonamhaeicola sp. S2-3	1936081	S	36	8	44	0.00000
Seonamhaeicola sp. ML3	2937786	S	30	2	32	0.00000
Pukyongia salina	2094025	S	63	4	67	0.00000
Psychroflexus torquis	57029	S	32	2	34	0.00000
Psychroflexus sp. ALD_RP9	2777186	S	30	3	33	0.00000
Gilvibacter sp. SZ-19	754429	S	57	7	64	0.00000
Galbibacter sp. BG1	1170699	S	54	6	60	0.00000
Euzebyella marina	1761453	S	54	28	82	0.00000
Tamlana carrageenivorans	2069432	S	27	7	34	0.00000
Tamlana sp. s12	1630406	S	22	6	28	0.00000
Constantimarinum furrinae	2562285	S	52	5	57	0.00000
Sediminicola sp. YIK13	1453352	S	52	5	57	0.00000
Costertonia aggregata	343403	S	47	10	57	0.00000
Aegicerativicinus sediminis	2893202	S	47	3	50	0.00000
Muriicola soli	2507538	S	42	2	44	0.00000
Siansivirga zeaxanthinifaciens	762954	S	40	9	49	0.00000
Flavivirga eckloniae	1803846	S	39	3	42	0.00000
Flavobacteriaceae bacterium 10Alg115	2584122	S	39	2	41	0.00000
Changchengzhania lutea	2049305	S	38	4	42	0.00000
Amniculibacterium sp. G2-70	2767188	S	35	50	85	0.00000
Wenyingzhuangia fucanilytica	1790137	S	31	5	36	0.00000
Gillisia sp. Hel1_33_143	1336796	S	31	10	41	0.00000
Croceibacter atlanticus	313588	S	31	5	36	0.00000
Mesoflavibacter sp. SCSIO 43206	2779362	S	10	23	33	0.00000
Bizionia sp. M204	2675331	S	29	6	35	0.00000
Oceanihabitans sp. IOP_32	2529032	S	28	11	39	0.00000
Urechidicola croceus	1850246	S	28	14	42	0.00000
Olleya aquimaris	639310	S	17	8	25	0.00000
Marixanthomonas sp. SCSIO 43207	2779360	S	22	6	28	0.00000
Sabulilitoribacter sp. BrNp1-15	2916754	S	16	3	19	0.00000
Chryseobacterium sp. cx-624	2758037	S	84	18	102	0.00001
Chryseobacterium sp. 6424	2039166	S	80	24	104	0.00001
Chryseobacterium sp.	1871047	S	74	36	110	0.00001
Chryseobacterium sp. SC2-2	2929800	S	69	46	115	0.00001
Chryseobacterium sp. ZHDP1	2838877	S	65	69	134	0.00001
Chryseobacterium sp. F4	2852098	S	63	4	67	0.00000
Chryseobacterium sp. Y16C	2920939	S	44	37	81	0.00000
Chryseobacterium sp. T16E-39	2015076	S	44	6	50	0.00000
Chryseobacterium sp. IHB B 17019	1721091	S	43	9	52	0.00000
Chryseobacterium sp. POL2	2713414	S	43	36	79	0.00000
Chryseobacterium sp. ADR-1	2929799	S	41	16	57	0.00000
Chryseobacterium sp. SNU WT5	2594269	S	35	15	50	0.00000
Chryseobacterium sp. LJ668	2864040	S	35	7	42	0.00000
Chryseobacterium sp. 3008163	2478663	S	31	18	49	0.00000
Chryseobacterium sp. G0201	2487065	S	30	9	39	0.00000
Chryseobacterium sp. DH-B6	2759528	S	30	16	46	0.00000
Chryseobacterium sp. StRB126	878220	S	28	10	38	0.00000
Chryseobacterium sp. MEBOG07	2879939	S	27	9	36	0.00000
Chryseobacterium sp. MEBOG06	2879938	S	26	7	33	0.00000
Chryseobacterium sp. G0186	2487064	S	23	19	42	0.00000
Chryseobacterium sp. PCH239	2825845	S	23	21	44	0.00000
Chryseobacterium sp. C-17	2898076	S	17	9	26	0.00000
Chryseobacterium sp. G0162	2487063	S	16	21	37	0.00000
Chryseobacterium taklimakanense	536441	S	103	71	174	0.00001
Chryseobacterium indologenes	253	S	98	58	156	0.00001
Chryseobacterium arthrosphaerae	651561	S	76	51	127	0.00001
Chryseobacterium camelliae	1265445	S	69	53	122	0.00001
Chryseobacterium indoltheticum	254	S	68	20	88	0.00000
Chryseobacterium shandongense	1493872	S	62	49	111	0.00001
Chryseobacterium gleum	250	S	50	82	132	0.00001
Chryseobacterium gallinarum	1324352	S	44	20	64	0.00000
Chryseobacterium carnipullorum	1124835	S	42	19	61	0.00000
Chryseobacterium manosquense	2754694	S	40	39	79	0.00000
Chryseobacterium nepalense	1854498	S	37	7	44	0.00000
Chryseobacterium piperi	558152	S	35	5	40	0.00000
Chryseobacterium aureum	2497456	S	35	9	44	0.00000
Chryseobacterium lactis	1241981	S	34	46	80	0.00000
Chryseobacterium balustinum	246	S	34	14	48	0.00000
Chryseobacterium salivictor	2547600	S	33	5	38	0.00000
Chryseobacterium cucumeris	1813611	S	31	21	52	0.00000
Chryseobacterium daecheongense	192389	S	26	5	31	0.00000
Chryseobacterium glaciei	1685010	S	24	6	30	0.00000
Chryseobacterium nakagawai	1241982	S	21	41	62	0.00000
Chryseobacterium joostei	112234	S	20	9	29	0.00000
Chryseobacterium bernardetii	1241978	S	10	104	114	0.00001
Kaistella sp. 97-N-M2	2908645	S	88	12	100	0.00001
Kaistella sp. GW4-15	2878534	S	30	3	33	0.00000
Kaistella daneshvariae	2487074	S	82	9	91	0.00000
Kaistella jeonii	266749	S	43	3	46	0.00000
Kaistella flava (ex Peng et al. 2021)	2038776	S	40	7	47	0.00000
Kaistella carnis	1241979	S	39	13	52	0.00000
Kaistella antarctica	266748	S	38	4	42	0.00000
Candidatus Kaistella beijingensis	2820270	S	37	16	53	0.00000
Epilithonimonas vandammei	2487072	S	58	110	168	0.00001
Epilithonimonas zeae	1416779	S	34	5	39	0.00000
Elizabethkingia anophelis	1117645	S	68	103	171	0.00001
Elizabethkingia meningoseptica	238	S	61	6	67	0.00000
Elizabethkingia ursingii	1756150	S	25	7	32	0.00000
Elizabethkingia sp. JS20170427COW	2583851	S	12	2	14	0.00000
Elizabethkingia sp. 2-6	2575699	S	10	29	39	0.00000
Elizabethkingia miricola	172045	S	24	22	46	0.00000
Cruoricaptor ignavus	1118202	S	103	17	120	0.00001
Empedobacter brevis	247	S	33	17	50	0.00000
Empedobacter falsenii	343874	S	32	31	63	0.00000
Empedobacter stercoris	1628248	S	20	10	30	0.00000
Apibacter raozihei	2500547	S	23	17	40	0.00000
Ornithobacterium rhinotracheale	28251	S	68	62	130	0.00001
Cloacibacterium caeni	2004710	S	42	56	98	0.00001
Riemerella anatipestifer	34085	S	52	25	77	0.00000
Weeksella virosa	1014	S	32	17	49	0.00000
Bergeyella cardium	1585976	S	31	8	39	0.00000
Faecalibacter bovis	2898187	S	24	4	28	0.00000
Fluviicola taffensis	191579	S	223	15	238	0.00001
Crocinitomix sp. GM2_3_6_6	2862509	S	49	1	50	0.00000
Blattabacterium cuenoti	1653831	S	197	56	253	0.00001
Owenweeksia hongkongensis	253245	S	86	9	95	0.00001
Croceimicrobium hydrocarbonivorans	2761580	S	59	15	74	0.00000
Candidatus Sulcia muelleri	336810	S	36	11	47	0.00000
Candidatus Walczuchella monophlebidarum	1415657	S	23	4	27	0.00000
Ichthyobacterium seriolicida	242600	S	23	0	23	0.00000
Alistipes dispar	2585119	S	776	102	878	0.00005
Alistipes onderdonkii	328813	S	737	927	1664	0.00009
Alistipes communis	2585118	S	661	522	1183	0.00006
Alistipes senegalensis	1288121	S	593	135	728	0.00004
Alistipes finegoldii	214856	S	585	575	1160	0.00006
Alistipes megaguti	2364787	S	548	67	615	0.00003
Alistipes shahii	328814	S	478	289	767	0.00004
Alistipes sp. dk3624	2662363	S	449	104	553	0.00003
Alistipes indistinctus	626932	S	425	94	519	0.00003
Prevotella sp. oral taxon 475	712471	S	103	9	112	0.00001
Prevotella sp. Rep29	2691580	S	100	13	113	0.00001
Prevotella sp. E15-22	2937774	S	86	56	142	0.00001
Prevotella sp. E13-17	2913616	S	83	26	109	0.00001
Prevotella sp. E2-28	2913620	S	54	27	81	0.00000
Prevotella sp. E9-3	2913621	S	48	22	70	0.00000
Prevotella sp. oral taxon 299	652716	S	18	2	20	0.00000
Prevotella dentalis	52227	S	336	66	402	0.00002
Prevotella denticola	28129	S	133	40	173	0.00001
Prevotella melaninogenica	28132	S	112	37	149	0.00001
Prevotella intermedia	28131	S	107	48	155	0.00001
Prevotella multiformis	282402	S	102	39	141	0.00001
Prevotella copri	165179	S	84	43	127	0.00001
Prevotella ruminicola	839	S	73	2	75	0.00000
Prevotella buccalis	28127	S	65	74	139	0.00001
Prevotella enoeca	76123	S	62	10	72	0.00000
Prevotella oris	28135	S	45	5	50	0.00000
Prevotella bryantii	77095	S	35	3	38	0.00000
Prevotella nigrescens	28133	S	34	20	54	0.00000
Prevotella jejuni	1177574	S	31	11	42	0.00000
Prevotella fusca	589436	S	22	4	26	0.00000
Prevotella herbatica	2801997	S	19	0	19	0.00000
Prevotella veroralis	28137	S	16	3	19	0.00000
Prevotella histicola	470565	S	15	2	17	0.00000
Prevotella scopos	589437	S	12	5	17	0.00000
Paraprevotella xylaniphila	454155	S	76	70	146	0.00001
Pseudoprevotella muciniphila	2133944	S	63	6	69	0.00000
Bacteroides cellulosilyticus	246787	S	154	57	211	0.00001
Bacteroides fragilis	817	S	117	198	315	0.00002
Bacteroides sp. CBA7301	2715212	S	54	15	69	0.00000
Bacteroides sp. M10	2763022	S	28	61	89	0.00000
Bacteroides thetaiotaomicron	818	S	97	65	162	0.00001
Bacteroides heparinolyticus	28113	S	88	23	111	0.00001
Bacteroides stercoris	46506	S	82	84	166	0.00001
Bacteroides salyersiae	291644	S	73	73	146	0.00001
Bacteroides zoogleoformans	28119	S	67	18	85	0.00000
Bacteroides eggerthii	28111	S	66	75	141	0.00001
Bacteroides helcogenes	290053	S	62	3	65	0.00000
Bacteroides nordii	291645	S	62	48	110	0.00001
Bacteroides caccae	47678	S	54	15	69	0.00000
Bacteroides uniformis	820	S	50	143	193	0.00001
Bacteroides faecis	674529	S	49	41	90	0.00000
Bacteroides zhangwenhongii	2650157	S	44	30	74	0.00000
Bacteroides intestinalis	329854	S	41	8	49	0.00000
Bacteroides ovatus	28116	S	39	84	123	0.00001
Bacteroides xylanisolvens	371601	S	38	99	137	0.00001
Bacteroides caecimuris	1796613	S	31	45	76	0.00000
Bacteroides coprosuis	151276	S	28	2	30	0.00000
Bacteroides luhongzhouii	2650158	S	20	10	30	0.00000
Phocaeicola salanitronis	376805	S	120	54	174	0.00001
Phocaeicola coprophilus	387090	S	68	38	106	0.00001
Phocaeicola dorei	357276	S	37	61	98	0.00001
Phocaeicola vulgatus	821	S	30	36	66	0.00000
Tannerella serpentiformis	712710	S	435	24	459	0.00002
Tannerella forsythia	28112	S	140	11	151	0.00001
Parabacteroides goldsteinii	328812	S	125	33	158	0.00001
Parabacteroides merdae	46503	S	103	116	219	0.00001
Parabacteroides johnsonii	387661	S	91	74	165	0.00001
Parabacteroides distasonis	823	S	74	267	341	0.00002
Sodaliphilus pleomorphus	2606626	S	422	219	641	0.00003
Duncaniella dubosii	2518971	S	115	16	131	0.00001
Muribaculum gordoncarteri	2530390	S	134	16	150	0.00001
Muribaculum intestinale	1796646	S	132	14	146	0.00001
Porphyromonas sp. oral taxon 275	712435	S	388	40	428	0.00002
Porphyromonas gingivalis	837	S	119	19	138	0.00001
Porphyromonas asaccharolytica	28123	S	93	7	100	0.00001
Porphyromonas cangingivalis	36874	S	60	8	68	0.00000
Porphyromonas endodontalis	28124	S	45	4	49	0.00000
Porphyromonas somerae	322095	S	42	11	53	0.00000
Porphyromonas crevioricanis	393921	S	37	8	45	0.00000
Petrimonas mucosa	1642646	S	180	11	191	0.00001
Proteiniphilum saccharofermentans	1642647	S	100	7	107	0.00001
Proteiniphilum sp. JNU-WLY501	2829812	S	66	2	68	0.00000
Barnesiella viscericola	397865	S	240	325	565	0.00003
Coprobacter secundus	1501392	S	28	26	54	0.00000
Butyricimonas faecalis	2093856	S	58	62	120	0.00001
Butyricimonas virosa	544645	S	41	8	49	0.00000
Odoribacter splanchnicus	28118	S	54	7	61	0.00000
Paludibacter propionicigenes	185300	S	78	2	80	0.00000
Salinivirga cyanobacteriivorans	1307839	S	52	1	53	0.00000
Tenuifilum thalassicum	2590900	S	49	1	50	0.00000
Draconibacterium orientale	1168034	S	105	8	113	0.00001
Draconibacterium halophilum	2706887	S	80	5	85	0.00000
Maribellus comscasis	2681766	S	72	3	75	0.00000
Alkalitalea saponilacus	889453	S	63	5	68	0.00000
Labilibaculum antarcticum	1717717	S	63	4	67	0.00000
Rhodocaloribacter litoris	2558931	S	5973	620	6593	0.00036
Rhodothermus marinus	29549	S	5154	293	5447	0.00029
Salinibacter ruber	146919	S	3219	53	3272	0.00018
Mucilaginibacter sp. 14171R-50	2703789	S	201	14	215	0.00001
Mucilaginibacter sp. SMC90	2929803	S	190	12	202	0.00001
Mucilaginibacter sp. F39-2	2728022	S	163	12	175	0.00001
Mucilaginibacter sp. 21P	2778902	S	151	11	162	0.00001
Mucilaginibacter mali	2740462	S	319	13	332	0.00002
Mucilaginibacter daejeonensis	398049	S	288	18	306	0.00002
Mucilaginibacter ginsenosidivorans	398053	S	278	10	288	0.00002
Mucilaginibacter ginsenosidivorax	862126	S	256	11	267	0.00001
Mucilaginibacter gotjawali	1550579	S	256	8	264	0.00001
Mucilaginibacter celer	2305508	S	231	10	241	0.00001
Mucilaginibacter paludis	423351	S	196	10	206	0.00001
Mucilaginibacter xinganensis	1234841	S	182	9	191	0.00001
Mucilaginibacter mallensis	652787	S	180	7	187	0.00001
Mucilaginibacter rubeus	2027860	S	162	445	607	0.00003
Mucilaginibacter ginkgonis	2682091	S	150	7	157	0.00001
Mucilaginibacter gossypii	551996	S	97	82	179	0.00001
Pedobacter sp. G11	2482728	S	125	20	145	0.00001
Pedobacter sp. HDW13	2714940	S	96	14	110	0.00001
Pedobacter sp. KBS0701	2578106	S	93	35	128	0.00001
Pedobacter sp. PACM 27299	1727164	S	86	15	101	0.00001
Pedobacter sp. SW-16	2766984	S	82	18	100	0.00001
Pedobacter sp. Q8-18	2895286	S	82	7	89	0.00000
Pedobacter sp. D749	2856523	S	74	28	102	0.00001
Pedobacter ginsengisoli	363852	S	135	21	156	0.00001
Pedobacter heparinus	984	S	126	13	139	0.00001
Pedobacter endophyticus	2789740	S	124	14	138	0.00001
Pedobacter steynii	430522	S	120	14	134	0.00001
Pedobacter schmidteae	2201271	S	109	11	120	0.00001
Pedobacter suwonensis	332999	S	107	28	135	0.00001
Pedobacter roseus	336820	S	101	37	138	0.00001
Pedobacter cryoconitis	188932	S	91	11	102	0.00001
Pedobacter aquae	2605747	S	43	4	47	0.00000
Sphingobacterium sp. DR205	2713573	S	119	16	135	0.00001
Sphingobacterium sp. CZ-2	2557994	S	70	22	92	0.00001
Sphingobacterium sp. UDSM-2020	2795738	S	61	23	84	0.00000
Sphingobacterium sp. dk4302	2662364	S	54	7	61	0.00000
Sphingobacterium sp. ML3W	1538644	S	50	19	69	0.00000
Sphingobacterium sp. PCS056	2931400	S	49	11	60	0.00000
Sphingobacterium sp. SRCM116780	2907623	S	41	7	48	0.00000
Sphingobacterium spiritivorum	258	S	175	141	316	0.00002
Sphingobacterium thalpophilum	259	S	136	173	309	0.00002
Sphingobacterium lactis	797291	S	86	84	170	0.00001
Sphingobacterium hotanense	649196	S	80	29	109	0.00001
Sphingobacterium mizutaii	1010	S	63	11	74	0.00000
Sphingobacterium psychroaquaticum	561061	S	58	12	70	0.00000
Sphingobacterium multivorum	28454	S	53	160	213	0.00001
Sphingobacterium daejeonense	371142	S	42	14	56	0.00000
Sphingobacterium paramultivorum	2886510	S	17	29	46	0.00000
Anseongella ginsenosidimutans	496056	S	732	31	763	0.00004
Solitalea canadensis	995	S	114	15	129	0.00001
Solitalea sp. S2-8	2911172	S	108	19	127	0.00001
Olivibacter sp. LS-1	2592345	S	123	9	132	0.00001
Olivibacter sp. SDN3	2764720	S	108	19	127	0.00001
Pseudopedobacter saltans	151895	S	63	58	121	0.00001
Haliscomenobacter hydrossis	2350	S	385	5	390	0.00002
Saprospira grandis	1008	S	68	2	70	0.00000
Candidatus Sulfidibacterium hydrothermale	2875962	S	123	4	127	0.00001
Chlorobaculum limnaeum	274537	S	1107	196	1303	0.00007
Chlorobaculum parvum	274539	S	587	124	711	0.00004
Chlorobaculum tepidum	1097	S	576	176	752	0.00004
Pelodictyon luteolum	1100	S	501	78	579	0.00003
Pelodictyon phaeoclathratiforme	34090	S	142	8	150	0.00001
Chlorobium limicola	1092	S	236	19	255	0.00001
Chlorobium phaeovibrioides	1094	S	125	24	149	0.00001
Chlorobium phaeobacteroides	1096	S	117	16	133	0.00001
Prosthecochloris sp. GSB1	281093	S	537	39	576	0.00003
Prosthecochloris sp. HL-130-GSB	1974213	S	184	36	220	0.00001
Prosthecochloris sp. CIB 2401	1868325	S	165	44	209	0.00001
Prosthecochloris aestuarii	1102	S	153	17	170	0.00001
Chloroherpeton thalassium	100716	S	250	5	255	0.00001
Candidatus Cyclonatronum proteinivorum	1457365	S	375	43	418	0.00002
Melioribacter roseus	1134405	S	141	11	152	0.00001
Ignavibacterium album	591197	S	96	9	105	0.00001
Gemmatirosa kalamazoonesis	861299	S	63494	6239	69733	0.00376
Gemmatimonas groenlandica	2732249	S	10692	1251	11943	0.00064
Gemmatimonas aurantiaca	173480	S	7962	832	8794	0.00047
Gemmatimonas phototrophica	1379270	S	6435	914	7349	0.00040
Fibrobacter succinogenes	833	S	189	3	192	0.00001
Candidatus Cloacimonas acidaminovorans	456827	S	68	1	69	0.00000
Luteitalea pratensis	1855912	S	85517	9036	94553	0.00510
Luteitalea sp. TBR-22	2802971	S	71057	11668	82725	0.00446
Granulicella sp. WH15	2602070	S	3626	748	4374	0.00024
Granulicella sp. 5B5	1617967	S	3013	559	3572	0.00019
Granulicella mallensis	940614	S	2590	352	2942	0.00016
Granulicella tundricola	940615	S	2035	305	2340	0.00013
Terriglobus roseus	392734	S	3368	825	4193	0.00023
Terriglobus albidus	1592106	S	2575	279	2854	0.00015
Terriglobus saanensis	870903	S	1741	266	2007	0.00011
Acidobacterium capsulatum	33075	S	3187	425	3612	0.00019
Acidobacterium sp. 4Y35	2763107	S	2845	216	3061	0.00017
Candidatus Koribacter versatilis	658062	S	4871	179	5050	0.00027
Edaphobacter sp. 12200R-103	2703788	S	2023	393	2416	0.00013
Edaphobacter sp. 4G125	2763071	S	1197	198	1395	0.00008
Acidisarcina polymorpha	2211140	S	2221	183	2404	0.00013
Paludibaculum fermentans	1473598	S	9813	313	10126	0.00055
Chloracidobacterium aggregatum	2851959	S	1413	742	2155	0.00012
Chloracidobacterium validum	2821543	S	1189	21	1210	0.00007
Chloracidobacterium sp. D	2821536	S	129	719	848	0.00005
Chloracidobacterium thermophilum	458033	S	83	425	508	0.00003
Sulfidibacter corallicola	2818388	S	2895	56	2951	0.00016
Thermotomaculum hydrothermale	981385	S	100	5	105	0.00001
Nitrospira moscoviensis	42253	S	5684	486	6170	0.00033
Nitrospira japonica	1325564	S	3586	420	4006	0.00022
Nitrospira sp. KM1	1936990	S	2711	249	2960	0.00016
Candidatus Nitrospira inopinata	1715989	S	2256	191	2447	0.00013
Leptospirillum ferrooxidans	180	S	155	3	158	0.00001
Leptospirillum ferriphilum	178606	S	54	131	185	0.00001
Leptospirillum sp. Group II 'CF-1'	1660083	S	45	125	170	0.00001
Dissulfurispira thermophila	2715679	S	119	10	129	0.00001
Thermodesulfovibrio yellowstonii	28262	S	96	3	99	0.00001
Treponema brennaborense	81028	S	183	61	244	0.00001
Treponema primitia	88058	S	149	9	158	0.00001
Treponema azotonutricium	150829	S	144	6	150	0.00001
Treponema sp. Marseille-Q4132	2766701	S	84	47	131	0.00001
Treponema sp. OMZ 838	1539298	S	23	27	50	0.00000
Treponema socranskii	53419	S	105	58	163	0.00001
Treponema caldarium	215591	S	90	12	102	0.00001
Treponema parvum	138851	S	77	4	81	0.00000
Treponema succinifaciens	167	S	55	41	96	0.00001
Treponema vincentii	69710	S	46	55	101	0.00001
Treponema medium	58231	S	36	53	89	0.00000
Treponema peruense	2787628	S	28	4	32	0.00000
Treponema pedis	409322	S	27	7	34	0.00000
Treponema denticola	158	S	25	3	28	0.00000
Treponema phagedenis	162	S	24	9	33	0.00000
Spirochaeta thermophila	154	S	760	20	780	0.00004
Spirochaeta africana	46355	S	246	17	263	0.00001
Salinispira pacifica	1307761	S	148	6	154	0.00001
Sediminispirochaeta smaragdinae	55206	S	87	3	90	0.00000
Oceanispirochaeta crateris	2518645	S	36	2	38	0.00000
Thiospirochaeta perfilievii	252967	S	16	1	17	0.00000
Sphaerochaeta associata	1129264	S	136	14	150	0.00001
Sphaerochaeta coccoides	273376	S	95	4	99	0.00001
Sphaerochaeta globosa	1131703	S	76	9	85	0.00000
Sphaerochaeta pleomorpha	1131707	S	55	8	63	0.00000
Breznakiella homolactica	2798577	S	202	19	221	0.00001
Borrelia sp. HM	1882662	S	18	77	95	0.00001
Leptospira kmetyi	408139	S	111	1	112	0.00001
Leptospira santarosai	28183	S	97	1	98	0.00001
Leptospira weilii	28184	S	68	1	69	0.00000
Leptospira tipperaryensis	2564040	S	55	0	55	0.00000
Leptospira kobayashii	1917830	S	54	0	54	0.00000
Leptospira biflexa	172	S	38	0	38	0.00000
Leptospira mayottensis	1137606	S	35	0	35	0.00000
Leptospira borgpetersenii	174	S	32	0	32	0.00000
Leptospira noguchii	28182	S	26	0	26	0.00000
Leptospira interrogans	173	S	15	177	192	0.00001
Turneriella parva	29510	S	494	4	498	0.00003
Brachyspira pilosicoli	52584	S	14	3	17	0.00000
Brachyspira hyodysenteriae	159	S	10	25	35	0.00000
Pyramidobacter piscolens	638849	S	837	47	884	0.00005
Fretibacterium fastidiosum	651822	S	688	9	697	0.00004
Aminomonas paucivorans	81412	S	680	68	748	0.00004
Cloacibacillus porcorum	1197717	S	575	112	687	0.00004
Thermanaerovibrio acidaminovorans	81462	S	309	96	405	0.00002
Thermanaerovibrio velox	108007	S	199	37	236	0.00001
Jonquetella anthropi	428712	S	349	51	400	0.00002
Aminobacterium colombiense	81468	S	102	5	107	0.00001
Acetomicrobium mobile	97477	S	101	2	103	0.00001
Thermovirga lienii	336261	S	67	54	121	0.00001
Candidatus Bipolaricaulis anaerobius	2026885	S	883	36	919	0.00005
Candidatus Nanosynbacter featherlites	2572088	S	53	26	79	0.00000
Nanosynbacter sp. HMT-352	2899133	S	30	70	100	0.00001
Candidatus Nanosynbacter lyticus	2093824	S	25	46	71	0.00000
Candidatus Saccharimonas aalborgensis	1332188	S	93	0	93	0.00001
Candidatus Minimicrobia vallesae	2841264	S	15	58	73	0.00000
Candidatus Babela massiliensis	673862	S	160	3	163	0.00001
Candidatus Absconditicoccus praedator	2735562	S	88	1	89	0.00000
Candidatus Chazhemtobacterium aquaticus	2715735	S	52	0	52	0.00000
Thermotoga caldifontis	1508419	S	156	19	175	0.00001
Thermotoga sp. 2812B	1157948	S	17	67	84	0.00000
Thermotoga profunda	1508420	S	27	2	29	0.00000
Thermotoga petrophila	93929	S	12	99	111	0.00001
Pseudothermotoga hypogea	57487	S	87	25	112	0.00001
Pseudothermotoga thermarum	119394	S	26	4	30	0.00000
Fervidobacterium pennivorans	93466	S	21	49	70	0.00000
Fervidobacterium nodosum	2424	S	16	16	32	0.00000
Thermosipho ferrireducens	2571116	S	26	4	30	0.00000
Thermosipho africanus	2421	S	14	22	36	0.00000
Mesotoga infera	1236046	S	65	9	74	0.00000
Mesotoga prima	1184387	S	41	6	47	0.00000
Kosmotoga olearia	651457	S	33	40	73	0.00000
Kosmotoga pacifica	1330330	S	17	21	38	0.00000
Defluviitoga tunisiensis	1006576	S	23	33	56	0.00000
Tepiditoga spiralis	2108365	S	23	3	26	0.00000
Petrotoga mobilis	69499	S	17	11	28	0.00000
Athalassotoga saccharophila	1441386	S	63	1	64	0.00000
Thermocrinis minervae	381751	S	114	15	129	0.00001
Thermocrinis albus	136094	S	27	3	30	0.00000
Thermocrinis ruber	75906	S	22	3	25	0.00000
Hydrogenobacter sp. T-8	1632019	S	48	12	60	0.00000
Hydrogenobacter thermophilus	940	S	22	7	29	0.00000
Aquifex aeolicus	63363	S	50	3	53	0.00000
Persephonella marina	309805	S	122	8	130	0.00001
Sulfurihydrogenibium azorense	309806	S	108	13	121	0.00001
Thermosulfidibacter takaii	412593	S	104	4	108	0.00001
Thermovibrio ammonificans	228745	S	135	23	158	0.00001
Desulfurobacterium thermolithotrophum	64160	S	50	7	57	0.00000
Thermosulfurimonas marina	2047767	S	255	39	294	0.00002
Thermosulfuriphilus ammonigenes	1936021	S	132	6	138	0.00001
Thermodesulfatator indicus	171695	S	94	14	108	0.00001
Thermodesulfobacterium geofontis	1295609	S	22	13	35	0.00000
Thermodesulfobacterium commune	1741	S	12	11	23	0.00000
Caldimicrobium thiodismutans	1653476	S	23	4	27	0.00000
Geovibrio thiophilus	139438	S	103	28	131	0.00001
Flexistipes sinusarabici	2352	S	81	13	94	0.00001
Mucispirillum schaedleri	248039	S	65	8	73	0.00000
Calditerrivibrio nitroreducens	477976	S	59	11	70	0.00000
Deferribacter desulfuricans	197162	S	51	12	63	0.00000
Denitrovibrio acetiphilus	118000	S	37	6	43	0.00000
Caldithrix abyssi	187145	S	438	4	442	0.00002
Fusobacterium ulcerans	861	S	36	8	44	0.00000
Fusobacterium nucleatum	851	S	18	46	64	0.00000
Fusobacterium gastrosuis	1755100	S	15	4	19	0.00000
Fusobacterium sp. NSJ-57	2764326	S	12	17	29	0.00000
Fusobacterium pseudoperiodonticum	2663009	S	14	21	35	0.00000
Fusobacterium mortiferum	850	S	11	1	12	0.00000
Fusobacterium gonidiaformans	849	S	10	4	14	0.00000
Ilyobacter polytropus	167642	S	23	2	25	0.00000
Cetobacterium somerae	188913	S	11	1	12	0.00000
Leptotrichia sp. oral taxon 212	712357	S	12	11	23	0.00000
Leptotrichia wadei	157687	S	14	31	45	0.00000
Sebaldella termitidis	826	S	27	1	28	0.00000
Pseudoleptotrichia goodfellowii	157692	S	11	1	12	0.00000
Desulfurispirillum indicum	936456	S	397	182	579	0.00003
Elusimicrobium minutum	423605	S	169	2	171	0.00001
Endomicrobium proavitum	1408281	S	58	15	73	0.00000
Candidatus Endomicrobium trichonymphae	1408204	S	41	10	51	0.00000
Coprothermobacter proteolyticus	35786	S	140	28	168	0.00001
Caldisericum exile	693075	S	123	0	123	0.00001
Dictyoglomus thermophilum	14	S	11	75	86	0.00000
Atribacter laminatus	2847778	S	66	1	67	0.00000
Fusarium acuminatum	5515	S	17296	911	18207	0.00098
Fusarium avenaceum	40199	S	213	7	220	0.00001
Fusarium equiseti	61235	S	9924	1091	11015	0.00059
Fusarium scirpi	2211609	S	4083	375	4458	0.00024
Fusarium oxysporum	5507	S	5465	1869	7334	0.00040
Fusarium dimerum	57145	S	2304	67	2371	0.00013
Fusarium poae	36050	S	292	86	378	0.00002
Fusarium pseudograminearum	101028	S	246	97	343	0.00002
Fusarium longipes	694270	S	213	8	221	0.00001
Fusarium sporotrichioides	5514	S	208	18	226	0.00001
Fusarium sambucinum	5128	S	138	57	195	0.00001
Fusarium venenatum	56646	S	125	207	332	0.00002
Fusarium culmorum	5516	S	107	101	208	0.00001
Fusarium graminearum	5518	S	82	257	339	0.00002
Fusarium nygamai	42673	S	314	111	425	0.00002
Fusarium fujikuroi	5127	S	240	26	266	0.00001
Fusarium pseudonygamai	47755	S	163	45	208	0.00001
Fusarium thapsinum	120644	S	140	36	176	0.00001
Fusarium verticillioides	117187	S	47	72	119	0.00001
Fusarium decemcellulare	57161	S	963	20	983	0.00005
Fusarium heterosporum	42747	S	212	47	259	0.00001
Fusarium graminum	86546	S	201	45	246	0.00001
Fusarium lateritium	5523	S	456	13	469	0.00003
Fusarium nelsonii	77846	S	216	52	268	0.00001
Fusarium chlamydosporum	86545	S	157	38	195	0.00001
Fusarium musae	1042133	S	81	118	199	0.00001
Metarhizium guizhouense	169041	S	827	330	1157	0.00006
Metarhizium album	92629	S	732	21	753	0.00004
Metarhizium rileyi	1649241	S	487	66	553	0.00003
Metarhizium acridum	92637	S	291	187	478	0.00003
Metarhizium robertsii	568076	S	222	114	336	0.00002
Metarhizium humberi	2596975	S	220	96	316	0.00002
Metarhizium anisopliae	5530	S	189	226	415	0.00002
Metarhizium brunneum	500148	S	178	107	285	0.00002
Metarhizium majus	1650735	S	150	50	200	0.00001
Ustilaginoidea virens	1159556	S	1016	49	1065	0.00006
Pochonia chlamydosporia	280754	S	391	28	419	0.00002
Trichoderma reesei	51453	S	477	43	520	0.00003
Trichoderma citrinoviride	58853	S	412	46	458	0.00002
Trichoderma pleuroti	500994	S	390	42	432	0.00002
Trichoderma atroviride	63577	S	279	67	346	0.00002
Trichoderma afroharzianum	1567482	S	267	59	326	0.00002
Trichoderma hamatum	49224	S	250	19	269	0.00001
Trichoderma asperellum	101201	S	228	17	245	0.00001
Trichoderma erinaceum	202914	S	194	30	224	0.00001
Trichoderma harzianum	5544	S	179	39	218	0.00001
Trichoderma gamsii	398673	S	166	24	190	0.00001
Trichoderma koningiopsis	337941	S	163	24	187	0.00001
Trichoderma longibrachiatum	5548	S	59	642	701	0.00004
Trichoderma virens	29875	S	52	575	627	0.00003
Trichoderma koningii	97093	S	20	209	229	0.00001
Beauveria felina	37994	S	913	47	960	0.00005
Beauveria pseudobassiana	931006	S	352	59	411	0.00002
Beauveria brongniartii	118266	S	319	92	411	0.00002
Beauveria rudraprayagi	1481906	S	199	287	486	0.00003
Beauveria bassiana	176275	S	142	215	357	0.00002
Cordyceps fumosorosea	114497	S	1046	77	1123	0.00006
Purpureocillium lilacinum	33203	S	1316	92	1408	0.00008
Drechmeria coniospora	98403	S	1176	55	1231	0.00007
Clonostachys rosea	29856	S	562	39	601	0.00003
Colletotrichum higginsianum	80884	S	1533	329	1862	0.00010
Thermothelomyces thermophilus	78579	S	2931	195	3126	0.00017
Thermothielavioides terrestris	2587410	S	2726	253	2979	0.00016
Neurospora crassa	5141	S	1170	80	1250	0.00007
Pyricularia pennisetigena	1578925	S	472	87	559	0.00003
Pyricularia oryzae	318829	S	464	146	610	0.00003
Pyricularia grisea	148305	S	375	67	442	0.00002
Neopestalotiopsis rosae	1562205	S	214	233	447	0.00002
Neopestalotiopsis clavispora	289240	S	207	244	451	0.00002
Botrytis cinerea	40559	S	378	2	380	0.00002
Aspergillus puulaauensis	1220207	S	13305	422	13727	0.00074
Aspergillus chevalieri	182096	S	2382	188	2570	0.00014
Aspergillus luchuensis	1069201	S	648	38	686	0.00004
Aspergillus oryzae	5062	S	153	199	352	0.00002
Aspergillus flavus	5059	S	20	28	48	0.00000
Aspergillus fumigatus	746128	S	347	15	362	0.00002
Penicillium chrysogenum	5076	S	7200	482	7682	0.00041
Penicillium aurantiogriseum	36655	S	381	47	428	0.00002
Penicillium expansum	27334	S	275	30	305	0.00002
Penicillium italicum	40296	S	205	21	226	0.00001
Penicillium citrinum	5077	S	199	19	218	0.00001
Penicillium digitatum	36651	S	162	10	172	0.00001
Paecilomyces niveus	5093	S	230	7	237	0.00001
Paecilomyces variotii	264951	S	197	15	212	0.00001
Talaromyces rugulosus	121627	S	263	13	276	0.00001
Paraphaeosphaeria minitans	565426	S	754	216	970	0.00005
Ampelomyces quisqualis	50730	S	597	54	651	0.00004
Zymoseptoria tritici	1047171	S	276	7	283	0.00002
Cercospora beticola	122368	S	219	2	221	0.00001
Eremothecium gossypii	33169	S	197	163	360	0.00002
Eremothecium cymbalariae	45285	S	38	1	39	0.00000
Eremothecium sinecaudum	45286	S	10	6	16	0.00000
Saccharomyces eubayanus	1080349	S	56	2	58	0.00000
Saccharomyces cerevisiae	4932	S	39	6	45	0.00000
Saccharomyces paradoxus	27291	S	19	1	20	0.00000
Lachancea thermotolerans	381046	S	101	6	107	0.00001
Naumovozyma castellii	27288	S	61	5	66	0.00000
Naumovozyma dairenensis	27289	S	36	1	37	0.00000
Tetrapisispora blattae	1071379	S	49	3	52	0.00000
Tetrapisispora phaffii	113608	S	41	1	42	0.00000
Kluyveromyces marxianus	4911	S	41	10	51	0.00000
Kluyveromyces lactis	28985	S	24	4	28	0.00000
Kazachstania naganishii	588726	S	60	3	63	0.00000
Kazachstania africana	432096	S	11	0	11	0.00000
[Candida] glabrata	5478	S	62	3	65	0.00000
Torulaspora globosa	48254	S	41	2	43	0.00000
Torulaspora delbrueckii	4950	S	17	1	18	0.00000
Zygosaccharomyces rouxii	4956	S	40	2	42	0.00000
Zygotorulaspora mrakii	42260	S	35	4	39	0.00000
Candida dubliniensis	42374	S	128	6	134	0.00001
Candida albicans	5476	S	57	2	59	0.00000
Candida orthopsilosis	273371	S	46	1	47	0.00000
Scheffersomyces stipitis	4924	S	35	1	36	0.00000
Debaryomyces hansenii	4959	S	17	0	17	0.00000
Brettanomyces bruxellensis	5007	S	56	6	62	0.00000
Brettanomyces nanus	13502	S	51	11	62	0.00000
Ogataea parapolymorpha	1005962	S	80	4	84	0.00000
Pichia kudriavzevii	4909	S	46	3	49	0.00000
Yarrowia lipolytica	4952	S	154	2	156	0.00001
Sugiyamaella lignohabitans	796027	S	93	8	101	0.00001
Saccharomycodes ludwigii	36035	S	33	5	38	0.00000
Komagataella phaffii	460519	S	13	0	13	0.00000
Schizosaccharomyces pombe	4896	S	83	2	85	0.00000
Pseudozyma flocculosa	84751	S	1809	16	1825	0.00010
Ustilago maydis	5270	S	512	17	529	0.00003
Sporisorium graminicola	280036	S	454	81	535	0.00003
Malassezia restricta	76775	S	216	37	253	0.00001
Phlebiopsis gigantea	82310	S	526	7	533	0.00003
Rhizoctonia solani	456999	S	130	6	136	0.00001
Marasmius oreades	181124	S	140	8	148	0.00001
Cryptococcus neoformans	5207	S	137	6	143	0.00001
Cryptococcus gattii VGI	37769	S	57	36	93	0.00001
Phytophthora cinnamomi	4785	S	1120	209	1329	0.00007
Phytophthora fragariae	53985	S	846	134	980	0.00005
Phytophthora cryptogea	4786	S	543	49	592	0.00003
Phytophthora infestans	4787	S	490	860	1350	0.00007
Phytophthora cactorum	29920	S	311	51	362	0.00002
Phytophthora boehmeriae	109152	S	273	38	311	0.00002
Phytophthora parasitica	4792	S	209	30	239	0.00001
Pythium aphanidermatum	65070	S	517	19	536	0.00003
