name	taxonomy_id	taxonomy_lvl	kraken_assigned_reads	added_reads	new_est_reads	fraction_total_reads
Streptomycetaceae	2062	F	2209602	510183	2719785	0.11766
Microbacteriaceae	85023	F	748883	114908	863791	0.03737
Micrococcaceae	1268	F	447557	98738	546295	0.02363
Intrasporangiaceae	85021	F	124522	35696	160218	0.00693
Cellulomonadaceae	85016	F	122988	43591	166579	0.00721
Promicromonosporaceae	85017	F	64199	27207	91406	0.00395
Ornithinimicrobiaceae	2805590	F	57757	13199	70956	0.00307
Brevibacteriaceae	85019	F	33918	7568	41486	0.00179
Dermabacteraceae	85020	F	33783	6918	40701	0.00176
Bogoriellaceae	145358	F	30701	10146	40847	0.00177
Dermacoccaceae	145357	F	22952	5794	28746	0.00124
Ruaniaceae	1331736	F	22735	22155	44890	0.00194
Beutenbergiaceae	125316	F	14139	4826	18965	0.00082
Sanguibacteraceae	145360	F	9258	3127	12385	0.00054
Dermatophilaceae	85018	F	5182	538	5720	0.00025
Kytococcaceae	2805426	F	4667	1899	6566	0.00028
Demequinaceae	1042322	F	1728	154	1882	0.00008
Jonesiaceae	85022	F	358	71	429	0.00002
Tropherymataceae	2805591	F	123	0	123	0.00001
Mycobacteriaceae	1762	F	529491	73642	603133	0.02609
Nocardiaceae	85025	F	314756	68915	383671	0.01660
Corynebacteriaceae	1653	F	87605	23052	110657	0.00479
Gordoniaceae	85026	F	73058	17566	90624	0.00392
Tsukamurellaceae	85028	F	22366	6521	28887	0.00125
Dietziaceae	85029	F	13835	13225	27060	0.00117
Segniliparaceae	316606	F	1841	114	1955	0.00008
Lawsonellaceae	2805586	F	385	47	432	0.00002
Nocardioidaceae	85015	F	766215	175505	941720	0.04074
Propionibacteriaceae	31957	F	147867	32049	179916	0.00778
Kribbellaceae	2726069	F	46003	8337	54340	0.00235
Actinopolymorphaceae	2805400	F	12862	1714	14576	0.00063
Micromonosporaceae	28056	F	982910	152216	1135126	0.04910
Pseudonocardiaceae	2070	F	864967	144134	1009101	0.04365
Streptosporangiaceae	2004	F	166942	31170	198112	0.00857
Thermomonosporaceae	2012	F	156159	35087	191246	0.00827
Nocardiopsaceae	83676	F	77462	14650	92112	0.00398
Geodermatophilaceae	85030	F	210445	61115	271560	0.01175
Frankiaceae	74712	F	64944	7051	71995	0.00311
Actinomycetaceae	2049	F	60880	9348	70228	0.00304
Jiangellaceae	1217100	F	48607	9607	58214	0.00252
Nakamurellaceae	85031	F	25182	3889	29071	0.00126
Bifidobacteriaceae	31953	F	21544	6115	27659	0.00120
Catenulisporaceae	414877	F	12498	2080	14578	0.00063
Jatrophihabitantaceae	2805416	F	10856	1073	11929	0.00052
Glycomycetaceae	85034	F	9196	838	10034	0.00043
Kineosporiaceae	83778	F	8266	2598	10864	0.00047
Sporichthyaceae	85033	F	4461	2505	6966	0.00030
Actinopolysporaceae	622451	F	4286	497	4783	0.00021
Acidothermaceae	85032	F	3457	189	3646	0.00016
Candidatus Nanopelagicaceae	2162846	F	791	16	807	0.00003
Rubrobacteraceae	84997	F	235293	9768	245061	0.01060
Baekduiaceae	2600303	F	42248	7454	49702	0.00215
Conexibacteraceae	320583	F	156204	23419	179623	0.00777
Miltoncostaeaceae	2843199	F	51729	6882	58611	0.00254
Iamiaceae	633392	F	146372	19080	165452	0.00716
Ilumatobacteraceae	2448023	F	12807	821	13628	0.00059
Acidimicrobiaceae	84994	F	3499	282	3781	0.00016
Euzebyaceae	908622	F	10755	1001	11756	0.00051
Egicoccaceae	1755824	F	10714	1800	12514	0.00054
Egibacteraceae	1747769	F	9559	627	10186	0.00044
Eggerthellaceae	1643826	F	15943	2786	18729	0.00081
Atopobiaceae	1643824	F	8655	1967	10622	0.00046
Coriobacteriaceae	84107	F	3583	824	4407	0.00019
Bacillaceae	186817	F	242136	156010	398146	0.01722
Paenibacillaceae	186822	F	70803	5492	76295	0.00330
Alicyclobacillaceae	186823	F	8036	1117	9153	0.00040
Planococcaceae	186818	F	3830	1037	4867	0.00021
Thermoactinomycetaceae	186824	F	3188	2473	5661	0.00024
Staphylococcaceae	90964	F	1641	10696	12337	0.00053
Listeriaceae	186820	F	461	2582	3043	0.00013
Sporolactobacillaceae	186821	F	169	23	192	0.00001
Lactobacillaceae	33958	F	4319	1603	5922	0.00026
Streptococcaceae	1300	F	1469	1227	2696	0.00012
Enterococcaceae	81852	F	737	489	1226	0.00005
Aerococcaceae	186827	F	345	100	445	0.00002
Carnobacteriaceae	186828	F	335	135	470	0.00002
Clostridiales Family XVII. Incertae Sedis	539000	F	11697	2312	14009	0.00061
Eubacteriales Family XIII. Incertae Sedis	543314	F	391	502	893	0.00004
Clostridiales Family XVI. Incertae Sedis	543347	F	159	60	219	0.00001
Oscillospiraceae	216572	F	12269	4608	16877	0.00073
Symbiobacteriaceae	543349	F	4427	357	4784	0.00021
Clostridiaceae	31979	F	4012	609	4621	0.00020
Lachnospiraceae	186803	F	3688	1202	4890	0.00021
Peptococcaceae	186807	F	2487	207	2694	0.00012
Christensenellaceae	990719	F	1304	558	1862	0.00008
Heliobacteriaceae	31984	F	1261	450	1711	0.00007
Eubacteriaceae	186806	F	1231	190	1421	0.00006
Desulfitobacteriaceae	2937909	F	1059	95	1154	0.00005
Peptostreptococcaceae	186804	F	507	1774	2281	0.00010
Syntrophomonadaceae	68298	F	382	17	399	0.00002
Desulfallaceae	2867375	F	236	18	254	0.00001
Thermincolaceae	2937911	F	128	10	138	0.00001
Desulfotomaculaceae	2937910	F	116	44	160	0.00001
Vallitaleaceae	2603322	F	97	7	104	0.00000
Thermohalobacteraceae	2848916	F	91	12	103	0.00000
Proteinivoraceae	1491775	F	51	6	57	0.00000
Thermoanaerobacteraceae	186814	F	5060	671	5731	0.00025
Thermoanaerobacterales Family III. Incertae Sedis	543371	F	293	57	350	0.00002
Thermoanaerobacterales Family IV. Incertae Sedis	543372	F	145	67	212	0.00001
Zhaonellaceae	2748673	F	114	15	129	0.00001
Thermodesulfobiaceae	227387	F	102	1	103	0.00000
Thermosediminibacteraceae	2770093	F	325	26	351	0.00002
Tepidanaerobacteraceae	2770092	F	192	9	201	0.00001
Halanaerobiaceae	972	F	294	149	443	0.00002
Halobacteroidaceae	53434	F	89	11	100	0.00000
Koleobacteraceae	2786988	F	164	12	176	0.00001
Natranaerofabaceae	2807496	F	81	3	84	0.00000
Natranaerobiaceae	485255	F	59	8	67	0.00000
Selenomonadaceae	1843491	F	4617	222	4839	0.00021
Sporomusaceae	1843490	F	722	54	776	0.00003
Veillonellaceae	31977	F	1397	369	1766	0.00008
Acidaminococcaceae	909930	F	633	99	732	0.00003
Limnochordaceae	1676650	F	4778	182	4960	0.00021
Peptoniphilaceae	1570339	F	494	272	766	0.00003
Tissierellaceae	1737406	F	242	33	275	0.00001
Gottschalkiaceae	2042895	F	133	383	516	0.00002
Erysipelotrichaceae	128827	F	717	173	890	0.00004
Turicibacteraceae	2810281	F	73	384	457	0.00002
Deinococcaceae	183710	F	39869	1931	41800	0.00181
Thermaceae	188786	F	19119	1133	20252	0.00088
Trueperaceae	332247	F	3379	182	3561	0.00015
Synechococcaceae	1890426	F	19940	2059	21999	0.00095
Prochlorococcaceae	2881426	F	4906	1059	5965	0.00026
Acaryochloridaceae	1890429	F	368	14	382	0.00002
Chamaesiphonaceae	1890431	F	275	15	290	0.00001
Merismopediaceae	1890428	F	218	12	230	0.00001
Nostocaceae	1162	F	3523	1065	4588	0.00020
Calotrichaceae	2661849	F	1605	152	1757	0.00008
Scytonemataceae	1182	F	1175	164	1339	0.00006
Aphanizomenonaceae	1892259	F	710	552	1262	0.00005
Hapalosiphonaceae	1892263	F	252	36	288	0.00001
Tolypothrichaceae	119859	F	240	56	296	0.00001
Rivulariaceae	1185	F	55	3	58	0.00000
Leptolyngbyaceae	1890438	F	5019	322	5341	0.00023
Oculatellaceae	2303507	F	777	73	850	0.00004
Thermosynechococcaceae	2881378	F	478	41	519	0.00002
Prochlorotrichaceae	2303730	F	453	18	471	0.00002
Pseudanabaenaceae	1890436	F	243	10	253	0.00001
Gloeobacteraceae	1890422	F	6277	130	6407	0.00028
Coleofasciculaceae	1892251	F	1201	165	1366	0.00006
Oscillatoriaceae	1892254	F	1049	133	1182	0.00005
Microcoleaceae	1892252	F	707	385	1092	0.00005
Gomontiellaceae	1892255	F	81	10	91	0.00000
Sirenicapillariaceae	2934961	F	52	3	55	0.00000
Microcystaceae	1890449	F	449	142	591	0.00003
Aphanothecaceae	1890450	F	432	58	490	0.00002
Chroococcaceae	1890464	F	290	34	324	0.00001
Geminocystaceae	2815910	F	46	13	59	0.00000
Chroococcidiopsidaceae	1890528	F	644	94	738	0.00003
Hyellaceae	1890500	F	163	17	180	0.00001
Dermocarpellaceae	1890498	F	70	5	75	0.00000
Gloeomargaritaceae	1955043	F	148	5	153	0.00001
Thermostichaceae	2881384	F	119	64	183	0.00001
Sphaerobacteraceae	85002	F	12476	820	13296	0.00058
Thermomicrobiaceae	189777	F	2713	62	2775	0.00012
Roseiflexaceae	1508635	F	5968	360	6328	0.00027
Chloroflexaceae	1106	F	2161	98	2259	0.00010
Tepidiformaceae	2682227	F	6829	288	7117	0.00031
Ardenticatenaceae	1382930	F	6572	131	6703	0.00029
Caldilineaceae	475964	F	3209	235	3444	0.00015
Anaerolineaceae	292628	F	2858	1499	4357	0.00019
Dehalococcoidaceae	1202464	F	520	19	539	0.00002
Ktedonosporobacteraceae	2692416	F	1278	1416	2694	0.00012
Phototrophicaceae	2922432	F	906	11	917	0.00004
Fimbriimonadaceae	1663426	F	3089	16	3105	0.00013
Chthonomonadaceae	1077264	F	758	6	764	0.00003
Mycoplasmataceae	2092	F	596	78	674	0.00003
Acholeplasmataceae	2146	F	202	14	216	0.00001
Spiroplasmataceae	2131	F	115	9	124	0.00001
Entomoplasmataceae	33925	F	31	20	51	0.00000
Metamycoplasmataceae	2895623	F	32	17	49	0.00000
Mycoplasmoidaceae	2790998	F	30	34	64	0.00000
Bradyrhizobiaceae	41294	F	696814	62845	759659	0.03286
Rhizobiaceae	82115	F	363703	91000	454703	0.01967
Phyllobacteriaceae	69277	F	361154	60841	421995	0.01826
Methylobacteriaceae	119045	F	345028	45785	390813	0.01691
Xanthobacteraceae	335928	F	99483	17096	116579	0.00504
Hyphomicrobiaceae	45401	F	77138	6997	84135	0.00364
Boseaceae	2831100	F	69107	10388	79495	0.00344
Devosiaceae	2831106	F	63905	5225	69130	0.00299
Aurantimonadaceae	255475	F	50817	41877	92694	0.00401
Methylocystaceae	31993	F	29625	2445	32070	0.00139
Stappiaceae	2821832	F	28046	6385	34431	0.00149
Phreatobacteraceae	2843305	F	26767	4487	31254	0.00135
Chelatococcaceae	2036754	F	18665	4087	22752	0.00098
Parvibaculaceae	2813035	F	17917	3923	21840	0.00094
Blastochloridaceae	2831090	F	15572	3578	19150	0.00083
Beijerinckiaceae	45404	F	14016	997	15013	0.00065
Amorphaceae	2685818	F	9931	1053	10984	0.00048
Kaistiaceae	2831111	F	9291	2238	11529	0.00050
Brucellaceae	118882	F	8880	11242	20122	0.00087
Pleomorphomonadaceae	2843308	F	5827	1016	6843	0.00030
Breoghaniaceae	2831104	F	5495	708	6203	0.00027
Lichenihabitantaceae	2723775	F	5175	239	5414	0.00023
Cohaesibacteraceae	655351	F	987	38	1025	0.00004
Bartonellaceae	772	F	842	52	894	0.00004
Sphingomonadaceae	41297	F	818643	99655	918298	0.03973
Erythrobacteraceae	335929	F	113838	20332	134170	0.00580
Sphingosinicellaceae	2820280	F	34896	2875	37771	0.00163
Zymomonadaceae	2844881	F	238	226	464	0.00002
Azospirillaceae	2829815	F	212822	23051	235873	0.01020
Acetobacteraceae	433	F	150031	18615	168646	0.00730
Rhodospirillaceae	41295	F	77681	318866	396547	0.01715
Stellaceae	2844601	F	16033	1081	17114	0.00074
Elioraeaceae	2690195	F	7998	385	8383	0.00036
Thalassospiraceae	2844866	F	4176	266	4442	0.00019
Terasakiellaceae	2813951	F	179	4	183	0.00001
Rhodobacteraceae	31989	F	175223	23325	198548	0.00859
Roseobacteraceae	2854170	F	109852	12891	122743	0.00531
Caulobacteraceae	76892	F	144100	12622	156722	0.00678
Hyphomonadaceae	69657	F	10567	346	10913	0.00047
Maricaulaceae	2800061	F	8107	789	8896	0.00038
Parvularculaceae	255474	F	2387	154	2541	0.00011
Anaplasmataceae	942	F	586	11	597	0.00003
Rickettsiaceae	775	F	483	25	508	0.00002
Candidatus Midichloriaceae	1328881	F	71	44	115	0.00000
Candidatus Deianiraeaceae	2603433	F	25	0	25	0.00000
Emcibacteraceae	2066491	F	1133	1185	2318	0.00010
Holosporaceae	44746	F	198	3	201	0.00001
Caedimonadaceae	2100208	F	98	5	103	0.00000
Candidatus Paracaedibacteraceae	1777752	F	89	4	93	0.00000
Magnetococcaceae	1191479	F	300	7	307	0.00001
Kordiimonadaceae	1331809	F	129	2	131	0.00001
Pelagibacteraceae	1655514	F	86	39	125	0.00001
Burkholderiaceae	119060	F	477607	162090	639697	0.02767
Comamonadaceae	80864	F	448126	155534	603660	0.02611
Oxalobacteraceae	75682	F	176436	22945	199381	0.00863
Alcaligenaceae	506	F	143934	230768	374702	0.01621
Sutterellaceae	995019	F	2643	226	2869	0.00012
Nitrosomonadaceae	206379	F	48325	1335	49660	0.00215
Usitatibacteraceae	2803844	F	27562	2140	29702	0.00128
Thiobacillaceae	2008790	F	20373	4728	25101	0.00109
Sterolibacteriaceae	2008793	F	14548	4067	18615	0.00081
Gallionellaceae	90627	F	7431	827	8258	0.00036
Sulfuricellaceae	2772226	F	6038	726	6764	0.00029
Methylophilaceae	32011	F	3821	305	4126	0.00018
Zoogloeaceae	2008794	F	50101	20620	70721	0.00306
Rhodocyclaceae	75787	F	37811	12352	50163	0.00217
Azonexaceae	2008795	F	12777	1424	14201	0.00061
Fluviibacteraceae	2808923	F	286	99	385	0.00002
Chromobacteriaceae	1499392	F	40419	8112	48531	0.00210
Neisseriaceae	481	F	17532	3678	21210	0.00092
Casimicrobiaceae	2705999	F	2575	1343	3918	0.00017
Xanthomonadaceae	32033	F	354212	82176	436388	0.01888
Rhodanobacteraceae	1775411	F	65474	10749	76223	0.00330
Pseudomonadaceae	135621	F	363776	107799	471575	0.02040
Marinobacteraceae	2887365	F	8865	737	9602	0.00042
Enterobacteriaceae	543	F	48402	178925	227327	0.00983
Yersiniaceae	1903411	F	19370	6351	25721	0.00111
Erwiniaceae	1903409	F	14633	2316	16949	0.00073
Pectobacteriaceae	1903410	F	9188	5990	15178	0.00066
Hafniaceae	1903412	F	2913	856	3769	0.00016
Morganellaceae	1903414	F	2228	1038	3266	0.00014
Bruguierivoracaceae	2812006	F	1724	116	1840	0.00008
Budviciaceae	1903416	F	358	44	402	0.00002
Ectothiorhodospiraceae	72276	F	38761	3666	42427	0.00184
Chromatiaceae	1046	F	28005	1940	29945	0.00130
Wenzhouxiangellaceae	1676141	F	4295	3880	8175	0.00035
Thioalkalibacteraceae	2035710	F	2578	627	3205	0.00014
Thioalkalispiraceae	1096778	F	2214	854	3068	0.00013
Halothiobacillaceae	255526	F	1442	119	1561	0.00007
Woeseiaceae	1738654	F	1345	23	1368	0.00006
Granulosicoccaceae	449719	F	1017	24	1041	0.00005
Halomonadaceae	28256	F	58967	6653	65620	0.00284
Alcanivoracaceae	224372	F	5592	2367	7959	0.00034
Oceanospirillaceae	135620	F	3969	428	4397	0.00019
Saccharospirillaceae	255527	F	1130	56	1186	0.00005
Hahellaceae	224379	F	1068	41	1109	0.00005
Litoricolaceae	449732	F	427	20	447	0.00002
Zooshikellaceae	2898533	F	291	8	299	0.00001
Oleiphilaceae	191033	F	168	12	180	0.00001
Endozoicomonadaceae	2066474	F	163	9	172	0.00001
Cellvibrionaceae	1706371	F	16131	645	16776	0.00073
Microbulbiferaceae	1706373	F	7451	425	7876	0.00034
Halieaceae	1706372	F	3549	345	3894	0.00017
Spongiibacteraceae	1706375	F	1440	114	1554	0.00007
Aeromonadaceae	84642	F	26650	19540	46190	0.00200
Succinivibrionaceae	83763	F	63	3	66	0.00000
Methylococcaceae	403	F	26604	1176	27780	0.00120
Sinobacteraceae	568386	F	12489	1498	13987	0.00061
Steroidobacteraceae	2689614	F	7777	2103	9880	0.00043
Acidiferrobacteraceae	1692041	F	16723	806	17529	0.00076
Shewanellaceae	267890	F	6532	1122	7654	0.00033
Alteromonadaceae	72275	F	2948	351	3299	0.00014
Pseudoalteromonadaceae	267888	F	1842	220	2062	0.00009
Ferrimonadaceae	267892	F	819	99	918	0.00004
Colwelliaceae	267889	F	390	33	423	0.00002
Idiomarinaceae	267893	F	344	33	377	0.00002
Moritellaceae	267891	F	153	29	182	0.00001
Psychromonadaceae	267894	F	95	9	104	0.00000
Vibrionaceae	641	F	7524	2799	10323	0.00045
Immundisolibacteraceae	1934946	F	4271	782	5053	0.00022
Moraxellaceae	468	F	4132	5457	9589	0.00041
Celerinatantimonadaceae	412032	F	59	167	226	0.00001
Legionellaceae	444	F	2019	117	2136	0.00009
Coxiellaceae	118968	F	1172	38	1210	0.00005
Piscirickettsiaceae	135616	F	1567	144	1711	0.00007
Thiotrichaceae	135617	F	1269	36	1305	0.00006
Francisellaceae	34064	F	209	10	219	0.00001
Salinisphaeraceae	742031	F	2651	2539	5190	0.00022
Pasteurellaceae	712	F	1677	730	2407	0.00010
Cardiobacteriaceae	868	F	1480	198	1678	0.00007
Kangiellaceae	1920240	F	274	18	292	0.00001
Orbaceae	1240483	F	115	24	139	0.00001
Archangiaceae	39	F	122789	6470	129259	0.00559
Myxococcaceae	31	F	108855	39083	147938	0.00640
Anaeromyxobacteraceae	1524215	F	103822	7527	111349	0.00482
Vulgatibacteraceae	1524213	F	8668	662	9330	0.00040
Polyangiaceae	49	F	161749	12613	174362	0.00754
Sandaracinaceae	1055686	F	46639	2421	49060	0.00212
Labilitrichaceae	1524216	F	14340	601	14941	0.00065
Kofleriaceae	224464	F	18115	943	19058	0.00082
Geobacteraceae	213422	F	39916	3866	43782	0.00189
Desulfuromonadaceae	213421	F	12927	1936	14863	0.00064
Syntrophotaleaceae	2812024	F	2051	239	2290	0.00010
Desulfovibrionaceae	194924	F	37413	3273	40686	0.00176
Desulfomicrobiaceae	213116	F	2070	240	2310	0.00010
Desulfohalobiaceae	213117	F	474	21	495	0.00002
Desulfobacteraceae	213119	F	8581	833	9414	0.00041
Desulfobulbaceae	213121	F	3840	521	4361	0.00019
Desulfosudaceae	2904715	F	972	59	1031	0.00004
Desulfocapsaceae	2886822	F	676	66	742	0.00003
Bradymonadaceae	1779135	F	9510	1136	10646	0.00046
Syntrophobacteraceae	213465	F	3176	732	3908	0.00017
Desulfarculaceae	453228	F	3134	1769	4903	0.00021
Syntrophaceae	213468	F	1729	341	2070	0.00009
Candidatus Desulfofervidaceae	1902584	F	208	4	212	0.00001
Desulfurellaceae	117942	F	43	1	44	0.00000
Campylobacteraceae	72294	F	1294	259	1553	0.00007
Thiovulaceae	2771471	F	969	83	1052	0.00005
Helicobacteraceae	72293	F	840	55	895	0.00004
Sulfurovaceae	2771472	F	666	66	732	0.00003
Hydrogenimonaceae	292630	F	442	53	495	0.00002
Arcobacteraceae	2808963	F	340	45	385	0.00002
Sulfurospirillaceae	2932623	F	248	12	260	0.00001
Nitratiruptoraceae	2795691	F	263	35	298	0.00001
Nautiliaceae	224467	F	161	25	186	0.00001
Acidithiobacillaceae	225058	F	3149	294	3443	0.00015
Bdellovibrionaceae	213483	F	1060	16	1076	0.00005
Bacteriovoracaceae	263369	F	111	23	134	0.00001
Halobacteriovoraceae	1652132	F	67	22	89	0.00000
Silvanigrellaceae	2024974	F	79	2	81	0.00000
Hydrogenophilaceae	206349	F	936	178	1114	0.00005
Mariprofundaceae	580372	F	566	15	581	0.00003
Gemmataceae	1914233	F	236688	8181	244869	0.01059
Lacipirellulaceae	2691359	F	70343	3526	73869	0.00320
Pirellulaceae	2691357	F	47205	2180	49385	0.00214
Thermoguttaceae	2691358	F	1274	42	1316	0.00006
Isosphaeraceae	1763524	F	112061	11728	123789	0.00536
Planctomycetaceae	126	F	84228	8603	92831	0.00402
Tepidisphaeraceae	1771355	F	14415	369	14784	0.00064
Phycisphaeraceae	666507	F	8594	522	9116	0.00039
Anaerohalosphaeraceae	2690158	F	480	11	491	0.00002
Sedimentisphaeraceae	2483367	F	452	87	539	0.00002
Candidatus Brocadiaceae	1127830	F	263	1	264	0.00001
Candidatus Uabimicrobiaceae	2897348	F	137	2	139	0.00001
Opitutaceae	134623	F	37315	1472	38787	0.00168
Puniceicoccaceae	415002	F	1486	169	1655	0.00007
Verrucomicrobiaceae	203557	F	17345	578	17923	0.00078
Akkermansiaceae	1647988	F	1890	2213	4103	0.00018
Methylacidiphilaceae	717964	F	201	180	381	0.00002
Kiritimatiellaceae	1921783	F	1421	1535	2956	0.00013
Tichowtungiaceae	2907186	F	494	15	509	0.00002
Parachlamydiaceae	92713	F	233	15	248	0.00001
Rhabdochlamydiaceae	689704	F	71	3	74	0.00000
Waddliaceae	92714	F	49	5	54	0.00000
Simkaniaceae	92712	F	37	2	39	0.00000
Chlamydiaceae	809	F	140	455	595	0.00003
Hymenobacteraceae	1853232	F	39940	1602	41542	0.00180
Cytophagaceae	89373	F	6158	259	6417	0.00028
Spirosomaceae	2896860	F	4467	216	4683	0.00020
Fulvivirgaceae	2762286	F	3025	78	3103	0.00013
Cyclobacteriaceae	563798	F	1263	113	1376	0.00006
Flammeovirgaceae	200667	F	156	9	165	0.00001
Amoebophilaceae	1501348	F	123	13	136	0.00001
Marivirgaceae	2762301	F	99	27	126	0.00001
Mangrovivirgaceae	2858885	F	76	4	80	0.00000
Bernardetiaceae	1937968	F	46	3	49	0.00000
Flavobacteriaceae	49546	F	32523	2078	34601	0.00150
Weeksellaceae	2762318	F	3644	772	4416	0.00019
Blattabacteriaceae	39782	F	253	20	273	0.00001
Crocinitomicaceae	1853230	F	165	6	171	0.00001
Schleiferiaceae	1333713	F	134	62	196	0.00001
Rhodothermaceae	563843	F	17226	821	18047	0.00078
Chitinophagaceae	563835	F	15978	222	16200	0.00070
Rikenellaceae	171550	F	6718	1803	8521	0.00037
Prevotellaceae	171552	F	2330	275	2605	0.00011
Bacteroidaceae	815	F	2038	669	2707	0.00012
Tannerellaceae	2005525	F	1122	328	1450	0.00006
Muribaculaceae	2005473	F	978	175	1153	0.00005
Porphyromonadaceae	171551	F	842	76	918	0.00004
Dysgonomonadaceae	2005520	F	334	9	343	0.00001
Barnesiellaceae	2005519	F	207	192	399	0.00002
Odoribacteraceae	1853231	F	167	48	215	0.00001
Paludibacteraceae	2005523	F	78	2	80	0.00000
Salinivirgaceae	1970190	F	64	1	65	0.00000
Tenuifilaceae	2760872	F	53	1	54	0.00000
Prolixibacteraceae	1471398	F	225	4	229	0.00001
Marinilabiliaceae	558415	F	71	4	75	0.00000
Marinifilaceae	1573805	F	51	3	54	0.00000
Sphingobacteriaceae	84566	F	6898	630	7528	0.00033
Haliscomenobacteraceae	1937961	F	379	5	384	0.00002
Saprospiraceae	89374	F	87	99	186	0.00001
Chlorobiaceae	191412	F	5504	668	6172	0.00027
Melioribacteraceae	1334117	F	153	12	165	0.00001
Ignavibacteriaceae	795749	F	97	9	106	0.00000
Gemmatimonadaceae	219687	F	85147	4856	90003	0.00389
Fibrobacteraceae	204431	F	198	83	281	0.00001
Vicinamibacteraceae	2211325	F	125200	6701	131901	0.00571
Acidobacteriaceae	204434	F	36715	819	37534	0.00162
Bryobacteraceae	1962910	F	9379	5494	14873	0.00064
Acanthopleuribacteraceae	533207	F	3211	70	3281	0.00014
Thermotomaculaceae	2562244	F	126	6	132	0.00001
Nitrospiraceae	189779	F	17612	239	17851	0.00077
Dissulfurispiraceae	2811505	F	128	5	133	0.00001
Thermodesulfovibrionaceae	2811504	F	114	2	116	0.00001
Spirochaetaceae	137	F	1695	43	1738	0.00008
Treponemataceae	2845253	F	1400	191	1591	0.00007
Sphaerochaetaceae	2791015	F	419	274	693	0.00003
Borreliaceae	1643685	F	198	6	204	0.00001
Leptospiraceae	170	F	1195	50	1245	0.00005
Brachyspiraceae	143786	F	82	2	84	0.00000
Synergistaceae	649777	F	5217	1651	6868	0.00030
Candidatus Nanosynbacteraceae	2093822	F	183	243	426	0.00002
Candidatus Babeliaceae	2497645	F	106	2	108	0.00000
Candidatus Absconditicoccaceae	2900569	F	77	0	77	0.00000
Candidatus Chazhemtobacteraceae	2715733	F	77	0	77	0.00000
Thermotogaceae	188709	F	638	46	684	0.00003
Fervidobacteriaceae	1643950	F	211	44	255	0.00001
Kosmotogaceae	1643948	F	387	7	394	0.00002
Petrotogaceae	1643949	F	107	45	152	0.00001
Mesoaciditogaceae	1769717	F	84	2	86	0.00000
Aquificaceae	64898	F	442	4	446	0.00002
Hydrogenothermaceae	224027	F	249	143	392	0.00002
Desulfurobacteriaceae	558314	F	218	18	236	0.00001
Thermodesulfobacteriaceae	188711	F	773	15	788	0.00003
Deferribacteraceae	191394	F	498	15	513	0.00002
Calditrichaceae	1962854	F	459	4	463	0.00002
Chrysiogenaceae	189770	F	425	192	617	0.00003
Fusobacteriaceae	203492	F	250	55	305	0.00001
Leptotrichiaceae	1129771	F	168	24	192	0.00001
Elusimicrobiaceae	641876	F	164	1	165	0.00001
Endomicrobiaceae	1783343	F	135	1	136	0.00001
Coprothermobacteraceae	2138247	F	162	32	194	0.00001
Caldisericaceae	693073	F	146	0	146	0.00001
Dictyoglomaceae	203488	F	96	0	96	0.00000
Atribacteraceae	2847776	F	84	2	86	0.00000
Nectriaceae	110618	F	36389	2222	38611	0.00167
Clavicipitaceae	34397	F	4837	300	5137	0.00022
Hypocreaceae	5129	F	4732	132	4864	0.00021
Cordycipitaceae	474943	F	4230	81	4311	0.00019
Ophiocordycipitaceae	474942	F	4078	134	4212	0.00018
Bionectriaceae	103887	F	687	31	718	0.00003
Glomerellaceae	681950	F	1803	250	2053	0.00009
Chaetomiaceae	35718	F	4038	104	4142	0.00018
Sordariaceae	5148	F	550	19	569	0.00002
Pyriculariaceae	2528436	F	1977	13	1990	0.00009
Sporocadaceae	1812776	F	879	7	886	0.00004
Sclerotiniaceae	28983	F	280	1	281	0.00001
Aspergillaceae	1131492	F	8744	283	9027	0.00039
Thermoascaceae	1131624	F	498	18	516	0.00002
Trichocomaceae	28568	F	293	16	309	0.00001
Didymosphaeriaceae	221678	F	732	181	913	0.00004
Leptosphaeriaceae	34374	F	561	43	604	0.00003
Mycosphaerellaceae	93133	F	579	4	583	0.00003
Saccharomycetaceae	4893	F	981	175	1156	0.00005
Debaryomycetaceae	766764	F	242	3	245	0.00001
Pichiaceae	1156497	F	184	5	189	0.00001
Dipodascaceae	34353	F	157	1	158	0.00001
Trichomonascaceae	410830	F	97	6	103	0.00000
Saccharomycodaceae	34365	F	21	2	23	0.00000
Phaffomycetaceae	115784	F	18	0	18	0.00000
Schizosaccharomycetaceae	4894	F	49	1	50	0.00000
Ustilaginaceae	5268	F	3530	59	3589	0.00016
Malasseziaceae	742845	F	205	30	235	0.00001
Phanerochaetaceae	396331	F	675	4	679	0.00003
Ceratobasidiaceae	5250	F	137	5	142	0.00001
Marasmiaceae	654128	F	110	4	114	0.00000
Cryptococcaceae	1884633	F	213	27	240	0.00001
Unikaryonidae	36734	F	25	0	25	0.00000
Peronosporaceae	4777	F	5988	743	6731	0.00029
Pythiaceae	4782	F	581	17	598	0.00003
