name	taxonomy_id	taxonomy_lvl	kraken_assigned_reads	added_reads	new_est_reads	fraction_total_reads
Bradyrhizobiaceae	41294	F	39158	4403	43561	0.04661
Rhizobiaceae	82115	F	17921	4065	21986	0.02353
Phyllobacteriaceae	69277	F	17276	3318	20594	0.02204
Methylobacteriaceae	119045	F	12533	2129	14662	0.01569
Xanthobacteraceae	335928	F	5620	1171	6791	0.00727
Hyphomicrobiaceae	45401	F	5238	552	5790	0.00620
Boseaceae	2831100	F	3075	568	3643	0.00390
Devosiaceae	2831106	F	2898	292	3190	0.00341
Aurantimonadaceae	255475	F	2290	2595	4885	0.00523
Methylocystaceae	31993	F	1487	149	1636	0.00175
Stappiaceae	2821832	F	1288	349	1637	0.00175
Phreatobacteraceae	2843305	F	1254	260	1514	0.00162
Parvibaculaceae	2813035	F	957	277	1234	0.00132
Chelatococcaceae	2036754	F	889	240	1129	0.00121
Blastochloridaceae	2831090	F	763	216	979	0.00105
Beijerinckiaceae	45404	F	712	61	773	0.00083
Brucellaceae	118882	F	711	276	987	0.00106
Amorphaceae	2685818	F	473	61	534	0.00057
Kaistiaceae	2831111	F	469	138	607	0.00065
Breoghaniaceae	2831104	F	285	44	329	0.00035
Pleomorphomonadaceae	2843308	F	276	58	334	0.00036
Lichenihabitantaceae	2723775	F	224	12	236	0.00025
Cohaesibacteraceae	655351	F	49	2	51	0.00005
Bartonellaceae	772	F	34	2	36	0.00004
Sphingomonadaceae	41297	F	36755	5199	41954	0.04489
Erythrobacteraceae	335929	F	5476	1126	6602	0.00706
Sphingosinicellaceae	2820280	F	1421	135	1556	0.00167
Zymomonadaceae	2844881	F	13	12	25	0.00003
Azospirillaceae	2829815	F	7472	902	8374	0.00896
Acetobacteraceae	433	F	6083	850	6933	0.00742
Rhodospirillaceae	41295	F	4696	18688	23384	0.02502
Stellaceae	2844601	F	891	73	964	0.00103
Elioraeaceae	2690195	F	343	20	363	0.00039
Thalassospiraceae	2844866	F	225	18	243	0.00026
Terasakiellaceae	2813951	F	10	0	10	0.00001
Rhodobacteraceae	31989	F	7744	1204	8948	0.00957
Roseobacteraceae	2854170	F	4966	634	5600	0.00599
Caulobacteraceae	76892	F	7436	845	8281	0.00886
Hyphomonadaceae	69657	F	442	17	459	0.00049
Maricaulaceae	2800061	F	403	45	448	0.00048
Parvularculaceae	255474	F	105	8	113	0.00012
Anaplasmataceae	942	F	30	0	30	0.00003
Rickettsiaceae	775	F	27	4	31	0.00003
Emcibacteraceae	2066491	F	53	56	109	0.00012
Magnetococcaceae	1191479	F	18	0	18	0.00002
Comamonadaceae	80864	F	29880	13472	43352	0.04639
Burkholderiaceae	119060	F	26982	6192	33174	0.03550
Oxalobacteraceae	75682	F	8496	1390	9886	0.01058
Alcaligenaceae	506	F	7771	12912	20683	0.02213
Sutterellaceae	995019	F	161	16	177	0.00019
Zoogloeaceae	2008794	F	4603	1873	6476	0.00693
Rhodocyclaceae	75787	F	3917	1450	5367	0.00574
Azonexaceae	2008795	F	854	111	965	0.00103
Fluviibacteraceae	2808923	F	18	7	25	0.00003
Usitatibacteraceae	2803844	F	2234	218	2452	0.00262
Nitrosomonadaceae	206379	F	2105	67	2172	0.00232
Sterolibacteriaceae	2008793	F	850	285	1135	0.00122
Gallionellaceae	90627	F	519	73	592	0.00063
Thiobacillaceae	2008790	F	461	170	631	0.00068
Sulfuricellaceae	2772226	F	396	57	453	0.00049
Methylophilaceae	32011	F	137	17	154	0.00016
Chromobacteriaceae	1499392	F	2149	563	2712	0.00290
Neisseriaceae	481	F	900	259	1159	0.00124
Casimicrobiaceae	2705999	F	163	102	265	0.00028
Xanthomonadaceae	32033	F	23824	5013	28837	0.03086
Rhodanobacteraceae	1775411	F	7453	1429	8882	0.00950
Pseudomonadaceae	135621	F	18453	5295	23748	0.02541
Marinobacteraceae	2887365	F	464	54	518	0.00055
Enterobacteriaceae	543	F	2687	8343	11030	0.01180
Yersiniaceae	1903411	F	868	509	1377	0.00147
Erwiniaceae	1903409	F	693	168	861	0.00092
Pectobacteriaceae	1903410	F	503	104	607	0.00065
Hafniaceae	1903412	F	132	40	172	0.00018
Morganellaceae	1903414	F	129	94	223	0.00024
Bruguierivoracaceae	2812006	F	83	7	90	0.00010
Budviciaceae	1903416	F	18	2	20	0.00002
Ectothiorhodospiraceae	72276	F	2127	259	2386	0.00255
Chromatiaceae	1046	F	1544	129	1673	0.00179
Wenzhouxiangellaceae	1676141	F	216	233	449	0.00048
Thioalkalispiraceae	1096778	F	159	78	237	0.00025
Thioalkalibacteraceae	2035710	F	147	44	191	0.00021
Woeseiaceae	1738654	F	94	2	96	0.00010
Halothiobacillaceae	255526	F	86	9	95	0.00010
Granulosicoccaceae	449719	F	45	1	46	0.00005
Halomonadaceae	28256	F	2899	397	3296	0.00353
Alcanivoracaceae	224372	F	282	160	442	0.00047
Oceanospirillaceae	135620	F	213	28	241	0.00026
Saccharospirillaceae	255527	F	76	5	81	0.00009
Hahellaceae	224379	F	68	3	71	0.00008
Litoricolaceae	449732	F	16	1	17	0.00002
Endozoicomonadaceae	2066474	F	10	0	10	0.00001
Methylococcaceae	403	F	1519	86	1605	0.00172
Sinobacteraceae	568386	F	712	112	824	0.00088
Steroidobacteraceae	2689614	F	611	226	837	0.00090
Aeromonadaceae	84642	F	1247	995	2242	0.00240
Acidiferrobacteraceae	1692041	F	1025	63	1088	0.00116
Microbulbiferaceae	1706373	F	398	28	426	0.00046
Cellvibrionaceae	1706371	F	169	7	176	0.00019
Halieaceae	1706372	F	169	21	190	0.00020
Spongiibacteraceae	1706375	F	69	6	75	0.00008
Shewanellaceae	267890	F	373	105	478	0.00051
Alteromonadaceae	72275	F	171	23	194	0.00021
Pseudoalteromonadaceae	267888	F	109	13	122	0.00013
Ferrimonadaceae	267892	F	44	6	50	0.00005
Idiomarinaceae	267893	F	19	3	22	0.00002
Colwelliaceae	267889	F	17	2	19	0.00002
Moritellaceae	267891	F	11	2	13	0.00001
Vibrionaceae	641	F	409	75	484	0.00052
Moraxellaceae	468	F	267	146	413	0.00044
Immundisolibacteraceae	1934946	F	243	286	529	0.00057
Legionellaceae	444	F	130	9	139	0.00015
Coxiellaceae	118968	F	62	2	64	0.00007
Piscirickettsiaceae	135616	F	98	12	110	0.00012
Thiotrichaceae	135617	F	80	3	83	0.00009
Francisellaceae	34064	F	11	0	11	0.00001
Salinisphaeraceae	742031	F	139	141	280	0.00030
Pasteurellaceae	712	F	79	356	435	0.00047
Cardiobacteriaceae	868	F	73	14	87	0.00009
Kangiellaceae	1920240	F	16	1	17	0.00002
Orbaceae	1240483	F	12	3	15	0.00002
Archangiaceae	39	F	6889	787	7676	0.00821
Anaeromyxobacteraceae	1524215	F	5828	582	6410	0.00686
Myxococcaceae	31	F	5249	557	5806	0.00621
Vulgatibacteraceae	1524213	F	519	55	574	0.00062
Polyangiaceae	49	F	12540	1240	13780	0.01474
Sandaracinaceae	1055686	F	2673	173	2846	0.00305
Labilitrichaceae	1524216	F	1066	53	1119	0.00120
Kofleriaceae	224464	F	1343	93	1436	0.00154
Geobacteraceae	213422	F	2988	339	3327	0.00356
Desulfuromonadaceae	213421	F	762	135	897	0.00096
Syntrophotaleaceae	2812024	F	141	20	161	0.00017
Desulfovibrionaceae	194924	F	1845	216	2061	0.00221
Desulfomicrobiaceae	213116	F	108	19	127	0.00014
Desulfohalobiaceae	213117	F	33	2	35	0.00004
Desulfobacteraceae	213119	F	434	55	489	0.00052
Desulfobulbaceae	213121	F	197	36	233	0.00025
Desulfosudaceae	2904715	F	59	3	62	0.00007
Desulfocapsaceae	2886822	F	34	3	37	0.00004
Bradymonadaceae	1779135	F	504	58	562	0.00060
Syntrophobacteraceae	213465	F	172	53	225	0.00024
Desulfarculaceae	453228	F	141	112	253	0.00027
Syntrophaceae	213468	F	94	18	112	0.00012
Candidatus Desulfofervidaceae	1902584	F	12	0	12	0.00001
Campylobacteraceae	72294	F	69	9	78	0.00008
Thiovulaceae	2771471	F	45	4	49	0.00005
Sulfurovaceae	2771472	F	38	2	40	0.00004
Helicobacteraceae	72293	F	33	5	38	0.00004
Hydrogenimonaceae	292630	F	19	2	21	0.00002
Sulfurospirillaceae	2932623	F	16	1	17	0.00002
Arcobacteraceae	2808963	F	11	1	12	0.00001
Nitratiruptoraceae	2795691	F	17	1	18	0.00002
Acidithiobacillaceae	225058	F	153	16	169	0.00018
Bdellovibrionaceae	213483	F	125	2	127	0.00014
Hydrogenophilaceae	206349	F	58	14	72	0.00008
Mariprofundaceae	580372	F	39	1	40	0.00004
Streptomycetaceae	2062	F	56518	14901	71419	0.07642
Microbacteriaceae	85023	F	20206	4023	24229	0.02593
Micrococcaceae	1268	F	5627	1508	7135	0.00764
Cellulomonadaceae	85016	F	4061	1495	5556	0.00595
Intrasporangiaceae	85021	F	1985	588	2573	0.00275
Promicromonosporaceae	85017	F	1949	833	2782	0.00298
Ornithinimicrobiaceae	2805590	F	1240	285	1525	0.00163
Dermabacteraceae	85020	F	950	212	1162	0.00124
Brevibacteriaceae	85019	F	907	212	1119	0.00120
Bogoriellaceae	145358	F	707	239	946	0.00101
Dermacoccaceae	145357	F	607	161	768	0.00082
Ruaniaceae	1331736	F	557	77	634	0.00068
Beutenbergiaceae	125316	F	415	662	1077	0.00115
Sanguibacteraceae	145360	F	276	95	371	0.00040
Dermatophilaceae	85018	F	136	15	151	0.00016
Kytococcaceae	2805426	F	113	46	159	0.00017
Demequinaceae	1042322	F	57	5	62	0.00007
Mycobacteriaceae	1762	F	23434	3186	26620	0.02848
Nocardiaceae	85025	F	8596	1953	10549	0.01129
Corynebacteriaceae	1653	F	2517	744	3261	0.00349
Gordoniaceae	85026	F	2233	558	2791	0.00299
Tsukamurellaceae	85028	F	758	214	972	0.00104
Dietziaceae	85029	F	378	365	743	0.00080
Segniliparaceae	316606	F	59	3	62	0.00007
Lawsonellaceae	2805586	F	15	2	17	0.00002
Micromonosporaceae	28056	F	31688	4861	36549	0.03911
Nocardioidaceae	85015	F	18874	4340	23214	0.02484
Propionibacteriaceae	31957	F	3005	3171	6176	0.00661
Kribbellaceae	2726069	F	917	156	1073	0.00115
Actinopolymorphaceae	2805400	F	320	41	361	0.00039
Pseudonocardiaceae	2070	F	22814	3673	26487	0.02834
Streptosporangiaceae	2004	F	4970	957	5927	0.00634
Thermomonosporaceae	2012	F	4002	911	4913	0.00526
Nocardiopsaceae	83676	F	1615	301	1916	0.00205
Geodermatophilaceae	85030	F	3145	952	4097	0.00438
Actinomycetaceae	2049	F	1630	291	1921	0.00206
Frankiaceae	74712	F	1409	160	1569	0.00168
Jiangellaceae	1217100	F	1237	261	1498	0.00160
Bifidobacteriaceae	31953	F	715	892	1607	0.00172
Nakamurellaceae	85031	F	464	71	535	0.00057
Catenulisporaceae	414877	F	299	51	350	0.00038
Glycomycetaceae	85034	F	231	22	253	0.00027
Jatrophihabitantaceae	2805416	F	230	24	254	0.00027
Kineosporiaceae	83778	F	181	59	240	0.00026
Sporichthyaceae	85033	F	137	77	214	0.00023
Actinopolysporaceae	622451	F	104	12	116	0.00012
Acidothermaceae	85032	F	75	4	79	0.00009
Candidatus Nanopelagicaceae	2162846	F	27	0	27	0.00003
Conexibacteraceae	320583	F	4467	751	5218	0.00558
Miltoncostaeaceae	2843199	F	1228	185	1413	0.00151
Rubrobacteraceae	84997	F	2449	124	2573	0.00275
Baekduiaceae	2600303	F	1363	260	1623	0.00174
Iamiaceae	633392	F	3031	428	3459	0.00370
Ilumatobacteraceae	2448023	F	334	22	356	0.00038
Acidimicrobiaceae	84994	F	108	9	117	0.00013
Eggerthellaceae	1643826	F	625	138	763	0.00082
Atopobiaceae	1643824	F	342	96	438	0.00047
Coriobacteriaceae	84107	F	139	39	178	0.00019
Egibacteraceae	1747769	F	258	16	274	0.00029
Egicoccaceae	1755824	F	225	38	263	0.00028
Euzebyaceae	908622	F	224	20	244	0.00026
Bacillaceae	186817	F	5503	6788	12291	0.01315
Paenibacillaceae	186822	F	3022	311	3333	0.00357
Alicyclobacillaceae	186823	F	349	65	414	0.00044
Planococcaceae	186818	F	255	80	335	0.00036
Thermoactinomycetaceae	186824	F	132	19	151	0.00016
Staphylococcaceae	90964	F	108	196	304	0.00033
Listeriaceae	186820	F	20	8	28	0.00003
Lactobacillaceae	33958	F	211	79	290	0.00031
Streptococcaceae	1300	F	78	26	104	0.00011
Enterococcaceae	81852	F	45	23	68	0.00007
Carnobacteriaceae	186828	F	19	19	38	0.00004
Aerococcaceae	186827	F	16	3	19	0.00002
Clostridiales Family XVII. Incertae Sedis	539000	F	472	44	516	0.00055
Eubacteriales Family XIII. Incertae Sedis	543314	F	23	54	77	0.00008
Clostridiales Family XVI. Incertae Sedis	543347	F	10	18	28	0.00003
Oscillospiraceae	216572	F	494	224	718	0.00077
Clostridiaceae	31979	F	373	82	455	0.00049
Lachnospiraceae	186803	F	214	84	298	0.00032
Symbiobacteriaceae	543349	F	194	21	215	0.00023
Peptococcaceae	186807	F	105	10	115	0.00012
Peptostreptococcaceae	186804	F	69	15	84	0.00009
Heliobacteriaceae	31984	F	63	35	98	0.00011
Desulfitobacteriaceae	2937909	F	63	6	69	0.00007
Christensenellaceae	990719	F	62	34	96	0.00010
Eubacteriaceae	186806	F	43	16	59	0.00006
Syntrophomonadaceae	68298	F	18	1	19	0.00002
Thermoanaerobacteraceae	186814	F	234	34	268	0.00029
Thermoanaerobacterales Family III. Incertae Sedis	543371	F	14	2	16	0.00002
Thermosediminibacteraceae	2770093	F	13	1	14	0.00002
Selenomonadaceae	1843491	F	207	13	220	0.00024
Sporomusaceae	1843490	F	30	2	32	0.00004
Veillonellaceae	31977	F	68	25	93	0.00010
Acidaminococcaceae	909930	F	32	11	43	0.00005
Limnochordaceae	1676650	F	162	8	170	0.00018
Peptoniphilaceae	1570339	F	32	24	56	0.00006
Tissierellaceae	1737406	F	10	2	12	0.00001
Erysipelotrichaceae	128827	F	39	12	51	0.00005
Synechococcaceae	1890426	F	832	89	921	0.00099
Prochlorococcaceae	2881426	F	185	43	228	0.00024
Acaryochloridaceae	1890429	F	18	0	18	0.00002
Chamaesiphonaceae	1890431	F	18	1	19	0.00002
Merismopediaceae	1890428	F	11	0	11	0.00001
Nostocaceae	1162	F	440	83	523	0.00056
Calotrichaceae	2661849	F	131	13	144	0.00015
Aphanizomenonaceae	1892259	F	93	43	136	0.00015
Scytonemataceae	1182	F	50	6	56	0.00006
Hapalosiphonaceae	1892263	F	27	3	30	0.00003
Tolypothrichaceae	119859	F	20	4	24	0.00003
Coleofasciculaceae	1892251	F	146	18	164	0.00018
Oscillatoriaceae	1892254	F	101	12	113	0.00012
Microcoleaceae	1892252	F	43	25	68	0.00007
Microcystaceae	1890449	F	30	9	39	0.00004
Aphanothecaceae	1890450	F	25	3	28	0.00003
Chroococcaceae	1890464	F	19	1	20	0.00002
Leptolyngbyaceae	1890438	F	308	22	330	0.00035
Oculatellaceae	2303507	F	46	4	50	0.00005
Thermosynechococcaceae	2881378	F	27	1	28	0.00003
Prochlorotrichaceae	2303730	F	17	0	17	0.00002
Pseudanabaenaceae	1890436	F	13	0	13	0.00001
Gloeobacteraceae	1890422	F	288	7	295	0.00032
Chroococcidiopsidaceae	1890528	F	35	4	39	0.00004
Hyellaceae	1890500	F	13	1	14	0.00002
Gloeomargaritaceae	1955043	F	16	0	16	0.00002
Deinococcaceae	183710	F	1661	98	1759	0.00188
Thermaceae	188786	F	754	55	809	0.00087
Trueperaceae	332247	F	142	9	151	0.00016
Sphaerobacteraceae	85002	F	459	33	492	0.00053
Thermomicrobiaceae	189777	F	101	2	103	0.00011
Roseiflexaceae	1508635	F	319	23	342	0.00037
Chloroflexaceae	1106	F	122	6	128	0.00014
Ardenticatenaceae	1382930	F	285	7	292	0.00031
Tepidiformaceae	2682227	F	268	13	281	0.00030
Anaerolineaceae	292628	F	170	3	173	0.00019
Caldilineaceae	475964	F	162	68	230	0.00025
Dehalococcoidaceae	1202464	F	29	64	93	0.00010
Phototrophicaceae	2922432	F	54	0	54	0.00006
Ktedonosporobacteraceae	2692416	F	44	1	45	0.00005
Fimbriimonadaceae	1663426	F	158	1	159	0.00017
Chthonomonadaceae	1077264	F	41	0	41	0.00004
Mycoplasmataceae	2092	F	15	5	20	0.00002
Gemmataceae	1914233	F	14594	616	15210	0.01628
Isosphaeraceae	1763524	F	7158	835	7993	0.00855
Lacipirellulaceae	2691359	F	3819	216	4035	0.00432
Pirellulaceae	2691357	F	2878	140	3018	0.00323
Thermoguttaceae	2691358	F	72	2	74	0.00008
Planctomycetaceae	126	F	5243	598	5841	0.00625
Tepidisphaeraceae	1771355	F	717	19	736	0.00079
Phycisphaeraceae	666507	F	399	25	424	0.00045
Anaerohalosphaeraceae	2690158	F	29	0	29	0.00003
Sedimentisphaeraceae	2483367	F	24	7	31	0.00003
Candidatus Uabimicrobiaceae	2897348	F	11	0	11	0.00001
Opitutaceae	134623	F	1736	81	1817	0.00194
Puniceicoccaceae	415002	F	77	11	88	0.00009
Verrucomicrobiaceae	203557	F	1666	55	1721	0.00184
Akkermansiaceae	1647988	F	94	122	216	0.00023
Methylacidiphilaceae	717964	F	18	18	36	0.00004
Kiritimatiellaceae	1921783	F	52	82	134	0.00014
Tichowtungiaceae	2907186	F	23	0	23	0.00003
Hymenobacteraceae	1853232	F	1760	97	1857	0.00199
Cytophagaceae	89373	F	401	21	422	0.00045
Spirosomaceae	2896860	F	314	21	335	0.00036
Fulvivirgaceae	2762286	F	230	7	237	0.00025
Cyclobacteriaceae	563798	F	87	10	97	0.00010
Chitinophagaceae	563835	F	1982	34	2016	0.00216
Flavobacteriaceae	49546	F	678	60	738	0.00079
Weeksellaceae	2762318	F	338	114	452	0.00048
Blattabacteriaceae	39782	F	13	1	14	0.00002
Rikenellaceae	171550	F	352	140	492	0.00053
Prevotellaceae	171552	F	152	27	179	0.00019
Bacteroidaceae	815	F	122	47	169	0.00018
Muribaculaceae	2005473	F	61	16	77	0.00008
Tannerellaceae	2005525	F	59	15	74	0.00008
Porphyromonadaceae	171551	F	38	4	42	0.00005
Dysgonomonadaceae	2005520	F	25	1	26	0.00003
Barnesiellaceae	2005519	F	14	18	32	0.00004
Prolixibacteraceae	1471398	F	15	0	15	0.00002
Rhodothermaceae	563843	F	820	50	870	0.00093
Sphingobacteriaceae	84566	F	517	75	592	0.00063
Haliscomenobacteraceae	1937961	F	22	0	22	0.00002
Chlorobiaceae	191412	F	285	42	327	0.00035
Melioribacteraceae	1334117	F	10	0	10	0.00001
Gemmatimonadaceae	219687	F	5673	406	6079	0.00650
Fibrobacteraceae	204431	F	17	6	23	0.00003
Vicinamibacteraceae	2211325	F	7360	484	7844	0.00839
Acidobacteriaceae	204434	F	2315	57	2372	0.00254
Bryobacteraceae	1962910	F	573	348	921	0.00099
Acanthopleuribacteraceae	533207	F	159	3	162	0.00017
Nitrospiraceae	189779	F	1156	19	1175	0.00126
Treponemataceae	2845253	F	77	11	88	0.00010
Spirochaetaceae	137	F	54	1	55	0.00006
Sphaerochaetaceae	2791015	F	17	16	33	0.00004
Leptospiraceae	170	F	57	0	57	0.00006
Synergistaceae	649777	F	193	70	263	0.00028
Thermotogaceae	188709	F	23	0	23	0.00003
Fervidobacteriaceae	1643950	F	11	3	14	0.00002
Thermodesulfobacteriaceae	188711	F	46	1	47	0.00005
Aquificaceae	64898	F	10	11	21	0.00002
Fusobacteriaceae	203492	F	16	7	23	0.00003
Deferribacteraceae	191394	F	23	1	24	0.00003
Calditrichaceae	1962854	F	23	0	23	0.00002
Chrysiogenaceae	189770	F	20	9	29	0.00003
Nectriaceae	110618	F	659	65	724	0.00077
Hypocreaceae	5129	F	259	14	273	0.00029
Clavicipitaceae	34397	F	189	24	213	0.00023
Cordycipitaceae	474943	F	132	5	137	0.00015
Ophiocordycipitaceae	474942	F	112	6	118	0.00013
Bionectriaceae	103887	F	28	2	30	0.00003
Glomerellaceae	681950	F	58	15	73	0.00008
Chaetomiaceae	35718	F	220	13	233	0.00025
Sordariaceae	5148	F	54	5	59	0.00006
Pyriculariaceae	2528436	F	61	0	61	0.00007
Sporocadaceae	1812776	F	24	0	24	0.00003
Sclerotiniaceae	28983	F	14	0	14	0.00002
Aspergillaceae	1131492	F	239	15	254	0.00027
Trichocomaceae	28568	F	73	5	78	0.00008
Leptosphaeriaceae	34374	F	28	4	32	0.00003
Didymosphaeriaceae	221678	F	20	8	28	0.00003
Mycosphaerellaceae	93133	F	24	0	24	0.00003
Saccharomycetaceae	4893	F	47	12	59	0.00006
Ustilaginaceae	5268	F	128	5	133	0.00014
Phanerochaetaceae	396331	F	26	0	26	0.00003
Marasmiaceae	654128	F	14	1	15	0.00002
Cryptococcaceae	1884633	F	11	3	14	0.00002
Peronosporaceae	4777	F	188	33	221	0.00024
Pythiaceae	4782	F	25	0	25	0.00003
