name	taxonomy_id	taxonomy_lvl	kraken_assigned_reads	added_reads	new_est_reads	fraction_total_reads
Bradyrhizobium	374	G	284597	30765	315362	0.02680
Nitrobacter	911	G	66591	6731	73322	0.00623
Rhodopseudomonas	1073	G	17015	3543	20558	0.00175
Tardiphaga	1395974	G	5802	608	6410	0.00054
Afipia	1033	G	4170	1588	5758	0.00049
Variibacter	1649510	G	3595	199	3794	0.00032
Rhizobium	379	G	82431	51620	134051	0.01139
Agrobacterium	357	G	18076	4828	22904	0.00195
Neorhizobium	1525371	G	16576	2690	19266	0.00164
Pseudorhizobium	1903858	G	4975	707	5682	0.00048
Sinorhizobium	28105	G	101773	45349	147122	0.01250
Ensifer	106591	G	19102	2175	21277	0.00181
Shinella	323620	G	15228	7786	23014	0.00196
Ciceribacter	1648508	G	2168	266	2434	0.00021
Georhizobium	2661800	G	1844	272	2116	0.00018
Peteryoungia	2853332	G	764	80	844	0.00007
Liberibacter	34019	G	128	12	140	0.00001
Mesorhizobium	68287	G	129647	19076	148723	0.01264
Aquibium	2911176	G	10709	2098	12807	0.00109
Aminobacter	31988	G	7800	4243	12043	0.00102
Nitratireductor	245876	G	7069	861	7930	0.00067
Phyllobacterium	28100	G	3316	249	3565	0.00030
Roseitalea	1915401	G	2540	336	2876	0.00024
Oricola	1594166	G	2101	222	2323	0.00020
Hoeflea	274591	G	2082	145	2227	0.00019
Salaquimonas	2712688	G	662	22	684	0.00006
Lentilitoribacter	1649463	G	53	0	53	0.00000
Microvirga	186650	G	81784	6930	88714	0.00754
Methylobacterium	407	G	68551	10252	78803	0.00670
Methylorubrum	2282523	G	14270	5242	19512	0.00166
Devosia	46913	G	46687	2974	49661	0.00422
Youhaiella	1827478	G	4048	891	4939	0.00042
Paradevosia	1573407	G	3812	1329	5141	0.00044
Pelagibacterium	1082930	G	1781	165	1946	0.00017
Maritalea	623276	G	217	6	223	0.00002
Pseudolabrys	556257	G	12447	1318	13765	0.00117
Xanthobacter	279	G	8762	1562	10324	0.00088
Starkeya	152053	G	8442	1740	10182	0.00087
Ancylobacter	99	G	8035	2177	10212	0.00087
Labrys	204476	G	2969	222	3191	0.00027
Azorhizobium	6	G	2825	452	3277	0.00028
Rhodoplanes	29407	G	12200	857	13057	0.00111
Hyphomicrobium	81	G	7488	415	7903	0.00067
Methyloceanibacter	1484898	G	3262	201	3463	0.00029
Aquabacter	45402	G	2437	284	2721	0.00023
Methyloligella	1485594	G	2123	217	2340	0.00020
Rhodomicrobium	1068	G	1747	99	1846	0.00016
Caenibius	2827482	G	1577	626	2203	0.00019
Filomicrobium	119044	G	898	25	923	0.00008
Bosea	85413	G	28131	3065	31196	0.00265
Aureimonas	414371	G	13519	2099	15618	0.00133
Martelella	293088	G	7131	962	8093	0.00069
Aurantimonas	182269	G	4234	964	5198	0.00044
Stappia	152161	G	5543	790	6333	0.00054
Roseibium	150830	G	2700	294	2994	0.00025
Pannonibacter	227873	G	2639	1388	4027	0.00034
Labrenzia	478070	G	2022	152	2174	0.00018
Pseudovibrio	258255	G	507	21	528	0.00004
Methylocystis	133	G	9060	619	9679	0.00082
Methylosinus	425	G	4302	509	4811	0.00041
Pseudorhodoplanes	1734920	G	4927	251	5178	0.00044
Terrihabitans	2874214	G	4233	336	4569	0.00039
Nordella	169055	G	4204	165	4369	0.00037
Candidatus_Hodgkinia	573657	G	45	0	45	0.00000
Phreatobacter	1632780	G	12104	1522	13626	0.00116
Chelatococcus	28209	G	9084	1474	10558	0.00090
Kaustia	2838250	G	4911	354	5265	0.00045
Parvibaculum	256616	G	1892	1105	2997	0.00025
Pyruvatibacter	1742974	G	1355	143	1498	0.00013
Candidatus_Phaeomarinobacter	1541445	G	522	23	545	0.00005
Blastochloris	59282	G	6761	1158	7919	0.00067
Methylocella	120652	G	3131	211	3342	0.00028
Methylovirgula	1156568	G	2420	146	2566	0.00022
Beijerinckia	532	G	761	45	806	0.00007
Acuticoccus	1904377	G	4795	394	5189	0.00044
Brucella	234	G	4133	7242	11375	0.00097
Pseudochrobactrum	354349	G	434	53	487	0.00004
Kaistia	166953	G	4266	754	5020	0.00043
Hartmannibacter	1572860	G	3051	388	3439	0.00029
Breoghania	1406135	G	2785	271	3056	0.00026
Lichenihabitans	2723776	G	2238	78	2316	0.00020
Cohaesibacter	655352	G	526	16	542	0.00005
Bartonella	773	G	468	21	489	0.00004
Sphingomonas	13687	G	260984	33196	294180	0.02500
Sphingobium	165695	G	49448	21161	70609	0.00600
Sphingopyxis	165697	G	41202	8340	49542	0.00421
Novosphingobium	165696	G	40061	13564	53625	0.00456
Rhizorhabdus	1649486	G	14066	6409	20475	0.00174
Allosphingosinicella	2823232	G	9880	1116	10996	0.00093
Sphingosinithalassobacter	2676233	G	5667	1280	6947	0.00059
Parasphingopyxis	1234545	G	3749	166	3915	0.00033
Sphingorhabdus	1434046	G	3452	181	3633	0.00031
Blastomonas	150203	G	3304	630	3934	0.00033
Tardibacter	2685927	G	2189	1635	3824	0.00032
Hankyongella	1763827	G	1848	336	2184	0.00019
Citromicrobium	72173	G	1583	696	2279	0.00019
Novosphingopyxis	2709686	G	1384	737	2121	0.00018
Aquisediminimonas	2676781	G	815	27	842	0.00007
Parasphingorhabdus	2709685	G	811	21	832	0.00007
Erythrobacter	1041	G	19097	4739	23836	0.00203
Porphyrobacter	1111	G	5889	1535	7424	0.00063
Qipengyuania	1855416	G	11832	3003	14835	0.00126
Altererythrobacter	361177	G	8108	2255	10363	0.00088
Tsuneonella	2800686	G	7080	1339	8419	0.00072
Croceicoccus	1295327	G	6710	3949	10659	0.00091
Pelagerythrobacter	2800685	G	1509	199	1708	0.00015
Croceibacterium	2676755	G	1466	627	2093	0.00018
Aurantiacibacter	2800681	G	1420	231	1651	0.00014
Paraurantiacibacter	2800682	G	1246	151	1397	0.00012
Sphingosinicella	335405	G	17611	1672	19283	0.00164
Polymorphobacter	1508451	G	3867	138	4005	0.00034
Sandaracinobacter	56358	G	1797	114	1911	0.00016
Zymomonas	541	G	141	123	264	0.00002
Azospirillum	191	G	53161	5752	58913	0.00501
Skermanella	204447	G	44293	5642	49935	0.00424
Indioceanicola	2478349	G	3401	388	3789	0.00032
Nitrospirillum	1543705	G	3286	317	3603	0.00031
Niveispirillum	1543704	G	1430	134	1564	0.00013
Roseomonas	125216	G	34774	4412	39186	0.00333
Rhodovastum	504465	G	4943	418	5361	0.00046
Roseococcus	35812	G	4710	382	5092	0.00043
Komagataeibacter	1434011	G	3432	1575	5007	0.00043
Acidiphilium	522	G	3099	1473	4572	0.00039
Sediminicoccus	1706033	G	2944	132	3076	0.00026
Acidibrevibacterium	2603324	G	2043	158	2201	0.00019
Lichenicola	2804525	G	2014	83	2097	0.00018
Acetobacter	434	G	1814	634	2448	0.00021
Gluconacetobacter	89583	G	1396	276	1672	0.00014
Gluconobacter	441	G	1353	350	1703	0.00014
Granulibacter	364409	G	809	61	870	0.00007
Asaia	91914	G	553	83	636	0.00005
Neoasaia	320496	G	493	96	589	0.00005
Kozakia	153497	G	370	128	498	0.00004
Novacetimonas	2919364	G	302	147	449	0.00004
Oecophyllibacter	2791118	G	262	7	269	0.00002
Parasaccharibacter	1602345	G	179	8	187	0.00002
Swingsia	1649499	G	138	6	144	0.00001
Neokomagataea	1223423	G	57	8	65	0.00001
Entomobacter	2811380	G	56	3	59	0.00001
Commensalibacter	1079922	G	27	0	27	0.00000
Bombella	1654741	G	17	1	18	0.00000
Hypericibacter	2705399	G	14041	752	14793	0.00126
Magnetospirillum	13134	G	8543	134840	143383	0.01219
Ferrovibrio	1231242	G	6247	349	6596	0.00056
Rhodospirillum	1081	G	5628	590	6218	0.00053
Tistrella	171436	G	3553	1341	4894	0.00042
Defluviicoccus	111830	G	2116	167	2283	0.00019
Pararhodospirillum	1612157	G	1125	72	1197	0.00010
Haematospirillum	1804663	G	212	14	226	0.00002
Candidatus_Endolissoclinum	1263978	G	83	0	83	0.00001
Stella	93	G	7652	467	8119	0.00069
Elioraea	457933	G	3795	163	3958	0.00034
Thalassospira	168934	G	1368	100	1468	0.00012
Magnetospira	1182780	G	755	21	776	0.00007
Terasakiella	196080	G	85	1	86	0.00001
Paracoccus	265	G	30015	5050	35065	0.00298
Cereibacter	1653176	G	8099	2340	10439	0.00089
Rhodobacter	1060	G	7672	2436	10108	0.00086
Rhodovulum	34008	G	3922	903	4825	0.00041
Paroceanicella	2683599	G	3270	908	4178	0.00036
Polymorphum	991903	G	2852	667	3519	0.00030
Pontivivens	1844015	G	2315	176	2491	0.00021
Pikeienuella	2831955	G	2209	208	2417	0.00021
Silicimonas	1955420	G	2188	138	2326	0.00020
Pelagovum	2795377	G	2175	284	2459	0.00021
Thioclava	285107	G	2041	278	2319	0.00020
Frigidibacter	1775705	G	1587	682	2269	0.00019
Pukyongiella	2831925	G	1343	360	1703	0.00014
Brevirhabdus	1855413	G	1326	688	2014	0.00017
Tabrizicola	1443919	G	1177	118	1295	0.00011
Haematobacter	366614	G	1117	458	1575	0.00013
Fuscovulum	2818469	G	1112	156	1268	0.00011
Gymnodinialimonas	2937410	G	1076	108	1184	0.00010
Falsirhodobacter	1434002	G	1034	159	1193	0.00010
Gemmobacter	204456	G	981	192	1173	0.00010
Pseudopuniceibacterium	2613960	G	843	71	914	0.00008
Pacificitalea	2846749	G	823	202	1025	0.00009
Pseudooceanicola	1679449	G	795	84	879	0.00007
Monaibacterium	2029873	G	680	177	857	0.00007
Roseicitreum	1209946	G	643	36	679	0.00006
Yoonia	2211641	G	507	129	636	0.00005
Tritonibacter	2083206	G	473	240	713	0.00006
Qingshengfaniella	2816884	G	437	24	461	0.00004
Pseudohalocynthiibacter	1759417	G	403	91	494	0.00004
Rhodophyticola	2680018	G	379	12	391	0.00003
Rhodobaca	119541	G	352	16	368	0.00003
Profundibacter	2778525	G	335	12	347	0.00003
Parasedimentitalea	2738399	G	286	13	299	0.00003
Aestuarium	2820509	G	252	115	367	0.00003
Pseudorhodobacter	238783	G	249	17	266	0.00002
Cognatishimia	2211635	G	196	9	205	0.00002
Planktomarina	1284657	G	129	3	132	0.00001
Roseovarius	74030	G	7333	1186	8519	0.00072
Sulfitobacter	60136	G	6315	1375	7690	0.00065
Salipiger	263377	G	5346	1824	7170	0.00061
Roseivivax	93682	G	4363	642	5005	0.00043
Celeribacter	875170	G	3053	1284	4337	0.00037
Phaeobacter	302485	G	2350	477	2827	0.00024
Leisingera	191028	G	2249	303	2552	0.00022
Ruegeria	97050	G	2067	305	2372	0.00020
Sagittula	58842	G	1986	893	2879	0.00024
Yangia	2919626	G	1889	326	2215	0.00019
Pseudosulfitobacter	2854186	G	1616	497	2113	0.00018
Ponticoccus	983507	G	1513	236	1749	0.00015
Mameliella	1434019	G	1319	263	1582	0.00013
Dinoroseobacter	309512	G	1263	504	1767	0.00015
Roseobacter	2433	G	1039	28	1067	0.00009
Oceanicola	252301	G	960	49	1009	0.00009
Ketogulonicigenium	92944	G	935	149	1084	0.00009
Actibacterium	1433986	G	924	489	1413	0.00012
Octadecabacter	53945	G	896	66	962	0.00008
Roseibacterium	159345	G	891	75	966	0.00008
Maribius	387095	G	678	34	712	0.00006
Thalassococcus	436357	G	638	16	654	0.00006
Tateyamaria	299261	G	620	21	641	0.00005
Antarctobacter	74032	G	552	29	581	0.00005
Jannaschia	188905	G	540	14	554	0.00005
Thalassobius	335927	G	373	20	393	0.00003
Falsihalocynthiibacter	2854182	G	132	4	136	0.00001
Caulobacter	75	G	46292	6050	52342	0.00445
Brevundimonas	41275	G	39384	4893	44277	0.00376
Phenylobacterium	20	G	32319	5013	37332	0.00317
Terricaulis	2768684	G	2246	68	2314	0.00020
Asticcacaulis	76890	G	2236	148	2384	0.00020
Marinicauda	1649466	G	2138	325	2463	0.00021
Maricaulis	74317	G	684	38	722	0.00006
Glycocaulis	1433402	G	646	29	675	0.00006
Hyphobacterium	2004661	G	469	16	485	0.00004
Hyphomonas	85	G	2277	91	2368	0.00020
Candidatus_Viadribacter	2892997	G	1265	29	1294	0.00011
Hirschia	2723	G	31	0	31	0.00000
Aquisalinus	1795639	G	832	34	866	0.00007
Parvularcula	208215	G	356	39	395	0.00003
Anaplasma	768	G	141	12	153	0.00001
Wolbachia	953	G	107	3	110	0.00001
Ehrlichia	943	G	42	3	45	0.00000
Neorickettsia	33993	G	38	0	38	0.00000
Rickettsia	780	G	196	18	214	0.00002
Orientia	69474	G	20	1	21	0.00000
Candidatus_Sneabacter	2601645	G	10	1	11	0.00000
Candidatus_Phycorickettsia	2115980	G	42	3	45	0.00000
Candidatus_Midichloria	411566	G	23	2	25	0.00000
Candidatus_Fokinia	1802983	G	21	31	52	0.00000
Candidatus_Deianiraea	2603321	G	17	0	17	0.00000
Micavibrio	213485	G	502	5	507	0.00004
Candidatus_Puniceispirillum	767891	G	85	2	87	0.00001
Luteithermobacter	2813803	G	289	41	330	0.00003
Paremcibacter	2813804	G	276	8	284	0.00002
Candidatus_Hydrogenosomobacter	2654634	G	35	0	35	0.00000
Candidatus_Gromoviella	2900571	G	25	0	25	0.00000
Candidatus_Cytomitobacter	2601574	G	22	23	45	0.00000
Candidatus_Nesciobacter	2601651	G	10	1	11	0.00000
Candidatus_Paracaedibacter	1521255	G	51	2	53	0.00000
Candidatus_Nucleicultrix	1509243	G	47	2	49	0.00000
Magnetococcus	162171	G	141	2	143	0.00001
Candidatus_Pelagibacter	198251	G	86	3	89	0.00001
Candidatus_Fonsibacter	2045213	G	33	2	35	0.00000
Kordiimonas	288021	G	82	1	83	0.00001
Variovorax	34072	G	88939	27307	116246	0.00988
Hydrogenophaga	47420	G	57438	23333	80771	0.00686
Acidovorax	12916	G	48036	22157	70193	0.00597
Ramlibacter	174951	G	46783	18750	65533	0.00557
Schlegelella	215579	G	23248	7102	30350	0.00258
Rhodoferax	28065	G	19683	4202	23885	0.00203
Comamonas	283	G	18842	8766	27608	0.00235
Diaphorobacter	238749	G	10982	11223	22205	0.00189
Polaromonas	52972	G	9658	666	10324	0.00088
Delftia	80865	G	8967	8710	17677	0.00150
Kinneretia	683756	G	7582	3827	11409	0.00097
Ottowia	219181	G	6662	1104	7766	0.00066
Alicycliphilus	201096	G	5712	9415	15127	0.00129
Melaminivora	1649468	G	4916	4113	9029	0.00077
Serpentinimonas	2490452	G	2934	607	3541	0.00030
Hylemonella	232523	G	2581	352	2933	0.00025
Pulveribacter	2678886	G	2231	1145	3376	0.00029
Verminephrobacter	364316	G	2123	251	2374	0.00020
Simplicispira	352450	G	1804	626	2430	0.00021
Limnohabitans	665874	G	1154	107	1261	0.00011
Curvibacter	281915	G	889	62	951	0.00008
Candidatus_Symbiobacter	1436289	G	589	18	607	0.00005
Burkholderia	32008	G	83951	92566	176517	0.01500
Cupriavidus	106589	G	55401	14382	69783	0.00593
Paraburkholderia	1822464	G	43724	3822	47546	0.00404
Ralstonia	48736	G	15712	5963	21675	0.00184
Pandoraea	93217	G	14027	1836	15863	0.00135
Caballeronia	1827195	G	12527	1236	13763	0.00117
Polynucleobacter	44013	G	2026	44	2070	0.00018
Lautropia	47670	G	1478	228	1706	0.00015
Chitinimonas	240411	G	1033	69	1102	0.00009
Mycetohabitans	2571159	G	860	47	907	0.00008
Mycoavidus	1810868	G	366	13	379	0.00003
Limnobacter	131079	G	239	9	248	0.00002
Candidatus_Vallotia	2018044	G	172	17	189	0.00002
Ephemeroptericola	2680021	G	121	6	127	0.00001
Massilia	149698	G	73173	11105	84278	0.00716
Duganella	75654	G	5370	1678	7048	0.00060
Janthinobacterium	29580	G	12113	4447	16560	0.00141
Herbaspirillum	963	G	11585	1828	13413	0.00114
Collimonas	202907	G	5232	515	5747	0.00049
Noviherbaspirillum	1344552	G	4828	716	5544	0.00047
Undibacterium	401469	G	838	47	885	0.00008
Herminiimonas	303379	G	410	57	467	0.00004
Glaciimonas	1229970	G	281	15	296	0.00003
Oxalobacter	846	G	202	16	218	0.00002
Rhizobacter	212743	G	18054	3948	22002	0.00187
Sphaerotilus	34102	G	9438	4510	13948	0.00119
Methylibium	316612	G	7628	2136	9764	0.00083
Aquincola	391952	G	7072	2375	9447	0.00080
Rubrivivax	28067	G	7055	2184	9239	0.00079
Leptothrix	88	G	5057	1622	6679	0.00057
Thiomonas	32012	G	4653	269	4922	0.00042
Mitsuaria	65047	G	4569	904	5473	0.00047
Ideonella	36862	G	3749	2136	5885	0.00050
Xylophilus	54066	G	3333	897	4230	0.00036
Tepidimonas	114248	G	2566	848	3414	0.00029
Aquabacterium	92793	G	2498	630	3128	0.00027
Roseateles	93681	G	2475	469	2944	0.00025
Inhella	644355	G	1652	249	1901	0.00016
Paucibacter	318147	G	1578	251	1829	0.00016
Candidatus_Ichthyocystis	2929841	G	46	0	46	0.00000
Achromobacter	222	G	31299	11494	42793	0.00364
Bordetella	517	G	28358	36630	64988	0.00552
Pigmentiphaga	152267	G	4292	409	4701	0.00040
Orrella	1921582	G	2187	578	2765	0.00024
Castellaniella	359336	G	2114	1255	3369	0.00029
Alcaligenes	507	G	1477	292	1769	0.00015
Pusillimonas_(ex_Stolz_et_al._2005)	305976	G	1080	171	1251	0.00011
Paralcaligenes	1148163	G	652	22	674	0.00006
Kerstersia	257820	G	572	102	674	0.00006
Advenella	290425	G	561	14	575	0.00005
Oligella	90243	G	101	24	125	0.00001
Paenalcaligenes	1100891	G	47	2	49	0.00000
Taylorella	29574	G	38	40	78	0.00001
Basilea	1472344	G	25	2	27	0.00000
Pelistega	106146	G	17	2	19	0.00000
Sutterella	40544	G	1361	104	1465	0.00012
Turicimonas	1918598	G	107	6	113	0.00001
Ferribacterium	88875	G	41760	5591	47351	0.00402
Dechloromonas	73029	G	22908	3215	26123	0.00222
Quatrionicoccus	138117	G	7495	1805	9300	0.00079
Thauera	33057	G	14963	8231	23194	0.00197
Azoarcus	12960	G	13301	3782	17083	0.00145
Nitrogeniibacter	2891294	G	3942	555	4497	0.00038
Aromatoleum	551759	G	16086	4219	20305	0.00173
Azospira	146937	G	9950	4175	14125	0.00120
Niveibacterium	1769726	G	1937	242	2179	0.00019
Oryzomicrobium	1911577	G	1742	403	2145	0.00018
Rugosibacter	1914449	G	459	68	527	0.00004
Fluviibacter	2808942	G	266	78	344	0.00003
Nitrosomonas	914	G	31782	1122	32904	0.00280
Nitrosospira	35798	G	14585	409	14994	0.00127
Usitatibacter	2803845	G	17283	1193	18476	0.00157
Denitratisoma	311181	G	3046	1289	4335	0.00037
Methyloversatilis	378210	G	2921	347	3268	0.00028
Sulfuritalea	1054211	G	2613	353	2966	0.00025
Sterolibacterium	157591	G	1534	383	1917	0.00016
Candidatus_Nitrotoga	453161	G	2104	138	2242	0.00019
Sideroxydans	314343	G	1990	250	2240	0.00019
Ferrigenium	2249462	G	1298	249	1547	0.00013
Ferriphaselus	1443590	G	522	65	587	0.00005
Gallionella	96	G	367	31	398	0.00003
Thiobacillus	919	G	2375	419	2794	0.00024
Sulfuritortus	1938335	G	1915	727	2642	0.00022
Sulfuriferula	1778653	G	1587	232	1819	0.00015
Sulfurimicrobium	2772198	G	1421	168	1589	0.00014
Sulfuricella	935200	G	787	67	854	0.00007
Methylovorus	81682	G	613	41	654	0.00006
Methylobacillus	404	G	498	114	612	0.00005
Methylophilus	16	G	393	25	418	0.00004
Methylotenera	359407	G	219	20	239	0.00002
Candidatus_Methylopumilus	1679002	G	213	17	230	0.00002
Methyloradius	2872156	G	131	11	142	0.00001
Chromobacterium	535	G	8197	1705	9902	0.00084
Iodobacter	32014	G	176	39	215	0.00002
Jeongeupia	885864	G	2473	419	2892	0.00025
Paludibacterium	400060	G	2189	352	2541	0.00022
Pseudogulbenkiania	568394	G	1603	515	2118	0.00018
Vogesella	57739	G	1569	367	1936	0.00016
Aquitalea	407217	G	1261	234	1495	0.00013
Microvirgula	57479	G	1096	190	1286	0.00011
Laribacter	168470	G	810	642	1452	0.00012
Aquaspirillum	187	G	592	80	672	0.00006
Chitinibacter	230666	G	281	110	391	0.00003
Deefgea	400947	G	239	26	265	0.00002
Neisseria	482	G	3489	1293	4782	0.00041
Crenobacter	1654931	G	1747	545	2292	0.00019
Chitinolyticbacter	1055692	G	1353	153	1506	0.00013
Vitreoscilla	59	G	803	122	925	0.00008
Kingella	32257	G	462	114	576	0.00005
Eikenella	538	G	387	104	491	0.00004
Uruburuella	299568	G	323	44	367	0.00003
Paralysiella	2898489	G	145	27	172	0.00001
Alysiella	194195	G	84	99	183	0.00002
Conchiformibius	334107	G	58	8	66	0.00001
Aquella	2593687	G	40	1	41	0.00000
Snodgrassella	1193515	G	36	9	45	0.00000
Simonsiella	71	G	23	3	26	0.00000
Morococcus	212742	G	12	70	82	0.00001
Casimicrobium	2706000	G	1378	568	1946	0.00017
Candidatus_Kinetoplastibacterium	33055	G	58	6	64	0.00001
Candidatus_Profftella	1381133	G	10	2	12	0.00000
Lysobacter	68	G	153827	21702	175529	0.01492
Pseudoxanthomonas	83618	G	65516	26595	92111	0.00783
Stenotrophomonas	40323	G	45459	19463	64922	0.00552
Xanthomonas	338	G	30857	12906	43763	0.00372
Luteimonas	83614	G	22560	3766	26326	0.00224
Thermomonas	141948	G	16152	3842	19994	0.00170
Arenimonas	490567	G	4518	746	5264	0.00045
Pseudolysobacter	2709666	G	1332	30	1362	0.00012
Xylella	2370	G	396	1788	2184	0.00019
Luteibacter	242605	G	8864	912	9776	0.00083
Rhodanobacter	75309	G	6942	1492	8434	0.00072
Dyella	231454	G	6594	1059	7653	0.00065
Frateuria	70411	G	4258	1092	5350	0.00045
Dokdonella	323413	G	3607	543	4150	0.00035
Aerosticca	2707020	G	1695	1965	3660	0.00031
Ahniella	2233801	G	1255	28	1283	0.00011
Pseudomonas	286	G	183808	44835	228643	0.01943
Azotobacter	352	G	3600	719	4319	0.00037
Halopseudomonas	2901189	G	2261	406	2667	0.00023
Permianibacter	1649479	G	534	14	548	0.00005
Thiopseudomonas	1654787	G	68	12	80	0.00001
Entomomonas	2758906	G	62	2	64	0.00001
Marinobacter	2742	G	4942	385	5327	0.00045
Klebsiella	570	G	5625	57637	63262	0.00538
Raoultella	160674	G	971	510	1481	0.00013
Enterobacter	547	G	5340	6449	11789	0.00100
Citrobacter	544	G	2278	1885	4163	0.00035
Kosakonia	1330547	G	1473	243	1716	0.00015
Cronobacter	413496	G	1348	266	1614	0.00014
Leclercia	83654	G	1221	761	1982	0.00017
Salmonella	590	G	1033	28773	29806	0.00253
Pluralibacter	1330546	G	824	189	1013	0.00009
Escherichia	561	G	769	11950	12719	0.00108
Cedecea	158483	G	690	88	778	0.00007
Lelliottia	1330545	G	439	80	519	0.00004
Kluyvera	579	G	337	85	422	0.00004
Candidatus_Symbiopectobacterium	801	G	125	13	138	0.00001
Candidatus_Blochmannia	203804	G	56	22	78	0.00001
Candidatus_Hamiltonella	568987	G	17	14	31	0.00000
Candidatus_Doolittlea	1906657	G	18	0	18	0.00000
Candidatus_Mikella	1906660	G	12	0	12	0.00000
Candidatus_Gullanella	1906661	G	12	0	12	0.00000
Plesiomonas	702	G	182	50	232	0.00002
Pseudescherichia	2055880	G	180	9	189	0.00002
Atlantibacter	1903434	G	165	30	195	0.00002
Buttiauxella	82976	G	164	24	188	0.00002
Jejubacter	2815296	G	158	15	173	0.00001
Scandinavium	2726810	G	139	22	161	0.00001
Shimwellia	1335483	G	135	23	158	0.00001
Yokenella	158876	G	128	46	174	0.00001
Phytobacter	447792	G	116	298	414	0.00004
Pseudocitrobacter	1504576	G	93	20	113	0.00001
Shigella	620	G	30	4040	4070	0.00035
Candidatus_Moranella	1048757	G	23	2	25	0.00000
Candidatus_Profftia	1177214	G	16	0	16	0.00000
Serratia	613	G	6752	1588	8340	0.00071
Yersinia	629	G	763	903	1666	0.00014
Rahnella	34037	G	721	169	890	0.00008
Nissabacter	1964366	G	427	57	484	0.00004
Gibbsiella	929812	G	265	34	299	0.00003
Rouxiella	1565532	G	156	13	169	0.00001
Ewingella	41201	G	149	19	168	0.00001
Chania	1745211	G	94	9	103	0.00001
Candidatus_Fukatsuia	1927833	G	30	1	31	0.00000
Pantoea	53335	G	4164	723	4887	0.00042
Erwinia	551	G	1753	265	2018	0.00017
Mixta	2100764	G	1052	304	1356	0.00012
Buchnera	32199	G	201	20	221	0.00002
Tatumella	82986	G	91	12	103	0.00001
Dickeya	204037	G	2037	304	2341	0.00020
Pectobacterium	122277	G	1357	227	1584	0.00013
Brenneria	71655	G	765	212	977	0.00008
Lonsdalea	1082702	G	365	53	418	0.00004
Musicola	2884243	G	203	23	226	0.00002
Morganella	581	G	365	351	716	0.00006
Providencia	586	G	358	159	517	0.00004
Xenorhabdus	626	G	264	243	507	0.00004
Photorhabdus	29487	G	188	13	201	0.00002
Proteus	583	G	176	151	327	0.00003
Arsenophonus	637	G	77	5	82	0.00001
Moellerella	158848	G	33	19	52	0.00000
Edwardsiella	635	G	1254	214	1468	0.00012
Hafnia	568	G	162	56	218	0.00002
Obesumbacterium	82982	G	29	22	51	0.00000
Sodalis	84565	G	843	49	892	0.00008
Leminorella	82980	G	99	11	110	0.00001
Pragia	82984	G	47	5	52	0.00000
Limnobaculum	2172100	G	43	6	49	0.00000
Jinshanibacter	2810357	G	28	3	31	0.00000
Thioalkalivibrio	106633	G	6738	1190	7928	0.00067
Spiribacter	1335745	G	4427	311	4738	0.00040
Acidihalobacter	1765964	G	2753	212	2965	0.00025
Halorhodospira	85108	G	1477	120	1597	0.00014
Ectothiorhodospira	1051	G	1273	120	1393	0.00012
Aquisalimonas	406099	G	1221	85	1306	0.00011
Alkalilimnicola	133193	G	1146	145	1291	0.00011
Ectothiorhodosinus	233099	G	205	13	218	0.00002
Allochromatium	85072	G	2205	492	2697	0.00023
Thiodictyon	53392	G	2153	113	2266	0.00019
Thioflavicoccus	156885	G	1924	168	2092	0.00018
Marichromatium	85076	G	1854	351	2205	0.00019
Thiocapsa	1056	G	1540	82	1622	0.00014
Thiocystis	13724	G	1325	110	1435	0.00012
Thermochromatium	85073	G	705	173	878	0.00007
Nitrosococcus	1227	G	614	15	629	0.00005
Caldichromatium	2828366	G	563	61	624	0.00005
Rheinheimera	67575	G	235	45	280	0.00002
Candidatus_Nitrosoglobus	1980513	G	40	2	42	0.00000
Candidatus_Nitrosacidococcus	2796146	G	18	0	18	0.00000
Wenzhouxiangella	1676142	G	2273	107	2380	0.00020
Thiohalobacter	1273155	G	1794	233	2027	0.00017
Sulfurivermis	2034504	G	1275	451	1726	0.00015
Guyparkeria	2035712	G	1172	260	1432	0.00012
Halothiobacillus	109262	G	826	65	891	0.00008
Woeseia	1738655	G	814	12	826	0.00007
Sulfuriflexus	1860077	G	318	9	327	0.00003
Granulosicoccus	437504	G	274	4	278	0.00002
Halomonas	2745	G	23142	3122	26264	0.00223
Cobetia	204286	G	1392	863	2255	0.00019
Salinicola	404432	G	1068	111	1179	0.00010
Halotalea	376488	G	1052	182	1234	0.00010
Kushneria	504090	G	968	42	1010	0.00009
Chromohalobacter	42054	G	756	75	831	0.00007
Pistricoccus	1897649	G	506	31	537	0.00005
Zymobacter	33073	G	190	23	213	0.00002
Candidatus_Portiera	235572	G	35	3	38	0.00000
Candidatus_Carsonella	114185	G	12	3	15	0.00000
Alcanivorax	59753	G	2959	1171	4130	0.00035
Ketobacter	2025617	G	182	15	197	0.00002
Marinobacterium	48075	G	1045	114	1159	0.00010
Marinomonas	28253	G	366	34	400	0.00003
Thalassolituus	187492	G	221	27	248	0.00002
Venatorbacter	2893036	G	212	46	258	0.00002
Neptunomonas	75687	G	156	11	167	0.00001
Bacterioplanes	1537406	G	145	8	153	0.00001
Nitrincola	267849	G	104	16	120	0.00001
Amphritea	515417	G	65	4	69	0.00001
Bermanella	599651	G	42	1	43	0.00000
Saccharospirillum	231683	G	364	20	384	0.00003
Reinekea	230494	G	171	8	179	0.00002
Gynuella	1445504	G	121	3	124	0.00001
Hahella	158481	G	629	23	652	0.00006
Litoricola	418700	G	211	9	220	0.00002
Endozoicomonas	305899	G	103	5	108	0.00001
Oleiphilus	141450	G	101	8	109	0.00001
Spartinivicinus	2768738	G	34	0	34	0.00000
Cellvibrio	10	G	10197	349	10546	0.00090
Teredinibacter	2425	G	347	14	361	0.00003
Simiduia	447467	G	307	14	321	0.00003
Saccharophagus	316625	G	86	2	88	0.00001
Agarilytica	2036021	G	69	1	70	0.00001
Marinagarivorans	1792291	G	64	5	69	0.00001
Microbulbifer	48073	G	4332	231	4563	0.00039
Kineobactrum	2678529	G	667	25	692	0.00006
Halioglobus	1217416	G	582	19	601	0.00005
Congregibacter	393661	G	318	126	444	0.00004
Aequoribacter	2847769	G	155	21	176	0.00001
Spongiibacter	630749	G	651	66	717	0.00006
Zhongshania	1434050	G	123	10	133	0.00001
Oceanicoccus	1084558	G	75	1	76	0.00001
Methylococcus	413	G	4549	299	4848	0.00041
Methylomonas	416	G	3073	90	3163	0.00027
Methylomagnum	1760987	G	1221	47	1268	0.00011
Methylogaea	1295378	G	1219	84	1303	0.00011
Methylomicrobium	39773	G	1194	203	1397	0.00012
Methylocaldum	73778	G	1190	62	1252	0.00011
Candidatus_Methylospira	1808977	G	398	15	413	0.00004
Methylotuvimicrobium	2822410	G	381	222	603	0.00005
Methylovulum	762296	G	193	4	197	0.00002
Methylobacter	429	G	86	4	90	0.00001
Steroidobacter	469322	G	7939	1954	9893	0.00084
Solimonas	413435	G	3423	327	3750	0.00032
Flagellatimonas	2893022	G	1144	84	1228	0.00010
Sinimarinibacterium	1861863	G	609	297	906	0.00008
Aeromonas	642	G	10963	8626	19589	0.00166
Zobellella	347533	G	899	189	1088	0.00009
Oceanimonas	129577	G	437	85	522	0.00004
Dongshaea	2802288	G	118	9	127	0.00001
Oceanisphaera	225143	G	117	12	129	0.00001
Tolumonas	43947	G	87	32	119	0.00001
Succinivibrio	83770	G	19	0	19	0.00000
Shewanella	22	G	3959	642	4601	0.00039
Parashewanella	2547964	G	38	2	40	0.00000
Alteromonas	226	G	560	111	671	0.00006
Salinimonas	288793	G	253	38	291	0.00002
Hydrocarboniclastica	2650549	G	323	38	361	0.00003
Agarivorans	261825	G	150	13	163	0.00001
Paraglaciecola	1621534	G	119	9	128	0.00001
Lacimicrobium	1751872	G	112	7	119	0.00001
Saliniradius	2661818	G	106	9	115	0.00001
Paraneptunicella	2905123	G	61	3	64	0.00001
Catenovulum	1172191	G	46	3	49	0.00000
Glaciecola	89404	G	36	2	38	0.00000
Saccharobesus	2894574	G	25	1	26	0.00000
Pseudoalteromonas	53246	G	1117	157	1274	0.00011
Psychrosphaera	907197	G	37	6	43	0.00000
Flocculibacter	2834759	G	24	2	26	0.00000
Ferrimonas	44011	G	480	55	535	0.00005
Colwellia	28228	G	121	11	132	0.00001
Thalassotalea	1518149	G	103	12	115	0.00001
Cognaticolwellia	2848171	G	22	3	25	0.00000
Litorilituus	1407056	G	12	1	13	0.00000
Idiomarina	135575	G	224	19	243	0.00002
Moritella	58050	G	115	24	139	0.00001
Psychromonas	67572	G	53	5	58	0.00000
Sulfurifustis	1692042	G	4823	262	5085	0.00043
Sulfuricaulis	1744881	G	2003	132	2135	0.00018
Acidiferrobacter	986106	G	1402	23	1425	0.00012
Vibrio	662	G	3561	4018	7579	0.00064
Photobacterium	657	G	1457	356	1813	0.00015
Salinivibrio	51366	G	156	14	170	0.00001
Grimontia	246861	G	57	6	63	0.00001
Thaumasiovibrio	2014233	G	53	5	58	0.00000
Aliivibrio	511678	G	48	9	57	0.00000
Paraphotobacterium	2042066	G	18	3	21	0.00000
Enterovibrio	188143	G	14	0	14	0.00000
Acinetobacter	469	G	2792	2883	5675	0.00048
Psychrobacter	497	G	379	675	1054	0.00009
Moraxella	475	G	272	22	294	0.00003
Aquirhabdus	2824158	G	75	2	77	0.00001
Pasteurella	745	G	1769	3299	5068	0.00043
Aggregatibacter	416916	G	187	27	214	0.00002
Haemophilus	724	G	177	45	222	0.00002
Actinobacillus	713	G	151	47	198	0.00002
Mannheimia	75984	G	110	21	131	0.00001
Avibacterium	292486	G	98	10	108	0.00001
Basfia	697331	G	44	2	46	0.00000
Glaesserella	2094023	G	44	9	53	0.00000
Gallibacterium	155493	G	29	7	36	0.00000
Rodentibacter	1960084	G	29	2	31	0.00000
Bibersteinia	476528	G	23	111	134	0.00001
Frederiksenia	1649317	G	14	2	16	0.00000
Vespertiliibacter	1520333	G	13	1	14	0.00000
Histophilus	214906	G	10	2	12	0.00000
Candidatus_Endoriftia	393764	G	638	25	663	0.00006
Candidatus_Vesicomyosocius	2732587	G	36	65	101	0.00001
Candidatus_Ruthia	1541743	G	17	4	21	0.00000
Sedimenticola	349742	G	470	16	486	0.00004
Thiolapillus	1608298	G	329	6	335	0.00003
Candidatus_Reidiella	2738850	G	326	5	331	0.00003
Pseudohongiella	1524249	G	180	4	184	0.00002
Gallaecimonas	745410	G	115	7	122	0.00001
Celerinatantimonas	412033	G	41	2	43	0.00000
Ignatzschineria	112008	G	35	2	37	0.00000
Candidatus_Thioglobus	655184	G	35	3	38	0.00000
Candidatus_Pseudothioglobus	2841677	G	16	2	18	0.00000
Immundisolibacter	1934947	G	2141	338	2479	0.00021
Methylophaga	40222	G	286	62	348	0.00003
Thiomicrorhabdus	2039723	G	228	9	237	0.00002
Thiomicrospira	933	G	183	45	228	0.00002
Hydrogenovibrio	28884	G	123	55	178	0.00002
Cycloclasticus	34067	G	70	7	77	0.00001
Piscirickettsia	1237	G	64	3	67	0.00001
Thiosulfatimonas	2781121	G	49	2	51	0.00000
Thiosulfativibrio	2781120	G	39	1	40	0.00000
Thiothrix	1030	G	739	18	757	0.00006
Beggiatoa	1021	G	60	3	63	0.00001
Francisella	262	G	134	164	298	0.00003
Allofrancisella	1869285	G	21	0	21	0.00000
Legionella	445	G	1128	86	1214	0.00010
Tatlockia	465	G	46	2	48	0.00000
Fluoribacter	461	G	19	2	21	0.00000
Aquicella	254245	G	493	9	502	0.00004
Coxiella	776	G	157	63	220	0.00002
Rickettsiella	59195	G	53	1	54	0.00000
Salinisphaera	180541	G	1183	1231	2414	0.00021
Cardiobacterium	2717	G	618	76	694	0.00006
Dichelobacter	869	G	55	12	67	0.00001
Suttonella	13275	G	54	3	57	0.00000
Kangiella	261963	G	175	10	185	0.00002
Gilliamella	1193503	G	42	9	51	0.00000
Archangium	47	G	71872	7910	79782	0.00678
Stigmatella	40	G	16294	1633	17927	0.00152
Cystobacter	42	G	9806	2288	12094	0.00103
Melittangium	44	G	7451	1606	9057	0.00077
Anaeromyxobacter	161492	G	86342	5785	92127	0.00783
Myxococcus	32	G	28470	20155	48625	0.00413
Corallococcus	83461	G	27770	3501	31271	0.00266
Pyxidicoccus	224458	G	16697	1055	17752	0.00151
Vulgatibacter	1524214	G	5614	399	6013	0.00051
Sorangium	39643	G	83268	9172	92440	0.00786
Polyangium	55	G	27977	2255	30232	0.00257
Chondromyces	50	G	8729	335	9064	0.00077
Pajaroellobacter	1882917	G	148	3	151	0.00001
Sandaracinus	1055688	G	28928	1342	30270	0.00257
Labilithrix	1524217	G	10368	397	10765	0.00091
Haliangium	162027	G	9712	479	10191	0.00087
Geomonas	2651583	G	9042	1374	10416	0.00089
Geobacter	28231	G	6923	709	7632	0.00065
Citrifermentans	2883512	G	2870	648	3518	0.00030
Geotalea	2910589	G	1074	67	1141	0.00010
Geoalkalibacter	392332	G	503	484	987	0.00008
Trichlorobacter	115782	G	379	48	427	0.00004
Desulfuromonas	890	G	5384	654	6038	0.00051
Pelobacter	18	G	797	256	1053	0.00009
Syntrophotalea	2812025	G	925	106	1031	0.00009
Pseudodesulfovibrio	2035811	G	4289	846	5135	0.00044
Desulfovibrio	872	G	4234	598	4832	0.00041
Solidesulfovibrio	2910984	G	2539	274	2813	0.00024
Oceanidesulfovibrio	2905722	G	1227	80	1307	0.00011
Desulfocurvibacter	2582840	G	952	71	1023	0.00009
Desulfolutivibrio	2773294	G	808	247	1055	0.00009
Megalodesulfovibrio	2910978	G	673	35	708	0.00006
Oleidesulfovibrio	2909705	G	231	349	580	0.00005
Paradesulfovibrio	2910986	G	118	12	130	0.00001
Maridesulfovibrio	2794998	G	96	8	104	0.00001
Lawsonia	41707	G	34	0	34	0.00000
Desulfomicrobium	898	G	863	119	982	0.00008
Desulfohalobium	45662	G	236	12	248	0.00002
Desulfosarcina	2299	G	1868	273	2141	0.00018
Desulfococcus	896	G	526	94	620	0.00005
Desulfatibacillum	218207	G	349	11	360	0.00003
Desulfoluna	497721	G	329	15	344	0.00003
Desulfobacter	2289	G	193	18	211	0.00002
Desulfonema	45654	G	173	3	176	0.00002
Desulforapulum	2904687	G	117	12	129	0.00001
Desulfobacula	28222	G	43	3	46	0.00000
Desulfobulbus	893	G	1193	246	1439	0.00012
Desulfurivibrio	427922	G	467	21	488	0.00004
Desulfomarina	2894767	G	60	5	65	0.00001
Desulfosudis	2904716	G	474	28	502	0.00004
Desulfosediminicola	2886823	G	170	16	186	0.00002
Desulfotalea	109168	G	66	10	76	0.00001
Desulfocapsa	53318	G	43	2	45	0.00000
Persicimonas	2766927	G	3450	107	3557	0.00030
Bradymonas	1779136	G	1045	500	1545	0.00013
Syntrophobacter	29526	G	757	341	1098	0.00009
Desulfoglaeba	361106	G	619	27	646	0.00005
Desulfarculus	453229	G	1223	777	2000	0.00017
Desulfomonile	2357	G	245	1	246	0.00002
Syntrophus	43773	G	238	13	251	0.00002
Desulfobacca	60892	G	223	5	228	0.00002
Dissulfurimicrobium	1769732	G	105	5	110	0.00001
Candidatus_Desulfofervidus	1902583	G	40	0	40	0.00000
Hippea	84404	G	40	1	41	0.00000
Campylobacter	194	G	681	124	805	0.00007
Sulfurimonas	202746	G	451	32	483	0.00004
Sulfuricurvum	286130	G	27	1	28	0.00000
Helicobacter	209	G	353	31	384	0.00003
Wolinella	843	G	31	5	36	0.00000
Nitratifractor	269260	G	192	10	202	0.00002
Sulfurovum	265570	G	127	10	137	0.00001
Hydrogenimonas	223785	G	175	13	188	0.00002
Aliarcobacter	2321111	G	43	18	61	0.00001
Arcobacter	28196	G	39	23	62	0.00001
Malaciobacter	2321114	G	27	5	32	0.00000
Halarcobacter	2321115	G	12	1	13	0.00000
Pseudoarcobacter	2321113	G	11	3	14	0.00000
Sulfurospirillum	57665	G	119	5	124	0.00001
Nitratiruptor	269258	G	52	13	65	0.00001
Nitrosophilus	2795692	G	23	11	34	0.00000
Nautilia	191291	G	26	7	33	0.00000
Caminibacter	191301	G	24	10	34	0.00000
Acidithiobacillus	119977	G	1601	132	1733	0.00015
Bdellovibrio	958	G	883	55	938	0.00008
Pseudobdellovibrio	2862745	G	157	10	167	0.00001
Bacteriovorax	146784	G	70	9	79	0.00001
Halobacteriovorax	1652133	G	45	7	52	0.00000
Fluviispira	2698753	G	17	7	24	0.00000
Silvanigrella	2024975	G	14	6	20	0.00000
Hydrogenophilus	70774	G	473	76	549	0.00005
Mariprofundus	377315	G	344	8	352	0.00003
Streptomyces	1883	G	897017	191736	1088753	0.09252
Kitasatospora	2063	G	11938	3833	15771	0.00134
Yinghuangia	2805681	G	9494	1417	10911	0.00093
Streptacidiphilus	228398	G	8029	2107	10136	0.00086
Microbacterium	33882	G	79537	14250	93787	0.00797
Agromyces	33877	G	23653	6002	29655	0.00252
Curtobacterium	2034	G	14528	3084	17612	0.00150
Rathayibacter	33886	G	12797	3057	15854	0.00135
Clavibacter	1573	G	10189	6825	17014	0.00145
Leucobacter	55968	G	9953	1845	11798	0.00100
Leifsonia	110932	G	9682	1556	11238	0.00096
Agrococcus	46352	G	9590	2726	12316	0.00105
Protaetiibacter	2680004	G	4676	1486	6162	0.00052
Salinibacterium	235888	G	4220	709	4929	0.00042
Cryobacterium	69578	G	3517	513	4030	0.00034
Frondihabitans	447237	G	2863	482	3345	0.00028
Plantibacter	190323	G	2669	345	3014	0.00026
Microcella	337004	G	2565	942	3507	0.00030
Microterricola	518733	G	2539	662	3201	0.00027
Cnuibacter	1759331	G	1809	419	2228	0.00019
Frigoribacterium	96492	G	1718	538	2256	0.00019
Herbiconiux	881616	G	1675	357	2032	0.00017
Mycetocola	76634	G	1666	210	1876	0.00016
Gryllotalpicola	1195526	G	1608	325	1933	0.00016
Subtercola	120212	G	1491	125	1616	0.00014
Amnibacterium	1029631	G	1454	369	1823	0.00015
Chryseoglobus	1331730	G	1437	302	1739	0.00015
Humibacter	427753	G	1289	302	1591	0.00014
Marisediminicola	1230698	G	1145	149	1294	0.00011
Gulosibacter	256818	G	1081	318	1399	0.00012
Diaminobutyricimonas	1433997	G	1002	198	1200	0.00010
Glaciihabitans	1649454	G	866	72	938	0.00008
Agreia	110934	G	759	96	855	0.00007
Rhodoluna	529883	G	159	9	168	0.00001
Aquiluna	529881	G	152	9	161	0.00001
Pseudoclavibacter	255204	G	187	35	222	0.00002
Aurantimicrobium	1705353	G	158	7	165	0.00001
Pontimonas	1434032	G	68	3	71	0.00001
Kocuria	57493	G	49964	13586	63550	0.00540
Arthrobacter	1663	G	38074	7675	45749	0.00389
Pseudarthrobacter	1742993	G	8424	2767	11191	0.00095
Micrococcus	1269	G	4616	2920	7536	0.00064
Sinomonas	596707	G	3853	973	4826	0.00041
Glutamicibacter	1742989	G	2918	923	3841	0.00033
Rothia	32207	G	2138	926	3064	0.00026
Paenarthrobacter	1742992	G	1782	865	2647	0.00022
Citricoccus	169133	G	1770	468	2238	0.00019
Nesterenkonia	57494	G	646	40	686	0.00006
Paeniglutamicibacter	1742990	G	358	53	411	0.00003
Psychromicrobium	2078575	G	240	30	270	0.00002
Neomicrococcus	1868332	G	205	80	285	0.00002
Auritidibacter	1160973	G	177	18	195	0.00002
Renibacterium	1645	G	121	6	127	0.00001
Cellulomonas	1707	G	48551	17494	66045	0.00561
Actinotalea	458839	G	4748	1853	6601	0.00056
Oerskovia	162491	G	2280	786	3066	0.00026
Pseudactinotalea	1926259	G	1963	299	2262	0.00019
Paraoerskovia	665568	G	1615	445	2060	0.00018
Cellulosimicrobium	157920	G	14950	6480	21430	0.00182
Isoptericola	254250	G	6584	3246	9830	0.00084
Xylanimonas	186188	G	6536	2192	8728	0.00074
Janibacter	53457	G	7743	2356	10099	0.00086
Phycicoccus	367298	G	6586	1940	8526	0.00072
Pedococcus	2805645	G	3688	1139	4827	0.00041
Intrasporangium	53357	G	3506	958	4464	0.00038
Tetrasphaera	99479	G	2970	810	3780	0.00032
Arsenicicoccus	267408	G	2645	1053	3698	0.00031
Ornithinimicrobium	125287	G	11704	2527	14231	0.00121
Serinicoccus	265976	G	8181	2300	10481	0.00089
Georgenia	154116	G	14799	4442	19241	0.00164
Brachybacterium	43668	G	12094	2021	14115	0.00120
Dermabacter	36739	G	835	464	1299	0.00011
Devriesea	472568	G	197	11	208	0.00002
Brevibacterium	1696	G	12614	2564	15178	0.00129
Ruania	626119	G	8644	1059	9703	0.00082
Dermacoccus	57495	G	2758	1010	3768	0.00032
Luteipulveratus	745364	G	2156	308	2464	0.00021
Allobranchiibius	2040262	G	1788	402	2190	0.00019
Yimella	908935	G	1053	214	1267	0.00011
Pengzhenrongella	2888818	G	3302	972	4274	0.00036
Luteimicrobium	754249	G	2612	859	3471	0.00030
Beutenbergia	84756	G	3319	583	3902	0.00033
Miniimonas	947525	G	2346	1323	3669	0.00031
Sanguibacter	60919	G	4006	1271	5277	0.00045
Gephyromycinifex	2885697	G	889	103	992	0.00008
Austwickia	1184606	G	669	52	721	0.00006
Dermatophilus	1862	G	192	17	209	0.00002
Kytococcus	57499	G	1638	613	2251	0.00019
Demequina	577469	G	611	48	659	0.00006
Jonesia	43673	G	125	22	147	0.00001
Tropheryma	2038	G	33	0	33	0.00000
Micromonospora	1873	G	184582	45769	230351	0.01958
Actinoplanes	1865	G	142916	26476	169392	0.01440
Phytohabitans	907364	G	36077	4620	40697	0.00346
Plantactinospora	673534	G	29033	5343	34376	0.00292
Couchioplanes	56433	G	13394	3238	16632	0.00141
Dactylosporangium	35753	G	12922	1390	14312	0.00122
Catellatospora	53365	G	12723	2702	15425	0.00131
Actinocatenispora	390988	G	9689	1157	10846	0.00092
Polymorphospora	338583	G	8091	1700	9791	0.00083
Natronosporangium	2920401	G	3948	260	4208	0.00036
Verrucosispora	84593	G	2972	2123	5095	0.00043
Salinispora	168694	G	2522	398	2920	0.00025
Nocardioides	1839	G	338948	71455	410403	0.03488
Aeromicrobium	2040	G	18888	3705	22593	0.00192
Marmoricola	86795	G	5042	1995	7037	0.00060
Pimelobacter	2044	G	4331	1737	6068	0.00052
Friedmanniella	53387	G	3769	766	4535	0.00039
Mumia	1546255	G	3155	561	3716	0.00032
Micropruina	116071	G	1524	222	1746	0.00015
Microlunatus	29404	G	11185	1276	12461	0.00106
Tessaracoccus	72763	G	10212	6390	16602	0.00141
Brevilactibacter	2717325	G	4027	1541	5568	0.00047
Acidipropionibacterium	1912215	G	3292	1217	4509	0.00038
Propionibacterium	1743	G	3129	986	4115	0.00035
Auraticoccus	1278221	G	2651	476	3127	0.00027
Raineyella	1911549	G	1543	200	1743	0.00015
Arachnia	2801844	G	1532	106	1638	0.00014
Cutibacterium	1912216	G	1401	368	1769	0.00015
Vaginimicrobium	2919589	G	73	27	100	0.00001
Kribbella	182639	G	15747	2381	18128	0.00154
Actinopolymorpha	117156	G	4680	522	5202	0.00044
Pseudonocardia	1847	G	136022	21008	157030	0.01334
Amycolatopsis	1813	G	106655	18732	125387	0.01066
Saccharothrix	2071	G	65371	17937	83308	0.00708
Saccharopolyspora	1835	G	20597	4523	25120	0.00213
Saccharomonospora	1851	G	16534	2914	19448	0.00165
Lentzea	165301	G	11684	2345	14029	0.00119
Kutzneria	43356	G	10968	2183	13151	0.00112
Allokutzneria	1137960	G	10935	2511	13446	0.00114
Kibdelosporangium	2029	G	9956	1149	11105	0.00094
Actinosynnema	40566	G	7336	1966	9302	0.00079
Actinoalloteichus	65496	G	6872	596	7468	0.00063
Alloactinosynnema	674734	G	5582	1182	6764	0.00057
Prauserella	142577	G	2362	203	2565	0.00022
Allosaccharopolyspora	2893576	G	2349	481	2830	0.00024
Mycolicibacterium	1866885	G	89142	17134	106276	0.00903
Mycobacterium	1763	G	73702	21580	95282	0.00810
Mycolicibacter	1073531	G	6002	2794	8796	0.00075
Mycobacteroides	670516	G	4425	1772	6197	0.00053
Mycolicibacillus	2126281	G	1244	337	1581	0.00013
Hoyosella	697025	G	542	27	569	0.00005
Rhodococcus	1827	G	52628	13285	65913	0.00560
Nocardia	1817	G	52007	9417	61424	0.00522
Corynebacterium	1716	G	31217	6846	38063	0.00323
Gordonia	2053	G	24343	5546	29889	0.00254
Skermania	59613	G	1205	146	1351	0.00011
Tsukamurella	2060	G	7944	2028	9972	0.00085
Dietzia	37914	G	5087	1219	6306	0.00054
Tomitella	741759	G	2969	608	3577	0.00030
Segniliparus	286801	G	632	34	666	0.00006
Lawsonella	1847725	G	130	14	144	0.00001
Actinomadura	1988	G	121730	22246	143976	0.01224
Thermomonospora	2019	G	10935	3084	14019	0.00119
Nonomuraea	83681	G	82681	13448	96129	0.00817
Streptosporangium	2000	G	42718	8025	50743	0.00431
Thermobispora	147067	G	4593	1081	5674	0.00048
Nocardiopsis	2013	G	14178	2892	17070	0.00145
Thermobifida	83677	G	5489	1085	6574	0.00056
Streptomonospora	104204	G	2821	539	3360	0.00029
Spiractinospora	2913367	G	1913	123	2036	0.00017
Blastococcus	38501	G	45622	13181	58803	0.00500
Geodermatophilus	1860	G	28605	9350	37955	0.00323
Modestobacter	88138	G	24122	7318	31440	0.00267
Actinomyces	1654	G	14355	1885	16240	0.00138
Schaalia	2529408	G	1817	329	2146	0.00018
Flaviflexus	1522056	G	1119	255	1374	0.00012
Trueperella	1069494	G	951	270	1221	0.00010
Pauljensenia	2740557	G	528	191	719	0.00006
Nanchangia	2888879	G	463	49	512	0.00004
Actinotignum	1653174	G	201	13	214	0.00002
Actinobaculum	76833	G	196	11	207	0.00002
Arcanobacterium	28263	G	140	30	170	0.00001
Changpingibacter	2912996	G	107	30	137	0.00001
Mobiluncus	2050	G	100	27	127	0.00001
Varibaculum	184869	G	52	15	67	0.00001
Boudabousia	2767318	G	40	3	43	0.00000
Fannyhessea	2767327	G	16	4	20	0.00000
Frankia	1854	G	17922	1689	19611	0.00167
Jiangella	281472	G	15651	2693	18344	0.00156
Bifidobacterium	1678	G	6994	1873	8867	0.00075
Parascardovia	196082	G	126	20	146	0.00001
Gardnerella	2701	G	31	10	41	0.00000
Scardovia	196081	G	15	5	20	0.00000
Nakamurella	53460	G	6573	838	7411	0.00063
Catenulispora	414878	G	3961	560	4521	0.00038
Stackebrandtia	283810	G	2647	234	2881	0.00024
Natronoglycomyces	2838311	G	402	13	415	0.00004
Jatrophihabitans	1434010	G	3000	253	3253	0.00028
Kineococcus	33981	G	2947	789	3736	0.00032
Actinopolyspora	1849	G	1745	172	1917	0.00016
Epidermidibacterium	2078948	G	1592	757	2349	0.00020
Acidothermus	28048	G	879	41	920	0.00008
Candidatus_Planktophila	622681	G	172	38	210	0.00002
Candidatus_Nanopelagicus	2039639	G	73	36	109	0.00001
Conexibacter	191494	G	77717	10615	88332	0.00751
Miltoncostaea	2843200	G	14646	1762	16408	0.00139
Aquihabitans	1648491	G	22080	3524	25604	0.00218
Actinomarinicola	2789775	G	12085	2271	14356	0.00122
Iamia	467975	G	12078	1850	13928	0.00118
Ilumatobacter	682522	G	3196	178	3374	0.00029
Acidimicrobium	53634	G	1107	77	1184	0.00010
Rubrobacter	42255	G	26916	988	27904	0.00237
Baekduia	2600304	G	23945	3706	27651	0.00235
Eggerthella	84111	G	1693	555	2248	0.00019
Gordonibacter	644652	G	934	394	1328	0.00011
Adlercreutzia	447020	G	733	159	892	0.00008
Arabiibacter	2005386	G	684	138	822	0.00007
Raoultibacter	1926677	G	393	30	423	0.00004
Berryella	2815775	G	367	383	750	0.00006
Slackia	84108	G	234	6	240	0.00002
Denitrobacterium	79603	G	169	66	235	0.00002
Phoenicibacter	1981050	G	47	19	66	0.00001
Cryptobacterium	84162	G	37	3	40	0.00000
Olsenella	133925	G	1210	214	1424	0.00012
Parolsenella	2082587	G	714	226	940	0.00008
Parafannyhessea	2847312	G	409	228	637	0.00005
Thermophilibacter	2847307	G	381	141	522	0.00004
Atopobium	1380	G	94	9	103	0.00001
Lancefieldella	2767353	G	18	1	19	0.00000
Collinsella	102106	G	1108	298	1406	0.00012
Coriobacterium	33870	G	261	8	269	0.00002
Euzebya	908623	G	2941	239	3180	0.00027
Egibacter	1747770	G	2879	165	3044	0.00026
Egicoccus	1755825	G	2834	418	3252	0.00028
Priestia	2800373	G	20166	16197	36363	0.00309
Bacillus	1386	G	18433	41474	59907	0.00509
Metabacillus	2675233	G	7444	2419	9863	0.00084
Cytobacillus	2675230	G	6497	2533	9030	0.00077
Mesobacillus	2675231	G	3656	961	4617	0.00039
Neobacillus	2675232	G	1791	647	2438	0.00021
Virgibacillus	84406	G	1632	198	1830	0.00016
Geobacillus	129337	G	1606	453	2059	0.00017
Lysinibacillus	400634	G	1327	401	1728	0.00015
Peribacillus	2675229	G	1088	437	1525	0.00013
Anoxybacillus	150247	G	1075	262	1337	0.00011
Halobacillus	45667	G	1058	121	1179	0.00010
Hydrogenibacillus	1609627	G	955	125	1080	0.00009
Gracilibacillus	74385	G	942	84	1026	0.00009
Alkalihalobacillus	2675234	G	790	164	954	0.00008
Oceanobacillus	182709	G	754	79	833	0.00007
Niallia	2837506	G	604	146	750	0.00006
Parageobacillus	1906945	G	545	129	674	0.00006
Sutcliffiella	2837511	G	539	176	715	0.00006
Heyndrickxia	2837504	G	507	154	661	0.00006
Rossellomorea	2837508	G	462	165	627	0.00005
Terribacillus	459532	G	415	57	472	0.00004
Lentibacillus	175304	G	390	24	414	0.00004
Salicibibacter	2685905	G	371	17	388	0.00003
Weizmannia	2817139	G	302	111	413	0.00004
Fictibacillus	1329200	G	273	36	309	0.00003
Radiobacillus	2785518	G	268	43	311	0.00003
Psychrobacillus	1221880	G	254	104	358	0.00003
Lederbergia	2804231	G	231	55	286	0.00002
Pontibacillus	289201	G	221	27	248	0.00002
Gottfriedia	2837503	G	220	61	281	0.00002
Salisediminibacterium	1434042	G	184	23	207	0.00002
Anaerobacillus	704093	G	151	33	184	0.00002
Pradoshia	2651279	G	149	42	191	0.00002
Caldibacillus	1276290	G	139	52	191	0.00002
Alkalihalophilus	2893060	G	135	23	158	0.00001
Sediminibacillus	482460	G	129	21	150	0.00001
Mangrovibacillus	2920444	G	125	63	188	0.00002
Evansella	2837485	G	125	18	143	0.00001
Paraliobacillus	200903	G	113	18	131	0.00001
Halalkalibacterium	2893055	G	108	70	178	0.00002
Salimicrobium	351195	G	107	16	123	0.00001
Aeribacillus	1055323	G	95	54	149	0.00001
Caldalkalibacillus	379065	G	86	16	102	0.00001
Amphibacillus	29331	G	72	13	85	0.00001
Paenibacillus	44249	G	24233	2198	26431	0.00225
Brevibacillus	55080	G	2441	413	2854	0.00024
Cohnella	329857	G	1625	255	1880	0.00016
Thermobacillus	76632	G	1121	154	1275	0.00011
Saccharibacillus	456492	G	680	74	754	0.00006
Aneurinibacillus	55079	G	464	91	555	0.00005
Alicyclobacillus	29330	G	1499	101	1600	0.00014
Tumebacillus	432330	G	1164	371	1535	0.00013
Kyrpidia	1129704	G	447	21	468	0.00004
Effusibacillus	1502725	G	86	11	97	0.00001
Planococcus	1372	G	1067	280	1347	0.00011
Sporosarcina	1569	G	806	164	970	0.00008
Solibacillus	648800	G	117	50	167	0.00001
Paenisporosarcina	651660	G	114	42	156	0.00001
Ureibacillus	160795	G	97	90	187	0.00002
Kurthia	1649	G	67	29	96	0.00001
Jeotgalibacillus	157226	G	66	21	87	0.00001
Viridibacillus	496496	G	63	23	86	0.00001
Rummeliibacillus	648802	G	45	21	66	0.00001
Staphylococcus	1279	G	1165	7464	8629	0.00073
Mammaliicoccus	2803850	G	192	95	287	0.00002
Macrococcus	69965	G	143	53	196	0.00002
Jeotgalicoccus	227979	G	103	11	114	0.00001
Salinicoccus	45669	G	60	16	76	0.00001
Nosocomiicoccus	489909	G	22	3	25	0.00000
Abyssicoccus	1955413	G	19	5	24	0.00000
Novibacillus	1677050	G	387	51	438	0.00004
Staphylospora	2689589	G	328	50	378	0.00003
Kroppenstedtia	1274351	G	308	25	333	0.00003
Polycladomyces	1348505	G	167	15	182	0.00002
Laceyella	292635	G	121	26	147	0.00001
Thermoactinomyces	2023	G	103	20	123	0.00001
Exiguobacterium	33986	G	665	178	843	0.00007
Gemella	1378	G	56	15	71	0.00001
Listeria	1637	G	408	142	550	0.00005
Brochothrix	2755	G	22	7	29	0.00000
Sporolactobacillus	2077	G	86	11	97	0.00001
Limosilactobacillus	2742598	G	346	209	555	0.00005
Lactobacillus	1578	G	282	222	504	0.00004
Levilactobacillus	2767886	G	198	49	247	0.00002
Lacticaseibacillus	2759736	G	165	38	203	0.00002
Ligilactobacillus	2767887	G	102	57	159	0.00001
Weissella	46255	G	100	25	125	0.00001
Lactiplantibacillus	2767842	G	86	18	104	0.00001
Leuconostoc	1243	G	81	18	99	0.00001
Schleiferilactobacillus	2767891	G	72	6	78	0.00001
Lentilactobacillus	2767893	G	59	14	73	0.00001
Latilactobacillus	2767885	G	55	16	71	0.00001
Loigolactobacillus	2767889	G	52	31	83	0.00001
Pediococcus	1253	G	50	19	69	0.00001
Oenococcus	46254	G	45	3	48	0.00000
Secundilactobacillus	2767892	G	44	13	57	0.00000
Companilactobacillus	2767879	G	39	4	43	0.00000
Paucilactobacillus	2767890	G	27	12	39	0.00000
Liquorilactobacillus	2767888	G	25	10	35	0.00000
Furfurilactobacillus	2767882	G	23	3	26	0.00000
Amylolactobacillus	2767876	G	15	12	27	0.00000
Acetilactobacillus	2767874	G	15	0	15	0.00000
Apilactobacillus	2767877	G	14	2	16	0.00000
Periweissella	2930384	G	13	1	14	0.00000
Fructilactobacillus	2767881	G	10	3	13	0.00000
Streptococcus	1301	G	708	393	1101	0.00009
Lactococcus	1357	G	135	51	186	0.00002
Enterococcus	1350	G	420	1335	1755	0.00015
Vagococcus	2737	G	116	63	179	0.00002
Tetragenococcus	51668	G	57	12	69	0.00001
Melissococcus	33969	G	13	2	15	0.00000
Carnobacterium	2747	G	85	22	107	0.00001
Jeotgalibaca	1470540	G	81	37	118	0.00001
Dolosigranulum	29393	G	36	9	45	0.00000
Granulicatella	117563	G	15	15	30	0.00000
Marinilactibacillus	191769	G	15	6	21	0.00000
Aerococcus	1375	G	95	23	118	0.00001
Suicoccus	2689587	G	24	14	38	0.00000
Abiotrophia	46123	G	16	4	20	0.00000
Ignavigranum	89092	G	12	1	13	0.00000
Faecalibacterium	216851	G	1045	565	1610	0.00014
Dysosmobacter	2591381	G	647	240	887	0.00008
Flavonifractor	946234	G	552	119	671	0.00006
Ethanoligenens	253238	G	329	16	345	0.00003
Vescimonas	2892396	G	313	280	593	0.00005
Ruthenibacterium	1905344	G	288	67	355	0.00003
Caproiciproducens	1738645	G	247	28	275	0.00002
Anaerotruncus	244127	G	238	113	351	0.00003
Oscillibacter	459786	G	192	52	244	0.00002
Acutalibacter	1918385	G	170	7	177	0.00002
Caproicibacter	2576755	G	158	8	166	0.00001
Ruminococcus	1263	G	146	5	151	0.00001
Pusillibacter	2892397	G	129	70	199	0.00002
Caproicibacterium	2834348	G	96	6	102	0.00001
Solibaculum	2842531	G	86	70	156	0.00001
Acetivibrio	35829	G	70	23	93	0.00001
Ruminiclostridium	1508657	G	39	7	46	0.00000
Pseudoclostridium	2304693	G	28	5	33	0.00000
Thermoclostridium	2304691	G	27	4	31	0.00000
Mageeibacillus	1637257	G	14	15	29	0.00000
Fastidiosipila	236752	G	12	5	17	0.00000
Monoglobus	2039302	G	10	4	14	0.00000
Thermaerobacter	73918	G	3973	251	4224	0.00036
Intestinimonas	1392389	G	262	83	345	0.00003
Aminipila	2060094	G	72	8	80	0.00001
Emergencia	1926556	G	71	23	94	0.00001
Mogibacterium	86331	G	22	3	25	0.00000
Flintibacter	1918454	G	169	18	187	0.00002
Massilistercora	2717089	G	93	80	173	0.00001
Carboxydocella	178898	G	81	6	87	0.00001
Fenollaria	1686313	G	11	6	17	0.00000
Clostridium	1485	G	3954	537	4491	0.00038
Hungatella	1649459	G	95	2	97	0.00001
Alkaliphilus	114627	G	94	12	106	0.00001
Crassaminicella	1848399	G	52	9	61	0.00001
Geosporobacter	390805	G	49	5	54	0.00000
Caloramator	44258	G	40	3	43	0.00000
Paraclostridium	1849822	G	27	6	33	0.00000
Serpentinicella	1890059	G	22	2	24	0.00000
Candidatus_Arthromitus	49082	G	15	0	15	0.00000
Hathewaya	1769729	G	15	3	18	0.00000
Symbiobacterium	2733	G	2234	165	2399	0.00020
Lachnoclostridium	1506553	G	271	119	390	0.00003
Blautia	572511	G	248	302	550	0.00005
Enterocloster	2719313	G	103	75	178	0.00002
Roseburia	841	G	100	64	164	0.00001
Anaerostipes	207244	G	92	21	113	0.00001
Anaerocolumna	1843210	G	88	2	90	0.00001
Lacrimispora	2719231	G	77	4	81	0.00001
Coprococcus	33042	G	61	40	101	0.00001
Butyrivibrio	830	G	50	5	55	0.00000
Anaerobutyricum	2569097	G	36	12	48	0.00000
Mediterraneibacter	2316020	G	32	31	63	0.00001
Sellimonas	1769710	G	27	12	39	0.00000
Herbinix	1663717	G	26	14	40	0.00000
Cellulosilyticum	698776	G	25	1	26	0.00000
Novisyntrophococcus	2888809	G	20	2	22	0.00000
Anaerotignum	2039240	G	19	1	20	0.00000
Lachnospira	28050	G	16	2	18	0.00000
Faecalicatena	2005359	G	15	6	21	0.00000
Dorea	189330	G	12	11	23	0.00000
Tyzzerella	1506577	G	10	0	10	0.00000
Candidatus_Desulforudis	471826	G	408	20	428	0.00004
Desulforamulus	2916693	G	182	38	220	0.00002
Acididesulfobacillus	2924872	G	130	4	134	0.00001
Candidatus_Formimonas	2840454	G	103	9	112	0.00001
Thermanaerosceptrum	2651578	G	63	8	71	0.00001
Desulfofarcimen	2282742	G	48	5	53	0.00000
Dehalobacterium	51514	G	29	5	34	0.00000
Christensenella	990721	G	585	215	800	0.00007
Heliomicrobium	2831443	G	469	198	667	0.00006
Heliorestis	79598	G	41	2	43	0.00000
Desulfosporosinus	79206	G	219	21	240	0.00002
Desulfitobacterium	36853	G	158	30	188	0.00002
Dehalobacter	56112	G	59	11	70	0.00001
Syntrophobotulus	51196	G	46	2	48	0.00000
Eubacterium	1730	G	234	50	284	0.00002
Acetobacterium	33951	G	101	11	112	0.00001
Alkalibacter	274470	G	47	2	49	0.00000
Clostridioides	1870884	G	66	5177	5243	0.00045
Romboutsia	1501226	G	50	11	61	0.00001
Peptoclostridium	1481960	G	40	5	45	0.00000
Tepidibacter	214904	G	27	4	31	0.00000
Paeniclostridium	1849828	G	20	3	23	0.00000
Terrisporobacter	1505652	G	19	1	20	0.00000
Acetoanaerobium	186831	G	16	1	17	0.00000
Peptacetobacter	2743582	G	14	2	16	0.00000
Syntrophothermus	129001	G	60	4	64	0.00001
Syntrophomonas	862	G	48	8	56	0.00000
Candidatus_Contubernalis	338648	G	30	1	31	0.00000
Candidatus_Syntrophocurvum	2293313	G	11	2	13	0.00000
Desulfoscipio	2867376	G	118	8	126	0.00001
Thermincola	278993	G	57	4	61	0.00001
Vallitalea	1348611	G	33	1	34	0.00000
Petrocella	2603323	G	14	1	15	0.00000
Desulfotomaculum	1562	G	43	14	57	0.00000
Alkalicella	2838170	G	30	3	33	0.00000
Caloranaerobacter	171003	G	24	2	26	0.00000
Moorella	44260	G	657	18	675	0.00006
Ammonifex	42837	G	312	9	321	0.00003
Gelria	189326	G	573	35	608	0.00005
Thermacetogenium	140458	G	249	191	440	0.00004
Thermoanaerobacter	1754	G	85	20	105	0.00001
Carboxydothermus	129957	G	72	5	77	0.00001
Thermanaeromonas	202949	G	49	1	50	0.00000
Caldanaerobacter	249529	G	36	29	65	0.00001
Caldicellulosiruptor	44000	G	89	12	101	0.00001
Thermoanaerobacterium	28895	G	60	18	78	0.00001
Mahella	252965	G	59	25	84	0.00001
Zhaonella	2748674	G	53	6	59	0.00001
Thermodesulfobium	227388	G	37	0	37	0.00000
Halanaerobium	2330	G	44	3	47	0.00000
Iocasia	2899804	G	37	3	40	0.00000
Halothermothrix	32636	G	27	4	31	0.00000
Anoxybacter	1769008	G	58	8	66	0.00001
Halobacteroides	42417	G	29	4	33	0.00000
Acetohalobium	28186	G	10	0	10	0.00000
Thermosediminibacter	291988	G	107	9	116	0.00001
Biomaibacter	2770094	G	65	4	69	0.00001
Tepidanaerobacter	499228	G	24	0	24	0.00000
Natranaerofaba	2807497	G	34	1	35	0.00000
Natranaerobius	375928	G	20	5	25	0.00000
Koleobacter	2786989	G	48	3	51	0.00000
Selenomonas	970	G	1785	81	1866	0.00016
Megamonas	158846	G	34	2	36	0.00000
Pectinatus	864	G	14	0	14	0.00000
Sporomusa	2375	G	108	13	121	0.00001
Methylomusa	2093783	G	84	5	89	0.00001
Pelosinus	365348	G	53	5	58	0.00000
Megasphaera	906	G	464	157	621	0.00005
Dialister	39948	G	59	0	59	0.00001
Veillonella	29465	G	53	5	58	0.00000
Acidaminococcus	904	G	173	19	192	0.00002
Phascolarctobacterium	33024	G	110	35	145	0.00001
Limnochorda	1676651	G	1568	54	1622	0.00014
Peptoniphilus	162289	G	95	27	122	0.00001
Murdochiella	1161127	G	39	27	66	0.00001
Anaerococcus	165779	G	35	15	50	0.00000
Finegoldia	150022	G	23	14	37	0.00000
Parvimonas	543311	G	14	18	32	0.00000
Keratinibaculum	1354809	G	32	11	43	0.00000
Schnuerera	2794837	G	24	3	27	0.00000
Tissierella	41273	G	21	2	23	0.00000
Gottschalkia	1505664	G	54	4	58	0.00000
Ezakiella	1582879	G	41	51	92	0.00001
Sedimentibacter	190972	G	18	1	19	0.00000
Allobaculum	174708	G	83	11	94	0.00001
Faecalibaculum	1729679	G	69	15	84	0.00001
Erysipelothrix	1647	G	56	6	62	0.00001
Erysipelatoclostridium	1505663	G	39	23	62	0.00001
Intestinibaculum	2679910	G	25	8	33	0.00000
Bulleidia	118747	G	10	14	24	0.00000
Turicibacter	191303	G	44	15	59	0.00001
Ndongobacter	1930845	G	39	57	96	0.00001
Deinococcus	1298	G	17575	946	18521	0.00157
Thermus	270	G	3095	244	3339	0.00028
Meiothermus	65551	G	1620	90	1710	0.00015
Oceanithermus	208447	G	1559	152	1711	0.00015
Marinithermus	186191	G	1017	173	1190	0.00010
Truepera	332248	G	1474	74	1548	0.00013
Synechococcus	1129	G	7642	847	8489	0.00072
Dactylococcopsis	13034	G	22	12	34	0.00000
Cyanobium	167375	G	1582	380	1962	0.00017
Parasynechococcus	2881427	G	123	38	161	0.00001
Prochlorococcus	1218	G	104	5	109	0.00001
Acaryochloris	155977	G	121	4	125	0.00001
Chamaesiphon	217161	G	103	7	110	0.00001
Synechocystis	1142	G	87	4	91	0.00001
Nostoc	1177	G	1530	287	1817	0.00015
Anabaena	1163	G	99	383	482	0.00004
Cylindrospermum	56106	G	67	8	75	0.00001
Trichormus	264688	G	33	33	66	0.00001
Richelia	98443	G	27	3	30	0.00000
Calothrix	1186	G	747	76	823	0.00007
Sphaerospermopsis	752201	G	159	33	192	0.00002
Dolichospermum	748770	G	108	354	462	0.00004
Nodularia	159191	G	98	15	113	0.00001
Anabaenopsis	110103	G	71	33	104	0.00001
Cylindrospermopsis	77021	G	17	0	17	0.00000
Scytonema	1203	G	267	37	304	0.00003
Brasilonema	383614	G	54	6	60	0.00001
Tolypothrix	111782	G	124	28	152	0.00001
Fischerella	1190	G	117	17	134	0.00001
Rivularia	373984	G	36	2	38	0.00000
Leptolyngbya	47251	G	1963	131	2094	0.00018
Kovacikia	1874526	G	193	25	218	0.00002
Leptothermofonsia	2917830	G	134	12	146	0.00001
Leptodesmis	2664261	G	121	13	134	0.00001
Thermoleptolyngbya	2303528	G	315	30	345	0.00003
Thermosynechococcus	146785	G	215	26	241	0.00002
Halomicronema	170610	G	194	10	204	0.00002
Pseudanabaena	1152	G	129	7	136	0.00001
Moorena	1155738	G	366	13	379	0.00003
Oscillatoria	1158	G	166	69	235	0.00002
Geitlerinema	63132	G	425	86	511	0.00004
Allocoleopsis	2886347	G	76	12	88	0.00001
Oxynema	1492710	G	168	20	188	0.00002
Microcoleus	44471	G	105	51	156	0.00001
Planktothrix	54304	G	45	6	51	0.00000
Koinonema	2023214	G	143	12	155	0.00001
Crinalium	241421	G	50	9	59	0.00001
Limnospira	2596745	G	39	2	41	0.00000
Microcystis	1125	G	261	125	386	0.00003
Halothece	76023	G	66	30	96	0.00001
Euhalothece	65097	G	18	3	21	0.00000
Gloeothece	28070	G	75	7	82	0.00001
Rippkaea	2546365	G	40	7	47	0.00000
Crocosphaera	263510	G	30	3	33	0.00000
Candidatus_Atelocyanobacterium	1453359	G	10	2	12	0.00000
Geminocystis	669357	G	96	28	124	0.00001
Chondrocystis	268175	G	66	14	80	0.00001
Gloeocapsa	102231	G	59	9	68	0.00001
Cyanobacterium	102234	G	21	15	36	0.00000
Gloeobacter	33071	G	2222	62	2284	0.00019
Anthocerotibacter	2857076	G	189	7	196	0.00002
Chroococcidiopsis	54298	G	266	60	326	0.00003
Pleurocapsa	44474	G	72	11	83	0.00001
Stanieria	102115	G	44	6	50	0.00000
Gloeomargarita	1188227	G	68	3	71	0.00001
Thermostichus	2881385	G	44	23	67	0.00001
Sphaerobacter	2056	G	6354	407	6761	0.00057
Thermomicrobium	499	G	1292	29	1321	0.00011
Roseiflexus	120961	G	3159	186	3345	0.00028
Chloroflexus	1107	G	1243	52	1295	0.00011
Tepidiforma	2682228	G	3322	129	3451	0.00029
Candidatus_Promineofilum	1988031	G	2650	48	2698	0.00023
Caldilinea	233191	G	1435	103	1538	0.00013
Anaerolinea	233189	G	572	60	632	0.00005
Pelolinea	1649478	G	417	20	437	0.00004
Brevefilum	2019482	G	229	8	237	0.00002
Dehalogenimonas	670486	G	551	27	578	0.00005
Dehalococcoides	61434	G	283	14	297	0.00003
Thermobaculum	262406	G	589	81	670	0.00006
Ktedonosporobacter	2692417	G	582	19	601	0.00005
Phototrophicus	2922426	G	478	5	483	0.00004
Fimbriimonas	1005038	G	1283	6	1289	0.00011
Chthonomonas	1077265	G	307	2	309	0.00003
Mycoplasma	2093	G	132	91	223	0.00002
Mycoplasmopsis	2767358	G	52	9	61	0.00001
Mesomycoplasma	2923352	G	11	0	11	0.00000
Spiroplasma	2132	G	70	3	73	0.00001
Mesoplasma	46239	G	17	4	21	0.00000
Candidatus_Phytoplasma	33926	G	27	2	29	0.00000
Acholeplasma	2147	G	24	3	27	0.00000
Paracholeplasma	2903107	G	11	5	16	0.00000
Metamycoplasma	2895509	G	14	4	18	0.00000
Malacoplasma	2791001	G	10	0	10	0.00000
Gemmata	113	G	31323	3583	34906	0.00297
Urbifossiella	2807415	G	29070	2525	31595	0.00269
Frigoriglobus	2774146	G	17518	2749	20267	0.00172
Limnoglobus	2731450	G	12858	607	13465	0.00114
Tuwongella	2051044	G	1174	52	1226	0.00010
Telmatocola	1382832	G	952	9	961	0.00008
Tautonia	2680020	G	25767	2270	28037	0.00238
Aquisphaera	1511635	G	12270	2166	14436	0.00123
Paludisphaera	1763521	G	7781	1819	9600	0.00082
Singulisphaera	466152	G	5542	868	6410	0.00054
Isosphaera	127	G	1457	111	1568	0.00013
Lacipirellula	2691417	G	13915	1083	14998	0.00127
Pirellulimonas	2795783	G	5390	664	6054	0.00051
Botrimarina	2795782	G	4336	459	4795	0.00041
Aeoliella	2795781	G	1613	154	1767	0.00015
Adhaeretor	2862451	G	959	110	1069	0.00009
Bythopirellula	1400386	G	798	67	865	0.00007
Anatilimnocola	2807414	G	3499	451	3950	0.00034
Lignipirellula	2795775	G	3351	454	3805	0.00032
Stieleria	2795973	G	3098	399	3497	0.00030
Rosistilla	2795779	G	2948	243	3191	0.00027
Pirellula	123	G	2328	90	2418	0.00021
Bremerella	2714594	G	2321	199	2520	0.00021
Roseimaritima	1579506	G	1783	134	1917	0.00016
Rubripirellula	1579505	G	757	169	926	0.00008
Mariniblastus	2005380	G	526	11	537	0.00005
Aureliella	2795605	G	512	48	560	0.00005
Rhodopirellula	265488	G	510	40	550	0.00005
Thermogutta	1676125	G	541	19	560	0.00005
Planctomyces	118	G	14235	3575	17810	0.00151
Caulifigura	2795778	G	5011	371	5382	0.00046
Gimesia	1649453	G	4723	296	5019	0.00043
Maioricimonas	2795777	G	4210	619	4829	0.00041
Alienimonas	2714737	G	3886	319	4205	0.00036
Symmachiella	2795780	G	1530	105	1635	0.00014
Rubinisphaera	1649490	G	933	107	1040	0.00009
Calycomorphotria	2795776	G	915	39	954	0.00008
Planctopirus	1649480	G	849	37	886	0.00008
Fuerstiella	1936111	G	788	16	804	0.00007
Crateriforma	2714592	G	702	161	863	0.00007
Polystyrenella	2795774	G	336	34	370	0.00003
Thalassoglobus	2795865	G	312	19	331	0.00003
Humisphaera	2807511	G	8766	223	8989	0.00076
Phycisphaera	666508	G	2955	250	3205	0.00027
Mucisphaera	2913022	G	1624	105	1729	0.00015
Poriferisphaera	2803301	G	169	1	170	0.00001
Anaerohalosphaera	2690159	G	277	13	290	0.00002
Limihaloglobus	2690160	G	103	8	111	0.00001
Sedimentisphaera	2483368	G	87	40	127	0.00001
Candidatus_Kuenenia	380738	G	107	0	107	0.00001
Candidatus_Uabimicrobium	2897349	G	69	1	70	0.00001
Opitutus	178440	G	18873	1728	20601	0.00175
Nibricoccus	2576890	G	6332	321	6653	0.00057
Lacunisphaera	1961799	G	6084	1013	7097	0.00060
Oleiharenicola	2100741	G	4420	269	4689	0.00040
Ereboglobus	2028344	G	2792	148	2940	0.00025
Ruficoccus	2175957	G	722	89	811	0.00007
Coraliomargarita	442430	G	208	5	213	0.00002
Roseimicrobium	1348508	G	7794	213	8007	0.00068
Verrucomicrobium	2735	G	3948	267	4215	0.00036
Luteolibacter	518753	G	3287	102	3389	0.00029
Sulfuriroseicoccus	2911469	G	440	36	476	0.00004
Akkermansia	239934	G	1058	70	1128	0.00010
Methylacidimicrobium	1541670	G	870	75	945	0.00008
Candidatus_Xiphinematobacter	134550	G	133	9	142	0.00001
Methylacidiphilum	511745	G	87	3	90	0.00001
Kiritimatiella	1921784	G	641	762	1403	0.00012
Tichowtungia	2907187	G	223	9	232	0.00002
Candidatus_Protochlamydia	282132	G	85	13	98	0.00001
Parachlamydia	83551	G	62	11	73	0.00001
Neochlamydia	112987	G	28	3	31	0.00000
Waddlia	71666	G	36	3	39	0.00000
Simkania	34093	G	32	1	33	0.00000
Candidatus_Rhabdochlamydia	292833	G	32	1	33	0.00000
Chlamydia	810	G	61	28	89	0.00001
Candidatus_Velamenicoccus	2789201	G	196	0	196	0.00002
Hymenobacter	89966	G	15285	637	15922	0.00135
Pontibacter	323449	G	7658	765	8423	0.00072
Rufibacter	1379908	G	842	179	1021	0.00009
Adhaeribacter	299566	G	474	32	506	0.00004
Nibribacter	1649474	G	215	114	329	0.00003
Dyadobacter	120831	G	2838	171	3009	0.00026
Fibrella	861914	G	851	58	909	0.00008
Runella	105	G	630	22	652	0.00006
Larkinella	332157	G	223	14	237	0.00002
Leadbetterella	319458	G	95	54	149	0.00001
Arcticibacterium	2173039	G	52	3	55	0.00000
Spirosoma	107	G	3285	154	3439	0.00029
Cytophaga	978	G	670	56	726	0.00006
Rhodocytophaga	455076	G	316	10	326	0.00003
Aquirufa	2676247	G	110	15	125	0.00001
Chryseolinea	1433993	G	1767	53	1820	0.00015
Fulvivirga	396811	G	486	26	512	0.00004
Echinicola	390846	G	587	97	684	0.00006
Algoriphagus	246875	G	293	39	332	0.00003
Cyclobacterium	68288	G	100	13	113	0.00001
Aquiflexum	280472	G	91	14	105	0.00001
Mongoliitalea	1511649	G	73	7	80	0.00001
Belliella	232244	G	71	36	107	0.00001
Flammeovirga	59739	G	126	9	135	0.00001
Mangrovivirga	2858886	G	90	6	96	0.00001
Candidatus_Cardinium	273135	G	41	7	48	0.00000
Candidatus_Amoebophilus	281119	G	39	1	40	0.00000
Marivirga	869806	G	69	23	92	0.00001
Bernardetia	1937972	G	37	3	40	0.00000
Flavobacterium	237	G	10723	1261	11984	0.00102
Capnocytophaga	1016	G	442	54	496	0.00004
Polaribacter	52959	G	422	60	482	0.00004
Gramella	292691	G	399	61	460	0.00004
Muricauda	111500	G	387	76	463	0.00004
Nonlabens	363408	G	268	36	304	0.00003
Winogradskyella	286104	G	261	65	326	0.00003
Robiginitalea	252306	G	218	12	230	0.00002
Maribacter	252356	G	211	55	266	0.00002
Antarcticibacterium	2058174	G	210	30	240	0.00002
Tenacibaculum	104267	G	172	31	203	0.00002
Formosa	225842	G	169	30	199	0.00002
Myroides	76831	G	154	54	208	0.00002
Aequorivita	153265	G	153	6	159	0.00001
Salegentibacter	143222	G	148	78	226	0.00002
Cellulophaga	104264	G	147	28	175	0.00001
Aquimarina	290174	G	127	7	134	0.00001
Kordia	221065	G	124	8	132	0.00001
Sinomicrobium	1434045	G	121	4	125	0.00001
Zunongwangia	417127	G	97	70	167	0.00001
Dokdonia	326319	G	96	8	104	0.00001
Algibacter	261827	G	89	28	117	0.00001
Lutibacter	358023	G	74	7	81	0.00001
Lacinutrix	291183	G	73	19	92	0.00001
Tamlana	393005	G	70	11	81	0.00001
Arenibacter	178469	G	67	22	89	0.00001
Seonamhaeicola	1649495	G	65	11	76	0.00001
Flagellimonas	444459	G	64	4	68	0.00001
Leeuwenhoekiella	283735	G	63	13	76	0.00001
Aggregatimonas	2913017	G	55	2	57	0.00000
Psychroflexus	83612	G	54	4	58	0.00000
Pukyongia	2831916	G	54	3	57	0.00000
Euzebyella	1287916	G	53	29	82	0.00001
Constantimarinum	2907134	G	53	5	58	0.00000
Muriicola	762641	G	52	3	55	0.00000
Mariniflexile	527198	G	51	4	55	0.00000
Zhouia	561555	G	48	11	59	0.00001
Zobellia	112040	G	45	2	47	0.00000
Sediminicola	389486	G	44	4	48	0.00000
Aegicerativicinus	2893197	G	43	2	45	0.00000
Galbibacter	379068	G	43	4	47	0.00000
Olleya	336276	G	40	37	77	0.00001
Gilvibacter	379070	G	39	5	44	0.00000
Amniculibacterium	2715289	G	37	37	74	0.00001
Sabulilitoribacter	1573059	G	37	8	45	0.00000
Mesoflavibacter	444051	G	32	5	37	0.00000
Changchengzhania	2049301	G	32	4	36	0.00000
Gillisia	244698	G	31	43	74	0.00001
Flavivirga	1209327	G	30	2	32	0.00000
Wenyingzhuangia	1518147	G	30	5	35	0.00000
Siansivirga	1204360	G	30	7	37	0.00000
Costertonia	343334	G	26	5	31	0.00000
Croceibacter	216431	G	22	4	26	0.00000
Urechidicola	2700084	G	20	11	31	0.00000
Oceanihabitans	2045416	G	19	8	27	0.00000
Bizionia	283785	G	17	3	20	0.00000
Marixanthomonas	387658	G	17	5	22	0.00000
Chryseobacterium	59732	G	4939	1109	6048	0.00051
Kaistella	2782231	G	279	37	316	0.00003
Epilithonimonas	2782229	G	71	78	149	0.00001
Elizabethkingia	308865	G	217	69	286	0.00002
Empedobacter	59734	G	98	42	140	0.00001
Cloacibacterium	501783	G	81	43	124	0.00001
Cruoricaptor	1433995	G	78	12	90	0.00001
Apibacter	1778601	G	72	5	77	0.00001
Ornithobacterium	28250	G	63	62	125	0.00001
Riemerella	34084	G	40	18	58	0.00000
Faecalibacter	2766734	G	33	5	38	0.00000
Weeksella	1013	G	29	16	45	0.00000
Bergeyella	59735	G	26	5	31	0.00000
Fluviicola	332102	G	724	43	767	0.00007
Crocinitomix	246873	G	67	2	69	0.00001
Blattabacterium	34098	G	198	17	215	0.00002
Owenweeksia	267986	G	76	6	82	0.00001
Croceimicrobium	2828338	G	62	15	77	0.00001
Candidatus_Sulcia	336809	G	25	6	31	0.00000
Candidatus_Walczuchella	1940138	G	10	2	12	0.00000
Ichthyobacterium	1755829	G	10	0	10	0.00000
Chitinophaga	79328	G	4204	282	4486	0.00038
Flavisolibacter	398041	G	2938	290	3228	0.00027
Niastella	354354	G	2705	316	3021	0.00026
Pseudocnuella	2812019	G	1801	240	2041	0.00017
Lacibacter	649461	G	1440	73	1513	0.00013
Paraflavitalea	2698688	G	1270	107	1377	0.00012
Flavihumibacter	1004301	G	1141	73	1214	0.00010
Pseudobacter	1860196	G	1123	108	1231	0.00010
Niabella	379899	G	814	67	881	0.00007
Arachidicoccus	1769012	G	656	106	762	0.00006
Phnomibacter	2836216	G	564	74	638	0.00005
Ferruginibacter	1004303	G	497	33	530	0.00005
Filimonas	649460	G	436	57	493	0.00004
Panacibacter	1874621	G	414	20	434	0.00004
Alistipes	239759	G	3284	1227	4511	0.00038
Prevotella	838	G	1379	181	1560	0.00013
Paraprevotella	577309	G	60	61	121	0.00001
Pseudoprevotella	2884814	G	50	7	57	0.00000
Bacteroides	816	G	1200	654	1854	0.00016
Phocaeicola	909656	G	205	113	318	0.00003
Tannerella	195950	G	414	23	437	0.00004
Parabacteroides	375288	G	347	248	595	0.00005
Sodaliphilus	2815786	G	185	105	290	0.00002
Duncaniella	2518495	G	184	4	188	0.00002
Muribaculum	1918540	G	134	10	144	0.00001
Porphyromonas	836	G	475	52	527	0.00004
Proteiniphilum	294702	G	111	7	118	0.00001
Petrimonas	307628	G	102	7	109	0.00001
Dysgonomonas	156973	G	36	0	36	0.00000
Barnesiella	397864	G	125	186	311	0.00003
Coprobacter	1348911	G	28	28	56	0.00000
Butyricimonas	574697	G	75	29	104	0.00001
Odoribacter	283168	G	42	37	79	0.00001
Paludibacter	346096	G	54	1	55	0.00000
Tenuifilum	2760873	G	40	0	40	0.00000
Salinivirga	1970191	G	39	0	39	0.00000
Draconibacterium	1471399	G	143	12	155	0.00001
Maribellus	2678352	G	74	7	81	0.00001
Alkalitalea	1193324	G	57	5	62	0.00001
Labilibaculum	2060722	G	53	4	57	0.00000
Mucilaginibacter	423349	G	3499	284	3783	0.00032
Sphingobacterium	28453	G	1990	819	2809	0.00024
Pedobacter	84567	G	1969	169	2138	0.00018
Anseongella	1773450	G	535	23	558	0.00005
Olivibacter	376469	G	391	34	425	0.00004
Solitalea	929509	G	258	22	280	0.00002
Pseudopedobacter	1649482	G	99	104	203	0.00002
Rhodocaloribacter	2893090	G	3798	343	4141	0.00035
Rhodothermus	29548	G	3000	148	3148	0.00027
Salinibacter	146918	G	1901	25	1926	0.00016
Haliscomenobacter	2349	G	441	5	446	0.00004
Saprospira	1007	G	53	1	54	0.00000
Candidatus_Sulfidibacterium	2923290	G	71	2	73	0.00001
Chlorobaculum	256319	G	1297	76	1373	0.00012
Pelodictyon	1099	G	303	45	348	0.00003
Chlorobium	1091	G	265	29	294	0.00003
Prosthecochloris	1101	G	505	36	541	0.00005
Chloroherpeton	100715	G	139	2	141	0.00001
Candidatus_Cyclonatronum	2489367	G	188	16	204	0.00002
Melioribacter	1134403	G	80	6	86	0.00001
Ignavibacterium	795750	G	65	6	71	0.00001
Gemmatirosa	1706036	G	59585	4875	64460	0.00548
Gemmatimonas	173479	G	15493	383	15876	0.00135
Fibrobacter	832	G	118	1	119	0.00001
Candidatus_Cloacimonas	456826	G	69	1	70	0.00001
Luteitalea	2004797	G	51568	2497	54065	0.00459
Granulicella	940557	G	5253	554	5807	0.00049
Terriglobus	392733	G	3273	421	3694	0.00031
Acidobacterium	33973	G	2451	212	2663	0.00023
Candidatus_Koribacter	658061	G	2196	73	2269	0.00019
Edaphobacter	388463	G	1380	182	1562	0.00013
Acidisarcina	2608728	G	804	61	865	0.00007
Paludibaculum	1649475	G	4332	116	4448	0.00038
Chloracidobacterium	458032	G	1918	52	1970	0.00017
Sulfidibacter	2915177	G	1351	22	1373	0.00012
Thermotomaculum	1172428	G	48	2	50	0.00000
Nitrospira	1234	G	10706	135	10841	0.00092
Leptospirillum	179	G	257	5	262	0.00002
Dissulfurispira	2811506	G	54	2	56	0.00000
Thermodesulfovibrio	28261	G	41	0	41	0.00000
Spirochaeta	146	G	564	13	577	0.00005
Salinispira	1616789	G	48	1	49	0.00000
Sediminispirochaeta	1911556	G	47	1	48	0.00000
Oceanispirochaeta	2035349	G	28	1	29	0.00000
Thiospirochaeta	2792240	G	15	0	15	0.00000
Treponema	157	G	659	65	724	0.00006
Sphaerochaeta	399320	G	183	7	190	0.00002
Borrelia	138	G	42	9	51	0.00000
Borreliella	64895	G	15	18	33	0.00000
Breznakiella	2845254	G	80	4	84	0.00001
Leptospira	171	G	325	51	376	0.00003
Turneriella	338321	G	307	2	309	0.00003
Brachyspira	29521	G	42	0	42	0.00000
Pyramidobacter	638847	G	403	18	421	0.00004
Fretibacterium	1434006	G	375	4	379	0.00003
Aminomonas	81411	G	338	28	366	0.00003
Thermanaerovibrio	81461	G	272	40	312	0.00003
Cloacibacillus	508459	G	237	38	275	0.00002
Jonquetella	428711	G	163	20	183	0.00002
Acetomicrobium	49894	G	47	1	48	0.00000
Aminobacterium	81466	G	31	1	32	0.00000
Thermovirga	336260	G	22	14	36	0.00000
Candidatus_Bipolaricaulis	2250122	G	386	13	399	0.00003
Candidatus_Nanosynbacter	2093823	G	157	101	258	0.00002
Candidatus_Saccharimonas	1331051	G	97	1	98	0.00001
Candidatus_Chazhemtobacterium	2715734	G	36	0	36	0.00000
Candidatus_Absconditicoccus	2900570	G	21	0	21	0.00000
Candidatus_Babela	1551504	G	11	0	11	0.00000
Thermotoga	2335	G	141	13	154	0.00001
Pseudothermotoga	1643951	G	62	6	68	0.00001
Fervidobacterium	2422	G	59	17	76	0.00001
Thermosipho	2420	G	37	6	43	0.00000
Mesotoga	1184396	G	53	2	55	0.00000
Kosmotoga	651456	G	36	3	39	0.00000
Marinitoga	160798	G	15	14	29	0.00000
Athalassotoga	1769718	G	35	0	35	0.00000
Thermocrinis	75905	G	70	11	81	0.00001
Hydrogenobacter	939	G	29	3	32	0.00000
Aquifex	2713	G	15	1	16	0.00000
Sulfurihydrogenibium	212790	G	43	7	50	0.00000
Persephonella	182899	G	36	4	40	0.00000
Thermosulfidibacter	412592	G	60	2	62	0.00001
Thermovibrio	171868	G	65	11	76	0.00001
Desulfurobacterium	64159	G	27	4	31	0.00000
Thermosulfurimonas	1522431	G	96	13	109	0.00001
Thermodesulfatator	241192	G	51	6	57	0.00000
Thermodesulfobacterium	1740	G	47	9	56	0.00000
Thermosulfuriphilus	2033601	G	47	1	48	0.00000
Caldimicrobium	444090	G	15	2	17	0.00000
Caldithrix	187144	G	249	2	251	0.00002
Fusobacterium	848	G	120	30	150	0.00001
Ilyobacter	167639	G	11	0	11	0.00000
Leptotrichia	32067	G	48	12	60	0.00001
Geovibrio	46200	G	57	14	71	0.00001
Calditerrivibrio	545865	G	33	5	38	0.00000
Flexistipes	2351	G	27	3	30	0.00000
Deferribacter	53572	G	22	4	26	0.00000
Denitrovibrio	117999	G	14	2	16	0.00000
Desulfurispirillum	393029	G	146	55	201	0.00002
Endomicrobium	1408194	G	59	1	60	0.00001
Elusimicrobium	423604	G	59	0	59	0.00001
Dictyoglomus	13	G	78	0	78	0.00001
Coprothermobacter	68335	G	53	8	61	0.00001
Caldisericum	693074	G	48	0	48	0.00000
Atribacter	2847777	G	34	0	34	0.00000
Fusarium	5506	G	22835	1871	24706	0.00210
Beauveria	5581	G	3587	181	3768	0.00032
Cordyceps	45234	G	738	64	802	0.00007
Trichoderma	5543	G	4327	282	4609	0.00039
Metarhizium	5529	G	2320	379	2699	0.00023
Ustilaginoidea	124426	G	721	48	769	0.00007
Pochonia	243023	G	219	20	239	0.00002
Purpureocillium	1052105	G	1056	114	1170	0.00010
Drechmeria	98402	G	798	56	854	0.00007
Clonostachys	110564	G	364	36	400	0.00003
Colletotrichum	5455	G	1039	297	1336	0.00011
Thermothelomyces	1920207	G	11829	874	12703	0.00108
Thermothielavioides	2609811	G	10703	1077	11780	0.00100
Neurospora	5140	G	6642	484	7126	0.00061
Pyricularia	48558	G	1250	14	1264	0.00011
Neopestalotiopsis	1562158	G	749	10	759	0.00006
Botrytis	33196	G	2283	17	2300	0.00020
Aspergillus	5052	G	5471	321	5792	0.00049
Penicillium	5073	G	492	24	516	0.00004
Paecilomyces	33202	G	237	10	247	0.00002
Talaromyces	5094	G	131	9	140	0.00001
Ampelomyces	50729	G	361	44	405	0.00003
Paraphaeosphaeria	125369	G	337	133	470	0.00004
Zymoseptoria	1047167	G	181	4	185	0.00002
Cercospora	29002	G	158	1	159	0.00001
Eremothecium	33170	G	110	80	190	0.00002
Tetrapisispora	113604	G	67	3	70	0.00001
Kluyveromyces	4910	G	49	6	55	0.00000
Naumovozyma	278028	G	47	3	50	0.00000
Saccharomyces	4930	G	45	3	48	0.00000
Kazachstania	71245	G	44	2	46	0.00000
Lachancea	300275	G	42	3	45	0.00000
Torulaspora	4948	G	29	2	31	0.00000
Nakaseomyces	374468	G	25	1	26	0.00000
Zygosaccharomyces	4953	G	19	1	20	0.00000
Zygotorulaspora	1196389	G	16	2	18	0.00000
Brettanomyces	13366	G	83	3	86	0.00001
Pichia	4919	G	46	2	48	0.00000
Ogataea	461281	G	42	1	43	0.00000
Candida	1535326	G	102	3	105	0.00001
Debaryomyces	4958	G	16	0	16	0.00000
Scheffersomyces	766733	G	15	0	15	0.00000
Yarrowia	4951	G	103	1	104	0.00001
Sugiyamaella	410829	G	59	5	64	0.00001
Saccharomycodes	36034	G	18	3	21	0.00000
Komagataella	460517	G	11	0	11	0.00000
Schizosaccharomyces	4895	G	106	4	110	0.00001
Pseudozyma	63298	G	963	6	969	0.00008
Ustilago	5269	G	294	7	301	0.00003
Sporisorium	63265	G	270	35	305	0.00003
Malassezia	55193	G	95	14	109	0.00001
Phlebiopsis	82309	G	267	3	270	0.00002
Rhizoctonia	1322061	G	144	4	148	0.00001
Marasmius	34448	G	50	2	52	0.00000
Cryptococcus	5206	G	106	13	119	0.00001
Encephalitozoon	6033	G	22	0	22	0.00000
Phytophthora	4783	G	10688	244	10932	0.00093
Pythium	4797	G	224	3	227	0.00002
