name	taxonomy_id	taxonomy_lvl	kraken_assigned_reads	added_reads	new_est_reads	fraction_total_reads
Streptomyces	1883	G	1292905	253005	1545910	0.12540
Kitasatospora	2063	G	15227	4770	19997	0.00162
Streptacidiphilus	228398	G	12021	3105	15126	0.00123
Yinghuangia	2805681	G	4852	724	5576	0.00045
Microbacterium	33882	G	100709	17671	118380	0.00960
Agromyces	33877	G	29601	7295	36896	0.00299
Curtobacterium	2034	G	18386	3778	22164	0.00180
Rathayibacter	33886	G	16378	3848	20226	0.00164
Leucobacter	55968	G	13239	2285	15524	0.00126
Leifsonia	110932	G	13230	6147	19377	0.00157
Agrococcus	46352	G	12630	3501	16131	0.00131
Clavibacter	1573	G	12558	7781	20339	0.00165
Protaetiibacter	2680004	G	6410	1995	8405	0.00068
Salinibacterium	235888	G	4863	803	5666	0.00046
Cryobacterium	69578	G	4069	575	4644	0.00038
Frondihabitans	447237	G	3667	598	4265	0.00035
Microcella	337004	G	3077	1122	4199	0.00034
Plantibacter	190323	G	3073	404	3477	0.00028
Microterricola	518733	G	3022	763	3785	0.00031
Cnuibacter	1759331	G	2304	520	2824	0.00023
Gryllotalpicola	1195526	G	2271	446	2717	0.00022
Herbiconiux	881616	G	2151	445	2596	0.00021
Frigoribacterium	96492	G	2068	630	2698	0.00022
Mycetocola	76634	G	2005	238	2243	0.00018
Subtercola	120212	G	1791	143	1934	0.00016
Chryseoglobus	1331730	G	1781	382	2163	0.00018
Humibacter	427753	G	1778	411	2189	0.00018
Amnibacterium	1029631	G	1697	421	2118	0.00017
Gulosibacter	256818	G	1503	443	1946	0.00016
Marisediminicola	1230698	G	1468	185	1653	0.00013
Diaminobutyricimonas	1433997	G	1107	212	1319	0.00011
Glaciihabitans	1649454	G	958	78	1036	0.00008
Agreia	110934	G	932	113	1045	0.00008
Rhodoluna	529883	G	167	7	174	0.00001
Aquiluna	529881	G	161	6	167	0.00001
Pseudoclavibacter	255204	G	233	44	277	0.00002
Aurantimicrobium	1705353	G	148	6	154	0.00001
Pontimonas	1434032	G	100	4	104	0.00001
Arthrobacter	1663	G	51039	10717	61756	0.00501
Kocuria	57493	G	12601	3659	16260	0.00132
Pseudarthrobacter	1742993	G	9239	2833	12072	0.00098
Micrococcus	1269	G	5710	4020	9730	0.00079
Sinomonas	596707	G	5171	1330	6501	0.00053
Glutamicibacter	1742989	G	3690	1008	4698	0.00038
Paenarthrobacter	1742992	G	3604	1704	5308	0.00043
Rothia	32207	G	2478	1015	3493	0.00028
Citricoccus	169133	G	2178	575	2753	0.00022
Nesterenkonia	57494	G	705	43	748	0.00006
Paeniglutamicibacter	1742990	G	389	54	443	0.00004
Psychromicrobium	2078575	G	273	29	302	0.00002
Neomicrococcus	1868332	G	249	82	331	0.00003
Auritidibacter	1160973	G	176	18	194	0.00002
Renibacterium	1645	G	155	8	163	0.00001
Cellulomonas	1707	G	47748	17526	65274	0.00529
Actinotalea	458839	G	3041	1195	4236	0.00034
Oerskovia	162491	G	2406	836	3242	0.00026
Pseudactinotalea	1926259	G	2179	336	2515	0.00020
Paraoerskovia	665568	G	1674	467	2141	0.00017
Janibacter	53457	G	8827	2758	11585	0.00094
Phycicoccus	367298	G	7635	2331	9966	0.00081
Pedococcus	2805645	G	4663	1472	6135	0.00050
Tetrasphaera	99479	G	3745	1041	4786	0.00039
Intrasporangium	53357	G	3538	961	4499	0.00036
Arsenicicoccus	267408	G	2911	1189	4100	0.00033
Cellulosimicrobium	157920	G	16132	7429	23561	0.00191
Xylanimonas	186188	G	8076	2794	10870	0.00088
Isoptericola	254250	G	6092	3013	9105	0.00074
Ornithinimicrobium	125287	G	11324	2481	13805	0.00112
Serinicoccus	265976	G	8596	2449	11045	0.00090
Georgenia	154116	G	16611	5037	21648	0.00176
Brachybacterium	43668	G	14382	2437	16819	0.00136
Dermabacter	36739	G	1030	606	1636	0.00013
Devriesea	472568	G	262	14	276	0.00002
Brevibacterium	1696	G	14647	3089	17736	0.00144
Dermacoccus	57495	G	3540	1343	4883	0.00040
Luteipulveratus	745364	G	2421	360	2781	0.00023
Allobranchiibius	2040262	G	2041	477	2518	0.00020
Yimella	908935	G	1315	274	1589	0.00013
Ruania	626119	G	9039	1142	10181	0.00083
Pengzhenrongella	2888818	G	3765	1120	4885	0.00040
Luteimicrobium	754249	G	3089	1037	4126	0.00033
Beutenbergia	84756	G	3879	702	4581	0.00037
Miniimonas	947525	G	2608	1523	4131	0.00034
Sanguibacter	60919	G	4476	1449	5925	0.00048
Gephyromycinifex	2885697	G	976	113	1089	0.00009
Austwickia	1184606	G	767	59	826	0.00007
Dermatophilus	1862	G	199	17	216	0.00002
Kytococcus	57499	G	1864	716	2580	0.00021
Demequina	577469	G	745	60	805	0.00007
Jonesia	43673	G	91	16	107	0.00001
Tropheryma	2038	G	35	0	35	0.00000
Mycolicibacterium	1866885	G	157344	27892	185236	0.01503
Mycobacterium	1763	G	147462	31373	178835	0.01451
Mycolicibacter	1073531	G	8015	2716	10731	0.00087
Mycobacteroides	670516	G	5976	1370	7346	0.00060
Mycolicibacillus	2126281	G	1549	392	1941	0.00016
Hoyosella	697025	G	732	34	766	0.00006
Nocardia	1817	G	69575	12440	82015	0.00665
Rhodococcus	1827	G	68431	20862	89293	0.00724
Corynebacterium	1716	G	40219	8194	48413	0.00393
Gordonia	2053	G	30841	6387	37228	0.00302
Skermania	59613	G	1570	174	1744	0.00014
Tsukamurella	2060	G	10077	2461	12538	0.00102
Dietzia	37914	G	6253	1314	7567	0.00061
Tomitella	741759	G	3768	734	4502	0.00037
Segniliparus	286801	G	929	49	978	0.00008
Lawsonella	1847725	G	162	16	178	0.00001
Nocardioides	1839	G	276310	60462	336772	0.02732
Aeromicrobium	2040	G	20452	4149	24601	0.00200
Pimelobacter	2044	G	5196	2154	7350	0.00060
Marmoricola	86795	G	5191	2125	7316	0.00059
Friedmanniella	53387	G	4015	857	4872	0.00040
Mumia	1546255	G	3340	610	3950	0.00032
Micropruina	116071	G	1781	269	2050	0.00017
Microlunatus	29404	G	12688	1527	14215	0.00115
Tessaracoccus	72763	G	11898	6867	18765	0.00152
Brevilactibacter	2717325	G	4709	1872	6581	0.00053
Propionibacterium	1743	G	4095	1402	5497	0.00045
Acidipropionibacterium	1912215	G	3950	1513	5463	0.00044
Cutibacterium	1912216	G	3439	803	4242	0.00034
Auraticoccus	1278221	G	2831	526	3357	0.00027
Arachnia	2801844	G	1836	130	1966	0.00016
Raineyella	1911549	G	1722	225	1947	0.00016
Vaginimicrobium	2919589	G	70	25	95	0.00001
Kribbella	182639	G	12301	1923	14224	0.00115
Actinopolymorpha	117156	G	5843	678	6521	0.00053
Micromonospora	1873	G	145014	38014	183028	0.01485
Actinoplanes	1865	G	113347	23559	136906	0.01111
Phytohabitans	907364	G	18916	2501	21417	0.00174
Couchioplanes	56433	G	17032	4418	21450	0.00174
Plantactinospora	673534	G	15761	2878	18639	0.00151
Dactylosporangium	35753	G	15004	1679	16683	0.00135
Actinocatenispora	390988	G	11692	1438	13130	0.00107
Catellatospora	53365	G	9195	2033	11228	0.00091
Polymorphospora	338583	G	8384	1876	10260	0.00083
Natronosporangium	2920401	G	3799	256	4055	0.00033
Verrucosispora	84593	G	2636	2125	4761	0.00039
Salinispora	168694	G	2289	384	2673	0.00022
Amycolatopsis	1813	G	104735	19768	124503	0.01010
Pseudonocardia	1847	G	76981	14040	91021	0.00738
Saccharomonospora	1851	G	54943	10989	65932	0.00535
Saccharopolyspora	1835	G	21853	5002	26855	0.00218
Saccharothrix	2071	G	19382	5300	24682	0.00200
Lentzea	165301	G	17788	3640	21428	0.00174
Kutzneria	43356	G	13427	2749	16176	0.00131
Actinoalloteichus	65496	G	7384	692	8076	0.00066
Actinosynnema	40566	G	7021	1894	8915	0.00072
Kibdelosporangium	2029	G	5672	673	6345	0.00051
Allokutzneria	1137960	G	5520	1300	6820	0.00055
Alloactinosynnema	674734	G	3946	856	4802	0.00039
Prauserella	142577	G	2782	242	3024	0.00025
Allosaccharopolyspora	2893576	G	2231	465	2696	0.00022
Actinomadura	1988	G	90215	16652	106867	0.00867
Thermomonospora	2019	G	75641	21517	97158	0.00788
Nonomuraea	83681	G	74995	13096	88091	0.00715
Streptosporangium	2000	G	22791	4311	27102	0.00220
Thermobispora	147067	G	6155	1407	7562	0.00061
Nocardiopsis	2013	G	15527	3145	18672	0.00151
Thermobifida	83677	G	7516	1509	9025	0.00073
Streptomonospora	104204	G	3656	721	4377	0.00036
Spiractinospora	2913367	G	2270	151	2421	0.00020
Blastococcus	38501	G	32111	9621	41732	0.00339
Modestobacter	88138	G	25636	8088	33724	0.00274
Geodermatophilus	1860	G	23406	8023	31429	0.00255
Actinomyces	1654	G	18173	2444	20617	0.00167
Schaalia	2529408	G	2431	404	2835	0.00023
Flaviflexus	1522056	G	1514	340	1854	0.00015
Trueperella	1069494	G	1178	314	1492	0.00012
Nanchangia	2888879	G	659	67	726	0.00006
Pauljensenia	2740557	G	639	240	879	0.00007
Actinotignum	1653174	G	273	16	289	0.00002
Actinobaculum	76833	G	253	14	267	0.00002
Arcanobacterium	28263	G	180	45	225	0.00002
Mobiluncus	2050	G	149	37	186	0.00002
Changpingibacter	2912996	G	145	42	187	0.00002
Varibaculum	184869	G	67	18	85	0.00001
Boudabousia	2767318	G	49	3	52	0.00000
Fannyhessea	2767327	G	44	12	56	0.00000
Frankia	1854	G	24729	2363	27092	0.00220
Jiangella	281472	G	14607	2577	17184	0.00139
Bifidobacterium	1678	G	9786	2377	12163	0.00099
Parascardovia	196082	G	130	18	148	0.00001
Gardnerella	2701	G	64	26	90	0.00001
Scardovia	196081	G	26	7	33	0.00000
Nakamurella	53460	G	8435	1078	9513	0.00077
Catenulispora	414878	G	5447	790	6237	0.00051
Jatrophihabitans	1434010	G	4598	391	4989	0.00040
Stackebrandtia	283810	G	3017	279	3296	0.00027
Natronoglycomyces	2838311	G	495	16	511	0.00004
Kineococcus	33981	G	3262	894	4156	0.00034
Epidermidibacterium	2078948	G	2120	1066	3186	0.00026
Actinopolyspora	1849	G	1749	175	1924	0.00016
Acidothermus	28048	G	1376	60	1436	0.00012
Candidatus_Planktophila	622681	G	258	26	284	0.00002
Candidatus_Nanopelagicus	2039639	G	56	11	67	0.00001
Conexibacter	191494	G	122351	17146	139497	0.01132
Miltoncostaea	2843200	G	29998	3539	33537	0.00272
Baekduia	2600304	G	38508	6344	44852	0.00364
Rubrobacter	42255	G	20538	736	21274	0.00173
Aquihabitans	1648491	G	18075	2996	21071	0.00171
Actinomarinicola	2789775	G	9283	1836	11119	0.00090
Iamia	467975	G	8523	1370	9893	0.00080
Ilumatobacter	682522	G	3921	237	4158	0.00034
Acidimicrobium	53634	G	1590	117	1707	0.00014
Eggerthella	84111	G	2423	753	3176	0.00026
Gordonibacter	644652	G	1268	621	1889	0.00015
Adlercreutzia	447020	G	1192	276	1468	0.00012
Arabiibacter	2005386	G	1148	266	1414	0.00011
Raoultibacter	1926677	G	638	56	694	0.00006
Berryella	2815775	G	510	589	1099	0.00009
Slackia	84108	G	409	12	421	0.00003
Denitrobacterium	79603	G	255	107	362	0.00003
Cryptobacterium	84162	G	48	4	52	0.00000
Phoenicibacter	1981050	G	41	16	57	0.00000
Olsenella	133925	G	1839	366	2205	0.00018
Parolsenella	2082587	G	1120	436	1556	0.00013
Thermophilibacter	2847307	G	639	249	888	0.00007
Parafannyhessea	2847312	G	624	380	1004	0.00008
Atopobium	1380	G	148	17	165	0.00001
Lancefieldella	2767353	G	21	1	22	0.00000
Collinsella	102106	G	1614	480	2094	0.00017
Coriobacterium	33870	G	425	14	439	0.00004
Egibacter	1747770	G	4369	259	4628	0.00038
Egicoccus	1755825	G	4065	630	4695	0.00038
Euzebya	908623	G	3563	298	3861	0.00031
Priestia	2800373	G	175821	91666	267487	0.02170
Bacillus	1386	G	86371	254524	340895	0.02765
Alkalihalobacillus	2675234	G	19753	2669	22422	0.00182
Lysinibacillus	400634	G	14678	3917	18595	0.00151
Peribacillus	2675229	G	9836	3213	13049	0.00106
Cytobacillus	2675230	G	8376	2291	10667	0.00087
Neobacillus	2675232	G	8022	2258	10280	0.00083
Heyndrickxia	2837504	G	7584	1879	9463	0.00077
Metabacillus	2675233	G	7239	1862	9101	0.00074
Niallia	2837506	G	4163	788	4951	0.00040
Terribacillus	459532	G	3510	361	3871	0.00031
Virgibacillus	84406	G	3500	322	3822	0.00031
Gracilibacillus	74385	G	3372	214	3586	0.00029
Oceanobacillus	182709	G	2900	231	3131	0.00025
Geobacillus	129337	G	2809	595	3404	0.00028
Anoxybacillus	150247	G	2583	433	3016	0.00024
Mesobacillus	2675231	G	2493	471	2964	0.00024
Hydrogenibacillus	1609627	G	1639	146	1785	0.00014
Parageobacillus	1906945	G	1269	238	1507	0.00012
Halobacillus	45667	G	1256	108	1364	0.00011
Sutcliffiella	2837511	G	1123	269	1392	0.00011
Rossellomorea	2837508	G	1034	280	1314	0.00011
Gottfriedia	2837503	G	966	202	1168	0.00009
Radiobacillus	2785518	G	828	100	928	0.00008
Psychrobacillus	1221880	G	701	213	914	0.00007
Fictibacillus	1329200	G	699	66	765	0.00006
Weizmannia	2817139	G	597	211	808	0.00007
Lentibacillus	175304	G	467	22	489	0.00004
Salicibibacter	2685905	G	454	16	470	0.00004
Caldibacillus	1276290	G	441	108	549	0.00004
Pontibacillus	289201	G	440	39	479	0.00004
Lederbergia	2804231	G	425	76	501	0.00004
Anaerobacillus	704093	G	398	64	462	0.00004
Sediminibacillus	482460	G	378	46	424	0.00003
Pradoshia	2651279	G	371	78	449	0.00004
Alkalihalophilus	2893060	G	356	44	400	0.00003
Paraliobacillus	200903	G	335	40	375	0.00003
Salisediminibacterium	1434042	G	313	29	342	0.00003
Evansella	2837485	G	303	32	335	0.00003
Halalkalibacterium	2893055	G	292	136	428	0.00003
Mangrovibacillus	2920444	G	281	106	387	0.00003
Aeribacillus	1055323	G	276	93	369	0.00003
Amphibacillus	29331	G	223	29	252	0.00002
Caldalkalibacillus	379065	G	168	22	190	0.00002
Salimicrobium	351195	G	136	15	151	0.00001
Paenibacillus	44249	G	62038	4426	66464	0.00539
Brevibacillus	55080	G	9561	1320	10881	0.00088
Cohnella	329857	G	4031	595	4626	0.00038
Thermobacillus	76632	G	1734	204	1938	0.00016
Saccharibacillus	456492	G	1126	102	1228	0.00010
Aneurinibacillus	55079	G	925	157	1082	0.00009
Planococcus	1372	G	2029	388	2417	0.00020
Sporosarcina	1569	G	1438	229	1667	0.00014
Solibacillus	648800	G	657	193	850	0.00007
Ureibacillus	160795	G	617	339	956	0.00008
Rummeliibacillus	648802	G	370	143	513	0.00004
Paenisporosarcina	651660	G	333	101	434	0.00004
Kurthia	1649	G	315	112	427	0.00003
Viridibacillus	496496	G	297	84	381	0.00003
Jeotgalibacillus	157226	G	179	42	221	0.00002
Tumebacillus	432330	G	2672	624	3296	0.00027
Alicyclobacillus	29330	G	2466	136	2602	0.00021
Kyrpidia	1129704	G	669	23	692	0.00006
Effusibacillus	1502725	G	230	26	256	0.00002
Staphylococcus	1279	G	2612	2107	4719	0.00038
Macrococcus	69965	G	364	89	453	0.00004
Mammaliicoccus	2803850	G	318	127	445	0.00004
Jeotgalicoccus	227979	G	125	13	138	0.00001
Salinicoccus	45669	G	57	13	70	0.00001
Abyssicoccus	1955413	G	42	11	53	0.00000
Nosocomiicoccus	489909	G	20	2	22	0.00000
Kroppenstedtia	1274351	G	420	26	446	0.00004
Staphylospora	2689589	G	397	51	448	0.00004
Polycladomyces	1348505	G	336	25	361	0.00003
Novibacillus	1677050	G	276	25	301	0.00002
Laceyella	292635	G	197	36	233	0.00002
Thermoactinomyces	2023	G	120	18	138	0.00001
Exiguobacterium	33986	G	1112	208	1320	0.00011
Gemella	1378	G	125	27	152	0.00001
Listeria	1637	G	920	216	1136	0.00009
Brochothrix	2755	G	57	14	71	0.00001
Sporolactobacillus	2077	G	169	16	185	0.00002
Limosilactobacillus	2742598	G	427	237	664	0.00005
Lactobacillus	1578	G	421	318	739	0.00006
Levilactobacillus	2767886	G	270	71	341	0.00003
Lacticaseibacillus	2759736	G	256	78	334	0.00003
Leuconostoc	1243	G	187	33	220	0.00002
Lactiplantibacillus	2767842	G	179	46	225	0.00002
Weissella	46255	G	171	34	205	0.00002
Ligilactobacillus	2767887	G	165	98	263	0.00002
Schleiferilactobacillus	2767891	G	132	11	143	0.00001
Lentilactobacillus	2767893	G	115	29	144	0.00001
Companilactobacillus	2767879	G	109	11	120	0.00001
Latilactobacillus	2767885	G	107	28	135	0.00001
Pediococcus	1253	G	88	34	122	0.00001
Loigolactobacillus	2767889	G	81	38	119	0.00001
Oenococcus	46254	G	77	3	80	0.00001
Liquorilactobacillus	2767888	G	67	28	95	0.00001
Secundilactobacillus	2767892	G	55	17	72	0.00001
Paucilactobacillus	2767890	G	45	16	61	0.00000
Fructilactobacillus	2767881	G	43	12	55	0.00000
Furfurilactobacillus	2767882	G	39	5	44	0.00000
Apilactobacillus	2767877	G	27	3	30	0.00000
Amylolactobacillus	2767876	G	21	14	35	0.00000
Periweissella	2930384	G	18	1	19	0.00000
Lapidilactobacillus	2767884	G	14	2	16	0.00000
Bombilactobacillus	2767878	G	12	1	13	0.00000
Acetilactobacillus	2767874	G	10	0	10	0.00000
Streptococcus	1301	G	1307	1704	3011	0.00024
Lactococcus	1357	G	268	117	385	0.00003
Floricoccus	1930830	G	23	4	27	0.00000
Enterococcus	1350	G	753	707	1460	0.00012
Vagococcus	2737	G	313	145	458	0.00004
Tetragenococcus	51668	G	80	19	99	0.00001
Melissococcus	33969	G	34	25	59	0.00000
Carnobacterium	2747	G	225	56	281	0.00002
Jeotgalibaca	1470540	G	195	80	275	0.00002
Dolosigranulum	29393	G	60	13	73	0.00001
Granulicatella	117563	G	58	62	120	0.00001
Marinilactibacillus	191769	G	26	9	35	0.00000
Aerococcus	1375	G	143	45	188	0.00002
Abiotrophia	46123	G	29	6	35	0.00000
Suicoccus	2689587	G	28	14	42	0.00000
Ignavigranum	89092	G	21	2	23	0.00000
Thermaerobacter	73918	G	6003	320	6323	0.00051
Intestinimonas	1392389	G	390	110	500	0.00004
Aminipila	2060094	G	111	7	118	0.00001
Emergencia	1926556	G	106	27	133	0.00001
Mogibacterium	86331	G	39	4	43	0.00000
Flintibacter	1918454	G	206	22	228	0.00002
Massilistercora	2717089	G	107	90	197	0.00002
Carboxydocella	178898	G	104	7	111	0.00001
Fenollaria	1686313	G	17	12	29	0.00000
Faecalibacterium	216851	G	1399	710	2109	0.00017
Dysosmobacter	2591381	G	899	347	1246	0.00010
Flavonifractor	946234	G	744	163	907	0.00007
Vescimonas	2892396	G	436	381	817	0.00007
Ruthenibacterium	1905344	G	414	94	508	0.00004
Ethanoligenens	253238	G	391	18	409	0.00003
Caproiciproducens	1738645	G	310	34	344	0.00003
Oscillibacter	459786	G	289	77	366	0.00003
Anaerotruncus	244127	G	273	132	405	0.00003
Caproicibacter	2576755	G	234	12	246	0.00002
Acutalibacter	1918385	G	195	9	204	0.00002
Ruminococcus	1263	G	160	6	166	0.00001
Acetivibrio	35829	G	144	49	193	0.00002
Pusillibacter	2892397	G	141	72	213	0.00002
Solibaculum	2842531	G	130	100	230	0.00002
Caproicibacterium	2834348	G	120	8	128	0.00001
Ruminiclostridium	1508657	G	63	13	76	0.00001
Pseudoclostridium	2304693	G	58	11	69	0.00001
Thermoclostridium	2304691	G	52	4	56	0.00000
Monoglobus	2039302	G	33	12	45	0.00000
Mageeibacillus	1637257	G	31	28	59	0.00000
Fastidiosipila	236752	G	18	7	25	0.00000
Clostridium	1485	G	2675	418	3093	0.00025
Alkaliphilus	114627	G	237	26	263	0.00002
Hungatella	1649459	G	125	3	128	0.00001
Crassaminicella	1848399	G	95	12	107	0.00001
Geosporobacter	390805	G	61	6	67	0.00001
Caloramator	44258	G	44	2	46	0.00000
Serpentinicella	1890059	G	38	4	42	0.00000
Paraclostridium	1849822	G	28	6	34	0.00000
Hathewaya	1769729	G	24	4	28	0.00000
Sarcina	1266	G	21	5	26	0.00000
Candidatus_Arthromitus	49082	G	20	0	20	0.00000
Symbiobacterium	2733	G	2479	153	2632	0.00021
Lachnoclostridium	1506553	G	381	152	533	0.00004
Blautia	572511	G	285	423	708	0.00006
Anaerocolumna	1843210	G	212	6	218	0.00002
Roseburia	841	G	163	123	286	0.00002
Coprococcus	33042	G	118	70	188	0.00002
Anaerostipes	207244	G	117	30	147	0.00001
Enterocloster	2719313	G	115	58	173	0.00001
Butyrivibrio	830	G	104	8	112	0.00001
Lacrimispora	2719231	G	81	5	86	0.00001
Anaerotignum	2039240	G	56	3	59	0.00000
Sellimonas	1769710	G	50	20	70	0.00001
Cellulosilyticum	698776	G	48	2	50	0.00000
Mediterraneibacter	2316020	G	42	29	71	0.00001
Anaerobutyricum	2569097	G	40	11	51	0.00000
Novisyntrophococcus	2888809	G	39	4	43	0.00000
Herbinix	1663717	G	29	14	43	0.00000
Dorea	189330	G	22	18	40	0.00000
Lachnospira	28050	G	20	2	22	0.00000
Faecalicatena	2005359	G	15	6	21	0.00000
Pseudobutyrivibrio	46205	G	11	0	11	0.00000
Candidatus_Desulforudis	471826	G	620	27	647	0.00005
Desulforamulus	2916693	G	247	52	299	0.00002
Acididesulfobacillus	2924872	G	241	6	247	0.00002
Candidatus_Formimonas	2840454	G	161	9	170	0.00001
Thermanaerosceptrum	2651578	G	97	11	108	0.00001
Desulfofarcimen	2282742	G	79	6	85	0.00001
Dehalobacterium	51514	G	50	8	58	0.00000
Desulfitobacterium	36853	G	301	55	356	0.00003
Desulfosporosinus	79206	G	274	24	298	0.00002
Dehalobacter	56112	G	120	21	141	0.00001
Syntrophobotulus	51196	G	74	4	78	0.00001
Christensenella	990721	G	724	221	945	0.00008
Heliomicrobium	2831443	G	626	281	907	0.00007
Heliorestis	79598	G	65	3	68	0.00001
Eubacterium	1730	G	323	74	397	0.00003
Acetobacterium	33951	G	173	15	188	0.00002
Alkalibacter	274470	G	87	4	91	0.00001
Clostridioides	1870884	G	63	924	987	0.00008
Peptoclostridium	1481960	G	50	6	56	0.00000
Romboutsia	1501226	G	45	9	54	0.00000
Acetoanaerobium	186831	G	30	2	32	0.00000
Paeniclostridium	1849828	G	28	5	33	0.00000
Tepidibacter	214904	G	24	3	27	0.00000
Filifactor	44259	G	19	17	36	0.00000
Terrisporobacter	1505652	G	18	1	19	0.00000
Peptacetobacter	2743582	G	13	2	15	0.00000
Syntrophothermus	129001	G	99	7	106	0.00001
Candidatus_Contubernalis	338648	G	50	1	51	0.00000
Syntrophomonas	862	G	39	6	45	0.00000
Candidatus_Syntrophocurvum	2293313	G	22	4	26	0.00000
Desulfoscipio	2867376	G	152	9	161	0.00001
Thermincola	278993	G	82	6	88	0.00001
Vallitalea	1348611	G	51	1	52	0.00000
Petrocella	2603323	G	27	2	29	0.00000
Desulfotomaculum	1562	G	67	24	91	0.00001
Caloranaerobacter	171003	G	61	6	67	0.00001
Alkalicella	2838170	G	34	3	37	0.00000
Moorella	44260	G	1019	28	1047	0.00008
Ammonifex	42837	G	384	10	394	0.00003
Gelria	189326	G	867	47	914	0.00007
Thermacetogenium	140458	G	312	244	556	0.00005
Carboxydothermus	129957	G	106	8	114	0.00001
Thermoanaerobacter	1754	G	100	31	131	0.00001
Thermanaeromonas	202949	G	99	2	101	0.00001
Caldanaerobacter	249529	G	34	61	95	0.00001
Caldicellulosiruptor	44000	G	141	15	156	0.00001
Thermoanaerobacterium	28895	G	103	20	123	0.00001
Zhaonella	2748674	G	95	12	107	0.00001
Mahella	252965	G	93	36	129	0.00001
Thermodesulfobium	227388	G	65	0	65	0.00001
Iocasia	2899804	G	66	5	71	0.00001
Halanaerobium	2330	G	50	6	56	0.00000
Halothermothrix	32636	G	41	5	46	0.00000
Acetohalobium	28186	G	44	6	50	0.00000
Halobacteroides	42417	G	32	6	38	0.00000
Anoxybacter	1769008	G	62	11	73	0.00001
Thermosediminibacter	291988	G	139	9	148	0.00001
Biomaibacter	2770094	G	87	7	94	0.00001
Tepidanaerobacter	499228	G	19	1	20	0.00000
Natranaerofaba	2807497	G	78	3	81	0.00001
Natranaerobius	375928	G	33	4	37	0.00000
Koleobacter	2786989	G	86	7	93	0.00001
Selenomonas	970	G	2672	99	2771	0.00022
Megamonas	158846	G	42	2	44	0.00000
Pectinatus	864	G	24	0	24	0.00000
Sporomusa	2375	G	168	16	184	0.00001
Methylomusa	2093783	G	117	5	122	0.00001
Pelosinus	365348	G	106	9	115	0.00001
Megasphaera	906	G	667	177	844	0.00007
Dialister	39948	G	99	2	101	0.00001
Veillonella	29465	G	97	7	104	0.00001
Acidaminococcus	904	G	238	22	260	0.00002
Phascolarctobacterium	33024	G	174	35	209	0.00002
Limnochorda	1676651	G	2436	69	2505	0.00020
Peptoniphilus	162289	G	157	36	193	0.00002
Murdochiella	1161127	G	72	45	117	0.00001
Anaerococcus	165779	G	51	35	86	0.00001
Finegoldia	150022	G	23	13	36	0.00000
Helcococcus	31983	G	15	4	19	0.00000
Parvimonas	543311	G	11	12	23	0.00000
Miniphocaeibacter	2126548	G	10	0	10	0.00000
Schnuerera	2794837	G	40	6	46	0.00000
Tissierella	41273	G	38	5	43	0.00000
Keratinibaculum	1354809	G	34	11	45	0.00000
Gudongella	2692382	G	19	2	21	0.00000
Gottschalkia	1505664	G	77	6	83	0.00001
Ezakiella	1582879	G	75	93	168	0.00001
Sedimentibacter	190972	G	24	1	25	0.00000
Allobaculum	174708	G	109	10	119	0.00001
Faecalibaculum	1729679	G	101	16	117	0.00001
Erysipelothrix	1647	G	100	13	113	0.00001
Erysipelatoclostridium	1505663	G	65	32	97	0.00001
Bulleidia	118747	G	26	6	32	0.00000
Intestinibaculum	2679910	G	24	6	30	0.00000
Longicatena	1918536	G	18	20	38	0.00000
Amedibacterium	2749267	G	17	21	38	0.00000
Faecalibacillus	2678885	G	16	24	40	0.00000
Turicibacter	191303	G	93	32	125	0.00001
Ndongobacter	1930845	G	81	87	168	0.00001
Nostoc	1177	G	7013	807	7820	0.00063
Anabaena	1163	G	1059	771	1830	0.00015
Trichormus	264688	G	806	190	996	0.00008
Richelia	98443	G	378	27	405	0.00003
Cylindrospermum	56106	G	238	15	253	0.00002
Sphaerospermopsis	752201	G	4568	428	4996	0.00041
Dolichospermum	748770	G	385	668	1053	0.00009
Nodularia	159191	G	324	44	368	0.00003
Anabaenopsis	110103	G	257	56	313	0.00003
Cylindrospermopsis	77021	G	100	9	109	0.00001
Calothrix	1186	G	1663	92	1755	0.00014
Scytonema	1203	G	352	32	384	0.00003
Brasilonema	383614	G	120	10	130	0.00001
Tolypothrix	111782	G	341	38	379	0.00003
Fischerella	1190	G	283	22	305	0.00002
Rivularia	373984	G	86	3	89	0.00001
Synechococcus	1129	G	10244	886	11130	0.00090
Dactylococcopsis	13034	G	137	36	173	0.00001
Cyanobium	167375	G	2112	439	2551	0.00021
Prochlorococcus	1218	G	163	5	168	0.00001
Parasynechococcus	2881427	G	142	42	184	0.00001
Acaryochloris	155977	G	188	3	191	0.00002
Chamaesiphon	217161	G	173	6	179	0.00001
Synechocystis	1142	G	154	5	159	0.00001
Leptolyngbya	47251	G	2109	272	2381	0.00019
Kovacikia	1874526	G	435	29	464	0.00004
Leptodesmis	2664261	G	241	26	267	0.00002
Leptothermofonsia	2917830	G	228	20	248	0.00002
Thermoleptolyngbya	2303528	G	461	28	489	0.00004
Halomicronema	170610	G	269	7	276	0.00002
Thermosynechococcus	146785	G	259	15	274	0.00002
Pseudanabaena	1152	G	146	4	150	0.00001
Geitlerinema	63132	G	575	57	632	0.00005
Allocoleopsis	2886347	G	135	9	144	0.00001
Moorena	1155738	G	468	7	475	0.00004
Oscillatoria	1158	G	226	62	288	0.00002
Oxynema	1492710	G	275	16	291	0.00002
Microcoleus	44471	G	167	53	220	0.00002
Planktothrix	54304	G	64	5	69	0.00001
Koinonema	2023214	G	220	8	228	0.00002
Crinalium	241421	G	94	8	102	0.00001
Limnospira	2596745	G	43	1	44	0.00000
Microcystis	1125	G	476	121	597	0.00005
Gloeothece	28070	G	107	5	112	0.00001
Halothece	76023	G	69	15	84	0.00001
Euhalothece	65097	G	35	3	38	0.00000
Crocosphaera	263510	G	77	7	84	0.00001
Rippkaea	2546365	G	65	6	71	0.00001
Candidatus_Atelocyanobacterium	1453359	G	12	2	14	0.00000
Geminocystis	669357	G	119	7	126	0.00001
Gloeocapsa	102231	G	77	5	82	0.00001
Chondrocystis	268175	G	47	4	51	0.00000
Cyanobacterium	102234	G	39	6	45	0.00000
Gloeobacter	33071	G	3224	54	3278	0.00027
Anthocerotibacter	2857076	G	281	6	287	0.00002
Chroococcidiopsis	54298	G	431	44	475	0.00004
Stanieria	102115	G	87	5	92	0.00001
Pleurocapsa	44474	G	76	6	82	0.00001
Gloeomargarita	1188227	G	105	2	107	0.00001
Thermostichus	2881385	G	48	26	74	0.00001
Deinococcus	1298	G	22817	880	23697	0.00192
Thermus	270	G	4114	272	4386	0.00036
Oceanithermus	208447	G	2218	200	2418	0.00020
Meiothermus	65551	G	2045	103	2148	0.00017
Marinithermus	186191	G	1391	223	1614	0.00013
Truepera	332248	G	2020	101	2121	0.00017
Sphaerobacter	2056	G	7869	510	8379	0.00068
Thermomicrobium	499	G	1704	41	1745	0.00014
Roseiflexus	120961	G	6090	370	6460	0.00052
Chloroflexus	1107	G	1713	81	1794	0.00015
Tepidiforma	2682228	G	4825	161	4986	0.00040
Candidatus_Promineofilum	1988031	G	3652	57	3709	0.00030
Caldilinea	233191	G	1916	139	2055	0.00017
Anaerolinea	233189	G	744	83	827	0.00007
Pelolinea	1649478	G	600	31	631	0.00005
Brevefilum	2019482	G	254	10	264	0.00002
Dehalogenimonas	670486	G	871	35	906	0.00007
Dehalococcoides	61434	G	362	10	372	0.00003
Ktedonosporobacter	2692417	G	1044	35	1079	0.00009
Thermobaculum	262406	G	868	107	975	0.00008
Phototrophicus	2922426	G	514	5	519	0.00004
Fimbriimonas	1005038	G	1974	7	1981	0.00016
Chthonomonas	1077265	G	520	2	522	0.00004
Mycoplasma	2093	G	175	100	275	0.00002
Mycoplasmopsis	2767358	G	76	9	85	0.00001
Mesomycoplasma	2923352	G	34	1	35	0.00000
Ureaplasma	2129	G	15	0	15	0.00000
Spiroplasma	2132	G	132	8	140	0.00001
Mesoplasma	46239	G	33	12	45	0.00000
Williamsoniiplasma	2919614	G	10	3	13	0.00000
Candidatus_Phytoplasma	33926	G	42	2	44	0.00000
Alteracholeplasma	2903105	G	36	5	41	0.00000
Acholeplasma	2147	G	22	1	23	0.00000
Haploplasma	2903106	G	17	4	21	0.00000
Paracholeplasma	2903107	G	14	4	18	0.00000
Metamycoplasma	2895509	G	23	10	33	0.00000
Malacoplasma	2791001	G	14	0	14	0.00000
Candidatus_Izimaplasma	1912503	G	10	0	10	0.00000
Bradyrhizobium	374	G	391586	48600	440186	0.03571
Rhodopseudomonas	1073	G	24885	6819	31704	0.00257
Tardiphaga	1395974	G	8228	1002	9230	0.00075
Nitrobacter	911	G	7648	980	8628	0.00070
Afipia	1033	G	6336	2430	8766	0.00071
Variibacter	1649510	G	5928	449	6377	0.00052
Mesorhizobium	68287	G	137277	26452	163729	0.01328
Aquibium	2911176	G	9034	2242	11276	0.00091
Aminobacter	31988	G	6550	4028	10578	0.00086
Nitratireductor	245876	G	6109	950	7059	0.00057
Phyllobacterium	28100	G	3350	335	3685	0.00030
Roseitalea	1915401	G	2565	444	3009	0.00024
Hoeflea	274591	G	2018	188	2206	0.00018
Oricola	1594166	G	1954	270	2224	0.00018
Salaquimonas	2712688	G	742	32	774	0.00006
Lentilitoribacter	1649463	G	42	0	42	0.00000
Rhizobium	379	G	71706	22190	93896	0.00762
Agrobacterium	357	G	14218	4657	18875	0.00153
Neorhizobium	1525371	G	7073	1632	8705	0.00071
Pseudorhizobium	1903858	G	2324	461	2785	0.00023
Ensifer	106591	G	20484	4048	24532	0.00199
Sinorhizobium	28105	G	20177	8699	28876	0.00234
Shinella	323620	G	15487	11427	26914	0.00218
Ciceribacter	1648508	G	1825	361	2186	0.00018
Georhizobium	2661800	G	1729	384	2113	0.00017
Peteryoungia	2853332	G	579	102	681	0.00006
Liberibacter	34019	G	87	41	128	0.00001
Methylobacterium	407	G	81266	14123	95389	0.00774
Microvirga	186650	G	59851	7011	66862	0.00542
Methylorubrum	2282523	G	15939	6484	22423	0.00182
Pseudolabrys	556257	G	29292	4572	33864	0.00275
Xanthobacter	279	G	10307	2484	12791	0.00104
Starkeya	152053	G	9866	2686	12552	0.00102
Ancylobacter	99	G	9633	3473	13106	0.00106
Labrys	204476	G	3560	373	3933	0.00032
Azorhizobium	6	G	3415	753	4168	0.00034
Rhodoplanes	29407	G	31198	3197	34395	0.00279
Hyphomicrobium	81	G	12266	844	13110	0.00106
Methyloceanibacter	1484898	G	5848	403	6251	0.00051
Methyloligella	1485594	G	3826	482	4308	0.00035
Aquabacter	45402	G	3004	523	3527	0.00029
Rhodomicrobium	1068	G	2359	159	2518	0.00020
Caenibius	2827482	G	1274	551	1825	0.00015
Filomicrobium	119044	G	1116	33	1149	0.00009
Bosea	85413	G	32453	5088	37541	0.00305
Devosia	46913	G	19984	1604	21588	0.00175
Youhaiella	1827478	G	2450	568	3018	0.00024
Paradevosia	1573407	G	2323	932	3255	0.00026
Pelagibacterium	1082930	G	1206	137	1343	0.00011
Maritalea	623276	G	272	7	279	0.00002
Aureimonas	414371	G	14130	2957	17087	0.00139
Martelella	293088	G	6920	1405	8325	0.00068
Aurantimonas	182269	G	3906	1190	5096	0.00041
Methylocystis	133	G	11835	1061	12896	0.00105
Methylosinus	425	G	5637	845	6482	0.00053
Pseudorhodoplanes	1734920	G	8256	635	8891	0.00072
Nordella	169055	G	6741	389	7130	0.00058
Terrihabitans	2874214	G	2730	325	3055	0.00025
Candidatus_Hodgkinia	573657	G	34	0	34	0.00000
Chelatococcus	28209	G	16171	4091	20262	0.00164
Phreatobacter	1632780	G	14906	2619	17525	0.00142
Stappia	152161	G	5979	1150	7129	0.00058
Roseibium	150830	G	2742	370	3112	0.00025
Pannonibacter	227873	G	2630	1998	4628	0.00038
Labrenzia	478070	G	2074	185	2259	0.00018
Pseudovibrio	258255	G	472	20	492	0.00004
Kaustia	2838250	G	5420	539	5959	0.00048
Parvibaculum	256616	G	2412	1827	4239	0.00034
Pyruvatibacter	1742974	G	1518	197	1715	0.00014
Candidatus_Phaeomarinobacter	1541445	G	580	28	608	0.00005
Blastochloris	59282	G	9067	2165	11232	0.00091
Methylocella	120652	G	4235	397	4632	0.00038
Methylovirgula	1156568	G	3377	292	3669	0.00030
Beijerinckia	532	G	981	75	1056	0.00009
Acuticoccus	1904377	G	5217	552	5769	0.00047
Kaistia	166953	G	5129	1297	6426	0.00052
Brucella	234	G	4312	11672	15984	0.00130
Pseudochrobactrum	354349	G	425	55	480	0.00004
Hartmannibacter	1572860	G	3057	570	3627	0.00029
Lichenihabitans	2723776	G	2958	133	3091	0.00025
Breoghania	1406135	G	2949	399	3348	0.00027
Cohaesibacter	655352	G	576	20	596	0.00005
Bartonella	773	G	548	32	580	0.00005
Sphingomonas	13687	G	153852	19669	173521	0.01408
Sphingobium	165695	G	27867	12756	40623	0.00330
Sphingopyxis	165697	G	27815	5580	33395	0.00271
Novosphingobium	165696	G	18885	6570	25455	0.00206
Rhizorhabdus	1649486	G	8795	4188	12983	0.00105
Sphingosinithalassobacter	2676233	G	3567	836	4403	0.00036
Allosphingosinicella	2823232	G	3340	382	3722	0.00030
Parasphingopyxis	1234545	G	2313	102	2415	0.00020
Sphingorhabdus	1434046	G	2062	98	2160	0.00018
Blastomonas	150203	G	1829	284	2113	0.00017
Hankyongella	1763827	G	1727	329	2056	0.00017
Tardibacter	2685927	G	1401	1073	2474	0.00020
Citromicrobium	72173	G	1096	499	1595	0.00013
Novosphingopyxis	2709686	G	1004	551	1555	0.00013
Parasphingorhabdus	2709685	G	592	13	605	0.00005
Aquisediminimonas	2676781	G	519	15	534	0.00004
Erythrobacter	1041	G	12594	3031	15625	0.00127
Porphyrobacter	1111	G	4925	1209	6134	0.00050
Qipengyuania	1855416	G	7801	1900	9701	0.00079
Altererythrobacter	361177	G	4735	1160	5895	0.00048
Tsuneonella	2800686	G	4544	831	5375	0.00044
Croceicoccus	1295327	G	4485	2627	7112	0.00058
Aurantiacibacter	2800681	G	966	147	1113	0.00009
Pelagerythrobacter	2800685	G	884	110	994	0.00008
Paraurantiacibacter	2800682	G	794	93	887	0.00007
Croceibacterium	2676755	G	633	247	880	0.00007
Sphingosinicella	335405	G	7695	770	8465	0.00069
Polymorphobacter	1508451	G	3762	138	3900	0.00032
Sandaracinobacter	56358	G	1582	101	1683	0.00014
Zymomonas	541	G	144	72	216	0.00002
Roseomonas	125216	G	41433	5364	46797	0.00380
Rhodovastum	504465	G	6788	584	7372	0.00060
Roseococcus	35812	G	5569	468	6037	0.00049
Komagataeibacter	1434011	G	4123	1977	6100	0.00049
Acidiphilium	522	G	4120	2013	6133	0.00050
Sediminicoccus	1706033	G	4045	188	4233	0.00034
Acidibrevibacterium	2603324	G	2917	262	3179	0.00026
Lichenicola	2804525	G	2637	110	2747	0.00022
Acetobacter	434	G	2273	713	2986	0.00024
Gluconacetobacter	89583	G	1789	374	2163	0.00018
Gluconobacter	441	G	1605	439	2044	0.00017
Granulibacter	364409	G	1228	93	1321	0.00011
Asaia	91914	G	701	101	802	0.00007
Neoasaia	320496	G	666	137	803	0.00007
Kozakia	153497	G	495	182	677	0.00005
Novacetimonas	2919364	G	456	242	698	0.00006
Oecophyllibacter	2791118	G	341	9	350	0.00003
Parasaccharibacter	1602345	G	225	8	233	0.00002
Swingsia	1649499	G	196	9	205	0.00002
Neokomagataea	1223423	G	72	10	82	0.00001
Entomobacter	2811380	G	48	2	50	0.00000
Commensalibacter	1079922	G	31	0	31	0.00000
Bombella	1654741	G	21	1	22	0.00000
Azospirillum	191	G	48517	5713	54230	0.00440
Skermanella	204447	G	16735	2182	18917	0.00153
Nitrospirillum	1543705	G	3534	384	3918	0.00032
Indioceanicola	2478349	G	2983	378	3361	0.00027
Niveispirillum	1543704	G	1275	136	1411	0.00011
Hypericibacter	2705399	G	19209	1159	20368	0.00165
Magnetospirillum	13134	G	8922	150300	159222	0.01292
Rhodospirillum	1081	G	5861	623	6484	0.00053
Tistrella	171436	G	3768	1760	5528	0.00045
Ferrovibrio	1231242	G	3309	208	3517	0.00029
Defluviicoccus	111830	G	2050	176	2226	0.00018
Pararhodospirillum	1612157	G	1187	74	1261	0.00010
Haematospirillum	1804663	G	177	11	188	0.00002
Candidatus_Endolissoclinum	1263978	G	86	0	86	0.00001
Stella	93	G	9063	610	9673	0.00078
Elioraea	457933	G	4490	194	4684	0.00038
Thalassospira	168934	G	1422	108	1530	0.00012
Magnetospira	1182780	G	756	20	776	0.00006
Terasakiella	196080	G	87	1	88	0.00001
Paracoccus	265	G	24440	4246	28686	0.00233
Cereibacter	1653176	G	6546	1595	8141	0.00066
Rhodobacter	1060	G	6304	1912	8216	0.00067
Rhodovulum	34008	G	3387	790	4177	0.00034
Polymorphum	991903	G	3139	824	3963	0.00032
Paroceanicella	2683599	G	2991	801	3792	0.00031
Pikeienuella	2831955	G	2171	222	2393	0.00019
Thioclava	285107	G	1949	246	2195	0.00018
Pontivivens	1844015	G	1884	138	2022	0.00016
Silicimonas	1955420	G	1727	106	1833	0.00015
Pelagovum	2795377	G	1691	219	1910	0.00015
Frigidibacter	1775705	G	1320	599	1919	0.00016
Pukyongiella	2831925	G	1204	304	1508	0.00012
Brevirhabdus	1855413	G	1181	577	1758	0.00014
Gymnodinialimonas	2937410	G	964	94	1058	0.00009
Fuscovulum	2818469	G	954	125	1079	0.00009
Haematobacter	366614	G	922	402	1324	0.00011
Falsirhodobacter	1434002	G	913	131	1044	0.00008
Gemmobacter	204456	G	831	160	991	0.00008
Pseudopuniceibacterium	2613960	G	765	61	826	0.00007
Tabrizicola	1443919	G	746	69	815	0.00007
Pacificitalea	2846749	G	734	169	903	0.00007
Pseudooceanicola	1679449	G	674	67	741	0.00006
Monaibacterium	2029873	G	656	158	814	0.00007
Roseicitreum	1209946	G	633	33	666	0.00005
Tritonibacter	2083206	G	465	220	685	0.00006
Yoonia	2211641	G	409	96	505	0.00004
Pseudohalocynthiibacter	1759417	G	398	84	482	0.00004
Qingshengfaniella	2816884	G	389	20	409	0.00003
Rhodophyticola	2680018	G	363	11	374	0.00003
Rhodobaca	119541	G	311	13	324	0.00003
Profundibacter	2778525	G	283	9	292	0.00002
Parasedimentitalea	2738399	G	253	11	264	0.00002
Pseudorhodobacter	238783	G	233	14	247	0.00002
Aestuarium	2820509	G	219	93	312	0.00003
Cognatishimia	2211635	G	217	9	226	0.00002
Planktomarina	1284657	G	116	2	118	0.00001
Roseovarius	74030	G	6295	982	7277	0.00059
Sulfitobacter	60136	G	6024	1165	7189	0.00058
Salipiger	263377	G	4749	1567	6316	0.00051
Roseivivax	93682	G	3904	586	4490	0.00036
Celeribacter	875170	G	2711	1061	3772	0.00031
Phaeobacter	302485	G	2102	395	2497	0.00020
Ruegeria	97050	G	1963	272	2235	0.00018
Leisingera	191028	G	1953	251	2204	0.00018
Yangia	2919626	G	1722	285	2007	0.00016
Sagittula	58842	G	1620	677	2297	0.00019
Pseudosulfitobacter	2854186	G	1503	415	1918	0.00016
Ponticoccus	983507	G	1248	189	1437	0.00012
Dinoroseobacter	309512	G	1106	403	1509	0.00012
Mameliella	1434019	G	1086	203	1289	0.00010
Roseobacter	2433	G	965	28	993	0.00008
Ketogulonicigenium	92944	G	922	160	1082	0.00009
Roseibacterium	159345	G	909	75	984	0.00008
Octadecabacter	53945	G	884	58	942	0.00008
Actibacterium	1433986	G	857	424	1281	0.00010
Oceanicola	252301	G	838	42	880	0.00007
Tateyamaria	299261	G	619	20	639	0.00005
Maribius	387095	G	582	29	611	0.00005
Jannaschia	188905	G	549	14	563	0.00005
Thalassococcus	436357	G	546	14	560	0.00005
Antarctobacter	74032	G	513	26	539	0.00004
Thalassobius	335927	G	328	17	345	0.00003
Falsihalocynthiibacter	2854182	G	141	4	145	0.00001
Caulobacter	75	G	30412	3456	33868	0.00275
Brevundimonas	41275	G	23220	3285	26505	0.00215
Phenylobacterium	20	G	12611	2109	14720	0.00119
Terricaulis	2768684	G	2550	87	2637	0.00021
Asticcacaulis	76890	G	1918	142	2060	0.00017
Marinicauda	1649466	G	2200	380	2580	0.00021
Maricaulis	74317	G	709	42	751	0.00006
Glycocaulis	1433402	G	690	34	724	0.00006
Hyphobacterium	2004661	G	512	16	528	0.00004
Hyphomonas	85	G	2359	105	2464	0.00020
Candidatus_Viadribacter	2892997	G	1496	39	1535	0.00012
Hirschia	2723	G	37	0	37	0.00000
Aquisalinus	1795639	G	819	36	855	0.00007
Parvularcula	208215	G	351	44	395	0.00003
Anaplasma	768	G	164	24	188	0.00002
Wolbachia	953	G	127	7	134	0.00001
Ehrlichia	943	G	53	6	59	0.00000
Neorickettsia	33993	G	27	0	27	0.00000
Rickettsia	780	G	181	15	196	0.00002
Orientia	69474	G	21	1	22	0.00000
Candidatus_Phycorickettsia	2115980	G	31	3	34	0.00000
Candidatus_Midichloria	411566	G	36	6	42	0.00000
Candidatus_Fokinia	1802983	G	16	20	36	0.00000
Candidatus_Deianiraea	2603321	G	11	0	11	0.00000
Luteithermobacter	2813803	G	330	38	368	0.00003
Paremcibacter	2813804	G	291	7	298	0.00002
Micavibrio	213485	G	484	4	488	0.00004
Candidatus_Puniceispirillum	767891	G	82	2	84	0.00001
Candidatus_Hydrogenosomobacter	2654634	G	40	28	68	0.00001
Candidatus_Cytomitobacter	2601574	G	26	3	29	0.00000
Candidatus_Gromoviella	2900571	G	24	0	24	0.00000
Candidatus_Nesciobacter	2601651	G	13	1	14	0.00000
Candidatus_Paracaedibacter	1521255	G	65	4	69	0.00001
Candidatus_Nucleicultrix	1509243	G	46	2	48	0.00000
Magnetococcus	162171	G	172	3	175	0.00001
Candidatus_Pelagibacter	198251	G	72	1	73	0.00001
Candidatus_Fonsibacter	2045213	G	29	1	30	0.00000
Kordiimonas	288021	G	57	0	57	0.00000
Burkholderia	32008	G	104400	85942	190342	0.01544
Cupriavidus	106589	G	65787	34074	99861	0.00810
Paraburkholderia	1822464	G	52356	5478	57834	0.00469
Ralstonia	48736	G	16956	7752	24708	0.00200
Pandoraea	93217	G	15819	2400	18219	0.00148
Caballeronia	1827195	G	15145	1791	16936	0.00137
Polynucleobacter	44013	G	1460	33	1493	0.00012
Lautropia	47670	G	1323	237	1560	0.00013
Chitinimonas	240411	G	1072	84	1156	0.00009
Mycetohabitans	2571159	G	907	56	963	0.00008
Mycoavidus	1810868	G	240	10	250	0.00002
Candidatus_Vallotia	2018044	G	159	17	176	0.00001
Limnobacter	131079	G	151	6	157	0.00001
Ephemeroptericola	2680021	G	84	4	88	0.00001
Variovorax	34072	G	61152	20299	81451	0.00661
Hydrogenophaga	47420	G	27539	11859	39398	0.00320
Acidovorax	12916	G	22597	11848	34445	0.00279
Ramlibacter	174951	G	13998	5753	19751	0.00160
Comamonas	283	G	12669	7099	19768	0.00160
Rhodoferax	28065	G	11247	2735	13982	0.00113
Schlegelella	215579	G	9749	3217	12966	0.00105
Diaphorobacter	238749	G	7004	7717	14721	0.00119
Delftia	80865	G	6561	8550	15111	0.00123
Kinneretia	683756	G	5643	3609	9252	0.00075
Polaromonas	52972	G	5126	425	5551	0.00045
Ottowia	219181	G	3993	738	4731	0.00038
Alicycliphilus	201096	G	3574	6154	9728	0.00079
Melaminivora	1649468	G	3098	2733	5831	0.00047
Serpentinimonas	2490452	G	2346	526	2872	0.00023
Verminephrobacter	364316	G	1655	214	1869	0.00015
Hylemonella	232523	G	1468	224	1692	0.00014
Pulveribacter	2678886	G	1406	782	2188	0.00018
Simplicispira	352450	G	1097	383	1480	0.00012
Limnohabitans	665874	G	687	67	754	0.00006
Curvibacter	281915	G	500	37	537	0.00004
Candidatus_Symbiobacter	1436289	G	448	15	463	0.00004
Massilia	149698	G	65564	11215	76779	0.00623
Duganella	75654	G	5150	1656	6806	0.00055
Herbaspirillum	963	G	9932	1813	11745	0.00095
Janthinobacterium	29580	G	9563	3086	12649	0.00103
Collimonas	202907	G	4212	453	4665	0.00038
Noviherbaspirillum	1344552	G	3681	617	4298	0.00035
Undibacterium	401469	G	624	35	659	0.00005
Glaciimonas	1229970	G	229	12	241	0.00002
Herminiimonas	303379	G	227	32	259	0.00002
Oxalobacter	846	G	169	15	184	0.00001
Achromobacter	222	G	29014	13720	42734	0.00347
Bordetella	517	G	28733	11638	40371	0.00327
Pigmentiphaga	152267	G	4504	550	5054	0.00041
Castellaniella	359336	G	2222	1695	3917	0.00032
Orrella	1921582	G	2221	782	3003	0.00024
Alcaligenes	507	G	1208	271	1479	0.00012
Pusillimonas_(ex_Stolz_et_al._2005)	305976	G	946	170	1116	0.00009
Paralcaligenes	1148163	G	616	26	642	0.00005
Kerstersia	257820	G	583	137	720	0.00006
Advenella	290425	G	504	14	518	0.00004
Oligella	90243	G	113	28	141	0.00001
Paenalcaligenes	1100891	G	57	2	59	0.00000
Pelistega	106146	G	20	2	22	0.00000
Basilea	1472344	G	19	1	20	0.00000
Taylorella	29574	G	18	1	19	0.00000
Rhizobacter	212743	G	12469	3140	15609	0.00127
Sphaerotilus	34102	G	7234	4058	11292	0.00092
Rubrivivax	28067	G	6414	2247	8661	0.00070
Methylibium	316612	G	6350	2101	8451	0.00069
Aquincola	391952	G	5122	2025	7147	0.00058
Thiomonas	32012	G	4562	302	4864	0.00039
Leptothrix	88	G	4125	1507	5632	0.00046
Mitsuaria	65047	G	4058	914	4972	0.00040
Ideonella	36862	G	2690	1851	4541	0.00037
Xylophilus	54066	G	2618	853	3471	0.00028
Tepidimonas	114248	G	2334	927	3261	0.00026
Aquabacterium	92793	G	1911	566	2477	0.00020
Roseateles	93681	G	1905	416	2321	0.00019
Inhella	644355	G	1354	238	1592	0.00013
Paucibacter	318147	G	1028	194	1222	0.00010
Candidatus_Ichthyocystis	2929841	G	28	0	28	0.00000
Sutterella	40544	G	1499	110	1609	0.00013
Turicimonas	1918598	G	82	5	87	0.00001
Thauera	33057	G	13147	8378	21525	0.00175
Azoarcus	12960	G	11284	3763	15047	0.00122
Nitrogeniibacter	2891294	G	3467	561	4028	0.00033
Aromatoleum	551759	G	10814	3265	14079	0.00114
Azospira	146937	G	7564	3754	11318	0.00092
Niveibacterium	1769726	G	1872	258	2130	0.00017
Oryzomicrobium	1911577	G	1291	352	1643	0.00013
Rugosibacter	1914449	G	377	69	446	0.00004
Dechloromonas	73029	G	2934	510	3444	0.00028
Ferribacterium	88875	G	2590	448	3038	0.00025
Quatrionicoccus	138117	G	1117	343	1460	0.00012
Fluviibacter	2808942	G	148	41	189	0.00002
Usitatibacter	2803845	G	20842	1587	22429	0.00182
Nitrosomonas	914	G	6696	198	6894	0.00056
Nitrosospira	35798	G	6266	176	6442	0.00052
Denitratisoma	311181	G	2773	1496	4269	0.00035
Sulfuritalea	1054211	G	2201	343	2544	0.00021
Methyloversatilis	378210	G	1831	255	2086	0.00017
Sterolibacterium	157591	G	1409	432	1841	0.00015
Ferrigenium	2249462	G	2483	506	2989	0.00024
Sideroxydans	314343	G	2255	302	2557	0.00021
Ferriphaselus	1443590	G	502	63	565	0.00005
Candidatus_Nitrotoga	453161	G	346	19	365	0.00003
Gallionella	96	G	271	23	294	0.00002
Thiobacillus	919	G	2860	576	3436	0.00028
Sulfuritortus	1938335	G	1956	899	2855	0.00023
Sulfurimicrobium	2772198	G	1444	186	1630	0.00013
Sulfuriferula	1778653	G	1264	214	1478	0.00012
Sulfuricella	935200	G	619	55	674	0.00005
Methylovorus	81682	G	361	26	387	0.00003
Methylobacillus	404	G	344	92	436	0.00004
Methylophilus	16	G	149	10	159	0.00001
Candidatus_Methylopumilus	1679002	G	117	9	126	0.00001
Methylotenera	359407	G	105	9	114	0.00001
Methyloradius	2872156	G	64	5	69	0.00001
Chromobacterium	535	G	9205	2071	11276	0.00091
Iodobacter	32014	G	151	42	193	0.00002
Jeongeupia	885864	G	2978	571	3549	0.00029
Paludibacterium	400060	G	2364	399	2763	0.00022
Pseudogulbenkiania	568394	G	1769	614	2383	0.00019
Vogesella	57739	G	1653	422	2075	0.00017
Aquitalea	407217	G	1282	249	1531	0.00012
Microvirgula	57479	G	1240	243	1483	0.00012
Laribacter	168470	G	856	709	1565	0.00013
Aquaspirillum	187	G	631	95	726	0.00006
Chitinibacter	230666	G	221	81	302	0.00002
Deefgea	400947	G	206	26	232	0.00002
Neisseria	482	G	3405	1113	4518	0.00037
Crenobacter	1654931	G	2350	778	3128	0.00025
Chitinolyticbacter	1055692	G	1406	179	1585	0.00013
Vitreoscilla	59	G	728	131	859	0.00007
Kingella	32257	G	488	123	611	0.00005
Eikenella	538	G	403	101	504	0.00004
Uruburuella	299568	G	387	57	444	0.00004
Paralysiella	2898489	G	123	25	148	0.00001
Alysiella	194195	G	85	13	98	0.00001
Aquella	2593687	G	65	76	141	0.00001
Conchiformibius	334107	G	58	9	67	0.00001
Snodgrassella	1193515	G	29	7	36	0.00000
Morococcus	212742	G	20	106	126	0.00001
Simonsiella	71	G	13	2	15	0.00000
Casimicrobium	2706000	G	1565	820	2385	0.00019
Candidatus_Kinetoplastibacterium	33055	G	40	6	46	0.00000
Archangium	47	G	209716	13940	223656	0.01814
Cystobacter	42	G	14273	1755	16028	0.00130
Stigmatella	40	G	8588	506	9094	0.00074
Melittangium	44	G	7854	910	8764	0.00071
Pyxidicoccus	224458	G	31656	1285	32941	0.00267
Myxococcus	32	G	27674	22733	50407	0.00409
Corallococcus	83461	G	27406	2227	29633	0.00240
Anaeromyxobacter	161492	G	59566	3309	62875	0.00510
Vulgatibacter	1524214	G	6620	389	7009	0.00057
Sorangium	39643	G	112779	10631	123410	0.01001
Polyangium	55	G	20078	1505	21583	0.00175
Chondromyces	50	G	9822	350	10172	0.00083
Pajaroellobacter	1882917	G	146	3	149	0.00001
Sandaracinus	1055688	G	27647	1152	28799	0.00234
Labilithrix	1524217	G	15281	562	15843	0.00129
Haliangium	162027	G	12218	545	12763	0.00104
Geomonas	2651583	G	12600	1879	14479	0.00117
Geobacter	28231	G	9614	936	10550	0.00086
Citrifermentans	2883512	G	3781	862	4643	0.00038
Geotalea	2910589	G	1388	84	1472	0.00012
Geoalkalibacter	392332	G	674	597	1271	0.00010
Trichlorobacter	115782	G	402	52	454	0.00004
Desulfuromonas	890	G	6350	733	7083	0.00057
Pelobacter	18	G	1004	354	1358	0.00011
Syntrophotalea	2812025	G	1147	123	1270	0.00010
Desulfovibrio	872	G	5476	719	6195	0.00050
Pseudodesulfovibrio	2035811	G	5356	967	6323	0.00051
Solidesulfovibrio	2910984	G	3502	374	3876	0.00031
Oceanidesulfovibrio	2905722	G	1515	96	1611	0.00013
Desulfocurvibacter	2582840	G	1071	74	1145	0.00009
Desulfolutivibrio	2773294	G	949	290	1239	0.00010
Megalodesulfovibrio	2910978	G	826	43	869	0.00007
Oleidesulfovibrio	2909705	G	250	357	607	0.00005
Maridesulfovibrio	2794998	G	138	11	149	0.00001
Paradesulfovibrio	2910986	G	131	12	143	0.00001
Lawsonia	41707	G	25	0	25	0.00000
Desulfomicrobium	898	G	1081	139	1220	0.00010
Desulfohalobium	45662	G	294	13	307	0.00002
Desulfosarcina	2299	G	2437	355	2792	0.00023
Desulfococcus	896	G	577	107	684	0.00006
Desulfatibacillum	218207	G	494	16	510	0.00004
Desulfoluna	497721	G	441	21	462	0.00004
Desulfonema	45654	G	219	5	224	0.00002
Desulfobacter	2289	G	179	18	197	0.00002
Desulforapulum	2904687	G	161	18	179	0.00001
Desulfobacula	28222	G	59	4	63	0.00001
Desulfobulbus	893	G	1502	278	1780	0.00014
Desulfurivibrio	427922	G	580	24	604	0.00005
Desulfomarina	2894767	G	79	6	85	0.00001
Desulfosudis	2904716	G	567	34	601	0.00005
Desulfosediminicola	2886823	G	201	19	220	0.00002
Desulfotalea	109168	G	71	11	82	0.00001
Desulfocapsa	53318	G	32	1	33	0.00000
Persicimonas	2766927	G	4042	112	4154	0.00034
Bradymonas	1779136	G	1330	595	1925	0.00016
Syntrophobacter	29526	G	1010	415	1425	0.00012
Desulfoglaeba	361106	G	882	36	918	0.00007
Desulfarculus	453229	G	1666	960	2626	0.00021
Desulfobacca	60892	G	347	7	354	0.00003
Syntrophus	43773	G	306	14	320	0.00003
Desulfomonile	2357	G	278	2	280	0.00002
Dissulfurimicrobium	1769732	G	196	9	205	0.00002
Candidatus_Desulfofervidus	1902583	G	114	1	115	0.00001
Hippea	84404	G	47	1	48	0.00000
Campylobacter	194	G	853	66	919	0.00007
Sulfurimonas	202746	G	574	26	600	0.00005
Sulfuricurvum	286130	G	50	1	51	0.00000
Helicobacter	209	G	425	173	598	0.00005
Wolinella	843	G	43	2	45	0.00000
Nitratifractor	269260	G	242	10	252	0.00002
Sulfurovum	265570	G	153	9	162	0.00001
Hydrogenimonas	223785	G	263	14	277	0.00002
Aliarcobacter	2321111	G	55	14	69	0.00001
Arcobacter	28196	G	45	8	53	0.00000
Malaciobacter	2321114	G	35	6	41	0.00000
Pseudoarcobacter	2321113	G	16	5	21	0.00000
Halarcobacter	2321115	G	15	1	16	0.00000
Poseidonibacter	2321187	G	14	19	33	0.00000
Sulfurospirillum	57665	G	172	5	177	0.00001
Nitrosophilus	2795692	G	96	30	126	0.00001
Nitratiruptor	269258	G	66	13	79	0.00001
Caminibacter	191301	G	56	15	71	0.00001
Nautilia	191291	G	40	7	47	0.00000
Lysobacter	68	G	61646	10571	72217	0.00586
Xanthomonas	338	G	23577	12701	36278	0.00294
Stenotrophomonas	40323	G	23417	10285	33702	0.00273
Luteimonas	83614	G	16641	3512	20153	0.00163
Pseudoxanthomonas	83618	G	13912	6859	20771	0.00168
Thermomonas	141948	G	7620	2198	9818	0.00080
Arenimonas	490567	G	2525	529	3054	0.00025
Pseudolysobacter	2709666	G	1507	39	1546	0.00013
Xylella	2370	G	284	48	332	0.00003
Luteibacter	242605	G	9773	1172	10945	0.00089
Rhodanobacter	75309	G	7877	1863	9740	0.00079
Dyella	231454	G	6774	1268	8042	0.00065
Frateuria	70411	G	6595	1910	8505	0.00069
Dokdonella	323413	G	4708	859	5567	0.00045
Aerosticca	2707020	G	2005	2881	4886	0.00040
Ahniella	2233801	G	950	23	973	0.00008
Pseudomonas	286	G	198670	68622	267292	0.02168
Azotobacter	352	G	3752	649	4401	0.00036
Halopseudomonas	2901189	G	2031	382	2413	0.00020
Permianibacter	1649479	G	408	10	418	0.00003
Thiopseudomonas	1654787	G	47	9	56	0.00000
Entomomonas	2758906	G	36	1	37	0.00000
Marinobacter	2742	G	4489	369	4858	0.00039
Klebsiella	570	G	4287	28119	32406	0.00263
Raoultella	160674	G	1135	580	1715	0.00014
Enterobacter	547	G	5213	6085	11298	0.00092
Citrobacter	544	G	2216	1955	4171	0.00034
Cronobacter	413496	G	1502	337	1839	0.00015
Leclercia	83654	G	1323	681	2004	0.00016
Kosakonia	1330547	G	1269	185	1454	0.00012
Salmonella	590	G	1022	26753	27775	0.00225
Pluralibacter	1330546	G	890	214	1104	0.00009
Cedecea	158483	G	727	100	827	0.00007
Escherichia	561	G	699	12712	13411	0.00109
Lelliottia	1330545	G	504	98	602	0.00005
Kluyvera	579	G	357	87	444	0.00004
Candidatus_Symbiopectobacterium	801	G	109	12	121	0.00001
Candidatus_Hamiltonella	568987	G	37	38	75	0.00001
Candidatus_Blochmannia	203804	G	56	1	57	0.00000
Candidatus_Doolittlea	1906657	G	28	1	29	0.00000
Candidatus_Hoaglandella	1906659	G	12	0	12	0.00000
Candidatus_Mikella	1906660	G	11	0	11	0.00000
Jejubacter	2815296	G	281	29	310	0.00003
Pseudescherichia	2055880	G	206	12	218	0.00002
Plesiomonas	702	G	180	49	229	0.00002
Buttiauxella	82976	G	149	16	165	0.00001
Shimwellia	1335483	G	140	24	164	0.00001
Atlantibacter	1903434	G	131	24	155	0.00001
Yokenella	158876	G	124	41	165	0.00001
Scandinavium	2726810	G	120	19	139	0.00001
Phytobacter	447792	G	108	147	255	0.00002
Pseudocitrobacter	1504576	G	108	116	224	0.00002
Shigella	620	G	35	938	973	0.00008
Candidatus_Moranella	1048757	G	13	0	13	0.00000
Candidatus_Ishikawaella	409304	G	13	0	13	0.00000
Candidatus_Profftia	1177214	G	12	0	12	0.00000
Candidatus_Schneideria	1081630	G	12	0	12	0.00000
Serratia	613	G	7505	1734	9239	0.00075
Yersinia	629	G	749	238	987	0.00008
Rahnella	34037	G	712	190	902	0.00007
Nissabacter	1964366	G	513	72	585	0.00005
Gibbsiella	929812	G	311	41	352	0.00003
Ewingella	41201	G	172	23	195	0.00002
Rouxiella	1565532	G	168	15	183	0.00001
Chania	1745211	G	89	9	98	0.00001
Candidatus_Fukatsuia	1927833	G	24	1	25	0.00000
Pantoea	53335	G	4483	787	5270	0.00043
Erwinia	551	G	1900	296	2196	0.00018
Mixta	2100764	G	1077	300	1377	0.00011
Buchnera	32199	G	193	20	213	0.00002
Tatumella	82986	G	115	16	131	0.00001
Wigglesworthia	51228	G	20	1	21	0.00000
Dickeya	204037	G	2237	395	2632	0.00021
Pectobacterium	122277	G	1214	226	1440	0.00012
Brenneria	71655	G	941	61	1002	0.00008
Lonsdalea	1082702	G	426	63	489	0.00004
Musicola	2884243	G	230	24	254	0.00002
Edwardsiella	635	G	1333	456	1789	0.00015
Hafnia	568	G	141	48	189	0.00002
Obesumbacterium	82982	G	34	22	56	0.00000
Morganella	581	G	295	252	547	0.00004
Xenorhabdus	626	G	288	593	881	0.00007
Providencia	586	G	263	113	376	0.00003
Proteus	583	G	222	221	443	0.00004
Photorhabdus	29487	G	129	8	137	0.00001
Arsenophonus	637	G	46	3	49	0.00000
Moellerella	158848	G	21	12	33	0.00000
Sodalis	84565	G	939	59	998	0.00008
Leminorella	82980	G	111	13	124	0.00001
Pragia	82984	G	32	4	36	0.00000
Jinshanibacter	2810357	G	28	4	32	0.00000
Limnobaculum	2172100	G	27	4	31	0.00000
Thioalkalivibrio	106633	G	6983	1254	8237	0.00067
Spiribacter	1335745	G	4540	310	4850	0.00039
Acidihalobacter	1765964	G	3037	252	3289	0.00027
Halorhodospira	85108	G	1503	115	1618	0.00013
Alkalilimnicola	133193	G	1305	156	1461	0.00012
Aquisalimonas	406099	G	1246	84	1330	0.00011
Ectothiorhodospira	1051	G	1055	89	1144	0.00009
Ectothiorhodosinus	233099	G	185	11	196	0.00002
Allochromatium	85072	G	2424	567	2991	0.00024
Thiodictyon	53392	G	2360	125	2485	0.00020
Thioflavicoccus	156885	G	2204	192	2396	0.00019
Marichromatium	85076	G	2009	379	2388	0.00019
Thiocapsa	1056	G	1626	86	1712	0.00014
Thiocystis	13724	G	1186	99	1285	0.00010
Thermochromatium	85073	G	818	199	1017	0.00008
Nitrosococcus	1227	G	604	16	620	0.00005
Caldichromatium	2828366	G	581	59	640	0.00005
Rheinheimera	67575	G	147	16	163	0.00001
Candidatus_Nitrosacidococcus	2796146	G	34	1	35	0.00000
Candidatus_Nitrosoglobus	1980513	G	23	1	24	0.00000
Wenzhouxiangella	1676142	G	2112	102	2214	0.00018
Thiohalobacter	1273155	G	1648	206	1854	0.00015
Guyparkeria	2035712	G	1333	268	1601	0.00013
Sulfurivermis	2034504	G	1290	521	1811	0.00015
Halothiobacillus	109262	G	774	61	835	0.00007
Woeseia	1738655	G	593	9	602	0.00005
Sulfuriflexus	1860077	G	279	8	287	0.00002
Granulosicoccus	437504	G	254	4	258	0.00002
Halomonas	2745	G	22185	3310	25495	0.00207
Halotalea	376488	G	1244	249	1493	0.00012
Cobetia	204286	G	1213	940	2153	0.00017
Salinicola	404432	G	1112	125	1237	0.00010
Kushneria	504090	G	879	42	921	0.00007
Chromohalobacter	42054	G	790	84	874	0.00007
Pistricoccus	1897649	G	543	36	579	0.00005
Zymobacter	33073	G	153	20	173	0.00001
Candidatus_Portiera	235572	G	26	2	28	0.00000
Candidatus_Carsonella	114185	G	18	6	24	0.00000
Alcanivorax	59753	G	2861	1023	3884	0.00032
Ketobacter	2025617	G	136	9	145	0.00001
Marinobacterium	48075	G	846	90	936	0.00008
Marinomonas	28253	G	297	28	325	0.00003
Thalassolituus	187492	G	160	17	177	0.00001
Venatorbacter	2893036	G	133	26	159	0.00001
Bacterioplanes	1537406	G	122	6	128	0.00001
Neptunomonas	75687	G	95	6	101	0.00001
Nitrincola	267849	G	61	10	71	0.00001
Amphritea	515417	G	43	3	46	0.00000
Bermanella	599651	G	35	1	36	0.00000
Saccharospirillum	231683	G	353	19	372	0.00003
Reinekea	230494	G	159	7	166	0.00001
Gynuella	1445504	G	100	2	102	0.00001
Hahella	158481	G	608	21	629	0.00005
Litoricola	418700	G	198	8	206	0.00002
Oleiphilus	141450	G	86	5	91	0.00001
Endozoicomonas	305899	G	79	4	83	0.00001
Spartinivicinus	2768738	G	27	0	27	0.00000
Methylococcus	413	G	4644	326	4970	0.00040
Methylomonas	416	G	2773	77	2850	0.00023
Methylomicrobium	39773	G	1324	215	1539	0.00012
Methylomagnum	1760987	G	1315	53	1368	0.00011
Methylocaldum	73778	G	1228	71	1299	0.00011
Methylogaea	1295378	G	1171	86	1257	0.00010
Candidatus_Methylospira	1808977	G	364	14	378	0.00003
Methylotuvimicrobium	2822410	G	312	154	466	0.00004
Methylovulum	762296	G	183	4	187	0.00002
Methylobacter	429	G	71	3	74	0.00001
Aeromonas	642	G	11303	7468	18771	0.00152
Zobellella	347533	G	787	184	971	0.00008
Oceanimonas	129577	G	432	94	526	0.00004
Dongshaea	2802288	G	125	10	135	0.00001
Oceanisphaera	225143	G	95	11	106	0.00001
Tolumonas	43947	G	77	33	110	0.00001
Succinivibrio	83770	G	27	1	28	0.00000
Solimonas	413435	G	5490	554	6044	0.00049
Flagellatimonas	2893022	G	1466	102	1568	0.00013
Sinimarinibacterium	1861863	G	724	402	1126	0.00009
Steroidobacter	469322	G	2878	860	3738	0.00030
Sulfurifustis	1692042	G	5364	321	5685	0.00046
Sulfuricaulis	1744881	G	2120	159	2279	0.00018
Acidiferrobacter	986106	G	1611	28	1639	0.00013
Microbulbifer	48073	G	3525	194	3719	0.00030
Kineobactrum	2678529	G	717	26	743	0.00006
Halioglobus	1217416	G	476	14	490	0.00004
Congregibacter	393661	G	290	112	402	0.00003
Aequoribacter	2847769	G	88	10	98	0.00001
Cellvibrio	10	G	610	22	632	0.00005
Simiduia	447467	G	243	11	254	0.00002
Teredinibacter	2425	G	228	9	237	0.00002
Agarilytica	2036021	G	42	0	42	0.00000
Marinagarivorans	1792291	G	40	3	43	0.00000
Saccharophagus	316625	G	37	1	38	0.00000
Spongiibacter	630749	G	466	40	506	0.00004
Zhongshania	1434050	G	86	5	91	0.00001
Oceanicoccus	1084558	G	55	1	56	0.00000
Shewanella	22	G	3262	550	3812	0.00031
Parashewanella	2547964	G	36	2	38	0.00000
Alteromonas	226	G	472	80	552	0.00004
Salinimonas	288793	G	217	29	246	0.00002
Hydrocarboniclastica	2650549	G	309	37	346	0.00003
Agarivorans	261825	G	120	10	130	0.00001
Lacimicrobium	1751872	G	104	6	110	0.00001
Paraglaciecola	1621534	G	98	6	104	0.00001
Saliniradius	2661818	G	89	7	96	0.00001
Paraneptunicella	2905123	G	37	1	38	0.00000
Catenovulum	1172191	G	29	1	30	0.00000
Glaciecola	89404	G	28	1	29	0.00000
Saccharobesus	2894574	G	18	1	19	0.00000
Pseudoalteromonas	53246	G	1022	150	1172	0.00010
Psychrosphaera	907197	G	25	2	27	0.00000
Flocculibacter	2834759	G	11	0	11	0.00000
Ferrimonas	44011	G	423	49	472	0.00004
Thalassotalea	1518149	G	103	12	115	0.00001
Colwellia	28228	G	88	10	98	0.00001
Litorilituus	1407056	G	17	1	18	0.00000
Cognaticolwellia	2848171	G	14	3	17	0.00000
Idiomarina	135575	G	171	15	186	0.00002
Moritella	58050	G	95	15	110	0.00001
Psychromonas	67572	G	60	5	65	0.00001
Aquicella	254245	G	3497	72	3569	0.00029
Coxiella	776	G	219	26	245	0.00002
Rickettsiella	59195	G	37	0	37	0.00000
Legionella	445	G	1678	142	1820	0.00015
Tatlockia	465	G	34	1	35	0.00000
Fluoribacter	461	G	25	9	34	0.00000
Vibrio	662	G	3227	1661	4888	0.00040
Photobacterium	657	G	521	98	619	0.00005
Salinivibrio	51366	G	107	12	119	0.00001
Grimontia	246861	G	76	9	85	0.00001
Thaumasiovibrio	2014233	G	44	5	49	0.00000
Aliivibrio	511678	G	31	5	36	0.00000
Enterovibrio	188143	G	16	0	16	0.00000
Immundisolibacter	1934947	G	3099	578	3677	0.00030
Acinetobacter	469	G	1592	702	2294	0.00019
Psychrobacter	497	G	380	17	397	0.00003
Moraxella	475	G	257	27	284	0.00002
Aquirhabdus	2824158	G	58	2	60	0.00000
Candidatus_Endoriftia	393764	G	692	32	724	0.00006
Candidatus_Ruthia	1541743	G	20	5	25	0.00000
Candidatus_Vesicomyosocius	2732587	G	18	34	52	0.00000
Sedimenticola	349742	G	391	15	406	0.00003
Candidatus_Reidiella	2738850	G	300	5	305	0.00002
Thiolapillus	1608298	G	243	5	248	0.00002
Pseudohongiella	1524249	G	138	3	141	0.00001
Gallaecimonas	745410	G	95	6	101	0.00001
Celerinatantimonas	412033	G	41	3	44	0.00000
Ignatzschineria	112008	G	30	2	32	0.00000
Candidatus_Pseudothioglobus	2841677	G	24	6	30	0.00000
Candidatus_Thioglobus	655184	G	22	2	24	0.00000
Candidatus_Azoamicus	2817383	G	13	1	14	0.00000
Thiomicrorhabdus	2039723	G	198	8	206	0.00002
Methylophaga	40222	G	174	42	216	0.00002
Thiomicrospira	933	G	170	41	211	0.00002
Hydrogenovibrio	28884	G	119	43	162	0.00001
Cycloclasticus	34067	G	51	4	55	0.00000
Thiosulfatimonas	2781121	G	43	2	45	0.00000
Piscirickettsia	1237	G	39	2	41	0.00000
Thiosulfativibrio	2781120	G	26	1	27	0.00000
Thiothrix	1030	G	612	14	626	0.00005
Beggiatoa	1021	G	54	0	54	0.00000
Francisella	262	G	146	92	238	0.00002
Allofrancisella	1869285	G	25	1	26	0.00000
Salinisphaera	180541	G	1453	1329	2782	0.00023
Pasteurella	745	G	229	327	556	0.00005
Haemophilus	724	G	187	54	241	0.00002
Aggregatibacter	416916	G	167	29	196	0.00002
Actinobacillus	713	G	117	40	157	0.00001
Mannheimia	75984	G	114	23	137	0.00001
Avibacterium	292486	G	56	9	65	0.00001
Glaesserella	2094023	G	51	26	77	0.00001
Rodentibacter	1960084	G	39	3	42	0.00000
Basfia	697331	G	25	1	26	0.00000
Gallibacterium	155493	G	21	5	26	0.00000
Histophilus	214906	G	18	4	22	0.00000
Bibersteinia	476528	G	14	7	21	0.00000
Vespertiliibacter	1520333	G	13	1	14	0.00000
Bisgaardia	109471	G	12	1	13	0.00000
Frederiksenia	1649317	G	11	2	13	0.00000
Cardiobacterium	2717	G	745	105	850	0.00007
Suttonella	13275	G	42	2	44	0.00000
Dichelobacter	869	G	27	6	33	0.00000
Kangiella	261963	G	136	8	144	0.00001
Gilliamella	1193503	G	53	12	65	0.00001
Zophobihabitans	2894762	G	21	1	22	0.00000
Acidithiobacillus	119977	G	1599	153	1752	0.00014
Bdellovibrio	958	G	639	33	672	0.00005
Pseudobdellovibrio	2862745	G	49	2	51	0.00000
Bacteriovorax	146784	G	50	12	62	0.00001
Halobacteriovorax	1652133	G	30	8	38	0.00000
Fluviispira	2698753	G	28	7	35	0.00000
Silvanigrella	2024975	G	22	5	27	0.00000
Hydrogenophilus	70774	G	604	87	691	0.00006
Mariprofundus	377315	G	317	6	323	0.00003
Gemmata	113	G	37884	3747	41631	0.00338
Urbifossiella	2807415	G	32949	2581	35530	0.00288
Frigoriglobus	2774146	G	21536	3312	24848	0.00202
Limnoglobus	2731450	G	15489	676	16165	0.00131
Tuwongella	2051044	G	1590	61	1651	0.00013
Telmatocola	1382832	G	1459	12	1471	0.00012
Tautonia	2680020	G	32229	2426	34655	0.00281
Aquisphaera	1511635	G	23915	3622	27537	0.00223
Paludisphaera	1763521	G	15500	3122	18622	0.00151
Singulisphaera	466152	G	10551	1423	11974	0.00097
Isosphaera	127	G	2088	140	2228	0.00018
Planctomyces	118	G	20074	4609	24683	0.00200
Gimesia	1649453	G	4520	248	4768	0.00039
Caulifigura	2795778	G	4439	283	4722	0.00038
Maioricimonas	2795777	G	4058	526	4584	0.00037
Alienimonas	2714737	G	3622	254	3876	0.00031
Symmachiella	2795780	G	1548	94	1642	0.00013
Planctopirus	1649480	G	823	30	853	0.00007
Rubinisphaera	1649490	G	795	79	874	0.00007
Fuerstiella	1936111	G	788	14	802	0.00007
Calycomorphotria	2795776	G	743	28	771	0.00006
Crateriforma	2714592	G	699	125	824	0.00007
Thalassoglobus	2795865	G	334	17	351	0.00003
Polystyrenella	2795774	G	287	25	312	0.00003
Lacipirellula	2691417	G	9048	646	9694	0.00079
Pirellulimonas	2795783	G	4935	557	5492	0.00045
Botrimarina	2795782	G	4204	409	4613	0.00037
Aeoliella	2795781	G	1510	136	1646	0.00013
Adhaeretor	2862451	G	837	88	925	0.00008
Bythopirellula	1400386	G	706	56	762	0.00006
Lignipirellula	2795775	G	3257	370	3627	0.00029
Stieleria	2795973	G	2944	306	3250	0.00026
Rosistilla	2795779	G	2628	183	2811	0.00023
Anatilimnocola	2807414	G	2463	262	2725	0.00022
Bremerella	2714594	G	1921	135	2056	0.00017
Pirellula	123	G	1761	56	1817	0.00015
Roseimaritima	1579506	G	1623	103	1726	0.00014
Rubripirellula	1579505	G	678	124	802	0.00007
Mariniblastus	2005380	G	508	9	517	0.00004
Aureliella	2795605	G	454	36	490	0.00004
Rhodopirellula	265488	G	449	29	478	0.00004
Thermogutta	1676125	G	656	20	676	0.00005
Humisphaera	2807511	G	6137	128	6265	0.00051
Phycisphaera	666508	G	2818	196	3014	0.00024
Mucisphaera	2913022	G	1307	71	1378	0.00011
Poriferisphaera	2803301	G	181	1	182	0.00001
Anaerohalosphaera	2690159	G	252	6	258	0.00002
Limihaloglobus	2690160	G	118	6	124	0.00001
Sedimentisphaera	2483368	G	110	41	151	0.00001
Candidatus_Kuenenia	380738	G	142	0	142	0.00001
Candidatus_Uabimicrobium	2897349	G	82	1	83	0.00001
Opitutus	178440	G	8039	699	8738	0.00071
Lacunisphaera	1961799	G	3039	446	3485	0.00028
Oleiharenicola	2100741	G	2062	109	2171	0.00018
Nibricoccus	2576890	G	1643	77	1720	0.00014
Ereboglobus	2028344	G	1330	66	1396	0.00011
Ruficoccus	2175957	G	616	61	677	0.00005
Coraliomargarita	442430	G	161	3	164	0.00001
Verrucomicrobium	2735	G	3231	279	3510	0.00028
Luteolibacter	518753	G	2280	90	2370	0.00019
Roseimicrobium	1348508	G	1344	56	1400	0.00011
Sulfuriroseicoccus	2911469	G	366	46	412	0.00003
Akkermansia	239934	G	1175	74	1249	0.00010
Methylacidimicrobium	1541670	G	1232	127	1359	0.00011
Candidatus_Xiphinematobacter	134550	G	193	16	209	0.00002
Methylacidiphilum	511745	G	132	6	138	0.00001
Kiritimatiella	1921784	G	769	829	1598	0.00013
Tichowtungia	2907187	G	274	8	282	0.00002
Candidatus_Protochlamydia	282132	G	203	39	242	0.00002
Parachlamydia	83551	G	80	19	99	0.00001
Neochlamydia	112987	G	50	7	57	0.00000
Candidatus_Rhabdochlamydia	292833	G	78	7	85	0.00001
Waddlia	71666	G	48	6	54	0.00000
Simkania	34093	G	43	3	46	0.00000
Chlamydia	810	G	116	43	159	0.00001
Candidatus_Velamenicoccus	2789201	G	286	0	286	0.00002
Gemmatirosa	1706036	G	77053	4947	82000	0.00665
Gemmatimonas	173479	G	17890	346	18236	0.00148
Hymenobacter	89966	G	14952	601	15553	0.00126
Pontibacter	323449	G	1589	158	1747	0.00014
Rufibacter	1379908	G	434	105	539	0.00004
Adhaeribacter	299566	G	190	12	202	0.00002
Nibribacter	1649474	G	122	76	198	0.00002
Spirosoma	107	G	2660	116	2776	0.00023
Rhodocytophaga	455076	G	109	3	112	0.00001
Aquirufa	2676247	G	47	6	53	0.00000
Cytophaga	978	G	42	3	45	0.00000
Dyadobacter	120831	G	828	49	877	0.00007
Fibrella	861914	G	757	50	807	0.00007
Runella	105	G	390	13	403	0.00003
Larkinella	332157	G	138	8	146	0.00001
Leadbetterella	319458	G	33	15	48	0.00000
Arcticibacterium	2173039	G	21	1	22	0.00000
Chryseolinea	1433993	G	737	17	754	0.00006
Fulvivirga	396811	G	140	5	145	0.00001
Echinicola	390846	G	277	37	314	0.00003
Algoriphagus	246875	G	135	10	145	0.00001
Cyclobacterium	68288	G	47	4	51	0.00000
Aquiflexum	280472	G	44	4	48	0.00000
Mongoliitalea	1511649	G	33	2	35	0.00000
Belliella	232244	G	17	6	23	0.00000
Flammeovirga	59739	G	77	4	81	0.00001
Candidatus_Amoebophilus	281119	G	35	0	35	0.00000
Candidatus_Cardinium	273135	G	28	7	35	0.00000
Marivirga	869806	G	41	13	54	0.00000
Mangrovivirga	2858886	G	31	1	32	0.00000
Bernardetia	1937972	G	20	1	21	0.00000
Niastella	354354	G	3360	253	3613	0.00029
Chitinophaga	79328	G	1895	83	1978	0.00016
Flavisolibacter	398041	G	1205	68	1273	0.00010
Panacibacter	1874621	G	1151	38	1189	0.00010
Paraflavitalea	2698688	G	576	31	607	0.00005
Pseudocnuella	2812019	G	565	49	614	0.00005
Pseudobacter	1860196	G	499	31	530	0.00004
Flavihumibacter	1004301	G	457	19	476	0.00004
Niabella	379899	G	409	23	432	0.00004
Arachidicoccus	1769012	G	385	43	428	0.00003
Ferruginibacter	1004303	G	325	14	339	0.00003
Lacibacter	649461	G	306	10	316	0.00003
Phnomibacter	2836216	G	244	21	265	0.00002
Filimonas	649460	G	170	14	184	0.00001
Rhodocaloribacter	2893090	G	3607	274	3881	0.00031
Rhodothermus	29548	G	3488	137	3625	0.00029
Salinibacter	146918	G	2236	25	2261	0.00018
Alistipes	239759	G	3948	1145	5093	0.00041
Prevotella	838	G	1225	131	1356	0.00011
Paraprevotella	577309	G	46	36	82	0.00001
Pseudoprevotella	2884814	G	43	7	50	0.00000
Bacteroides	816	G	949	362	1311	0.00011
Phocaeicola	909656	G	181	78	259	0.00002
Tannerella	195950	G	375	18	393	0.00003
Parabacteroides	375288	G	284	150	434	0.00004
Sodaliphilus	2815786	G	216	93	309	0.00003
Duncaniella	2518495	G	192	7	199	0.00002
Muribaculum	1918540	G	173	11	184	0.00001
Porphyromonas	836	G	456	42	498	0.00004
Proteiniphilum	294702	G	94	4	98	0.00001
Petrimonas	307628	G	81	2	83	0.00001
Dysgonomonas	156973	G	10	0	10	0.00000
Barnesiella	397864	G	115	130	245	0.00002
Butyricimonas	574697	G	60	22	82	0.00001
Odoribacter	283168	G	32	3	35	0.00000
Paludibacter	346096	G	29	0	29	0.00000
Salinivirga	1970191	G	28	0	28	0.00000
Tenuifilum	2760873	G	19	0	19	0.00000
Draconibacterium	1471399	G	74	2	76	0.00001
Maribellus	2678352	G	52	1	53	0.00000
Alkalitalea	1193324	G	35	2	37	0.00000
Labilibaculum	2060722	G	25	1	26	0.00000
Flavobacterium	237	G	1848	188	2036	0.00017
Capnocytophaga	1016	G	347	42	389	0.00003
Muricauda	111500	G	251	42	293	0.00002
Polaribacter	52959	G	237	25	262	0.00002
Gramella	292691	G	208	28	236	0.00002
Robiginitalea	252306	G	187	9	196	0.00002
Nonlabens	363408	G	156	19	175	0.00001
Winogradskyella	286104	G	144	22	166	0.00001
Aequorivita	153265	G	111	3	114	0.00001
Antarcticibacterium	2058174	G	109	12	121	0.00001
Tenacibaculum	104267	G	92	149	241	0.00002
Sinomicrobium	1434045	G	90	2	92	0.00001
Maribacter	252356	G	84	16	100	0.00001
Cellulophaga	104264	G	70	12	82	0.00001
Kordia	221065	G	64	3	67	0.00001
Salegentibacter	143222	G	63	26	89	0.00001
Formosa	225842	G	62	8	70	0.00001
Aquimarina	290174	G	62	3	65	0.00001
Myroides	76831	G	60	15	75	0.00001
Leeuwenhoekiella	283735	G	50	9	59	0.00000
Dokdonia	326319	G	42	2	44	0.00000
Lacinutrix	291183	G	42	8	50	0.00000
Aggregatimonas	2913017	G	42	1	43	0.00000
Psychroflexus	83612	G	36	2	38	0.00000
Algibacter	261827	G	35	7	42	0.00000
Flagellimonas	444459	G	35	1	36	0.00000
Lutibacter	358023	G	35	2	37	0.00000
Zunongwangia	417127	G	34	18	52	0.00000
Tamlana	393005	G	30	4	34	0.00000
Galbibacter	379068	G	29	2	31	0.00000
Euzebyella	1287916	G	27	11	38	0.00000
Zobellia	112040	G	25	1	26	0.00000
Mesoflavibacter	444051	G	25	4	29	0.00000
Gilvibacter	379070	G	24	2	26	0.00000
Constantimarinum	2907134	G	24	1	25	0.00000
Croceibacter	216431	G	23	3	26	0.00000
Changchengzhania	2049301	G	22	2	24	0.00000
Mariniflexile	527198	G	22	1	23	0.00000
Muriicola	762641	G	21	1	22	0.00000
Pukyongia	2831916	G	20	1	21	0.00000
Costertonia	343334	G	19	3	22	0.00000
Seonamhaeicola	1649495	G	19	2	21	0.00000
Arenibacter	178469	G	18	4	22	0.00000
Aegicerativicinus	2893197	G	17	0	17	0.00000
Bizionia	283785	G	17	2	19	0.00000
Zhouia	561555	G	16	3	19	0.00000
Sediminicola	389486	G	15	1	16	0.00000
Wenyingzhuangia	1518147	G	14	16	30	0.00000
Urechidicola	2700084	G	14	5	19	0.00000
Olleya	336276	G	14	7	21	0.00000
Oceanihabitans	2045416	G	13	4	17	0.00000
Gillisia	244698	G	13	3	16	0.00000
Amniculibacterium	2715289	G	11	13	24	0.00000
Marixanthomonas	387658	G	11	2	13	0.00000
Sabulilitoribacter	1573059	G	10	1	11	0.00000
Chryseobacterium	59732	G	1178	334	1512	0.00012
Kaistella	2782231	G	202	29	231	0.00002
Epilithonimonas	2782229	G	45	48	93	0.00001
Elizabethkingia	308865	G	162	36	198	0.00002
Cruoricaptor	1433995	G	71	10	81	0.00001
Apibacter	1778601	G	53	2	55	0.00000
Empedobacter	59734	G	49	23	72	0.00001
Cloacibacterium	501783	G	31	18	49	0.00000
Ornithobacterium	28250	G	30	23	53	0.00000
Riemerella	34084	G	28	10	38	0.00000
Bergeyella	59735	G	23	5	28	0.00000
Faecalibacter	2766734	G	10	1	11	0.00000
Blattabacterium	34098	G	163	13	176	0.00001
Fluviicola	332102	G	81	5	86	0.00001
Crocinitomix	246873	G	25	0	25	0.00000
Croceimicrobium	2828338	G	37	8	45	0.00000
Owenweeksia	267986	G	34	2	36	0.00000
Candidatus_Sulcia	336809	G	28	6	34	0.00000
Candidatus_Walczuchella	1940138	G	17	1	18	0.00000
Mucilaginibacter	423349	G	1660	105	1765	0.00014
Pedobacter	84567	G	821	54	875	0.00007
Sphingobacterium	28453	G	550	226	776	0.00006
Anseongella	1773450	G	136	4	140	0.00001
Solitalea	929509	G	105	6	111	0.00001
Olivibacter	376469	G	98	8	106	0.00001
Pseudopedobacter	1649482	G	43	34	77	0.00001
Haliscomenobacter	2349	G	194	2	196	0.00002
Saprospira	1007	G	40	0	40	0.00000
Candidatus_Sulfidibacterium	2923290	G	60	1	61	0.00001
Chlorobaculum	256319	G	1781	103	1884	0.00015
Pelodictyon	1099	G	409	52	461	0.00004
Chlorobium	1091	G	335	33	368	0.00003
Prosthecochloris	1101	G	694	43	737	0.00006
Chloroherpeton	100715	G	156	2	158	0.00001
Candidatus_Cyclonatronum	2489367	G	249	25	274	0.00002
Melioribacter	1134403	G	113	15	128	0.00001
Ignavibacterium	795750	G	78	13	91	0.00001
Fibrobacter	832	G	117	1	118	0.00001
Candidatus_Cloacimonas	456826	G	40	0	40	0.00000
Luteitalea	2004797	G	38921	1802	40723	0.00330
Granulicella	940557	G	8455	888	9343	0.00076
Terriglobus	392733	G	5620	714	6334	0.00051
Acidobacterium	33973	G	4756	413	5169	0.00042
Candidatus_Koribacter	658061	G	4650	161	4811	0.00039
Edaphobacter	388463	G	2387	318	2705	0.00022
Acidisarcina	2608728	G	1558	122	1680	0.00014
Paludibaculum	1649475	G	6998	189	7187	0.00058
Chloracidobacterium	458032	G	3280	72	3352	0.00027
Sulfidibacter	2915177	G	1610	28	1638	0.00013
Thermotomaculum	1172428	G	68	2	70	0.00001
Nitrospira	1234	G	15358	153	15511	0.00126
Leptospirillum	179	G	300	7	307	0.00002
Dissulfurispira	2811506	G	100	8	108	0.00001
Thermodesulfovibrio	28261	G	80	2	82	0.00001
Treponema	157	G	956	99	1055	0.00009
Spirochaeta	146	G	700	18	718	0.00006
Salinispira	1616789	G	99	2	101	0.00001
Sediminispirochaeta	1911556	G	69	1	70	0.00001
Oceanispirochaeta	2035349	G	30	1	31	0.00000
Thiospirochaeta	2792240	G	17	1	18	0.00000
Sphaerochaeta	399320	G	237	9	246	0.00002
Borrelia	138	G	65	32	97	0.00001
Borreliella	64895	G	13	62	75	0.00001
Breznakiella	2845254	G	137	10	147	0.00001
Leptospira	171	G	395	30	425	0.00003
Turneriella	338321	G	239	1	240	0.00002
Brachyspira	29521	G	54	0	54	0.00000
Pyramidobacter	638847	G	545	24	569	0.00005
Fretibacterium	1434006	G	527	5	532	0.00004
Aminomonas	81411	G	486	41	527	0.00004
Cloacibacillus	508459	G	393	51	444	0.00004
Thermanaerovibrio	81461	G	363	49	412	0.00003
Jonquetella	428711	G	302	29	331	0.00003
Acetomicrobium	49894	G	77	1	78	0.00001
Thermovirga	336260	G	58	30	88	0.00001
Aminobacterium	81466	G	54	2	56	0.00000
Candidatus_Bipolaricaulis	2250122	G	651	17	668	0.00005
Candidatus_Nanosynbacter	2093823	G	151	65	216	0.00002
Candidatus_Saccharimonas	1331051	G	71	0	71	0.00001
Candidatus_Minimicrobia	2905967	G	12	64	76	0.00001
Candidatus_Babela	1551504	G	110	1	111	0.00001
Candidatus_Chazhemtobacterium	2715734	G	46	0	46	0.00000
Candidatus_Absconditicoccus	2900570	G	33	0	33	0.00000
Thermotoga	2335	G	228	41	269	0.00002
Pseudothermotoga	1643951	G	54	4	58	0.00000
Thermosipho	2420	G	62	8	70	0.00001
Fervidobacterium	2422	G	49	35	84	0.00001
Mesotoga	1184396	G	81	7	88	0.00001
Kosmotoga	651456	G	52	8	60	0.00000
Marinitoga	160798	G	16	1	17	0.00000
Tepiditoga	2778400	G	15	5	20	0.00000
Defluviitoga	1511648	G	11	15	26	0.00000
Athalassotoga	1769718	G	30	0	30	0.00000
Thermocrinis	75905	G	132	18	150	0.00001
Hydrogenobacter	939	G	46	4	50	0.00000
Aquifex	2713	G	36	2	38	0.00000
Hydrogenobaculum	168657	G	16	0	16	0.00000
Sulfurihydrogenibium	212790	G	57	6	63	0.00001
Persephonella	182899	G	55	3	58	0.00000
Thermosulfidibacter	412592	G	99	2	101	0.00001
Thermovibrio	171868	G	72	14	86	0.00001
Desulfurobacterium	64159	G	19	3	22	0.00000
Thermosulfurimonas	1522431	G	156	31	187	0.00002
Thermosulfuriphilus	2033601	G	88	4	92	0.00001
Thermodesulfatator	241192	G	58	10	68	0.00001
Thermodesulfobacterium	1740	G	43	10	53	0.00000
Caldimicrobium	444090	G	31	8	39	0.00000
Fusobacterium	848	G	160	35	195	0.00002
Cetobacterium	180162	G	14	1	15	0.00000
Leptotrichia	32067	G	87	17	104	0.00001
Sebaldella	32068	G	41	1	42	0.00000
Streptobacillus	34104	G	11	4	15	0.00000
Geovibrio	46200	G	85	17	102	0.00001
Mucispirillum	248038	G	38	3	41	0.00000
Denitrovibrio	117999	G	37	5	42	0.00000
Flexistipes	2351	G	32	3	35	0.00000
Calditerrivibrio	545865	G	31	4	35	0.00000
Deferribacter	53572	G	26	4	30	0.00000
Caldithrix	187144	G	270	1	271	0.00002
Desulfurispirillum	393029	G	230	64	294	0.00002
Endomicrobium	1408194	G	100	1	101	0.00001
Elusimicrobium	423604	G	84	0	84	0.00001
Coprothermobacter	68335	G	93	12	105	0.00001
Caldisericum	693074	G	91	0	91	0.00001
Dictyoglomus	13	G	84	0	84	0.00001
Atribacter	2847777	G	37	0	37	0.00000
Fusarium	5506	G	17254	1216	18470	0.00150
Trichoderma	5543	G	3422	245	3667	0.00030
Metarhizium	5529	G	2408	460	2868	0.00023
Ustilaginoidea	124426	G	721	52	773	0.00006
Pochonia	243023	G	191	20	211	0.00002
Beauveria	5581	G	1831	104	1935	0.00016
Cordyceps	45234	G	829	83	912	0.00007
Purpureocillium	1052105	G	1087	120	1207	0.00010
Drechmeria	98402	G	810	59	869	0.00007
Clonostachys	110564	G	378	39	417	0.00003
Colletotrichum	5455	G	1041	336	1377	0.00011
Thermothielavioides	2609811	G	2755	341	3096	0.00025
Thermothelomyces	1920207	G	2719	245	2964	0.00024
Neurospora	5140	G	768	69	837	0.00007
Pyricularia	48558	G	1167	18	1185	0.00010
Neopestalotiopsis	1562158	G	718	19	737	0.00006
Botrytis	33196	G	227	1	228	0.00002
Aspergillus	5052	G	24805	1530	26335	0.00214
Penicillium	5073	G	1332	60	1392	0.00011
Paecilomyces	33202	G	556	14	570	0.00005
Talaromyces	5094	G	242	13	255	0.00002
Paraphaeosphaeria	125369	G	434	149	583	0.00005
Ampelomyces	50729	G	370	39	409	0.00003
Zymoseptoria	1047167	G	215	5	220	0.00002
Cercospora	29002	G	176	1	177	0.00001
Eremothecium	33170	G	170	124	294	0.00002
Naumovozyma	278028	G	98	6	104	0.00001
Tetrapisispora	113604	G	83	4	87	0.00001
Kluyveromyces	4910	G	53	7	60	0.00000
Nakaseomyces	374468	G	51	2	53	0.00000
Saccharomyces	4930	G	50	4	54	0.00000
Lachancea	300275	G	47	3	50	0.00000
Kazachstania	71245	G	44	2	46	0.00000
Torulaspora	4948	G	32	2	34	0.00000
Zygosaccharomyces	4953	G	31	1	32	0.00000
Zygotorulaspora	1196389	G	22	3	25	0.00000
Candida	1535326	G	166	5	171	0.00001
Scheffersomyces	766733	G	25	1	26	0.00000
Debaryomyces	4958	G	12	0	12	0.00000
Brettanomyces	13366	G	66	4	70	0.00001
Ogataea	461281	G	53	2	55	0.00000
Pichia	4919	G	24	1	25	0.00000
Yarrowia	4951	G	96	1	97	0.00001
Sugiyamaella	410829	G	62	5	67	0.00001
Saccharomycodes	36034	G	31	5	36	0.00000
Komagataella	460517	G	14	0	14	0.00000
Schizosaccharomyces	4895	G	38	1	39	0.00000
Pseudozyma	63298	G	1122	11	1133	0.00009
Ustilago	5269	G	281	10	291	0.00002
Sporisorium	63265	G	274	55	329	0.00003
Malassezia	55193	G	195	33	228	0.00002
Phlebiopsis	82309	G	389	3	392	0.00003
Rhizoctonia	1322061	G	65	2	67	0.00001
Marasmius	34448	G	62	2	64	0.00001
Cryptococcus	5206	G	119	17	136	0.00001
Encephalitozoon	6033	G	26	0	26	0.00000
Phytophthora	4783	G	2909	560	3469	0.00028
Pythium	4797	G	274	9	283	0.00002
