name	taxonomy_id	taxonomy_lvl	kraken_assigned_reads	added_reads	new_est_reads	fraction_total_reads
Bradyrhizobium_sp._200	2782665	S	32558	6861	39419	0.00194
Bradyrhizobium_sp._170	2782641	S	31338	7609	38947	0.00192
Bradyrhizobium_sp._CCBAU_051011	858422	S	23708	4192	27900	0.00138
Bradyrhizobium_sp._CCBAU_51753	1325100	S	11621	2272	13893	0.00068
Bradyrhizobium_sp._A19	2898149	S	8600	1320	9920	0.00049
Bradyrhizobium_sp._BTAi1	288000	S	8379	1352	9731	0.00048
Bradyrhizobium_sp._ORS_278	114615	S	8156	1657	9813	0.00048
Bradyrhizobium_sp._ORS_285	115808	S	7828	1580	9408	0.00046
Bradyrhizobium_sp._SK17	2057741	S	7711	2301	10012	0.00049
Bradyrhizobium_sp._CCGE-LA001	1223566	S	6539	2294	8833	0.00044
Bradyrhizobium_sp._186	2782654	S	6192	1575	7767	0.00038
Bradyrhizobium_sp._CCBAU_53421	1325120	S	6007	1748	7755	0.00038
Bradyrhizobium_sp._195	2782662	S	5676	1924	7600	0.00037
Bradyrhizobium_sp._S2-11-2	2840472	S	5669	4258	9927	0.00049
Bradyrhizobium_sp._1(2017)	1404888	S	5162	1495	6657	0.00033
Bradyrhizobium_sp._CCBAU_53338	1325111	S	4865	1877	6742	0.00033
Bradyrhizobium_sp._CCBAU_53351	1325114	S	4846	2314	7160	0.00035
Bradyrhizobium_sp._S2-20-1	2840469	S	4717	3793	8510	0.00042
Bradyrhizobium_sp._CCBAU_53340	1325112	S	4710	1725	6435	0.00032
Bradyrhizobium_sp._S2-11-4	2840473	S	4539	4020	8559	0.00042
Bradyrhizobium_sp._6(2017)	1197460	S	4534	2111	6645	0.00033
Bradyrhizobium_sp._41S5	1404443	S	3749	2427	6176	0.00030
Bradyrhizobium_sp._191	2782659	S	3619	3503	7122	0.00035
Bradyrhizobium_sp._CCBAU_51765	1325102	S	3317	2976	6293	0.00031
Bradyrhizobium_sp._I71	2590772	S	3224	2775	5999	0.00030
Bradyrhizobium_sp._C-145	574727	S	1891	1816	3707	0.00018
Bradyrhizobium_sp.	376	S	1487	4775	6262	0.00031
Bradyrhizobium_sp._40	2782674	S	1355	3060	4415	0.00022
Bradyrhizobium_sp._144S4	2823807	S	1212	2933	4145	0.00020
Bradyrhizobium_sp._4	2782678	S	1166	2959	4125	0.00020
Bradyrhizobium_sp._323S2	1404649	S	1071	2643	3714	0.00018
Bradyrhizobium_sp._192	2782660	S	979	2313	3292	0.00016
Bradyrhizobium_sp._LCT2	2493093	S	638	1732	2370	0.00012
Bradyrhizobium_sp._SG09	2599805	S	439	3070	3509	0.00017
Bradyrhizobium_sp._187	2782655	S	392	1890	2282	0.00011
Bradyrhizobium_sp._TM102	2599819	S	391	2614	3005	0.00015
Bradyrhizobium_sp._172	2782643	S	219	2611	2830	0.00014
Bradyrhizobium_sp._CW1	2782686	S	217	3297	3514	0.00017
Bradyrhizobium_sp._38S5	2819348	S	215	2571	2786	0.00014
Bradyrhizobium_sp._1S5	2816456	S	204	2246	2450	0.00012
Bradyrhizobium_sp._131	2782609	S	177	2836	3013	0.00015
Bradyrhizobium_sp._155	2782629	S	154	2717	2871	0.00014
Bradyrhizobium_sp._CCBAU_21365	1325083	S	22	1043	1065	0.00005
Bradyrhizobium_erythrophlei	1437360	S	30063	2142	32205	0.00159
Bradyrhizobium_paxllaeri	190148	S	21102	3596	24698	0.00122
Bradyrhizobium_icense	1274631	S	19665	2471	22136	0.00109
Bradyrhizobium_diazoefficiens	1355477	S	19576	31017	50593	0.00249
Bradyrhizobium_lablabi	722472	S	9943	11074	21017	0.00104
Bradyrhizobium_canariense	255045	S	8941	13697	22638	0.00112
Bradyrhizobium_genosp._L	83637	S	7937	1421	9358	0.00046
Bradyrhizobium_japonicum	375	S	7303	10427	17730	0.00087
Bradyrhizobium_oligotrophicum	44255	S	7089	1084	8173	0.00040
Bradyrhizobium_arachidis	858423	S	5684	1515	7199	0.00035
Bradyrhizobium_guangdongense	1325090	S	5166	1800	6966	0.00034
Bradyrhizobium_cosmicum	1404864	S	4909	1476	6385	0.00031
Bradyrhizobium_quebecense	2748629	S	4800	2566	7366	0.00036
Bradyrhizobium_vignae	1549949	S	4600	988	5588	0.00028
Bradyrhizobium_genosp._B	83627	S	4594	890	5484	0.00027
Bradyrhizobium_guangzhouense	1325095	S	4290	1534	5824	0.00029
Bradyrhizobium_septentrionale	1404411	S	4179	2415	6594	0.00033
Bradyrhizobium_guangxiense	1325115	S	4039	1652	5691	0.00028
Bradyrhizobium_daqingense	993502	S	3690	1882	5572	0.00027
Bradyrhizobium_amphicarpaeae	1404768	S	3059	1185	4244	0.00021
Bradyrhizobium_symbiodeficiens	1404367	S	2885	4173	7058	0.00035
Bradyrhizobium_betae	244734	S	2829	1460	4289	0.00021
Bradyrhizobium_zhanjiangense	1325107	S	1624	1566	3190	0.00016
Bradyrhizobium_elkanii	29448	S	1283	4780	6063	0.00030
Bradyrhizobium_ottawaense	931866	S	1151	6944	8095	0.00040
Rhodopseudomonas_palustris	1076	S	26784	7935	34719	0.00171
Rhodopseudomonas_sp._SK50-23	340268	S	5363	977	6340	0.00031
Rhodopseudomonas_boonkerdii	475937	S	4376	1042	5418	0.00027
Nitrobacter_hamburgensis	912	S	8363	1271	9634	0.00047
Nitrobacter_winogradskyi	913	S	6997	1058	8055	0.00040
Tardiphaga_sp._37S4	1404741	S	2231	1626	3857	0.00019
Tardiphaga_sp._vice154	2592814	S	136	2015	2151	0.00011
Tardiphaga_sp._vice278	2592815	S	105	2448	2553	0.00013
Tardiphaga_sp._vice304	2592817	S	63	1145	1208	0.00006
Tardiphaga_sp._vice352	2592816	S	30	871	901	0.00004
Tardiphaga_robiniae	943830	S	2245	1464	3709	0.00018
Afipia_carboxidovorans	40137	S	5330	997	6327	0.00031
Afipia_sp._GAS231	1882747	S	4230	2760	6990	0.00034
Variibacter_gotjawalensis	1333996	S	7792	514	8306	0.00041
Rhizobium_sp._BG4	2613770	S	6790	1061	7851	0.00039
Rhizobium_sp._WYJ-E13	2849093	S	5231	545	5776	0.00028
Rhizobium_sp._WL3	2603277	S	4906	781	5687	0.00028
Rhizobium_sp._SL42	2806346	S	4840	711	5551	0.00027
Rhizobium_sp._ACO-34A	1571470	S	4115	705	4820	0.00024
Rhizobium_sp._NXC24	2048897	S	3714	443	4157	0.00020
Rhizobium_sp._AB2/73	2795216	S	2866	1393	4259	0.00021
Rhizobium_sp._11515TR	2028343	S	2775	589	3364	0.00017
Rhizobium_sp._CIAT894	2020312	S	2344	832	3176	0.00016
Rhizobium_sp._NZLR1	2731096	S	2296	635	2931	0.00014
Rhizobium_sp._K102	2918527	S	2123	1161	3284	0.00016
Rhizobium_sp._NXC14	1981173	S	2031	684	2715	0.00013
Rhizobium_sp._C104	2917727	S	1852	811	2663	0.00013
Rhizobium_sp._NLR16a	2731112	S	1827	670	2497	0.00012
Rhizobium_sp._L51/94	2819999	S	1469	1858	3327	0.00016
Rhizobium_sp._X9	2815360	S	1178	2034	3212	0.00016
Rhizobium_sp._Kim5	2020311	S	778	1420	2198	0.00011
Rhizobium_sp._IE4771	1301032	S	725	1213	1938	0.00010
Rhizobium_sp._007	2785056	S	680	909	1589	0.00008
Rhizobium_sp._TAL182	2020313	S	435	1008	1443	0.00007
Rhizobium_sp._ZX09	2291939	S	323	1113	1436	0.00007
Rhizobium_sp._Y9	1914541	S	316	953	1269	0.00006
Rhizobium_sp._NIBRBAC000502774	2590777	S	259	1049	1308	0.00006
Rhizobium_sp._B230/85	2819994	S	173	1890	2063	0.00010
Rhizobium_sp._N324	1703969	S	102	2092	2194	0.00011
Rhizobium_sp._T136	555319	S	85	1804	1889	0.00009
Rhizobium_sp._CCGE531	2364271	S	66	2352	2418	0.00012
Rhizobium_sp._B21/90	2819993	S	62	2212	2274	0.00011
Rhizobium_sp._CCGE532	2364272	S	24	1812	1836	0.00009
Rhizobium_sp._S41	1869170	S	19	3925	3944	0.00019
Rhizobium_sp._BG6	2613771	S	12	1570	1582	0.00008
Rhizobium_sp._N113	1703960	S	12	1441	1453	0.00007
Rhizobium_leguminosarum	384	S	19491	27734	47225	0.00233
Rhizobium_pseudoryzae	379684	S	6368	1108	7476	0.00037
Rhizobium_etli	29449	S	5905	5303	11208	0.00055
Rhizobium_rosettiformans	1368430	S	4151	1604	5755	0.00028
Rhizobium_jaguaris	1312183	S	3791	389	4180	0.00021
Rhizobium_rhizoryzae	451876	S	3533	388	3921	0.00019
Rhizobium_gallicum	56730	S	3502	3452	6954	0.00034
Rhizobium_phaseoli	396	S	3445	5461	8906	0.00044
Rhizobium_daejeonense	240521	S	2979	801	3780	0.00019
Rhizobium_bangladeshense	1138189	S	2725	517	3242	0.00016
Rhizobium_tropici	398	S	2714	568	3282	0.00016
Rhizobium_lentis	1138194	S	2512	614	3126	0.00015
Rhizobium_binae	1138190	S	2049	596	2645	0.00013
Rhizobium_pusense	648995	S	1766	5522	7288	0.00036
Rhizobium_indicum	2583231	S	1508	1018	2526	0.00012
Rhizobium_acidisoli	1538158	S	1145	726	1871	0.00009
Rhizobium_oryzihabitans	2267833	S	1111	1228	2339	0.00012
Rhizobium_hidalgonense	1538159	S	511	894	1405	0.00007
Rhizobium_laguerreae	1076926	S	475	622	1097	0.00005
Rhizobium_ruizarguesonis	2081791	S	374	2090	2464	0.00012
Rhizobium_favelukesii	348824	S	36	919	955	0.00005
Agrobacterium_tumefaciens	358	S	16013	12899	28912	0.00143
Agrobacterium_fabrum	1176649	S	1651	1897	3548	0.00017
Agrobacterium_fabacearum	1183401	S	351	3946	4297	0.00021
Agrobacterium_vitis	373	S	7310	733	8043	0.00040
Agrobacterium_sp._T29	2580515	S	1064	744	1808	0.00009
Agrobacterium_sp._MA01	2664893	S	840	1546	2386	0.00012
Agrobacterium_sp._RAC06	1842536	S	803	1509	2312	0.00011
Agrobacterium_sp._CGMCC_11546	2579248	S	450	844	1294	0.00006
Agrobacterium_sp._S7/73	2820002	S	180	874	1054	0.00005
Agrobacterium_vaccinii	2735528	S	3945	460	4405	0.00022
Agrobacterium_larrymoorei	160699	S	3232	450	3682	0.00018
Agrobacterium_rubi	28099	S	2333	566	2899	0.00014
Agrobacterium_salinitolerans	1183413	S	1772	576	2348	0.00012
Agrobacterium_rhizogenes	359	S	1080	2375	3455	0.00017
Neorhizobium_sp._SOG26	2060726	S	14944	2616	17560	0.00087
Neorhizobium_sp._NCHU2750	1825976	S	11843	2468	14311	0.00071
Neorhizobium_galegae	399	S	17976	4330	22306	0.00110
Pseudorhizobium_flavum	1335061	S	7223	3589	10812	0.00053
Pseudorhizobium_banfieldiae	1125847	S	4836	2167	7003	0.00035
Sinorhizobium_meliloti	382	S	33301	18944	52245	0.00258
Sinorhizobium_fredii	380	S	14060	15520	29580	0.00146
Sinorhizobium_americanum	194963	S	4887	1515	6402	0.00032
Sinorhizobium_sp._BG8	2613773	S	3996	543	4539	0.00022
Sinorhizobium_sp._CCBAU_05631	794846	S	597	713	1310	0.00006
Sinorhizobium_medicae	110321	S	4372	512	4884	0.00024
Ensifer_adhaerens	106592	S	18750	7750	26500	0.00131
Ensifer_mexicanus	375549	S	5054	639	5693	0.00028
Ensifer_sp._PDNC004	2811423	S	3497	1196	4693	0.00023
Ensifer_sp._T173	555315	S	997	3398	4395	0.00022
Ensifer_alkalisoli	1752398	S	3645	590	4235	0.00021
Ensifer_sojae	716925	S	3403	1051	4454	0.00022
Shinella_sp._HZN7	879274	S	15207	10818	26025	0.00128
Shinella_sp._PSBB067	2715959	S	6560	4091	10651	0.00053
Shinella_sp._H4-D48	2925841	S	5056	1633	6689	0.00033
Shinella_sp._XGS7	2877941	S	3056	2138	5194	0.00026
Shinella_zoogloeoides	352475	S	7874	9031	16905	0.00083
Shinella_oryzae	2871820	S	4116	1478	5594	0.00028
Georhizobium_profundi	2341112	S	4203	787	4990	0.00025
Ciceribacter_thiooxidans	1969821	S	3687	614	4301	0.00021
Peteryoungia_desertarenae	1813451	S	1790	267	2057	0.00010
Candidatus_Liberibacter_solanacearum	556287	S	54	10	64	0.00000
Liberibacter_crescens	1273132	S	26	3	29	0.00000
Candidatus_Liberibacter_asiaticus	34021	S	22	5	27	0.00000
Candidatus_Liberibacter_africanus	34020	S	13	17	30	0.00000
Candidatus_Liberibacter_americanus	309868	S	12	2	14	0.00000
Mesorhizobium_sp._8	2584466	S	13335	2821	16156	0.00080
Mesorhizobium_sp._DCY119	2108445	S	11465	2408	13873	0.00068
Mesorhizobium_sp._M1A.F.Ca.IN.022.06.1.1	2493680	S	7558	2398	9956	0.00049
Mesorhizobium_sp._Pch-S	2082387	S	7543	908	8451	0.00042
Mesorhizobium_sp._M3A.F.Ca.ET.080.04.2.1	2493676	S	6171	1800	7971	0.00039
Mesorhizobium_sp._B1-1-8	2589976	S	6144	1460	7604	0.00037
Mesorhizobium_sp._J8	2777475	S	6109	1906	8015	0.00040
Mesorhizobium_sp._B2-1-1	2589974	S	6081	1276	7357	0.00036
Mesorhizobium_sp._131-2-1	2744518	S	5898	3076	8974	0.00044
Mesorhizobium_sp._INR15	2654248	S	5855	776	6631	0.00033
Mesorhizobium_sp._M4B.F.Ca.ET.058.02.1.1	2493675	S	5825	2406	8231	0.00041
Mesorhizobium_sp._PAMC28654	2880934	S	5815	1008	6823	0.00034
Mesorhizobium_sp._M1B.F.Ca.ET.045.04.1.1	2493673	S	5775	2173	7948	0.00039
Mesorhizobium_sp._B2-8-5	2589903	S	5759	1836	7595	0.00037
Mesorhizobium_sp._L-2-11	2744521	S	5707	2109	7816	0.00039
Mesorhizobium_sp._M9A.F.Ca.ET.002.03.1.2	2493668	S	5619	2580	8199	0.00040
Mesorhizobium_sp._M1D.F.Ca.ET.043.01.1.1	2493669	S	5593	3379	8972	0.00044
Mesorhizobium_sp._M1E.F.Ca.ET.045.02.1.1	2493672	S	5512	2742	8254	0.00041
Mesorhizobium_sp._M7D.F.Ca.US.005.01.1.1	2493678	S	4539	1493	6032	0.00030
Mesorhizobium_sp._M6A.T.Cr.TU.016.01.1.1	2493677	S	4522	1469	5991	0.00030
Mesorhizobium_sp._B4-1-4	2589888	S	4178	945	5123	0.00025
Mesorhizobium_sp._B2-1-8	2589967	S	3787	1121	4908	0.00024
Mesorhizobium_sp._NBSH29	2654249	S	3691	239	3930	0.00019
Mesorhizobium_sp._M8A.F.Ca.ET.057.01.1.1	2493679	S	3569	1351	4920	0.00024
Mesorhizobium_sp._NZP2077	2483404	S	3419	1097	4516	0.00022
Mesorhizobium_sp._M7A.F.Ce.TU.012.03.2.1	2493681	S	3293	1181	4474	0.00022
Mesorhizobium_sp._M2A.F.Ca.ET.043.05.1.1	2493671	S	3165	2821	5986	0.00030
Mesorhizobium_sp._113-3-3	2744516	S	3055	1672	4727	0.00023
Mesorhizobium_sp._L-8-10	2744523	S	2910	10111	13021	0.00064
Mesorhizobium_sp._113-1-2	2744515	S	2848	1383	4231	0.00021
Mesorhizobium_sp._NZP2298	2483403	S	2774	1677	4451	0.00022
Mesorhizobium_sp._L-8-3	2744522	S	2622	9347	11969	0.00059
Mesorhizobium_sp._AA22	1854057	S	2610	1605	4215	0.00021
Mesorhizobium_sp._113-3-9	2744517	S	2470	1891	4361	0.00021
Mesorhizobium_sp._M2A.F.Ca.ET.046.03.2.1	2493674	S	1750	5054	6804	0.00034
Mesorhizobium_sp._M2A.F.Ca.ET.043.02.1.1	2493670	S	1589	4360	5949	0.00029
Mesorhizobium_sp._WSM1497	278153	S	719	1431	2150	0.00011
Mesorhizobium_sp._131-3-5	2744520	S	375	1155	1530	0.00008
Mesorhizobium_sp._NZP2234	2483402	S	268	955	1223	0.00006
Mesorhizobium_sp._131-2-5	2744519	S	248	1683	1931	0.00010
Mesorhizobium_terrae	2725666	S	7028	2038	9066	0.00045
Mesorhizobium_opportunistum	593909	S	5819	2194	8013	0.00039
Mesorhizobium_amorphae	71433	S	5031	1080	6111	0.00030
Mesorhizobium_loti	381	S	3548	28089	31637	0.00156
Mesorhizobium_ciceri	39645	S	3380	8002	11382	0.00056
Mesorhizobium_australicum	536018	S	3071	888	3959	0.00020
Mesorhizobium_erdmanii	1777866	S	2956	770	3726	0.00018
Mesorhizobium_huakuii	28104	S	2927	1926	4853	0.00024
Mesorhizobium_japonicum	2066070	S	2487	1654	4141	0.00020
Aquibium_microcysteis	675281	S	11229	2922	14151	0.00070
Aquibium_oceanicum	1670800	S	8532	1860	10392	0.00051
Aminobacter_sp._MSH1	374606	S	7360	3896	11256	0.00055
Aminobacter_sp._SR38	2774562	S	1744	6376	8120	0.00040
Aminobacter_sp._MDW-2	2666139	S	984	4572	5556	0.00027
Aminobacter_aminovorans	83263	S	968	3258	4226	0.00021
Nitratireductor_sp._SY7	2599600	S	7089	1229	8318	0.00041
Nitratireductor_sp._OM-1	1756988	S	3690	599	4289	0.00021
Nitratireductor_kimnyeongensis	430679	S	2240	307	2547	0.00013
Phyllobacterium_sp._T1018	555316	S	2318	273	2591	0.00013
Phyllobacterium_sp._628	2718938	S	1345	182	1527	0.00008
Phyllobacterium_sp._T1293	555317	S	1242	147	1389	0.00007
Phyllobacterium_zundukense	1867719	S	2530	334	2864	0.00014
Roseitalea_porphyridii	1852022	S	4397	664	5061	0.00025
Hoeflea_sp._IMCC20628	1620421	S	2209	200	2409	0.00012
Hoeflea_phototrophica	244596	S	2025	227	2252	0.00011
Oricola_thermophila	2742145	S	3599	435	4034	0.00020
Salaquimonas_pukyongi	2712698	S	1394	52	1446	0.00007
Lentilitoribacter_sp._Alg239-R112	2305987	S	108	1	109	0.00001
Devosia_sp._A16	1736675	S	27696	2991	30687	0.00151
Devosia_sp._SL43	2806348	S	23232	4492	27724	0.00137
Devosia_sp._JXJ_CY_41	2917991	S	21877	4201	26078	0.00129
Devosia_sp._I507	2083786	S	18859	5647	24506	0.00121
Devosia_sp._1566	2499144	S	15174	1533	16707	0.00082
Devosia_sp._MC521	2759954	S	7022	1049	8071	0.00040
Devosia_rhizoryzae	2774137	S	51951	5034	56985	0.00281
Devosia_ginsengisoli	400770	S	29640	5082	34722	0.00171
Devosia_oryziradicis	2801335	S	24523	4258	28781	0.00142
Devosia_salina	2860336	S	24357	7837	32194	0.00159
Devosia_beringensis	2657486	S	20939	2852	23791	0.00117
Youhaiella_tibetensis	1447062	S	9255	1807	11062	0.00055
Paradevosia_shaoguanensis	1335043	S	8266	2661	10927	0.00054
Pelagibacterium_halotolerans	531813	S	3946	411	4357	0.00021
Maritalea_myrionectae	454601	S	619	16	635	0.00003
Methylobacterium_nodulans	114616	S	11128	1249	12377	0.00061
Methylobacterium_sp._17Sr1-1	2202826	S	4477	2070	6547	0.00032
Methylobacterium_sp._WL1	2603276	S	4375	830	5205	0.00026
Methylobacterium_sp._C1	1479019	S	506	4028	4534	0.00022
Methylobacterium_sp._XJLW	739141	S	297	4051	4348	0.00021
Methylobacterium_aquaticum	270351	S	9314	4006	13320	0.00066
Methylobacterium_durans	2202825	S	7503	966	8469	0.00042
Methylobacterium_radiodurans	2202828	S	6424	1401	7825	0.00039
Methylobacterium_currus	2051553	S	5799	2355	8154	0.00040
Methylobacterium_organophilum	410	S	5375	2628	8003	0.00039
Methylobacterium_terrae	2202827	S	4732	2124	6856	0.00034
Methylobacterium_brachiatum	269660	S	4402	1486	5888	0.00029
Methylobacterium_tardum	374432	S	4184	1456	5640	0.00028
Methylobacterium_mesophilicum	39956	S	4131	843	4974	0.00025
Methylobacterium_indicum	1775910	S	4041	1985	6026	0.00030
Methylobacterium_oryzae	334852	S	3414	4671	8085	0.00040
Methylobacterium_radiotolerans	31998	S	1538	8814	10352	0.00051
Methylobacterium_phyllosphaerae	418223	S	614	2350	2964	0.00015
Microvirga_sp._VF16	2807101	S	39433	5461	44894	0.00221
Microvirga_sp._17_mud_1-3	2082949	S	10283	1931	12214	0.00060
Microvirga_ossetica	1882682	S	42916	6629	49545	0.00244
Microvirga_thermotolerans	2651334	S	12128	2882	15010	0.00074
Methylorubrum_extorquens	408	S	14002	16700	30702	0.00151
Methylorubrum_populi	223967	S	9347	3628	12975	0.00064
Methylorubrum_sp._B1-46	2897334	S	3695	1321	5016	0.00025
Methylorubrum_zatmanii	29429	S	292	1016	1308	0.00006
Pseudolabrys_taiwanensis	331696	S	18203	2811	21014	0.00104
Pseudolabrys_sp._FHR47	2562284	S	14778	2448	17226	0.00085
Starkeya_sp._ORNL1	2709380	S	8236	1515	9751	0.00048
Starkeya_novella	921	S	7227	2542	9769	0.00048
Xanthobacter_dioxanivorans	2528964	S	6792	2252	9044	0.00045
Xanthobacter_sp._YC-JY1	2419844	S	2192	2311	4503	0.00022
Xanthobacter_autotrophicus	280	S	2043	2341	4384	0.00022
Ancylobacter_sp._TS-1	1850374	S	5051	1990	7041	0.00035
Ancylobacter_polymorphus	223390	S	4965	2391	7356	0.00036
Ancylobacter_pratisalsi	1745854	S	4021	852	4873	0.00024
Labrys_sp._KNU-23	2789216	S	5689	509	6198	0.00031
Azorhizobium_caulinodans	7	S	5128	969	6097	0.00030
Rhodoplanes_sp._Z2-YC6860	674703	S	36734	3180	39914	0.00197
Hyphomicrobium_denitrificans	53399	S	7734	931	8665	0.00043
Hyphomicrobium_nitrativorans	1427356	S	6837	564	7401	0.00036
Hyphomicrobium_sp._MC1	717785	S	3714	310	4024	0.00020
Methyloceanibacter_sp._wino2	2170729	S	3060	695	3755	0.00019
Methyloceanibacter_caenitepidi	1384459	S	3001	641	3642	0.00018
Methyloligella_sp._GL2	2742204	S	4546	500	5046	0.00025
Aquabacter_sp._L1I39	2820278	S	4195	615	4810	0.00024
Rhodomicrobium_vannielii	1069	S	3325	201	3526	0.00017
Caenibius_sp._WL	2872646	S	1931	304	2235	0.00011
Caenibius_tardaugens	169176	S	1276	935	2211	0.00011
Candidatus_Filomicrobium_marinum	1608628	S	1719	47	1766	0.00009
Bosea_sp._ANAM02	2020412	S	16523	5299	21822	0.00108
Bosea_sp._F3-2	2599640	S	10838	2985	13823	0.00068
Bosea_sp._Tri-49	1867715	S	10748	2142	12890	0.00064
Bosea_sp._RAC05	1842539	S	9344	2620	11964	0.00059
Bosea_sp._AS-1	2015316	S	8666	2356	11022	0.00054
Bosea_sp._PAMC_26642	1792307	S	6674	1235	7909	0.00039
Bosea_vaviloviae	1526658	S	7236	1550	8786	0.00043
Aureimonas_sp._AU20	1349819	S	6734	873	7607	0.00037
Aureimonas_sp._SA4125	2826993	S	5799	964	6763	0.00033
Aureimonas_sp._OT7	2816454	S	2758	2135	4893	0.00024
Aureimonas_populi	1701758	S	5068	868	5936	0.00029
Aureimonas_mangrovi	2758041	S	4640	865	5505	0.00027
Aureimonas_altamirensis	370622	S	3067	1000	4067	0.00020
Martelella_sp._AD-3	686597	S	1626	4610	6236	0.00031
Martelella_mediterranea	293089	S	2867	943	3810	0.00019
Martelella_endophytica	1486262	S	2708	523	3231	0.00016
Martelella_lutilitoris	2583532	S	1557	1218	2775	0.00014
Aurantimonas_sp._HBX-1	2906072	S	7167	1944	9111	0.00045
Pseudorhodoplanes_sinuspersici	1235591	S	13170	854	14024	0.00069
Nordella_sp._HKS_07	2712222	S	11130	540	11670	0.00058
Terrihabitans_soli	708113	S	5384	539	5923	0.00029
Candidatus_Hodgkinia_cicadicola	573658	S	33	0	33	0.00000
Stappia_indica	538381	S	6491	1369	7860	0.00039
Stappia_sp._ES.058	1881061	S	3239	361	3600	0.00018
Pannonibacter_phragmitetus	121719	S	5242	3269	8511	0.00042
Roseibium_aggregatum	187304	S	4006	519	4525	0.00022
Roseibium_alexandrii	388408	S	1021	89	1110	0.00005
Labrenzia_sp._VG12	2021862	S	2259	244	2503	0.00012
Labrenzia_sp._PHM005	2590016	S	996	72	1068	0.00005
Labrenzia_sp._THAF82	2587861	S	913	52	965	0.00005
Pseudovibrio_brasiliensis	1898042	S	363	140	503	0.00002
Pseudovibrio_sp._FO-BEG1	911045	S	361	142	503	0.00002
Methylocystis_parvus	134	S	3080	326	3406	0.00017
Methylocystis_bryophila	655015	S	2877	258	3135	0.00015
Methylocystis_heyeri	391905	S	2823	278	3101	0.00015
Methylocystis_sp._SC2	187303	S	1798	465	2263	0.00011
Methylocystis_sp._SB2	743836	S	665	1064	1729	0.00009
Methylocystis_rosea	173366	S	1992	1530	3522	0.00017
Methylosinus_trichosporium	426	S	3779	728	4507	0.00022
Methylosinus_sp._C49	2699395	S	3272	611	3883	0.00019
Phreatobacter_stygius	1940610	S	8709	1168	9877	0.00049
Phreatobacter_cathodiphilus	1868589	S	7838	2067	9905	0.00049
Phreatobacter_sp._NMCR1094	2570229	S	5448	929	6377	0.00031
Brucella_pseudogrignonensis	419475	S	2599	851	3450	0.00017
Brucella_anthropi	529	S	2380	14211	16591	0.00082
Brucella_sp._BTU1	2840456	S	851	168	1019	0.00005
Brucella_sp._10RB9215	1149953	S	141	140	281	0.00001
Brucella_sp._6810	2769351	S	123	180	303	0.00001
Brucella_sp._09RB8910	1844051	S	115	110	225	0.00001
Brucella_sp._2280	2592625	S	78	138	216	0.00001
Brucella_sp._09RB8471	1149952	S	70	118	188	0.00001
Brucella_sp._BO3	2691913	S	70	105	175	0.00001
Brucella_sp._BO2	693750	S	58	116	174	0.00001
Brucella_sp._458	2821140	S	56	114	170	0.00001
Brucella_intermedia	94625	S	1808	270	2078	0.00010
[Ochrobactrum]_quorumnocens	271865	S	1195	152	1347	0.00007
Brucella_pituitosa	571256	S	875	327	1202	0.00006
Brucella_inopinata	1218315	S	74	90	164	0.00001
Brucella_melitensis	29459	S	73	3046	3119	0.00015
Brucella_suis	29461	S	34	1167	1201	0.00006
Brucella_ovis	236	S	27	90	117	0.00001
Brucella_abortus	235	S	19	703	722	0.00004
Pseudochrobactrum_sp._XF203	2879116	S	263	207	470	0.00002
Pseudochrobactrum_sp._Wa41.01b-1	2864102	S	212	181	393	0.00002
Pseudochrobactrum_algeriensis	2834768	S	247	204	451	0.00002
Chelatococcus_sp._CO-6	1702325	S	7360	4151	11511	0.00057
Chelatococcus_daeguensis	444444	S	3992	2272	6264	0.00031
Kaustia_mangrovi	2593653	S	7558	640	8198	0.00040
Parvibaculum_lavamentivorans	256618	S	3683	2021	5704	0.00028
Pyruvatibacter_mobilis	1712261	S	2402	274	2676	0.00013
Candidatus_Phaeomarinobacter_ectocarpi	1458461	S	1041	49	1090	0.00005
Blastochloris_tepida	2233851	S	6053	1845	7898	0.00039
Blastochloris_viridis	1079	S	5577	1367	6944	0.00034
Methylocella_silvestris	199596	S	3007	306	3313	0.00016
Methylocella_tundrae	227605	S	2643	227	2870	0.00014
Methylovirgula_ligni	569860	S	2768	297	3065	0.00015
Methylovirgula_sp._HY1	2822761	S	2119	115	2234	0.00011
Beijerinckia_indica	533	S	1358	95	1453	0.00007
Kaistia_sp._32K	2795690	S	8815	1897	10712	0.00053
Acuticoccus_sp._I52.16.1	2928472	S	7439	687	8126	0.00040
Hartmannibacter_diazotrophicus	1482074	S	4949	776	5725	0.00028
Breoghania_sp._L-A4	2304600	S	4779	548	5327	0.00026
Lichenihabitans_psoromatis	2528642	S	1569	857	2426	0.00012
Lichenihabitans_sp._PAMC28606	2880932	S	1287	817	2104	0.00010
Cohaesibacter_sp._ES.047	1798205	S	1058	35	1093	0.00005
Bartonella_apis	1686310	S	371	18	389	0.00002
Bartonella_sp._HY038	2759660	S	88	12	100	0.00000
Bartonella_sp._WD16.2	1933904	S	16	34	50	0.00000
Bartonella_sp._46A	2893471	S	13	10	23	0.00000
Bartonella_australis	388640	S	34	3	37	0.00000
Bartonella_quintana	803	S	31	6	37	0.00000
Bartonella_birtlesii	111504	S	24	8	32	0.00000
Bartonella_vinsonii	33047	S	22	12	34	0.00000
Bartonella_ancashensis	1318743	S	21	3	24	0.00000
Bartonella_henselae	38323	S	20	6	26	0.00000
Bartonella_grahamii	33045	S	20	15	35	0.00000
Bartonella_bacilliformis	774	S	13	2	15	0.00000
Bartonella_clarridgeiae	56426	S	12	8	20	0.00000
Bartonella_tribocorum	85701	S	12	40	52	0.00000
Bartonella_krasnovii	2267275	S	11	12	23	0.00000
Bartonella_alsatica	52764	S	10	2	12	0.00000
Sphingomonas_sp._S8-45	2938948	S	24731	2835	27566	0.00136
Sphingomonas_sp._HDW15A	2714942	S	20119	1464	21583	0.00106
Sphingomonas_sp._DM2-R-LB4	2899123	S	11930	3926	15856	0.00078
Sphingomonas_sp._CL5.1	2653203	S	8395	2729	11124	0.00055
Sphingomonas_sp._NBWT7	2596913	S	8395	2617	11012	0.00054
Sphingomonas_sp._Cra20	1327635	S	8183	1298	9481	0.00047
Sphingomonas_sp._MM-1	745310	S	8018	9621	17639	0.00087
Sphingomonas_sp._LM7	1938607	S	7532	1661	9193	0.00045
Sphingomonas_sp._AK-PDB1-5	2872652	S	7279	1138	8417	0.00041
Sphingomonas_sp._AP4-R1	2735134	S	6716	812	7528	0.00037
Sphingomonas_sp._S2-65	2903960	S	6642	1256	7898	0.00039
Sphingomonas_sp._AAP5	1523415	S	5754	1455	7209	0.00036
Sphingomonas_sp._FARSPH	2219696	S	5727	4456	10183	0.00050
Sphingomonas_sp._PAMC26645	2565555	S	4599	1608	6207	0.00031
Sphingomonas_sp._HMP9	1517554	S	4531	2097	6628	0.00033
Sphingomonas_sp._KC8	1030157	S	4525	543	5068	0.00025
Sphingomonas_sp._HMP6	1517551	S	3909	787	4696	0.00023
Sphingomonas_sp._LK11	1390395	S	3154	3294	6448	0.00032
Sphingomonas_sp._NIC1	1961362	S	2638	8644	11282	0.00056
Sphingomonas_sp._IC081	304378	S	846	5350	6196	0.00031
Sphingomonas_sediminicola	386874	S	33727	3050	36777	0.00181
Sphingomonas_daechungensis	1176646	S	31660	2902	34562	0.00170
Sphingomonas_lutea	1045317	S	31153	3742	34895	0.00172
Sphingomonas_sabuli	2764186	S	23621	2689	26310	0.00130
Sphingomonas_sinipercae	2714944	S	22495	2793	25288	0.00125
Sphingomonas_ginsengisoli_An_et_al._2013	363835	S	21406	2746	24152	0.00119
Sphingomonas_rhizophila	2071607	S	20400	5063	25463	0.00126
Sphingomonas_xanthus	2594473	S	18136	3927	22063	0.00109
Sphingomonas_piscis	2714943	S	15334	1304	16638	0.00082
Sphingomonas_alpina	653931	S	10395	826	11221	0.00055
Sphingomonas_koreensis	93064	S	9295	6990	16285	0.00080
Sphingomonas_sanxanigenens	397260	S	9069	4256	13325	0.00066
Sphingomonas_profundi	2681549	S	9039	1359	10398	0.00051
Sphingomonas_suaedae	2599297	S	7753	976	8729	0.00043
Sphingomonas_hengshuiensis	1609977	S	7017	883	7900	0.00039
Sphingomonas_changnyeongensis	2698679	S	6725	1203	7928	0.00039
Sphingomonas_radiodurans	2890321	S	6718	834	7552	0.00037
Sphingomonas_taxi	1549858	S	6247	1903	8150	0.00040
Sphingomonas_panacis	1560345	S	6031	845	6876	0.00034
Sphingomonas_panacisoli	1813879	S	5651	734	6385	0.00031
Sphingomonas_insulae	424800	S	4742	1325	6067	0.00030
Sphingomonas_aliaeris	2759526	S	4527	537	5064	0.00025
Sphingomonas_paucimobilis	13689	S	4200	2758	6958	0.00034
Sphingomonas_sanguinis	33051	S	3273	2977	6250	0.00031
Sphingomonas_melonis	152682	S	2777	10667	13444	0.00066
Sphingomonas_lacunae	2698828	S	2314	253	2567	0.00013
Sphingomonas_paeninsulae	2319844	S	1843	67	1910	0.00009
Sphingopyxis_sp._PAMC25046	2565556	S	7806	3380	11186	0.00055
Sphingopyxis_sp._QXT-31	1357916	S	6077	1614	7691	0.00038
Sphingopyxis_sp._YF1	2482763	S	5856	1261	7117	0.00035
Sphingopyxis_sp._OPL5	2486273	S	5319	962	6281	0.00031
Sphingopyxis_sp._BSN-002	2911495	S	4997	844	5841	0.00029
Sphingopyxis_sp._EG6	1874061	S	4102	1870	5972	0.00029
Sphingopyxis_sp._113P3	292913	S	4046	1502	5548	0.00027
Sphingopyxis_sp._FD7	1914525	S	3855	1509	5364	0.00026
Sphingopyxis_sp._MG	1866325	S	264	2202	2466	0.00012
Sphingopyxis_macrogoltabida	33050	S	9392	4361	13753	0.00068
Sphingopyxis_fribergensis	1515612	S	5506	2090	7596	0.00037
Sphingopyxis_terrae	33052	S	5097	2539	7636	0.00038
Sphingopyxis_lindanitolerans	2054227	S	4529	2059	6588	0.00032
Sphingopyxis_alaskensis	117207	S	3400	720	4120	0.00020
Sphingopyxis_granuli	267128	S	3109	7779	10888	0.00054
Sphingobium_sp._SYK-6	627192	S	5839	1479	7318	0.00036
Sphingobium_sp._YG1	2082188	S	2998	1211	4209	0.00021
Sphingobium_sp._CAP-1	2676077	S	2964	1750	4714	0.00023
Sphingobium_sp._Cam5-1	2789327	S	2931	1052	3983	0.00020
Sphingobium_sp._TKS	1315974	S	2921	3769	6690	0.00033
Sphingobium_sp._RAC03	1843368	S	2862	473	3335	0.00016
Sphingobium_sp._EP60837	1855519	S	2709	695	3404	0.00017
Sphingobium_sp._SCG-1	2072936	S	2604	166	2770	0.00014
Sphingobium_sp._KCTC_72723	2733867	S	2275	351	2626	0.00013
Sphingobium_sp._MI1205	407020	S	1824	2384	4208	0.00021
Sphingobium_sp._PAMC28499	2565554	S	763	1488	2251	0.00011
Sphingobium_sp._RSMS	520734	S	340	2096	2436	0.00012
Sphingobium_sp._YBL2	484429	S	273	1867	2140	0.00011
Sphingobium_sp._LF-16	2185111	S	49	805	854	0.00004
Sphingobium_yanoikuyae	13690	S	4807	8843	13650	0.00067
Sphingobium_indicum	332055	S	3428	2404	5832	0.00029
Sphingobium_amiense	135719	S	3371	4026	7397	0.00036
Sphingobium_phenoxybenzoativorans	1592790	S	3334	1292	4626	0.00023
Sphingobium_cloacae	120107	S	2901	4049	6950	0.00034
Sphingobium_xenophagum	121428	S	2790	1752	4542	0.00022
Sphingobium_chlorophenolicum	46429	S	2444	1053	3497	0.00017
Sphingobium_baderi	1332080	S	2264	2084	4348	0.00021
Sphingobium_herbicidovorans	76947	S	1802	1361	3163	0.00016
Sphingobium_fuliginis	336203	S	1005	4010	5015	0.00025
Novosphingobium_sp._Gsoil_351	2675225	S	8060	597	8657	0.00043
Novosphingobium_sp._Sx8-5	2896849	S	5506	730	6236	0.00031
Novosphingobium_sp._EMRT-2	2571749	S	5396	2937	8333	0.00041
Novosphingobium_sp._P6W	1609758	S	4224	604	4828	0.00024
Novosphingobium_sp._THN1	1016987	S	3346	1205	4551	0.00022
Novosphingobium_sp._ES2-1	2780074	S	3104	1595	4699	0.00023
Novosphingobium_sp._PP1Y	702113	S	1767	2245	4012	0.00020
Novosphingobium_sp._KA1	164608	S	974	5033	6007	0.00030
Novosphingobium_resinovorum	158500	S	4928	2312	7240	0.00036
Novosphingobium_aromaticivorans	48935	S	4385	1921	6306	0.00031
Novosphingobium_decolorationis	2698673	S	4079	2069	6148	0.00030
Novosphingobium_ginsenosidimutans	1176536	S	3678	333	4011	0.00020
Novosphingobium_pentaromativorans	205844	S	1617	2955	4572	0.00023
Rhizorhabdus_wittichii	160791	S	9221	5315	14536	0.00072
Rhizorhabdus_dicambivorans	1850238	S	6247	5118	11365	0.00056
Rhizorhabdus_phycosphaerae	2711156	S	4557	550	5107	0.00025
Allosphingosinicella_indica	941907	S	13033	1448	14481	0.00071
Sphingosinithalassobacter_sp._CS137	2762748	S	5518	1075	6593	0.00033
Sphingosinithalassobacter_tenebrarum	2711215	S	4192	1239	5431	0.00027
Parasphingopyxis_algicola	2026624	S	4660	279	4939	0.00024
Parasphingopyxis_sp._CP4	2724527	S	1479	59	1538	0.00008
Sphingorhabdus_sp._YGSMI21	2077182	S	1664	267	1931	0.00010
Sphingorhabdus_sp._SMR4y	2584094	S	1387	225	1612	0.00008
Sphingorhabdus_sp._M41	1806885	S	1198	141	1339	0.00007
Sphingorhabdus_lacus	392610	S	1093	40	1133	0.00006
Sphingorhabdus_lutea	1913578	S	153	9	162	0.00001
Blastomonas_sp._RAC04	1842535	S	1158	1784	2942	0.00015
Blastomonas_fulva	1550728	S	1023	1999	3022	0.00015
Citromicrobium_sp._JL477	1634516	S	3288	1410	4698	0.00023
Tardibacter_chloracetimidivorans	1921510	S	3262	2544	5806	0.00029
Hankyongella_ginsenosidimutans	1763828	S	3007	547	3554	0.00018
Novosphingopyxis_iocasae	2762729	S	2702	1402	4104	0.00020
Parasphingorhabdus_sp._JHSY0214	2806553	S	600	39	639	0.00003
Parasphingorhabdus_halotolerans	2725558	S	596	20	616	0.00003
Parasphingorhabdus_litoris	394733	S	484	33	517	0.00003
Aquisediminimonas_profunda	1550733	S	1611	51	1662	0.00008
Erythrobacter_sp._HL-111	1798193	S	4211	779	4990	0.00025
Erythrobacter_sp._HKB08	2502843	S	3713	786	4499	0.00022
Erythrobacter_sp._SDW2	2907154	S	3656	912	4568	0.00023
Erythrobacter_sp._JK5	2829500	S	3314	1052	4366	0.00022
Erythrobacter_sp._THAF29	2587851	S	1897	455	2352	0.00012
Erythrobacter_sp._A30-3	2785907	S	1706	1367	3073	0.00015
Erythrobacter_sp._3-20A1M	2653850	S	1669	2702	4371	0.00022
Erythrobacter_sp._LQ02-29	2920384	S	1605	1860	3465	0.00017
Erythrobacter_sp._KY5	2011159	S	1603	114	1717	0.00008
Erythrobacter_sp._SCSIO_43205	2779361	S	817	149	966	0.00005
Erythrobacter_litoralis	39960	S	5595	2489	8084	0.00040
Erythrobacter_mangrovi	2739433	S	2597	989	3586	0.00018
Erythrobacter_neustonensis	1112	S	2596	564	3160	0.00016
Erythrobacter_aureus	2182384	S	1997	338	2335	0.00012
Porphyrobacter_sp._CACIAM_03H1	2003315	S	4472	1288	5760	0.00028
Porphyrobacter_sp._LM_6	1896196	S	2711	928	3639	0.00018
Porphyrobacter_sp._HT-58-2	2023229	S	2242	527	2769	0.00014
Porphyrobacter_sp._GA68	2883480	S	2098	788	2886	0.00014
Qipengyuania_flava	192812	S	6797	3695	10492	0.00052
Qipengyuania_sediminis	1532023	S	4205	520	4725	0.00023
Qipengyuania_soli	2782568	S	2794	474	3268	0.00016
Qipengyuania_aurantiaca	2867233	S	2413	758	3171	0.00016
Qipengyuania_gelatinilytica	2867231	S	1923	349	2272	0.00011
Qipengyuania_seohaensis	266951	S	1686	353	2039	0.00010
Qipengyuania_psychrotolerans	2867238	S	1318	145	1463	0.00007
Qipengyuania_aquimaris	255984	S	1303	1342	2645	0.00013
Qipengyuania_xiapuensis	2867236	S	1287	1306	2593	0.00013
Altererythrobacter_sp._TH136	2067415	S	11150	1869	13019	0.00064
Altererythrobacter_sp._B11	2060312	S	8039	3781	11820	0.00058
Altererythrobacter_sp._BO-6	2604537	S	2437	350	2787	0.00014
Altererythrobacter_sp._ZODW24	2185142	S	996	41	1037	0.00005
Altererythrobacter_epoxidivorans	361183	S	1851	527	2378	0.00012
Altererythrobacter_ishigakiensis	476157	S	777	52	829	0.00004
Tsuneonella_dongtanensis	692370	S	6185	1179	7364	0.00036
Tsuneonella_amylolytica	2338327	S	5929	1662	7591	0.00037
Tsuneonella_mangrovi	1982042	S	3988	579	4567	0.00023
Tsuneonella_flava	2055955	S	1738	514	2252	0.00011
Croceicoccus_sp._YJ47	2798724	S	2729	1298	4027	0.00020
Croceicoccus_sp._Ery5	1703340	S	1032	1212	2244	0.00011
Croceicoccus_sp._Ery15	1703338	S	775	1305	2080	0.00010
Croceicoccus_marinus	450378	S	5157	2780	7937	0.00039
Croceicoccus_naphthovorans	1348774	S	2215	2549	4764	0.00023
Croceibacterium_atlanticum	1267766	S	4047	1787	5834	0.00029
Aurantiacibacter_gangjinensis	502682	S	2336	217	2553	0.00013
Aurantiacibacter_atlanticus	1648404	S	1011	356	1367	0.00007
Pelagerythrobacter_marensis	543877	S	3276	430	3706	0.00018
Paraurantiacibacter_namhicola	645517	S	3163	377	3540	0.00017
Sphingosinicella_sp._BN140058	1892855	S	12936	1028	13964	0.00069
Sphingosinicella_flava	2771430	S	6331	836	7167	0.00035
Sphingosinicella_microcystinivorans	335406	S	3655	424	4079	0.00020
Polymorphobacter_sp._PAMC_29362	2835787	S	2060	1316	3376	0.00017
Polymorphobacter_sp._PAMC_29334	2862331	S	1915	1262	3177	0.00016
Sandaracinobacter_sp._M6	2759707	S	2962	178	3140	0.00015
Zymomonas_mobilis	542	S	282	226	508	0.00003
Paracoccus_sp._S8-55	2903900	S	28097	2929	31026	0.00153
Paracoccus_sp._Arc7-R13	2500532	S	16731	10359	27090	0.00134
Paracoccus_sp._AK26	2589076	S	16451	2167	18618	0.00092
Paracoccus_sp._MC1862	2760307	S	6795	606	7401	0.00036
Paracoccus_sp._MA	2895796	S	3166	1150	4316	0.00021
Paracoccus_sp._H4-D09	2812658	S	2024	310	2334	0.00012
Paracoccus_liaowanqingii	2560053	S	23644	2206	25850	0.00127
Paracoccus_marcusii	59779	S	19536	10570	30106	0.00148
Paracoccus_yeei	147645	S	5733	5985	11718	0.00058
Paracoccus_sanguinis	1545044	S	5403	1151	6554	0.00032
Paracoccus_zhejiangensis	1077935	S	4316	886	5202	0.00026
Paracoccus_denitrificans	266	S	3546	1190	4736	0.00023
Paracoccus_aminovorans	34004	S	3494	812	4306	0.00021
Paracoccus_pantotrophus	82367	S	3256	1273	4529	0.00022
Paracoccus_contaminans	1945662	S	3249	587	3836	0.00019
Paracoccus_jeotgali	2065379	S	3122	507	3629	0.00018
Paracoccus_suum	2259340	S	2763	424	3187	0.00016
Paracoccus_aminophilus	34003	S	2399	205	2604	0.00013
Paracoccus_tegillarcae	1529068	S	2064	102	2166	0.00011
Paracoccus_kondratievae	135740	S	1644	240	1884	0.00009
Paracoccus_mutanolyticus	1499308	S	394	748	1142	0.00006
Rhodobacter_sp._CZR27	2033869	S	3817	1073	4890	0.00024
Rhodobacter_sp._N10	2807096	S	2912	315	3227	0.00016
Rhodobacter_sp._LPB0142	1850250	S	2465	1443	3908	0.00019
Rhodobacter_capsulatus	1061	S	3323	620	3943	0.00019
Cereibacter_sphaeroides	1063	S	8184	3141	11325	0.00056
Cereibacter_azotoformans	43057	S	902	3072	3974	0.00020
Rhodovulum_sp._P5	1564506	S	1738	170	1908	0.00009
Rhodovulum_sp._MB263	308754	S	1584	627	2211	0.00011
Rhodovulum_sulfidophilum	35806	S	2542	1336	3878	0.00019
Paroceanicella_profunda	2579971	S	5379	1278	6657	0.00033
Polymorphum_gilvum	991904	S	4759	1037	5796	0.00029
Pikeienuella_piscinae	2748098	S	3806	326	4132	0.00020
Pontivivens_ytuae	2789856	S	3624	237	3861	0.00019
Thioclava_electrotropha	1549850	S	1587	383	1970	0.00010
Thioclava_nitratireducens	1915078	S	1474	475	1949	0.00010
Silicimonas_algicola	1826607	S	3377	179	3556	0.00018
Frigidibacter_mobilis	1335048	S	3352	1238	4590	0.00023
Pelagovum_pacificum	2588711	S	3090	346	3436	0.00017
Falsirhodobacter_sp._PG104	2692330	S	2748	345	3093	0.00015
Pukyongiella_litopenaei	2605946	S	2190	489	2679	0.00013
Brevirhabdus_pacifica	1267768	S	2119	922	3041	0.00015
Tabrizicola_piscis	2494374	S	2112	166	2278	0.00011
Fuscovulum_blasticum	1075	S	2100	236	2336	0.00012
Haematobacter_massiliensis	195105	S	1934	700	2634	0.00013
Gymnodinialimonas_ceratoperidinii	2856823	S	1791	153	1944	0.00010
Gemmobacter_aquarius	2169400	S	1722	285	2007	0.00010
Pseudopuniceibacterium_antarcticum	2613965	S	1665	117	1782	0.00009
Pseudooceanicola_algae	1537215	S	1364	120	1484	0.00007
Pacificitalea_manganoxidans	1411902	S	1360	277	1637	0.00008
Monaibacterium_sp._h42	2758038	S	1214	263	1477	0.00007
Roseicitreum_antarcticum	564137	S	1211	56	1267	0.00006
Qingshengfaniella_alkalisoli	2599296	S	908	43	951	0.00005
Tritonibacter_mobilis	379347	S	867	367	1234	0.00006
Yoonia_vestfoldensis	245188	S	861	184	1045	0.00005
Rhodophyticola_sp._CCM32	2916397	S	788	21	809	0.00004
Pseudohalocynthiibacter_aestuariivivens	1591409	S	659	125	784	0.00004
Rhodobaca_barguzinensis	441209	S	654	25	679	0.00003
Profundibacter_amoris	2171755	S	625	19	644	0.00003
Pseudorhodobacter_turbinis	2500533	S	621	35	656	0.00003
Aestuarium_zhoushanense	2820523	S	449	171	620	0.00003
Cognatishimia_activa	1715691	S	431	17	448	0.00002
Parasedimentitalea_marina	2483033	S	428	17	445	0.00002
Planktomarina_temperata	1284658	S	263	6	269	0.00001
Roseovarius_sp._SCSIO_43702	2823043	S	2448	178	2626	0.00013
Roseovarius_sp._THAF9	2587847	S	1304	331	1635	0.00008
Roseovarius_sp._THAF8	2587846	S	577	868	1445	0.00007
Roseovarius_sp._THAF27	2587850	S	549	893	1442	0.00007
Roseovarius_sp._TM1035	391613	S	226	472	698	0.00003
Roseovarius_indicus	540747	S	2927	920	3847	0.00019
Roseovarius_faecimaris	2494550	S	1235	50	1285	0.00006
Roseovarius_mucosus	215743	S	214	449	663	0.00003
Sulfitobacter_sp._THAF37	2587855	S	1284	543	1827	0.00009
Sulfitobacter_sp._JK7-1	2829501	S	1252	64	1316	0.00006
Sulfitobacter_sp._D7	1968541	S	704	273	977	0.00005
Sulfitobacter_sp._JL08	2070369	S	574	12	586	0.00003
Sulfitobacter_sp._SK011	1389004	S	479	11	490	0.00002
Sulfitobacter_sp._DSM_110093	2883127	S	477	136	613	0.00003
Sulfitobacter_sp._BSw21498	664426	S	412	68	480	0.00002
Sulfitobacter_sp._SK012	1389005	S	345	6	351	0.00002
Sulfitobacter_sp._SK025	1389011	S	165	345	510	0.00003
Sulfitobacter_sp._CB2047	1525218	S	95	261	356	0.00002
Sulfitobacter_sp._B30-2	2785912	S	80	170	250	0.00001
Sulfitobacter_alexandrii	1917485	S	1809	978	2787	0.00014
Sulfitobacter_mediterraneus	83219	S	977	97	1074	0.00005
Sulfitobacter_indolifex	225422	S	602	138	740	0.00004
Sulfitobacter_dubius	218673	S	500	222	722	0.00004
Sulfitobacter_pontiacus	60137	S	233	519	752	0.00004
Salipiger_profundus	1229727	S	3444	1535	4979	0.00025
Salipiger_abyssi	1250539	S	2496	989	3485	0.00017
Salipiger_sp._CCB-MM3	1792508	S	2290	321	2611	0.00013
Roseivivax_sp._THAF30	2587852	S	1943	442	2385	0.00012
Roseivivax_sp._THAF197b	2588299	S	49	869	918	0.00005
Roseivivax_sp._THAF40	2587858	S	41	946	987	0.00005
Roseivivax_marinus	1379903	S	3405	524	3929	0.00019
Celeribacter_indicus	1208324	S	2769	1346	4115	0.00020
Celeribacter_ethanolicus	1758178	S	1087	370	1457	0.00007
Celeribacter_baekdonensis	875171	S	554	143	697	0.00003
Celeribacter_marinus	1397108	S	308	9	317	0.00002
Phaeobacter_gallaeciensis	60890	S	1358	581	1939	0.00010
Phaeobacter_inhibens	221822	S	1141	446	1587	0.00008
Phaeobacter_piscinae	1580596	S	513	420	933	0.00005
Phaeobacter_porticola	1844006	S	311	99	410	0.00002
Phaeobacter_sp._LSS9	681157	S	115	179	294	0.00001
Leisingera_aquaemixtae	1396826	S	1392	253	1645	0.00008
Leisingera_sp._NJS201	2508306	S	287	470	757	0.00004
Leisingera_sp._NJS204	2508307	S	283	489	772	0.00004
Leisingera_methylohalidivorans	133924	S	996	226	1222	0.00006
Ruegeria_sp._TM1040	292414	S	583	91	674	0.00003
Ruegeria_sp._THAF33	2587853	S	577	159	736	0.00004
Ruegeria_sp._SCSIO_43209	2793010	S	464	91	555	0.00003
Ruegeria_sp._AD91A	2293862	S	404	46	450	0.00002
Ruegeria_pomeroyi	89184	S	1608	297	1905	0.00009
Sulfitobacter_pseudonitzschiae	1402135	S	2343	819	3162	0.00016
Pseudosulfitobacter_sp._DSM_107133	2883100	S	902	367	1269	0.00006
Sagittula_sp._P11	2009329	S	3209	1406	4615	0.00023
Yangia_pacifica	311180	S	2992	488	3480	0.00017
Ponticoccus_alexandrii	1943633	S	2403	350	2753	0.00014
Mameliella_alba	561184	S	2215	422	2637	0.00013
Ketogulonicigenium_vulgare	92945	S	1125	202	1327	0.00007
Ketogulonicigenium_robustum	92947	S	866	93	959	0.00005
Dinoroseobacter_shibae	215813	S	2021	757	2778	0.00014
Roseobacter_ponti	1891787	S	822	21	843	0.00004
Roseobacter_denitrificans	2434	S	583	77	660	0.00003
Roseobacter_litoralis	42443	S	479	69	548	0.00003
Oceanicola_sp._D3	2587163	S	1661	80	1741	0.00009
Actibacterium_sp._EMB200-NS6	1609966	S	1650	795	2445	0.00012
Octadecabacter_sp._SW4	2602067	S	680	97	777	0.00004
Octadecabacter_arcticus	53946	S	369	31	400	0.00002
Octadecabacter_antarcticus	1217908	S	337	23	360	0.00002
Octadecabacter_temperatus	1458307	S	210	3	213	0.00001
Roseibacterium_elongatum	159346	S	1600	125	1725	0.00009
Maribius_sp._THAF1	2587842	S	1249	58	1307	0.00006
Antarctobacter_heliothermus	74033	S	1185	59	1244	0.00006
Tateyamaria_omphalii	299262	S	1161	37	1198	0.00006
Thalassococcus_sp._S3	2017482	S	1081	26	1107	0.00005
Jannaschia_sp._CCS1	290400	S	1059	26	1085	0.00005
Thalassobius_gelatinovorus	53501	S	656	32	688	0.00003
Falsihalocynthiibacter_arcticus	1579316	S	277	7	284	0.00001
Skermanella_mucosa	1789672	S	17036	7914	24950	0.00123
Skermanella_sp._TT6	2775420	S	15545	11499	27044	0.00133
Skermanella_pratensis	2233999	S	14212	5323	19535	0.00096
Skermanella_rosea	1817965	S	12490	7538	20028	0.00099
Azospirillum_sp._B510	137722	S	3762	1233	4995	0.00025
Azospirillum_sp._TSA2s	709810	S	3325	2302	5627	0.00028
Azospirillum_sp._TSH100	652764	S	3050	1241	4291	0.00021
Azospirillum_sp._TSH58	664962	S	2253	2729	4982	0.00025
Azospirillum_brasilense	192	S	12654	10022	22676	0.00112
Azospirillum_thermophilum	2202148	S	8567	1568	10135	0.00050
Azospirillum_thiophilum	528244	S	4590	1288	5878	0.00029
Azospirillum_ramasamyi	682998	S	2934	1484	4418	0.00022
Azospirillum_oryzae	286727	S	2402	1884	4286	0.00021
Azospirillum_lipoferum	193	S	2364	1569	3933	0.00019
Azospirillum_humicireducens	1226968	S	2327	1228	3555	0.00018
Azospirillum_baldaniorum	1064539	S	1390	2597	3987	0.00020
Nitrospirillum_amazonense	28077	S	5075	457	5532	0.00027
Indioceanicola_profundi	2220096	S	4397	469	4866	0.00024
Niveispirillum_cyanobacteriorum	1612173	S	2460	217	2677	0.00013
Roseomonas_sp._S08	1750527	S	9729	485	10214	0.00050
Roseomonas_sp._OT10	2897332	S	8835	1878	10713	0.00053
Roseomonas_sp._FDAARGOS_362	2018065	S	657	3102	3759	0.00019
Roseomonas_haemaphysalidis	2768162	S	7525	673	8198	0.00040
Roseomonas_gilardii	257708	S	6450	2522	8972	0.00044
Roseomonas_marmotae	2768161	S	5807	516	6323	0.00031
Roseomonas_mucosa	207340	S	557	3049	3606	0.00018
Rhodovastum_atsumiense	504468	S	7235	567	7802	0.00038
Komagataeibacter_xylinus	28448	S	1575	2581	4156	0.00020
Komagataeibacter_saccharivorans	265959	S	644	202	846	0.00004
Komagataeibacter_nataicola	265960	S	451	188	639	0.00003
Komagataeibacter_europaeus	33995	S	413	186	599	0.00003
Komagataeibacter_oboediens	65958	S	409	170	579	0.00003
Komagataeibacter_medellinensis	1177712	S	350	254	604	0.00003
Komagataeibacter_rhaeticus	215221	S	27	456	483	0.00002
Roseococcus_microcysteis	2771361	S	5585	413	5998	0.00030
Acidiphilium_multivorum	62140	S	1048	3838	4886	0.00024
Acidiphilium_cryptum	524	S	219	1267	1486	0.00007
Sediminicoccus_rosea	1225128	S	4148	170	4318	0.00021
Lichenicola_cladoniae	1484109	S	3363	128	3491	0.00017
Acetobacter_aceti	435	S	1352	428	1780	0.00009
Acetobacter_sp._KACC_21233	2592655	S	294	50	344	0.00002
Acetobacter_persici	1076596	S	289	32	321	0.00002
Acetobacter_ghanensis	431306	S	189	38	227	0.00001
Acetobacter_pasteurianus	438	S	152	196	348	0.00002
Acetobacter_tropicalis	104102	S	107	70	177	0.00001
Acetobacter_orientalis	146474	S	99	11	110	0.00001
Acetobacter_senegalensis	446692	S	81	61	142	0.00001
Acetobacter_ascendens	481146	S	81	73	154	0.00001
Acetobacter_oryzoeni	2500548	S	18	21	39	0.00000
Acetobacter_oryzifermentans	1633874	S	12	65	77	0.00000
Acetobacter_pomorum	65959	S	10	324	334	0.00002
Acidibrevibacterium_fodinaquatile	1969806	S	2980	212	3192	0.00016
Gluconobacter_oxydans	442	S	828	785	1613	0.00008
Gluconobacter_albidus	318683	S	424	64	488	0.00002
Gluconobacter_sphaericus	574987	S	243	48	291	0.00001
Gluconobacter_frateurii	38308	S	192	42	234	0.00001
Gluconobacter_thailandicus	257438	S	122	80	202	0.00001
Gluconacetobacter_diazotrophicus	33996	S	2110	370	2480	0.00012
Granulibacter_bethesdensis	364410	S	1506	102	1608	0.00008
Asaia_bogorensis	91915	S	1012	136	1148	0.00006
Neoasaia_chiangmaiensis	320497	S	852	147	999	0.00005
Kozakia_baliensis	153496	S	638	193	831	0.00004
Novacetimonas_hansenii	436	S	600	243	843	0.00004
Oecophyllibacter_saccharovorans	2558360	S	441	11	452	0.00002
Parasaccharibacter_sp._TMW_2.1888	2268025	S	39	146	185	0.00001
Parasaccharibacter_apium	1510841	S	34	122	156	0.00001
Swingsia_sp._F3b2	2558361	S	208	4	212	0.00001
Swingsia_samuiensis	1293412	S	36	4	40	0.00000
Neokomagataea_tanensis	661191	S	106	13	119	0.00001
Entomobacter_blattae	2762277	S	49	2	51	0.00000
Bombella_sp._KACC_21507	2697033	S	30	2	32	0.00000
Hypericibacter_terrae	2602015	S	14729	1721	16450	0.00081
Hypericibacter_adhaerens	2602016	S	11991	1786	13777	0.00068
Magnetospirillum_sp._XM-1	1663591	S	2383	725	3108	0.00015
Magnetospirillum_sp._ME-1	1639348	S	2099	696	2795	0.00014
Magnetospirillum_gryphiswaldense	55518	S	3095	202939	206034	0.01016
Magnetospirillum_magneticum	84159	S	2353	196	2549	0.00013
Rhodospirillum_centenum	34018	S	5214	598	5812	0.00029
Rhodospirillum_rubrum	1085	S	2628	158	2786	0.00014
Ferrovibrio_terrae	2594003	S	7728	404	8132	0.00040
Tistrella_mobilis	171437	S	5387	1787	7174	0.00035
Defluviicoccus_vanus	111831	S	2823	210	3033	0.00015
Pararhodospirillum_photometricum	1084	S	1638	97	1735	0.00009
Haematospirillum_jordaniae	1549855	S	286	18	304	0.00002
Candidatus_Endolissoclinum_faulkneri	1263979	S	140	1	141	0.00001
Stella_humosa	94	S	12264	694	12958	0.00064
Elioraea_tepida	2843330	S	5073	203	5276	0.00026
Thalassospira_sp._A40-3	2785908	S	339	127	466	0.00002
Thalassospira_sp._B30-1	2785911	S	221	314	535	0.00003
Thalassospira_marina	2048283	S	513	24	537	0.00003
Thalassospira_indica	1891279	S	354	191	545	0.00003
Thalassospira_xiamenensis	220697	S	197	268	465	0.00002
Magnetospira_sp._QH-2	1288970	S	1120	29	1149	0.00006
Terasakiella_sp._SH-1	2560057	S	182	3	185	0.00001
Brevundimonas_sp._MF30-B	2561924	S	16513	1762	18275	0.00090
Brevundimonas_sp._M20	2591463	S	10743	1133	11876	0.00059
Brevundimonas_sp._PAMC22021	2861285	S	5635	806	6441	0.00032
Brevundimonas_sp._LM2	1938605	S	4330	480	4810	0.00024
Brevundimonas_sp._'scallop'	2562582	S	3586	3856	7442	0.00037
Brevundimonas_sp._GW460-12-10-14-LB2	1827469	S	3540	3689	7229	0.00036
Brevundimonas_sp._AJA228-03	2752515	S	3251	287	3538	0.00017
Brevundimonas_sp._SGAir0440	2579977	S	3141	1763	4904	0.00024
Brevundimonas_sp._CS1	2813778	S	3009	1768	4777	0.00024
Brevundimonas_sp._Bb-A	2560058	S	1257	1952	3209	0.00016
Brevundimonas_sp._DS20	1532555	S	1201	2169	3370	0.00017
Brevundimonas_albigilva	1312364	S	11373	4277	15650	0.00077
Brevundimonas_naejangsanensis	588932	S	11078	2284	13362	0.00066
Brevundimonas_pondensis	2774189	S	11072	2170	13242	0.00065
Brevundimonas_goettingensis	2774190	S	5441	559	6000	0.00030
Brevundimonas_diminuta	293	S	4788	4830	9618	0.00047
Brevundimonas_mediterranea	74329	S	4218	938	5156	0.00025
Brevundimonas_nasdae	172043	S	3829	1770	5599	0.00028
Brevundimonas_subvibrioides	74313	S	3816	436	4252	0.00021
Brevundimonas_vitisensis	2800818	S	3113	255	3368	0.00017
Brevundimonas_vesicularis	41276	S	2366	3202	5568	0.00027
Brevundimonas_vancanneytii	1325724	S	918	1814	2732	0.00013
Caulobacter_mirabilis	69666	S	11856	1664	13520	0.00067
Caulobacter_segnis	88688	S	10700	3584	14284	0.00070
Caulobacter_sp._S6	2823693	S	7666	641	8307	0.00041
Caulobacter_sp._FWC26	69665	S	2749	1073	3822	0.00019
Caulobacter_flavus	1679497	S	6500	1503	8003	0.00039
Caulobacter_vibrioides	155892	S	6491	2906	9397	0.00046
Caulobacter_rhizosphaerae	2010972	S	6131	1538	7669	0.00038
Caulobacter_soli	2708539	S	5634	1549	7183	0.00035
Caulobacter_henricii	69395	S	2643	372	3015	0.00015
Phenylobacterium_zucineum	284016	S	21543	3367	24910	0.00123
Phenylobacterium_parvum	2201350	S	4653	390	5043	0.00025
Terricaulis_silvestris	2686094	S	9114	260	9374	0.00046
Asticcacaulis_excentricus	78587	S	1966	252	2218	0.00011
Asticcacaulis_sp._AND118	2840468	S	1771	220	1991	0.00010
Candidatus_Viadribacter_manganicus	1759059	S	4525	103	4628	0.00023
Hyphomonas_sp._CACIAM_19H1	1873716	S	1316	182	1498	0.00007
Hyphomonas_sp._Mor2	1906738	S	835	16	851	0.00004
Hyphomonas_sp._KY3	2016196	S	665	72	737	0.00004
Hyphomonas_neptunium	81032	S	1187	121	1308	0.00006
Hirschia_baltica	2724	S	85	1	86	0.00000
Marinicauda_algicola	2029849	S	3201	469	3670	0.00018
Maricaulis_maris	74318	S	1165	62	1227	0.00006
Glycocaulis_alkaliphilus	1434191	S	1077	48	1125	0.00006
Hyphobacterium_sp._CCMP332	2749086	S	877	27	904	0.00004
Aquisalinus_flavus	1526572	S	1436	58	1494	0.00007
Parvularcula_bermudensis	208216	S	498	53	551	0.00003
Anaplasma_ovis	142058	S	107	19	126	0.00001
Anaplasma_platys	949	S	27	4	31	0.00000
Anaplasma_marginale	770	S	18	39	57	0.00000
Anaplasma_phagocytophilum	948	S	10	1	11	0.00000
Wolbachia_endosymbiont_of_Litomosoides_sigmodontis	80850	S	17	21	38	0.00000
Wolbachia_endosymbiont_of_Folsomia_candida	169402	S	13	4	17	0.00000
Wolbachia_endosymbiont_of_Dirofilaria_(Dirofilaria)_immitis	1812115	S	10	8	18	0.00000
Wolbachia_pipientis	955	S	13	42	55	0.00000
Ehrlichia_ruminantium	779	S	28	26	54	0.00000
Neorickettsia_helminthoeca	33994	S	16	14	30	0.00000
Candidatus_Neoehrlichia_mikurensis	89586	S	11	4	15	0.00000
Rickettsia_tillamookensis	2761623	S	83	34	117	0.00001
Rickettsia_endosymbiont_of_Ixodes_scapularis	444612	S	13	13	26	0.00000
Rickettsia_amblyommatis	33989	S	10	9	19	0.00000
Rickettsia_conorii	781	S	10	26	36	0.00000
Rickettsia_endosymbiont_of_Oedothorax_gibbosus	931099	S	31	6	37	0.00000
Rickettsia_endosymbiont_of_Bemisia_tabaci	337479	S	10	14	24	0.00000
Rickettsia_typhi	785	S	14	4	18	0.00000
Rickettsia_canadensis	788	S	12	2	14	0.00000
Orientia_tsutsugamushi	784	S	31	1	32	0.00000
Candidatus_Sneabacter_namystus	2601646	S	16	1	17	0.00000
Candidatus_Phycorickettsia_trachydisci	2115978	S	27	1	28	0.00000
Candidatus_Midichloria_mitochondrii	234827	S	41	3	44	0.00000
Candidatus_Fokinia_solitaria	1802984	S	26	0	26	0.00000
Rickettsiales_endosymbiont_of_Stachyamoeba_lipophora	2486578	S	31	2	33	0.00000
Candidatus_Deianiraea_vastatrix	2163644	S	24	0	24	0.00000
Luteithermobacter_gelatinilyticus	2582913	S	483	62	545	0.00003
Paremcibacter_congregatus	2043170	S	478	11	489	0.00002
Micavibrio_aeruginosavorus	349221	S	790	8	798	0.00004
Candidatus_Puniceispirillum_marinum	767892	S	139	3	142	0.00001
Candidatus_Hydrogenosomobacter_endosymbioticus	2558174	S	51	0	51	0.00000
Candidatus_Cytomitobacter_indipagum	2601575	S	24	5	29	0.00000
Candidatus_Cytomitobacter_primus	2066024	S	17	3	20	0.00000
endosymbiont_of_Acanthamoeba_sp._UWC8	86106	S	41	0	41	0.00000
Candidatus_Gromoviella_agglomerans	2806609	S	23	0	23	0.00000
Candidatus_Nesciobacter_abundans	2601668	S	20	1	21	0.00000
Candidatus_Paracaedibacter_acanthamoebae	91604	S	93	5	98	0.00000
Candidatus_Nucleicultrix_amoebiphila	1509244	S	73	3	76	0.00000
Magnetococcus_marinus	1124597	S	245	4	249	0.00001
Candidatus_Pelagibacter_sp._RS40	1977865	S	24	6	30	0.00000
Candidatus_Pelagibacter_sp._IMCC9063	1002672	S	17	1	18	0.00000
Candidatus_Pelagibacter_sp._HIMB1321	1388755	S	16	9	25	0.00000
Candidatus_Fonsibacter_ubiquis	1925548	S	50	4	54	0.00000
Kordiimonas_pumila	2161677	S	148	2	150	0.00001
Massilia_sp._NP310	2861282	S	278345	84426	362771	0.01788
Massilia_sp._LPB0304	2769491	S	25009	4076	29085	0.00143
Massilia_sp._WG5	1707785	S	23576	5648	29224	0.00144
Massilia_sp._HC52	2852099	S	9949	1691	11640	0.00057
Massilia_sp._DM-R-R2A-13	2899220	S	7905	1157	9062	0.00045
Massilia_sp._PAMC28688	2861283	S	7711	696	8407	0.00041
Massilia_sp._YMA4	1593482	S	6965	1660	8625	0.00043
Massilia_sp._MB5	2919578	S	1046	4252	5298	0.00026
Massilia_sp._NR_4-1	1678028	S	995	3904	4899	0.00024
Massilia_sp._Dwa41.01b	2709302	S	221	9475	9696	0.00048
Massilia_sp._Se16.2.3	2709303	S	142	6154	6296	0.00031
Massilia_oculi	945844	S	208097	55504	263601	0.01299
Massilia_putida	1141883	S	15050	2474	17524	0.00086
Massilia_lutea	321985	S	14312	2195	16507	0.00081
Massilia_violaceinigra	2045208	S	14266	1840	16106	0.00079
Massilia_albidiflava	321983	S	10747	2008	12755	0.00063
Massilia_umbonata	864828	S	9806	1902	11708	0.00058
Massilia_flava	871742	S	9117	1223	10340	0.00051
Massilia_plicata	321984	S	6147	860	7007	0.00035
Massilia_armeniaca	2072590	S	5824	1339	7163	0.00035
Massilia_antarctica	2765360	S	5446	829	6275	0.00031
Duganella_sp._GN2-R2	2728020	S	11539	2828	14367	0.00071
Duganella_sp._AF9R3	2728021	S	4332	509	4841	0.00024
Janthinobacterium_sp._1_2014MBL_MicDiv	1644131	S	2245	661	2906	0.00014
Janthinobacterium_sp._17J80-10	2497863	S	2237	216	2453	0.00012
Janthinobacterium_sp._LM6	1938606	S	1038	594	1632	0.00008
Janthinobacterium_sp._PAMC25594	2861284	S	806	457	1263	0.00006
Janthinobacterium_sp._Marseille	375286	S	687	98	785	0.00004
Janthinobacterium_sp._HH102	1537274	S	476	708	1184	0.00006
Janthinobacterium_sp._B9-8	1236179	S	168	35	203	0.00001
Janthinobacterium_agaricidamnosum	55508	S	3516	4926	8442	0.00042
Janthinobacterium_lividum	29581	S	791	722	1513	0.00007
Janthinobacterium_svalbardensis	368607	S	776	330	1106	0.00005
Janthinobacterium_tructae	2590869	S	743	323	1066	0.00005
Herbaspirillum_robiniae	2014887	S	3462	952	4414	0.00022
Herbaspirillum_frisingense	92645	S	2759	761	3520	0.00017
Herbaspirillum_seropedicae	964	S	2430	883	3313	0.00016
Herbaspirillum_hiltneri	341045	S	2332	282	2614	0.00013
Herbaspirillum_rubrisubalbicans	80842	S	2235	902	3137	0.00015
Herbaspirillum_huttiense	863372	S	1639	585	2224	0.00011
Herbaspirillum_sp._meg3	2025949	S	1276	110	1386	0.00007
Collimonas_fungivorans	158899	S	2832	615	3447	0.00017
Collimonas_arenae	279058	S	2106	213	2319	0.00011
Collimonas_pratensis	279113	S	1948	328	2276	0.00011
Noviherbaspirillum_sp._UKPF54	2601898	S	4405	488	4893	0.00024
Undibacterium_sp._YM2	2058625	S	237	103	340	0.00002
Undibacterium_sp._KW1	2058624	S	236	103	339	0.00002
Undibacterium_parvum	401471	S	334	32	366	0.00002
Herminiimonas_arsenitoxidans	1809410	S	414	27	441	0.00002
Glaciimonas_sp._PAMC28666	2807626	S	403	16	419	0.00002
Oxalobacter_formigenes	847	S	279	79	358	0.00002
Variovorax_sp._HW608	1034889	S	12931	1797	14728	0.00073
Variovorax_sp._RA8	662548	S	11126	7116	18242	0.00090
Variovorax_sp._WDL1	207745	S	9709	12234	21943	0.00108
Variovorax_sp._PBL-H6	434009	S	8980	7265	16245	0.00080
Variovorax_sp._PBS-H4	434008	S	8655	4480	13135	0.00065
Variovorax_sp._PAMC_28711	1795631	S	6359	901	7260	0.00036
Variovorax_sp._RKNM96	2681552	S	5370	1794	7164	0.00035
Variovorax_sp._PAMC26660	2762322	S	5016	1098	6114	0.00030
Variovorax_sp._PAMC28562	2762323	S	4812	339	5151	0.00025
Variovorax_sp._SRS16	282217	S	3284	6549	9833	0.00048
Variovorax_sp._38R	2774875	S	3101	3304	6405	0.00032
Variovorax_sp._PBL-E5	434014	S	2776	6416	9192	0.00045
Variovorax_sp._PDNC026	2811425	S	116	4081	4197	0.00021
Variovorax_sp._PMC12	2126319	S	53	2395	2448	0.00012
Variovorax_paradoxus	34073	S	36388	27108	63496	0.00313
Variovorax_boronicumulans	436515	S	4137	2668	6805	0.00034
Acidovorax_sp._KKS102	358220	S	15175	9443	24618	0.00121
Acidovorax_sp._JMULE5	2518343	S	9638	2479	12117	0.00060
Acidovorax_sp._RAC01	1842533	S	6322	4306	10628	0.00052
Acidovorax_sp._YS12	2738413	S	5125	3765	8890	0.00044
Acidovorax_sp._1608163	2478662	S	4860	934	5794	0.00029
Acidovorax_sp._T1	1858609	S	2930	8738	11668	0.00058
Acidovorax_sp._HDW3	2714923	S	2620	1540	4160	0.00021
Acidovorax_avenae	80867	S	10932	6895	17827	0.00088
Acidovorax_antarcticus	2743470	S	8338	5207	13545	0.00067
Acidovorax_monticola	1926868	S	7048	2560	9608	0.00047
Acidovorax_carolinensis	553814	S	5040	3799	8839	0.00044
Acidovorax_radicis	758826	S	4330	815	5145	0.00025
Acidovorax_citrulli	80869	S	3121	3480	6601	0.00033
Acidovorax_cattleyae	80868	S	2499	1771	4270	0.00021
Hydrogenophaga_sp._PBC	795665	S	10657	10021	20678	0.00102
Hydrogenophaga_sp._BA0156	2716225	S	7080	4255	11335	0.00056
Hydrogenophaga_sp._YM1	2806262	S	7055	3133	10188	0.00050
Hydrogenophaga_sp._BPS33	2651974	S	6526	4132	10658	0.00053
Hydrogenophaga_sp._SL48	2806347	S	4914	1051	5965	0.00029
Hydrogenophaga_sp._RAC07	1842537	S	4245	1328	5573	0.00027
Hydrogenophaga_sp._PBL-H3	434010	S	3947	3038	6985	0.00034
Hydrogenophaga_sp._NH-16	2184519	S	1905	3913	5818	0.00029
Hydrogenophaga_sp._PAMC20947	2565558	S	1877	107	1984	0.00010
Hydrogenophaga_taeniospiralis	65656	S	4156	1090	5246	0.00026
Hydrogenophaga_pseudoflava	47421	S	1935	3243	5178	0.00026
Hydrogenophaga_crassostreae	1763535	S	1656	88	1744	0.00009
Ramlibacter_tataouinensis	94132	S	39898	13609	53507	0.00264
Comamonas_sp._NLF-7-7	2597701	S	2791	2038	4829	0.00024
Comamonas_sp._NLF-1-9	2853163	S	2326	1275	3601	0.00018
Comamonas_sp._B21-038	2918299	S	1728	413	2141	0.00011
Comamonas_sp._Y33R10-2	2853257	S	607	94	701	0.00003
Comamonas_aquatica	225991	S	4264	3443	7707	0.00038
Comamonas_serinivorans	1082851	S	3777	877	4654	0.00023
Comamonas_testosteroni	285	S	2376	3095	5471	0.00027
Comamonas_odontotermitis	379895	S	1628	273	1901	0.00009
Comamonas_koreensis	160825	S	1611	851	2462	0.00012
Comamonas_piscis	1562974	S	1212	223	1435	0.00007
Comamonas_thiooxydans	363952	S	1182	2566	3748	0.00018
Comamonas_kerstersii	225992	S	1050	460	1510	0.00007
Comamonas_fluminis	2796366	S	954	339	1293	0.00006
Rhodoferax_sp._BAB1	2741720	S	5090	1265	6355	0.00031
Rhodoferax_sp._AJA081-3	2752316	S	1585	107	1692	0.00008
Rhodoferax_sp._PAMC_29310	2822760	S	954	92	1046	0.00005
Rhodoferax_sp._MIZ03	2798804	S	858	74	932	0.00005
Rhodoferax_koreense	1842727	S	7412	3183	10595	0.00052
Rhodoferax_sediminis	2509614	S	5625	778	6403	0.00032
Rhodoferax_ferrireducens	192843	S	2024	125	2149	0.00011
Rhodoferax_saidenbachensis	1484693	S	1883	196	2079	0.00010
Rhodoferax_antarcticus	81479	S	1041	71	1112	0.00005
Rhodoferax_aquaticus	2527691	S	681	59	740	0.00004
Schlegelella_thermodepolymerans	215580	S	10842	4198	15040	0.00074
Schlegelella_brevitalea	413882	S	8820	1017	9837	0.00048
Diaphorobacter_sp._HDW4A	2714924	S	2642	2034	4676	0.00023
Diaphorobacter_sp._HDW4B	2714925	S	2578	284	2862	0.00014
Diaphorobacter_sp._MNS-0	2866628	S	374	2794	3168	0.00016
Diaphorobacter_sp._JS3050	2735554	S	321	3078	3399	0.00017
Diaphorobacter_sp._JS3051	2792224	S	300	4098	4398	0.00022
Diaphorobacter_ruginosibacter	1715720	S	3568	569	4137	0.00020
Diaphorobacter_aerolatus	1288495	S	2551	3136	5687	0.00028
[Acidovorax]_ebreus	721785	S	552	2795	3347	0.00016
Diaphorobacter_nitroreducens	164759	S	440	1155	1595	0.00008
Delftia_tsuruhatensis	180282	S	3605	8715	12320	0.00061
Delftia_acidovorans	80866	S	2673	4509	7182	0.00035
Delftia_lacustris	558537	S	886	4359	5245	0.00026
Delftia_sp._Cs1-4	742013	S	346	780	1126	0.00006
Delftia_sp._HK171	1920191	S	196	513	709	0.00003
Delftia_sp._WY8	2708352	S	19	1149	1168	0.00006
Polaromonas_sp._JS666	296591	S	4593	5095	9688	0.00048
Polaromonas_naphthalenivorans	216465	S	3555	478	4033	0.00020
Polaromonas_vacuolata	37448	S	438	38	476	0.00002
Kinneretia_sp._DAIF2	2714952	S	8622	2444	11066	0.00055
Kinneretia_sp._XES5	2877940	S	3427	3300	6727	0.00033
Ottowia_sp._27C	2816950	S	3908	690	4598	0.00023
Ottowia_sp._oral_taxon_894	1658672	S	1369	169	1538	0.00008
Ottowia_oryzae	2109914	S	3260	650	3910	0.00019
Alicycliphilus_denitrificans	179636	S	8069	11931	20000	0.00099
Melaminivora_sp._SC2-9	2109913	S	3680	3563	7243	0.00036
Melaminivora_jejuensis	1267217	S	2944	1914	4858	0.00024
Serpentinimonas_maccroryi	1458426	S	2008	565	2573	0.00013
Serpentinimonas_raichei	1458425	S	1812	558	2370	0.00012
Verminephrobacter_eiseniae	364317	S	3766	398	4164	0.00021
Hylemonella_gracilis	80880	S	3565	431	3996	0.00020
Pulveribacter_suum	2116657	S	3549	1630	5179	0.00026
Simplicispira_suum	2109915	S	2601	814	3415	0.00017
Limnohabitans_sp._63ED37-2	1678128	S	1318	129	1447	0.00007
Limnohabitans_sp._103DPR2	1678129	S	449	30	479	0.00002
Curvibacter_sp._AEP1-3	1844971	S	1154	72	1226	0.00006
Candidatus_Symbiobacter_mobilis	1436290	S	792	22	814	0.00004
Burkholderia_multivorans	87883	S	6651	2503	9154	0.00045
Burkholderia_ubonensis	101571	S	6272	3476	9748	0.00048
Burkholderia_cenocepacia	95486	S	5072	20669	25741	0.00127
Burkholderia_cepacia	292	S	4273	9443	13716	0.00068
Burkholderia_pyrrocinia	60550	S	2859	1527	4386	0.00022
Burkholderia_ambifaria	152480	S	2272	1982	4254	0.00021
Burkholderia_contaminans	488447	S	2257	1281	3538	0.00017
Burkholderia_stagnalis	1503054	S	2157	660	2817	0.00014
Burkholderia_anthina	179879	S	1899	1622	3521	0.00017
Burkholderia_stabilis	95485	S	1851	1178	3029	0.00015
Burkholderia_lata	482957	S	1841	1467	3308	0.00016
Burkholderia_dolosa	152500	S	1812	13095	14907	0.00073
Burkholderia_territorii	1503055	S	1488	683	2171	0.00011
Burkholderia_seminalis	488731	S	1217	527	1744	0.00009
Burkholderia_vietnamiensis	60552	S	1198	3332	4530	0.00022
Burkholderia_metallica	488729	S	927	410	1337	0.00007
Burkholderia_diffusa	488732	S	768	360	1128	0.00006
Burkholderia_pseudomultivorans	1207504	S	606	596	1202	0.00006
Burkholderia_latens	488446	S	349	671	1020	0.00005
Burkholderia_aenigmatica	2015348	S	312	578	890	0.00004
Burkholderia_pseudomallei	28450	S	2913	21924	24837	0.00122
Burkholderia_mayonis	1385591	S	2069	411	2480	0.00012
Burkholderia_thailandensis	57975	S	2002	2248	4250	0.00021
Burkholderia_oklahomensis	342113	S	1354	471	1825	0.00009
Burkholderia_savannae	1637837	S	320	314	634	0.00003
Burkholderia_sp._MSMB1588	1636423	S	122	310	432	0.00002
Burkholderia_sp._MSMB617WGS	1637831	S	101	199	300	0.00001
Burkholderia_mallei	13373	S	73	3980	4053	0.00020
Burkholderia_sp._DHOD12	2571746	S	3679	361	4040	0.00020
Burkholderia_sp._Bp7605	1740163	S	1972	235	2207	0.00011
Burkholderia_sp._NRF60-BP8	1637853	S	775	420	1195	0.00006
Burkholderia_sp._MSMB0856	1637869	S	717	413	1130	0.00006
Burkholderia_sp._LA-2-3-30-S1-D2	1637862	S	666	349	1015	0.00005
Burkholderia_sp._JP2-270	2217913	S	649	412	1061	0.00005
Burkholderia_sp._PAMC_26561	1795043	S	613	492	1105	0.00005
Burkholderia_sp._MS455	2811788	S	481	337	818	0.00004
Burkholderia_sp._PAMC_28687	1795874	S	445	546	991	0.00005
Burkholderia_sp._IDO3	1705310	S	331	517	848	0.00004
Burkholderia_sp._KBS0801	1179675	S	184	430	614	0.00003
Burkholderia_sp._LAS2	2813843	S	100	536	636	0.00003
Burkholderia_sp._KJ006	416344	S	54	419	473	0.00002
Burkholderia_sp._MBR-1	2732364	S	51	252	303	0.00001
Burkholderia_sp._MS389	2811789	S	49	427	476	0.00002
Burkholderia_sp._B21-005	2890406	S	21	743	764	0.00004
Burkholderia_sp._B21-007	2890407	S	20	598	618	0.00003
Burkholderia_gladioli	28095	S	8253	2130	10383	0.00051
Burkholderia_glumae	337	S	3082	10571	13653	0.00067
Burkholderia_plantarii	41899	S	2144	757	2901	0.00014
Burkholderia_perseverans	2615214	S	1705	650	2355	0.00012
Cupriavidus_taiwanensis	164546	S	13812	10309	24121	0.00119
Cupriavidus_pauculus	82633	S	11733	4075	15808	0.00078
Cupriavidus_oxalaticus	96344	S	6060	2223	8283	0.00041
Cupriavidus_basilensis	68895	S	6032	2471	8503	0.00042
Cupriavidus_necator	106590	S	5710	4581	10291	0.00051
Cupriavidus_sp._EM10	2839983	S	2800	1408	4208	0.00021
Cupriavidus_sp._MP-37	2884455	S	1169	1112	2281	0.00011
Cupriavidus_sp._KK10	1478019	S	446	1354	1800	0.00009
Cupriavidus_sp._ISTL7	2771360	S	354	2266	2620	0.00013
Cupriavidus_sp._USMAA2-4	876364	S	305	1958	2263	0.00011
Cupriavidus_sp._USMAHM13	1389192	S	245	1718	1963	0.00010
Cupriavidus_campinensis	151783	S	4873	1488	6361	0.00031
Cupriavidus_metallidurans	119219	S	3692	6597	10289	0.00051
Cupriavidus_pinatubonensis	248026	S	3190	443	3633	0.00018
Cupriavidus_gilardii	82541	S	1273	5970	7243	0.00036
Cupriavidus_neocaledonicus	1040979	S	1162	1369	2531	0.00012
Cupriavidus_nantongensis	1796606	S	1002	2207	3209	0.00016
Cupriavidus_malaysiensis	367825	S	253	1693	1946	0.00010
Paraburkholderia_sp._SOS3	1926494	S	2803	378	3181	0.00016
Paraburkholderia_sp._PGU16	2735433	S	1454	784	2238	0.00011
Paraburkholderia_sp._PGU19	2735434	S	1117	945	2062	0.00010
Paraburkholderia_pallida	2547399	S	4009	651	4660	0.00023
Paraburkholderia_aromaticivorans	2026199	S	3680	1478	5158	0.00025
Paraburkholderia_acidisoli	2571748	S	3344	544	3888	0.00019
Paraburkholderia_caribensis	75105	S	3317	2412	5729	0.00028
Paraburkholderia_tropica	92647	S	3275	666	3941	0.00019
Paraburkholderia_acidiphila	2571747	S	3065	533	3598	0.00018
Paraburkholderia_phytofirmans	261302	S	2733	1114	3847	0.00019
Paraburkholderia_edwinii	2861782	S	2702	340	3042	0.00015
Paraburkholderia_terricola	169427	S	2608	712	3320	0.00016
Paraburkholderia_atlantica	2654982	S	2396	542	2938	0.00014
Paraburkholderia_phymatum	148447	S	2345	564	2909	0.00014
Paraburkholderia_sprentiae	948107	S	2273	458	2731	0.00013
Paraburkholderia_megapolitana	420953	S	2249	189	2438	0.00012
Paraburkholderia_phenoliruptrix	252970	S	2243	610	2853	0.00014
Paraburkholderia_fungorum	134537	S	2233	488	2721	0.00013
Paraburkholderia_graminis	60548	S	2099	484	2583	0.00013
Paraburkholderia_caledonica	134536	S	1935	320	2255	0.00011
Paraburkholderia_ginsengisoli	311231	S	1896	535	2431	0.00012
Paraburkholderia_terrae	311230	S	1791	2024	3815	0.00019
Paraburkholderia_dioscoreae	2604047	S	1714	1116	2830	0.00014
Paraburkholderia_dokdonella	2211211	S	1677	408	2085	0.00010
Paraburkholderia_caffeinilytica	1761016	S	1661	409	2070	0.00010
Paraburkholderia_hospita	169430	S	1609	1796	3405	0.00017
Paraburkholderia_xenovorans	36873	S	1509	1626	3135	0.00015
Ralstonia_solanacearum	305	S	7497	43959	51456	0.00254
Ralstonia_insidiosa	190721	S	2275	1276	3551	0.00018
Ralstonia_pickettii	329	S	1528	489	2017	0.00010
Ralstonia_mannitolilytica	105219	S	1499	1276	2775	0.00014
Ralstonia_sp._56D2	2842456	S	1390	164	1554	0.00008
Ralstonia_syzygii	28097	S	116	301	417	0.00002
Ralstonia_pseudosolanacearum	1310165	S	46	744	790	0.00004
Pandoraea_pnomenusa	93220	S	3058	1230	4288	0.00021
Pandoraea_thiooxydans	445709	S	2528	165	2693	0.00013
Pandoraea_pulmonicola	93221	S	2372	483	2855	0.00014
Pandoraea_faecigallinarum	656179	S	1730	463	2193	0.00011
Pandoraea_norimbergensis	93219	S	1716	252	1968	0.00010
Pandoraea_sp._XY-2	2518599	S	1690	721	2411	0.00012
Pandoraea_vervacti	656178	S	1639	470	2109	0.00010
Pandoraea_apista	93218	S	1424	687	2111	0.00010
Pandoraea_fibrosis	1891094	S	1225	409	1634	0.00008
Pandoraea_oxalativorans	573737	S	1211	594	1805	0.00009
Pandoraea_sputorum	93222	S	1086	495	1581	0.00008
Caballeronia_sp._Lep1P3	2878150	S	2399	550	2949	0.00015
Caballeronia_sp._TF1N1	2878153	S	2032	219	2251	0.00011
Caballeronia_sp._SL2Y3	2878151	S	1203	669	1872	0.00009
Caballeronia_sp._Sq4a	2878152	S	1043	745	1788	0.00009
Caballeronia_sp._M1242	2814653	S	964	669	1633	0.00008
Caballeronia_sp._SBC2	2705547	S	180	1507	1687	0.00008
Caballeronia_sp._SBC1	2705548	S	119	1393	1512	0.00007
Caballeronia_zhejiangensis	871203	S	2741	634	3375	0.00017
Caballeronia_insecticola	758793	S	2554	529	3083	0.00015
Caballeronia_grimmiae	1071679	S	2239	984	3223	0.00016
Lautropia_mirabilis	47671	S	2734	375	3109	0.00015
Polynucleobacter_sp._MWH-UH24A	2689110	S	81	4	85	0.00000
Polynucleobacter_sp._MWH-P3-07-1	1743173	S	59	8	67	0.00000
Polynucleobacter_sp._AP-Nino-20-G2	2576917	S	57	12	69	0.00000
Polynucleobacter_sp._MWH-Braz-FAM2G	1855883	S	51	5	56	0.00000
Polynucleobacter_sp._MWH-Aus1W21	1855880	S	48	9	57	0.00000
Polynucleobacter_sp._MWH-CaK5	2689107	S	47	2	49	0.00000
Polynucleobacter_sp._MWH-UH21B	1743174	S	45	6	51	0.00000
Polynucleobacter_sp._AP-Titi-500A-B4	2576923	S	44	8	52	0.00000
Polynucleobacter_sp._TSB-Sco08W16	1758374	S	43	5	48	0.00000
Polynucleobacter_sp._AP-Elch-400A-B2	2576930	S	42	14	56	0.00000
Polynucleobacter_sp._VK25	1758398	S	42	8	50	0.00000
Polynucleobacter_sp._AP-Ainpum-60-G11	2576926	S	41	8	49	0.00000
Polynucleobacter_sp._es-EL-1	1855652	S	41	6	47	0.00000
Polynucleobacter_sp._es-MAR-2	1819725	S	40	7	47	0.00000
Polynucleobacter_sp._JS-JIR-II-50	2576919	S	39	14	53	0.00000
Polynucleobacter_sp._MWH-Svant-W18	1855909	S	39	6	45	0.00000
Polynucleobacter_sp._AP-Kolm-20A-A1	2081041	S	37	21	58	0.00000
Polynucleobacter_sp._MWH-UH25E	1855616	S	36	5	41	0.00000
Polynucleobacter_sp._MWH-UH2A	1855617	S	35	5	40	0.00000
Polynucleobacter_sp._LimPoW16	1743162	S	34	1	35	0.00000
Polynucleobacter_sp._AP-Sving-400A-A2	2081049	S	33	13	46	0.00000
Polynucleobacter_sp._JS-Mosq-20-D10	2576922	S	33	9	42	0.00000
Polynucleobacter_sp._MWH-Spelu-300-X4	2689109	S	32	1	33	0.00000
Polynucleobacter_sp._MG-Unter2-18	2081052	S	30	19	49	0.00000
Polynucleobacter_sp._MWH-UH35A	1855619	S	30	4	34	0.00000
Polynucleobacter_sp._MG-6-Vaara-E2	2576932	S	28	4	32	0.00000
Polynucleobacter_sp._Adler-ghost	2770234	S	26	9	35	0.00000
Polynucleobacter_sp._AP-Melu-1000-A1	2081042	S	25	7	32	0.00000
Polynucleobacter_sp._JS-JIR-II-b4	1758390	S	25	10	35	0.00000
Polynucleobacter_sp._AP-Jannik-300A-C4	2576928	S	21	15	36	0.00000
Polynucleobacter_sp._AM-7D1	2689102	S	19	15	34	0.00000
Polynucleobacter_sp._MWH-S4W17	1855910	S	18	6	24	0.00000
Polynucleobacter_sp._JS-JIR-5-A7	1758395	S	16	29	45	0.00000
Polynucleobacter_sp._UB-Siik-W21	1855646	S	14	26	40	0.00000
Polynucleobacter_sp._MG-5-Ahmo-C2	2081051	S	11	58	69	0.00000
Polynucleobacter_necessarius	576610	S	258	44	302	0.00001
Polynucleobacter_asymbioticus	576611	S	165	26	191	0.00001
Polynucleobacter_difficilis	556054	S	111	8	119	0.00001
Polynucleobacter_acidiphobus	556053	S	81	5	86	0.00000
Polynucleobacter_paneuropaeus	2527775	S	62	6	68	0.00000
Polynucleobacter_wuianus	1743168	S	38	11	49	0.00000
Polynucleobacter_duraquae	1835254	S	21	14	35	0.00000
Chitinimonas_arctica	2594795	S	1509	90	1599	0.00008
Mycetohabitans_rhizoxinica	412963	S	1315	72	1387	0.00007
Mycoavidus_sp._HKI	2840467	S	178	10	188	0.00001
Mycoavidus_sp._B2-EB	2651972	S	112	13	125	0.00001
Mycoavidus_cysteinexigens	1553431	S	140	12	152	0.00001
Limnobacter_sp._SAORIC-580	2732163	S	298	10	308	0.00002
Candidatus_Vallotia_cooleyia	1177211	S	69	6	75	0.00000
Candidatus_Vallotia_sp._(ex_Adelges_kitamiensis)	2864217	S	52	20	72	0.00000
Candidatus_Vallotia_tarda	1177213	S	37	5	42	0.00000
Candidatus_Vallotia_lariciata	2018052	S	36	14	50	0.00000
Ephemeroptericola_cinctiostellae	2268024	S	186	9	195	0.00001
Rhizobacter_gummiphilus	946333	S	40390	6836	47226	0.00233
Rhizobacter_sp._AJA081-3	2753607	S	14222	3212	17434	0.00086
Sphaerotilus_sp._FB-5	2914710	S	6825	3575	10400	0.00051
Sphaerotilus_natans	34103	S	6306	2190	8496	0.00042
Methylibium_sp._Pch-M	2082386	S	4345	4004	8349	0.00041
Methylibium_petroleiphilum	105560	S	4093	3806	7899	0.00039
Aquincola_tertiaricarbonis	391953	S	12036	3542	15578	0.00077
Rubrivivax_gelatinosus	28068	S	11898	3251	15149	0.00075
Leptothrix_cholodnii	34029	S	8121	2296	10417	0.00051
Mitsuaria_sp._7	1658665	S	7340	1280	8620	0.00042
Thiomonas_sp._X19	1050370	S	2777	1029	3806	0.00019
Thiomonas_intermedia	926	S	1824	221	2045	0.00010
Thiomonas_arsenitoxydans	426114	S	637	1089	1726	0.00009
Xylophilus_rhododendri	2697032	S	5136	1199	6335	0.00031
Aquabacterium_olei	1296669	S	4818	1064	5882	0.00029
Ideonella_dechloratans	36863	S	4670	2314	6984	0.00034
Roseateles_depolymerans	76731	S	3606	601	4207	0.00021
Tepidimonas_taiwanensis	307486	S	3512	1016	4528	0.00022
Inhella_inkyongensis	392593	S	2392	317	2709	0.00013
Paucibacter_sp._KCTC_42545	1768242	S	2110	294	2404	0.00012
Candidatus_Ichthyocystis_hellenicum	1561003	S	42	0	42	0.00000
Achromobacter_spanius	217203	S	13498	4085	17583	0.00087
Achromobacter_sp._MFA1_R4	1881016	S	4534	966	5500	0.00027
Achromobacter_sp._AONIH1	1758194	S	3085	2975	6060	0.00030
Achromobacter_sp._77	2756133	S	1883	3471	5354	0.00026
Achromobacter_sp._B7	2282475	S	435	1006	1441	0.00007
Achromobacter_sp._ES-001	2860286	S	393	1158	1551	0.00008
Achromobacter_xylosoxidans	85698	S	11251	14044	25295	0.00125
Achromobacter_denitrificans	32002	S	4964	2659	7623	0.00038
Achromobacter_deleyi	1353891	S	4913	2541	7454	0.00037
Achromobacter_mucicolens	1389922	S	2924	3295	6219	0.00031
Achromobacter_insolitus	217204	S	2647	537	3184	0.00016
Achromobacter_pestifer	1353889	S	1895	965	2860	0.00014
Achromobacter_ruhlandii	72557	S	30	1011	1041	0.00005
Bordetella_sp._H567	1697043	S	3032	251	3283	0.00016
Bordetella_sp._N	1746199	S	2926	226	3152	0.00016
Bordetella_genomosp._13	463040	S	3825	2037	5862	0.00029
Bordetella_bronchialis	463025	S	3606	332	3938	0.00019
Bordetella_genomosp._8	1416806	S	3306	265	3571	0.00018
Bordetella_genomosp._9	1416803	S	3086	580	3666	0.00018
Bordetella_flabilis	463014	S	2993	178	3171	0.00016
Bordetella_petrii	94624	S	2660	2704	5364	0.00026
Bordetella_hinzii	103855	S	2622	779	3401	0.00017
Bordetella_trematum	123899	S	2111	668	2779	0.00014
Bordetella_pseudohinzii	1331258	S	1550	458	2008	0.00010
Bordetella_bronchiseptica	518	S	1428	2099	3527	0.00017
Bordetella_holmesii	35814	S	979	6086	7065	0.00035
Bordetella_avium	521	S	925	72	997	0.00005
Bordetella_genomosp._6	463024	S	478	379	857	0.00004
Bordetella_pertussis	520	S	240	87247	87487	0.00431
Bordetella_parapertussis	519	S	145	592	737	0.00004
Pigmentiphaga_sp._H8	2488560	S	5527	521	6048	0.00030
Pigmentiphaga_aceris	1940612	S	1952	102	2054	0.00010
Orrella_dioscoreae	1851544	S	3009	775	3784	0.00019
Orrella_marina	2163011	S	439	58	497	0.00002
Orrella_sp._f23	2782176	S	209	9	218	0.00001
Castellaniella_defragrans	75697	S	3237	1663	4900	0.00024
Alcaligenes_faecalis	511	S	900	731	1631	0.00008
Alcaligenes_sp._SORT26	2813780	S	223	38	261	0.00001
Alcaligenes_sp._DN25	1367435	S	33	71	104	0.00001
Alcaligenes_aquatilis	323284	S	166	539	705	0.00003
Alcaligenes_ammonioxydans	2582914	S	15	150	165	0.00001
Pusillimonas_thiosulfatoxidans	2028345	S	973	213	1186	0.00006
Pusillimonas_sp._T7-7	1007105	S	658	80	738	0.00004
Pusillimonas_sp._DMV24BSW_D	2716226	S	294	15	309	0.00002
Paralcaligenes_sp._KSB-10	2901142	S	1050	30	1080	0.00005
Kerstersia_gyiorum	206506	S	1009	156	1165	0.00006
Advenella_mimigardefordensis	302406	S	460	21	481	0.00002
Advenella_kashmirensis	310575	S	446	20	466	0.00002
Oligella_urethralis	90245	S	85	4	89	0.00000
Oligella_ureolytica	90244	S	76	39	115	0.00001
Paenalcaligenes_hominis	643674	S	103	4	107	0.00001
Basilea_psittacipulmonis	1472345	S	40	2	42	0.00000
Taylorella_equigenitalis	29575	S	17	3	20	0.00000
Taylorella_asinigenitalis	84590	S	11	3	14	0.00000
Pelistega_ratti	2652177	S	21	2	23	0.00000
Sutterella_megalosphaeroides	2494234	S	950	150	1100	0.00005
Sutterella_faecalis	2584944	S	697	93	790	0.00004
Sutterella_wadsworthensis	40545	S	360	41	401	0.00002
Turicimonas_muris	1796652	S	144	9	153	0.00001
Thauera_sp._MZ1T	85643	S	4435	3697	8132	0.00040
Thauera_sp._K11	2005884	S	4239	2208	6447	0.00032
Thauera_humireducens	1134435	S	2852	1405	4257	0.00021
Thauera_chlorobenzoica	96773	S	2140	1845	3985	0.00020
Thauera_aromatica	59405	S	1906	2235	4141	0.00020
Thauera_hydrothermalis	2184083	S	1320	299	1619	0.00008
Azoarcus_sp._KH32C	748247	S	4735	771	5506	0.00027
Azoarcus_sp._DD4	2027405	S	3509	2016	5525	0.00027
Azoarcus_olearius	418699	S	4159	1417	5576	0.00027
Azoarcus_communis	41977	S	2925	911	3836	0.00019
Nitrogeniibacter_mangrovi	2016596	S	3629	642	4271	0.00021
Nitrogeniibacter_aestuarii	2815343	S	1726	159	1885	0.00009
Aromatoleum_petrolei	76116	S	4297	1015	5312	0.00026
Aromatoleum_aromaticum	551760	S	3557	2267	5824	0.00029
Aromatoleum_pumilum	2067960	S	3181	949	4130	0.00020
Aromatoleum_bremense	76115	S	2995	1523	4518	0.00022
Azospira_restricta	404405	S	7305	3125	10430	0.00051
Azospira_inquinata	2785627	S	637	43	680	0.00003
Azospira_oryzae	146939	S	540	1212	1752	0.00009
Azospira_sp._I09	1765049	S	514	1312	1826	0.00009
Niveibacterium_microcysteis	2811415	S	2655	305	2960	0.00015
Oryzomicrobium_terrae	1735038	S	2058	462	2520	0.00012
Rugosibacter_aromaticivorans	1565605	S	581	76	657	0.00003
Dechloromonas_denitrificans	281362	S	2823	679	3502	0.00017
Dechloromonas_sp._HYN0024	2231055	S	773	149	922	0.00005
Dechloromonas_sp._TW-R-39-2	2654218	S	499	234	733	0.00004
Ferribacterium_limneticum	76259	S	3880	609	4489	0.00022
Quatrionicoccus_australiensis	138118	S	1671	477	2148	0.00011
Fluviibacter_phosphoraccumulans	1751046	S	287	76	363	0.00002
Usitatibacter_rugosus	2732067	S	18619	1877	20496	0.00101
Usitatibacter_palustris	2732487	S	14719	1580	16299	0.00080
Nitrosospira_multiformis	1231	S	7669	205	7874	0.00039
Nitrosospira_lacus	1288494	S	969	28	997	0.00005
Nitrosospira_sp._NRS527	155925	S	428	278	706	0.00003
Nitrosospira_briensis	35799	S	376	262	638	0.00003
Nitrosomonas_communis	44574	S	6316	124	6440	0.00032
Nitrosomonas_ureae	44577	S	964	25	989	0.00005
Nitrosomonas_europaea	915	S	240	27	267	0.00001
Nitrosomonas_eutropha	916	S	173	75	248	0.00001
Nitrosomonas_stercoris	1444684	S	83	35	118	0.00001
Denitratisoma_sp._DHT3	1981880	S	2682	1582	4264	0.00021
Denitratisoma_oestradiolicum	311182	S	1336	193	1529	0.00008
Sulfuritalea_hydrogenivorans	748811	S	3404	439	3843	0.00019
Methyloversatilis_sp._RAC08	1842540	S	3014	324	3338	0.00016
Sterolibacterium_denitrificans	157592	S	2054	458	2512	0.00012
Sideroxydans_sp._MIZ01	2764705	S	1529	309	1838	0.00009
Sideroxydans_lithotrophicus	63745	S	1201	181	1382	0.00007
Ferrigenium_kumadai	1682490	S	1923	351	2274	0.00011
Ferriphaselus_amnicola	1188319	S	682	83	765	0.00004
Candidatus_Nitrotoga_arctica	453162	S	282	75	357	0.00002
Candidatus_Nitrotoga_sp._AM1P	2559597	S	201	57	258	0.00001
Gallionella_capsiferriformans	370405	S	480	39	519	0.00003
Thiobacillus_denitrificans	36861	S	3873	628	4501	0.00022
Sulfuritortus_calidifontis	1914471	S	2756	941	3697	0.00018
Sulfurimicrobium_lacus	2715678	S	2029	235	2264	0.00011
Sulfuriferula_plumbiphila	171865	S	1260	192	1452	0.00007
Sulfuriferula_sp._AH1	1985873	S	567	102	669	0.00003
Sulfuriferula_nivalis	2675298	S	127	10	137	0.00001
Sulfuricella_denitrificans	649841	S	1111	95	1206	0.00006
Methylophilus_sp._TWE2	1662285	S	1354	83	1437	0.00007
Methylophilus_medardicus	2588534	S	232	18	250	0.00001
Methylovorus_sp._MP688	887061	S	286	253	539	0.00003
Methylovorus_glucosotrophus	266009	S	260	208	468	0.00002
Methylobacillus_flagellatus	405	S	617	122	739	0.00004
Methylotenera_mobilis	359408	S	111	14	125	0.00001
Methylotenera_versatilis	1055487	S	82	11	93	0.00000
Candidatus_Methylopumilus_turicensis	1581680	S	67	7	74	0.00000
Candidatus_Methylopumilus_planktonicus	1581557	S	33	16	49	0.00000
Candidatus_Methylopumilus_universalis	2588536	S	30	13	43	0.00000
Candidatus_Methylopumilus_rimovensis	2588535	S	24	3	27	0.00000
Methyloradius_palustris	2778876	S	161	11	172	0.00001
Chromobacterium_sp._ATCC_53434	2059672	S	1709	548	2257	0.00011
Chromobacterium_sp._Rain0013	2292447	S	355	451	806	0.00004
Chromobacterium_sp._Beijing	2735795	S	235	692	927	0.00005
Chromobacterium_violaceum	536	S	1737	1001	2738	0.00013
Chromobacterium_vaccinii	1108595	S	1720	710	2430	0.00012
Chromobacterium_phragmitis	2202141	S	1046	443	1489	0.00007
Chromobacterium_paludis	2605945	S	994	369	1363	0.00007
Chromobacterium_rhizoryzae	1778675	S	277	1525	1802	0.00009
Chromobacterium_haemolyticum	394935	S	157	1082	1239	0.00006
Iodobacter_fluviatilis	537	S	126	28	154	0.00001
Iodobacter_ciconiae	2496266	S	114	23	137	0.00001
Jeongeupia_sp._USM3	1906741	S	2622	593	3215	0.00016
Jeongeupia_sp._HS-3	1009682	S	1161	199	1360	0.00007
Paludibacterium_paludis	1225769	S	1271	213	1484	0.00007
Paludibacterium_yongneupense	400061	S	1155	138	1293	0.00006
Paludibacterium_sp._B53371	2806263	S	868	154	1022	0.00005
Pseudogulbenkiania_sp._NH8B	748280	S	2290	676	2966	0.00015
Vogesella_sp._LIG4	1192162	S	1546	377	1923	0.00009
Vogesella_sp._XCS3	2877939	S	683	167	850	0.00004
Aquitalea_aquatilis	1537400	S	567	164	731	0.00004
Aquitalea_magnusonii	332411	S	376	207	583	0.00003
Aquitalea_denitrificans	519081	S	358	175	533	0.00003
Aquitalea_sp._USM4	1590041	S	354	184	538	0.00003
Microvirgula_aerodenitrificans	57480	S	1642	259	1901	0.00009
Laribacter_hongkongensis	168471	S	1305	928	2233	0.00011
Aquaspirillum_sp._LM1	1938604	S	831	102	933	0.00005
Chitinibacter_bivalviorum	2739434	S	177	108	285	0.00001
Chitinibacter_fontanus	1737446	S	148	17	165	0.00001
Deefgea_sp._D17	2739061	S	107	30	137	0.00001
Deefgea_sp._D25	2865840	S	90	11	101	0.00000
Deefgea_sp._D13	2864875	S	87	20	107	0.00001
Neisseria_sp._KEM232	655307	S	321	45	366	0.00002
Neisseria_sp._oral_taxon_014	641148	S	153	66	219	0.00001
Neisseria_sp._ZJ785	2709396	S	94	10	104	0.00001
Neisseria_sp._Dent_CA1/247	2912675	S	75	37	112	0.00001
Neisseria_bacilliformis	267212	S	378	83	461	0.00002
Neisseria_shayeganii	607712	S	356	46	402	0.00002
Neisseria_meningitidis	487	S	312	850	1162	0.00006
Neisseria_dentiae	194197	S	261	27	288	0.00001
Neisseria_elongata	495	S	255	134	389	0.00002
Neisseria_chenwenguii	1853278	S	236	25	261	0.00001
Neisseria_musculi	1815583	S	228	18	246	0.00001
Neisseria_gonorrhoeae	485	S	135	380	515	0.00003
Neisseria_animalis	492	S	126	15	141	0.00001
Neisseria_weaveri	28091	S	122	43	165	0.00001
Neisseria_sicca	490	S	113	235	348	0.00002
Neisseria_lactamica	486	S	110	144	254	0.00001
Neisseria_brasiliensis	2666100	S	87	66	153	0.00001
Neisseria_animaloris	326522	S	81	17	98	0.00000
Neisseria_weixii	1853276	S	81	9	90	0.00000
Neisseria_zalophi	640030	S	76	6	82	0.00000
Neisseria_wadsworthii	607711	S	75	15	90	0.00000
Neisseria_arctica	1470200	S	75	6	81	0.00000
Neisseria_mucosa	488	S	73	157	230	0.00001
Neisseria_dumasiana	1931275	S	73	29	102	0.00001
Neisseria_canis	493	S	71	17	88	0.00000
Neisseria_zoodegmatis	326523	S	62	43	105	0.00001
Neisseria_macacae	496	S	36	80	116	0.00001
Neisseria_flavescens	484	S	33	25	58	0.00000
Neisseria_subflava	28449	S	28	21	49	0.00000
Neisseria_cinerea	483	S	28	16	44	0.00000
Crenobacter_cavernae	2290923	S	2915	809	3724	0.00018
Chitinolyticbacter_meiyuanensis	682798	S	2020	202	2222	0.00011
Vitreoscilla_filiformis	63	S	1025	147	1172	0.00006
Vitreoscilla_massiliensis	1689272	S	123	86	209	0.00001
Kingella_potus	265175	S	239	29	268	0.00001
Kingella_denitrificans	502	S	204	113	317	0.00002
Kingella_oralis	505	S	186	27	213	0.00001
Kingella_kingae	504	S	48	7	55	0.00000
Uruburuella_suis	252130	S	278	40	318	0.00002
Uruburuella_testudinis	1282863	S	253	42	295	0.00001
Eikenella_corrodens	539	S	325	195	520	0.00003
Eikenella_exigua	2528037	S	90	59	149	0.00001
Paralysiella_testudinis	2809020	S	230	38	268	0.00001
Alysiella_crassa	153491	S	61	18	79	0.00000
Alysiella_filiformis	194196	S	51	15	66	0.00000
Conchiformibius_steedae	153493	S	94	12	106	0.00001
Neisseriaceae_bacterium_CCUG_44465	2917790	S	77	10	87	0.00000
Aquella_oligotrophica	2067065	S	72	2	74	0.00000
Snodgrassella_alvi	1196083	S	42	10	52	0.00000
Simonsiella_muelleri	72	S	38	5	43	0.00000
Morococcus_cerebrosus	1056807	S	26	142	168	0.00001
Casimicrobium_huifangae	2591109	S	2389	857	3246	0.00016
Candidatus_Kinetoplastibacterium_crithidii	33056	S	17	0	17	0.00000
Candidatus_Kinetoplastibacterium_blastocrithidii	233181	S	13	0	13	0.00000
Candidatus_Kinetoplastibacterium_sorsogonicusi	1576550	S	10	9	19	0.00000
Lysobacter_sp._KIS68-7	2904252	S	29095	4632	33727	0.00166
Lysobacter_sp._TY2-98	2290922	S	11512	1454	12966	0.00064
Lysobacter_sp._CECT_30171	2822368	S	10073	1987	12060	0.00059
Lysobacter_sp._5GHs7-4	2904253	S	9117	2375	11492	0.00057
Lysobacter_sp._S4-A87	2925843	S	8965	2660	11625	0.00057
Lysobacter_sp._CW239	2762611	S	6562	2911	9473	0.00047
Lysobacter_sp._K5869	2820808	S	4481	2053	6534	0.00032
Lysobacter_sp._H21R4	2781021	S	1416	2915	4331	0.00021
Lysobacter_sp._CJ11	2764185	S	1200	97	1297	0.00006
Lysobacter_sp._H23M47	2781024	S	819	4284	5103	0.00025
Lysobacter_sp._HDW10	2714936	S	801	180	981	0.00005
Lysobacter_soli	453783	S	50094	8374	58468	0.00288
Lysobacter_enzymogenes	69	S	21208	6944	28152	0.00139
Lysobacter_solisilvae_(ex_Kim_et_al._2021)	2763317	S	14304	2289	16593	0.00082
Lysobacter_solisilvae_(ex_Woo_and_Kim_2022)	2865112	S	13228	3148	16376	0.00081
Lysobacter_capsici	435897	S	12798	13737	26535	0.00131
Lysobacter_lycopersici	1324796	S	10667	1780	12447	0.00061
Lysobacter_maris	1605891	S	9226	1781	11007	0.00054
Lysobacter_arenosi	2795387	S	8919	2552	11471	0.00057
Lysobacter_antibioticus	84531	S	8070	1463	9533	0.00047
Lysobacter_alkalisoli	2591633	S	7397	1056	8453	0.00042
Lysobacter_oculi	2698682	S	6309	1335	7644	0.00038
Lysobacter_ciconiae	2781022	S	1394	2589	3983	0.00020
Lysobacter_gummosus	262324	S	1022	8895	9917	0.00049
Lysobacter_avium	2781023	S	773	3649	4422	0.00022
Stenotrophomonas_maltophilia	40324	S	65341	70973	136314	0.00672
Stenotrophomonas_sp._ESTM1D_MKCIP4_1	2072414	S	5610	2043	7653	0.00038
Stenotrophomonas_sp._SAU14A_NAIMI4_5	2072413	S	4863	2761	7624	0.00038
Stenotrophomonas_sp._ZAC14D2_NAIMI4_7	2072405	S	2473	2635	5108	0.00025
Stenotrophomonas_sp._ZAC14A_NAIMI4_1	2072412	S	1601	3029	4630	0.00023
Stenotrophomonas_sp._YAU14D1_LEIMI4_1	2072407	S	1510	2636	4146	0.00020
Stenotrophomonas_sp._ZAC14D2_NAIMI4_6	2072406	S	1400	2795	4195	0.00021
Stenotrophomonas_sp._YAU14A_MKIMI4_1	2072408	S	481	2864	3345	0.00016
Stenotrophomonas_sp._SAU14A_NAIMI4_8	2072409	S	452	2689	3141	0.00015
Stenotrophomonas_sp._169	2770322	S	39355	4933	44288	0.00218
Stenotrophomonas_sp._LM091	1904944	S	10808	3200	14008	0.00069
Stenotrophomonas_sp._364	2691571	S	5835	1742	7577	0.00037
Stenotrophomonas_sp._NA06056	2742129	S	3059	1164	4223	0.00021
Stenotrophomonas_sp._WZN-1	2005046	S	1249	1148	2397	0.00012
Stenotrophomonas_sp._DR822	2871174	S	1065	1457	2522	0.00012
Stenotrophomonas_sp._pho	2211160	S	440	1741	2181	0.00011
Stenotrophomonas_sp._SI-NJAU-1	2886359	S	439	1874	2313	0.00011
Stenotrophomonas_sp._Pemsol	2040586	S	383	1060	1443	0.00007
Stenotrophomonas_sp._MYb57	1827305	S	358	1221	1579	0.00008
Stenotrophomonas_sp._G4	2303750	S	337	1401	1738	0.00009
Stenotrophomonas_sp._ASS1	2282124	S	290	1034	1324	0.00007
Stenotrophomonas_sp._NY11291	2939415	S	188	1598	1786	0.00009
Stenotrophomonas_sp._SXG-1	2682487	S	179	1571	1750	0.00009
Stenotrophomonas_sp._CW117	2775920	S	149	2505	2654	0.00013
Stenotrophomonas_rhizophila	216778	S	35007	7899	42906	0.00211
Stenotrophomonas_acidaminiphila	128780	S	8123	14480	22603	0.00111
Stenotrophomonas_indicatrix	2045451	S	830	2546	3376	0.00017
Stenotrophomonas_pavanii	487698	S	21	709	730	0.00004
Luteimonas_sp._D4P002	2901869	S	117774	24369	142143	0.00701
Luteimonas_sp._S4-F44	2925842	S	29597	4583	34180	0.00168
Luteimonas_sp._MC1750	2799326	S	9233	2788	12021	0.00059
Luteimonas_sp._YGD11-2	2508168	S	8808	3046	11854	0.00058
Luteimonas_sp._JM171	1896164	S	6387	1018	7405	0.00037
Luteimonas_sp._MC1572	2799325	S	6331	3043	9374	0.00046
Luteimonas_sp._MC1825	2761107	S	6140	3054	9194	0.00045
Luteimonas_chenhongjianii	2006110	S	30015	5021	35036	0.00173
Luteimonas_yindakuii	2565782	S	7464	2274	9738	0.00048
Luteimonas_granuli	1176533	S	7443	2003	9446	0.00047
Pseudoxanthomonas_suwonensis	314722	S	36361	15652	52013	0.00256
Pseudoxanthomonas_mexicana	128785	S	19573	19257	38830	0.00191
Pseudoxanthomonas_daejeonensis	266062	S	15614	3009	18623	0.00092
Pseudoxanthomonas_sp._X-1	2571115	S	6747	4538	11285	0.00056
Pseudoxanthomonas_sp._F37	2932492	S	60	2910	2970	0.00015
Pseudoxanthomonas_spadix	415229	S	4161	1186	5347	0.00026
Xanthomonas_campestris	339	S	9988	6603	16591	0.00082
Xanthomonas_translucens	343	S	8504	8490	16994	0.00084
Xanthomonas_sacchari	56458	S	5390	1467	6857	0.00034
Xanthomonas_sp._GW	2724121	S	971	1229	2200	0.00011
Xanthomonas_sp._SS	2724122	S	962	1419	2381	0.00012
Xanthomonas_sp._SI	2724123	S	869	1294	2163	0.00011
Xanthomonas_sp._MLO165	2081477	S	242	399	641	0.00003
Xanthomonas_arboricola	56448	S	4376	4490	8866	0.00044
Xanthomonas_theicola	56464	S	3149	840	3989	0.00020
Xanthomonas_oryzae	347	S	3106	1041	4147	0.00020
Xanthomonas_vesicatoria	56460	S	2453	1126	3579	0.00018
Xanthomonas_hyacinthi	56455	S	2430	1227	3657	0.00018
Xanthomonas_albilineans	29447	S	2400	243	2643	0.00013
Xanthomonas_citri	346	S	2298	17757	20055	0.00099
Xanthomonas_hortorum	56454	S	2281	1577	3858	0.00019
Xanthomonas_cucurbitae	56453	S	2187	344	2531	0.00012
Xanthomonas_fragariae	48664	S	2101	358	2459	0.00012
Xanthomonas_vasicola	56459	S	1613	525	2138	0.00011
Xanthomonas_cassavae	56450	S	1490	366	1856	0.00009
Xanthomonas_euroxanthea	2259622	S	1167	1514	2681	0.00013
Xanthomonas_hydrangeae	2775159	S	1080	386	1466	0.00007
Xanthomonas_axonopodis	53413	S	944	771	1715	0.00008
Xanthomonas_phaseoli	1985254	S	698	2951	3649	0.00018
Xanthomonas_euvesicatoria	456327	S	438	2065	2503	0.00012
Xanthomonas_perforans	442694	S	73	414	487	0.00002
Thermomonas_sp._XSG	2771436	S	4866	1773	6639	0.00033
Thermomonas_sp._HDW16	2714945	S	4087	936	5023	0.00025
Thermomonas_carbonis	1463158	S	7925	1352	9277	0.00046
Thermomonas_aquatica	2202149	S	6793	2947	9740	0.00048
Thermomonas_brevis	215691	S	6450	2217	8667	0.00043
Arenimonas_daejeonensis	370777	S	18822	2895	21717	0.00107
Pseudolysobacter_antarcticus	2511995	S	2357	48	2405	0.00012
Xylella_fastidiosa	2371	S	393	76	469	0.00002
Xylella_taiwanensis	1444770	S	303	15	318	0.00002
Rhodanobacter_denitrificans	666685	S	5757	2138	7895	0.00039
Rhodanobacter_sp._FDAARGOS_1247	2778082	S	4017	1204	5221	0.00026
Rhodanobacter_thiooxydans	416169	S	3009	1385	4394	0.00022
Rhodanobacter_glycinis	582702	S	2337	373	2710	0.00013
Luteibacter_sp._321	2911537	S	2885	751	3636	0.00018
Luteibacter_sp._EIF3	2780091	S	2132	316	2448	0.00012
Luteibacter_sp._335	2911538	S	1877	423	2300	0.00011
Luteibacter_sp._353	2911539	S	1748	501	2249	0.00011
Luteibacter_rhizovicinus	242606	S	2291	297	2588	0.00013
Luteibacter_pinisoli	2589080	S	2185	556	2741	0.00014
Luteibacter_anthropi	564369	S	1689	293	1982	0.00010
Dyella_thiooxydans	445710	S	3468	963	4431	0.00022
Dyella_japonica	231455	S	2208	700	2908	0.00014
Dyella_telluris	2763498	S	1886	528	2414	0.00012
Dyella_terrae	522259	S	1630	232	1862	0.00009
Dyella_caseinilytica	1849581	S	1300	90	1390	0.00007
Dyella_sp._M7H15-1	2501295	S	755	65	820	0.00004
Frateuria_sp._5GH9-34	2898793	S	3623	1090	4713	0.00023
Frateuria_sp._5GH9-11	1542730	S	3357	1292	4649	0.00023
Frateuria_aurantia	81475	S	1040	113	1153	0.00006
Dokdonella_koreensis	323415	S	7144	945	8089	0.00040
Aerosticca_soli	2010829	S	3065	3097	6162	0.00030
Ahniella_affigens	2021234	S	1814	36	1850	0.00009
Pseudomonas_sp._MM211	2866808	S	20511	1424	21935	0.00108
Pseudomonas_sp._CC6-YY-74	1930532	S	2066	187	2253	0.00011
Pseudomonas_sp._LPB0260	2614442	S	1679	257	1936	0.00010
Pseudomonas_sp._TCU-HL1	1856685	S	1604	173	1777	0.00009
Pseudomonas_sp._KNUC1026	2893890	S	1462	106	1568	0.00008
Pseudomonas_sp._DY-1	1755504	S	1459	141	1600	0.00008
Pseudomonas_sp._B11D7D	2735906	S	1426	206	1632	0.00008
Pseudomonas_sp._SCB32	2653853	S	1391	228	1619	0.00008
Pseudomonas_sp._ATCC_13867	1294143	S	1383	367	1750	0.00009
Pseudomonas_sp._PDNC002	2811422	S	1356	234	1590	0.00008
Pseudomonas_sp._MSPm1	2726956	S	1233	200	1433	0.00007
Pseudomonas_sp._ABC1	2748080	S	1218	131	1349	0.00007
Pseudomonas_sp._MTM4	2705472	S	1161	151	1312	0.00006
Pseudomonas_sp._StFLB209	1028989	S	1132	219	1351	0.00007
Pseudomonas_sp._Ost2	2678260	S	1129	124	1253	0.00006
Pseudomonas_sp._7SR1	1881017	S	918	126	1044	0.00005
Pseudomonas_sp._p1(2021b)	2874628	S	835	343	1178	0.00006
Pseudomonas_sp._L5B5	2883205	S	833	117	950	0.00005
Pseudomonas_sp._HN2-3	2886360	S	774	131	905	0.00004
Pseudomonas_sp._Pc102	2678261	S	759	296	1055	0.00005
Pseudomonas_sp._CMR5c	658630	S	737	168	905	0.00004
Pseudomonas_sp._Leaf58	1736226	S	719	105	824	0.00004
Pseudomonas_sp._OIL-1	2706126	S	680	105	785	0.00004
Pseudomonas_sp._HLS-6	2049589	S	646	149	795	0.00004
Pseudomonas_sp._LAB-08	143813	S	635	90	725	0.00004
Pseudomonas_sp._gcc21	2726989	S	623	214	837	0.00004
Pseudomonas_sp._DG56-2	2320270	S	615	52	667	0.00003
Pseudomonas_sp._S34	1573718	S	613	113	726	0.00004
Pseudomonas_sp._M30-35	1981174	S	594	26	620	0.00003
Pseudomonas_sp._M1	95619	S	580	1032	1612	0.00008
Pseudomonas_sp._LS.1a	2920387	S	580	191	771	0.00004
Pseudomonas_sp._MPC6	2498848	S	562	92	654	0.00003
Pseudomonas_sp._Marseille-Q3773	2866592	S	556	141	697	0.00003
Pseudomonas_sp._ADPe	2774873	S	541	1001	1542	0.00008
Pseudomonas_sp._URMO17WK12:I11	1283291	S	538	275	813	0.00004
Pseudomonas_sp._S09G_359	2054919	S	527	99	626	0.00003
Pseudomonas_sp._15A4	2804761	S	499	93	592	0.00003
Pseudomonas_sp._ADAK13	2730847	S	469	84	553	0.00003
Pseudomonas_sp._MM213	2866807	S	460	77	537	0.00003
Pseudomonas_sp._PP3	2815936	S	458	134	592	0.00003
Pseudomonas_sp._LG1E9	2219057	S	454	106	560	0.00003
Pseudomonas_sp._LPH1	1898684	S	422	282	704	0.00003
Pseudomonas_sp._RtIB026	2749999	S	416	195	611	0.00003
Pseudomonas_sp._Tri1	2823875	S	406	73	479	0.00002
Pseudomonas_sp._DTU12.3	2073078	S	405	81	486	0.00002
Pseudomonas_sp._OE_28.3	2745519	S	403	75	478	0.00002
Pseudomonas_sp._31-12	2201356	S	393	78	471	0.00002
Pseudomonas_sp._DNDY-54	2870860	S	382	136	518	0.00003
Pseudomonas_sp._2hn	2866626	S	369	197	566	0.00003
Pseudomonas_sp._NIBR-H-19	2901380	S	366	63	429	0.00002
Pseudomonas_sp._FGI182	1259844	S	359	299	658	0.00003
Pseudomonas_sp._S35	1573719	S	354	75	429	0.00002
Pseudomonas_sp._R5-89-07	658644	S	350	89	439	0.00002
Pseudomonas_sp._NS1(2017)	2025658	S	338	68	406	0.00002
Pseudomonas_sp._RC3H12	2834406	S	334	163	497	0.00002
Pseudomonas_sp._HN11	1344094	S	331	58	389	0.00002
Pseudomonas_sp._DR48	2871095	S	331	171	502	0.00002
Pseudomonas_sp._ACM7	2052956	S	331	46	377	0.00002
Pseudomonas_sp._Seg1	2678259	S	330	59	389	0.00002
Pseudomonas_sp._ADAK18	2730848	S	323	43	366	0.00002
Pseudomonas_sp._HS6	2850559	S	304	62	366	0.00002
Pseudomonas_sp._S07E_245	2866278	S	299	673	972	0.00005
Pseudomonas_sp._CCOS_191	1649877	S	286	190	476	0.00002
Pseudomonas_sp._St316	2678257	S	282	70	352	0.00002
Pseudomonas_sp._02C_26	2054914	S	268	570	838	0.00004
Pseudomonas_sp._NIBRBAC000502773	2590776	S	260	99	359	0.00002
Pseudomonas_sp._SDM007	2812000	S	259	139	398	0.00002
Pseudomonas_sp._A2	107445	S	255	1041	1296	0.00006
Pseudomonas_sp._R2A2	2213057	S	253	228	481	0.00002
Pseudomonas_sp._R84	1573712	S	248	97	345	0.00002
Pseudomonas_sp._14181154	2662033	S	242	201	443	0.00002
Pseudomonas_sp._IzPS59	2774459	S	231	83	314	0.00002
Pseudomonas_sp._SK3(2021)	2841064	S	231	109	340	0.00002
Pseudomonas_sp._phDV1	253237	S	231	587	818	0.00004
Pseudomonas_sp._CYM-20-01	2870750	S	231	86	317	0.00002
Pseudomonas_sp._FIT81	2837969	S	226	101	327	0.00002
Pseudomonas_sp._SCA2728.1_7	2825975	S	224	103	327	0.00002
Pseudomonas_sp._UW4	1207075	S	222	109	331	0.00002
Pseudomonas_sp._HS-18	2879114	S	218	326	544	0.00003
Pseudomonas_sp._SK	2729423	S	198	129	327	0.00002
Pseudomonas_sp._MRSN12121	1611770	S	193	202	395	0.00002
Pseudomonas_sp._AO-1	2855434	S	192	161	353	0.00002
Pseudomonas_sp._B10	118613	S	187	100	287	0.00001
Pseudomonas_sp._LTJR-52	2479392	S	178	43	221	0.00001
Pseudomonas_sp._RBPA9	2746321	S	169	262	431	0.00002
Pseudomonas_sp._BIGb0427	2724470	S	167	356	523	0.00003
Pseudomonas_sp._R76	1573711	S	165	61	226	0.00001
Pseudomonas_sp._THAF7b	2587845	S	163	249	412	0.00002
Pseudomonas_sp._SORT22	2813842	S	163	369	532	0.00003
Pseudomonas_sp._Z003-0.4C(8344-21)	1855380	S	157	81	238	0.00001
Pseudomonas_sp._CIP-10	2892442	S	144	970	1114	0.00005
Pseudomonas_sp._3-2	2867408	S	142	156	298	0.00001
Pseudomonas_sp._FDAARGOS_380	2018067	S	127	76	203	0.00001
Pseudomonas_sp._Cab53	2678258	S	124	144	268	0.00001
Pseudomonas_sp._SC3(2021)	2871493	S	123	97	220	0.00001
Pseudomonas_sp._MPFS	2795724	S	123	166	289	0.00001
Pseudomonas_sp._DR_5-09	1534110	S	122	140	262	0.00001
Pseudomonas_sp._AN-B15	2697023	S	120	305	425	0.00002
Pseudomonas_sp._ADAK22	2730851	S	120	287	407	0.00002
Pseudomonas_sp._HN2	2884805	S	116	75	191	0.00001
Pseudomonas_sp._Y5-11	2749808	S	113	307	420	0.00002
Pseudomonas_sp._XWY-1	2069256	S	109	508	617	0.00003
Pseudomonas_sp._C27(2019)	2604941	S	106	11	117	0.00001
Pseudomonas_sp._PONIH3	1636610	S	106	442	548	0.00003
Pseudomonas_sp._09C_129	2054915	S	105	94	199	0.00001
Pseudomonas_sp._GR_6-02	1659194	S	105	232	337	0.00002
Pseudomonas_sp._SWI36	2083052	S	100	221	321	0.00002
Pseudomonas_sp._ATCC_43928	676210	S	97	217	314	0.00002
Pseudomonas_sp._ArH3a	2862945	S	96	225	321	0.00002
Pseudomonas_sp._CFA	2651048	S	91	355	446	0.00002
Pseudomonas_sp._RU47	2005388	S	91	217	308	0.00002
Pseudomonas_sp._BC42	2933816	S	90	415	505	0.00002
Pseudomonas_sp._BIOMIG1BAC	1758730	S	88	221	309	0.00002
Pseudomonas_sp._LBUM920	2126069	S	88	208	296	0.00001
Pseudomonas_sp._J380	2605424	S	84	91	175	0.00001
Pseudomonas_sp._LG1D9	2083054	S	83	291	374	0.00002
Pseudomonas_sp._S150	2559074	S	83	95	178	0.00001
Pseudomonas_sp._S49	1573720	S	81	196	277	0.00001
Pseudomonas_sp._MYb193	1827300	S	74	68	142	0.00001
Pseudomonas_sp._CFSAN084952	2664899	S	73	158	231	0.00001
Pseudomonas_sp._St29	1500687	S	72	272	344	0.00002
Pseudomonas_sp._SXM-1	2169583	S	71	170	241	0.00001
Pseudomonas_sp._R3-18-08	1173283	S	66	180	246	0.00001
Pseudomonas_sp._Colony2	2861799	S	64	212	276	0.00001
Pseudomonas_sp._Y39-6	2749807	S	61	146	207	0.00001
Pseudomonas_sp._Os17	1500686	S	61	281	342	0.00002
Pseudomonas_sp._DR208	2870840	S	60	104	164	0.00001
Pseudomonas_sp._SWI44	2083053	S	59	473	532	0.00003
Pseudomonas_sp._DTU12.1	2654238	S	55	206	261	0.00001
Pseudomonas_sp._BYT-1	2816906	S	55	344	399	0.00002
Pseudomonas_sp._R4-34-07	658642	S	55	299	354	0.00002
Pseudomonas_sp._IAC-BECa141	2793103	S	51	76	127	0.00001
Pseudomonas_sp._HN8-3	2886361	S	49	71	120	0.00001
Pseudomonas_sp._MPDS	2762896	S	49	149	198	0.00001
Pseudomonas_sp._R3-52-08	1173284	S	48	274	322	0.00002
Pseudomonas_sp._TMW_2.1634	1886807	S	47	88	135	0.00001
Pseudomonas_sp._B14-6	2738843	S	46	93	139	0.00001
Pseudomonas_sp._R32	1573704	S	46	85	131	0.00001
Pseudomonas_sp._7-41	2898483	S	44	143	187	0.00001
Pseudomonas_sp._TKP	1415630	S	44	109	153	0.00001
Pseudomonas_sp._NC02	2067572	S	42	107	149	0.00001
Pseudomonas_sp._I3-I5	2926671	S	42	123	165	0.00001
Pseudomonas_sp._R2-37-08W	1173273	S	41	182	223	0.00001
Pseudomonas_sp._R4-39-08	1173288	S	38	210	248	0.00001
Pseudomonas_sp._So3.2b	2864101	S	38	88	126	0.00001
Pseudomonas_sp._SW-3	147212	S	38	105	143	0.00001
Pseudomonas_sp._LH1G9	2083055	S	37	93	130	0.00001
Pseudomonas_sp._R1-43-08	1173270	S	36	200	236	0.00001
Pseudomonas_sp._BJP69	2597770	S	33	145	178	0.00001
Pseudomonas_sp._A214	1855331	S	33	76	109	0.00001
Pseudomonas_sp._PS1(2021)	2866282	S	33	718	751	0.00004
Pseudomonas_sp._13159349	2662034	S	31	216	247	0.00001
Pseudomonas_sp._R2-60-08W	1173280	S	31	203	234	0.00001
Pseudomonas_sp._VLB120	69328	S	30	387	417	0.00002
Pseudomonas_sp._OST1909	2777367	S	30	66	96	0.00000
Pseudomonas_sp._IB20	1702250	S	30	163	193	0.00001
Pseudomonas_sp._R4-35-07	658643	S	29	184	213	0.00001
Pseudomonas_sp._R11-23-07	658632	S	29	244	273	0.00001
Pseudomonas_sp._St290	1602166	S	26	72	98	0.00000
Pseudomonas_sp._SWI7	2587597	S	25	118	143	0.00001
Pseudomonas_sp._SK2	2841063	S	23	396	419	0.00002
Pseudomonas_sp._R2-7-07	658641	S	23	204	227	0.00001
Pseudomonas_sp._JY-Q	1338689	S	23	132	155	0.00001
Pseudomonas_sp._SWI6	2083051	S	22	348	370	0.00002
Pseudomonas_sp._St386	2678256	S	21	123	144	0.00001
Pseudomonas_sp._Eqa60	2799184	S	21	85	106	0.00001
Pseudomonas_sp._FDAARGOS_761	2545800	S	20	284	304	0.00002
Pseudomonas_sp._KUIN-1	2609418	S	14	58	72	0.00000
Pseudomonas_fulva	47880	S	33587	61904	95491	0.00471
Pseudomonas_putida	303	S	12997	11765	24762	0.00122
Pseudomonas_oryzihabitans	47885	S	4205	641	4846	0.00024
Pseudomonas_plecoglossicida	70775	S	774	420	1194	0.00006
Pseudomonas_mosselii	78327	S	457	513	970	0.00005
Pseudomonas_monteilii	76759	S	431	2021	2452	0.00012
Pseudomonas_sp._SGAir0191	2217867	S	254	110	364	0.00002
Pseudomonas_shirazica	1940636	S	29	269	298	0.00001
Pseudomonas_mendocina	300	S	11128	3294	14422	0.00071
Pseudomonas_aeruginosa	287	S	7409	71379	78788	0.00388
Pseudomonas_alcaligenes	43263	S	4581	2253	6834	0.00034
Pseudomonas_furukawaii	1149133	S	2061	452	2513	0.00012
Pseudomonas_oleovorans	301	S	562	1227	1789	0.00009
Pseudomonas_resinovorans	53412	S	2097	336	2433	0.00012
Pseudomonas_citronellolis	53408	S	1329	1372	2701	0.00013
Pseudomonas_multiresinivorans	95301	S	893	220	1113	0.00005
Pseudomonas_nitroreducens	46680	S	260	393	653	0.00003
Pseudomonas_stutzeri	316	S	21435	10590	32025	0.00158
Pseudomonas_chloritidismutans	203192	S	274	280	554	0.00003
Pseudomonas_balearica	74829	S	2224	2025	4249	0.00021
Pseudomonas_xanthomarina	271420	S	735	88	823	0.00004
Pseudomonas_luteola	47886	S	226	73	299	0.00001
Pseudomonas_fluorescens	294	S	8436	4953	13389	0.00066
Pseudomonas_protegens	380021	S	1842	1106	2948	0.00015
Pseudomonas_orientalis	76758	S	1435	306	1741	0.00009
Pseudomonas_azotoformans	47878	S	1134	335	1469	0.00007
Pseudomonas_synxantha	47883	S	955	555	1510	0.00007
Pseudomonas_rhodesiae	76760	S	826	243	1069	0.00005
Pseudomonas_poae	200451	S	717	307	1024	0.00005
Pseudomonas_trivialis	200450	S	636	186	822	0.00004
Pseudomonas_mediterranea	183795	S	632	138	770	0.00004
Pseudomonas_corrugata	47879	S	630	117	747	0.00004
Pseudomonas_tolaasii	29442	S	576	84	660	0.00003
Pseudomonas_migulae	78543	S	493	195	688	0.00003
Pseudomonas_mucidolens	46679	S	484	54	538	0.00003
Pseudomonas_cedrina	651740	S	457	97	554	0.00003
Pseudomonas_congelans	200452	S	363	75	438	0.00002
Pseudomonas_brenneri	129817	S	337	97	434	0.00002
Pseudomonas_veronii	76761	S	220	402	622	0.00003
Pseudomonas_libanensis	75588	S	206	202	408	0.00002
Pseudomonas_mandelii	75612	S	183	329	512	0.00003
Pseudomonas_ogarae	1114970	S	168	90	258	0.00001
Pseudomonas_extremorientalis	169669	S	49	80	129	0.00001
Pseudomonas_argentinensis	289370	S	12632	2058	14690	0.00072
Pseudomonas_syringae	317	S	2885	9721	12606	0.00062
Pseudomonas_viridiflava	33069	S	1875	154	2029	0.00010
Pseudomonas_cichorii	36746	S	1041	67	1108	0.00005
Pseudomonas_asturiensis	1190415	S	689	47	736	0.00004
Pseudomonas_syringae_group_genomosp._7	251699	S	536	35	571	0.00003
Pseudomonas_amygdali	47877	S	251	730	981	0.00005
Pseudomonas_savastanoi	29438	S	86	195	281	0.00001
Pseudomonas_fuscovaginae	50340	S	267	105	372	0.00002
Pseudomonas_avellanae	46257	S	133	58	191	0.00001
Pseudomonas_coronafaciens	53409	S	84	66	150	0.00001
Pseudomonas_syringae_group_genomosp._3	251701	S	73	250	323	0.00002
Pseudomonas_tremae	200454	S	47	29	76	0.00000
Pseudomonas_sp._Lz4W	1206777	S	41	48	89	0.00000
Pseudomonas_chlororaphis	587753	S	4628	3492	8120	0.00040
Pseudomonas_lundensis	86185	S	561	52	613	0.00003
Pseudomonas_fragi	296	S	371	207	578	0.00003
Pseudomonas_psychrotolerans	237610	S	3438	545	3983	0.00020
Pseudomonas_otitidis	319939	S	3063	506	3569	0.00018
Pseudomonas_knackmussii	65741	S	2836	1738	4574	0.00023
Pseudomonas_oryzae	1392877	S	2671	647	3318	0.00016
Pseudomonas_entomophila	312306	S	2319	703	3022	0.00015
Pseudomonas_cavernae	2320867	S	2100	250	2350	0.00012
Pseudomonas_lalkuanensis	2604832	S	2021	277	2298	0.00011
Pseudomonas_guangdongensis	1245526	S	1601	395	1996	0.00010
Pseudomonas_campi	2731681	S	1589	164	1753	0.00009
Pseudomonas_parafulva	157782	S	1443	290	1733	0.00009
Pseudomonas_sediminis	1691904	S	1382	277	1659	0.00008
Pseudomonas_qingdaonensis	2056231	S	1299	192	1491	0.00007
Pseudomonas_eucalypticola	2599595	S	1185	112	1297	0.00006
Pseudomonas_vanderleydeniana	2745495	S	1169	118	1287	0.00006
Pseudomonas_rhizosphaerae	216142	S	1162	106	1268	0.00006
Pseudomonas_cremoricolorata	157783	S	1130	126	1256	0.00006
Pseudomonas_saudiphocaensis	1499686	S	1097	178	1275	0.00006
Pseudomonas_nanhaiensis	2830842	S	1047	90	1137	0.00006
Pseudomonas_brassicacearum	930166	S	1020	1225	2245	0.00011
Pseudomonas_umsongensis	198618	S	975	110	1085	0.00005
Pseudomonas_alkylphenolica	237609	S	955	135	1090	0.00005
Pseudomonas_wenzhouensis	2906062	S	892	244	1136	0.00006
Pseudomonas_frederiksbergensis	104087	S	875	177	1052	0.00005
Pseudomonas_pohangensis	364197	S	857	48	905	0.00004
Pseudomonas_muyukensis	2842357	S	833	173	1006	0.00005
Pseudomonas_marincola	437900	S	810	93	903	0.00004
Pseudomonas_zhaodongensis	1176257	S	807	253	1060	0.00005
Pseudomonas_tohonis	2725477	S	767	431	1198	0.00006
Pseudomonas_yamanorum	515393	S	760	115	875	0.00004
Pseudomonas_phragmitis	1931241	S	736	45	781	0.00004
Pseudomonas_alvandae	2842348	S	659	73	732	0.00004
Pseudomonas_palleroniana	191390	S	650	73	723	0.00004
Pseudomonas_fakonensis	2842355	S	646	140	786	0.00004
Pseudomonas_tructae	2518644	S	639	79	718	0.00004
Pseudomonas_koreensis	198620	S	606	159	765	0.00004
Pseudomonas_vancouverensis	95300	S	583	65	648	0.00003
Pseudomonas_agarici	46677	S	581	20	601	0.00003
Pseudomonas_xantholysinigenes	2745490	S	573	110	683	0.00003
Pseudomonas_promysalinigenes	485898	S	570	64	634	0.00003
Pseudomonas_xanthosomae	2842356	S	567	125	692	0.00003
Pseudomonas_antarctica	219572	S	552	94	646	0.00003
Pseudomonas_prosekii	1148509	S	545	63	608	0.00003
Pseudomonas_arsenicoxydans	702115	S	522	75	597	0.00003
Pseudomonas_hamedanensis	2745504	S	513	64	577	0.00003
Pseudomonas_thivervalensis	86265	S	490	70	560	0.00003
Pseudomonas_alcaliphila	101564	S	481	360	841	0.00004
Pseudomonas_silesiensis	1853130	S	479	70	549	0.00003
Pseudomonas_extremaustralis	359110	S	466	71	537	0.00003
Pseudomonas_granadensis	1421430	S	443	141	584	0.00003
Pseudomonas_taetrolens	47884	S	437	40	477	0.00002
Pseudomonas_graminis	158627	S	436	82	518	0.00003
Pseudomonas_toyotomiensis	554344	S	408	252	660	0.00003
Pseudomonas_oryziphila	2894079	S	407	217	624	0.00003
Pseudomonas_lurida	244566	S	406	62	468	0.00002
Pseudomonas_lini	163011	S	402	55	457	0.00002
Pseudomonas_asgharzadehiana	2842349	S	400	64	464	0.00002
Pseudomonas_psychrophila	122355	S	398	39	437	0.00002
Pseudomonas_chengduensis	489632	S	386	549	935	0.00005
Pseudomonas_maumuensis	2842354	S	382	126	508	0.00003
Pseudomonas_sihuiensis	1274359	S	380	339	719	0.00004
Pseudomonas_simiae	321846	S	370	62	432	0.00002
Pseudomonas_reinekei	395598	S	370	71	441	0.00002
Pseudomonas_versuta	1788301	S	367	41	408	0.00002
Pseudomonas_atacamensis	2565368	S	358	230	588	0.00003
Pseudomonas_kunmingensis	1211807	S	357	357	714	0.00004
Pseudomonas_viciae	2505979	S	349	57	406	0.00002
Pseudomonas_khazarica	2502979	S	347	285	632	0.00003
Pseudomonas_allokribbensis	2774460	S	279	73	352	0.00002
Pseudomonas_moraviensis	321662	S	277	303	580	0.00003
Pseudomonas_kribbensis	1628086	S	269	170	439	0.00002
Pseudomonas_gozinkensis	2774461	S	251	78	329	0.00002
Pseudomonas_asplenii	53407	S	242	99	341	0.00002
Pseudomonas_tritici	2745518	S	229	48	277	0.00001
Pseudomonas_anuradhapurensis	485870	S	219	131	350	0.00002
Pseudomonas_tensinigenes	2745511	S	192	69	261	0.00001
Pseudomonas_zeae	2745510	S	190	63	253	0.00001
Pseudomonas_azerbaijanoriens	2842350	S	185	82	267	0.00001
Pseudomonas_iranensis	2745503	S	169	84	253	0.00001
Pseudomonas_germanica	2815720	S	155	56	211	0.00001
Pseudomonas_zarinae	2745498	S	153	76	229	0.00001
Pseudomonas_juntendi	2666183	S	119	752	871	0.00004
Pseudomonas_monsensis	2745509	S	117	83	200	0.00001
Pseudomonas_salmasensis	2745514	S	114	49	163	0.00001
Pseudomonas_soli	1306993	S	110	289	399	0.00002
Pseudomonas_asiatica	2219225	S	110	407	517	0.00003
Pseudomonas_lactis	1615674	S	102	50	152	0.00001
Pseudomonas_rhizophila	2045200	S	62	105	167	0.00001
Pseudomonas_bijieensis	2681983	S	59	145	204	0.00001
Pseudomonas_sessilinigenes	658629	S	59	99	158	0.00001
Pseudomonas_donghuensis	1163398	S	58	107	165	0.00001
Pseudomonas_cerasi	1583341	S	57	79	136	0.00001
Pseudomonas_glycinae	1785145	S	43	50	93	0.00000
Candidatus_Pseudomonas_adelgestsugas	1302376	S	35	0	35	0.00000
Pseudomonas_shahriarae	2745512	S	34	87	121	0.00001
Pseudomonas_taiwanensis	470150	S	20	166	186	0.00001
Azotobacter_chroococcum	353	S	2863	1511	4374	0.00022
Azotobacter_salinestris	69964	S	1502	621	2123	0.00010
Azotobacter_vinelandii	354	S	1385	0	1385	0.00007
Halopseudomonas_xinjiangensis	487184	S	807	63	870	0.00004
Halopseudomonas_sabulinigri	472181	S	660	51	711	0.00004
Halopseudomonas_aestusnigri	857252	S	615	347	962	0.00005
Halopseudomonas_sp._RR6	2918528	S	604	84	688	0.00003
Halopseudomonas_litoralis	797277	S	515	101	616	0.00003
Halopseudomonas_salegens	1434072	S	389	23	412	0.00002
Permianibacter_aggregans	1510150	S	735	17	752	0.00004
Thiopseudomonas_alkaliphila	1697053	S	81	13	94	0.00000
Entomomonas_moraniae	2213226	S	35	3	38	0.00000
Entomomonas_sp._F2A	2785331	S	32	2	34	0.00000
Marinobacter_sp._CA1	2817656	S	716	44	760	0.00004
Marinobacter_sp._Arc7-DN-1	2304594	S	456	60	516	0.00003
Marinobacter_sp._NP-4(2019)	2488665	S	447	75	522	0.00003
Marinobacter_sp._LPB0319	2769486	S	422	22	444	0.00002
Marinobacter_sp._LV10R510-11A	1415568	S	235	8	243	0.00001
Marinobacter_sp._JH2	2547598	S	220	54	274	0.00001
Marinobacter_sp._LQ44	1749259	S	201	312	513	0.00003
Marinobacter_sp._es.042	1761794	S	185	192	377	0.00002
Marinobacter_sp._CP1	1671721	S	158	316	474	0.00002
Marinobacter_sp._BSs20148	490759	S	151	98	249	0.00001
Marinobacter_fonticola	2603215	S	680	27	707	0.00003
Marinobacter_salarius	1420917	S	592	70	662	0.00003
Marinobacter_nauticus	2743	S	483	124	607	0.00003
Marinobacter_similis	1420916	S	398	30	428	0.00002
Marinobacter_salsuginis	418719	S	348	49	397	0.00002
Marinobacter_salinus	1874317	S	344	19	363	0.00002
Marinobacter_adhaerens	1033846	S	129	276	405	0.00002
Marinobacter_psychrophilus	330734	S	91	59	150	0.00001
Klebsiella_pneumoniae	573	S	928	33516	34444	0.00170
Klebsiella_quasipneumoniae	1463165	S	679	2128	2807	0.00014
Klebsiella_oxytoca	571	S	528	298	826	0.00004
Klebsiella_aerogenes	548	S	461	219	680	0.00003
Klebsiella_sp._A52	2834819	S	23	396	419	0.00002
Klebsiella_michiganensis	1134687	S	284	935	1219	0.00006
Klebsiella_variicola	244366	S	267	863	1130	0.00006
Klebsiella_quasivariicola	2026240	S	133	123	256	0.00001
Klebsiella_huaxiensis	2153354	S	127	97	224	0.00001
Klebsiella_africana	2489010	S	96	50	146	0.00001
Klebsiella_grimontii	2058152	S	77	445	522	0.00003
Raoultella_sp._HC6	2923366	S	283	182	465	0.00002
Raoultella_planticola	575	S	171	155	326	0.00002
Raoultella_ornithinolytica	54291	S	150	1154	1304	0.00006
Raoultella_terrigena	577	S	111	230	341	0.00002
Raoultella_electrica	1259973	S	44	105	149	0.00001
Enterobacter_cloacae	550	S	1217	1646	2863	0.00014
Enterobacter_hormaechei	158836	S	403	5630	6033	0.00030
Enterobacter_cancerogenus	69218	S	332	97	429	0.00002
Enterobacter_asburiae	61645	S	326	1307	1633	0.00008
Enterobacter_roggenkampii	1812935	S	223	796	1019	0.00005
Enterobacter_ludwigii	299767	S	162	350	512	0.00003
Enterobacter_chengduensis	2494701	S	124	75	199	0.00001
Enterobacter_cloacae_complex_sp.	2027919	S	50	1115	1165	0.00006
Enterobacter_sp._BIDMC_29	1329841	S	19	59	78	0.00000
Enterobacter_cloacae_complex_sp._ECNIH7	1915310	S	12	79	91	0.00000
Enterobacter_chuandaensis	2497875	S	92	52	144	0.00001
Enterobacter_kobei	208224	S	84	818	902	0.00004
Enterobacter_sichuanensis	2071710	S	77	63	140	0.00001
Enterobacter_sp._SA187	1914861	S	325	49	374	0.00002
Enterobacter_sp._JUb54	2724468	S	268	47	315	0.00002
Enterobacter_sp._E76	2596949	S	207	340	547	0.00003
Enterobacter_sp._RHBSTW-00994	2742676	S	145	31	176	0.00001
Enterobacter_sp._Colony194	2866201	S	91	109	200	0.00001
Enterobacter_sp._RHBSTW-00175	2742639	S	89	70	159	0.00001
Enterobacter_sp._JBIWA008	2831892	S	62	36	98	0.00000
Enterobacter_sp._SGAir0187	2836161	S	36	38	74	0.00000
Enterobacter_sp._JBIWA003	2831890	S	35	42	77	0.00000
Enterobacter_sp._SES19	2705458	S	34	32	66	0.00000
Enterobacter_sp._JBIWA005	2831891	S	21	37	58	0.00000
Enterobacter_sp._E20	1560339	S	16	124	140	0.00001
Enterobacter_sp._N18-03635	2500132	S	16	37	53	0.00000
Enterobacter_sp._18A13	2565914	S	14	56	70	0.00000
Enterobacter_sp._DNB-S2	2720029	S	12	51	63	0.00000
Enterobacter_mori	539813	S	180	207	387	0.00002
Enterobacter_huaxiensis	2494702	S	177	45	222	0.00001
Enterobacter_oligotrophicus	2478464	S	123	32	155	0.00001
Enterobacter_soli	885040	S	102	23	125	0.00001
Enterobacter_bugandensis	881260	S	83	131	214	0.00001
Leclercia_sp._29361	2714951	S	2611	870	3481	0.00017
Leclercia_sp._119287	2681308	S	148	351	499	0.00002
Leclercia_sp._G3L	2898725	S	114	463	577	0.00003
Leclercia_sp._W17	2282309	S	50	118	168	0.00001
Leclercia_sp._W6	2282310	S	44	69	113	0.00001
Leclercia_sp._J807	2681307	S	44	55	99	0.00000
Leclercia_sp._LSNIH1	1920114	S	22	242	264	0.00001
Leclercia_sp._Colony189	2681309	S	10	134	144	0.00001
Leclercia_adecarboxylata	83655	S	1061	1470	2531	0.00012
Leclercia_pneumoniae	2815358	S	223	84	307	0.00002
Citrobacter_freundii	546	S	373	1546	1919	0.00009
Citrobacter_portucalensis	1639133	S	67	644	711	0.00004
Citrobacter_werkmanii	67827	S	62	147	209	0.00001
Citrobacter_freundii_complex_sp._CFNIH2	2066049	S	35	38	73	0.00000
Citrobacter_braakii	57706	S	38	301	339	0.00002
Citrobacter_sedlakii	67826	S	31	82	113	0.00001
Citrobacter_youngae	133448	S	13	41	54	0.00000
Citrobacter_sp._R56	1573676	S	147	39	186	0.00001
Citrobacter_sp._RHB25-C09	2742624	S	142	38	180	0.00001
Citrobacter_sp._BDA59-3	2781952	S	33	15	48	0.00000
Citrobacter_sp._MGH_55	1439319	S	12	67	79	0.00000
Citrobacter_rodentium	67825	S	269	19	288	0.00001
Citrobacter_amalonaticus	35703	S	198	926	1124	0.00006
Citrobacter_farmeri	67824	S	162	69	231	0.00001
Citrobacter_tructae	2562449	S	98	38	136	0.00001
Citrobacter_koseri	545	S	92	120	212	0.00001
Citrobacter_pasteurii	1563222	S	62	50	112	0.00001
Citrobacter_arsenatis	2546350	S	44	14	58	0.00000
Citrobacter_cronae	1748967	S	21	163	184	0.00001
Kosakonia_sp._CCTCC_M2018092	2492396	S	163	149	312	0.00002
Kosakonia_sp._SMBL-WEM22	2725560	S	155	64	219	0.00001
Kosakonia_sp._MUSA4	2067958	S	104	52	156	0.00001
Kosakonia_cowanii	208223	S	419	288	707	0.00003
Kosakonia_sacchari	1158459	S	313	133	446	0.00002
Kosakonia_arachidis	551989	S	136	33	169	0.00001
Kosakonia_radicincitans	283686	S	132	106	238	0.00001
Kosakonia_pseudosacchari	1646340	S	121	59	180	0.00001
Kosakonia_oryzae	497725	S	110	73	183	0.00001
Cronobacter_sakazakii	28141	S	488	369	857	0.00004
Cronobacter_dublinensis	413497	S	340	118	458	0.00002
Cronobacter_condimenti	1163710	S	233	61	294	0.00001
Cronobacter_universalis	535744	S	193	136	329	0.00002
Cronobacter_malonaticus	413503	S	137	156	293	0.00001
Cronobacter_sp._JZ38	1906275	S	43	135	178	0.00001
Cronobacter_muytjensii	413501	S	42	169	211	0.00001
Salmonella_enterica	28901	S	1222	34314	35536	0.00175
Salmonella_bongori	54736	S	149	30	179	0.00001
Pseudescherichia_vulneris	566	S	1557	84	1641	0.00008
Pluralibacter_gergoviae	61647	S	925	202	1127	0.00006
[Enterobacter]_lignolyticus	1334193	S	506	112	618	0.00003
Lelliottia_sp._AC1	2067959	S	316	154	470	0.00002
Lelliottia_sp._WB101	2153385	S	316	214	530	0.00003
Lelliottia_amnigena	61646	S	549	125	674	0.00003
Escherichia_coli	562	S	836	15824	16660	0.00082
Escherichia_albertii	208962	S	154	107	261	0.00001
Escherichia_fergusonii	564	S	79	105	184	0.00001
Escherichia_sp._E4742	2044467	S	77	44	121	0.00001
Escherichia_marmotae	1499973	S	74	35	109	0.00001
Cedecea_neteri	158822	S	711	131	842	0.00004
Cedecea_lapagei	158823	S	212	50	262	0.00001
Cedecea_sp._FDAARGOS_727	2545798	S	181	32	213	0.00001
Kluyvera_ascorbata	51288	S	195	143	338	0.00002
Kluyvera_intermedia	61648	S	161	97	258	0.00001
Kluyvera_sp._CRP	2873269	S	31	75	106	0.00001
Kluyvera_genomosp._3	2774055	S	26	60	86	0.00000
Candidatus_Symbiopectobacterium_sp._SyEd1	2871826	S	176	17	193	0.00001
Blochmannia_endosymbiont_of_Camponotus_(Colobopsis)_obliquus	1505597	S	19	0	19	0.00000
Blochmannia_endosymbiont_of_Colobopsis_nipponica	2681987	S	17	0	17	0.00000
Blochmannia_endosymbiont_of_Camponotus_sp.	700220	S	13	8	21	0.00000
Candidatus_Hamiltonella_defensa	138072	S	42	1	43	0.00000
secondary_endosymbiont_of_Ctenarytaina_eucalypti	1199245	S	35	1	36	0.00000
Candidatus_Doolittlea_endobia	1778262	S	36	1	37	0.00000
Candidatus_Mikella_endobia	1778264	S	22	4	26	0.00000
Candidatus_Hoaglandella_endobia	1778263	S	17	0	17	0.00000
Candidatus_Tachikawaea_gelatinosa	1410383	S	10	1	11	0.00000
Atlantibacter_hermannii	565	S	394	69	463	0.00002
Buttiauxella_agrestis	82977	S	113	18	131	0.00001
Buttiauxella_ferragutiae	82989	S	30	93	123	0.00001
Buttiauxella_sp._3AFRM03	2479367	S	20	56	76	0.00000
Jejubacter_calystegiae	2579935	S	293	26	319	0.00002
Plesiomonas_shigelloides	703	S	288	73	361	0.00002
Yokenella_regensburgei	158877	S	245	85	330	0.00002
Shimwellia_blattae	563	S	245	39	284	0.00001
Pseudocitrobacter_sp._G163CM	2891570	S	204	42	246	0.00001
Scandinavium_goeteborgense	1851514	S	200	30	230	0.00001
Phytobacter_ursingii	1972431	S	163	174	337	0.00002
Phytobacter_sp._SCO41	1756993	S	14	20	34	0.00000
Phytobacter_diazotrophicus	395631	S	11	64	75	0.00000
Shigella_flexneri	623	S	19	3773	3792	0.00019
Shigella_boydii	621	S	12	176	188	0.00001
Candidatus_Profftia_lariciata	1987921	S	10	0	10	0.00000
Candidatus_Ishikawaella_capsulata	168169	S	16	0	16	0.00000
Candidatus_Schneideria_nysicola	1081631	S	15	0	15	0.00000
Candidatus_Moranella_endobia	1048758	S	11	0	11	0.00000
Serratia_marcescens	615	S	1814	3741	5555	0.00027
Serratia_plymuthica	82996	S	657	360	1017	0.00005
Serratia_sp._ATCC_39006	104623	S	142	12	154	0.00001
Serratia_sp._FDAARGOS_506	2420306	S	116	111	227	0.00001
Serratia_sp._FGI94	671990	S	97	104	201	0.00001
Serratia_sp._3ACOL1	2448483	S	43	62	105	0.00001
Serratia_sp._P2ACOL2	2482769	S	25	78	103	0.00001
Serratia_sp._1D1416	2447890	S	21	71	92	0.00000
Serratia_sp._FS14	1327989	S	18	89	107	0.00001
Serratia_sp._JSRIV002	2831894	S	16	63	79	0.00000
Serratia_sp._MYb239	2033438	S	15	128	143	0.00001
Serratia_sp._JSRIV004	2831895	S	14	75	89	0.00000
Serratia_sp._JUb9	2724469	S	13	105	118	0.00001
Serratia_sp._SCBI	488142	S	12	106	118	0.00001
Serratia_sp._Tan611	2773264	S	12	79	91	0.00000
Serratia_entomophila	42906	S	441	99	540	0.00003
Serratia_rubidaea	61652	S	396	449	845	0.00004
Serratia_odorifera	618	S	312	46	358	0.00002
Serratia_proteamaculans	28151	S	274	62	336	0.00002
Serratia_surfactantfaciens	2741499	S	235	135	370	0.00002
Serratia_fonticola	47917	S	227	199	426	0.00002
Serratia_liquefaciens	614	S	174	247	421	0.00002
Serratia_quinivorans	137545	S	166	60	226	0.00001
Serratia_grimesii	82995	S	159	17	176	0.00001
Serratia_inhibens	2338073	S	119	63	182	0.00001
Serratia_symbiotica	138074	S	113	15	128	0.00001
Serratia_rhizosphaerae	2597702	S	88	82	170	0.00001
Serratia_ureilytica	300181	S	79	1049	1128	0.00006
Serratia_ficaria	61651	S	36	166	202	0.00001
Yersinia_similis	367190	S	31	4	35	0.00000
Yersinia_pestis	632	S	29	8227	8256	0.00041
Yersinia_pseudotuberculosis	633	S	27	34	61	0.00000
Yersinia_enterocolitica	630	S	119	43	162	0.00001
Yersinia_entomophaga	935293	S	96	13	109	0.00001
Yersinia_ruckeri	29486	S	93	13	106	0.00001
Yersinia_frederiksenii	29484	S	88	45	133	0.00001
Yersinia_mollaretii	33060	S	81	12	93	0.00000
Yersinia_rohdei	29485	S	74	11	85	0.00000
Yersinia_kristensenii	28152	S	55	86	141	0.00001
Yersinia_aleksiciae	263819	S	44	7	51	0.00000
Yersinia_aldovae	29483	S	43	6	49	0.00000
Yersinia_canariae	2607663	S	38	10	48	0.00000
Yersinia_intermedia	631	S	23	41	64	0.00000
Yersinia_massiliensis	419257	S	14	24	38	0.00000
Yersinia_hibernica	2339259	S	10	9	19	0.00000
Rahnella_aquatilis	34038	S	292	368	660	0.00003
Rahnella_inusitata	58169	S	251	56	307	0.00002
Rahnella_victoriana	1510570	S	201	26	227	0.00001
Rahnella_sp._ERMR1:05	1805933	S	182	22	204	0.00001
Rahnella_aceris	2703885	S	39	80	119	0.00001
Nissabacter_sp._SGAir0207	2126321	S	791	98	889	0.00004
Gibbsiella_quercinecans	929813	S	422	48	470	0.00002
Rouxiella_badensis	1646377	S	271	21	292	0.00001
Ewingella_americana	41202	S	249	29	278	0.00001
Chania_multitudinisentens	1639108	S	134	12	146	0.00001
Candidatus_Fukatsuia_symbiotica	1878942	S	53	2	55	0.00000
Pantoea_agglomerans	549	S	1995	504	2499	0.00012
Pantoea_sp._Z09	2886821	S	554	147	701	0.00003
Pantoea_sp._SO10	2575375	S	357	56	413	0.00002
Pantoea_sp._MSR2	2052056	S	214	30	244	0.00001
Pantoea_sp._CCBC3-3-1	2490851	S	207	36	243	0.00001
Pantoea_sp._At-9b	592316	S	204	41	245	0.00001
Pantoea_sp._MT58	2768165	S	28	168	196	0.00001
Pantoea_sp._SM3640	2787629	S	26	144	170	0.00001
Pantoea_dispersa	59814	S	1046	232	1278	0.00006
Pantoea_vagans	470934	S	526	663	1189	0.00006
Pantoea_ananatis	553	S	371	94	465	0.00002
Pantoea_deleyi	470932	S	355	68	423	0.00002
Pantoea_alhagi	1891675	S	254	75	329	0.00002
Pantoea_cypripedii	55209	S	245	13	258	0.00001
Pantoea_stewartii	66269	S	218	44	262	0.00001
Pantoea_rwandensis	1076550	S	153	27	180	0.00001
Candidatus_Pantoea_carbekii	1235990	S	17	1	18	0.00000
Pantoea_eucalypti	470933	S	16	87	103	0.00001
Erwinia_sp._E602	2675378	S	606	92	698	0.00003
Erwinia_sp._J780	2681984	S	175	28	203	0.00001
Erwinia_sp._QL-Z3	2547962	S	45	136	181	0.00001
Erwinia_sp._Ejp617	215689	S	35	62	97	0.00000
Erwinia_gerundensis	1619313	S	394	63	457	0.00002
Erwinia_persicina	55211	S	276	50	326	0.00002
Erwinia_rhapontici	55212	S	200	33	233	0.00001
Erwinia_tasmaniensis	338565	S	143	25	168	0.00001
Erwinia_amylovora	552	S	135	63	198	0.00001
Erwinia_billingiae	182337	S	125	230	355	0.00002
Candidatus_Erwinia_haradaeae	1922217	S	108	1	109	0.00001
[Pantoea]_beijingensis	1324864	S	106	16	122	0.00001
Erwinia_tracheiphila	65700	S	100	12	112	0.00001
Erwinia_pyrifoliae	79967	S	39	66	105	0.00001
Mixta_gaviniae	665914	S	463	163	626	0.00003
Mixta_calida	665913	S	342	164	506	0.00002
Mixta_theicola	1458355	S	284	84	368	0.00002
Mixta_sp._X22927	2872648	S	214	103	317	0.00002
Mixta_intestinalis	1615494	S	166	43	209	0.00001
Buchnera_aphidicola	9	S	243	25	268	0.00001
Tatumella_ptyseos	82987	S	83	12	95	0.00000
Tatumella_citrea	53336	S	65	8	73	0.00000
Wigglesworthia_glossinidia	51229	S	10	0	10	0.00000
Dickeya_dadantii	204038	S	450	264	714	0.00004
Dickeya_zeae	204042	S	360	386	746	0.00004
Dickeya_chrysanthemi	556	S	317	35	352	0.00002
Dickeya_dianthicola	204039	S	277	108	385	0.00002
Dickeya_fangzhongdai	1778540	S	163	671	834	0.00004
Dickeya_sp._NCPPB_3274	568766	S	112	77	189	0.00001
Dickeya_sp._Secpp_1600	2037915	S	13	126	139	0.00001
Dickeya_solani	1089444	S	127	62	189	0.00001
Dickeya_poaceiphila	568768	S	118	18	136	0.00001
Dickeya_parazeae	2893572	S	14	53	67	0.00000
Dickeya_oryzae	1240404	S	10	21	31	0.00000
Pectobacterium_carotovorum	554	S	223	454	677	0.00003
Pectobacterium_brasiliense	180957	S	186	202	388	0.00002
Pectobacterium_sp._LJ1	2878098	S	94	25	119	0.00001
Pectobacterium_sp._PL64	2738983	S	42	28	70	0.00000
Pectobacterium_parmentieri	1905730	S	127	37	164	0.00001
Pectobacterium_atrosepticum	29471	S	118	32	150	0.00001
Pectobacterium_polaris	2042057	S	97	63	160	0.00001
Pectobacterium_wasabiae	55208	S	74	20	94	0.00000
Pectobacterium_punjabense	2108399	S	65	14	79	0.00000
Pectobacterium_odoriferum	78398	S	60	41	101	0.00000
Pectobacterium_versatile	2488639	S	57	120	177	0.00001
Pectobacterium_quasiaquaticum	2774015	S	45	40	85	0.00000
Pectobacterium_aroidearum	1201031	S	40	58	98	0.00000
Pectobacterium_aquaticum	2204145	S	22	26	48	0.00000
Pectobacterium_parvum	2778550	S	21	26	47	0.00000
Brenneria_izadpanahii	2722756	S	305	281	586	0.00003
Brenneria_goodwinii	1109412	S	263	233	496	0.00002
Brenneria_rubrifaciens	55213	S	223	72	295	0.00001
Lonsdalea_populi	1172565	S	241	62	303	0.00001
Lonsdalea_britannica	1082704	S	236	56	292	0.00001
Musicola_paradisiaca	69223	S	317	23	340	0.00002
Edwardsiella_tarda	636	S	469	617	1086	0.00005
Edwardsiella_hoshinae	93378	S	267	50	317	0.00002
Edwardsiella_ictaluri	67780	S	170	75	245	0.00001
Edwardsiella_piscicida	1263550	S	49	447	496	0.00002
Edwardsiella_sp._EA181011	1578828	S	12	122	134	0.00001
Hafnia_alvei	569	S	132	142	274	0.00001
Hafnia_paralvei	546367	S	56	20	76	0.00000
Obesumbacterium_proteus	82983	S	46	29	75	0.00000
Morganella_morganii	582	S	580	393	973	0.00005
Providencia_alcalifaciens	126385	S	109	39	148	0.00001
Providencia_rettgeri	587	S	99	170	269	0.00001
Providencia_rustigianii	158850	S	38	11	49	0.00000
Providencia_sp._R33	2828763	S	32	5	37	0.00000
Providencia_heimbachae	333962	S	31	10	41	0.00000
Providencia_sneebia	516075	S	21	1	22	0.00000
Providencia_stuartii	588	S	14	87	101	0.00001
Providencia_vermicola	333965	S	11	51	62	0.00000
Xenorhabdus_bovienii	40576	S	91	18	109	0.00001
Xenorhabdus_doucetiae	351671	S	81	10	91	0.00000
Xenorhabdus_nematophila	628	S	58	8	66	0.00000
Xenorhabdus_hominickii	351679	S	53	7	60	0.00000
Xenorhabdus_poinarii	40577	S	39	6	45	0.00000
Xenorhabdus_budapestensis	290110	S	32	3	35	0.00000
Proteus_mirabilis	584	S	113	135	248	0.00001
Proteus_vulgaris	585	S	33	41	74	0.00000
Proteus_hauseri	183417	S	17	2	19	0.00000
Proteus_terrae	1574161	S	17	158	175	0.00001
Photorhabdus_thracensis	230089	S	79	14	93	0.00000
Photorhabdus_akhurstii	171438	S	59	11	70	0.00000
Photorhabdus_asymbiotica	291112	S	41	4	45	0.00000
Photorhabdus_laumondii	2218628	S	36	8	44	0.00000
Arsenophonus_endosymbiont_of_Aphis_craccivora	1231049	S	22	8	30	0.00000
Arsenophonus_endosymbiont_of_Aleurodicus_dispersus	235559	S	11	0	11	0.00000
Arsenophonus_endosymbiont_of_Apis_mellifera	1541805	S	10	8	18	0.00000
Arsenophonus_nasoniae	638	S	22	23	45	0.00000
Candidatus_Arsenophonus_lipoptenae	634113	S	11	0	11	0.00000
Moellerella_wisconsensis	158849	S	43	27	70	0.00000
Sodalis_sp._dw_23	2697027	S	491	26	517	0.00003
Sodalis_endosymbiont_of_Henestaris_halophilus	1929246	S	19	0	19	0.00000
Sodalis_glossinidius	63612	S	282	35	317	0.00002
Sodalis_praecaptivus	1239307	S	252	173	425	0.00002
Candidatus_Sodalis_pierantonius	1486991	S	109	81	190	0.00001
Leminorella_richardii	158841	S	149	16	165	0.00001
Pragia_fontium	82985	S	64	7	71	0.00000
Limnobaculum_parvum	2172103	S	50	10	60	0.00000
Jinshanibacter_zhutongyuii	2498113	S	40	7	47	0.00000
Thioalkalivibrio_sulfidiphilus	1033854	S	2139	1063	3202	0.00016
Thioalkalivibrio_nitratireducens	186931	S	2070	547	2617	0.00013
Thioalkalivibrio_paradoxus	108010	S	2006	581	2587	0.00013
Thioalkalivibrio_sp._K90mix	396595	S	1628	197	1825	0.00009
Thioalkalivibrio_versutus	106634	S	1586	201	1787	0.00009
Spiribacter_sp._E85	2182432	S	4108	374	4482	0.00022
Spiribacter_sp._2438	2666185	S	891	93	984	0.00005
Spiribacter_curvatus	1335757	S	958	53	1011	0.00005
Spiribacter_salinus	1335746	S	681	56	737	0.00004
Acidihalobacter_aeolianus	2792603	S	1823	231	2054	0.00010
Acidihalobacter_ferrooxydans	1765967	S	1528	136	1664	0.00008
Acidihalobacter_yilgarnensis	2819280	S	1040	68	1108	0.00005
Halorhodospira_halophila	1053	S	1882	214	2096	0.00010
Halorhodospira_halochloris	1052	S	358	16	374	0.00002
Aquisalimonas_sp._2447	2740807	S	1974	139	2113	0.00010
Ectothiorhodospira_haloalkaliphila	421628	S	825	261	1086	0.00005
Ectothiorhodospira_sp._BSL-9	1442136	S	705	217	922	0.00005
Alkalilimnicola_ehrlichii	351052	S	1826	231	2057	0.00010
Ectothiorhodosinus_mongolicus	233100	S	271	18	289	0.00001
Allochromatium_vinosum	1049	S	1505	647	2152	0.00011
Allochromatium_tepidum	553982	S	1478	782	2260	0.00011
Candidatus_Thiodictyon_syntrophicum	1166950	S	3186	166	3352	0.00017
Thioflavicoccus_mobilis	80679	S	3088	263	3351	0.00017
Marichromatium_purpuratum	37487	S	2738	514	3252	0.00016
Thiocapsa_bogorovii	521689	S	2354	125	2479	0.00012
Thiocystis_violascens	73141	S	1795	149	1944	0.00010
Thermochromatium_tepidum	1050	S	1109	287	1396	0.00007
Caldichromatium_japonicum	2699430	S	842	92	934	0.00005
Nitrosococcus_halophilus	133539	S	210	29	239	0.00001
Nitrosococcus_wardiae	1814290	S	191	26	217	0.00001
Nitrosococcus_oceani	1229	S	170	43	213	0.00001
Nitrosococcus_watsonii	473531	S	140	38	178	0.00001
Rheinheimera_sp._F8	1763998	S	192	9	201	0.00001
Rheinheimera_sp._D18	2545632	S	93	63	156	0.00001
Rheinheimera_mangrovi	2498451	S	130	11	141	0.00001
Candidatus_Nitrosoglobus_terrae	1630141	S	66	4	70	0.00000
Candidatus_Nitrosacidococcus_tergens	553981	S	50	2	52	0.00000
Wenzhouxiangella_marina	1579979	S	2114	127	2241	0.00011
Wenzhouxiangella_sp._AB-CW3	2771012	S	1353	58	1411	0.00007
Thiohalobacter_sp._COW1	2795687	S	500	1099	1599	0.00008
Thiohalobacter_thiocyanaticus	585455	S	386	1053	1439	0.00007
Guyparkeria_halophila	47960	S	2007	425	2432	0.00012
Sulfurivermis_fontis	1972068	S	1986	652	2638	0.00013
Woeseia_oceani	1548547	S	1409	21	1430	0.00007
Halothiobacillus_sp._LS2	1860122	S	860	94	954	0.00005
Halothiobacillus_neapolitanus	927	S	341	42	383	0.00002
Sulfuriflexus_mobilis	1811807	S	515	14	529	0.00003
Granulosicoccus_antarcticus	437505	S	445	7	452	0.00002
Halomonas_sp._THAF5a	2587844	S	1570	523	2093	0.00010
Halomonas_sp._1513	1883416	S	1295	248	1543	0.00008
Halomonas_sp._YLGW01	2773308	S	1275	177	1452	0.00007
Halomonas_sp._MCCC_1A13316	2733487	S	1171	129	1300	0.00006
Halomonas_sp._HG01	1609967	S	1161	474	1635	0.00008
Halomonas_sp._THAF12	2587849	S	1153	673	1826	0.00009
Halomonas_sp._JS92-SW72	2306583	S	1043	1151	2194	0.00011
Halomonas_sp._PGE1	2730360	S	792	1048	1840	0.00009
Halomonas_sp._Y2R2	2562282	S	497	22	519	0.00003
Halomonas_sp._A40-4	2785909	S	480	109	589	0.00003
Halomonas_sp._KO116	1504981	S	364	133	497	0.00002
Halomonas_sp._SH5A2	2749040	S	351	53	404	0.00002
Halomonas_sp._R57-5	1610576	S	344	131	475	0.00002
Halomonas_sp._FeN2	2832500	S	284	111	395	0.00002
Halomonas_sp._GFAJ-1	1118153	S	248	37	285	0.00001
Halomonas_sp._18071143	2855441	S	205	401	606	0.00003
Halomonas_sp._SS10-MC5	2854257	S	154	1239	1393	0.00007
Halomonas_sp._TD01	999141	S	147	72	219	0.00001
Halomonas_sp._SF2003	2136172	S	138	589	727	0.00004
Halomonas_sp._NyZ770	2883106	S	114	433	547	0.00003
Halomonas_sp._N3-2A	2014541	S	94	107	201	0.00001
Halomonas_sp._GT	1971364	S	93	61	154	0.00001
Halomonas_sp._HL-93	1666906	S	93	613	706	0.00003
Halomonas_sp._hl-4	1761789	S	71	454	525	0.00003
Halomonas_sp._A3H3	1346287	S	26	630	656	0.00003
Halomonas_beimenensis	475662	S	1827	297	2124	0.00010
Halomonas_aestuarii	1897729	S	1335	234	1569	0.00008
Halomonas_sulfidivorans	2733488	S	1262	218	1480	0.00007
Halomonas_socia	1081866	S	1261	205	1466	0.00007
Halomonas_tianxiuensis	2497861	S	1211	230	1441	0.00007
Halomonas_elongata	2746	S	1003	84	1087	0.00005
Halomonas_chromatireducens	507626	S	944	62	1006	0.00005
Halomonas_meridiana	29570	S	784	532	1316	0.00006
Halomonas_subglaciescola	29571	S	593	52	645	0.00003
Halomonas_huangheensis	1178482	S	519	24	543	0.00003
Halomonas_piezotolerans	2609667	S	486	225	711	0.00004
Halomonas_profundi	2852117	S	350	41	391	0.00002
Halomonas_titanicae	664683	S	207	939	1146	0.00006
Halomonas_sulfidoxydans	2733484	S	158	1250	1408	0.00007
Halomonas_hydrothermalis	115561	S	152	393	545	0.00003
Halomonas_venusta	44935	S	99	112	211	0.00001
Halomonas_campaniensis	213554	S	35	148	183	0.00001
Halomonas_alkaliphila	272774	S	20	92	112	0.00001
Cobetia_sp._L2A1	2686360	S	373	40	413	0.00002
Cobetia_sp._cqz5-12	2609415	S	271	355	626	0.00003
Cobetia_sp._4B	2758724	S	130	535	665	0.00003
Cobetia_sp._AM6	2661553	S	91	505	596	0.00003
Cobetia_pacifica	1055101	S	126	405	531	0.00003
Cobetia_amphilecti	1055104	S	64	391	455	0.00002
Cobetia_marina	28258	S	13	185	198	0.00001
Halotalea_alkalilenta	376489	S	1796	277	2073	0.00010
Salinicola_tamaricis	1771309	S	1645	154	1799	0.00009
Kushneria_phosphatilytica	657387	S	525	16	541	0.00003
Kushneria_konosiri	698828	S	446	101	547	0.00003
Kushneria_marisflavi	157779	S	358	79	437	0.00002
Chromohalobacter_salexigens	158080	S	1313	117	1430	0.00007
Pistricoccus_aurantiacus	1883414	S	817	45	862	0.00004
Zymobacter_palmae	33074	S	223	24	247	0.00001
Candidatus_Portiera_aleyrodidarum	91844	S	48	4	52	0.00000
Candidatus_Carsonella_ruddii	114186	S	13	9	22	0.00000
Alcanivorax_sp._N3-2A	2014542	S	1384	1158	2542	0.00013
Alcanivorax_sp._NBRC_101098	1113728	S	15	206	221	0.00001
Alcanivorax_pacificus	1306787	S	1243	359	1602	0.00008
Alcanivorax_dieselolei	285091	S	606	185	791	0.00004
Alcanivorax_xenomutans	1094342	S	596	279	875	0.00004
Alcanivorax_borkumensis	59754	S	12	160	172	0.00001
Ketobacter_alkanivorans	1917421	S	282	22	304	0.00002
Marinobacterium_aestuarii	1821621	S	790	50	840	0.00004
Marinobacterium_sediminicola	518898	S	341	50	391	0.00002
Marinobacterium_georgiense	48076	S	288	80	368	0.00002
Marinobacterium_sp._LSUCC0821	2668067	S	61	3	64	0.00000
Marinomonas_sp._CT5	2066133	S	53	3	56	0.00000
Marinomonas_sp._A3A	2065312	S	50	6	56	0.00000
Marinomonas_sp._FW-1	2071621	S	34	7	41	0.00000
Marinomonas_primoryensis	178399	S	98	11	109	0.00001
Marinomonas_profundi	2726122	S	95	24	119	0.00001
Marinomonas_mediterranea	119864	S	63	5	68	0.00000
Marinomonas_foliarum	491950	S	61	19	80	0.00000
Marinomonas_posidonica	936476	S	48	5	53	0.00000
Marinomonas_algicola	2773454	S	46	7	53	0.00000
Marinomonas_arctica	383750	S	43	8	51	0.00000
Thalassolituus_sp._C2-1	2597518	S	238	15	253	0.00001
Thalassolituus_oleivorans	187493	S	134	25	159	0.00001
Venatorbacter_cucullus	2661630	S	267	55	322	0.00002
Bacterioplanes_sanyensis	1249553	S	232	12	244	0.00001
Neptunomonas_concharum	1031538	S	82	6	88	0.00000
Neptunomonas_phycophila	1572645	S	62	4	66	0.00000
Neptunomonas_japonica	417574	S	48	3	51	0.00000
Nitrincola_iocasae	2614693	S	156	22	178	0.00001
Amphritea_japonica	452627	S	108	7	115	0.00001
Bermanella_marisrubri	207949	S	62	2	64	0.00000
Hahella_chejuensis	158327	S	476	67	543	0.00003
Hahella_sp._KA22	1628392	S	431	69	500	0.00002
Saccharospirillum_mangrovi	2161747	S	562	27	589	0.00003
Reinekea_forsetii	1336806	S	233	9	242	0.00001
Gynuella_sunshinyii	1445505	S	189	4	193	0.00001
Litoricola_lipolytica	418701	S	346	13	359	0.00002
Endozoicomonas_montiporae	1027273	S	137	6	143	0.00001
Oleiphilus_messinensis	141451	S	127	9	136	0.00001
Spartinivicinus_ruber	2683272	S	104	2	106	0.00001
Cellvibrio_sp._KY-GH-1	2303332	S	3759	393	4152	0.00020
Cellvibrio_sp._PSBB006	1987723	S	3313	114	3427	0.00017
Cellvibrio_sp._KY-YJ-3	454662	S	2438	460	2898	0.00014
Cellvibrio_sp._PSBB023	1945512	S	2025	242	2267	0.00011
Cellvibrio_japonicus	155077	S	1176	85	1261	0.00006
Teredinibacter_turnerae	2426	S	266	11	277	0.00001
Teredinibacter_haidensis	2731755	S	151	14	165	0.00001
Teredinibacter_purpureus	2731756	S	127	7	134	0.00001
Simiduia_agarivorans	447471	S	531	24	555	0.00003
Marinagarivorans_sp._GE09	2721545	S	135	12	147	0.00001
Saccharophagus_degradans	86304	S	120	4	124	0.00001
Agarilytica_rhodophyticola	1737490	S	73	1	74	0.00000
Microbulbifer_sp._YPW16	2904242	S	827	74	901	0.00004
Microbulbifer_sp._SH-1	2681547	S	737	113	850	0.00004
Microbulbifer_sp._YPW1	2745199	S	533	96	629	0.00003
Microbulbifer_sp._ALW1	1516059	S	477	81	558	0.00003
Microbulbifer_sp._GL-2	2591606	S	196	33	229	0.00001
Microbulbifer_sp._A4B17	359370	S	164	38	202	0.00001
Microbulbifer_sp._THAF38	2587856	S	161	58	219	0.00001
Microbulbifer_aggregans	1769779	S	548	66	614	0.00003
Microbulbifer_hydrolyticus	48074	S	519	101	620	0.00003
Microbulbifer_celer	435905	S	466	60	526	0.00003
Microbulbifer_thermotolerans	252514	S	464	28	492	0.00002
Microbulbifer_elongatus	86173	S	461	79	540	0.00003
Microbulbifer_agarilyticus	260552	S	343	40	383	0.00002
Microbulbifer_variabilis	266805	S	149	60	209	0.00001
Kineobactrum_salinum	2708301	S	1257	45	1302	0.00006
Halioglobus_japonicus	930805	S	571	31	602	0.00003
Halioglobus_maricola	2601894	S	478	21	499	0.00002
Congregibacter_litoralis	393662	S	493	191	684	0.00003
Aequoribacter_fuscus	2518989	S	149	19	168	0.00001
Spongiibacter_taiwanensis	1748242	S	414	15	429	0.00002
Spongiibacter_nanhainus	2794344	S	395	48	443	0.00002
Spongiibacter_sp._IMCC21906	1620392	S	144	39	183	0.00001
Zhongshania_aliphaticivorans	1470434	S	221	17	238	0.00001
Oceanicoccus_sagamiensis	716816	S	124	2	126	0.00001
Methylococcus_sp._EFPC2	2812648	S	1878	107	1985	0.00010
Methylococcus_sp._Mc7	2860258	S	1565	460	2025	0.00010
Methylococcus_capsulatus	414	S	1447	309	1756	0.00009
Methylococcus_geothermalis	2681310	S	1375	346	1721	0.00008
Methylomonas_sp._LL1	2785785	S	627	25	652	0.00003
Methylomonas_sp._LW13	107637	S	253	135	388	0.00002
Methylomonas_sp._EFPC1	2812647	S	179	102	281	0.00001
Methylomonas_sp._DH-1	1727196	S	173	339	512	0.00003
Methylomonas_koyamae	702114	S	593	624	1217	0.00006
Methylomonas_rhizoryzae	2608981	S	470	15	485	0.00002
Methylomonas_denitrificans	1538553	S	439	29	468	0.00002
Methylomonas_methanica	421	S	383	17	400	0.00002
Methylomonas_paludis	1173101	S	163	6	169	0.00001
Methylomagnum_ishizawai	1760988	S	2008	72	2080	0.00010
Methylocaldum_marinum	1432792	S	1973	95	2068	0.00010
Methylomicrobium_album	39775	S	1583	54	1637	0.00008
Methylomicrobium_sp._wino1	2049332	S	298	282	580	0.00003
Methylogaea_oryzae	1295382	S	1673	107	1780	0.00009
Candidatus_Methylospira_mobilis	1808979	S	667	24	691	0.00003
Methylotuvimicrobium_buryatense	95641	S	179	221	400	0.00002
Methylotuvimicrobium_alcaliphilum	271065	S	162	235	397	0.00002
Methylovulum_psychrotolerans	1704499	S	298	6	304	0.00002
Methylobacter_sp._S3L5C	2839024	S	127	6	133	0.00001
Aeromonas_sp._FDAARGOS_1415	2778064	S	354	170	524	0.00003
Aeromonas_sp._CA23	2033032	S	254	95	349	0.00002
Aeromonas_sp._FDAARGOS_1409	2778058	S	174	232	406	0.00002
Aeromonas_sp._CU5	2033033	S	144	53	197	0.00001
Aeromonas_sp._ASNIH4	1636609	S	54	223	277	0.00001
Aeromonas_sp._FDAARGOS_1407	2778056	S	49	134	183	0.00001
Aeromonas_sp._FDAARGOS_1403	2778052	S	49	141	190	0.00001
Aeromonas_sp._FDAARGOS_1410	2778059	S	44	96	140	0.00001
Aeromonas_sp._1805	2560028	S	42	111	153	0.00001
Aeromonas_sp._FDAARGOS_1405	2778054	S	42	64	106	0.00001
Aeromonas_sp._ASNIH5	1758179	S	34	477	511	0.00003
Aeromonas_sp._ASNIH2	1636607	S	32	365	397	0.00002
Aeromonas_sp._ASNIH1	1636606	S	30	485	515	0.00003
Aeromonas_sp._FDAARGOS_1402	2778051	S	28	249	277	0.00001
Aeromonas_sp._2692-1	2560029	S	26	118	144	0.00001
Aeromonas_sp._FDAARGOS_1404	2778053	S	25	80	105	0.00001
Aeromonas_sp._FDAARGOS_1414	2778063	S	25	75	100	0.00000
Aeromonas_sp._FDAARGOS_1406	2778055	S	22	192	214	0.00001
Aeromonas_sp._FDAARGOS_1419	2778068	S	22	60	82	0.00000
Aeromonas_sp._FDAARGOS_1417	2778066	S	19	50	69	0.00000
Aeromonas_sp._FDAARGOS_1408	2778057	S	18	95	113	0.00001
Aeromonas_sp._WP2-W18-CRE-05	2675707	S	18	602	620	0.00003
Aeromonas_sp._FDAARGOS_1411	2778060	S	18	54	72	0.00000
Aeromonas_sp._FDAARGOS_1416	2778065	S	18	49	67	0.00000
Aeromonas_sp._ASNIH3	1636608	S	16	645	661	0.00003
Aeromonas_hydrophila	644	S	1561	3250	4811	0.00024
Aeromonas_veronii	654	S	1099	2112	3211	0.00016
Aeromonas_media	651	S	823	1412	2235	0.00011
Aeromonas_schubertii	652	S	732	176	908	0.00004
Aeromonas_encheleia	73010	S	729	215	944	0.00005
Aeromonas_caviae	648	S	712	4967	5679	0.00028
Aeromonas_salmonicida	645	S	666	658	1324	0.00007
Aeromonas_simiae	218936	S	618	483	1101	0.00005
Aeromonas_rivuli	648794	S	414	96	510	0.00003
Aeromonas_enteropelogenes	29489	S	406	302	708	0.00003
Aeromonas_dhakensis	196024	S	338	634	972	0.00005
Aeromonas_jandaei	650	S	283	269	552	0.00003
Aeromonas_sanarellii	633415	S	117	491	608	0.00003
Aeromonas_rivipollensis	948519	S	66	97	163	0.00001
Aeromonas_allosaccharophila	656	S	52	75	127	0.00001
Zobellella_denitrificans	347534	S	1285	262	1547	0.00008
Oceanimonas_sp._GK1	511062	S	578	109	687	0.00003
Dongshaea_marina	2047966	S	189	14	203	0.00001
Oceanisphaera_profunda	1416627	S	98	10	108	0.00001
Oceanisphaera_avium	1903694	S	56	7	63	0.00000
Tolumonas_auensis	43948	S	132	45	177	0.00001
Succinivibrio_dextrinosolvens	83771	S	36	1	37	0.00000
Solimonas_sp._K1W22B-7	2303331	S	5330	448	5778	0.00028
Flagellatimonas_centrodinii	2806210	S	1847	116	1963	0.00010
Sinimarinibacterium_sp._NLF-5-8	2698684	S	916	404	1320	0.00007
Steroidobacter_denitrificans	465721	S	7617	1692	9309	0.00046
Shewanella_sp._FJAT-53555	2864204	S	89	73	162	0.00001
Shewanella_sp._FJAT-53764	2864207	S	74	110	184	0.00001
Shewanella_sp._FJAT-51860	2864212	S	69	9	78	0.00000
Shewanella_sp._FJAT-53532	2864203	S	63	103	166	0.00001
Shewanella_sp._FJAT-53681	2864205	S	61	94	155	0.00001
Shewanella_sp._KX20019	2803864	S	59	6	65	0.00000
Shewanella_sp._FJAT-54031	2864209	S	56	80	136	0.00001
Shewanella_sp._Scap07	2589987	S	53	6	59	0.00000
Shewanella_sp._FJAT-52072	2864213	S	50	64	114	0.00001
Shewanella_sp._FJAT-52076	2864202	S	50	68	118	0.00001
Shewanella_sp._FJAT-53749	2864206	S	45	7	52	0.00000
Shewanella_sp._FJAT-53870	2864208	S	41	6	47	0.00000
Shewanella_sp._SNU_WT4	2590015	S	37	8	45	0.00000
Shewanella_sp._WE21	2029986	S	32	14	46	0.00000
Shewanella_sp._Arc9-LZ	2698686	S	30	11	41	0.00000
Shewanella_sp._FJAT-51754	2864211	S	30	41	71	0.00000
Shewanella_sp._Pdp11	2059264	S	30	78	108	0.00001
Shewanella_sp._OM3-2	2908650	S	29	4	33	0.00000
Shewanella_sp._ANA-3	94122	S	23	55	78	0.00000
Shewanella_sp._MR-4	60480	S	20	19	39	0.00000
Shewanella_sp._LZH-2	2806008	S	14	59	73	0.00000
Shewanella_sp._FJAT-51649	2864210	S	14	19	33	0.00000
Shewanella_khirikhana	1965282	S	258	34	292	0.00001
Shewanella_algae	38313	S	251	189	440	0.00002
Shewanella_cyperi	2814292	S	247	121	368	0.00002
Shewanella_litorisediminis	1173586	S	185	38	223	0.00001
Shewanella_marisflavi	260364	S	164	28	192	0.00001
Shewanella_putrefaciens	24	S	159	458	617	0.00003
Shewanella_baltica	62322	S	152	149	301	0.00001
Shewanella_sedimentimangrovi	2814293	S	132	89	221	0.00001
Shewanella_amazonensis	60478	S	121	26	147	0.00001
Shewanella_yunxiaonensis	2829809	S	102	13	115	0.00001
Shewanella_avicenniae	2814294	S	95	12	107	0.00001
Shewanella_dokdonensis	712036	S	88	7	95	0.00000
Shewanella_sediminis	271097	S	82	9	91	0.00000
Shewanella_benthica	43661	S	75	15	90	0.00000
Shewanella_loihica	359303	S	69	107	176	0.00001
Shewanella_psychropiezotolerans	2593655	S	68	11	79	0.00000
Shewanella_xiamenensis	332186	S	64	288	352	0.00002
Shewanella_denitrificans	192073	S	59	7	66	0.00000
Shewanella_piezotolerans	404011	S	58	5	63	0.00000
Shewanella_violacea	60217	S	57	9	66	0.00000
Shewanella_woodyi	60961	S	54	5	59	0.00000
Shewanella_pealeana	70864	S	50	7	57	0.00000
Shewanella_maritima	2520507	S	50	4	54	0.00000
Shewanella_carassii	1987584	S	50	50	100	0.00000
Shewanella_decolorationis	256839	S	50	50	100	0.00000
Shewanella_psychrophila	225848	S	44	5	49	0.00000
Shewanella_oneidensis	70863	S	44	11	55	0.00000
Shewanella_inventionis	1738770	S	43	20	63	0.00000
Shewanella_indica	768528	S	42	53	95	0.00000
Shewanella_halifaxensis	271098	S	40	4	44	0.00000
Shewanella_vesiculosa	518738	S	38	9	47	0.00000
Shewanella_psychromarinicola	2487742	S	38	5	43	0.00000
Shewanella_aestuarii	1028752	S	28	8	36	0.00000
Shewanella_glacialimarina	2590884	S	27	3	30	0.00000
Shewanella_chilikensis	558541	S	25	62	87	0.00000
Shewanella_frigidimarina	56812	S	25	12	37	0.00000
Shewanella_livingstonensis	150120	S	24	4	28	0.00000
Shewanella_donghaensis	238836	S	19	2	21	0.00000
Shewanella_bicestrii	2018305	S	14	48	62	0.00000
Shewanella_polaris	2588449	S	11	19	30	0.00000
Parashewanella_spongiae	342950	S	41	2	43	0.00000
Parashewanella_tropica	2547970	S	31	2	33	0.00000
Alteromonas_sp._RKMC-009	2267264	S	148	16	164	0.00001
Alteromonas_sp._BL110	1714845	S	41	10	51	0.00000
Alteromonas_sp._MB-3u-76	2058133	S	15	109	124	0.00001
Alteromonas_sp._76-1	2358187	S	15	10	25	0.00000
Alteromonas_macleodii	28108	S	158	76	234	0.00001
Alteromonas_pelagimontana	1858656	S	121	13	134	0.00001
Alteromonas_mediterranea	314275	S	108	43	151	0.00001
Alteromonas_naphthalenivorans	715451	S	37	34	71	0.00000
Alteromonas_australica	589873	S	20	76	96	0.00000
Salinimonas_marina	2785918	S	120	10	130	0.00001
Salinimonas_lutimaris	914153	S	106	17	123	0.00001
Salinimonas_sediminis	2303538	S	78	15	93	0.00000
Salinimonas_iocasae	2572577	S	67	12	79	0.00000
Hydrocarboniclastica_marina	2259620	S	528	58	586	0.00003
Agarivorans_sp._TSD2052	2937286	S	53	6	59	0.00000
Agarivorans_sp._B2Z047	2652721	S	19	11	30	0.00000
Agarivorans_gilvus	680279	S	64	5	69	0.00000
Agarivorans_aestuarii	1563703	S	39	11	50	0.00000
Agarivorans_albus	182262	S	22	14	36	0.00000
Lacimicrobium_alkaliphilum	1526571	S	183	11	194	0.00001
Paraglaciecola_sp._L1A13	2686359	S	50	5	55	0.00000
Paraglaciecola_sp._L3A3	2686358	S	28	2	30	0.00000
Paraglaciecola_mesophila	197222	S	52	5	57	0.00000
Paraglaciecola_psychrophila	326544	S	45	3	48	0.00000
Saliniradius_amylolyticus	2183582	S	176	14	190	0.00001
Paraneptunicella_aestuarii	2831148	S	100	4	104	0.00001
Glaciecola_nitratireducens	300231	S	69	4	73	0.00000
Saccharobesus_litoralis	2172099	S	47	2	49	0.00000
Catenovulum_sediminis	1740262	S	40	2	42	0.00000
Pseudoalteromonas_sp._R3	1709477	S	100	16	116	0.00001
Pseudoalteromonas_sp._A25	116092	S	45	5	50	0.00000
Pseudoalteromonas_sp._THAF3	2587843	S	25	32	57	0.00000
Pseudoalteromonas_sp._A22	327511	S	15	58	73	0.00000
Pseudoalteromonas_sp._DL-6	1390185	S	13	29	42	0.00000
Pseudoalteromonas_rubra	43658	S	238	28	266	0.00001
Pseudoalteromonas_viridis	339617	S	108	29	137	0.00001
Pseudoalteromonas_luteoviolacea	43657	S	72	9	81	0.00000
Pseudoalteromonas_spongiae	298657	S	68	14	82	0.00000
Pseudoalteromonas_piscicida	43662	S	57	65	122	0.00001
Pseudoalteromonas_shioyasakiensis	1190813	S	48	17	65	0.00000
Pseudoalteromonas_tunicata	314281	S	46	5	51	0.00000
Pseudoalteromonas_xiamenensis	882626	S	45	4	49	0.00000
Pseudoalteromonas_prydzensis	182141	S	42	7	49	0.00000
Pseudoalteromonas_piratica	1348114	S	33	4	37	0.00000
Pseudoalteromonas_ulvae	107327	S	33	2	35	0.00000
Pseudoalteromonas_aliena	247523	S	32	13	45	0.00000
Pseudoalteromonas_agarivorans	176102	S	30	102	132	0.00001
Pseudoalteromonas_phenolica	161398	S	27	3	30	0.00000
Pseudoalteromonas_carrageenovora	227	S	25	8	33	0.00000
Pseudoalteromonas_mariniglutinosa	206042	S	25	61	86	0.00000
Pseudoalteromonas_ruthenica	151081	S	22	28	50	0.00000
Pseudoalteromonas_espejiana	28107	S	21	5	26	0.00000
Pseudoalteromonas_translucida	166935	S	18	77	95	0.00000
Pseudoalteromonas_arctica	394751	S	10	7	17	0.00000
Pseudoalteromonas_tetraodonis	43659	S	10	88	98	0.00000
Psychrosphaera_ytuae	2820710	S	38	10	48	0.00000
Psychrosphaera_aestuarii	1266052	S	22	5	27	0.00000
Flocculibacter_collagenilyticus	2744479	S	42	3	45	0.00000
Ferrimonas_balearica	44012	S	571	61	632	0.00003
Ferrimonas_lipolytica	2724191	S	90	11	101	0.00000
Thalassotalea_sp._HSM_43	2552945	S	47	10	57	0.00000
Thalassotalea_sp._LPB0316	2769490	S	47	13	60	0.00000
Thalassotalea_sp._PS06	2594005	S	46	8	54	0.00000
Thalassotalea_crassostreae	1763536	S	43	4	47	0.00000
Colwellia_sp._PAMC_20917	1816218	S	40	3	43	0.00000
Colwellia_sp._Arc7-635	2497879	S	36	5	41	0.00000
Colwellia_sp._Arc7-D	2161872	S	33	6	39	0.00000
Colwellia_sp._MT41	58049	S	28	3	31	0.00000
Colwellia_sp._20A7	2689569	S	22	2	24	0.00000
Colwellia_psychrerythraea	28229	S	23	2	25	0.00000
Cognaticolwellia_beringensis	1967665	S	26	4	30	0.00000
Litorilituus_sediminis	718192	S	25	2	27	0.00000
Idiomarina_sp._OT37-5b	2100422	S	136	26	162	0.00001
Idiomarina_sp._X4	2055892	S	41	20	61	0.00000
Idiomarina_abyssalis	86102	S	63	7	70	0.00000
Idiomarina_piscisalsi	1096243	S	54	25	79	0.00000
Idiomarina_loihiensis	135577	S	46	0	46	0.00000
Moritella_sp._24	2746230	S	16	41	57	0.00000
Moritella_marina	90736	S	25	12	37	0.00000
Moritella_yayanosii	69539	S	23	12	35	0.00000
Psychromonas_ingrahamii	357794	S	80	10	90	0.00000
Psychromonas_sp._CNPT3	314282	S	24	5	29	0.00000
Sulfurifustis_variabilis	1675686	S	7046	370	7416	0.00037
Sulfuricaulis_limicola	1620215	S	3159	202	3361	0.00017
Acidiferrobacter_sp._SPIII_3	1281578	S	914	246	1160	0.00006
Acidiferrobacter_thiooxydans	163359	S	712	195	907	0.00004
Acinetobacter_sp._WCHAc010034	1879049	S	266	88	354	0.00002
Acinetobacter_sp._WY4	2708348	S	87	124	211	0.00001
Acinetobacter_sp._F9	2853158	S	65	36	101	0.00001
Acinetobacter_sp._CS-2	2798861	S	42	18	60	0.00000
Acinetobacter_sp._10FS3-1	2563897	S	33	19	52	0.00000
Acinetobacter_sp._TGL-Y2	1407071	S	32	2	34	0.00000
Acinetobacter_sp._TTH0-4	1646498	S	32	4	36	0.00000
Acinetobacter_sp._ASP199	2773709	S	31	8	39	0.00000
Acinetobacter_sp._NEB149	2725684	S	28	107	135	0.00001
Acinetobacter_sp._Marseille-Q1620	2714110	S	28	1	29	0.00000
Acinetobacter_sp._LoGeW2-3	1808001	S	27	3	30	0.00000
Acinetobacter_sp._WCHA55	2004646	S	25	21	46	0.00000
Acinetobacter_sp._NCu2D-2	1608473	S	23	4	27	0.00000
Acinetobacter_sp._WCHAc010052	2004647	S	22	11	33	0.00000
Acinetobacter_sp._NyZ410	2929509	S	22	12	34	0.00000
Acinetobacter_sp._SH20PTE14	2905879	S	17	22	39	0.00000
Acinetobacter_sp._SCLZS86	2908637	S	16	17	33	0.00000
Acinetobacter_sp._PK01	2930198	S	15	18	33	0.00000
Acinetobacter_sp._C16S1	2609668	S	15	3	18	0.00000
Acinetobacter_sp._WCHA45	2004644	S	14	14	28	0.00000
Acinetobacter_sp._AS23	2871688	S	13	9	22	0.00000
Acinetobacter_sp._YH12138	2601122	S	13	19	32	0.00000
Acinetobacter_sp._ACNIH2	1758189	S	10	15	25	0.00000
Acinetobacter_lwoffii	28090	S	787	937	1724	0.00008
Acinetobacter_baumannii	470	S	189	862	1051	0.00005
Acinetobacter_pittii	48296	S	63	106	169	0.00001
Acinetobacter_calcoaceticus	471	S	48	6	54	0.00000
Acinetobacter_seifertii	1530123	S	46	18	64	0.00000
Acinetobacter_nosocomialis	106654	S	27	13	40	0.00000
Acinetobacter_johnsonii	40214	S	199	216	415	0.00002
Acinetobacter_indicus	756892	S	198	133	331	0.00002
Acinetobacter_radioresistens	40216	S	127	14	141	0.00001
Acinetobacter_schindleri	108981	S	121	91	212	0.00001
Acinetobacter_junii	40215	S	106	37	143	0.00001
Acinetobacter_dispersus	70348	S	99	7	106	0.00001
Acinetobacter_larvae	1789224	S	64	3	67	0.00000
Acinetobacter_gyllenbergii	134534	S	61	4	65	0.00000
Acinetobacter_pseudolwoffii	2053287	S	59	131	190	0.00001
Acinetobacter_haemolyticus	29430	S	54	26	80	0.00000
Acinetobacter_wanghuae	2662362	S	49	4	53	0.00000
Acinetobacter_soli	487316	S	49	4	53	0.00000
Acinetobacter_bouvetii	202951	S	42	7	49	0.00000
Acinetobacter_wuhouensis	1879050	S	39	15	54	0.00000
Acinetobacter_variabilis	70346	S	38	48	86	0.00000
Acinetobacter_lanii	2715163	S	35	3	38	0.00000
Acinetobacter_cumulans	2136182	S	33	11	44	0.00000
Acinetobacter_tandoii	202954	S	32	2	34	0.00000
Acinetobacter_towneri	202956	S	29	58	87	0.00000
Acinetobacter_baylyi	202950	S	28	2	30	0.00000
Acinetobacter_guillouiae	106649	S	27	11	38	0.00000
Acinetobacter_venetianus	52133	S	22	4	26	0.00000
Acinetobacter_piscicola	2006115	S	20	9	29	0.00000
Acinetobacter_ursingii	108980	S	18	17	35	0.00000
Acinetobacter_shaoyimingii	2715164	S	17	1	18	0.00000
Acinetobacter_portensis	1839785	S	16	14	30	0.00000
Acinetobacter_bereziniae	106648	S	15	12	27	0.00000
Acinetobacter_defluvii	1871111	S	14	8	22	0.00000
Acinetobacter_chinensis	2004650	S	14	8	22	0.00000
Acinetobacter_equi	1324350	S	11	0	11	0.00000
Psychrobacter_sp._DAB_AL43B	1028416	S	119	13	132	0.00001
Psychrobacter_sp._P11G3	1699623	S	89	31	120	0.00001
Psychrobacter_sp._P11F6	1699621	S	80	50	130	0.00001
Psychrobacter_sp._WY6	2708350	S	78	47	125	0.00001
Psychrobacter_sp._28M-43	2772254	S	76	28	104	0.00001
Psychrobacter_sp._KCTC_72983	2733866	S	44	88	132	0.00001
Psychrobacter_sp._G	571800	S	38	118	156	0.00001
Psychrobacter_sp._P11G5	1699624	S	37	65	102	0.00001
Psychrobacter_sp._P2G3	1699622	S	26	45	71	0.00000
Psychrobacter_sp._AntiMn-1	1720344	S	22	128	150	0.00001
Psychrobacter_arcticus	334543	S	62	15	77	0.00000
Psychrobacter_urativorans	45610	S	51	6	57	0.00000
Psychrobacter_cryohalolentis	330922	S	46	147	193	0.00001
Psychrobacter_arenosus	256326	S	38	1	39	0.00000
Psychrobacter_sanguinis	861445	S	35	9	44	0.00000
Moraxella_osloensis	34062	S	184	20	204	0.00001
Moraxella_bovis	476	S	34	10	44	0.00000
Moraxella_bovoculi	386891	S	32	66	98	0.00000
Moraxella_catarrhalis	480	S	31	6	37	0.00000
Moraxella_sp._ZY201115	2904121	S	30	2	32	0.00000
Moraxella_cuniculi	34061	S	27	2	29	0.00000
Moraxella_nonliquefaciens	478	S	12	3	15	0.00000
Aquirhabdus_parva	2283318	S	118	4	122	0.00001
Vibrio_parahaemolyticus	670	S	281	93	374	0.00002
Vibrio_diabolicus	50719	S	55	74	129	0.00001
Vibrio_harveyi	669	S	69	29	98	0.00000
Vibrio_campbellii	680	S	64	119	183	0.00001
Vibrio_owensii	696485	S	51	48	99	0.00000
Vibrio_natriegens	691	S	46	80	126	0.00001
Vibrio_alginolyticus	663	S	44	132	176	0.00001
Vibrio_rotiferianus	190895	S	33	15	48	0.00000
Vibrio_azureus	512649	S	17	1	18	0.00000
Vibrio_sp._OG9-811	2841925	S	135	19	154	0.00001
Vibrio_sp._B1FLJ16	2751178	S	83	17	100	0.00000
Vibrio_sp._THAF190c	2587865	S	47	6	53	0.00000
Vibrio_sp._HDW18	2714948	S	45	7	52	0.00000
Vibrio_sp._SCSIO_43132	2779363	S	37	29	66	0.00000
Vibrio_sp._VB16	2785746	S	34	2	36	0.00000
Vibrio_sp._SS-MA-C1-2	2908646	S	26	3	29	0.00000
Vibrio_sp._Scap24	2589990	S	24	17	41	0.00000
Vibrio_sp._ED004	2785124	S	23	18	41	0.00000
Vibrio_sp._B1FIG11	2751177	S	16	65	81	0.00000
Vibrio_sp._B1ASS3	2751176	S	15	27	42	0.00000
Vibrio_sp._ED002	2785123	S	14	30	44	0.00000
Vibrio_sp._B1REV9	2751179	S	13	12	25	0.00000
Vibrio_fluvialis	676	S	343	69	412	0.00002
Vibrio_furnissii	29494	S	307	106	413	0.00002
Vibrio_vulnificus	672	S	286	77	363	0.00002
Vibrio_sinaloensis	379097	S	70	9	79	0.00000
Vibrio_europaeus	300876	S	36	15	51	0.00000
Vibrio_tubiashii	29498	S	31	16	47	0.00000
Vibrio_cholerae	666	S	145	164	309	0.00002
Vibrio_mimicus	674	S	131	43	174	0.00001
Vibrio_navarrensis	29495	S	110	45	155	0.00001
Vibrio_cyclitrophicus	47951	S	92	37	129	0.00001
Vibrio_anguillarum	55601	S	85	31	116	0.00001
Vibrio_coralliilyticus	190893	S	85	56	141	0.00001
Vibrio_metoecus	1481663	S	76	40	116	0.00001
Vibrio_alfacsensis	1074311	S	71	47	118	0.00001
Vibrio_mediterranei	689	S	68	6	74	0.00000
Vibrio_rumoiensis	76258	S	64	32	96	0.00000
Vibrio_penaeicida	104609	S	64	7	71	0.00000
Vibrio_splendidus	29497	S	61	29	90	0.00000
Vibrio_spartinae	1918945	S	57	6	63	0.00000
Vibrio_taketomensis	2572923	S	56	6	62	0.00000
Vibrio_cincinnatiensis	675	S	56	10	66	0.00000
Vibrio_maritimus	990268	S	55	5	60	0.00000
Vibrio_breoganii	553239	S	54	5	59	0.00000
Vibrio_scophthalmi	45658	S	53	9	62	0.00000
Vibrio_astriarenae	1481923	S	53	5	58	0.00000
Vibrio_nigripulchritudo	28173	S	52	22	74	0.00000
Vibrio_algicola	2662262	S	51	6	57	0.00000
Vibrio_neptunius	170651	S	49	8	57	0.00000
Vibrio_tritonius	1435069	S	47	4	51	0.00000
Vibrio_ponticus	265668	S	45	4	49	0.00000
Vibrio_zhugei	2479546	S	43	9	52	0.00000
Vibrio_tapetis	52443	S	42	2	44	0.00000
Vibrio_gazogenes	687	S	40	4	44	0.00000
Vibrio_panuliri	1381081	S	38	4	42	0.00000
Vibrio_casei	673372	S	37	9	46	0.00000
Vibrio_ziniensis	2711221	S	36	3	39	0.00000
Vibrio_kanaloae	170673	S	35	10	45	0.00000
Vibrio_crassostreae	246167	S	35	23	58	0.00000
Vibrio_chagasii	170679	S	33	7	40	0.00000
Vibrio_metschnikovii	28172	S	33	5	38	0.00000
Vibrio_cidicii	1763883	S	31	20	51	0.00000
Vibrio_aquimaris	2587862	S	31	2	33	0.00000
Vibrio_atlanticus	693153	S	29	14	43	0.00000
Vibrio_bathopelagicus	2777577	S	23	7	30	0.00000
Vibrio_aphrogenes	1891186	S	22	2	24	0.00000
Vibrio_gigantis	296199	S	22	8	30	0.00000
Vibrio_qinghaiensis	2025808	S	15	13	28	0.00000
Vibrio_hyugaensis	1534743	S	15	11	26	0.00000
Photobacterium_sp._TLY01	2907534	S	169	25	194	0.00001
Photobacterium_sp._GJ3	2829502	S	149	16	165	0.00001
Photobacterium_gaetbulicola	1295392	S	205	18	223	0.00001
Photobacterium_ganghwense	320778	S	188	41	229	0.00001
Photobacterium_damselae	38293	S	98	45	143	0.00001
Photobacterium_profundum	74109	S	46	4	50	0.00000
Salinivibrio_kushneri	1908198	S	114	14	128	0.00001
Salinivibrio_costicola	51367	S	37	60	97	0.00000
Salinivibrio_sp._YCSC6	2003370	S	23	37	60	0.00000
Grimontia_hollisae	673	S	122	13	135	0.00001
Thaumasiovibrio_subtropicus	1891207	S	83	9	92	0.00000
Aliivibrio_fischeri	668	S	35	3	38	0.00000
Aliivibrio_salmonicida	40269	S	20	11	31	0.00000
Paraphotobacterium_marinum	1755811	S	16	2	18	0.00000
Candidatus_Enterovibrio_luxaltus	1927128	S	12	0	12	0.00000
Candidatus_Endoriftia_persephone	393765	S	967	39	1006	0.00005
Bathymodiolus_septemdierum_thioautotrophic_gill_symbiont	113267	S	51	4	55	0.00000
Candidatus_Vesicomyosocius_sp._SY067_SCS001	2732590	S	15	21	36	0.00000
Candidatus_Ruthia_magnifica	386487	S	15	1	16	0.00000
Candidatus_Ruthia_endofausta	2738852	S	13	3	16	0.00000
Bathymodiolus_thermophilus_thioautotrophic_gill_symbiont	2360	S	28	1	29	0.00000
Sedimenticola_thiotaurini	1543721	S	638	24	662	0.00003
Candidatus_Reidiella_endopervernicosa	2738883	S	483	8	491	0.00002
Thiolapillus_brandeum	1076588	S	400	8	408	0.00002
Pseudohongiella_spirulinae	1249552	S	295	6	301	0.00001
Gallaecimonas_mangrovi	2291597	S	207	12	219	0.00001
Celerinatantimonas_diazotrophica	412034	S	58	3	61	0.00000
Candidatus_Thioglobus_autotrophicus	1705394	S	30	2	32	0.00000
Candidatus_Thioglobus_sp._NP1	2508687	S	11	2	13	0.00000
Ignatzschineria_sp._HR5S32	2923279	S	39	2	41	0.00000
Candidatus_Steffania_adelgidicola	1076626	S	20	0	20	0.00000
Candidatus_Pseudothioglobus_singularis	1427364	S	14	5	19	0.00000
Legionella_pneumophila	446	S	316	141	457	0.00002
Legionella_sp._MW5194	2662448	S	139	20	159	0.00001
Legionella_sp._PC1000	2746060	S	75	9	84	0.00000
Legionella_sp._PC997	2755562	S	64	9	73	0.00000
Legionella_geestiana	45065	S	167	10	177	0.00001
Legionella_spiritensis	452	S	138	11	149	0.00001
Legionella_sainthelensi	28087	S	135	17	152	0.00001
Legionella_fallonii	96230	S	105	6	111	0.00001
Legionella_antarctica	2708020	S	102	4	106	0.00001
Legionella_longbeachae	450	S	95	63	158	0.00001
Legionella_israelensis	454	S	88	3	91	0.00000
Legionella_cherrii	28084	S	81	4	85	0.00000
Legionella_anisa	28082	S	80	15	95	0.00000
Legionella_waltersii	66969	S	75	10	85	0.00000
Legionella_jordanis	456	S	68	6	74	0.00000
Legionella_lansingensis	45067	S	61	3	64	0.00000
Legionella_clemsonensis	1867846	S	60	7	67	0.00000
Legionella_hackeliae	449	S	56	7	63	0.00000
Legionella_oakridgensis	29423	S	54	4	58	0.00000
Legionella_adelaidensis	45056	S	31	2	33	0.00000
Fluoribacter_dumoffii	463	S	86	13	99	0.00000
Tatlockia_micdadei	451	S	42	1	43	0.00000
Aquicella_siphonis	254247	S	240	35	275	0.00001
Aquicella_lusitana	254246	S	234	37	271	0.00001
Coxiella_burnetii	777	S	183	51	234	0.00001
Coxiella_endosymbiont_of_Amblyomma_nuttalli	2749996	S	23	2	25	0.00000
Coxiella_endosymbiont_of_Amblyomma_sculptum	2487929	S	22	6	28	0.00000
Candidatus_Coxiella_mudrowiae	2054173	S	34	2	36	0.00000
Rickettsiella_endosymbiont_of_Dermanyssus_gallinae	2856608	S	47	12	59	0.00000
Candidatus_Rickettsiella_viridis	676208	S	35	10	45	0.00000
Immundisolibacter_cernigliae	1810504	S	3254	456	3710	0.00018
Thiomicrorhabdus_xiamenensis	2739063	S	117	6	123	0.00001
Thiomicrorhabdus_sediminis	2580412	S	69	3	72	0.00000
Thiomicrorhabdus_aquaedulcis	2211106	S	60	2	62	0.00000
Thiomicrorhabdus_sp._Am19	2791037	S	44	2	46	0.00000
Thiomicrorhabdus_indica	2267253	S	38	1	39	0.00000
Methylophaga_frappieri	754477	S	110	45	155	0.00001
Methylophaga_nitratireducenticrescens	754476	S	96	18	114	0.00001
Methylophaga_sp._TMB456	2881052	S	71	24	95	0.00000
Thiomicrospira_sp._S5	1803865	S	75	62	137	0.00001
Thiomicrospira_aerophila	92245	S	73	6	79	0.00000
Thiomicrospira_cyclica	147268	S	69	3	72	0.00000
Thiomicrospira_microaerophila	406020	S	40	4	44	0.00000
Hydrogenovibrio_thermophilus	265883	S	89	72	161	0.00001
Hydrogenovibrio_marinus	28885	S	53	1	54	0.00000
Hydrogenovibrio_crunogenus	39765	S	33	1	34	0.00000
Piscirickettsia_salmonis	1238	S	82	5	87	0.00000
Thiosulfatimonas_sediminis	2675054	S	67	3	70	0.00000
Thiosulfativibrio_zosterae	2675053	S	55	2	57	0.00000
Thiothrix_sp._CT3	96472	S	335	88	423	0.00002
Thiothrix_litoralis	2891210	S	267	15	282	0.00001
Thiothrix_subterranea	2735563	S	168	37	205	0.00001
Thiothrix_unzii	111769	S	110	46	156	0.00001
Candidatus_Thiothrix_anitrata	2823902	S	82	38	120	0.00001
Beggiatoa_leptomitoformis	288004	S	86	1	87	0.00000
Francisella_tularensis	263	S	42	27	69	0.00000
Francisella_frigiditurris	1542390	S	21	2	23	0.00000
Francisella_philomiragia	28110	S	13	19	32	0.00000
Francisella_halioticida	549298	S	13	1	14	0.00000
Francisella_uliginis	573570	S	12	2	14	0.00000
Allofrancisella_guangzhouensis	594679	S	21	4	25	0.00000
Allofrancisella_frigidaquae	1085644	S	10	5	15	0.00000
Salinisphaera_sp._LB1	2183911	S	2114	67	2181	0.00011
endosymbiont_of_unidentified_scaly_snail_isolate_Monju	1248727	S	1825	119	1944	0.00010
Abyssogena_phaseoliformis_symbiont	596095	S	15	4	19	0.00000
Isorropodon_fossajaponicum_symbiont	883811	S	15	3	18	0.00000
Haemophilus_parainfluenzae	729	S	92	27	119	0.00001
Haemophilus_influenzae	727	S	68	57	125	0.00001
Haemophilus_haemolyticus	726	S	47	18	65	0.00000
Haemophilus_parahaemolyticus	735	S	33	5	38	0.00000
[Haemophilus]_ducreyi	730	S	20	8	28	0.00000
Haemophilus_pittmaniae	249188	S	15	2	17	0.00000
Aggregatibacter_actinomycetemcomitans	714	S	98	14	112	0.00001
Aggregatibacter_aphrophilus	732	S	75	33	108	0.00001
Aggregatibacter_sp._2125159857	2820817	S	19	9	28	0.00000
Aggregatibacter_sp._Marseille-P9115	2866570	S	15	15	30	0.00000
Actinobacillus_sp._GY-402	2774188	S	105	44	149	0.00001
Actinobacillus_pleuropneumoniae	715	S	21	23	44	0.00000
Actinobacillus_delphinicola	51161	S	20	2	22	0.00000
Actinobacillus_suis	716	S	12	17	29	0.00000
Actinobacillus_equuli	718	S	11	4	15	0.00000
Actinobacillus_porcitonsillarum	189834	S	10	3	13	0.00000
Mannheimia_haemolytica	75985	S	50	20	70	0.00000
Mannheimia_granulomatis	85402	S	41	7	48	0.00000
Mannheimia_varigena	85404	S	34	28	62	0.00000
Mannheimia_sp._USDA-ARS-USMARC-1261	1432056	S	10	12	22	0.00000
Pasteurella_multocida	747	S	88	311	399	0.00002
Pasteurella_atlantica	2827233	S	18	1	19	0.00000
Pasteurella_canis	753	S	16	3	19	0.00000
Pasteurella_skyensis	97481	S	14	1	15	0.00000
Avibacterium_paragallinarum	728	S	44	15	59	0.00000
Avibacterium_volantium	762	S	18	8	26	0.00000
Glaesserella_parasuis	738	S	32	18	50	0.00000
Glaesserella_sp._15-184	2030797	S	26	6	32	0.00000
Gallibacterium_anatis	750	S	57	14	71	0.00000
Rodentibacter_haemolyticus	2778911	S	30	2	32	0.00000
Rodentibacter_heylii	1906744	S	24	2	26	0.00000
[Mannheimia]_succiniciproducens	157673	S	10	34	44	0.00000
Frederiksenia_canicola	123824	S	34	6	40	0.00000
Histophilus_somni	731	S	29	7	36	0.00000
Bibersteinia_trehalosi	47735	S	29	6	35	0.00000
Bisgaardia_hudsonensis	109472	S	13	1	14	0.00000
Otariodibacter_oris	1032623	S	13	1	14	0.00000
Vespertiliibacter_pulmonis	1443036	S	11	1	12	0.00000
Cardiobacterium_hominis	2718	S	626	104	730	0.00004
Cardiobacterium_sp._Marseille-Q4385	2866573	S	421	64	485	0.00002
Suttonella_sp._R2A3	2908648	S	86	4	90	0.00000
Dichelobacter_nodosus	870	S	67	11	78	0.00000
Kangiella_koreensis	261964	S	70	11	81	0.00000
Kangiella_profundi	1561924	S	65	15	80	0.00000
Kangiella_sediminilitoris	1144748	S	64	5	69	0.00000
Kangiella_geojedonensis	914150	S	42	3	45	0.00000
Gilliamella_sp._ESL0441	2704654	S	29	18	47	0.00000
Gilliamella_sp._ESL0405	2704653	S	18	2	20	0.00000
Gilliamella_sp._ESL0443	2704655	S	16	3	19	0.00000
Gilliamella_apicola	1196095	S	19	4	23	0.00000
Zophobihabitans_entericus	1635327	S	25	2	27	0.00000
Frischella_perrara	1267021	S	17	4	21	0.00000
Archangium_violaceum	83451	S	41193	6144	47337	0.00233
Archangium_gephyra	48	S	32019	5261	37280	0.00184
Cystobacter_fuscus	43	S	12409	2595	15004	0.00074
Stigmatella_aurantiaca	41	S	9914	941	10855	0.00054
Melittangium_boletus	83453	S	7058	1370	8428	0.00042
Corallococcus_coralloides	184914	S	16345	5403	21748	0.00107
Corallococcus_sp._EGB	1521117	S	6899	1907	8806	0.00043
Corallococcus_macrosporus	35	S	6547	1788	8335	0.00041
Myxococcus_xanthus	34	S	13591	21734	35325	0.00174
Myxococcus_hansupus	1297742	S	5717	725	6442	0.00032
Myxococcus_stipitatus	83455	S	4697	980	5677	0.00028
Myxococcus_sp._SCHIC003	2813577	S	4056	844	4900	0.00024
Pyxidicoccus_sp._SCPEA002	2813578	S	16424	987	17411	0.00086
Anaeromyxobacter_sp._Fw109-5	404589	S	14433	1729	16162	0.00080
Anaeromyxobacter_sp._Red232	2918170	S	13759	1372	15131	0.00075
Anaeromyxobacter_sp._Red630	2918171	S	10049	1193	11242	0.00055
Anaeromyxobacter_sp._K	447217	S	2455	5115	7570	0.00037
Anaeromyxobacter_dehalogenans	161493	S	8384	6071	14455	0.00071
Vulgatibacter_incomptus	1391653	S	6422	442	6864	0.00034
Sorangium_cellulosum	56	S	120830	13129	133959	0.00660
Polyangium_aurulentum	2567896	S	19772	1455	21227	0.00105
Chondromyces_crocatus	52	S	9055	312	9367	0.00046
Pajaroellobacter_abortibovis	1882918	S	158	3	161	0.00001
Sandaracinus_amylolyticus	927083	S	34283	1525	35808	0.00176
Labilithrix_luteola	1391654	S	12331	453	12784	0.00063
Haliangium_ochraceum	80816	S	15196	732	15928	0.00079
Geomonas_sp._RF6	2897342	S	2286	268	2554	0.00013
Geomonas_paludis	2740185	S	1895	923	2818	0.00014
Geomonas_nitrogeniifigens	2847991	S	1752	872	2624	0.00013
Geomonas_subterranea	2847989	S	1500	674	2174	0.00011
Geomonas_oryzisoli	2847992	S	1456	773	2229	0.00011
Geobacter_sp._FeAm09	2597769	S	1615	202	1817	0.00009
Geobacter_sp._SVR	2495594	S	1202	173	1375	0.00007
Geobacter_sp._DSM_9736	1277350	S	721	48	769	0.00004
Geobacter_sulfurreducens	35554	S	1840	382	2222	0.00011
Geobacter_pickeringii	345632	S	1727	418	2145	0.00011
Geobacter_metallireducens	28232	S	1119	253	1372	0.00007
Geobacter_benzoatilyticus	2815309	S	701	150	851	0.00004
Citrifermentans_bemidjiense	225194	S	1476	528	2004	0.00010
Citrifermentans_bremense	60035	S	1410	550	1960	0.00010
Geotalea_uraniireducens	351604	S	900	63	963	0.00005
Geotalea_daltonii	1203471	S	531	39	570	0.00003
Geoalkalibacter_subterraneus	483547	S	897	864	1761	0.00009
Trichlorobacter_lovleyi	313985	S	479	63	542	0.00003
Desulfuromonas_versatilis	2802975	S	2931	501	3432	0.00017
Desulfuromonas_sp._DDH964	1823759	S	2003	370	2373	0.00012
Desulfuromonas_sp._AOP6	1566351	S	726	78	804	0.00004
Desulfuromonas_soudanensis	1603606	S	1848	203	2051	0.00010
Pelobacter_propionicus	29543	S	1155	346	1501	0.00007
Syntrophotalea_acetylenica	29542	S	597	116	713	0.00004
Syntrophotalea_carbinolica	19	S	464	34	498	0.00002
Syntrophotalea_acetylenivorans	1842532	S	398	59	457	0.00002
Pseudodesulfovibrio_mercurii	641491	S	1333	328	1661	0.00008
Pseudodesulfovibrio_indicus	1716143	S	1278	286	1564	0.00008
Pseudodesulfovibrio_aespoeensis	182210	S	1062	806	1868	0.00009
Pseudodesulfovibrio_cashew	2678688	S	808	159	967	0.00005
Pseudodesulfovibrio_sp._SF6	2810563	S	372	39	411	0.00002
Pseudodesulfovibrio_sp._zrk46	2725288	S	333	58	391	0.00002
Pseudodesulfovibrio_tunisiensis	463192	S	671	65	736	0.00004
Pseudodesulfovibrio_profundus	57320	S	242	262	504	0.00002
Pseudodesulfovibrio_piezophilus	879567	S	126	16	142	0.00001
Desulfovibrio_sp._IOR2	2583823	S	859	162	1021	0.00005
Desulfovibrio_sp._86	2666132	S	340	96	436	0.00002
Desulfovibrio_sp._G11	631220	S	247	195	442	0.00002
Desulfovibrio_vulgaris	881	S	1141	45	1186	0.00006
Desulfovibrio_sulfodismutans	63561	S	960	250	1210	0.00006
Desulfovibrio_desulfuricans	876	S	922	193	1115	0.00005
Desulfovibrio_piger	901	S	764	141	905	0.00004
Desulfovibrio_fairfieldensis	44742	S	647	55	702	0.00003
Desulfovibrio_ferrophilus	241368	S	418	32	450	0.00002
Candidatus_Desulfovibrio_trichonymphae	1725232	S	129	10	139	0.00001
Solidesulfovibrio_carbinoliphilus	345370	S	1757	215	1972	0.00010
Solidesulfovibrio_magneticus	184917	S	796	497	1293	0.00006
Solidesulfovibrio_carbinolicus	296842	S	680	553	1233	0.00006
Oceanidesulfovibrio_marinus	370038	S	1873	113	1986	0.00010
Desulfocurvibacter_africanus	873	S	1534	106	1640	0.00008
Desulfolutivibrio_sulfoxidireducens	2773299	S	1270	361	1631	0.00008
Megalodesulfovibrio_gigas	879	S	1023	49	1072	0.00005
Oleidesulfovibrio_alaskensis	58180	S	326	487	813	0.00004
Maridesulfovibrio_salexigens	880	S	108	10	118	0.00001
Maridesulfovibrio_hydrothermalis	191026	S	75	7	82	0.00000
Paradesulfovibrio_bizertensis	376490	S	160	15	175	0.00001
Lawsonia_intracellularis	29546	S	42	0	42	0.00000
Desulfomicrobium_baculatum	899	S	897	65	962	0.00005
Desulfomicrobium_orale	132132	S	522	143	665	0.00003
Desulfohalobium_retbaense	45663	S	402	18	420	0.00002
Desulfosarcina_ovata	83564	S	1114	67	1181	0.00006
Desulfosarcina_alkanivorans	571177	S	949	458	1407	0.00007
Desulfosarcina_widdelii	947919	S	906	120	1026	0.00005
Desulfococcus_multivorans	897	S	725	140	865	0.00004
Desulfatibacillum_aliphaticivorans	218208	S	582	21	603	0.00003
Desulfoluna_sp._ASN36	2810562	S	541	30	571	0.00003
Desulfonema_magnum	45655	S	313	6	319	0.00002
Desulfonema_limicola	45656	S	76	5	81	0.00000
Desulfobacter_postgatei	2293	S	175	33	208	0.00001
Desulfobacter_hydrogenophilus	2291	S	103	22	125	0.00001
Desulforapulum_autotrophicum	2296	S	198	26	224	0.00001
Desulfobacula_toluolica	28223	S	56	5	61	0.00000
Desulfobulbus_propionicus	894	S	951	50	1001	0.00005
Desulfobulbus_oralis	1986146	S	597	139	736	0.00004
Desulfobulbus_oligotrophicus	1909699	S	198	184	382	0.00002
Desulfurivibrio_alkaliphilus	427923	S	760	33	793	0.00004
Desulfomarina_profundi	2772557	S	117	10	127	0.00001
Desulfosudis_oleivorans	181663	S	716	46	762	0.00004
Desulfosediminicola_ganghwensis	2569540	S	216	23	239	0.00001
Desulfosediminicola_flagellatus	2569541	S	101	9	110	0.00001
Desulfotalea_psychrophila	84980	S	106	18	124	0.00001
Desulfocapsa_sulfexigens	65555	S	64	3	67	0.00000
Persicimonas_caeni	2292766	S	4806	146	4952	0.00024
Bradymonas_sediminis	1548548	S	1664	121	1785	0.00009
Bradymonadales_bacterium_V1718	2600177	S	629	32	661	0.00003
Syntrophobacter_fumaroxidans	119484	S	1217	552	1769	0.00009
Desulfoglaeba_alkanexedens	361111	S	982	42	1024	0.00005
Desulfarculus_baarsii	453230	S	1959	1251	3210	0.00016
Desulfomonile_tiedjei	2358	S	436	6	442	0.00002
Desulfobacca_acetoxidans	60893	S	429	12	441	0.00002
Syntrophus_aciditrophicus	316277	S	342	18	360	0.00002
Dissulfurimicrobium_hydrothermale	1750598	S	160	8	168	0.00001
Candidatus_Desulfofervidus_auxilii	1621989	S	79	1	80	0.00000
Hippea_maritima	84405	S	30	1	31	0.00000
Campylobacter_showae	204	S	148	14	162	0.00001
Campylobacter_gracilis	824	S	128	8	136	0.00001
Campylobacter_curvus	200	S	119	10	129	0.00001
Campylobacter_concisus	199	S	117	14	131	0.00001
Campylobacter_sp._19-13652	2840180	S	23	2	25	0.00000
Campylobacter_sp._CCUG_57310	2517362	S	14	4	18	0.00000
Campylobacter_sp._RM6914	1032243	S	12	1	13	0.00000
Campylobacter_sp._RM6137	1660073	S	10	2	12	0.00000
Campylobacter_rectus	203	S	63	8	71	0.00000
Candidatus_Campylobacter_infans	2561898	S	42	4	46	0.00000
Campylobacter_coli	195	S	22	30	52	0.00000
Campylobacter_jejuni	197	S	18	150	168	0.00001
Campylobacter_geochelonis	1780362	S	17	1	18	0.00000
Campylobacter_hyointestinalis	198	S	16	4	20	0.00000
Campylobacter_fetus	196	S	15	6	21	0.00000
Campylobacter_blaseri	2042961	S	15	1	16	0.00000
Campylobacter_pinnipediorum	1965231	S	14	1	15	0.00000
Campylobacter_sputorum	206	S	12	2	14	0.00000
Campylobacter_iguaniorum	1244531	S	12	1	13	0.00000
Campylobacter_hominis	76517	S	11	3	14	0.00000
Campylobacter_ureolyticus	827	S	11	3	14	0.00000
Campylobacter_canadensis	449520	S	10	1	11	0.00000
Sulfurimonas_sp._HSL-3221	2894755	S	466	38	504	0.00002
Sulfurimonas_sp._SWIR-19	2878390	S	23	34	57	0.00000
Sulfurimonas_sp._B2	2590551	S	15	1	16	0.00000
Sulfurimonas_paralvinellae	317658	S	29	4	33	0.00000
Sulfurimonas_hydrogeniphila	2509341	S	13	5	18	0.00000
Candidatus_Sulfurimonas_baltica	2740404	S	11	2	13	0.00000
Sulfurimonas_gotlandica	1176482	S	10	1	11	0.00000
Sulfuricurvum_kujiense	148813	S	53	3	56	0.00000
Helicobacter_pylori	210	S	194	143	337	0.00002
Helicobacter_sp._NHP19-0003	2849641	S	47	11	58	0.00000
Helicobacter_sp._NHP19-0012	2849642	S	18	7	25	0.00000
Helicobacter_heilmannii	35817	S	27	12	39	0.00000
Helicobacter_cinaedi	213	S	19	7	26	0.00000
Helicobacter_felis	214	S	18	2	20	0.00000
Helicobacter_himalayensis	1591088	S	17	2	19	0.00000
Helicobacter_bizzozeronii	56877	S	17	2	19	0.00000
Helicobacter_canis	29419	S	11	3	14	0.00000
Helicobacter_cetorum	138563	S	11	1	12	0.00000
Helicobacter_mustelae	217	S	10	1	11	0.00000
Helicobacter_typhlonius	76936	S	10	9	19	0.00000
Helicobacter_apodemus	135569	S	10	1	11	0.00000
Wolinella_succinogenes	844	S	57	15	72	0.00000
Nitratifractor_salsuginis	269261	S	287	19	306	0.00002
Sulfurovum_sp._NBC37-1	387093	S	41	17	58	0.00000
Sulfurovum_sp._HSL1-3	2893889	S	40	12	52	0.00000
Sulfurovum_sp._XGS-02	2925411	S	27	3	30	0.00000
Sulfurovum_indicum	2779528	S	45	4	49	0.00000
Sulfurovum_lithotrophicum	206403	S	34	16	50	0.00000
Hydrogenimonas_urashimensis	2740515	S	299	29	328	0.00002
Arcobacter_venerupis	1054033	S	13	15	28	0.00000
Arcobacter_sp._FWKO_B	2593672	S	10	2	12	0.00000
Aliarcobacter_butzleri	28197	S	14	36	50	0.00000
Aliarcobacter_cryaerophilus	28198	S	10	12	22	0.00000
Pseudoarcobacter_acticola	1849015	S	12	12	24	0.00000
Sulfurospirillum_cavolei	366522	S	69	6	75	0.00000
Sulfurospirillum_sp._UCH001	1581011	S	32	28	60	0.00000
Sulfurospirillum_halorespirans	194424	S	31	15	46	0.00000
Sulfurospirillum_barnesii	44674	S	17	1	18	0.00000
Sulfurospirillum_multivorans	66821	S	15	7	22	0.00000
Sulfurospirillum_deleyianum	65553	S	11	1	12	0.00000
Nitratiruptor_sp._YY09-18	2724901	S	34	35	69	0.00000
Nitratiruptor_sp._SB155-2	387092	S	17	26	43	0.00000
Nitrosophilus_alvini	2714855	S	42	12	54	0.00000
Nitrosophilus_labii	2706014	S	16	10	26	0.00000
Caminibacter_mediatlanticus	291048	S	25	15	40	0.00000
Caminibacter_pacificus	1424653	S	16	8	24	0.00000
Nautilia_profundicola	244787	S	20	11	31	0.00000
Nautilia_sp._PV-1	2579250	S	14	7	21	0.00000
Acidithiobacillus_caldus	33059	S	584	78	662	0.00003
Acidithiobacillus_ferrivorans	160808	S	403	73	476	0.00002
Acidithiobacillus_ferrooxidans	920	S	266	224	490	0.00002
Acidithiobacillus_thiooxidans	930	S	178	9	187	0.00001
Acidithiobacillus_ferriphilus	1689834	S	145	27	172	0.00001
Acidithiobacillus_ferridurans	1232575	S	18	150	168	0.00001
Acidithiobacillus_sp._'AMD_consortium'	2614801	S	14	183	197	0.00001
Bdellovibrio_sp._LBG001	2835041	S	341	32	373	0.00002
Bdellovibrio_sp._NC01	2220073	S	140	14	154	0.00001
Bdellovibrio_sp._ZAP7	2231053	S	105	50	155	0.00001
Bdellovibrio_sp._KM01	2748865	S	74	36	110	0.00001
Bdellovibrio_bacteriovorus	959	S	593	67	660	0.00003
Pseudobdellovibrio_exovorus	453816	S	108	4	112	0.00001
Bacteriovorax_stolpii	960	S	140	19	159	0.00001
Halobacteriovorax_sp._BALOs_7	2109558	S	44	8	52	0.00000
Halobacteriovorax_marinus	97084	S	40	12	52	0.00000
Fluviispira_sanaruensis	2493639	S	46	10	56	0.00000
Silvanigrella_aquatica	1915309	S	32	7	39	0.00000
Hydrogenophilus_thermoluteolus	297	S	789	116	905	0.00004
Mariprofundus_ferrinatatus	1921087	S	257	24	281	0.00001
Mariprofundus_aestuarium	1921086	S	167	18	185	0.00001
Microbacterium_sp._LKL04	912630	S	16746	3366	20112	0.00099
Microbacterium_sp._SSW1-36	2851648	S	7755	1434	9189	0.00045
Microbacterium_sp._4R-513	2567934	S	6638	1024	7662	0.00038
Microbacterium_sp._No._7	1714373	S	5006	1860	6866	0.00034
Microbacterium_sp._BH-3-3-3	1906742	S	4906	988	5894	0.00029
Microbacterium_sp._10M-3C3	2483401	S	4067	1038	5105	0.00025
Microbacterium_sp._JZ31	1906274	S	3730	871	4601	0.00023
Microbacterium_sp._SSW1-51	2851650	S	3536	751	4287	0.00021
Microbacterium_sp._ABRD_28	2268461	S	3475	398	3873	0.00019
Microbacterium_sp._YJN-G	2763257	S	3136	851	3987	0.00020
Microbacterium_sp._XT11	367477	S	2936	526	3462	0.00017
Microbacterium_sp._A18JL241	2782166	S	2842	558	3400	0.00017
Microbacterium_sp._cx-55	2875948	S	2816	350	3166	0.00016
Microbacterium_sp._Y-01	2048898	S	2774	925	3699	0.00018
Microbacterium_sp._PM5	2014534	S	2751	432	3183	0.00016
Microbacterium_sp._NIBRBAC000506063	2734618	S	2718	913	3631	0.00018
Microbacterium_sp._H1-D42	2925844	S	2448	339	2787	0.00014
Microbacterium_sp._CBA3102	2603598	S	2379	493	2872	0.00014
Microbacterium_sp._1S1	2606451	S	2207	796	3003	0.00015
Microbacterium_sp._TPU_3598	1938334	S	2199	490	2689	0.00013
Microbacterium_sp._Nx66	2766784	S	1683	938	2621	0.00013
Microbacterium_sp._RG1	2489212	S	995	672	1667	0.00008
Microbacterium_sp._SGAir0570	2070348	S	778	2456	3234	0.00016
Microbacterium_sp._CGR1	1696072	S	627	1952	2579	0.00013
Microbacterium_sp._1.5R	1916917	S	624	1871	2495	0.00012
Microbacterium_sp._PAMC22086	2861281	S	470	868	1338	0.00007
Microbacterium_sp._str._'China'	2103230	S	265	1200	1465	0.00007
Microbacterium_sp._PAMC_28756	1795053	S	99	1384	1483	0.00007
Microbacterium_sp._KUDC0406	2909588	S	32	2209	2241	0.00011
Microbacterium_sp._Se5.02b	2864103	S	28	1961	1989	0.00010
Microbacterium_sp._Se63.02b	2709304	S	19	1377	1396	0.00007
Microbacterium_sp._PAMC21962	2861280	S	13	476	489	0.00002
Microbacterium_sp._KUDC0405	2909587	S	13	893	906	0.00004
Microbacterium_atlanticum	2782168	S	11016	2057	13073	0.00064
Microbacterium_oleivorans	273677	S	10112	1671	11783	0.00058
Microbacterium_cremeum	2782169	S	8962	1604	10566	0.00052
Microbacterium_foliorum	104336	S	7911	1415	9326	0.00046
Microbacterium_hominis	162426	S	6424	15903	22327	0.00110
Microbacterium_oryzae	743009	S	5077	1270	6347	0.00031
Microbacterium_testaceum	2033	S	4485	694	5179	0.00026
Microbacterium_lemovicicum	1072463	S	4091	788	4879	0.00024
Microbacterium_pygmaeum	370764	S	3837	407	4244	0.00021
Microbacterium_aurum	36805	S	3304	890	4194	0.00021
Microbacterium_hydrocarbonoxydans	273678	S	3285	507	3792	0.00019
Microbacterium_chocolatum	84292	S	3142	601	3743	0.00018
Microbacterium_resistens	156977	S	3106	485	3591	0.00018
Microbacterium_sediminis	904291	S	3005	1165	4170	0.00021
Microbacterium_wangchenii	2541726	S	2869	558	3427	0.00017
Microbacterium_luteum	2782167	S	2805	988	3793	0.00019
Microbacterium_caowuchunii	2614638	S	2747	443	3190	0.00016
Microbacterium_lushaniae	2614639	S	2709	536	3245	0.00016
Microbacterium_oxydans	82380	S	2548	1727	4275	0.00021
Microbacterium_esteraromaticum	57043	S	2538	481	3019	0.00015
Microbacterium_protaetiae	2509458	S	2484	462	2946	0.00015
Microbacterium_schleiferi	69362	S	1810	543	2353	0.00012
Microbacterium_binotii	462710	S	1058	703	1761	0.00009
Microbacterium_fandaimingii	2708079	S	1055	76	1131	0.00006
Microbacterium_amylolyticum	936337	S	876	158	1034	0.00005
Microbacterium_paludicola	300019	S	757	2497	3254	0.00016
Microbacterium_chengjingii	2769067	S	724	32	756	0.00004
Microbacterium_endophyticum	1526412	S	713	41	754	0.00004
Microbacterium_paraoxydans	199592	S	337	2029	2366	0.00012
Agromyces_flavus	589382	S	20574	6083	26657	0.00131
Agromyces_sp._H17E-10	2932244	S	7443	2348	9791	0.00048
Agromyces_sp._LHK192	2498704	S	5706	1575	7281	0.00036
Agromyces_sp._CFWR-12	2929802	S	4062	2534	6596	0.00033
Agromyces_aureus	453304	S	6442	1697	8139	0.00040
Agromyces_badenianii	2080742	S	5355	1658	7013	0.00035
Agromyces_marinus	1389020	S	5145	1745	6890	0.00034
Agromyces_soli	659012	S	4955	1678	6633	0.00033
Agromyces_laixinhei	2585717	S	4516	979	5495	0.00027
Agromyces_protaetiae	2509455	S	4278	1137	5415	0.00027
Agromyces_intestinalis	2592652	S	3720	2200	5920	0.00029
Agromyces_archimandritae	2781962	S	3442	903	4345	0.00021
Agrococcus_sp._SCSIO52902	2933290	S	7081	3213	10294	0.00051
Agrococcus_sp._Marseille-Q4369	2810513	S	6843	2238	9081	0.00045
Agrococcus_sp._SGAir0287	2070347	S	4593	1270	5863	0.00029
Agrococcus_jejuensis	399736	S	6126	1761	7887	0.00039
Agrococcus_carbonis	684552	S	5883	2451	8334	0.00041
Curtobacterium_sp._BH-2-1-1	1905847	S	1982	620	2602	0.00013
Curtobacterium_sp._L6-1	2841594	S	1945	576	2521	0.00012
Curtobacterium_sp._YC1	2795488	S	1699	749	2448	0.00012
Curtobacterium_sp._MR_MD2014	1561023	S	1618	716	2334	0.00012
Curtobacterium_sp._TC1	2862880	S	1349	687	2036	0.00010
Curtobacterium_sp._24E2	2804758	S	1185	639	1824	0.00009
Curtobacterium_sp._SGAir0471	2070337	S	1046	854	1900	0.00009
Curtobacterium_sp._TXMA1	2876939	S	919	777	1696	0.00008
Curtobacterium_sp._C1	2898151	S	355	1164	1519	0.00007
Curtobacterium_sp._Csp2	2495430	S	302	1135	1437	0.00007
Curtobacterium_sp._Csp1	2495429	S	56	1400	1456	0.00007
Curtobacterium_flaccumfaciens	2035	S	2932	1302	4234	0.00021
Curtobacterium_luteum	33881	S	1920	651	2571	0.00013
Rathayibacter_sp._VKM_Ac-2759	2609252	S	2828	913	3741	0.00018
Rathayibacter_sp._VKM_Ac-2760	2609253	S	2295	1118	3413	0.00017
Rathayibacter_sp._VKM_Ac-2804	2609257	S	1730	1226	2956	0.00015
Rathayibacter_sp._VKM_Ac-2801	2609255	S	1083	972	2055	0.00010
Rathayibacter_sp._VKM_Ac-2762	2609254	S	480	1269	1749	0.00009
Rathayibacter_sp._VKM_Ac-2805	2609258	S	410	1119	1529	0.00008
Rathayibacter_festucae	110937	S	2674	2723	5397	0.00027
Rathayibacter_tanaceti	1671680	S	1569	371	1940	0.00010
Rathayibacter_iranicus	59737	S	1100	134	1234	0.00006
Rathayibacter_tritici	33888	S	1056	308	1364	0.00007
Rathayibacter_rathayi	33887	S	952	244	1196	0.00006
Rathayibacter_toxicus	145458	S	427	31	458	0.00002
Leucobacter_sp._H25R-14	2932245	S	2681	415	3096	0.00015
Leucobacter_sp._Psy1	2875729	S	2664	298	2962	0.00015
Leucobacter_sp._NB_10	2873270	S	2043	543	2586	0.00013
Leucobacter_sp._CX169	2813744	S	1330	314	1644	0.00008
Leucobacter_sp._H21R-36	2932246	S	581	1546	2127	0.00010
Leucobacter_sp._H21R-40	2932247	S	501	1333	1834	0.00009
Leucobacter_muris	1935379	S	2174	785	2959	0.00015
Leucobacter_triazinivorans	1784719	S	2054	1020	3074	0.00015
Leucobacter_luti	340320	S	774	66	840	0.00004
Leucobacter_viscericola	2714935	S	611	61	672	0.00003
Leucobacter_insecticola	2714934	S	585	45	630	0.00003
Leucobacter_coleopterorum	2714933	S	414	42	456	0.00002
Leucobacter_denitrificans	683042	S	388	53	441	0.00002
Leifsonia_sp._ZF2019	2781978	S	2775	756	3531	0.00017
Leifsonia_sp._PS1209	2724914	S	2750	741	3491	0.00017
Leifsonia_sp._21MFCrub1.1	1798223	S	2685	3441	6126	0.00030
Leifsonia_shinshuensis	150026	S	3497	977	4474	0.00022
Leifsonia_xyli	1575	S	2167	276	2443	0.00012
Clavibacter_michiganensis	28447	S	11409	13233	24642	0.00121
Clavibacter_zhangzhiyongii	2768071	S	1466	663	2129	0.00010
Clavibacter_sp._A6099	2860285	S	716	445	1161	0.00006
Protaetiibacter_intestinalis	2419774	S	3687	1304	4991	0.00025
Protaetiibacter_sp._SSC-01	2759943	S	3609	1296	4905	0.00024
Protaetiibacter_larvae	2592654	S	2642	823	3465	0.00017
Salinibacterium_sp._ZJ450	2708338	S	2326	331	2657	0.00013
Salinibacterium_sp._ZJ70	2708084	S	2299	541	2840	0.00014
Salinibacterium_sp._dk2585	2603292	S	1639	258	1897	0.00009
Salinibacterium_sp._UTAS2018	2508880	S	580	58	638	0.00003
Salinibacterium_sp._M195	2583374	S	447	52	499	0.00002
Salinibacterium_hongtaonis	2079791	S	842	84	926	0.00005
Cryobacterium_sp._LW097	1978566	S	1689	342	2031	0.00010
Cryobacterium_sp._PAMC25264	2861288	S	858	527	1385	0.00007
Cryobacterium_soli	2220095	S	1304	679	1983	0.00010
Cryobacterium_arcticum	670052	S	1031	790	1821	0.00009
Frondihabitans_sp._PAMC_28766	1795630	S	2558	322	2880	0.00014
Frondihabitans_sp._762G35	1446794	S	2352	474	2826	0.00014
Microterricola_viridarii	412690	S	4689	1068	5757	0.00028
Plantibacter_sp._M259	2583822	S	851	779	1630	0.00008
Plantibacter_sp._PA-3-X8	2480625	S	845	798	1643	0.00008
Plantibacter_flavus	150123	S	1032	856	1888	0.00009
Microcella_flavibacter	1804990	S	2719	1213	3932	0.00019
Microcella_alkaliphila	279828	S	1662	268	1930	0.00010
Herbiconiux_sp._SALV-R1	2735133	S	3197	594	3791	0.00019
Cnuibacter_physcomitrellae	1619308	S	3180	641	3821	0.00019
Frigoribacterium_sp._NBH87	2596916	S	3024	826	3850	0.00019
Mycetocola_zhujimingii	2079792	S	1109	119	1228	0.00006
Mycetocola_sp._JXN-3	2116510	S	1043	143	1186	0.00006
Mycetocola_spongiae	2859226	S	829	101	930	0.00005
Subtercola_sp._AK-R2A1-2	2895559	S	1738	150	1888	0.00009
Subtercola_sp._PAMC28395	2846775	S	1105	103	1208	0.00006
Gryllotalpicola_protaetiae	2419771	S	2711	483	3194	0.00016
Chryseoglobus_sp._28M-23	2772253	S	484	1047	1531	0.00008
Chryseoglobus_indicus	2750620	S	448	1012	1460	0.00007
Amnibacterium_sp._L3-i23	2905871	S	2462	546	3008	0.00015
Humibacter_sp._WJ7-1	2599293	S	2382	481	2863	0.00014
Marisediminicola_antarctica	674079	S	2072	236	2308	0.00011
Diaminobutyricimonas_sp._LJ205	2683590	S	1912	331	2243	0.00011
Gulosibacter_sediminis	1729695	S	1854	498	2352	0.00012
Glaciihabitans_sp._INWT7	2596912	S	1531	112	1643	0.00008
Agreia_sp._COWG	2773266	S	1416	156	1572	0.00008
Aquiluna_borgnonia	2499157	S	204	21	225	0.00001
Candidatus_Aquiluna_sp._UB-MaderosW2red	1855377	S	90	6	96	0.00000
Rhodoluna_limnophila	232537	S	112	6	118	0.00001
Candidatus_Rhodoluna_planktonica	535712	S	108	5	113	0.00001
Rhodoluna_lacicola	529884	S	75	3	78	0.00000
Pseudoclavibacter_sp._Marseille-Q3772	2866588	S	348	59	407	0.00002
Aurantimicrobium_photophilum	1987356	S	123	8	131	0.00001
Aurantimicrobium_minutum	708131	S	68	15	83	0.00000
Aurantimicrobium_sp._MWH-Uga1	2079575	S	61	14	75	0.00000
Pontimonas_salivibrio	1159327	S	139	5	144	0.00001
Arthrobacter_sp._QXT-31	1357915	S	12277	3091	15368	0.00076
Arthrobacter_sp._FW305-BF8	2879617	S	5866	1459	7325	0.00036
Arthrobacter_sp._QL17	2895818	S	3416	710	4126	0.00020
Arthrobacter_sp._PGP41	2079227	S	3406	1076	4482	0.00022
Arthrobacter_sp._24S4-2	2575374	S	2802	577	3379	0.00017
Arthrobacter_sp._PM3	2017685	S	2471	376	2847	0.00014
Arthrobacter_sp._NicSoilC5	2831000	S	2445	1144	3589	0.00018
Arthrobacter_sp._NicSoilB8	2830998	S	2443	586	3029	0.00015
Arthrobacter_sp._FB24	290399	S	2423	712	3135	0.00015
Arthrobacter_sp._PAMC25564	2565366	S	2110	524	2634	0.00013
Arthrobacter_sp._NicSoilB4	2830997	S	2102	610	2712	0.00013
Arthrobacter_sp._U41	1849032	S	2064	541	2605	0.00013
Arthrobacter_sp._KBS0702	2578107	S	1906	710	2616	0.00013
Arthrobacter_sp._UKPF54-2	2600159	S	1859	737	2596	0.00013
Arthrobacter_sp._FW306-2-2C-D06B	2879618	S	1584	273	1857	0.00009
Arthrobacter_sp._PAMC25284	2861279	S	1470	342	1812	0.00009
Arthrobacter_sp._ERGS1:01	1704044	S	1469	252	1721	0.00008
Arthrobacter_sp._Helios	2828862	S	1402	203	1605	0.00008
Arthrobacter_sp._NtRootA1	2830983	S	1264	371	1635	0.00008
Arthrobacter_sp._zg-Y462	2886936	S	1050	190	1240	0.00006
Arthrobacter_sp._StoSoilB20	2830995	S	948	244	1192	0.00006
Arthrobacter_sp._StoSoilB5	2830992	S	916	244	1160	0.00006
Arthrobacter_sp._zg-Y809	2886940	S	889	284	1173	0.00006
Arthrobacter_sp._PAMC_25486	1494608	S	869	127	996	0.00005
Arthrobacter_sp._YN	2020486	S	705	292	997	0.00005
Arthrobacter_sp._D5-1	1477518	S	695	435	1130	0.00006
Arthrobacter_sp._FW306-06-A	2879621	S	444	1716	2160	0.00011
Arthrobacter_sp._C1-1	2813727	S	387	47	434	0.00002
Arthrobacter_sp._NicSoilB11	2830999	S	386	1688	2074	0.00010
Arthrobacter_sp._StoSoilB19	2830994	S	332	1663	1995	0.00010
Arthrobacter_sp._StoSoilB13	2830993	S	307	623	930	0.00005
Arthrobacter_sp._FW306-07-I	2879622	S	303	1876	2179	0.00011
Arthrobacter_sp._StoSoilA2	2830990	S	295	583	878	0.00004
Arthrobacter_sp._FW306-05-C	2879620	S	254	1483	1737	0.00009
Arthrobacter_sp._AQ5-05	2184581	S	32	532	564	0.00003
Arthrobacter_crystallopoietes	37928	S	18897	3013	21910	0.00108
Arthrobacter_agilis	37921	S	5604	736	6340	0.00031
Arthrobacter_sulfonylureivorans	2486855	S	2937	414	3351	0.00017
Arthrobacter_woluwensis	156980	S	1665	333	1998	0.00010
Arthrobacter_dokdonellae	2211210	S	1461	217	1678	0.00008
Arthrobacter_jiangjiafuii	2817475	S	1210	291	1501	0.00007
Arthrobacter_alpinus	656366	S	1054	1483	2537	0.00013
Arthrobacter_sunyaminii	2816859	S	834	246	1080	0.00005
Kocuria_rosea	1275	S	50980	13235	64215	0.00317
Kocuria_turfanensis	388357	S	5687	1584	7271	0.00036
Kocuria_flava	446860	S	4414	1843	6257	0.00031
Kocuria_palustris	71999	S	1709	584	2293	0.00011
Kocuria_rhizophila	72000	S	1327	1336	2663	0.00013
Kocuria_varians	1272	S	1087	629	1716	0.00008
Kocuria_sp._TGY1127_2	2711328	S	460	66	526	0.00003
Kocuria_sp._KD4	2719588	S	300	316	616	0.00003
Kocuria_sp._BT304	1702043	S	143	468	611	0.00003
Kocuria_indica	1049583	S	252	327	579	0.00003
Pseudarthrobacter_sp._L1SW	2851598	S	3096	1096	4192	0.00021
Pseudarthrobacter_sp._BIM_B-2242	2772401	S	2131	465	2596	0.00013
Pseudarthrobacter_sp._NIBRBAC000502772	2590775	S	1040	713	1753	0.00009
Pseudarthrobacter_sp._NBSH8	2596911	S	1032	354	1386	0.00007
Pseudarthrobacter_sp._SSS035	2931399	S	901	745	1646	0.00008
Pseudarthrobacter_sp._NIBRBAC000502770	2590785	S	453	1287	1740	0.00009
Pseudarthrobacter_sp._NIBRBAC000502771	2590774	S	403	1269	1672	0.00008
Pseudarthrobacter_chlorophenolicus	85085	S	5916	1920	7836	0.00039
Pseudarthrobacter_phenanthrenivorans	361575	S	3360	1432	4792	0.00024
Pseudarthrobacter_equi	728066	S	2170	742	2912	0.00014
Pseudarthrobacter_psychrotolerans	2697569	S	1207	435	1642	0.00008
Pseudarthrobacter_sulfonivorans	121292	S	854	827	1681	0.00008
Micrococcus_luteus	1270	S	3612	5436	9048	0.00045
Micrococcus_sp._KD337-16	2856555	S	1545	840	2385	0.00012
Micrococcus_sp._KBS0714	1179670	S	42	325	367	0.00002
Micrococcus_yunnanensis	566027	S	36	262	298	0.00001
Sinomonas_atrocyanea	37927	S	3043	901	3944	0.00019
Sinomonas_sp._R1AF57	2020377	S	2781	590	3371	0.00017
Glutamicibacter_protophormiae	37930	S	1261	657	1918	0.00009
Glutamicibacter_creatinolyticus	162496	S	1196	245	1441	0.00007
Glutamicibacter_halophytocola	1933880	S	654	107	761	0.00004
Glutamicibacter_arilaitensis	256701	S	471	154	625	0.00003
Glutamicibacter_mishrai	1775880	S	416	82	498	0.00002
Glutamicibacter_nicotianae	37929	S	339	912	1251	0.00006
Glutamicibacter_sp._ZJUTW	1155384	S	91	362	453	0.00002
Citricoccus_sp._SGAir0253	2567881	S	4969	1206	6175	0.00030
Paenarthrobacter_ureafaciens	37931	S	1168	1767	2935	0.00014
Paenarthrobacter_aurescens	43663	S	1010	541	1551	0.00008
Paenarthrobacter_sp._YJN-5	2735316	S	263	579	842	0.00004
Paenarthrobacter_sp._YJN-D	2735317	S	209	415	624	0.00003
Paenarthrobacter_nicotinovorans	29320	S	183	326	509	0.00003
Rothia_kristinae	37923	S	1725	877	2602	0.00013
Rothia_mucilaginosa	43675	S	547	90	637	0.00003
Rothia_nasimurium	85336	S	316	127	443	0.00002
Rothia_aeria	172042	S	210	76	286	0.00001
Rothia_dentocariosa	2047	S	189	77	266	0.00001
Rothia_terrae	396015	S	132	50	182	0.00001
Rothia_amarae	169480	S	76	30	106	0.00001
Rothia_sp._ZJ932	2810516	S	72	9	81	0.00000
Nesterenkonia_sp._NBAIMH1	2600320	S	1081	62	1143	0.00006
Paeniglutamicibacter_sp._Y32M11	2853258	S	614	84	698	0.00003
Psychromicrobium_lacuslunae	1618207	S	416	48	464	0.00002
Neomicrococcus_aestuarii	556325	S	366	133	499	0.00002
Auritidibacter_sp._NML130574	2170745	S	294	27	321	0.00002
Renibacterium_salmoninarum	1646	S	236	12	248	0.00001
Cellulomonas_sp._Y8	2591145	S	20388	8691	29079	0.00143
Cellulomonas_sp._H30R-01	2704467	S	8891	3472	12363	0.00061
Cellulomonas_sp._C5510	2871170	S	8034	3199	11233	0.00055
Cellulomonas_sp._zg-ZUI188	2819978	S	5836	1616	7452	0.00037
Cellulomonas_sp._JZ18	2654191	S	5800	2474	8274	0.00041
Cellulomonas_sp._zg-ZUI222	2816956	S	4946	1892	6838	0.00034
Cellulomonas_sp._zg-ZUI157	2819979	S	4694	1661	6355	0.00031
Cellulomonas_sp._EW123	2608402	S	3731	2406	6137	0.00030
Cellulomonas_sp._PSBB021	2003551	S	3474	2927	6401	0.00032
Cellulomonas_fimi	1708	S	6501	5630	12131	0.00060
Cellulomonas_iranensis	76862	S	5895	2714	8609	0.00042
Cellulomonas_shaoxiangyii	2566013	S	4988	2040	7028	0.00035
Cellulomonas_flavigena	1711	S	4627	1746	6373	0.00031
Cellulomonas_gilvus	11	S	3967	1688	5655	0.00028
Cellulomonas_taurus	2729175	S	3727	1155	4882	0.00024
Actinotalea_sp._JY-7876	2758442	S	5415	1880	7295	0.00036
Oerskovia_sp._KBS0722	1179673	S	3762	1141	4903	0.00024
Pseudactinotalea_sp._HY158	2654547	S	2805	385	3190	0.00016
Paraoerskovia_marina	545619	S	2426	601	3027	0.00015
Janibacter_melonis	262209	S	8617	2855	11472	0.00057
Janibacter_limosus	53458	S	3047	792	3839	0.00019
Janibacter_indicus	857417	S	1562	2382	3944	0.00019
Janibacter_sp._YB324	2761047	S	893	1858	2751	0.00014
Phycicoccus_sp._HDW14	2714941	S	8598	2853	11451	0.00056
Phycicoccus_endophyticus	1690220	S	5964	1754	7718	0.00038
Intrasporangium_calvum	53358	S	9875	2502	12377	0.00061
Pedococcus_dokdonensis	443156	S	7225	2121	9346	0.00046
Tetrasphaera_sp._HKS02	1813880	S	5474	1415	6889	0.00034
Arsenicicoccus_sp._oral_taxon_190	1658671	S	3994	1470	5464	0.00027
Cellulosimicrobium_cellulans	1710	S	14185	13004	27189	0.00134
Cellulosimicrobium_sp._BI34T	2587808	S	4755	1998	6753	0.00033
Cellulosimicrobium_sp._JZ28	1906273	S	837	1693	2530	0.00012
Cellulosimicrobium_sp._72-3	2731680	S	390	1506	1896	0.00009
Cellulosimicrobium_sp._TH-20	1980001	S	375	1494	1869	0.00009
Xylanimonas_protaetiae	2509457	S	3397	1476	4873	0.00024
Xylanimonas_cellulosilytica	186189	S	3110	1082	4192	0.00021
Xylanimonas_allomyrinae	2509459	S	2881	889	3770	0.00019
Isoptericola_variabilis	139208	S	4330	2178	6508	0.00032
Isoptericola_dokdonensis	372663	S	3758	1399	5157	0.00025
Ornithinimicrobium_avium	2283195	S	5528	1442	6970	0.00034
Ornithinimicrobium_flavum	1288636	S	4202	1369	5571	0.00027
Ornithinimicrobium_sp._HY006	2508882	S	3539	1241	4780	0.00024
Ornithinimicrobium_sp._INDO-MA30-4	2908651	S	596	100	696	0.00003
Ornithinimicrobium_ciconiae	2594265	S	2843	424	3267	0.00016
Ornithinimicrobium_pratense	2593973	S	2637	785	3422	0.00017
Serinicoccus_chungangensis	767452	S	3724	1252	4976	0.00025
Serinicoccus_profundi	1078471	S	3180	1120	4300	0.00021
Serinicoccus_hydrothermalis	1758689	S	3015	1385	4400	0.00022
Serinicoccus_marinus	247333	S	2628	1265	3893	0.00019
Brachybacterium_sp._P6-10-X1	1903186	S	4199	708	4907	0.00024
Brachybacterium_sp._SGAir0954	2571029	S	3229	869	4098	0.00020
Brachybacterium_sp._CBA3105	2887346	S	3101	688	3789	0.00019
Brachybacterium_ginsengisoli	1331682	S	4400	1246	5646	0.00028
Brachybacterium_faecium	43669	S	4123	1218	5341	0.00026
Brachybacterium_saurashtrense	556288	S	3997	1091	5088	0.00025
Brachybacterium_vulturis	2017484	S	3002	1096	4098	0.00020
Brachybacterium_avium	2017485	S	2712	982	3694	0.00018
Dermabacter_vaginalis	1630135	S	664	427	1091	0.00005
Dermabacter_jinjuensis	1667168	S	596	475	1071	0.00005
Devriesea_agamarum	472569	S	329	16	345	0.00002
Brevibacterium_sp._CS2	2575923	S	2431	934	3365	0.00017
Brevibacterium_sp._SMBL_HHYL_HB1	2777556	S	1101	250	1351	0.00007
Brevibacterium_sp._HY170	2898795	S	493	160	653	0.00003
Brevibacterium_sp._'Marine'	2725563	S	393	290	683	0.00003
Brevibacterium_sp._W7.2	2823518	S	304	1619	1923	0.00009
Brevibacterium_casei	33889	S	2518	1828	4346	0.00021
Brevibacterium_luteolum	199591	S	1386	532	1918	0.00009
Brevibacterium_linens	1703	S	1290	845	2135	0.00011
Brevibacterium_aurantiacum	273384	S	904	616	1520	0.00007
Brevibacterium_atlanticum	2697563	S	885	194	1079	0.00005
Brevibacterium_sandarakinum	629680	S	787	152	939	0.00005
Brevibacterium_oceani	358099	S	773	181	954	0.00005
Brevibacterium_limosum	2697565	S	616	241	857	0.00004
Brevibacterium_siliguriense	1136497	S	461	146	607	0.00003
Brevibacterium_pigmentatum	1496080	S	446	363	809	0.00004
Georgenia_yuyongxinii	2589797	S	4643	1104	5747	0.00028
Georgenia_sp._TF02-10	2917725	S	4483	1589	6072	0.00030
Georgenia_wutianyii	2585135	S	4261	1432	5693	0.00028
Georgenia_faecalis	2483799	S	3758	1013	4771	0.00024
Sanguibacter_keddieii	60920	S	13696	3814	17510	0.00086
Sanguibacter_sp._HDW7	2714931	S	3114	910	4024	0.00020
Dermacoccus_nishinomiyaensis	1274	S	2624	1098	3722	0.00018
Dermacoccus_sp._PAMC28757	2762331	S	1875	674	2549	0.00013
Luteipulveratus_mongoliensis	571913	S	3538	481	4019	0.00020
Allobranchiibius_sp._GilTou73	2904523	S	2745	586	3331	0.00016
Yimella_sp._cx-51	2770551	S	1918	370	2288	0.00011
Haloactinobacterium_kanbiaonis	2675754	S	4357	601	4958	0.00024
Ruania_sp._LR1S40	2897774	S	2300	479	2779	0.00014
Ruania_sp._M4N3S171	2897773	S	1437	215	1652	0.00008
Ruania_zhangjianzhongii	2603206	S	2513	242	2755	0.00014
Ruania_alkalisoli	2779775	S	1716	306	2022	0.00010
Beutenbergia_cavernae	84757	S	5035	805	5840	0.00029
Miniimonas_sp._S16	2171623	S	4326	2133	6459	0.00032
Pengzhenrongella_sicca	2819238	S	5333	1388	6721	0.00033
Luteimicrobium_xylanilyticum	1133546	S	3905	1130	5035	0.00025
Gephyromycinifex_aptenodytis	2716227	S	1300	145	1445	0.00007
Austwickia_chelonae	100225	S	1126	83	1209	0.00006
Dermatophilus_congolensis	1863	S	317	27	344	0.00002
Kytococcus_sedentarius	1276	S	2540	867	3407	0.00017
Demequina_sp._TMPB413	2881056	S	1095	82	1177	0.00006
Jonesia_denitrificans	43674	S	245	40	285	0.00001
Tropheryma_whipplei	2039	S	66	0	66	0.00000
Streptomyces_sp._WAC_01438	2203204	S	9433	2934	12367	0.00061
Streptomyces_sp._AMCC400023	2056258	S	9104	3413	12517	0.00062
Streptomyces_sp._SCSIO_64649	2878388	S	7041	1197	8238	0.00041
Streptomyces_sp._TN58	234612	S	6506	2679	9185	0.00045
Streptomyces_sp._P3	2135430	S	6161	1429	7590	0.00037
Streptomyces_sp._SN-593	659352	S	6119	1346	7465	0.00037
Streptomyces_sp._CB01881	2078691	S	6069	1090	7159	0.00035
Streptomyces_sp._ST1015	1848900	S	5734	1104	6838	0.00034
Streptomyces_sp._So13.3	2136173	S	5524	954	6478	0.00032
Streptomyces_sp._ZYC-3	2797636	S	5507	1012	6519	0.00032
Streptomyces_sp._CdTB01	1725411	S	5467	1443	6910	0.00034
Streptomyces_sp._MA3_2.13	2867410	S	5239	633	5872	0.00029
Streptomyces_sp._BJ20	2930049	S	5196	1934	7130	0.00035
Streptomyces_sp._NHF165	2175864	S	5179	838	6017	0.00030
Streptomyces_sp._A2-16	2781734	S	5085	1463	6548	0.00032
Streptomyces_sp._GQFP	2907545	S	5001	792	5793	0.00029
Streptomyces_sp._SirexAA-E	862751	S	4764	1293	6057	0.00030
Streptomyces_sp._BH-MK-02	2880933	S	4671	921	5592	0.00028
Streptomyces_sp._SCUT-3	2684469	S	4462	1633	6095	0.00030
Streptomyces_sp._LRE541	2931983	S	4453	933	5386	0.00027
Streptomyces_sp._Z423-1	2730915	S	4431	1194	5625	0.00028
Streptomyces_sp._MG28	2865673	S	4333	1414	5747	0.00028
Streptomyces_sp._NA02950	2742137	S	4261	781	5042	0.00025
Streptomyces_sp._SM18	1736046	S	4190	1054	5244	0.00026
Streptomyces_sp._3025	2923272	S	4143	684	4827	0.00024
Streptomyces_sp._3214.6	1882757	S	4138	1116	5254	0.00026
Streptomyces_sp._891-h	2720714	S	3931	663	4594	0.00023
Streptomyces_sp._W1SF4	2305220	S	3897	1270	5167	0.00025
Streptomyces_sp._HM190	2695266	S	3729	1086	4815	0.00024
Streptomyces_sp._GMY02	1333528	S	3685	596	4281	0.00021
Streptomyces_sp._YIM_121038	2136401	S	3650	991	4641	0.00023
Streptomyces_sp._SYP-A7193	2662065	S	3598	1925	5523	0.00027
Streptomyces_sp._C8S0	2585716	S	3591	947	4538	0.00022
Streptomyces_sp._MBT27	1488356	S	3511	932	4443	0.00022
Streptomyces_sp._RTd22	1841249	S	3494	1336	4830	0.00024
Streptomyces_sp._DSM_40868	2721173	S	3477	1163	4640	0.00023
Streptomyces_sp._JB150	2714844	S	3398	1081	4479	0.00022
Streptomyces_sp._NEAU-sy36	2751189	S	3395	1167	4562	0.00022
Streptomyces_sp._Tu_2975	2676871	S	3386	982	4368	0.00022
Streptomyces_sp._SAT1	1849967	S	3385	1153	4538	0.00022
Streptomyces_sp._NA04227	2742136	S	3375	712	4087	0.00020
Streptomyces_sp._Rer75	2750011	S	3360	1419	4779	0.00024
Streptomyces_sp._MST-110588	2833628	S	3348	747	4095	0.00020
Streptomyces_sp._Go-475	2072505	S	3328	1406	4734	0.00023
Streptomyces_sp._MG62	2838015	S	3261	1114	4375	0.00022
Streptomyces_sp._QHH-9511	2684468	S	3237	819	4056	0.00020
Streptomyces_sp._RPA4-2	2721244	S	3213	869	4082	0.00020
Streptomyces_sp._CMB-StM0423	2059884	S	3203	1389	4592	0.00023
Streptomyces_sp._WY228	2855836	S	3097	1464	4561	0.00022
Streptomyces_sp._HP-A2021	2927875	S	3092	1542	4634	0.00023
Streptomyces_sp._GS7	2692234	S	3065	765	3830	0.00019
Streptomyces_sp._Go_40/10	2825844	S	3055	1228	4283	0.00021
Streptomyces_sp._BHT-5-2	2866715	S	2958	852	3810	0.00019
Streptomyces_sp._135	2838850	S	2846	854	3700	0.00018
Streptomyces_sp._INR7	2607753	S	2738	1251	3989	0.00020
Streptomyces_sp._fd1-xmd	1812480	S	2696	1064	3760	0.00019
Streptomyces_sp._HSG2	2797167	S	2678	523	3201	0.00016
Streptomyces_sp._R527F	1664033	S	2483	12725	15208	0.00075
Streptomyces_sp._S8	1837283	S	2467	1846	4313	0.00021
Streptomyces_sp._WAC_01529	2203205	S	2441	789	3230	0.00016
Streptomyces_sp._CB09001	2083284	S	2426	1426	3852	0.00019
Streptomyces_sp._S4.7	2705439	S	2344	706	3050	0.00015
Streptomyces_sp._jing01	2726118	S	2234	1126	3360	0.00017
Streptomyces_sp._CCM_MD2014	1561022	S	1998	1594	3592	0.00018
Streptomyces_sp._YPW6	2840373	S	1977	902	2879	0.00014
Streptomyces_sp._S063	2005885	S	1959	1190	3149	0.00016
Streptomyces_sp._S1D4-11	2721246	S	1930	1260	3190	0.00016
Streptomyces_sp._WAC_06738	2203210	S	1884	1677	3561	0.00018
Streptomyces_sp._CNQ-509	444103	S	1766	1541	3307	0.00016
Streptomyces_sp._SUK_48	2582831	S	1716	950	2666	0.00013
Streptomyces_sp._ADI95-16	1522758	S	1712	1349	3061	0.00015
Streptomyces_sp._Mg1	465541	S	1652	1384	3036	0.00015
Streptomyces_sp._HNA39	2850561	S	1441	1430	2871	0.00014
Streptomyces_sp._NA02536	2742133	S	1433	3386	4819	0.00024
Streptomyces_sp._HF10	2692233	S	1426	888	2314	0.00011
Streptomyces_sp._769	1262452	S	1374	926	2300	0.00011
Streptomyces_sp._WA6-1-16	2879427	S	1289	1155	2444	0.00012
Streptomyces_sp._AgN23	1188315	S	1287	1023	2310	0.00011
Streptomyces_sp._RPA4-5	2721245	S	1244	716	1960	0.00010
Streptomyces_sp._2323.1	1938841	S	1225	667	1892	0.00009
Streptomyces_sp._WAC00303	2933779	S	1186	1515	2701	0.00013
Streptomyces_sp._3211	1964449	S	1137	1331	2468	0.00012
Streptomyces_sp._CFMR_7	1649184	S	1099	1659	2758	0.00014
Streptomyces_sp._Tue_6075	1661694	S	1047	1059	2106	0.00010
Streptomyces_sp._PAMC_26508	1265601	S	989	3425	4414	0.00022
Streptomyces_sp._NEAU-S7GS2	2202000	S	986	726	1712	0.00008
Streptomyces_sp._XC_2026	2782004	S	977	764	1741	0.00009
Streptomyces_sp._EAS-AB2608	2779671	S	961	1406	2367	0.00012
Streptomyces_sp._ID38640	1265399	S	936	608	1544	0.00008
Streptomyces_sp._CB00271	2750025	S	907	1095	2002	0.00010
Streptomyces_sp._Sge12	1972846	S	903	1299	2202	0.00011
Streptomyces_sp._PBH53	1577075	S	901	1248	2149	0.00011
Streptomyces_sp._S501	2420135	S	881	3300	4181	0.00021
Streptomyces_sp._RLB1-33	2721243	S	833	2215	3048	0.00015
Streptomyces_sp._MOE7	1961713	S	784	838	1622	0.00008
Streptomyces_sp._11-1-2	1851167	S	671	1133	1804	0.00009
Streptomyces_sp._CRSS-Y-16	2906474	S	623	3429	4052	0.00020
Streptomyces_sp._CB04723	2748873	S	572	903	1475	0.00007
Streptomyces_sp._A144	2871487	S	560	2431	2991	0.00015
Streptomyces_sp._CLI2509	1984801	S	540	1787	2327	0.00011
Streptomyces_sp._LBUM_1480	2609808	S	540	4976	5516	0.00027
Streptomyces_sp._WA1-19	2884220	S	539	2583	3122	0.00015
Streptomyces_sp._SS52	2563602	S	519	2364	2883	0.00014
Streptomyces_sp._M56	1495638	S	514	1241	1755	0.00009
Streptomyces_sp._M2	646637	S	512	2663	3175	0.00016
Streptomyces_sp._SGAir0924	2109593	S	508	2397	2905	0.00014
Streptomyces_sp._Tu6071	355249	S	460	1358	1818	0.00009
Streptomyces_sp._CB09030	2913412	S	423	1278	1701	0.00008
Streptomyces_sp._V17-9	2831149	S	407	1827	2234	0.00011
Streptomyces_sp._HU2014	2939414	S	381	1179	1560	0.00008
Streptomyces_sp._NA03103	2742134	S	379	2331	2710	0.00013
Streptomyces_sp._WAC00288	2094021	S	359	1348	1707	0.00008
Streptomyces_sp._VN1	1821625	S	352	1346	1698	0.00008
Streptomyces_sp._BSE6.1	2605730	S	350	1524	1874	0.00009
Streptomyces_sp._endophyte_N2	2153485	S	329	856	1185	0.00006
Streptomyces_sp._A1-5	2738410	S	256	1085	1341	0.00007
Streptomyces_sp._KPB2	2305221	S	248	1930	2178	0.00011
Streptomyces_sp._2114.2	1881022	S	244	1368	1612	0.00008
Streptomyces_sp._S1A1-7	2594459	S	228	2120	2348	0.00012
Streptomyces_sp._GF20	2692235	S	212	1076	1288	0.00006
Streptomyces_sp._CA-256286	2801033	S	205	1142	1347	0.00007
Streptomyces_sp._604F	1476754	S	201	1710	1911	0.00009
Streptomyces_sp._FR-008	206662	S	178	1316	1494	0.00007
Streptomyces_sp._CC0208	2306165	S	145	3569	3714	0.00018
Streptomyces_sp._NBU3104	2911367	S	144	854	998	0.00005
Streptomyces_sp._RLB3-6	2594457	S	144	4496	4640	0.00023
Streptomyces_sp._OUCMDZ-3434	1535304	S	138	1360	1498	0.00007
Streptomyces_sp._LBUM_1482	2609809	S	132	3161	3293	0.00016
Streptomyces_sp._PLM4	2929798	S	131	978	1109	0.00005
Streptomyces_sp._RLB3-17	2594455	S	122	1893	2015	0.00010
Streptomyces_sp._GBA_94-10	1218177	S	115	1385	1500	0.00007
Streptomyces_sp._LBUM_1475	2609807	S	112	3147	3259	0.00016
Streptomyces_sp._S1D4-20	2594462	S	105	2838	2943	0.00015
Streptomyces_sp._PVA_94-07	1225337	S	102	1419	1521	0.00008
Streptomyces_sp._RLB1-9	2594454	S	67	3673	3740	0.00018
Streptomyces_sp._A10(2020)	2782013	S	61	643	704	0.00003
Streptomyces_sp._S1D4-23	2594463	S	57	3034	3091	0.00015
Streptomyces_sp._S1D4-14	2594461	S	55	3570	3625	0.00018
Streptomyces_sp._SM17	565560	S	37	1375	1412	0.00007
Streptomyces_sp._ICC4	2099584	S	25	1687	1712	0.00008
Streptomyces_sp._ICC1	2099583	S	22	1283	1305	0.00006
Streptomyces_pristinaespiralis	38300	S	31173	10507	41680	0.00205
Streptomyces_venezuelae	54571	S	21093	7354	28447	0.00140
Streptomyces_qaidamensis	1783515	S	5162	1846	7008	0.00035
Streptomyces_cadmiisoli	2184053	S	4268	900	5168	0.00025
Streptomyces_aurantiacus	47760	S	3586	724	4310	0.00021
Streptomyces_alboniger	132473	S	2153	681	2834	0.00014
Streptomyces_koyangensis	188770	S	1571	1353	2924	0.00014
Streptomyces_anulatus	1892	S	4187	3746	7933	0.00039
Streptomyces_griseus	1911	S	3685	2690	6375	0.00031
Streptomyces_sp._M54	2759525	S	346	771	1117	0.00006
Streptomyces_globisporus	1908	S	3052	18384	21436	0.00106
Streptomyces_microflavus	1919	S	1378	5224	6602	0.00033
Streptomyces_hygroscopicus	1912	S	5630	7125	12755	0.00063
Streptomyces_rapamycinicus	1226757	S	3546	739	4285	0.00021
Streptomyces_violaceusniger	68280	S	1482	851	2333	0.00012
Streptomyces_yatensis	155177	S	1424	900	2324	0.00011
Streptomyces_malaysiensis	92644	S	374	993	1367	0.00007
Streptomyces_calvus	67282	S	10924	3643	14567	0.00072
Streptomyces_pratensis	1169025	S	9799	1999	11798	0.00058
Streptomyces_nigra	1827580	S	9778	3224	13002	0.00064
Streptomyces_chartreusis	1969	S	9227	3357	12584	0.00062
Streptomyces_galilaeus	33899	S	7486	2101	9587	0.00047
Streptomyces_albus	1888	S	7416	3187	10603	0.00052
Streptomyces_formicae	1616117	S	6477	1742	8219	0.00041
Streptomyces_lydicus	47763	S	6331	3692	10023	0.00049
Streptomyces_cavourensis	67258	S	6297	9842	16139	0.00080
Streptomyces_griseorubiginosus	67304	S	6049	1677	7726	0.00038
Streptomyces_bathyalis	2710756	S	6032	840	6872	0.00034
Streptomyces_viridosporus	67581	S	5933	2044	7977	0.00039
Streptomyces_aquilus	2548456	S	5870	1459	7329	0.00036
Streptomyces_lincolnensis	1915	S	5711	1388	7099	0.00035
Streptomyces_buecherae	2763006	S	5666	1210	6876	0.00034
Streptomyces_armeniacus	83291	S	5575	694	6269	0.00031
Streptomyces_tsukubensis	83656	S	5560	1262	6822	0.00034
Streptomyces_capitiformicae	2014920	S	5415	745	6160	0.00030
Streptomyces_bingchenggensis	379067	S	5408	879	6287	0.00031
Streptomyces_niveus	193462	S	5405	2045	7450	0.00037
Streptomyces_cyaneochromogenes	2496836	S	5383	1331	6714	0.00033
Streptomyces_pactum	68249	S	5245	1784	7029	0.00035
Streptomyces_spectabilis	68270	S	5118	1413	6531	0.00032
Streptomyces_seoulensis	73044	S	4971	1602	6573	0.00032
Streptomyces_ferrugineus	1413221	S	4908	1335	6243	0.00031
Streptomyces_cattleya	29303	S	4713	1157	5870	0.00029
Streptomyces_roseirectus	2768066	S	4558	930	5488	0.00027
Streptomyces_ambofaciens	1889	S	4490	2421	6911	0.00034
Streptomyces_phaeolivaceus	2653200	S	4471	1041	5512	0.00027
Streptomyces_lunaelactis	1535768	S	4437	783	5220	0.00026
Streptomyces_prasinus	67345	S	4398	1208	5606	0.00028
Streptomyces_tendae	1932	S	4397	1529	5926	0.00029
Streptomyces_durmitorensis	319947	S	4389	791	5180	0.00026
Streptomyces_harbinensis	1176198	S	4342	1013	5355	0.00026
Streptomyces_xinghaiensis	1038928	S	4273	1088	5361	0.00026
Streptomyces_peucetius	1950	S	4240	973	5213	0.00026
Streptomyces_xanthii	2768069	S	4239	1075	5314	0.00026
Streptomyces_deccanensis	424188	S	4177	1477	5654	0.00028
Streptomyces_asoensis	249586	S	4114	1029	5143	0.00025
Streptomyces_davaonensis	348043	S	4106	962	5068	0.00025
Streptomyces_genisteinicus	2768068	S	4052	1072	5124	0.00025
Streptomyces_rimosus	1927	S	4009	3976	7985	0.00039
Streptomyces_vietnamensis	362257	S	3999	1130	5129	0.00025
Streptomyces_griseoviridis	45398	S	3871	1045	4916	0.00024
Streptomyces_albulus	68570	S	3805	977	4782	0.00024
Streptomyces_liangshanensis	2717324	S	3779	796	4575	0.00023
Streptomyces_globosus	68209	S	3664	1124	4788	0.00024
Streptomyces_alboflavus	67267	S	3604	843	4447	0.00022
Streptomyces_actuosus	1885	S	3590	1277	4867	0.00024
Streptomyces_clavuligerus	1901	S	3585	715	4300	0.00021
Streptomyces_dengpaensis	2049881	S	3541	820	4361	0.00021
Streptomyces_atratus	1893	S	3517	595	4112	0.00020
Streptomyces_avermitilis	33903	S	3515	847	4362	0.00022
Streptomyces_aureoverticillatus	66871	S	3510	801	4311	0.00021
Streptomyces_rectiverticillatus	173860	S	3504	944	4448	0.00022
Streptomyces_antibioticus	1890	S	3498	1044	4542	0.00022
Streptomyces_griseocarneus	51201	S	3475	1020	4495	0.00022
Streptomyces_griseochromogenes	68214	S	3462	808	4270	0.00021
Streptomyces_olivoreticuli	68246	S	3457	823	4280	0.00021
Streptomyces_paludis	2282738	S	3448	628	4076	0.00020
Streptomyces_luteoverticillatus	66425	S	3432	953	4385	0.00022
Streptomyces_parvulus	146923	S	3398	1262	4660	0.00023
Streptomyces_ficellus	1977088	S	3386	1016	4402	0.00022
Streptomyces_lavendulae	1914	S	3346	981	4327	0.00021
Streptomyces_exfoliatus	1905	S	3257	939	4196	0.00021
Streptomyces_nitrosporeus	28894	S	3233	763	3996	0.00020
Streptomyces_subrutilus	36818	S	3170	986	4156	0.00020
Streptomyces_glaucescens	1907	S	3107	1126	4233	0.00021
Streptomyces_broussonetiae	2686304	S	3098	787	3885	0.00019
Streptomyces_collinus	42684	S	3067	1792	4859	0.00024
Streptomyces_vinaceus	1960	S	3061	920	3981	0.00020
Streptomyces_finlayi	67296	S	3031	573	3604	0.00018
Streptomyces_gardneri	66892	S	3024	1041	4065	0.00020
Streptomyces_hawaiiensis	67305	S	3022	1120	4142	0.00020
Streptomyces_katrae	68223	S	2998	948	3946	0.00019
Streptomyces_chromofuscus	42881	S	2942	952	3894	0.00019
Streptomyces_coeruleorubidus	116188	S	2918	1188	4106	0.00020
Streptomyces_nodosus	40318	S	2909	613	3522	0.00017
Streptomyces_hundungensis	1077946	S	2904	752	3656	0.00018
Streptomyces_roseochromogenus	285450	S	2777	730	3507	0.00017
Streptomyces_tuirus	68278	S	2741	1166	3907	0.00019
Streptomyces_dangxiongensis	1442032	S	2678	782	3460	0.00017
Streptomyces_tirandamycinicus	2174846	S	2661	747	3408	0.00017
Streptomyces_incarnatus	665007	S	2659	682	3341	0.00016
Streptomyces_kanamyceticus	1967	S	2651	760	3411	0.00017
Streptomyces_fodineus	1904616	S	2633	784	3417	0.00017
Streptomyces_inhibens	2293571	S	2538	649	3187	0.00016
Streptomyces_spongiicola	1690221	S	2502	839	3341	0.00016
Streptomyces_gilvosporeus	553510	S	2485	658	3143	0.00015
Streptomyces_mobaraensis	35621	S	2466	84322	86788	0.00428
Streptomyces_qinzhouensis	2599401	S	2466	491	2957	0.00015
Streptomyces_rutgersensis	53451	S	2430	992	3422	0.00017
Streptomyces_fagopyri	2662397	S	2384	685	3069	0.00015
Streptomyces_pluripotens	1355015	S	2365	451	2816	0.00014
Streptomyces_cyanogenus	80860	S	2363	882	3245	0.00016
Streptomyces_nojiriensis	66374	S	2347	854	3201	0.00016
Streptomyces_huasconensis	1854574	S	2311	762	3073	0.00015
Streptomyces_angustmyceticus	285578	S	2305	793	3098	0.00015
Streptomyces_gobiensis	2875706	S	2249	350	2599	0.00013
Streptomyces_leeuwenhoekii	1437453	S	1840	1097	2937	0.00014
Streptomyces_cyaneogriseus	68192	S	1571	1039	2610	0.00013
Streptomyces_fungicidicus	68203	S	1288	3275	4563	0.00022
Streptomyces_decoyicus	249567	S	1288	614	1902	0.00009
Streptomyces_lydicamycinicus	1546107	S	1205	620	1825	0.00009
Streptomyces_auratus	114687	S	1132	646	1778	0.00009
Streptomyces_antimycoticus	68175	S	1125	1007	2132	0.00011
Streptomyces_xiamenensis	408015	S	986	737	1723	0.00008
Streptomyces_platensis	58346	S	972	625	1597	0.00008
Streptomyces_albidoflavus	1886	S	467	6127	6594	0.00033
Streptomyces_coelicolor	1902	S	314	2453	2767	0.00014
Streptomyces_sampsonii	42239	S	179	1264	1443	0.00007
Streptomyces_filamentosus	67294	S	857	926	1783	0.00009
Streptomyces_californicus	67351	S	809	2300	3109	0.00015
Streptomyces_olivaceus	47716	S	742	2394	3136	0.00015
Streptomyces_alfalfae	1642299	S	698	3489	4187	0.00021
Streptomyces_mirabilis	68239	S	450	2383	2833	0.00014
Streptomyces_fradiae	1906	S	424	5774	6198	0.00031
Streptomyces_griseofuscus	146922	S	365	1444	1809	0.00009
Streptomyces_scabiei	1930	S	356	2786	3142	0.00015
Streptomyces_murinus	33900	S	338	843	1181	0.00006
Streptomyces_autolyticus	75293	S	326	974	1300	0.00006
Streptomyces_albireticuli	1940	S	273	1017	1290	0.00006
Streptomyces_noursei	1971	S	262	911	1173	0.00006
Streptomyces_lividans	1916	S	255	2654	2909	0.00014
Streptomyces_cinereoruber	67260	S	239	1103	1342	0.00007
Streptomyces_violaceoruber	1935	S	204	787	991	0.00005
Streptomyces_rubrolavendulae	285473	S	202	1291	1493	0.00007
Streptomyces_rochei	1928	S	121	801	922	0.00005
Streptomyces_violascens	67381	S	11	951	962	0.00005
Kitasatospora_sp._MMS16-BH015	2018025	S	4279	1199	5478	0.00027
Kitasatospora_sp._NA04385	2742135	S	3649	1767	5416	0.00027
Kitasatospora_setae	2066	S	3729	1756	5485	0.00027
Kitasatospora_aureofaciens	1894	S	3014	1059	4073	0.00020
Kitasatospora_albolonga	68173	S	1197	737	1934	0.00010
Streptacidiphilus_sp._P02-A3a	2704468	S	4050	1114	5164	0.00025
Streptacidiphilus_sp._PB12-B1b	2705012	S	3614	1270	4884	0.00024
Streptacidiphilus_bronchialis	2126346	S	3450	958	4408	0.00022
Yinghuangia_sp._ASG_101	2896848	S	5593	816	6409	0.00032
Mycolicibacterium_gadium	1794	S	9502	1164	10666	0.00053
Mycolicibacterium_sp._YH-1	2908837	S	5194	1786	6980	0.00034
Mycolicibacterium_litorale	758802	S	6314	1582	7896	0.00039
Mycolicibacterium_neoaurum	1795	S	5842	1188	7030	0.00035
Mycolicibacterium_rhodesiae	36814	S	5656	840	6496	0.00032
Mycolicibacterium_gilvum	1804	S	5291	1791	7082	0.00035
Mycolicibacterium_pulveris	36813	S	4933	743	5676	0.00028
Mycolicibacterium_moriokaense	39691	S	4698	513	5211	0.00026
Mycolicibacterium_rutilum	370526	S	4600	1234	5834	0.00029
Mycolicibacterium_smegmatis	1772	S	4589	2052	6641	0.00033
Mycolicibacterium_chitae	1792	S	4176	892	5068	0.00025
Mycolicibacterium_thermoresistibile	1797	S	4014	809	4823	0.00024
Mycolicibacterium_phlei	1771	S	3962	1206	5168	0.00025
Mycolicibacterium_celeriflavum	1249101	S	3956	693	4649	0.00023
Mycolicibacterium_arabiense	1286181	S	3756	512	4268	0.00021
Mycolicibacterium_sediminis	1286180	S	3570	579	4149	0.00020
Mycolicibacterium_hassiacum	46351	S	3532	864	4396	0.00022
Mycolicibacterium_madagascariense	212765	S	3513	473	3986	0.00020
Mycolicibacterium_mageritense	53462	S	3512	539	4051	0.00020
Mycolicibacterium_vaccae	1810	S	3408	606	4014	0.00020
Mycolicibacterium_parafortuitum	39692	S	3397	609	4006	0.00020
Mycolicibacterium_chubuense	1800	S	3312	671	3983	0.00020
Mycolicibacterium_fortuitum	1766	S	3255	1075	4330	0.00021
Mycolicibacterium_tokaiense	39695	S	3222	452	3674	0.00018
Mycolicibacterium_monacense	85693	S	3216	1167	4383	0.00022
Mycolicibacterium_duvalii	39688	S	3071	546	3617	0.00018
Mycolicibacterium_psychrotolerans	216929	S	3051	618	3669	0.00018
Mycolicibacterium_poriferae	39694	S	2950	562	3512	0.00017
Mycolicibacterium_fluoranthenivorans	258505	S	2803	325	3128	0.00015
Mycolicibacterium_confluentis	28047	S	2753	371	3124	0.00015
Mycolicibacterium_aurum	1791	S	2733	317	3050	0.00015
Mycolicibacterium_baixiangningiae	2761578	S	2660	389	3049	0.00015
Mycolicibacterium_phocaicum	319706	S	2559	1257	3816	0.00019
Mycolicibacterium_fallax	1793	S	2468	881	3349	0.00017
Mycolicibacterium_boenickei	146017	S	2367	3087	5454	0.00027
Mycolicibacterium_mengxianglii	2736649	S	2309	218	2527	0.00012
Mycolicibacterium_insubricum	444597	S	2158	543	2701	0.00013
Mycolicibacterium_anyangense	1431246	S	2148	313	2461	0.00012
Mycolicibacterium_aichiense	1799	S	2092	322	2414	0.00012
Mycolicibacterium_austroafricanum	39687	S	2071	7974	10045	0.00050
Mycolicibacterium_helvum	1534349	S	1943	209	2152	0.00011
Mycobacterium_doricum	126673	S	1931	403	2334	0.00012
Mycolicibacterium_alvei	67081	S	1827	459	2286	0.00011
Mycolicibacterium_mucogenicum	56689	S	1567	600	2167	0.00011
Mycolicibacterium_sarraceniae	1534348	S	1511	176	1687	0.00008
Mycolicibacterium_septicum	98668	S	1341	876	2217	0.00011
Mycolicibacterium_farcinogenes	1802	S	793	2481	3274	0.00016
Mycolicibacterium_vanbaalenii	110539	S	429	6273	6702	0.00033
Mycolicibacterium_nivoides	2487344	S	338	1571	1909	0.00009
Mycobacterium_sp._JS623	212767	S	5324	392	5716	0.00028
Mycobacterium_sp._IDR2000157661	2867005	S	3439	561	4000	0.00020
Mycobacterium_sp._YC-RL4	1682113	S	3363	1094	4457	0.00022
Mycobacterium_sp._MS1601	1936029	S	2231	280	2511	0.00012
Mycobacterium_sp._DL592	2675524	S	2114	307	2421	0.00012
Mycobacterium_sp._EPa45	1545728	S	1958	298	2256	0.00011
Mycobacterium_sp._DL440	2675523	S	1730	353	2083	0.00010
Mycobacterium_sp._TY59	2775496	S	1577	247	1824	0.00009
Mycobacterium_sp._WY10	1920667	S	280	816	1096	0.00005
Mycobacterium_sp._PYR15	2051552	S	95	807	902	0.00004
Mycobacterium_sp._20KCMC460	2903536	S	71	1599	1670	0.00008
Mycobacterium_sp._MOTT36Y	1168287	S	38	483	521	0.00003
Mycobacterium_sp._IWGMT90018-18076	2871094	S	17	695	712	0.00004
Mycobacterium_saskatchewanense	220927	S	2408	450	2858	0.00014
Mycobacterium_parmense	185642	S	2371	413	2784	0.00014
Mycobacterium_kubicae	120959	S	2031	314	2345	0.00012
Mycobacterium_shigaense	722731	S	1784	238	2022	0.00010
Mycobacterium_simiae	1784	S	1692	134	1826	0.00009
Mycobacterium_florentinum	292462	S	1622	351	1973	0.00010
Mycobacterium_stomatepiae	470076	S	1534	298	1832	0.00009
Mycobacterium_lentiflavum	141349	S	1518	349	1867	0.00009
Mycobacterium_heidelbergense	53376	S	1504	332	1836	0.00009
Mycobacterium_avium	1764	S	3680	2739	6419	0.00032
Mycobacterium_mantenii	560555	S	1818	202	2020	0.00010
Mycobacterium_colombiense	339268	S	1779	278	2057	0.00010
Mycobacterium_intracellulare	1767	S	1693	14134	15827	0.00078
Mycobacterium_marseillense	701042	S	1337	287	1624	0.00008
Mycobacterium_paraintracellulare	1138383	S	403	2566	2969	0.00015
Mycobacterium_diernhoferi	1801	S	5697	1007	6704	0.00033
Mycobacterium_frederiksbergense	117567	S	4952	1381	6333	0.00031
Mycobacterium_holsaticum	152142	S	4781	663	5444	0.00027
Mycobacterium_grossiae	1552759	S	3617	959	4576	0.00023
Mycobacterium_rufum	318424	S	3388	893	4281	0.00021
Mycobacterium_dioxanotrophicus	482462	S	2913	638	3551	0.00018
Mycobacterium_goodii	134601	S	2609	853	3462	0.00017
Mycobacterium_conspicuum	44010	S	2389	261	2650	0.00013
Mycobacterium_canettii	78331	S	774	503	1277	0.00006
Mycobacterium_tuberculosis	1773	S	477	7378	7855	0.00039
Mycobacterium_branderi	43348	S	2279	245	2524	0.00012
Mycobacterium_paragordonae	1389713	S	2227	243	2470	0.00012
Mycobacterium_cookii	1775	S	2017	176	2193	0.00011
Mycobacterium_gordonae	1778	S	1847	138	1985	0.00010
Mycobacterium_paraterrae	577492	S	1790	174	1964	0.00010
Mycobacterium_koreense	1069220	S	1742	460	2202	0.00011
Mycobacterium_heckeshornense	110505	S	1588	109	1697	0.00008
Mycobacterium_virginiense	1795032	S	1556	375	1931	0.00010
Mycobacterium_vicinigordonae	1719132	S	1554	73	1627	0.00008
Mycobacterium_riyadhense	486698	S	1535	57	1592	0.00008
Mycobacterium_noviomagense	459858	S	1494	103	1597	0.00008
Mycobacterium_shinjukuense	398694	S	1442	124	1566	0.00008
Mycobacterium_kansasii	1768	S	1423	129	1552	0.00008
Mycobacterium_paraseoulense	590652	S	1407	265	1672	0.00008
Mycobacterium_lacus	169765	S	1375	89	1464	0.00007
Mycobacterium_xenopi	1789	S	1359	143	1502	0.00007
Mycobacterium_malmoense	1780	S	1334	191	1525	0.00008
Mycobacterium_seoulense	386911	S	1314	287	1601	0.00008
Mycobacterium_ostraviense	2738409	S	1239	116	1355	0.00007
Mycobacterium_spongiae	886343	S	1165	27	1192	0.00006
Mycobacterium_basiliense	2094119	S	1129	35	1164	0.00006
Mycobacterium_crocinum	388459	S	860	458	1318	0.00007
Mycobacterium_haemophilum	29311	S	712	31	743	0.00004
Mycobacterium_marinum	1781	S	403	1633	2036	0.00010
Mycobacterium_senegalense	1796	S	299	1520	1819	0.00009
Mycobacterium_novum	2492438	S	208	2645	2853	0.00014
Mycobacterium_lepromatosis	480418	S	205	4	209	0.00001
Mycobacterium_leprae	1769	S	172	4	176	0.00001
Mycobacterium_ulcerans	1809	S	146	729	875	0.00004
Mycobacterium_shottsii	133549	S	82	146	228	0.00001
Mycobacterium_pallens	370524	S	75	703	778	0.00004
Mycobacterium_pseudoshottsii	265949	S	38	235	273	0.00001
Mycolicibacter_sp._MYC340	2855503	S	1345	334	1679	0.00008
Mycolicibacter_sp._MYC098	2872309	S	1207	299	1506	0.00007
Mycolicibacter_sp._MYC017	2875777	S	782	644	1426	0.00007
Mycolicibacter_sp._MYC123	2855502	S	211	945	1156	0.00006
Mycolicibacter_sp._MYC101	2872311	S	188	825	1013	0.00005
Mycolicibacter_hiberniae	29314	S	1595	323	1918	0.00009
Mycolicibacter_terrae	1788	S	1560	471	2031	0.00010
Mycolicibacter_minnesotensis	1118379	S	1231	203	1434	0.00007
Mycolicibacter_sinensis	875328	S	254	2644	2898	0.00014
Mycobacteroides_abscessus	36809	S	2152	2993	5145	0.00025
Mycobacteroides_chelonae	1774	S	1585	1184	2769	0.00014
Mycobacteroides_immunogenum	83262	S	937	166	1103	0.00005
Mycobacteroides_saopaulense	1578165	S	921	101	1022	0.00005
Mycobacteroides_salmoniphilum	404941	S	742	64	806	0.00004
[Mycobacterium]_stephanolepidis	1520670	S	383	78	461	0.00002
Mycolicibacillus_parakoreensis	1069221	S	1956	514	2470	0.00012
Hoyosella_subflava	639313	S	871	42	913	0.00005
Rhodococcus_sp._PBTS_1	1653478	S	5052	1233	6285	0.00031
Rhodococcus_sp._MTM3W5.2	1805827	S	4409	994	5403	0.00027
Rhodococcus_sp._X156	2499145	S	3799	1218	5017	0.00025
Rhodococcus_sp._USK13	2806442	S	3372	1817	5189	0.00026
Rhodococcus_sp._SGAir0479	2567884	S	2683	736	3419	0.00017
Rhodococcus_sp._W8901	2742603	S	2626	646	3272	0.00016
Rhodococcus_sp._WAY2	2663121	S	1970	1321	3291	0.00016
Rhodococcus_sp._R79	2811421	S	1588	820	2408	0.00012
Rhodococcus_sp._ABRD24	2507582	S	1542	252	1794	0.00009
Rhodococcus_sp._P1Y	1302308	S	1464	124	1588	0.00008
Rhodococcus_sp._USK10	2789739	S	1285	700	1985	0.00010
Rhodococcus_sp._B7740	1564114	S	1275	162	1437	0.00007
Rhodococcus_sp._WMMA185	679318	S	1072	126	1198	0.00006
Rhodococcus_sp._RDE2	2885078	S	1050	924	1974	0.00010
Rhodococcus_sp._ZPP	2749906	S	573	1186	1759	0.00009
Rhodococcus_sp._WB9	2594007	S	495	604	1099	0.00005
Rhodococcus_sp._M8	1925550	S	463	1288	1751	0.00009
Rhodococcus_sp._S2-17	1990687	S	444	960	1404	0.00007
Rhodococcus_sp._DMU1	2722825	S	410	1382	1792	0.00009
Rhodococcus_sp._P-2	2795031	S	179	197	376	0.00002
Rhodococcus_sp._21391	2683591	S	179	750	929	0.00005
Rhodococcus_sp._2G	1570939	S	163	600	763	0.00004
Rhodococcus_sp._WB1	1033922	S	159	1226	1385	0.00007
Rhodococcus_sp._p52	935199	S	121	588	709	0.00003
Rhodococcus_sp._DMF-1	2907624	S	114	820	934	0.00005
Rhodococcus_sp._NJ-530	2490853	S	90	454	544	0.00003
Rhodococcus_sp._LW-XY12	2856851	S	87	704	791	0.00004
Rhodococcus_sp._YL-1	1045808	S	81	313	394	0.00002
Rhodococcus_sp._008	1723645	S	78	425	503	0.00002
Rhodococcus_sp._PSBB049	2812863	S	74	968	1042	0.00005
Rhodococcus_sp._AQ5-07	2054902	S	68	209	277	0.00001
Rhodococcus_sp._BH4	1807790	S	45	260	305	0.00002
Rhodococcus_sp._H-CA8f	1727214	S	42	162	204	0.00001
Rhodococcus_sp._C1	644410	S	32	334	366	0.00002
Rhodococcus_opacus	37919	S	8006	7445	15451	0.00076
Rhodococcus_fascians	1828	S	4833	1039	5872	0.00029
Rhodococcus_equi	43767	S	4290	1476	5766	0.00028
Rhodococcus_rhodochrous	1829	S	3852	2054	5906	0.00029
Rhodococcus_triatomae	300028	S	1944	545	2489	0.00012
Rhodococcus_koreensis	99653	S	1918	524	2442	0.00012
Rhodococcus_coprophilus	38310	S	1774	290	2064	0.00010
Rhodococcus_ruber	1830	S	1607	4717	6324	0.00031
Rhodococcus_qingshengii	334542	S	792	3781	4573	0.00023
Rhodococcus_erythropolis	1833	S	623	2464	3087	0.00015
Rhodococcus_pyridinivorans	103816	S	1465	5155	6620	0.00033
Rhodococcus_jostii	132919	S	1465	554	2019	0.00010
Rhodococcus_globerulus	33008	S	1041	107	1148	0.00006
Rhodococcus_aetherivorans	191292	S	400	3351	3751	0.00018
Nocardia_asteroides	1824	S	14790	4930	19720	0.00097
Nocardia_brasiliensis	37326	S	7402	1969	9371	0.00046
Nocardia_cyriacigeorgica	135487	S	5413	2275	7688	0.00038
Nocardia_terpenica	455432	S	4952	848	5800	0.00029
Nocardia_farcinica	37329	S	4256	2553	6809	0.00034
Nocardia_wallacei	480035	S	3067	872	3939	0.00019
Nocardia_arthritidis	228602	S	3010	366	3376	0.00017
Nocardia_huaxiensis	2755382	S	2845	543	3388	0.00017
Nocardia_mangyaensis	2213200	S	2800	731	3531	0.00017
Nocardia_gipuzkoensis	2749991	S	2757	1029	3786	0.00019
Nocardia_sp._CS682	1047172	S	2668	641	3309	0.00016
Nocardia_nova	37330	S	2647	358	3005	0.00015
Nocardia_otitidiscaviarum	1823	S	2630	502	3132	0.00015
Nocardia_yamanashiensis	209247	S	2600	505	3105	0.00015
Nocardia_tengchongensis	2055889	S	2563	633	3196	0.00016
Nocardia_yunnanensis	2382165	S	2551	626	3177	0.00016
Nocardia_seriolae	37332	S	2410	644	3054	0.00015
Nocardia_iowensis	204891	S	2383	515	2898	0.00014
Corynebacterium_cyclohexanicum	322009	S	2243	772	3015	0.00015
Corynebacterium_xerosis	1725	S	1734	812	2546	0.00013
Corynebacterium_frankenforstense	1230998	S	1733	435	2168	0.00011
Corynebacterium_sphenisci	191493	S	1677	423	2100	0.00010
Corynebacterium_bovis	36808	S	1557	294	1851	0.00009
Corynebacterium_halotolerans	225326	S	1346	264	1610	0.00008
Corynebacterium_freneyi	134034	S	1183	398	1581	0.00008
Corynebacterium_nuruki	1032851	S	1128	220	1348	0.00007
Corynebacterium_maris	575200	S	1102	148	1250	0.00006
Corynebacterium_sp._CNCTC7651	2815361	S	538	85	623	0.00003
Corynebacterium_sp._NML98-0116	702967	S	309	89	398	0.00002
Corynebacterium_sp._1864	2820399	S	86	166	252	0.00001
Corynebacterium_sp._FDAARGOS_1242	2778078	S	81	188	269	0.00001
Corynebacterium_sp._4H37-19	2684405	S	57	4	61	0.00000
Corynebacterium_sp._sy039	2599641	S	23	2	25	0.00000
Corynebacterium_humireducens	1223514	S	1086	267	1353	0.00007
Corynebacterium_vitaeruminis	38305	S	971	239	1210	0.00006
Corynebacterium_variabile	1727	S	903	441	1344	0.00007
Corynebacterium_timonense	441500	S	874	175	1049	0.00005
Corynebacterium_marinum	349751	S	848	279	1127	0.00006
Corynebacterium_doosanense	1121358	S	814	326	1140	0.00006
Corynebacterium_comes	2675218	S	800	170	970	0.00005
Corynebacterium_mycetoides	38302	S	757	314	1071	0.00005
Corynebacterium_yudongzhengii	2080740	S	743	118	861	0.00004
Corynebacterium_liangguodongii	2079535	S	717	133	850	0.00004
Corynebacterium_provencense	1737425	S	685	125	810	0.00004
Corynebacterium_uterequi	1072256	S	684	94	778	0.00004
Corynebacterium_sanguinis	2594913	S	651	379	1030	0.00005
Corynebacterium_glyciniphilum	1404244	S	650	66	716	0.00004
Corynebacterium_terpenotabidum	89154	S	633	148	781	0.00004
Corynebacterium_atypicum	191610	S	630	158	788	0.00004
Corynebacterium_efficiens	152794	S	598	92	690	0.00003
Corynebacterium_jeikeium	38289	S	593	1322	1915	0.00009
Corynebacterium_urealyticum	43771	S	586	463	1049	0.00005
Corynebacterium_imitans	156978	S	568	272	840	0.00004
Corynebacterium_ureicelerivorans	401472	S	538	150	688	0.00003
Corynebacterium_falsenii	108486	S	519	184	703	0.00003
Corynebacterium_lujinxingii	2763010	S	515	148	663	0.00003
Corynebacterium_qintianiae	2709392	S	488	116	604	0.00003
Corynebacterium_uberis	2883169	S	483	48	531	0.00003
Corynebacterium_glaucum	187491	S	447	79	526	0.00003
Corynebacterium_occultum	2675219	S	440	62	502	0.00002
Corynebacterium_testudinoris	136857	S	426	72	498	0.00002
Corynebacterium_genitalium	38288	S	416	77	493	0.00002
Corynebacterium_kroppenstedtii	161879	S	399	33	432	0.00002
Corynebacterium_striatum	43770	S	398	284	682	0.00003
Corynebacterium_tuberculostearicum	38304	S	391	201	592	0.00003
Corynebacterium_coyleae	53374	S	378	82	460	0.00002
Corynebacterium_aurimucosum	169292	S	376	146	522	0.00003
Corynebacterium_riegelii	156976	S	364	80	444	0.00002
Corynebacterium_incognita	2754725	S	355	68	423	0.00002
Corynebacterium_glucuronolyticum	39791	S	355	67	422	0.00002
Corynebacterium_lactis	1231000	S	324	43	367	0.00002
Corynebacterium_matruchotii	43768	S	312	18	330	0.00002
Corynebacterium_renale	1724	S	301	28	329	0.00002
Corynebacterium_aquilae	203263	S	295	36	331	0.00002
Corynebacterium_zhongnanshanii	2768834	S	288	32	320	0.00002
Corynebacterium_casei	160386	S	287	296	583	0.00003
Corynebacterium_endometrii	2488819	S	285	44	329	0.00002
Corynebacterium_flavescens	28028	S	274	63	337	0.00002
Corynebacterium_kalinowskii	2675216	S	257	97	354	0.00002
Corynebacterium_simulans	146827	S	233	157	390	0.00002
Corynebacterium_lizhenjunii	2709394	S	233	31	264	0.00001
Corynebacterium_urogenitale	2487892	S	225	34	259	0.00001
Corynebacterium_epidermidicanis	1050174	S	220	31	251	0.00001
Corynebacterium_camporealensis	161896	S	217	46	263	0.00001
Corynebacterium_cystitidis	35757	S	204	10	214	0.00001
Corynebacterium_minutissimum	38301	S	190	172	362	0.00002
Corynebacterium_singulare	161899	S	183	127	310	0.00002
Corynebacterium_propinquum	43769	S	175	63	238	0.00001
Corynebacterium_gerontici	2079234	S	173	29	202	0.00001
Corynebacterium_phocae	161895	S	163	17	180	0.00001
Corynebacterium_argentoratense	42817	S	158	28	186	0.00001
Corynebacterium_deserti	1408191	S	156	49	205	0.00001
Corynebacterium_diphtheriae	1717	S	155	181	336	0.00002
Corynebacterium_macginleyi	38290	S	155	31	186	0.00001
Corynebacterium_stationis	1705	S	150	33	183	0.00001
Corynebacterium_choanae	1862358	S	133	10	143	0.00001
Corynebacterium_glutamicum	1718	S	132	1715	1847	0.00009
Corynebacterium_resistens	258224	S	127	62	189	0.00001
Corynebacterium_pelargi	1471400	S	125	37	162	0.00001
Corynebacterium_kefirresidentii	1979527	S	118	68	186	0.00001
Corynebacterium_pseudodiphtheriticum	37637	S	116	33	149	0.00001
Corynebacterium_ulcerans	65058	S	115	56	171	0.00001
Corynebacterium_ammoniagenes	1697	S	97	18	115	0.00001
Corynebacterium_pseudopelargi	2080757	S	93	29	122	0.00001
Corynebacterium_mustelae	571915	S	87	5	92	0.00000
Corynebacterium_hindlerae	699041	S	81	149	230	0.00001
Corynebacterium_suranareeae	2506452	S	78	20	98	0.00000
Corynebacterium_anserum	2684406	S	76	7	83	0.00000
Corynebacterium_rouxii	2719119	S	76	41	117	0.00001
Corynebacterium_segmentosum	43990	S	76	171	247	0.00001
Corynebacterium_pseudotuberculosis	1719	S	75	14	89	0.00000
Corynebacterium_silvaticum	2320431	S	70	26	96	0.00000
Corynebacterium_amycolatum	43765	S	69	474	543	0.00003
Corynebacterium_crudilactis	1652495	S	65	58	123	0.00001
Corynebacterium_callunae	1721	S	64	18	82	0.00000
Corynebacterium_accolens	38284	S	64	144	208	0.00001
Corynebacterium_kutscheri	35755	S	20	2	22	0.00000
Gordonia_sp._KTR9	337191	S	2427	453	2880	0.00014
Gordonia_sp._PP30	2935861	S	2129	541	2670	0.00013
Gordonia_sp._YC-JH1	2059875	S	1673	1121	2794	0.00014
Gordonia_sp._PDNC005	2811424	S	1403	189	1592	0.00008
Gordonia_sp._WA4-43	2878678	S	301	919	1220	0.00006
Gordonia_sp._JH63	2698900	S	285	816	1101	0.00005
Gordonia_sp._135	2676309	S	147	858	1005	0.00005
Gordonia_sp._1D	1737359	S	47	616	663	0.00003
Gordonia_terrae	2055	S	7541	3858	11399	0.00056
Gordonia_polyisoprenivorans	84595	S	3661	667	4328	0.00021
Gordonia_insulae	2420509	S	2228	290	2518	0.00012
Gordonia_phthalatica	1136941	S	1997	734	2731	0.00013
Gordonia_bronchialis	2054	S	1943	425	2368	0.00012
Gordonia_jinghuaiqii	2758710	S	1883	337	2220	0.00011
Gordonia_amarae	36821	S	1855	344	2199	0.00011
Gordonia_iterans	1004901	S	1718	544	2262	0.00011
Gordonia_rubripertincta	36822	S	1659	886	2545	0.00013
Gordonia_pseudoamarae	2831662	S	1527	266	1793	0.00009
Gordonia_otitidis	249058	S	1421	216	1637	0.00008
Gordonia_zhaorongruii	2597659	S	1201	197	1398	0.00007
Gordonia_alkanivorans	84096	S	416	1345	1761	0.00009
Gordonia_amicalis	89053	S	322	2037	2359	0.00012
Gordonia_hongkongensis	1701090	S	251	686	937	0.00005
Skermania_piniformis	39122	S	1936	222	2158	0.00011
Tsukamurella_paurometabola	2061	S	3640	1710	5350	0.00026
Tsukamurella_tyrosinosolvens	57704	S	3160	1341	4501	0.00022
Tsukamurella_pulmonis	47312	S	2249	765	3014	0.00015
Tsukamurella_sp._PLM1	2929795	S	2158	670	2828	0.00014
Dietzia_sp._oral_taxon_368	712270	S	1483	2869	4352	0.00021
Dietzia_psychralcaliphila	139021	S	2342	632	2974	0.00015
Dietzia_lutea	546160	S	1572	852	2424	0.00012
Dietzia_timorensis	499555	S	1127	610	1737	0.00009
Tomitella_gaofuii	2760083	S	2081	640	2721	0.00013
Tomitella_fengzijianii	2597660	S	1926	638	2564	0.00013
Segniliparus_rotundus	286802	S	1077	56	1133	0.00006
Lawsonella_clevelandensis	1528099	S	213	22	235	0.00001
Nocardioides_sp._zg-1228	2763008	S	24139	11054	35193	0.00173
Nocardioides_sp._S5	2017486	S	21857	11645	33502	0.00165
Nocardioides_sp._G188	2849501	S	17588	5529	23117	0.00114
Nocardioides_sp._LMS-CY	2840457	S	15749	5384	21133	0.00104
Nocardioides_sp._JS614	196162	S	15118	4696	19814	0.00098
Nocardioides_sp._HDW12B	2714939	S	14150	4743	18893	0.00093
Nocardioides_sp._SCSIO_67246	2872154	S	12585	3433	16018	0.00079
Nocardioides_sp._W7	2931390	S	12231	4334	16565	0.00082
Nocardioides_sp._TF02-7	2917724	S	12120	4084	16204	0.00080
Nocardioides_sp._cx-173	2898796	S	11018	3946	14964	0.00074
Nocardioides_sp._CF8	110319	S	10889	4763	15652	0.00077
Nocardioides_sp._zg-579	2663857	S	10828	5732	16560	0.00082
Nocardioides_sp._S-1144	2582905	S	10452	4178	14630	0.00072
Nocardioides_sp._InS609-2	2760705	S	9906	2358	12264	0.00060
Nocardioides_sp._603	2483798	S	8581	4159	12740	0.00063
Nocardioides_sp._MC1495	2736757	S	8430	3091	11521	0.00057
Nocardioides_sp._JQ2195	2592334	S	7439	1600	9039	0.00045
Nocardioides_sp._zg-536	2803858	S	6734	3036	9770	0.00048
Nocardioides_sp._WS12	2486272	S	6087	1103	7190	0.00035
Nocardioides_sp._ZJ1313	2685869	S	5653	6734	12387	0.00061
Nocardioides_sp._dk884	2662361	S	5560	6568	12128	0.00060
Nocardioides_sp._Kera_G14	2884264	S	4958	1051	6009	0.00030
Nocardioides_okcheonensis	2894081	S	17089	8076	25165	0.00124
Nocardioides_mesophilus	433659	S	16018	4920	20938	0.00103
Nocardioides_euryhalodurans	2518370	S	15447	4852	20299	0.00100
Nocardioides_ungokensis	1643322	S	12437	4487	16924	0.00083
Nocardioides_anomalus	2712223	S	11748	3656	15404	0.00076
Nocardioides_cynanchi	2558918	S	9776	2359	12135	0.00060
Nocardioides_aromaticivorans	200618	S	9626	3771	13397	0.00066
Nocardioides_dongkuii	2760089	S	9556	4903	14459	0.00071
Nocardioides_seonyuensis	2518371	S	9443	2616	12059	0.00059
Nocardioides_humi	449461	S	9161	3149	12310	0.00061
Nocardioides_rotundus	1774216	S	8439	3345	11784	0.00058
Nocardioides_marinisabuli	419476	S	7714	4436	12150	0.00060
Nocardioides_aquaticus	160826	S	7545	2377	9922	0.00049
Nocardioides_piscis	2714938	S	7269	2888	10157	0.00050
Nocardioides_dokdonensis	450734	S	6993	3406	10399	0.00051
Nocardioides_sambongensis	2589074	S	6765	1983	8748	0.00043
Nocardioides_houyundeii	2045452	S	6420	2008	8428	0.00042
Nocardioides_panacisoli	627624	S	5776	1453	7229	0.00036
Nocardioides_daphniae	402297	S	4600	2167	6767	0.00033
Nocardioides_jishulii	2575440	S	4063	1531	5594	0.00028
Nocardioides_yefusunii	2500546	S	2732	800	3532	0.00017
Nocardioides_baekrokdamisoli	1804624	S	2527	319	2846	0.00014
Aeromicrobium_sp._Leaf245	1736306	S	5506	1721	7227	0.00036
Aeromicrobium_sp._zg-629	2663859	S	3939	1309	5248	0.00026
Aeromicrobium_sp._A1-2	2107713	S	2936	418	3354	0.00017
Aeromicrobium_choanae	1736691	S	6480	1973	8453	0.00042
Aeromicrobium_erythreum	2041	S	4581	1388	5969	0.00029
Aeromicrobium_chenweiae	2079793	S	3834	1341	5175	0.00026
Aeromicrobium_marinum	219314	S	3624	800	4424	0.00022
Aeromicrobium_yanjiei	2662028	S	3414	1108	4522	0.00022
Marmoricola_scoriae	642780	S	8537	3257	11794	0.00058
Friedmanniella_luteola	546871	S	8195	1638	9833	0.00048
Pimelobacter_simplex	2045	S	7242	2751	9993	0.00049
Mumia_sp._ZJ1417	2708082	S	4645	808	5453	0.00027
Micropruina_glycogenica	75385	S	2566	368	2934	0.00014
Microlunatus_sagamiharensis	546874	S	6421	1496	7917	0.00039
Microlunatus_phosphovorus	29405	S	5625	690	6315	0.00031
Microlunatus_soli	630515	S	3679	405	4084	0.00020
Microlunatus_elymi	2596828	S	3403	438	3841	0.00019
Microlunatus_sp._Gsoil_973	2672569	S	3102	280	3382	0.00017
Tessaracoccus_sp._J1M15	2829499	S	2064	579	2643	0.00013
Tessaracoccus_sp._MC1865	2760310	S	1760	436	2196	0.00011
Tessaracoccus_defluvii	1285901	S	2327	1417	3744	0.00018
Tessaracoccus_aquimaris	1332264	S	2173	944	3117	0.00015
Tessaracoccus_flavus	1610493	S	1773	1121	2894	0.00014
Tessaracoccus_flavescens	399497	S	1753	1282	3035	0.00015
Tessaracoccus_timonensis	2161816	S	1075	411	1486	0.00007
Brevilactibacter_coleopterorum	2714937	S	3051	1268	4319	0.00021
Brevilactibacter_sp._MC1595	2819349	S	3012	1104	4116	0.00020
Propionibacterium_acidifaciens	556499	S	1899	382	2281	0.00011
Propionibacterium_freudenreichii	1744	S	1598	1118	2716	0.00013
Propionibacterium_australiense	119981	S	1497	231	1728	0.00009
Acidipropionibacterium_jensenii	1749	S	1869	1047	2916	0.00014
Acidipropionibacterium_acidipropionici	1748	S	1789	977	2766	0.00014
Acidipropionibacterium_virtanenii	2057246	S	1141	214	1355	0.00007
Auraticoccus_monumenti	675864	S	4486	789	5275	0.00026
Cutibacterium_avidum	33010	S	1159	249	1408	0.00007
Cutibacterium_granulosum	33011	S	589	90	679	0.00003
Cutibacterium_acnes	1747	S	415	25320	25735	0.00127
Cutibacterium_modestum	2559073	S	294	23	317	0.00002
Arachnia_propionica	1750	S	1478	173	1651	0.00008
Arachnia_rubra	1547448	S	884	109	993	0.00005
Raineyella_fluvialis	2662261	S	2421	303	2724	0.00013
Vaginimicrobium_propionicum	1871034	S	130	44	174	0.00001
Kribbella_flavida	182640	S	10294	2304	12598	0.00062
Kribbella_qitaiheensis	1544730	S	7479	1128	8607	0.00042
Actinopolymorpha_singaporensis	117157	S	5995	662	6657	0.00033
Micromonospora_sp._WMMC415	2675222	S	7768	2802	10570	0.00052
Micromonospora_sp._HM134	2583243	S	5473	2368	7841	0.00039
Micromonospora_sp._WMMA2032	2039870	S	5140	3255	8395	0.00041
Micromonospora_sp._B006	2201999	S	4514	3421	7935	0.00039
Micromonospora_sp._L5	648999	S	449	4789	5238	0.00026
Micromonospora_echinofusca	47858	S	15796	6923	22719	0.00112
Micromonospora_echinospora	1877	S	9341	3162	12503	0.00062
Micromonospora_echinaurantiaca	47857	S	8283	3879	12162	0.00060
Micromonospora_carbonacea	47853	S	8039	3432	11471	0.00057
Micromonospora_krabiensis	307121	S	7936	2626	10562	0.00052
Micromonospora_terminaliae	1914461	S	7290	3556	10846	0.00053
Micromonospora_inositola	47865	S	7226	3449	10675	0.00053
Micromonospora_coriariae	285665	S	6916	2388	9304	0.00046
Micromonospora_purpureochromogenes	47872	S	6831	3490	10321	0.00051
Micromonospora_sagamiensis	47875	S	6466	2400	8866	0.00044
Micromonospora_viridifaciens	1881	S	6204	2627	8831	0.00044
Micromonospora_coxensis	356852	S	6104	3270	9374	0.00046
Micromonospora_siamensis	299152	S	6097	2810	8907	0.00044
Micromonospora_maris	1003110	S	6055	1790	7845	0.00039
Micromonospora_endophytica_(Xie_et_al._2001)_Li_et_al._2019	515350	S	5806	1722	7528	0.00037
Micromonospora_chokoriensis	356851	S	5801	1820	7621	0.00038
Micromonospora_ferruginea	2749844	S	5694	3192	8886	0.00044
Micromonospora_auratinigra	261654	S	5628	2866	8494	0.00042
Micromonospora_zamorensis	709883	S	5620	1747	7367	0.00036
Micromonospora_narathiwatensis	299146	S	5173	2355	7528	0.00037
Micromonospora_rifamycinica	291594	S	4750	2066	6816	0.00034
Micromonospora_craniellae	2294034	S	4259	2690	6949	0.00034
Micromonospora_tulbaghiae	479978	S	3416	3642	7058	0.00035
Micromonospora_aurantiaca	47850	S	2254	15587	17841	0.00088
Actinoplanes_sp._N902-109	649831	S	21434	4521	25955	0.00128
Actinoplanes_sp._L3-i22	2836373	S	17744	4352	22096	0.00109
Actinoplanes_sp._OR16	946334	S	15834	4237	20071	0.00099
Actinoplanes_sp._SE50/110	134676	S	15	18253	18268	0.00090
Actinoplanes_friuliensis	196914	S	22643	3561	26204	0.00129
Actinoplanes_missouriensis	1866	S	15077	4714	19791	0.00098
Actinoplanes_derwentensis	113562	S	14936	2180	17116	0.00084
Actinoplanes_ianthinogenes	122358	S	14476	5559	20035	0.00099
Actinoplanes_teichomyceticus	1867	S	13763	5554	19317	0.00095
Phytohabitans_suffuscus	624315	S	14301	3650	17951	0.00088
Phytohabitans_flavus	1076124	S	12046	2367	14413	0.00071
Couchioplanes_caeruleus	56438	S	22974	5849	28823	0.00142
Plantactinospora_sp._KBS50	2024580	S	8280	2043	10323	0.00051
Plantactinospora_sp._BC1	2108470	S	2312	6343	8655	0.00043
Plantactinospora_sp._BB1	2071627	S	2112	5731	7843	0.00039
Catellatospora_sp._IY07-71	2728827	S	20350	4401	24751	0.00122
Dactylosporangium_vinaceum	53362	S	17834	1949	19783	0.00098
Actinocatenispora_thailandica	227318	S	5970	1721	7691	0.00038
Actinocatenispora_sera	390989	S	5858	1779	7637	0.00038
Polymorphospora_rubra	338584	S	9611	2113	11724	0.00058
Natronosporangium_hydrolyticum	2811111	S	5617	370	5987	0.00030
Verrucosispora_sp._NA02020	2742132	S	3903	3114	7017	0.00035
Salinispora_tropica	168695	S	3018	502	3520	0.00017
Pseudonocardia_sp._DSM_110487	2865833	S	40669	5666	46335	0.00228
Pseudonocardia_sp._CGMCC_4.1532	2761535	S	12561	7608	20169	0.00099
Pseudonocardia_sp._HH130630-07	1690815	S	8350	2523	10873	0.00054
Pseudonocardia_sp._AL041005-10	445576	S	6390	2338	8728	0.00043
Pseudonocardia_sp._HH130629-09	1641402	S	5524	2386	7910	0.00039
Pseudonocardia_sp._EC080625-04	1096868	S	182	4712	4894	0.00024
Pseudonocardia_sp._EC080610-09	1688404	S	30	2432	2462	0.00012
Pseudonocardia_sp._EC080619-01	1096856	S	26	6204	6230	0.00031
Pseudonocardia_broussonetiae	2736640	S	18481	6287	24768	0.00122
Pseudonocardia_dioxanivorans	240495	S	17755	4753	22508	0.00111
Pseudonocardia_abyssalis	2792008	S	9321	5093	14414	0.00071
Pseudonocardia_autotrophica	2074	S	8819	2415	11234	0.00055
Amycolatopsis_sp._DSM_110486	2865832	S	8132	1622	9754	0.00048
Amycolatopsis_sp._WQ_127309	2932773	S	7388	2019	9407	0.00046
Amycolatopsis_sp._Hca4	2742131	S	7232	2574	9806	0.00048
Amycolatopsis_sp._FDAARGOS_1241	2778070	S	6944	1507	8451	0.00042
Amycolatopsis_sp._CA-230715	2745196	S	6067	920	6987	0.00034
Amycolatopsis_sp._YIM_10	2653857	S	5910	1689	7599	0.00037
Amycolatopsis_sp._FU40	2914159	S	3739	1689	5428	0.00027
Amycolatopsis_sp._AA4	1896961	S	3480	1831	5311	0.00026
Amycolatopsis_sp._TNS106	2861750	S	3288	1900	5188	0.00026
Amycolatopsis_sp._BJA-103	1911175	S	3249	1274	4523	0.00022
Amycolatopsis_sp._EV170708-02-1	2919322	S	2302	2201	4503	0.00022
Amycolatopsis_acidiphila	715473	S	7353	1555	8908	0.00044
Amycolatopsis_mediterranei	33910	S	6861	9500	16361	0.00081
Amycolatopsis_keratiniphila	129921	S	3560	2850	6410	0.00032
Amycolatopsis_japonica	208439	S	1913	1747	3660	0.00018
Amycolatopsis_pretoriensis	218821	S	6176	1912	8088	0.00040
Amycolatopsis_thermalba	944492	S	5555	2258	7813	0.00039
Amycolatopsis_methanolica	1814	S	5521	2138	7659	0.00038
Amycolatopsis_albispora	1804986	S	5371	3091	8462	0.00042
Amycolatopsis_aidingensis	2842453	S	4712	558	5270	0.00026
Amycolatopsis_orientalis	31958	S	3671	1195	4866	0.00024
Lentzea_guizhouensis	1586287	S	33361	7024	40385	0.00199
Saccharopolyspora_erythraea	1836	S	11028	3257	14285	0.00070
Saccharopolyspora_gregorii	33914	S	9433	1911	11344	0.00056
Saccharopolyspora_spinosa	60894	S	2419	1418	3837	0.00019
Saccharopolyspora_pogona	333966	S	2050	2237	4287	0.00021
Saccharopolyspora_sp._ASAGF58	2719023	S	1454	1760	3214	0.00016
Saccharothrix_sp._6-C	2781735	S	9133	3170	12303	0.00061
Saccharothrix_syringae	103733	S	9037	3185	12222	0.00060
Saccharothrix_espanaensis	103731	S	7360	2200	9560	0.00047
Saccharomonospora_viridis	1852	S	6282	951	7233	0.00036
Saccharomonospora_marina	632569	S	3808	933	4741	0.00023
Saccharomonospora_azurea	40988	S	3243	954	4197	0.00021
Saccharomonospora_cyanea	40989	S	2565	933	3498	0.00017
Saccharomonospora_xinjiangensis	75294	S	2321	383	2704	0.00013
Saccharomonospora_glauca	40990	S	2123	743	2866	0.00014
Kutzneria_sp._CA-103260	2802641	S	8290	1790	10080	0.00050
Kutzneria_albida	43357	S	6078	1408	7486	0.00037
Allokutzneria_albata	211114	S	10614	2538	13152	0.00065
Actinoalloteichus_hoggarensis	1470176	S	2920	391	3311	0.00016
Actinoalloteichus_hymeniacidonis	340345	S	2516	237	2753	0.00014
Actinoalloteichus_sp._GBA129-24	1612551	S	161	1880	2041	0.00010
Actinoalloteichus_fjordicus	1612552	S	118	1664	1782	0.00009
Actinosynnema_pretiosum	42197	S	2863	5579	8442	0.00042
Actinosynnema_mirum	40567	S	287	2782	3069	0.00015
Kibdelosporangium_phytohabitans	860235	S	7469	904	8373	0.00041
Alloactinosynnema_sp._L-07	1653480	S	5203	1154	6357	0.00031
Prauserella_marina	530584	S	3148	286	3434	0.00017
Allosaccharopolyspora_coralli	2665642	S	2761	598	3359	0.00017
Geodermatophilus_obscurus	1861	S	109190	33980	143170	0.00706
Blastococcus_sp._PRF04-17	2933797	S	59822	19387	79209	0.00390
Blastococcus_saxobsidens	138336	S	41742	12059	53801	0.00265
Modestobacter_marinus	477641	S	32490	10769	43259	0.00213
Modestobacter_sp._L9-4	2851567	S	19231	7081	26312	0.00130
Nonomuraea_nitratireducens	2656914	S	13460	2921	16381	0.00081
Nonomuraea_sp._ATCC_55076	1909395	S	12776	4279	17055	0.00084
Nonomuraea_gerenzanensis	93944	S	12285	4320	16605	0.00082
Nonomuraea_coxensis	404386	S	11835	3423	15258	0.00075
Streptosporangium_roseum	2001	S	35369	8382	43751	0.00216
Streptosporangium_sp._'caverna'	2202249	S	8614	1606	10220	0.00050
Thermobispora_bispora	2006	S	5115	1138	6253	0.00031
Actinomadura_sp._WMMB_499	1219491	S	13539	3275	16814	0.00083
Actinomadura_sp._NAK00032	2742128	S	9836	3633	13469	0.00066
Actinomadura_sp._WMMA1423	2591108	S	8523	2644	11167	0.00055
Actinomadura_madurae	1993	S	11843	3725	15568	0.00077
Actinomadura_verrucosospora	46165	S	9610	3019	12629	0.00062
Actinomadura_graeca	2750812	S	7269	1718	8987	0.00044
Thermomonospora_amylolytica	1411117	S	6423	2387	8810	0.00043
Thermomonospora_curvata	2020	S	4239	1227	5466	0.00027
Nocardiopsis_sp._MT53	2865672	S	4544	1035	5579	0.00028
Nocardiopsis_sp._HDS12	2831968	S	1479	964	2443	0.00012
Nocardiopsis_dassonvillei	2014	S	3968	4391	8359	0.00041
Nocardiopsis_gilva	280236	S	3402	667	4069	0.00020
Nocardiopsis_alba	53437	S	2615	451	3066	0.00015
Thermobifida_alba	53522	S	2877	1064	3941	0.00019
Thermobifida_halotolerans	483545	S	2697	821	3518	0.00017
Thermobifida_fusca	2021	S	2267	363	2630	0.00013
Streptomonospora_litoralis	2498135	S	3789	719	4508	0.00022
Spiractinospora_alimapuensis	2820884	S	2567	165	2732	0.00013
Actinomyces_sp._oral_taxon_414	712122	S	1328	262	1590	0.00008
Actinomyces_sp._MAS-1	2755559	S	1000	186	1186	0.00006
Actinomyces_sp._Z16	2079536	S	790	269	1059	0.00005
Actinomyces_sp._Chiba101	1851395	S	721	324	1045	0.00005
Actinomyces_sp._432	2057798	S	668	141	809	0.00004
Actinomyces_sp._oral_taxon_171	706438	S	343	257	600	0.00003
Actinomyces_sp._oral_taxon_169	712116	S	203	348	551	0.00003
Actinomyces_sp._oral_taxon_897	2081702	S	170	444	614	0.00003
Actinomyces_sp._HMT897	2789424	S	165	422	587	0.00003
Actinomyces_sp._HMT_175	2789425	S	124	486	610	0.00003
Actinomyces_sp._zg-332	2708340	S	20	3	23	0.00000
Actinomyces_radicidentis	111015	S	1647	657	2304	0.00011
Actinomyces_howellii	52771	S	1382	205	1587	0.00008
Actinomyces_respiraculi	2744574	S	978	230	1208	0.00006
Actinomyces_slackii	52774	S	916	146	1062	0.00005
Actinomyces_procaprae	2560010	S	824	292	1116	0.00006
Actinomyces_faecalis	2722820	S	730	100	830	0.00004
Actinomyces_weissii	675090	S	711	132	843	0.00004
Actinomyces_viscosus	1656	S	634	256	890	0.00004
Actinomyces_qiguomingii	2057800	S	623	82	705	0.00003
Actinomyces_naeslundii	1655	S	565	306	871	0.00004
Actinomyces_oris	544580	S	512	1420	1932	0.00010
Actinomyces_marmotae	2737173	S	499	266	765	0.00004
Actinomyces_wuliandei	2057743	S	457	119	576	0.00003
Actinomyces_gaoshouyii	1960083	S	430	213	643	0.00003
Actinomyces_lilanjuaniae	2321394	S	383	91	474	0.00002
Actinomyces_trachealis	2763540	S	346	63	409	0.00002
Actinomyces_pacaensis	1852377	S	134	16	150	0.00001
Schaalia_sp._19OD2882	2794089	S	719	94	813	0.00004
Schaalia_sp._JY-X169	2758572	S	198	6	204	0.00001
Schaalia_sp._ZJ405	2709403	S	186	16	202	0.00001
Schaalia_odontolytica	1660	S	900	213	1113	0.00005
Schaalia_meyeri	52773	S	461	86	547	0.00003
Schaalia_cardiffensis	181487	S	309	46	355	0.00002
Schaalia_turicensis	131111	S	165	147	312	0.00002
Flaviflexus_salsibiostraticola	1282737	S	988	266	1254	0.00006
Flaviflexus_sp._dk850	2758573	S	492	164	656	0.00003
Flaviflexus_ciconiae	2496867	S	388	50	438	0.00002
Trueperella_pecoris	2733571	S	679	187	866	0.00004
Trueperella_pyogenes	1661	S	436	234	670	0.00003
Trueperella_bialowiezensis	312285	S	311	15	326	0.00002
Pauljensenia_hongkongensis	178339	S	802	285	1087	0.00005
Nanchangia_anserum	2692125	S	765	76	841	0.00004
Actinotignum_schaalii	59505	S	324	19	343	0.00002
Actinobaculum_sp._313	2495645	S	313	17	330	0.00002
Arcanobacterium_haemolyticum	28264	S	102	44	146	0.00001
Arcanobacterium_phocae	131112	S	49	12	61	0.00000
Arcanobacterium_phocisimile	1302235	S	47	10	57	0.00000
Arcanobacterium_sp._2701	2722751	S	32	6	38	0.00000
Changpingibacter_yushuensis	2758440	S	227	64	291	0.00001
Mobiluncus_curtisii	2051	S	146	38	184	0.00001
Varibaculum_sp._EMRHCC_39	2811781	S	69	18	87	0.00000
Boudabousia_tangfeifanii	1912795	S	66	4	70	0.00000
Fannyhessea_vaginae	82135	S	39	9	48	0.00000
Frankia_inefficax	298654	S	8582	976	9558	0.00047
Frankia_sp._QA3	710111	S	3540	1526	5066	0.00025
Frankia_sp._ArI3	1858	S	2645	1817	4462	0.00022
Candidatus_Frankia_datiscae	2716812	S	3651	457	4108	0.00020
Frankia_casuarinae	106370	S	3252	339	3591	0.00018
Frankia_alni	1859	S	2853	2078	4931	0.00024
Jiangella_sp._DSM_45060	1798224	S	8763	2628	11391	0.00056
Jiangella_alkaliphila	419479	S	8483	2443	10926	0.00054
Nakamurella_multipartita	53461	S	6486	1189	7675	0.00038
Nakamurella_panacisegetis	1090615	S	2903	403	3306	0.00016
Nakamurella_sp._PAMC28650	2762325	S	2731	292	3023	0.00015
Nakamurella_antarctica	1902245	S	547	38	585	0.00003
Bifidobacterium_pseudolongum	1694	S	1062	329	1391	0.00007
Bifidobacterium_choerinum	35760	S	1014	364	1378	0.00007
Bifidobacterium_longum	216816	S	912	1390	2302	0.00011
Bifidobacterium_scardovii	158787	S	905	75	980	0.00005
Bifidobacterium_bifidum	1681	S	666	920	1586	0.00008
Bifidobacterium_pullorum	78448	S	601	196	797	0.00004
Bifidobacterium_animalis	28025	S	548	455	1003	0.00005
Bifidobacterium_subtile	77635	S	500	56	556	0.00003
Bifidobacterium_asteroides	1684	S	477	12	489	0.00002
Bifidobacterium_adolescentis	1680	S	448	82	530	0.00003
Bifidobacterium_breve	1685	S	373	351	724	0.00004
Bifidobacterium_eulemuris	1765219	S	316	61	377	0.00002
Bifidobacterium_thermophilum	33905	S	298	53	351	0.00002
Bifidobacterium_lemurum	1603886	S	290	58	348	0.00002
Bifidobacterium_actinocoloniiforme	638619	S	278	8	286	0.00001
Bifidobacterium_angulatum	1683	S	260	56	316	0.00002
Bifidobacterium_dentium	1689	S	258	16	274	0.00001
Bifidobacterium_catenulatum	1686	S	200	247	447	0.00002
Bifidobacterium_pseudocatenulatum	28026	S	157	101	258	0.00001
Bifidobacterium_imperatoris	2020965	S	95	42	137	0.00001
Bifidobacterium_saguini	762210	S	65	26	91	0.00000
Bifidobacterium_indicum	1691	S	35	38	73	0.00000
Bifidobacterium_coryneforme	1687	S	34	37	71	0.00000
Parascardovia_denticolens	78258	S	205	26	231	0.00001
Gardnerella_vaginalis	2702	S	27	38	65	0.00000
Scardovia_inopinata	78259	S	41	11	52	0.00000
Catenulispora_acidiphila	304895	S	6340	891	7231	0.00036
Jatrophihabitans_sp._GAS493	1907575	S	2727	241	2968	0.00015
Jatrophihabitans_telluris	2038343	S	2685	227	2912	0.00014
Kineococcus_radiotolerans	131568	S	4963	1316	6279	0.00031
Stackebrandtia_nassauensis	283811	S	4088	362	4450	0.00022
Natronoglycomyces_albus	2811108	S	706	22	728	0.00004
Epidermidibacterium_keratini	1891644	S	2596	1243	3839	0.00019
Actinopolyspora_erythraea	414996	S	2113	206	2319	0.00011
Acidothermus_cellulolyticus	28049	S	1579	71	1650	0.00008
Candidatus_Planktophila_lacus	1884913	S	87	14	101	0.00000
Candidatus_Planktophila_versatilis	1884905	S	69	17	86	0.00000
Candidatus_Planktophila_sulfonica	1884904	S	58	21	79	0.00000
Candidatus_Planktophila_dulcis	1884914	S	48	31	79	0.00000
Candidatus_Planktophila_vernalis	1884907	S	43	8	51	0.00000
Candidatus_Planktophila_limnetica	573600	S	29	4	33	0.00000
Candidatus_Nanopelagicus_hibericus	1884915	S	22	12	34	0.00000
Candidatus_Nanopelagicus_abundans	1884916	S	13	6	19	0.00000
Candidatus_Nanopelagicus_limnes	1884634	S	10	14	24	0.00000
Conexibacter_sp._SYSU_D00693	2812560	S	35354	8088	43442	0.00214
Conexibacter_sp._S30A1	2937800	S	9184	953	10137	0.00050
Conexibacter_sp._DBS9H8	2937801	S	8841	844	9685	0.00048
Conexibacter_woesei	191495	S	43269	7209	50478	0.00249
Miltoncostaea_oceani	2843216	S	12686	1762	14448	0.00071
Miltoncostaea_marina	2843215	S	12605	2923	15528	0.00077
Rubrobacter_tropicus	2653851	S	23819	1857	25676	0.00127
Rubrobacter_xylanophilus	49319	S	21671	2629	24300	0.00120
Rubrobacter_marinus	2653852	S	14415	1356	15771	0.00078
Rubrobacter_radiotolerans	42256	S	5538	811	6349	0.00031
Rubrobacter_indicoceani	2051957	S	3021	261	3282	0.00016
Baekduia_soli	496014	S	28549	4397	32946	0.00162
Aquihabitans_sp._G128	2849779	S	18755	3570	22325	0.00110
Aquihabitans_sp._Kera_3	2884263	S	16723	2533	19256	0.00095
Iamia_sp._SCSIO_61187	2722752	S	21474	3224	24698	0.00122
Actinomarinicola_tropica	2789776	S	18529	3426	21955	0.00108
Ilumatobacter_coccineus	467094	S	8847	494	9341	0.00046
Acidimicrobium_ferrooxidans	53635	S	1828	126	1954	0.00010
Eggerthella_lenta	84112	S	1096	764	1860	0.00009
Eggerthella_guodeyinii	2690837	S	950	435	1385	0.00007
Eggerthella_sp._YY7918	502558	S	296	124	420	0.00002
Gordonibacter_urolithinfaciens	1335613	S	543	403	946	0.00005
Gordonibacter_pamelaeae	471189	S	520	559	1079	0.00005
Arabiibacter_massiliensis	1870985	S	1131	240	1371	0.00007
Adlercreutzia_equolifaciens	446660	S	480	297	777	0.00004
Adlercreutzia_hattorii	2707299	S	267	339	606	0.00003
Raoultibacter_timonensis	1907662	S	618	48	666	0.00003
Berryella_intestinalis	1531429	S	496	516	1012	0.00005
Slackia_heliotrinireducens	84110	S	439	12	451	0.00002
Denitrobacterium_detoxificans	79604	S	308	118	426	0.00002
Phoenicibacter_congonensis	1944646	S	81	29	110	0.00001
Cryptobacterium_curtum	84163	S	62	5	67	0.00000
Olsenella_timonensis	1805478	S	1029	286	1315	0.00006
Olsenella_uli	133926	S	550	57	607	0.00003
Olsenella_sp._oral_taxon_807	712411	S	397	23	420	0.00002
Parolsenella_massiliensis	1871022	S	532	279	811	0.00004
Parolsenella_catena	2003188	S	491	284	775	0.00004
Parafannyhessea_umbonata	604330	S	696	374	1070	0.00005
Thermophilibacter_immobilis	2779519	S	685	224	909	0.00004
Atopobium_sp._oral_taxon_416	712157	S	169	17	186	0.00001
Lancefieldella_parvula	1382	S	34	2	36	0.00000
Collinsella_aerofaciens	74426	S	847	408	1255	0.00006
Collinsella_stercoris	147206	S	621	104	725	0.00004
Collinsella_sp._zg1085	2844380	S	31	1	32	0.00000
Coriobacterium_glomerans	33871	S	428	13	441	0.00002
Egicoccus_halophilus	1670830	S	4832	703	5535	0.00027
Euzebya_pacifica	1608957	S	4629	370	4999	0.00025
Egibacter_rhizosphaerae	1670831	S	4527	256	4783	0.00024
Priestia_megaterium	1404	S	33466	28380	61846	0.00305
Priestia_filamentosa	1402861	S	3654	383	4037	0.00020
Priestia_aryabhattai	412384	S	570	1923	2493	0.00012
Priestia_flexa	86664	S	191	49	240	0.00001
Priestia_koreensis	284581	S	111	32	143	0.00001
Priestia_sp._J2	2886505	S	30	160	190	0.00001
[Brevibacterium]_frigoritolerans	450367	S	4259	1212	5471	0.00027
Bacillus_sp._Y1	352858	S	954	303	1257	0.00006
Bacillus_sp._1NLA3E	666686	S	562	164	726	0.00004
Bacillus_sp._S3	486398	S	541	130	671	0.00003
Bacillus_sp._FJAT-18017	1705566	S	251	55	306	0.00002
Bacillus_sp._FJAT-22090	1581038	S	223	48	271	0.00001
Bacillus_sp._OxB-1	98228	S	132	25	157	0.00001
Bacillus_sp._NSP9.1	1071078	S	130	8	138	0.00001
Bacillus_sp._KH172YL63	2709784	S	118	33	151	0.00001
Bacillus_sp._PAMC26568	2760090	S	112	9	121	0.00001
Bacillus_sp._JY-23	2933872	S	102	32	134	0.00001
Bacillus_sp._FJAT-42376	2014076	S	96	29	125	0.00001
Bacillus_sp._THAF10	2587848	S	85	23	108	0.00001
Bacillus_sp._SB49	1071080	S	82	11	93	0.00000
Bacillus_sp._M4U3P1	2592382	S	74	7	81	0.00000
Bacillus_sp._N1-1	2682541	S	58	71	129	0.00001
Bacillus_sp._Cs-700	2589818	S	33	43	76	0.00000
Bacillus_sp._COPE52	2233998	S	17	20	37	0.00000
Bacillus_sp._NP247	2846779	S	15	18	33	0.00000
Bacillus_sp._PAMC26543	2762329	S	13	79	92	0.00000
Bacillus_sp._N3536	2666127	S	12	11	23	0.00000
Bacillus_sp._H8-1	2930532	S	11	130	141	0.00001
Bacillus_pseudomycoides	64104	S	907	335	1242	0.00006
Bacillus_cereus	1396	S	301	6589	6890	0.00034
Bacillus_mycoides	1405	S	202	249	451	0.00002
Bacillus_thuringiensis	1428	S	188	8708	8896	0.00044
Bacillus_cytotoxicus	580165	S	97	52	149	0.00001
Bacillus_toyonensis	155322	S	70	475	545	0.00003
Bacillus_wiedmannii	1890302	S	57	77	134	0.00001
Bacillus_luti	2026191	S	36	30	66	0.00000
Bacillus_anthracis	1392	S	22	5368	5390	0.00027
Bacillus_sp._ABP14	1892404	S	11	54	65	0.00000
Bacillus_nitratireducens	2026193	S	14	20	34	0.00000
Bacillus_mojavensis	72360	S	173	185	358	0.00002
Bacillus_halotolerans	260554	S	138	325	463	0.00002
Bacillus_velezensis	492670	S	140	2002	2142	0.00011
Bacillus_amyloliquefaciens	1390	S	75	2600	2675	0.00013
Bacillus_siamensis	659243	S	19	50	69	0.00000
Bacillus_subtilis	1423	S	219	3538	3757	0.00019
Bacillus_paralicheniformis	1648923	S	211	119	330	0.00002
Bacillus_vallismortis	72361	S	59	61	120	0.00001
Bacillus_atrophaeus	1452	S	54	72	126	0.00001
Bacillus_licheniformis	1402	S	40	354	394	0.00002
Bacillus_tequilensis	227866	S	34	26	60	0.00000
Bacillus_safensis	561879	S	382	575	957	0.00005
Bacillus_glycinifermentans	1664069	S	271	75	346	0.00002
Bacillus_dafuensis	1742359	S	250	74	324	0.00002
Bacillus_pumilus	1408	S	218	172	390	0.00002
Bacillus_altitudinis	293387	S	206	726	932	0.00005
Bacillus_infantis	324767	S	180	42	222	0.00001
Bacillus_methanolicus	1471	S	152	61	213	0.00001
Bacillus_weihaiensis	1547283	S	125	35	160	0.00001
Bacillus_gobiensis	1441095	S	115	28	143	0.00001
Bacillus_smithii	1479	S	113	47	160	0.00001
Bacillus_aquiflavi	2672567	S	112	24	136	0.00001
Bacillus_badius	1455	S	108	34	142	0.00001
Bacillus_shivajii	1983719	S	76	9	85	0.00000
Bacillus_fonticola	2728853	S	59	13	72	0.00000
Bacillus_cabrialesii	2487276	S	37	30	67	0.00000
Bacillus_rugosus	2715209	S	28	24	52	0.00000
Bacillus_haynesii	1925021	S	11	32	43	0.00000
Metabacillus_sp._KUDC1714	2745198	S	7572	2150	9722	0.00048
Metabacillus_sp._cB07	2806989	S	100	31	131	0.00001
Metabacillus_sp._B2-18	2897333	S	72	93	165	0.00001
Metabacillus_dongyingensis	2874282	S	987	289	1276	0.00006
Metabacillus_sediminilitoris	2567941	S	930	287	1217	0.00006
Metabacillus_litoralis	152268	S	119	101	220	0.00001
Metabacillus_endolithicus	1535204	S	64	70	134	0.00001
Geobacillus_subterraneus	129338	S	421	265	686	0.00003
Geobacillus_stearothermophilus	1422	S	250	323	573	0.00003
Geobacillus_genomosp._3	1921421	S	250	69	319	0.00002
Geobacillus_sp._46C-IIa	1963025	S	112	50	162	0.00001
Geobacillus_sp._JS12	1813182	S	28	94	122	0.00001
Geobacillus_sp._Y412MC52	550542	S	19	71	90	0.00000
Geobacillus_thermocatenulatus	33938	S	91	89	180	0.00001
Geobacillus_thermoleovorans	33941	S	36	382	418	0.00002
[Bacillus]_caldolyticus	1394	S	12	132	144	0.00001
Geobacillus_thermodenitrificans	33940	S	33	209	242	0.00001
Geobacillus_zalihae	213419	S	14	97	111	0.00001
Cytobacillus_firmus	1399	S	760	304	1064	0.00005
Cytobacillus_oceanisediminis	665099	S	690	328	1018	0.00005
Cytobacillus_ciccensis	1670641	S	281	85	366	0.00002
Cytobacillus_kochii	859143	S	196	50	246	0.00001
Cytobacillus_gottheilii	859144	S	164	45	209	0.00001
Cytobacillus_sp._CY-G	2901381	S	141	41	182	0.00001
Peribacillus_simplex	1478	S	1038	550	1588	0.00008
Peribacillus_asahii	228899	S	286	117	403	0.00002
Peribacillus_butanolivorans	421767	S	177	45	222	0.00001
Peribacillus_muralis	264697	S	121	23	144	0.00001
Peribacillus_psychrosaccharolyticus	1407	S	105	30	135	0.00001
Hydrogenibacillus_sp._N12	2866627	S	1480	141	1621	0.00008
Anoxybacillus_sediminis	2613334	S	801	140	941	0.00005
Anoxybacillus_sp._PDR2	1636720	S	16	104	120	0.00001
Anoxybacillus_amylolyticus	294699	S	110	19	129	0.00001
Anoxybacillus_flavithermus	33934	S	104	62	166	0.00001
Anoxybacillus_caldiproteolyticus	247480	S	82	14	96	0.00000
Anoxybacillus_gonensis	198467	S	10	57	67	0.00000
Terribacillus_goriensis	386490	S	1203	159	1362	0.00007
Terribacillus_aidingensis	586416	S	67	9	76	0.00000
Lysinibacillus_sp._SGAir0095	2070463	S	247	80	327	0.00002
Lysinibacillus_sp._PLM2	2929796	S	76	24	100	0.00000
Lysinibacillus_sp._2017	2169540	S	72	25	97	0.00000
Lysinibacillus_sp._Ag94	2936682	S	59	4	63	0.00000
Lysinibacillus_sp._CD3-6	2892541	S	43	13	56	0.00000
Lysinibacillus_sp._YS11	2072025	S	41	74	115	0.00001
Lysinibacillus_sp._ACHW1.5	2913506	S	20	31	51	0.00000
Lysinibacillus_timonensis	2086577	S	136	55	191	0.00001
Lysinibacillus_fusiformis	28031	S	88	68	156	0.00001
Lysinibacillus_agricola	2590012	S	71	16	87	0.00000
Lysinibacillus_sphaericus	1421	S	66	59	125	0.00001
Lysinibacillus_parviboronicapiens	436516	S	45	12	57	0.00000
Lysinibacillus_capsici	2115968	S	17	23	40	0.00000
Mesobacillus_foraminis	279826	S	391	86	477	0.00002
Mesobacillus_jeotgali	129985	S	336	113	449	0.00002
Mesobacillus_sp._S13	2880221	S	229	84	313	0.00002
Neobacillus_drentensis	220684	S	627	227	854	0.00004
Neobacillus_mesonae	1193713	S	308	86	394	0.00002
Alkalihalobacillus_clausii	79880	S	542	90	632	0.00003
Alkalihalobacillus_krulwichiae	199441	S	82	20	102	0.00001
Alkalihalobacillus_sp._LMS39	2924032	S	72	12	84	0.00000
Alkalihalobacillus_miscanthi	2598861	S	47	21	68	0.00000
Alkalihalobacillus_lehensis	300825	S	34	15	49	0.00000
Virgibacillus_sp._NKC19-16	2831673	S	93	6	99	0.00000
Virgibacillus_sp._Bac332	2419842	S	71	6	77	0.00000
Virgibacillus_sp._MSP4-1	2700081	S	67	11	78	0.00000
Virgibacillus_sp._SK37	403957	S	39	9	48	0.00000
Virgibacillus_sp._Bac330	2419841	S	23	4	27	0.00000
Virgibacillus_sp._6R	1911587	S	16	59	75	0.00000
Virgibacillus_necropolis	163877	S	118	13	131	0.00001
Virgibacillus_phasianinus	2017483	S	78	8	86	0.00000
Virgibacillus_halodenitrificans	1482	S	70	16	86	0.00000
Virgibacillus_pantothenticus	1473	S	19	68	87	0.00000
Virgibacillus_dokdonensis	302167	S	19	4	23	0.00000
Rossellomorea_marisflavi	189381	S	545	174	719	0.00004
Rossellomorea_vietnamensis	218284	S	116	37	153	0.00001
Salicibibacter_cibarius	2743000	S	175	34	209	0.00001
Salicibibacter_kimchii	2099786	S	138	10	148	0.00001
Salicibibacter_halophilus	2502791	S	133	28	161	0.00001
Salicibibacter_cibi	2743001	S	86	10	96	0.00000
Parageobacillus_caldoxylosilyticus	81408	S	122	57	179	0.00001
Parageobacillus_genomosp._1	1295642	S	104	47	151	0.00001
Parageobacillus_thermoglucosidasius	1426	S	97	57	154	0.00001
Parageobacillus_toebii	153151	S	67	39	106	0.00001
Parageobacillus_sp._KH3-4	2916802	S	67	33	100	0.00000
Oceanobacillus_kimchii	746691	S	367	36	403	0.00002
Oceanobacillus_zhaokaii	2052660	S	135	21	156	0.00001
Oceanobacillus_iheyensis	182710	S	46	8	54	0.00000
Psychrobacillus_sp._INOP01	2829187	S	394	103	497	0.00002
Psychrobacillus_sp._AK_1817	2303505	S	22	19	41	0.00000
Psychrobacillus_glaciei	2283160	S	85	23	108	0.00001
Weizmannia_coagulans	1398	S	446	164	610	0.00003
Niallia_circulans	1397	S	272	68	340	0.00002
Niallia_sp._Man26	2912824	S	125	27	152	0.00001
Halobacillus_sp._SSBR10-3	2932257	S	65	6	71	0.00000
Halobacillus_sp._SSTM10-2	2932258	S	59	12	71	0.00000
Halobacillus_sp._SSHM10-5	2932259	S	51	12	63	0.00000
Halobacillus_litoralis	45668	S	75	9	84	0.00000
Halobacillus_halophilus	1570	S	67	7	74	0.00000
Halobacillus_mangrovi	402384	S	59	7	66	0.00000
Sutcliffiella_horikoshii	79883	S	193	43	236	0.00001
Sutcliffiella_cohnii	33932	S	186	66	252	0.00001
Heyndrickxia_oleronia	38875	S	151	46	197	0.00001
Heyndrickxia_vini	1476025	S	103	25	128	0.00001
Salisediminibacterium_selenitireducens	85683	S	145	19	164	0.00001
Salisediminibacterium_beveridgei	632773	S	92	12	104	0.00001
Gracilibacillus_sp._SSWR10-1	2932256	S	62	14	76	0.00000
Gracilibacillus_sp._SSPM10-3	2932255	S	58	13	71	0.00000
Gracilibacillus_salitolerans	2663022	S	95	10	105	0.00001
Fictibacillus_arsenicus	255247	S	159	28	187	0.00001
Fictibacillus_phosphorivorans	1221500	S	55	9	64	0.00000
Caldibacillus_thermoamylovorans	35841	S	211	57	268	0.00001
Lentibacillus_sp._CBA3610	2518176	S	91	7	98	0.00000
Lentibacillus_amyloliquefaciens	1472767	S	90	10	100	0.00000
Caldalkalibacillus_thermarum	296745	S	160	24	184	0.00001
Aeribacillus_pallidus	33936	S	127	42	169	0.00001
Gottfriedia_acidiceleris	371036	S	119	29	148	0.00001
Pontibacillus_sp._HMF3514	2692425	S	60	9	69	0.00000
Pontibacillus_sp._ALD_SL1	2777185	S	51	6	57	0.00000
Lederbergia_lenta	1467	S	106	22	128	0.00001
Alkalihalophilus_pseudofirmus	79885	S	103	14	117	0.00001
Halalkalibacterium_halodurans	86665	S	100	58	158	0.00001
Pradoshia_sp._D12	2651284	S	96	23	119	0.00001
Anaerobacillus_isosaccharinicus	1532552	S	94	17	111	0.00001
Radiobacillus_sp._80	2844358	S	57	10	67	0.00000
Radiobacillus_deserti	2594883	S	31	5	36	0.00000
Sediminibacillus_sp._DP4-553-S	2729421	S	87	12	99	0.00000
Mangrovibacillus_cuniculi	2593652	S	80	35	115	0.00001
Salimicrobium_jeotgali	1230341	S	80	9	89	0.00000
Evansella_cellulosilytica	1413	S	69	8	77	0.00000
Paraliobacillus_zengyii	2213194	S	59	8	67	0.00000
Amphibacillus_xylanus	1449	S	59	8	67	0.00000
Paenibacillus_sp._B01	2660554	S	1749	470	2219	0.00011
Paenibacillus_sp._RUD330	2023772	S	1069	93	1162	0.00006
Paenibacillus_sp._32O-W	1695218	S	898	73	971	0.00005
Paenibacillus_sp._JZ16	1906272	S	790	151	941	0.00005
Paenibacillus_sp._DCT19	2211212	S	601	83	684	0.00003
Paenibacillus_sp._R14(2021)	2859228	S	517	59	576	0.00003
Paenibacillus_sp._sptzw28	715179	S	441	33	474	0.00002
Paenibacillus_sp._FSL_R7-0273	1536772	S	403	53	456	0.00002
Paenibacillus_sp._H1-7	2282849	S	387	29	416	0.00002
Paenibacillus_sp._HWE-109	1306526	S	339	23	362	0.00002
Paenibacillus_sp._BIHB4019	1870819	S	311	20	331	0.00002
Paenibacillus_sp._PK3_47	2072642	S	310	36	346	0.00002
Paenibacillus_sp._FSL_H7-0357	1536774	S	278	31	309	0.00002
Paenibacillus_sp._PAMC21692	2762320	S	271	185	456	0.00002
Paenibacillus_sp._YPD9-1	2908839	S	268	27	295	0.00001
Paenibacillus_sp._URB8-2	2741301	S	256	49	305	0.00002
Paenibacillus_sp._FSL_R7-0331	1536773	S	214	29	243	0.00001
Paenibacillus_sp._Y412MC10	481743	S	164	250	414	0.00002
Paenibacillus_sp._FSL_R5-0912	1536771	S	158	62	220	0.00001
Paenibacillus_sp._JNUCC-31	2777983	S	149	33	182	0.00001
Paenibacillus_sp._19GGS1-52	2758563	S	147	12	159	0.00001
Paenibacillus_sp._CAA11	1532905	S	143	23	166	0.00001
Paenibacillus_sp._FSL_P4-0081	1536769	S	128	56	184	0.00001
Paenibacillus_sp._YPG26	2878915	S	127	20	147	0.00001
Paenibacillus_sp._481	2835869	S	116	9	125	0.00001
Paenibacillus_sp._E222	2748863	S	110	30	140	0.00001
Paenibacillus_sp._IHB_B_3084	867076	S	92	42	134	0.00001
Paenibacillus_sp._JNUCC-32	2777984	S	88	142	230	0.00001
Paenibacillus_sp._FSL_R5-0345	1536770	S	57	12	69	0.00000
Paenibacillus_sp._IHBB_10380	1566358	S	56	8	64	0.00000
Paenibacillus_sp._FSL_H7-0737	1536775	S	49	12	61	0.00000
Paenibacillus_sp._37	2607911	S	45	431	476	0.00002
Paenibacillus_sp._N3/727	2925845	S	44	42	86	0.00000
Paenibacillus_sp._Cedars	1980674	S	33	154	187	0.00001
Paenibacillus_sp._DR312	2871175	S	24	313	337	0.00002
Paenibacillus_sp._S02	2823904	S	13	83	96	0.00000
Paenibacillus_sp._M-152	2487928	S	12	148	160	0.00001
Paenibacillus_mucilaginosus	61624	S	2073	141	2214	0.00011
Paenibacillus_albicereus	2726185	S	1428	341	1769	0.00009
Paenibacillus_lycopersici	2704462	S	1226	122	1348	0.00007
Paenibacillus_rhizovicinus	2704463	S	707	77	784	0.00004
Paenibacillus_macerans	44252	S	646	48	694	0.00003
Paenibacillus_cellulositrophicus	562959	S	613	50	663	0.00003
Paenibacillus_konkukensis	2020716	S	597	55	652	0.00003
Paenibacillus_dendritiformis	130049	S	575	80	655	0.00003
Paenibacillus_beijingensis	1126833	S	568	54	622	0.00003
Paenibacillus_stellifer	169760	S	515	77	592	0.00003
Paenibacillus_ihbetae	1870820	S	469	54	523	0.00003
Paenibacillus_chitinolyticus	79263	S	469	47	516	0.00003
Paenibacillus_thiaminolyticus	49283	S	434	59	493	0.00002
Paenibacillus_xylanilyticus	248903	S	430	74	504	0.00002
Paenibacillus_durus	44251	S	395	117	512	0.00003
Paenibacillus_xylanexedens	528191	S	382	219	601	0.00003
Paenibacillus_cellulosilyticus	375489	S	354	36	390	0.00002
Paenibacillus_sabinae	365617	S	333	67	400	0.00002
Paenibacillus_polymyxa	1406	S	332	1131	1463	0.00007
Paenibacillus_donghaensis	414771	S	329	28	357	0.00002
Paenibacillus_albus	2495582	S	286	31	317	0.00002
Paenibacillus_naphthalenovorans	162209	S	280	32	312	0.00002
Paenibacillus_agaridevorans	171404	S	274	272	546	0.00003
Paenibacillus_protaetiae	2509456	S	263	31	294	0.00001
Paenibacillus_barcinonensis	198119	S	249	35	284	0.00001
Paenibacillus_azoreducens	116718	S	243	23	266	0.00001
Paenibacillus_riograndensis	483937	S	90	72	162	0.00001
Paenibacillus_sonchi	373687	S	75	108	183	0.00001
Paenibacillus_tianjinensis	2810347	S	221	31	252	0.00001
Paenibacillus_yonginensis	1462996	S	215	77	292	0.00001
Paenibacillus_tritici	1873425	S	209	26	235	0.00001
Paenibacillus_algicola	2565926	S	200	26	226	0.00001
Paenibacillus_guangzhouensis	1473112	S	193	15	208	0.00001
Paenibacillus_borealis	160799	S	189	53	242	0.00001
Paenibacillus_peoriae	59893	S	187	876	1063	0.00005
Paenibacillus_swuensis	1178515	S	179	21	200	0.00001
Paenibacillus_physcomitrellae	1619311	S	176	49	225	0.00001
Paenibacillus_sophorae	1333845	S	164	47	211	0.00001
Paenibacillus_graminis	189425	S	161	69	230	0.00001
Paenibacillus_lautus	1401	S	161	160	321	0.00002
Paenibacillus_alvei	44250	S	145	15	160	0.00001
Paenibacillus_lutimineralis	2707005	S	144	16	160	0.00001
Paenibacillus_bovis	1616788	S	138	14	152	0.00001
Paenibacillus_lentus	1338368	S	134	11	145	0.00001
Paenibacillus_pabuli	1472	S	116	34	150	0.00001
Paenibacillus_jilunlii	682956	S	112	62	174	0.00001
Paenibacillus_psychroresistens	1778678	S	110	5	115	0.00001
Paenibacillus_baekrokdamisoli	1712516	S	108	9	117	0.00001
Paenibacillus_odorifer	189426	S	101	15	116	0.00001
Paenibacillus_kribbensis	172713	S	99	30	129	0.00001
Paenibacillus_larvae	1464	S	94	12	106	0.00001
Paenibacillus_terrae	159743	S	86	34	120	0.00001
Paenibacillus_brasilensis	128574	S	73	27	100	0.00000
Paenibacillus_uliginis	683737	S	73	63	136	0.00001
Paenibacillus_crassostreae	1763538	S	71	9	80	0.00000
Paenibacillus_antarcticus	253703	S	45	5	50	0.00000
Paenibacillus_glucanolyticus	59843	S	26	124	150	0.00001
Brevibacillus_marinus	2496837	S	713	87	800	0.00004
Brevibacillus_composti	2796470	S	522	104	626	0.00003
Brevibacillus_agri	51101	S	486	95	581	0.00003
Brevibacillus_sp._MMS20-4M-10-Y	2895522	S	279	28	307	0.00002
Brevibacillus_sp._HD3.3A	2738979	S	48	191	239	0.00001
Brevibacillus_sp._DP1.3A	2738867	S	34	27	61	0.00000
Brevibacillus_brevis	1393	S	306	142	448	0.00002
Brevibacillus_choshinensis	54911	S	258	45	303	0.00001
Brevibacillus_laterosporus	1465	S	143	156	299	0.00001
Brevibacillus_parabrevis	54914	S	40	165	205	0.00001
Brevibacillus_formosus	54913	S	39	30	69	0.00000
Cohnella_candidum	2674991	S	889	98	987	0.00005
Cohnella_sp._LGH	1619153	S	601	220	821	0.00004
Cohnella_sp._MFER-1	2728023	S	277	40	317	0.00002
Cohnella_cholangitidis	2598458	S	305	56	361	0.00002
Cohnella_abietis	2507935	S	84	9	93	0.00000
Saccharibacillus_brassicae	2583377	S	1816	179	1995	0.00010
Thermobacillus_composti	377615	S	1701	214	1915	0.00009
Aneurinibacillus_soli	1500254	S	134	172	306	0.00002
Planococcus_glaciei	459472	S	16283	3458	19741	0.00097
Planococcus_sp._107-1	2908840	S	10389	2903	13292	0.00066
Planococcus_sp._MB-3u-03	2058136	S	3890	1244	5134	0.00025
Planococcus_sp._PAMC_21323	1526927	S	85	24	109	0.00001
Planococcus_rifietoensis	200991	S	4580	1677	6257	0.00031
Planococcus_plakortidis	1038856	S	2474	887	3361	0.00017
Planococcus_massiliensis	1499687	S	1693	188	1881	0.00009
Planococcus_maritimus	192421	S	1483	433	1916	0.00009
Planococcus_halotolerans	2233542	S	431	102	533	0.00003
Planococcus_lenghuensis	2213202	S	191	32	223	0.00001
Planococcus_antarcticus	161360	S	181	40	221	0.00001
Planococcus_versutus	1302659	S	97	28	125	0.00001
Planococcus_halocryophilus	1215089	S	82	26	108	0.00001
Planococcus_donghaensis	414778	S	61	22	83	0.00000
Planococcus_faecalis	1598147	S	50	57	107	0.00001
Planococcus_kocurii	1374	S	41	48	89	0.00000
Sporosarcina_sp._Te-1	2818390	S	78	17	95	0.00000
Sporosarcina_sp._Marseille-Q4063	2810514	S	72	18	90	0.00000
Sporosarcina_sp._PTS2304	2283194	S	33	34	67	0.00000
Sporosarcina_sp._resist	2762563	S	31	56	87	0.00000
Sporosarcina_ureae	1571	S	151	30	181	0.00001
Sporosarcina_ureilytica	298596	S	37	8	45	0.00000
Sporosarcina_pasteurii	1474	S	26	5	31	0.00000
Sporosarcina_psychrophila	1476	S	16	31	47	0.00000
Solibacillus_silvestris	76853	S	351	100	451	0.00002
Solibacillus_sp._R5-41	2048654	S	69	22	91	0.00000
Ureibacillus_thermosphaericus	51173	S	94	72	166	0.00001
Ureibacillus_thermophilus	367743	S	65	22	87	0.00000
Paenisporosarcina_antarctica	417367	S	59	14	73	0.00000
Paenisporosarcina_cavernae	2320858	S	33	14	47	0.00000
Jeotgalibacillus_malaysiensis	1508404	S	78	20	98	0.00000
Kurthia_sp._11kri321	1750719	S	22	9	31	0.00000
Kurthia_zopfii	1650	S	20	7	27	0.00000
Viridibacillus_sp._JNUCC-6	2779527	S	45	11	56	0.00000
Rummeliibacillus_stabekisii	241244	S	42	14	56	0.00000
Exiguobacterium_mexicanum	340146	S	3909	953	4862	0.00024
Exiguobacterium_alkaliphilum	1428684	S	794	185	979	0.00005
Exiguobacterium_sp._Helios	2735868	S	132	39	171	0.00001
Exiguobacterium_sp._MH3	1399115	S	117	89	206	0.00001
Exiguobacterium_sp._N4-1P	2051906	S	111	55	166	0.00001
Exiguobacterium_sp._PFWT01	2829816	S	89	102	191	0.00001
Exiguobacterium_sp._AT1b	360911	S	59	66	125	0.00001
Exiguobacterium_sp._ZWU0009	1224749	S	27	96	123	0.00001
Exiguobacterium_acetylicum	41170	S	343	306	649	0.00003
Exiguobacterium_sibiricum	332410	S	306	95	401	0.00002
Exiguobacterium_antarcticum	132920	S	91	23	114	0.00001
Gemella_sp._zg-570	2840371	S	13	11	24	0.00000
Gemella_haemolysans	1379	S	12	5	17	0.00000
Gemella_sanguinis	84135	S	10	6	16	0.00000
Novibacillus_thermophilus	1471761	S	3703	376	4079	0.00020
Kroppenstedtia_eburnea	714067	S	685	55	740	0.00004
Kroppenstedtia_pulmonis	1380685	S	104	6	110	0.00001
Staphylospora_marina	2490858	S	498	65	563	0.00003
Thermoactinomyces_vulgaris	2026	S	318	50	368	0.00002
Polycladomyces_abyssicola	1125966	S	276	21	297	0.00001
Laceyella_sacchari	37482	S	204	37	241	0.00001
Alicyclobacillus_acidocaldarius	405212	S	1835	131	1966	0.00010
Alicyclobacillus_acidoterrestris	1450	S	248	32	280	0.00001
Alicyclobacillus_sp._SO9	2665646	S	127	8	135	0.00001
Alicyclobacillus_sp._TC	2606450	S	45	5	50	0.00000
Alicyclobacillus_mengziensis	2931921	S	174	10	184	0.00001
Tumebacillus_avium	1903704	S	1191	465	1656	0.00008
Tumebacillus_algifaecis	1214604	S	423	139	562	0.00003
Kyrpidia_spormannii	2055160	S	256	126	382	0.00002
Kyrpidia_tusciae	33943	S	198	138	336	0.00002
Effusibacillus_dendaii	2743772	S	135	14	149	0.00001
Staphylococcus_aureus	1280	S	102	4626	4728	0.00023
Staphylococcus_sp._CCM_9025	2892440	S	17	6	23	0.00000
Staphylococcus_sp._17KM0847	2583989	S	14	5	19	0.00000
Staphylococcus_sp._MI_10-1553	1912064	S	13	4	17	0.00000
Staphylococcus_epidermidis	1282	S	46	29	75	0.00000
Staphylococcus_pseudintermedius	283734	S	23	18	41	0.00000
Staphylococcus_delphini	53344	S	15	10	25	0.00000
Staphylococcus_haemolyticus	1283	S	34	27	61	0.00000
Staphylococcus_hominis	1290	S	32	15	47	0.00000
Staphylococcus_piscifermentans	70258	S	32	9	41	0.00000
Staphylococcus_simulans	1286	S	29	8	37	0.00000
Staphylococcus_pettenkoferi	170573	S	26	5	31	0.00000
Staphylococcus_lutrae	155085	S	26	9	35	0.00000
Staphylococcus_pasteuri	45972	S	22	13	35	0.00000
Staphylococcus_pseudoxylosus	2282419	S	21	8	29	0.00000
Staphylococcus_schleiferi	1295	S	20	22	42	0.00000
Staphylococcus_nepalensis	214473	S	19	5	24	0.00000
Staphylococcus_xylosus	1288	S	19	6	25	0.00000
Staphylococcus_simiae	308354	S	18	7	25	0.00000
Staphylococcus_saprophyticus	29385	S	18	6	24	0.00000
Staphylococcus_succinus	61015	S	18	4	22	0.00000
Staphylococcus_equorum	246432	S	17	17	34	0.00000
Staphylococcus_hyicus	1284	S	17	6	23	0.00000
Staphylococcus_auricularis	29379	S	16	4	20	0.00000
Staphylococcus_capitis	29388	S	15	11	26	0.00000
Staphylococcus_arlettae	29378	S	14	7	21	0.00000
Staphylococcus_cohnii	29382	S	13	7	20	0.00000
Staphylococcus_felis	46127	S	13	4	17	0.00000
Staphylococcus_lugdunensis	28035	S	12	48	60	0.00000
Staphylococcus_gallinarum	1293	S	12	0	12	0.00000
Staphylococcus_muscae	1294	S	12	4	16	0.00000
Staphylococcus_condimenti	70255	S	11	3	14	0.00000
Staphylococcus_chromogenes	46126	S	11	4	15	0.00000
Staphylococcus_saccharolyticus	33028	S	11	3	14	0.00000
Staphylococcus_kloosii	29384	S	10	4	14	0.00000
Jeotgalicoccus_sp._WY2	2708346	S	78	14	92	0.00000
Jeotgalicoccus_sp._ATCC_8456	946435	S	23	3	26	0.00000
Jeotgalicoccus_saudimassiliensis	1461582	S	61	7	68	0.00000
Mammaliicoccus_sciuri	1296	S	114	54	168	0.00001
Mammaliicoccus_vitulinus	71237	S	20	7	27	0.00000
Mammaliicoccus_stepanovicii	643214	S	11	3	14	0.00000
Macrococcus_brunensis	198483	S	29	7	36	0.00000
Macrococcus_armenti	2875764	S	25	11	36	0.00000
Macrococcus_caseolyticus	69966	S	18	46	64	0.00000
Macrococcus_canis	1855823	S	17	7	24	0.00000
Salinicoccus_halodurans	407035	S	75	18	93	0.00000
Nosocomiicoccus_ampullae	489910	S	33	4	37	0.00000
Abyssicoccus_albus	1817405	S	14	3	17	0.00000
Listeria_monocytogenes	1639	S	94	1812	1906	0.00009
Listeria_innocua	1642	S	37	37	74	0.00000
Listeria_grayi	1641	S	28	6	34	0.00000
Listeria_weihenstephanensis	1006155	S	28	5	33	0.00000
Listeria_seeligeri	1640	S	27	8	35	0.00000
Listeria_marthii	529731	S	22	6	28	0.00000
Listeria_sp._PSOL-1	1844999	S	22	4	26	0.00000
Listeria_ivanovii	1638	S	18	3	21	0.00000
Listeria_welshimeri	1643	S	15	7	22	0.00000
Brochothrix_thermosphacta	2756	S	49	12	61	0.00000
Sporolactobacillus_terrae	269673	S	126	14	140	0.00001
Limosilactobacillus_fermentum	1613	S	165	89	254	0.00001
Limosilactobacillus_pontis	35787	S	135	55	190	0.00001
Limosilactobacillus_mucosae	97478	S	59	24	83	0.00000
Limosilactobacillus_reuteri	1598	S	49	36	85	0.00000
Limosilactobacillus_panis	47493	S	42	13	55	0.00000
Limosilactobacillus_frumenti	104955	S	10	2	12	0.00000
Lactobacillus_delbrueckii	1584	S	177	299	476	0.00002
Lactobacillus_sp._CBA3606	2099789	S	17	7	24	0.00000
Lactobacillus_sp._3B(2020)	2695882	S	16	4	20	0.00000
Lactobacillus_acetotolerans	1600	S	17	3	20	0.00000
Lactobacillus_panisapium	2012495	S	17	2	19	0.00000
Lactobacillus_amylovorus	1604	S	16	12	28	0.00000
Lactobacillus_jensenii	109790	S	16	21	37	0.00000
Lactobacillus_amylolyticus	83683	S	15	5	20	0.00000
Lactobacillus_crispatus	47770	S	14	6	20	0.00000
Lactobacillus_gasseri	1596	S	12	22	34	0.00000
Lactobacillus_kefiranofaciens	267818	S	11	7	18	0.00000
Lactobacillus_apis	303541	S	10	1	11	0.00000
Levilactobacillus_zymae	267363	S	156	39	195	0.00001
Levilactobacillus_brevis	1580	S	93	26	119	0.00001
Levilactobacillus_suantsaii	2292255	S	74	23	97	0.00000
Levilactobacillus_koreensis	637971	S	39	4	43	0.00000
Lacticaseibacillus_rhamnosus	47715	S	76	10	86	0.00000
Lacticaseibacillus_casei	1582	S	67	16	83	0.00000
Lacticaseibacillus_manihotivorans	88233	S	41	9	50	0.00000
Lacticaseibacillus_zeae	57037	S	35	10	45	0.00000
Lacticaseibacillus_paracasei	1597	S	34	149	183	0.00001
Lacticaseibacillus_chiayiensis	2100821	S	26	3	29	0.00000
Lactiplantibacillus_pentosus	1589	S	83	22	105	0.00001
Lactiplantibacillus_plantarum	1590	S	48	45	93	0.00000
Lactiplantibacillus_paraplantarum	60520	S	20	6	26	0.00000
Schleiferilactobacillus_harbinensis	304207	S	175	15	190	0.00001
Weissella_cibaria	137591	S	32	32	64	0.00000
Weissella_confusa	1583	S	21	23	44	0.00000
Weissella_coleopterorum	2714949	S	16	9	25	0.00000
Ligilactobacillus_ruminis	1623	S	38	10	48	0.00000
Ligilactobacillus_acidipiscis	89059	S	22	7	29	0.00000
Ligilactobacillus_agilis	1601	S	21	10	31	0.00000
Ligilactobacillus_salivarius	1624	S	21	15	36	0.00000
Ligilactobacillus_murinus	1622	S	14	18	32	0.00000
Ligilactobacillus_saerimneri	228229	S	14	13	27	0.00000
Leuconostoc_lactis	1246	S	21	35	56	0.00000
Leuconostoc_mesenteroides	1245	S	16	13	29	0.00000
Leuconostoc_gelidum	1244	S	14	2	16	0.00000
Leuconostoc_pseudomesenteroides	33968	S	12	13	25	0.00000
Lentilactobacillus_buchneri	1581	S	37	9	46	0.00000
Lentilactobacillus_parabuchneri	152331	S	26	6	32	0.00000
Lentilactobacillus_kefiri	33962	S	20	5	25	0.00000
Lentilactobacillus_hilgardii	1588	S	19	3	22	0.00000
Lentilactobacillus_curieae	1138822	S	10	1	11	0.00000
Latilactobacillus_sakei	1599	S	35	19	54	0.00000
Latilactobacillus_curvatus	28038	S	24	10	34	0.00000
Latilactobacillus_fuchuensis	164393	S	18	0	18	0.00000
Oenococcus_kitaharae	336988	S	41	2	43	0.00000
Oenococcus_oeni	1247	S	18	1	19	0.00000
Oenococcus_sp._UCMA_16435	2259623	S	16	1	17	0.00000
Oenococcus_sicerae	2203724	S	11	0	11	0.00000
Pediococcus_pentosaceus	1255	S	28	9	37	0.00000
Pediococcus_acidilactici	1254	S	19	6	25	0.00000
Pediococcus_inopinatus	114090	S	14	6	20	0.00000
Pediococcus_claussenii	187452	S	14	3	17	0.00000
Pediococcus_damnosus	51663	S	12	4	16	0.00000
Companilactobacillus_crustorum	392416	S	17	10	27	0.00000
Companilactobacillus_heilongjiangensis	1074467	S	12	4	16	0.00000
Loigolactobacillus_coryniformis	1610	S	40	24	64	0.00000
Loigolactobacillus_bifermentans	1607	S	20	4	24	0.00000
Secundilactobacillus_paracollinoides	240427	S	38	11	49	0.00000
Secundilactobacillus_malefermentans	176292	S	17	5	22	0.00000
Paucilactobacillus_nenjiangensis	1296540	S	15	10	25	0.00000
Paucilactobacillus_oligofermentans	293371	S	10	3	13	0.00000
Periweissella_cryptocerci	2506420	S	31	2	33	0.00000
Furfurilactobacillus_rossiae	231049	S	30	4	34	0.00000
Liquorilactobacillus_hordei	468911	S	11	6	17	0.00000
Acetilactobacillus_jinshanensis	1720083	S	24	0	24	0.00000
Lapidilactobacillus_dextrinicus	51664	S	12	2	14	0.00000
Bombilactobacillus_bombi	1303590	S	12	1	13	0.00000
Amylolactobacillus_amylophilus	1603	S	10	6	16	0.00000
Streptococcus_suis	1307	S	102	340	442	0.00002
Streptococcus_sp._HKU75	2781599	S	17	8	25	0.00000
Streptococcus_sanguinis	1305	S	69	15	84	0.00000
Streptococcus_equi	1336	S	28	8	36	0.00000
Streptococcus_dysgalactiae	1334	S	18	56	74	0.00000
Streptococcus_cristatus	45634	S	31	33	64	0.00000
Streptococcus_pneumoniae	1313	S	30	21	51	0.00000
Streptococcus_pyogenes	1314	S	29	53	82	0.00000
Streptococcus_mitis	28037	S	23	19	42	0.00000
Streptococcus_anginosus	1328	S	11	20	31	0.00000
Streptococcus_urinalis	149016	S	21	9	30	0.00000
Streptococcus_chenjunshii	2173853	S	20	1	21	0.00000
Streptococcus_halichoeri	254785	S	20	21	41	0.00000
Streptococcus_equinus	1335	S	20	13	33	0.00000
Streptococcus_oralis	1303	S	19	16	35	0.00000
Streptococcus_gordonii	1302	S	19	6	25	0.00000
Streptococcus_respiraculi	2021971	S	18	3	21	0.00000
Streptococcus_himalayensis	1888195	S	16	2	18	0.00000
Streptococcus_sobrinus	1310	S	16	2	18	0.00000
Streptococcus_parasuis	1501662	S	15	25	40	0.00000
Streptococcus_mutans	1309	S	15	5	20	0.00000
Streptococcus_ferus	1345	S	14	2	16	0.00000
Streptococcus_pantholopis	1811193	S	14	1	15	0.00000
Streptococcus_thermophilus	1308	S	14	765	779	0.00004
Streptococcus_merionis	400065	S	14	1	15	0.00000
Streptococcus_infantis	68892	S	13	4	17	0.00000
Streptococcus_salivarius	1304	S	12	12	24	0.00000
Streptococcus_pluranimalium	82348	S	12	4	16	0.00000
Streptococcus_ratti	1341	S	11	1	12	0.00000
Streptococcus_acidominimus	1326	S	11	3	14	0.00000
Lactococcus_garvieae	1363	S	38	153	191	0.00001
Lactococcus_raffinolactis	1366	S	28	8	36	0.00000
Lactococcus_lactis	1358	S	17	17	34	0.00000
Lactococcus_cremoris	1359	S	15	6	21	0.00000
Lactococcus_protaetiae	2592653	S	10	1	11	0.00000
Enterococcus_casseliflavus	37734	S	111	184	295	0.00001
Enterococcus_mundtii	53346	S	62	23	85	0.00000
Enterococcus_avium	33945	S	45	19	64	0.00000
Enterococcus_raffinosus	71452	S	40	18	58	0.00000
Enterococcus_faecalis	1351	S	31	24	55	0.00000
Enterococcus_wangshanyuanii	2005703	S	29	2	31	0.00000
Enterococcus_cecorum	44008	S	27	16	43	0.00000
Enterococcus_gilvus	160453	S	25	8	33	0.00000
Enterococcus_faecium	1352	S	22	351	373	0.00002
Enterococcus_rotai	118060	S	17	0	17	0.00000
Enterococcus_hirae	1354	S	17	10	27	0.00000
Enterococcus_durans	53345	S	13	9	22	0.00000
Enterococcus_saigonensis	1805431	S	10	11	21	0.00000
Vagococcus_lutrae	81947	S	32	47	79	0.00000
Vagococcus_fluvialis	2738	S	26	18	44	0.00000
Vagococcus_penaei	633807	S	13	3	16	0.00000
Vagococcus_zengguangii	2571750	S	12	5	17	0.00000
Vagococcus_coleopterorum	2714946	S	11	3	14	0.00000
Vagococcus_carniphilus	218144	S	10	4	14	0.00000
Vagococcus_xieshaowenii	2562451	S	10	6	16	0.00000
Vagococcus_hydrophili	2714947	S	10	3	13	0.00000
Tetragenococcus_halophilus	51669	S	86	33	119	0.00001
Tetragenococcus_koreensis	290335	S	19	7	26	0.00000
Melissococcus_plutonius	33970	S	19	3	22	0.00000
Carnobacterium_sp._17-4	208596	S	18	39	57	0.00000
Carnobacterium_divergens	2748	S	25	4	29	0.00000
Carnobacterium_maltaromaticum	2751	S	22	8	30	0.00000
Carnobacterium_inhibens	147709	S	21	13	34	0.00000
Carnobacterium_viridans	174587	S	11	6	17	0.00000
Jeotgalibaca_ciconiae	2496265	S	27	8	35	0.00000
Jeotgalibaca_porci	1868793	S	25	12	37	0.00000
Jeotgalibaca_dankookensis	708126	S	24	4	28	0.00000
Jeotgalibaca_arthritidis	1868794	S	23	32	55	0.00000
Jeotgalibaca_sp._MA1X17-3	2908211	S	18	3	21	0.00000
Marinilactibacillus_sp._15R	1911586	S	45	13	58	0.00000
Dolosigranulum_pigrum	29394	S	41	9	50	0.00000
Aerococcus_sanguinicola	119206	S	38	5	43	0.00000
Aerococcus_urinaeequi	51665	S	37	86	123	0.00001
Aerococcus_urinae	1376	S	26	5	31	0.00000
Suicoccus_acidiformans	2036206	S	47	23	70	0.00000
Abiotrophia_defectiva	46125	S	16	3	19	0.00000
Ignavigranum_ruoffiae	89093	S	12	1	13	0.00000
Faecalibacterium_prausnitzii	853	S	1389	1114	2503	0.00012
Dysosmobacter_sp._Marseille-Q4140	2830675	S	537	181	718	0.00004
Dysosmobacter_welbionis	2093857	S	418	240	658	0.00003
Flavonifractor_plautii	292800	S	872	182	1054	0.00005
Vescimonas_coprocola	2714355	S	271	190	461	0.00002
Vescimonas_fastidiosa	2714353	S	189	217	406	0.00002
Ethanoligenens_harbinense	253239	S	449	19	468	0.00002
Ruthenibacterium_lactatiformans	1550024	S	418	97	515	0.00003
Anaerotruncus_colihominis	169435	S	346	150	496	0.00002
Caproiciproducens_sp._NJN-50	2507162	S	331	31	362	0.00002
Oscillibacter_sp._NSJ-62	2763056	S	319	82	401	0.00002
Acetivibrio_saccincola	1677857	S	180	88	268	0.00001
Acetivibrio_clariflavus	288965	S	55	28	83	0.00000
Acetivibrio_thermocellus	1515	S	47	11	58	0.00000
Acutalibacter_muris	1796620	S	218	9	227	0.00001
Caproicibacter_fermentans	2576756	S	205	9	214	0.00001
Ruminococcus_champanellensis	1161942	S	104	6	110	0.00001
Ruminococcus_albus	1264	S	45	1	46	0.00000
Ruminococcus_bicirculans	1160721	S	18	3	21	0.00000
Ruminococcus_bovis	2564099	S	16	1	17	0.00000
Pusillibacter_faecalis	2714358	S	187	100	287	0.00001
Solibaculum_mannosilyticum	2780922	S	140	100	240	0.00001
Caproicibacterium_amylolyticum	2766537	S	76	6	82	0.00000
Caproicibacterium_lactatifermentans	2666138	S	57	7	64	0.00000
Ruminiclostridium_herbifermentans	2488810	S	66	13	79	0.00000
Ruminiclostridium_cellulolyticum	1521	S	29	5	34	0.00000
Pseudoclostridium_thermosuccinogenes	84032	S	77	14	91	0.00000
Thermoclostridium_stercorarium	1510	S	61	39	100	0.00000
Fastidiosipila_sanguinis	236753	S	39	19	58	0.00000
Monoglobus_pectinilyticus	1981510	S	27	10	37	0.00000
Mageeibacillus_indolicus	884684	S	21	21	42	0.00000
Thermaerobacter_sp._FW80	2546351	S	2035	389	2424	0.00012
Thermaerobacter_sp._PB12/4term	2293838	S	1426	338	1764	0.00009
Thermaerobacter_marianensis	73919	S	1762	418	2180	0.00011
Intestinimonas_butyriciproducens	1297617	S	358	105	463	0.00002
Aminipila_luticellarii	2507160	S	81	7	88	0.00000
Aminipila_butyrica	433296	S	36	2	38	0.00000
Aminipila_terrae	2697030	S	33	2	35	0.00000
Emergencia_timonensis	1776384	S	119	33	152	0.00001
Mogibacterium_pumilum	86332	S	15	17	32	0.00000
Flintibacter_sp._KGMB00164	2610895	S	279	29	308	0.00002
Massilistercora_timonensis	2086584	S	157	123	280	0.00001
Carboxydocella_thermautotrophica	178899	S	115	8	123	0.00001
Clostridium_sp._C5S11	704125	S	108	10	118	0.00001
Clostridium_sp._SY8519	1042156	S	88	19	107	0.00001
Clostridium_sp._M62/1	411486	S	84	88	172	0.00001
Clostridium_sp._DL-VIII	641107	S	68	9	77	0.00000
Clostridium_sp._JN-9	2507159	S	46	5	51	0.00000
Clostridium_sp._BJN0001	2930219	S	43	7	50	0.00000
Clostridium_sp._BNL1100	755731	S	41	3	44	0.00000
Clostridium_sp._C1	1155388	S	40	27	67	0.00000
Clostridium_sp._JN-1	2483110	S	35	3	38	0.00000
Clostridium_sp._'deep_sea'	2779445	S	25	0	25	0.00000
Clostridium_sp._MD294	97138	S	17	0	17	0.00000
Clostridium_sp._AWRP	2212991	S	14	13	27	0.00000
Clostridium_perfringens	1502	S	195	38	233	0.00001
Clostridium_botulinum	1491	S	182	174	356	0.00002
Clostridium_beijerinckii	1520	S	124	175	299	0.00001
Clostridium_intestinale	36845	S	114	10	124	0.00001
Clostridium_baratii	1561	S	104	19	123	0.00001
Clostridium_pasteurianum	1501	S	80	8	88	0.00000
Clostridium_saccharobutylicum	169679	S	79	10	89	0.00000
Clostridium_butyricum	1492	S	76	9	85	0.00000
Clostridium_kluyveri	1534	S	69	3	72	0.00000
Clostridium_bornimense	1216932	S	64	16	80	0.00000
Clostridium_saccharoperbutylacetonicum	36745	S	63	8	71	0.00000
Clostridium_argentinense	29341	S	58	5	63	0.00000
Clostridium_carboxidivorans	217159	S	56	10	66	0.00000
Clostridium_tetani	1513	S	49	10	59	0.00000
Clostridium_cellulovorans	1493	S	48	5	53	0.00000
Clostridium_manihotivorum	2320868	S	47	3	50	0.00000
Clostridium_aceticum	84022	S	47	3	50	0.00000
Clostridium_thermarum	1716543	S	47	20	67	0.00000
Clostridium_gasigenes	94869	S	46	5	51	0.00000
Clostridium_isatidis	182773	S	39	12	51	0.00000
Clostridium_septicum	1504	S	39	7	46	0.00000
Clostridium_cadaveris	1529	S	38	7	45	0.00000
Clostridium_tyrobutyricum	1519	S	37	2	39	0.00000
Clostridium_chauvoei	46867	S	35	6	41	0.00000
Clostridium_sporogenes	1509	S	33	134	167	0.00001
Clostridium_estertheticum	238834	S	33	4	37	0.00000
Clostridium_drakei	332101	S	31	16	47	0.00000
Clostridium_fermenticellae	2068654	S	30	2	32	0.00000
Clostridium_taeniosporum	394958	S	28	3	31	0.00000
Clostridium_cochlearium	1494	S	24	5	29	0.00000
Clostridium_scatologenes	1548	S	22	14	36	0.00000
Clostridium_novyi	1542	S	22	98	120	0.00001
Clostridium_formicaceticum	1497	S	21	2	23	0.00000
Clostridium_acetobutylicum	1488	S	20	0	20	0.00000
Clostridium_diolis	223919	S	11	96	107	0.00001
Alkaliphilus_sp._B6464	2731219	S	106	21	127	0.00001
Alkaliphilus_oremlandii	461876	S	75	15	90	0.00000
Alkaliphilus_metalliredigens	208226	S	32	4	36	0.00000
Hungatella_hathewayi	154046	S	143	4	147	0.00001
Paraclostridium_bifermentans	1490	S	100	24	124	0.00001
Crassaminicella_thermophila	2599308	S	33	7	40	0.00000
Crassaminicella_profunda	1286698	S	24	3	27	0.00000
Crassaminicella_sp._143-21	2855394	S	15	4	19	0.00000
Geosporobacter_ferrireducens	1424294	S	56	6	62	0.00000
Caloramator_sp._E03	2576307	S	43	3	46	0.00000
Serpentinicella_alkaliphila	1734049	S	24	2	26	0.00000
Hathewaya_histolytica	1498	S	18	4	22	0.00000
Sarcina_sp._JB2	2726954	S	10	3	13	0.00000
[Clostridium]_scindens	29347	S	133	43	176	0.00001
[Clostridium]_hylemonae	89153	S	122	28	150	0.00001
Lachnoclostridium_phocaeense	1871021	S	106	70	176	0.00001
Lachnoclostridium_phytofermentans	66219	S	49	2	51	0.00000
Lachnoclostridium_sp._YL32	1834196	S	41	58	99	0.00000
Blautia_producta	33035	S	95	20	115	0.00001
Blautia_sp._NBRC_113351	2877527	S	54	49	103	0.00001
Blautia_sp._SC05B48	2479767	S	11	30	41	0.00000
Blautia_pseudococcoides	1796616	S	49	7	56	0.00000
Blautia_obeum	40520	S	37	31	68	0.00000
Blautia_liquoris	2779518	S	24	1	25	0.00000
Blautia_argi	1912897	S	15	10	25	0.00000
Blautia_massiliensis	1737424	S	14	31	45	0.00000
Blautia_hansenii	1322	S	10	6	16	0.00000
Lachnospiraceae_bacterium_NSJ-29	2763667	S	99	23	122	0.00001
Lachnospiraceae_bacterium_NSJ-38	2763669	S	90	27	117	0.00001
Lachnospiraceae_bacterium_sunii_NSJ-8	2763672	S	43	26	69	0.00000
Lachnospiraceae_bacterium_NSJ-4	2763670	S	33	27	60	0.00000
Anaerocolumna_cellulosilytica	433286	S	104	7	111	0.00001
Anaerocolumna_sedimenticola	2696063	S	61	5	66	0.00000
Anaerocolumna_chitinilytica	1727145	S	49	2	51	0.00000
Roseburia_hominis	301301	S	119	104	223	0.00001
Roseburia_intestinalis	166486	S	30	29	59	0.00000
Roseburia_sp._NSJ-69	2763062	S	12	5	17	0.00000
Enterocloster_bolteae	208479	S	150	38	188	0.00001
Enterocloster_clostridioformis	1531	S	22	54	76	0.00000
Lacrimispora_sphenoides	29370	S	85	8	93	0.00000
Lacrimispora_saccharolytica	84030	S	49	8	57	0.00000
Coprococcus_comes	410072	S	57	50	107	0.00001
Coprococcus_catus	116085	S	42	20	62	0.00000
Coprococcus_eutactus	33043	S	25	24	49	0.00000
Anaerostipes_caccae	105841	S	60	8	68	0.00000
Anaerostipes_rhamnosivorans	1229621	S	33	10	43	0.00000
Anaerostipes_hadrus	649756	S	19	14	33	0.00000
Herbinix_luporum	1679721	S	83	43	126	0.00001
Butyrivibrio_fibrisolvens	831	S	45	8	53	0.00000
Butyrivibrio_proteoclasticus	43305	S	22	3	25	0.00000
Butyrivibrio_hungatei	185008	S	10	1	11	0.00000
Anaerotignum_propionicum	28446	S	65	5	70	0.00000
[Ruminococcus]_gnavus	33038	S	35	26	61	0.00000
[Ruminococcus]_torques	33039	S	29	21	50	0.00000
Cellulosilyticum_lentocellum	29360	S	12	27	39	0.00000
Sellimonas_intestinalis	1653434	S	37	16	53	0.00000
Novisyntrophococcus_fermenticellae	2068655	S	36	3	39	0.00000
Anaerobutyricum_hallii	39488	S	36	11	47	0.00000
Dorea_longicatena	88431	S	31	26	57	0.00000
Faecalicatena_sp._Marseille-Q4148	2823316	S	25	10	35	0.00000
Pseudobutyrivibrio_xylanivorans	185007	S	21	1	22	0.00000
Lachnospira_eligens	39485	S	19	2	21	0.00000
Lachnoanaerobaculum_umeaense	617123	S	14	3	17	0.00000
Symbiobacterium_thermophilum	2734	S	2602	163	2765	0.00014
Candidatus_Desulforudis_audaxviator	471827	S	649	27	676	0.00003
Desulforamulus_ruminis	1564	S	126	16	142	0.00001
Desulforamulus_ferrireducens	1833852	S	124	66	190	0.00001
Desulforamulus_reducens	59610	S	44	8	52	0.00000
Acididesulfobacillus_acetoxydans	1561005	S	221	6	227	0.00001
Candidatus_Formimonas_warabiya	1761012	S	148	7	155	0.00001
Thermanaerosceptrum_fracticalcis	1712410	S	82	9	91	0.00000
Dehalobacterium_formicoaceticum	51515	S	67	10	77	0.00000
Desulfofarcimen_acetoxidans	58138	S	57	4	61	0.00000
Romboutsia_ilealis	1115758	S	387	141	528	0.00003
Romboutsia_sp._CE17	2724150	S	85	28	113	0.00001
Romboutsia_hominis	1507512	S	54	15	69	0.00000
Terrisporobacter_sp._MCA3	2813371	S	136	15	151	0.00001
Clostridioides_difficile	1496	S	68	1822	1890	0.00009
Clostridioides_sp._ES-S-0054-01	2770780	S	14	26	40	0.00000
Paeniclostridium_sordellii	1505	S	89	16	105	0.00001
Peptoclostridium_acidaminophilum	1731	S	72	9	81	0.00000
Tepidibacter_sp._8C15b	2925782	S	40	6	46	0.00000
Acetoanaerobium_sticklandii	1511	S	31	2	33	0.00000
Peptacetobacter_hiranonis	89152	S	24	4	28	0.00000
Filifactor_alocis	143361	S	13	14	27	0.00000
Desulfosporosinus_youngiae	339862	S	164	31	195	0.00001
Desulfosporosinus_meridiei	79209	S	162	37	199	0.00001
Desulfosporosinus_orientis	1563	S	95	13	108	0.00001
Desulfosporosinus_acidiphilus	885581	S	51	6	57	0.00000
Desulfitobacterium_hafniense	49338	S	124	16	140	0.00001
Desulfitobacterium_dichloroeliminans	233055	S	69	46	115	0.00001
Desulfitobacterium_metallireducens	142877	S	49	8	57	0.00000
Desulfitobacterium_dehalogenans	36854	S	47	8	55	0.00000
Dehalobacter_restrictus	55583	S	37	51	88	0.00000
Syntrophobotulus_glycolicus	51197	S	73	3	76	0.00000
Eubacterium_limosum	1736	S	87	72	159	0.00001
Eubacterium_sp._c-25	2841037	S	27	11	38	0.00000
Eubacterium_sp._MSJ-33	2841528	S	26	13	39	0.00000
Eubacterium_sp._NSJ-61	2764325	S	14	15	29	0.00000
Eubacterium_callanderi	53442	S	54	35	89	0.00000
Eubacterium_maltosivorans	2041044	S	49	170	219	0.00001
Acetobacterium_sp._KB-1	2184575	S	86	18	104	0.00001
Acetobacterium_wieringae	52694	S	80	32	112	0.00001
Acetobacterium_woodii	33952	S	31	4	35	0.00000
Alkalibacter_sp._ES005	2815577	S	89	4	93	0.00000
Christensenella_sp._Marseille-P3954	2086585	S	574	219	793	0.00004
Christensenella_minuta	626937	S	198	44	242	0.00001
Heliomicrobium_modesticaldum	35701	S	667	232	899	0.00004
Heliorestis_convoluta	356322	S	48	2	50	0.00000
Syntrophothermus_lipocalidus	86170	S	126	10	136	0.00001
Syntrophomonas_wolfei	863	S	53	10	63	0.00000
Candidatus_Contubernalis_alkalaceticum	338645	S	51	1	52	0.00000
Candidatus_Syntrophocurvum_alkaliphilum	2293317	S	27	6	33	0.00000
Desulfoscipio_gibsoniae	102134	S	165	10	175	0.00001
Desulfotomaculum_nigrificans	1565	S	102	35	137	0.00001
Thermincola_potens	863643	S	87	6	93	0.00000
Vallitalea_pronyensis	1348613	S	22	1	23	0.00000
Vallitalea_guaymasensis	1185412	S	21	1	22	0.00000
Petrocella_atlantisensis	2173034	S	27	3	30	0.00000
Caloranaerobacter_azorensis	116090	S	58	6	64	0.00000
Alkalicella_caledoniensis	2731377	S	40	4	44	0.00000
Moorella_sp._Hama-1	2138101	S	357	57	414	0.00002
Moorella_thermoacetica	1525	S	316	42	358	0.00002
Moorella_glycerini	55779	S	274	20	294	0.00001
Ammonifex_degensii	42838	S	359	9	368	0.00002
Gelria_sp._Kuro-4	2796927	S	861	47	908	0.00004
Thermacetogenium_phaeum	85874	S	358	237	595	0.00003
Carboxydothermus_hydrogenoformans	129958	S	124	8	132	0.00001
Thermoanaerobacter_mathranii	583357	S	34	68	102	0.00001
Thermoanaerobacter_kivui	2325	S	21	14	35	0.00000
Thermanaeromonas_toyohensis	161154	S	74	1	75	0.00000
Caldanaerobacter_subterraneus	911092	S	46	42	88	0.00000
Thermoanaerobacterium_thermosaccharolyticum	1517	S	36	116	152	0.00001
Thermoanaerobacterium_xylanolyticum	29329	S	17	35	52	0.00000
Caldicellulosiruptor_changbaiensis	1222016	S	20	60	80	0.00000
Mahella_australiensis	252966	S	106	40	146	0.00001
Zhaonella_formicivorans	2528593	S	89	10	99	0.00000
Thermodesulfobium_acidiphilum	1794699	S	13	28	41	0.00000
Iocasia_fonsfrigidae	2682810	S	128	9	137	0.00001
Halothermothrix_orenii	31909	S	64	8	72	0.00000
Halanaerobium_hydrogeniformans	656519	S	20	11	31	0.00000
Halanaerobium_praevalens	2331	S	15	11	26	0.00000
Anoxybacter_fermentans	1323375	S	92	15	107	0.00001
Halobacteroides_halobius	42422	S	54	6	60	0.00000
Acetohalobium_arabaticum	28187	S	28	2	30	0.00000
Thermosediminibacter_oceani	291990	S	161	8	169	0.00001
Biomaibacter_acetigenes	2316383	S	116	4	120	0.00001
Tepidanaerobacter_acetatoxydans	499229	S	37	0	37	0.00000
Natranaerofaba_carboxydovora	2742683	S	56	2	58	0.00000
Natranaerobius_thermophilus	375929	S	29	6	35	0.00000
Koleobacter_methoxysyntrophicus	2751313	S	82	5	87	0.00000
Selenomonas_sp._oral_taxon_126	712528	S	448	122	570	0.00003
Selenomonas_sp._oral_taxon_920	1884263	S	305	68	373	0.00002
Selenomonas_sp._oral_taxon_478	712538	S	150	202	352	0.00002
Selenomonas_sp._oral_taxon_136	713030	S	112	141	253	0.00001
Selenomonas_sputigena	69823	S	772	52	824	0.00004
Selenomonas_timonae	2754044	S	305	146	451	0.00002
Selenomonas_ruminantium	971	S	128	9	137	0.00001
Megamonas_funiformis	437897	S	22	9	31	0.00000
Megamonas_hypermegale	158847	S	11	7	18	0.00000
Pectinatus_frisingensis	865	S	34	1	35	0.00000
Sporomusa_termitida	2377	S	164	14	178	0.00001
Pelosinus_sp._UFO1	484770	S	78	12	90	0.00000
Pelosinus_fermentans	365349	S	68	6	74	0.00000
Methylomusa_anaerophila	1930071	S	136	6	142	0.00001
Megasphaera_elsdenii	907	S	336	133	469	0.00002
Megasphaera_stantonii	2144175	S	269	116	385	0.00002
Megasphaera_massiliensis	1232428	S	132	38	170	0.00001
Dialister_pneumosintes	39950	S	29	84	113	0.00001
Veillonella_parvula	29466	S	26	25	51	0.00000
Veillonella_rodentium	248315	S	22	10	32	0.00000
Acidaminococcus_fermentans	905	S	213	30	243	0.00001
Acidaminococcus_intestini	187327	S	91	11	102	0.00001
Phascolarctobacterium_faecium	33025	S	63	4	67	0.00000
Phascolarctobacterium_succinatutens	626940	S	36	74	110	0.00001
Phascolarctobacterium_sp._Marseille-Q4147	2823317	S	29	21	50	0.00000
Limnochorda_pilosa	1555112	S	2328	68	2396	0.00012
Turicibacter_sp._H121	1712675	S	707	522	1229	0.00006
Turicibacter_sp._TJ11	2806443	S	86	56	142	0.00001
Turicibacter_sanguinis	154288	S	71	17	88	0.00000
Faecalibaculum_rodentium	1702221	S	135	23	158	0.00001
Allobaculum_sp._Allo2	2853432	S	72	11	83	0.00000
Allobaculum_mucolyticum	2834459	S	48	10	58	0.00000
Erysipelothrix_sp._Poltava	2935859	S	18	15	33	0.00000
Erysipelothrix_sp._HDW6B	2714929	S	13	1	14	0.00000
Erysipelothrix_sp._HDW6A	2714928	S	12	0	12	0.00000
Erysipelothrix_sp._HDW6C	2714930	S	11	1	12	0.00000
Erysipelothrix_larvae	1514105	S	21	2	23	0.00000
[Clostridium]_innocuum	1522	S	67	41	108	0.00001
Erysipelatoclostridium_ramosum	1547	S	18	6	24	0.00000
Intestinibaculum_porci	2487118	S	34	10	44	0.00000
Bulleidia_sp._zg-1006	2806552	S	23	6	29	0.00000
Faecalitalea_cylindroides	39483	S	16	24	40	0.00000
Longicatena_caecimuris	1796635	S	16	20	36	0.00000
Faecalibacillus_intestinalis	1982626	S	14	11	25	0.00000
Peptoniphilus_ivorii	54006	S	131	23	154	0.00001
Peptoniphilus_harei	54005	S	19	14	33	0.00000
Anaerococcus_mediterraneensis	1870984	S	36	55	91	0.00000
Anaerococcus_prevotii	33034	S	12	11	23	0.00000
Murdochiella_vaginalis	1852373	S	77	57	134	0.00001
Parvimonas_micra	33033	S	30	40	70	0.00000
Finegoldia_magna	1260	S	26	18	44	0.00000
Miniphocaeibacter_halophilus	2931922	S	21	1	22	0.00000
Helcococcus_kunzii	40091	S	14	4	18	0.00000
Schnuerera_ultunensis	45497	S	108	9	117	0.00001
Tissierella_sp._JN-28	2507161	S	51	8	59	0.00000
Keratinibaculum_paraultunense	1278232	S	37	9	46	0.00000
Gudongella_oleilytica	1582259	S	32	5	37	0.00000
Gottschalkia_acidurici	1556	S	79	6	85	0.00000
Ezakiella_coagulans	46507	S	109	213	322	0.00002
Ezakiella_massiliensis	1852374	S	24	10	34	0.00000
Sedimentibacter_sp._zth1	2816908	S	32	2	34	0.00000
Ndongobacter_massiliensis	1871025	S	112	70	182	0.00001
endosymbiont_'TC1'_of_Trimyema_compressum	243899	S	35	1	36	0.00000
Deinococcus_sp._NW-56	2080419	S	1328	191	1519	0.00007
Deinococcus_sp._TS-293	2737050	S	1198	122	1320	0.00007
Deinococcus_sp._KNUC1210	2917691	S	972	36	1008	0.00005
Deinococcus_sp._AJ005	2652443	S	713	61	774	0.00004
Deinococcus_sp._QL22	2939437	S	486	45	531	0.00003
Deinococcus_ficus	317577	S	4379	399	4778	0.00024
Deinococcus_maricopensis	309887	S	1758	140	1898	0.00009
Deinococcus_gobiensis	502394	S	1733	221	1954	0.00010
Deinococcus_actinosclerus	1768108	S	1596	1091	2687	0.00013
Deinococcus_metallilatus	1211322	S	1535	174	1709	0.00008
Deinococcus_irradiatisoli	2202254	S	1236	105	1341	0.00007
Deinococcus_peraridilitoris	432329	S	1108	49	1157	0.00006
Deinococcus_wulumuqiensis	980427	S	1098	460	1558	0.00008
Deinococcus_radiopugnans	57497	S	914	112	1026	0.00005
Deinococcus_radiodurans	1299	S	895	335	1230	0.00006
Deinococcus_geothermalis	68909	S	846	137	983	0.00005
Deinococcus_soli_(ex_Cha_et_al._2016)	1309411	S	664	720	1384	0.00007
Deinococcus_deserti	310783	S	606	41	647	0.00003
Deinococcus_psychrotolerans	2489213	S	596	15	611	0.00003
Deinococcus_proteolyticus	55148	S	558	134	692	0.00003
Deinococcus_radiophilus	32062	S	322	72	394	0.00002
Deinococcus_puniceus	1182568	S	312	53	365	0.00002
Thermus_thermophilus	274	S	829	949	1778	0.00009
Thermus_sp._CCB_US3_UF1	1111069	S	379	56	435	0.00002
Thermus_sp._NEB1569	2918899	S	90	175	265	0.00001
Thermus_oshimai	56957	S	430	84	514	0.00003
Thermus_aquaticus	271	S	377	56	433	0.00002
Thermus_brockianus	56956	S	359	71	430	0.00002
Thermus_caldilimi	2483360	S	151	41	192	0.00001
Thermus_scotoductus	37636	S	95	157	252	0.00001
Thermus_parvatiensis	456163	S	60	317	377	0.00002
Meiothermus_silvanus	52022	S	782	111	893	0.00004
Meiothermus_taiwanensis	172827	S	640	220	860	0.00004
Meiothermus_ruber	277	S	549	199	748	0.00004
Oceanithermus_profundus	187137	S	2227	201	2428	0.00012
Marinithermus_hydrothermalis	186192	S	1432	242	1674	0.00008
Truepera_radiovictrix	332249	S	2184	106	2290	0.00011
Synechococcus_sp._CBW1004	1353136	S	937	225	1162	0.00006
Synechococcus_sp._RSCCF101	2511069	S	698	130	828	0.00004
Synechococcus_sp._CBW1107	2789857	S	657	118	775	0.00004
Synechococcus_sp._SynAce01	1916956	S	459	47	506	0.00002
Synechococcus_sp._CBW1108	1353147	S	450	59	509	0.00003
Synechococcus_sp._JA-3-3Ab	321327	S	429	93	522	0.00003
Synechococcus_sp._CB0101	232348	S	375	76	451	0.00002
Synechococcus_sp._NB0720_10	2907159	S	326	78	404	0.00002
Synechococcus_sp._LA31	2741953	S	304	63	367	0.00002
Synechococcus_sp._LTW-R	2751170	S	286	65	351	0.00002
Synechococcus_sp._PCC_7336	195250	S	269	9	278	0.00001
Synechococcus_sp._JA-2-3B'a(2-13)	321332	S	264	53	317	0.00002
Synechococcus_sp._RS9909	221352	S	235	78	313	0.00002
Synechococcus_sp._A10-1-5-1	2936507	S	231	49	280	0.00001
Synechococcus_sp._KORDI-100	1280380	S	217	14	231	0.00001
Synechococcus_sp._WH_8101	59932	S	215	67	282	0.00001
Synechococcus_sp._HK01-R	2751171	S	211	33	244	0.00001
Synechococcus_sp._Minos11	221341	S	192	13	205	0.00001
Synechococcus_sp._NOUM97013	1442555	S	163	24	187	0.00001
Synechococcus_sp._PROS-U-1	1400866	S	144	24	168	0.00001
Synechococcus_sp._BMK-MC-1	1442551	S	136	49	185	0.00001
Synechococcus_sp._KORDI-49	585423	S	122	106	228	0.00001
Synechococcus_sp._KORDI-52	585425	S	122	35	157	0.00001
Synechococcus_sp._MEDNS5	1442554	S	116	35	151	0.00001
Synechococcus_sp._PROS-7-1	1442556	S	108	42	150	0.00001
Synechococcus_sp._BIOS-E4-1	1400864	S	105	10	115	0.00001
Synechococcus_sp._PCC_6312	195253	S	104	5	109	0.00001
Synechococcus_sp._BIOS-U3-1	1400865	S	89	9	98	0.00000
Synechococcus_sp._MIT_S9220	166309	S	87	12	99	0.00000
Synechococcus_sp._A15-127	1050624	S	84	72	156	0.00001
Synechococcus_sp._CBW1002	1353134	S	83	602	685	0.00003
Synechococcus_sp._A15-62	1050657	S	74	45	119	0.00001
Synechococcus_sp._CC9902	316279	S	72	7	79	0.00000
Synechococcus_sp._RS9907	221350	S	67	133	200	0.00001
Synechococcus_sp._CBW1006	1353138	S	65	414	479	0.00002
Synechococcus_sp._ROS8604	1442557	S	65	14	79	0.00000
Synechococcus_sp._A15-44	1050646	S	64	97	161	0.00001
Synechococcus_sp._PCC_7003	374981	S	58	17	75	0.00000
Synechococcus_sp._WH_8020	32052	S	56	9	65	0.00000
Synechococcus_sp._NIES-970	1827144	S	54	10	64	0.00000
Synechococcus_sp._WH_8109	166314	S	53	35	88	0.00000
Synechococcus_sp._RS9902	221345	S	47	82	129	0.00001
Synechococcus_sp._PROS-9-1	1968775	S	44	10	54	0.00000
Synechococcus_sp._TAK9802	1442558	S	41	85	126	0.00001
Synechococcus_sp._PCC_7502	1173263	S	35	2	37	0.00000
Synechococcus_sp._SYN20	1050714	S	29	37	66	0.00000
Synechococcus_sp._CC9311	64471	S	29	6	35	0.00000
Synechococcus_sp._M16.1	1442553	S	24	61	85	0.00000
Synechococcus_sp._A15-60	1050655	S	23	138	161	0.00001
Synechococcus_sp._MVIR-18-1	1386941	S	22	33	55	0.00000
Synechococcus_sp._A18-25c	1866938	S	19	118	137	0.00001
Synechococcus_sp._PCC_8807	195248	S	15	75	90	0.00000
Synechococcus_sp._PCC_7002	32049	S	14	53	67	0.00000
Synechococcus_sp._PCC_11901	2579791	S	12	49	61	0.00000
Synechococcus_elongatus	32046	S	452	23	475	0.00002
Dactylococcopsis_salina	292566	S	64	28	92	0.00000
Cyanobium_sp._NIES-981	1851505	S	767	222	989	0.00005
Cyanobium_sp._NS01	261284	S	558	182	740	0.00004
Cyanobium_gracile	59930	S	1026	192	1218	0.00006
Parasynechococcus_marenigrum	2881428	S	189	56	245	0.00001
Prochlorococcus_marinus	1219	S	138	21	159	0.00001
Chamaesiphon_minutus	1173032	S	190	12	202	0.00001
Synechocystis_sp._PCC_6714	1147	S	51	18	69	0.00000
Synechocystis_sp._CACIAM_05	1933929	S	13	96	109	0.00001
Acaryochloris_marina	155978	S	101	29	130	0.00001
Acaryochloris_sp._'Moss_Beach'	2740837	S	19	31	50	0.00000
Nostoc_sp._NIES-4103	2005458	S	165	40	205	0.00001
Nostoc_sp._UHCC_0702	2814655	S	138	31	169	0.00001
Nostoc_sp._C052	2576902	S	114	31	145	0.00001
Nostoc_sp._CENA543	1869241	S	107	18	125	0.00001
Nostoc_sp._MS1	2764711	S	97	33	130	0.00001
Nostoc_sp._'Lobaria_pulmonaria_(5183)_cyanobiont'	1618022	S	85	20	105	0.00001
Nostoc_sp._UHCC_0870	2914041	S	84	35	119	0.00001
Nostoc_sp._TCL26-01	2576904	S	78	13	91	0.00000
Nostoc_sp._PCC_7524	28072	S	75	17	92	0.00000
Nostoc_sp._'Peltigera_membranacea_cyanobiont'_N6	1261031	S	68	22	90	0.00000
Nostoc_sp._ATCC_53789	76335	S	59	93	152	0.00001
Nostoc_sp._C057	2576903	S	45	75	120	0.00001
Nostoc_sp._PCC_7107	317936	S	38	19	57	0.00000
Nostoc_sp._NIES-2111	1973475	S	31	76	107	0.00001
Nostoc_sp._TCL240-02	2572090	S	29	17	46	0.00000
Nostoc_sp._NIES-3756	1751286	S	25	72	97	0.00000
Nostoc_linckia	92942	S	164	39	203	0.00001
Nostoc_piscinale	224012	S	97	57	154	0.00001
Nostoc_edaphicum	264686	S	95	30	125	0.00001
Nostoc_punctiforme	272131	S	90	72	162	0.00001
Nostoc_sphaeroides	446679	S	79	49	128	0.00001
Nostoc_flagelliforme	1306274	S	77	32	109	0.00001
Nostoc_commune	1178	S	47	16	63	0.00000
Anabaena_sp._WA102	1647413	S	65	122	187	0.00001
Anabaena_sp._90	46234	S	34	270	304	0.00002
Anabaena_cylindrica	1165	S	72	25	97	0.00000
Cylindrospermum_stagnale	142864	S	88	38	126	0.00001
Trichormus_azollae	1164	S	64	13	77	0.00000
Richelia_sinica	1357545	S	28	6	34	0.00000
Calothrix_sp._NIES-2100	1954172	S	158	95	253	0.00001
Calothrix_sp._PCC_7716	2853227	S	132	86	218	0.00001
Calothrix_sp._NIES-3974	2005462	S	119	10	129	0.00001
Calothrix_sp._PCC_7507	99598	S	109	24	133	0.00001
Calothrix_sp._PCC_6303	1170562	S	75	21	96	0.00000
Calothrix_sp._336/3	1337936	S	68	19	87	0.00000
Calothrix_sp._NIES-2098	1954171	S	60	34	94	0.00000
Calothrix_brevissima	938406	S	149	54	203	0.00001
Calothrix_parasitica	1973486	S	122	7	129	0.00001
Sphaerospermopsis_torques-reginae	984207	S	107	37	144	0.00001
Sphaerospermopsis_kisseleviana	289435	S	72	27	99	0.00000
Nodularia_sphaerocarpa	137816	S	84	20	104	0.00001
Nodularia_spumigena	70799	S	75	24	99	0.00000
Dolichospermum_compactum	136073	S	85	109	194	0.00001
Dolichospermum_flos-aquae	1166	S	26	214	240	0.00001
Dolichospermum_sp._UHCC_0315A	1914871	S	19	132	151	0.00001
Anabaenopsis_circularis	109266	S	53	31	84	0.00000
Anabaenopsis_elenkinii	156213	S	51	8	59	0.00000
Scytonema_sp._NIES-4073	2005464	S	244	95	339	0.00002
Scytonema_sp._HK-05	1137095	S	159	53	212	0.00001
Brasilonema_sennae	1397703	S	97	10	107	0.00001
Fischerella_sp._NIES-3754	1752063	S	158	34	192	0.00001
Fischerella_sp._NIES-4106	2005456	S	92	11	103	0.00001
Tolypothrix_tenuis	457083	S	112	46	158	0.00001
Tolypothrix_sp._PCC_7910	2099387	S	94	28	122	0.00001
Rivularia_sp._PCC_7116	373994	S	76	4	80	0.00000
Leptolyngbya_sp._7M	2812896	S	2625	155	2780	0.00014
Leptolyngbya_sp._BL0902	1115757	S	394	27	421	0.00002
Leptolyngbya_sp._NIES-3755	1752064	S	105	12	117	0.00001
Leptolyngbya_sp._PCC_7376	111781	S	51	5	56	0.00000
Leptolyngbya_boryana	1184	S	141	0	141	0.00001
Kovacikia_minuta	2931930	S	507	56	563	0.00003
Leptothermofonsia_sichuanensis	2917832	S	228	29	257	0.00001
Leptodesmis_sichuanensis	2906798	S	169	25	194	0.00001
Thermoleptolyngbya_sp._PKUAC-SCTB121	2811482	S	30	535	565	0.00003
Halomicronema_hongdechloris	1209493	S	322	14	336	0.00002
Thermosynechococcus_sp._NK55a	1394889	S	61	23	84	0.00000
Thermosynechococcus_sp._TA-1	2813673	S	32	40	72	0.00000
Thermosynechococcus_sp._CL-1	2583530	S	27	35	62	0.00000
Thermosynechococcus_vestitus	146786	S	97	29	126	0.00001
Pseudanabaena_sp._PCC_7367	82654	S	97	3	100	0.00000
Pseudanabaena_sp._ABRG5-3	685565	S	74	4	78	0.00000
Gloeobacter_kilaueensis	1416614	S	1208	29	1237	0.00006
Gloeobacter_morelensis	2907343	S	868	351	1219	0.00006
Gloeobacter_violaceus	33072	S	867	386	1253	0.00006
Anthocerotibacter_panamensis	2857077	S	303	7	310	0.00002
Geitlerinema_sp._PCC_7407	1173025	S	683	111	794	0.00004
Allocoleopsis_franciscana	2886352	S	156	18	174	0.00001
Moorena_producens	1155739	S	503	14	517	0.00003
Oscillatoria_nigro-viridis	482564	S	203	64	267	0.00001
Oscillatoria_acuminata	118323	S	111	7	118	0.00001
Microcoleus_vaginatus	119532	S	368	78	446	0.00002
Oxynema_aestuarii	2874213	S	284	26	310	0.00002
Planktothrix_rubescens	59512	S	14	19	33	0.00000
Planktothrix_agardhii	1160	S	12	21	33	0.00000
[Phormidium]_sp._ETS-05	222819	S	153	9	162	0.00001
Crinalium_epipsammum	241425	S	74	10	84	0.00000
Microcystis_aeruginosa	1126	S	222	230	452	0.00002
Microcystis_sp._MC19	1967666	S	29	16	45	0.00000
Gloeothece_verrucosa	2546359	S	55	4	59	0.00000
Gloeothece_citriformis	2546356	S	44	4	48	0.00000
Halothece_sp._PCC_7418	65093	S	63	24	87	0.00000
Euhalothece_natronophila	577489	S	24	3	27	0.00000
Rippkaea_orientalis	2546366	S	68	8	76	0.00000
Crocosphaera_subtropica	2546360	S	62	6	68	0.00000
Candidatus_Atelocyanobacterium_thalassa	713887	S	14	3	17	0.00000
Geminocystis_sp._NIES-3708	1615909	S	43	9	52	0.00000
Geminocystis_sp._NIES-3709	1617448	S	27	4	31	0.00000
Geminocystis_herdmanii	669359	S	50	7	57	0.00000
Gloeocapsa_sp._PCC_7428	1173026	S	96	11	107	0.00001
Chondrocystis_sp._NIES-4102	2005460	S	39	6	45	0.00000
Cyanobacterium_aponinum	379064	S	42	9	51	0.00000
Chroococcidiopsis_sp._CCMEE_29	155894	S	192	38	230	0.00001
Chroococcidiopsis_sp._CCNUC1	2653189	S	57	89	146	0.00001
Chroococcidiopsis_thermalis	54299	S	69	118	187	0.00001
Pleurocapsa_sp._PCC_7327	118163	S	151	20	171	0.00001
Stanieria_sp._NIES-3757	1807358	S	29	8	37	0.00000
Stanieria_cyanosphaera	102116	S	24	9	33	0.00000
Gloeomargarita_lithophora	1188228	S	103	4	107	0.00001
Thermostichus_lividus	33070	S	82	12	94	0.00000
cyanobacterium_endosymbiont_of_Rhopalodia_gibberula	1763363	S	15	3	18	0.00000
Sphaerobacter_thermophilus	2057	S	6396	431	6827	0.00034
Thermomicrobium_roseum	500	S	1463	34	1497	0.00007
Roseiflexus_sp._RS-1	357808	S	1643	331	1974	0.00010
Roseiflexus_castenholzii	120962	S	1599	342	1941	0.00010
Chloroflexus_aggregans	152260	S	798	224	1022	0.00005
Chloroflexus_aurantiacus	1108	S	755	148	903	0.00004
Tepidiforma_bonchosmolovskayae	2601677	S	4482	163	4645	0.00023
Candidatus_Promineofilum_breve	1806508	S	3734	63	3797	0.00019
Caldilinea_aerophila	133453	S	2172	177	2349	0.00012
Anaerolinea_thermophila	167964	S	784	72	856	0.00004
Pelolinea_submarina	913107	S	692	28	720	0.00004
Brevefilum_fermentans	1986204	S	262	7	269	0.00001
Dehalogenimonas_formicexedens	1839801	S	381	118	499	0.00002
Dehalogenimonas_sp._GP	1536648	S	261	80	341	0.00002
Dehalococcoides_mccartyi	61435	S	105	312	417	0.00002
Phototrophicus_methaneseepsis	2710758	S	785	10	795	0.00004
Ktedonosporobacter_rubrisoli	2509675	S	739	28	767	0.00004
Thermobaculum_terrenum	166501	S	626	73	699	0.00003
Fimbriimonas_ginsengisoli	1005039	S	2005	8	2013	0.00010
Chthonomonas_calidirosea	454171	S	445	2	447	0.00002
Mycoplasma_sp._(ex_Biomphalaria_glabrata)	1749074	S	16	2	18	0.00000
Mycoplasma_sp._SG1	2810348	S	11	0	11	0.00000
Mycoplasma_gallisepticum	2096	S	31	60	91	0.00000
Mycoplasma_genitalium	2097	S	17	0	17	0.00000
Mycoplasma_phocoenae	754517	S	12	12	24	0.00000
Mycoplasma_pneumoniae	2104	S	10	2	12	0.00000
Mycoplasmopsis_synoviae	2109	S	14	34	48	0.00000
Mycoplasmopsis_fermentans	2115	S	11	0	11	0.00000
Mesomycoplasma_hyopneumoniae	2099	S	11	15	26	0.00000
Alteracholeplasma_palmae	38986	S	41	7	48	0.00000
Acholeplasma_hippikon	264636	S	11	3	14	0.00000
Acholeplasma_laidlawii	2148	S	10	2	12	0.00000
Paracholeplasma_brassicae	61635	S	20	7	27	0.00000
Haploplasma_axanthum	29552	S	10	4	14	0.00000
Spiroplasma_litorale	216942	S	11	27	38	0.00000
Williamsoniiplasma_somnilux	215578	S	13	10	23	0.00000
Malacoplasma_iowae	2116	S	12	5	17	0.00000
Candidatus_Izimaplasma_sp._HR1	1541959	S	10	0	10	0.00000
Gemmata_obscuriglobus	114	S	32565	5004	37569	0.00185
Gemmata_massiliana	1210884	S	14371	5742	20113	0.00099
Gemmata_sp._SH-PL17	1630693	S	13340	6008	19348	0.00095
Urbifossiella_limnaea	2528023	S	62229	5248	67477	0.00333
Frigoriglobus_tundricola	2774151	S	38027	5859	43886	0.00216
Limnoglobus_roseus	2598579	S	26909	1243	28152	0.00139
Tuwongella_immobilis	692036	S	2567	112	2679	0.00013
Telmatocola_sphagniphila	1123043	S	2253	22	2275	0.00011
Lacipirellula_parvula	2650471	S	20476	2567	23043	0.00114
Lacipirellula_limnantheis	2528024	S	19150	2814	21964	0.00108
Pirellulimonas_nuda	2528009	S	11425	1394	12819	0.00063
Botrimarina_mediterranea	2528022	S	10201	1070	11271	0.00056
Aeoliella_mucimassa	2527972	S	4415	420	4835	0.00024
Adhaeretor_mobilis	1930276	S	2490	284	2774	0.00014
Bythopirellula_goksoeyrii	1400387	S	2456	205	2661	0.00013
Anatilimnocola_aggregata	2528021	S	8076	1066	9142	0.00045
Lignipirellula_cremea	2528010	S	7590	1048	8638	0.00043
Rosistilla_oblonga	2527990	S	1925	986	2911	0.00014
Rosistilla_carotiformis	2528017	S	1391	649	2040	0.00010
Rosistilla_ulvae	1930277	S	1238	776	2014	0.00010
Stieleria_maiorica	2795974	S	3107	689	3796	0.00019
Stieleria_neptunia	2527979	S	3052	367	3419	0.00017
Pirellula_staleyi	125	S	4343	183	4526	0.00022
Pirellula_sp._SH-Sr6A	1632865	S	977	30	1007	0.00005
Bremerella_volcania	2527984	S	5209	446	5655	0.00028
Roseimaritima_ulvae	980254	S	3029	231	3260	0.00016
Roseimaritima_multifibrata	1930274	S	908	121	1029	0.00005
Rubripirellula_lacrimiformis	1930273	S	1502	340	1842	0.00009
Mariniblastus_fucicola	980251	S	1173	25	1198	0.00006
Aureliella_helgolandensis	2527968	S	1173	110	1283	0.00006
Rhodopirellula_baltica	265606	S	1147	91	1238	0.00006
Thermogutta_terrifontis	1331910	S	1201	43	1244	0.00006
Tautonia_plasticadhaerens	2527974	S	40264	3472	43736	0.00216
Aquisphaera_giovannonii	406548	S	24182	4202	28384	0.00140
Paludisphaera_borealis	1387353	S	16772	3881	20653	0.00102
Singulisphaera_acidiphila	466153	S	14800	2293	17093	0.00084
Isosphaera_pallida	128	S	2731	206	2937	0.00014
Planctomyces_sp._SH-PL62	1636152	S	17291	6610	23901	0.00118
Planctomyces_sp._SH-PL14	1632864	S	12451	850	13301	0.00066
Caulifigura_coniformis	2527983	S	12904	927	13831	0.00068
Gimesia_panareensis	2527978	S	2774	353	3127	0.00015
Gimesia_chilikensis	2605989	S	1545	951	2496	0.00012
Gimesia_maris	122	S	1008	165	1173	0.00006
Gimesia_fumaroli	2527976	S	642	135	777	0.00004
Gimesia_alba	2527973	S	628	117	745	0.00004
Gimesia_algae	2527971	S	565	149	714	0.00004
Gimesia_aquarii	2527964	S	477	35	512	0.00003
Gimesia_benthica	2608982	S	458	653	1111	0.00005
Maioricimonas_rarisocia	2528026	S	8821	1260	10081	0.00050
Alienimonas_californiensis	2527989	S	6733	535	7268	0.00036
Symmachiella_dynata	2527995	S	3376	227	3603	0.00018
Rubinisphaera_brasiliensis	119	S	1905	211	2116	0.00010
Calycomorphotria_hydatis	2528027	S	1857	77	1934	0.00010
Planctopirus_ephydatiae	2528019	S	688	288	976	0.00005
Planctopirus_limnophila	120	S	656	257	913	0.00005
Fuerstiella_marisgermanici	1891926	S	1808	36	1844	0.00009
Crateriforma_conspicua	2527996	S	1489	335	1824	0.00009
Polystyrenella_longa	2528007	S	752	75	827	0.00004
Thalassoglobus_polymorphus	2527994	S	645	38	683	0.00003
Humisphaera_borealis	2807512	S	12422	281	12703	0.00063
Phycisphaera_mikurensis	547188	S	3856	298	4154	0.00020
Mucisphaera_calidilacus	2527982	S	2147	127	2274	0.00011
Poriferisphaera_corsica	2528020	S	229	2	231	0.00001
Anaerohalosphaera_lusitana	1936003	S	374	9	383	0.00002
Sedimentisphaera_salicampi	1941349	S	92	22	114	0.00001
Sedimentisphaera_cyanobacteriorum	1940790	S	61	75	136	0.00001
Limihaloglobus_sulfuriphilus	1851148	S	159	8	167	0.00001
Candidatus_Kuenenia_stuttgartiensis	174633	S	167	0	167	0.00001
Candidatus_Uabimicrobium_amorphum	2596890	S	102	1	103	0.00001
Opitutus_sp._GAS368	1882749	S	11818	1351	13169	0.00065
Opitutus_terrae	107709	S	6229	229	6458	0.00032
Lacunisphaera_limnophila	1838286	S	6306	694	7000	0.00035
Nibricoccus_aquaticus	2576891	S	4134	147	4281	0.00021
Oleiharenicola_sp._KSB-15	2862869	S	3172	132	3304	0.00016
Ereboglobus_luteus	1796921	S	2006	81	2087	0.00010
Ruficoccus_sp._ZRK36	2866311	S	881	101	982	0.00005
Coraliomargarita_akajimensis	395922	S	226	5	231	0.00001
Roseimicrobium_sp._ORNL1	2711231	S	9089	240	9329	0.00046
Luteolibacter_luteus	2728835	S	3671	150	3821	0.00019
Luteolibacter_ambystomatis	2824561	S	2947	176	3123	0.00015
Verrucomicrobium_spinosum	2736	S	3451	155	3606	0.00018
Verrucomicrobium_sp._GAS474	1882831	S	2526	231	2757	0.00014
Sulfuriroseicoccus_oceanibius	2707525	S	598	48	646	0.00003
Akkermansia_muciniphila	239935	S	1096	117	1213	0.00006
Akkermansia_glycaniphila	1679444	S	398	29	427	0.00002
Methylacidimicrobium_sp._AP8	2730359	S	629	76	705	0.00003
Methylacidimicrobium_sp._B4	2796139	S	600	99	699	0.00003
Candidatus_Xiphinematobacter_sp._Idaho_Grape	1704307	S	144	9	153	0.00001
Methylacidiphilum_sp._IT6	2795386	S	22	1	23	0.00000
Methylacidiphilum_kamchatkense	431057	S	25	1	26	0.00000
Methylacidiphilum_infernorum	511746	S	15	58	73	0.00000
Kiritimatiella_glycovorans	1307763	S	1024	1184	2208	0.00011
Tichowtungia_aerotolerans	2697043	S	372	11	383	0.00002
Candidatus_Protochlamydia_naegleriophila	389348	S	58	38	96	0.00000
Candidatus_Protochlamydia_amoebophila	362787	S	17	10	27	0.00000
Neochlamydia_sp._S13	1353976	S	43	7	50	0.00000
Parachlamydia_acanthamoebae	83552	S	37	9	46	0.00000
Candidatus_Rhabdochlamydia_oedothoracis	2720720	S	12	13	25	0.00000
Candidatus_Rhabdochlamydia_porcellionis	225148	S	11	16	27	0.00000
Waddlia_chondrophila	71667	S	46	5	51	0.00000
Simkania_negevensis	83561	S	27	2	29	0.00000
Chlamydia_suis	83559	S	18	16	34	0.00000
Chlamydia_felis	83556	S	12	2	14	0.00000
Chlamydia_trachomatis	813	S	11	6	17	0.00000
Chlamydia_abortus	83555	S	10	13	23	0.00000
Chlamydia_pneumoniae	83558	S	10	4	14	0.00000
Candidatus_Velamenicoccus_archaeovorus	1930593	S	334	1	335	0.00002
Hymenobacter_sp._5413J-13	2932251	S	2453	301	2754	0.00014
Hymenobacter_sp._5317J-9	2932250	S	1218	242	1460	0.00007
Hymenobacter_sp._PAMC_26628	1484118	S	1103	233	1336	0.00007
Hymenobacter_sp._APR13	1356852	S	1068	374	1442	0.00007
Hymenobacter_sp._PAMC_26554	1484116	S	980	81	1061	0.00005
Hymenobacter_sp._BRD128	2675878	S	913	104	1017	0.00005
Hymenobacter_sp._5116S-27	2932249	S	864	116	980	0.00005
Hymenobacter_sp._5116S-3	2932248	S	828	109	937	0.00005
Hymenobacter_sp._BT18	2835648	S	820	87	907	0.00004
Hymenobacter_sp._DG01	2584940	S	752	176	928	0.00005
Hymenobacter_sp._S2-20-2	2761579	S	717	91	808	0.00004
Hymenobacter_sp._NBH84	2596915	S	693	87	780	0.00004
Hymenobacter_sp._5420S-77	2932254	S	661	75	736	0.00004
Hymenobacter_sp._DG25B	1385664	S	590	190	780	0.00004
Hymenobacter_sp._DG25A	1385663	S	523	173	696	0.00003
Hymenobacter_sp._BRD67	2675877	S	449	386	835	0.00004
Hymenobacter_sp._HDW8	2714932	S	294	849	1143	0.00006
Hymenobacter_sp._5516J-16	2932253	S	215	843	1058	0.00005
Hymenobacter_sp._5516S-25	2933777	S	190	702	892	0.00004
Hymenobacter_busanensis	2607656	S	1520	132	1652	0.00008
Hymenobacter_monticola	1705399	S	1109	173	1282	0.00006
Hymenobacter_oligotrophus	2319843	S	990	83	1073	0.00005
Hymenobacter_sedentarius	1411621	S	947	117	1064	0.00005
Hymenobacter_jejuensis	2502781	S	915	51	966	0.00005
Hymenobacter_nivis	1850093	S	824	182	1006	0.00005
Hymenobacter_swuensis	1446467	S	641	120	761	0.00004
Hymenobacter_tibetensis	497967	S	591	76	667	0.00003
Hymenobacter_qilianensis	1385715	S	563	85	648	0.00003
Hymenobacter_baengnokdamensis	2615203	S	393	377	770	0.00004
Hymenobacter_radiodurans	2496028	S	279	843	1122	0.00006
Pontibacter_pudoricolor	2694930	S	5641	499	6140	0.00030
Pontibacter_russatus	2694929	S	4686	358	5044	0.00025
Pontibacter_actiniarum	323450	S	1787	418	2205	0.00011
Pontibacter_akesuensis	388950	S	1579	195	1774	0.00009
Pontibacter_sp._SGAir0037	2571030	S	1207	189	1396	0.00007
Pontibacter_korlensis	400092	S	1175	152	1327	0.00007
Adhaeribacter_swui	2086471	S	7437	551	7988	0.00039
Adhaeribacter_radiodurans	2745197	S	2342	150	2492	0.00012
Rufibacter_radiotolerans	1379910	S	3185	296	3481	0.00017
Rufibacter_sp._DG15C	1379909	S	2527	780	3307	0.00016
Rufibacter_tibetensis	512763	S	2019	257	2276	0.00011
Nibribacter_ruber	2698458	S	2557	737	3294	0.00016
Dyadobacter_fermentans	94254	S	9189	569	9758	0.00048
Dyadobacter_sp._LJ419	2906456	S	1023	68	1091	0.00005
Dyadobacter_sp._NIV53	2861765	S	865	51	916	0.00005
Dyadobacter_sandarakinus	2747268	S	908	58	966	0.00005
Fibrella_aestuarina	651143	S	907	54	961	0.00005
Fibrella_sp._ES10-3-2-2	1834519	S	522	27	549	0.00003
Runella_slithyformis	106	S	473	30	503	0.00002
Runella_rosea	2259595	S	351	26	377	0.00002
Runella_sp._SP2	2268026	S	311	12	323	0.00002
Larkinella_sp._IE-0392	2907205	S	698	32	730	0.00004
Leadbetterella_byssophila	316068	S	224	75	299	0.00001
Arcticibacterium_luteifluviistationis	1784714	S	114	4	118	0.00001
Spirosoma_sp._CJU-R4	2728024	S	750	45	795	0.00004
Spirosoma_sp._KUDC1026	2745947	S	545	39	584	0.00003
Spirosoma_sp._RHs26	2898794	S	420	25	445	0.00002
Spirosoma_sp._KCTC_72228	2710596	S	414	49	463	0.00002
Spirosoma_sp._KCTC_42546	2520506	S	400	47	447	0.00002
Spirosoma_aerolatum	1211326	S	808	31	839	0.00004
Spirosoma_rigui	564064	S	570	33	603	0.00003
Spirosoma_taeanense	2735870	S	535	38	573	0.00003
Spirosoma_montaniterrae	1178516	S	510	25	535	0.00003
Spirosoma_pollinicola	2057025	S	401	37	438	0.00002
Spirosoma_radiotolerans	1379870	S	394	25	419	0.00002
Spirosoma_endbachense	2666025	S	365	199	564	0.00003
Spirosoma_aureum	2692134	S	258	169	427	0.00002
Rhodocytophaga_rosea	2704465	S	2813	80	2893	0.00014
Cytophaga_hutchinsonii	985	S	254	17	271	0.00001
Aquirufa_sp._9H-EGSE	2696560	S	113	24	137	0.00001
Aquirufa_nivalisilvae	2516557	S	104	17	121	0.00001
Chryseolinea_soli	2321403	S	4758	107	4865	0.00024
Fulvivirga_sp._SS9-22	2904245	S	270	16	286	0.00001
Fulvivirga_sp._W9P-11	2904246	S	221	41	262	0.00001
Fulvivirga_sp._SW1-E11	2904247	S	176	46	222	0.00001
Fulvivirga_lutea	2810512	S	203	19	222	0.00001
Echinicola_sp._SCS_3-6	2859768	S	191	70	261	0.00001
Echinicola_sp._20G	2781961	S	173	16	189	0.00001
Echinicola_vietnamensis	390884	S	203	91	294	0.00001
Echinicola_soli	2591634	S	184	16	200	0.00001
Echinicola_strongylocentroti	1795355	S	182	33	215	0.00001
Echinicola_rosea	1807691	S	174	77	251	0.00001
Algoriphagus_sp._Y33	2772483	S	276	23	299	0.00001
Algoriphagus_sp._NBT04N3	2705473	S	213	69	282	0.00001
Algoriphagus_sanaruensis	1727163	S	257	27	284	0.00001
Algoriphagus_machipongonensis	388413	S	193	15	208	0.00001
Cyclobacterium_amurskyense	320787	S	168	28	196	0.00001
Cyclobacterium_marinum	104	S	107	27	134	0.00001
Aquiflexum_balticum	280473	S	240	32	272	0.00001
Belliella_baltica	232259	S	162	61	223	0.00001
Mongoliitalea_daihaiensis	2782006	S	147	12	159	0.00001
Flammeovirga_kamogawensis	373891	S	80	16	96	0.00000
Flammeovirga_pectinis	2494373	S	64	13	77	0.00000
Flammeovirga_yaeyamensis	367791	S	46	61	107	0.00001
Flammeovirga_sp._MY04	1191459	S	22	30	52	0.00000
Mangrovivirga_cuniculi	2715131	S	181	9	190	0.00001
Marivirga_tractuosa	1006	S	180	43	223	0.00001
Candidatus_Amoebophilus_asiaticus	281120	S	87	5	92	0.00000
Cardinium_endosymbiont_of_Oedothorax_gibbosus	931101	S	21	24	45	0.00000
Cardinium_endosymbiont_of_Encarsia_pergandiella	249402	S	12	2	14	0.00000
Cardinium_endosymbiont_of_Sogatella_furcifera	650378	S	10	2	12	0.00000
Candidatus_Cardinium_hertigii	247481	S	26	4	30	0.00000
Bernardetia_litoralis	999	S	78	4	82	0.00000
Chryseobacterium_sp.	1871047	S	16992	3757	20749	0.00102
Chryseobacterium_sp._cx-624	2758037	S	3101	253	3354	0.00017
Chryseobacterium_sp._6424	2039166	S	2492	420	2912	0.00014
Chryseobacterium_sp._F4	2852098	S	1132	45	1177	0.00006
Chryseobacterium_sp._SC2-2	2929800	S	515	218	733	0.00004
Chryseobacterium_sp._3008163	2478663	S	300	66	366	0.00002
Chryseobacterium_sp._C-17	2898076	S	276	54	330	0.00002
Chryseobacterium_sp._ZHDP1	2838877	S	250	162	412	0.00002
Chryseobacterium_sp._ADR-1	2929799	S	237	57	294	0.00001
Chryseobacterium_sp._SNU_WT5	2594269	S	235	60	295	0.00001
Chryseobacterium_sp._LJ668	2864040	S	233	20	253	0.00001
Chryseobacterium_sp._IHB_B_17019	1721091	S	225	24	249	0.00001
Chryseobacterium_sp._Y16C	2920939	S	213	108	321	0.00002
Chryseobacterium_sp._POL2	2713414	S	205	92	297	0.00001
Chryseobacterium_sp._G0201	2487065	S	181	34	215	0.00001
Chryseobacterium_sp._MEBOG06	2879938	S	150	22	172	0.00001
Chryseobacterium_sp._T16E-39	2015076	S	147	11	158	0.00001
Chryseobacterium_sp._StRB126	878220	S	115	22	137	0.00001
Chryseobacterium_sp._MEBOG07	2879939	S	113	20	133	0.00001
Chryseobacterium_sp._DH-B6	2759528	S	106	29	135	0.00001
Chryseobacterium_sp._G0186	2487064	S	105	49	154	0.00001
Chryseobacterium_sp._PCH239	2825845	S	94	54	148	0.00001
Chryseobacterium_sp._G0162	2487063	S	61	50	111	0.00001
Chryseobacterium_sp._JV274	1932669	S	17	127	144	0.00001
Chryseobacterium_sp._D764	2856522	S	15	141	156	0.00001
Chryseobacterium_indoltheticum	254	S	4955	909	5864	0.00029
Chryseobacterium_taklimakanense	536441	S	817	332	1149	0.00006
Chryseobacterium_manosquense	2754694	S	509	298	807	0.00004
Chryseobacterium_indologenes	253	S	466	173	639	0.00003
Chryseobacterium_salivictor	2547600	S	402	41	443	0.00002
Chryseobacterium_balustinum	246	S	374	102	476	0.00002
Chryseobacterium_camelliae	1265445	S	321	152	473	0.00002
Chryseobacterium_shandongense	1493872	S	302	141	443	0.00002
Chryseobacterium_nepalense	1854498	S	238	27	265	0.00001
Chryseobacterium_arthrosphaerae	651561	S	237	98	335	0.00002
Chryseobacterium_carnipullorum	1124835	S	232	61	293	0.00001
Chryseobacterium_gleum	250	S	192	195	387	0.00002
Chryseobacterium_daecheongense	192389	S	175	21	196	0.00001
Chryseobacterium_gallinarum	1324352	S	160	44	204	0.00001
Chryseobacterium_glaciei	1685010	S	156	26	182	0.00001
Chryseobacterium_aureum	2497456	S	142	24	166	0.00001
Chryseobacterium_piperi	558152	S	135	10	145	0.00001
Chryseobacterium_lactis	1241981	S	124	104	228	0.00001
Chryseobacterium_nakagawai	1241982	S	114	144	258	0.00001
Chryseobacterium_cucumeris	1813611	S	111	52	163	0.00001
Chryseobacterium_joostei	112234	S	95	29	124	0.00001
Chryseobacterium_bernardetii	1241978	S	46	304	350	0.00002
Chryseobacterium_rhizoplanae	1609531	S	23	125	148	0.00001
Kaistella_sp._97-N-M2	2908645	S	457	68	525	0.00003
Kaistella_sp._GW4-15	2878534	S	199	30	229	0.00001
Kaistella_daneshvariae	2487074	S	614	56	670	0.00003
Candidatus_Kaistella_beijingensis	2820270	S	336	97	433	0.00002
Kaistella_jeonii	266749	S	220	18	238	0.00001
Kaistella_flava_(ex_Peng_et_al._2021)	2038776	S	209	36	245	0.00001
Kaistella_antarctica	266748	S	197	21	218	0.00001
Kaistella_carnis	1241979	S	189	65	254	0.00001
Epilithonimonas_zeae	1416779	S	521	58	579	0.00003
Epilithonimonas_vandammei	2487072	S	489	517	1006	0.00005
Elizabethkingia_anophelis	1117645	S	170	206	376	0.00002
Elizabethkingia_sp._JS20170427COW	2583851	S	101	8	109	0.00001
Elizabethkingia_sp._2-6	2575699	S	45	79	124	0.00001
Elizabethkingia_meningoseptica	238	S	121	6	127	0.00001
Elizabethkingia_ursingii	1756150	S	104	17	121	0.00001
Elizabethkingia_miricola	172045	S	65	35	100	0.00000
Elizabethkingia_bruuniana	1756149	S	26	62	88	0.00000
Empedobacter_brevis	247	S	131	32	163	0.00001
Empedobacter_falsenii	343874	S	125	54	179	0.00001
Empedobacter_stercoris	1628248	S	105	30	135	0.00001
Cloacibacterium_caeni	2004710	S	130	80	210	0.00001
Cloacibacterium_normanense	237258	S	71	41	112	0.00001
Apibacter_sp._B3706	2656760	S	10	42	52	0.00000
Apibacter_sp._ESL0404	2704651	S	10	48	58	0.00000
Apibacter_raozihei	2500547	S	46	12	58	0.00000
Cruoricaptor_ignavus	1118202	S	159	12	171	0.00001
Riemerella_anatipestifer	34085	S	143	70	213	0.00001
Ornithobacterium_rhinotracheale	28251	S	127	72	199	0.00001
Faecalibacter_bovis	2898187	S	115	11	126	0.00001
Bergeyella_cardium	1585976	S	84	8	92	0.00000
Weeksella_virosa	1014	S	68	22	90	0.00000
Flavobacterium_sp._xlx-214	2654325	S	2847	505	3352	0.00017
Flavobacterium_sp._I3-2	2748319	S	601	475	1076	0.00005
Flavobacterium_sp._MMS21-Er5	2937442	S	572	260	832	0.00004
Flavobacterium_sp._MDT1-60	1979344	S	556	111	667	0.00003
Flavobacterium_sp._CJ74	2294119	S	520	36	556	0.00003
Flavobacterium_sp._CLA17	2724135	S	434	77	511	0.00003
Flavobacterium_sp._KBS0721	1179672	S	424	136	560	0.00003
Flavobacterium_sp._HJ-32-4	1160795	S	407	23	430	0.00002
Flavobacterium_sp._F-323	2893885	S	362	75	437	0.00002
Flavobacterium_sp._F-70	2893884	S	359	71	430	0.00002
Flavobacterium_sp._B183	907046	S	347	76	423	0.00002
Flavobacterium_sp._M31R6	2739062	S	338	50	388	0.00002
Flavobacterium_sp._SLB02	2665645	S	326	72	398	0.00002
Flavobacterium_sp._LPB0248	2614441	S	324	188	512	0.00003
Flavobacterium_sp._IGB_4-14	1871076	S	311	24	335	0.00002
Flavobacterium_sp._WSW3-B6	2856519	S	283	29	312	0.00002
Flavobacterium_sp._140616W15	2478552	S	254	51	305	0.00002
Flavobacterium_sp._KSM-R2A30	2897181	S	214	67	281	0.00001
Flavobacterium_sp._Sr18	935222	S	213	35	248	0.00001
Flavobacterium_sp._F-29	2893883	S	208	43	251	0.00001
Flavobacterium_sp._KSM-R2A25	2895947	S	203	51	254	0.00001
Flavobacterium_sp._F-340	2893886	S	192	50	242	0.00001
Flavobacterium_sp._KK2020170	2830782	S	173	53	226	0.00001
Flavobacterium_sp._K5-23	2746225	S	161	35	196	0.00001
Flavobacterium_sp._GENT5	1751095	S	154	33	187	0.00001
Flavobacterium_sp._CECT_9288	2845819	S	129	141	270	0.00001
Flavobacterium_sp._CHNK8	2871165	S	79	87	166	0.00001
Flavobacterium_sp._CS20	2775246	S	77	32	109	0.00001
Flavobacterium_sp._GENT11	1751100	S	67	185	252	0.00001
Flavobacterium_sp._SHINM13	1751056	S	62	158	220	0.00001
Flavobacterium_johnsoniae	986	S	888	398	1286	0.00006
Flavobacterium_album	2175091	S	816	52	868	0.00004
Flavobacterium_anhuiense	459526	S	793	331	1124	0.00006
Flavobacterium_alkalisoli	2602769	S	787	60	847	0.00004
Flavobacterium_endoglycinae	2816357	S	563	124	687	0.00003
Flavobacterium_crocinum	2183896	S	462	143	605	0.00003
Flavobacterium_nitrogenifigens	1617283	S	426	234	660	0.00003
Flavobacterium_enshiense	1341165	S	417	42	459	0.00002
Flavobacterium_fluviale	2249356	S	362	142	504	0.00002
Flavobacterium_inviolabile	2748320	S	350	49	399	0.00002
Flavobacterium_commune	1306519	S	346	50	396	0.00002
Flavobacterium_pallidum	2172098	S	336	31	367	0.00002
Flavobacterium_kingsejongi	1678728	S	318	41	359	0.00002
Flavobacterium_sangjuense	2518177	S	304	28	332	0.00002
Flavobacterium_magnum	2162713	S	293	29	322	0.00002
Flavobacterium_arcticum	1784713	S	264	26	290	0.00001
Flavobacterium_nackdongense	2547394	S	239	19	258	0.00001
Flavobacterium_gilvum	1492737	S	222	30	252	0.00001
Flavobacterium_psychrophilum	96345	S	205	66	271	0.00001
Flavobacterium_sediminis	2201181	S	200	94	294	0.00001
Flavobacterium_haoranii	683124	S	175	72	247	0.00001
Flavobacterium_indicum	312277	S	155	21	176	0.00001
Flavobacterium_sediminilitoris	2024526	S	150	19	169	0.00001
Flavobacterium_jumunjinense	998845	S	148	22	170	0.00001
Flavobacterium_faecale	1355330	S	148	17	165	0.00001
Flavobacterium_branchiophilum	55197	S	123	10	133	0.00001
Flavobacterium_oreochromis	2906078	S	120	45	165	0.00001
Flavobacterium_crassostreae	1763534	S	115	27	142	0.00001
Flavobacterium_davisii	2906077	S	109	41	150	0.00001
Flavobacterium_columnare	996	S	99	150	249	0.00001
Flavobacterium_covae	2906076	S	92	127	219	0.00001
Polaribacter_sp._SM13	2818493	S	70	16	86	0.00000
Polaribacter_sp._SA4-10	754397	S	60	12	72	0.00000
Polaribacter_sp._G4M1	2808900	S	59	12	71	0.00000
Polaribacter_sp._MED152	313598	S	59	10	69	0.00000
Polaribacter_sp._KT25b	1855336	S	58	18	76	0.00000
Polaribacter_sp._Hel1_33_78	1336804	S	55	11	66	0.00000
Polaribacter_sp._L3A8	2686361	S	53	32	85	0.00000
Polaribacter_sp._NJDZ03	2855841	S	48	50	98	0.00000
Polaribacter_sp._Q13	2806551	S	47	26	73	0.00000
Polaribacter_sp._ALD11	2058137	S	45	16	61	0.00000
Polaribacter_sp._L12M9	2738844	S	41	25	66	0.00000
Polaribacter_sp._SA4-12	1312072	S	34	10	44	0.00000
Polaribacter_sp._BM10	1529069	S	16	68	84	0.00000
Polaribacter_vadi	1774273	S	69	11	80	0.00000
Polaribacter_litorisediminis	1908341	S	62	8	70	0.00000
Polaribacter_reichenbachii	996801	S	60	8	68	0.00000
Polaribacter_haliotis	1888915	S	40	22	62	0.00000
Polaribacter_sejongensis	985043	S	35	34	69	0.00000
Capnocytophaga_sp._oral_taxon_878	1316596	S	54	14	68	0.00000
Capnocytophaga_sp._FDAARGOS_737	2545799	S	30	16	46	0.00000
Capnocytophaga_sp._oral_taxon_902	2748316	S	27	46	73	0.00000
Capnocytophaga_sp._oral_taxon_323	1705617	S	15	28	43	0.00000
Capnocytophaga_sp._H2931	1945657	S	14	33	47	0.00000
Capnocytophaga_sp._oral_taxon_864	1316593	S	12	21	33	0.00000
Capnocytophaga_canimorsus	28188	S	116	29	145	0.00001
Capnocytophaga_haemolytica	45243	S	94	7	101	0.00000
Capnocytophaga_sputigena	1019	S	87	26	113	0.00001
Capnocytophaga_gingivalis	1017	S	79	8	87	0.00000
Capnocytophaga_stomatis	1848904	S	64	12	76	0.00000
Capnocytophaga_cynodegmi	28189	S	53	14	67	0.00000
Capnocytophaga_endodontalis	2708117	S	36	16	52	0.00000
Capnocytophaga_leadbetteri	327575	S	33	17	50	0.00000
Capnocytophaga_ochracea	1018	S	28	39	67	0.00000
Gramella_sp._GC03-9	2920386	S	145	47	192	0.00001
Gramella_sp._MT6	2705471	S	107	17	124	0.00001
Gramella_sp._MAR_2010_147	1250205	S	93	14	107	0.00001
Gramella_fulva	2126553	S	158	15	173	0.00001
Gramella_flava	1486245	S	143	50	193	0.00001
Gramella_echinicola	279359	S	108	14	122	0.00001
Gramella_forsetii	411153	S	89	25	114	0.00001
Gramella_salexigens	1913577	S	80	8	88	0.00000
Muricauda_aquimarina	254955	S	223	115	338	0.00002
Muricauda_sp._SCSIO_65647	2908843	S	116	4	120	0.00001
Muricauda_sp._SCSIO_64092	2908842	S	77	2	79	0.00000
Muricauda_ruestringensis	111501	S	159	13	172	0.00001
Muricauda_lutaonensis	516051	S	132	34	166	0.00001
Muricauda_oceani	2698672	S	132	74	206	0.00001
Muricauda_aurantiaca	1383885	S	84	7	91	0.00000
Myroides_odoratus	256	S	171	23	194	0.00001
Myroides_fluvii	2572594	S	159	27	186	0.00001
Myroides_phaeus	702745	S	112	69	181	0.00001
Myroides_odoratimimus	76832	S	81	252	333	0.00002
Myroides_profundi	480520	S	25	9	34	0.00000
Myroides_sp._A21	1583100	S	14	39	53	0.00000
Winogradskyella_sp._HaHa_3_26	2749995	S	76	41	117	0.00001
Winogradskyella_sp._MH6	2929510	S	69	12	81	0.00000
Winogradskyella_sp._PC-19	754417	S	65	21	86	0.00000
Winogradskyella_sp._J14-2	1936080	S	58	9	67	0.00000
Winogradskyella_sp._PG-2	754409	S	52	6	58	0.00000
Winogradskyella_forsetii	2686077	S	115	40	155	0.00001
Winogradskyella_schleiferi	2686078	S	70	38	108	0.00001
Winogradskyella_helgolandensis	2697010	S	63	18	81	0.00000
Winogradskyella_sediminis	1382466	S	56	20	76	0.00000
Nonlabens_sp._Hel1_33_55	1336802	S	76	7	83	0.00000
Nonlabens_sp._Ci31	2608253	S	54	6	60	0.00000
Nonlabens_sp._MB-3u-79	2058134	S	50	7	57	0.00000
Nonlabens_sp._SY33080	2719911	S	15	36	51	0.00000
Nonlabens_sp._MIC269	1476901	S	14	58	72	0.00000
Nonlabens_spongiae	331648	S	100	38	138	0.00001
Nonlabens_ponticola	2496866	S	86	6	92	0.00000
Nonlabens_dokdonensis	328515	S	57	7	64	0.00000
Nonlabens_marinus	930802	S	53	10	63	0.00000
Tenacibaculum_sp._SZ-18	754423	S	76	56	132	0.00001
Tenacibaculum_jejuense	584609	S	81	7	88	0.00000
Tenacibaculum_maritimum	107401	S	68	13	81	0.00000
Tenacibaculum_dicentrarchi	669041	S	60	25	85	0.00000
Tenacibaculum_mesophilum	104268	S	56	31	87	0.00000
Tenacibaculum_todarodis	1850252	S	48	18	66	0.00000
Tenacibaculum_singaporense	2358479	S	33	15	48	0.00000
Cellulophaga_sp._HaHaR_3_176	1942464	S	61	17	78	0.00000
Cellulophaga_sp._L1A9	2686362	S	61	52	113	0.00001
Cellulophaga_lytica	979	S	89	29	118	0.00001
Cellulophaga_baltica	76594	S	70	46	116	0.00001
Cellulophaga_algicola	59600	S	65	16	81	0.00000
Maribacter_sp._HTCC2170	313603	S	89	6	95	0.00000
Maribacter_sp._MJ134	2496865	S	87	7	94	0.00000
Maribacter_sp._1_2014MBL_MicDiv	1644130	S	31	32	63	0.00000
Maribacter_cobaltidurans	1178778	S	80	74	154	0.00001
Maribacter_hydrothermalis	1836467	S	76	10	86	0.00000
Maribacter_dokdonensis	320912	S	20	21	41	0.00000
Formosa_sp._Hel1_31_208	1798225	S	84	10	94	0.00000
Formosa_sp._Hel1_33_131	1336794	S	76	7	83	0.00000
Formosa_sp._L2A11	2686363	S	65	25	90	0.00000
Formosa_sp._Hel3_A1_48	1336795	S	40	11	51	0.00000
Formosa_agariphila	320324	S	85	22	107	0.00001
Formosa_sediminum	2594004	S	56	15	71	0.00000
Antarcticibacterium_arcticum	2585771	S	140	19	159	0.00001
Antarcticibacterium_flavum	2058175	S	129	28	157	0.00001
Antarcticibacterium_sp._1MA-6-2	2908210	S	123	16	139	0.00001
Salegentibacter_salegens	143223	S	121	20	141	0.00001
Salegentibacter_mishustinae	270918	S	114	118	232	0.00001
Salegentibacter_sp._T436	1729720	S	110	127	237	0.00001
Aequorivita_sp._H23M31	2494375	S	116	48	164	0.00001
Aequorivita_sublithincola	101385	S	114	105	219	0.00001
Robiginitalea_biformata	252307	S	345	17	362	0.00002
Aquimarina_sp._TRL1	2736252	S	86	6	92	0.00000
Aquimarina_sp._BL5	1714860	S	73	5	78	0.00000
Aquimarina_sp._AD1	1714848	S	72	6	78	0.00000
Aquimarina_sp._AD10	1714849	S	65	4	69	0.00000
Algibacter_sp._L3A6	2686366	S	85	39	124	0.00001
Algibacter_sp._L1A34	2686365	S	69	32	101	0.00000
Algibacter_alginicilyticus	1736674	S	95	28	123	0.00001
Sinomicrobium_sp._HD2P242	2900738	S	256	9	265	0.00001
Lacinutrix_sp._WUR7	2653681	S	70	18	88	0.00000
Lacinutrix_sp._Bg11-31	2057808	S	54	13	67	0.00000
Lacinutrix_sp._5H-3-7-4	983544	S	50	24	74	0.00000
Lacinutrix_venerupis	1486034	S	75	19	94	0.00000
Kordia_antarctica	1218801	S	132	10	142	0.00001
Kordia_sp._SMS9	2282170	S	117	7	124	0.00001
Zunongwangia_sp._SCSIO_43204	2779359	S	125	95	220	0.00001
Zunongwangia_profunda	398743	S	118	106	224	0.00001
Dokdonia_sp._PRO95	1239415	S	32	14	46	0.00000
Dokdonia_sp._Dokd-P16	2173169	S	31	20	51	0.00000
Dokdonia_sp._4H-3-7-5	983548	S	27	22	49	0.00000
Dokdonia_sp._MED134	313590	S	23	22	45	0.00000
Dokdonia_donghaensis	326320	S	20	17	37	0.00000
Flagellimonas_sp._CMM7	2654676	S	101	6	107	0.00001
Flagellimonas_sp._HMM57	2905121	S	89	7	96	0.00000
Leeuwenhoekiella_sp._ZYFB001	2719912	S	76	48	124	0.00001
Leeuwenhoekiella_palythoae	573501	S	56	48	104	0.00001
Lutibacter_sp._A64	2918526	S	55	12	67	0.00000
Lutibacter_sp._A80	2918453	S	51	11	62	0.00000
Lutibacter_profundi	1622118	S	58	5	63	0.00000
Mariniflexile_sp._TRM1-10	2027857	S	160	15	175	0.00001
Tamlana_carrageenivorans	2069432	S	67	32	99	0.00000
Tamlana_sp._s12	1630406	S	53	27	80	0.00000
Zhouia_spongiae	2202721	S	142	35	177	0.00001
Seonamhaeicola_sp._ML3	2937786	S	69	6	75	0.00000
Seonamhaeicola_sp._S2-3	1936081	S	66	16	82	0.00000
Psychroflexus_sp._ALD_RP9	2777186	S	74	6	80	0.00000
Psychroflexus_torquis	57029	S	60	3	63	0.00000
Zobellia_galactanivorans	63186	S	131	8	139	0.00001
Arenibacter_algicola	616991	S	125	44	169	0.00001
Mesoflavibacter_sp._SCSIO_43206	2779362	S	56	86	142	0.00001
Aggregatimonas_sangjinii	2583587	S	122	5	127	0.00001
Amniculibacterium_sp._G2-70	2767188	S	114	55	169	0.00001
Olleya_sp._HaHaR_3_96	2745560	S	26	71	97	0.00000
Olleya_sp._Bg11-27	2058135	S	22	60	82	0.00000
Olleya_aquimaris	639310	S	43	22	65	0.00000
Gilvibacter_sp._SZ-19	754429	S	109	14	123	0.00001
Siansivirga_zeaxanthinifaciens	762954	S	104	26	130	0.00001
Muriicola_soli	2507538	S	100	6	106	0.00001
Euzebyella_marina	1761453	S	100	61	161	0.00001
Constantimarinum_furrinae	2562285	S	93	8	101	0.00001
Galbibacter_sp._BG1	1170699	S	92	9	101	0.00000
Pukyongia_salina	2094025	S	91	5	96	0.00000
Sediminicola_sp._YIK13	1453352	S	91	9	100	0.00000
Marixanthomonas_sp._SCSIO_43207	2779360	S	85	27	112	0.00001
Flavivirga_eckloniae	1803846	S	83	7	90	0.00000
Bizionia_sp._M204	2675331	S	81	17	98	0.00000
Changchengzhania_lutea	2049305	S	80	10	90	0.00000
Aegicerativicinus_sediminis	2893202	S	77	4	81	0.00000
Urechidicola_croceus	1850246	S	77	45	122	0.00001
Wenyingzhuangia_fucanilytica	1790137	S	74	13	87	0.00000
Sabulilitoribacter_sp._BrNp1-15	2916754	S	73	17	90	0.00000
Costertonia_aggregata	343403	S	73	17	90	0.00000
Gillisia_sp._Hel1_33_143	1336796	S	72	25	97	0.00000
Flavobacteriaceae_bacterium_10Alg115	2584122	S	71	4	75	0.00000
Oceanihabitans_sp._IOP_32	2529032	S	67	27	94	0.00000
Croceibacter_atlanticus	313588	S	60	11	71	0.00000
Psychroserpens_sp._NJDZ02	2570561	S	29	69	98	0.00000
Blattabacterium_cuenoti	1653831	S	318	79	397	0.00002
Blattabacterium_sp._(Mastotermes_darwiniensis)	39768	S	14	3	17	0.00000
Fluviicola_taffensis	191579	S	276	8	284	0.00001
Crocinitomix_sp._GM2_3_6_6	2862509	S	76	1	77	0.00000
Owenweeksia_hongkongensis	253245	S	132	5	137	0.00001
Croceimicrobium_hydrocarbonivorans	2761580	S	101	14	115	0.00001
Candidatus_Sulcia_muelleri	336810	S	41	8	49	0.00000
Candidatus_Walczuchella_monophlebidarum	1415657	S	20	2	22	0.00000
Ichthyobacterium_seriolicida	242600	S	29	0	29	0.00000
Pseudocnuella_soli	2502779	S	15428	1138	16566	0.00082
Chitinophaga_sp._XS-30	2604421	S	1263	373	1636	0.00008
Chitinophaga_sp._KRA15-503	2829818	S	653	295	948	0.00005
Chitinophaga_filiformis	104663	S	1887	237	2124	0.00010
Chitinophaga_oryzae	2725414	S	905	107	1012	0.00005
Chitinophaga_pinensis	79329	S	787	141	928	0.00005
Chitinophaga_agri	2703787	S	623	131	754	0.00004
Chitinophaga_alhagiae	2203219	S	591	10	601	0.00003
Chitinophaga_caeni	2029983	S	386	44	430	0.00002
Niastella_koreensis	354356	S	3788	236	4024	0.00020
Flavisolibacter_tropicus	1492898	S	1815	182	1997	0.00010
Flavisolibacter_ginsenosidimutans	661481	S	1690	67	1757	0.00009
Pseudobacter_ginsenosidimutans	661488	S	1771	91	1862	0.00009
Flavihumibacter_sp._IMCC34838	2838156	S	794	52	846	0.00004
Flavihumibacter_sp._IMCC34837	2838157	S	793	40	833	0.00004
Paraflavitalea_soli	2315862	S	1505	68	1573	0.00008
Lacibacter_sp._S13-6-6	2760713	S	1328	36	1364	0.00007
Niabella_soli	446683	S	667	65	732	0.00004
Niabella_ginsenosidivorans	1176587	S	561	45	606	0.00003
Arachidicoccus_sp._BS20	1850526	S	286	68	354	0.00002
Arachidicoccus_sp._5GH13-10	2875539	S	226	38	264	0.00001
Arachidicoccus_sp._B3-10	2545455	S	173	9	182	0.00001
Arachidicoccus_soli	2341117	S	236	21	257	0.00001
Arachidicoccus_ginsenosidivorans	496057	S	218	34	252	0.00001
Ferruginibacter_sp._KIS38-8	2875540	S	535	38	573	0.00003
Ferruginibacter_lapsinanis	563172	S	460	32	492	0.00002
Panacibacter_ginsenosidivorans	1813871	S	967	28	995	0.00005
Phnomibacter_ginsenosidimutans	2676868	S	790	58	848	0.00004
Filimonas_lacunae	477680	S	669	48	717	0.00004
Sphingobacterium_sp._DR205	2713573	S	893	100	993	0.00005
Sphingobacterium_sp._CZ-2	2557994	S	742	176	918	0.00005
Sphingobacterium_sp._dk4302	2662364	S	565	63	628	0.00003
Sphingobacterium_sp._SRCM116780	2907623	S	520	111	631	0.00003
Sphingobacterium_sp._PCS056	2931400	S	519	172	691	0.00003
Sphingobacterium_sp._UDSM-2020	2795738	S	478	190	668	0.00003
Sphingobacterium_sp._ML3W	1538644	S	432	171	603	0.00003
Sphingobacterium_sp._G1-14	2003121	S	67	386	453	0.00002
Sphingobacterium_sp._B29	1933220	S	12	160	172	0.00001
Sphingobacterium_mizutaii	1010	S	1997	265	2262	0.00011
Sphingobacterium_spiritivorum	258	S	1248	661	1909	0.00009
Sphingobacterium_psychroaquaticum	561061	S	1126	184	1310	0.00006
Sphingobacterium_daejeonense	371142	S	854	205	1059	0.00005
Sphingobacterium_hotanense	649196	S	651	166	817	0.00004
Sphingobacterium_thalpophilum	259	S	592	489	1081	0.00005
Sphingobacterium_multivorum	28454	S	570	1212	1782	0.00009
Sphingobacterium_lactis	797291	S	551	363	914	0.00005
Sphingobacterium_paramultivorum	2886510	S	128	171	299	0.00001
Sphingobacterium_siyangense	459529	S	74	434	508	0.00003
Pedobacter_sp._PACM_27299	1727164	S	632	135	767	0.00004
Pedobacter_sp._HDW13	2714940	S	484	105	589	0.00003
Pedobacter_sp._G11	2482728	S	447	104	551	0.00003
Pedobacter_sp._Q8-18	2895286	S	390	44	434	0.00002
Pedobacter_sp._SW-16	2766984	S	341	124	465	0.00002
Pedobacter_sp._KBS0701	2578106	S	332	217	549	0.00003
Pedobacter_sp._D749	2856523	S	277	179	456	0.00002
Pedobacter_ginsengisoli	363852	S	923	155	1078	0.00005
Pedobacter_cryoconitis	188932	S	825	106	931	0.00005
Pedobacter_heparinus	984	S	820	107	927	0.00005
Pedobacter_schmidteae	2201271	S	778	101	879	0.00004
Pedobacter_aquae	2605747	S	693	66	759	0.00004
Pedobacter_steynii	430522	S	649	98	747	0.00004
Pedobacter_endophyticus	2789740	S	423	62	485	0.00002
Pedobacter_suwonensis	332999	S	387	157	544	0.00003
Pedobacter_roseus	336820	S	381	238	619	0.00003
Mucilaginibacter_sp._14171R-50	2703789	S	411	35	446	0.00002
Mucilaginibacter_sp._F39-2	2728022	S	392	25	417	0.00002
Mucilaginibacter_sp._SMC90	2929803	S	389	25	414	0.00002
Mucilaginibacter_sp._21P	2778902	S	348	30	378	0.00002
Mucilaginibacter_mali	2740462	S	587	21	608	0.00003
Mucilaginibacter_daejeonensis	398049	S	523	27	550	0.00003
Mucilaginibacter_ginsenosidivorax	862126	S	492	20	512	0.00003
Mucilaginibacter_ginsenosidivorans	398053	S	484	16	500	0.00002
Mucilaginibacter_paludis	423351	S	482	23	505	0.00002
Mucilaginibacter_gotjawali	1550579	S	445	12	457	0.00002
Mucilaginibacter_celer	2305508	S	439	17	456	0.00002
Mucilaginibacter_xinganensis	1234841	S	379	17	396	0.00002
Mucilaginibacter_mallensis	652787	S	360	12	372	0.00002
Mucilaginibacter_rubeus	2027860	S	351	1094	1445	0.00007
Mucilaginibacter_ginkgonis	2682091	S	313	13	326	0.00002
Mucilaginibacter_gossypii	551996	S	193	185	378	0.00002
Olivibacter_sp._SDN3	2764720	S	321	47	368	0.00002
Olivibacter_sp._LS-1	2592345	S	313	23	336	0.00002
Solitalea_sp._S2-8	2911172	S	250	29	279	0.00001
Solitalea_canadensis	995	S	234	21	255	0.00001
Pseudopedobacter_saltans	151895	S	450	288	738	0.00004
Anseongella_ginsenosidimutans	496056	S	373	11	384	0.00002
Alistipes_onderdonkii	328813	S	635	571	1206	0.00006
Alistipes_dispar	2585119	S	619	74	693	0.00003
Alistipes_communis	2585118	S	562	297	859	0.00004
Alistipes_megaguti	2364787	S	496	52	548	0.00003
Alistipes_finegoldii	214856	S	486	398	884	0.00004
Alistipes_senegalensis	1288121	S	484	106	590	0.00003
Alistipes_shahii	328814	S	400	216	616	0.00003
Alistipes_sp._dk3624	2662363	S	397	64	461	0.00002
Alistipes_indistinctus	626932	S	379	57	436	0.00002
Bacteroides_sp._CBA7301	2715212	S	93	26	119	0.00001
Bacteroides_sp._M10	2763022	S	38	69	107	0.00001
Bacteroides_fragilis	817	S	175	242	417	0.00002
Bacteroides_cellulosilyticus	246787	S	148	39	187	0.00001
Bacteroides_thetaiotaomicron	818	S	127	63	190	0.00001
Bacteroides_eggerthii	28111	S	107	85	192	0.00001
Bacteroides_nordii	291645	S	105	53	158	0.00001
Bacteroides_helcogenes	290053	S	96	4	100	0.00000
Bacteroides_stercoris	46506	S	88	60	148	0.00001
Bacteroides_salyersiae	291644	S	86	56	142	0.00001
Bacteroides_zoogleoformans	28119	S	79	19	98	0.00000
Bacteroides_heparinolyticus	28113	S	76	17	93	0.00000
Bacteroides_caccae	47678	S	64	12	76	0.00000
Bacteroides_intestinalis	329854	S	64	10	74	0.00000
Bacteroides_zhangwenhongii	2650157	S	63	32	95	0.00000
Bacteroides_faecis	674529	S	62	37	99	0.00000
Bacteroides_uniformis	820	S	60	159	219	0.00001
Bacteroides_xylanisolvens	371601	S	58	130	188	0.00001
Bacteroides_ovatus	28116	S	52	93	145	0.00001
Bacteroides_coprosuis	151276	S	41	2	43	0.00000
Bacteroides_luhongzhouii	2650158	S	38	16	54	0.00000
Bacteroides_caecimuris	1796613	S	30	31	61	0.00000
Phocaeicola_salanitronis	376805	S	128	37	165	0.00001
Phocaeicola_coprophilus	387090	S	81	33	114	0.00001
Phocaeicola_vulgatus	821	S	55	49	104	0.00001
Phocaeicola_dorei	357276	S	43	51	94	0.00000
Prevotella_sp._oral_taxon_475	712471	S	79	5	84	0.00000
Prevotella_sp._Rep29	2691580	S	77	7	84	0.00000
Prevotella_sp._E13-17	2913616	S	77	4	81	0.00000
Prevotella_sp._E9-3	2913621	S	64	10	74	0.00000
Prevotella_sp._E15-22	2937774	S	55	5	60	0.00000
Prevotella_sp._E2-28	2913620	S	51	4	55	0.00000
Prevotella_sp._oral_taxon_299	652716	S	17	1	18	0.00000
Prevotella_sp._E13-3	2913617	S	12	93	105	0.00001
Prevotella_dentalis	52227	S	278	45	323	0.00002
Prevotella_melaninogenica	28132	S	128	37	165	0.00001
Prevotella_intermedia	28131	S	124	47	171	0.00001
Prevotella_denticola	28129	S	106	30	136	0.00001
Prevotella_multiformis	282402	S	103	38	141	0.00001
Prevotella_ruminicola	839	S	85	3	88	0.00000
Prevotella_copri	165179	S	73	23	96	0.00000
Prevotella_buccalis	28127	S	59	44	103	0.00001
Prevotella_bryantii	77095	S	56	5	61	0.00000
Prevotella_enoeca	76123	S	52	8	60	0.00000
Prevotella_jejuni	1177574	S	49	16	65	0.00000
Prevotella_nigrescens	28133	S	46	26	72	0.00000
Prevotella_oris	28135	S	37	4	41	0.00000
Prevotella_herbatica	2801997	S	37	1	38	0.00000
Prevotella_fusca	589436	S	31	5	36	0.00000
Prevotella_histicola	470565	S	27	4	31	0.00000
Prevotella_veroralis	28137	S	21	3	24	0.00000
Prevotella_scopos	589437	S	16	6	22	0.00000
Paraprevotella_xylaniphila	454155	S	98	60	158	0.00001
Pseudoprevotella_muciniphila	2133944	S	82	8	90	0.00000
Parabacteroides_goldsteinii	328812	S	135	25	160	0.00001
Parabacteroides_merdae	46503	S	111	84	195	0.00001
Parabacteroides_distasonis	823	S	91	264	355	0.00002
Parabacteroides_johnsonii	387661	S	71	39	110	0.00001
Tannerella_serpentiformis	712710	S	376	16	392	0.00002
Tannerella_forsythia	28112	S	126	6	132	0.00001
Sodaliphilus_pleomorphus	2606626	S	323	107	430	0.00002
Duncaniella_dubosii	2518971	S	81	11	92	0.00000
Muribaculum_intestinale	1796646	S	117	9	126	0.00001
Muribaculum_gordoncarteri	2530390	S	107	10	117	0.00001
Porphyromonas_sp._oral_taxon_275	712435	S	307	24	331	0.00002
Porphyromonas_gingivalis	837	S	111	22	133	0.00001
Porphyromonas_asaccharolytica	28123	S	87	9	96	0.00000
Porphyromonas_somerae	322095	S	57	12	69	0.00000
Porphyromonas_cangingivalis	36874	S	51	8	59	0.00000
Porphyromonas_crevioricanis	393921	S	32	5	37	0.00000
Porphyromonas_endodontalis	28124	S	29	3	32	0.00000
Proteiniphilum_saccharofermentans	1642647	S	94	5	99	0.00000
Proteiniphilum_sp._JNU-WLY501	2829812	S	67	2	69	0.00000
Petrimonas_mucosa	1642646	S	149	8	157	0.00001
Dysgonomonas_sp._HDW5A	2714926	S	19	19	38	0.00000
Dysgonomonas_sp._HDW5B	2714927	S	18	18	36	0.00000
Butyricimonas_faecalis	2093856	S	75	60	135	0.00001
Butyricimonas_virosa	544645	S	68	12	80	0.00000
Odoribacter_splanchnicus	28118	S	84	7	91	0.00000
Barnesiella_viscericola	397865	S	169	145	314	0.00002
Coprobacter_secundus	1501392	S	57	35	92	0.00000
Paludibacter_propionicigenes	185300	S	116	2	118	0.00001
Tenuifilum_thalassicum	2590900	S	83	1	84	0.00000
Salinivirga_cyanobacteriivorans	1307839	S	59	1	60	0.00000
Draconibacterium_orientale	1168034	S	147	13	160	0.00001
Draconibacterium_halophilum	2706887	S	92	7	99	0.00000
Maribellus_comscasis	2681766	S	135	4	139	0.00001
Labilibaculum_antarcticum	1717717	S	103	6	109	0.00001
Alkalitalea_saponilacus	889453	S	101	8	109	0.00001
Rhodocaloribacter_litoris	2558931	S	4856	432	5288	0.00026
Rhodothermus_marinus	29549	S	4162	202	4364	0.00022
Salinibacter_ruber	146919	S	2723	34	2757	0.00014
Haliscomenobacter_hydrossis	2350	S	481	5	486	0.00002
Saprospira_grandis	1008	S	95	2	97	0.00000
Candidatus_Sulfidibacterium_hydrothermale	2875962	S	165	4	169	0.00001
Chlorobaculum_limnaeum	274537	S	852	133	985	0.00005
Chlorobaculum_tepidum	1097	S	461	122	583	0.00003
Chlorobaculum_parvum	274539	S	437	80	517	0.00003
Pelodictyon_luteolum	1100	S	440	70	510	0.00003
Pelodictyon_phaeoclathratiforme	34090	S	94	5	99	0.00000
Chlorobium_limicola	1092	S	221	17	238	0.00001
Chlorobium_phaeovibrioides	1094	S	122	23	145	0.00001
Chlorobium_phaeobacteroides	1096	S	97	10	107	0.00001
Prosthecochloris_sp._GSB1	281093	S	419	24	443	0.00002
Prosthecochloris_sp._CIB_2401	1868325	S	156	33	189	0.00001
Prosthecochloris_sp._HL-130-GSB	1974213	S	127	18	145	0.00001
Prosthecochloris_aestuarii	1102	S	129	9	138	0.00001
Chloroherpeton_thalassium	100716	S	157	2	159	0.00001
Candidatus_Cyclonatronum_proteinivorum	1457365	S	333	24	357	0.00002
Melioribacter_roseus	1134405	S	157	13	170	0.00001
Ignavibacterium_album	591197	S	73	7	80	0.00000
Gemmatirosa_kalamazoonesis	861299	S	55743	4509	60252	0.00297
Gemmatimonas_groenlandica	2732249	S	8439	957	9396	0.00046
Gemmatimonas_aurantiaca	173480	S	6393	646	7039	0.00035
Gemmatimonas_phototrophica	1379270	S	5097	707	5804	0.00029
Fibrobacter_succinogenes	833	S	172	2	174	0.00001
Candidatus_Cloacimonas_acidaminovorans	456827	S	63	1	64	0.00000
Luteitalea_pratensis	1855912	S	76256	6780	83036	0.00409
Luteitalea_sp._TBR-22	2802971	S	64507	8846	73353	0.00362
Granulicella_sp._WH15	2602070	S	2721	539	3260	0.00016
Granulicella_sp._5B5	1617967	S	2274	404	2678	0.00013
Granulicella_mallensis	940614	S	2053	273	2326	0.00011
Granulicella_tundricola	940615	S	1535	227	1762	0.00009
Terriglobus_roseus	392734	S	2545	580	3125	0.00015
Terriglobus_albidus	1592106	S	1917	193	2110	0.00010
Terriglobus_saanensis	870903	S	1240	177	1417	0.00007
Acidobacterium_capsulatum	33075	S	2476	320	2796	0.00014
Acidobacterium_sp._4Y35	2763107	S	2184	165	2349	0.00012
Candidatus_Koribacter_versatilis	658062	S	3456	117	3573	0.00018
Edaphobacter_sp._12200R-103	2703788	S	1687	312	1999	0.00010
Edaphobacter_sp._4G125	2763071	S	911	144	1055	0.00005
Acidisarcina_polymorpha	2211140	S	1656	131	1787	0.00009
Paludibaculum_fermentans	1473598	S	7821	215	8036	0.00040
Chloracidobacterium_aggregatum	2851959	S	1136	651	1787	0.00009
Chloracidobacterium_validum	2821543	S	961	14	975	0.00005
Chloracidobacterium_sp._D	2821536	S	93	484	577	0.00003
Chloracidobacterium_thermophilum	458033	S	68	325	393	0.00002
Sulfidibacter_corallicola	2818388	S	2294	44	2338	0.00012
Thermotomaculum_hydrothermale	981385	S	80	3	83	0.00000
Nitrospira_moscoviensis	42253	S	3983	326	4309	0.00021
Nitrospira_japonica	1325564	S	2497	288	2785	0.00014
Nitrospira_sp._KM1	1936990	S	1868	171	2039	0.00010
Candidatus_Nitrospira_inopinata	1715989	S	1588	130	1718	0.00008
Leptospirillum_ferrooxidans	180	S	115	2	117	0.00001
Leptospirillum_ferriphilum	178606	S	53	103	156	0.00001
Leptospirillum_sp._Group_II_'CF-1'	1660083	S	36	71	107	0.00001
Dissulfurispira_thermophila	2715679	S	119	8	127	0.00001
Thermodesulfovibrio_yellowstonii	28262	S	76	2	78	0.00000
Treponema_brennaborense	81028	S	148	39	187	0.00001
Treponema_primitia	88058	S	110	5	115	0.00001
Treponema_socranskii	53419	S	100	43	143	0.00001
Treponema_azotonutricium	150829	S	99	3	102	0.00001
Treponema_caldarium	215591	S	73	9	82	0.00000
Treponema_sp._Marseille-Q4132	2766701	S	49	21	70	0.00000
Treponema_sp._OMZ_838	1539298	S	19	17	36	0.00000
Treponema_parvum	138851	S	68	3	71	0.00000
Treponema_succinifaciens	167	S	55	31	86	0.00000
Treponema_vincentii	69710	S	51	48	99	0.00000
Treponema_medium	58231	S	28	32	60	0.00000
Treponema_denticola	158	S	26	10	36	0.00000
Treponema_phagedenis	162	S	26	8	34	0.00000
Treponema_pedis	409322	S	23	5	28	0.00000
Treponema_peruense	2787628	S	18	2	20	0.00000
Treponema_putidum	221027	S	13	9	22	0.00000
Spirochaeta_thermophila	154	S	567	12	579	0.00003
Spirochaeta_africana	46355	S	217	12	229	0.00001
Salinispira_pacifica	1307761	S	99	3	102	0.00001
Sediminispirochaeta_smaragdinae	55206	S	84	2	86	0.00000
Oceanispirochaeta_crateris	2518645	S	30	1	31	0.00000
Thiospirochaeta_perfilievii	252967	S	26	1	27	0.00000
Sphaerochaeta_associata	1129264	S	99	12	111	0.00001
Sphaerochaeta_coccoides	273376	S	73	3	76	0.00000
Sphaerochaeta_globosa	1131703	S	56	7	63	0.00000
Sphaerochaeta_pleomorpha	1131707	S	40	4	44	0.00000
Breznakiella_homolactica	2798577	S	184	15	199	0.00001
Leptospira_kmetyi	408139	S	81	0	81	0.00000
Leptospira_santarosai	28183	S	67	0	67	0.00000
Leptospira_weilii	28184	S	50	0	50	0.00000
Leptospira_noguchii	28182	S	45	0	45	0.00000
Leptospira_tipperaryensis	2564040	S	41	0	41	0.00000
Leptospira_biflexa	172	S	40	0	40	0.00000
Leptospira_kobayashii	1917830	S	34	0	34	0.00000
Leptospira_mayottensis	1137606	S	21	0	21	0.00000
Leptospira_borgpetersenii	174	S	20	0	20	0.00000
Leptospira_interrogans	173	S	19	155	174	0.00001
Turneriella_parva	29510	S	386	2	388	0.00002
Brachyspira_pilosicoli	52584	S	13	28	41	0.00000
Pyramidobacter_piscolens	638849	S	646	33	679	0.00003
Fretibacterium_fastidiosum	651822	S	551	6	557	0.00003
Aminomonas_paucivorans	81412	S	529	51	580	0.00003
Cloacibacillus_porcorum	1197717	S	417	65	482	0.00002
Thermanaerovibrio_acidaminovorans	81462	S	237	68	305	0.00002
Thermanaerovibrio_velox	108007	S	139	27	166	0.00001
Jonquetella_anthropi	428712	S	323	38	361	0.00002
Aminobacterium_colombiense	81468	S	84	4	88	0.00000
Acetomicrobium_mobile	97477	S	66	1	67	0.00000
Thermovirga_lienii	336261	S	35	22	57	0.00000
Candidatus_Nanosynbacter_featherlites	2572088	S	94	41	135	0.00001
Candidatus_Nanosynbacter_lyticus	2093824	S	33	97	130	0.00001
Nanosynbacter_sp._HMT-352	2899133	S	30	91	121	0.00001
Candidatus_Nanosynbacter_sp._HMT352	2902423	S	10	38	48	0.00000
Candidatus_Saccharimonas_aalborgensis	1332188	S	171	2	173	0.00001
Candidatus_Bipolaricaulis_anaerobius	2026885	S	577	18	595	0.00003
Candidatus_Babela_massiliensis	673862	S	111	1	112	0.00001
Candidatus_Absconditicoccus_praedator	2735562	S	57	0	57	0.00000
Candidatus_Chazhemtobacterium_aquaticus	2715735	S	36	0	36	0.00000
Thermotoga_caldifontis	1508419	S	117	114	231	0.00001
Thermotoga_profunda	1508420	S	20	5	25	0.00000
Pseudothermotoga_hypogea	57487	S	56	20	76	0.00000
Pseudothermotoga_thermarum	119394	S	22	5	27	0.00000
Fervidobacterium_nodosum	2424	S	11	14	25	0.00000
Fervidobacterium_pennivorans	93466	S	11	26	37	0.00000
Thermosipho_ferrireducens	2571116	S	16	2	18	0.00000
Thermosipho_melanesiensis	46541	S	10	8	18	0.00000
Kosmotoga_olearia	651457	S	39	19	58	0.00000
Kosmotoga_pacifica	1330330	S	30	16	46	0.00000
Mesotoga_infera	1236046	S	53	7	60	0.00000
Mesotoga_prima	1184387	S	29	4	33	0.00000
Tepiditoga_spiralis	2108365	S	21	5	26	0.00000
Defluviitoga_tunisiensis	1006576	S	18	25	43	0.00000
Petrotoga_mobilis	69499	S	12	9	21	0.00000
Athalassotoga_saccharophila	1441386	S	58	1	59	0.00000
Thermocrinis_minervae	381751	S	78	12	90	0.00000
Thermocrinis_albus	136094	S	26	3	29	0.00000
Hydrogenobacter_sp._T-8	1632019	S	66	15	81	0.00000
Hydrogenobacter_thermophilus	940	S	24	7	31	0.00000
Aquifex_aeolicus	63363	S	37	2	39	0.00000
Sulfurihydrogenibium_azorense	309806	S	80	12	92	0.00000
Persephonella_marina	309805	S	75	7	82	0.00000
Thermosulfidibacter_takaii	412593	S	83	3	86	0.00000
Thermovibrio_ammonificans	228745	S	103	21	124	0.00001
Desulfurobacterium_thermolithotrophum	64160	S	35	6	41	0.00000
Thermosulfurimonas_marina	2047767	S	170	17	187	0.00001
Thermosulfuriphilus_ammonigenes	1936021	S	82	2	84	0.00000
Thermodesulfatator_indicus	171695	S	80	8	88	0.00000
Thermodesulfobacterium_commune	1741	S	15	4	19	0.00000
Thermodesulfobacterium_geofontis	1295609	S	13	3	16	0.00000
Thermodesulfobacterium_sp._TA1	2234087	S	10	2	12	0.00000
Caldimicrobium_thiodismutans	1653476	S	26	3	29	0.00000
Fusobacterium_ulcerans	861	S	29	8	37	0.00000
Fusobacterium_nucleatum	851	S	17	48	65	0.00000
Fusobacterium_necrophorum	859	S	14	4	18	0.00000
Fusobacterium_gonidiaformans	849	S	12	4	16	0.00000
Fusobacterium_varium	856	S	11	2	13	0.00000
Ilyobacter_polytropus	167642	S	18	1	19	0.00000
Leptotrichia_wadei	157687	S	17	25	42	0.00000
Leptotrichia_hofstadii	157688	S	10	14	24	0.00000
Sebaldella_termitidis	826	S	23	1	24	0.00000
Pseudoleptotrichia_goodfellowii	157692	S	10	2	12	0.00000
Geovibrio_thiophilus	139438	S	83	23	106	0.00001
Flexistipes_sinusarabici	2352	S	55	9	64	0.00000
Deferribacter_desulfuricans	197162	S	40	9	49	0.00000
Mucispirillum_schaedleri	248039	S	39	4	43	0.00000
Calditerrivibrio_nitroreducens	477976	S	35	6	41	0.00000
Denitrovibrio_acetiphilus	118000	S	34	6	40	0.00000
Caldithrix_abyssi	187145	S	319	2	321	0.00002
Desulfurispirillum_indicum	936456	S	308	114	422	0.00002
Elusimicrobium_minutum	423605	S	118	1	119	0.00001
Endomicrobium_proavitum	1408281	S	41	9	50	0.00000
Candidatus_Endomicrobium_trichonymphae	1408204	S	35	7	42	0.00000
Caldisericum_exile	693075	S	96	0	96	0.00000
Coprothermobacter_proteolyticus	35786	S	92	14	106	0.00001
Dictyoglomus_thermophilum	14	S	13	39	52	0.00000
Atribacter_laminatus	2847778	S	43	0	43	0.00000
Fusarium_equiseti	61235	S	31834	3529	35363	0.00174
Fusarium_scirpi	2211609	S	15794	1571	17365	0.00086
Fusarium_acuminatum	5515	S	8211	618	8829	0.00044
Fusarium_avenaceum	40199	S	272	14	286	0.00001
Fusarium_dimerum	57145	S	5854	183	6037	0.00030
Fusarium_oxysporum	5507	S	3870	1806	5676	0.00028
Fusarium_venenatum	56646	S	750	1218	1968	0.00010
Fusarium_longipes	694270	S	383	17	400	0.00002
Fusarium_poae	36050	S	377	115	492	0.00002
Fusarium_pseudograminearum	101028	S	307	98	405	0.00002
Fusarium_sporotrichioides	5514	S	300	24	324	0.00002
Fusarium_sambucinum	5128	S	219	79	298	0.00001
Fusarium_culmorum	5516	S	158	119	277	0.00001
Fusarium_graminearum	5518	S	142	610	752	0.00004
Fusarium_decemcellulare	57161	S	1279	28	1307	0.00006
Fusarium_nygamai	42673	S	303	151	454	0.00002
Fusarium_fujikuroi	5127	S	225	35	260	0.00001
Fusarium_thapsinum	120644	S	168	61	229	0.00001
Fusarium_pseudonygamai	47755	S	165	64	229	0.00001
Fusarium_verticillioides	117187	S	68	165	233	0.00001
Fusarium_nelsonii	77846	S	418	101	519	0.00003
Fusarium_chlamydosporum	86545	S	258	60	318	0.00002
Fusarium_graminum	86546	S	246	61	307	0.00002
Fusarium_heterosporum	42747	S	226	55	281	0.00001
Fusarium_lateritium	5523	S	554	17	571	0.00003
Fusarium_musae	1042133	S	77	180	257	0.00001
Metarhizium_album	92629	S	2226	69	2295	0.00011
Metarhizium_brunneum	500148	S	716	395	1111	0.00005
Metarhizium_guizhouense	169041	S	653	243	896	0.00004
Metarhizium_rileyi	1649241	S	508	100	608	0.00003
Metarhizium_acridum	92637	S	294	190	484	0.00002
Metarhizium_anisopliae	5530	S	156	178	334	0.00002
Metarhizium_majus	1650735	S	146	45	191	0.00001
Metarhizium_humberi	2596975	S	111	44	155	0.00001
Metarhizium_robertsii	568076	S	70	32	102	0.00001
Ustilaginoidea_virens	1159556	S	1036	51	1087	0.00005
Pochonia_chlamydosporia	280754	S	331	25	356	0.00002
Trichoderma_harzianum	5544	S	1135	230	1365	0.00007
Trichoderma_reesei	51453	S	526	45	571	0.00003
Trichoderma_citrinoviride	58853	S	455	48	503	0.00002
Trichoderma_pleuroti	500994	S	445	45	490	0.00002
Trichoderma_afroharzianum	1567482	S	426	86	512	0.00003
Trichoderma_atroviride	63577	S	299	68	367	0.00002
Trichoderma_asperellum	101201	S	265	19	284	0.00001
Trichoderma_hamatum	49224	S	257	19	276	0.00001
Trichoderma_gamsii	398673	S	240	32	272	0.00001
Trichoderma_koningiopsis	337941	S	200	28	228	0.00001
Trichoderma_erinaceum	202914	S	199	28	227	0.00001
Trichoderma_longibrachiatum	5548	S	82	803	885	0.00004
Trichoderma_koningii	97093	S	39	366	405	0.00002
Trichoderma_virens	29875	S	32	317	349	0.00002
Trichoderma_viride	5547	S	19	248	267	0.00001
Beauveria_felina	37994	S	1208	63	1271	0.00006
Beauveria_pseudobassiana	931006	S	360	57	417	0.00002
Beauveria_brongniartii	118266	S	347	94	441	0.00002
Beauveria_rudraprayagi	1481906	S	283	375	658	0.00003
Beauveria_bassiana	176275	S	152	212	364	0.00002
Cordyceps_fumosorosea	114497	S	1149	93	1242	0.00006
Purpureocillium_lilacinum	33203	S	1449	112	1561	0.00008
Drechmeria_coniospora	98403	S	1364	71	1435	0.00007
Clonostachys_rosea	29856	S	885	62	947	0.00005
Colletotrichum_higginsianum	80884	S	2444	547	2991	0.00015
Thermothelomyces_thermophilus	78579	S	2446	177	2623	0.00013
Thermothielavioides_terrestris	2587410	S	2375	234	2609	0.00013
Neurospora_crassa	5141	S	1257	82	1339	0.00007
Pyricularia_oryzae	318829	S	622	155	777	0.00004
Pyricularia_pennisetigena	1578925	S	518	75	593	0.00003
Pyricularia_grisea	148305	S	349	49	398	0.00002
Neopestalotiopsis_clavispora	289240	S	219	316	535	0.00003
Neopestalotiopsis_rosae	1562205	S	198	264	462	0.00002
Botrytis_cinerea	40559	S	375	2	377	0.00002
Penicillium_chrysogenum	5076	S	5234	490	5724	0.00028
Penicillium_aurantiogriseum	36655	S	332	56	388	0.00002
Penicillium_citrinum	5077	S	297	48	345	0.00002
Penicillium_expansum	27334	S	265	41	306	0.00002
Penicillium_italicum	40296	S	197	29	226	0.00001
Penicillium_digitatum	36651	S	158	14	172	0.00001
Aspergillus_luchuensis	1069201	S	1176	112	1288	0.00006
Aspergillus_chevalieri	182096	S	815	90	905	0.00004
Aspergillus_puulaauensis	1220207	S	691	31	722	0.00004
Aspergillus_fumigatus	746128	S	358	27	385	0.00002
Aspergillus_oryzae	5062	S	102	190	292	0.00001
Aspergillus_flavus	5059	S	16	32	48	0.00000
Paecilomyces_niveus	5093	S	307	14	321	0.00002
Paecilomyces_variotii	264951	S	191	20	211	0.00001
Talaromyces_rugulosus	121627	S	281	17	298	0.00001
Ampelomyces_quisqualis	50730	S	1858	236	2094	0.00010
Paraphaeosphaeria_minitans	565426	S	908	377	1285	0.00006
Zymoseptoria_tritici	1047171	S	449	29	478	0.00002
Cercospora_beticola	122368	S	375	13	388	0.00002
Eremothecium_gossypii	33169	S	136	120	256	0.00001
Eremothecium_cymbalariae	45285	S	19	0	19	0.00000
Eremothecium_sinecaudum	45286	S	14	9	23	0.00000
Saccharomyces_eubayanus	1080349	S	45	2	47	0.00000
Saccharomyces_cerevisiae	4932	S	35	5	40	0.00000
Saccharomyces_paradoxus	27291	S	20	1	21	0.00000
Kluyveromyces_marxianus	4911	S	54	13	67	0.00000
Kluyveromyces_lactis	28985	S	36	6	42	0.00000
Naumovozyma_castellii	27288	S	49	3	52	0.00000
Naumovozyma_dairenensis	27289	S	40	1	41	0.00000
Tetrapisispora_phaffii	113608	S	38	1	39	0.00000
Tetrapisispora_blattae	1071379	S	32	1	33	0.00000
Kazachstania_naganishii	588726	S	56	2	58	0.00000
Kazachstania_africana	432096	S	10	0	10	0.00000
Lachancea_thermotolerans	381046	S	60	4	64	0.00000
Zygotorulaspora_mrakii	42260	S	49	6	55	0.00000
Torulaspora_globosa	48254	S	30	2	32	0.00000
Torulaspora_delbrueckii	4950	S	17	1	18	0.00000
[Candida]_glabrata	5478	S	46	2	48	0.00000
Zygosaccharomyces_rouxii	4956	S	27	1	28	0.00000
Brettanomyces_nanus	13502	S	45	13	58	0.00000
Brettanomyces_bruxellensis	5007	S	38	5	43	0.00000
Ogataea_parapolymorpha	1005962	S	92	3	95	0.00000
Pichia_kudriavzevii	4909	S	63	3	66	0.00000
Candida_dubliniensis	42374	S	64	4	68	0.00000
Candida_albicans	5476	S	44	3	47	0.00000
Candida_orthopsilosis	273371	S	36	0	36	0.00000
Scheffersomyces_stipitis	4924	S	30	0	30	0.00000
Debaryomyces_hansenii	4959	S	19	0	19	0.00000
Sugiyamaella_lignohabitans	796027	S	168	13	181	0.00001
Yarrowia_lipolytica	4952	S	142	2	144	0.00001
Saccharomycodes_ludwigii	36035	S	31	5	36	0.00000
Komagataella_phaffii	460519	S	18	0	18	0.00000
Schizosaccharomyces_pombe	4896	S	73	1	74	0.00000
Pseudozyma_flocculosa	84751	S	1412	12	1424	0.00007
Ustilago_maydis	5270	S	467	12	479	0.00002
Sporisorium_graminicola	280036	S	371	56	427	0.00002
Malassezia_restricta	76775	S	187	32	219	0.00001
Phlebiopsis_gigantea	82310	S	423	22	445	0.00002
Rhizoctonia_solani	456999	S	132	12	144	0.00001
Marasmius_oreades	181124	S	116	14	130	0.00001
Cryptococcus_neoformans	5207	S	143	40	183	0.00001
Cryptococcus_gattii_VGI	37769	S	33	77	110	0.00001
Phytophthora_cinnamomi	4785	S	899	164	1063	0.00005
Phytophthora_fragariae	53985	S	663	103	766	0.00004
Phytophthora_cryptogea	4786	S	426	37	463	0.00002
Phytophthora_infestans	4787	S	390	635	1025	0.00005
Phytophthora_cactorum	29920	S	278	45	323	0.00002
Phytophthora_boehmeriae	109152	S	219	31	250	0.00001
Phytophthora_parasitica	4792	S	165	23	188	0.00001
Pythium_aphanidermatum	65070	S	447	16	463	0.00002
