name	taxonomy_id	taxonomy_lvl	kraken_assigned_reads	added_reads	new_est_reads	fraction_total_reads
Bradyrhizobium	374	G	370437	49427	419864	0.02652
Rhodopseudomonas	1073	G	28950	9218	38168	0.00241
Tardiphaga	1395974	G	10035	1507	11542	0.00073
Afipia	1033	G	7012	3180	10192	0.00064
Variibacter	1649510	G	6716	547	7263	0.00046
Nitrobacter	911	G	6428	894	7322	0.00046
Rhizobium	379	G	98055	53189	151244	0.00955
Agrobacterium	357	G	21135	6932	28067	0.00177
Neorhizobium	1525371	G	11059	2562	13621	0.00086
Pseudorhizobium	1903858	G	3759	718	4477	0.00028
Sinorhizobium	28105	G	39984	20931	60915	0.00385
Ensifer	106591	G	27791	5260	33051	0.00209
Shinella	323620	G	18556	12812	31368	0.00198
Ciceribacter	1648508	G	2739	531	3270	0.00021
Georhizobium	2661800	G	2555	573	3128	0.00020
Peteryoungia	2853332	G	874	148	1022	0.00006
Liberibacter	34019	G	147	176	323	0.00002
Mesorhizobium	68287	G	154863	32577	187440	0.01184
Aquibium	2911176	G	13361	3455	16816	0.00106
Aminobacter	31988	G	9181	5945	15126	0.00096
Nitratireductor	245876	G	8929	1446	10375	0.00066
Phyllobacterium	28100	G	4807	515	5322	0.00034
Roseitalea	1915401	G	3866	693	4559	0.00029
Hoeflea	274591	G	3037	304	3341	0.00021
Oricola	1594166	G	3009	436	3445	0.00022
Salaquimonas	2712688	G	1223	56	1279	0.00008
Lentilitoribacter	1649463	G	82	1	83	0.00001
Methylobacterium	407	G	102348	19311	121659	0.00769
Microvirga	186650	G	48599	6079	54678	0.00345
Methylorubrum	2282523	G	22147	9575	31722	0.00200
Pseudolabrys	556257	G	22448	3625	26073	0.00165
Xanthobacter	279	G	15045	3583	18628	0.00118
Starkeya	152053	G	14593	4095	18688	0.00118
Ancylobacter	99	G	13758	4949	18707	0.00118
Labrys	204476	G	4996	551	5547	0.00035
Azorhizobium	6	G	4846	1097	5943	0.00038
Rhodoplanes	29407	G	28675	3032	31707	0.00200
Hyphomicrobium	81	G	16582	1262	17844	0.00113
Methyloceanibacter	1484898	G	7504	570	8074	0.00051
Methyloligella	1485594	G	4551	607	5158	0.00033
Aquabacter	45402	G	4068	730	4798	0.00030
Rhodomicrobium	1068	G	3473	259	3732	0.00024
Caenibius	2827482	G	2517	1109	3626	0.00023
Filomicrobium	119044	G	1680	55	1735	0.00011
Bosea	85413	G	44454	7334	51788	0.00327
Devosia	46913	G	31203	2580	33783	0.00213
Youhaiella	1827478	G	3574	785	4359	0.00028
Paradevosia	1573407	G	3301	1225	4526	0.00029
Pelagibacterium	1082930	G	1812	244	2056	0.00013
Maritalea	623276	G	416	14	430	0.00003
Aureimonas	414371	G	21081	4503	25584	0.00162
Martelella	293088	G	10295	2043	12338	0.00078
Aurantimonas	182269	G	6172	1974	8146	0.00051
Nordella	169055	G	13582	806	14388	0.00091
Pseudorhodoplanes	1734920	G	9929	788	10717	0.00068
Terrihabitans	2874214	G	4531	551	5082	0.00032
Candidatus_Hodgkinia	573657	G	63	0	63	0.00000
Methylocystis	133	G	17284	1586	18870	0.00119
Methylosinus	425	G	8155	1254	9409	0.00059
Stappia	152161	G	9361	1879	11240	0.00071
Roseibium	150830	G	4241	572	4813	0.00030
Pannonibacter	227873	G	3958	2924	6882	0.00043
Labrenzia	478070	G	3502	323	3825	0.00024
Pseudovibrio	258255	G	845	43	888	0.00006
Phreatobacter	1632780	G	20996	3895	24891	0.00157
Kaustia	2838250	G	9391	978	10369	0.00066
Parvibaculum	256616	G	3990	2733	6723	0.00042
Pyruvatibacter	1742974	G	2636	350	2986	0.00019
Candidatus_Phaeomarinobacter	1541445	G	1009	54	1063	0.00007
Chelatococcus	28209	G	13617	3287	16904	0.00107
Blastochloris	59282	G	12575	3199	15774	0.00100
Methylocella	120652	G	5929	575	6504	0.00041
Methylovirgula	1156568	G	4694	415	5109	0.00032
Beijerinckia	532	G	1385	112	1497	0.00009
Acuticoccus	1904377	G	7933	918	8851	0.00056
Brucella	234	G	6836	3518	10354	0.00065
Pseudochrobactrum	354349	G	616	111	727	0.00005
Kaistia	166953	G	7279	1932	9211	0.00058
Hartmannibacter	1572860	G	4655	894	5549	0.00035
Breoghania	1406135	G	4654	656	5310	0.00034
Lichenihabitans	2723776	G	4010	204	4214	0.00027
Cohaesibacter	655352	G	883	38	921	0.00006
Bartonella	773	G	722	48	770	0.00005
Sphingomonas	13687	G	359322	48643	407965	0.02577
Sphingobium	165695	G	71394	33159	104553	0.00660
Sphingopyxis	165697	G	58672	12231	70903	0.00448
Novosphingobium	165696	G	40827	14687	55514	0.00351
Rhizorhabdus	1649486	G	18129	8779	26908	0.00170
Allosphingosinicella	2823232	G	9912	1255	11167	0.00071
Sphingosinithalassobacter	2676233	G	7570	1846	9416	0.00059
Parasphingopyxis	1234545	G	5257	268	5525	0.00035
Sphingorhabdus	1434046	G	4343	290	4633	0.00029
Blastomonas	150203	G	3777	691	4468	0.00028
Hankyongella	1763827	G	3406	670	4076	0.00026
Tardibacter	2685927	G	2723	2124	4847	0.00031
Citromicrobium	72173	G	2260	1059	3319	0.00021
Novosphingopyxis	2709686	G	1938	1102	3040	0.00019
Parasphingorhabdus	2709685	G	1295	42	1337	0.00008
Aquisediminimonas	2676781	G	1088	44	1132	0.00007
Erythrobacter	1041	G	25887	6806	32693	0.00207
Porphyrobacter	1111	G	8012	2270	10282	0.00065
Qipengyuania	1855416	G	16443	4434	20877	0.00132
Altererythrobacter	361177	G	9669	2692	12361	0.00078
Tsuneonella	2800686	G	9423	1959	11382	0.00072
Croceicoccus	1295327	G	8813	5419	14232	0.00090
Aurantiacibacter	2800681	G	1917	324	2241	0.00014
Pelagerythrobacter	2800685	G	1831	265	2096	0.00013
Paraurantiacibacter	2800682	G	1714	231	1945	0.00012
Croceibacterium	2676755	G	1686	734	2420	0.00015
Sphingosinicella	335405	G	17833	1963	19796	0.00125
Polymorphobacter	1508451	G	6273	259	6532	0.00041
Sandaracinobacter	56358	G	3046	223	3269	0.00021
Zymomonas	541	G	199	132	331	0.00002
Azospirillum	191	G	81244	10549	91793	0.00580
Skermanella	204447	G	35271	5099	40370	0.00255
Nitrospirillum	1543705	G	5918	713	6631	0.00042
Indioceanicola	2478349	G	5181	745	5926	0.00037
Niveispirillum	1543704	G	2560	287	2847	0.00018
Roseomonas	125216	G	46204	6715	52919	0.00334
Rhodovastum	504465	G	8322	821	9143	0.00058
Komagataeibacter	1434011	G	6241	2824	9065	0.00057
Roseococcus	35812	G	6145	557	6702	0.00042
Acidiphilium	522	G	5712	2819	8531	0.00054
Sediminicoccus	1706033	G	4189	210	4399	0.00028
Acidibrevibacterium	2603324	G	3850	334	4184	0.00026
Lichenicola	2804525	G	3598	172	3770	0.00024
Acetobacter	434	G	3449	1207	4656	0.00029
Gluconobacter	441	G	2497	630	3127	0.00020
Gluconacetobacter	89583	G	2411	486	2897	0.00018
Granulibacter	364409	G	1528	138	1666	0.00011
Asaia	91914	G	1010	173	1183	0.00007
Neoasaia	320496	G	1000	196	1196	0.00008
Kozakia	153497	G	640	216	856	0.00005
Novacetimonas	2919364	G	610	270	880	0.00006
Oecophyllibacter	2791118	G	557	18	575	0.00004
Parasaccharibacter	1602345	G	339	14	353	0.00002
Swingsia	1649499	G	263	11	274	0.00002
Neokomagataea	1223423	G	118	19	137	0.00001
Entomobacter	2811380	G	98	7	105	0.00001
Commensalibacter	1079922	G	47	0	47	0.00000
Bombella	1654741	G	36	4	40	0.00000
Hypericibacter	2705399	G	30753	1856	32609	0.00206
Magnetospirillum	13134	G	16218	300394	316612	0.02000
Ferrovibrio	1231242	G	10207	652	10859	0.00069
Rhodospirillum	1081	G	10098	1209	11307	0.00071
Tistrella	171436	G	6568	2808	9376	0.00059
Defluviicoccus	111830	G	3607	329	3936	0.00025
Pararhodospirillum	1612157	G	2131	165	2296	0.00015
Haematospirillum	1804663	G	376	33	409	0.00003
Candidatus_Endolissoclinum	1263978	G	182	2	184	0.00001
Stella	93	G	15863	1110	16973	0.00107
Elioraea	457933	G	6788	348	7136	0.00045
Thalassospira	168934	G	2498	220	2718	0.00017
Magnetospira	1182780	G	1484	50	1534	0.00010
Terasakiella	196080	G	183	4	187	0.00001
Paracoccus	265	G	39551	6899	46450	0.00293
Cereibacter	1653176	G	10165	2743	12908	0.00082
Rhodobacter	1060	G	9930	3245	13175	0.00083
Rhodovulum	34008	G	5720	1266	6986	0.00044
Polymorphum	991903	G	5071	1295	6366	0.00040
Paroceanicella	2683599	G	4765	1279	6044	0.00038
Pikeienuella	2831955	G	3403	338	3741	0.00024
Pontivivens	1844015	G	3082	243	3325	0.00021
Thioclava	285107	G	3044	393	3437	0.00022
Silicimonas	1955420	G	2917	181	3098	0.00020
Pelagovum	2795377	G	2547	331	2878	0.00018
Frigidibacter	1775705	G	2203	944	3147	0.00020
Pukyongiella	2831925	G	2018	497	2515	0.00016
Brevirhabdus	1855413	G	1862	887	2749	0.00017
Fuscovulum	2818469	G	1578	209	1787	0.00011
Gymnodinialimonas	2937410	G	1542	152	1694	0.00011
Haematobacter	366614	G	1486	615	2101	0.00013
Falsirhodobacter	1434002	G	1336	201	1537	0.00010
Tabrizicola	1443919	G	1290	122	1412	0.00009
Gemmobacter	204456	G	1261	265	1526	0.00010
Pseudopuniceibacterium	2613960	G	1233	100	1333	0.00008
Pacificitalea	2846749	G	1218	275	1493	0.00009
Pseudooceanicola	1679449	G	1164	119	1283	0.00008
Monaibacterium	2029873	G	1139	272	1411	0.00009
Roseicitreum	1209946	G	905	49	954	0.00006
Tritonibacter	2083206	G	835	380	1215	0.00008
Yoonia	2211641	G	690	158	848	0.00005
Qingshengfaniella	2816884	G	668	37	705	0.00004
Rhodophyticola	2680018	G	635	19	654	0.00004
Pseudohalocynthiibacter	1759417	G	607	123	730	0.00005
Profundibacter	2778525	G	510	18	528	0.00003
Rhodobaca	119541	G	497	23	520	0.00003
Pseudorhodobacter	238783	G	437	29	466	0.00003
Parasedimentitalea	2738399	G	392	19	411	0.00003
Cognatishimia	2211635	G	392	18	410	0.00003
Aestuarium	2820509	G	338	140	478	0.00003
Planktomarina	1284657	G	208	5	213	0.00001
Roseovarius	74030	G	10651	1625	12276	0.00078
Sulfitobacter	60136	G	10044	1902	11946	0.00075
Salipiger	263377	G	7821	2513	10334	0.00065
Roseivivax	93682	G	6276	862	7138	0.00045
Celeribacter	875170	G	4342	1637	5979	0.00038
Phaeobacter	302485	G	3805	2798	6603	0.00042
Leisingera	191028	G	3589	471	4060	0.00026
Ruegeria	97050	G	3464	508	3972	0.00025
Pseudosulfitobacter	2854186	G	2739	733	3472	0.00022
Sagittula	58842	G	2619	1057	3676	0.00023
Yangia	2919626	G	2612	438	3050	0.00019
Mameliella	1434019	G	1889	344	2233	0.00014
Ponticoccus	983507	G	1871	279	2150	0.00014
Dinoroseobacter	309512	G	1843	654	2497	0.00016
Roseobacter	2433	G	1749	47	1796	0.00011
Roseibacterium	159345	G	1464	124	1588	0.00010
Ketogulonicigenium	92944	G	1464	230	1694	0.00011
Octadecabacter	53945	G	1445	96	1541	0.00010
Actibacterium	1433986	G	1422	678	2100	0.00013
Oceanicola	252301	G	1399	72	1471	0.00009
Maribius	387095	G	1089	56	1145	0.00007
Tateyamaria	299261	G	1059	35	1094	0.00007
Thalassococcus	436357	G	987	25	1012	0.00006
Antarctobacter	74032	G	932	48	980	0.00006
Jannaschia	188905	G	868	23	891	0.00006
Thalassobius	335927	G	613	32	645	0.00004
Falsihalocynthiibacter	2854182	G	230	7	237	0.00001
Caulobacter	75	G	47068	6372	53440	0.00338
Brevundimonas	41275	G	42288	6353	48641	0.00307
Phenylobacterium	20	G	17529	3084	20613	0.00130
Terricaulis	2768684	G	14929	524	15453	0.00098
Asticcacaulis	76890	G	3356	276	3632	0.00023
Candidatus_Viadribacter	2892997	G	7037	189	7226	0.00046
Hyphomonas	85	G	4699	223	4922	0.00031
Hirschia	2723	G	68	1	69	0.00000
Marinicauda	1649466	G	4238	743	4981	0.00031
Maricaulis	74317	G	1427	97	1524	0.00010
Glycocaulis	1433402	G	1337	74	1411	0.00009
Hyphobacterium	2004661	G	964	41	1005	0.00006
Aquisalinus	1795639	G	1779	84	1863	0.00012
Parvularcula	208215	G	672	81	753	0.00005
Anaplasma	768	G	278	25	303	0.00002
Wolbachia	953	G	182	9	191	0.00001
Neorickettsia	33993	G	93	0	93	0.00001
Ehrlichia	943	G	60	4	64	0.00000
Candidatus_Neoehrlichia	467749	G	21	5	26	0.00000
Rickettsia	780	G	368	26	394	0.00002
Orientia	69474	G	23	0	23	0.00000
Candidatus_Sneabacter	2601645	G	14	0	14	0.00000
Candidatus_Phycorickettsia	2115980	G	51	2	53	0.00000
Candidatus_Midichloria	411566	G	27	9	36	0.00000
Candidatus_Fokinia	1802983	G	15	2	17	0.00000
Candidatus_Deianiraea	2603321	G	30	25	55	0.00000
Micavibrio	213485	G	983	12	995	0.00006
Candidatus_Puniceispirillum	767891	G	152	4	156	0.00001
Luteithermobacter	2813803	G	564	103	667	0.00004
Paremcibacter	2813804	G	513	17	530	0.00003
Candidatus_Hydrogenosomobacter	2654634	G	57	1	58	0.00000
Candidatus_Cytomitobacter	2601574	G	43	41	84	0.00001
Candidatus_Gromoviella	2900571	G	35	1	36	0.00000
Candidatus_Nesciobacter	2601651	G	22	2	24	0.00000
Candidatus_Nucleicultrix	1509243	G	89	4	93	0.00001
Candidatus_Paracaedibacter	1521255	G	87	4	91	0.00001
Magnetococcus	162171	G	329	8	337	0.00002
Candidatus_Pelagibacter	198251	G	88	4	92	0.00001
Candidatus_Fonsibacter	2045213	G	56	9	65	0.00000
Kordiimonas	288021	G	131	2	133	0.00001
Burkholderia	32008	G	152070	198143	350213	0.02212
Cupriavidus	106589	G	94518	29396	123914	0.00783
Paraburkholderia	1822464	G	78979	7812	86791	0.00548
Ralstonia	48736	G	25452	12379	37831	0.00239
Pandoraea	93217	G	24045	3628	27673	0.00175
Caballeronia	1827195	G	22105	2411	24516	0.00155
Polynucleobacter	44013	G	2348	65	2413	0.00015
Lautropia	47670	G	2335	421	2756	0.00017
Chitinimonas	240411	G	1568	125	1693	0.00011
Mycetohabitans	2571159	G	1509	98	1607	0.00010
Mycoavidus	1810868	G	432	19	451	0.00003
Limnobacter	131079	G	264	13	277	0.00002
Candidatus_Vallotia	2018044	G	191	23	214	0.00001
Ephemeroptericola	2680021	G	156	10	166	0.00001
Variovorax	34072	G	99345	34918	134263	0.00848
Hydrogenophaga	47420	G	48935	23740	72675	0.00459
Acidovorax	12916	G	47848	24265	72113	0.00456
Ramlibacter	174951	G	28036	11595	39631	0.00250
Schlegelella	215579	G	25430	8522	33952	0.00214
Comamonas	283	G	21823	11597	33420	0.00211
Rhodoferax	28065	G	19348	4477	23825	0.00151
Diaphorobacter	238749	G	12182	12899	25081	0.00158
Delftia	80865	G	10591	11135	21726	0.00137
Polaromonas	52972	G	9728	807	10535	0.00067
Kinneretia	683756	G	8292	4683	12975	0.00082
Ottowia	219181	G	6877	1220	8097	0.00051
Alicycliphilus	201096	G	6198	11502	17700	0.00112
Melaminivora	1649468	G	5102	4785	9887	0.00062
Serpentinimonas	2490452	G	4096	991	5087	0.00032
Verminephrobacter	364316	G	2856	357	3213	0.00020
Hylemonella	232523	G	2597	378	2975	0.00019
Pulveribacter	2678886	G	2354	1242	3596	0.00023
Simplicispira	352450	G	1982	776	2758	0.00017
Limnohabitans	665874	G	1156	115	1271	0.00008
Curvibacter	281915	G	925	68	993	0.00006
Candidatus_Symbiobacter	1436289	G	883	32	915	0.00006
Massilia	149698	G	81268	14516	95784	0.00605
Duganella	75654	G	6662	2437	9099	0.00057
Janthinobacterium	29580	G	14707	3059	17766	0.00112
Herbaspirillum	963	G	14583	2784	17367	0.00110
Collimonas	202907	G	6328	747	7075	0.00045
Noviherbaspirillum	1344552	G	3783	663	4446	0.00028
Undibacterium	401469	G	869	56	925	0.00006
Glaciimonas	1229970	G	331	22	353	0.00002
Herminiimonas	303379	G	309	52	361	0.00002
Oxalobacter	846	G	219	21	240	0.00002
Achromobacter	222	G	47454	21528	68982	0.00436
Bordetella	517	G	45463	18318	63781	0.00403
Pigmentiphaga	152267	G	7394	883	8277	0.00052
Castellaniella	359336	G	3562	2468	6030	0.00038
Orrella	1921582	G	3556	1163	4719	0.00030
Alcaligenes	507	G	2125	511	2636	0.00017
Pusillimonas_(ex_Stolz_et_al._2005)	305976	G	1717	353	2070	0.00013
Paralcaligenes	1148163	G	982	43	1025	0.00006
Kerstersia	257820	G	961	212	1173	0.00007
Advenella	290425	G	859	27	886	0.00006
Oligella	90243	G	170	48	218	0.00001
Paenalcaligenes	1100891	G	59	3	62	0.00000
Basilea	1472344	G	42	4	46	0.00000
Pelistega	106146	G	37	6	43	0.00000
Taylorella	29574	G	26	2	28	0.00000
Rhizobacter	212743	G	17829	4125	21954	0.00139
Sphaerotilus	34102	G	11407	5981	17388	0.00110
Mitsuaria	65047	G	10662	2254	12916	0.00082
Methylibium	316612	G	9409	2907	12316	0.00078
Rubrivivax	28067	G	9071	3022	12093	0.00076
Aquincola	391952	G	7524	2736	10260	0.00065
Thiomonas	32012	G	7381	1205	8586	0.00054
Leptothrix	88	G	6204	2100	8304	0.00052
Xylophilus	54066	G	4320	1300	5620	0.00036
Tepidimonas	114248	G	3690	1385	5075	0.00032
Ideonella	36862	G	3391	2113	5504	0.00035
Roseateles	93681	G	3362	681	4043	0.00026
Aquabacterium	92793	G	3015	835	3850	0.00024
Inhella	644355	G	2123	355	2478	0.00016
Paucibacter	318147	G	1626	290	1916	0.00012
Candidatus_Ichthyocystis	2929841	G	37	0	37	0.00000
Sutterella	40544	G	2564	240	2804	0.00018
Turicimonas	1918598	G	176	14	190	0.00001
Thauera	33057	G	22958	14800	37758	0.00239
Azoarcus	12960	G	18134	6024	24158	0.00153
Nitrogeniibacter	2891294	G	6136	1014	7150	0.00045
Aromatoleum	551759	G	18793	5683	24476	0.00155
Azospira	146937	G	13019	6156	19175	0.00121
Niveibacterium	1769726	G	3037	455	3492	0.00022
Oryzomicrobium	1911577	G	2354	632	2986	0.00019
Rugosibacter	1914449	G	591	102	693	0.00004
Dechloromonas	73029	G	5133	939	6072	0.00038
Ferribacterium	88875	G	4302	776	5078	0.00032
Quatrionicoccus	138117	G	1811	570	2381	0.00015
Fluviibacter	2808942	G	309	113	422	0.00003
Usitatibacter	2803845	G	29124	2396	31520	0.00199
Denitratisoma	311181	G	5076	2565	7641	0.00048
Sulfuritalea	1054211	G	3910	630	4540	0.00029
Methyloversatilis	378210	G	3392	476	3868	0.00024
Sterolibacterium	157591	G	2481	713	3194	0.00020
Thiobacillus	919	G	5038	1042	6080	0.00038
Sulfuritortus	1938335	G	3487	1539	5026	0.00032
Sideroxydans	314343	G	3541	522	4063	0.00026
Ferrigenium	2249462	G	2393	536	2929	0.00019
Ferriphaselus	1443590	G	703	104	807	0.00005
Candidatus_Nitrotoga	453161	G	584	36	620	0.00004
Gallionella	96	G	485	48	533	0.00003
Nitrosospira	35798	G	4983	177	5160	0.00033
Nitrosomonas	914	G	2823	224	3047	0.00019
Sulfurimicrobium	2772198	G	2615	356	2971	0.00019
Sulfuriferula	1778653	G	2536	433	2969	0.00019
Sulfuricella	935200	G	1363	134	1497	0.00009
Methylovorus	81682	G	736	56	792	0.00005
Methylobacillus	404	G	695	176	871	0.00006
Methylophilus	16	G	330	22	352	0.00002
Candidatus_Methylopumilus	1679002	G	181	15	196	0.00001
Methylotenera	359407	G	168	15	183	0.00001
Methyloradius	2872156	G	135	11	146	0.00001
Chromobacterium	535	G	14828	3483	18311	0.00116
Iodobacter	32014	G	270	71	341	0.00002
Jeongeupia	885864	G	4601	880	5481	0.00035
Paludibacterium	400060	G	3872	705	4577	0.00029
Pseudogulbenkiania	568394	G	2975	1057	4032	0.00025
Vogesella	57739	G	2547	672	3219	0.00020
Microvirgula	57479	G	1935	382	2317	0.00015
Aquitalea	407217	G	1914	386	2300	0.00015
Laribacter	168470	G	1556	1477	3033	0.00019
Aquaspirillum	187	G	1003	154	1157	0.00007
Deefgea	400947	G	353	50	403	0.00003
Chitinibacter	230666	G	346	150	496	0.00003
Neisseria	482	G	6059	2043	8102	0.00051
Crenobacter	1654931	G	3569	1230	4799	0.00030
Chitinolyticbacter	1055692	G	2362	298	2660	0.00017
Vitreoscilla	59	G	1164	204	1368	0.00009
Kingella	32257	G	846	237	1083	0.00007
Eikenella	538	G	605	159	764	0.00005
Uruburuella	299568	G	571	88	659	0.00004
Paralysiella	2898489	G	240	51	291	0.00002
Alysiella	194195	G	151	26	177	0.00001
Conchiformibius	334107	G	124	120	244	0.00002
Snodgrassella	1193515	G	53	17	70	0.00000
Morococcus	212742	G	49	252	301	0.00002
Aquella	2593687	G	47	2	49	0.00000
Simonsiella	71	G	23	4	27	0.00000
Casimicrobium	2706000	G	2553	1193	3746	0.00024
Candidatus_Kinetoplastibacterium	33055	G	50	6	56	0.00000
Pseudomonas	286	G	485348	174266	659614	0.04167
Azotobacter	352	G	9121	2549	11670	0.00074
Halopseudomonas	2901189	G	4231	705	4936	0.00031
Permianibacter	1649479	G	1576	48	1624	0.00010
Thiopseudomonas	1654787	G	86	17	103	0.00001
Entomomonas	2758906	G	53	2	55	0.00000
Marinobacter	2742	G	8804	688	9492	0.00060
Lysobacter	68	G	125456	22146	147602	0.00932
Stenotrophomonas	40323	G	46497	23470	69967	0.00442
Xanthomonas	338	G	41924	25445	67369	0.00426
Luteimonas	83614	G	31066	6781	37847	0.00239
Pseudoxanthomonas	83618	G	24635	11131	35766	0.00226
Thermomonas	141948	G	13787	4088	17875	0.00113
Arenimonas	490567	G	4646	1002	5648	0.00036
Pseudolysobacter	2709666	G	2186	61	2247	0.00014
Xylella	2370	G	556	110	666	0.00004
Luteibacter	242605	G	15338	1845	17183	0.00109
Rhodanobacter	75309	G	11716	2921	14637	0.00092
Dyella	231454	G	10381	1967	12348	0.00078
Frateuria	70411	G	7225	2111	9336	0.00059
Dokdonella	323413	G	6565	1263	7828	0.00049
Aerosticca	2707020	G	3086	4041	7127	0.00045
Ahniella	2233801	G	1877	52	1929	0.00012
Klebsiella	570	G	7923	82493	90416	0.00571
Raoultella	160674	G	1951	1184	3135	0.00020
Enterobacter	547	G	9244	14402	23646	0.00149
Citrobacter	544	G	3769	3767	7536	0.00048
Cronobacter	413496	G	2418	558	2976	0.00019
Kosakonia	1330547	G	2204	388	2592	0.00016
Leclercia	83654	G	2160	1283	3443	0.00022
Salmonella	590	G	1732	47187	48919	0.00309
Pluralibacter	1330546	G	1684	438	2122	0.00013
Cedecea	158483	G	1322	189	1511	0.00010
Escherichia	561	G	1275	17576	18851	0.00119
Lelliottia	1330545	G	808	180	988	0.00006
Kluyvera	579	G	613	196	809	0.00005
Candidatus_Symbiopectobacterium	801	G	219	27	246	0.00002
Candidatus_Blochmannia	203804	G	103	4	107	0.00001
Candidatus_Hamiltonella	568987	G	56	52	108	0.00001
Candidatus_Doolittlea	1906657	G	26	1	27	0.00000
Candidatus_Hoaglandella	1906659	G	19	1	20	0.00000
Candidatus_Mikella	1906660	G	13	4	17	0.00000
Candidatus_Tachikawaea	1682492	G	11	2	13	0.00000
Jejubacter	2815296	G	348	38	386	0.00002
Pseudescherichia	2055880	G	333	20	353	0.00002
Buttiauxella	82976	G	308	39	347	0.00002
Plesiomonas	702	G	295	96	391	0.00002
Atlantibacter	1903434	G	275	60	335	0.00002
Shimwellia	1335483	G	251	51	302	0.00002
Yokenella	158876	G	250	114	364	0.00002
Scandinavium	2726810	G	245	47	292	0.00002
Pseudocitrobacter	1504576	G	213	55	268	0.00002
Phytobacter	447792	G	189	412	601	0.00004
Candidatus_Moranella	1048757	G	53	0	53	0.00000
Shigella	620	G	49	3782	3831	0.00024
Candidatus_Profftia	1177214	G	30	1	31	0.00000
Candidatus_Schneideria	1081630	G	17	1	18	0.00000
Candidatus_Ishikawaella	409304	G	17	1	18	0.00000
Serratia	613	G	12845	21084	33929	0.00214
Yersinia	629	G	1336	1324	2660	0.00017
Rahnella	34037	G	1258	282	1540	0.00010
Nissabacter	1964366	G	835	120	955	0.00006
Gibbsiella	929812	G	525	62	587	0.00004
Ewingella	41201	G	269	33	302	0.00002
Rouxiella	1565532	G	245	20	265	0.00002
Chania	1745211	G	134	13	147	0.00001
Candidatus_Fukatsuia	1927833	G	59	3	62	0.00000
Pantoea	53335	G	7732	1400	9132	0.00058
Erwinia	551	G	3099	552	3651	0.00023
Mixta	2100764	G	1829	573	2402	0.00015
Buchnera	32199	G	272	35	307	0.00002
Tatumella	82986	G	169	27	196	0.00001
Wigglesworthia	51228	G	18	1	19	0.00000
Dickeya	204037	G	3681	635	4316	0.00027
Pectobacterium	122277	G	2310	452	2762	0.00017
Brenneria	71655	G	1528	327	1855	0.00012
Lonsdalea	1082702	G	703	116	819	0.00005
Musicola	2884243	G	372	26	398	0.00003
Edwardsiella	635	G	2239	609	2848	0.00018
Hafnia	568	G	280	103	383	0.00002
Obesumbacterium	82982	G	41	31	72	0.00000
Morganella	581	G	597	527	1124	0.00007
Providencia	586	G	464	296	760	0.00005
Xenorhabdus	626	G	409	54	463	0.00003
Proteus	583	G	214	289	503	0.00003
Photorhabdus	29487	G	211	17	228	0.00001
Arsenophonus	637	G	72	7	79	0.00001
Moellerella	158848	G	35	27	62	0.00000
Sodalis	84565	G	1583	105	1688	0.00011
Leminorella	82980	G	196	26	222	0.00001
Pragia	82984	G	83	11	94	0.00001
Jinshanibacter	2810357	G	60	8	68	0.00000
Limnobaculum	2172100	G	50	8	58	0.00000
Thioalkalivibrio	106633	G	13682	2523	16205	0.00102
Spiribacter	1335745	G	8893	685	9578	0.00061
Acidihalobacter	1765964	G	5364	459	5823	0.00037
Halorhodospira	85108	G	3002	277	3279	0.00021
Aquisalimonas	406099	G	2513	189	2702	0.00017
Alkalilimnicola	133193	G	2450	339	2789	0.00018
Ectothiorhodospira	1051	G	2325	238	2563	0.00016
Ectothiorhodosinus	233099	G	311	22	333	0.00002
Allochromatium	85072	G	4594	1157	5751	0.00036
Thiodictyon	53392	G	4381	253	4634	0.00029
Thioflavicoccus	156885	G	3890	382	4272	0.00027
Marichromatium	85076	G	3807	799	4606	0.00029
Thiocapsa	1056	G	3250	189	3439	0.00022
Thiocystis	13724	G	2236	206	2442	0.00015
Thermochromatium	85073	G	1497	402	1899	0.00012
Nitrosococcus	1227	G	1187	35	1222	0.00008
Caldichromatium	2828366	G	1132	142	1274	0.00008
Rheinheimera	67575	G	331	56	387	0.00002
Candidatus_Nitrosacidococcus	2796146	G	77	4	81	0.00001
Candidatus_Nitrosoglobus	1980513	G	54	4	58	0.00000
Wenzhouxiangella	1676142	G	4598	240	4838	0.00031
Thiohalobacter	1273155	G	3616	468	4084	0.00026
Guyparkeria	2035712	G	2529	663	3192	0.00020
Sulfurivermis	2034504	G	2487	951	3438	0.00022
Halothiobacillus	109262	G	1593	140	1733	0.00011
Woeseia	1738655	G	1543	27	1570	0.00010
Sulfuriflexus	1860077	G	572	17	589	0.00004
Granulosicoccus	437504	G	504	8	512	0.00003
Halomonas	2745	G	41216	5843	47059	0.00297
Cobetia	204286	G	2407	1624	4031	0.00025
Halotalea	376488	G	2105	398	2503	0.00016
Salinicola	404432	G	2026	226	2252	0.00014
Kushneria	504090	G	1726	76	1802	0.00011
Chromohalobacter	42054	G	1532	163	1695	0.00011
Pistricoccus	1897649	G	1105	71	1176	0.00007
Zymobacter	33073	G	289	38	327	0.00002
Candidatus_Portiera	235572	G	66	8	74	0.00000
Candidatus_Carsonella	114185	G	18	4	22	0.00000
Alcanivorax	59753	G	5477	2667	8144	0.00051
Ketobacter	2025617	G	304	25	329	0.00002
Marinobacterium	48075	G	1859	220	2079	0.00013
Marinomonas	28253	G	507	53	560	0.00004
Thalassolituus	187492	G	359	46	405	0.00003
Venatorbacter	2893036	G	316	80	396	0.00003
Bacterioplanes	1537406	G	201	12	213	0.00001
Neptunomonas	75687	G	162	12	174	0.00001
Nitrincola	267849	G	138	22	160	0.00001
Amphritea	515417	G	94	8	102	0.00001
Bermanella	599651	G	48	2	50	0.00000
Hahella	158481	G	1197	47	1244	0.00008
Saccharospirillum	231683	G	659	38	697	0.00004
Reinekea	230494	G	268	13	281	0.00002
Gynuella	1445504	G	169	5	174	0.00001
Litoricola	418700	G	375	18	393	0.00002
Oleiphilus	141450	G	150	12	162	0.00001
Spartinivicinus	2768738	G	137	4	141	0.00001
Endozoicomonas	305899	G	125	7	132	0.00001
Methylococcus	413	G	9297	658	9955	0.00063
Methylomonas	416	G	5277	174	5451	0.00034
Methylomagnum	1760987	G	2641	116	2757	0.00017
Methylocaldum	73778	G	2461	140	2601	0.00016
Methylomicrobium	39773	G	2386	472	2858	0.00018
Methylogaea	1295378	G	2288	175	2463	0.00016
Candidatus_Methylospira	1808977	G	812	35	847	0.00005
Methylotuvimicrobium	2822410	G	659	336	995	0.00006
Methylovulum	762296	G	323	7	330	0.00002
Methylobacter	429	G	109	6	115	0.00001
Aeromonas	642	G	20850	15207	36057	0.00228
Zobellella	347533	G	1807	415	2222	0.00014
Oceanimonas	129577	G	763	159	922	0.00006
Dongshaea	2802288	G	215	20	235	0.00001
Oceanisphaera	225143	G	182	21	203	0.00001
Tolumonas	43947	G	140	56	196	0.00001
Succinivibrio	83770	G	33	1	34	0.00000
Solimonas	413435	G	10611	1143	11754	0.00074
Flagellatimonas	2893022	G	2886	218	3104	0.00020
Sinimarinibacterium	1861863	G	1377	736	2113	0.00013
Steroidobacter	469322	G	8089	2082	10171	0.00064
Sulfurifustis	1692042	G	10819	719	11538	0.00073
Sulfuricaulis	1744881	G	4410	350	4760	0.00030
Acidiferrobacter	986106	G	2793	55	2848	0.00018
Microbulbifer	48073	G	7209	404	7613	0.00048
Cellvibrio	10	G	4667	186	4853	0.00031
Teredinibacter	2425	G	581	23	604	0.00004
Simiduia	447467	G	559	27	586	0.00004
Marinagarivorans	1792291	G	98	7	105	0.00001
Saccharophagus	316625	G	95	2	97	0.00001
Agarilytica	2036021	G	68	1	69	0.00000
Kineobactrum	2678529	G	1374	51	1425	0.00009
Halioglobus	1217416	G	1067	34	1101	0.00007
Congregibacter	393661	G	571	226	797	0.00005
Aequoribacter	2847769	G	155	20	175	0.00001
Spongiibacter	630749	G	968	86	1054	0.00007
Zhongshania	1434050	G	204	14	218	0.00001
Oceanicoccus	1084558	G	100	1	101	0.00001
Shewanella	22	G	6406	1102	7508	0.00047
Parashewanella	2547964	G	42	3	45	0.00000
Alteromonas	226	G	793	200	993	0.00006
Salinimonas	288793	G	356	56	412	0.00003
Hydrocarboniclastica	2650549	G	628	85	713	0.00005
Agarivorans	261825	G	216	18	234	0.00001
Lacimicrobium	1751872	G	208	14	222	0.00001
Saliniradius	2661818	G	201	18	219	0.00001
Paraglaciecola	1621534	G	167	12	179	0.00001
Glaciecola	89404	G	97	7	104	0.00001
Paraneptunicella	2905123	G	87	4	91	0.00001
Saccharobesus	2894574	G	49	3	52	0.00000
Catenovulum	1172191	G	31	2	33	0.00000
Pseudoalteromonas	53246	G	1758	291	2049	0.00013
Psychrosphaera	907197	G	55	7	62	0.00000
Flocculibacter	2834759	G	29	2	31	0.00000
Ferrimonas	44011	G	846	98	944	0.00006
Idiomarina	135575	G	450	47	497	0.00003
Thalassotalea	1518149	G	151	17	168	0.00001
Colwellia	28228	G	139	14	153	0.00001
Cognaticolwellia	2848171	G	26	4	30	0.00000
Litorilituus	1407056	G	17	1	18	0.00000
Moritella	58050	G	114	24	138	0.00001
Psychromonas	67572	G	110	9	119	0.00001
Vibrio	662	G	5819	2687	8506	0.00054
Photobacterium	657	G	1525	357	1882	0.00012
Salinivibrio	51366	G	268	29	297	0.00002
Grimontia	246861	G	149	17	166	0.00001
Thaumasiovibrio	2014233	G	83	9	92	0.00001
Aliivibrio	511678	G	57	12	69	0.00000
Enterovibrio	188143	G	21	0	21	0.00000
Paraphotobacterium	2042066	G	11	1	12	0.00000
Immundisolibacter	1934947	G	4501	808	5309	0.00034
Candidatus_Endoriftia	393764	G	1242	59	1301	0.00008
Candidatus_Vesicomyosocius	2732587	G	66	71	137	0.00001
Candidatus_Ruthia	1541743	G	15	3	18	0.00000
Sedimenticola	349742	G	882	38	920	0.00006
Candidatus_Reidiella	2738850	G	586	12	598	0.00004
Thiolapillus	1608298	G	544	13	557	0.00004
Pseudohongiella	1524249	G	288	7	295	0.00002
Gallaecimonas	745410	G	194	14	208	0.00001
Celerinatantimonas	412033	G	76	5	81	0.00001
Candidatus_Thioglobus	655184	G	38	6	44	0.00000
Ignatzschineria	112008	G	35	3	38	0.00000
Candidatus_Steffania	1076625	G	18	0	18	0.00000
Candidatus_Azoamicus	2817383	G	16	2	18	0.00000
Candidatus_Nardonella	204619	G	15	5	20	0.00000
Candidatus_Pseudothioglobus	2841677	G	15	6	21	0.00000
Acinetobacter	469	G	2968	2425	5393	0.00034
Psychrobacter	497	G	533	35	568	0.00004
Moraxella	475	G	412	45	457	0.00003
Aquirhabdus	2824158	G	104	4	108	0.00001
Legionella	445	G	1846	133	1979	0.00013
Fluoribacter	461	G	55	16	71	0.00000
Tatlockia	465	G	51	2	53	0.00000
Aquicella	254245	G	586	16	602	0.00004
Coxiella	776	G	374	75	449	0.00003
Rickettsiella	59195	G	96	3	99	0.00001
Methylophaga	40222	G	325	83	408	0.00003
Thiomicrorhabdus	2039723	G	316	16	332	0.00002
Thiomicrospira	933	G	249	86	335	0.00002
Hydrogenovibrio	28884	G	207	105	312	0.00002
Piscirickettsia	1237	G	79	6	85	0.00001
Cycloclasticus	34067	G	77	4	81	0.00001
Thiosulfatimonas	2781121	G	72	4	76	0.00000
Thiosulfativibrio	2781120	G	46	2	48	0.00000
Thiothrix	1030	G	1209	36	1245	0.00008
Beggiatoa	1021	G	104	5	109	0.00001
Francisella	262	G	150	14	164	0.00001
Allofrancisella	1869285	G	33	4	37	0.00000
Salinisphaera	180541	G	2676	112	2788	0.00018
Pasteurella	745	G	954	2147	3101	0.00020
Aggregatibacter	416916	G	270	47	317	0.00002
Haemophilus	724	G	269	74	343	0.00002
Actinobacillus	713	G	226	94	320	0.00002
Mannheimia	75984	G	192	37	229	0.00001
Avibacterium	292486	G	88	14	102	0.00001
Glaesserella	2094023	G	66	27	93	0.00001
Rodentibacter	1960084	G	64	6	70	0.00000
Basfia	697331	G	63	4	67	0.00000
Bibersteinia	476528	G	31	4	35	0.00000
Histophilus	214906	G	27	8	35	0.00000
Frederiksenia	1649317	G	24	5	29	0.00000
Gallibacterium	155493	G	20	5	25	0.00000
Bisgaardia	109471	G	14	1	15	0.00000
Vespertiliibacter	1520333	G	14	2	16	0.00000
Cardiobacterium	2717	G	1304	195	1499	0.00009
Suttonella	13275	G	82	5	87	0.00001
Dichelobacter	869	G	80	22	102	0.00001
Kangiella	261963	G	271	16	287	0.00002
Gilliamella	1193503	G	88	34	122	0.00001
Zophobihabitans	2894762	G	22	2	24	0.00000
Archangium	47	G	55493	7457	62950	0.00398
Cystobacter	42	G	13182	3754	16936	0.00107
Stigmatella	40	G	10841	1440	12281	0.00078
Melittangium	44	G	7442	1971	9413	0.00059
Myxococcus	32	G	32233	24743	56976	0.00360
Corallococcus	83461	G	28949	4803	33752	0.00213
Pyxidicoccus	224458	G	15542	1284	16826	0.00106
Anaeromyxobacter	161492	G	81814	7088	88902	0.00562
Vulgatibacter	1524214	G	8466	811	9277	0.00059
Sorangium	39643	G	118439	16726	135165	0.00854
Polyangium	55	G	28916	3165	32081	0.00203
Chondromyces	50	G	15259	775	16034	0.00101
Pajaroellobacter	1882917	G	214	7	221	0.00001
Sandaracinus	1055688	G	45494	2852	48346	0.00305
Labilithrix	1524217	G	14885	763	15648	0.00099
Haliangium	162027	G	20930	1338	22268	0.00141
Geomonas	2651583	G	16116	2796	18912	0.00119
Geobacter	28231	G	14448	1703	16151	0.00102
Citrifermentans	2883512	G	4867	1252	6119	0.00039
Geotalea	2910589	G	2162	157	2319	0.00015
Geoalkalibacter	392332	G	1189	1300	2489	0.00016
Trichlorobacter	115782	G	737	106	843	0.00005
Desulfuromonas	890	G	11832	1645	13477	0.00085
Pelobacter	18	G	1693	603	2296	0.00015
Syntrophotalea	2812025	G	2222	294	2516	0.00016
Pseudodesulfovibrio	2035811	G	9743	2150	11893	0.00075
Desulfovibrio	872	G	9656	1410	11066	0.00070
Solidesulfovibrio	2910984	G	5894	666	6560	0.00041
Oceanidesulfovibrio	2905722	G	2785	190	2975	0.00019
Desulfocurvibacter	2582840	G	2198	178	2376	0.00015
Desulfolutivibrio	2773294	G	1934	578	2512	0.00016
Megalodesulfovibrio	2910978	G	1570	84	1654	0.00010
Oleidesulfovibrio	2909705	G	510	855	1365	0.00009
Maridesulfovibrio	2794998	G	264	27	291	0.00002
Paradesulfovibrio	2910986	G	199	22	221	0.00001
Lawsonia	41707	G	44	0	44	0.00000
Desulfomicrobium	898	G	2231	329	2560	0.00016
Desulfohalobium	45662	G	586	31	617	0.00004
Desulfosarcina	2299	G	4553	833	5386	0.00034
Desulfococcus	896	G	1238	259	1497	0.00009
Desulfatibacillum	218207	G	970	37	1007	0.00006
Desulfoluna	497721	G	848	49	897	0.00006
Desulfonema	45654	G	491	13	504	0.00003
Desulfobacter	2289	G	434	51	485	0.00003
Desulforapulum	2904687	G	295	38	333	0.00002
Desulfobacula	28222	G	114	10	124	0.00001
Desulfobulbus	893	G	2672	642	3314	0.00021
Desulfurivibrio	427922	G	1066	60	1126	0.00007
Desulfomarina	2894767	G	144	14	158	0.00001
Desulfosudis	2904716	G	1061	68	1129	0.00007
Desulfosediminicola	2886823	G	394	43	437	0.00003
Desulfotalea	109168	G	122	23	145	0.00001
Desulfocapsa	53318	G	99	6	105	0.00001
Persicimonas	2766927	G	7158	277	7435	0.00047
Bradymonas	1779136	G	2372	1201	3573	0.00023
Syntrophobacter	29526	G	1761	913	2674	0.00017
Desulfoglaeba	361106	G	1581	90	1671	0.00011
Desulfarculus	453229	G	3151	2296	5447	0.00034
Desulfomonile	2357	G	681	8	689	0.00004
Desulfobacca	60892	G	635	19	654	0.00004
Syntrophus	43773	G	551	39	590	0.00004
Dissulfurimicrobium	1769732	G	292	20	312	0.00002
Candidatus_Desulfofervidus	1902583	G	209	5	214	0.00001
Hippea	84404	G	79	4	83	0.00001
Campylobacter	194	G	1317	158	1475	0.00009
Sulfurimonas	202746	G	920	76	996	0.00006
Sulfuricurvum	286130	G	76	5	81	0.00001
Helicobacter	209	G	773	80	853	0.00005
Wolinella	843	G	78	18	96	0.00001
Nitratifractor	269260	G	378	30	408	0.00003
Sulfurovum	265570	G	247	28	275	0.00002
Hydrogenimonas	223785	G	444	46	490	0.00003
Sulfurospirillum	57665	G	272	37	309	0.00002
Aliarcobacter	2321111	G	59	18	77	0.00000
Arcobacter	28196	G	49	36	85	0.00001
Malaciobacter	2321114	G	48	10	58	0.00000
Halarcobacter	2321115	G	25	3	28	0.00000
Nitrosophilus	2795692	G	124	43	167	0.00001
Nitratiruptor	269258	G	120	19	139	0.00001
Caminibacter	191301	G	104	30	134	0.00001
Nautilia	191291	G	63	13	76	0.00000
Acidithiobacillus	119977	G	2986	276	3262	0.00021
Bdellovibrio	958	G	1008	51	1059	0.00007
Pseudobdellovibrio	2862745	G	74	3	77	0.00000
Bacteriovorax	146784	G	94	23	117	0.00001
Halobacteriovorax	1652133	G	71	22	93	0.00001
Fluviispira	2698753	G	30	12	42	0.00000
Silvanigrella	2024975	G	29	11	40	0.00000
Hydrogenophilus	70774	G	1068	220	1288	0.00008
Mariprofundus	377315	G	628	19	647	0.00004
Streptomyces	1883	G	1235668	326289	1561957	0.09867
Kitasatospora	2063	G	21053	8469	29522	0.00186
Streptacidiphilus	228398	G	14398	4728	19126	0.00121
Yinghuangia	2805681	G	7221	1353	8574	0.00054
Microbacterium	33882	G	123082	23617	146699	0.00927
Agromyces	33877	G	43827	11346	55173	0.00349
Curtobacterium	2034	G	22457	5127	27584	0.00174
Rathayibacter	33886	G	20329	5008	25337	0.00160
Leucobacter	55968	G	16825	3414	20239	0.00128
Agrococcus	46352	G	15957	4760	20717	0.00131
Clavibacter	1573	G	15599	13651	29250	0.00185
Leifsonia	110932	G	15474	8452	23926	0.00151
Protaetiibacter	2680004	G	6889	2192	9081	0.00057
Salinibacterium	235888	G	6399	1116	7515	0.00047
Cryobacterium	69578	G	5720	895	6615	0.00042
Frondihabitans	447237	G	4528	773	5301	0.00033
Microterricola	518733	G	4184	1114	5298	0.00033
Plantibacter	190323	G	3853	541	4394	0.00028
Microcella	337004	G	3738	1386	5124	0.00032
Cnuibacter	1759331	G	2921	682	3603	0.00023
Mycetocola	76634	G	2853	397	3250	0.00021
Herbiconiux	881616	G	2753	594	3347	0.00021
Frigoribacterium	96492	G	2662	843	3505	0.00022
Subtercola	120212	G	2578	238	2816	0.00018
Gryllotalpicola	1195526	G	2489	526	3015	0.00019
Humibacter	427753	G	2179	523	2702	0.00017
Chryseoglobus	1331730	G	2097	426	2523	0.00016
Amnibacterium	1029631	G	2051	535	2586	0.00016
Gulosibacter	256818	G	1731	558	2289	0.00014
Marisediminicola	1230698	G	1723	233	1956	0.00012
Diaminobutyricimonas	1433997	G	1590	324	1914	0.00012
Agreia	110934	G	1272	167	1439	0.00009
Glaciihabitans	1649454	G	1266	109	1375	0.00009
Aquiluna	529881	G	298	22	320	0.00002
Rhodoluna	529883	G	290	21	311	0.00002
Pseudoclavibacter	255204	G	350	76	426	0.00003
Aurantimicrobium	1705353	G	243	14	257	0.00002
Pontimonas	1434032	G	149	8	157	0.00001
Arthrobacter	1663	G	55550	14088	69638	0.00440
Kocuria	57493	G	18595	6379	24974	0.00158
Pseudarthrobacter	1742993	G	12175	4508	16683	0.00105
Micrococcus	1269	G	7422	5787	13209	0.00083
Sinomonas	596707	G	5779	1737	7516	0.00047
Glutamicibacter	1742989	G	5312	2116	7428	0.00047
Rothia	32207	G	3583	1750	5333	0.00034
Paenarthrobacter	1742992	G	2974	1922	4896	0.00031
Citricoccus	169133	G	2894	918	3812	0.00024
Nesterenkonia	57494	G	1003	76	1079	0.00007
Paeniglutamicibacter	1742990	G	583	107	690	0.00004
Psychromicrobium	2078575	G	414	67	481	0.00003
Auritidibacter	1160973	G	385	47	432	0.00003
Neomicrococcus	1868332	G	309	156	465	0.00003
Renibacterium	1645	G	245	17	262	0.00002
Cellulomonas	1707	G	54846	22161	77007	0.00486
Actinotalea	458839	G	3709	1601	5310	0.00034
Oerskovia	162491	G	2836	1082	3918	0.00025
Pseudactinotalea	1926259	G	2652	466	3118	0.00020
Paraoerskovia	665568	G	1895	593	2488	0.00016
Janibacter	53457	G	10596	3745	14341	0.00091
Phycicoccus	367298	G	8708	2954	11662	0.00074
Intrasporangium	53357	G	5714	1855	7569	0.00048
Pedococcus	2805645	G	4149	1433	5582	0.00035
Arsenicicoccus	267408	G	3597	1638	5235	0.00033
Tetrasphaera	99479	G	3489	1064	4553	0.00029
Cellulosimicrobium	157920	G	16068	7850	23918	0.00151
Xylanimonas	186188	G	9291	3602	12893	0.00081
Isoptericola	254250	G	7753	4222	11975	0.00076
Ornithinimicrobium	125287	G	15965	3980	19945	0.00126
Serinicoccus	265976	G	11330	3668	14998	0.00095
Brachybacterium	43668	G	19029	3736	22765	0.00144
Dermabacter	36739	G	1598	1112	2710	0.00017
Devriesea	472568	G	354	24	378	0.00002
Brevibacterium	1696	G	20630	4917	25547	0.00161
Georgenia	154116	G	15425	5431	20856	0.00132
Ruania	626119	G	12280	1750	14030	0.00089
Dermacoccus	57495	G	4123	1702	5825	0.00037
Luteipulveratus	745364	G	3059	507	3566	0.00023
Allobranchiibius	2040262	G	2413	629	3042	0.00019
Yimella	908935	G	1568	374	1942	0.00012
Beutenbergia	84756	G	4817	961	5778	0.00037
Miniimonas	947525	G	3255	2000	5255	0.00033
Pengzhenrongella	2888818	G	4354	1435	5789	0.00037
Luteimicrobium	754249	G	3588	1308	4896	0.00031
Sanguibacter	60919	G	5454	1954	7408	0.00047
Gephyromycinifex	2885697	G	1340	183	1523	0.00010
Austwickia	1184606	G	1101	100	1201	0.00008
Dermatophilus	1862	G	335	37	372	0.00002
Kytococcus	57499	G	2609	3190	5799	0.00037
Demequina	577469	G	1015	96	1111	0.00007
Jonesia	43673	G	215	45	260	0.00002
Tropheryma	2038	G	55	0	55	0.00000
Mycolicibacterium	1866885	G	130225	28363	158588	0.01002
Mycobacterium	1763	G	121398	38119	159517	0.01008
Mycolicibacter	1073531	G	9690	4379	14069	0.00089
Mycobacteroides	670516	G	8210	2687	10897	0.00069
Mycolicibacillus	2126281	G	1940	595	2535	0.00016
Hoyosella	697025	G	1004	63	1067	0.00007
Rhodococcus	1827	G	85330	26880	112210	0.00709
Nocardia	1817	G	84089	17568	101657	0.00642
Corynebacterium	1716	G	56565	15902	72467	0.00458
Gordonia	2053	G	41254	10637	51891	0.00328
Skermania	59613	G	2096	287	2383	0.00015
Tsukamurella	2060	G	13315	4022	17337	0.00110
Dietzia	37914	G	8327	2337	10664	0.00067
Tomitella	741759	G	4906	1199	6105	0.00039
Segniliparus	286801	G	1194	78	1272	0.00008
Lawsonella	1847725	G	233	31	264	0.00002
Micromonospora	1873	G	248417	74725	323142	0.02041
Actinoplanes	1865	G	95731	17373	113104	0.00714
Phytohabitans	907364	G	39883	6181	46064	0.00291
Plantactinospora	673534	G	24033	4884	28917	0.00183
Dactylosporangium	35753	G	17694	2357	20051	0.00127
Catellatospora	53365	G	17075	4486	21561	0.00136
Actinocatenispora	390988	G	15988	2380	18368	0.00116
Polymorphospora	338583	G	11319	2894	14213	0.00090
Couchioplanes	56433	G	11002	3222	14224	0.00090
Natronosporangium	2920401	G	6736	554	7290	0.00046
Verrucosispora	84593	G	4143	3445	7588	0.00048
Salinispora	168694	G	3695	705	4400	0.00028
Amycolatopsis	1813	G	134667	31826	166493	0.01052
Pseudonocardia	1847	G	103265	22103	125368	0.00792
Allokutzneria	1137960	G	67404	18689	86093	0.00544
Saccharopolyspora	1835	G	31549	8393	39942	0.00252
Saccharothrix	2071	G	27520	8790	36310	0.00229
Saccharomonospora	1851	G	19486	3846	23332	0.00147
Lentzea	165301	G	16822	4046	20868	0.00132
Kutzneria	43356	G	16494	3978	20472	0.00129
Actinoalloteichus	65496	G	10290	1086	11376	0.00072
Actinosynnema	40566	G	9909	3257	13166	0.00083
Kibdelosporangium	2029	G	9079	1257	10336	0.00065
Alloactinosynnema	674734	G	5758	1465	7223	0.00046
Prauserella	142577	G	3708	379	4087	0.00026
Allosaccharopolyspora	2893576	G	3146	768	3914	0.00025
Nocardioides	1839	G	216785	58629	275414	0.01740
Aeromicrobium	2040	G	25426	6214	31640	0.00200
Friedmanniella	53387	G	6473	1683	8156	0.00052
Pimelobacter	2044	G	5428	2560	7988	0.00050
Marmoricola	86795	G	4584	2191	6775	0.00043
Mumia	1546255	G	3947	873	4820	0.00030
Micropruina	116071	G	2660	498	3158	0.00020
Microlunatus	29404	G	19614	2835	22449	0.00142
Tessaracoccus	72763	G	16988	7047	24035	0.00152
Brevilactibacter	2717325	G	6818	3314	10132	0.00064
Acidipropionibacterium	1912215	G	6124	2852	8976	0.00057
Propionibacterium	1743	G	5743	2769	8512	0.00054
Auraticoccus	1278221	G	4302	993	5295	0.00033
Cutibacterium	1912216	G	3094	1165	4259	0.00027
Arachnia	2801844	G	2954	266	3220	0.00020
Raineyella	1911549	G	2650	444	3094	0.00020
Vaginimicrobium	2919589	G	128	60	188	0.00001
Kribbella	182639	G	21200	4089	25289	0.00160
Actinopolymorpha	117156	G	6941	986	7927	0.00050
Nonomuraea	83681	G	64421	13451	77872	0.00492
Streptosporangium	2000	G	20795	4918	25713	0.00162
Thermobispora	147067	G	6469	1840	8309	0.00052
Actinomadura	1988	G	67885	15820	83705	0.00529
Thermomonospora	2019	G	13955	5191	19146	0.00121
Nocardiopsis	2013	G	20362	4798	25160	0.00159
Thermobifida	83677	G	9324	2286	11610	0.00073
Streptomonospora	104204	G	4618	1124	5742	0.00036
Spiractinospora	2913367	G	3179	261	3440	0.00022
Blastococcus	38501	G	21134	7538	28672	0.00181
Modestobacter	88138	G	17073	6443	23516	0.00149
Geodermatophilus	1860	G	13294	5335	18629	0.00118
Actinomyces	1654	G	27014	4346	31360	0.00198
Schaalia	2529408	G	3662	750	4412	0.00028
Flaviflexus	1522056	G	2116	590	2706	0.00017
Trueperella	1069494	G	1896	668	2564	0.00016
Pauljensenia	2740557	G	965	403	1368	0.00009
Nanchangia	2888879	G	890	118	1008	0.00006
Actinobaculum	76833	G	428	28	456	0.00003
Actinotignum	1653174	G	379	31	410	0.00003
Arcanobacterium	28263	G	272	78	350	0.00002
Changpingibacter	2912996	G	259	90	349	0.00002
Mobiluncus	2050	G	237	83	320	0.00002
Varibaculum	184869	G	122	45	167	0.00001
Fannyhessea	2767327	G	99	37	136	0.00001
Boudabousia	2767318	G	77	7	84	0.00001
Frankia	1854	G	36096	4137	40233	0.00254
Jiangella	281472	G	32430	6982	39412	0.00249
Bifidobacterium	1678	G	15083	6096	21179	0.00134
Parascardovia	196082	G	337	76	413	0.00003
Gardnerella	2701	G	94	45	139	0.00001
Scardovia	196081	G	40	19	59	0.00000
Nakamurella	53460	G	12054	1905	13959	0.00088
Catenulispora	414878	G	7340	1302	8642	0.00055
Stackebrandtia	283810	G	5060	558	5618	0.00035
Natronoglycomyces	2838311	G	848	35	883	0.00006
Jatrophihabitans	1434010	G	5579	594	6173	0.00039
Kineococcus	33981	G	4209	1418	5627	0.00036
Epidermidibacterium	2078948	G	2704	1598	4302	0.00027
Actinopolyspora	1849	G	2682	333	3015	0.00019
Acidothermus	28048	G	2075	125	2200	0.00014
Candidatus_Planktophila	622681	G	376	60	436	0.00003
Candidatus_Nanopelagicus	2039639	G	77	26	103	0.00001
Aquihabitans	1648491	G	34931	6832	41763	0.00264
Iamia	467975	G	20374	3765	24139	0.00152
Actinomarinicola	2789775	G	18637	4225	22862	0.00144
Ilumatobacter	682522	G	6474	441	6915	0.00044
Acidimicrobium	53634	G	2705	231	2936	0.00019
Rubrobacter	42255	G	60358	2981	63339	0.00400
Baekduia	2600304	G	13860	2740	16600	0.00105
Conexibacter	191494	G	50145	8274	58419	0.00369
Miltoncostaea	2843200	G	21854	3284	25138	0.00159
Eggerthella	84111	G	3487	1326	4813	0.00030
Gordonibacter	644652	G	1912	877	2789	0.00018
Arabiibacter	2005386	G	1612	349	1961	0.00012
Adlercreutzia	447020	G	1608	421	2029	0.00013
Raoultibacter	1926677	G	803	71	874	0.00006
Berryella	2815775	G	760	1002	1762	0.00011
Slackia	84108	G	588	20	608	0.00004
Denitrobacterium	79603	G	368	178	546	0.00003
Phoenicibacter	1981050	G	113	59	172	0.00001
Cryptobacterium	84162	G	60	8	68	0.00000
Olsenella	133925	G	2692	583	3275	0.00021
Parolsenella	2082587	G	1604	595	2199	0.00014
Thermophilibacter	2847307	G	909	439	1348	0.00009
Parafannyhessea	2847312	G	904	636	1540	0.00010
Atopobium	1380	G	281	35	316	0.00002
Lancefieldella	2767353	G	35	4	39	0.00000
Collinsella	102106	G	2221	769	2990	0.00019
Coriobacterium	33870	G	592	23	615	0.00004
Egicoccus	1755825	G	6491	1200	7691	0.00049
Euzebya	908623	G	6422	646	7068	0.00045
Egibacter	1747770	G	6349	452	6801	0.00043
Paenibacillus	44249	G	40079	4462	44541	0.00281
Brevibacillus	55080	G	5189	1111	6300	0.00040
Cohnella	329857	G	3074	563	3637	0.00023
Thermobacillus	76632	G	2187	365	2552	0.00016
Saccharibacillus	456492	G	1370	192	1562	0.00010
Aneurinibacillus	55079	G	370	91	461	0.00003
Bacillus	1386	G	12131	56883	69014	0.00436
Priestia	2800373	G	7379	6643	14022	0.00089
Geobacillus	129337	G	3288	1293	4581	0.00029
Cytobacillus	2675230	G	3152	1598	4750	0.00030
Metabacillus	2675233	G	2370	1061	3431	0.00022
Hydrogenibacillus	1609627	G	2261	386	2647	0.00017
Anoxybacillus	150247	G	1606	551	2157	0.00014
Mesobacillus	2675231	G	1531	514	2045	0.00013
Alkalihalobacillus	2675234	G	1053	269	1322	0.00008
Terribacillus	459532	G	1051	196	1247	0.00008
Peribacillus	2675229	G	1038	579	1617	0.00010
Parageobacillus	1906945	G	753	268	1021	0.00006
Neobacillus	2675232	G	662	313	975	0.00006
Lysinibacillus	400634	G	638	245	883	0.00006
Virgibacillus	84406	G	534	82	616	0.00004
Rossellomorea	2837508	G	475	225	700	0.00004
Salicibibacter	2685905	G	440	30	470	0.00003
Weizmannia	2817139	G	421	237	658	0.00004
Niallia	2837506	G	381	120	501	0.00003
Halobacillus	45667	G	367	57	424	0.00003
Salisediminibacterium	1434042	G	293	50	343	0.00002
Oceanobacillus	182709	G	275	43	318	0.00002
Sutcliffiella	2837511	G	218	88	306	0.00002
Lentibacillus	175304	G	192	15	207	0.00001
Gracilibacillus	74385	G	181	24	205	0.00001
Caldalkalibacillus	379065	G	175	43	218	0.00001
Heyndrickxia	2837504	G	171	69	240	0.00002
Fictibacillus	1329200	G	150	27	177	0.00001
Psychrobacillus	1221880	G	137	76	213	0.00001
Caldibacillus	1276290	G	120	57	177	0.00001
Salimicrobium	351195	G	112	22	134	0.00001
Pontibacillus	289201	G	105	16	121	0.00001
Radiobacillus	2785518	G	93	21	114	0.00001
Gottfriedia	2837503	G	93	34	127	0.00001
Sediminibacillus	482460	G	89	19	108	0.00001
Aeribacillus	1055323	G	88	63	151	0.00001
Halalkalibacterium	2893055	G	86	73	159	0.00001
Alkalihalophilus	2893060	G	80	18	98	0.00001
Lederbergia	2804231	G	69	21	90	0.00001
Pradoshia	2651279	G	64	23	87	0.00001
Anaerobacillus	704093	G	62	18	80	0.00001
Evansella	2837485	G	51	9	60	0.00000
Mangrovibacillus	2920444	G	43	28	71	0.00000
Amphibacillus	29331	G	28	6	34	0.00000
Paraliobacillus	200903	G	26	5	31	0.00000
Novibacillus	1677050	G	4907	830	5737	0.00036
Kroppenstedtia	1274351	G	1139	125	1264	0.00008
Staphylospora	2689589	G	654	126	780	0.00005
Polycladomyces	1348505	G	421	48	469	0.00003
Laceyella	292635	G	309	86	395	0.00002
Thermoactinomyces	2023	G	205	50	255	0.00002
Alicyclobacillus	29330	G	3584	300	3884	0.00025
Tumebacillus	432330	G	2567	1004	3571	0.00023
Kyrpidia	1129704	G	1015	57	1072	0.00007
Effusibacillus	1502725	G	202	30	232	0.00001
Planococcus	1372	G	1726	570	2296	0.00015
Sporosarcina	1569	G	538	156	694	0.00004
Solibacillus	648800	G	136	69	205	0.00001
Ureibacillus	160795	G	102	115	217	0.00001
Kurthia	1649	G	71	29	100	0.00001
Paenisporosarcina	651660	G	70	31	101	0.00001
Jeotgalibacillus	157226	G	66	27	93	0.00001
Rummeliibacillus	648802	G	45	26	71	0.00000
Viridibacillus	496496	G	39	17	56	0.00000
Exiguobacterium	33986	G	1422	490	1912	0.00012
Gemella	1378	G	23	9	32	0.00000
Staphylococcus	1279	G	885	2382	3267	0.00021
Jeotgalicoccus	227979	G	127	18	145	0.00001
Mammaliicoccus	2803850	G	114	71	185	0.00001
Macrococcus	69965	G	98	35	133	0.00001
Salinicoccus	45669	G	88	32	120	0.00001
Nosocomiicoccus	489909	G	20	4	24	0.00000
Abyssicoccus	1955413	G	11	4	15	0.00000
Listeria	1637	G	312	5196	5508	0.00035
Brochothrix	2755	G	44	17	61	0.00000
Sporolactobacillus	2077	G	137	24	161	0.00001
Limosilactobacillus	2742598	G	640	455	1095	0.00007
Lactobacillus	1578	G	512	869	1381	0.00009
Levilactobacillus	2767886	G	503	147	650	0.00004
Lacticaseibacillus	2759736	G	414	150	564	0.00004
Schleiferilactobacillus	2767891	G	230	28	258	0.00002
Lactiplantibacillus	2767842	G	213	65	278	0.00002
Leuconostoc	1243	G	208	41	249	0.00002
Weissella	46255	G	186	60	246	0.00002
Ligilactobacillus	2767887	G	152	95	247	0.00002
Lentilactobacillus	2767893	G	141	42	183	0.00001
Oenococcus	46254	G	86	5	91	0.00001
Loigolactobacillus	2767889	G	82	54	136	0.00001
Latilactobacillus	2767885	G	70	32	102	0.00001
Secundilactobacillus	2767892	G	70	26	96	0.00001
Pediococcus	1253	G	67	62	129	0.00001
Companilactobacillus	2767879	G	57	7	64	0.00000
Periweissella	2930384	G	35	5	40	0.00000
Amylolactobacillus	2767876	G	33	31	64	0.00000
Liquorilactobacillus	2767888	G	31	15	46	0.00000
Furfurilactobacillus	2767882	G	30	5	35	0.00000
Paucilactobacillus	2767890	G	27	13	40	0.00000
Apilactobacillus	2767877	G	20	4	24	0.00000
Acetilactobacillus	2767874	G	19	0	19	0.00000
Fructilactobacillus	2767881	G	18	4	22	0.00000
Bombilactobacillus	2767878	G	14	2	16	0.00000
Streptococcus	1301	G	1168	1099	2267	0.00014
Lactococcus	1357	G	220	181	401	0.00003
Enterococcus	1350	G	545	561	1106	0.00007
Vagococcus	2737	G	112	80	192	0.00001
Tetragenococcus	51668	G	68	16	84	0.00001
Aerococcus	1375	G	279	98	377	0.00002
Abiotrophia	46123	G	36	11	47	0.00000
Suicoccus	2689587	G	20	14	34	0.00000
Ignavigranum	89092	G	16	2	18	0.00000
Jeotgalibaca	1470540	G	103	47	150	0.00001
Carnobacterium	2747	G	90	29	119	0.00001
Dolosigranulum	29393	G	41	14	55	0.00000
Marinilactibacillus	191769	G	18	7	25	0.00000
Granulicatella	117563	G	13	7	20	0.00000
Thermaerobacter	73918	G	9834	856	10690	0.00068
Intestinimonas	1392389	G	636	273	909	0.00006
Flintibacter	1918454	G	415	54	469	0.00003
Aminipila	2060094	G	168	13	181	0.00001
Emergencia	1926556	G	162	67	229	0.00001
Mogibacterium	86331	G	57	12	69	0.00000
Massilistercora	2717089	G	178	207	385	0.00002
Carboxydocella	178898	G	160	18	178	0.00001
Fenollaria	1686313	G	24	26	50	0.00000
Faecalibacterium	216851	G	2238	1679	3917	0.00025
Dysosmobacter	2591381	G	1412	686	2098	0.00013
Flavonifractor	946234	G	1294	366	1660	0.00010
Ethanoligenens	253238	G	706	42	748	0.00005
Vescimonas	2892396	G	692	847	1539	0.00010
Ruthenibacterium	1905344	G	603	198	801	0.00005
Oscillibacter	459786	G	509	178	687	0.00004
Anaerotruncus	244127	G	505	293	798	0.00005
Caproiciproducens	1738645	G	490	71	561	0.00004
Acutalibacter	1918385	G	351	19	370	0.00002
Caproicibacter	2576755	G	320	20	340	0.00002
Pusillibacter	2892397	G	304	229	533	0.00003
Ruminococcus	1263	G	271	10	281	0.00002
Acetivibrio	35829	G	222	115	337	0.00002
Caproicibacterium	2834348	G	205	17	222	0.00001
Solibaculum	2842531	G	184	202	386	0.00002
Pseudoclostridium	2304693	G	68	17	85	0.00001
Ruminiclostridium	1508657	G	56	13	69	0.00000
Thermoclostridium	2304691	G	54	12	66	0.00000
Mageeibacillus	1637257	G	45	68	113	0.00001
Fastidiosipila	236752	G	30	20	50	0.00000
Monoglobus	2039302	G	23	13	36	0.00000
Symbiobacterium	2733	G	3939	390	4329	0.00027
Lachnoclostridium	1506553	G	572	365	937	0.00006
Blautia	572511	G	457	798	1255	0.00008
Roseburia	841	G	221	222	443	0.00003
Anaerocolumna	1843210	G	200	8	208	0.00001
Enterocloster	2719313	G	188	128	316	0.00002
Anaerostipes	207244	G	170	68	238	0.00002
Lacrimispora	2719231	G	143	11	154	0.00001
Coprococcus	33042	G	127	115	242	0.00002
Butyrivibrio	830	G	91	11	102	0.00001
Herbinix	1663717	G	83	59	142	0.00001
Sellimonas	1769710	G	64	40	104	0.00001
Mediterraneibacter	2316020	G	61	60	121	0.00001
Anaerotignum	2039240	G	56	6	62	0.00000
Anaerobutyricum	2569097	G	34	14	48	0.00000
Novisyntrophococcus	2888809	G	32	4	36	0.00000
Cellulosilyticum	698776	G	26	2	28	0.00000
Lachnospira	28050	G	25	5	30	0.00000
Dorea	189330	G	25	28	53	0.00000
Faecalicatena	2005359	G	21	11	32	0.00000
Tyzzerella	1506577	G	18	2	20	0.00000
Lachnoanaerobaculum	1164882	G	17	5	22	0.00000
Pseudobutyrivibrio	46205	G	10	0	10	0.00000
Clostridium	1485	G	2136	542	2678	0.00017
Hungatella	1649459	G	202	8	210	0.00001
Alkaliphilus	114627	G	110	23	133	0.00001
Caloramator	44258	G	67	7	74	0.00000
Crassaminicella	1848399	G	54	14	68	0.00000
Geosporobacter	390805	G	49	9	58	0.00000
Hathewaya	1769729	G	27	12	39	0.00000
Candidatus_Arthromitus	49082	G	26	4	30	0.00000
Serpentinicella	1890059	G	15	3	18	0.00000
Candidatus_Desulforudis	471826	G	1113	70	1183	0.00007
Desulforamulus	2916693	G	428	113	541	0.00003
Acididesulfobacillus	2924872	G	317	14	331	0.00002
Candidatus_Formimonas	2840454	G	238	19	257	0.00002
Thermanaerosceptrum	2651578	G	119	19	138	0.00001
Desulfofarcimen	2282742	G	96	12	108	0.00001
Dehalobacterium	51514	G	89	18	107	0.00001
Christensenella	990721	G	1227	600	1827	0.00012
Heliomicrobium	2831443	G	1019	506	1525	0.00010
Heliorestis	79598	G	72	6	78	0.00000
Desulfitobacterium	36853	G	343	71	414	0.00003
Desulfosporosinus	79206	G	315	37	352	0.00002
Dehalobacter	56112	G	147	41	188	0.00001
Syntrophobotulus	51196	G	115	8	123	0.00001
Eubacterium	1730	G	501	135	636	0.00004
Acetobacterium	33951	G	285	41	326	0.00002
Alkalibacter	274470	G	115	8	123	0.00001
Syntrophothermus	129001	G	213	17	230	0.00001
Syntrophomonas	862	G	87	14	101	0.00001
Candidatus_Contubernalis	338648	G	58	3	61	0.00000
Candidatus_Syntrophocurvum	2293313	G	26	5	31	0.00000
Peptoclostridium	1481960	G	94	17	111	0.00001
Clostridioides	1870884	G	63	1774	1837	0.00012
Terrisporobacter	1505652	G	44	6	50	0.00000
Romboutsia	1501226	G	42	14	56	0.00000
Filifactor	44259	G	23	36	59	0.00000
Paeniclostridium	1849828	G	20	4	24	0.00000
Acetoanaerobium	186831	G	19	2	21	0.00000
Tepidibacter	214904	G	15	3	18	0.00000
Desulfoscipio	2867376	G	243	22	265	0.00002
Desulfotomaculum	1562	G	129	54	183	0.00001
Thermincola	278993	G	128	11	139	0.00001
Vallitalea	1348611	G	47	1	48	0.00000
Petrocella	2603323	G	39	6	45	0.00000
Caloranaerobacter	171003	G	80	12	92	0.00001
Alkalicella	2838170	G	28	4	32	0.00000
Moorella	44260	G	1689	62	1751	0.00011
Ammonifex	42837	G	648	26	674	0.00004
Gelria	189326	G	1381	113	1494	0.00009
Thermacetogenium	140458	G	547	491	1038	0.00007
Carboxydothermus	129957	G	182	17	199	0.00001
Thermoanaerobacter	1754	G	164	37	201	0.00001
Thermanaeromonas	202949	G	147	4	151	0.00001
Caldanaerobacter	249529	G	61	74	135	0.00001
Caldicellulosiruptor	44000	G	152	22	174	0.00001
Thermoanaerobacterium	28895	G	106	31	137	0.00001
Mahella	252965	G	141	74	215	0.00001
Zhaonella	2748674	G	109	16	125	0.00001
Thermodesulfobium	227388	G	86	1	87	0.00001
Iocasia	2899804	G	78	7	85	0.00001
Halanaerobium	2330	G	75	7	82	0.00001
Halothermothrix	32636	G	44	8	52	0.00000
Anoxybacter	1769008	G	161	29	190	0.00001
Halobacteroides	42417	G	66	8	74	0.00000
Acetohalobium	28186	G	45	4	49	0.00000
Thermosediminibacter	291988	G	212	24	236	0.00001
Biomaibacter	2770094	G	123	10	133	0.00001
Tepidanaerobacter	499228	G	59	2	61	0.00000
Koleobacter	2786989	G	154	14	168	0.00001
Natranaerofaba	2807497	G	92	5	97	0.00001
Natranaerobius	375928	G	39	5	44	0.00000
Selenomonas	970	G	4162	250	4412	0.00028
Megamonas	158846	G	86	4	90	0.00001
Pectinatus	864	G	35	2	37	0.00000
Sporomusa	2375	G	201	31	232	0.00001
Methylomusa	2093783	G	160	13	173	0.00001
Pelosinus	365348	G	93	11	104	0.00001
Megasphaera	906	G	1045	432	1477	0.00009
Dialister	39948	G	146	4	150	0.00001
Veillonella	29465	G	99	12	111	0.00001
Acidaminococcus	904	G	436	53	489	0.00003
Phascolarctobacterium	33024	G	249	95	344	0.00002
Limnochorda	1676651	G	3972	187	4159	0.00026
Allobaculum	174708	G	234	38	272	0.00002
Faecalibaculum	1729679	G	190	50	240	0.00002
Erysipelothrix	1647	G	91	19	110	0.00001
Erysipelatoclostridium	1505663	G	78	69	147	0.00001
Bulleidia	118747	G	45	18	63	0.00000
Intestinibaculum	2679910	G	34	16	50	0.00000
Longicatena	1918536	G	15	27	42	0.00000
Faecalibacillus	2678885	G	14	18	32	0.00000
Amedibacterium	2749267	G	10	20	30	0.00000
Turicibacter	191303	G	145	105	250	0.00002
Peptoniphilus	162289	G	214	70	284	0.00002
Murdochiella	1161127	G	108	116	224	0.00001
Anaerococcus	165779	G	41	30	71	0.00000
Parvimonas	543311	G	37	70	107	0.00001
Finegoldia	150022	G	26	22	48	0.00000
Miniphocaeibacter	2126548	G	10	0	10	0.00000
Schnuerera	2794837	G	54	10	64	0.00000
Tissierella	41273	G	45	9	54	0.00000
Gudongella	2692382	G	37	7	44	0.00000
Keratinibaculum	1354809	G	31	14	45	0.00000
Gottschalkia	1505664	G	52	6	58	0.00000
Ezakiella	1582879	G	117	242	359	0.00002
Sedimentibacter	190972	G	39	5	44	0.00000
Ndongobacter	1930845	G	129	179	308	0.00002
Synechococcus	1129	G	17068	1918	18986	0.00120
Dactylococcopsis	13034	G	86	37	123	0.00001
Cyanobium	167375	G	3682	896	4578	0.00029
Parasynechococcus	2881427	G	250	79	329	0.00002
Prochlorococcus	1218	G	192	12	204	0.00001
Acaryochloris	155977	G	296	10	306	0.00002
Chamaesiphon	217161	G	251	16	267	0.00002
Synechocystis	1142	G	230	17	247	0.00002
Nostoc	1177	G	4019	599	4618	0.00029
Anabaena	1163	G	344	1084	1428	0.00009
Cylindrospermum	56106	G	170	18	188	0.00001
Trichormus	264688	G	85	61	146	0.00001
Richelia	98443	G	44	5	49	0.00000
Calothrix	1186	G	1803	166	1969	0.00012
Scytonema	1203	G	884	131	1015	0.00006
Brasilonema	383614	G	216	23	239	0.00002
Nodularia	159191	G	302	40	342	0.00002
Sphaerospermopsis	752201	G	287	56	343	0.00002
Dolichospermum	748770	G	169	459	628	0.00004
Anabaenopsis	110103	G	103	47	150	0.00001
Cylindrospermopsis	77021	G	19	1	20	0.00000
Tolypothrix	111782	G	297	62	359	0.00002
Fischerella	1190	G	288	40	328	0.00002
Rivularia	373984	G	73	4	77	0.00000
Leptolyngbya	47251	G	3825	272	4097	0.00026
Kovacikia	1874526	G	558	59	617	0.00004
Leptodesmis	2664261	G	263	34	297	0.00002
Leptothermofonsia	2917830	G	262	29	291	0.00002
Thermoleptolyngbya	2303528	G	737	50	787	0.00005
Thermosynechococcus	146785	G	454	47	501	0.00003
Halomicronema	170610	G	421	19	440	0.00003
Pseudanabaena	1152	G	268	13	281	0.00002
Gloeobacter	33071	G	5458	142	5600	0.00035
Anthocerotibacter	2857076	G	443	13	456	0.00003
Moorena	1155738	G	700	19	719	0.00005
Oscillatoria	1158	G	422	142	564	0.00004
Geitlerinema	63132	G	920	151	1071	0.00007
Allocoleopsis	2886347	G	200	23	223	0.00001
Oxynema	1492710	G	418	39	457	0.00003
Microcoleus	44471	G	246	79	325	0.00002
Planktothrix	54304	G	107	16	123	0.00001
Koinonema	2023214	G	270	17	287	0.00002
Crinalium	241421	G	124	17	141	0.00001
Limnospira	2596745	G	93	4	97	0.00001
Microcystis	1125	G	608	183	791	0.00005
Gloeothece	28070	G	134	10	144	0.00001
Halothece	76023	G	106	40	146	0.00001
Euhalothece	65097	G	22	4	26	0.00000
Rippkaea	2546365	G	85	13	98	0.00001
Crocosphaera	263510	G	79	11	90	0.00001
Candidatus_Atelocyanobacterium	1453359	G	17	5	22	0.00000
Geminocystis	669357	G	138	23	161	0.00001
Gloeocapsa	102231	G	103	12	115	0.00001
Chondrocystis	268175	G	68	12	80	0.00001
Cyanobacterium	102234	G	58	25	83	0.00001
Chroococcidiopsis	54298	G	760	141	901	0.00006
Pleurocapsa	44474	G	188	23	211	0.00001
Stanieria	102115	G	72	6	78	0.00000
Gloeomargarita	1188227	G	159	6	165	0.00001
Thermostichus	2881385	G	88	45	133	0.00001
Deinococcus	1298	G	34977	4568	39545	0.00250
Thermus	270	G	7272	578	7850	0.00050
Meiothermus	65551	G	3600	246	3846	0.00024
Oceanithermus	208447	G	3452	413	3865	0.00024
Marinithermus	186191	G	2180	389	2569	0.00016
Truepera	332248	G	2742	167	2909	0.00018
Sphaerobacter	2056	G	9364	583	9947	0.00063
Thermomicrobium	499	G	2020	38	2058	0.00013
Roseiflexus	120961	G	5137	337	5474	0.00035
Chloroflexus	1107	G	1824	89	1913	0.00012
Tepidiforma	2682228	G	6243	301	6544	0.00041
Candidatus_Promineofilum	1988031	G	5981	138	6119	0.00039
Anaerolinea	233189	G	1524	168	1692	0.00011
Pelolinea	1649478	G	1331	69	1400	0.00009
Brevefilum	2019482	G	493	20	513	0.00003
Caldilinea	233191	G	2707	194	2901	0.00018
Dehalogenimonas	670486	G	1255	38	1293	0.00008
Dehalococcoides	61434	G	479	18	497	0.00003
Phototrophicus	2922426	G	1457	17	1474	0.00009
Ktedonosporobacter	2692417	G	1076	35	1111	0.00007
Thermobaculum	262406	G	845	147	992	0.00006
Fimbriimonas	1005038	G	3204	20	3224	0.00020
Chthonomonas	1077265	G	854	8	862	0.00005
Mycoplasma	2093	G	223	121	344	0.00002
Mycoplasmopsis	2767358	G	78	38	116	0.00001
Mesomycoplasma	2923352	G	37	5	42	0.00000
Ureaplasma	2129	G	20	0	20	0.00000
Candidatus_Hepatoplasma	295595	G	19	1	20	0.00000
Candidatus_Phytoplasma	33926	G	60	3	63	0.00000
Alteracholeplasma	2903105	G	55	6	61	0.00000
Acholeplasma	2147	G	29	1	30	0.00000
Haploplasma	2903106	G	25	10	35	0.00000
Paracholeplasma	2903107	G	17	5	22	0.00000
Mariniplasma	2903100	G	10	0	10	0.00000
Spiroplasma	2132	G	125	7	132	0.00001
Mesoplasma	46239	G	16	7	23	0.00000
Williamsoniiplasma	2919614	G	17	4	21	0.00000
Metamycoplasma	2895509	G	36	13	49	0.00000
Malacoplasma	2791001	G	25	0	25	0.00000
Candidatus_Izimaplasma	1912503	G	16	0	16	0.00000
Gemmata	113	G	92746	10298	103044	0.00651
Urbifossiella	2807415	G	85448	8398	93846	0.00593
Frigoriglobus	2774146	G	52510	9171	61681	0.00390
Limnoglobus	2731450	G	41941	2218	44159	0.00279
Tuwongella	2051044	G	3977	198	4175	0.00026
Telmatocola	1382832	G	3370	39	3409	0.00022
Lacipirellula	2691417	G	40758	3400	44158	0.00279
Pirellulimonas	2795783	G	15724	2086	17810	0.00113
Botrimarina	2795782	G	14002	1597	15599	0.00099
Aeoliella	2795781	G	5231	530	5761	0.00036
Adhaeretor	2862451	G	3132	378	3510	0.00022
Bythopirellula	1400386	G	3060	271	3331	0.00021
Lignipirellula	2795775	G	9889	1321	11210	0.00071
Stieleria	2795973	G	8646	1181	9827	0.00062
Anatilimnocola	2807414	G	8089	1025	9114	0.00058
Rosistilla	2795779	G	7783	673	8456	0.00053
Bremerella	2714594	G	6265	561	6826	0.00043
Pirellula	123	G	5736	235	5971	0.00038
Roseimaritima	1579506	G	4909	379	5288	0.00033
Rubripirellula	1579505	G	2020	459	2479	0.00016
Rhodopirellula	265488	G	1444	122	1566	0.00010
Mariniblastus	2005380	G	1414	33	1447	0.00009
Aureliella	2795605	G	1387	133	1520	0.00010
Thermogutta	1676125	G	1799	69	1868	0.00012
Tautonia	2680020	G	41043	4231	45274	0.00286
Aquisphaera	1511635	G	31860	6489	38349	0.00242
Paludisphaera	1763521	G	19736	5281	25017	0.00158
Singulisphaera	466152	G	13996	2496	16492	0.00104
Isosphaera	127	G	3935	338	4273	0.00027
Planctomyces	118	G	35350	9420	44770	0.00283
Gimesia	1649453	G	12828	795	13623	0.00086
Maioricimonas	2795777	G	12051	1754	13805	0.00087
Caulifigura	2795778	G	11934	909	12843	0.00081
Alienimonas	2714737	G	9316	796	10112	0.00064
Symmachiella	2795780	G	4620	316	4936	0.00031
Rubinisphaera	1649490	G	2470	280	2750	0.00017
Fuerstiella	1936111	G	2426	50	2476	0.00016
Planctopirus	1649480	G	2253	102	2355	0.00015
Calycomorphotria	2795776	G	2141	92	2233	0.00014
Crateriforma	2714592	G	1905	494	2399	0.00015
Polystyrenella	2795774	G	821	83	904	0.00006
Thalassoglobus	2795865	G	816	51	867	0.00005
Humisphaera	2807511	G	12336	335	12671	0.00080
Phycisphaera	666508	G	5577	507	6084	0.00038
Mucisphaera	2913022	G	2963	194	3157	0.00020
Poriferisphaera	2803301	G	354	3	357	0.00002
Anaerohalosphaera	2690159	G	596	26	622	0.00004
Limihaloglobus	2690160	G	277	24	301	0.00002
Sedimentisphaera	2483368	G	260	124	384	0.00002
Candidatus_Kuenenia	380738	G	287	1	288	0.00002
Candidatus_Uabimicrobium	2897349	G	173	3	176	0.00001
Opitutus	178440	G	17877	1575	19452	0.00123
Lacunisphaera	1961799	G	7921	1148	9069	0.00057
Oleiharenicola	2100741	G	3977	220	4197	0.00027
Nibricoccus	2576890	G	3780	177	3957	0.00025
Ereboglobus	2028344	G	2760	144	2904	0.00018
Ruficoccus	2175957	G	1261	198	1459	0.00009
Coraliomargarita	442430	G	322	8	330	0.00002
Verrucomicrobium	2735	G	5974	504	6478	0.00041
Luteolibacter	518753	G	5082	192	5274	0.00033
Roseimicrobium	1348508	G	4423	149	4572	0.00029
Sulfuriroseicoccus	2911469	G	708	70	778	0.00005
Akkermansia	239934	G	2035	147	2182	0.00014
Methylacidimicrobium	1541670	G	1963	186	2149	0.00014
Methylacidiphilum	511745	G	218	8	226	0.00001
Candidatus_Xiphinematobacter	134550	G	157	12	169	0.00001
Kiritimatiella	1921784	G	1497	1915	3412	0.00022
Tichowtungia	2907187	G	523	21	544	0.00003
Neochlamydia	112987	G	114	25	139	0.00001
Candidatus_Protochlamydia	282132	G	110	34	144	0.00001
Parachlamydia	83551	G	77	26	103	0.00001
Waddlia	71666	G	75	13	88	0.00001
Simkania	34093	G	73	8	81	0.00001
Candidatus_Rhabdochlamydia	292833	G	62	6	68	0.00000
Chlamydia	810	G	148	58	206	0.00001
Candidatus_Velamenicoccus	2789201	G	522	2	524	0.00003
Hymenobacter	89966	G	27371	1285	28656	0.00181
Pontibacter	323449	G	4842	502	5344	0.00034
Rufibacter	1379908	G	1065	257	1322	0.00008
Adhaeribacter	299566	G	469	33	502	0.00003
Nibribacter	1649474	G	274	168	442	0.00003
Spirosoma	107	G	5990	306	6296	0.00040
Rhodocytophaga	455076	G	260	8	268	0.00002
Aquirufa	2676247	G	130	15	145	0.00001
Cytophaga	978	G	99	8	107	0.00001
Dyadobacter	120831	G	1769	125	1894	0.00012
Fibrella	861914	G	1598	122	1720	0.00011
Runella	105	G	810	31	841	0.00005
Larkinella	332157	G	311	23	334	0.00002
Leadbetterella	319458	G	75	29	104	0.00001
Arcticibacterium	2173039	G	35	2	37	0.00000
Chryseolinea	1433993	G	2921	88	3009	0.00019
Fulvivirga	396811	G	489	27	516	0.00003
Echinicola	390846	G	679	105	784	0.00005
Algoriphagus	246875	G	332	34	366	0.00002
Cyclobacterium	68288	G	109	12	121	0.00001
Aquiflexum	280472	G	98	13	111	0.00001
Belliella	232244	G	58	22	80	0.00001
Mongoliitalea	1511649	G	52	5	57	0.00000
Candidatus_Amoebophilus	281119	G	112	4	116	0.00001
Candidatus_Cardinium	273135	G	47	17	64	0.00000
Flammeovirga	59739	G	134	10	144	0.00001
Mangrovivirga	2858886	G	96	6	102	0.00001
Marivirga	869806	G	83	30	113	0.00001
Bernardetia	1937972	G	41	2	43	0.00000
Rhodocaloribacter	2893090	G	7438	841	8279	0.00052
Rhodothermus	29548	G	6520	398	6918	0.00044
Salinibacter	146918	G	3883	68	3951	0.00025
Chitinophaga	79328	G	3930	217	4147	0.00026
Niastella	354354	G	3284	299	3583	0.00023
Flavisolibacter	398041	G	1852	138	1990	0.00013
Paraflavitalea	2698688	G	1186	78	1264	0.00008
Pseudocnuella	2812019	G	1029	108	1137	0.00007
Flavihumibacter	1004301	G	859	44	903	0.00006
Niabella	379899	G	727	49	776	0.00005
Pseudobacter	1860196	G	726	54	780	0.00005
Arachidicoccus	1769012	G	500	56	556	0.00004
Lacibacter	649461	G	387	15	402	0.00003
Phnomibacter	2836216	G	386	39	425	0.00003
Filimonas	649460	G	359	38	397	0.00003
Ferruginibacter	1004303	G	328	17	345	0.00002
Panacibacter	1874621	G	284	11	295	0.00002
Alistipes	239759	G	6868	1738	8606	0.00054
Prevotella	838	G	2266	246	2512	0.00016
Pseudoprevotella	2884814	G	99	9	108	0.00001
Paraprevotella	577309	G	93	59	152	0.00001
Bacteroides	816	G	1791	605	2396	0.00015
Phocaeicola	909656	G	334	128	462	0.00003
Tannerella	195950	G	725	33	758	0.00005
Parabacteroides	375288	G	545	251	796	0.00005
Sodaliphilus	2815786	G	355	124	479	0.00003
Duncaniella	2518495	G	328	13	341	0.00002
Muribaculum	1918540	G	261	29	290	0.00002
Porphyromonas	836	G	884	78	962	0.00006
Petrimonas	307628	G	151	11	162	0.00001
Proteiniphilum	294702	G	149	7	156	0.00001
Dysgonomonas	156973	G	38	0	38	0.00000
Barnesiella	397864	G	253	229	482	0.00003
Coprobacter	1348911	G	38	24	62	0.00000
Butyricimonas	574697	G	144	52	196	0.00001
Odoribacter	283168	G	59	6	65	0.00000
Tenuifilum	2760873	G	72	1	73	0.00000
Paludibacter	346096	G	55	1	56	0.00000
Salinivirga	1970191	G	53	1	54	0.00000
Draconibacterium	1471399	G	171	9	180	0.00001
Maribellus	2678352	G	81	6	87	0.00001
Alkalitalea	1193324	G	79	4	83	0.00001
Labilibaculum	2060722	G	43	2	45	0.00000
Flavobacterium	237	G	3121	320	3441	0.00022
Capnocytophaga	1016	G	615	72	687	0.00004
Muricauda	111500	G	605	119	724	0.00005
Robiginitalea	252306	G	481	29	510	0.00003
Gramella	292691	G	447	66	513	0.00003
Nonlabens	363408	G	283	38	321	0.00002
Polaribacter	52959	G	238	30	268	0.00002
Aequorivita	153265	G	192	7	199	0.00001
Antarcticibacterium	2058174	G	190	25	215	0.00001
Maribacter	252356	G	189	51	240	0.00002
Winogradskyella	286104	G	176	36	212	0.00001
Kordia	221065	G	155	10	165	0.00001
Sinomicrobium	1434045	G	142	5	147	0.00001
Myroides	76831	G	123	36	159	0.00001
Formosa	225842	G	116	21	137	0.00001
Tenacibaculum	104267	G	115	19	134	0.00001
Salegentibacter	143222	G	109	50	159	0.00001
Dokdonia	326319	G	102	7	109	0.00001
Cellulophaga	104264	G	99	18	117	0.00001
Zunongwangia	417127	G	88	55	143	0.00001
Zobellia	112040	G	77	4	81	0.00001
Aggregatimonas	2913017	G	71	3	74	0.00000
Leeuwenhoekiella	283735	G	71	14	85	0.00001
Aquimarina	290174	G	69	4	73	0.00000
Flagellimonas	444459	G	67	4	71	0.00000
Algibacter	261827	G	62	17	79	0.00001
Psychroflexus	83612	G	61	5	66	0.00000
Zhouia	561555	G	54	12	66	0.00000
Euzebyella	1287916	G	53	26	79	0.00001
Constantimarinum	2907134	G	52	4	56	0.00000
Gilvibacter	379070	G	49	5	54	0.00000
Pukyongia	2831916	G	48	3	51	0.00000
Lacinutrix	291183	G	46	11	57	0.00000
Muriicola	762641	G	46	3	49	0.00000
Arenibacter	178469	G	46	13	59	0.00000
Galbibacter	379068	G	45	5	50	0.00000
Lutibacter	358023	G	43	3	46	0.00000
Changchengzhania	2049301	G	42	5	47	0.00000
Mariniflexile	527198	G	41	3	44	0.00000
Tamlana	393005	G	41	6	47	0.00000
Costertonia	343334	G	38	7	45	0.00000
Seonamhaeicola	1649495	G	37	5	42	0.00000
Amniculibacterium	2715289	G	33	39	72	0.00000
Aegicerativicinus	2893197	G	32	36	68	0.00000
Wenyingzhuangia	1518147	G	31	5	36	0.00000
Gillisia	244698	G	30	9	39	0.00000
Mesoflavibacter	444051	G	29	4	33	0.00000
Marixanthomonas	387658	G	27	7	34	0.00000
Croceibacter	216431	G	26	4	30	0.00000
Sediminicola	389486	G	26	2	28	0.00000
Flavivirga	1209327	G	24	1	25	0.00000
Oceanihabitans	2045416	G	21	7	28	0.00000
Siansivirga	1204360	G	21	4	25	0.00000
Olleya	336276	G	20	14	34	0.00000
Bizionia	283785	G	17	3	20	0.00000
Urechidicola	2700084	G	12	5	17	0.00000
Sabulilitoribacter	1573059	G	11	2	13	0.00000
Chryseobacterium	59732	G	2373	613	2986	0.00019
Kaistella	2782231	G	323	43	366	0.00002
Epilithonimonas	2782229	G	72	80	152	0.00001
Elizabethkingia	308865	G	542	143	685	0.00004
Cruoricaptor	1433995	G	119	14	133	0.00001
Ornithobacterium	28250	G	73	46	119	0.00001
Empedobacter	59734	G	73	31	104	0.00001
Apibacter	1778601	G	66	6	72	0.00000
Cloacibacterium	501783	G	60	30	90	0.00001
Riemerella	34084	G	49	19	68	0.00000
Bergeyella	59735	G	39	8	47	0.00000
Faecalibacter	2766734	G	21	3	24	0.00000
Weeksella	1013	G	18	6	24	0.00000
Blattabacterium	34098	G	198	18	216	0.00001
Fluviicola	332102	G	86	5	91	0.00001
Crocinitomix	246873	G	62	2	64	0.00000
Croceimicrobium	2828338	G	67	13	80	0.00001
Owenweeksia	267986	G	58	6	64	0.00000
Candidatus_Sulcia	336809	G	45	14	59	0.00000
Candidatus_Walczuchella	1940138	G	12	2	14	0.00000
Ichthyobacterium	1755829	G	12	0	12	0.00000
Mucilaginibacter	423349	G	3185	165	3350	0.00021
Sphingobacterium	28453	G	3066	1850	4916	0.00031
Pedobacter	84567	G	1309	72	1381	0.00009
Olivibacter	376469	G	696	31	727	0.00005
Anseongella	1773450	G	344	12	356	0.00002
Solitalea	929509	G	157	9	166	0.00001
Pseudopedobacter	1649482	G	70	43	113	0.00001
Haliscomenobacter	2349	G	458	7	465	0.00003
Saprospira	1007	G	70	2	72	0.00000
Candidatus_Sulfidibacterium	2923290	G	109	3	112	0.00001
Chlorobaculum	256319	G	2949	221	3170	0.00020
Pelodictyon	1099	G	776	109	885	0.00006
Chlorobium	1091	G	626	70	696	0.00004
Prosthecochloris	1101	G	1113	86	1199	0.00008
Chloroherpeton	100715	G	266	5	271	0.00002
Candidatus_Cyclonatronum	2489367	G	415	48	463	0.00003
Melioribacter	1134403	G	202	20	222	0.00001
Ignavibacterium	795750	G	89	11	100	0.00001
Gemmatirosa	1706036	G	76439	8160	84599	0.00534
Gemmatimonas	173479	G	30540	961	31501	0.00199
Fibrobacter	832	G	267	5	272	0.00002
Candidatus_Cloacimonas	456826	G	140	4	144	0.00001
Luteitalea	2004797	G	115221	7022	122243	0.00772
Granulicella	940557	G	12849	1472	14321	0.00090
Terriglobus	392733	G	8676	1170	9846	0.00062
Acidobacterium	33973	G	6984	657	7641	0.00048
Candidatus_Koribacter	658061	G	5651	214	5865	0.00037
Edaphobacter	388463	G	3784	526	4310	0.00027
Acidisarcina	2608728	G	2417	198	2615	0.00017
Paludibaculum	1649475	G	10814	350	11164	0.00071
Chloracidobacterium	458032	G	5640	205	5845	0.00037
Sulfidibacter	2915177	G	3342	80	3422	0.00022
Thermotomaculum	1172428	G	129	7	136	0.00001
Nitrospira	1234	G	20061	315	20376	0.00129
Leptospirillum	179	G	609	11	620	0.00004
Thermodesulfovibrio	28261	G	187	5	192	0.00001
Dissulfurispira	2811506	G	143	7	150	0.00001
Treponema	157	G	1565	238	1803	0.00011
Spirochaeta	146	G	1223	34	1257	0.00008
Salinispira	1616789	G	130	3	133	0.00001
Sediminispirochaeta	1911556	G	111	2	113	0.00001
Oceanispirochaeta	2035349	G	36	1	37	0.00000
Thiospirochaeta	2792240	G	16	1	17	0.00000
Sphaerochaeta	399320	G	397	20	417	0.00003
Breznakiella	2845254	G	241	15	256	0.00002
Borrelia	138	G	89	43	132	0.00001
Borreliella	64895	G	14	15	29	0.00000
Leptospira	171	G	719	97	816	0.00005
Turneriella	338321	G	473	4	477	0.00003
Brachyspira	29521	G	93	1	94	0.00001
Pyramidobacter	638847	G	950	65	1015	0.00006
Fretibacterium	1434006	G	895	14	909	0.00006
Aminomonas	81411	G	808	102	910	0.00006
Thermanaerovibrio	81461	G	721	154	875	0.00006
Cloacibacillus	508459	G	593	130	723	0.00005
Jonquetella	428711	G	432	72	504	0.00003
Acetomicrobium	49894	G	137	4	141	0.00001
Aminobacterium	81466	G	80	5	85	0.00001
Thermovirga	336260	G	63	56	119	0.00001
Candidatus_Bipolaricaulis	2250122	G	880	40	920	0.00006
Candidatus_Nanosynbacter	2093823	G	178	79	257	0.00002
Candidatus_Saccharimonas	1331051	G	106	1	107	0.00001
Candidatus_Minimicrobia	2905967	G	16	63	79	0.00001
Candidatus_Babela	1551504	G	109	2	111	0.00001
Candidatus_Chazhemtobacterium	2715734	G	69	0	69	0.00000
Candidatus_Absconditicoccus	2900570	G	46	0	46	0.00000
Thermotoga	2335	G	399	156	555	0.00004
Pseudothermotoga	1643951	G	123	5	128	0.00001
Fervidobacterium	2422	G	107	42	149	0.00001
Thermosipho	2420	G	83	6	89	0.00001
Kosmotoga	651456	G	185	10	195	0.00001
Mesotoga	1184396	G	131	7	138	0.00001
Marinitoga	160798	G	53	8	61	0.00000
Defluviitoga	1511648	G	20	34	54	0.00000
Petrotoga	28236	G	19	15	34	0.00000
Tepiditoga	2778400	G	17	4	21	0.00000
Athalassotoga	1769718	G	87	2	89	0.00001
Thermocrinis	75905	G	140	15	155	0.00001
Hydrogenobacter	939	G	107	8	115	0.00001
Aquifex	2713	G	68	4	72	0.00000
Hydrogenobaculum	168657	G	14	0	14	0.00000
Sulfurihydrogenibium	212790	G	119	22	141	0.00001
Persephonella	182899	G	84	11	95	0.00001
Thermosulfidibacter	412592	G	119	5	124	0.00001
Thermovibrio	171868	G	153	33	186	0.00001
Desulfurobacterium	64159	G	56	9	65	0.00000
Thermosulfurimonas	1522431	G	296	37	333	0.00002
Thermosulfuriphilus	2033601	G	191	8	199	0.00001
Thermodesulfatator	241192	G	92	11	103	0.00001
Thermodesulfobacterium	1740	G	64	11	75	0.00000
Caldimicrobium	444090	G	44	7	51	0.00000
Caldithrix	187144	G	597	6	603	0.00004
Geovibrio	46200	G	130	16	146	0.00001
Flexistipes	2351	G	83	6	89	0.00001
Calditerrivibrio	545865	G	68	7	75	0.00000
Mucispirillum	248038	G	56	5	61	0.00000
Denitrovibrio	117999	G	49	4	53	0.00000
Deferribacter	53572	G	43	5	48	0.00000
Desulfurispirillum	393029	G	448	228	676	0.00004
Fusobacterium	848	G	177	69	246	0.00002
Ilyobacter	167639	G	12	1	13	0.00000
Leptotrichia	32067	G	100	25	125	0.00001
Pseudoleptotrichia	2755140	G	21	3	24	0.00000
Sebaldella	32068	G	16	0	16	0.00000
Streptobacillus	34104	G	10	6	16	0.00000
Elusimicrobium	423604	G	164	2	166	0.00001
Endomicrobium	1408194	G	163	2	165	0.00001
Dictyoglomus	13	G	167	0	167	0.00001
Caldisericum	693074	G	146	0	146	0.00001
Coprothermobacter	68335	G	144	32	176	0.00001
Atribacter	2847777	G	93	2	95	0.00001
Fusarium	5506	G	12741	945	13686	0.00086
Beauveria	5581	G	2881	100	2981	0.00019
Cordyceps	45234	G	1042	65	1107	0.00007
Trichoderma	5543	G	3902	166	4068	0.00026
Metarhizium	5529	G	2587	339	2926	0.00018
Ustilaginoidea	124426	G	964	46	1010	0.00006
Pochonia	243023	G	204	12	216	0.00001
Purpureocillium	1052105	G	1227	80	1307	0.00008
Drechmeria	98402	G	943	41	984	0.00006
Clonostachys	110564	G	387	27	414	0.00003
Colletotrichum	5455	G	1315	262	1577	0.00010
Thermothielavioides	2609811	G	1668	117	1785	0.00011
Thermothelomyces	1920207	G	1397	72	1469	0.00009
Neurospora	5140	G	497	24	521	0.00003
Pyricularia	48558	G	1400	13	1413	0.00009
Neopestalotiopsis	1562158	G	700	11	711	0.00004
Botrytis	33196	G	330	2	332	0.00002
Aspergillus	5052	G	2451	150	2601	0.00016
Penicillium	5073	G	893	44	937	0.00006
Paecilomyces	33202	G	344	13	357	0.00002
Talaromyces	5094	G	246	16	262	0.00002
Paraphaeosphaeria	125369	G	547	191	738	0.00005
Ampelomyces	50729	G	404	45	449	0.00003
Zymoseptoria	1047167	G	313	5	318	0.00002
Cercospora	29002	G	202	0	202	0.00001
Eremothecium	33170	G	231	135	366	0.00002
Lachancea	300275	G	95	4	99	0.00001
Kazachstania	71245	G	88	3	91	0.00001
Kluyveromyces	4910	G	73	8	81	0.00001
Saccharomyces	4930	G	70	4	74	0.00000
Naumovozyma	278028	G	69	3	72	0.00000
Tetrapisispora	113604	G	67	2	69	0.00000
Nakaseomyces	374468	G	56	2	58	0.00000
Torulaspora	4948	G	55	3	58	0.00000
Zygotorulaspora	1196389	G	30	3	33	0.00000
Zygosaccharomyces	4953	G	29	1	30	0.00000
Ogataea	461281	G	75	1	76	0.00000
Brettanomyces	13366	G	74	3	77	0.00000
Pichia	4919	G	32	0	32	0.00000
Candida	1535326	G	116	1	117	0.00001
Scheffersomyces	766733	G	40	1	41	0.00000
Debaryomyces	4958	G	15	0	15	0.00000
Yarrowia	4951	G	167	1	168	0.00001
Sugiyamaella	410829	G	60	5	65	0.00000
Saccharomycodes	36034	G	26	3	29	0.00000
Komagataella	460517	G	15	0	15	0.00000
Schizosaccharomyces	4895	G	54	1	55	0.00000
Pseudozyma	63298	G	1905	19	1924	0.00012
Ustilago	5269	G	553	20	573	0.00004
Sporisorium	63265	G	398	70	468	0.00003
Malassezia	55193	G	161	30	191	0.00001
Phlebiopsis	82309	G	633	25	658	0.00004
Rhizoctonia	1322061	G	132	14	146	0.00001
Marasmius	34448	G	457	41	498	0.00003
Cryptococcus	5206	G	186	45	231	0.00001
Encephalitozoon	6033	G	15	0	15	0.00000
Phytophthora	4783	G	6924	436	7360	0.00046
Pythium	4797	G	489	5	494	0.00003
