name	taxonomy_id	taxonomy_lvl	kraken_assigned_reads	added_reads	new_est_reads	fraction_total_reads
Bradyrhizobium_sp._200	2782665	S	28395	6710	35105	0.00260
Bradyrhizobium_sp._170	2782641	S	26027	7108	33135	0.00245
Bradyrhizobium_sp._CCBAU_051011	858422	S	24369	4990	29359	0.00217
Bradyrhizobium_sp._CCBAU_51753	1325100	S	11345	2667	14012	0.00104
Bradyrhizobium_sp._A19	2898149	S	8507	1621	10128	0.00075
Bradyrhizobium_sp._ORS_278	114615	S	8093	2019	10112	0.00075
Bradyrhizobium_sp._ORS_285	115808	S	7977	1956	9933	0.00074
Bradyrhizobium_sp._BTAi1	288000	S	7910	1580	9490	0.00070
Bradyrhizobium_sp._SK17	2057741	S	7384	2613	9997	0.00074
Bradyrhizobium_sp._CCGE-LA001	1223566	S	6675	2656	9331	0.00069
Bradyrhizobium_sp._186	2782654	S	6230	1790	8020	0.00059
Bradyrhizobium_sp._CCBAU_53421	1325120	S	5860	1959	7819	0.00058
Bradyrhizobium_sp._1(2017)	1404888	S	5237	1750	6987	0.00052
Bradyrhizobium_sp._195	2782662	S	4801	1833	6634	0.00049
Bradyrhizobium_sp._CCBAU_53351	1325114	S	4729	2537	7266	0.00054
Bradyrhizobium_sp._CCBAU_53338	1325111	S	4681	2036	6717	0.00050
Bradyrhizobium_sp._CCBAU_53340	1325112	S	4606	1902	6508	0.00048
Bradyrhizobium_sp._S2-11-2	2840472	S	4462	3584	8046	0.00060
Bradyrhizobium_sp._6(2017)	1197460	S	4353	2264	6617	0.00049
Bradyrhizobium_sp._191	2782659	S	4043	4201	8244	0.00061
Bradyrhizobium_sp._S2-20-1	2840469	S	3783	3226	7009	0.00052
Bradyrhizobium_sp._S2-11-4	2840473	S	3686	3457	7143	0.00053
Bradyrhizobium_sp._41S5	1404443	S	3404	2447	5851	0.00043
Bradyrhizobium_sp._I71	2590772	S	3285	3023	6308	0.00047
Bradyrhizobium_sp._CCBAU_51765	1325102	S	3190	3060	6250	0.00046
Bradyrhizobium_sp._C-145	574727	S	1806	1891	3697	0.00027
Bradyrhizobium_sp.	376	S	1438	4971	6409	0.00047
Bradyrhizobium_sp._40	2782674	S	1202	2830	4032	0.00030
Bradyrhizobium_sp._144S4	2823807	S	1176	3046	4222	0.00031
Bradyrhizobium_sp._4	2782678	S	1113	2938	4051	0.00030
Bradyrhizobium_sp._323S2	1404649	S	1055	2790	3845	0.00028
Bradyrhizobium_sp._192	2782660	S	863	2195	3058	0.00023
Bradyrhizobium_sp._LCT2	2493093	S	667	1964	2631	0.00019
Bradyrhizobium_sp._SG09	2599805	S	419	3134	3553	0.00026
Bradyrhizobium_sp._187	2782655	S	397	2015	2412	0.00018
Bradyrhizobium_sp._TM102	2599819	S	385	2750	3135	0.00023
Bradyrhizobium_sp._CW1	2782686	S	239	3788	4027	0.00030
Bradyrhizobium_sp._1S5	2816456	S	199	2292	2491	0.00018
Bradyrhizobium_sp._172	2782643	S	197	2456	2653	0.00020
Bradyrhizobium_sp._131	2782609	S	184	3078	3262	0.00024
Bradyrhizobium_sp._38S5	2819348	S	177	2215	2392	0.00018
Bradyrhizobium_sp._155	2782629	S	147	2712	2859	0.00021
Bradyrhizobium_sp._CCBAU_21365	1325083	S	17	868	885	0.00007
Bradyrhizobium_erythrophlei	1437360	S	28321	2542	30863	0.00229
Bradyrhizobium_paxllaeri	190148	S	21293	4278	25571	0.00189
Bradyrhizobium_icense	1274631	S	21129	3292	24421	0.00181
Bradyrhizobium_diazoefficiens	1355477	S	19511	33933	53444	0.00396
Bradyrhizobium_lablabi	722472	S	9501	11387	20888	0.00155
Bradyrhizobium_genosp._L	83637	S	7899	1739	9638	0.00071
Bradyrhizobium_canariense	255045	S	7864	13031	20895	0.00155
Bradyrhizobium_japonicum	375	S	7332	11499	18831	0.00139
Bradyrhizobium_oligotrophicum	44255	S	6973	1348	8321	0.00062
Bradyrhizobium_arachidis	858423	S	5886	1813	7699	0.00057
Bradyrhizobium_quebecense	2748629	S	4804	2894	7698	0.00057
Bradyrhizobium_vignae	1549949	S	4550	1162	5712	0.00042
Bradyrhizobium_genosp._B	83627	S	4549	1055	5604	0.00042
Bradyrhizobium_cosmicum	1404864	S	4514	1579	6093	0.00045
Bradyrhizobium_guangdongense	1325090	S	4437	1757	6194	0.00046
Bradyrhizobium_guangzhouense	1325095	S	4096	1664	5760	0.00043
Bradyrhizobium_septentrionale	1404411	S	4083	2651	6734	0.00050
Bradyrhizobium_guangxiense	1325115	S	4053	1882	5935	0.00044
Bradyrhizobium_daqingense	993502	S	3664	2118	5782	0.00043
Bradyrhizobium_amphicarpaeae	1404768	S	2865	1276	4141	0.00031
Bradyrhizobium_symbiodeficiens	1404367	S	2639	4183	6822	0.00051
Bradyrhizobium_betae	244734	S	2539	1533	4072	0.00030
Bradyrhizobium_zhanjiangense	1325107	S	1868	1973	3841	0.00028
Bradyrhizobium_elkanii	29448	S	1307	5039	6346	0.00047
Bradyrhizobium_ottawaense	931866	S	1027	6659	7686	0.00057
Rhodopseudomonas_palustris	1076	S	26316	10013	36329	0.00269
Rhodopseudomonas_sp._SK50-23	340268	S	3698	811	4509	0.00033
Rhodopseudomonas_boonkerdii	475937	S	3678	1019	4697	0.00035
Tardiphaga_sp._37S4	1404741	S	1955	1529	3484	0.00026
Tardiphaga_sp._vice154	2592814	S	141	2598	2739	0.00020
Tardiphaga_sp._vice278	2592815	S	60	1740	1800	0.00013
Tardiphaga_sp._vice304	2592817	S	56	1265	1321	0.00010
Tardiphaga_sp._vice352	2592816	S	18	650	668	0.00005
Tardiphaga_robiniae	943830	S	2064	1439	3503	0.00026
Afipia_carboxidovorans	40137	S	4789	1000	5789	0.00043
Afipia_sp._GAS231	1882747	S	4150	2913	7063	0.00052
Variibacter_gotjawalensis	1333996	S	8526	769	9295	0.00069
Nitrobacter_hamburgensis	912	S	4504	851	5355	0.00040
Nitrobacter_winogradskyi	913	S	3413	657	4070	0.00030
Rhizobium_sp._WYJ-E13	2849093	S	2632	376	3008	0.00022
Rhizobium_sp._BG4	2613770	S	2540	549	3089	0.00023
Rhizobium_sp._NXC24	2048897	S	2180	350	2530	0.00019
Rhizobium_sp._SL42	2806346	S	1696	348	2044	0.00015
Rhizobium_sp._WL3	2603277	S	1651	354	2005	0.00015
Rhizobium_sp._ACO-34A	1571470	S	1630	387	2017	0.00015
Rhizobium_sp._11515TR	2028343	S	1441	342	1783	0.00013
Rhizobium_sp._AB2/73	2795216	S	1363	743	2106	0.00016
Rhizobium_sp._NZLR1	2731096	S	1294	462	1756	0.00013
Rhizobium_sp._NXC14	1981173	S	1151	480	1631	0.00012
Rhizobium_sp._CIAT894	2020312	S	1123	507	1630	0.00012
Rhizobium_sp._NLR16a	2731112	S	1103	493	1596	0.00012
Rhizobium_sp._K102	2918527	S	1037	713	1750	0.00013
Rhizobium_sp._C104	2917727	S	962	531	1493	0.00011
Rhizobium_sp._L51/94	2819999	S	759	862	1621	0.00012
Rhizobium_sp._IE4771	1301032	S	707	1398	2105	0.00016
Rhizobium_sp._007	2785056	S	553	991	1544	0.00011
Rhizobium_sp._Kim5	2020311	S	500	1077	1577	0.00012
Rhizobium_sp._X9	2815360	S	493	1122	1615	0.00012
Rhizobium_sp._TAL182	2020313	S	277	779	1056	0.00008
Rhizobium_sp._NIBRBAC000502774	2590777	S	188	841	1029	0.00008
Rhizobium_sp._ZX09	2291939	S	126	570	696	0.00005
Rhizobium_sp._B230/85	2819994	S	96	904	1000	0.00007
Rhizobium_sp._Y9	1914541	S	77	294	371	0.00003
Rhizobium_sp._CCGE531	2364271	S	50	1563	1613	0.00012
Rhizobium_sp._T136	555319	S	41	1168	1209	0.00009
Rhizobium_sp._N324	1703969	S	40	745	785	0.00006
Rhizobium_sp._B21/90	2819993	S	35	1072	1107	0.00008
Rhizobium_sp._CCGE532	2364272	S	21	1387	1408	0.00010
Rhizobium_leguminosarum	384	S	11797	16009	27806	0.00206
Rhizobium_etli	29449	S	3870	5214	9084	0.00067
Rhizobium_jaguaris	1312183	S	2339	334	2673	0.00020
Rhizobium_pseudoryzae	379684	S	2188	528	2716	0.00020
Rhizobium_gallicum	56730	S	2185	2882	5067	0.00038
Rhizobium_phaseoli	396	S	2044	4286	6330	0.00047
Rhizobium_bangladeshense	1138189	S	1682	438	2120	0.00016
Rhizobium_lentis	1138194	S	1441	482	1923	0.00014
Rhizobium_tropici	398	S	1421	405	1826	0.00014
Rhizobium_rosettiformans	1368430	S	1265	645	1910	0.00014
Rhizobium_daejeonense	240521	S	1211	461	1672	0.00012
Rhizobium_binae	1138190	S	1177	465	1642	0.00012
Rhizobium_rhizoryzae	451876	S	1062	166	1228	0.00009
Rhizobium_indicum	2583231	S	886	803	1689	0.00013
Rhizobium_acidisoli	1538158	S	685	584	1269	0.00009
Rhizobium_pusense	648995	S	678	2752	3430	0.00025
Rhizobium_oryzihabitans	2267833	S	379	541	920	0.00007
Rhizobium_laguerreae	1076926	S	322	564	886	0.00007
Rhizobium_hidalgonense	1538159	S	267	624	891	0.00007
Rhizobium_ruizarguesonis	2081791	S	240	1790	2030	0.00015
Rhizobium_favelukesii	348824	S	20	683	703	0.00005
Agrobacterium_tumefaciens	358	S	5603	5676	11279	0.00084
Agrobacterium_fabrum	1176649	S	632	840	1472	0.00011
Agrobacterium_fabacearum	1183401	S	139	1833	1972	0.00015
Agrobacterium_vitis	373	S	3267	458	3725	0.00028
Agrobacterium_sp._T29	2580515	S	380	303	683	0.00005
Agrobacterium_sp._RAC06	1842536	S	303	680	983	0.00007
Agrobacterium_sp._MA01	2664893	S	281	618	899	0.00007
Agrobacterium_sp._CGMCC_11546	2579248	S	147	303	450	0.00003
Agrobacterium_sp._S7/73	2820002	S	104	556	660	0.00005
Agrobacterium_vaccinii	2735528	S	1254	192	1446	0.00011
Agrobacterium_larrymoorei	160699	S	856	169	1025	0.00008
Agrobacterium_rubi	28099	S	727	233	960	0.00007
Agrobacterium_salinitolerans	1183413	S	618	243	861	0.00006
Agrobacterium_rhizogenes	359	S	530	1276	1806	0.00013
Neorhizobium_galegae	399	S	6470	2086	8556	0.00063
Neorhizobium_sp._NCHU2750	1825976	S	1773	463	2236	0.00017
Neorhizobium_sp._SOG26	2060726	S	1733	406	2139	0.00016
Pseudorhizobium_flavum	1335061	S	1193	808	2001	0.00015
Pseudorhizobium_banfieldiae	1125847	S	1133	690	1823	0.00014
Sinorhizobium_fredii	380	S	9409	13494	22903	0.00170
Sinorhizobium_meliloti	382	S	7313	2942	10255	0.00076
Sinorhizobium_americanum	194963	S	5113	2392	7505	0.00056
Sinorhizobium_sp._BG8	2613773	S	2495	487	2982	0.00022
Sinorhizobium_sp._CCBAU_05631	794846	S	409	622	1031	0.00008
Sinorhizobium_medicae	110321	S	2478	370	2848	0.00021
Ensifer_adhaerens	106592	S	12339	5867	18206	0.00135
Ensifer_mexicanus	375549	S	3666	654	4320	0.00032
Ensifer_sp._PDNC004	2811423	S	2828	1217	4045	0.00030
Ensifer_sp._T173	555315	S	530	1921	2451	0.00018
Ensifer_alkalisoli	1752398	S	2602	579	3181	0.00024
Ensifer_sojae	716925	S	2259	979	3238	0.00024
Shinella_sp._HZN7	879274	S	3956	3849	7805	0.00058
Shinella_sp._PSBB067	2715959	S	2896	2505	5401	0.00040
Shinella_sp._XGS7	2877941	S	2551	2719	5270	0.00039
Shinella_sp._H4-D48	2925841	S	1348	604	1952	0.00014
Shinella_zoogloeoides	352475	S	3208	5147	8355	0.00062
Shinella_oryzae	2871820	S	1685	844	2529	0.00019
Georhizobium_profundi	2341112	S	2539	653	3192	0.00024
Ciceribacter_thiooxidans	1969821	S	2472	586	3058	0.00023
Peteryoungia_desertarenae	1813451	S	819	175	994	0.00007
Candidatus_Liberibacter_americanus	309868	S	20	3	23	0.00000
Candidatus_Liberibacter_solanacearum	556287	S	20	3	23	0.00000
Candidatus_Liberibacter_africanus	34020	S	19	21	40	0.00000
Liberibacter_crescens	1273132	S	18	58	76	0.00001
Mesorhizobium_sp._8	2584466	S	5779	1590	7369	0.00055
Mesorhizobium_sp._DCY119	2108445	S	4705	1257	5962	0.00044
Mesorhizobium_sp._M1A.F.Ca.IN.022.06.1.1	2493680	S	4179	1484	5663	0.00042
Mesorhizobium_sp._Pch-S	2082387	S	3689	582	4271	0.00032
Mesorhizobium_sp._M1B.F.Ca.ET.045.04.1.1	2493673	S	3563	1516	5079	0.00038
Mesorhizobium_sp._M3A.F.Ca.ET.080.04.2.1	2493676	S	3419	1163	4582	0.00034
Mesorhizobium_sp._B1-1-8	2589976	S	3407	968	4375	0.00032
Mesorhizobium_sp._M1D.F.Ca.ET.043.01.1.1	2493669	S	3393	2244	5637	0.00042
Mesorhizobium_sp._L-2-11	2744521	S	3390	1459	4849	0.00036
Mesorhizobium_sp._J8	2777475	S	3298	1193	4491	0.00033
Mesorhizobium_sp._M1E.F.Ca.ET.045.02.1.1	2493672	S	3228	1782	5010	0.00037
Mesorhizobium_sp._B2-1-1	2589974	S	3215	828	4043	0.00030
Mesorhizobium_sp._131-2-1	2744518	S	3173	1867	5040	0.00037
Mesorhizobium_sp._M9A.F.Ca.ET.002.03.1.2	2493668	S	3169	1604	4773	0.00035
Mesorhizobium_sp._M4B.F.Ca.ET.058.02.1.1	2493675	S	3094	1454	4548	0.00034
Mesorhizobium_sp._B2-8-5	2589903	S	3073	1142	4215	0.00031
Mesorhizobium_sp._INR15	2654248	S	3007	490	3497	0.00026
Mesorhizobium_sp._PAMC28654	2880934	S	2828	602	3430	0.00025
Mesorhizobium_sp._M6A.T.Cr.TU.016.01.1.1	2493677	S	2604	972	3576	0.00026
Mesorhizobium_sp._B4-1-4	2589888	S	2192	598	2790	0.00021
Mesorhizobium_sp._B2-1-8	2589967	S	2173	746	2919	0.00022
Mesorhizobium_sp._M8A.F.Ca.ET.057.01.1.1	2493679	S	2053	865	2918	0.00022
Mesorhizobium_sp._M7D.F.Ca.US.005.01.1.1	2493678	S	2019	772	2791	0.00021
Mesorhizobium_sp._NZP2077	2483404	S	1839	681	2520	0.00019
Mesorhizobium_sp._M2A.F.Ca.ET.043.05.1.1	2493671	S	1811	1687	3498	0.00026
Mesorhizobium_sp._L-8-10	2744523	S	1772	6048	7820	0.00058
Mesorhizobium_sp._L-8-3	2744522	S	1732	6074	7806	0.00058
Mesorhizobium_sp._113-1-2	2744515	S	1708	936	2644	0.00020
Mesorhizobium_sp._NBSH29	2654249	S	1658	134	1792	0.00013
Mesorhizobium_sp._113-3-3	2744516	S	1657	1013	2670	0.00020
Mesorhizobium_sp._M7A.F.Ce.TU.012.03.2.1	2493681	S	1646	674	2320	0.00017
Mesorhizobium_sp._AA22	1854057	S	1622	1140	2762	0.00020
Mesorhizobium_sp._NZP2298	2483403	S	1268	834	2102	0.00016
Mesorhizobium_sp._113-3-9	2744517	S	1220	1002	2222	0.00016
Mesorhizobium_sp._M2A.F.Ca.ET.046.03.2.1	2493674	S	1059	3062	4121	0.00031
Mesorhizobium_sp._M2A.F.Ca.ET.043.02.1.1	2493670	S	943	2594	3537	0.00026
Mesorhizobium_sp._WSM1497	278153	S	408	910	1318	0.00010
Mesorhizobium_sp._131-2-5	2744519	S	253	1884	2137	0.00016
Mesorhizobium_sp._131-3-5	2744520	S	220	751	971	0.00007
Mesorhizobium_sp._NZP2234	2483402	S	177	699	876	0.00006
Mesorhizobium_terrae	2725666	S	3766	1442	5208	0.00039
Mesorhizobium_opportunistum	593909	S	3275	1520	4795	0.00036
Mesorhizobium_amorphae	71433	S	2849	786	3635	0.00027
Mesorhizobium_ciceri	39645	S	2190	6039	8229	0.00061
Mesorhizobium_loti	381	S	1969	17579	19548	0.00145
Mesorhizobium_australicum	536018	S	1917	676	2593	0.00019
Mesorhizobium_huakuii	28104	S	1843	1380	3223	0.00024
Mesorhizobium_erdmanii	1777866	S	1648	529	2177	0.00016
Mesorhizobium_japonicum	2066070	S	1546	1278	2824	0.00021
Aminobacter_sp._MSH1	374606	S	4198	2913	7111	0.00053
Aminobacter_sp._SR38	2774562	S	2057	9242	11299	0.00084
Aminobacter_sp._MDW-2	2666139	S	749	3401	4150	0.00031
Aminobacter_aminovorans	83263	S	856	2626	3482	0.00026
Aquibium_microcysteis	675281	S	6937	2263	9200	0.00068
Aquibium_oceanicum	1670800	S	5405	1455	6860	0.00051
Nitratireductor_sp._SY7	2599600	S	4619	1003	5622	0.00042
Nitratireductor_sp._OM-1	1756988	S	2244	444	2688	0.00020
Nitratireductor_kimnyeongensis	430679	S	1436	237	1673	0.00012
Phyllobacterium_sp._T1018	555316	S	1629	243	1872	0.00014
Phyllobacterium_sp._628	2718938	S	840	138	978	0.00007
Phyllobacterium_sp._T1293	555317	S	739	107	846	0.00006
Phyllobacterium_zundukense	1867719	S	1734	286	2020	0.00015
Roseitalea_porphyridii	1852022	S	3492	690	4182	0.00031
Hoeflea_sp._IMCC20628	1620421	S	1546	180	1726	0.00013
Hoeflea_phototrophica	244596	S	1420	204	1624	0.00012
Oricola_thermophila	2742145	S	2766	444	3210	0.00024
Salaquimonas_pukyongi	2712698	S	1211	62	1273	0.00009
Lentilitoribacter_sp._Alg239-R112	2305987	S	97	2	99	0.00001
Methylobacterium_nodulans	114616	S	10944	1700	12644	0.00094
Methylobacterium_aquaticum	270351	S	8817	4568	13385	0.00099
Methylobacterium_sp._17Sr1-1	2202826	S	4099	2297	6396	0.00047
Methylobacterium_sp._WL1	2603276	S	3914	946	4860	0.00036
Methylobacterium_sp._C1	1479019	S	488	4045	4533	0.00034
Methylobacterium_sp._XJLW	739141	S	273	3885	4158	0.00031
Methylobacterium_durans	2202825	S	6750	1178	7928	0.00059
Methylobacterium_radiodurans	2202828	S	5948	1763	7711	0.00057
Methylobacterium_currus	2051553	S	5658	2791	8449	0.00063
Methylobacterium_organophilum	410	S	4738	3066	7804	0.00058
Methylobacterium_terrae	2202827	S	4307	2351	6658	0.00049
Methylobacterium_brachiatum	269660	S	4172	1764	5936	0.00044
Methylobacterium_mesophilicum	39956	S	4001	979	4980	0.00037
Methylobacterium_tardum	374432	S	3776	1535	5311	0.00039
Methylobacterium_indicum	1775910	S	3749	2189	5938	0.00044
Methylobacterium_oryzae	334852	S	3143	4692	7835	0.00058
Methylobacterium_radiotolerans	31998	S	1409	8408	9817	0.00073
Methylobacterium_phyllosphaerae	418223	S	611	2442	3053	0.00023
Microvirga_sp._VF16	2807101	S	21776	3878	25654	0.00190
Microvirga_sp._17_mud_1-3	2082949	S	7014	1699	8713	0.00065
Microvirga_ossetica	1882682	S	21402	4318	25720	0.00190
Microvirga_thermotolerans	2651334	S	9241	2949	12190	0.00090
Methylorubrum_populi	223967	S	7242	3805	11047	0.00082
Methylorubrum_extorquens	408	S	5589	10107	15696	0.00116
Methylorubrum_sp._B1-46	2897334	S	2636	1288	3924	0.00029
Methylorubrum_zatmanii	29429	S	137	752	889	0.00007
Rhodoplanes_sp._Z2-YC6860	674703	S	53199	6333	59532	0.00441
Hyphomicrobium_nitrativorans	1427356	S	7766	833	8599	0.00064
Hyphomicrobium_denitrificans	53399	S	7461	1195	8656	0.00064
Hyphomicrobium_sp._MC1	717785	S	3856	401	4257	0.00032
Methyloceanibacter_caenitepidi	1384459	S	2795	650	3445	0.00026
Methyloceanibacter_sp._wino2	2170729	S	2627	652	3279	0.00024
Methyloligella_sp._GL2	2742204	S	4295	625	4920	0.00036
Aquabacter_sp._L1I39	2820278	S	3944	801	4745	0.00035
Rhodomicrobium_vannielii	1069	S	3523	287	3810	0.00028
Caenibius_sp._WL	2872646	S	1259	274	1533	0.00011
Caenibius_tardaugens	169176	S	888	794	1682	0.00012
Candidatus_Filomicrobium_marinum	1608628	S	1726	59	1785	0.00013
Pseudolabrys_taiwanensis	331696	S	17740	3665	21405	0.00159
Pseudolabrys_sp._FHR47	2562284	S	12659	2788	15447	0.00114
Starkeya_sp._ORNL1	2709380	S	8260	2036	10296	0.00076
Starkeya_novella	921	S	6390	2906	9296	0.00069
Xanthobacter_dioxanivorans	2528964	S	6793	2803	9596	0.00071
Xanthobacter_sp._YC-JY1	2419844	S	2150	2527	4677	0.00035
Xanthobacter_autotrophicus	280	S	1998	2534	4532	0.00034
Ancylobacter_sp._TS-1	1850374	S	4729	2407	7136	0.00053
Ancylobacter_polymorphus	223390	S	4490	2695	7185	0.00053
Ancylobacter_pratisalsi	1745854	S	3807	1059	4866	0.00036
Labrys_sp._KNU-23	2789216	S	5201	648	5849	0.00043
Azorhizobium_caulinodans	7	S	4825	1234	6059	0.00045
Bosea_sp._Tri-49	1867715	S	7863	2136	9999	0.00074
Bosea_sp._F3-2	2599640	S	6664	2503	9167	0.00068
Bosea_sp._RAC05	1842539	S	6465	2466	8931	0.00066
Bosea_sp._ANAM02	2020412	S	6055	2635	8690	0.00064
Bosea_sp._AS-1	2015316	S	5274	1955	7229	0.00054
Bosea_sp._PAMC_26642	1792307	S	5168	1293	6461	0.00048
Bosea_vaviloviae	1526658	S	5757	1643	7400	0.00055
Devosia_sp._A16	1736675	S	8662	1196	9858	0.00073
Devosia_sp._SL43	2806348	S	2401	466	2867	0.00021
Devosia_sp._JXJ_CY_41	2917991	S	2303	444	2747	0.00020
Devosia_sp._1566	2499144	S	2119	252	2371	0.00018
Devosia_sp._I507	2083786	S	1560	487	2047	0.00015
Devosia_sp._MC521	2759954	S	848	148	996	0.00007
Devosia_ginsengisoli	400770	S	2544	499	3043	0.00023
Devosia_oryziradicis	2801335	S	2318	458	2776	0.00021
Devosia_beringensis	2657486	S	2296	368	2664	0.00020
Devosia_salina	2860336	S	2208	768	2976	0.00022
Devosia_rhizoryzae	2774137	S	1952	230	2182	0.00016
Youhaiella_tibetensis	1447062	S	3285	825	4110	0.00030
Paradevosia_shaoguanensis	1335043	S	3247	1363	4610	0.00034
Pelagibacterium_halotolerans	531813	S	1798	270	2068	0.00015
Maritalea_myrionectae	454601	S	348	13	361	0.00003
Aureimonas_sp._SA4125	2826993	S	4464	991	5455	0.00040
Aureimonas_sp._AU20	1349819	S	3744	641	4385	0.00032
Aureimonas_sp._OT7	2816454	S	2022	1869	3891	0.00029
Aureimonas_populi	1701758	S	3368	774	4142	0.00031
Aureimonas_mangrovi	2758041	S	2975	744	3719	0.00028
Aureimonas_altamirensis	370622	S	1902	720	2622	0.00019
Martelella_sp._AD-3	686597	S	1119	3333	4452	0.00033
Martelella_mediterranea	293089	S	2110	870	2980	0.00022
Martelella_endophytica	1486262	S	1902	497	2399	0.00018
Martelella_lutilitoris	2583532	S	1045	925	1970	0.00015
Aurantimonas_sp._HBX-1	2906072	S	5403	1941	7344	0.00054
Nordella_sp._HKS_07	2712222	S	15993	1066	17059	0.00126
Pseudorhodoplanes_sinuspersici	1235591	S	12210	1096	13306	0.00099
Terrihabitans_soli	708113	S	3572	487	4059	0.00030
Candidatus_Hodgkinia_cicadicola	573658	S	40	0	40	0.00000
Methylocystis_parvus	134	S	3156	441	3597	0.00027
Methylocystis_bryophila	655015	S	3102	369	3471	0.00026
Methylocystis_heyeri	391905	S	2763	364	3127	0.00023
Methylocystis_sp._SC2	187303	S	1769	518	2287	0.00017
Methylocystis_sp._SB2	743836	S	714	1170	1884	0.00014
Methylocystis_rosea	173366	S	2213	1752	3965	0.00029
Methylosinus_trichosporium	426	S	4040	938	4978	0.00037
Methylosinus_sp._C49	2699395	S	3362	765	4127	0.00031
Phreatobacter_stygius	1940610	S	8570	1526	10096	0.00075
Phreatobacter_cathodiphilus	1868589	S	7749	2710	10459	0.00077
Phreatobacter_sp._NMCR1094	2570229	S	5488	1217	6705	0.00050
Stappia_indica	538381	S	5666	1602	7268	0.00054
Stappia_sp._ES.058	1881061	S	3058	453	3511	0.00026
Roseibium_aggregatum	187304	S	3378	542	3920	0.00029
Roseibium_alexandrii	388408	S	978	98	1076	0.00008
Pannonibacter_phragmitetus	121719	S	3987	3285	7272	0.00054
Labrenzia_sp._VG12	2021862	S	1975	260	2235	0.00017
Labrenzia_sp._PHM005	2590016	S	858	73	931	0.00007
Labrenzia_sp._THAF82	2587861	S	774	53	827	0.00006
Pseudovibrio_sp._FO-BEG1	911045	S	352	133	485	0.00004
Pseudovibrio_brasiliensis	1898042	S	286	106	392	0.00003
Kaustia_mangrovi	2593653	S	7607	889	8496	0.00063
Parvibaculum_lavamentivorans	256618	S	3546	2811	6357	0.00047
Pyruvatibacter_mobilis	1712261	S	2251	319	2570	0.00019
Candidatus_Phaeomarinobacter_ectocarpi	1458461	S	963	53	1016	0.00008
Chelatococcus_sp._CO-6	1702325	S	6558	4509	11067	0.00082
Chelatococcus_daeguensis	444444	S	3718	2510	6228	0.00046
Blastochloris_tepida	2233851	S	6607	2682	9289	0.00069
Blastochloris_viridis	1079	S	5654	1839	7493	0.00055
Methylocella_silvestris	199596	S	3054	413	3467	0.00026
Methylocella_tundrae	227605	S	2665	305	2970	0.00022
Methylovirgula_ligni	569860	S	2802	388	3190	0.00024
Methylovirgula_sp._HY1	2822761	S	2119	142	2261	0.00017
Beijerinckia_indica	533	S	1358	121	1479	0.00011
Kaistia_sp._32K	2795690	S	7249	2175	9424	0.00070
Acuticoccus_sp._I52.16.1	2928472	S	6967	906	7873	0.00058
Brucella_anthropi	529	S	1229	869	2098	0.00016
Brucella_intermedia	94625	S	1042	218	1260	0.00009
Brucella_sp._BTU1	2840456	S	195	48	243	0.00002
Brucella_sp._10RB9215	1149953	S	73	87	160	0.00001
Brucella_sp._6810	2769351	S	68	119	187	0.00001
Brucella_sp._09RB8910	1844051	S	56	64	120	0.00001
Brucella_sp._BO3	2691913	S	47	84	131	0.00001
Brucella_sp._09RB8471	1149952	S	41	83	124	0.00001
Brucella_sp._2280	2592625	S	41	88	129	0.00001
Brucella_sp._BO2	693750	S	35	86	121	0.00001
Brucella_sp._458	2821140	S	34	82	116	0.00001
[Ochrobactrum]_quorumnocens	271865	S	484	86	570	0.00004
Brucella_pseudogrignonensis	419475	S	296	121	417	0.00003
Brucella_pituitosa	571256	S	118	55	173	0.00001
Brucella_melitensis	29459	S	59	1583	1642	0.00012
Brucella_inopinata	1218315	S	28	40	68	0.00001
Brucella_suis	29461	S	21	644	665	0.00005
Brucella_abortus	235	S	19	812	831	0.00006
Brucella_ovis	236	S	19	74	93	0.00001
Pseudochrobactrum_sp._XF203	2879116	S	148	152	300	0.00002
Pseudochrobactrum_sp._Wa41.01b-1	2864102	S	129	143	272	0.00002
Pseudochrobactrum_algeriensis	2834768	S	121	126	247	0.00002
Hartmannibacter_diazotrophicus	1482074	S	4730	1027	5757	0.00043
Breoghania_sp._L-A4	2304600	S	4379	695	5074	0.00038
Lichenihabitans_psoromatis	2528642	S	1561	891	2452	0.00018
Lichenihabitans_sp._PAMC28606	2880932	S	1242	823	2065	0.00015
Cohaesibacter_sp._ES.047	1798205	S	869	41	910	0.00007
Bartonella_apis	1686310	S	290	21	311	0.00002
Bartonella_sp._HY038	2759660	S	67	13	80	0.00001
Bartonella_sp._46A	2893471	S	20	19	39	0.00000
Bartonella_sp._WD16.2	1933904	S	11	29	40	0.00000
Bartonella_australis	388640	S	41	6	47	0.00000
Bartonella_quintana	803	S	30	9	39	0.00000
Bartonella_vinsonii	33047	S	20	20	40	0.00000
Bartonella_ancashensis	1318743	S	19	4	23	0.00000
Bartonella_henselae	38323	S	17	8	25	0.00000
Bartonella_krasnovii	2267275	S	16	27	43	0.00000
Bartonella_birtlesii	111504	S	15	8	23	0.00000
Bartonella_schoenbuchensis	165694	S	14	20	34	0.00000
Bartonella_bacilliformis	774	S	13	3	16	0.00000
Bartonella_grahamii	33045	S	11	13	24	0.00000
Sphingomonas_sp._DM2-R-LB4	2899123	S	5914	2079	7993	0.00059
Sphingomonas_sp._S8-45	2938948	S	5570	703	6273	0.00046
Sphingomonas_sp._HDW15A	2714942	S	5340	457	5797	0.00043
Sphingomonas_sp._MM-1	745310	S	4163	5356	9519	0.00070
Sphingomonas_sp._CL5.1	2653203	S	4151	1450	5601	0.00041
Sphingomonas_sp._AK-PDB1-5	2872652	S	4137	689	4826	0.00036
Sphingomonas_sp._Cra20	1327635	S	3831	616	4447	0.00033
Sphingomonas_sp._AP4-R1	2735134	S	3556	474	4030	0.00030
Sphingomonas_sp._LM7	1938607	S	3366	747	4113	0.00030
Sphingomonas_sp._AAP5	1523415	S	3129	839	3968	0.00029
Sphingomonas_sp._NBWT7	2596913	S	3076	1030	4106	0.00030
Sphingomonas_sp._S2-65	2903960	S	2993	622	3615	0.00027
Sphingomonas_sp._FARSPH	2219696	S	2664	2214	4878	0.00036
Sphingomonas_sp._PAMC26645	2565555	S	2392	806	3198	0.00024
Sphingomonas_sp._KC8	1030157	S	2348	315	2663	0.00020
Sphingomonas_sp._HMP9	1517554	S	2310	1039	3349	0.00025
Sphingomonas_sp._HMP6	1517551	S	1919	384	2303	0.00017
Sphingomonas_sp._LK11	1390395	S	1490	1397	2887	0.00021
Sphingomonas_sp._NIC1	1961362	S	1265	3609	4874	0.00036
Sphingomonas_sp._IC081	304378	S	617	3657	4274	0.00032
Sphingomonas_sediminicola	386874	S	12050	1184	13234	0.00098
Sphingomonas_daechungensis	1176646	S	10288	1018	11306	0.00084
Sphingomonas_lutea	1045317	S	9535	1289	10824	0.00080
Sphingomonas_ginsengisoli_An_et_al._2013	363835	S	7321	1036	8357	0.00062
Sphingomonas_sabuli	2764186	S	7094	917	8011	0.00059
Sphingomonas_sinipercae	2714944	S	6698	942	7640	0.00057
Sphingomonas_rhizophila	2071607	S	6554	1596	8150	0.00060
Sphingomonas_xanthus	2594473	S	5860	1230	7090	0.00053
Sphingomonas_profundi	2681549	S	5288	864	6152	0.00046
Sphingomonas_alpina	653931	S	5265	441	5706	0.00042
Sphingomonas_sanxanigenens	397260	S	5262	2518	7780	0.00058
Sphingomonas_piscis	2714943	S	5037	490	5527	0.00041
Sphingomonas_koreensis	93064	S	3487	2495	5982	0.00044
Sphingomonas_taxi	1549858	S	3480	1062	4542	0.00034
Sphingomonas_hengshuiensis	1609977	S	3382	437	3819	0.00028
Sphingomonas_changnyeongensis	2698679	S	3361	688	4049	0.00030
Sphingomonas_panacis	1560345	S	3250	483	3733	0.00028
Sphingomonas_panacisoli	1813879	S	2779	378	3157	0.00023
Sphingomonas_radiodurans	2890321	S	2662	358	3020	0.00022
Sphingomonas_suaedae	2599297	S	2555	329	2884	0.00021
Sphingomonas_aliaeris	2759526	S	2204	282	2486	0.00018
Sphingomonas_insulae	424800	S	2185	609	2794	0.00021
Sphingomonas_paucimobilis	13689	S	2102	1292	3394	0.00025
Sphingomonas_sanguinis	33051	S	1581	1290	2871	0.00021
Sphingomonas_melonis	152682	S	1380	5211	6591	0.00049
Sphingomonas_lacunae	2698828	S	1234	189	1423	0.00011
Sphingomonas_paeninsulae	2319844	S	1050	50	1100	0.00008
Sphingobium_sp._Cam5-1	2789327	S	3167	1171	4338	0.00032
Sphingobium_sp._SYK-6	627192	S	3022	838	3860	0.00029
Sphingobium_sp._TKS	1315974	S	1797	2701	4498	0.00033
Sphingobium_sp._RAC03	1843368	S	1729	342	2071	0.00015
Sphingobium_sp._CAP-1	2676077	S	1711	1067	2778	0.00021
Sphingobium_sp._YG1	2082188	S	1703	737	2440	0.00018
Sphingobium_sp._SCG-1	2072936	S	1589	134	1723	0.00013
Sphingobium_sp._EP60837	1855519	S	1561	459	2020	0.00015
Sphingobium_sp._KCTC_72723	2733867	S	1475	278	1753	0.00013
Sphingobium_sp._MI1205	407020	S	1092	1571	2663	0.00020
Sphingobium_sp._PAMC28499	2565554	S	564	1092	1656	0.00012
Sphingobium_sp._YBL2	484429	S	224	1415	1639	0.00012
Sphingobium_sp._RSMS	520734	S	191	1076	1267	0.00009
Sphingobium_sp._LF-16	2185111	S	42	656	698	0.00005
Sphingobium_yanoikuyae	13690	S	3533	6691	10224	0.00076
Sphingobium_phenoxybenzoativorans	1592790	S	2121	917	3038	0.00023
Sphingobium_indicum	332055	S	2004	1529	3533	0.00026
Sphingobium_amiense	135719	S	1884	2391	4275	0.00032
Sphingobium_cloacae	120107	S	1701	2545	4246	0.00031
Sphingobium_xenophagum	121428	S	1643	1087	2730	0.00020
Sphingobium_chlorophenolicum	46429	S	1459	688	2147	0.00016
Sphingobium_baderi	1332080	S	1298	1347	2645	0.00020
Sphingobium_herbicidovorans	76947	S	1171	1094	2265	0.00017
Sphingobium_fuliginis	336203	S	668	2514	3182	0.00024
Novosphingobium_sp._Sx8-5	2896849	S	5081	789	5870	0.00043
Novosphingobium_sp._Gsoil_351	2675225	S	4404	419	4823	0.00036
Novosphingobium_sp._EMRT-2	2571749	S	3843	2369	6212	0.00046
Novosphingobium_sp._P6W	1609758	S	3561	665	4226	0.00031
Novosphingobium_sp._ES2-1	2780074	S	2322	1359	3681	0.00027
Novosphingobium_sp._THN1	1016987	S	2262	941	3203	0.00024
Novosphingobium_sp._PP1Y	702113	S	1336	1735	3071	0.00023
Novosphingobium_sp._KA1	164608	S	856	4132	4988	0.00037
Novosphingobium_resinovorum	158500	S	4537	2324	6861	0.00051
Novosphingobium_decolorationis	2698673	S	3177	1786	4963	0.00037
Novosphingobium_aromaticivorans	48935	S	2972	1447	4419	0.00033
Novosphingobium_ginsenosidimutans	1176536	S	2721	308	3029	0.00022
Novosphingobium_pentaromativorans	205844	S	1313	2463	3776	0.00028
Sphingopyxis_sp._QXT-31	1357916	S	3003	854	3857	0.00029
Sphingopyxis_sp._OPL5	2486273	S	2624	517	3141	0.00023
Sphingopyxis_sp._YF1	2482763	S	2595	626	3221	0.00024
Sphingopyxis_sp._BSN-002	2911495	S	2161	406	2567	0.00019
Sphingopyxis_sp._113P3	292913	S	2132	847	2979	0.00022
Sphingopyxis_sp._PAMC25046	2565556	S	2111	987	3098	0.00023
Sphingopyxis_sp._FD7	1914525	S	1834	788	2622	0.00019
Sphingopyxis_sp._EG6	1874061	S	1783	932	2715	0.00020
Sphingopyxis_sp._MG	1866325	S	125	1192	1317	0.00010
Sphingopyxis_macrogoltabida	33050	S	4084	2092	6176	0.00046
Sphingopyxis_terrae	33052	S	2353	1341	3694	0.00027
Sphingopyxis_lindanitolerans	2054227	S	2038	987	3025	0.00022
Sphingopyxis_fribergensis	1515612	S	1833	741	2574	0.00019
Sphingopyxis_granuli	267128	S	1782	5066	6848	0.00051
Sphingopyxis_alaskensis	117207	S	1697	411	2108	0.00016
Rhizorhabdus_wittichii	160791	S	6066	3702	9768	0.00072
Rhizorhabdus_dicambivorans	1850238	S	4025	3394	7419	0.00055
Rhizorhabdus_phycosphaerae	2711156	S	2864	389	3253	0.00024
Allosphingosinicella_indica	941907	S	6147	818	6965	0.00052
Sphingosinithalassobacter_sp._CS137	2762748	S	3047	661	3708	0.00027
Sphingosinithalassobacter_tenebrarum	2711215	S	2637	844	3481	0.00026
Parasphingopyxis_algicola	2026624	S	2867	199	3066	0.00023
Parasphingopyxis_sp._CP4	2724527	S	903	43	946	0.00007
Sphingorhabdus_sp._YGSMI21	2077182	S	980	170	1150	0.00009
Sphingorhabdus_sp._SMR4y	2584094	S	909	163	1072	0.00008
Sphingorhabdus_sp._M41	1806885	S	717	98	815	0.00006
Sphingorhabdus_lacus	392610	S	614	29	643	0.00005
Sphingorhabdus_lutea	1913578	S	112	9	121	0.00001
Blastomonas_sp._RAC04	1842535	S	722	1171	1893	0.00014
Blastomonas_fulva	1550728	S	626	1307	1933	0.00014
Hankyongella_ginsenosidimutans	1763828	S	2481	503	2984	0.00022
Tardibacter_chloracetimidivorans	1921510	S	2064	1621	3685	0.00027
Citromicrobium_sp._JL477	1634516	S	1797	854	2651	0.00020
Novosphingopyxis_iocasae	2762729	S	1441	830	2271	0.00017
Parasphingorhabdus_halotolerans	2725558	S	377	17	394	0.00003
Parasphingorhabdus_sp._JHSY0214	2806553	S	352	27	379	0.00003
Parasphingorhabdus_litoris	394733	S	293	24	317	0.00002
Aquisediminimonas_profunda	1550733	S	953	42	995	0.00007
Erythrobacter_sp._HL-111	1798193	S	2311	471	2782	0.00021
Erythrobacter_sp._HKB08	2502843	S	1865	433	2298	0.00017
Erythrobacter_sp._JK5	2829500	S	1847	573	2420	0.00018
Erythrobacter_sp._SDW2	2907154	S	1740	487	2227	0.00016
Erythrobacter_sp._THAF29	2587851	S	1090	264	1354	0.00010
Erythrobacter_sp._KY5	2011159	S	935	80	1015	0.00008
Erythrobacter_sp._A30-3	2785907	S	845	687	1532	0.00011
Erythrobacter_sp._3-20A1M	2653850	S	833	1312	2145	0.00016
Erythrobacter_sp._LQ02-29	2920384	S	815	915	1730	0.00013
Erythrobacter_sp._SCSIO_43205	2779361	S	509	100	609	0.00005
Erythrobacter_litoralis	39960	S	3042	1364	4406	0.00033
Erythrobacter_mangrovi	2739433	S	1361	505	1866	0.00014
Erythrobacter_neustonensis	1112	S	1358	344	1702	0.00013
Erythrobacter_aureus	2182384	S	1039	204	1243	0.00009
Porphyrobacter_sp._CACIAM_03H1	2003315	S	2495	794	3289	0.00024
Porphyrobacter_sp._LM_6	1896196	S	1353	520	1873	0.00014
Porphyrobacter_sp._HT-58-2	2023229	S	1305	341	1646	0.00012
Porphyrobacter_sp._GA68	2883480	S	1242	586	1828	0.00014
Qipengyuania_flava	192812	S	3621	2108	5729	0.00042
Qipengyuania_sediminis	1532023	S	1946	309	2255	0.00017
Qipengyuania_soli	2782568	S	1429	284	1713	0.00013
Qipengyuania_aurantiaca	2867233	S	1255	443	1698	0.00013
Qipengyuania_gelatinilytica	2867231	S	1063	216	1279	0.00009
Qipengyuania_seohaensis	266951	S	912	206	1118	0.00008
Qipengyuania_xiapuensis	2867236	S	682	719	1401	0.00010
Qipengyuania_psychrotolerans	2867238	S	660	94	754	0.00006
Qipengyuania_aquimaris	255984	S	606	646	1252	0.00009
Altererythrobacter_sp._B11	2060312	S	2917	1441	4358	0.00032
Altererythrobacter_sp._TH136	2067415	S	1989	402	2391	0.00018
Altererythrobacter_sp._BO-6	2604537	S	1207	204	1411	0.00010
Altererythrobacter_sp._ZODW24	2185142	S	487	27	514	0.00004
Altererythrobacter_epoxidivorans	361183	S	1071	323	1394	0.00010
Altererythrobacter_ishigakiensis	476157	S	455	38	493	0.00004
Tsuneonella_dongtanensis	692370	S	2635	571	3206	0.00024
Tsuneonella_amylolytica	2338327	S	2563	790	3353	0.00025
Tsuneonella_mangrovi	1982042	S	1824	302	2126	0.00016
Tsuneonella_flava	2055955	S	845	263	1108	0.00008
Croceicoccus_sp._YJ47	2798724	S	1485	899	2384	0.00018
Croceicoccus_sp._Ery5	1703340	S	612	691	1303	0.00010
Croceicoccus_sp._Ery15	1703338	S	528	865	1393	0.00010
Croceicoccus_marinus	450378	S	2859	1589	4448	0.00033
Croceicoccus_naphthovorans	1348774	S	1314	1597	2911	0.00022
Croceibacterium_atlanticum	1267766	S	1503	672	2175	0.00016
Aurantiacibacter_gangjinensis	502682	S	1055	112	1167	0.00009
Aurantiacibacter_atlanticus	1648404	S	441	150	591	0.00004
Paraurantiacibacter_namhicola	645517	S	1494	213	1707	0.00013
Pelagerythrobacter_marensis	543877	S	1402	213	1615	0.00012
Sphingosinicella_sp._BN140058	1892855	S	6579	656	7235	0.00054
Sphingosinicella_microcystinivorans	335406	S	3706	502	4208	0.00031
Sphingosinicella_flava	2771430	S	2951	460	3411	0.00025
Polymorphobacter_sp._PAMC_29362	2835787	S	1526	1111	2637	0.00020
Polymorphobacter_sp._PAMC_29334	2862331	S	1443	1084	2527	0.00019
Sandaracinobacter_sp._M6	2759707	S	2306	175	2481	0.00018
Zymomonas_mobilis	542	S	192	187	379	0.00003
Azospirillum_brasilense	192	S	11454	9862	21316	0.00158
Azospirillum_sp._B510	137722	S	3342	1242	4584	0.00034
Azospirillum_sp._TSH100	652764	S	2728	1246	3974	0.00029
Azospirillum_sp._TSA2s	709810	S	2707	2025	4732	0.00035
Azospirillum_sp._TSH58	664962	S	2094	2727	4821	0.00036
Azospirillum_thermophilum	2202148	S	7808	1867	9675	0.00072
Azospirillum_thiophilum	528244	S	4230	1398	5628	0.00042
Azospirillum_ramasamyi	682998	S	2464	1418	3882	0.00029
Azospirillum_humicireducens	1226968	S	2122	1223	3345	0.00025
Azospirillum_lipoferum	193	S	1961	1429	3390	0.00025
Azospirillum_oryzae	286727	S	1912	1624	3536	0.00026
Azospirillum_baldaniorum	1064539	S	1245	2457	3702	0.00027
Skermanella_mucosa	1789672	S	9525	5415	14940	0.00111
Skermanella_sp._TT6	2775420	S	9039	8124	17163	0.00127
Skermanella_pratensis	2233999	S	7654	3548	11202	0.00083
Skermanella_rosea	1817965	S	7395	5421	12816	0.00095
Nitrospirillum_amazonense	28077	S	4659	574	5233	0.00039
Indioceanicola_profundi	2220096	S	3905	566	4471	0.00033
Niveispirillum_cyanobacteriorum	1612173	S	2051	238	2289	0.00017
Roseomonas_sp._S08	1750527	S	10044	683	10727	0.00079
Roseomonas_sp._OT10	2897332	S	9130	2430	11560	0.00086
Roseomonas_sp._FDAARGOS_362	2018065	S	643	3065	3708	0.00027
Roseomonas_gilardii	257708	S	6074	2719	8793	0.00065
Roseomonas_haemaphysalidis	2768162	S	5475	676	6151	0.00046
Roseomonas_marmotae	2768161	S	4833	586	5419	0.00040
Roseomonas_mucosa	207340	S	638	3580	4218	0.00031
Rhodovastum_atsumiense	504468	S	7372	805	8177	0.00061
Roseococcus_microcysteis	2771361	S	5177	508	5685	0.00042
Komagataeibacter_xylinus	28448	S	1346	2404	3750	0.00028
Komagataeibacter_saccharivorans	265959	S	603	219	822	0.00006
Komagataeibacter_nataicola	265960	S	415	195	610	0.00005
Komagataeibacter_europaeus	33995	S	396	202	598	0.00004
Komagataeibacter_oboediens	65958	S	393	198	591	0.00004
Komagataeibacter_medellinensis	1177712	S	334	273	607	0.00005
Komagataeibacter_rhaeticus	215221	S	20	354	374	0.00003
Acidiphilium_multivorum	62140	S	1195	4796	5991	0.00044
Acidiphilium_cryptum	524	S	260	1654	1914	0.00014
Sediminicoccus_rosea	1225128	S	3786	205	3991	0.00030
Acidibrevibacterium_fodinaquatile	1969806	S	3131	302	3433	0.00025
Lichenicola_cladoniae	1484109	S	3057	158	3215	0.00024
Acetobacter_aceti	435	S	1305	493	1798	0.00013
Acetobacter_persici	1076596	S	295	42	337	0.00002
Acetobacter_sp._KACC_21233	2592655	S	289	62	351	0.00003
Acetobacter_ghanensis	431306	S	174	44	218	0.00002
Acetobacter_pasteurianus	438	S	124	292	416	0.00003
Acetobacter_ascendens	481146	S	76	87	163	0.00001
Acetobacter_senegalensis	446692	S	75	89	164	0.00001
Acetobacter_orientalis	146474	S	72	10	82	0.00001
Acetobacter_tropicalis	104102	S	71	78	149	0.00001
Acetobacter_oryzoeni	2500548	S	30	57	87	0.00001
Acetobacter_oryzifermentans	1633874	S	10	100	110	0.00001
Gluconobacter_oxydans	442	S	785	760	1545	0.00011
Gluconobacter_albidus	318683	S	396	72	468	0.00003
Gluconobacter_sphaericus	574987	S	258	60	318	0.00002
Gluconobacter_frateurii	38308	S	154	40	194	0.00001
Gluconobacter_thailandicus	257438	S	69	49	118	0.00001
Gluconacetobacter_diazotrophicus	33996	S	1927	412	2339	0.00017
Granulibacter_bethesdensis	364410	S	1452	139	1591	0.00012
Asaia_bogorensis	91915	S	929	170	1099	0.00008
Neoasaia_chiangmaiensis	320497	S	827	171	998	0.00007
Kozakia_baliensis	153496	S	668	237	905	0.00007
Novacetimonas_hansenii	436	S	515	252	767	0.00006
Oecophyllibacter_saccharovorans	2558360	S	416	15	431	0.00003
Swingsia_sp._F3b2	2558361	S	234	7	241	0.00002
Swingsia_samuiensis	1293412	S	32	5	37	0.00000
Parasaccharibacter_sp._TMW_2.1888	2268025	S	26	121	147	0.00001
Parasaccharibacter_apium	1510841	S	23	103	126	0.00001
Neokomagataea_tanensis	661191	S	102	18	120	0.00001
Entomobacter_blattae	2762277	S	41	3	44	0.00000
Bombella_sp._KACC_21507	2697033	S	24	3	27	0.00000
Hypericibacter_adhaerens	2602016	S	10711	2132	12843	0.00095
Hypericibacter_terrae	2602015	S	8443	1333	9776	0.00072
Magnetospirillum_sp._XM-1	1663591	S	2353	823	3176	0.00024
Magnetospirillum_sp._ME-1	1639348	S	2084	791	2875	0.00021
Magnetospirillum_gryphiswaldense	55518	S	2897	263292	266189	0.01971
Magnetospirillum_magneticum	84159	S	2170	254	2424	0.00018
Rhodospirillum_centenum	34018	S	4695	721	5416	0.00040
Rhodospirillum_rubrum	1085	S	2390	196	2586	0.00019
Ferrovibrio_terrae	2594003	S	5241	366	5607	0.00042
Tistrella_mobilis	171437	S	5046	2529	7575	0.00056
Defluviicoccus_vanus	111831	S	2918	288	3206	0.00024
Pararhodospirillum_photometricum	1084	S	1685	142	1827	0.00014
Haematospirillum_jordaniae	1549855	S	271	26	297	0.00002
Candidatus_Endolissoclinum_faulkneri	1263979	S	111	1	112	0.00001
Stella_humosa	94	S	12587	963	13550	0.00100
Elioraea_tepida	2843330	S	5365	300	5665	0.00042
Thalassospira_sp._A40-3	2785908	S	301	115	416	0.00003
Thalassospira_sp._B30-1	2785911	S	175	256	431	0.00003
Thalassospira_marina	2048283	S	459	32	491	0.00004
Thalassospira_indica	1891279	S	355	225	580	0.00004
Thalassospira_xiamenensis	220697	S	192	264	456	0.00003
Magnetospira_sp._QH-2	1288970	S	1136	42	1178	0.00009
Terasakiella_sp._SH-1	2560057	S	138	3	141	0.00001
Paracoccus_sp._MC1862	2760307	S	1693	195	1888	0.00014
Paracoccus_sp._MA	2895796	S	1402	758	2160	0.00016
Paracoccus_sp._AK26	2589076	S	1186	225	1411	0.00010
Paracoccus_sp._H4-D09	2812658	S	966	210	1176	0.00009
Paracoccus_sp._S8-55	2903900	S	871	132	1003	0.00007
Paracoccus_sp._Arc7-R13	2500532	S	520	520	1040	0.00008
Paracoccus_sanguinis	1545044	S	2613	723	3336	0.00025
Paracoccus_yeei	147645	S	1939	3030	4969	0.00037
Paracoccus_liaowanqingii	2560053	S	1802	217	2019	0.00015
Paracoccus_denitrificans	266	S	1762	1648	3410	0.00025
Paracoccus_zhejiangensis	1077935	S	1673	421	2094	0.00016
Paracoccus_aminovorans	34004	S	1549	467	2016	0.00015
Paracoccus_pantotrophus	82367	S	1510	876	2386	0.00018
Paracoccus_suum	2259340	S	1466	282	1748	0.00013
Paracoccus_contaminans	1945662	S	1322	310	1632	0.00012
Paracoccus_aminophilus	34003	S	1230	127	1357	0.00010
Paracoccus_jeotgali	2065379	S	1215	242	1457	0.00011
Paracoccus_tegillarcae	1529068	S	712	44	756	0.00006
Paracoccus_kondratievae	135740	S	687	138	825	0.00006
Paracoccus_marcusii	59779	S	586	516	1102	0.00008
Paracoccus_mutanolyticus	1499308	S	207	666	873	0.00006
Rhodobacter_sp._CZR27	2033869	S	2270	737	3007	0.00022
Rhodobacter_sp._N10	2807096	S	1934	240	2174	0.00016
Rhodobacter_sp._LPB0142	1850250	S	1831	1392	3223	0.00024
Rhodobacter_capsulatus	1061	S	2290	499	2789	0.00021
Cereibacter_sphaeroides	1063	S	5467	3056	8523	0.00063
Cereibacter_azotoformans	43057	S	555	1943	2498	0.00019
Rhodovulum_sp._P5	1564506	S	1107	125	1232	0.00009
Rhodovulum_sp._MB263	308754	S	1094	457	1551	0.00011
Rhodovulum_sulfidophilum	35806	S	1808	1090	2898	0.00021
Polymorphum_gilvum	991904	S	4378	1189	5567	0.00041
Paroceanicella_profunda	2579971	S	3869	1047	4916	0.00036
Pikeienuella_piscinae	2748098	S	2975	309	3284	0.00024
Thioclava_electrotropha	1549850	S	1169	301	1470	0.00011
Thioclava_nitratireducens	1915078	S	1036	364	1400	0.00010
Pontivivens_ytuae	2789856	S	2452	201	2653	0.00020
Silicimonas_algicola	1826607	S	2416	153	2569	0.00019
Pelagovum_pacificum	2588711	S	2026	269	2295	0.00017
Frigidibacter_mobilis	1335048	S	1857	833	2690	0.00020
Pukyongiella_litopenaei	2605946	S	1629	395	2024	0.00015
Brevirhabdus_pacifica	1267768	S	1476	694	2170	0.00016
Fuscovulum_blasticum	1075	S	1353	180	1533	0.00011
Gymnodinialimonas_ceratoperidinii	2856823	S	1205	120	1325	0.00010
Haematobacter_massiliensis	195105	S	1199	512	1711	0.00013
Tabrizicola_piscis	2494374	S	1172	112	1284	0.00010
Falsirhodobacter_sp._PG104	2692330	S	1153	176	1329	0.00010
Gemmobacter_aquarius	2169400	S	1125	255	1380	0.00010
Pacificitalea_manganoxidans	1411902	S	1074	238	1312	0.00010
Pseudopuniceibacterium_antarcticum	2613965	S	1069	87	1156	0.00009
Pseudooceanicola_algae	1537215	S	931	96	1027	0.00008
Roseicitreum_antarcticum	564137	S	839	46	885	0.00007
Monaibacterium_sp._h42	2758038	S	832	194	1026	0.00008
Tritonibacter_mobilis	379347	S	693	309	1002	0.00007
Yoonia_vestfoldensis	245188	S	642	144	786	0.00006
Qingshengfaniella_alkalisoli	2599296	S	618	35	653	0.00005
Rhodophyticola_sp._CCM32	2916397	S	566	17	583	0.00004
Pseudohalocynthiibacter_aestuariivivens	1591409	S	560	111	671	0.00005
Rhodobaca_barguzinensis	441209	S	544	26	570	0.00004
Profundibacter_amoris	2171755	S	444	16	460	0.00003
Pseudorhodobacter_turbinis	2500533	S	411	27	438	0.00003
Parasedimentitalea_marina	2483033	S	377	18	395	0.00003
Aestuarium_zhoushanense	2820523	S	353	143	496	0.00004
Cognatishimia_activa	1715691	S	325	15	340	0.00003
Planktomarina_temperata	1284658	S	198	5	203	0.00002
Roseovarius_sp._SCSIO_43702	2823043	S	1821	148	1969	0.00015
Roseovarius_sp._THAF9	2587847	S	961	235	1196	0.00009
Roseovarius_sp._THAF8	2587846	S	415	680	1095	0.00008
Roseovarius_sp._THAF27	2587850	S	329	575	904	0.00007
Roseovarius_sp._TM1035	391613	S	184	403	587	0.00004
Roseovarius_indicus	540747	S	2240	689	2929	0.00022
Roseovarius_faecimaris	2494550	S	975	42	1017	0.00008
Roseovarius_mucosus	215743	S	161	353	514	0.00004
Sulfitobacter_sp._JK7-1	2829501	S	915	51	966	0.00007
Sulfitobacter_sp._THAF37	2587855	S	872	359	1231	0.00009
Sulfitobacter_sp._JL08	2070369	S	476	11	487	0.00004
Sulfitobacter_sp._D7	1968541	S	446	166	612	0.00005
Sulfitobacter_sp._SK011	1389004	S	388	10	398	0.00003
Sulfitobacter_sp._DSM_110093	2883127	S	369	110	479	0.00004
Sulfitobacter_sp._SK012	1389005	S	321	6	327	0.00002
Sulfitobacter_sp._BSw21498	664426	S	314	47	361	0.00003
Sulfitobacter_sp._SK025	1389011	S	110	230	340	0.00003
Sulfitobacter_sp._CB2047	1525218	S	83	235	318	0.00002
Sulfitobacter_sp._B30-2	2785912	S	58	129	187	0.00001
Sulfitobacter_alexandrii	1917485	S	1283	631	1914	0.00014
Sulfitobacter_mediterraneus	83219	S	791	78	869	0.00006
Sulfitobacter_indolifex	225422	S	429	95	524	0.00004
Sulfitobacter_dubius	218673	S	363	161	524	0.00004
Sulfitobacter_pontiacus	60137	S	178	404	582	0.00004
Salipiger_profundus	1229727	S	2470	1085	3555	0.00026
Salipiger_abyssi	1250539	S	1906	759	2665	0.00020
Salipiger_sp._CCB-MM3	1792508	S	1663	241	1904	0.00014
Roseivivax_sp._THAF30	2587852	S	1398	285	1683	0.00012
Roseivivax_sp._THAF197b	2588299	S	44	623	667	0.00005
Roseivivax_sp._THAF40	2587858	S	37	678	715	0.00005
Roseivivax_marinus	1379903	S	2387	384	2771	0.00021
Celeribacter_indicus	1208324	S	2005	958	2963	0.00022
Celeribacter_ethanolicus	1758178	S	886	294	1180	0.00009
Celeribacter_baekdonensis	875171	S	404	104	508	0.00004
Celeribacter_marinus	1397108	S	293	10	303	0.00002
Phaeobacter_gallaeciensis	60890	S	1066	304	1370	0.00010
Phaeobacter_inhibens	221822	S	744	2879	3623	0.00027
Phaeobacter_piscinae	1580596	S	369	137	506	0.00004
Phaeobacter_porticola	1844006	S	239	31	270	0.00002
Phaeobacter_sp._LSS9	681157	S	76	24	100	0.00001
Leisingera_aquaemixtae	1396826	S	1108	213	1321	0.00010
Leisingera_sp._NJS204	2508307	S	214	369	583	0.00004
Leisingera_sp._NJS201	2508306	S	205	335	540	0.00004
Leisingera_methylohalidivorans	133924	S	717	172	889	0.00007
Ruegeria_sp._TM1040	292414	S	495	83	578	0.00004
Ruegeria_sp._THAF33	2587853	S	380	94	474	0.00004
Ruegeria_sp._SCSIO_43209	2793010	S	349	63	412	0.00003
Ruegeria_sp._AD91A	2293862	S	300	33	333	0.00002
Ruegeria_pomeroyi	89184	S	1241	228	1469	0.00011
Sulfitobacter_pseudonitzschiae	1402135	S	1577	525	2102	0.00016
Pseudosulfitobacter_sp._DSM_107133	2883100	S	593	225	818	0.00006
Yangia_pacifica	311180	S	2145	370	2515	0.00019
Sagittula_sp._P11	2009329	S	2143	864	3007	0.00022
Ponticoccus_alexandrii	1943633	S	1594	242	1836	0.00014
Mameliella_alba	561184	S	1579	288	1867	0.00014
Roseobacter_ponti	1891787	S	614	16	630	0.00005
Roseobacter_denitrificans	2434	S	472	55	527	0.00004
Roseobacter_litoralis	42443	S	350	44	394	0.00003
Dinoroseobacter_shibae	215813	S	1428	500	1928	0.00014
Ketogulonicigenium_vulgare	92945	S	666	104	770	0.00006
Ketogulonicigenium_robustum	92947	S	650	79	729	0.00005
Octadecabacter_sp._SW4	2602067	S	486	68	554	0.00004
Octadecabacter_arcticus	53946	S	314	37	351	0.00003
Octadecabacter_antarcticus	1217908	S	262	25	287	0.00002
Octadecabacter_temperatus	1458307	S	190	4	194	0.00001
Actibacterium_sp._EMB200-NS6	1609966	S	1253	589	1842	0.00014
Oceanicola_sp._D3	2587163	S	1174	62	1236	0.00009
Roseibacterium_elongatum	159346	S	1160	101	1261	0.00009
Maribius_sp._THAF1	2587842	S	859	46	905	0.00007
Tateyamaria_omphalii	299262	S	856	29	885	0.00007
Thalassococcus_sp._S3	2017482	S	839	22	861	0.00006
Antarctobacter_heliothermus	74033	S	832	43	875	0.00006
Jannaschia_sp._CCS1	290400	S	765	21	786	0.00006
Thalassobius_gelatinovorus	53501	S	521	28	549	0.00004
Falsihalocynthiibacter_arcticus	1579316	S	232	7	239	0.00002
Caulobacter_sp._S6	2823693	S	5337	625	5962	0.00044
Caulobacter_sp._FWC26	69665	S	1981	869	2850	0.00021
Caulobacter_segnis	88688	S	6213	3586	9799	0.00073
Caulobacter_mirabilis	69666	S	5184	1025	6209	0.00046
Caulobacter_vibrioides	155892	S	4228	1733	5961	0.00044
Caulobacter_flavus	1679497	S	3908	1115	5023	0.00037
Caulobacter_soli	2708539	S	3446	1094	4540	0.00034
Caulobacter_rhizosphaerae	2010972	S	3267	950	4217	0.00031
Caulobacter_henricii	69395	S	1754	305	2059	0.00015
Brevundimonas_sp._M20	2591463	S	1686	272	1958	0.00015
Brevundimonas_sp._PAMC22021	2861285	S	1665	376	2041	0.00015
Brevundimonas_sp._LM2	1938605	S	1643	291	1934	0.00014
Brevundimonas_sp._MF30-B	2561924	S	1570	257	1827	0.00014
Brevundimonas_sp._AJA228-03	2752515	S	1207	164	1371	0.00010
Brevundimonas_sp._CS1	2813778	S	485	483	968	0.00007
Brevundimonas_sp._SGAir0440	2579977	S	405	393	798	0.00006
Brevundimonas_sp._GW460-12-10-14-LB2	1827469	S	392	686	1078	0.00008
Brevundimonas_sp._DS20	1532555	S	377	918	1295	0.00010
Brevundimonas_sp._Bb-A	2560058	S	323	645	968	0.00007
Brevundimonas_sp._'scallop'	2562582	S	299	528	827	0.00006
Brevundimonas_naejangsanensis	588932	S	2929	1031	3960	0.00029
Brevundimonas_goettingensis	2774190	S	1932	314	2246	0.00017
Brevundimonas_albigilva	1312364	S	1858	1061	2919	0.00022
Brevundimonas_subvibrioides	74313	S	1567	290	1857	0.00014
Brevundimonas_pondensis	2774189	S	1284	404	1688	0.00013
Brevundimonas_diminuta	293	S	1242	2369	3611	0.00027
Brevundimonas_vitisensis	2800818	S	1224	156	1380	0.00010
Brevundimonas_nasdae	172043	S	1101	778	1879	0.00014
Brevundimonas_mediterranea	74329	S	1091	430	1521	0.00011
Brevundimonas_vesicularis	41276	S	369	830	1199	0.00009
Brevundimonas_vancanneytii	1325724	S	342	1329	1671	0.00012
Terricaulis_silvestris	2686094	S	23785	903	24688	0.00183
Phenylobacterium_zucineum	284016	S	9745	2172	11917	0.00088
Phenylobacterium_parvum	2201350	S	2922	356	3278	0.00024
Asticcacaulis_excentricus	78587	S	1586	268	1854	0.00014
Asticcacaulis_sp._AND118	2840468	S	1319	215	1534	0.00011
Candidatus_Viadribacter_manganicus	1759059	S	12141	372	12513	0.00093
Hyphomonas_sp._CACIAM_19H1	1873716	S	1268	220	1488	0.00011
Hyphomonas_sp._Mor2	1906738	S	861	20	881	0.00007
Hyphomonas_sp._KY3	2016196	S	771	95	866	0.00006
Hyphomonas_neptunium	81032	S	1153	153	1306	0.00010
Hirschia_baltica	2724	S	88	2	90	0.00001
Marinicauda_algicola	2029849	S	3082	575	3657	0.00027
Maricaulis_maris	74318	S	1182	85	1267	0.00009
Glycocaulis_alkaliphilus	1434191	S	1180	69	1249	0.00009
Hyphobacterium_sp._CCMP332	2749086	S	891	41	932	0.00007
Aquisalinus_flavus	1526572	S	1374	71	1445	0.00011
Parvularcula_bermudensis	208216	S	536	69	605	0.00004
Anaplasma_ovis	142058	S	52	10	62	0.00000
Anaplasma_platys	949	S	43	8	51	0.00000
Anaplasma_marginale	770	S	22	24	46	0.00000
Anaplasma_phagocytophilum	948	S	22	3	25	0.00000
Anaplasma_centrale	769	S	17	18	35	0.00000
Ehrlichia_ruminantium	779	S	33	17	50	0.00000
Neorickettsia_helminthoeca	33994	S	14	18	32	0.00000
Candidatus_Neoehrlichia_mikurensis	89586	S	16	6	22	0.00000
Rickettsia_tillamookensis	2761623	S	31	68	99	0.00001
Rickettsia_endosymbiont_of_Oedothorax_gibbosus	931099	S	28	8	36	0.00000
Rickettsia_endosymbiont_of_Bemisia_tabaci	337479	S	10	20	30	0.00000
Orientia_tsutsugamushi	784	S	20	1	21	0.00000
Candidatus_Sneabacter_namystus	2601646	S	18	3	21	0.00000
Candidatus_Phycorickettsia_trachydisci	2115978	S	38	5	43	0.00000
Candidatus_Midichloria_mitochondrii	234827	S	31	5	36	0.00000
Candidatus_Fokinia_solitaria	1802984	S	25	1	26	0.00000
Rickettsiales_endosymbiont_of_Stachyamoeba_lipophora	2486578	S	35	6	41	0.00000
Candidatus_Deianiraea_vastatrix	2163644	S	24	0	24	0.00000
Micavibrio_aeruginosavorus	349221	S	759	10	769	0.00006
Candidatus_Puniceispirillum_marinum	767892	S	146	4	150	0.00001
Paremcibacter_congregatus	2043170	S	406	14	420	0.00003
Luteithermobacter_gelatinilyticus	2582913	S	399	79	478	0.00004
Candidatus_Hydrogenosomobacter_endosymbioticus	2558174	S	37	0	37	0.00000
endosymbiont_of_Acanthamoeba_sp._UWC8	86106	S	36	0	36	0.00000
Candidatus_Cytomitobacter_indipagum	2601575	S	16	4	20	0.00000
Candidatus_Cytomitobacter_primus	2066024	S	11	2	13	0.00000
Candidatus_Gromoviella_agglomerans	2806609	S	19	0	19	0.00000
Candidatus_Nesciobacter_abundans	2601668	S	14	2	16	0.00000
Candidatus_Nucleicultrix_amoebiphila	1509244	S	74	3	77	0.00001
Candidatus_Paracaedibacter_acanthamoebae	91604	S	65	2	67	0.00000
Magnetococcus_marinus	1124597	S	222	6	228	0.00002
Candidatus_Pelagibacter_sp._RS40	1977865	S	19	13	32	0.00000
Candidatus_Fonsibacter_ubiquis	1925548	S	30	4	34	0.00000
Kordiimonas_pumila	2161677	S	105	2	107	0.00001
Burkholderia_multivorans	87883	S	6304	2873	9177	0.00068
Burkholderia_ubonensis	101571	S	6302	3949	10251	0.00076
Burkholderia_cenocepacia	95486	S	4675	12635	17310	0.00128
Burkholderia_cepacia	292	S	4163	7714	11877	0.00088
Burkholderia_pyrrocinia	60550	S	2672	1374	4046	0.00030
Burkholderia_ambifaria	152480	S	2209	1682	3891	0.00029
Burkholderia_stagnalis	1503054	S	2061	752	2813	0.00021
Burkholderia_contaminans	488447	S	2037	1292	3329	0.00025
Burkholderia_anthina	179879	S	1940	1750	3690	0.00027
Burkholderia_dolosa	152500	S	1783	8074	9857	0.00073
Burkholderia_stabilis	95485	S	1725	1252	2977	0.00022
Burkholderia_lata	482957	S	1691	1501	3192	0.00024
Burkholderia_territorii	1503055	S	1375	644	2019	0.00015
Burkholderia_seminalis	488731	S	1174	533	1707	0.00013
Burkholderia_vietnamiensis	60552	S	1159	52211	53370	0.00395
Burkholderia_metallica	488729	S	889	420	1309	0.00010
Burkholderia_diffusa	488732	S	707	334	1041	0.00008
Burkholderia_pseudomultivorans	1207504	S	533	567	1100	0.00008
Burkholderia_latens	488446	S	289	585	874	0.00006
Burkholderia_aenigmatica	2015348	S	274	599	873	0.00006
Burkholderia_pseudomallei	28450	S	2737	9295	12032	0.00089
Burkholderia_mayonis	1385591	S	2003	492	2495	0.00018
Burkholderia_thailandensis	57975	S	1962	2031	3993	0.00030
Burkholderia_oklahomensis	342113	S	1350	1288	2638	0.00020
Burkholderia_savannae	1637837	S	337	420	757	0.00006
Burkholderia_sp._MSMB1588	1636423	S	169	325	494	0.00004
Burkholderia_sp._MSMB617WGS	1637831	S	83	210	293	0.00002
Burkholderia_mallei	13373	S	81	10403	10484	0.00078
Burkholderia_sp._DHOD12	2571746	S	3546	446	3992	0.00030
Burkholderia_sp._Bp7605	1740163	S	1943	308	2251	0.00017
Burkholderia_sp._LA-2-3-30-S1-D2	1637862	S	705	378	1083	0.00008
Burkholderia_sp._NRF60-BP8	1637853	S	663	329	992	0.00007
Burkholderia_sp._MSMB0856	1637869	S	632	365	997	0.00007
Burkholderia_sp._JP2-270	2217913	S	618	354	972	0.00007
Burkholderia_sp._PAMC_26561	1795043	S	539	618	1157	0.00009
Burkholderia_sp._MS455	2811788	S	459	293	752	0.00006
Burkholderia_sp._PAMC_28687	1795874	S	388	682	1070	0.00008
Burkholderia_sp._IDO3	1705310	S	309	407	716	0.00005
Burkholderia_sp._KBS0801	1179675	S	143	248	391	0.00003
Burkholderia_sp._LAS2	2813843	S	96	396	492	0.00004
Burkholderia_sp._MBR-1	2732364	S	51	195	246	0.00002
Burkholderia_sp._KJ006	416344	S	50	291	341	0.00003
Burkholderia_sp._MS389	2811789	S	34	224	258	0.00002
Burkholderia_sp._B21-007	2890407	S	12	436	448	0.00003
Burkholderia_gladioli	28095	S	7212	2672	9884	0.00073
Burkholderia_glumae	337	S	2764	1015	3779	0.00028
Burkholderia_plantarii	41899	S	2057	755	2812	0.00021
Burkholderia_perseverans	2615214	S	1691	661	2352	0.00017
Cupriavidus_taiwanensis	164546	S	12741	11306	24047	0.00178
Cupriavidus_pauculus	82633	S	10547	5120	15667	0.00116
Cupriavidus_oxalaticus	96344	S	8391	4125	12516	0.00093
Cupriavidus_necator	106590	S	5425	4830	10255	0.00076
Cupriavidus_basilensis	68895	S	5115	3121	8236	0.00061
Cupriavidus_sp._EM10	2839983	S	2257	1475	3732	0.00028
Cupriavidus_sp._MP-37	2884455	S	1190	1339	2529	0.00019
Cupriavidus_sp._KK10	1478019	S	441	1435	1876	0.00014
Cupriavidus_sp._ISTL7	2771360	S	333	2340	2673	0.00020
Cupriavidus_sp._USMAA2-4	876364	S	285	2156	2441	0.00018
Cupriavidus_sp._USMAHM13	1389192	S	196	1487	1683	0.00012
Cupriavidus_campinensis	151783	S	4374	1777	6151	0.00046
Cupriavidus_metallidurans	119219	S	3274	2343	5617	0.00042
Cupriavidus_pinatubonensis	248026	S	2939	572	3511	0.00026
Cupriavidus_gilardii	82541	S	1120	6107	7227	0.00054
Cupriavidus_neocaledonicus	1040979	S	1084	1453	2537	0.00019
Cupriavidus_nantongensis	1796606	S	926	2736	3662	0.00027
Cupriavidus_malaysiensis	367825	S	224	1616	1840	0.00014
Paraburkholderia_sp._SOS3	1926494	S	2716	442	3158	0.00023
Paraburkholderia_sp._PGU16	2735433	S	1467	870	2337	0.00017
Paraburkholderia_sp._PGU19	2735434	S	1105	1007	2112	0.00016
Paraburkholderia_pallida	2547399	S	3653	744	4397	0.00033
Paraburkholderia_aromaticivorans	2026199	S	3355	1589	4944	0.00037
Paraburkholderia_caribensis	75105	S	3213	2583	5796	0.00043
Paraburkholderia_acidisoli	2571748	S	3145	640	3785	0.00028
Paraburkholderia_tropica	92647	S	2804	706	3510	0.00026
Paraburkholderia_edwinii	2861782	S	2734	415	3149	0.00023
Paraburkholderia_acidiphila	2571747	S	2604	574	3178	0.00024
Paraburkholderia_phytofirmans	261302	S	2527	1172	3699	0.00027
Paraburkholderia_atlantica	2654982	S	2340	629	2969	0.00022
Paraburkholderia_terricola	169427	S	2282	751	3033	0.00022
Paraburkholderia_phymatum	148447	S	2218	611	2829	0.00021
Paraburkholderia_sprentiae	948107	S	2067	499	2566	0.00019
Paraburkholderia_fungorum	134537	S	1957	499	2456	0.00018
Paraburkholderia_megapolitana	420953	S	1930	210	2140	0.00016
Paraburkholderia_graminis	60548	S	1921	516	2437	0.00018
Paraburkholderia_phenoliruptrix	252970	S	1915	596	2511	0.00019
Paraburkholderia_caledonica	134536	S	1772	352	2124	0.00016
Paraburkholderia_terrae	311230	S	1767	2121	3888	0.00029
Paraburkholderia_ginsengisoli	311231	S	1712	572	2284	0.00017
Paraburkholderia_dokdonella	2211211	S	1560	466	2026	0.00015
Paraburkholderia_hospita	169430	S	1496	1793	3289	0.00024
Paraburkholderia_caffeinilytica	1761016	S	1481	419	1900	0.00014
Paraburkholderia_xenovorans	36873	S	1416	1980	3396	0.00025
Paraburkholderia_dioscoreae	2604047	S	1018	719	1737	0.00013
Ralstonia_solanacearum	305	S	6679	40028	46707	0.00346
Ralstonia_insidiosa	190721	S	1951	1634	3585	0.00027
Ralstonia_pickettii	329	S	1453	636	2089	0.00015
Ralstonia_mannitolilytica	105219	S	1352	1642	2994	0.00022
Ralstonia_sp._56D2	2842456	S	1264	214	1478	0.00011
Ralstonia_syzygii	28097	S	109	366	475	0.00004
Ralstonia_pseudosolanacearum	1310165	S	29	593	622	0.00005
Pandoraea_pnomenusa	93220	S	2821	1518	4339	0.00032
Pandoraea_thiooxydans	445709	S	2328	222	2550	0.00019
Pandoraea_pulmonicola	93221	S	2137	538	2675	0.00020
Pandoraea_vervacti	656178	S	1599	534	2133	0.00016
Pandoraea_sp._XY-2	2518599	S	1594	954	2548	0.00019
Pandoraea_norimbergensis	93219	S	1531	279	1810	0.00013
Pandoraea_faecigallinarum	656179	S	1499	462	1961	0.00015
Pandoraea_apista	93218	S	1271	801	2072	0.00015
Pandoraea_fibrosis	1891094	S	1165	441	1606	0.00012
Pandoraea_oxalativorans	573737	S	1125	605	1730	0.00013
Pandoraea_sputorum	93222	S	1062	534	1596	0.00012
Caballeronia_sp._Lep1P3	2878150	S	2259	616	2875	0.00021
Caballeronia_sp._TF1N1	2878153	S	1975	268	2243	0.00017
Caballeronia_sp._SL2Y3	2878151	S	1116	687	1803	0.00013
Caballeronia_sp._Sq4a	2878152	S	964	749	1713	0.00013
Caballeronia_sp._M1242	2814653	S	953	721	1674	0.00012
Caballeronia_sp._SBC2	2705547	S	129	1110	1239	0.00009
Caballeronia_sp._SBC1	2705548	S	103	1239	1342	0.00010
Caballeronia_zhejiangensis	871203	S	2748	752	3500	0.00026
Caballeronia_insecticola	758793	S	2405	592	2997	0.00022
Caballeronia_grimmiae	1071679	S	2103	1242	3345	0.00025
Polynucleobacter_sp._MWH-Braz-FAM2G	1855883	S	62	7	69	0.00001
Polynucleobacter_sp._MWH-UH24A	2689110	S	58	3	61	0.00000
Polynucleobacter_sp._AP-Nino-20-G2	2576917	S	58	12	70	0.00001
Polynucleobacter_sp._MWH-P3-07-1	1743173	S	54	7	61	0.00000
Polynucleobacter_sp._MWH-CaK5	2689107	S	53	3	56	0.00000
Polynucleobacter_sp._JS-JIR-II-50	2576919	S	45	17	62	0.00000
Polynucleobacter_sp._AP-Kolm-20A-A1	2081041	S	44	23	67	0.00000
Polynucleobacter_sp._MWH-Aus1W21	1855880	S	41	8	49	0.00000
Polynucleobacter_sp._TSB-Sco08W16	1758374	S	39	5	44	0.00000
Polynucleobacter_sp._MWH-UH21B	1743174	S	39	6	45	0.00000
Polynucleobacter_sp._AP-Ainpum-60-G11	2576926	S	38	8	46	0.00000
Polynucleobacter_sp._MWH-UH25E	1855616	S	37	6	43	0.00000
Polynucleobacter_sp._MWH-UH35A	1855619	S	35	5	40	0.00000
Polynucleobacter_sp._es-MAR-2	1819725	S	35	6	41	0.00000
Polynucleobacter_sp._VK25	1758398	S	34	7	41	0.00000
Polynucleobacter_sp._LimPoW16	1743162	S	34	1	35	0.00000
Polynucleobacter_sp._MWH-UH2A	1855617	S	33	5	38	0.00000
Polynucleobacter_sp._es-EL-1	1855652	S	31	4	35	0.00000
Polynucleobacter_sp._MWH-Spelu-300-X4	2689109	S	31	1	32	0.00000
Polynucleobacter_sp._MWH-Svant-W18	1855909	S	30	5	35	0.00000
Polynucleobacter_sp._AP-Titi-500A-B4	2576923	S	29	5	34	0.00000
Polynucleobacter_sp._JS-JIR-II-b4	1758390	S	29	13	42	0.00000
Polynucleobacter_sp._AP-Elch-400A-B2	2576930	S	27	10	37	0.00000
Polynucleobacter_sp._JS-Mosq-20-D10	2576922	S	27	8	35	0.00000
Polynucleobacter_sp._Adler-ghost	2770234	S	26	9	35	0.00000
Polynucleobacter_sp._MG-6-Vaara-E2	2576932	S	22	3	25	0.00000
Polynucleobacter_sp._AP-Sving-400A-A2	2081049	S	21	9	30	0.00000
Polynucleobacter_sp._AP-Jannik-300A-C4	2576928	S	19	15	34	0.00000
Polynucleobacter_sp._MG-Unter2-18	2081052	S	16	10	26	0.00000
Polynucleobacter_sp._AP-Melu-1000-A1	2081042	S	16	5	21	0.00000
Polynucleobacter_sp._MWH-S4W17	1855910	S	14	5	19	0.00000
Polynucleobacter_sp._AM-7D1	2689102	S	13	11	24	0.00000
Polynucleobacter_sp._MG-5-Ahmo-C2	2081051	S	10	60	70	0.00001
Polynucleobacter_sp._UB-Siik-W21	1855646	S	10	21	31	0.00000
Polynucleobacter_necessarius	576610	S	243	40	283	0.00002
Polynucleobacter_difficilis	556054	S	131	11	142	0.00001
Polynucleobacter_asymbioticus	576611	S	127	17	144	0.00001
Polynucleobacter_acidiphobus	556053	S	79	5	84	0.00001
Polynucleobacter_paneuropaeus	2527775	S	69	7	76	0.00001
Polynucleobacter_wuianus	1743168	S	41	11	52	0.00000
Polynucleobacter_duraquae	1835254	S	24	14	38	0.00000
Lautropia_mirabilis	47671	S	2132	460	2592	0.00019
Chitinimonas_arctica	2594795	S	1439	137	1576	0.00012
Mycetohabitans_rhizoxinica	412963	S	1255	102	1357	0.00010
Mycoavidus_sp._HKI	2840467	S	155	14	169	0.00001
Mycoavidus_sp._B2-EB	2651972	S	62	11	73	0.00001
Mycoavidus_cysteinexigens	1553431	S	166	19	185	0.00001
Limnobacter_sp._SAORIC-580	2732163	S	234	13	247	0.00002
Candidatus_Vallotia_cooleyia	1177211	S	55	8	63	0.00000
Candidatus_Vallotia_sp._(ex_Adelges_kitamiensis)	2864217	S	54	23	77	0.00001
Candidatus_Vallotia_lariciata	2018052	S	47	21	68	0.00001
Candidatus_Vallotia_tarda	1177213	S	36	7	43	0.00000
Ephemeroptericola_cinctiostellae	2268024	S	133	10	143	0.00001
Variovorax_sp._HW608	1034889	S	9827	1937	11764	0.00087
Variovorax_sp._RA8	662548	S	5644	4988	10632	0.00079
Variovorax_sp._WDL1	207745	S	5309	9337	14646	0.00108
Variovorax_sp._PBL-H6	434009	S	5190	5368	10558	0.00078
Variovorax_sp._PBS-H4	434008	S	5145	3769	8914	0.00066
Variovorax_sp._PAMC_28711	1795631	S	3901	773	4674	0.00035
Variovorax_sp._RKNM96	2681552	S	3730	1561	5291	0.00039
Variovorax_sp._PAMC28562	2762323	S	3094	312	3406	0.00025
Variovorax_sp._PAMC26660	2762322	S	3059	853	3912	0.00029
Variovorax_sp._SRS16	282217	S	2642	5975	8617	0.00064
Variovorax_sp._PBL-E5	434014	S	1955	5128	7083	0.00052
Variovorax_sp._38R	2774875	S	1943	2703	4646	0.00034
Variovorax_sp._PDNC026	2811425	S	97	3564	3661	0.00027
Variovorax_sp._PMC12	2126319	S	39	1841	1880	0.00014
Variovorax_paradoxus	34073	S	18984	19185	38169	0.00283
Variovorax_boronicumulans	436515	S	2659	2128	4787	0.00035
Hydrogenophaga_sp._BA0156	2716225	S	4727	3973	8700	0.00064
Hydrogenophaga_sp._YM1	2806262	S	4077	2451	6528	0.00048
Hydrogenophaga_sp._BPS33	2651974	S	3967	3739	7706	0.00057
Hydrogenophaga_sp._PBC	795665	S	3952	5465	9417	0.00070
Hydrogenophaga_sp._SL48	2806347	S	3293	932	4225	0.00031
Hydrogenophaga_sp._RAC07	1842537	S	2626	1030	3656	0.00027
Hydrogenophaga_sp._PBL-H3	434010	S	2478	2670	5148	0.00038
Hydrogenophaga_sp._NH-16	2184519	S	1457	3393	4850	0.00036
Hydrogenophaga_sp._PAMC20947	2565558	S	1227	98	1325	0.00010
Hydrogenophaga_taeniospiralis	65656	S	2625	931	3556	0.00026
Hydrogenophaga_pseudoflava	47421	S	1529	2704	4233	0.00031
Hydrogenophaga_crassostreae	1763535	S	1140	85	1225	0.00009
Acidovorax_sp._YS12	2738413	S	2392	2460	4852	0.00036
Acidovorax_sp._JMULE5	2518343	S	1586	517	2103	0.00016
Acidovorax_sp._RAC01	1842533	S	1577	1543	3120	0.00023
Acidovorax_sp._HDW3	2714923	S	1487	1276	2763	0.00020
Acidovorax_sp._KKS102	358220	S	1418	1209	2627	0.00019
Acidovorax_sp._1608163	2478662	S	1169	293	1462	0.00011
Acidovorax_sp._T1	1858609	S	908	3947	4855	0.00036
Acidovorax_avenae	80867	S	5163	3657	8820	0.00065
Acidovorax_antarcticus	2743470	S	2945	2687	5632	0.00042
Acidovorax_monticola	1926868	S	2877	1357	4234	0.00031
Acidovorax_carolinensis	553814	S	1914	1833	3747	0.00028
Acidovorax_citrulli	80869	S	1446	2146	3592	0.00027
Acidovorax_cattleyae	80868	S	1345	1027	2372	0.00018
Acidovorax_radicis	758826	S	1201	288	1489	0.00011
Ramlibacter_tataouinensis	94132	S	20988	9623	30611	0.00227
Comamonas_sp._NLF-7-7	2597701	S	2055	1861	3916	0.00029
Comamonas_sp._NLF-1-9	2853163	S	1658	1136	2794	0.00021
Comamonas_sp._B21-038	2918299	S	1015	289	1304	0.00010
Comamonas_sp._Y33R10-2	2853257	S	326	73	399	0.00003
Comamonas_serinivorans	1082851	S	2396	808	3204	0.00024
Comamonas_aquatica	225991	S	2384	2812	5196	0.00038
Comamonas_testosteroni	285	S	1556	2556	4112	0.00030
Comamonas_koreensis	160825	S	986	722	1708	0.00013
Comamonas_odontotermitis	379895	S	920	218	1138	0.00008
Comamonas_thiooxydans	363952	S	752	1795	2547	0.00019
Comamonas_piscis	1562974	S	745	169	914	0.00007
Comamonas_kerstersii	225992	S	605	396	1001	0.00007
Comamonas_fluminis	2796366	S	500	258	758	0.00006
Rhodoferax_sp._BAB1	2741720	S	3084	1013	4097	0.00030
Rhodoferax_sp._AJA081-3	2752316	S	1073	91	1164	0.00009
Rhodoferax_sp._PAMC_29310	2822760	S	710	95	805	0.00006
Rhodoferax_sp._MIZ03	2798804	S	577	72	649	0.00005
Rhodoferax_koreense	1842727	S	4581	2878	7459	0.00055
Rhodoferax_sediminis	2509614	S	3439	632	4071	0.00030
Rhodoferax_ferrireducens	192843	S	1487	121	1608	0.00012
Rhodoferax_saidenbachensis	1484693	S	1050	137	1187	0.00009
Rhodoferax_antarcticus	81479	S	771	72	843	0.00006
Rhodoferax_aquaticus	2527691	S	446	53	499	0.00004
Schlegelella_thermodepolymerans	215580	S	8362	4868	13230	0.00098
Schlegelella_brevitalea	413882	S	6971	1206	8177	0.00061
Diaphorobacter_sp._HDW4A	2714924	S	1939	2256	4195	0.00031
Diaphorobacter_sp._HDW4B	2714925	S	1698	257	1955	0.00014
Diaphorobacter_sp._JS3051	2792224	S	176	3296	3472	0.00026
Diaphorobacter_sp._MNS-0	2866628	S	170	1584	1754	0.00013
Diaphorobacter_sp._JS3050	2735554	S	159	1967	2126	0.00016
Diaphorobacter_ruginosibacter	1715720	S	2141	467	2608	0.00019
Diaphorobacter_aerolatus	1288495	S	1640	3039	4679	0.00035
[Acidovorax]_ebreus	721785	S	282	1851	2133	0.00016
Diaphorobacter_nitroreducens	164759	S	253	753	1006	0.00007
Polaromonas_sp._JS666	296591	S	3345	3097	6442	0.00048
Polaromonas_naphthalenivorans	216465	S	2412	455	2867	0.00021
Polaromonas_vacuolata	37448	S	294	38	332	0.00002
Delftia_tsuruhatensis	180282	S	1989	6293	8282	0.00061
Delftia_acidovorans	80866	S	1598	3407	5005	0.00037
Delftia_lacustris	558537	S	552	3634	4186	0.00031
Delftia_sp._Cs1-4	742013	S	229	587	816	0.00006
Delftia_sp._HK171	1920191	S	140	415	555	0.00004
Kinneretia_sp._DAIF2	2714952	S	6802	2942	9744	0.00072
Kinneretia_sp._XES5	2877940	S	1726	2555	4281	0.00032
Ottowia_sp._27C	2816950	S	2786	635	3421	0.00025
Ottowia_sp._oral_taxon_894	1658672	S	1015	174	1189	0.00009
Ottowia_oryzae	2109914	S	2069	534	2603	0.00019
Alicycliphilus_denitrificans	179636	S	5360	11905	17265	0.00128
Melaminivora_sp._SC2-9	2109913	S	2443	3383	5826	0.00043
Melaminivora_jejuensis	1267217	S	1747	1601	3348	0.00025
Serpentinimonas_maccroryi	1458426	S	1754	669	2423	0.00018
Serpentinimonas_raichei	1458425	S	1411	598	2009	0.00015
Hylemonella_gracilis	80880	S	2514	430	2944	0.00022
Verminephrobacter_eiseniae	364317	S	2486	362	2848	0.00021
Pulveribacter_suum	2116657	S	1845	1128	2973	0.00022
Simplicispira_suum	2109915	S	1596	713	2309	0.00017
Limnohabitans_sp._63ED37-2	1678128	S	858	112	970	0.00007
Limnohabitans_sp._103DPR2	1678129	S	279	25	304	0.00002
Candidatus_Symbiobacter_mobilis	1436290	S	760	32	792	0.00006
Curvibacter_sp._AEP1-3	1844971	S	755	64	819	0.00006
Rhizobacter_sp._AJA081-3	2753607	S	17455	5663	23118	0.00171
Rhizobacter_gummiphilus	946333	S	9817	2460	12277	0.00091
Sphaerotilus_sp._FB-5	2914710	S	6458	5039	11497	0.00085
Sphaerotilus_natans	34103	S	5840	2893	8733	0.00065
Methylibium_sp._Pch-M	2082386	S	4092	4290	8382	0.00062
Methylibium_petroleiphilum	105560	S	3801	4328	8129	0.00060
Rubrivivax_gelatinosus	28068	S	11486	4549	16035	0.00119
Aquincola_tertiaricarbonis	391953	S	9025	3925	12950	0.00096
Leptothrix_cholodnii	34029	S	7690	3107	10797	0.00080
Thiomonas_sp._X19	1050370	S	2388	970	3358	0.00025
Thiomonas_intermedia	926	S	1614	265	1879	0.00014
Thiomonas_arsenitoxydans	426114	S	568	1081	1649	0.00012
Mitsuaria_sp._7	1658665	S	6116	1539	7655	0.00057
Ideonella_dechloratans	36863	S	3868	2913	6781	0.00050
Xylophilus_rhododendri	2697032	S	3793	1384	5177	0.00038
Tepidimonas_taiwanensis	307486	S	3197	1438	4635	0.00034
Aquabacterium_olei	1296669	S	2920	973	3893	0.00029
Roseateles_depolymerans	76731	S	2653	642	3295	0.00024
Inhella_inkyongensis	392593	S	2135	428	2563	0.00019
Paucibacter_sp._KCTC_42545	1768242	S	1680	362	2042	0.00015
Candidatus_Ichthyocystis_hellenicum	1561003	S	49	1	50	0.00000
Massilia_sp._WG5	1707785	S	4145	2183	6328	0.00047
Massilia_sp._HC52	2852099	S	3360	1113	4473	0.00033
Massilia_sp._LPB0304	2769491	S	3090	927	4017	0.00030
Massilia_sp._DM-R-R2A-13	2899220	S	2724	736	3460	0.00026
Massilia_sp._YMA4	1593482	S	2576	1574	4150	0.00031
Massilia_sp._NP310	2861282	S	2352	1829	4181	0.00031
Massilia_sp._PAMC28688	2861283	S	1961	357	2318	0.00017
Massilia_sp._MB5	2919578	S	399	1478	1877	0.00014
Massilia_sp._NR_4-1	1678028	S	385	1379	1764	0.00013
Massilia_sp._Dwa41.01b	2709302	S	52	1956	2008	0.00015
Massilia_sp._Se16.2.3	2709303	S	40	1518	1558	0.00012
Massilia_putida	1141883	S	4955	1888	6843	0.00051
Massilia_violaceinigra	2045208	S	4779	1594	6373	0.00047
Massilia_flava	871742	S	4308	1254	5562	0.00041
Massilia_lutea	321985	S	2816	1018	3834	0.00028
Massilia_umbonata	864828	S	2772	1312	4084	0.00030
Massilia_albidiflava	321983	S	2705	1269	3974	0.00029
Massilia_plicata	321984	S	2509	780	3289	0.00024
Massilia_armeniaca	2072590	S	2493	1541	4034	0.00030
Massilia_antarctica	2765360	S	2021	886	2907	0.00022
Massilia_oculi	945844	S	1995	1496	3491	0.00026
Duganella_sp._GN2-R2	2728020	S	3506	1755	5261	0.00039
Duganella_sp._AF9R3	2728021	S	2284	563	2847	0.00021
Herbaspirillum_robiniae	2014887	S	2553	1119	3672	0.00027
Herbaspirillum_seropedicae	964	S	1779	878	2657	0.00020
Herbaspirillum_frisingense	92645	S	1759	656	2415	0.00018
Herbaspirillum_hiltneri	341045	S	1694	343	2037	0.00015
Herbaspirillum_rubrisubalbicans	80842	S	1578	864	2442	0.00018
Herbaspirillum_huttiense	863372	S	1122	535	1657	0.00012
Herbaspirillum_sp._meg3	2025949	S	938	129	1067	0.00008
Janthinobacterium_sp._17J80-10	2497863	S	1555	276	1831	0.00014
Janthinobacterium_sp._1_2014MBL_MicDiv	1644131	S	1403	577	1980	0.00015
Janthinobacterium_sp._LM6	1938606	S	683	461	1144	0.00008
Janthinobacterium_sp._PAMC25594	2861284	S	462	312	774	0.00006
Janthinobacterium_sp._Marseille	375286	S	426	127	553	0.00004
Janthinobacterium_sp._HH102	1537274	S	298	516	814	0.00006
Janthinobacterium_sp._B9-8	1236179	S	142	50	192	0.00001
Janthinobacterium_agaricidamnosum	55508	S	2014	3550	5564	0.00041
Janthinobacterium_lividum	29581	S	538	608	1146	0.00008
Janthinobacterium_tructae	2590869	S	499	292	791	0.00006
Janthinobacterium_svalbardensis	368607	S	431	246	677	0.00005
Collimonas_fungivorans	158899	S	2031	641	2672	0.00020
Collimonas_arenae	279058	S	1593	236	1829	0.00014
Collimonas_pratensis	279113	S	1368	318	1686	0.00012
Noviherbaspirillum_sp._UKPF54	2601898	S	3501	712	4213	0.00031
Undibacterium_sp._YM2	2058625	S	220	80	300	0.00002
Undibacterium_sp._KW1	2058624	S	169	61	230	0.00002
Undibacterium_parvum	401471	S	269	42	311	0.00002
Glaciimonas_sp._PAMC28666	2807626	S	352	27	379	0.00003
Herminiimonas_arsenitoxidans	1809410	S	290	53	343	0.00003
Oxalobacter_formigenes	847	S	205	23	228	0.00002
Achromobacter_xylosoxidans	85698	S	7655	14748	22403	0.00166
Achromobacter_sp._AONIH1	1758194	S	2629	3953	6582	0.00049
Achromobacter_sp._MFA1_R4	1881016	S	2113	715	2828	0.00021
Achromobacter_sp._77	2756133	S	334	938	1272	0.00009
Achromobacter_sp._B7	2282475	S	280	767	1047	0.00008
Achromobacter_sp._ES-001	2860286	S	246	920	1166	0.00009
Achromobacter_spanius	217203	S	3992	1892	5884	0.00044
Achromobacter_denitrificans	32002	S	3792	3181	6973	0.00052
Achromobacter_deleyi	1353891	S	2656	2143	4799	0.00036
Achromobacter_insolitus	217204	S	1866	601	2467	0.00018
Achromobacter_pestifer	1353889	S	1533	1226	2759	0.00020
Achromobacter_mucicolens	1389922	S	454	781	1235	0.00009
Achromobacter_ruhlandii	72557	S	34	1747	1781	0.00013
Bordetella_sp._H567	1697043	S	2761	380	3141	0.00023
Bordetella_sp._N	1746199	S	2510	325	2835	0.00021
Bordetella_bronchialis	463025	S	3343	503	3846	0.00028
Bordetella_genomosp._13	463040	S	3336	2793	6129	0.00045
Bordetella_genomosp._8	1416806	S	3104	410	3514	0.00026
Bordetella_flabilis	463014	S	2844	276	3120	0.00023
Bordetella_genomosp._9	1416803	S	2769	827	3596	0.00027
Bordetella_hinzii	103855	S	2292	1099	3391	0.00025
Bordetella_petrii	94624	S	2213	3546	5759	0.00043
Bordetella_trematum	123899	S	1839	925	2764	0.00020
Bordetella_pseudohinzii	1331258	S	1323	639	1962	0.00015
Bordetella_bronchiseptica	518	S	1184	3342	4526	0.00034
Bordetella_holmesii	35814	S	951	353	1304	0.00010
Bordetella_avium	521	S	736	118	854	0.00006
Bordetella_genomosp._6	463024	S	426	602	1028	0.00008
Bordetella_pertussis	520	S	236	5641	5877	0.00044
Bordetella_parapertussis	519	S	155	13084	13239	0.00098
Pigmentiphaga_sp._H8	2488560	S	5126	775	5901	0.00044
Pigmentiphaga_aceris	1940612	S	1461	120	1581	0.00012
Orrella_dioscoreae	1851544	S	2571	1066	3637	0.00027
Orrella_marina	2163011	S	329	73	402	0.00003
Orrella_sp._f23	2782176	S	185	15	200	0.00001
Castellaniella_defragrans	75697	S	2966	2386	5352	0.00040
Alcaligenes_faecalis	511	S	631	564	1195	0.00009
Alcaligenes_sp._SORT26	2813780	S	195	37	232	0.00002
Alcaligenes_sp._DN25	1367435	S	34	73	107	0.00001
Alcaligenes_aquatilis	323284	S	119	437	556	0.00004
Alcaligenes_ammonioxydans	2582914	S	27	294	321	0.00002
Pusillimonas_thiosulfatoxidans	2028345	S	776	253	1029	0.00008
Pusillimonas_sp._T7-7	1007105	S	481	86	567	0.00004
Pusillimonas_sp._DMV24BSW_D	2716226	S	235	18	253	0.00002
Paralcaligenes_sp._KSB-10	2901142	S	868	41	909	0.00007
Kerstersia_gyiorum	206506	S	856	212	1068	0.00008
Advenella_kashmirensis	310575	S	397	22	419	0.00003
Advenella_mimigardefordensis	302406	S	352	19	371	0.00003
Oligella_urethralis	90245	S	70	5	75	0.00001
Oligella_ureolytica	90244	S	68	56	124	0.00001
Paenalcaligenes_hominis	643674	S	66	4	70	0.00001
Basilea_psittacipulmonis	1472345	S	43	4	47	0.00000
Taylorella_asinigenitalis	84590	S	19	2	21	0.00000
Taylorella_equigenitalis	29575	S	11	1	12	0.00000
Pelistega_ratti	2652177	S	20	3	23	0.00000
Sutterella_megalosphaeroides	2494234	S	949	195	1144	0.00008
Sutterella_faecalis	2584944	S	772	132	904	0.00007
Sutterella_wadsworthensis	40545	S	315	46	361	0.00003
Turicimonas_muris	1796652	S	187	16	203	0.00002
Thauera_sp._MZ1T	85643	S	4560	5492	10052	0.00074
Thauera_sp._K11	2005884	S	4412	3201	7613	0.00056
Thauera_humireducens	1134435	S	2979	2085	5064	0.00038
Thauera_chlorobenzoica	96773	S	2267	2335	4602	0.00034
Thauera_aromatica	59405	S	1875	3008	4883	0.00036
Thauera_hydrothermalis	2184083	S	1265	439	1704	0.00013
Azoarcus_sp._KH32C	748247	S	5003	1102	6105	0.00045
Azoarcus_sp._DD4	2027405	S	3334	2557	5891	0.00044
Azoarcus_olearius	418699	S	3948	1755	5703	0.00042
Azoarcus_communis	41977	S	2788	1276	4064	0.00030
Nitrogeniibacter_mangrovi	2016596	S	3379	855	4234	0.00031
Nitrogeniibacter_aestuarii	2815343	S	1587	208	1795	0.00013
Aromatoleum_petrolei	76116	S	4448	1304	5752	0.00043
Aromatoleum_aromaticum	551760	S	3674	2912	6586	0.00049
Aromatoleum_pumilum	2067960	S	3036	1360	4396	0.00033
Aromatoleum_bremense	76115	S	3035	1994	5029	0.00037
Azospira_restricta	404405	S	7669	4686	12355	0.00092
Azospira_inquinata	2785627	S	620	64	684	0.00005
Azospira_oryzae	146939	S	467	1260	1727	0.00013
Azospira_sp._I09	1765049	S	441	1459	1900	0.00014
Niveibacterium_microcysteis	2811415	S	2626	459	3085	0.00023
Oryzomicrobium_terrae	1735038	S	2063	640	2703	0.00020
Rugosibacter_aromaticivorans	1565605	S	545	113	658	0.00005
Dechloromonas_denitrificans	281362	S	2873	820	3693	0.00027
Dechloromonas_sp._HYN0024	2231055	S	820	191	1011	0.00007
Dechloromonas_sp._TW-R-39-2	2654218	S	478	241	719	0.00005
Ferribacterium_limneticum	76259	S	3957	777	4734	0.00035
Quatrionicoccus_australiensis	138118	S	1679	571	2250	0.00017
Fluviibacter_phosphoraccumulans	1751046	S	268	111	379	0.00003
Usitatibacter_rugosus	2732067	S	16371	2201	18572	0.00138
Usitatibacter_palustris	2732487	S	12846	1834	14680	0.00109
Nitrosospira_multiformis	1231	S	6562	238	6800	0.00050
Nitrosospira_lacus	1288494	S	871	33	904	0.00007
Nitrosospira_sp._NRS527	155925	S	375	268	643	0.00005
Nitrosospira_briensis	35799	S	278	212	490	0.00004
Nitrosomonas_ureae	44577	S	2941	108	3049	0.00023
Nitrosomonas_communis	44574	S	2898	81	2979	0.00022
Nitrosomonas_europaea	915	S	226	38	264	0.00002
Nitrosomonas_eutropha	916	S	163	109	272	0.00002
Nitrosomonas_stercoris	1444684	S	69	46	115	0.00001
Denitratisoma_sp._DHT3	1981880	S	2680	2418	5098	0.00038
Denitratisoma_oestradiolicum	311182	S	1374	281	1655	0.00012
Sulfuritalea_hydrogenivorans	748811	S	3428	616	4044	0.00030
Methyloversatilis_sp._RAC08	1842540	S	2889	476	3365	0.00025
Sterolibacterium_denitrificans	157592	S	2077	700	2777	0.00021
Thiobacillus_denitrificans	36861	S	4098	984	5082	0.00038
Sulfuritortus_calidifontis	1914471	S	3079	1614	4693	0.00035
Sideroxydans_sp._MIZ01	2764705	S	1749	434	2183	0.00016
Sideroxydans_lithotrophicus	63745	S	1192	216	1408	0.00010
Ferrigenium_kumadai	1682490	S	2043	503	2546	0.00019
Ferriphaselus_amnicola	1188319	S	701	112	813	0.00006
Candidatus_Nitrotoga_arctica	453162	S	250	96	346	0.00003
Candidatus_Nitrotoga_sp._AM1P	2559597	S	149	61	210	0.00002
Gallionella_capsiferriformans	370405	S	490	52	542	0.00004
Sulfurimicrobium_lacus	2715678	S	2243	354	2597	0.00019
Sulfuriferula_plumbiphila	171865	S	1330	278	1608	0.00012
Sulfuriferula_sp._AH1	1985873	S	666	157	823	0.00006
Sulfuriferula_nivalis	2675298	S	114	10	124	0.00001
Sulfuricella_denitrificans	649841	S	1072	122	1194	0.00009
Methylobacillus_flagellatus	405	S	570	163	733	0.00005
Methylovorus_sp._MP688	887061	S	181	163	344	0.00003
Methylovorus_glucosotrophus	266009	S	147	120	267	0.00002
Methylophilus_sp._TWE2	1662285	S	147	12	159	0.00001
Methylophilus_medardicus	2588534	S	114	11	125	0.00001
Candidatus_Methylopumilus_universalis	2588536	S	51	20	71	0.00001
Candidatus_Methylopumilus_turicensis	1581680	S	46	5	51	0.00000
Candidatus_Methylopumilus_planktonicus	1581557	S	36	16	52	0.00000
Candidatus_Methylopumilus_rimovensis	2588535	S	13	2	15	0.00000
Methylotenera_mobilis	359408	S	100	9	109	0.00001
Methylotenera_versatilis	1055487	S	60	6	66	0.00000
Methyloradius_palustris	2778876	S	98	8	106	0.00001
Chromobacterium_sp._ATCC_53434	2059672	S	1639	676	2315	0.00017
Chromobacterium_sp._Rain0013	2292447	S	315	411	726	0.00005
Chromobacterium_sp._Beijing	2735795	S	220	653	873	0.00006
Chromobacterium_violaceum	536	S	1721	1187	2908	0.00022
Chromobacterium_vaccinii	1108595	S	1635	818	2453	0.00018
Chromobacterium_phragmitis	2202141	S	1100	559	1659	0.00012
Chromobacterium_paludis	2605945	S	932	430	1362	0.00010
Chromobacterium_rhizoryzae	1778675	S	258	1411	1669	0.00012
Chromobacterium_haemolyticum	394935	S	187	1267	1454	0.00011
Iodobacter_ciconiae	2496266	S	111	34	145	0.00001
Iodobacter_fluviatilis	537	S	108	37	145	0.00001
Jeongeupia_sp._USM3	1906741	S	2574	811	3385	0.00025
Jeongeupia_sp._HS-3	1009682	S	1135	266	1401	0.00010
Paludibacterium_paludis	1225769	S	1344	323	1667	0.00012
Paludibacterium_yongneupense	400061	S	1198	207	1405	0.00010
Paludibacterium_sp._B53371	2806263	S	800	202	1002	0.00007
Pseudogulbenkiania_sp._NH8B	748280	S	2349	958	3307	0.00024
Vogesella_sp._LIG4	1192162	S	1526	481	2007	0.00015
Vogesella_sp._XCS3	2877939	S	674	222	896	0.00007
Aquitalea_aquatilis	1537400	S	527	188	715	0.00005
Aquitalea_magnusonii	332411	S	302	181	483	0.00004
Aquitalea_denitrificans	519081	S	302	163	465	0.00003
Aquitalea_sp._USM4	1590041	S	282	162	444	0.00003
Microvirgula_aerodenitrificans	57480	S	1561	359	1920	0.00014
Laribacter_hongkongensis	168471	S	1265	1380	2645	0.00020
Aquaspirillum_sp._LM1	1938604	S	787	141	928	0.00007
Chitinibacter_bivalviorum	2739434	S	164	153	317	0.00002
Chitinibacter_fontanus	1737446	S	131	22	153	0.00001
Deefgea_sp._D25	2865840	S	84	14	98	0.00001
Deefgea_sp._D17	2739061	S	82	31	113	0.00001
Deefgea_sp._D13	2864875	S	78	25	103	0.00001
Neisseria_sp._KEM232	655307	S	334	62	396	0.00003
Neisseria_sp._oral_taxon_014	641148	S	136	75	211	0.00002
Neisseria_sp._ZJ785	2709396	S	93	14	107	0.00001
Neisseria_sp._Dent_CA1/247	2912675	S	76	52	128	0.00001
Neisseria_bacilliformis	267212	S	338	100	438	0.00003
Neisseria_shayeganii	607712	S	290	53	343	0.00003
Neisseria_dentiae	194197	S	270	40	310	0.00002
Neisseria_chenwenguii	1853278	S	262	40	302	0.00002
Neisseria_musculi	1815583	S	241	28	269	0.00002
Neisseria_elongata	495	S	239	168	407	0.00003
Neisseria_meningitidis	487	S	221	847	1068	0.00008
Neisseria_animalis	492	S	128	22	150	0.00001
Neisseria_animaloris	326522	S	103	31	134	0.00001
Neisseria_sicca	490	S	96	240	336	0.00002
Neisseria_gonorrhoeae	485	S	95	121	216	0.00002
Neisseria_lactamica	486	S	91	165	256	0.00002
Neisseria_weaveri	28091	S	86	45	131	0.00001
Neisseria_weixii	1853276	S	78	12	90	0.00001
Neisseria_brasiliensis	2666100	S	76	89	165	0.00001
Neisseria_wadsworthii	607711	S	75	21	96	0.00001
Neisseria_canis	493	S	71	24	95	0.00001
Neisseria_zalophi	640030	S	64	8	72	0.00001
Neisseria_dumasiana	1931275	S	60	34	94	0.00001
Neisseria_mucosa	488	S	52	141	193	0.00001
Neisseria_arctica	1470200	S	50	6	56	0.00000
Neisseria_flavescens	484	S	40	42	82	0.00001
Neisseria_zoodegmatis	326523	S	39	38	77	0.00001
Neisseria_macacae	496	S	39	108	147	0.00001
Neisseria_cinerea	483	S	36	29	65	0.00000
Neisseria_subflava	28449	S	22	23	45	0.00000
Crenobacter_cavernae	2290923	S	3058	1240	4298	0.00032
Chitinolyticbacter_meiyuanensis	682798	S	2046	308	2354	0.00017
Vitreoscilla_filiformis	63	S	916	205	1121	0.00008
Vitreoscilla_massiliensis	1689272	S	134	47	181	0.00001
Kingella_potus	265175	S	197	32	229	0.00002
Kingella_denitrificans	502	S	187	144	331	0.00002
Kingella_oralis	505	S	172	33	205	0.00002
Kingella_kingae	504	S	59	11	70	0.00001
Eikenella_corrodens	539	S	333	233	566	0.00004
Eikenella_exigua	2528037	S	119	84	203	0.00002
Uruburuella_suis	252130	S	283	51	334	0.00002
Uruburuella_testudinis	1282863	S	190	41	231	0.00002
Paralysiella_testudinis	2809020	S	213	55	268	0.00002
Alysiella_crassa	153491	S	61	18	79	0.00001
Alysiella_filiformis	194196	S	61	65	126	0.00001
Conchiformibius_steedae	153493	S	73	13	86	0.00001
Neisseriaceae_bacterium_CCUG_44465	2917790	S	51	9	60	0.00000
Aquella_oligotrophica	2067065	S	40	2	42	0.00000
Snodgrassella_alvi	1196083	S	39	14	53	0.00000
Morococcus_cerebrosus	1056807	S	33	199	232	0.00002
Simonsiella_muelleri	72	S	24	81	105	0.00001
Casimicrobium_huifangae	2591109	S	2415	1351	3766	0.00028
Candidatus_Kinetoplastibacterium_crithidii	33056	S	17	0	17	0.00000
Candidatus_Kinetoplastibacterium_sorsogonicusi	1576550	S	12	9	21	0.00000
Pseudomonas_sp._TCU-HL1	1856685	S	5390	808	6198	0.00046
Pseudomonas_sp._DY-1	1755504	S	4246	567	4813	0.00036
Pseudomonas_sp._ATCC_13867	1294143	S	1321	491	1812	0.00013
Pseudomonas_sp._SCB32	2653853	S	1219	273	1492	0.00011
Pseudomonas_sp._PDNC002	2811422	S	1129	273	1402	0.00010
Pseudomonas_sp._CC6-YY-74	1930532	S	1105	140	1245	0.00009
Pseudomonas_sp._LPB0260	2614442	S	1070	229	1299	0.00010
Pseudomonas_sp._KNUC1026	2893890	S	1062	109	1171	0.00009
Pseudomonas_sp._Ost2	2678260	S	919	144	1063	0.00008
Pseudomonas_sp._Pc102	2678261	S	804	476	1280	0.00009
Pseudomonas_sp._MTM4	2705472	S	791	147	938	0.00007
Pseudomonas_sp._ABC1	2748080	S	764	115	879	0.00007
Pseudomonas_sp._StFLB209	1028989	S	737	211	948	0.00007
Pseudomonas_sp._MM211	2866808	S	719	70	789	0.00006
Pseudomonas_sp._L5B5	2883205	S	686	133	819	0.00006
Pseudomonas_sp._B11D7D	2735906	S	679	139	818	0.00006
Pseudomonas_sp._7SR1	1881017	S	617	124	741	0.00005
Pseudomonas_sp._CMR5c	658630	S	615	191	806	0.00006
Pseudomonas_sp._OIL-1	2706126	S	615	107	722	0.00005
Pseudomonas_sp._p1(2021b)	2874628	S	574	341	915	0.00007
Pseudomonas_sp._MSPm1	2726956	S	563	133	696	0.00005
Pseudomonas_sp._LAB-08	143813	S	550	111	661	0.00005
Pseudomonas_sp._HN2-3	2886360	S	536	131	667	0.00005
Pseudomonas_sp._gcc21	2726989	S	508	241	749	0.00006
Pseudomonas_sp._Marseille-Q3773	2866592	S	463	165	628	0.00005
Pseudomonas_sp._MPC6	2498848	S	454	107	561	0.00004
Pseudomonas_sp._HLS-6	2049589	S	439	146	585	0.00004
Pseudomonas_sp._Leaf58	1736226	S	434	90	524	0.00004
Pseudomonas_sp._ADAK13	2730847	S	424	109	533	0.00004
Pseudomonas_sp._DG56-2	2320270	S	403	48	451	0.00003
Pseudomonas_sp._15A4	2804761	S	398	112	510	0.00004
Pseudomonas_sp._S09G_359	2054919	S	382	101	483	0.00004
Pseudomonas_sp._31-12	2201356	S	382	106	488	0.00004
Pseudomonas_sp._S34	1573718	S	380	98	478	0.00004
Pseudomonas_sp._URMO17WK12:I11	1283291	S	374	280	654	0.00005
Pseudomonas_sp._MM213	2866807	S	374	88	462	0.00003
Pseudomonas_sp._ADPe	2774873	S	371	1005	1376	0.00010
Pseudomonas_sp._DTU12.3	2073078	S	357	99	456	0.00003
Pseudomonas_sp._Tri1	2823875	S	335	89	424	0.00003
Pseudomonas_sp._RtIB026	2749999	S	318	203	521	0.00004
Pseudomonas_sp._M1	95619	S	306	793	1099	0.00008
Pseudomonas_sp._2hn	2866626	S	302	222	524	0.00004
Pseudomonas_sp._R5-89-07	658644	S	293	99	392	0.00003
Pseudomonas_sp._Seg1	2678259	S	285	72	357	0.00003
Pseudomonas_sp._LS.1a	2920387	S	285	134	419	0.00003
Pseudomonas_sp._NIBR-H-19	2901380	S	283	68	351	0.00003
Pseudomonas_sp._S35	1573719	S	278	81	359	0.00003
Pseudomonas_sp._DR48	2871095	S	278	219	497	0.00004
Pseudomonas_sp._OE_28.3	2745519	S	272	73	345	0.00003
Pseudomonas_sp._ACM7	2052956	S	268	52	320	0.00002
Pseudomonas_sp._RC3H12	2834406	S	266	177	443	0.00003
Pseudomonas_sp._M30-35	1981174	S	265	16	281	0.00002
Pseudomonas_sp._HS6	2850559	S	256	76	332	0.00002
Pseudomonas_sp._ADAK18	2730848	S	252	49	301	0.00002
Pseudomonas_sp._LG1E9	2219057	S	247	80	327	0.00002
Pseudomonas_sp._NS1(2017)	2025658	S	247	72	319	0.00002
Pseudomonas_sp._PP3	2815936	S	242	106	348	0.00003
Pseudomonas_sp._CCOS_191	1649877	S	233	213	446	0.00003
Pseudomonas_sp._DNDY-54	2870860	S	227	123	350	0.00003
Pseudomonas_sp._HN11	1344094	S	223	56	279	0.00002
Pseudomonas_sp._SK3(2021)	2841064	S	217	157	374	0.00003
Pseudomonas_sp._St316	2678257	S	217	79	296	0.00002
Pseudomonas_sp._LPH1	1898684	S	210	214	424	0.00003
Pseudomonas_sp._NIBRBAC000502773	2590776	S	203	116	319	0.00002
Pseudomonas_sp._R84	1573712	S	199	102	301	0.00002
Pseudomonas_sp._SCA2728.1_7	2825975	S	192	115	307	0.00002
Pseudomonas_sp._14181154	2662033	S	182	224	406	0.00003
Pseudomonas_sp._UW4	1207075	S	179	131	310	0.00002
Pseudomonas_sp._HS-18	2879114	S	178	408	586	0.00004
Pseudomonas_sp._R2A2	2213057	S	173	219	392	0.00003
Pseudomonas_sp._IzPS59	2774459	S	172	91	263	0.00002
Pseudomonas_sp._LTJR-52	2479392	S	156	58	214	0.00002
Pseudomonas_sp._MRSN12121	1611770	S	155	246	401	0.00003
Pseudomonas_sp._SDM007	2812000	S	152	107	259	0.00002
Pseudomonas_sp._SK	2729423	S	151	144	295	0.00002
Pseudomonas_sp._CYM-20-01	2870750	S	142	78	220	0.00002
Pseudomonas_sp._FIT81	2837969	S	141	93	234	0.00002
Pseudomonas_sp._Cab53	2678258	S	139	248	387	0.00003
Pseudomonas_sp._AO-1	2855434	S	136	145	281	0.00002
Pseudomonas_sp._BIGb0427	2724470	S	131	322	453	0.00003
Pseudomonas_sp._R76	1573711	S	130	72	202	0.00001
Pseudomonas_sp._SORT22	2813842	S	129	337	466	0.00003
Pseudomonas_sp._02C_26	2054914	S	129	312	441	0.00003
Pseudomonas_sp._DR_5-09	1534110	S	126	193	319	0.00002
Pseudomonas_sp._THAF7b	2587845	S	123	268	391	0.00003
Pseudomonas_sp._S07E_245	2866278	S	122	312	434	0.00003
Pseudomonas_sp._RBPA9	2746321	S	122	290	412	0.00003
Pseudomonas_sp._Z003-0.4C(8344-21)	1855380	S	117	93	210	0.00002
Pseudomonas_sp._phDV1	253237	S	114	441	555	0.00004
Pseudomonas_sp._FGI182	1259844	S	107	133	240	0.00002
Pseudomonas_sp._HN2	2884805	S	106	105	211	0.00002
Pseudomonas_sp._B10	118613	S	103	84	187	0.00001
Pseudomonas_sp._3-2	2867408	S	94	137	231	0.00002
Pseudomonas_sp._C27(2019)	2604941	S	89	13	102	0.00001
Pseudomonas_sp._09C_129	2054915	S	88	122	210	0.00002
Pseudomonas_sp._SC3(2021)	2871493	S	88	107	195	0.00001
Pseudomonas_sp._FDAARGOS_380	2018067	S	85	77	162	0.00001
Pseudomonas_sp._Y5-11	2749808	S	83	281	364	0.00003
Pseudomonas_sp._RU47	2005388	S	82	230	312	0.00002
Pseudomonas_sp._ADAK22	2730851	S	81	223	304	0.00002
Pseudomonas_sp._PONIH3	1636610	S	80	502	582	0.00004
Pseudomonas_sp._AN-B15	2697023	S	76	236	312	0.00002
Pseudomonas_sp._LBUM920	2126069	S	75	205	280	0.00002
Pseudomonas_sp._MPFS	2795724	S	74	140	214	0.00002
Pseudomonas_sp._BIOMIG1BAC	1758730	S	74	262	336	0.00002
Pseudomonas_sp._S150	2559074	S	73	128	201	0.00001
Pseudomonas_sp._J380	2605424	S	72	102	174	0.00001
Pseudomonas_sp._ArH3a	2862945	S	69	189	258	0.00002
Pseudomonas_sp._MYb193	1827300	S	68	80	148	0.00001
Pseudomonas_sp._St29	1500687	S	67	299	366	0.00003
Pseudomonas_sp._GR_6-02	1659194	S	66	179	245	0.00002
Pseudomonas_sp._SWI44	2083053	S	62	563	625	0.00005
Pseudomonas_sp._SXM-1	2169583	S	61	201	262	0.00002
Pseudomonas_sp._A2	107445	S	59	355	414	0.00003
Pseudomonas_sp._R3-52-08	1173284	S	57	373	430	0.00003
Pseudomonas_sp._NC02	2067572	S	56	197	253	0.00002
Pseudomonas_sp._ATCC_43928	676210	S	55	151	206	0.00002
Pseudomonas_sp._Y39-6	2749807	S	52	188	240	0.00002
Pseudomonas_sp._LG1D9	2083054	S	50	202	252	0.00002
Pseudomonas_sp._S49	1573720	S	48	136	184	0.00001
Pseudomonas_sp._IAC-BECa141	2793103	S	46	106	152	0.00001
Pseudomonas_sp._R2-37-08W	1173273	S	45	229	274	0.00002
Pseudomonas_sp._Os17	1500686	S	43	233	276	0.00002
Pseudomonas_sp._R32	1573704	S	43	123	166	0.00001
Pseudomonas_sp._DTU12.1	2654238	S	43	186	229	0.00002
Pseudomonas_sp._DR208	2870840	S	41	110	151	0.00001
Pseudomonas_sp._R4-34-07	658642	S	41	256	297	0.00002
Pseudomonas_sp._B14-6	2738843	S	41	125	166	0.00001
Pseudomonas_sp._BC42	2933816	S	40	217	257	0.00002
Pseudomonas_sp._CFSAN084952	2664899	S	40	133	173	0.00001
Pseudomonas_sp._R3-18-08	1173283	S	38	120	158	0.00001
Pseudomonas_sp._LH1G9	2083055	S	37	143	180	0.00001
Pseudomonas_sp._SWI36	2083052	S	37	116	153	0.00001
Pseudomonas_sp._BYT-1	2816906	S	36	348	384	0.00003
Pseudomonas_sp._A214	1855331	S	35	113	148	0.00001
Pseudomonas_sp._MPDS	2762896	S	33	143	176	0.00001
Pseudomonas_sp._Colony2	2861799	S	30	136	166	0.00001
Pseudomonas_sp._7-41	2898483	S	30	149	179	0.00001
Pseudomonas_sp._Eqa60	2799184	S	30	192	222	0.00002
Pseudomonas_sp._HN8-3	2886361	S	28	62	90	0.00001
Pseudomonas_sp._XWY-1	2069256	S	28	180	208	0.00002
Pseudomonas_sp._R4-35-07	658643	S	28	204	232	0.00002
Pseudomonas_sp._PS1(2021)	2866282	S	27	898	925	0.00007
Pseudomonas_sp._TMW_2.1634	1886807	S	27	78	105	0.00001
Pseudomonas_sp._TKP	1415630	S	26	100	126	0.00001
Pseudomonas_sp._CFA	2651048	S	26	137	163	0.00001
Pseudomonas_sp._R2-60-08W	1173280	S	25	188	213	0.00002
Pseudomonas_sp._BJP69	2597770	S	25	169	194	0.00001
Pseudomonas_sp._R11-23-07	658632	S	25	241	266	0.00002
Pseudomonas_sp._OST1909	2777367	S	24	82	106	0.00001
Pseudomonas_sp._So3.2b	2864101	S	24	86	110	0.00001
Pseudomonas_sp._R1-43-08	1173270	S	20	127	147	0.00001
Pseudomonas_sp._IB20	1702250	S	20	127	147	0.00001
Pseudomonas_sp._VLB120	69328	S	20	300	320	0.00002
Pseudomonas_sp._SW-3	147212	S	20	84	104	0.00001
Pseudomonas_sp._St386	2678256	S	19	175	194	0.00001
Pseudomonas_sp._I3-I5	2926671	S	18	78	96	0.00001
Pseudomonas_sp._CIP-10	2892442	S	18	185	203	0.00002
Pseudomonas_sp._St290	1602166	S	15	65	80	0.00001
Pseudomonas_sp._SWI7	2587597	S	15	105	120	0.00001
Pseudomonas_sp._R4-39-08	1173288	S	15	95	110	0.00001
Pseudomonas_sp._SK2	2841063	S	14	273	287	0.00002
Pseudomonas_sp._R2-7-07	658641	S	14	142	156	0.00001
Pseudomonas_sp._SWI6	2083051	S	12	215	227	0.00002
Pseudomonas_aeruginosa	287	S	6676	47272	53948	0.00400
Pseudomonas_resinovorans	53412	S	6458	1506	7964	0.00059
Pseudomonas_furukawaii	1149133	S	4676	1522	6198	0.00046
Pseudomonas_oleovorans	301	S	384	1323	1707	0.00013
Pseudomonas_mendocina	300	S	3594	1405	4999	0.00037
Pseudomonas_alcaligenes	43263	S	2735	2009	4744	0.00035
Pseudomonas_multiresinivorans	95301	S	778	269	1047	0.00008
Pseudomonas_nitroreducens	46680	S	229	519	748	0.00006
Pseudomonas_citronellolis	53408	S	748	1193	1941	0.00014
Pseudomonas_fluorescens	294	S	6610	5740	12350	0.00091
Pseudomonas_protegens	380021	S	1497	1391	2888	0.00021
Pseudomonas_orientalis	76758	S	1081	303	1384	0.00010
Pseudomonas_azotoformans	47878	S	861	351	1212	0.00009
Pseudomonas_synxantha	47883	S	739	510	1249	0.00009
Pseudomonas_poae	200451	S	565	309	874	0.00006
Pseudomonas_rhodesiae	76760	S	556	231	787	0.00006
Pseudomonas_mediterranea	183795	S	509	132	641	0.00005
Pseudomonas_corrugata	47879	S	488	107	595	0.00004
Pseudomonas_trivialis	200450	S	486	176	662	0.00005
Pseudomonas_tolaasii	29442	S	478	93	571	0.00004
Pseudomonas_migulae	78543	S	389	228	617	0.00005
Pseudomonas_cedrina	651740	S	355	94	449	0.00003
Pseudomonas_mucidolens	46679	S	331	50	381	0.00003
Pseudomonas_brenneri	129817	S	253	103	356	0.00003
Pseudomonas_congelans	200452	S	249	79	328	0.00002
Pseudomonas_veronii	76761	S	180	501	681	0.00005
Pseudomonas_ogarae	1114970	S	173	134	307	0.00002
Pseudomonas_libanensis	75588	S	155	173	328	0.00002
Pseudomonas_mandelii	75612	S	149	373	522	0.00004
Pseudomonas_extremorientalis	169669	S	40	100	140	0.00001
Pseudomonas_putida	303	S	8577	18180	26757	0.00198
Pseudomonas_oryzihabitans	47885	S	2382	537	2919	0.00022
Pseudomonas_fulva	47880	S	1647	4704	6351	0.00047
Pseudomonas_plecoglossicida	70775	S	670	569	1239	0.00009
Pseudomonas_mosselii	78327	S	275	557	832	0.00006
Pseudomonas_monteilii	76759	S	266	577	843	0.00006
Pseudomonas_sp._SGAir0191	2217867	S	141	94	235	0.00002
Pseudomonas_shirazica	1940636	S	14	199	213	0.00002
Pseudomonas_stutzeri	316	S	10601	7340	17941	0.00133
Pseudomonas_chloritidismutans	203192	S	106	149	255	0.00002
Pseudomonas_balearica	74829	S	1672	2213	3885	0.00029
Pseudomonas_xanthomarina	271420	S	591	102	693	0.00005
Pseudomonas_luteola	47886	S	142	70	212	0.00002
Pseudomonas_syringae	317	S	2049	53861	55910	0.00414
Pseudomonas_viridiflava	33069	S	1340	150	1490	0.00011
Pseudomonas_cichorii	36746	S	744	68	812	0.00006
Pseudomonas_asturiensis	1190415	S	542	51	593	0.00004
Pseudomonas_syringae_group_genomosp._7	251699	S	402	31	433	0.00003
Pseudomonas_amygdali	47877	S	197	802	999	0.00007
Pseudomonas_savastanoi	29438	S	76	315	391	0.00003
Pseudomonas_fuscovaginae	50340	S	203	123	326	0.00002
Pseudomonas_avellanae	46257	S	109	42	151	0.00001
Pseudomonas_coronafaciens	53409	S	86	54	140	0.00001
Pseudomonas_syringae_group_genomosp._3	251701	S	61	155	216	0.00002
Pseudomonas_sp._Lz4W	1206777	S	31	58	89	0.00001
Pseudomonas_tremae	200454	S	28	13	41	0.00000
Pseudomonas_lalkuanensis	2604832	S	5846	1164	7010	0.00052
Pseudomonas_chlororaphis	587753	S	3744	3931	7675	0.00057
Pseudomonas_lundensis	86185	S	471	63	534	0.00004
Pseudomonas_fragi	296	S	282	241	523	0.00004
Pseudomonas_otitidis	319939	S	3155	753	3908	0.00029
Pseudomonas_knackmussii	65741	S	2393	2218	4611	0.00034
Pseudomonas_oryzae	1392877	S	2325	789	3114	0.00023
Pseudomonas_psychrotolerans	237610	S	2286	533	2819	0.00021
Pseudomonas_cavernae	2320867	S	1965	331	2296	0.00017
Pseudomonas_entomophila	312306	S	1669	773	2442	0.00018
Pseudomonas_campi	2731681	S	1495	218	1713	0.00013
Pseudomonas_guangdongensis	1245526	S	1346	460	1806	0.00013
Pseudomonas_parafulva	157782	S	1018	307	1325	0.00010
Pseudomonas_nanhaiensis	2830842	S	999	104	1103	0.00008
Pseudomonas_vanderleydeniana	2745495	S	902	133	1035	0.00008
Pseudomonas_eucalypticola	2599595	S	890	121	1011	0.00007
Pseudomonas_qingdaonensis	2056231	S	889	193	1082	0.00008
Pseudomonas_rhizosphaerae	216142	S	803	104	907	0.00007
Pseudomonas_cremoricolorata	157783	S	777	125	902	0.00007
Pseudomonas_alkylphenolica	237609	S	753	156	909	0.00007
Pseudomonas_tohonis	2725477	S	746	637	1383	0.00010
Pseudomonas_frederiksbergensis	104087	S	742	229	971	0.00007
Pseudomonas_brassicacearum	930166	S	709	1331	2040	0.00015
Pseudomonas_pohangensis	364197	S	705	55	760	0.00006
Pseudomonas_umsongensis	198618	S	676	114	790	0.00006
Pseudomonas_phragmitis	1931241	S	651	53	704	0.00005
Pseudomonas_argentinensis	289370	S	648	156	804	0.00006
Pseudomonas_saudiphocaensis	1499686	S	641	156	797	0.00006
Pseudomonas_muyukensis	2842357	S	605	187	792	0.00006
Pseudomonas_yamanorum	515393	S	579	134	713	0.00005
Pseudomonas_zhaodongensis	1176257	S	571	272	843	0.00006
Pseudomonas_palleroniana	191390	S	540	91	631	0.00005
Pseudomonas_vancouverensis	95300	S	529	88	617	0.00005
Pseudomonas_koreensis	198620	S	523	211	734	0.00005
Pseudomonas_marincola	437900	S	521	88	609	0.00005
Pseudomonas_xanthosomae	2842356	S	518	172	690	0.00005
Pseudomonas_alvandae	2842348	S	514	85	599	0.00004
Pseudomonas_xantholysinigenes	2745490	S	508	146	654	0.00005
Pseudomonas_tructae	2518644	S	494	90	584	0.00004
Pseudomonas_fakonensis	2842355	S	465	152	617	0.00005
Pseudomonas_silesiensis	1853130	S	465	103	568	0.00004
Pseudomonas_sediminis	1691904	S	426	128	554	0.00004
Pseudomonas_prosekii	1148509	S	425	73	498	0.00004
Pseudomonas_wenzhouensis	2906062	S	423	167	590	0.00004
Pseudomonas_promysalinigenes	485898	S	421	68	489	0.00004
Pseudomonas_antarctica	219572	S	421	109	530	0.00004
Pseudomonas_extremaustralis	359110	S	413	94	507	0.00004
Pseudomonas_agarici	46677	S	395	20	415	0.00003
Pseudomonas_hamedanensis	2745504	S	389	73	462	0.00003
Pseudomonas_arsenicoxydans	702115	S	384	85	469	0.00003
Pseudomonas_graminis	158627	S	379	108	487	0.00004
Pseudomonas_granadensis	1421430	S	376	184	560	0.00004
Pseudomonas_thivervalensis	86265	S	373	82	455	0.00003
Pseudomonas_simiae	321846	S	357	91	448	0.00003
Pseudomonas_asgharzadehiana	2842349	S	356	86	442	0.00003
Pseudomonas_lurida	244566	S	353	83	436	0.00003
Pseudomonas_viciae	2505979	S	349	88	437	0.00003
Pseudomonas_taetrolens	47884	S	336	45	381	0.00003
Pseudomonas_maumuensis	2842354	S	297	149	446	0.00003
Pseudomonas_lini	163011	S	287	59	346	0.00003
Pseudomonas_reinekei	395598	S	281	83	364	0.00003
Pseudomonas_versuta	1788301	S	271	45	316	0.00002
Pseudomonas_psychrophila	122355	S	269	38	307	0.00002
Pseudomonas_alcaliphila	101564	S	268	303	571	0.00004
Pseudomonas_toyotomiensis	554344	S	257	244	501	0.00004
Pseudomonas_chengduensis	489632	S	238	505	743	0.00006
Pseudomonas_allokribbensis	2774460	S	234	94	328	0.00002
Pseudomonas_sihuiensis	1274359	S	232	316	548	0.00004
Pseudomonas_khazarica	2502979	S	221	279	500	0.00004
Pseudomonas_kribbensis	1628086	S	219	216	435	0.00003
Pseudomonas_tritici	2745518	S	219	71	290	0.00002
Pseudomonas_moraviensis	321662	S	183	304	487	0.00004
Pseudomonas_oryziphila	2894079	S	178	146	324	0.00002
Pseudomonas_gozinkensis	2774461	S	174	83	257	0.00002
Pseudomonas_kunmingensis	1211807	S	170	258	428	0.00003
Pseudomonas_asplenii	53407	S	168	106	274	0.00002
Pseudomonas_atacamensis	2565368	S	160	160	320	0.00002
Pseudomonas_anuradhapurensis	485870	S	144	133	277	0.00002
Pseudomonas_tensinigenes	2745511	S	144	81	225	0.00002
Pseudomonas_azerbaijanoriens	2842350	S	143	98	241	0.00002
Pseudomonas_zeae	2745510	S	142	73	215	0.00002
Pseudomonas_zarinae	2745498	S	133	103	236	0.00002
Pseudomonas_germanica	2815720	S	126	70	196	0.00001
Pseudomonas_iranensis	2745503	S	96	75	171	0.00001
Pseudomonas_juntendi	2666183	S	89	863	952	0.00007
Pseudomonas_lactis	1615674	S	89	67	156	0.00001
Pseudomonas_salmasensis	2745514	S	75	50	125	0.00001
Pseudomonas_soli	1306993	S	72	290	362	0.00003
Pseudomonas_monsensis	2745509	S	70	77	147	0.00001
Pseudomonas_glycinae	1785145	S	53	97	150	0.00001
Pseudomonas_sessilinigenes	658629	S	50	132	182	0.00001
Pseudomonas_donghuensis	1163398	S	45	129	174	0.00001
Pseudomonas_bijieensis	2681983	S	45	174	219	0.00002
Pseudomonas_asiatica	2219225	S	42	242	284	0.00002
Pseudomonas_rhizophila	2045200	S	40	107	147	0.00001
Pseudomonas_cerasi	1583341	S	32	69	101	0.00001
Pseudomonas_shahriarae	2745512	S	27	108	135	0.00001
Candidatus_Pseudomonas_adelgestsugas	1302376	S	18	0	18	0.00000
Pseudomonas_taiwanensis	470150	S	15	194	209	0.00002
Azotobacter_chroococcum	353	S	2561	1022	3583	0.00027
Azotobacter_vinelandii	354	S	1346	9237	10583	0.00078
Azotobacter_salinestris	69964	S	1301	359	1660	0.00012
Halopseudomonas_xinjiangensis	487184	S	696	62	758	0.00006
Halopseudomonas_sabulinigri	472181	S	606	55	661	0.00005
Halopseudomonas_aestusnigri	857252	S	580	402	982	0.00007
Halopseudomonas_sp._RR6	2918528	S	520	81	601	0.00004
Halopseudomonas_litoralis	797277	S	470	110	580	0.00004
Halopseudomonas_salegens	1434072	S	349	26	375	0.00003
Permianibacter_aggregans	1510150	S	644	22	666	0.00005
Thiopseudomonas_alkaliphila	1697053	S	69	15	84	0.00001
Entomomonas_moraniae	2213226	S	27	2	29	0.00000
Entomomonas_sp._F2A	2785331	S	14	1	15	0.00000
Marinobacter_sp._CA1	2817656	S	718	59	777	0.00006
Marinobacter_sp._Arc7-DN-1	2304594	S	453	67	520	0.00004
Marinobacter_sp._NP-4(2019)	2488665	S	432	87	519	0.00004
Marinobacter_sp._LPB0319	2769486	S	402	28	430	0.00003
Marinobacter_sp._LQ44	1749259	S	197	316	513	0.00004
Marinobacter_sp._LV10R510-11A	1415568	S	190	9	199	0.00001
Marinobacter_sp._JH2	2547598	S	183	56	239	0.00002
Marinobacter_sp._es.042	1761794	S	158	167	325	0.00002
Marinobacter_sp._CP1	1671721	S	146	304	450	0.00003
Marinobacter_sp._BSs20148	490759	S	86	57	143	0.00001
Marinobacter_fonticola	2603215	S	562	31	593	0.00004
Marinobacter_nauticus	2743	S	482	159	641	0.00005
Marinobacter_salarius	1420917	S	466	67	533	0.00004
Marinobacter_similis	1420916	S	344	31	375	0.00003
Marinobacter_salsuginis	418719	S	325	51	376	0.00003
Marinobacter_salinus	1874317	S	324	23	347	0.00003
Marinobacter_adhaerens	1033846	S	140	281	421	0.00003
Marinobacter_psychrophilus	330734	S	72	48	120	0.00001
Lysobacter_sp._KIS68-7	2904252	S	4445	863	5308	0.00039
Lysobacter_sp._TY2-98	2290922	S	3478	601	4079	0.00030
Lysobacter_sp._5GHs7-4	2904253	S	2505	698	3203	0.00024
Lysobacter_sp._S4-A87	2925843	S	2289	559	2848	0.00021
Lysobacter_sp._CECT_30171	2822368	S	2258	574	2832	0.00021
Lysobacter_sp._K5869	2820808	S	1757	462	2219	0.00016
Lysobacter_sp._CW239	2762611	S	1636	884	2520	0.00019
Lysobacter_sp._CJ11	2764185	S	577	49	626	0.00005
Lysobacter_sp._H21R4	2781021	S	549	382	931	0.00007
Lysobacter_sp._HDW10	2714936	S	386	121	507	0.00004
Lysobacter_sp._H23M47	2781024	S	336	444	780	0.00006
Lysobacter_soli	453783	S	7706	1581	9287	0.00069
Lysobacter_enzymogenes	69	S	7362	1876	9238	0.00068
Lysobacter_capsici	435897	S	4705	1399	6104	0.00045
Lysobacter_solisilvae_(ex_Woo_and_Kim_2022)	2865112	S	3097	905	4002	0.00030
Lysobacter_solisilvae_(ex_Kim_et_al._2021)	2763317	S	2971	618	3589	0.00027
Lysobacter_antibioticus	84531	S	2930	490	3420	0.00025
Lysobacter_maris	1605891	S	2620	648	3268	0.00024
Lysobacter_lycopersici	1324796	S	2276	527	2803	0.00021
Lysobacter_arenosi	2795387	S	2218	525	2743	0.00020
Lysobacter_alkalisoli	2591633	S	1912	354	2266	0.00017
Lysobacter_oculi	2698682	S	1750	527	2277	0.00017
Lysobacter_ciconiae	2781022	S	521	256	777	0.00006
Lysobacter_gummosus	262324	S	419	606	1025	0.00008
Lysobacter_avium	2781023	S	274	240	514	0.00004
Lysobacter_caseinilyticus	2675101	S	16	18756	18772	0.00139
Stenotrophomonas_maltophilia	40324	S	8120	13007	21127	0.00156
Stenotrophomonas_sp._ESTM1D_MKCIP4_1	2072414	S	579	263	842	0.00006
Stenotrophomonas_sp._SAU14A_NAIMI4_5	2072413	S	535	367	902	0.00007
Stenotrophomonas_sp._ZAC14D2_NAIMI4_7	2072405	S	255	294	549	0.00004
Stenotrophomonas_sp._YAU14D1_LEIMI4_1	2072407	S	216	396	612	0.00005
Stenotrophomonas_sp._ZAC14A_NAIMI4_1	2072412	S	201	403	604	0.00004
Stenotrophomonas_sp._ZAC14D2_NAIMI4_6	2072406	S	148	308	456	0.00003
Stenotrophomonas_sp._SAU14A_NAIMI4_8	2072409	S	67	403	470	0.00003
Stenotrophomonas_sp._YAU14A_MKIMI4_1	2072408	S	60	361	421	0.00003
Stenotrophomonas_sp._LM091	1904944	S	1034	447	1481	0.00011
Stenotrophomonas_sp._169	2770322	S	989	185	1174	0.00009
Stenotrophomonas_sp._364	2691571	S	685	296	981	0.00007
Stenotrophomonas_sp._NA06056	2742129	S	397	217	614	0.00005
Stenotrophomonas_sp._WZN-1	2005046	S	218	288	506	0.00004
Stenotrophomonas_sp._DR822	2871174	S	119	216	335	0.00002
Stenotrophomonas_sp._Pemsol	2040586	S	112	365	477	0.00004
Stenotrophomonas_sp._MYb57	1827305	S	82	390	472	0.00003
Stenotrophomonas_sp._pho	2211160	S	68	345	413	0.00003
Stenotrophomonas_sp._ASS1	2282124	S	60	307	367	0.00003
Stenotrophomonas_sp._SI-NJAU-1	2886359	S	52	246	298	0.00002
Stenotrophomonas_sp._NY11291	2939415	S	44	549	593	0.00004
Stenotrophomonas_sp._CW117	2775920	S	38	928	966	0.00007
Stenotrophomonas_sp._G4	2303750	S	38	174	212	0.00002
Stenotrophomonas_sp._SXG-1	2682487	S	20	253	273	0.00002
Stenotrophomonas_rhizophila	216778	S	3353	1121	4474	0.00033
Stenotrophomonas_acidaminiphila	128780	S	1872	4904	6776	0.00050
Stenotrophomonas_indicatrix	2045451	S	130	571	701	0.00005
Xanthomonas_translucens	343	S	3173	5139	8312	0.00062
Xanthomonas_campestris	339	S	2577	6294	8871	0.00066
Xanthomonas_sp._GW	2724121	S	389	565	954	0.00007
Xanthomonas_sp._SI	2724123	S	320	541	861	0.00006
Xanthomonas_sp._SS	2724122	S	284	476	760	0.00006
Xanthomonas_sp._MLO165	2081477	S	94	145	239	0.00002
Xanthomonas_sacchari	56458	S	1648	652	2300	0.00017
Xanthomonas_arboricola	56448	S	1570	1892	3462	0.00026
Xanthomonas_oryzae	347	S	1312	593	1905	0.00014
Xanthomonas_theicola	56464	S	1095	409	1504	0.00011
Xanthomonas_citri	346	S	1052	8748	9800	0.00073
Xanthomonas_hyacinthi	56455	S	845	581	1426	0.00011
Xanthomonas_hortorum	56454	S	780	654	1434	0.00011
Xanthomonas_albilineans	29447	S	775	107	882	0.00007
Xanthomonas_fragariae	48664	S	747	159	906	0.00007
Xanthomonas_vesicatoria	56460	S	732	469	1201	0.00009
Xanthomonas_cucurbitae	56453	S	659	136	795	0.00006
Xanthomonas_vasicola	56459	S	579	216	795	0.00006
Xanthomonas_cassavae	56450	S	467	131	598	0.00004
Xanthomonas_euroxanthea	2259622	S	461	566	1027	0.00008
Xanthomonas_axonopodis	53413	S	357	348	705	0.00005
Xanthomonas_hydrangeae	2775159	S	343	128	471	0.00003
Xanthomonas_phaseoli	1985254	S	246	1265	1511	0.00011
Xanthomonas_euvesicatoria	456327	S	202	983	1185	0.00009
Xanthomonas_perforans	442694	S	27	155	182	0.00001
Luteimonas_sp._MC1750	2799326	S	2338	967	3305	0.00024
Luteimonas_sp._S4-F44	2925842	S	2279	504	2783	0.00021
Luteimonas_sp._JM171	1896164	S	2093	486	2579	0.00019
Luteimonas_sp._D4P002	2901869	S	1975	580	2555	0.00019
Luteimonas_sp._MC1572	2799325	S	1890	993	2883	0.00021
Luteimonas_sp._MC1825	2761107	S	1827	983	2810	0.00021
Luteimonas_sp._YGD11-2	2508168	S	1710	799	2509	0.00019
Luteimonas_granuli	1176533	S	2482	952	3434	0.00025
Luteimonas_chenhongjianii	2006110	S	1935	467	2402	0.00018
Luteimonas_yindakuii	2565782	S	1765	745	2510	0.00019
Pseudoxanthomonas_suwonensis	314722	S	5250	3041	8291	0.00061
Pseudoxanthomonas_mexicana	128785	S	3397	5171	8568	0.00063
Pseudoxanthomonas_daejeonensis	266062	S	2346	685	3031	0.00022
Pseudoxanthomonas_sp._X-1	2571115	S	2225	2285	4510	0.00033
Pseudoxanthomonas_spadix	415229	S	1342	554	1896	0.00014
Thermomonas_sp._XSG	2771436	S	1642	808	2450	0.00018
Thermomonas_sp._HDW16	2714945	S	1076	330	1406	0.00010
Thermomonas_brevis	215691	S	2143	991	3134	0.00023
Thermomonas_carbonis	1463158	S	1798	431	2229	0.00017
Thermomonas_aquatica	2202149	S	1742	1049	2791	0.00021
Arenimonas_daejeonensis	370777	S	3657	871	4528	0.00034
Pseudolysobacter_antarcticus	2511995	S	1884	59	1943	0.00014
Xylella_fastidiosa	2371	S	313	101	414	0.00003
Xylella_taiwanensis	1444770	S	182	9	191	0.00001
Luteibacter_sp._321	2911537	S	2171	732	2903	0.00022
Luteibacter_sp._EIF3	2780091	S	1590	292	1882	0.00014
Luteibacter_sp._335	2911538	S	1549	396	1945	0.00014
Luteibacter_sp._353	2911539	S	1314	456	1770	0.00013
Luteibacter_rhizovicinus	242606	S	1764	295	2059	0.00015
Luteibacter_pinisoli	2589080	S	1603	502	2105	0.00016
Luteibacter_anthropi	564369	S	1340	291	1631	0.00012
Rhodanobacter_denitrificans	666685	S	3090	1411	4501	0.00033
Rhodanobacter_sp._FDAARGOS_1247	2778082	S	2113	851	2964	0.00022
Rhodanobacter_thiooxydans	416169	S	1846	990	2836	0.00021
Rhodanobacter_glycinis	582702	S	1455	314	1769	0.00013
Dyella_thiooxydans	445710	S	2623	964	3587	0.00027
Dyella_japonica	231455	S	1483	532	2015	0.00015
Dyella_telluris	2763498	S	1325	420	1745	0.00013
Dyella_terrae	522259	S	1143	192	1335	0.00010
Dyella_caseinilytica	1849581	S	917	84	1001	0.00007
Dyella_sp._M7H15-1	2501295	S	683	82	765	0.00006
Frateuria_sp._5GH9-34	2898793	S	2377	908	3285	0.00024
Frateuria_sp._5GH9-11	1542730	S	2219	1077	3296	0.00024
Frateuria_aurantia	81475	S	869	132	1001	0.00007
Dokdonella_koreensis	323415	S	5457	1154	6611	0.00049
Aerosticca_soli	2010829	S	2531	3837	6368	0.00047
Ahniella_affigens	2021234	S	1870	58	1928	0.00014
Klebsiella_pneumoniae	573	S	800	39002	39802	0.00295
Klebsiella_quasipneumoniae	1463165	S	589	2182	2771	0.00021
Klebsiella_oxytoca	571	S	410	335	745	0.00006
Klebsiella_aerogenes	548	S	378	259	637	0.00005
Klebsiella_sp._A52	2834819	S	17	312	329	0.00002
Klebsiella_variicola	244366	S	271	1141	1412	0.00010
Klebsiella_michiganensis	1134687	S	239	1111	1350	0.00010
Klebsiella_africana	2489010	S	98	71	169	0.00001
Klebsiella_quasivariicola	2026240	S	88	114	202	0.00002
Klebsiella_huaxiensis	2153354	S	86	98	184	0.00001
Klebsiella_grimontii	2058152	S	59	488	547	0.00004
Raoultella_sp._HC6	2923366	S	240	180	420	0.00003
Raoultella_ornithinolytica	54291	S	178	1343	1521	0.00011
Raoultella_planticola	575	S	166	194	360	0.00003
Raoultella_terrigena	577	S	93	184	277	0.00002
Raoultella_electrica	1259973	S	77	210	287	0.00002
Enterobacter_cloacae	550	S	920	1782	2702	0.00020
Enterobacter_hormaechei	158836	S	313	5506	5819	0.00043
Enterobacter_cancerogenus	69218	S	260	110	370	0.00003
Enterobacter_asburiae	61645	S	258	1441	1699	0.00013
Enterobacter_roggenkampii	1812935	S	164	803	967	0.00007
Enterobacter_chengduensis	2494701	S	132	111	243	0.00002
Enterobacter_ludwigii	299767	S	126	361	487	0.00004
Enterobacter_chuandaensis	2497875	S	116	92	208	0.00002
Enterobacter_kobei	208224	S	98	1359	1457	0.00011
Enterobacter_cloacae_complex_sp.	2027919	S	36	1108	1144	0.00008
Enterobacter_sp._BIDMC_29	1329841	S	25	101	126	0.00001
Enterobacter_cloacae_complex_sp._ECNIH7	1915310	S	10	90	100	0.00001
Enterobacter_sichuanensis	2071710	S	59	63	122	0.00001
Enterobacter_sp._JUb54	2724468	S	233	59	292	0.00002
Enterobacter_sp._SA187	1914861	S	226	49	275	0.00002
Enterobacter_sp._E76	2596949	S	137	311	448	0.00003
Enterobacter_sp._RHBSTW-00994	2742676	S	91	28	119	0.00001
Enterobacter_sp._RHBSTW-00175	2742639	S	85	98	183	0.00001
Enterobacter_sp._Colony194	2866201	S	65	91	156	0.00001
Enterobacter_sp._SGAir0187	2836161	S	51	70	121	0.00001
Enterobacter_sp._JBIWA008	2831892	S	45	35	80	0.00001
Enterobacter_sp._JBIWA003	2831890	S	41	63	104	0.00001
Enterobacter_sp._SES19	2705458	S	26	30	56	0.00000
Enterobacter_sp._JBIWA005	2831891	S	21	47	68	0.00001
Enterobacter_sp._N18-03635	2500132	S	14	42	56	0.00000
Enterobacter_sp._HK169	1868135	S	13	70	83	0.00001
Enterobacter_sp._E20	1560339	S	10	108	118	0.00001
Enterobacter_sp._RHBSTW-00975	2742673	S	10	87	97	0.00001
Enterobacter_huaxiensis	2494702	S	172	63	235	0.00002
Enterobacter_mori	539813	S	148	233	381	0.00003
Enterobacter_oligotrophicus	2478464	S	106	40	146	0.00001
Enterobacter_soli	885040	S	91	29	120	0.00001
Enterobacter_bugandensis	881260	S	86	190	276	0.00002
Citrobacter_freundii	546	S	331	1790	2121	0.00016
Citrobacter_werkmanii	67827	S	56	166	222	0.00002
Citrobacter_braakii	57706	S	55	518	573	0.00004
Citrobacter_portucalensis	1639133	S	51	640	691	0.00005
Citrobacter_sedlakii	67826	S	25	90	115	0.00001
Citrobacter_freundii_complex_sp._CFNIH2	2066049	S	19	27	46	0.00000
Citrobacter_youngae	133448	S	12	46	58	0.00000
Citrobacter_sp._R56	1573676	S	146	71	217	0.00002
Citrobacter_sp._RHB25-C09	2742624	S	110	81	191	0.00001
Citrobacter_sp._BDA59-3	2781952	S	37	24	61	0.00000
Citrobacter_rodentium	67825	S	230	0	230	0.00002
Citrobacter_farmeri	67824	S	161	99	260	0.00002
Citrobacter_amalonaticus	35703	S	160	935	1095	0.00008
Citrobacter_koseri	545	S	89	149	238	0.00002
Citrobacter_tructae	2562449	S	86	49	135	0.00001
Citrobacter_pasteurii	1563222	S	43	44	87	0.00001
Citrobacter_arsenatis	2546350	S	40	17	57	0.00000
Citrobacter_cronae	1748967	S	14	135	149	0.00001
Cronobacter_sakazakii	28141	S	390	368	758	0.00006
Cronobacter_dublinensis	413497	S	311	133	444	0.00003
Cronobacter_universalis	535744	S	219	182	401	0.00003
Cronobacter_condimenti	1163710	S	212	71	283	0.00002
Cronobacter_malonaticus	413503	S	93	110	203	0.00002
Cronobacter_muytjensii	413501	S	48	211	259	0.00002
Cronobacter_sp._JZ38	1906275	S	33	112	145	0.00001
Kosakonia_cowanii	208223	S	307	259	566	0.00004
Kosakonia_sp._SMBL-WEM22	2725560	S	120	59	179	0.00001
Kosakonia_sp._CCTCC_M2018092	2492396	S	91	94	185	0.00001
Kosakonia_sp._MUSA4	2067958	S	88	48	136	0.00001
Kosakonia_sacchari	1158459	S	276	140	416	0.00003
Kosakonia_radicincitans	283686	S	120	165	285	0.00002
Kosakonia_arachidis	551989	S	107	33	140	0.00001
Kosakonia_pseudosacchari	1646340	S	93	55	148	0.00001
Kosakonia_oryzae	497725	S	91	71	162	0.00001
Leclercia_adecarboxylata	83655	S	499	1038	1537	0.00011
Leclercia_sp._29361	2714951	S	189	91	280	0.00002
Leclercia_sp._J807	2681307	S	38	65	103	0.00001
Leclercia_sp._W17	2282309	S	33	107	140	0.00001
Leclercia_sp._G3L	2898725	S	26	157	183	0.00001
Leclercia_sp._W6	2282310	S	22	47	69	0.00001
Leclercia_sp._119287	2681308	S	18	63	81	0.00001
Leclercia_sp._LSNIH1	1920114	S	14	228	242	0.00002
Leclercia_pneumoniae	2815358	S	138	79	217	0.00002
Salmonella_enterica	28901	S	1098	37322	38420	0.00285
Salmonella_bongori	54736	S	133	45	178	0.00001
Pluralibacter_gergoviae	61647	S	879	272	1151	0.00009
[Enterobacter]_lignolyticus	1334193	S	462	145	607	0.00005
Escherichia_coli	562	S	653	18635	19288	0.00143
Escherichia_albertii	208962	S	143	148	291	0.00002
Escherichia_fergusonii	564	S	78	251	329	0.00002
Escherichia_marmotae	1499973	S	69	48	117	0.00001
Escherichia_sp._E4742	2044467	S	37	30	67	0.00000
Cedecea_neteri	158822	S	639	151	790	0.00006
Cedecea_sp._FDAARGOS_727	2545798	S	170	40	210	0.00002
Cedecea_lapagei	158823	S	149	44	193	0.00001
Lelliottia_amnigena	61646	S	459	151	610	0.00005
Lelliottia_sp._AC1	2067959	S	64	62	126	0.00001
Lelliottia_sp._WB101	2153385	S	50	62	112	0.00001
Kluyvera_ascorbata	51288	S	174	160	334	0.00002
Kluyvera_intermedia	61648	S	113	102	215	0.00002
Kluyvera_sp._CRP	2873269	S	19	57	76	0.00001
Kluyvera_genomosp._3	2774055	S	15	42	57	0.00000
Candidatus_Symbiopectobacterium_sp._SyEd1	2871826	S	171	25	196	0.00001
Candidatus_Hamiltonella_defensa	138072	S	35	2	37	0.00000
secondary_endosymbiont_of_Ctenarytaina_eucalypti	1199245	S	34	1	35	0.00000
secondary_endosymbiont_of_Heteropsylla_cubana	134287	S	21	1	22	0.00000
Blochmannia_endosymbiont_of_Colobopsis_nipponica	2681987	S	17	10	27	0.00000
Candidatus_Doolittlea_endobia	1778262	S	23	1	24	0.00000
Candidatus_Hoaglandella_endobia	1778263	S	18	1	19	0.00000
Candidatus_Mikella_endobia	1778264	S	12	1	13	0.00000
Candidatus_Purcelliella_pentastirinorum	472834	S	11	1	12	0.00000
Candidatus_Tachikawaea_gelatinosa	1410383	S	10	2	12	0.00000
Jejubacter_calystegiae	2579935	S	307	39	346	0.00003
Pseudescherichia_vulneris	566	S	256	19	275	0.00002
Atlantibacter_hermannii	565	S	248	62	310	0.00002
Plesiomonas_shigelloides	703	S	243	90	333	0.00002
Shimwellia_blattae	563	S	232	55	287	0.00002
Buttiauxella_agrestis	82977	S	82	18	100	0.00001
Buttiauxella_ferragutiae	82989	S	24	75	99	0.00001
Buttiauxella_sp._3AFRM03	2479367	S	13	37	50	0.00000
Yokenella_regensburgei	158877	S	188	98	286	0.00002
Pseudocitrobacter_sp._G163CM	2891570	S	186	56	242	0.00002
Scandinavium_goeteborgense	1851514	S	155	34	189	0.00001
Phytobacter_ursingii	1972431	S	115	180	295	0.00002
Phytobacter_diazotrophicus	395631	S	13	101	114	0.00001
Phytobacter_sp._SCO41	1756993	S	13	23	36	0.00000
Shigella_flexneri	623	S	20	1254	1274	0.00009
Shigella_boydii	621	S	16	348	364	0.00003
Candidatus_Profftia_tarda	1177216	S	17	0	17	0.00000
Candidatus_Profftia_lariciata	1987921	S	12	1	13	0.00000
Candidatus_Moranella_endobia	1048758	S	30	0	30	0.00000
Candidatus_Ishikawaella_capsulata	168169	S	23	1	24	0.00000
Candidatus_Schneideria_nysicola	1081631	S	11	0	11	0.00000
Serratia_marcescens	615	S	1553	3786	5339	0.00040
Serratia_sp._ATCC_39006	104623	S	132	16	148	0.00001
Serratia_sp._FDAARGOS_506	2420306	S	132	152	284	0.00002
Serratia_sp._FGI94	671990	S	67	85	152	0.00001
Serratia_sp._1D1416	2447890	S	35	137	172	0.00001
Serratia_sp._3ACOL1	2448483	S	32	54	86	0.00001
Serratia_sp._FS14	1327989	S	26	150	176	0.00001
Serratia_sp._JSRIV002	2831894	S	22	99	121	0.00001
Serratia_sp._Tan611	2773264	S	15	114	129	0.00001
Serratia_sp._P2ACOL2	2482769	S	15	54	69	0.00001
Serratia_sp._MYb239	2033438	S	13	128	141	0.00001
Serratia_sp._JSRIV006	2831896	S	10	61	71	0.00001
Serratia_sp._JSRIV004	2831895	S	10	61	71	0.00001
Serratia_plymuthica	82996	S	548	341	889	0.00007
Serratia_entomophila	42906	S	427	126	553	0.00004
Serratia_rubidaea	61652	S	367	492	859	0.00006
Serratia_odorifera	618	S	303	61	364	0.00003
Serratia_proteamaculans	28151	S	266	73	339	0.00003
Serratia_fonticola	47917	S	244	252	496	0.00004
Serratia_surfactantfaciens	2741499	S	204	139	343	0.00003
Serratia_quinivorans	137545	S	146	65	211	0.00002
Serratia_liquefaciens	614	S	134	204	338	0.00003
Serratia_grimesii	82995	S	127	17	144	0.00001
Serratia_symbiotica	138074	S	98	18	116	0.00001
Serratia_inhibens	2338073	S	96	61	157	0.00001
Serratia_rhizosphaerae	2597702	S	87	96	183	0.00001
Serratia_ureilytica	300181	S	48	736	784	0.00006
Serratia_ficaria	61651	S	26	139	165	0.00001
Serratia_nematodiphila	458197	S	13	150	163	0.00001
Rahnella_aquatilis	34038	S	256	391	647	0.00005
Rahnella_victoriana	1510570	S	198	34	232	0.00002
Rahnella_inusitata	58169	S	182	58	240	0.00002
Rahnella_sp._ERMR1:05	1805933	S	176	30	206	0.00002
Rahnella_aceris	2703885	S	33	74	107	0.00001
Yersinia_similis	367190	S	25	4	29	0.00000
Yersinia_pseudotuberculosis	633	S	20	18	38	0.00000
Yersinia_pestis	632	S	19	4742	4761	0.00035
Yersinia_ruckeri	29486	S	87	18	105	0.00001
Yersinia_enterocolitica	630	S	86	133	219	0.00002
Yersinia_rohdei	29485	S	71	15	86	0.00001
Yersinia_entomophaga	935293	S	68	13	81	0.00001
Yersinia_frederiksenii	29484	S	56	42	98	0.00001
Yersinia_mollaretii	33060	S	52	11	63	0.00000
Yersinia_aldovae	29483	S	42	9	51	0.00000
Yersinia_canariae	2607663	S	41	15	56	0.00000
Yersinia_aleksiciae	263819	S	33	8	41	0.00000
Yersinia_intermedia	631	S	31	83	114	0.00001
Yersinia_kristensenii	28152	S	18	41	59	0.00000
Yersinia_massiliensis	419257	S	13	33	46	0.00000
Yersinia_hibernica	2339259	S	10	14	24	0.00000
Nissabacter_sp._SGAir0207	2126321	S	641	114	755	0.00006
Gibbsiella_quercinecans	929813	S	381	62	443	0.00003
Ewingella_americana	41202	S	218	36	254	0.00002
Rouxiella_badensis	1646377	S	187	20	207	0.00002
Chania_multitudinisentens	1639108	S	109	14	123	0.00001
Candidatus_Fukatsuia_symbiotica	1878942	S	56	4	60	0.00000
Pantoea_sp._Z09	2886821	S	540	190	730	0.00005
Pantoea_sp._SO10	2575375	S	288	61	349	0.00003
Pantoea_sp._At-9b	592316	S	202	43	245	0.00002
Pantoea_sp._MSR2	2052056	S	190	22	212	0.00002
Pantoea_sp._CCBC3-3-1	2490851	S	170	38	208	0.00002
Pantoea_sp._MT58	2768165	S	21	147	168	0.00001
Pantoea_sp._SM3640	2787629	S	13	84	97	0.00001
Pantoea_agglomerans	549	S	1256	403	1659	0.00012
Pantoea_dispersa	59814	S	957	284	1241	0.00009
Pantoea_vagans	470934	S	404	562	966	0.00007
Pantoea_ananatis	553	S	320	99	419	0.00003
Pantoea_deleyi	470932	S	266	67	333	0.00002
Pantoea_cypripedii	55209	S	217	13	230	0.00002
Pantoea_alhagi	1891675	S	213	73	286	0.00002
Pantoea_stewartii	66269	S	182	49	231	0.00002
Pantoea_rwandensis	1076550	S	155	36	191	0.00001
Candidatus_Pantoea_carbekii	1235990	S	18	2	20	0.00000
Pantoea_eucalypti	470933	S	13	82	95	0.00001
Erwinia_sp._E602	2675378	S	533	109	642	0.00005
Erwinia_sp._J780	2681984	S	122	26	148	0.00001
Erwinia_sp._QL-Z3	2547962	S	29	96	125	0.00001
Erwinia_sp._Ejp617	215689	S	20	39	59	0.00000
Erwinia_gerundensis	1619313	S	291	63	354	0.00003
Erwinia_persicina	55211	S	254	60	314	0.00002
Erwinia_rhapontici	55212	S	197	43	240	0.00002
Erwinia_amylovora	552	S	152	61	213	0.00002
Erwinia_tasmaniensis	338565	S	147	34	181	0.00001
Erwinia_billingiae	182337	S	113	245	358	0.00003
Candidatus_Erwinia_haradaeae	1922217	S	98	2	100	0.00001
Erwinia_tracheiphila	65700	S	91	14	105	0.00001
[Pantoea]_beijingensis	1324864	S	90	19	109	0.00001
Erwinia_pyrifoliae	79967	S	22	41	63	0.00000
Mixta_gaviniae	665914	S	397	171	568	0.00004
Mixta_calida	665913	S	353	217	570	0.00004
Mixta_theicola	1458355	S	245	89	334	0.00002
Mixta_sp._X22927	2872648	S	172	103	275	0.00002
Mixta_intestinalis	1615494	S	158	50	208	0.00002
Buchnera_aphidicola	9	S	268	42	310	0.00002
Tatumella_ptyseos	82987	S	84	17	101	0.00001
Tatumella_citrea	53336	S	51	8	59	0.00000
Wigglesworthia_glossinidia	51229	S	25	2	27	0.00000
Dickeya_dadantii	204038	S	350	297	647	0.00005
Dickeya_chrysanthemi	556	S	303	103	406	0.00003
Dickeya_zeae	204042	S	286	306	592	0.00004
Dickeya_dianthicola	204039	S	243	124	367	0.00003
Dickeya_fangzhongdai	1778540	S	139	598	737	0.00005
Dickeya_poaceiphila	568768	S	135	26	161	0.00001
Dickeya_sp._NCPPB_3274	568766	S	91	63	154	0.00001
Dickeya_sp._Secpp_1600	2037915	S	10	100	110	0.00001
Dickeya_solani	1089444	S	101	244	345	0.00003
Dickeya_oryzae	1240404	S	17	36	53	0.00000
Pectobacterium_carotovorum	554	S	241	561	802	0.00006
Pectobacterium_brasiliense	180957	S	158	196	354	0.00003
Pectobacterium_sp._LJ1	2878098	S	71	22	93	0.00001
Pectobacterium_sp._PL64	2738983	S	33	23	56	0.00000
Pectobacterium_atrosepticum	29471	S	92	38	130	0.00001
Pectobacterium_parmentieri	1905730	S	86	30	116	0.00001
Pectobacterium_polaris	2042057	S	86	65	151	0.00001
Pectobacterium_punjabense	2108399	S	62	16	78	0.00001
Pectobacterium_versatile	2488639	S	47	111	158	0.00001
Pectobacterium_odoriferum	78398	S	46	36	82	0.00001
Pectobacterium_wasabiae	55208	S	43	14	57	0.00000
Pectobacterium_quasiaquaticum	2774015	S	33	34	67	0.00000
Pectobacterium_parvum	2778550	S	33	53	86	0.00001
Pectobacterium_aroidearum	1201031	S	31	50	81	0.00001
Pectobacterium_aquaticum	2204145	S	15	20	35	0.00000
Brenneria_goodwinii	1109412	S	252	275	527	0.00004
Brenneria_izadpanahii	2722756	S	248	280	528	0.00004
Brenneria_rubrifaciens	55213	S	171	72	243	0.00002
Lonsdalea_populi	1172565	S	243	80	323	0.00002
Lonsdalea_britannica	1082704	S	226	68	294	0.00002
Musicola_paradisiaca	69223	S	311	0	311	0.00002
Edwardsiella_tarda	636	S	443	652	1095	0.00008
Edwardsiella_hoshinae	93378	S	278	67	345	0.00003
Edwardsiella_ictaluri	67780	S	164	396	560	0.00004
Edwardsiella_piscicida	1263550	S	60	539	599	0.00004
Edwardsiella_sp._EA181011	1578828	S	11	102	113	0.00001
Hafnia_alvei	569	S	122	149	271	0.00002
Hafnia_paralvei	546367	S	50	22	72	0.00001
Obesumbacterium_proteus	82983	S	40	32	72	0.00001
Morganella_morganii	582	S	473	486	959	0.00007
Providencia_rettgeri	587	S	88	171	259	0.00002
Providencia_alcalifaciens	126385	S	64	32	96	0.00001
Providencia_heimbachae	333962	S	27	11	38	0.00000
Providencia_sneebia	516075	S	27	2	29	0.00000
Providencia_sp._R33	2828763	S	24	7	31	0.00000
Providencia_rustigianii	158850	S	21	8	29	0.00000
Providencia_stuartii	588	S	13	95	108	0.00001
Xenorhabdus_bovienii	40576	S	78	21	99	0.00001
Xenorhabdus_doucetiae	351671	S	68	11	79	0.00001
Xenorhabdus_nematophila	628	S	47	9	56	0.00000
Xenorhabdus_poinarii	40577	S	41	9	50	0.00000
Xenorhabdus_hominickii	351679	S	38	7	45	0.00000
Xenorhabdus_budapestensis	290110	S	29	4	33	0.00000
Proteus_mirabilis	584	S	71	215	286	0.00002
Proteus_vulgaris	585	S	27	68	95	0.00001
Proteus_penneri	102862	S	19	22	41	0.00000
Proteus_hauseri	183417	S	10	2	12	0.00000
Photorhabdus_laumondii	2218628	S	47	9	56	0.00000
Photorhabdus_akhurstii	171438	S	46	8	54	0.00000
Photorhabdus_thracensis	230089	S	43	7	50	0.00000
Photorhabdus_asymbiotica	291112	S	37	4	41	0.00000
Arsenophonus_endosymbiont_of_Aleurodicus_dispersus	235559	S	14	0	14	0.00000
Arsenophonus_endosymbiont_of_Aphis_craccivora	1231049	S	13	4	17	0.00000
Arsenophonus_endosymbiont_of_Apis_mellifera	1541805	S	10	3	13	0.00000
Arsenophonus_nasoniae	638	S	13	4	17	0.00000
Moellerella_wisconsensis	158849	S	31	25	56	0.00000
Sodalis_sp._dw_23	2697027	S	455	34	489	0.00004
Sodalis_endosymbiont_of_Henestaris_halophilus	1929246	S	22	0	22	0.00000
Sodalis_praecaptivus	1239307	S	270	199	469	0.00003
Sodalis_glossinidius	63612	S	251	40	291	0.00002
Candidatus_Sodalis_pierantonius	1486991	S	92	72	164	0.00001
Leminorella_richardii	158841	S	171	28	199	0.00001
Pragia_fontium	82985	S	59	11	70	0.00001
Jinshanibacter_zhutongyuii	2498113	S	37	13	50	0.00000
Limnobaculum_parvum	2172103	S	29	12	41	0.00000
Thioalkalivibrio_sulfidiphilus	1033854	S	2282	1531	3813	0.00028
Thioalkalivibrio_paradoxus	108010	S	2253	748	3001	0.00022
Thioalkalivibrio_nitratireducens	186931	S	2153	648	2801	0.00021
Thioalkalivibrio_versutus	106634	S	1532	236	1768	0.00013
Thioalkalivibrio_sp._K90mix	396595	S	1508	223	1731	0.00013
Spiribacter_sp._E85	2182432	S	4449	523	4972	0.00037
Spiribacter_sp._2438	2666185	S	820	106	926	0.00007
Spiribacter_curvatus	1335757	S	1014	72	1086	0.00008
Spiribacter_salinus	1335746	S	724	75	799	0.00006
Acidihalobacter_aeolianus	2792603	S	1899	308	2207	0.00016
Acidihalobacter_ferrooxydans	1765967	S	1596	192	1788	0.00013
Acidihalobacter_yilgarnensis	2819280	S	991	78	1069	0.00008
Halorhodospira_halophila	1053	S	1963	282	2245	0.00017
Halorhodospira_halochloris	1052	S	340	19	359	0.00003
Aquisalimonas_sp._2447	2740807	S	1947	171	2118	0.00016
Alkalilimnicola_ehrlichii	351052	S	1812	289	2101	0.00016
Ectothiorhodospira_haloalkaliphila	421628	S	729	285	1014	0.00008
Ectothiorhodospira_sp._BSL-9	1442136	S	706	264	970	0.00007
Ectothiorhodosinus_mongolicus	233100	S	252	21	273	0.00002
Allochromatium_tepidum	553982	S	1591	915	2506	0.00019
Allochromatium_vinosum	1049	S	1463	681	2144	0.00016
Thioflavicoccus_mobilis	80679	S	3331	355	3686	0.00027
Candidatus_Thiodictyon_syntrophicum	1166950	S	3296	205	3501	0.00026
Marichromatium_purpuratum	37487	S	2929	661	3590	0.00027
Thiocapsa_bogorovii	521689	S	2529	156	2685	0.00020
Thiocystis_violascens	73141	S	1902	187	2089	0.00015
Thermochromatium_tepidum	1050	S	1187	323	1510	0.00011
Caldichromatium_japonicum	2699430	S	861	114	975	0.00007
Nitrosococcus_wardiae	1814290	S	207	29	236	0.00002
Nitrosococcus_halophilus	133539	S	206	30	236	0.00002
Nitrosococcus_watsonii	473531	S	136	38	174	0.00001
Nitrosococcus_oceani	1229	S	132	34	166	0.00001
Rheinheimera_sp._F8	1763998	S	140	8	148	0.00001
Rheinheimera_sp._D18	2545632	S	46	46	92	0.00001
Rheinheimera_mangrovi	2498451	S	64	7	71	0.00001
Candidatus_Nitrosacidococcus_tergens	553981	S	74	4	78	0.00001
Candidatus_Nitrosoglobus_terrae	1630141	S	45	3	48	0.00000
Wenzhouxiangella_marina	1579979	S	2226	164	2390	0.00018
Wenzhouxiangella_sp._AB-CW3	2771012	S	1337	68	1405	0.00010
Thiohalobacter_sp._COW1	2795687	S	502	1130	1632	0.00012
Thiohalobacter_thiocyanaticus	585455	S	415	1156	1571	0.00012
Sulfurivermis_fontis	1972068	S	1990	874	2864	0.00021
Guyparkeria_halophila	47960	S	1925	558	2483	0.00018
Woeseia_oceani	1548547	S	1355	27	1382	0.00010
Halothiobacillus_sp._LS2	1860122	S	896	109	1005	0.00007
Halothiobacillus_neapolitanus	927	S	332	47	379	0.00003
Sulfuriflexus_mobilis	1811807	S	498	17	515	0.00004
Granulosicoccus_antarcticus	437505	S	396	7	403	0.00003
Halomonas_sp._THAF5a	2587844	S	1470	627	2097	0.00016
Halomonas_sp._1513	1883416	S	1256	295	1551	0.00011
Halomonas_sp._YLGW01	2773308	S	1079	199	1278	0.00009
Halomonas_sp._MCCC_1A13316	2733487	S	1060	147	1207	0.00009
Halomonas_sp._HG01	1609967	S	1031	502	1533	0.00011
Halomonas_sp._THAF12	2587849	S	1022	709	1731	0.00013
Halomonas_sp._JS92-SW72	2306583	S	858	1084	1942	0.00014
Halomonas_sp._PGE1	2730360	S	678	1051	1729	0.00013
Halomonas_sp._Y2R2	2562282	S	426	25	451	0.00003
Halomonas_sp._A40-4	2785909	S	314	91	405	0.00003
Halomonas_sp._SH5A2	2749040	S	283	53	336	0.00002
Halomonas_sp._KO116	1504981	S	231	102	333	0.00002
Halomonas_sp._R57-5	1610576	S	195	83	278	0.00002
Halomonas_sp._18071143	2855441	S	181	411	592	0.00004
Halomonas_sp._SS10-MC5	2854257	S	149	1286	1435	0.00011
Halomonas_sp._FeN2	2832500	S	147	64	211	0.00002
Halomonas_sp._GFAJ-1	1118153	S	125	23	148	0.00001
Halomonas_sp._SF2003	2136172	S	125	587	712	0.00005
Halomonas_sp._NyZ770	2883106	S	90	382	472	0.00004
Halomonas_sp._TD01	999141	S	76	43	119	0.00001
Halomonas_sp._HL-93	1666906	S	65	479	544	0.00004
Halomonas_sp._N3-2A	2014541	S	64	81	145	0.00001
Halomonas_sp._hl-4	1761789	S	60	428	488	0.00004
Halomonas_sp._GT	1971364	S	32	23	55	0.00000
Halomonas_sp._A3H3	1346287	S	28	719	747	0.00006
Halomonas_beimenensis	475662	S	1645	348	1993	0.00015
Halomonas_aestuarii	1897729	S	1214	271	1485	0.00011
Halomonas_socia	1081866	S	1148	228	1376	0.00010
Halomonas_tianxiuensis	2497861	S	1097	247	1344	0.00010
Halomonas_sulfidivorans	2733488	S	1063	227	1290	0.00010
Halomonas_elongata	2746	S	1022	113	1135	0.00008
Halomonas_chromatireducens	507626	S	833	70	903	0.00007
Halomonas_subglaciescola	29571	S	588	68	656	0.00005
Halomonas_meridiana	29570	S	513	430	943	0.00007
Halomonas_huangheensis	1178482	S	475	28	503	0.00004
Halomonas_piezotolerans	2609667	S	365	199	564	0.00004
Halomonas_profundi	2852117	S	198	29	227	0.00002
Halomonas_titanicae	664683	S	145	711	856	0.00006
Halomonas_sulfidoxydans	2733484	S	137	1163	1300	0.00010
Halomonas_hydrothermalis	115561	S	118	334	452	0.00003
Halomonas_venusta	44935	S	98	120	218	0.00002
Halomonas_campaniensis	213554	S	24	109	133	0.00001
Halomonas_alkaliphila	272774	S	15	75	90	0.00001
Cobetia_sp._L2A1	2686360	S	393	51	444	0.00003
Cobetia_sp._cqz5-12	2609415	S	246	339	585	0.00004
Cobetia_sp._AM6	2661553	S	96	537	633	0.00005
Cobetia_sp._4B	2758724	S	96	416	512	0.00004
Cobetia_pacifica	1055101	S	149	391	540	0.00004
Cobetia_amphilecti	1055104	S	52	312	364	0.00003
Cobetia_marina	28258	S	23	258	281	0.00002
Halotalea_alkalilenta	376489	S	1758	386	2144	0.00016
Salinicola_tamaricis	1771309	S	1583	200	1783	0.00013
Kushneria_phosphatilytica	657387	S	484	20	504	0.00004
Kushneria_marisflavi	157779	S	400	80	480	0.00004
Kushneria_konosiri	698828	S	378	77	455	0.00003
Chromohalobacter_salexigens	158080	S	1267	152	1419	0.00011
Pistricoccus_aurantiacus	1883414	S	723	53	776	0.00006
Zymobacter_palmae	33074	S	275	40	315	0.00002
Candidatus_Portiera_aleyrodidarum	91844	S	43	6	49	0.00000
Candidatus_Carsonella_ruddii	114186	S	10	10	20	0.00000
Alcanivorax_sp._N3-2A	2014542	S	1215	1526	2741	0.00020
Alcanivorax_sp._NBRC_101098	1113728	S	12	204	216	0.00002
Alcanivorax_pacificus	1306787	S	1051	421	1472	0.00011
Alcanivorax_xenomutans	1094342	S	598	370	968	0.00007
Alcanivorax_dieselolei	285091	S	567	217	784	0.00006
Ketobacter_alkanivorans	1917421	S	212	20	232	0.00002
Marinobacterium_aestuarii	1821621	S	718	62	780	0.00006
Marinobacterium_georgiense	48076	S	303	121	424	0.00003
Marinobacterium_sediminicola	518898	S	300	63	363	0.00003
Marinobacterium_sp._LSUCC0821	2668067	S	53	4	57	0.00000
Marinomonas_sp._A3A	2065312	S	32	6	38	0.00000
Marinomonas_sp._CT5	2066133	S	29	3	32	0.00000
Marinomonas_sp._FW-1	2071621	S	26	9	35	0.00000
Marinomonas_primoryensis	178399	S	69	12	81	0.00001
Marinomonas_mediterranea	119864	S	60	7	67	0.00000
Marinomonas_profundi	2726122	S	59	25	84	0.00001
Marinomonas_arctica	383750	S	43	14	57	0.00000
Marinomonas_posidonica	936476	S	40	7	47	0.00000
Marinomonas_foliarum	491950	S	35	20	55	0.00000
Marinomonas_algicola	2773454	S	22	4	26	0.00000
Thalassolituus_sp._C2-1	2597518	S	191	16	207	0.00002
Thalassolituus_oleivorans	187493	S	75	21	96	0.00001
Venatorbacter_cucullus	2661630	S	250	69	319	0.00002
Bacterioplanes_sanyensis	1249553	S	183	12	195	0.00001
Neptunomonas_phycophila	1572645	S	53	5	58	0.00000
Neptunomonas_concharum	1031538	S	51	5	56	0.00000
Neptunomonas_japonica	417574	S	38	3	41	0.00000
Nitrincola_iocasae	2614693	S	114	21	135	0.00001
Amphritea_japonica	452627	S	72	6	78	0.00001
Bermanella_marisrubri	207949	S	44	2	46	0.00000
Hahella_sp._KA22	1628392	S	425	64	489	0.00004
Hahella_chejuensis	158327	S	405	52	457	0.00003
Saccharospirillum_mangrovi	2161747	S	539	36	575	0.00004
Reinekea_forsetii	1336806	S	222	13	235	0.00002
Gynuella_sunshinyii	1445505	S	141	4	145	0.00001
Litoricola_lipolytica	418701	S	343	19	362	0.00003
Spartinivicinus_ruber	2683272	S	210	7	217	0.00002
Endozoicomonas_montiporae	1027273	S	129	8	137	0.00001
Oleiphilus_messinensis	141451	S	128	11	139	0.00001
Methylococcus_sp._EFPC2	2812648	S	1898	145	2043	0.00015
Methylococcus_sp._Mc7	2860258	S	1640	575	2215	0.00016
Methylococcus_capsulatus	414	S	1529	417	1946	0.00014
Methylococcus_geothermalis	2681310	S	1316	401	1717	0.00013
Methylomonas_sp._LL1	2785785	S	575	29	604	0.00004
Methylomonas_sp._DH-1	1727196	S	203	368	571	0.00004
Methylomonas_sp._LW13	107637	S	197	120	317	0.00002
Methylomonas_sp._EFPC1	2812647	S	193	125	318	0.00002
Methylomonas_koyamae	702114	S	538	526	1064	0.00008
Methylomonas_rhizoryzae	2608981	S	507	22	529	0.00004
Methylomonas_denitrificans	1538553	S	437	31	468	0.00003
Methylomonas_methanica	421	S	354	19	373	0.00003
Methylomonas_paludis	1173101	S	123	6	129	0.00001
Methylomagnum_ishizawai	1760988	S	2008	98	2106	0.00016
Methylomicrobium_album	39775	S	1605	71	1676	0.00012
Methylomicrobium_sp._wino1	2049332	S	318	269	587	0.00004
Methylocaldum_marinum	1432792	S	1841	118	1959	0.00015
Methylogaea_oryzae	1295382	S	1811	155	1966	0.00015
Candidatus_Methylospira_mobilis	1808979	S	645	30	675	0.00005
Methylotuvimicrobium_buryatense	95641	S	209	241	450	0.00003
Methylotuvimicrobium_alcaliphilum	271065	S	152	205	357	0.00003
Methylovulum_psychrotolerans	1704499	S	281	7	288	0.00002
Methylobacter_sp._S3L5C	2839024	S	133	9	142	0.00001
Aeromonas_sp._FDAARGOS_1415	2778064	S	278	173	451	0.00003
Aeromonas_sp._CA23	2033032	S	235	112	347	0.00003
Aeromonas_sp._CU5	2033033	S	157	74	231	0.00002
Aeromonas_sp._FDAARGOS_1409	2778058	S	130	213	343	0.00003
Aeromonas_sp._FDAARGOS_1407	2778056	S	51	178	229	0.00002
Aeromonas_sp._FDAARGOS_1405	2778054	S	45	84	129	0.00001
Aeromonas_sp._ASNIH4	1636609	S	42	228	270	0.00002
Aeromonas_sp._FDAARGOS_1410	2778059	S	40	108	148	0.00001
Aeromonas_sp._2692-1	2560029	S	35	193	228	0.00002
Aeromonas_sp._1805	2560028	S	33	104	137	0.00001
Aeromonas_sp._FDAARGOS_1403	2778052	S	30	103	133	0.00001
Aeromonas_sp._FDAARGOS_1404	2778053	S	29	117	146	0.00001
Aeromonas_sp._FDAARGOS_1408	2778057	S	26	170	196	0.00001
Aeromonas_sp._FDAARGOS_1417	2778066	S	25	82	107	0.00001
Aeromonas_sp._ASNIH2	1636607	S	19	281	300	0.00002
Aeromonas_sp._WP2-W18-CRE-05	2675707	S	19	840	859	0.00006
Aeromonas_sp._ASNIH1	1636606	S	17	372	389	0.00003
Aeromonas_sp._ASNIH5	1758179	S	15	287	302	0.00002
Aeromonas_sp._FDAARGOS_1411	2778060	S	15	54	69	0.00001
Aeromonas_sp._FDAARGOS_1419	2778068	S	15	49	64	0.00000
Aeromonas_sp._FDAARGOS_1406	2778055	S	14	152	166	0.00001
Aeromonas_sp._FDAARGOS_1416	2778065	S	14	46	60	0.00000
Aeromonas_sp._FDAARGOS_1402	2778051	S	13	156	169	0.00001
Aeromonas_sp._FDAARGOS_1414	2778063	S	13	46	59	0.00000
Aeromonas_sp._ASNIH7	1920107	S	10	423	433	0.00003
Aeromonas_hydrophila	644	S	1395	3695	5090	0.00038
Aeromonas_veronii	654	S	1036	2526	3562	0.00026
Aeromonas_schubertii	652	S	745	240	985	0.00007
Aeromonas_media	651	S	739	1515	2254	0.00017
Aeromonas_encheleia	73010	S	696	270	966	0.00007
Aeromonas_simiae	218936	S	619	712	1331	0.00010
Aeromonas_salmonicida	645	S	613	649	1262	0.00009
Aeromonas_caviae	648	S	446	4071	4517	0.00033
Aeromonas_rivuli	648794	S	397	124	521	0.00004
Aeromonas_enteropelogenes	29489	S	373	343	716	0.00005
Aeromonas_dhakensis	196024	S	312	704	1016	0.00008
Aeromonas_jandaei	650	S	296	338	634	0.00005
Aeromonas_sanarellii	633415	S	91	491	582	0.00004
Aeromonas_allosaccharophila	656	S	57	100	157	0.00001
Aeromonas_rivipollensis	948519	S	51	91	142	0.00001
Zobellella_denitrificans	347534	S	1236	320	1556	0.00012
Oceanimonas_sp._GK1	511062	S	595	140	735	0.00005
Dongshaea_marina	2047966	S	172	18	190	0.00001
Oceanisphaera_profunda	1416627	S	93	15	108	0.00001
Oceanisphaera_avium	1903694	S	43	8	51	0.00000
Tolumonas_auensis	43948	S	114	53	167	0.00001
Succinivibrio_dextrinosolvens	83771	S	44	2	46	0.00000
Solimonas_sp._K1W22B-7	2303331	S	6116	760	6876	0.00051
Flagellatimonas_centrodinii	2806210	S	1836	162	1998	0.00015
Sinimarinibacterium_sp._NLF-5-8	2698684	S	988	614	1602	0.00012
Steroidobacter_denitrificans	465721	S	6235	1898	8133	0.00060
Sulfurifustis_variabilis	1675686	S	8297	620	8917	0.00066
Sulfuricaulis_limicola	1620215	S	3477	311	3788	0.00028
Acidiferrobacter_sp._SPIII_3	1281578	S	984	267	1251	0.00009
Acidiferrobacter_thiooxydans	163359	S	837	229	1066	0.00008
Microbulbifer_sp._YPW16	2904242	S	750	79	829	0.00006
Microbulbifer_sp._SH-1	2681547	S	631	111	742	0.00005
Microbulbifer_sp._YPW1	2745199	S	498	101	599	0.00004
Microbulbifer_sp._ALW1	1516059	S	368	70	438	0.00003
Microbulbifer_sp._GL-2	2591606	S	148	28	176	0.00001
Microbulbifer_sp._THAF38	2587856	S	143	56	199	0.00001
Microbulbifer_sp._A4B17	359370	S	118	31	149	0.00001
Microbulbifer_aggregans	1769779	S	506	71	577	0.00004
Microbulbifer_celer	435905	S	449	65	514	0.00004
Microbulbifer_hydrolyticus	48074	S	438	95	533	0.00004
Microbulbifer_thermotolerans	252514	S	433	31	464	0.00003
Microbulbifer_elongatus	86173	S	424	82	506	0.00004
Microbulbifer_agarilyticus	260552	S	269	35	304	0.00002
Microbulbifer_variabilis	266805	S	116	50	166	0.00001
Kineobactrum_salinum	2708301	S	1129	50	1179	0.00009
Halioglobus_japonicus	930805	S	557	43	600	0.00004
Halioglobus_maricola	2601894	S	431	28	459	0.00003
Congregibacter_litoralis	393662	S	425	200	625	0.00005
Aequoribacter_fuscus	2518989	S	154	23	177	0.00001
Cellvibrio_sp._PSBB006	1987723	S	403	14	417	0.00003
Cellvibrio_sp._KY-YJ-3	454662	S	250	43	293	0.00002
Cellvibrio_sp._KY-GH-1	2303332	S	181	16	197	0.00001
Cellvibrio_sp._PSBB023	1945512	S	163	19	182	0.00001
Cellvibrio_japonicus	155077	S	244	18	262	0.00002
Simiduia_agarivorans	447471	S	419	24	443	0.00003
Teredinibacter_turnerae	2426	S	214	9	223	0.00002
Teredinibacter_haidensis	2731755	S	94	7	101	0.00001
Teredinibacter_purpureus	2731756	S	93	3	96	0.00001
Marinagarivorans_sp._GE09	2721545	S	81	7	88	0.00001
Saccharophagus_degradans	86304	S	76	2	78	0.00001
Agarilytica_rhodophyticola	1737490	S	42	1	43	0.00000
Spongiibacter_nanhainus	2794344	S	439	56	495	0.00004
Spongiibacter_taiwanensis	1748242	S	432	22	454	0.00003
Spongiibacter_sp._IMCC21906	1620392	S	103	32	135	0.00001
Zhongshania_aliphaticivorans	1470434	S	212	18	230	0.00002
Oceanicoccus_sagamiensis	716816	S	96	2	98	0.00001
Shewanella_sp._FJAT-53764	2864207	S	71	105	176	0.00001
Shewanella_sp._FJAT-53532	2864203	S	66	108	174	0.00001
Shewanella_sp._FJAT-54031	2864209	S	66	95	161	0.00001
Shewanella_sp._FJAT-53555	2864204	S	62	52	114	0.00001
Shewanella_sp._FJAT-51860	2864212	S	56	9	65	0.00000
Shewanella_sp._FJAT-53681	2864205	S	51	79	130	0.00001
Shewanella_sp._FJAT-52072	2864213	S	49	59	108	0.00001
Shewanella_sp._FJAT-53870	2864208	S	48	8	56	0.00000
Shewanella_sp._FJAT-52076	2864202	S	47	60	107	0.00001
Shewanella_sp._KX20019	2803864	S	46	6	52	0.00000
Shewanella_sp._FJAT-53749	2864206	S	41	7	48	0.00000
Shewanella_sp._Scap07	2589987	S	38	5	43	0.00000
Shewanella_sp._FJAT-51649	2864210	S	33	49	82	0.00001
Shewanella_sp._WE21	2029986	S	33	18	51	0.00000
Shewanella_sp._SNU_WT4	2590015	S	32	8	40	0.00000
Shewanella_sp._ANA-3	94122	S	23	62	85	0.00001
Shewanella_sp._Arc9-LZ	2698686	S	21	9	30	0.00000
Shewanella_sp._MR-4	60480	S	21	23	44	0.00000
Shewanella_sp._FJAT-51754	2864211	S	18	25	43	0.00000
Shewanella_sp._OM3-2	2908650	S	16	2	18	0.00000
Shewanella_sp._Pdp11	2059264	S	16	48	64	0.00000
Shewanella_sp._W3-18-1	351745	S	10	128	138	0.00001
Shewanella_khirikhana	1965282	S	209	34	243	0.00002
Shewanella_algae	38313	S	196	181	377	0.00003
Shewanella_cyperi	2814292	S	194	113	307	0.00002
Shewanella_marisflavi	260364	S	138	27	165	0.00001
Shewanella_baltica	62322	S	127	142	269	0.00002
Shewanella_litorisediminis	1173586	S	124	32	156	0.00001
Shewanella_amazonensis	60478	S	119	32	151	0.00001
Shewanella_putrefaciens	24	S	95	339	434	0.00003
Shewanella_sedimentimangrovi	2814293	S	91	74	165	0.00001
Shewanella_avicenniae	2814294	S	83	14	97	0.00001
Shewanella_sediminis	271097	S	79	10	89	0.00001
Shewanella_yunxiaonensis	2829809	S	74	12	86	0.00001
Shewanella_dokdonensis	712036	S	74	7	81	0.00001
Shewanella_loihica	359303	S	64	117	181	0.00001
Shewanella_denitrificans	192073	S	51	8	59	0.00000
Shewanella_benthica	43661	S	49	11	60	0.00000
Shewanella_psychropiezotolerans	2593655	S	49	9	58	0.00000
Shewanella_psychromarinicola	2487742	S	49	7	56	0.00000
Shewanella_woodyi	60961	S	46	5	51	0.00000
Shewanella_carassii	1987584	S	46	54	100	0.00001
Shewanella_inventionis	1738770	S	43	20	63	0.00000
Shewanella_maritima	2520507	S	42	4	46	0.00000
Shewanella_oneidensis	70863	S	42	13	55	0.00000
Shewanella_psychrophila	225848	S	42	6	48	0.00000
Shewanella_pealeana	70864	S	41	7	48	0.00000
Shewanella_decolorationis	256839	S	38	46	84	0.00001
Shewanella_glacialimarina	2590884	S	38	5	43	0.00000
Shewanella_halifaxensis	271098	S	36	5	41	0.00000
Shewanella_piezotolerans	404011	S	34	3	37	0.00000
Shewanella_donghaensis	238836	S	33	4	37	0.00000
Shewanella_violacea	60217	S	33	6	39	0.00000
Shewanella_xiamenensis	332186	S	29	164	193	0.00001
Shewanella_chilikensis	558541	S	27	86	113	0.00001
Shewanella_vesiculosa	518738	S	22	5	27	0.00000
Shewanella_indica	768528	S	21	31	52	0.00000
Shewanella_frigidimarina	56812	S	19	10	29	0.00000
Shewanella_aestuarii	1028752	S	18	7	25	0.00000
Shewanella_livingstonensis	150120	S	15	3	18	0.00000
Shewanella_bicestrii	2018305	S	14	61	75	0.00001
Parashewanella_spongiae	342950	S	36	3	39	0.00000
Parashewanella_tropica	2547970	S	19	2	21	0.00000
Alteromonas_sp._RKMC-009	2267264	S	115	14	129	0.00001
Alteromonas_sp._BL110	1714845	S	32	8	40	0.00000
Alteromonas_sp._MB-3u-76	2058133	S	11	76	87	0.00001
Alteromonas_sp._76-1	2358187	S	10	6	16	0.00000
Alteromonas_macleodii	28108	S	149	71	220	0.00002
Alteromonas_pelagimontana	1858656	S	83	11	94	0.00001
Alteromonas_mediterranea	314275	S	79	31	110	0.00001
Alteromonas_australica	589873	S	17	55	72	0.00001
Alteromonas_naphthalenivorans	715451	S	10	8	18	0.00000
Salinimonas_marina	2785918	S	113	12	125	0.00001
Salinimonas_lutimaris	914153	S	90	17	107	0.00001
Salinimonas_sediminis	2303538	S	73	17	90	0.00001
Salinimonas_iocasae	2572577	S	68	14	82	0.00001
Hydrocarboniclastica_marina	2259620	S	525	81	606	0.00004
Agarivorans_sp._TSD2052	2937286	S	64	8	72	0.00001
Agarivorans_sp._B2Z047	2652721	S	13	11	24	0.00000
Agarivorans_gilvus	680279	S	53	5	58	0.00000
Agarivorans_albus	182262	S	20	19	39	0.00000
Agarivorans_aestuarii	1563703	S	17	7	24	0.00000
Lacimicrobium_alkaliphilum	1526571	S	156	11	167	0.00001
Saliniradius_amylolyticus	2183582	S	154	15	169	0.00001
Paraglaciecola_sp._L1A13	2686359	S	43	6	49	0.00000
Paraglaciecola_sp._L3A3	2686358	S	36	3	39	0.00000
Paraglaciecola_mesophila	197222	S	42	6	48	0.00000
Paraglaciecola_psychrophila	326544	S	20	1	21	0.00000
Paraneptunicella_aestuarii	2831148	S	76	4	80	0.00001
Glaciecola_nitratireducens	300231	S	66	4	70	0.00001
Catenovulum_sediminis	1740262	S	38	2	40	0.00000
Saccharobesus_litoralis	2172099	S	29	1	30	0.00000
Pseudoalteromonas_sp._R3	1709477	S	69	11	80	0.00001
Pseudoalteromonas_sp._A25	116092	S	31	4	35	0.00000
Pseudoalteromonas_sp._GCY	2003316	S	22	23	45	0.00000
Pseudoalteromonas_sp._THAF3	2587843	S	20	22	42	0.00000
Pseudoalteromonas_sp._PS1M3	87791	S	13	59	72	0.00001
Pseudoalteromonas_rubra	43658	S	167	20	187	0.00001
Pseudoalteromonas_viridis	339617	S	105	30	135	0.00001
Pseudoalteromonas_luteoviolacea	43657	S	84	12	96	0.00001
Pseudoalteromonas_xiamenensis	882626	S	56	6	62	0.00000
Pseudoalteromonas_piscicida	43662	S	54	52	106	0.00001
Pseudoalteromonas_ulvae	107327	S	50	3	53	0.00000
Pseudoalteromonas_shioyasakiensis	1190813	S	47	19	66	0.00000
Pseudoalteromonas_mariniglutinosa	206042	S	45	88	133	0.00001
Pseudoalteromonas_spongiae	298657	S	37	8	45	0.00000
Pseudoalteromonas_tunicata	314281	S	33	4	37	0.00000
Pseudoalteromonas_prydzensis	182141	S	28	4	32	0.00000
Pseudoalteromonas_agarivorans	176102	S	26	57	83	0.00001
Pseudoalteromonas_carrageenovora	227	S	25	8	33	0.00000
Pseudoalteromonas_piratica	1348114	S	23	3	26	0.00000
Pseudoalteromonas_aliena	247523	S	21	7	28	0.00000
Pseudoalteromonas_phenolica	161398	S	20	2	22	0.00000
Pseudoalteromonas_translucida	166935	S	18	65	83	0.00001
Pseudoalteromonas_ruthenica	151081	S	18	19	37	0.00000
Psychrosphaera_ytuae	2820710	S	37	8	45	0.00000
Psychrosphaera_aestuarii	1266052	S	14	2	16	0.00000
Flocculibacter_collagenilyticus	2744479	S	20	2	22	0.00000
Ferrimonas_balearica	44012	S	507	66	573	0.00004
Ferrimonas_lipolytica	2724191	S	93	14	107	0.00001
Thalassotalea_sp._PS06	2594005	S	48	5	53	0.00000
Thalassotalea_sp._LPB0316	2769490	S	47	13	60	0.00000
Thalassotalea_sp._HSM_43	2552945	S	30	3	33	0.00000
Thalassotalea_crassostreae	1763536	S	20	3	23	0.00000
Colwellia_sp._PAMC_20917	1816218	S	34	3	37	0.00000
Colwellia_sp._Arc7-635	2497879	S	22	3	25	0.00000
Colwellia_sp._Arc7-D	2161872	S	20	5	25	0.00000
Colwellia_sp._MT41	58049	S	16	2	18	0.00000
Colwellia_sp._20A7	2689569	S	12	1	13	0.00000
Colwellia_psychrerythraea	28229	S	18	2	20	0.00000
Cognaticolwellia_beringensis	1967665	S	21	4	25	0.00000
Litorilituus_sediminis	718192	S	18	1	19	0.00000
Idiomarina_sp._OT37-5b	2100422	S	103	25	128	0.00001
Idiomarina_sp._X4	2055892	S	33	12	45	0.00000
Idiomarina_loihiensis	135577	S	61	0	61	0.00000
Idiomarina_abyssalis	86102	S	52	6	58	0.00000
Idiomarina_piscisalsi	1096243	S	41	14	55	0.00000
Moritella_sp._24	2746230	S	18	20	38	0.00000
Moritella_yayanosii	69539	S	27	10	37	0.00000
Moritella_marina	90736	S	12	4	16	0.00000
Psychromonas_ingrahamii	357794	S	70	7	77	0.00001
Psychromonas_sp._CNPT3	314282	S	12	2	14	0.00000
Vibrio_parahaemolyticus	670	S	176	62	238	0.00002
Vibrio_campbellii	680	S	61	48	109	0.00001
Vibrio_alginolyticus	663	S	56	68	124	0.00001
Vibrio_harveyi	669	S	54	19	73	0.00001
Vibrio_diabolicus	50719	S	27	36	63	0.00000
Vibrio_owensii	696485	S	39	22	61	0.00000
Vibrio_rotiferianus	190895	S	37	15	52	0.00000
Vibrio_natriegens	691	S	34	24	58	0.00000
Vibrio_azureus	512649	S	26	3	29	0.00000
Vibrio_jasicida	766224	S	11	8	19	0.00000
Vibrio_sp._OG9-811	2841925	S	135	21	156	0.00001
Vibrio_sp._B1FLJ16	2751178	S	56	12	68	0.00001
Vibrio_sp._THAF190c	2587865	S	46	6	52	0.00000
Vibrio_sp._HDW18	2714948	S	39	6	45	0.00000
Vibrio_sp._SCSIO_43132	2779363	S	34	8	42	0.00000
Vibrio_sp._VB16	2785746	S	29	2	31	0.00000
Vibrio_sp._B1FIG11	2751177	S	22	25	47	0.00000
Vibrio_sp._Scap24	2589990	S	21	12	33	0.00000
Vibrio_sp._SS-MA-C1-2	2908646	S	11	2	13	0.00000
Vibrio_sp._ED004	2785124	S	11	6	17	0.00000
Vibrio_sp._dhg	2163016	S	11	19	30	0.00000
Vibrio_fluvialis	676	S	291	47	338	0.00003
Vibrio_furnissii	29494	S	277	94	371	0.00003
Vibrio_vulnificus	672	S	248	55	303	0.00002
Vibrio_sinaloensis	379097	S	55	7	62	0.00000
Vibrio_europaeus	300876	S	34	13	47	0.00000
Vibrio_tubiashii	29498	S	32	16	48	0.00000
Vibrio_cholerae	666	S	139	3998	4137	0.00031
Vibrio_mimicus	674	S	97	20	117	0.00001
Vibrio_navarrensis	29495	S	92	21	113	0.00001
Vibrio_coralliilyticus	190893	S	83	23	106	0.00001
Vibrio_cyclitrophicus	47951	S	78	16	94	0.00001
Vibrio_anguillarum	55601	S	72	10	82	0.00001
Vibrio_alfacsensis	1074311	S	67	30	97	0.00001
Vibrio_spartinae	1918945	S	63	6	69	0.00001
Vibrio_mediterranei	689	S	61	6	67	0.00000
Vibrio_maritimus	990268	S	57	6	63	0.00000
Vibrio_neptunius	170651	S	57	7	64	0.00000
Vibrio_nigripulchritudo	28173	S	56	8	64	0.00000
Vibrio_splendidus	29497	S	56	13	69	0.00001
Vibrio_taketomensis	2572923	S	54	7	61	0.00000
Vibrio_breoganii	553239	S	52	5	57	0.00000
Vibrio_scophthalmi	45658	S	46	8	54	0.00000
Vibrio_astriarenae	1481923	S	45	5	50	0.00000
Vibrio_algicola	2662262	S	44	7	51	0.00000
Vibrio_metschnikovii	28172	S	44	8	52	0.00000
Vibrio_zhugei	2479546	S	43	10	53	0.00000
Vibrio_cincinnatiensis	675	S	42	8	50	0.00000
Vibrio_gazogenes	687	S	42	4	46	0.00000
Vibrio_metoecus	1481663	S	42	11	53	0.00000
Vibrio_panuliri	1381081	S	42	5	47	0.00000
Vibrio_ponticus	265668	S	41	3	44	0.00000
Vibrio_tapetis	52443	S	40	3	43	0.00000
Vibrio_penaeicida	104609	S	38	4	42	0.00000
Vibrio_rumoiensis	76258	S	38	24	62	0.00000
Vibrio_aphrogenes	1891186	S	34	4	38	0.00000
Vibrio_kanaloae	170673	S	32	7	39	0.00000
Vibrio_crassostreae	246167	S	31	10	41	0.00000
Vibrio_cidicii	1763883	S	31	9	40	0.00000
Vibrio_chagasii	170679	S	30	4	34	0.00000
Vibrio_tritonius	1435069	S	29	3	32	0.00000
Vibrio_bathopelagicus	2777577	S	29	5	34	0.00000
Vibrio_aquimaris	2587862	S	25	2	27	0.00000
Vibrio_ziniensis	2711221	S	21	2	23	0.00000
Vibrio_hyugaensis	1534743	S	17	4	21	0.00000
Vibrio_casei	673372	S	16	4	20	0.00000
Vibrio_atlanticus	693153	S	15	2	17	0.00000
Vibrio_gigantis	296199	S	15	3	18	0.00000
Vibrio_qinghaiensis	2025808	S	12	4	16	0.00000
Photobacterium_sp._TLY01	2907534	S	166	28	194	0.00001
Photobacterium_sp._GJ3	2829502	S	164	21	185	0.00001
Photobacterium_gaetbulicola	1295392	S	205	20	225	0.00002
Photobacterium_ganghwense	320778	S	143	32	175	0.00001
Photobacterium_damselae	38293	S	125	69	194	0.00001
Photobacterium_profundum	74109	S	33	4	37	0.00000
Salinivibrio_kushneri	1908198	S	118	18	136	0.00001
Salinivibrio_sp._YCSC6	2003370	S	25	39	64	0.00000
Salinivibrio_costicola	51367	S	24	37	61	0.00000
Grimontia_hollisae	673	S	115	15	130	0.00001
Thaumasiovibrio_subtropicus	1891207	S	84	10	94	0.00001
Aliivibrio_fischeri	668	S	19	2	21	0.00000
Aliivibrio_salmonicida	40269	S	14	9	23	0.00000
Candidatus_Enterovibrio_luxaltus	1927128	S	18	0	18	0.00000
Paraphotobacterium_marinum	1755811	S	14	2	16	0.00000
Immundisolibacter_cernigliae	1810504	S	3492	733	4225	0.00031
Candidatus_Endoriftia_persephone	393765	S	1029	55	1084	0.00008
Candidatus_Vesicomyosocius_sp._SY067_SCS001	2732590	S	18	35	53	0.00000
Bathymodiolus_thermophilus_thioautotrophic_gill_symbiont	2360	S	32	1	33	0.00000
Candidatus_Ruthia_magnifica	386487	S	15	2	17	0.00000
Candidatus_Ruthia_endofausta	2738852	S	14	4	18	0.00000
Bathymodiolus_septemdierum_thioautotrophic_gill_symbiont	113267	S	17	1	18	0.00000
Sedimenticola_thiotaurini	1543721	S	624	30	654	0.00005
Candidatus_Reidiella_endopervernicosa	2738883	S	540	13	553	0.00004
Thiolapillus_brandeum	1076588	S	449	12	461	0.00003
Pseudohongiella_spirulinae	1249552	S	281	8	289	0.00002
Gallaecimonas_mangrovi	2291597	S	155	13	168	0.00001
Celerinatantimonas_diazotrophica	412034	S	71	5	76	0.00001
Ignatzschineria_sp._HR5S32	2923279	S	35	3	38	0.00000
Candidatus_Thioglobus_autotrophicus	1705394	S	20	1	21	0.00000
Candidatus_Pseudothioglobus_singularis	1427364	S	21	7	28	0.00000
Candidatus_Azoamicus_ciliaticola	2652803	S	12	1	13	0.00000
Candidatus_Steffania_adelgidicola	1076626	S	11	0	11	0.00000
Acinetobacter_sp._WCHAc010034	1879049	S	222	103	325	0.00002
Acinetobacter_sp._10FS3-1	2563897	S	30	26	56	0.00000
Acinetobacter_sp._LoGeW2-3	1808001	S	26	4	30	0.00000
Acinetobacter_sp._Marseille-Q1620	2714110	S	22	2	24	0.00000
Acinetobacter_sp._TTH0-4	1646498	S	22	4	26	0.00000
Acinetobacter_sp._C16S1	2609668	S	21	8	29	0.00000
Acinetobacter_sp._CS-2	2798861	S	18	12	30	0.00000
Acinetobacter_sp._TGL-Y2	1407071	S	16	1	17	0.00000
Acinetobacter_sp._ASP199	2773709	S	16	6	22	0.00000
Acinetobacter_sp._WCHAc010052	2004647	S	14	10	24	0.00000
Acinetobacter_sp._NCu2D-2	1608473	S	12	3	15	0.00000
Acinetobacter_sp._ACNIH2	1758189	S	12	25	37	0.00000
Acinetobacter_sp._PK01	2930198	S	11	18	29	0.00000
Acinetobacter_baumannii	470	S	113	745	858	0.00006
Acinetobacter_pittii	48296	S	38	84	122	0.00001
Acinetobacter_seifertii	1530123	S	30	16	46	0.00000
Acinetobacter_calcoaceticus	471	S	28	5	33	0.00000
Acinetobacter_nosocomialis	106654	S	13	7	20	0.00000
Acinetobacter_johnsonii	40214	S	117	132	249	0.00002
Acinetobacter_indicus	756892	S	112	115	227	0.00002
Acinetobacter_soli	487316	S	90	12	102	0.00001
Acinetobacter_lwoffii	28090	S	74	140	214	0.00002
Acinetobacter_schindleri	108981	S	44	50	94	0.00001
Acinetobacter_haemolyticus	29430	S	42	29	71	0.00001
Acinetobacter_radioresistens	40216	S	39	6	45	0.00000
Acinetobacter_larvae	1789224	S	38	3	41	0.00000
Acinetobacter_baylyi	202950	S	24	2	26	0.00000
Acinetobacter_wanghuae	2662362	S	24	3	27	0.00000
Acinetobacter_cumulans	2136182	S	22	10	32	0.00000
Acinetobacter_bouvetii	202951	S	21	5	26	0.00000
Acinetobacter_junii	40215	S	21	11	32	0.00000
Acinetobacter_wuhouensis	1879050	S	19	11	30	0.00000
Acinetobacter_equi	1324350	S	19	2	21	0.00000
Acinetobacter_dispersus	70348	S	16	1	17	0.00000
Acinetobacter_tandoii	202954	S	16	1	17	0.00000
Acinetobacter_chinensis	2004650	S	15	13	28	0.00000
Acinetobacter_portensis	1839785	S	15	19	34	0.00000
Acinetobacter_towneri	202956	S	15	46	61	0.00000
Acinetobacter_venetianus	52133	S	14	4	18	0.00000
Acinetobacter_ursingii	108980	S	13	19	32	0.00000
Acinetobacter_variabilis	70346	S	13	25	38	0.00000
Acinetobacter_gyllenbergii	134534	S	12	1	13	0.00000
Acinetobacter_lanii	2715163	S	12	1	13	0.00000
Acinetobacter_piscicola	2006115	S	11	8	19	0.00000
Acinetobacter_shaoyimingii	2715164	S	10	1	11	0.00000
Psychrobacter_sp._DAB_AL43B	1028416	S	25	3	28	0.00000
Psychrobacter_sp._WY6	2708350	S	17	14	31	0.00000
Psychrobacter_sp._P11G5	1699624	S	15	38	53	0.00000
Psychrobacter_sp._P11G3	1699623	S	14	7	21	0.00000
Psychrobacter_sp._28M-43	2772254	S	13	7	20	0.00000
Psychrobacter_sp._P11F6	1699621	S	11	9	20	0.00000
Psychrobacter_sp._P2G3	1699622	S	10	24	34	0.00000
Psychrobacter_sp._KCTC_72983	2733866	S	10	29	39	0.00000
Psychrobacter_arenosus	256326	S	40	2	42	0.00000
Psychrobacter_urativorans	45610	S	27	4	31	0.00000
Psychrobacter_arcticus	334543	S	23	7	30	0.00000
Psychrobacter_sanguinis	861445	S	23	8	31	0.00000
Psychrobacter_cryohalolentis	330922	S	22	85	107	0.00001
Moraxella_osloensis	34062	S	114	22	136	0.00001
Moraxella_bovis	476	S	41	11	52	0.00000
Moraxella_catarrhalis	480	S	39	8	47	0.00000
Moraxella_bovoculi	386891	S	37	58	95	0.00001
Moraxella_nonliquefaciens	478	S	27	6	33	0.00000
Moraxella_cuniculi	34061	S	27	3	30	0.00000
Moraxella_sp._ZY201115	2904121	S	18	2	20	0.00000
Aquirhabdus_parva	2283318	S	124	6	130	0.00001
Legionella_pneumophila	446	S	242	143	385	0.00003
Legionella_sp._MW5194	2662448	S	117	20	137	0.00001
Legionella_sp._PC1000	2746060	S	54	8	62	0.00000
Legionella_sp._PC997	2755562	S	52	8	60	0.00000
Legionella_geestiana	45065	S	183	15	198	0.00001
Legionella_spiritensis	452	S	130	13	143	0.00001
Legionella_sainthelensi	28087	S	107	16	123	0.00001
Legionella_oakridgensis	29423	S	87	8	95	0.00001
Legionella_waltersii	66969	S	87	14	101	0.00001
Legionella_israelensis	454	S	85	4	89	0.00001
Legionella_longbeachae	450	S	79	53	132	0.00001
Legionella_fallonii	96230	S	78	6	84	0.00001
Legionella_jordanis	456	S	74	9	83	0.00001
Legionella_antarctica	2708020	S	73	3	76	0.00001
Legionella_clemsonensis	1867846	S	64	9	73	0.00001
Legionella_anisa	28082	S	64	14	78	0.00001
Legionella_lansingensis	45067	S	61	4	65	0.00000
Legionella_cherrii	28084	S	58	3	61	0.00000
Legionella_hackeliae	449	S	52	8	60	0.00000
Legionella_adelaidensis	45056	S	41	3	44	0.00000
Fluoribacter_dumoffii	463	S	56	16	72	0.00001
Tatlockia_micdadei	451	S	56	3	59	0.00000
Aquicella_siphonis	254247	S	334	89	423	0.00003
Aquicella_lusitana	254246	S	263	74	337	0.00003
Coxiella_burnetii	777	S	162	81	243	0.00002
Coxiella_endosymbiont_of_Amblyomma_sculptum	2487929	S	37	13	50	0.00000
Coxiella_endosymbiont_of_Amblyomma_nuttalli	2749996	S	23	3	26	0.00000
Candidatus_Coxiella_mudrowiae	2054173	S	49	5	54	0.00000
Candidatus_Rickettsiella_viridis	676208	S	37	19	56	0.00000
Rickettsiella_endosymbiont_of_Dermanyssus_gallinae	2856608	S	31	13	44	0.00000
Thiomicrorhabdus_xiamenensis	2739063	S	110	10	120	0.00001
Thiomicrorhabdus_aquaedulcis	2211106	S	74	5	79	0.00001
Thiomicrorhabdus_sediminis	2580412	S	57	5	62	0.00000
Thiomicrorhabdus_sp._Am19	2791037	S	29	2	31	0.00000
Thiomicrorhabdus_indica	2267253	S	27	1	28	0.00000
Thiomicrospira_sp._S5	1803865	S	82	74	156	0.00001
Thiomicrospira_aerophila	92245	S	64	8	72	0.00001
Thiomicrospira_cyclica	147268	S	49	4	53	0.00000
Thiomicrospira_microaerophila	406020	S	43	7	50	0.00000
Methylophaga_frappieri	754477	S	77	43	120	0.00001
Methylophaga_nitratireducenticrescens	754476	S	72	18	90	0.00001
Methylophaga_sp._TMB456	2881052	S	66	31	97	0.00001
Hydrogenovibrio_thermophilus	265883	S	90	81	171	0.00001
Hydrogenovibrio_marinus	28885	S	37	1	38	0.00000
Hydrogenovibrio_crunogenus	39765	S	34	1	35	0.00000
Piscirickettsia_salmonis	1238	S	69	6	75	0.00001
Thiosulfatimonas_sediminis	2675054	S	65	4	69	0.00001
Thiosulfativibrio_zosterae	2675053	S	49	2	51	0.00000
Thiothrix_litoralis	2891210	S	319	25	344	0.00003
Thiothrix_sp._CT3	96472	S	206	71	277	0.00002
Thiothrix_subterranea	2735563	S	174	50	224	0.00002
Thiothrix_unzii	111769	S	105	56	161	0.00001
Candidatus_Thiothrix_anitrata	2823902	S	86	52	138	0.00001
Beggiatoa_leptomitoformis	288004	S	94	3	97	0.00001
Francisella_tularensis	263	S	22	17	39	0.00000
Francisella_sp._LA112445	1395624	S	11	2	13	0.00000
Francisella_frigiditurris	1542390	S	20	3	23	0.00000
Francisella_philomiragia	28110	S	10	15	25	0.00000
Francisella_halioticida	549298	S	10	1	11	0.00000
Allofrancisella_guangzhouensis	594679	S	31	12	43	0.00000
Salinisphaera_sp._LB1	2183911	S	2091	100	2191	0.00016
endosymbiont_of_unidentified_scaly_snail_isolate_Monju	1248727	S	1811	171	1982	0.00015
Isorropodon_fossajaponicum_symbiont	883811	S	19	5	24	0.00000
Abyssogena_phaseoliformis_symbiont	596095	S	13	4	17	0.00000
Aggregatibacter_actinomycetemcomitans	714	S	93	19	112	0.00001
Aggregatibacter_aphrophilus	732	S	54	31	85	0.00001
Aggregatibacter_sp._2125159857	2820817	S	15	9	24	0.00000
Aggregatibacter_sp._Marseille-P9115	2866570	S	10	13	23	0.00000
Actinobacillus_sp._GY-402	2774188	S	82	50	132	0.00001
Actinobacillus_pleuropneumoniae	715	S	28	39	67	0.00000
Actinobacillus_porcitonsillarum	189834	S	14	6	20	0.00000
Actinobacillus_indolicus	51049	S	13	14	27	0.00000
Actinobacillus_suis	716	S	12	6	18	0.00000
Haemophilus_parainfluenzae	729	S	67	31	98	0.00001
Haemophilus_influenzae	727	S	32	31	63	0.00000
[Haemophilus]_ducreyi	730	S	23	15	38	0.00000
Haemophilus_haemolyticus	726	S	19	12	31	0.00000
Haemophilus_pittmaniae	249188	S	19	5	24	0.00000
Haemophilus_parahaemolyticus	735	S	11	2	13	0.00000
Mannheimia_granulomatis	85402	S	54	11	65	0.00000
Mannheimia_varigena	85404	S	44	39	83	0.00001
Mannheimia_haemolytica	75985	S	36	16	52	0.00000
Mannheimia_bovis	2770636	S	10	6	16	0.00000
Pasteurella_multocida	747	S	84	302	386	0.00003
Pasteurella_canis	753	S	19	5	24	0.00000
Pasteurella_atlantica	2827233	S	14	1	15	0.00000
Avibacterium_volantium	762	S	57	15	72	0.00001
Avibacterium_paragallinarum	728	S	43	13	56	0.00000
Avibacterium_sp._20-132	2911526	S	11	21	32	0.00000
Glaesserella_parasuis	738	S	35	40	75	0.00001
Glaesserella_sp._15-184	2030797	S	19	6	25	0.00000
Rodentibacter_haemolyticus	2778911	S	31	3	34	0.00000
Rodentibacter_heylii	1906744	S	17	2	19	0.00000
Histophilus_somni	731	S	26	9	35	0.00000
Gallibacterium_anatis	750	S	24	8	32	0.00000
Frederiksenia_canicola	123824	S	24	6	30	0.00000
Bibersteinia_trehalosi	47735	S	19	7	26	0.00000
Bisgaardia_hudsonensis	109472	S	14	2	16	0.00000
Otariodibacter_oris	1032623	S	14	2	16	0.00000
Cardiobacterium_hominis	2718	S	584	130	714	0.00005
Cardiobacterium_sp._Marseille-Q4385	2866573	S	434	86	520	0.00004
Suttonella_sp._R2A3	2908648	S	68	4	72	0.00001
Dichelobacter_nodosus	870	S	63	24	87	0.00001
Kangiella_koreensis	261964	S	82	9	91	0.00001
Kangiella_profundi	1561924	S	46	9	55	0.00000
Kangiella_sediminilitoris	1144748	S	41	2	43	0.00000
Kangiella_geojedonensis	914150	S	36	2	38	0.00000
Gilliamella_sp._ESL0405	2704653	S	12	2	14	0.00000
Gilliamella_apicola	1196095	S	17	5	22	0.00000
Zophobihabitans_entericus	1635327	S	21	2	23	0.00000
Frischella_perrara	1267021	S	13	2	15	0.00000
Archangium_violaceum	83451	S	22934	4677	27611	0.00204
Archangium_gephyra	48	S	11213	2617	13830	0.00102
Stigmatella_aurantiaca	41	S	9179	808	9987	0.00074
Cystobacter_fuscus	43	S	7607	2150	9757	0.00072
Melittangium_boletus	83453	S	5736	1481	7217	0.00053
Myxococcus_xanthus	34	S	7879	40881	48760	0.00361
Myxococcus_hansupus	1297742	S	4375	391	4766	0.00035
Myxococcus_stipitatus	83455	S	3971	460	4431	0.00033
Myxococcus_sp._SCHIC003	2813577	S	3522	413	3935	0.00029
Corallococcus_coralloides	184914	S	7699	3284	10983	0.00081
Corallococcus_macrosporus	35	S	4971	905	5876	0.00044
Corallococcus_sp._EGB	1521117	S	4367	1759	6126	0.00045
Pyxidicoccus_sp._SCPEA002	2813578	S	11393	585	11978	0.00089
Anaeromyxobacter_sp._Red232	2918170	S	15265	1853	17118	0.00127
Anaeromyxobacter_sp._Fw109-5	404589	S	13444	1986	15430	0.00114
Anaeromyxobacter_sp._Red630	2918171	S	10555	1600	12155	0.00090
Anaeromyxobacter_sp._K	447217	S	2561	5682	8243	0.00061
Anaeromyxobacter_dehalogenans	161493	S	8535	6916	15451	0.00114
Vulgatibacter_incomptus	1391653	S	6282	569	6851	0.00051
Sorangium_cellulosum	56	S	99730	13166	112896	0.00836
Polyangium_aurulentum	2567896	S	37313	3519	40832	0.00302
Chondromyces_crocatus	52	S	10834	500	11334	0.00084
Pajaroellobacter_abortibovis	1882918	S	190	6	196	0.00001
Sandaracinus_amylolyticus	927083	S	34095	2063	36158	0.00268
Labilithrix_luteola	1391654	S	12717	600	13317	0.00099
Haliangium_ochraceum	80816	S	16882	1026	17908	0.00133
Geomonas_sp._RF6	2897342	S	2638	374	3012	0.00022
Geomonas_nitrogeniifigens	2847991	S	1911	1037	2948	0.00022
Geomonas_paludis	2740185	S	1853	971	2824	0.00021
Geomonas_subterranea	2847989	S	1606	785	2391	0.00018
Geomonas_oryzisoli	2847992	S	1569	897	2466	0.00018
Geobacter_sp._FeAm09	2597769	S	1721	250	1971	0.00015
Geobacter_sp._SVR	2495594	S	1330	218	1548	0.00011
Geobacter_sp._DSM_9736	1277350	S	767	61	828	0.00006
Geobacter_sulfurreducens	35554	S	2036	509	2545	0.00019
Geobacter_pickeringii	345632	S	1867	504	2371	0.00018
Geobacter_metallireducens	28232	S	1153	280	1433	0.00011
Geobacter_benzoatilyticus	2815309	S	769	178	947	0.00007
Citrifermentans_bremense	60035	S	1590	699	2289	0.00017
Citrifermentans_bemidjiense	225194	S	1435	579	2014	0.00015
Geotalea_uraniireducens	351604	S	1000	80	1080	0.00008
Geotalea_daltonii	1203471	S	544	46	590	0.00004
Geoalkalibacter_subterraneus	483547	S	924	896	1820	0.00013
Trichlorobacter_lovleyi	313985	S	510	76	586	0.00004
Desulfuromonas_sp._DDH964	1823759	S	2272	479	2751	0.00020
Desulfuromonas_sp._AOP6	1566351	S	821	107	928	0.00007
Desulfuromonas_versatilis	2802975	S	3074	622	3696	0.00027
Desulfuromonas_soudanensis	1603606	S	1916	248	2164	0.00016
Pelobacter_propionicus	29543	S	1250	492	1742	0.00013
Syntrophotalea_acetylenica	29542	S	718	154	872	0.00006
Syntrophotalea_carbinolica	19	S	485	43	528	0.00004
Syntrophotalea_acetylenivorans	1842532	S	399	64	463	0.00003
Desulfovibrio_sp._IOR2	2583823	S	886	180	1066	0.00008
Desulfovibrio_sp._86	2666132	S	377	110	487	0.00004
Desulfovibrio_sp._G11	631220	S	251	203	454	0.00003
Desulfovibrio_vulgaris	881	S	1172	228	1400	0.00010
Desulfovibrio_sulfodismutans	63561	S	1093	286	1379	0.00010
Desulfovibrio_desulfuricans	876	S	891	229	1120	0.00008
Desulfovibrio_piger	901	S	770	168	938	0.00007
Desulfovibrio_fairfieldensis	44742	S	701	67	768	0.00006
Desulfovibrio_ferrophilus	241368	S	434	39	473	0.00004
Candidatus_Desulfovibrio_trichonymphae	1725232	S	182	16	198	0.00001
Pseudodesulfovibrio_mercurii	641491	S	1381	357	1738	0.00013
Pseudodesulfovibrio_indicus	1716143	S	1348	311	1659	0.00012
Pseudodesulfovibrio_aespoeensis	182210	S	1004	771	1775	0.00013
Pseudodesulfovibrio_cashew	2678688	S	855	183	1038	0.00008
Pseudodesulfovibrio_sp._SF6	2810563	S	428	46	474	0.00004
Pseudodesulfovibrio_sp._zrk46	2725288	S	336	62	398	0.00003
Pseudodesulfovibrio_tunisiensis	463192	S	723	80	803	0.00006
Pseudodesulfovibrio_profundus	57320	S	232	252	484	0.00004
Pseudodesulfovibrio_piezophilus	879567	S	122	18	140	0.00001
Solidesulfovibrio_carbinoliphilus	345370	S	1917	258	2175	0.00016
Solidesulfovibrio_magneticus	184917	S	804	509	1313	0.00010
Solidesulfovibrio_carbinolicus	296842	S	787	671	1458	0.00011
Oceanidesulfovibrio_marinus	370038	S	1812	122	1934	0.00014
Desulfocurvibacter_africanus	873	S	1529	126	1655	0.00012
Desulfolutivibrio_sulfoxidireducens	2773299	S	1346	382	1728	0.00013
Megalodesulfovibrio_gigas	879	S	1003	53	1056	0.00008
Oleidesulfovibrio_alaskensis	58180	S	340	510	850	0.00006
Maridesulfovibrio_salexigens	880	S	108	12	120	0.00001
Maridesulfovibrio_hydrothermalis	191026	S	78	9	87	0.00001
Paradesulfovibrio_bizertensis	376490	S	158	17	175	0.00001
Lawsonia_intracellularis	29546	S	40	0	40	0.00000
Desulfomicrobium_baculatum	899	S	1016	87	1103	0.00008
Desulfomicrobium_orale	132132	S	492	140	632	0.00005
Desulfohalobium_retbaense	45663	S	455	25	480	0.00004
Desulfosarcina_ovata	83564	S	1201	65	1266	0.00009
Desulfosarcina_alkanivorans	571177	S	1079	505	1584	0.00012
Desulfosarcina_widdelii	947919	S	1001	125	1126	0.00008
Desulfococcus_multivorans	897	S	853	180	1033	0.00008
Desulfatibacillum_aliphaticivorans	218208	S	687	27	714	0.00005
Desulfoluna_sp._ASN36	2810562	S	614	38	652	0.00005
Desulfonema_magnum	45655	S	269	8	277	0.00002
Desulfonema_limicola	45656	S	92	8	100	0.00001
Desulfobacter_postgatei	2293	S	145	27	172	0.00001
Desulfobacter_hydrogenophilus	2291	S	129	27	156	0.00001
Desulforapulum_autotrophicum	2296	S	214	29	243	0.00002
Desulfobacula_toluolica	28223	S	92	9	101	0.00001
Desulfobulbus_propionicus	894	S	995	64	1059	0.00008
Desulfobulbus_oralis	1986146	S	629	150	779	0.00006
Desulfobulbus_oligotrophicus	1909699	S	229	215	444	0.00003
Desulfurivibrio_alkaliphilus	427923	S	752	44	796	0.00006
Desulfomarina_profundi	2772557	S	107	11	118	0.00001
Desulfosudis_oleivorans	181663	S	818	57	875	0.00006
Desulfosediminicola_ganghwensis	2569540	S	230	30	260	0.00002
Desulfosediminicola_flagellatus	2569541	S	79	9	88	0.00001
Desulfotalea_psychrophila	84980	S	97	20	117	0.00001
Desulfocapsa_sulfexigens	65555	S	92	6	98	0.00001
Persicimonas_caeni	2292766	S	5221	189	5410	0.00040
Bradymonas_sediminis	1548548	S	1691	140	1831	0.00014
Bradymonadales_bacterium_V1718	2600177	S	720	41	761	0.00006
Syntrophobacter_fumaroxidans	119484	S	1382	626	2008	0.00015
Desulfoglaeba_alkanexedens	361111	S	1175	66	1241	0.00009
Desulfarculus_baarsii	453230	S	2222	1423	3645	0.00027
Desulfomonile_tiedjei	2358	S	546	6	552	0.00004
Desulfobacca_acetoxidans	60893	S	432	12	444	0.00003
Syntrophus_aciditrophicus	316277	S	405	30	435	0.00003
Dissulfurimicrobium_hydrothermale	1750598	S	258	18	276	0.00002
Candidatus_Desulfofervidus_auxilii	1621989	S	121	3	124	0.00001
Hippea_maritima	84405	S	48	2	50	0.00000
Campylobacter_showae	204	S	174	22	196	0.00001
Campylobacter_gracilis	824	S	150	12	162	0.00001
Campylobacter_curvus	200	S	139	16	155	0.00001
Campylobacter_concisus	199	S	111	18	129	0.00001
Campylobacter_rectus	203	S	78	15	93	0.00001
Campylobacter_sp._CCUG_57310	2517362	S	17	2	19	0.00000
Campylobacter_sp._19-13652	2840180	S	15	1	16	0.00000
Campylobacter_coli	195	S	24	48	72	0.00001
Campylobacter_hyointestinalis	198	S	16	3	19	0.00000
Campylobacter_pinnipediorum	1965231	S	15	2	17	0.00000
Campylobacter_jejuni	197	S	14	83	97	0.00001
Campylobacter_fetus	196	S	13	7	20	0.00000
Campylobacter_cuniculorum	374106	S	13	1	14	0.00000
Campylobacter_lari	201	S	10	7	17	0.00000
Campylobacter_helveticus	28898	S	10	5	15	0.00000
Campylobacter_blaseri	2042961	S	10	1	11	0.00000
Helicobacter_pylori	210	S	210	109	319	0.00002
Helicobacter_sp._NHP19-0003	2849641	S	39	11	50	0.00000
Helicobacter_sp._NHP19-0012	2849642	S	26	13	39	0.00000
Helicobacter_heilmannii	35817	S	45	26	71	0.00001
Helicobacter_mustelae	217	S	25	5	30	0.00000
Helicobacter_canis	29419	S	23	8	31	0.00000
Helicobacter_cinaedi	213	S	19	8	27	0.00000
Helicobacter_suis	104628	S	19	9	28	0.00000
Helicobacter_bizzozeronii	56877	S	16	2	18	0.00000
Helicobacter_enhydrae	222136	S	15	3	18	0.00000
Helicobacter_felis	214	S	14	2	16	0.00000
Helicobacter_cetorum	138563	S	13	2	15	0.00000
Helicobacter_himalayensis	1591088	S	13	2	15	0.00000
Helicobacter_typhlonius	76936	S	11	13	24	0.00000
Wolinella_succinogenes	844	S	41	12	53	0.00000
Sulfurimonas_sp._HSL-3221	2894755	S	495	44	539	0.00004
Sulfurimonas_sp._SWIR-19	2878390	S	36	37	73	0.00001
Sulfurimonas_sp._B2	2590551	S	13	1	14	0.00000
Sulfurimonas_gotlandica	1176482	S	17	1	18	0.00000
Sulfurimonas_paralvinellae	317658	S	16	2	18	0.00000
Sulfurimonas_hydrogeniphila	2509341	S	14	4	18	0.00000
Candidatus_Sulfurimonas_baltica	2740404	S	11	1	12	0.00000
Sulfuricurvum_kujiense	148813	S	61	4	65	0.00000
Nitratifractor_salsuginis	269261	S	291	27	318	0.00002
Sulfurovum_sp._HSL1-3	2893889	S	39	12	51	0.00000
Sulfurovum_sp._NBC37-1	387093	S	38	22	60	0.00000
Sulfurovum_sp._XGS-02	2925411	S	17	2	19	0.00000
Sulfurovum_indicum	2779528	S	43	5	48	0.00000
Sulfurovum_lithotrophicum	206403	S	38	25	63	0.00000
Hydrogenimonas_urashimensis	2740515	S	334	41	375	0.00003
Sulfurospirillum_cavolei	366522	S	69	7	76	0.00001
Sulfurospirillum_sp._JPD-1	220622	S	14	41	55	0.00000
Sulfurospirillum_sp._UCH001	1581011	S	11	1	12	0.00000
Sulfurospirillum_halorespirans	194424	S	27	16	43	0.00000
Sulfurospirillum_multivorans	66821	S	20	12	32	0.00000
Sulfurospirillum_barnesii	44674	S	16	1	17	0.00000
Sulfurospirillum_deleyianum	65553	S	16	2	18	0.00000
Arcobacter_venerupis	1054033	S	10	9	19	0.00000
Aliarcobacter_cryaerophilus	28198	S	12	17	29	0.00000
Malaciobacter_mytili	603050	S	13	9	22	0.00000
Pseudoarcobacter_acticola	1849015	S	12	12	24	0.00000
Nitratiruptor_sp._YY09-18	2724901	S	34	42	76	0.00001
Nitratiruptor_sp._SB155-2	387092	S	11	21	32	0.00000
Nitrosophilus_alvini	2714855	S	62	20	82	0.00001
Nitrosophilus_labii	2706014	S	28	14	42	0.00000
Caminibacter_mediatlanticus	291048	S	30	21	51	0.00000
Caminibacter_pacificus	1424653	S	16	9	25	0.00000
Nautilia_profundicola	244787	S	28	14	42	0.00000
Nautilia_sp._PV-1	2579250	S	10	4	14	0.00000
Acidithiobacillus_caldus	33059	S	681	101	782	0.00006
Acidithiobacillus_ferrivorans	160808	S	381	67	448	0.00003
Acidithiobacillus_ferrooxidans	920	S	279	250	529	0.00004
Acidithiobacillus_thiooxidans	930	S	178	10	188	0.00001
Acidithiobacillus_ferriphilus	1689834	S	174	33	207	0.00002
Acidithiobacillus_ferridurans	1232575	S	28	218	246	0.00002
Acidithiobacillus_sp._'AMD_consortium'	2614801	S	16	196	212	0.00002
Bdellovibrio_bacteriovorus	959	S	459	69	528	0.00004
Bdellovibrio_sp._NC01	2220073	S	89	9	98	0.00001
Bdellovibrio_sp._LBG001	2835041	S	69	8	77	0.00001
Bdellovibrio_sp._ZAP7	2231053	S	66	22	88	0.00001
Bdellovibrio_sp._KM01	2748865	S	52	18	70	0.00001
Pseudobdellovibrio_exovorus	453816	S	60	3	63	0.00000
Bacteriovorax_stolpii	960	S	78	11	89	0.00001
Halobacteriovorax_marinus	97084	S	23	11	34	0.00000
Halobacteriovorax_sp._BALOs_7	2109558	S	19	5	24	0.00000
Silvanigrella_aquatica	1915309	S	44	6	50	0.00000
Fluviispira_sanaruensis	2493639	S	37	5	42	0.00000
Hydrogenophilus_thermoluteolus	297	S	876	202	1078	0.00008
Mariprofundus_ferrinatatus	1921087	S	310	25	335	0.00002
Mariprofundus_aestuarium	1921086	S	193	19	212	0.00002
Streptomyces_sp._GQFP	2907545	S	22682	4809	27491	0.00204
Streptomyces_sp._SCSIO_64649	2878388	S	6465	1512	7977	0.00059
Streptomyces_sp._CB01881	2078691	S	6022	1478	7500	0.00056
Streptomyces_sp._WAC_01438	2203204	S	5725	2380	8105	0.00060
Streptomyces_sp._BJ20	2930049	S	5676	2815	8491	0.00063
Streptomyces_sp._SN-593	659352	S	5553	1694	7247	0.00054
Streptomyces_sp._ZYC-3	2797636	S	5506	1341	6847	0.00051
Streptomyces_sp._CdTB01	1725411	S	5323	1872	7195	0.00053
Streptomyces_sp._MA3_2.13	2867410	S	5290	880	6170	0.00046
Streptomyces_sp._So13.3	2136173	S	5125	1226	6351	0.00047
Streptomyces_sp._NHF165	2175864	S	4606	1022	5628	0.00042
Streptomyces_sp._ST1015	1848900	S	4457	1158	5615	0.00042
Streptomyces_sp._NA02950	2742137	S	4370	1091	5461	0.00040
Streptomyces_sp._A2-16	2781734	S	4368	1641	6009	0.00045
Streptomyces_sp._BH-MK-02	2880933	S	4286	1154	5440	0.00040
Streptomyces_sp._SCUT-3	2684469	S	4094	2068	6162	0.00046
Streptomyces_sp._Z423-1	2730915	S	4086	1453	5539	0.00041
Streptomyces_sp._P3	2135430	S	3931	1213	5144	0.00038
Streptomyces_sp._LRE541	2931983	S	3900	1091	4991	0.00037
Streptomyces_sp._3214.6	1882757	S	3854	1378	5232	0.00039
Streptomyces_sp._3025	2923272	S	3756	848	4604	0.00034
Streptomyces_sp._891-h	2720714	S	3646	845	4491	0.00033
Streptomyces_sp._MST-110588	2833628	S	3543	1089	4632	0.00034
Streptomyces_sp._MG28	2865673	S	3483	1458	4941	0.00037
Streptomyces_sp._W1SF4	2305220	S	3458	1509	4967	0.00037
Streptomyces_sp._YIM_121038	2136401	S	3403	1212	4615	0.00034
Streptomyces_sp._GMY02	1333528	S	3337	745	4082	0.00030
Streptomyces_sp._RTd22	1841249	S	3296	1538	4834	0.00036
Streptomyces_sp._Rer75	2750011	S	3282	1682	4964	0.00037
Streptomyces_sp._HM190	2695266	S	3239	1262	4501	0.00033
Streptomyces_sp._MBT27	1488356	S	3233	1180	4413	0.00033
Streptomyces_sp._C8S0	2585716	S	3220	1159	4379	0.00032
Streptomyces_sp._AMCC400023	2056258	S	3182	1501	4683	0.00035
Streptomyces_sp._NA04227	2742136	S	3111	907	4018	0.00030
Streptomyces_sp._GS7	2692234	S	3064	1020	4084	0.00030
Streptomyces_sp._MG62	2838015	S	3046	1364	4410	0.00033
Streptomyces_sp._DSM_40868	2721173	S	3044	1347	4391	0.00033
Streptomyces_sp._NEAU-sy36	2751189	S	3042	1385	4427	0.00033
Streptomyces_sp._QHH-9511	2684468	S	3033	1034	4067	0.00030
Streptomyces_sp._SAT1	1849967	S	2993	1375	4368	0.00032
Streptomyces_sp._JB150	2714844	S	2952	1207	4159	0.00031
Streptomyces_sp._RPA4-2	2721244	S	2874	1012	3886	0.00029
Streptomyces_sp._Go-475	2072505	S	2854	1564	4418	0.00033
Streptomyces_sp._BHT-5-2	2866715	S	2835	1079	3914	0.00029
Streptomyces_sp._CMB-StM0423	2059884	S	2720	1428	4148	0.00031
Streptomyces_sp._Go_40/10	2825844	S	2630	1380	4010	0.00030
Streptomyces_sp._Tu_2975	2676871	S	2603	1002	3605	0.00027
Streptomyces_sp._SM18	1736046	S	2531	854	3385	0.00025
Streptomyces_sp._SirexAA-E	862751	S	2523	914	3437	0.00025
Streptomyces_sp._135	2838850	S	2494	969	3463	0.00026
Streptomyces_sp._HP-A2021	2927875	S	2445	1566	4011	0.00030
Streptomyces_sp._INR7	2607753	S	2427	1403	3830	0.00028
Streptomyces_sp._fd1-xmd	1812480	S	2395	1218	3613	0.00027
Streptomyces_sp._HSG2	2797167	S	2353	649	3002	0.00022
Streptomyces_sp._WAC_01529	2203205	S	2351	991	3342	0.00025
Streptomyces_sp._SYP-A7193	2662065	S	2147	1442	3589	0.00027
Streptomyces_sp._S1D4-11	2721246	S	2027	1585	3612	0.00027
Streptomyces_sp._TN58	234612	S	1981	1048	3029	0.00022
Streptomyces_sp._S4.7	2705439	S	1959	772	2731	0.00020
Streptomyces_sp._jing01	2726118	S	1878	1221	3099	0.00023
Streptomyces_sp._WAC_06738	2203210	S	1744	1796	3540	0.00026
Streptomyces_sp._CB09001	2083284	S	1740	1290	3030	0.00022
Streptomyces_sp._ADI95-16	1522758	S	1658	1556	3214	0.00024
Streptomyces_sp._WY228	2855836	S	1635	987	2622	0.00019
Streptomyces_sp._SUK_48	2582831	S	1598	1123	2721	0.00020
Streptomyces_sp._CNQ-509	444103	S	1567	1585	3152	0.00023
Streptomyces_sp._CCM_MD2014	1561022	S	1500	1458	2958	0.00022
Streptomyces_sp._YPW6	2840373	S	1478	868	2346	0.00017
Streptomyces_sp._Mg1	465541	S	1438	1437	2875	0.00021
Streptomyces_sp._769	1262452	S	1330	1102	2432	0.00018
Streptomyces_sp._AgN23	1188315	S	1299	1252	2551	0.00019
Streptomyces_sp._HF10	2692233	S	1253	985	2238	0.00017
Streptomyces_sp._2323.1	1938841	S	1219	830	2049	0.00015
Streptomyces_sp._RPA4-5	2721245	S	1213	865	2078	0.00015
Streptomyces_sp._S8	1837283	S	1056	1008	2064	0.00015
Streptomyces_sp._3211	1964449	S	1051	1438	2489	0.00018
Streptomyces_sp._S063	2005885	S	1027	788	1815	0.00013
Streptomyces_sp._EAS-AB2608	2779671	S	939	1611	2550	0.00019
Streptomyces_sp._ID38640	1265399	S	937	716	1653	0.00012
Streptomyces_sp._NA02536	2742133	S	922	2648	3570	0.00026
Streptomyces_sp._NEAU-S7GS2	2202000	S	911	813	1724	0.00013
Streptomyces_sp._Sge12	1972846	S	862	1450	2312	0.00017
Streptomyces_sp._RLB1-33	2721243	S	835	2607	3442	0.00025
Streptomyces_sp._MOE7	1961713	S	815	1070	1885	0.00014
Streptomyces_sp._PBH53	1577075	S	813	1290	2103	0.00016
Streptomyces_sp._WA6-1-16	2879427	S	802	887	1689	0.00013
Streptomyces_sp._XC_2026	2782004	S	794	759	1553	0.00012
Streptomyces_sp._HNA39	2850561	S	767	960	1727	0.00013
Streptomyces_sp._Tue_6075	1661694	S	679	846	1525	0.00011
Streptomyces_sp._11-1-2	1851167	S	679	1361	2040	0.00015
Streptomyces_sp._CB00271	2750025	S	651	958	1609	0.00012
Streptomyces_sp._CFMR_7	1649184	S	599	1120	1719	0.00013
Streptomyces_sp._WAC00303	2933779	S	540	842	1382	0.00010
Streptomyces_sp._CLI2509	1984801	S	471	1773	2244	0.00017
Streptomyces_sp._PAMC_26508	1265601	S	444	1735	2179	0.00016
Streptomyces_sp._Tu6071	355249	S	442	1485	1927	0.00014
Streptomyces_sp._M56	1495638	S	440	1253	1693	0.00013
Streptomyces_sp._A144	2871487	S	416	2065	2481	0.00018
Streptomyces_sp._CB04723	2748873	S	409	793	1202	0.00009
Streptomyces_sp._M2	646637	S	392	2304	2696	0.00020
Streptomyces_sp._S501	2420135	S	342	1443	1785	0.00013
Streptomyces_sp._CB09030	2913412	S	335	1216	1551	0.00011
Streptomyces_sp._HU2014	2939414	S	333	1239	1572	0.00012
Streptomyces_sp._endophyte_N2	2153485	S	330	1038	1368	0.00010
Streptomyces_sp._CRSS-Y-16	2906474	S	324	2015	2339	0.00017
Streptomyces_sp._SGAir0924	2109593	S	310	1673	1983	0.00015
Streptomyces_sp._SS52	2563602	S	307	1600	1907	0.00014
Streptomyces_sp._V17-9	2831149	S	296	1523	1819	0.00013
Streptomyces_sp._VN1	1821625	S	286	1311	1597	0.00012
Streptomyces_sp._A1-5	2738410	S	273	1377	1650	0.00012
Streptomyces_sp._S1A1-7	2594459	S	269	2792	3061	0.00023
Streptomyces_sp._BSE6.1	2605730	S	255	1244	1499	0.00011
Streptomyces_sp._NA03103	2742134	S	255	1787	2042	0.00015
Streptomyces_sp._2114.2	1881022	S	246	1653	1899	0.00014
Streptomyces_sp._WAC00288	2094021	S	243	1098	1341	0.00010
Streptomyces_sp._R527F	1664033	S	233	1436	1669	0.00012
Streptomyces_sp._WA1-19	2884220	S	222	1292	1514	0.00011
Streptomyces_sp._LBUM_1480	2609808	S	213	2309	2522	0.00019
Streptomyces_sp._KPB2	2305221	S	209	1853	2062	0.00015
Streptomyces_sp._GF20	2692235	S	187	1147	1334	0.00010
Streptomyces_sp._604F	1476754	S	152	1499	1651	0.00012
Streptomyces_sp._NBU3104	2911367	S	150	1075	1225	0.00009
Streptomyces_sp._CA-256286	2801033	S	142	955	1097	0.00008
Streptomyces_sp._LBUM_1482	2609809	S	141	3941	4082	0.00030
Streptomyces_sp._CC0208	2306165	S	129	3750	3879	0.00029
Streptomyces_sp._OUCMDZ-3434	1535304	S	120	1374	1494	0.00011
Streptomyces_sp._FR-008	206662	S	119	1060	1179	0.00009
Streptomyces_sp._PLM4	2929798	S	118	1063	1181	0.00009
Streptomyces_sp._RLB3-6	2594457	S	104	3606	3710	0.00027
Streptomyces_sp._RLB3-17	2594455	S	99	1710	1809	0.00013
Streptomyces_sp._GBA_94-10	1218177	S	97	1350	1447	0.00011
Streptomyces_sp._S1D4-20	2594462	S	82	2463	2545	0.00019
Streptomyces_sp._S1D4-23	2594463	S	73	4318	4391	0.00033
Streptomyces_sp._A10(2020)	2782013	S	63	801	864	0.00006
Streptomyces_sp._S1D4-14	2594461	S	62	4474	4536	0.00034
Streptomyces_sp._PVA_94-07	1225337	S	60	965	1025	0.00008
Streptomyces_sp._LBUM_1475	2609807	S	57	1869	1926	0.00014
Streptomyces_sp._RLB1-9	2594454	S	41	2496	2537	0.00019
Streptomyces_sp._SM17	565560	S	22	985	1007	0.00007
Streptomyces_sp._ICC1	2099583	S	19	1217	1236	0.00009
Streptomyces_sp._ICC4	2099584	S	17	1259	1276	0.00009
Streptomyces_venezuelae	54571	S	18355	7754	26109	0.00193
Streptomyces_cadmiisoli	2184053	S	3681	1047	4728	0.00035
Streptomyces_aurantiacus	47760	S	3222	875	4097	0.00030
Streptomyces_qaidamensis	1783515	S	2868	1325	4193	0.00031
Streptomyces_alboniger	132473	S	2016	834	2850	0.00021
Streptomyces_koyangensis	188770	S	1505	1648	3153	0.00023
Streptomyces_hygroscopicus	1912	S	5208	9409	14617	0.00108
Streptomyces_rapamycinicus	1226757	S	4075	1053	5128	0.00038
Streptomyces_violaceusniger	68280	S	1436	1014	2450	0.00018
Streptomyces_yatensis	155177	S	1378	1073	2451	0.00018
Streptomyces_malaysiensis	92644	S	366	1148	1514	0.00011
Streptomyces_chartreusis	1969	S	11423	4817	16240	0.00120
Streptomyces_bathyalis	2710756	S	9577	1867	11444	0.00085
Streptomyces_griseus	1911	S	2746	2636	5382	0.00040
Streptomyces_sp._M54	2759525	S	302	818	1120	0.00008
Streptomyces_anulatus	1892	S	2207	2437	4644	0.00034
Streptomyces_microflavus	1919	S	1071	4948	6019	0.00045
Streptomyces_globisporus	1908	S	920	7022	7942	0.00059
Streptomyces_albus	1888	S	6721	3727	10448	0.00077
Streptomyces_formicae	1616117	S	6310	2250	8560	0.00063
Streptomyces_lydicus	47763	S	6270	4591	10861	0.00080
Streptomyces_nigra	1827580	S	6202	2752	8954	0.00066
Streptomyces_bingchenggensis	379067	S	6125	1354	7479	0.00055
Streptomyces_capitiformicae	2014920	S	5506	962	6468	0.00048
Streptomyces_cyaneochromogenes	2496836	S	5466	1795	7261	0.00054
Streptomyces_griseorubiginosus	67304	S	5436	2004	7440	0.00055
Streptomyces_lunaelactis	1535768	S	5319	1274	6593	0.00049
Streptomyces_buecherae	2763006	S	5316	1570	6886	0.00051
Streptomyces_calvus	67282	S	5219	2273	7492	0.00055
Streptomyces_armeniacus	83291	S	5015	844	5859	0.00043
Streptomyces_spectabilis	68270	S	4873	1781	6654	0.00049
Streptomyces_tsukubensis	83656	S	4849	1385	6234	0.00046
Streptomyces_niveus	193462	S	4795	2416	7211	0.00053
Streptomyces_cattleya	29303	S	4666	1583	6249	0.00046
Streptomyces_pristinaespiralis	38300	S	4623	2111	6734	0.00050
Streptomyces_aquilus	2548456	S	4541	1509	6050	0.00045
Streptomyces_lincolnensis	1915	S	4440	1443	5883	0.00044
Streptomyces_seoulensis	73044	S	4385	1915	6300	0.00047
Streptomyces_ferrugineus	1413221	S	4151	1494	5645	0.00042
Streptomyces_roseirectus	2768066	S	4102	1136	5238	0.00039
Streptomyces_durmitorensis	319947	S	4082	1004	5086	0.00038
Streptomyces_phaeolivaceus	2653200	S	4080	1251	5331	0.00039
Streptomyces_xanthii	2768069	S	4048	1403	5451	0.00040
Streptomyces_viridosporus	67581	S	3995	1816	5811	0.00043
Streptomyces_asoensis	249586	S	3979	1331	5310	0.00039
Streptomyces_rimosus	1927	S	3851	1113	4964	0.00037
Streptomyces_davaonensis	348043	S	3848	1213	5061	0.00037
Streptomyces_xinghaiensis	1038928	S	3803	1341	5144	0.00038
Streptomyces_genisteinicus	2768068	S	3706	1343	5049	0.00037
Streptomyces_vietnamensis	362257	S	3602	1361	4963	0.00037
Streptomyces_dengpaensis	2049881	S	3586	1128	4714	0.00035
Streptomyces_griseoviridis	45398	S	3554	1308	4862	0.00036
Streptomyces_peucetius	1950	S	3551	1110	4661	0.00035
Streptomyces_tendae	1932	S	3534	1642	5176	0.00038
Streptomyces_albulus	68570	S	3521	1212	4733	0.00035
Streptomyces_olivoreticuli	68246	S	3479	1133	4612	0.00034
Streptomyces_griseocarneus	51201	S	3476	1403	4879	0.00036
Streptomyces_rectiverticillatus	173860	S	3424	1267	4691	0.00035
Streptomyces_avermitilis	33903	S	3353	1089	4442	0.00033
Streptomyces_liangshanensis	2717324	S	3352	977	4329	0.00032
Streptomyces_alboflavus	67267	S	3341	1051	4392	0.00033
Streptomyces_actuosus	1885	S	3341	1600	4941	0.00037
Streptomyces_antibioticus	1890	S	3333	1342	4675	0.00035
Streptomyces_prasinus	67345	S	3296	1219	4515	0.00033
Streptomyces_paludis	2282738	S	3293	828	4121	0.00031
Streptomyces_luteoverticillatus	66425	S	3260	1247	4507	0.00033
Streptomyces_griseochromogenes	68214	S	3254	1016	4270	0.00032
Streptomyces_clavuligerus	1901	S	3254	909	4163	0.00031
Streptomyces_aureoverticillatus	66871	S	3209	981	4190	0.00031
Streptomyces_globosus	68209	S	3193	1342	4535	0.00034
Streptomyces_harbinensis	1176198	S	3150	999	4149	0.00031
Streptomyces_exfoliatus	1905	S	3082	1198	4280	0.00032
Streptomyces_ficellus	1977088	S	3069	1260	4329	0.00032
Streptomyces_galilaeus	33899	S	3039	1155	4194	0.00031
Streptomyces_lavendulae	1914	S	2940	1158	4098	0.00030
Streptomyces_atratus	1893	S	2926	679	3605	0.00027
Streptomyces_deccanensis	424188	S	2906	1316	4222	0.00031
Streptomyces_ambofaciens	1889	S	2889	1926	4815	0.00036
Streptomyces_vinaceus	1960	S	2858	1159	4017	0.00030
Streptomyces_subrutilus	36818	S	2837	1197	4034	0.00030
Streptomyces_katrae	68223	S	2833	1208	4041	0.00030
Streptomyces_broussonetiae	2686304	S	2810	954	3764	0.00028
Streptomyces_collinus	42684	S	2809	2212	5021	0.00037
Streptomyces_glaucescens	1907	S	2798	1363	4161	0.00031
Streptomyces_nodosus	40318	S	2789	813	3602	0.00027
Streptomyces_parvulus	146923	S	2751	1364	4115	0.00030
Streptomyces_chromofuscus	42881	S	2700	1170	3870	0.00029
Streptomyces_roseochromogenus	285450	S	2671	937	3608	0.00027
Streptomyces_fodineus	1904616	S	2649	1043	3692	0.00027
Streptomyces_pactum	68249	S	2634	1188	3822	0.00028
Streptomyces_inhibens	2293571	S	2611	886	3497	0.00026
Streptomyces_tuirus	68278	S	2590	1449	4039	0.00030
Streptomyces_incarnatus	665007	S	2582	831	3413	0.00025
Streptomyces_hundungensis	1077946	S	2564	915	3479	0.00026
Streptomyces_coeruleorubidus	116188	S	2533	1323	3856	0.00029
Streptomyces_hawaiiensis	67305	S	2520	1208	3728	0.00028
Streptomyces_kanamyceticus	1967	S	2507	934	3441	0.00025
Streptomyces_dangxiongensis	1442032	S	2460	957	3417	0.00025
Streptomyces_gilvosporeus	553510	S	2453	889	3342	0.00025
Streptomyces_tirandamycinicus	2174846	S	2414	908	3322	0.00025
Streptomyces_nitrosporeus	28894	S	2393	771	3164	0.00023
Streptomyces_mobaraensis	35621	S	2389	97664	100053	0.00741
Streptomyces_gardneri	66892	S	2329	1038	3367	0.00025
Streptomyces_qinzhouensis	2599401	S	2322	630	2952	0.00022
Streptomyces_pratensis	1169025	S	2262	623	2885	0.00021
Streptomyces_rutgersensis	53451	S	2242	1231	3473	0.00026
Streptomyces_spongiicola	1690221	S	2226	1043	3269	0.00024
Streptomyces_angustmyceticus	285578	S	2207	1003	3210	0.00024
Streptomyces_finlayi	67296	S	2194	571	2765	0.00020
Streptomyces_fagopyri	2662397	S	2155	817	2972	0.00022
Streptomyces_gobiensis	2875706	S	2120	466	2586	0.00019
Streptomyces_huasconensis	1854574	S	2118	920	3038	0.00023
Streptomyces_nojiriensis	66374	S	2106	996	3102	0.00023
Streptomyces_pluripotens	1355015	S	2097	550	2647	0.00020
Streptomyces_cyanogenus	80860	S	2069	1015	3084	0.00023
Streptomyces_leeuwenhoekii	1437453	S	1594	1205	2799	0.00021
Streptomyces_cyaneogriseus	68192	S	1379	1161	2540	0.00019
Streptomyces_decoyicus	249567	S	1283	771	2054	0.00015
Streptomyces_lydicamycinicus	1546107	S	1070	691	1761	0.00013
Streptomyces_antimycoticus	68175	S	1037	1122	2159	0.00016
Streptomyces_auratus	114687	S	1033	739	1772	0.00013
Streptomyces_xiamenensis	408015	S	927	848	1775	0.00013
Streptomyces_fungicidicus	68203	S	896	2781	3677	0.00027
Streptomyces_platensis	58346	S	885	706	1591	0.00012
Streptomyces_albidoflavus	1886	S	288	4611	4899	0.00036
Streptomyces_coelicolor	1902	S	268	2425	2693	0.00020
Streptomyces_sampsonii	42239	S	137	1169	1306	0.00010
Streptomyces_filamentosus	67294	S	621	833	1454	0.00011
Streptomyces_alfalfae	1642299	S	579	3456	4035	0.00030
Streptomyces_cavourensis	67258	S	537	1052	1589	0.00012
Streptomyces_californicus	67351	S	517	1787	2304	0.00017
Streptomyces_olivaceus	47716	S	479	1864	2343	0.00017
Streptomyces_autolyticus	75293	S	433	1531	1964	0.00015
Streptomyces_mirabilis	68239	S	400	2509	2909	0.00022
Streptomyces_fradiae	1906	S	369	6100	6469	0.00048
Streptomyces_murinus	33900	S	335	1012	1347	0.00010
Streptomyces_noursei	1971	S	305	1265	1570	0.00012
Streptomyces_griseofuscus	146922	S	276	1308	1584	0.00012
Streptomyces_albireticuli	1940	S	275	1232	1507	0.00011
Streptomyces_scabiei	1930	S	233	2155	2388	0.00018
Streptomyces_cinereoruber	67260	S	219	1216	1435	0.00011
Streptomyces_lividans	1916	S	199	2333	2532	0.00019
Streptomyces_violaceoruber	1935	S	151	704	855	0.00006
Streptomyces_rubrolavendulae	285473	S	127	985	1112	0.00008
Streptomyces_rochei	1928	S	117	929	1046	0.00008
Kitasatospora_sp._MMS16-BH015	2018025	S	4423	1739	6162	0.00046
Kitasatospora_sp._NA04385	2742135	S	3605	2236	5841	0.00043
Kitasatospora_setae	2066	S	3772	2261	6033	0.00045
Kitasatospora_aureofaciens	1894	S	3093	1514	4607	0.00034
Kitasatospora_albolonga	68173	S	1208	1082	2290	0.00017
Streptacidiphilus_sp._P02-A3a	2704468	S	4187	1554	5741	0.00043
Streptacidiphilus_sp._PB12-B1b	2705012	S	3788	1799	5587	0.00041
Streptacidiphilus_bronchialis	2126346	S	3497	1367	4864	0.00036
Yinghuangia_sp._ASG_101	2896848	S	5468	1107	6575	0.00049
Microbacterium_sp._No._7	1714373	S	2934	1425	4359	0.00032
Microbacterium_sp._4R-513	2567934	S	2676	537	3213	0.00024
Microbacterium_sp._JZ31	1906274	S	2123	653	2776	0.00021
Microbacterium_sp._10M-3C3	2483401	S	2081	668	2749	0.00020
Microbacterium_sp._SSW1-51	2851650	S	1654	445	2099	0.00016
Microbacterium_sp._YJN-G	2763257	S	1646	576	2222	0.00016
Microbacterium_sp._BH-3-3-3	1906742	S	1608	422	2030	0.00015
Microbacterium_sp._ABRD_28	2268461	S	1492	222	1714	0.00013
Microbacterium_sp._NIBRBAC000506063	2734618	S	1470	653	2123	0.00016
Microbacterium_sp._XT11	367477	S	1406	324	1730	0.00013
Microbacterium_sp._cx-55	2875948	S	1384	224	1608	0.00012
Microbacterium_sp._H1-D42	2925844	S	1323	240	1563	0.00012
Microbacterium_sp._LKL04	912630	S	1280	333	1613	0.00012
Microbacterium_sp._SSW1-36	2851648	S	1280	300	1580	0.00012
Microbacterium_sp._PM5	2014534	S	1268	257	1525	0.00011
Microbacterium_sp._A18JL241	2782166	S	1252	320	1572	0.00012
Microbacterium_sp._Y-01	2048898	S	1179	493	1672	0.00012
Microbacterium_sp._CBA3102	2603598	S	1096	282	1378	0.00010
Microbacterium_sp._1S1	2606451	S	1012	447	1459	0.00011
Microbacterium_sp._TPU_3598	1938334	S	1005	276	1281	0.00009
Microbacterium_sp._Nx66	2766784	S	854	572	1426	0.00011
Microbacterium_sp._RG1	2489212	S	511	402	913	0.00007
Microbacterium_sp._CGR1	1696072	S	252	886	1138	0.00008
Microbacterium_sp._1.5R	1916917	S	245	830	1075	0.00008
Microbacterium_sp._SGAir0570	2070348	S	214	766	980	0.00007
Microbacterium_sp._PAMC22086	2861281	S	209	445	654	0.00005
Microbacterium_sp._str._'China'	2103230	S	143	736	879	0.00007
Microbacterium_sp._PAMC_28756	1795053	S	56	886	942	0.00007
Microbacterium_sp._KUDC0406	2909588	S	27	2103	2130	0.00016
Microbacterium_sp._Se5.02b	2864103	S	16	1257	1273	0.00009
Microbacterium_sp._PAMC21962	2861280	S	11	455	466	0.00003
Microbacterium_foliorum	104336	S	3224	730	3954	0.00029
Microbacterium_atlanticum	2782168	S	2933	718	3651	0.00027
Microbacterium_cremeum	2782169	S	2876	672	3548	0.00026
Microbacterium_hominis	162426	S	2876	8152	11028	0.00082
Microbacterium_oleivorans	273677	S	2868	617	3485	0.00026
Microbacterium_resistens	156977	S	1989	409	2398	0.00018
Microbacterium_sediminis	904291	S	1962	985	2947	0.00022
Microbacterium_lemovicicum	1072463	S	1943	490	2433	0.00018
Microbacterium_pygmaeum	370764	S	1931	268	2199	0.00016
Microbacterium_oryzae	743009	S	1677	559	2236	0.00017
Microbacterium_wangchenii	2541726	S	1575	391	1966	0.00015
Microbacterium_testaceum	2033	S	1564	313	1877	0.00014
Microbacterium_aurum	36805	S	1530	531	2061	0.00015
Microbacterium_lushaniae	2614639	S	1497	379	1876	0.00014
Microbacterium_luteum	2782167	S	1465	673	2138	0.00016
Microbacterium_caowuchunii	2614638	S	1459	310	1769	0.00013
Microbacterium_chocolatum	84292	S	1382	348	1730	0.00013
Microbacterium_oxydans	82380	S	1380	1100	2480	0.00018
Microbacterium_protaetiae	2509458	S	1337	332	1669	0.00012
Microbacterium_esteraromaticum	57043	S	1328	326	1654	0.00012
Microbacterium_hydrocarbonoxydans	273678	S	1082	212	1294	0.00010
Microbacterium_schleiferi	69362	S	985	382	1367	0.00010
Microbacterium_fandaimingii	2708079	S	776	75	851	0.00006
Microbacterium_amylolyticum	936337	S	593	143	736	0.00005
Microbacterium_binotii	462710	S	588	455	1043	0.00008
Microbacterium_chengjingii	2769067	S	549	32	581	0.00004
Microbacterium_endophyticum	1526412	S	461	36	497	0.00004
Microbacterium_paraoxydans	199592	S	195	1344	1539	0.00011
Microbacterium_paludicola	300019	S	190	711	901	0.00007
Agromyces_sp._H17E-10	2932244	S	4602	1774	6376	0.00047
Agromyces_sp._LHK192	2498704	S	3742	1277	5019	0.00037
Agromyces_sp._CFWR-12	2929802	S	2696	1874	4570	0.00034
Agromyces_flavus	589382	S	8447	3128	11575	0.00086
Agromyces_aureus	453304	S	4131	1367	5498	0.00041
Agromyces_soli	659012	S	3575	1516	5091	0.00038
Agromyces_badenianii	2080742	S	3220	1237	4457	0.00033
Agromyces_marinus	1389020	S	3213	1380	4593	0.00034
Agromyces_protaetiae	2509455	S	2978	997	3975	0.00029
Agromyces_laixinhei	2585717	S	2574	695	3269	0.00024
Agromyces_archimandritae	2781962	S	2326	786	3112	0.00023
Agromyces_intestinalis	2592652	S	2274	1496	3770	0.00028
Curtobacterium_sp._BH-2-1-1	1905847	S	1467	554	2021	0.00015
Curtobacterium_sp._L6-1	2841594	S	1455	546	2001	0.00015
Curtobacterium_sp._MR_MD2014	1561023	S	1116	590	1706	0.00013
Curtobacterium_sp._YC1	2795488	S	1108	574	1682	0.00012
Curtobacterium_sp._TC1	2862880	S	971	562	1533	0.00011
Curtobacterium_sp._24E2	2804758	S	938	577	1515	0.00011
Curtobacterium_sp._SGAir0471	2070337	S	823	746	1569	0.00012
Curtobacterium_sp._TXMA1	2876939	S	744	698	1442	0.00011
Curtobacterium_sp._C1	2898151	S	294	1004	1298	0.00010
Curtobacterium_sp._Csp2	2495430	S	254	980	1234	0.00009
Curtobacterium_sp._Csp1	2495429	S	39	982	1021	0.00008
Curtobacterium_flaccumfaciens	2035	S	2358	1234	3592	0.00027
Curtobacterium_luteum	33881	S	1439	587	2026	0.00015
Rathayibacter_sp._VKM_Ac-2759	2609252	S	2107	844	2951	0.00022
Rathayibacter_sp._VKM_Ac-2760	2609253	S	1829	1026	2855	0.00021
Rathayibacter_sp._VKM_Ac-2804	2609257	S	1298	1003	2301	0.00017
Rathayibacter_sp._VKM_Ac-2801	2609255	S	805	783	1588	0.00012
Rathayibacter_sp._VKM_Ac-2762	2609254	S	406	1112	1518	0.00011
Rathayibacter_sp._VKM_Ac-2805	2609258	S	336	947	1283	0.00010
Rathayibacter_festucae	110937	S	2095	2364	4459	0.00033
Rathayibacter_tanaceti	1671680	S	1239	360	1599	0.00012
Rathayibacter_iranicus	59737	S	810	124	934	0.00007
Rathayibacter_tritici	33888	S	775	259	1034	0.00008
Rathayibacter_rathayi	33887	S	650	194	844	0.00006
Rathayibacter_toxicus	145458	S	359	37	396	0.00003
Leucobacter_sp._H25R-14	2932245	S	1459	281	1740	0.00013
Leucobacter_sp._NB_10	2873270	S	1367	440	1807	0.00013
Leucobacter_sp._Psy1	2875729	S	1181	171	1352	0.00010
Leucobacter_sp._CX169	2813744	S	1039	319	1358	0.00010
Leucobacter_sp._H21R-36	2932246	S	511	1365	1876	0.00014
Leucobacter_sp._H21R-40	2932247	S	374	998	1372	0.00010
Leucobacter_triazinivorans	1784719	S	1642	1130	2772	0.00021
Leucobacter_muris	1935379	S	1596	657	2253	0.00017
Leucobacter_luti	340320	S	605	67	672	0.00005
Leucobacter_viscericola	2714935	S	481	54	535	0.00004
Leucobacter_insecticola	2714934	S	410	41	451	0.00003
Leucobacter_denitrificans	683042	S	355	63	418	0.00003
Leucobacter_coleopterorum	2714933	S	288	33	321	0.00002
Leifsonia_sp._ZF2019	2781978	S	2083	673	2756	0.00020
Leifsonia_sp._PS1209	2724914	S	1958	628	2586	0.00019
Leifsonia_sp._21MFCrub1.1	1798223	S	1887	2578	4465	0.00033
Leifsonia_shinshuensis	150026	S	2840	950	3790	0.00028
Leifsonia_xyli	1575	S	1744	285	2029	0.00015
Clavibacter_michiganensis	28447	S	8788	8940	17728	0.00131
Clavibacter_zhangzhiyongii	2768071	S	1136	669	1805	0.00013
Clavibacter_sp._A6099	2860285	S	668	537	1205	0.00009
Agrococcus_sp._SCSIO52902	2933290	S	2297	1362	3659	0.00027
Agrococcus_sp._SGAir0287	2070347	S	2239	821	3060	0.00023
Agrococcus_sp._Marseille-Q4369	2810513	S	2223	942	3165	0.00023
Agrococcus_jejuensis	399736	S	2387	915	3302	0.00024
Agrococcus_carbonis	684552	S	2243	1252	3495	0.00026
Protaetiibacter_sp._SSC-01	2759943	S	2164	952	3116	0.00023
Protaetiibacter_intestinalis	2419774	S	2138	918	3056	0.00023
Protaetiibacter_larvae	2592654	S	1647	631	2278	0.00017
Salinibacterium_sp._ZJ450	2708338	S	1686	314	2000	0.00015
Salinibacterium_sp._ZJ70	2708084	S	1260	382	1642	0.00012
Salinibacterium_sp._dk2585	2603292	S	1124	228	1352	0.00010
Salinibacterium_sp._UTAS2018	2508880	S	375	42	417	0.00003
Salinibacterium_sp._M195	2583374	S	346	46	392	0.00003
Salinibacterium_hongtaonis	2079791	S	574	74	648	0.00005
Cryobacterium_sp._LW097	1978566	S	1251	322	1573	0.00012
Cryobacterium_sp._PAMC25264	2861288	S	721	477	1198	0.00009
Cryobacterium_soli	2220095	S	1005	565	1570	0.00012
Cryobacterium_arcticum	670052	S	842	681	1523	0.00011
Frondihabitans_sp._PAMC_28766	1795630	S	1898	312	2210	0.00016
Frondihabitans_sp._762G35	1446794	S	1740	454	2194	0.00016
Microterricola_viridarii	412690	S	3512	1046	4558	0.00034
Plantibacter_sp._M259	2583822	S	612	614	1226	0.00009
Plantibacter_sp._PA-3-X8	2480625	S	583	606	1189	0.00009
Plantibacter_flavus	150123	S	674	605	1279	0.00009
Microcella_flavibacter	1804990	S	1876	1090	2966	0.00022
Microcella_alkaliphila	279828	S	1273	267	1540	0.00011
Mycetocola_sp._JXN-3	2116510	S	880	159	1039	0.00008
Mycetocola_zhujimingii	2079792	S	815	117	932	0.00007
Mycetocola_spongiae	2859226	S	669	108	777	0.00006
Cnuibacter_physcomitrellae	1619308	S	2357	617	2974	0.00022
Herbiconiux_sp._SALV-R1	2735133	S	2240	543	2783	0.00021
Subtercola_sp._AK-R2A1-2	2895559	S	1302	157	1459	0.00011
Subtercola_sp._PAMC28395	2846775	S	817	107	924	0.00007
Frigoribacterium_sp._NBH87	2596916	S	2146	763	2909	0.00022
Gryllotalpicola_protaetiae	2419771	S	2101	494	2595	0.00019
Humibacter_sp._WJ7-1	2599293	S	1823	486	2309	0.00017
Amnibacterium_sp._L3-i23	2905871	S	1709	497	2206	0.00016
Chryseoglobus_indicus	2750620	S	324	736	1060	0.00008
Chryseoglobus_sp._28M-23	2772253	S	322	688	1010	0.00007
Marisediminicola_antarctica	674079	S	1467	220	1687	0.00012
Gulosibacter_sediminis	1729695	S	1464	521	1985	0.00015
Diaminobutyricimonas_sp._LJ205	2683590	S	1377	313	1690	0.00013
Glaciihabitans_sp._INWT7	2596912	S	1071	103	1174	0.00009
Agreia_sp._COWG	2773266	S	1061	155	1216	0.00009
Aquiluna_borgnonia	2499157	S	168	18	186	0.00001
Candidatus_Aquiluna_sp._UB-MaderosW2red	1855377	S	82	5	87	0.00001
Rhodoluna_limnophila	232537	S	106	10	116	0.00001
Candidatus_Rhodoluna_planktonica	535712	S	62	4	66	0.00000
Rhodoluna_lacicola	529884	S	55	5	60	0.00000
Pseudoclavibacter_sp._Marseille-Q3772	2866588	S	307	72	379	0.00003
Aurantimicrobium_photophilum	1987356	S	90	9	99	0.00001
Aurantimicrobium_sp._MWH-Uga1	2079575	S	51	17	68	0.00001
Aurantimicrobium_minutum	708131	S	45	15	60	0.00000
Pontimonas_salivibrio	1159327	S	123	7	130	0.00001
Arthrobacter_sp._QXT-31	1357915	S	8282	2906	11188	0.00083
Arthrobacter_sp._FW305-BF8	2879617	S	3977	1375	5352	0.00040
Arthrobacter_sp._QL17	2895818	S	1758	495	2253	0.00017
Arthrobacter_sp._24S4-2	2575374	S	1667	475	2142	0.00016
Arthrobacter_sp._PM3	2017685	S	1587	313	1900	0.00014
Arthrobacter_sp._NicSoilB8	2830998	S	1501	493	1994	0.00015
Arthrobacter_sp._PAMC25564	2565366	S	1278	439	1717	0.00013
Arthrobacter_sp._ERGS1:01	1704044	S	1215	288	1503	0.00011
Arthrobacter_sp._U41	1849032	S	1210	435	1645	0.00012
Arthrobacter_sp._KBS0702	2578107	S	1205	606	1811	0.00013
Arthrobacter_sp._UKPF54-2	2600159	S	1162	620	1782	0.00013
Arthrobacter_sp._NicSoilB4	2830997	S	1153	457	1610	0.00012
Arthrobacter_sp._FB24	290399	S	1148	461	1609	0.00012
Arthrobacter_sp._PGP41	2079227	S	1131	493	1624	0.00012
Arthrobacter_sp._NicSoilC5	2831000	S	1098	709	1807	0.00013
Arthrobacter_sp._FW306-2-2C-D06B	2879618	S	1030	253	1283	0.00010
Arthrobacter_sp._Helios	2828862	S	893	181	1074	0.00008
Arthrobacter_sp._PAMC25284	2861279	S	837	275	1112	0.00008
Arthrobacter_sp._PAMC_25486	1494608	S	609	122	731	0.00005
Arthrobacter_sp._zg-Y462	2886936	S	599	151	750	0.00006
Arthrobacter_sp._StoSoilB5	2830992	S	574	207	781	0.00006
Arthrobacter_sp._zg-Y809	2886940	S	568	220	788	0.00006
Arthrobacter_sp._StoSoilB20	2830995	S	506	178	684	0.00005
Arthrobacter_sp._NtRootA1	2830983	S	491	188	679	0.00005
Arthrobacter_sp._YN	2020486	S	388	202	590	0.00004
Arthrobacter_sp._D5-1	1477518	S	366	306	672	0.00005
Arthrobacter_sp._C1-1	2813727	S	305	52	357	0.00003
Arthrobacter_sp._NicSoilB11	2830999	S	221	1090	1311	0.00010
Arthrobacter_sp._FW306-06-A	2879621	S	198	860	1058	0.00008
Arthrobacter_sp._StoSoilB13	2830993	S	169	389	558	0.00004
Arthrobacter_sp._FW306-07-I	2879622	S	168	1166	1334	0.00010
Arthrobacter_sp._StoSoilB19	2830994	S	166	940	1106	0.00008
Arthrobacter_sp._StoSoilA2	2830990	S	148	330	478	0.00004
Arthrobacter_sp._FW306-05-C	2879620	S	124	807	931	0.00007
Arthrobacter_sp._AQ5-05	2184581	S	36	535	571	0.00004
Arthrobacter_agilis	37921	S	2582	451	3033	0.00022
Arthrobacter_crystallopoietes	37928	S	2102	469	2571	0.00019
Arthrobacter_sulfonylureivorans	2486855	S	1321	258	1579	0.00012
Arthrobacter_woluwensis	156980	S	1243	347	1590	0.00012
Arthrobacter_dokdonellae	2211210	S	1118	230	1348	0.00010
Arthrobacter_jiangjiafuii	2817475	S	849	271	1120	0.00008
Arthrobacter_alpinus	656366	S	784	1044	1828	0.00014
Arthrobacter_sunyaminii	2816859	S	614	219	833	0.00006
Kocuria_rosea	1275	S	2942	1089	4031	0.00030
Kocuria_turfanensis	388357	S	2356	943	3299	0.00024
Kocuria_flava	446860	S	2339	1364	3703	0.00027
Kocuria_palustris	71999	S	1385	654	2039	0.00015
Kocuria_rhizophila	72000	S	975	1526	2501	0.00019
Kocuria_varians	1272	S	822	668	1490	0.00011
Kocuria_sp._TGY1127_2	2711328	S	405	80	485	0.00004
Kocuria_sp._KD4	2719588	S	215	361	576	0.00004
Kocuria_sp._BT304	1702043	S	110	563	673	0.00005
Kocuria_indica	1049583	S	172	347	519	0.00004
Pseudarthrobacter_sp._L1SW	2851598	S	1091	522	1613	0.00012
Pseudarthrobacter_sp._BIM_B-2242	2772401	S	1061	323	1384	0.00010
Pseudarthrobacter_sp._NIBRBAC000502772	2590775	S	642	495	1137	0.00008
Pseudarthrobacter_sp._NBSH8	2596911	S	504	217	721	0.00005
Pseudarthrobacter_sp._SSS035	2931399	S	459	413	872	0.00006
Pseudarthrobacter_sp._NIBRBAC000502770	2590785	S	282	896	1178	0.00009
Pseudarthrobacter_sp._NIBRBAC000502771	2590774	S	246	894	1140	0.00008
Pseudarthrobacter_phenanthrenivorans	361575	S	1115	642	1757	0.00013
Pseudarthrobacter_chlorophenolicus	85085	S	869	371	1240	0.00009
Pseudarthrobacter_equi	728066	S	868	389	1257	0.00009
Pseudarthrobacter_psychrotolerans	2697569	S	812	368	1180	0.00009
Pseudarthrobacter_sulfonivorans	121292	S	640	695	1335	0.00010
Micrococcus_luteus	1270	S	2849	5050	7899	0.00059
Micrococcus_sp._KD337-16	2856555	S	1249	905	2154	0.00016
Micrococcus_sp._KBS0714	1179670	S	57	533	590	0.00004
Micrococcus_yunnanensis	566027	S	33	289	322	0.00002
Sinomonas_atrocyanea	37927	S	2596	1044	3640	0.00027
Sinomonas_sp._R1AF57	2020377	S	2188	623	2811	0.00021
Glutamicibacter_creatinolyticus	162496	S	854	252	1106	0.00008
Glutamicibacter_protophormiae	37930	S	822	623	1445	0.00011
Glutamicibacter_halophytocola	1933880	S	494	111	605	0.00004
Glutamicibacter_mishrai	1775880	S	330	88	418	0.00003
Glutamicibacter_arilaitensis	256701	S	260	115	375	0.00003
Glutamicibacter_nicotianae	37929	S	241	810	1051	0.00008
Glutamicibacter_sp._ZJUTW	1155384	S	70	331	401	0.00003
Rothia_kristinae	37923	S	1487	1032	2519	0.00019
Rothia_mucilaginosa	43675	S	459	113	572	0.00004
Rothia_nasimurium	85336	S	258	155	413	0.00003
Rothia_aeria	172042	S	218	95	313	0.00002
Rothia_dentocariosa	2047	S	126	54	180	0.00001
Rothia_terrae	396015	S	112	57	169	0.00001
Rothia_sp._ZJ932	2810516	S	85	15	100	0.00001
Rothia_amarae	169480	S	78	42	120	0.00001
Paenarthrobacter_ureafaciens	37931	S	697	1338	2035	0.00015
Paenarthrobacter_aurescens	43663	S	598	473	1071	0.00008
Paenarthrobacter_sp._YJN-5	2735316	S	209	529	738	0.00005
Paenarthrobacter_sp._YJN-D	2735317	S	123	280	403	0.00003
Paenarthrobacter_nicotinovorans	29320	S	148	293	441	0.00003
Citricoccus_sp._SGAir0253	2567881	S	2104	706	2810	0.00021
Nesterenkonia_sp._NBAIMH1	2600320	S	841	67	908	0.00007
Paeniglutamicibacter_sp._Y32M11	2853258	S	425	83	508	0.00004
Psychromicrobium_lacuslunae	1618207	S	355	62	417	0.00003
Neomicrococcus_aestuarii	556325	S	303	167	470	0.00003
Auritidibacter_sp._NML130574	2170745	S	282	36	318	0.00002
Renibacterium_salmoninarum	1646	S	191	14	205	0.00002
Cellulomonas_sp._H30R-01	2704467	S	3960	1975	5935	0.00044
Cellulomonas_sp._Y8	2591145	S	3908	2173	6081	0.00045
Cellulomonas_sp._JZ18	2654191	S	3072	1687	4759	0.00035
Cellulomonas_sp._C5510	2871170	S	3029	1564	4593	0.00034
Cellulomonas_sp._zg-ZUI188	2819978	S	2971	1082	4053	0.00030
Cellulomonas_sp._zg-ZUI222	2816956	S	2670	1294	3964	0.00029
Cellulomonas_sp._zg-ZUI157	2819979	S	2509	1115	3624	0.00027
Cellulomonas_sp._EW123	2608402	S	2356	1723	4079	0.00030
Cellulomonas_sp._PSBB021	2003551	S	2123	2092	4215	0.00031
Cellulomonas_fimi	1708	S	3610	3680	7290	0.00054
Cellulomonas_iranensis	76862	S	2828	1679	4507	0.00033
Cellulomonas_shaoxiangyii	2566013	S	2682	1422	4104	0.00030
Cellulomonas_flavigena	1711	S	2669	1285	3954	0.00029
Cellulomonas_gilvus	11	S	2279	1271	3550	0.00026
Cellulomonas_taurus	2729175	S	2123	890	3013	0.00022
Actinotalea_sp._JY-7876	2758442	S	3157	1462	4619	0.00034
Oerskovia_sp._KBS0722	1179673	S	2347	962	3309	0.00025
Pseudactinotalea_sp._HY158	2654547	S	2188	413	2601	0.00019
Paraoerskovia_marina	545619	S	1670	562	2232	0.00017
Janibacter_melonis	262209	S	3126	1363	4489	0.00033
Janibacter_limosus	53458	S	2142	726	2868	0.00021
Janibacter_indicus	857417	S	1143	1812	2955	0.00022
Janibacter_sp._YB324	2761047	S	687	1437	2124	0.00016
Phycicoccus_sp._HDW14	2714941	S	4266	1790	6056	0.00045
Phycicoccus_endophyticus	1690220	S	3449	1277	4726	0.00035
Intrasporangium_calvum	53358	S	5174	1781	6955	0.00052
Pedococcus_dokdonensis	443156	S	3773	1406	5179	0.00038
Tetrasphaera_sp._HKS02	1813880	S	3127	1028	4155	0.00031
Arsenicicoccus_sp._oral_taxon_190	1658671	S	3027	1492	4519	0.00033
Cellulosimicrobium_cellulans	1710	S	5288	6529	11817	0.00088
Cellulosimicrobium_sp._BI34T	2587808	S	2355	1338	3693	0.00027
Cellulosimicrobium_sp._JZ28	1906273	S	442	1170	1612	0.00012
Cellulosimicrobium_sp._72-3	2731680	S	291	1452	1743	0.00013
Cellulosimicrobium_sp._TH-20	1980001	S	208	1071	1279	0.00009
Xylanimonas_protaetiae	2509457	S	2646	1480	4126	0.00031
Xylanimonas_cellulosilytica	186189	S	2335	1069	3404	0.00025
Xylanimonas_allomyrinae	2509459	S	2206	895	3101	0.00023
Isoptericola_dokdonensis	372663	S	3677	1834	5511	0.00041
Isoptericola_variabilis	139208	S	3008	2014	5022	0.00037
Ornithinimicrobium_avium	2283195	S	3439	1155	4594	0.00034
Ornithinimicrobium_sp._HY006	2508882	S	2383	972	3355	0.00025
Ornithinimicrobium_sp._INDO-MA30-4	2908651	S	478	109	587	0.00004
Ornithinimicrobium_flavum	1288636	S	2647	1048	3695	0.00027
Ornithinimicrobium_ciconiae	2594265	S	2073	412	2485	0.00018
Ornithinimicrobium_pratense	2593973	S	1744	608	2352	0.00017
Serinicoccus_chungangensis	767452	S	2340	994	3334	0.00025
Serinicoccus_hydrothermalis	1758689	S	2246	1237	3483	0.00026
Serinicoccus_profundi	1078471	S	2134	961	3095	0.00023
Serinicoccus_marinus	247333	S	1879	1087	2966	0.00022
Brachybacterium_sp._SGAir0954	2571029	S	2012	681	2693	0.00020
Brachybacterium_sp._CBA3105	2887346	S	1963	561	2524	0.00019
Brachybacterium_sp._P6-10-X1	1903186	S	1839	388	2227	0.00016
Brachybacterium_ginsengisoli	1331682	S	1906	648	2554	0.00019
Brachybacterium_saurashtrense	556288	S	1745	585	2330	0.00017
Brachybacterium_faecium	43669	S	1611	573	2184	0.00016
Brachybacterium_vulturis	2017484	S	1367	560	1927	0.00014
Brachybacterium_avium	2017485	S	1193	487	1680	0.00012
Dermabacter_vaginalis	1630135	S	611	535	1146	0.00008
Dermabacter_jinjuensis	1667168	S	530	584	1114	0.00008
Devriesea_agamarum	472569	S	272	19	291	0.00002
Brevibacterium_sp._CS2	2575923	S	1869	964	2833	0.00021
Brevibacterium_sp._SMBL_HHYL_HB1	2777556	S	881	243	1124	0.00008
Brevibacterium_sp._HY170	2898795	S	458	159	617	0.00005
Brevibacterium_sp._'Marine'	2725563	S	343	261	604	0.00004
Brevibacterium_sp._W7.2	2823518	S	288	1640	1928	0.00014
Brevibacterium_casei	33889	S	2069	1710	3779	0.00028
Brevibacterium_luteolum	199591	S	1185	610	1795	0.00013
Brevibacterium_linens	1703	S	1072	754	1826	0.00014
Brevibacterium_aurantiacum	273384	S	755	611	1366	0.00010
Brevibacterium_sandarakinum	629680	S	692	152	844	0.00006
Brevibacterium_atlanticum	2697563	S	689	173	862	0.00006
Brevibacterium_oceani	358099	S	641	170	811	0.00006
Brevibacterium_limosum	2697565	S	526	229	755	0.00006
Brevibacterium_siliguriense	1136497	S	458	157	615	0.00005
Brevibacterium_pigmentatum	1496080	S	330	284	614	0.00005
Georgenia_yuyongxinii	2589797	S	3542	1128	4670	0.00035
Georgenia_sp._TF02-10	2917725	S	3501	1659	5160	0.00038
Georgenia_wutianyii	2585135	S	2835	1270	4105	0.00030
Georgenia_faecalis	2483799	S	2829	1011	3840	0.00028
Haloactinobacterium_kanbiaonis	2675754	S	3428	641	4069	0.00030
Ruania_sp._LR1S40	2897774	S	1878	496	2374	0.00018
Ruania_sp._M4N3S171	2897773	S	1216	204	1420	0.00011
Ruania_zhangjianzhongii	2603206	S	2057	267	2324	0.00017
Ruania_alkalisoli	2779775	S	1402	288	1690	0.00013
Dermacoccus_nishinomiyaensis	1274	S	1972	1060	3032	0.00022
Dermacoccus_sp._PAMC28757	2762331	S	1365	617	1982	0.00015
Luteipulveratus_mongoliensis	571913	S	2745	494	3239	0.00024
Allobranchiibius_sp._GilTou73	2904523	S	2165	613	2778	0.00021
Yimella_sp._cx-51	2770551	S	1376	356	1732	0.00013
Beutenbergia_cavernae	84757	S	3973	852	4825	0.00036
Miniimonas_sp._S16	2171623	S	2791	1856	4647	0.00034
Pengzhenrongella_sicca	2819238	S	3728	1330	5058	0.00037
Luteimicrobium_xylanilyticum	1133546	S	2975	1174	4149	0.00031
Sanguibacter_keddieii	60920	S	2274	869	3143	0.00023
Sanguibacter_sp._HDW7	2714931	S	1992	800	2792	0.00021
Gephyromycinifex_aptenodytis	2716227	S	1194	180	1374	0.00010
Austwickia_chelonae	100225	S	1041	105	1146	0.00008
Dermatophilus_congolensis	1863	S	291	34	325	0.00002
Kytococcus_sedentarius	1276	S	2040	951	2991	0.00022
Demequina_sp._TMPB413	2881056	S	841	86	927	0.00007
Jonesia_denitrificans	43674	S	165	37	202	0.00002
Tropheryma_whipplei	2039	S	42	0	42	0.00000
Mycolicibacterium_litorale	758802	S	4420	1294	5714	0.00042
Mycolicibacterium_smegmatis	1772	S	3435	2300	5735	0.00042
Mycolicibacterium_thermoresistibile	1797	S	3416	824	4240	0.00031
Mycolicibacterium_sp._YH-1	2908837	S	2220	1299	3519	0.00026
Mycolicibacterium_madagascariense	212765	S	2874	483	3357	0.00025
Mycolicibacterium_hassiacum	46351	S	2856	832	3688	0.00027
Mycolicibacterium_gadium	1794	S	2851	407	3258	0.00024
Mycolicibacterium_rhodesiae	36814	S	2843	495	3338	0.00025
Mycolicibacterium_phlei	1771	S	2752	1011	3763	0.00028
Mycolicibacterium_chubuense	1800	S	2748	666	3414	0.00025
Mycolicibacterium_arabiense	1286181	S	2734	464	3198	0.00024
Mycolicibacterium_rutilum	370526	S	2729	863	3592	0.00027
Mycolicibacterium_sediminis	1286180	S	2728	541	3269	0.00024
Mycolicibacterium_moriokaense	39691	S	2722	364	3086	0.00023
Mycolicibacterium_neoaurum	1795	S	2709	552	3261	0.00024
Mycolicibacterium_mageritense	53462	S	2580	468	3048	0.00023
Mycolicibacterium_pulveris	36813	S	2570	468	3038	0.00023
Mycolicibacterium_vaccae	1810	S	2539	546	3085	0.00023
Mycolicibacterium_psychrotolerans	216929	S	2461	601	3062	0.00023
Mycolicibacterium_parafortuitum	39692	S	2407	523	2930	0.00022
Mycolicibacterium_celeriflavum	1249101	S	2368	496	2864	0.00021
Mycolicibacterium_chitae	1792	S	2329	606	2935	0.00022
Mycolicibacterium_fortuitum	1766	S	2292	841	3133	0.00023
Mycolicibacterium_duvalii	39688	S	2283	483	2766	0.00020
Mycolicibacterium_monacense	85693	S	2238	983	3221	0.00024
Mycolicibacterium_poriferae	39694	S	2211	498	2709	0.00020
Mycolicibacterium_fluoranthenivorans	258505	S	2179	311	2490	0.00018
Mycolicibacterium_tokaiense	39695	S	2165	375	2540	0.00019
Mycolicibacterium_aurum	1791	S	2089	300	2389	0.00018
Mycolicibacterium_fallax	1793	S	2032	880	2912	0.00022
Mycolicibacterium_phocaicum	319706	S	2030	1050	3080	0.00023
Mycolicibacterium_baixiangningiae	2761578	S	2003	349	2352	0.00017
Mycolicibacterium_gilvum	1804	S	1982	758	2740	0.00020
Mycolicibacterium_confluentis	28047	S	1968	330	2298	0.00017
Mycolicibacterium_insubricum	444597	S	1861	568	2429	0.00018
Mycolicibacterium_aichiense	1799	S	1777	332	2109	0.00016
Mycolicibacterium_boenickei	146017	S	1739	2125	3864	0.00029
Mycolicibacterium_anyangense	1431246	S	1713	306	2019	0.00015
Mycolicibacterium_mengxianglii	2736649	S	1694	201	1895	0.00014
Mycolicibacterium_helvum	1534349	S	1611	207	1818	0.00013
Mycolicibacterium_austroafricanum	39687	S	1596	5550	7146	0.00053
Mycobacterium_doricum	126673	S	1421	343	1764	0.00013
Mycolicibacterium_mucogenicum	56689	S	1287	521	1808	0.00013
Mycolicibacterium_alvei	67081	S	1256	356	1612	0.00012
Mycolicibacterium_sarraceniae	1534348	S	1192	165	1357	0.00010
Mycolicibacterium_septicum	98668	S	1083	696	1779	0.00013
Mycolicibacterium_farcinogenes	1802	S	631	2184	2815	0.00021
Mycolicibacterium_vanbaalenii	110539	S	486	6722	7208	0.00053
Mycolicibacterium_nivoides	2487344	S	217	909	1126	0.00008
Mycobacterium_sp._JS623	212767	S	6034	559	6593	0.00049
Mycobacterium_sp._IDR2000157661	2867005	S	2327	462	2789	0.00021
Mycobacterium_sp._DL592	2675524	S	1647	296	1943	0.00014
Mycobacterium_sp._EPa45	1545728	S	1616	293	1909	0.00014
Mycobacterium_sp._MS1601	1936029	S	1604	248	1852	0.00014
Mycobacterium_sp._YC-RL4	1682113	S	1563	594	2157	0.00016
Mycobacterium_sp._DL440	2675523	S	1112	263	1375	0.00010
Mycobacterium_sp._TY59	2775496	S	1097	190	1287	0.00010
Mycobacterium_sp._WY10	1920667	S	233	623	856	0.00006
Mycobacterium_sp._PYR15	2051552	S	99	761	860	0.00006
Mycobacterium_sp._20KCMC460	2903536	S	73	1260	1333	0.00010
Mycobacterium_sp._MOTT36Y	1168287	S	28	317	345	0.00003
Mycobacterium_sp._IWGMT90018-18076	2871094	S	28	870	898	0.00007
Mycobacterium_saskatchewanense	220927	S	2163	448	2611	0.00019
Mycobacterium_parmense	185642	S	1893	368	2261	0.00017
Mycobacterium_kubicae	120959	S	1858	308	2166	0.00016
Mycobacterium_simiae	1784	S	1555	148	1703	0.00013
Mycobacterium_shigaense	722731	S	1441	223	1664	0.00012
Mycobacterium_florentinum	292462	S	1436	333	1769	0.00013
Mycobacterium_stomatepiae	470076	S	1357	282	1639	0.00012
Mycobacterium_heidelbergense	53376	S	1302	322	1624	0.00012
Mycobacterium_lentiflavum	141349	S	1285	313	1598	0.00012
Mycobacterium_avium	1764	S	3300	3660	6960	0.00052
Mycobacterium_intracellulare	1767	S	1508	14118	15626	0.00116
Mycobacterium_mantenii	560555	S	1335	175	1510	0.00011
Mycobacterium_colombiense	339268	S	1268	230	1498	0.00011
Mycobacterium_marseillense	701042	S	1199	285	1484	0.00011
Mycobacterium_paraintracellulare	1138383	S	402	2326	2728	0.00020
Mycobacterium_grossiae	1552759	S	2912	949	3861	0.00029
Mycobacterium_rufum	318424	S	2649	844	3493	0.00026
Mycobacterium_dioxanotrophicus	482462	S	2277	593	2870	0.00021
Mycobacterium_canettii	78331	S	814	595	1409	0.00010
Mycobacterium_tuberculosis	1773	S	422	20638	21060	0.00156
Mycobacterium_frederiksbergense	117567	S	2129	694	2823	0.00021
Mycobacterium_holsaticum	152142	S	2091	360	2451	0.00018
Mycobacterium_branderi	43348	S	2046	269	2315	0.00017
Mycobacterium_conspicuum	44010	S	1911	248	2159	0.00016
Mycobacterium_diernhoferi	1801	S	1887	411	2298	0.00017
Mycobacterium_goodii	134601	S	1858	706	2564	0.00019
Mycobacterium_paragordonae	1389713	S	1819	229	2048	0.00015
Mycobacterium_cookii	1775	S	1643	182	1825	0.00014
Mycobacterium_gordonae	1778	S	1617	145	1762	0.00013
Mycobacterium_koreense	1069220	S	1599	503	2102	0.00016
Mycobacterium_heckeshornense	110505	S	1585	131	1716	0.00013
Mycobacterium_paraterrae	577492	S	1454	175	1629	0.00012
Mycobacterium_riyadhense	486698	S	1441	66	1507	0.00011
Mycobacterium_shinjukuense	398694	S	1374	143	1517	0.00011
Mycobacterium_lacus	169765	S	1374	110	1484	0.00011
Mycobacterium_vicinigordonae	1719132	S	1372	80	1452	0.00011
Mycobacterium_noviomagense	459858	S	1361	120	1481	0.00011
Mycobacterium_ostraviense	2738409	S	1337	131	1468	0.00011
Mycobacterium_kansasii	1768	S	1294	128	1422	0.00011
Mycobacterium_xenopi	1789	S	1292	155	1447	0.00011
Mycobacterium_malmoense	1780	S	1287	212	1499	0.00011
Mycobacterium_paraseoulense	590652	S	1217	246	1463	0.00011
Mycobacterium_seoulense	386911	S	1123	265	1388	0.00010
Mycobacterium_basiliense	2094119	S	1104	44	1148	0.00009
Mycobacterium_virginiense	1795032	S	980	279	1259	0.00009
Mycobacterium_spongiae	886343	S	943	29	972	0.00007
Mycobacterium_crocinum	388459	S	757	406	1163	0.00009
Mycobacterium_haemophilum	29311	S	678	36	714	0.00005
Mycobacterium_marinum	1781	S	366	1071	1437	0.00011
Mycobacterium_senegalense	1796	S	286	1614	1900	0.00014
Mycobacterium_leprae	1769	S	186	5	191	0.00001
Mycobacterium_novum	2492438	S	162	2288	2450	0.00018
Mycobacterium_lepromatosis	480418	S	161	4	165	0.00001
Mycobacterium_ulcerans	1809	S	115	612	727	0.00005
Mycobacterium_shottsii	133549	S	91	140	231	0.00002
Mycobacterium_pallens	370524	S	60	515	575	0.00004
Mycobacterium_pseudoshottsii	265949	S	40	213	253	0.00002
Mycolicibacter_sp._MYC340	2855503	S	1073	300	1373	0.00010
Mycolicibacter_sp._MYC098	2872309	S	1020	287	1307	0.00010
Mycolicibacter_sp._MYC017	2875777	S	636	551	1187	0.00009
Mycolicibacter_sp._MYC101	2872311	S	174	767	941	0.00007
Mycolicibacter_sp._MYC123	2855502	S	165	744	909	0.00007
Mycolicibacter_hiberniae	29314	S	1286	312	1598	0.00012
Mycolicibacter_terrae	1788	S	1226	430	1656	0.00012
Mycolicibacter_minnesotensis	1118379	S	859	170	1029	0.00008
Mycolicibacter_sinensis	875328	S	176	2031	2207	0.00016
Mycobacteroides_abscessus	36809	S	1954	1848	3802	0.00028
Mycobacteroides_chelonae	1774	S	1322	491	1813	0.00013
Mycobacteroides_saopaulense	1578165	S	791	134	925	0.00007
Mycobacteroides_immunogenum	83262	S	747	183	930	0.00007
Mycobacteroides_salmoniphilum	404941	S	705	92	797	0.00006
[Mycobacterium]_stephanolepidis	1520670	S	438	175	613	0.00005
Mycolicibacillus_parakoreensis	1069221	S	1816	575	2391	0.00018
Hoyosella_subflava	639313	S	877	59	936	0.00007
Rhodococcus_sp._X156	2499145	S	3180	1339	4519	0.00033
Rhodococcus_sp._MTM3W5.2	1805827	S	2829	811	3640	0.00027
Rhodococcus_sp._SGAir0479	2567884	S	2195	765	2960	0.00022
Rhodococcus_sp._W8901	2742603	S	2134	671	2805	0.00021
Rhodococcus_sp._PBTS_1	1653478	S	1951	609	2560	0.00019
Rhodococcus_sp._R79	2811421	S	1504	942	2446	0.00018
Rhodococcus_sp._ABRD24	2507582	S	1365	288	1653	0.00012
Rhodococcus_sp._USK10	2789739	S	1141	749	1890	0.00014
Rhodococcus_sp._USK13	2806442	S	1095	737	1832	0.00014
Rhodococcus_sp._B7740	1564114	S	984	160	1144	0.00008
Rhodococcus_sp._P1Y	1302308	S	981	108	1089	0.00008
Rhodococcus_sp._WAY2	2663121	S	945	785	1730	0.00013
Rhodococcus_sp._WMMA185	679318	S	796	123	919	0.00007
Rhodococcus_sp._RDE2	2885078	S	593	600	1193	0.00009
Rhodococcus_sp._WB9	2594007	S	489	664	1153	0.00009
Rhodococcus_sp._ZPP	2749906	S	408	1051	1459	0.00011
Rhodococcus_sp._DMU1	2722825	S	393	1490	1883	0.00014
Rhodococcus_sp._S2-17	1990687	S	350	939	1289	0.00010
Rhodococcus_sp._M8	1925550	S	320	1008	1328	0.00010
Rhodococcus_sp._P-2	2795031	S	151	180	331	0.00002
Rhodococcus_sp._WB1	1033922	S	146	1265	1411	0.00010
Rhodococcus_sp._21391	2683591	S	138	630	768	0.00006
Rhodococcus_sp._2G	1570939	S	127	525	652	0.00005
Rhodococcus_sp._DMF-1	2907624	S	86	690	776	0.00006
Rhodococcus_sp._p52	935199	S	79	432	511	0.00004
Rhodococcus_sp._YL-1	1045808	S	72	310	382	0.00003
Rhodococcus_sp._LW-XY12	2856851	S	68	624	692	0.00005
Rhodococcus_sp._AQ5-07	2054902	S	55	190	245	0.00002
Rhodococcus_sp._PSBB049	2812863	S	49	713	762	0.00006
Rhodococcus_sp._NJ-530	2490853	S	37	209	246	0.00002
Rhodococcus_sp._008	1723645	S	36	218	254	0.00002
Rhodococcus_sp._H-CA8f	1727214	S	32	139	171	0.00001
Rhodococcus_sp._BH4	1807790	S	30	193	223	0.00002
Rhodococcus_sp._C1	644410	S	16	186	202	0.00001
Rhodococcus_opacus	37919	S	6932	7161	14093	0.00104
Rhodococcus_equi	43767	S	3346	1467	4813	0.00036
Rhodococcus_fascians	1828	S	2842	743	3585	0.00027
Rhodococcus_rhodochrous	1829	S	2174	1352	3526	0.00026
Rhodococcus_koreensis	99653	S	1757	556	2313	0.00017
Rhodococcus_triatomae	300028	S	1702	571	2273	0.00017
Rhodococcus_coprophilus	38310	S	1417	298	1715	0.00013
Rhodococcus_jostii	132919	S	1310	568	1878	0.00014
Rhodococcus_pyridinivorans	103816	S	1105	4293	5398	0.00040
Rhodococcus_qingshengii	334542	S	529	2874	3403	0.00025
Rhodococcus_erythropolis	1833	S	427	1942	2369	0.00018
Rhodococcus_ruber	1830	S	1027	3402	4429	0.00033
Rhodococcus_globerulus	33008	S	892	121	1013	0.00008
Rhodococcus_aetherivorans	191292	S	318	2974	3292	0.00024
Nocardia_asteroides	1824	S	12535	4884	17419	0.00129
Nocardia_brasiliensis	37326	S	6758	2098	8856	0.00066
Nocardia_terpenica	455432	S	4740	988	5728	0.00042
Nocardia_cyriacigeorgica	135487	S	4586	2203	6789	0.00050
Nocardia_farcinica	37329	S	3753	2677	6430	0.00048
Nocardia_gipuzkoensis	2749991	S	3211	1289	4500	0.00033
Nocardia_arthritidis	228602	S	2972	432	3404	0.00025
Nocardia_wallacei	480035	S	2943	939	3882	0.00029
Nocardia_huaxiensis	2755382	S	2651	597	3248	0.00024
Nocardia_otitidiscaviarum	1823	S	2468	565	3033	0.00022
Nocardia_seriolae	37332	S	2438	739	3177	0.00024
Nocardia_iowensis	204891	S	2397	583	2980	0.00022
Nocardia_yamanashiensis	209247	S	2354	537	2891	0.00021
Nocardia_nova	37330	S	2353	386	2739	0.00020
Nocardia_yunnanensis	2382165	S	2327	636	2963	0.00022
Nocardia_tengchongensis	2055889	S	2319	656	2975	0.00022
Nocardia_sp._CS682	1047172	S	2264	610	2874	0.00021
Nocardia_mangyaensis	2213200	S	2162	657	2819	0.00021
Corynebacterium_cyclohexanicum	322009	S	1956	911	2867	0.00021
Corynebacterium_sphenisci	191493	S	1745	595	2340	0.00017
Corynebacterium_frankenforstense	1230998	S	1530	514	2044	0.00015
Corynebacterium_xerosis	1725	S	1395	861	2256	0.00017
Corynebacterium_bovis	36808	S	1340	342	1682	0.00012
Corynebacterium_nuruki	1032851	S	1200	315	1515	0.00011
Corynebacterium_halotolerans	225326	S	1129	286	1415	0.00010
Corynebacterium_freneyi	134034	S	1078	455	1533	0.00011
Corynebacterium_sp._CNCTC7651	2815361	S	454	96	550	0.00004
Corynebacterium_sp._NML98-0116	702967	S	295	118	413	0.00003
Corynebacterium_sp._1864	2820399	S	90	180	270	0.00002
Corynebacterium_sp._FDAARGOS_1242	2778078	S	81	207	288	0.00002
Corynebacterium_sp._4H37-19	2684405	S	48	5	53	0.00000
Corynebacterium_sp._sy039	2599641	S	29	3	32	0.00000
Corynebacterium_humireducens	1223514	S	914	291	1205	0.00009
Corynebacterium_maris	575200	S	884	157	1041	0.00008
Corynebacterium_variabile	1727	S	878	568	1446	0.00011
Corynebacterium_vitaeruminis	38305	S	847	280	1127	0.00008
Corynebacterium_marinum	349751	S	759	307	1066	0.00008
Corynebacterium_yudongzhengii	2080740	S	720	147	867	0.00006
Corynebacterium_liangguodongii	2079535	S	713	176	889	0.00007
Corynebacterium_timonense	441500	S	705	187	892	0.00007
Corynebacterium_doosanense	1121358	S	686	360	1046	0.00008
Corynebacterium_mycetoides	38302	S	685	349	1034	0.00008
Corynebacterium_jeikeium	38289	S	621	1599	2220	0.00016
Corynebacterium_comes	2675218	S	612	165	777	0.00006
Corynebacterium_atypicum	191610	S	606	199	805	0.00006
Corynebacterium_terpenotabidum	89154	S	593	186	779	0.00006
Corynebacterium_uterequi	1072256	S	584	112	696	0.00005
Corynebacterium_provencense	1737425	S	574	148	722	0.00005
Corynebacterium_sanguinis	2594913	S	551	402	953	0.00007
Corynebacterium_urealyticum	43771	S	521	720	1241	0.00009
Corynebacterium_glyciniphilum	1404244	S	517	72	589	0.00004
Corynebacterium_imitans	156978	S	516	360	876	0.00006
Corynebacterium_lujinxingii	2763010	S	510	190	700	0.00005
Corynebacterium_ureicelerivorans	401472	S	495	179	674	0.00005
Corynebacterium_falsenii	108486	S	484	231	715	0.00005
Corynebacterium_uberis	2883169	S	452	62	514	0.00004
Corynebacterium_testudinoris	136857	S	436	99	535	0.00004
Corynebacterium_efficiens	152794	S	429	87	516	0.00004
Corynebacterium_qintianiae	2709392	S	416	123	539	0.00004
Corynebacterium_genitalium	38288	S	406	99	505	0.00004
Corynebacterium_kroppenstedtii	161879	S	395	45	440	0.00003
Corynebacterium_glaucum	187491	S	394	94	488	0.00004
Corynebacterium_glucuronolyticum	39791	S	360	95	455	0.00003
Corynebacterium_tuberculostearicum	38304	S	357	236	593	0.00004
Corynebacterium_coyleae	53374	S	357	97	454	0.00003
Corynebacterium_occultum	2675219	S	356	71	427	0.00003
Corynebacterium_lactis	1231000	S	350	62	412	0.00003
Corynebacterium_aurimucosum	169292	S	340	174	514	0.00004
Corynebacterium_striatum	43770	S	334	306	640	0.00005
Corynebacterium_matruchotii	43768	S	321	26	347	0.00003
Corynebacterium_riegelii	156976	S	307	85	392	0.00003
Corynebacterium_incognita	2754725	S	306	78	384	0.00003
Corynebacterium_aquilae	203263	S	295	51	346	0.00003
Corynebacterium_renale	1724	S	278	37	315	0.00002
Corynebacterium_zhongnanshanii	2768834	S	268	42	310	0.00002
Corynebacterium_endometrii	2488819	S	228	49	277	0.00002
Corynebacterium_singulare	161899	S	224	214	438	0.00003
Corynebacterium_kalinowskii	2675216	S	223	127	350	0.00003
Corynebacterium_camporealensis	161896	S	222	62	284	0.00002
Corynebacterium_flavescens	28028	S	220	71	291	0.00002
Corynebacterium_urogenitale	2487892	S	220	45	265	0.00002
Corynebacterium_cystitidis	35757	S	217	15	232	0.00002
Corynebacterium_minutissimum	38301	S	195	200	395	0.00003
Corynebacterium_lizhenjunii	2709394	S	188	37	225	0.00002
Corynebacterium_phocae	161895	S	185	29	214	0.00002
Corynebacterium_epidermidicanis	1050174	S	181	34	215	0.00002
Corynebacterium_gerontici	2079234	S	180	40	220	0.00002
Corynebacterium_diphtheriae	1717	S	180	327	507	0.00004
Corynebacterium_simulans	146827	S	175	139	314	0.00002
Corynebacterium_macginleyi	38290	S	174	46	220	0.00002
Corynebacterium_propinquum	43769	S	146	68	214	0.00002
Corynebacterium_ulcerans	65058	S	136	67	203	0.00002
Corynebacterium_pelargi	1471400	S	136	48	184	0.00001
Corynebacterium_argentoratense	42817	S	131	32	163	0.00001
Corynebacterium_deserti	1408191	S	123	48	171	0.00001
Corynebacterium_kefirresidentii	1979527	S	122	88	210	0.00002
Corynebacterium_choanae	1862358	S	118	14	132	0.00001
Corynebacterium_pseudodiphtheriticum	37637	S	113	39	152	0.00001
Corynebacterium_pseudopelargi	2080757	S	112	41	153	0.00001
Corynebacterium_glutamicum	1718	S	111	1546	1657	0.00012
Corynebacterium_resistens	258224	S	108	68	176	0.00001
Corynebacterium_stationis	1705	S	104	28	132	0.00001
Corynebacterium_casei	160386	S	98	133	231	0.00002
Corynebacterium_ammoniagenes	1697	S	90	21	111	0.00001
Corynebacterium_mustelae	571915	S	90	8	98	0.00001
Corynebacterium_accolens	38284	S	78	185	263	0.00002
Corynebacterium_suranareeae	2506452	S	73	22	95	0.00001
Corynebacterium_anserum	2684406	S	73	10	83	0.00001
Corynebacterium_segmentosum	43990	S	69	164	233	0.00002
Corynebacterium_pseudotuberculosis	1719	S	65	213	278	0.00002
Corynebacterium_amycolatum	43765	S	60	453	513	0.00004
Corynebacterium_hindlerae	699041	S	57	108	165	0.00001
Corynebacterium_callunae	1721	S	56	20	76	0.00001
Corynebacterium_rouxii	2719119	S	55	33	88	0.00001
Corynebacterium_crudilactis	1652495	S	44	57	101	0.00001
Corynebacterium_silvaticum	2320431	S	43	19	62	0.00000
Corynebacterium_kutscheri	35755	S	21	3	24	0.00000
Gordonia_sp._PP30	2935861	S	2057	672	2729	0.00020
Gordonia_sp._YC-JH1	2059875	S	1465	1169	2634	0.00020
Gordonia_sp._KTR9	337191	S	1363	316	1679	0.00012
Gordonia_sp._PDNC005	2811424	S	1124	198	1322	0.00010
Gordonia_sp._WA4-43	2878678	S	273	1007	1280	0.00009
Gordonia_sp._JH63	2698900	S	162	543	705	0.00005
Gordonia_sp._135	2676309	S	105	726	831	0.00006
Gordonia_sp._1D	1737359	S	59	909	968	0.00007
Gordonia_polyisoprenivorans	84595	S	3300	764	4064	0.00030
Gordonia_terrae	2055	S	2190	1344	3534	0.00026
Gordonia_insulae	2420509	S	1850	301	2151	0.00016
Gordonia_amarae	36821	S	1687	393	2080	0.00015
Gordonia_bronchialis	2054	S	1626	439	2065	0.00015
Gordonia_phthalatica	1136941	S	1621	763	2384	0.00018
Gordonia_iterans	1004901	S	1574	620	2194	0.00016
Gordonia_jinghuaiqii	2758710	S	1465	335	1800	0.00013
Gordonia_pseudoamarae	2831662	S	1444	317	1761	0.00013
Gordonia_rubripertincta	36822	S	1369	886	2255	0.00017
Gordonia_otitidis	249058	S	1337	256	1593	0.00012
Gordonia_zhaorongruii	2597659	S	1018	218	1236	0.00009
Gordonia_alkanivorans	84096	S	360	1382	1742	0.00013
Gordonia_amicalis	89053	S	269	2001	2270	0.00017
Gordonia_hongkongensis	1701090	S	242	782	1024	0.00008
Skermania_piniformis	39122	S	1866	275	2141	0.00016
Tsukamurella_paurometabola	2061	S	3128	1740	4868	0.00036
Tsukamurella_tyrosinosolvens	57704	S	2829	1411	4240	0.00031
Tsukamurella_pulmonis	47312	S	1847	756	2603	0.00019
Tsukamurella_sp._PLM1	2929795	S	1821	678	2499	0.00019
Dietzia_sp._oral_taxon_368	712270	S	1160	2232	3392	0.00025
Dietzia_psychralcaliphila	139021	S	1312	437	1749	0.00013
Dietzia_lutea	546160	S	1128	738	1866	0.00014
Dietzia_timorensis	499555	S	932	594	1526	0.00011
Tomitella_gaofuii	2760083	S	2092	736	2828	0.00021
Tomitella_fengzijianii	2597660	S	1746	663	2409	0.00018
Segniliparus_rotundus	286802	S	1037	72	1109	0.00008
Lawsonella_clevelandensis	1528099	S	185	26	211	0.00002
Micromonospora_sp._WMMC415	2675222	S	7700	3309	11009	0.00082
Micromonospora_sp._HM134	2583243	S	4610	2301	6911	0.00051
Micromonospora_sp._WMMA2032	2039870	S	4538	3304	7842	0.00058
Micromonospora_sp._B006	2201999	S	3604	3044	6648	0.00049
Micromonospora_sp._L5	648999	S	367	4053	4420	0.00033
Micromonospora_purpureochromogenes	47872	S	12156	7310	19466	0.00144
Micromonospora_inositola	47865	S	8314	4646	12960	0.00096
Micromonospora_echinaurantiaca	47857	S	7571	4160	11731	0.00087
Micromonospora_terminaliae	1914461	S	7048	4032	11080	0.00082
Micromonospora_krabiensis	307121	S	6994	2772	9766	0.00072
Micromonospora_carbonacea	47853	S	6814	3492	10306	0.00076
Micromonospora_viridifaciens	1881	S	6161	3049	9210	0.00068
Micromonospora_echinofusca	47858	S	6128	3199	9327	0.00069
Micromonospora_coriariae	285665	S	5855	2378	8233	0.00061
Micromonospora_siamensis	299152	S	5531	3015	8546	0.00063
Micromonospora_echinospora	1877	S	5479	2179	7658	0.00057
Micromonospora_coxensis	356852	S	5379	3386	8765	0.00065
Micromonospora_auratinigra	261654	S	5377	3199	8576	0.00064
Micromonospora_maris	1003110	S	5124	1798	6922	0.00051
Micromonospora_ferruginea	2749844	S	4994	3248	8242	0.00061
Micromonospora_narathiwatensis	299146	S	4959	2620	7579	0.00056
Micromonospora_sagamiensis	47875	S	4760	2072	6832	0.00051
Micromonospora_endophytica_(Xie_et_al._2001)_Li_et_al._2019	515350	S	4745	1651	6396	0.00047
Micromonospora_chokoriensis	356851	S	4576	1686	6262	0.00046
Micromonospora_zamorensis	709883	S	4396	1604	6000	0.00044
Micromonospora_rifamycinica	291594	S	4021	2037	6058	0.00045
Micromonospora_craniellae	2294034	S	3476	2393	5869	0.00043
Micromonospora_tulbaghiae	479978	S	2657	3079	5736	0.00042
Micromonospora_aurantiaca	47850	S	2017	14171	16188	0.00120
Actinoplanes_sp._L3-i22	2836373	S	13400	10004	23404	0.00173
Actinoplanes_sp._N902-109	649831	S	11933	4120	16053	0.00119
Actinoplanes_sp._OR16	946334	S	11063	5701	16764	0.00124
Actinoplanes_friuliensis	196914	S	13540	2656	16196	0.00120
Actinoplanes_ianthinogenes	122358	S	10598	4873	15471	0.00115
Actinoplanes_derwentensis	113562	S	10558	1920	12478	0.00092
Actinoplanes_missouriensis	1866	S	10348	3889	14237	0.00105
Actinoplanes_teichomyceticus	1867	S	9421	4580	14001	0.00104
Phytohabitans_suffuscus	624315	S	13390	3908	17298	0.00128
Phytohabitans_flavus	1076124	S	11469	2539	14008	0.00104
Plantactinospora_sp._KBS50	2024580	S	7167	2170	9337	0.00069
Plantactinospora_sp._BC1	2108470	S	1703	4886	6589	0.00049
Plantactinospora_sp._BB1	2071627	S	1612	4575	6187	0.00046
Catellatospora_sp._IY07-71	2728827	S	16540	4656	21196	0.00157
Dactylosporangium_vinaceum	53362	S	14859	2126	16985	0.00126
Actinocatenispora_sera	390989	S	5921	2011	7932	0.00059
Actinocatenispora_thailandica	227318	S	5886	1893	7779	0.00058
Couchioplanes_caeruleus	56438	S	13129	4079	17208	0.00127
Polymorphospora_rubra	338584	S	8372	2272	10644	0.00079
Natronosporangium_hydrolyticum	2811111	S	5413	477	5890	0.00044
Verrucosispora_sp._NA02020	2742132	S	3370	2900	6270	0.00046
Salinispora_tropica	168695	S	2859	575	3434	0.00025
Pseudonocardia_sp._DSM_110487	2865833	S	28379	5182	33561	0.00249
Pseudonocardia_sp._CGMCC_4.1532	2761535	S	9420	6388	15808	0.00117
Pseudonocardia_sp._HH130630-07	1690815	S	6833	2393	9226	0.00068
Pseudonocardia_sp._AL041005-10	445576	S	5841	2566	8407	0.00062
Pseudonocardia_sp._HH130629-09	1641402	S	4393	2129	6522	0.00048
Pseudonocardia_sp._EC080625-04	1096868	S	172	4041	4213	0.00031
Pseudonocardia_sp._EC080619-01	1096856	S	28	6030	6058	0.00045
Pseudonocardia_sp._EC080610-09	1688404	S	21	1539	1560	0.00012
Pseudonocardia_broussonetiae	2736640	S	13734	5644	19378	0.00144
Pseudonocardia_dioxanivorans	240495	S	13081	4540	17621	0.00131
Pseudonocardia_abyssalis	2792008	S	7386	4501	11887	0.00088
Pseudonocardia_autotrophica	2074	S	7259	2493	9752	0.00072
Amycolatopsis_sp._DSM_110486	2865832	S	7589	1853	9442	0.00070
Amycolatopsis_sp._WQ_127309	2932773	S	6599	2260	8859	0.00066
Amycolatopsis_sp._FDAARGOS_1241	2778070	S	6454	1721	8175	0.00061
Amycolatopsis_sp._Hca4	2742131	S	5753	2553	8306	0.00062
Amycolatopsis_sp._CA-230715	2745196	S	5665	1106	6771	0.00050
Amycolatopsis_sp._YIM_10	2653857	S	5162	1880	7042	0.00052
Amycolatopsis_sp._FU40	2914159	S	3354	1649	5003	0.00037
Amycolatopsis_sp._AA4	1896961	S	3102	1779	4881	0.00036
Amycolatopsis_sp._BJA-103	1911175	S	2863	1355	4218	0.00031
Amycolatopsis_sp._TNS106	2861750	S	2217	1519	3736	0.00028
Amycolatopsis_sp._EV170708-02-1	2919322	S	1711	1959	3670	0.00027
Amycolatopsis_acidiphila	715473	S	7010	1929	8939	0.00066
Amycolatopsis_mediterranei	33910	S	5767	4734	10501	0.00078
Amycolatopsis_pretoriensis	218821	S	5587	2219	7806	0.00058
Amycolatopsis_thermalba	944492	S	5036	2632	7668	0.00057
Amycolatopsis_albispora	1804986	S	4971	3627	8598	0.00064
Amycolatopsis_methanolica	1814	S	4827	2387	7214	0.00053
Amycolatopsis_keratiniphila	129921	S	2740	2636	5376	0.00040
Amycolatopsis_japonica	208439	S	1443	1559	3002	0.00022
Amycolatopsis_aidingensis	2842453	S	4427	678	5105	0.00038
Amycolatopsis_orientalis	31958	S	3059	1262	4321	0.00032
Saccharopolyspora_erythraea	1836	S	9912	4190	14102	0.00104
Saccharopolyspora_gregorii	33914	S	3597	944	4541	0.00034
Saccharopolyspora_spinosa	60894	S	2461	1572	4033	0.00030
Saccharopolyspora_pogona	333966	S	2278	2462	4740	0.00035
Saccharopolyspora_sp._ASAGF58	2719023	S	1472	1762	3234	0.00024
Saccharothrix_syringae	103733	S	7923	3514	11437	0.00085
Saccharothrix_sp._6-C	2781735	S	6668	2890	9558	0.00071
Saccharothrix_espanaensis	103731	S	6249	2358	8607	0.00064
Saccharomonospora_viridis	1852	S	3617	711	4328	0.00032
Saccharomonospora_marina	632569	S	3386	1025	4411	0.00033
Saccharomonospora_azurea	40988	S	2361	882	3243	0.00024
Saccharomonospora_cyanea	40989	S	2338	1057	3395	0.00025
Saccharomonospora_xinjiangensis	75294	S	1965	420	2385	0.00018
Saccharomonospora_glauca	40990	S	1779	794	2573	0.00019
Kutzneria_sp._CA-103260	2802641	S	8142	2279	10421	0.00077
Kutzneria_albida	43357	S	5964	1786	7750	0.00057
Actinoalloteichus_hoggarensis	1470176	S	2754	484	3238	0.00024
Actinoalloteichus_hymeniacidonis	340345	S	2160	270	2430	0.00018
Actinoalloteichus_sp._GBA129-24	1612551	S	132	1915	2047	0.00015
Actinoalloteichus_fjordicus	1612552	S	89	1560	1649	0.00012
Actinosynnema_pretiosum	42197	S	2637	5640	8277	0.00061
Actinosynnema_mirum	40567	S	230	2314	2544	0.00019
Lentzea_guizhouensis	1586287	S	7415	2028	9443	0.00070
Kibdelosporangium_phytohabitans	860235	S	6060	951	7011	0.00052
Allokutzneria_albata	211114	S	5528	1727	7255	0.00054
Alloactinosynnema_sp._L-07	1653480	S	4968	1433	6401	0.00047
Prauserella_marina	530584	S	2849	333	3182	0.00024
Allosaccharopolyspora_coralli	2665642	S	2582	721	3303	0.00024
Nocardioides_sp._G188	2849501	S	7812	3118	10930	0.00081
Nocardioides_sp._JS614	196162	S	6930	2545	9475	0.00070
Nocardioides_sp._LMS-CY	2840457	S	6511	2664	9175	0.00068
Nocardioides_sp._zg-1228	2763008	S	5458	2954	8412	0.00062
Nocardioides_sp._TF02-7	2917724	S	5340	2217	7557	0.00056
Nocardioides_sp._HDW12B	2714939	S	5338	2285	7623	0.00056
Nocardioides_sp._W7	2931390	S	5088	2128	7216	0.00053
Nocardioides_sp._S-1144	2582905	S	4728	2285	7013	0.00052
Nocardioides_sp._S5	2017486	S	4655	2826	7481	0.00055
Nocardioides_sp._cx-173	2898796	S	4586	1957	6543	0.00048
Nocardioides_sp._zg-579	2663857	S	4462	2775	7237	0.00054
Nocardioides_sp._SCSIO_67246	2872154	S	4343	1456	5799	0.00043
Nocardioides_sp._InS609-2	2760705	S	3902	1136	5038	0.00037
Nocardioides_sp._603	2483798	S	3760	2151	5911	0.00044
Nocardioides_sp._CF8	110319	S	3488	1741	5229	0.00039
Nocardioides_sp._MC1495	2736757	S	3465	1550	5015	0.00037
Nocardioides_sp._zg-536	2803858	S	3147	1711	4858	0.00036
Nocardioides_sp._JQ2195	2592334	S	2890	772	3662	0.00027
Nocardioides_sp._WS12	2486272	S	2678	599	3277	0.00024
Nocardioides_sp._ZJ1313	2685869	S	2652	3037	5689	0.00042
Nocardioides_sp._dk884	2662361	S	2607	2970	5577	0.00041
Nocardioides_sp._Kera_G14	2884264	S	2497	683	3180	0.00024
Nocardioides_mesophilus	433659	S	6496	2571	9067	0.00067
Nocardioides_anomalus	2712223	S	5837	2260	8097	0.00060
Nocardioides_ungokensis	1643322	S	5643	2499	8142	0.00060
Nocardioides_euryhalodurans	2518370	S	5014	1959	6973	0.00052
Nocardioides_humi	449461	S	4957	2059	7016	0.00052
Nocardioides_okcheonensis	2894081	S	4923	2822	7745	0.00057
Nocardioides_cynanchi	2558918	S	4635	1425	6060	0.00045
Nocardioides_aromaticivorans	200618	S	4349	2073	6422	0.00048
Nocardioides_dongkuii	2760089	S	4254	2622	6876	0.00051
Nocardioides_aquaticus	160826	S	4027	1574	5601	0.00041
Nocardioides_rotundus	1774216	S	3881	1940	5821	0.00043
Nocardioides_marinisabuli	419476	S	3704	2545	6249	0.00046
Nocardioides_sambongensis	2589074	S	3532	1310	4842	0.00036
Nocardioides_dokdonensis	450734	S	3281	1856	5137	0.00038
Nocardioides_panacisoli	627624	S	3089	995	4084	0.00030
Nocardioides_houyundeii	2045452	S	3073	1200	4273	0.00032
Nocardioides_seonyuensis	2518371	S	3056	1032	4088	0.00030
Nocardioides_piscis	2714938	S	2725	1236	3961	0.00029
Nocardioides_daphniae	402297	S	2319	1335	3654	0.00027
Nocardioides_jishulii	2575440	S	2078	947	3025	0.00022
Nocardioides_baekrokdamisoli	1804624	S	1441	240	1681	0.00012
Nocardioides_yefusunii	2500546	S	1440	551	1991	0.00015
Aeromicrobium_sp._Leaf245	1736306	S	2657	1065	3722	0.00028
Aeromicrobium_sp._zg-629	2663859	S	1973	837	2810	0.00021
Aeromicrobium_sp._A1-2	2107713	S	1951	359	2310	0.00017
Aeromicrobium_choanae	1736691	S	2783	1087	3870	0.00029
Aeromicrobium_erythreum	2041	S	2632	1027	3659	0.00027
Aeromicrobium_chenweiae	2079793	S	2529	1082	3611	0.00027
Aeromicrobium_marinum	219314	S	2342	679	3021	0.00022
Aeromicrobium_yanjiei	2662028	S	2313	914	3227	0.00024
Friedmanniella_luteola	546871	S	7016	1958	8974	0.00066
Pimelobacter_simplex	2045	S	4498	2212	6710	0.00050
Marmoricola_scoriae	642780	S	4277	2160	6437	0.00048
Mumia_sp._ZJ1417	2708082	S	3380	799	4179	0.00031
Micropruina_glycogenica	75385	S	2485	501	2986	0.00022
Microlunatus_sagamiharensis	546874	S	5252	1717	6969	0.00052
Microlunatus_phosphovorus	29405	S	4296	723	5019	0.00037
Microlunatus_soli	630515	S	3439	521	3960	0.00029
Microlunatus_elymi	2596828	S	3225	562	3787	0.00028
Microlunatus_sp._Gsoil_973	2672569	S	2826	347	3173	0.00024
Tessaracoccus_sp._J1M15	2829499	S	1815	665	2480	0.00018
Tessaracoccus_sp._MC1865	2760310	S	1500	464	1964	0.00015
Tessaracoccus_defluvii	1285901	S	2068	1513	3581	0.00027
Tessaracoccus_aquimaris	1332264	S	1715	965	2680	0.00020
Tessaracoccus_flavescens	399497	S	1511	1338	2849	0.00021
Tessaracoccus_flavus	1610493	S	1489	1195	2684	0.00020
Tessaracoccus_timonensis	2161816	S	970	521	1491	0.00011
Brevilactibacter_coleopterorum	2714937	S	2923	1735	4658	0.00035
Brevilactibacter_sp._MC1595	2819349	S	2784	1447	4231	0.00031
Acidipropionibacterium_jensenii	1749	S	1771	1430	3201	0.00024
Acidipropionibacterium_acidipropionici	1748	S	1678	1239	2917	0.00022
Acidipropionibacterium_virtanenii	2057246	S	1227	310	1537	0.00011
Propionibacterium_acidifaciens	556499	S	1745	475	2220	0.00016
Propionibacterium_australiense	119981	S	1451	293	1744	0.00013
Propionibacterium_freudenreichii	1744	S	1423	1828	3251	0.00024
Auraticoccus_monumenti	675864	S	3944	983	4927	0.00036
Cutibacterium_avidum	33010	S	1174	471	1645	0.00012
Cutibacterium_granulosum	33011	S	650	182	832	0.00006
Cutibacterium_acnes	1747	S	440	167	607	0.00005
Cutibacterium_modestum	2559073	S	246	51	297	0.00002
Arachnia_propionica	1750	S	1480	218	1698	0.00013
Arachnia_rubra	1547448	S	879	118	997	0.00007
Raineyella_fluvialis	2662261	S	2382	430	2812	0.00021
Vaginimicrobium_propionicum	1871034	S	111	54	165	0.00001
Kribbella_flavida	182640	S	9332	2748	12080	0.00089
Kribbella_qitaiheensis	1544730	S	7411	1452	8863	0.00066
Actinopolymorpha_singaporensis	117157	S	5879	900	6779	0.00050
Nonomuraea_nitratireducens	2656914	S	11332	3176	14508	0.00107
Nonomuraea_sp._ATCC_55076	1909395	S	10452	4189	14641	0.00108
Nonomuraea_gerenzanensis	93944	S	10195	4265	14460	0.00107
Nonomuraea_coxensis	404386	S	9495	3603	13098	0.00097
Streptosporangium_roseum	2001	S	8489	3018	11507	0.00085
Streptosporangium_sp._'caverna'	2202249	S	7937	2221	10158	0.00075
Thermobispora_bispora	2006	S	5198	1584	6782	0.00050
Actinomadura_sp._NAK00032	2742128	S	7460	3512	10972	0.00081
Actinomadura_sp._WMMB_499	1219491	S	7240	2310	9550	0.00071
Actinomadura_sp._WMMA1423	2591108	S	7108	2816	9924	0.00073
Actinomadura_madurae	1993	S	9492	3864	13356	0.00099
Actinomadura_verrucosospora	46165	S	8114	3337	11451	0.00085
Actinomadura_graeca	2750812	S	6368	1993	8361	0.00062
Thermomonospora_amylolytica	1411117	S	6670	3278	9948	0.00074
Thermomonospora_curvata	2020	S	4762	1835	6597	0.00049
Nocardiopsis_sp._MT53	2865672	S	4352	1367	5719	0.00042
Nocardiopsis_sp._HDS12	2831968	S	1297	1464	2761	0.00020
Nocardiopsis_gilva	280236	S	3290	890	4180	0.00031
Nocardiopsis_alba	53437	S	2395	579	2974	0.00022
Nocardiopsis_dassonvillei	2014	S	2269	2802	5071	0.00038
Thermobifida_alba	53522	S	2826	1369	4195	0.00031
Thermobifida_fusca	2021	S	2723	579	3302	0.00024
Thermobifida_halotolerans	483545	S	2624	1055	3679	0.00027
Streptomonospora_litoralis	2498135	S	3910	1022	4932	0.00037
Spiractinospora_alimapuensis	2820884	S	2426	214	2640	0.00020
Geodermatophilus_obscurus	1861	S	42673	17542	60215	0.00446
Blastococcus_sp._PRF04-17	2933797	S	20590	8783	29373	0.00218
Blastococcus_saxobsidens	138336	S	16264	6155	22419	0.00166
Modestobacter_marinus	477641	S	15561	6638	22199	0.00164
Modestobacter_sp._L9-4	2851567	S	8964	4242	13206	0.00098
Frankia_inefficax	298654	S	10767	1669	12436	0.00092
Frankia_sp._QA3	710111	S	3816	1841	5657	0.00042
Frankia_sp._ArI3	1858	S	2915	2186	5101	0.00038
Candidatus_Frankia_datiscae	2716812	S	4353	719	5072	0.00038
Frankia_casuarinae	106370	S	3682	500	4182	0.00031
Frankia_alni	1859	S	3200	2490	5690	0.00042
Actinomyces_sp._oral_taxon_414	712122	S	1372	342	1714	0.00013
Actinomyces_sp._MAS-1	2755559	S	1028	244	1272	0.00009
Actinomyces_sp._Z16	2079536	S	732	281	1013	0.00008
Actinomyces_sp._Chiba101	1851395	S	645	329	974	0.00007
Actinomyces_sp._432	2057798	S	598	150	748	0.00006
Actinomyces_sp._oral_taxon_171	706438	S	400	341	741	0.00005
Actinomyces_sp._oral_taxon_169	712116	S	199	366	565	0.00004
Actinomyces_sp._oral_taxon_897	2081702	S	143	447	590	0.00004
Actinomyces_sp._HMT897	2789424	S	139	426	565	0.00004
Actinomyces_sp._HMT_175	2789425	S	118	484	602	0.00004
Actinomyces_sp._zg-332	2708340	S	18	4	22	0.00000
Actinomyces_radicidentis	111015	S	1504	786	2290	0.00017
Actinomyces_howellii	52771	S	1375	264	1639	0.00012
Actinomyces_respiraculi	2744574	S	969	276	1245	0.00009
Actinomyces_slackii	52774	S	926	188	1114	0.00008
Actinomyces_procaprae	2560010	S	800	314	1114	0.00008
Actinomyces_weissii	675090	S	642	154	796	0.00006
Actinomyces_faecalis	2722820	S	638	112	750	0.00006
Actinomyces_viscosus	1656	S	634	287	921	0.00007
Actinomyces_qiguomingii	2057800	S	620	96	716	0.00005
Actinomyces_naeslundii	1655	S	497	311	808	0.00006
Actinomyces_oris	544580	S	490	1417	1907	0.00014
Actinomyces_wuliandei	2057743	S	487	139	626	0.00005
Actinomyces_marmotae	2737173	S	431	259	690	0.00005
Actinomyces_gaoshouyii	1960083	S	415	230	645	0.00005
Actinomyces_lilanjuaniae	2321394	S	378	98	476	0.00004
Actinomyces_trachealis	2763540	S	295	65	360	0.00003
Actinomyces_pacaensis	1852377	S	122	18	140	0.00001
Schaalia_sp._19OD2882	2794089	S	647	107	754	0.00006
Schaalia_sp._JY-X169	2758572	S	224	10	234	0.00002
Schaalia_sp._ZJ405	2709403	S	170	19	189	0.00001
Schaalia_odontolytica	1660	S	833	235	1068	0.00008
Schaalia_meyeri	52773	S	524	109	633	0.00005
Schaalia_cardiffensis	181487	S	280	49	329	0.00002
Schaalia_turicensis	131111	S	110	141	251	0.00002
Flaviflexus_salsibiostraticola	1282737	S	766	267	1033	0.00008
Flaviflexus_sp._dk850	2758573	S	459	216	675	0.00005
Flaviflexus_ciconiae	2496867	S	320	53	373	0.00003
Trueperella_pecoris	2733571	S	665	238	903	0.00007
Trueperella_pyogenes	1661	S	444	311	755	0.00006
Trueperella_bialowiezensis	312285	S	305	20	325	0.00002
Pauljensenia_hongkongensis	178339	S	745	329	1074	0.00008
Nanchangia_anserum	2692125	S	729	102	831	0.00006
Actinobaculum_sp._313	2495645	S	305	21	326	0.00002
Actinotignum_schaalii	59505	S	245	21	266	0.00002
Changpingibacter_yushuensis	2758440	S	216	81	297	0.00002
Arcanobacterium_haemolyticum	28264	S	73	43	116	0.00001
Arcanobacterium_phocae	131112	S	51	21	72	0.00001
Arcanobacterium_phocisimile	1302235	S	31	12	43	0.00000
Arcanobacterium_sp._2701	2722751	S	31	10	41	0.00000
Mobiluncus_curtisii	2051	S	143	53	196	0.00001
Varibaculum_sp._EMRHCC_39	2811781	S	83	32	115	0.00001
Boudabousia_tangfeifanii	1912795	S	62	6	68	0.00001
Fannyhessea_vaginae	82135	S	59	21	80	0.00001
Jiangella_alkaliphila	419479	S	8526	3016	11542	0.00085
Jiangella_sp._DSM_45060	1798224	S	8140	2999	11139	0.00082
Bifidobacterium_pseudolongum	1694	S	1005	379	1384	0.00010
Bifidobacterium_choerinum	35760	S	966	497	1463	0.00011
Bifidobacterium_longum	216816	S	913	1142	2055	0.00015
Bifidobacterium_scardovii	158787	S	820	77	897	0.00007
Bifidobacterium_bifidum	1681	S	668	218	886	0.00007
Bifidobacterium_pullorum	78448	S	606	269	875	0.00006
Bifidobacterium_animalis	28025	S	542	525	1067	0.00008
Bifidobacterium_subtile	77635	S	519	92	611	0.00005
Bifidobacterium_asteroides	1684	S	492	16	508	0.00004
Bifidobacterium_adolescentis	1680	S	429	62	491	0.00004
Bifidobacterium_thermophilum	33905	S	348	95	443	0.00003
Bifidobacterium_breve	1685	S	340	5512	5852	0.00043
Bifidobacterium_eulemuris	1765219	S	319	29	348	0.00003
Bifidobacterium_lemurum	1603886	S	288	30	318	0.00002
Bifidobacterium_actinocoloniiforme	638619	S	269	10	279	0.00002
Bifidobacterium_dentium	1689	S	264	14	278	0.00002
Bifidobacterium_angulatum	1683	S	220	49	269	0.00002
Bifidobacterium_catenulatum	1686	S	171	111	282	0.00002
Bifidobacterium_pseudocatenulatum	28026	S	170	59	229	0.00002
Bifidobacterium_imperatoris	2020965	S	75	13	88	0.00001
Bifidobacterium_saguini	762210	S	72	8	80	0.00001
Bifidobacterium_coryneforme	1687	S	35	9	44	0.00000
Bifidobacterium_indicum	1691	S	23	5	28	0.00000
Parascardovia_denticolens	78258	S	234	48	282	0.00002
Gardnerella_vaginalis	2702	S	36	70	106	0.00001
Scardovia_inopinata	78259	S	45	20	65	0.00000
Nakamurella_multipartita	53461	S	6044	1494	7538	0.00056
Nakamurella_panacisegetis	1090615	S	2743	486	3229	0.00024
Nakamurella_sp._PAMC28650	2762325	S	2534	344	2878	0.00021
Nakamurella_antarctica	1902245	S	463	44	507	0.00004
Catenulispora_acidiphila	304895	S	6226	1194	7420	0.00055
Jatrophihabitans_sp._GAS493	1907575	S	2679	323	3002	0.00022
Jatrophihabitans_telluris	2038343	S	2477	284	2761	0.00020
Stackebrandtia_nassauensis	283811	S	3990	485	4475	0.00033
Natronoglycomyces_albus	2811108	S	710	33	743	0.00006
Kineococcus_radiotolerans	131568	S	3747	1359	5106	0.00038
Epidermidibacterium_keratini	1891644	S	2328	1492	3820	0.00028
Actinopolyspora_erythraea	414996	S	2063	277	2340	0.00017
Acidothermus_cellulolyticus	28049	S	1713	111	1824	0.00014
Candidatus_Planktophila_versatilis	1884905	S	97	21	118	0.00001
Candidatus_Planktophila_lacus	1884913	S	77	11	88	0.00001
Candidatus_Planktophila_sulfonica	1884904	S	56	17	73	0.00001
Candidatus_Planktophila_dulcis	1884914	S	34	20	54	0.00000
Candidatus_Planktophila_vernalis	1884907	S	30	6	36	0.00000
Candidatus_Planktophila_limnetica	573600	S	29	4	33	0.00000
Candidatus_Nanopelagicus_hibericus	1884915	S	17	19	36	0.00000
Rubrobacter_tropicus	2653851	S	28321	2432	30753	0.00228
Rubrobacter_xylanophilus	49319	S	26520	4126	30646	0.00227
Rubrobacter_marinus	2653852	S	17824	1822	19646	0.00145
Rubrobacter_radiotolerans	42256	S	6620	998	7618	0.00056
Rubrobacter_indicoceani	2051957	S	3545	322	3867	0.00029
Baekduia_soli	496014	S	19683	3965	23648	0.00175
Conexibacter_sp._SYSU_D00693	2812560	S	22652	6493	29145	0.00216
Conexibacter_sp._DBS9H8	2937801	S	6425	722	7147	0.00053
Conexibacter_sp._S30A1	2937800	S	6394	796	7190	0.00053
Conexibacter_woesei	191495	S	28730	6075	34805	0.00258
Miltoncostaea_marina	2843215	S	10156	2931	13087	0.00097
Miltoncostaea_oceani	2843216	S	9733	1676	11409	0.00084
Aquihabitans_sp._G128	2849779	S	15151	3542	18693	0.00138
Aquihabitans_sp._Kera_3	2884263	S	13597	2577	16174	0.00120
Iamia_sp._SCSIO_61187	2722752	S	16487	3049	19536	0.00145
Actinomarinicola_tropica	2789776	S	14302	3269	17571	0.00130
Ilumatobacter_coccineus	467094	S	6171	443	6614	0.00049
Acidimicrobium_ferrooxidans	53635	S	1963	178	2141	0.00016
Eggerthella_lenta	84112	S	1081	909	1990	0.00015
Eggerthella_guodeyinii	2690837	S	935	467	1402	0.00010
Eggerthella_sp._YY7918	502558	S	186	93	279	0.00002
Gordonibacter_urolithinfaciens	1335613	S	571	482	1053	0.00008
Gordonibacter_pamelaeae	471189	S	434	495	929	0.00007
Arabiibacter_massiliensis	1870985	S	1140	269	1409	0.00010
Adlercreutzia_equolifaciens	446660	S	447	268	715	0.00005
Adlercreutzia_hattorii	2707299	S	283	372	655	0.00005
Raoultibacter_timonensis	1907662	S	670	63	733	0.00005
Berryella_intestinalis	1531429	S	542	717	1259	0.00009
Slackia_heliotrinireducens	84110	S	479	17	496	0.00004
Denitrobacterium_detoxificans	79604	S	314	155	469	0.00003
Phoenicibacter_congonensis	1944646	S	62	32	94	0.00001
Cryptobacterium_curtum	84163	S	53	7	60	0.00000
Olsenella_timonensis	1805478	S	1064	374	1438	0.00011
Olsenella_uli	133926	S	585	68	653	0.00005
Olsenella_sp._oral_taxon_807	712411	S	415	27	442	0.00003
Parolsenella_massiliensis	1871022	S	489	295	784	0.00006
Parolsenella_catena	2003188	S	474	303	777	0.00006
Thermophilibacter_immobilis	2779519	S	707	322	1029	0.00008
Parafannyhessea_umbonata	604330	S	625	436	1061	0.00008
Atopobium_sp._oral_taxon_416	712157	S	179	22	201	0.00001
Lancefieldella_parvula	1382	S	49	6	55	0.00000
Collinsella_aerofaciens	74426	S	890	522	1412	0.00010
Collinsella_stercoris	147206	S	576	96	672	0.00005
Collinsella_sp._zg1085	2844380	S	56	3	59	0.00000
Coriobacterium_glomerans	33871	S	443	17	460	0.00003
Egicoccus_halophilus	1670830	S	5202	962	6164	0.00046
Euzebya_pacifica	1608957	S	4898	490	5388	0.00040
Egibacter_rhizosphaerae	1670831	S	4606	329	4935	0.00037
Priestia_megaterium	1404	S	11408	16182	27590	0.00204
Priestia_filamentosa	1402861	S	446	75	521	0.00004
Priestia_aryabhattai	412384	S	254	1327	1581	0.00012
Priestia_flexa	86664	S	84	34	118	0.00001
Priestia_koreensis	284581	S	52	24	76	0.00001
Priestia_sp._J2	2886505	S	18	151	169	0.00001
[Brevibacterium]_frigoritolerans	450367	S	2781	1271	4052	0.00030
Bacillus_sp._Y1	352858	S	571	288	859	0.00006
Bacillus_sp._S3	486398	S	439	167	606	0.00004
Bacillus_sp._1NLA3E	666686	S	371	172	543	0.00004
Bacillus_sp._OxB-1	98228	S	145	47	192	0.00001
Bacillus_sp._FJAT-18017	1705566	S	144	50	194	0.00001
Bacillus_sp._FJAT-22090	1581038	S	121	43	164	0.00001
Bacillus_sp._NSP9.1	1071078	S	109	11	120	0.00001
Bacillus_sp._FJAT-42376	2014076	S	103	50	153	0.00001
Bacillus_sp._KH172YL63	2709784	S	88	40	128	0.00001
Bacillus_sp._SB49	1071080	S	86	19	105	0.00001
Bacillus_sp._THAF10	2587848	S	65	28	93	0.00001
Bacillus_sp._PAMC26568	2760090	S	64	8	72	0.00001
Bacillus_sp._JY-23	2933872	S	62	31	93	0.00001
Bacillus_sp._M4U3P1	2592382	S	51	8	59	0.00000
Bacillus_sp._N1-1	2682541	S	38	45	83	0.00001
Bacillus_sp._Cs-700	2589818	S	17	21	38	0.00000
Bacillus_sp._COPE52	2233998	S	14	21	35	0.00000
Bacillus_sp._NP247	2846779	S	12	23	35	0.00000
Bacillus_cereus	1396	S	251	7862	8113	0.00060
Bacillus_mycoides	1405	S	142	279	421	0.00003
Bacillus_thuringiensis	1428	S	136	9966	10102	0.00075
Bacillus_pseudomycoides	64104	S	115	67	182	0.00001
Bacillus_toyonensis	155322	S	103	1132	1235	0.00009
Bacillus_cytotoxicus	580165	S	48	41	89	0.00001
Bacillus_wiedmannii	1890302	S	33	69	102	0.00001
Bacillus_luti	2026191	S	22	29	51	0.00000
Bacillus_anthracis	1392	S	19	1895	1914	0.00014
Bacillus_nitratireducens	2026193	S	14	31	45	0.00000
Bacillus_velezensis	492670	S	92	2161	2253	0.00017
Bacillus_amyloliquefaciens	1390	S	58	1538	1596	0.00012
Bacillus_siamensis	659243	S	21	85	106	0.00001
Bacillus_paralicheniformis	1648923	S	159	450	609	0.00005
Bacillus_mojavensis	72360	S	93	148	241	0.00002
Bacillus_halotolerans	260554	S	36	123	159	0.00001
Bacillus_subtilis	1423	S	130	7718	7848	0.00058
Bacillus_vallismortis	72361	S	60	97	157	0.00001
Bacillus_atrophaeus	1452	S	48	108	156	0.00001
Bacillus_licheniformis	1402	S	43	446	489	0.00004
Bacillus_tequilensis	227866	S	37	44	81	0.00001
Bacillus_safensis	561879	S	286	656	942	0.00007
Bacillus_glycinifermentans	1664069	S	203	88	291	0.00002
Bacillus_dafuensis	1742359	S	160	76	236	0.00002
Bacillus_infantis	324767	S	130	48	178	0.00001
Bacillus_methanolicus	1471	S	116	82	198	0.00001
Bacillus_pumilus	1408	S	111	137	248	0.00002
Bacillus_badius	1455	S	101	53	154	0.00001
Bacillus_smithii	1479	S	87	63	150	0.00001
Bacillus_gobiensis	1441095	S	82	32	114	0.00001
Bacillus_aquiflavi	2672567	S	75	26	101	0.00001
Bacillus_altitudinis	293387	S	55	295	350	0.00003
Bacillus_shivajii	1983719	S	58	11	69	0.00001
Bacillus_fonticola	2728853	S	56	20	76	0.00001
Bacillus_weihaiensis	1547283	S	53	24	77	0.00001
Bacillus_cabrialesii	2487276	S	32	41	73	0.00001
Bacillus_rugosus	2715209	S	22	29	51	0.00000
Metabacillus_sp._KUDC1714	2745198	S	2302	1036	3338	0.00025
Metabacillus_sp._cB07	2806989	S	101	51	152	0.00001
Metabacillus_sp._B2-18	2897333	S	27	41	68	0.00001
Metabacillus_sediminilitoris	2567941	S	1039	509	1548	0.00011
Metabacillus_dongyingensis	2874282	S	868	402	1270	0.00009
Metabacillus_litoralis	152268	S	54	60	114	0.00001
Metabacillus_endolithicus	1535204	S	40	52	92	0.00001
Geobacillus_subterraneus	129338	S	535	375	910	0.00007
Geobacillus_genomosp._3	1921421	S	268	94	362	0.00003
Geobacillus_stearothermophilus	1422	S	242	297	539	0.00004
Geobacillus_sp._46C-IIa	1963025	S	106	50	156	0.00001
Geobacillus_sp._Y412MC52	550542	S	20	56	76	0.00001
Geobacillus_sp._JS12	1813182	S	20	54	74	0.00001
Geobacillus_sp._C56-T3	691437	S	16	54	70	0.00001
Geobacillus_sp._GHH01	1233873	S	13	101	114	0.00001
Geobacillus_thermocatenulatus	33938	S	103	96	199	0.00001
Geobacillus_thermoleovorans	33941	S	30	1191	1221	0.00009
Geobacillus_kaustophilus	1462	S	17	117	134	0.00001
Geobacillus_thermodenitrificans	33940	S	30	172	202	0.00001
Geobacillus_zalihae	213419	S	18	99	117	0.00001
Hydrogenibacillus_sp._N12	2866627	S	1559	250	1809	0.00013
Sutcliffiella_cohnii	33932	S	1345	766	2111	0.00016
Sutcliffiella_horikoshii	79883	S	186	66	252	0.00002
Peribacillus_simplex	1478	S	1068	900	1968	0.00015
Peribacillus_asahii	228899	S	157	103	260	0.00002
Peribacillus_butanolivorans	421767	S	126	51	177	0.00001
Peribacillus_muralis	264697	S	87	26	113	0.00001
Peribacillus_psychrosaccharolyticus	1407	S	58	27	85	0.00001
Neobacillus_drentensis	220684	S	1091	631	1722	0.00013
Neobacillus_mesonae	1193713	S	245	108	353	0.00003
Anoxybacillus_sediminis	2613334	S	778	234	1012	0.00007
Anoxybacillus_sp._PDR2	1636720	S	11	80	91	0.00001
Anoxybacillus_flavithermus	33934	S	80	113	193	0.00001
Anoxybacillus_amylolyticus	294699	S	75	23	98	0.00001
Anoxybacillus_caldiproteolyticus	247480	S	52	15	67	0.00001
Cytobacillus_oceanisediminis	665099	S	223	163	386	0.00003
Cytobacillus_ciccensis	1670641	S	131	64	195	0.00001
Cytobacillus_firmus	1399	S	117	79	196	0.00001
Cytobacillus_sp._CY-G	2901381	S	94	44	138	0.00001
Cytobacillus_gottheilii	859144	S	83	36	119	0.00001
Cytobacillus_kochii	859143	S	61	24	85	0.00001
Mesobacillus_jeotgali	129985	S	256	121	377	0.00003
Mesobacillus_sp._S13	2880221	S	189	99	288	0.00002
Mesobacillus_foraminis	279826	S	181	63	244	0.00002
Alkalihalobacillus_clausii	79880	S	458	102	560	0.00004
Alkalihalobacillus_krulwichiae	199441	S	68	26	94	0.00001
Alkalihalobacillus_sp._LMS39	2924032	S	33	9	42	0.00000
Alkalihalobacillus_lehensis	300825	S	26	7	33	0.00000
Alkalihalobacillus_miscanthi	2598861	S	26	8	34	0.00000
Parageobacillus_thermoglucosidasius	1426	S	121	95	216	0.00002
Parageobacillus_caldoxylosilyticus	81408	S	108	58	166	0.00001
Parageobacillus_genomosp._1	1295642	S	97	45	142	0.00001
Parageobacillus_sp._KH3-4	2916802	S	88	48	136	0.00001
Parageobacillus_toebii	153151	S	84	58	142	0.00001
Lysinibacillus_sp._SGAir0095	2070463	S	86	49	135	0.00001
Lysinibacillus_sp._PLM2	2929796	S	48	27	75	0.00001
Lysinibacillus_sp._CD3-6	2892541	S	27	16	43	0.00000
Lysinibacillus_sp._Ag94	2936682	S	27	5	32	0.00000
Lysinibacillus_sp._2017	2169540	S	25	15	40	0.00000
Lysinibacillus_timonensis	2086577	S	47	32	79	0.00001
Lysinibacillus_fusiformis	28031	S	46	67	113	0.00001
Lysinibacillus_sphaericus	1421	S	28	47	75	0.00001
Lysinibacillus_agricola	2590012	S	23	9	32	0.00000
Lysinibacillus_parviboronicapiens	436516	S	20	9	29	0.00000
Salicibibacter_halophilus	2502791	S	176	38	214	0.00002
Salicibibacter_cibarius	2743000	S	108	20	128	0.00001
Salicibibacter_kimchii	2099786	S	87	8	95	0.00001
Salicibibacter_cibi	2743001	S	73	10	83	0.00001
Alkalihalophilus_pseudofirmus	79885	S	471	109	580	0.00004
Virgibacillus_sp._NKC19-16	2831673	S	67	7	74	0.00001
Virgibacillus_sp._MSP4-1	2700081	S	49	13	62	0.00000
Virgibacillus_sp._Bac332	2419842	S	44	6	50	0.00000
Virgibacillus_sp._SK37	403957	S	31	36	67	0.00000
Virgibacillus_halodenitrificans	1482	S	56	47	103	0.00001
Virgibacillus_necropolis	163877	S	50	9	59	0.00000
Virgibacillus_phasianinus	2017483	S	47	8	55	0.00000
Virgibacillus_dokdonensis	302167	S	15	20	35	0.00000
Rossellomorea_marisflavi	189381	S	244	127	371	0.00003
Rossellomorea_vietnamensis	218284	S	68	35	103	0.00001
Weizmannia_coagulans	1398	S	313	167	480	0.00004
Halobacillus_sp._SSBR10-3	2932257	S	74	12	86	0.00001
Halobacillus_sp._SSTM10-2	2932258	S	46	11	57	0.00000
Halobacillus_sp._SSHM10-5	2932259	S	44	12	56	0.00000
Halobacillus_halophilus	1570	S	61	10	71	0.00001
Halobacillus_litoralis	45668	S	42	8	50	0.00000
Halobacillus_mangrovi	402384	S	33	6	39	0.00000
Terribacillus_goriensis	386490	S	264	55	319	0.00002
Terribacillus_aidingensis	586416	S	31	6	37	0.00000
Niallia_sp._Man26	2912824	S	143	44	187	0.00001
Niallia_circulans	1397	S	138	53	191	0.00001
Oceanobacillus_kimchii	746691	S	135	25	160	0.00001
Oceanobacillus_zhaokaii	2052660	S	79	20	99	0.00001
Oceanobacillus_iheyensis	182710	S	28	9	37	0.00000
Salisediminibacterium_selenitireducens	85683	S	140	26	166	0.00001
Salisediminibacterium_beveridgei	632773	S	97	18	115	0.00001
Fictibacillus_arsenicus	255247	S	146	34	180	0.00001
Fictibacillus_phosphorivorans	1221500	S	49	11	60	0.00000
Caldalkalibacillus_thermarum	296745	S	193	47	240	0.00002
Lentibacillus_sp._CBA3610	2518176	S	89	8	97	0.00001
Lentibacillus_amyloliquefaciens	1472767	S	72	10	82	0.00001
Heyndrickxia_vini	1476025	S	78	30	108	0.00001
Heyndrickxia_oleronia	38875	S	72	35	107	0.00001
Caldibacillus_thermoamylovorans	35841	S	131	59	190	0.00001
Gracilibacillus_sp._SSWR10-1	2932256	S	35	8	43	0.00000
Gracilibacillus_sp._SSPM10-3	2932255	S	33	7	40	0.00000
Gracilibacillus_salitolerans	2663022	S	53	8	61	0.00000
Salimicrobium_jeotgali	1230341	S	96	19	115	0.00001
Psychrobacillus_sp._INOP01	2829187	S	41	17	58	0.00000
Psychrobacillus_glaciei	2283160	S	45	20	65	0.00000
Halalkalibacterium_halodurans	86665	S	80	76	156	0.00001
Aeribacillus_pallidus	33936	S	79	47	126	0.00001
Gottfriedia_acidiceleris	371036	S	73	28	101	0.00001
Sediminibacillus_sp._DP4-553-S	2729421	S	69	15	84	0.00001
Radiobacillus_sp._80	2844358	S	41	11	52	0.00000
Radiobacillus_deserti	2594883	S	23	6	29	0.00000
Pontibacillus_sp._ALD_SL1	2777185	S	34	5	39	0.00000
Pontibacillus_sp._HMF3514	2692425	S	31	6	37	0.00000
Anaerobacillus_isosaccharinicus	1532552	S	57	17	74	0.00001
Evansella_cellulosilytica	1413	S	56	11	67	0.00000
Pradoshia_sp._D12	2651284	S	53	21	74	0.00001
Lederbergia_lenta	1467	S	47	15	62	0.00000
Mangrovibacillus_cuniculi	2593652	S	39	28	67	0.00000
Amphibacillus_xylanus	1449	S	39	9	48	0.00000
Paraliobacillus_zengyii	2213194	S	26	5	31	0.00000
Paenibacillus_sp._B01	2660554	S	1745	623	2368	0.00018
Paenibacillus_sp._RUD330	2023772	S	1053	137	1190	0.00009
Paenibacillus_sp._32O-W	1695218	S	874	101	975	0.00007
Paenibacillus_sp._R14(2021)	2859228	S	460	78	538	0.00004
Paenibacillus_sp._H1-7	2282849	S	418	46	464	0.00003
Paenibacillus_sp._sptzw28	715179	S	332	36	368	0.00003
Paenibacillus_sp._JZ16	1906272	S	319	93	412	0.00003
Paenibacillus_sp._URB8-2	2741301	S	293	79	372	0.00003
Paenibacillus_sp._FSL_R7-0273	1536772	S	257	61	318	0.00002
Paenibacillus_sp._FSL_H7-0357	1536774	S	243	39	282	0.00002
Paenibacillus_sp._PK3_47	2072642	S	240	41	281	0.00002
Paenibacillus_sp._YPD9-1	2908839	S	239	37	276	0.00002
Paenibacillus_sp._HWE-109	1306526	S	235	24	259	0.00002
Paenibacillus_sp._PAMC21692	2762320	S	229	210	439	0.00003
Paenibacillus_sp._FSL_R7-0331	1536773	S	205	50	255	0.00002
Paenibacillus_sp._BIHB4019	1870819	S	194	18	212	0.00002
Paenibacillus_sp._CAA11	1532905	S	135	32	167	0.00001
Paenibacillus_sp._YPG26	2878915	S	113	27	140	0.00001
Paenibacillus_sp._FSL_R5-0912	1536771	S	110	85	195	0.00001
Paenibacillus_sp._Y412MC10	481743	S	108	320	428	0.00003
Paenibacillus_sp._19GGS1-52	2758563	S	108	13	121	0.00001
Paenibacillus_sp._481	2835869	S	104	12	116	0.00001
Paenibacillus_sp._FSL_P4-0081	1536769	S	99	81	180	0.00001
Paenibacillus_sp._IHB_B_3084	867076	S	91	57	148	0.00001
Paenibacillus_sp._JNUCC-31	2777983	S	79	27	106	0.00001
Paenibacillus_sp._JNUCC-32	2777984	S	73	227	300	0.00002
Paenibacillus_sp._E222	2748863	S	72	30	102	0.00001
Paenibacillus_sp._DCT19	2211212	S	64	13	77	0.00001
Paenibacillus_sp._IHBB_10380	1566358	S	45	10	55	0.00000
Paenibacillus_sp._N3/727	2925845	S	43	57	100	0.00001
Paenibacillus_sp._FSL_H7-0737	1536775	S	38	17	55	0.00000
Paenibacillus_sp._FSL_R5-0345	1536770	S	29	12	41	0.00000
Paenibacillus_sp._Cedars	1980674	S	19	118	137	0.00001
Paenibacillus_sp._lzh-N1	2069255	S	10	181	191	0.00001
Paenibacillus_mucilaginosus	61624	S	2015	172	2187	0.00016
Paenibacillus_albicereus	2726185	S	1531	503	2034	0.00015
Paenibacillus_lycopersici	2704462	S	1225	180	1405	0.00010
Paenibacillus_rhizovicinus	2704463	S	709	113	822	0.00006
Paenibacillus_konkukensis	2020716	S	640	82	722	0.00005
Paenibacillus_dendritiformis	130049	S	629	124	753	0.00006
Paenibacillus_macerans	44252	S	613	67	680	0.00005
Paenibacillus_beijingensis	1126833	S	590	82	672	0.00005
Paenibacillus_cellulositrophicus	562959	S	574	68	642	0.00005
Paenibacillus_durus	44251	S	530	220	750	0.00006
Paenibacillus_chitinolyticus	79263	S	481	70	551	0.00004
Paenibacillus_stellifer	169760	S	452	95	547	0.00004
Paenibacillus_thiaminolyticus	49283	S	405	79	484	0.00004
Paenibacillus_ihbetae	1870820	S	401	67	468	0.00003
Paenibacillus_cellulosilyticus	375489	S	367	56	423	0.00003
Paenibacillus_xylanilyticus	248903	S	309	77	386	0.00003
Paenibacillus_sabinae	365617	S	307	87	394	0.00003
Paenibacillus_naphthalenovorans	162209	S	306	52	358	0.00003
Paenibacillus_albus	2495582	S	293	48	341	0.00003
Paenibacillus_donghaensis	414771	S	291	36	327	0.00002
Paenibacillus_protaetiae	2509456	S	253	45	298	0.00002
Paenibacillus_riograndensis	483937	S	98	79	177	0.00001
Paenibacillus_sonchi	373687	S	85	150	235	0.00002
Paenibacillus_algicola	2565926	S	240	47	287	0.00002
Paenibacillus_polymyxa	1406	S	236	945	1181	0.00009
Paenibacillus_azoreducens	116718	S	231	32	263	0.00002
Paenibacillus_sophorae	1333845	S	219	87	306	0.00002
Paenibacillus_agaridevorans	171404	S	209	260	469	0.00003
Paenibacillus_yonginensis	1462996	S	207	103	310	0.00002
Paenibacillus_tritici	1873425	S	205	35	240	0.00002
Paenibacillus_guangzhouensis	1473112	S	204	23	227	0.00002
Paenibacillus_tianjinensis	2810347	S	203	40	243	0.00002
Paenibacillus_jilunlii	682956	S	197	147	344	0.00003
Paenibacillus_swuensis	1178515	S	185	32	217	0.00002
Paenibacillus_physcomitrellae	1619311	S	178	68	246	0.00002
Paenibacillus_borealis	160799	S	177	68	245	0.00002
Paenibacillus_graminis	189425	S	154	89	243	0.00002
Paenibacillus_alvei	44250	S	144	22	166	0.00001
Paenibacillus_lentus	1338368	S	143	17	160	0.00001
Paenibacillus_bovis	1616788	S	140	22	162	0.00001
Paenibacillus_lutimineralis	2707005	S	138	22	160	0.00001
Paenibacillus_psychroresistens	1778678	S	129	9	138	0.00001
Paenibacillus_lautus	1401	S	111	148	259	0.00002
Paenibacillus_baekrokdamisoli	1712516	S	110	14	124	0.00001
Paenibacillus_barcinonensis	198119	S	101	20	121	0.00001
Paenibacillus_kribbensis	172713	S	97	41	138	0.00001
Paenibacillus_pabuli	1472	S	75	30	105	0.00001
Paenibacillus_xylanexedens	528191	S	74	57	131	0.00001
Paenibacillus_terrae	159743	S	71	38	109	0.00001
Paenibacillus_odorifer	189426	S	70	14	84	0.00001
Paenibacillus_peoriae	59893	S	70	438	508	0.00004
Paenibacillus_larvae	1464	S	62	15	77	0.00001
Paenibacillus_brasilensis	128574	S	59	30	89	0.00001
Paenibacillus_crassostreae	1763538	S	48	9	57	0.00000
Paenibacillus_uliginis	683737	S	45	52	97	0.00001
Paenibacillus_antarcticus	253703	S	41	7	48	0.00000
Paenibacillus_glucanolyticus	59843	S	35	225	260	0.00002
Brevibacillus_marinus	2496837	S	790	156	946	0.00007
Brevibacillus_agri	51101	S	498	150	648	0.00005
Brevibacillus_composti	2796470	S	449	135	584	0.00004
Brevibacillus_sp._MMS20-4M-10-Y	2895522	S	292	48	340	0.00003
Brevibacillus_sp._DP1.3A	2738867	S	36	37	73	0.00001
Brevibacillus_sp._HD3.3A	2738979	S	36	176	212	0.00002
Brevibacillus_brevis	1393	S	306	178	484	0.00004
Brevibacillus_choshinensis	54911	S	269	75	344	0.00003
Brevibacillus_laterosporus	1465	S	107	132	239	0.00002
Brevibacillus_parabrevis	54914	S	40	202	242	0.00002
Brevibacillus_formosus	54913	S	32	32	64	0.00000
Cohnella_candidum	2674991	S	880	136	1016	0.00008
Cohnella_sp._LGH	1619153	S	592	241	833	0.00006
Cohnella_sp._MFER-1	2728023	S	276	46	322	0.00002
Cohnella_cholangitidis	2598458	S	380	83	463	0.00003
Cohnella_abietis	2507935	S	79	11	90	0.00001
Thermobacillus_composti	377615	S	1690	280	1970	0.00015
Saccharibacillus_brassicae	2583377	S	1073	153	1226	0.00009
Aneurinibacillus_soli	1500254	S	109	182	291	0.00002
Novibacillus_thermophilus	1471761	S	6815	1150	7965	0.00059
Kroppenstedtia_eburnea	714067	S	459	57	516	0.00004
Kroppenstedtia_pulmonis	1380685	S	72	6	78	0.00001
Staphylospora_marina	2490858	S	513	95	608	0.00005
Thermoactinomyces_vulgaris	2026	S	325	76	401	0.00003
Polycladomyces_abyssicola	1125966	S	307	32	339	0.00003
Laceyella_sacchari	37482	S	191	51	242	0.00002
Alicyclobacillus_acidocaldarius	405212	S	1994	211	2205	0.00016
Alicyclobacillus_acidoterrestris	1450	S	253	50	303	0.00002
Alicyclobacillus_mengziensis	2931921	S	202	17	219	0.00002
Alicyclobacillus_sp._SO9	2665646	S	97	8	105	0.00001
Alicyclobacillus_sp._TC	2606450	S	39	6	45	0.00000
Tumebacillus_avium	1903704	S	1243	625	1868	0.00014
Tumebacillus_algifaecis	1214604	S	539	228	767	0.00006
Kyrpidia_spormannii	2055160	S	299	167	466	0.00003
Kyrpidia_tusciae	33943	S	174	137	311	0.00002
Effusibacillus_dendaii	2743772	S	160	25	185	0.00001
Planococcus_plakortidis	1038856	S	171	132	303	0.00002
Planococcus_sp._MB-3u-03	2058136	S	75	65	140	0.00001
Planococcus_sp._107-1	2908840	S	60	34	94	0.00001
Planococcus_sp._PAMC_21323	1526927	S	11	6	17	0.00000
Planococcus_lenghuensis	2213202	S	145	41	186	0.00001
Planococcus_glaciei	459472	S	140	55	195	0.00001
Planococcus_maritimus	192421	S	123	69	192	0.00001
Planococcus_rifietoensis	200991	S	101	93	194	0.00001
Planococcus_halotolerans	2233542	S	87	35	122	0.00001
Planococcus_massiliensis	1499687	S	73	21	94	0.00001
Planococcus_antarcticus	161360	S	32	13	45	0.00000
Planococcus_halocryophilus	1215089	S	22	14	36	0.00000
Planococcus_versutus	1302659	S	20	12	32	0.00000
Planococcus_donghaensis	414778	S	11	8	19	0.00000
Sporosarcina_sp._Te-1	2818390	S	59	21	80	0.00001
Sporosarcina_sp._Marseille-Q4063	2810514	S	38	14	52	0.00000
Sporosarcina_sp._PTS2304	2283194	S	30	42	72	0.00001
Sporosarcina_sp._resist	2762563	S	15	59	74	0.00001
Sporosarcina_ureae	1571	S	105	37	142	0.00001
Sporosarcina_ureilytica	298596	S	28	11	39	0.00000
Sporosarcina_pasteurii	1474	S	20	7	27	0.00000
Ureibacillus_thermosphaericus	51173	S	118	185	303	0.00002
Ureibacillus_thermophilus	367743	S	77	58	135	0.00001
Solibacillus_silvestris	76853	S	89	44	133	0.00001
Solibacillus_sp._R5-41	2048654	S	33	18	51	0.00000
Paenisporosarcina_antarctica	417367	S	42	16	58	0.00000
Paenisporosarcina_cavernae	2320858	S	22	16	38	0.00000
Jeotgalibacillus_malaysiensis	1508404	S	50	21	71	0.00001
Kurthia_zopfii	1650	S	22	14	36	0.00000
Kurthia_sp._11kri321	1750719	S	20	15	35	0.00000
Rummeliibacillus_stabekisii	241244	S	33	21	54	0.00000
Viridibacillus_sp._JNUCC-6	2779527	S	27	12	39	0.00000
Exiguobacterium_alkaliphilum	1428684	S	280	118	398	0.00003
Exiguobacterium_sp._N4-1P	2051906	S	52	41	93	0.00001
Exiguobacterium_sp._Helios	2735868	S	43	23	66	0.00000
Exiguobacterium_sp._PFWT01	2829816	S	39	44	83	0.00001
Exiguobacterium_sp._AT1b	360911	S	32	35	67	0.00000
Exiguobacterium_sp._MH3	1399115	S	26	42	68	0.00001
Exiguobacterium_mexicanum	340146	S	187	82	269	0.00002
Exiguobacterium_acetylicum	41170	S	86	166	252	0.00002
Exiguobacterium_antarcticum	132920	S	55	24	79	0.00001
Exiguobacterium_sibiricum	332410	S	52	30	82	0.00001
Staphylococcus_epidermidis	1282	S	55	57	112	0.00001
Staphylococcus_aureus	1280	S	49	1160	1209	0.00009
Staphylococcus_pseudintermedius	283734	S	29	33	62	0.00000
Staphylococcus_delphini	53344	S	13	11	24	0.00000
Staphylococcus_sp._CCM_9025	2892440	S	13	7	20	0.00000
Staphylococcus_haemolyticus	1283	S	23	30	53	0.00000
Staphylococcus_hominis	1290	S	19	14	33	0.00000
Staphylococcus_carnosus	1281	S	14	6	20	0.00000
Staphylococcus_pettenkoferi	170573	S	14	4	18	0.00000
Staphylococcus_capitis	29388	S	14	20	34	0.00000
Staphylococcus_lugdunensis	28035	S	14	8	22	0.00000
Staphylococcus_schleiferi	1295	S	14	28	42	0.00000
Staphylococcus_muscae	1294	S	13	7	20	0.00000
Staphylococcus_edaphicus	1955013	S	13	5	18	0.00000
Staphylococcus_hyicus	1284	S	12	7	19	0.00000
Staphylococcus_felis	46127	S	11	6	17	0.00000
Staphylococcus_simiae	308354	S	11	7	18	0.00000
Staphylococcus_chromogenes	46126	S	11	6	17	0.00000
Staphylococcus_pasteuri	45972	S	11	11	22	0.00000
Staphylococcus_saprophyticus	29385	S	10	6	16	0.00000
Staphylococcus_nepalensis	214473	S	10	4	14	0.00000
Staphylococcus_lutrae	155085	S	10	5	15	0.00000
Staphylococcus_auricularis	29379	S	10	4	14	0.00000
Staphylococcus_pseudoxylosus	2282419	S	10	6	16	0.00000
Jeotgalicoccus_sp._WY2	2708346	S	45	12	57	0.00000
Jeotgalicoccus_saudimassiliensis	1461582	S	50	7	57	0.00000
Macrococcus_brunensis	198483	S	31	13	44	0.00000
Macrococcus_canis	1855823	S	22	26	48	0.00000
Macrococcus_armenti	2875764	S	11	13	24	0.00000
Salinicoccus_halodurans	407035	S	62	24	86	0.00001
Mammaliicoccus_sciuri	1296	S	22	19	41	0.00000
Nosocomiicoccus_ampullae	489910	S	19	4	23	0.00000
Abyssicoccus_albus	1817405	S	13	5	18	0.00000
Listeria_monocytogenes	1639	S	62	42	104	0.00001
Listeria_weihenstephanensis	1006155	S	41	11	52	0.00000
Listeria_grayi	1641	S	35	13	48	0.00000
Listeria_ivanovii	1638	S	23	10	33	0.00000
Listeria_innocua	1642	S	18	27	45	0.00000
Listeria_marthii	529731	S	12	7	19	0.00000
Listeria_welshimeri	1643	S	11	17	28	0.00000
Listeria_sp._PSOL-1	1844999	S	10	3	13	0.00000
Brochothrix_thermosphacta	2756	S	35	15	50	0.00000
Sporolactobacillus_terrae	269673	S	120	21	141	0.00001
Limosilactobacillus_fermentum	1613	S	151	135	286	0.00002
Limosilactobacillus_pontis	35787	S	130	83	213	0.00002
Limosilactobacillus_mucosae	97478	S	64	32	96	0.00001
Limosilactobacillus_reuteri	1598	S	42	49	91	0.00001
Limosilactobacillus_panis	47493	S	42	19	61	0.00000
Limosilactobacillus_gastricus	227942	S	13	6	19	0.00000
Limosilactobacillus_frumenti	104955	S	10	4	14	0.00000
Lactobacillus_delbrueckii	1584	S	160	304	464	0.00003
Lactobacillus_sp._CBA3605	2099788	S	14	7	21	0.00000
Lactobacillus_sp._CBA3606	2099789	S	14	9	23	0.00000
Lactobacillus_amylovorus	1604	S	20	42	62	0.00000
Lactobacillus_crispatus	47770	S	14	11	25	0.00000
Lactobacillus_panisapium	2012495	S	14	3	17	0.00000
Lactobacillus_acetotolerans	1600	S	11	3	14	0.00000
Lactobacillus_iners	147802	S	10	16	26	0.00000
Levilactobacillus_zymae	267363	S	149	49	198	0.00001
Levilactobacillus_brevis	1580	S	104	36	140	0.00001
Levilactobacillus_suantsaii	2292255	S	45	16	61	0.00000
Levilactobacillus_koreensis	637971	S	38	6	44	0.00000
Lacticaseibacillus_rhamnosus	47715	S	60	11	71	0.00001
Lacticaseibacillus_casei	1582	S	48	32	80	0.00001
Lacticaseibacillus_paracasei	1597	S	46	146	192	0.00001
Lacticaseibacillus_manihotivorans	88233	S	29	9	38	0.00000
Lacticaseibacillus_chiayiensis	2100821	S	28	5	33	0.00000
Lacticaseibacillus_zeae	57037	S	22	8	30	0.00000
Lactiplantibacillus_pentosus	1589	S	74	22	96	0.00001
Lactiplantibacillus_plantarum	1590	S	53	82	135	0.00001
Lactiplantibacillus_paraplantarum	60520	S	27	7	34	0.00000
Schleiferilactobacillus_harbinensis	304207	S	151	19	170	0.00001
Weissella_confusa	1583	S	25	30	55	0.00000
Weissella_cibaria	137591	S	17	19	36	0.00000
Weissella_soli	155866	S	12	4	16	0.00000
Weissella_viridescens	1629	S	11	6	17	0.00000
Weissella_coleopterorum	2714949	S	10	7	17	0.00000
Ligilactobacillus_ruminis	1623	S	39	16	55	0.00000
Ligilactobacillus_agilis	1601	S	17	13	30	0.00000
Ligilactobacillus_murinus	1622	S	17	17	34	0.00000
Leuconostoc_lactis	1246	S	23	32	55	0.00000
Leuconostoc_gelidum	1244	S	12	3	15	0.00000
Leuconostoc_mesenteroides	1245	S	11	25	36	0.00000
Lentilactobacillus_buchneri	1581	S	36	12	48	0.00000
Lentilactobacillus_parabuchneri	152331	S	24	7	31	0.00000
Lentilactobacillus_kefiri	33962	S	18	6	24	0.00000
Lentilactobacillus_hilgardii	1588	S	15	3	18	0.00000
Oenococcus_kitaharae	336988	S	26	2	28	0.00000
Oenococcus_sicerae	2203724	S	18	0	18	0.00000
Oenococcus_oeni	1247	S	11	2	13	0.00000
Oenococcus_sp._UCMA_16435	2259623	S	10	2	12	0.00000
Pediococcus_acidilactici	1254	S	28	15	43	0.00000
Pediococcus_inopinatus	114090	S	12	7	19	0.00000
Pediococcus_pentosaceus	1255	S	10	5	15	0.00000
Pediococcus_damnosus	51663	S	10	4	14	0.00000
Loigolactobacillus_coryniformis	1610	S	41	34	75	0.00001
Loigolactobacillus_backii	375175	S	12	5	17	0.00000
Loigolactobacillus_bifermentans	1607	S	11	3	14	0.00000
Latilactobacillus_curvatus	28038	S	26	16	42	0.00000
Latilactobacillus_sakei	1599	S	17	19	36	0.00000
Secundilactobacillus_paracollinoides	240427	S	40	14	54	0.00000
Secundilactobacillus_malefermentans	176292	S	15	6	21	0.00000
Paucilactobacillus_hokkaidonensis	1193095	S	14	9	23	0.00000
Furfurilactobacillus_rossiae	231049	S	29	5	34	0.00000
Periweissella_cryptocerci	2506420	S	27	4	31	0.00000
Amylolactobacillus_amylophilus	1603	S	21	23	44	0.00000
Streptococcus_sp._HKU75	2781599	S	33	19	52	0.00000
Streptococcus_sanguinis	1305	S	41	15	56	0.00000
Streptococcus_suis	1307	S	39	36	75	0.00001
Streptococcus_oralis	1303	S	34	45	79	0.00001
Streptococcus_equi	1336	S	23	9	32	0.00000
Streptococcus_pyogenes	1314	S	27	113	140	0.00001
Streptococcus_gordonii	1302	S	24	11	35	0.00000
Streptococcus_sobrinus	1310	S	23	5	28	0.00000
Streptococcus_respiraculi	2021971	S	23	6	29	0.00000
Streptococcus_salivarius	1304	S	22	41	63	0.00000
Streptococcus_agalactiae	1311	S	21	373	394	0.00003
Streptococcus_cristatus	45634	S	21	38	59	0.00000
Streptococcus_merionis	400065	S	17	2	19	0.00000
Streptococcus_ratti	1341	S	16	2	18	0.00000
Streptococcus_pluranimalium	82348	S	16	10	26	0.00000
Streptococcus_mitis	28037	S	16	24	40	0.00000
Streptococcus_ferus	1345	S	15	3	18	0.00000
Streptococcus_infantis	68892	S	15	6	21	0.00000
Streptococcus_pantholopis	1811193	S	13	1	14	0.00000
Streptococcus_chenjunshii	2173853	S	12	1	13	0.00000
Streptococcus_halichoeri	254785	S	11	18	29	0.00000
Streptococcus_pneumoniae	1313	S	11	81	92	0.00001
Streptococcus_parasanguinis	1318	S	10	6	16	0.00000
Streptococcus_thermophilus	1308	S	10	412	422	0.00003
Lactococcus_raffinolactis	1366	S	29	18	47	0.00000
Lactococcus_cremoris	1359	S	15	19	34	0.00000
Lactococcus_garvieae	1363	S	14	30	44	0.00000
Lactococcus_lactis	1358	S	13	41	54	0.00000
Enterococcus_avium	33945	S	41	28	69	0.00001
Enterococcus_gilvus	160453	S	26	13	39	0.00000
Enterococcus_raffinosus	71452	S	26	19	45	0.00000
Enterococcus_faecium	1352	S	24	387	411	0.00003
Enterococcus_durans	53345	S	24	29	53	0.00000
Enterococcus_casseliflavus	37734	S	22	49	71	0.00001
Enterococcus_hirae	1354	S	20	102	122	0.00001
Enterococcus_mundtii	53346	S	20	10	30	0.00000
Enterococcus_faecalis	1351	S	20	39	59	0.00000
Enterococcus_thailandicus	417368	S	12	7	19	0.00000
Enterococcus_saigonensis	1805431	S	11	21	32	0.00000
Enterococcus_rotai	118060	S	10	0	10	0.00000
Enterococcus_wangshanyuanii	2005703	S	10	1	11	0.00000
Vagococcus_lutrae	81947	S	29	68	97	0.00001
Vagococcus_fluvialis	2738	S	13	15	28	0.00000
Vagococcus_coleopterorum	2714946	S	12	6	18	0.00000
Vagococcus_zengguangii	2571750	S	11	8	19	0.00000
Vagococcus_hydrophili	2714947	S	10	5	15	0.00000
Tetragenococcus_halophilus	51669	S	29	21	50	0.00000
Tetragenococcus_koreensis	290335	S	13	6	19	0.00000
Aerococcus_sanguinicola	119206	S	37	10	47	0.00000
Aerococcus_urinae	1376	S	32	14	46	0.00000
Aerococcus_urinaehominis	128944	S	13	3	16	0.00000
Aerococcus_christensenii	87541	S	12	22	34	0.00000
Aerococcus_urinaeequi	51665	S	11	77	88	0.00001
Abiotrophia_defectiva	46125	S	21	7	28	0.00000
Suicoccus_acidiformans	2036206	S	19	15	34	0.00000
Jeotgalibaca_porci	1868793	S	19	16	35	0.00000
Jeotgalibaca_arthritidis	1868794	S	17	33	50	0.00000
Jeotgalibaca_dankookensis	708126	S	15	4	19	0.00000
Jeotgalibaca_ciconiae	2496265	S	11	5	16	0.00000
Carnobacterium_divergens	2748	S	14	4	18	0.00000
Carnobacterium_maltaromaticum	2751	S	13	4	17	0.00000
Dolosigranulum_pigrum	29394	S	39	14	53	0.00000
Marinilactibacillus_sp._15R	1911586	S	14	6	20	0.00000
Faecalibacterium_prausnitzii	853	S	1405	1520	2925	0.00022
Dysosmobacter_sp._Marseille-Q4140	2830675	S	608	294	902	0.00007
Dysosmobacter_welbionis	2093857	S	436	336	772	0.00006
Flavonifractor_plautii	292800	S	889	255	1144	0.00008
Acetivibrio_saccincola	1677857	S	380	267	647	0.00005
Acetivibrio_thermocellus	1515	S	59	44	103	0.00001
Acetivibrio_clariflavus	288965	S	57	41	98	0.00001
Vescimonas_coprocola	2714355	S	280	275	555	0.00004
Vescimonas_fastidiosa	2714353	S	185	326	511	0.00004
Ethanoligenens_harbinense	253239	S	467	28	495	0.00004
Ruthenibacterium_lactatiformans	1550024	S	431	143	574	0.00004
Anaerotruncus_colihominis	169435	S	361	210	571	0.00004
Oscillibacter_sp._NSJ-62	2763056	S	352	127	479	0.00004
Caproiciproducens_sp._NJN-50	2507162	S	345	47	392	0.00003
Caproicibacter_fermentans	2576756	S	238	15	253	0.00002
Acutalibacter_muris	1796620	S	221	12	233	0.00002
Ruminococcus_champanellensis	1161942	S	96	3	99	0.00001
Ruminococcus_albus	1264	S	49	1	50	0.00000
Ruminococcus_bicirculans	1160721	S	22	4	26	0.00000
Ruminococcus_bovis	2564099	S	21	3	24	0.00000
Pusillibacter_faecalis	2714358	S	186	145	331	0.00002
Caproicibacterium_lactatifermentans	2666138	S	82	9	91	0.00001
Caproicibacterium_amylolyticum	2766537	S	79	5	84	0.00001
Solibaculum_mannosilyticum	2780922	S	143	152	295	0.00002
Thermoclostridium_stercorarium	1510	S	72	119	191	0.00001
Pseudoclostridium_thermosuccinogenes	84032	S	57	15	72	0.00001
Ruminiclostridium_herbifermentans	2488810	S	32	8	40	0.00000
Ruminiclostridium_cellulolyticum	1521	S	14	3	17	0.00000
Mageeibacillus_indolicus	884684	S	19	30	49	0.00000
Monoglobus_pectinilyticus	1981510	S	16	9	25	0.00000
Fastidiosipila_sanguinis	236753	S	16	11	27	0.00000
Thermaerobacter_sp._FW80	2546351	S	2241	506	2747	0.00020
Thermaerobacter_sp._PB12/4term	2293838	S	1579	424	2003	0.00015
Thermaerobacter_marianensis	73919	S	1857	505	2362	0.00017
Intestinimonas_butyriciproducens	1297617	S	392	173	565	0.00004
Flintibacter_sp._KGMB00164	2610895	S	269	37	306	0.00002
Aminipila_terrae	2697030	S	53	6	59	0.00000
Aminipila_luticellarii	2507160	S	47	6	53	0.00000
Aminipila_butyrica	433296	S	45	5	50	0.00000
Emergencia_timonensis	1776384	S	84	35	119	0.00001
Mogibacterium_pumilum	86332	S	10	14	24	0.00000
Massilistercora_timonensis	2086584	S	141	162	303	0.00002
Carboxydocella_thermautotrophica	178899	S	112	13	125	0.00001
Herbinix_luporum	1679721	S	422	326	748	0.00006
Lachnoclostridium_phocaeense	1871021	S	126	125	251	0.00002
[Clostridium]_hylemonae	89153	S	121	42	163	0.00001
[Clostridium]_scindens	29347	S	116	58	174	0.00001
Lachnoclostridium_sp._YL32	1834196	S	25	41	66	0.00000
Lachnoclostridium_phytofermentans	66219	S	16	1	17	0.00000
Blautia_producta	33035	S	98	25	123	0.00001
Blautia_sp._NBRC_113351	2877527	S	78	103	181	0.00001
Blautia_pseudococcoides	1796616	S	48	8	56	0.00000
Blautia_liquoris	2779518	S	28	2	30	0.00000
Blautia_obeum	40520	S	21	23	44	0.00000
Blautia_argi	1912897	S	16	17	33	0.00000
Blautia_hansenii	1322	S	13	10	23	0.00000
Blautia_massiliensis	1737424	S	13	34	47	0.00000
Lachnospiraceae_bacterium_NSJ-29	2763667	S	106	37	143	0.00001
Lachnospiraceae_bacterium_NSJ-38	2763669	S	65	29	94	0.00001
Lachnospiraceae_bacterium_sunii_NSJ-8	2763672	S	55	47	102	0.00001
Lachnospiraceae_bacterium_NSJ-4	2763670	S	33	36	69	0.00001
Roseburia_hominis	301301	S	123	149	272	0.00002
Roseburia_intestinalis	166486	S	36	28	64	0.00000
Roseburia_sp._NSJ-69	2763062	S	18	7	25	0.00000
Enterocloster_bolteae	208479	S	124	43	167	0.00001
Enterocloster_clostridioformis	1531	S	28	85	113	0.00001
Anaerostipes_caccae	105841	S	56	16	72	0.00001
Anaerostipes_rhamnosivorans	1229621	S	55	24	79	0.00001
Anaerostipes_hadrus	649756	S	21	23	44	0.00000
Anaerocolumna_sedimenticola	2696063	S	55	5	60	0.00000
Anaerocolumna_chitinilytica	1727145	S	33	2	35	0.00000
Anaerocolumna_cellulosilytica	433286	S	31	2	33	0.00000
Coprococcus_comes	410072	S	36	44	80	0.00001
Coprococcus_catus	116085	S	23	14	37	0.00000
Coprococcus_eutactus	33043	S	18	21	39	0.00000
Coprococcus_sp._ART55/1	751585	S	16	16	32	0.00000
Lacrimispora_sphenoides	29370	S	55	4	59	0.00000
Lacrimispora_saccharolytica	84030	S	35	5	40	0.00000
Butyrivibrio_fibrisolvens	831	S	39	12	51	0.00000
Butyrivibrio_hungatei	185008	S	17	3	20	0.00000
Butyrivibrio_proteoclasticus	43305	S	15	3	18	0.00000
Anaerotignum_propionicum	28446	S	60	7	67	0.00000
[Ruminococcus]_gnavus	33038	S	40	31	71	0.00001
[Ruminococcus]_torques	33039	S	15	14	29	0.00000
Sellimonas_intestinalis	1653434	S	47	30	77	0.00001
Novisyntrophococcus_fermenticellae	2068655	S	41	6	47	0.00000
Anaerobutyricum_hallii	39488	S	25	10	35	0.00000
Pseudobutyrivibrio_xylanivorans	185007	S	25	1	26	0.00000
Dorea_longicatena	88431	S	23	25	48	0.00000
Faecalicatena_sp._Marseille-Q4148	2823316	S	21	11	32	0.00000
Lachnospira_eligens	39485	S	18	3	21	0.00000
Lachnoanaerobaculum_umeaense	617123	S	12	3	15	0.00000
Symbiobacterium_thermophilum	2734	S	2763	278	3041	0.00023
Clostridium_sp._SY8519	1042156	S	94	31	125	0.00001
Clostridium_sp._M62/1	411486	S	80	115	195	0.00001
Clostridium_sp._DL-VIII	641107	S	80	19	99	0.00001
Clostridium_sp._C5S11	704125	S	56	9	65	0.00000
Clostridium_sp._JN-9	2507159	S	28	5	33	0.00000
Clostridium_sp._BNL1100	755731	S	23	2	25	0.00000
Clostridium_sp._MD294	97138	S	18	1	19	0.00000
Clostridium_sp._'deep_sea'	2779445	S	17	0	17	0.00000
Clostridium_sp._JN-1	2483110	S	16	3	19	0.00000
Clostridium_sp._C1	1155388	S	14	15	29	0.00000
Clostridium_sp._BJN0001	2930219	S	11	3	14	0.00000
Clostridium_saccharoperbutylacetonicum	36745	S	91	22	113	0.00001
Clostridium_beijerinckii	1520	S	72	229	301	0.00002
Clostridium_perfringens	1502	S	65	20	85	0.00001
Clostridium_botulinum	1491	S	63	64	127	0.00001
Clostridium_kluyveri	1534	S	43	3	46	0.00000
Clostridium_baratii	1561	S	42	11	53	0.00000
Clostridium_pasteurianum	1501	S	38	7	45	0.00000
Clostridium_fermenticellae	2068654	S	32	4	36	0.00000
Clostridium_butyricum	1492	S	31	6	37	0.00000
Clostridium_intestinale	36845	S	27	3	30	0.00000
Clostridium_saccharobutylicum	169679	S	27	6	33	0.00000
Clostridium_tyrobutyricum	1519	S	26	2	28	0.00000
Clostridium_carboxidivorans	217159	S	26	8	34	0.00000
Clostridium_thermarum	1716543	S	25	16	41	0.00000
Clostridium_argentinense	29341	S	24	3	27	0.00000
Clostridium_estertheticum	238834	S	24	5	29	0.00000
Clostridium_bornimense	1216932	S	19	7	26	0.00000
Clostridium_tetani	1513	S	19	7	26	0.00000
Clostridium_aceticum	84022	S	19	2	21	0.00000
Clostridium_formicaceticum	1497	S	19	4	23	0.00000
Clostridium_cellulovorans	1493	S	17	3	20	0.00000
Clostridium_manihotivorum	2320868	S	17	2	19	0.00000
Clostridium_gasigenes	94869	S	16	3	19	0.00000
Clostridium_isatidis	182773	S	16	8	24	0.00000
Clostridium_taeniosporum	394958	S	14	2	16	0.00000
Clostridium_cadaveris	1529	S	12	3	15	0.00000
Clostridium_septicum	1504	S	12	3	15	0.00000
Clostridium_acetobutylicum	1488	S	11	0	11	0.00000
Clostridium_drakei	332101	S	10	10	20	0.00000
Clostridium_novyi	1542	S	10	88	98	0.00001
Hungatella_hathewayi	154046	S	165	7	172	0.00001
Alkaliphilus_sp._B6464	2731219	S	23	10	33	0.00000
Alkaliphilus_metalliredigens	208226	S	20	5	25	0.00000
Alkaliphilus_oremlandii	461876	S	13	6	19	0.00000
Crassaminicella_thermophila	2599308	S	20	7	27	0.00000
Crassaminicella_profunda	1286698	S	12	3	15	0.00000
Crassaminicella_sp._143-21	2855394	S	10	5	15	0.00000
Geosporobacter_ferrireducens	1424294	S	46	8	54	0.00000
Caloramator_sp._E03	2576307	S	27	3	30	0.00000
Serpentinicella_alkaliphila	1734049	S	16	3	19	0.00000
Hathewaya_histolytica	1498	S	13	5	18	0.00000
Paraclostridium_bifermentans	1490	S	12	4	16	0.00000
Candidatus_Desulforudis_audaxviator	471827	S	658	44	702	0.00005
Desulforamulus_ruminis	1564	S	144	20	164	0.00001
Desulforamulus_ferrireducens	1833852	S	128	86	214	0.00002
Desulforamulus_reducens	59610	S	42	8	50	0.00000
Acididesulfobacillus_acetoxydans	1561005	S	250	11	261	0.00002
Candidatus_Formimonas_warabiya	1761012	S	146	10	156	0.00001
Desulfofarcimen_acetoxidans	58138	S	90	11	101	0.00001
Thermanaerosceptrum_fracticalcis	1712410	S	77	13	90	0.00001
Dehalobacterium_formicoaceticum	51515	S	60	12	72	0.00001
Christensenella_sp._Marseille-P3954	2086585	S	628	373	1001	0.00007
Christensenella_minuta	626937	S	213	66	279	0.00002
Heliomicrobium_modesticaldum	35701	S	717	366	1083	0.00008
Heliorestis_convoluta	356322	S	57	3	60	0.00000
Eubacterium_limosum	1736	S	99	95	194	0.00001
Eubacterium_sp._c-25	2841037	S	29	17	46	0.00000
Eubacterium_sp._MSJ-33	2841528	S	17	11	28	0.00000
Eubacterium_sp._NSJ-61	2764325	S	12	21	33	0.00000
Eubacterium_callanderi	53442	S	51	37	88	0.00001
Eubacterium_maltosivorans	2041044	S	26	109	135	0.00001
Acetobacterium_sp._KB-1	2184575	S	143	45	188	0.00001
Acetobacterium_wieringae	52694	S	61	37	98	0.00001
Acetobacterium_woodii	33952	S	22	4	26	0.00000
Alkalibacter_sp._ES005	2815577	S	91	6	97	0.00001
Desulfosporosinus_meridiei	79209	S	72	27	99	0.00001
Desulfosporosinus_youngiae	339862	S	66	20	86	0.00001
Desulfosporosinus_orientis	1563	S	59	13	72	0.00001
Desulfosporosinus_acidiphilus	885581	S	46	9	55	0.00000
Desulfitobacterium_hafniense	49338	S	105	27	132	0.00001
Desulfitobacterium_dehalogenans	36854	S	47	8	55	0.00000
Desulfitobacterium_dichloroeliminans	233055	S	43	44	87	0.00001
Desulfitobacterium_metallireducens	142877	S	25	6	31	0.00000
Dehalobacter_restrictus	55583	S	27	64	91	0.00001
Syntrophobotulus_glycolicus	51197	S	72	5	77	0.00001
Peptoclostridium_acidaminophilum	1731	S	65	12	77	0.00001
Romboutsia_ilealis	1115758	S	20	13	33	0.00000
Romboutsia_sp._CE17	2724150	S	17	10	27	0.00000
Romboutsia_hominis	1507512	S	11	5	16	0.00000
Clostridioides_difficile	1496	S	29	27	56	0.00000
Terrisporobacter_sp._MCA3	2813371	S	36	7	43	0.00000
Paeniclostridium_sordellii	1505	S	30	8	38	0.00000
Peptacetobacter_hiranonis	89152	S	30	10	40	0.00000
Filifactor_alocis	143361	S	25	41	66	0.00000
Tepidibacter_sp._8C15b	2925782	S	15	3	18	0.00000
Acetoanaerobium_sticklandii	1511	S	10	1	11	0.00000
Syntrophothermus_lipocalidus	86170	S	146	17	163	0.00001
Syntrophomonas_wolfei	863	S	56	16	72	0.00001
Candidatus_Contubernalis_alkalaceticum	338645	S	55	3	58	0.00000
Candidatus_Syntrophocurvum_alkaliphilum	2293317	S	20	7	27	0.00000
Desulfoscipio_gibsoniae	102134	S	159	15	174	0.00001
Desulfotomaculum_nigrificans	1565	S	84	38	122	0.00001
Thermincola_potens	863643	S	79	7	86	0.00001
Vallitalea_pronyensis	1348613	S	25	10	35	0.00000
Petrocella_atlantisensis	2173034	S	19	3	22	0.00000
Alkalicella_caledoniensis	2731377	S	30	4	34	0.00000
Caloranaerobacter_azorensis	116090	S	30	4	34	0.00000
Moorella_sp._Hama-1	2138101	S	401	70	471	0.00003
Moorella_thermoacetica	1525	S	339	49	388	0.00003
Moorella_glycerini	55779	S	270	22	292	0.00002
Ammonifex_degensii	42838	S	385	16	401	0.00003
Gelria_sp._Kuro-4	2796927	S	893	76	969	0.00007
Thermacetogenium_phaeum	85874	S	334	331	665	0.00005
Carboxydothermus_hydrogenoformans	129958	S	161	15	176	0.00001
Thermoanaerobacter_mathranii	583357	S	29	64	93	0.00001
Thermoanaerobacter_kivui	2325	S	19	15	34	0.00000
Thermanaeromonas_toyohensis	161154	S	103	3	106	0.00001
Caldanaerobacter_subterraneus	911092	S	41	45	86	0.00001
Caldicellulosiruptor_changbaiensis	1222016	S	17	78	95	0.00001
Caldicellulosiruptor_acetigenus	301953	S	11	24	35	0.00000
Thermoanaerobacterium_thermosaccharolyticum	1517	S	30	58	88	0.00001
Thermoanaerobacterium_sp._RBIITD	1550240	S	10	9	19	0.00000
Mahella_australiensis	252966	S	94	54	148	0.00001
Zhaonella_formicivorans	2528593	S	77	13	90	0.00001
Thermodesulfobium_acidiphilum	1794699	S	18	31	49	0.00000
Iocasia_fonsfrigidae	2682810	S	81	8	89	0.00001
Halothermothrix_orenii	31909	S	77	13	90	0.00001
Halanaerobium_hydrogeniformans	656519	S	20	10	30	0.00000
Halanaerobium_praevalens	2331	S	18	11	29	0.00000
Anoxybacter_fermentans	1323375	S	106	23	129	0.00001
Halobacteroides_halobius	42422	S	31	5	36	0.00000
Acetohalobium_arabaticum	28187	S	21	2	23	0.00000
Thermosediminibacter_oceani	291990	S	183	19	202	0.00001
Biomaibacter_acetigenes	2316383	S	77	6	83	0.00001
Tepidanaerobacter_acetatoxydans	499229	S	46	2	48	0.00000
Koleobacter_methoxysyntrophicus	2751313	S	83	8	91	0.00001
Natranaerofaba_carboxydovora	2742683	S	53	3	56	0.00000
Natranaerobius_thermophilus	375929	S	22	3	25	0.00000
Selenomonas_sp._oral_taxon_126	712528	S	422	119	541	0.00004
Selenomonas_sp._oral_taxon_920	1884263	S	339	82	421	0.00003
Selenomonas_sp._oral_taxon_136	713030	S	155	212	367	0.00003
Selenomonas_sp._oral_taxon_478	712538	S	126	181	307	0.00002
Selenomonas_sputigena	69823	S	811	75	886	0.00007
Selenomonas_timonae	2754044	S	306	151	457	0.00003
Selenomonas_ruminantium	971	S	134	13	147	0.00001
Megamonas_funiformis	437897	S	12	64	76	0.00001
Pectinatus_frisingensis	865	S	23	1	24	0.00000
Sporomusa_termitida	2377	S	148	21	169	0.00001
Pelosinus_fermentans	365349	S	61	19	80	0.00001
Pelosinus_sp._UFO1	484770	S	55	29	84	0.00001
Methylomusa_anaerophila	1930071	S	133	10	143	0.00001
Megasphaera_elsdenii	907	S	317	136	453	0.00003
Megasphaera_stantonii	2144175	S	297	188	485	0.00004
Megasphaera_massiliensis	1232428	S	131	51	182	0.00001
Dialister_pneumosintes	39950	S	24	123	147	0.00001
Veillonella_rodentium	248315	S	18	11	29	0.00000
Veillonella_parvula	29466	S	11	14	25	0.00000
Acidaminococcus_fermentans	905	S	218	39	257	0.00002
Acidaminococcus_intestini	187327	S	91	7	98	0.00001
Phascolarctobacterium_faecium	33025	S	71	7	78	0.00001
Phascolarctobacterium_sp._Marseille-Q4147	2823317	S	36	23	59	0.00000
Phascolarctobacterium_succinatutens	626940	S	35	85	120	0.00001
Limnochorda_pilosa	1555112	S	2734	130	2864	0.00021
Peptoniphilus_ivorii	54006	S	173	44	217	0.00002
Peptoniphilus_harei	54005	S	12	14	26	0.00000
Murdochiella_vaginalis	1852373	S	74	81	155	0.00001
Anaerococcus_mediterraneensis	1870984	S	20	42	62	0.00000
Finegoldia_magna	1260	S	22	23	45	0.00000
Miniphocaeibacter_halophilus	2931922	S	18	1	19	0.00000
Parvimonas_micra	33033	S	15	30	45	0.00000
Schnuerera_ultunensis	45497	S	91	8	99	0.00001
Keratinibaculum_paraultunense	1278232	S	39	13	52	0.00000
Tissierella_sp._JN-28	2507161	S	25	5	30	0.00000
Gudongella_oleilytica	1582259	S	20	4	24	0.00000
Gottschalkia_acidurici	1556	S	71	8	79	0.00001
Ezakiella_coagulans	46507	S	95	279	374	0.00003
Ezakiella_massiliensis	1852374	S	17	10	27	0.00000
Sedimentibacter_sp._zth1	2816908	S	28	3	31	0.00000
Faecalibaculum_rodentium	1702221	S	146	34	180	0.00001
Allobaculum_sp._Allo2	2853432	S	83	14	97	0.00001
Allobaculum_mucolyticum	2834459	S	56	10	66	0.00000
Erysipelothrix_sp._HDW6C	2714930	S	16	9	25	0.00000
Erysipelothrix_sp._HDW6A	2714928	S	10	3	13	0.00000
Erysipelothrix_larvae	1514105	S	18	10	28	0.00000
[Clostridium]_innocuum	1522	S	59	54	113	0.00001
Erysipelatoclostridium_ramosum	1547	S	14	7	21	0.00000
Intestinibaculum_porci	2487118	S	33	16	49	0.00000
Bulleidia_sp._zg-1006	2806552	S	14	6	20	0.00000
Longicatena_caecimuris	1796635	S	13	23	36	0.00000
Amedibacterium_intestinale	2583452	S	11	22	33	0.00000
Turicibacter_sp._H121	1712675	S	33	47	80	0.00001
Turicibacter_sp._TJ11	2806443	S	14	17	31	0.00000
Turicibacter_sanguinis	154288	S	14	7	21	0.00000
Ndongobacter_massiliensis	1871025	S	134	124	258	0.00002
endosymbiont_'TC1'_of_Trimyema_compressum	243899	S	26	1	27	0.00000
Synechococcus_sp._CBW1004	1353136	S	883	243	1126	0.00008
Synechococcus_sp._RSCCF101	2511069	S	730	187	917	0.00007
Synechococcus_sp._CBW1107	2789857	S	718	148	866	0.00006
Synechococcus_sp._CBW1108	1353147	S	493	73	566	0.00004
Synechococcus_sp._JA-3-3Ab	321327	S	461	119	580	0.00004
Synechococcus_sp._SynAce01	1916956	S	430	51	481	0.00004
Synechococcus_sp._CB0101	232348	S	371	87	458	0.00003
Synechococcus_sp._NB0720_10	2907159	S	342	97	439	0.00003
Synechococcus_sp._LA31	2741953	S	298	71	369	0.00003
Synechococcus_sp._LTW-R	2751170	S	276	73	349	0.00003
Synechococcus_sp._PCC_7336	195250	S	268	10	278	0.00002
Synechococcus_sp._RS9909	221352	S	262	100	362	0.00003
Synechococcus_sp._JA-2-3B'a(2-13)	321332	S	259	61	320	0.00002
Synechococcus_sp._Minos11	221341	S	229	18	247	0.00002
Synechococcus_sp._HK01-R	2751171	S	210	38	248	0.00002
Synechococcus_sp._A10-1-5-1	2936507	S	203	49	252	0.00002
Synechococcus_sp._WH_8101	59932	S	189	67	256	0.00002
Synechococcus_sp._NOUM97013	1442555	S	181	30	211	0.00002
Synechococcus_sp._BIOS-E4-1	1400864	S	164	18	182	0.00001
Synechococcus_sp._KORDI-100	1280380	S	164	12	176	0.00001
Synechococcus_sp._PROS-U-1	1400866	S	137	25	162	0.00001
Synechococcus_sp._BMK-MC-1	1442551	S	131	54	185	0.00001
Synechococcus_sp._KORDI-52	585425	S	121	39	160	0.00001
Synechococcus_sp._MEDNS5	1442554	S	120	40	160	0.00001
Synechococcus_sp._KORDI-49	585423	S	110	109	219	0.00002
Synechococcus_sp._PROS-7-1	1442556	S	107	48	155	0.00001
Synechococcus_sp._PCC_6312	195253	S	102	5	107	0.00001
Synechococcus_sp._A15-127	1050624	S	96	95	191	0.00001
Synechococcus_sp._CC9902	316279	S	92	10	102	0.00001
Synechococcus_sp._BIOS-U3-1	1400865	S	87	10	97	0.00001
Synechococcus_sp._A15-62	1050657	S	86	60	146	0.00001
Synechococcus_sp._MIT_S9220	166309	S	84	13	97	0.00001
Synechococcus_sp._A15-44	1050646	S	81	141	222	0.00002
Synechococcus_sp._WH_8020	32052	S	75	14	89	0.00001
Synechococcus_sp._CBW1002	1353134	S	65	537	602	0.00004
Synechococcus_sp._RS9907	221350	S	65	148	213	0.00002
Synechococcus_sp._NIES-970	1827144	S	65	13	78	0.00001
Synechococcus_sp._WH_8109	166314	S	62	47	109	0.00001
Synechococcus_sp._PCC_7003	374981	S	60	19	79	0.00001
Synechococcus_sp._ROS8604	1442557	S	59	15	74	0.00001
Synechococcus_sp._CBW1006	1353138	S	58	421	479	0.00004
Synechococcus_sp._TAK9802	1442558	S	50	119	169	0.00001
Synechococcus_sp._RS9902	221345	S	44	88	132	0.00001
Synechococcus_sp._PCC_7502	1173263	S	44	2	46	0.00000
Synechococcus_sp._M16.1	1442553	S	43	125	168	0.00001
Synechococcus_sp._PROS-9-1	1968775	S	43	11	54	0.00000
Synechococcus_sp._CC9311	64471	S	36	9	45	0.00000
Synechococcus_sp._MVIR-18-1	1386941	S	29	50	79	0.00001
Synechococcus_sp._A18-25c	1866938	S	24	171	195	0.00001
Synechococcus_sp._SYN20	1050714	S	21	30	51	0.00000
Synechococcus_sp._PCC_7002	32049	S	17	73	90	0.00001
Synechococcus_sp._A15-60	1050655	S	15	103	118	0.00001
Synechococcus_sp._PCC_11901	2579791	S	14	65	79	0.00001
Synechococcus_elongatus	32046	S	496	25	521	0.00004
Dactylococcopsis_salina	292566	S	75	33	108	0.00001
Cyanobium_sp._NIES-981	1851505	S	713	241	954	0.00007
Cyanobium_sp._NS01	261284	S	669	252	921	0.00007
Cyanobium_gracile	59930	S	1052	228	1280	0.00009
Parasynechococcus_marenigrum	2881428	S	203	65	268	0.00002
Prochlorococcus_marinus	1219	S	128	19	147	0.00001
Acaryochloris_marina	155978	S	122	30	152	0.00001
Acaryochloris_sp._'Moss_Beach'	2740837	S	40	47	87	0.00001
Chamaesiphon_minutus	1173032	S	194	12	206	0.00002
Synechocystis_sp._PCC_6714	1147	S	41	11	52	0.00000
Synechocystis_sp._CACIAM_05	1933929	S	20	95	115	0.00001
Nostoc_sp._NIES-4103	2005458	S	168	39	207	0.00002
Nostoc_sp._UHCC_0702	2814655	S	140	31	171	0.00001
Nostoc_sp._C052	2576902	S	114	32	146	0.00001
Nostoc_sp._ATCC_53789	76335	S	95	153	248	0.00002
Nostoc_sp._CENA543	1869241	S	91	16	107	0.00001
Nostoc_sp._TCL26-01	2576904	S	90	14	104	0.00001
Nostoc_sp._MS1	2764711	S	79	25	104	0.00001
Nostoc_sp._'Lobaria_pulmonaria_(5183)_cyanobiont'	1618022	S	75	18	93	0.00001
Nostoc_sp._UHCC_0870	2914041	S	71	26	97	0.00001
Nostoc_sp._'Peltigera_membranacea_cyanobiont'_N6	1261031	S	67	22	89	0.00001
Nostoc_sp._PCC_7524	28072	S	59	13	72	0.00001
Nostoc_sp._PCC_7107	317936	S	46	27	73	0.00001
Nostoc_sp._C057	2576903	S	43	72	115	0.00001
Nostoc_sp._NIES-2111	1973475	S	31	73	104	0.00001
Nostoc_sp._TCL240-02	2572090	S	31	18	49	0.00000
Nostoc_sp._NIES-3756	1751286	S	15	41	56	0.00000
Nostoc_linckia	92942	S	193	51	244	0.00002
Nostoc_edaphicum	264686	S	101	33	134	0.00001
Nostoc_sphaeroides	446679	S	101	70	171	0.00001
Nostoc_flagelliforme	1306274	S	89	38	127	0.00001
Nostoc_punctiforme	272131	S	84	70	154	0.00001
Nostoc_piscinale	224012	S	66	36	102	0.00001
Nostoc_commune	1178	S	60	23	83	0.00001
Cylindrospermum_stagnale	142864	S	173	67	240	0.00002
Anabaena_sp._WA102	1647413	S	60	138	198	0.00001
Anabaena_sp._90	46234	S	18	178	196	0.00001
Anabaena_cylindrica	1165	S	72	24	96	0.00001
Trichormus_azollae	1164	S	52	10	62	0.00000
Richelia_sinica	1357545	S	42	8	50	0.00000
Calothrix_sp._NIES-2100	1954172	S	160	101	261	0.00002
Calothrix_sp._PCC_7716	2853227	S	153	99	252	0.00002
Calothrix_sp._PCC_7507	99598	S	127	30	157	0.00001
Calothrix_sp._NIES-3974	2005462	S	119	10	129	0.00001
Calothrix_sp._NIES-2098	1954171	S	80	48	128	0.00001
Calothrix_sp._336/3	1337936	S	73	21	94	0.00001
Calothrix_sp._PCC_6303	1170562	S	56	16	72	0.00001
Calothrix_parasitica	1973486	S	135	9	144	0.00001
Calothrix_brevissima	938406	S	119	54	173	0.00001
Scytonema_sp._NIES-4073	2005464	S	360	136	496	0.00004
Scytonema_sp._HK-05	1137095	S	228	69	297	0.00002
Brasilonema_sennae	1397703	S	105	11	116	0.00001
Nodularia_sphaerocarpa	137816	S	118	26	144	0.00001
Nodularia_spumigena	70799	S	78	22	100	0.00001
Sphaerospermopsis_torques-reginae	984207	S	88	33	121	0.00001
Sphaerospermopsis_kisseleviana	289435	S	79	32	111	0.00001
Dolichospermum_compactum	136073	S	62	97	159	0.00001
Dolichospermum_sp._UHCC_0315A	1914871	S	22	190	212	0.00002
Dolichospermum_flos-aquae	1166	S	17	174	191	0.00001
Anabaenopsis_circularis	109266	S	31	23	54	0.00000
Anabaenopsis_elenkinii	156213	S	20	3	23	0.00000
Fischerella_sp._NIES-3754	1752063	S	161	39	200	0.00001
Fischerella_sp._NIES-4106	2005456	S	92	12	104	0.00001
Tolypothrix_sp._PCC_7910	2099387	S	85	36	121	0.00001
Tolypothrix_tenuis	457083	S	70	40	110	0.00001
Rivularia_sp._PCC_7116	373994	S	48	3	51	0.00000
Leptolyngbya_sp._7M	2812896	S	2334	190	2524	0.00019
Leptolyngbya_sp._BL0902	1115757	S	440	32	472	0.00003
Leptolyngbya_sp._NIES-3755	1752064	S	125	18	143	0.00001
Leptolyngbya_sp._PCC_7376	111781	S	46	4	50	0.00000
Leptolyngbya_boryana	1184	S	152	0	152	0.00001
Kovacikia_minuta	2931930	S	340	36	376	0.00003
Leptothermofonsia_sichuanensis	2917832	S	222	20	242	0.00002
Leptodesmis_sichuanensis	2906798	S	202	21	223	0.00002
Thermoleptolyngbya_sp._PKUAC-SCTB121	2811482	S	25	635	660	0.00005
Thermosynechococcus_sp._NK55a	1394889	S	59	25	84	0.00001
Thermosynechococcus_sp._TA-1	2813673	S	38	34	72	0.00001
Thermosynechococcus_sp._CL-1	2583530	S	19	18	37	0.00000
Thermosynechococcus_vestitus	146786	S	110	37	147	0.00001
Halomicronema_hongdechloris	1209493	S	304	14	318	0.00002
Pseudanabaena_sp._PCC_7367	82654	S	114	5	119	0.00001
Pseudanabaena_sp._ABRG5-3	685565	S	60	4	64	0.00000
Gloeobacter_kilaueensis	1416614	S	1385	42	1427	0.00011
Gloeobacter_morelensis	2907343	S	966	391	1357	0.00010
Gloeobacter_violaceus	33072	S	897	399	1296	0.00010
Anthocerotibacter_panamensis	2857077	S	294	8	302	0.00002
Moorena_producens	1155739	S	525	15	540	0.00004
Oscillatoria_nigro-viridis	482564	S	148	70	218	0.00002
Oscillatoria_acuminata	118323	S	124	8	132	0.00001
Geitlerinema_sp._PCC_7407	1173025	S	668	113	781	0.00006
Allocoleopsis_franciscana	2886352	S	128	15	143	0.00001
Oxynema_aestuarii	2874213	S	314	31	345	0.00003
Microcoleus_vaginatus	119532	S	175	55	230	0.00002
Planktothrix_rubescens	59512	S	25	17	42	0.00000
Planktothrix_agardhii	1160	S	17	16	33	0.00000
[Phormidium]_sp._ETS-05	222819	S	233	15	248	0.00002
Crinalium_epipsammum	241425	S	76	10	86	0.00001
Microcystis_aeruginosa	1126	S	220	227	447	0.00003
Microcystis_sp._MC19	1967666	S	31	19	50	0.00000
Halothece_sp._PCC_7418	65093	S	69	25	94	0.00001
Euhalothece_natronophila	577489	S	24	3	27	0.00000
Gloeothece_citriformis	2546356	S	46	4	50	0.00000
Gloeothece_verrucosa	2546359	S	37	3	40	0.00000
Rippkaea_orientalis	2546366	S	61	9	70	0.00001
Crocosphaera_subtropica	2546360	S	56	7	63	0.00000
Candidatus_Atelocyanobacterium_thalassa	713887	S	15	4	19	0.00000
Geminocystis_herdmanii	669359	S	64	11	75	0.00001
Geminocystis_sp._NIES-3709	1617448	S	19	5	24	0.00000
Geminocystis_sp._NIES-3708	1615909	S	16	4	20	0.00000
Gloeocapsa_sp._PCC_7428	1173026	S	91	10	101	0.00001
Chondrocystis_sp._NIES-4102	2005460	S	43	7	50	0.00000
Cyanobacterium_aponinum	379064	S	53	14	67	0.00001
Chroococcidiopsis_sp._CCMEE_29	155894	S	234	47	281	0.00002
Chroococcidiopsis_sp._CCNUC1	2653189	S	58	89	147	0.00001
Chroococcidiopsis_thermalis	54299	S	65	109	174	0.00001
Pleurocapsa_sp._PCC_7327	118163	S	133	17	150	0.00001
Stanieria_sp._NIES-3757	1807358	S	37	14	51	0.00000
Stanieria_cyanosphaera	102116	S	16	5	21	0.00000
Gloeomargarita_lithophora	1188228	S	128	5	133	0.00001
Thermostichus_lividus	33070	S	81	13	94	0.00001
cyanobacterium_endosymbiont_of_Rhopalodia_gibberula	1763363	S	15	2	17	0.00000
cyanobacterium_endosymbiont_of_Epithemia_turgida	718217	S	12	2	14	0.00000
Deinococcus_sp._NW-56	2080419	S	1270	192	1462	0.00011
Deinococcus_sp._TS-293	2737050	S	1106	124	1230	0.00009
Deinococcus_sp._KNUC1210	2917691	S	934	43	977	0.00007
Deinococcus_sp._AJ005	2652443	S	686	62	748	0.00006
Deinococcus_sp._QL22	2939437	S	555	49	604	0.00004
Deinococcus_maricopensis	309887	S	1659	166	1825	0.00014
Deinococcus_gobiensis	502394	S	1539	227	1766	0.00013
Deinococcus_metallilatus	1211322	S	1538	191	1729	0.00013
Deinococcus_actinosclerus	1768108	S	1524	967	2491	0.00018
Deinococcus_ficus	317577	S	1395	143	1538	0.00011
Deinococcus_irradiatisoli	2202254	S	1185	120	1305	0.00010
Deinococcus_peraridilitoris	432329	S	1145	64	1209	0.00009
Deinococcus_wulumuqiensis	980427	S	1010	425	1435	0.00011
Deinococcus_radiopugnans	57497	S	907	122	1029	0.00008
Deinococcus_radiodurans	1299	S	837	1046	1883	0.00014
Deinococcus_geothermalis	68909	S	751	125	876	0.00006
Deinococcus_soli_(ex_Cha_et_al._2016)	1309411	S	685	673	1358	0.00010
Deinococcus_psychrotolerans	2489213	S	568	18	586	0.00004
Deinococcus_deserti	310783	S	563	44	607	0.00004
Deinococcus_proteolyticus	55148	S	543	125	668	0.00005
Deinococcus_radiophilus	32062	S	318	68	386	0.00003
Deinococcus_puniceus	1182568	S	290	47	337	0.00002
Thermus_thermophilus	274	S	831	969	1800	0.00013
Thermus_sp._CCB_US3_UF1	1111069	S	410	67	477	0.00004
Thermus_sp._NEB1569	2918899	S	85	166	251	0.00002
Thermus_aquaticus	271	S	459	74	533	0.00004
Thermus_oshimai	56957	S	426	89	515	0.00004
Thermus_brockianus	56956	S	411	87	498	0.00004
Thermus_caldilimi	2483360	S	186	51	237	0.00002
Thermus_scotoductus	37636	S	125	207	332	0.00002
Thermus_parvatiensis	456163	S	58	303	361	0.00003
Meiothermus_silvanus	52022	S	792	135	927	0.00007
Meiothermus_taiwanensis	172827	S	629	224	853	0.00006
Meiothermus_ruber	277	S	569	214	783	0.00006
Oceanithermus_profundus	187137	S	2182	266	2448	0.00018
Marinithermus_hydrothermalis	186192	S	1432	267	1699	0.00013
Truepera_radiovictrix	332249	S	1958	121	2079	0.00015
Sphaerobacter_thermophilus	2057	S	6700	404	7104	0.00053
Thermomicrobium_roseum	500	S	1384	27	1411	0.00010
Roseiflexus_sp._RS-1	357808	S	1586	253	1839	0.00014
Roseiflexus_castenholzii	120962	S	1579	271	1850	0.00014
Chloroflexus_aurantiacus	1108	S	690	54	744	0.00006
Chloroflexus_aggregans	152260	S	597	80	677	0.00005
Candidatus_Promineofilum_breve	1806508	S	4014	93	4107	0.00030
Tepidiforma_bonchosmolovskayae	2601677	S	3989	193	4182	0.00031
Anaerolinea_thermophila	167964	S	855	91	946	0.00007
Pelolinea_submarina	913107	S	739	37	776	0.00006
Brevefilum_fermentans	1986204	S	339	14	353	0.00003
Caldilinea_aerophila	133453	S	1949	127	2076	0.00015
Dehalogenimonas_formicexedens	1839801	S	374	109	483	0.00004
Dehalogenimonas_sp._GP	1536648	S	258	75	333	0.00002
Dehalococcoides_mccartyi	61435	S	132	217	349	0.00003
Phototrophicus_methaneseepsis	2710758	S	847	9	856	0.00006
Ktedonosporobacter_rubrisoli	2509675	S	771	23	794	0.00006
Thermobaculum_terrenum	166501	S	612	99	711	0.00005
Fimbriimonas_ginsengisoli	1005039	S	2171	14	2185	0.00016
Chthonomonas_calidirosea	454171	S	440	4	444	0.00003
Mycoplasma_sp._(ex_Biomphalaria_glabrata)	1749074	S	13	25	38	0.00000
Mycoplasma_genitalium	2097	S	13	0	13	0.00000
Candidatus_Hepatoplasma_crinochetorum	295596	S	17	75	92	0.00001
Alteracholeplasma_palmae	38986	S	55	10	65	0.00000
Paracholeplasma_brassicae	61635	S	17	6	23	0.00000
Haploplasma_axanthum	29552	S	12	7	19	0.00000
Metamycoplasma_orale	2121	S	12	34	46	0.00000
Candidatus_Izimaplasma_sp._HR1	1541959	S	11	0	11	0.00000
Gemmata_obscuriglobus	114	S	24114	4786	28900	0.00214
Gemmata_massiliana	1210884	S	10948	4592	15540	0.00115
Gemmata_sp._SH-PL17	1630693	S	10088	4767	14855	0.00110
Urbifossiella_limnaea	2528023	S	44110	4264	48374	0.00358
Frigoriglobus_tundricola	2774151	S	29383	4870	34253	0.00254
Limnoglobus_roseus	2598579	S	21289	1085	22374	0.00166
Tuwongella_immobilis	692036	S	2460	119	2579	0.00019
Telmatocola_sphagniphila	1123043	S	1978	22	2000	0.00015
Lacipirellula_limnantheis	2528024	S	13903	2226	16129	0.00119
Lacipirellula_parvula	2650471	S	13859	1900	15759	0.00117
Pirellulimonas_nuda	2528009	S	9580	1301	10881	0.00081
Botrimarina_mediterranea	2528022	S	9184	1072	10256	0.00076
Aeoliella_mucimassa	2527972	S	3568	369	3937	0.00029
Adhaeretor_mobilis	1930276	S	2113	259	2372	0.00018
Bythopirellula_goksoeyrii	1400387	S	1965	178	2143	0.00016
Anatilimnocola_aggregata	2528021	S	7324	935	8259	0.00061
Lignipirellula_cremea	2528010	S	6658	901	7559	0.00056
Rosistilla_oblonga	2527990	S	1698	874	2572	0.00019
Rosistilla_carotiformis	2528017	S	1263	589	1852	0.00014
Rosistilla_ulvae	1930277	S	1163	735	1898	0.00014
Stieleria_maiorica	2795974	S	2810	673	3483	0.00026
Stieleria_neptunia	2527979	S	2701	357	3058	0.00023
Pirellula_staleyi	125	S	3803	178	3981	0.00029
Pirellula_sp._SH-Sr6A	1632865	S	853	29	882	0.00007
Bremerella_volcania	2527984	S	4519	403	4922	0.00036
Roseimaritima_ulvae	980254	S	2688	218	2906	0.00022
Roseimaritima_multifibrata	1930274	S	729	103	832	0.00006
Rubripirellula_lacrimiformis	1930273	S	1453	330	1783	0.00013
Mariniblastus_fucicola	980251	S	1145	26	1171	0.00009
Rhodopirellula_baltica	265606	S	1060	89	1149	0.00009
Aureliella_helgolandensis	2527968	S	921	89	1010	0.00007
Thermogutta_terrifontis	1331910	S	1085	42	1127	0.00008
Tautonia_plasticadhaerens	2527974	S	26072	2690	28762	0.00213
Aquisphaera_giovannonii	406548	S	20630	4140	24770	0.00183
Paludisphaera_borealis	1387353	S	13406	3485	16891	0.00125
Singulisphaera_acidiphila	466153	S	11122	1931	13053	0.00097
Isosphaera_pallida	128	S	2376	200	2576	0.00019
Planctomyces_sp._SH-PL62	1636152	S	12205	5279	17484	0.00129
Planctomyces_sp._SH-PL14	1632864	S	9799	711	10510	0.00078
Gimesia_panareensis	2527978	S	2327	304	2631	0.00019
Gimesia_chilikensis	2605989	S	1338	849	2187	0.00016
Gimesia_maris	122	S	910	153	1063	0.00008
Gimesia_alba	2527973	S	588	112	700	0.00005
Gimesia_algae	2527971	S	578	157	735	0.00005
Gimesia_fumaroli	2527976	S	545	118	663	0.00005
Gimesia_aquarii	2527964	S	442	33	475	0.00004
Gimesia_benthica	2608982	S	379	557	936	0.00007
Caulifigura_coniformis	2527983	S	7838	602	8440	0.00063
Maioricimonas_rarisocia	2528026	S	6870	1005	7875	0.00058
Alienimonas_californiensis	2527989	S	5335	461	5796	0.00043
Symmachiella_dynata	2527995	S	3006	206	3212	0.00024
Rubinisphaera_brasiliensis	119	S	1676	193	1869	0.00014
Fuerstiella_marisgermanici	1891926	S	1618	33	1651	0.00012
Planctopirus_ephydatiae	2528019	S	612	261	873	0.00006
Planctopirus_limnophila	120	S	579	230	809	0.00006
Crateriforma_conspicua	2527996	S	1408	353	1761	0.00013
Calycomorphotria_hydatis	2528027	S	1404	61	1465	0.00011
Polystyrenella_longa	2528007	S	589	60	649	0.00005
Thalassoglobus_polymorphus	2527994	S	521	32	553	0.00004
Humisphaera_borealis	2807512	S	8308	238	8546	0.00063
Phycisphaera_mikurensis	547188	S	3504	338	3842	0.00028
Mucisphaera_calidilacus	2527982	S	1871	128	1999	0.00015
Poriferisphaera_corsica	2528020	S	260	2	262	0.00002
Anaerohalosphaera_lusitana	1936003	S	376	14	390	0.00003
Sedimentisphaera_salicampi	1941349	S	77	18	95	0.00001
Sedimentisphaera_cyanobacteriorum	1940790	S	74	91	165	0.00001
Limihaloglobus_sulfuriphilus	1851148	S	164	10	174	0.00001
Candidatus_Kuenenia_stuttgartiensis	174633	S	195	1	196	0.00001
Candidatus_Uabimicrobium_amorphum	2596890	S	147	3	150	0.00001
Opitutus_sp._GAS368	1882749	S	10660	1455	12115	0.00090
Opitutus_terrae	107709	S	6754	301	7055	0.00052
Lacunisphaera_limnophila	1838286	S	8005	1017	9022	0.00067
Nibricoccus_aquaticus	2576891	S	3830	158	3988	0.00030
Oleiharenicola_sp._KSB-15	2862869	S	2735	136	2871	0.00021
Ereboglobus_luteus	1796921	S	1979	94	2073	0.00015
Ruficoccus_sp._ZRK36	2866311	S	885	151	1036	0.00008
Coraliomargarita_akajimensis	395922	S	230	6	236	0.00002
Roseimicrobium_sp._ORNL1	2711231	S	4927	154	5081	0.00038
Verrucomicrobium_sp._GAS474	1882831	S	2714	295	3009	0.00022
Verrucomicrobium_spinosum	2736	S	1934	102	2036	0.00015
Luteolibacter_ambystomatis	2824561	S	2189	147	2336	0.00017
Luteolibacter_luteus	2728835	S	2099	93	2192	0.00016
Sulfuriroseicoccus_oceanibius	2707525	S	556	52	608	0.00005
Akkermansia_muciniphila	239935	S	1101	136	1237	0.00009
Akkermansia_glycaniphila	1679444	S	398	29	427	0.00003
Methylacidimicrobium_sp._AP8	2730359	S	692	98	790	0.00006
Methylacidimicrobium_sp._B4	2796139	S	646	119	765	0.00006
Methylacidiphilum_sp._IT6	2795386	S	19	1	20	0.00000
Methylacidiphilum_sp._IT5	2795384	S	14	31	45	0.00000
Methylacidiphilum_kamchatkense	431057	S	28	1	29	0.00000
Methylacidiphilum_infernorum	511746	S	18	39	57	0.00000
Candidatus_Xiphinematobacter_sp._Idaho_Grape	1704307	S	108	7	115	0.00001
Kiritimatiella_glycovorans	1307763	S	1111	1377	2488	0.00018
Tichowtungia_aerotolerans	2697043	S	400	17	417	0.00003
Candidatus_Protochlamydia_naegleriophila	389348	S	58	44	102	0.00001
Candidatus_Protochlamydia_amoebophila	362787	S	24	17	41	0.00000
Parachlamydia_acanthamoebae	83552	S	55	16	71	0.00001
Neochlamydia_sp._S13	1353976	S	39	7	46	0.00000
Candidatus_Rhabdochlamydia_oedothoracis	2720720	S	22	32	54	0.00000
Candidatus_Rhabdochlamydia_porcellionis	225148	S	13	25	38	0.00000
Waddlia_chondrophila	71667	S	68	11	79	0.00001
Simkania_negevensis	83561	S	54	4	58	0.00000
Chlamydia_suis	83559	S	18	37	55	0.00000
Chlamydia_trachomatis	813	S	15	22	37	0.00000
Candidatus_Velamenicoccus_archaeovorus	1930593	S	337	1	338	0.00003
Hymenobacter_sp._5317J-9	2932250	S	947	234	1181	0.00009
Hymenobacter_sp._PAMC_26628	1484118	S	888	222	1110	0.00008
Hymenobacter_sp._PAMC_26554	1484116	S	754	83	837	0.00006
Hymenobacter_sp._BRD128	2675878	S	724	107	831	0.00006
Hymenobacter_sp._APR13	1356852	S	712	316	1028	0.00008
Hymenobacter_sp._5116S-3	2932248	S	538	93	631	0.00005
Hymenobacter_sp._BT18	2835648	S	533	76	609	0.00005
Hymenobacter_sp._5116S-27	2932249	S	530	94	624	0.00005
Hymenobacter_sp._5413J-13	2932251	S	436	71	507	0.00004
Hymenobacter_sp._5420S-77	2932254	S	433	62	495	0.00004
Hymenobacter_sp._NBH84	2596915	S	429	72	501	0.00004
Hymenobacter_sp._DG01	2584940	S	407	124	531	0.00004
Hymenobacter_sp._S2-20-2	2761579	S	392	66	458	0.00003
Hymenobacter_sp._DG25B	1385664	S	337	139	476	0.00004
Hymenobacter_sp._BRD67	2675877	S	327	313	640	0.00005
Hymenobacter_sp._DG25A	1385663	S	293	124	417	0.00003
Hymenobacter_sp._HDW8	2714932	S	175	553	728	0.00005
Hymenobacter_sp._5516J-16	2932253	S	97	480	577	0.00004
Hymenobacter_sp._5516S-25	2933777	S	95	443	538	0.00004
Hymenobacter_monticola	1705399	S	873	164	1037	0.00008
Hymenobacter_busanensis	2607656	S	852	97	949	0.00007
Hymenobacter_sedentarius	1411621	S	734	115	849	0.00006
Hymenobacter_nivis	1850093	S	633	163	796	0.00006
Hymenobacter_oligotrophus	2319843	S	627	74	701	0.00005
Hymenobacter_jejuensis	2502781	S	604	49	653	0.00005
Hymenobacter_swuensis	1446467	S	457	102	559	0.00004
Hymenobacter_tibetensis	497967	S	428	68	496	0.00004
Hymenobacter_baengnokdamensis	2615203	S	330	351	681	0.00005
Hymenobacter_qilianensis	1385715	S	292	53	345	0.00003
Hymenobacter_radiodurans	2496028	S	177	585	762	0.00006
Pontibacter_russatus	2694929	S	996	111	1107	0.00008
Pontibacter_actiniarum	323450	S	534	137	671	0.00005
Pontibacter_akesuensis	388950	S	357	58	415	0.00003
Pontibacter_korlensis	400092	S	239	37	276	0.00002
Pontibacter_pudoricolor	2694930	S	216	27	243	0.00002
Pontibacter_sp._SGAir0037	2571030	S	185	33	218	0.00002
Rufibacter_radiotolerans	1379910	S	298	39	337	0.00003
Rufibacter_tibetensis	512763	S	232	44	276	0.00002
Rufibacter_sp._DG15C	1379909	S	232	136	368	0.00003
Adhaeribacter_swui	2086471	S	213	27	240	0.00002
Adhaeribacter_radiodurans	2745197	S	212	23	235	0.00002
Nibribacter_ruber	2698458	S	200	115	315	0.00002
Spirosoma_sp._CJU-R4	2728024	S	606	51	657	0.00005
Spirosoma_sp._KUDC1026	2745947	S	384	37	421	0.00003
Spirosoma_sp._KCTC_42546	2520506	S	274	39	313	0.00002
Spirosoma_sp._RHs26	2898794	S	255	20	275	0.00002
Spirosoma_sp._KCTC_72228	2710596	S	196	28	224	0.00002
Spirosoma_rigui	564064	S	450	34	484	0.00004
Spirosoma_taeanense	2735870	S	423	41	464	0.00003
Spirosoma_montaniterrae	1178516	S	389	25	414	0.00003
Spirosoma_radiotolerans	1379870	S	253	19	272	0.00002
Spirosoma_pollinicola	2057025	S	252	33	285	0.00002
Spirosoma_aerolatum	1211326	S	243	12	255	0.00002
Spirosoma_endbachense	2666025	S	242	124	366	0.00003
Spirosoma_aureum	2692134	S	185	114	299	0.00002
Rhodocytophaga_rosea	2704465	S	282	10	292	0.00002
Aquirufa_sp._9H-EGSE	2696560	S	58	20	78	0.00001
Aquirufa_nivalisilvae	2516557	S	41	11	52	0.00000
Cytophaga_hutchinsonii	985	S	97	9	106	0.00001
Dyadobacter_fermentans	94254	S	721	75	796	0.00006
Dyadobacter_sp._LJ419	2906456	S	209	15	224	0.00002
Dyadobacter_sp._NIV53	2861765	S	112	7	119	0.00001
Dyadobacter_sandarakinus	2747268	S	310	33	343	0.00003
Fibrella_aestuarina	651143	S	791	74	865	0.00006
Fibrella_sp._ES10-3-2-2	1834519	S	355	30	385	0.00003
Runella_slithyformis	106	S	259	30	289	0.00002
Runella_rosea	2259595	S	218	29	247	0.00002
Runella_sp._SP2	2268026	S	168	11	179	0.00001
Larkinella_sp._IE-0392	2907205	S	216	16	232	0.00002
Leadbetterella_byssophila	316068	S	73	40	113	0.00001
Arcticibacterium_luteifluviistationis	1784714	S	42	2	44	0.00000
Chryseolinea_soli	2321403	S	2985	97	3082	0.00023
Fulvivirga_sp._SS9-22	2904245	S	159	14	173	0.00001
Fulvivirga_sp._W9P-11	2904246	S	97	22	119	0.00001
Fulvivirga_sp._SW1-E11	2904247	S	63	21	84	0.00001
Fulvivirga_lutea	2810512	S	82	13	95	0.00001
Echinicola_sp._20G	2781961	S	66	7	73	0.00001
Echinicola_sp._SCS_3-6	2859768	S	66	26	92	0.00001
Echinicola_vietnamensis	390884	S	102	52	154	0.00001
Echinicola_strongylocentroti	1795355	S	93	16	109	0.00001
Echinicola_rosea	1807691	S	82	36	118	0.00001
Echinicola_soli	2591634	S	81	7	88	0.00001
Algoriphagus_sp._Y33	2772483	S	131	11	142	0.00001
Algoriphagus_sp._NBT04N3	2705473	S	62	19	81	0.00001
Algoriphagus_sanaruensis	1727163	S	102	11	113	0.00001
Algoriphagus_machipongonensis	388413	S	40	3	43	0.00000
Cyclobacterium_marinum	104	S	65	15	80	0.00001
Cyclobacterium_amurskyense	320787	S	62	5	67	0.00000
Aquiflexum_balticum	280473	S	88	13	101	0.00001
Belliella_baltica	232259	S	56	26	82	0.00001
Mongoliitalea_daihaiensis	2782006	S	49	5	54	0.00000
Flammeovirga_pectinis	2494373	S	28	6	34	0.00000
Flammeovirga_kamogawensis	373891	S	18	4	22	0.00000
Flammeovirga_yaeyamensis	367791	S	16	18	34	0.00000
Flammeovirga_sp._MY04	1191459	S	16	18	34	0.00000
Marivirga_tractuosa	1006	S	91	34	125	0.00001
Mangrovivirga_cuniculi	2715131	S	91	7	98	0.00001
Candidatus_Amoebophilus_asiaticus	281120	S	43	5	48	0.00000
Candidatus_Cardinium_hertigii	247481	S	13	2	15	0.00000
Bernardetia_litoralis	999	S	32	2	34	0.00000
Chitinophaga_sp._XS-30	2604421	S	548	194	742	0.00005
Chitinophaga_sp._KRA15-503	2829818	S	333	173	506	0.00004
Chitinophaga_oryzae	2725414	S	559	78	637	0.00005
Chitinophaga_filiformis	104663	S	320	47	367	0.00003
Chitinophaga_pinensis	79329	S	296	55	351	0.00003
Chitinophaga_agri	2703787	S	278	64	342	0.00003
Chitinophaga_alhagiae	2203219	S	264	5	269	0.00002
Chitinophaga_caeni	2029983	S	201	34	235	0.00002
Niastella_koreensis	354356	S	2594	292	2886	0.00021
Paraflavitalea_soli	2315862	S	1342	110	1452	0.00011
Flavisolibacter_ginsenosidimutans	661481	S	566	35	601	0.00004
Flavisolibacter_tropicus	1492898	S	566	88	654	0.00005
Flavihumibacter_sp._IMCC34838	2838156	S	522	47	569	0.00004
Flavihumibacter_sp._IMCC34837	2838157	S	462	32	494	0.00004
Niabella_ginsenosidivorans	1176587	S	436	55	491	0.00004
Niabella_soli	446683	S	430	65	495	0.00004
Lacibacter_sp._S13-6-6	2760713	S	819	40	859	0.00006
Pseudobacter_ginsenosidimutans	661488	S	806	75	881	0.00007
Pseudocnuella_soli	2502779	S	713	93	806	0.00006
Arachidicoccus_sp._BS20	1850526	S	199	74	273	0.00002
Arachidicoccus_sp._5GH13-10	2875539	S	150	29	179	0.00001
Arachidicoccus_sp._B3-10	2545455	S	86	7	93	0.00001
Arachidicoccus_ginsenosidivorans	496057	S	119	22	141	0.00001
Arachidicoccus_soli	2341117	S	112	14	126	0.00001
Ferruginibacter_lapsinanis	563172	S	309	25	334	0.00002
Ferruginibacter_sp._KIS38-8	2875540	S	298	25	323	0.00002
Panacibacter_ginsenosidivorans	1813871	S	567	29	596	0.00004
Filimonas_lacunae	477680	S	364	47	411	0.00003
Phnomibacter_ginsenosidimutans	2676868	S	350	45	395	0.00003
Flavobacterium_sp._HJ-32-4	1160795	S	233	18	251	0.00002
Flavobacterium_sp._CLA17	2724135	S	67	15	82	0.00001
Flavobacterium_sp._CJ74	2294119	S	67	6	73	0.00001
Flavobacterium_sp._MDT1-60	1979344	S	62	16	78	0.00001
Flavobacterium_sp._IGB_4-14	1871076	S	60	6	66	0.00000
Flavobacterium_sp._F-70	2893884	S	52	13	65	0.00000
Flavobacterium_sp._SLB02	2665645	S	43	12	55	0.00000
Flavobacterium_sp._F-29	2893883	S	42	11	53	0.00000
Flavobacterium_sp._Sr18	935222	S	40	8	48	0.00000
Flavobacterium_sp._M31R6	2739062	S	39	7	46	0.00000
Flavobacterium_sp._F-323	2893885	S	39	10	49	0.00000
Flavobacterium_sp._140616W15	2478552	S	39	10	49	0.00000
Flavobacterium_sp._B183	907046	S	37	10	47	0.00000
Flavobacterium_sp._KBS0721	1179672	S	37	15	52	0.00000
Flavobacterium_sp._K5-23	2746225	S	34	9	43	0.00000
Flavobacterium_sp._I3-2	2748319	S	32	52	84	0.00001
Flavobacterium_sp._CS20	2775246	S	32	14	46	0.00000
Flavobacterium_sp._KSM-R2A25	2895947	S	32	11	43	0.00000
Flavobacterium_sp._MMS21-Er5	2937442	S	30	16	46	0.00000
Flavobacterium_sp._F-340	2893886	S	30	11	41	0.00000
Flavobacterium_sp._WSW3-B6	2856519	S	29	4	33	0.00000
Flavobacterium_sp._LPB0248	2614441	S	28	18	46	0.00000
Flavobacterium_sp._GENT5	1751095	S	28	8	36	0.00000
Flavobacterium_sp._KSM-R2A30	2897181	S	24	10	34	0.00000
Flavobacterium_sp._KK2020170	2830782	S	22	7	29	0.00000
Flavobacterium_sp._CECT_9288	2845819	S	19	29	48	0.00000
Flavobacterium_sp._xlx-214	2654325	S	17	4	21	0.00000
Flavobacterium_sp._CHNK8	2871165	S	14	21	35	0.00000
Flavobacterium_commune	1306519	S	233	43	276	0.00002
Flavobacterium_album	2175091	S	145	12	157	0.00001
Flavobacterium_magnum	2162713	S	134	17	151	0.00001
Flavobacterium_pallidum	2172098	S	102	12	114	0.00001
Flavobacterium_enshiense	1341165	S	100	13	113	0.00001
Flavobacterium_nackdongense	2547394	S	80	8	88	0.00001
Flavobacterium_inviolabile	2748320	S	73	13	86	0.00001
Flavobacterium_gilvum	1492737	S	61	10	71	0.00001
Flavobacterium_sediminis	2201181	S	54	58	112	0.00001
Flavobacterium_endoglycinae	2816357	S	50	13	63	0.00000
Flavobacterium_kingsejongi	1678728	S	50	8	58	0.00000
Flavobacterium_johnsoniae	986	S	48	30	78	0.00001
Flavobacterium_alkalisoli	2602769	S	46	4	50	0.00000
Flavobacterium_anhuiense	459526	S	46	21	67	0.00001
Flavobacterium_crocinum	2183896	S	44	15	59	0.00000
Flavobacterium_sangjuense	2518177	S	41	5	46	0.00000
Flavobacterium_psychrophilum	96345	S	40	9	49	0.00000
Flavobacterium_indicum	312277	S	33	6	39	0.00000
Flavobacterium_nitrogenifigens	1617283	S	31	19	50	0.00000
Flavobacterium_arcticum	1784713	S	31	4	35	0.00000
Flavobacterium_fluviale	2249356	S	31	14	45	0.00000
Flavobacterium_jumunjinense	998845	S	29	5	34	0.00000
Flavobacterium_davisii	2906077	S	28	13	41	0.00000
Flavobacterium_oreochromis	2906078	S	28	13	41	0.00000
Flavobacterium_branchiophilum	55197	S	28	3	31	0.00000
Flavobacterium_crassostreae	1763534	S	26	8	34	0.00000
Flavobacterium_columnare	996	S	26	36	62	0.00000
Flavobacterium_sediminilitoris	2024526	S	25	4	29	0.00000
Flavobacterium_covae	2906076	S	25	39	64	0.00000
Flavobacterium_faecale	1355330	S	21	3	24	0.00000
Flavobacterium_haoranii	683124	S	17	8	25	0.00000
Capnocytophaga_sp._oral_taxon_878	1316596	S	26	12	38	0.00000
Capnocytophaga_sp._oral_taxon_902	2748316	S	18	52	70	0.00001
Capnocytophaga_haemolytica	45243	S	75	7	82	0.00001
Capnocytophaga_sputigena	1019	S	57	24	81	0.00001
Capnocytophaga_gingivalis	1017	S	51	7	58	0.00000
Capnocytophaga_canimorsus	28188	S	34	11	45	0.00000
Capnocytophaga_stomatis	1848904	S	18	5	23	0.00000
Capnocytophaga_cynodegmi	28189	S	13	4	17	0.00000
Capnocytophaga_endodontalis	2708117	S	12	7	19	0.00000
Capnocytophaga_ochracea	1018	S	11	19	30	0.00000
Capnocytophaga_leadbetteri	327575	S	11	7	18	0.00000
Muricauda_sp._SCSIO_65647	2908843	S	73	3	76	0.00001
Muricauda_sp._SCSIO_64092	2908842	S	57	2	59	0.00000
Muricauda_aquimarina	254955	S	90	56	146	0.00001
Muricauda_oceani	2698672	S	69	45	114	0.00001
Muricauda_lutaonensis	516051	S	64	18	82	0.00001
Muricauda_ruestringensis	111501	S	36	4	40	0.00000
Muricauda_aurantiaca	1383885	S	34	3	37	0.00000
Gramella_sp._MT6	2705471	S	53	9	62	0.00000
Gramella_sp._GC03-9	2920386	S	53	17	70	0.00001
Gramella_sp._MAR_2010_147	1250205	S	33	5	38	0.00000
Gramella_fulva	2126553	S	76	8	84	0.00001
Gramella_flava	1486245	S	71	27	98	0.00001
Gramella_salexigens	1913577	S	39	5	44	0.00000
Gramella_forsetii	411153	S	32	9	41	0.00000
Gramella_echinicola	279359	S	27	4	31	0.00000
Robiginitalea_biformata	252307	S	316	22	338	0.00003
Polaribacter_sp._SM13	2818493	S	22	6	28	0.00000
Polaribacter_sp._SA4-12	1312072	S	17	6	23	0.00000
Polaribacter_sp._G4M1	2808900	S	16	3	19	0.00000
Polaribacter_sp._NJDZ03	2855841	S	15	19	34	0.00000
Polaribacter_sp._L3A8	2686361	S	14	9	23	0.00000
Polaribacter_sp._Hel1_33_78	1336804	S	14	3	17	0.00000
Polaribacter_sp._L12M9	2738844	S	13	10	23	0.00000
Polaribacter_sp._Q13	2806551	S	13	8	21	0.00000
Polaribacter_sp._KT25b	1855336	S	12	4	16	0.00000
Polaribacter_sp._ALD11	2058137	S	12	5	17	0.00000
Polaribacter_sp._SA4-10	754397	S	12	2	14	0.00000
Polaribacter_sp._MED152	313598	S	11	2	13	0.00000
Polaribacter_litorisediminis	1908341	S	20	3	23	0.00000
Polaribacter_vadi	1774273	S	18	3	21	0.00000
Polaribacter_reichenbachii	996801	S	15	2	17	0.00000
Nonlabens_sp._Hel1_33_55	1336802	S	40	8	48	0.00000
Nonlabens_sp._MB-3u-79	2058134	S	21	7	28	0.00000
Nonlabens_sp._Ci31	2608253	S	21	6	27	0.00000
Nonlabens_spongiae	331648	S	39	22	61	0.00000
Nonlabens_ponticola	2496866	S	37	6	43	0.00000
Nonlabens_dokdonensis	328515	S	32	9	41	0.00000
Nonlabens_marinus	930802	S	25	11	36	0.00000
Winogradskyella_sp._J14-2	1936080	S	19	6	25	0.00000
Winogradskyella_sp._HaHa_3_26	2749995	S	19	11	30	0.00000
Winogradskyella_sp._MH6	2929510	S	17	5	22	0.00000
Winogradskyella_sp._PC-19	754417	S	12	4	16	0.00000
Winogradskyella_sp._PG-2	754409	S	11	1	12	0.00000
Winogradskyella_forsetii	2686077	S	40	16	56	0.00000
Winogradskyella_sediminis	1382466	S	26	10	36	0.00000
Winogradskyella_schleiferi	2686078	S	24	14	38	0.00000
Winogradskyella_helgolandensis	2697010	S	13	4	17	0.00000
Antarcticibacterium_arcticum	2585771	S	62	10	72	0.00001
Antarcticibacterium_flavum	2058175	S	59	16	75	0.00001
Antarcticibacterium_sp._1MA-6-2	2908210	S	54	9	63	0.00000
Maribacter_sp._MJ134	2496865	S	31	3	34	0.00000
Maribacter_sp._HTCC2170	313603	S	29	2	31	0.00000
Maribacter_sp._1_2014MBL_MicDiv	1644130	S	13	13	26	0.00000
Maribacter_cobaltidurans	1178778	S	34	34	68	0.00001
Maribacter_hydrothermalis	1836467	S	17	3	20	0.00000
Maribacter_dokdonensis	320912	S	10	10	20	0.00000
Aequorivita_sublithincola	101385	S	56	45	101	0.00001
Aequorivita_sp._H23M31	2494375	S	37	13	50	0.00000
Kordia_antarctica	1218801	S	88	8	96	0.00001
Kordia_sp._SMS9	2282170	S	41	2	43	0.00000
Tenacibaculum_sp._SZ-18	754423	S	16	25	41	0.00000
Tenacibaculum_jejuense	584609	S	17	2	19	0.00000
Tenacibaculum_maritimum	107401	S	16	4	20	0.00000
Tenacibaculum_singaporense	2358479	S	16	10	26	0.00000
Tenacibaculum_todarodis	1850252	S	14	6	20	0.00000
Tenacibaculum_dicentrarchi	669041	S	10	5	15	0.00000
Salegentibacter_salegens	143223	S	49	7	56	0.00000
Salegentibacter_sp._T436	1729720	S	46	51	97	0.00001
Salegentibacter_mishustinae	270918	S	24	24	48	0.00000
Cellulophaga_sp._L1A9	2686362	S	28	16	44	0.00000
Cellulophaga_sp._HaHaR_3_176	1942464	S	22	5	27	0.00000
Cellulophaga_baltica	76594	S	18	4	22	0.00000
Cellulophaga_lytica	979	S	16	7	23	0.00000
Cellulophaga_algicola	59600	S	16	4	20	0.00000
Sinomicrobium_sp._HD2P242	2900738	S	122	5	127	0.00001
Formosa_sp._Hel1_33_131	1336794	S	22	3	25	0.00000
Formosa_sp._Hel3_A1_48	1336795	S	19	6	25	0.00000
Formosa_sp._Hel1_31_208	1798225	S	15	2	17	0.00000
Formosa_sp._L2A11	2686363	S	14	5	19	0.00000
Formosa_sediminum	2594004	S	22	6	28	0.00000
Formosa_agariphila	320324	S	17	4	21	0.00000
Myroides_odoratus	256	S	27	13	40	0.00000
Myroides_fluvii	2572594	S	24	15	39	0.00000
Myroides_phaeus	702745	S	20	22	42	0.00000
Aquimarina_sp._BL5	1714860	S	27	3	30	0.00000
Aquimarina_sp._AD10	1714849	S	25	2	27	0.00000
Aquimarina_sp._TRL1	2736252	S	23	2	25	0.00000
Aquimarina_sp._AD1	1714848	S	22	2	24	0.00000
Leeuwenhoekiella_palythoae	573501	S	33	43	76	0.00001
Leeuwenhoekiella_sp._ZYFB001	2719912	S	15	16	31	0.00000
Dokdonia_sp._4H-3-7-5	983548	S	14	10	24	0.00000
Dokdonia_sp._Dokd-P16	2173169	S	12	7	19	0.00000
Dokdonia_sp._PRO95	1239415	S	11	4	15	0.00000
Dokdonia_donghaensis	326320	S	10	11	21	0.00000
Flagellimonas_sp._HMM57	2905121	S	48	4	52	0.00000
Flagellimonas_sp._CMM7	2654676	S	28	2	30	0.00000
Zunongwangia_profunda	398743	S	37	35	72	0.00001
Zunongwangia_sp._SCSIO_43204	2779359	S	35	28	63	0.00000
Algibacter_sp._L3A6	2686366	S	19	10	29	0.00000
Algibacter_sp._L1A34	2686365	S	14	7	21	0.00000
Algibacter_alginicilyticus	1736674	S	32	10	42	0.00000
Mariniflexile_sp._TRM1-10	2027857	S	65	7	72	0.00001
Pukyongia_salina	2094025	S	63	5	68	0.00001
Tamlana_carrageenivorans	2069432	S	27	11	38	0.00000
Tamlana_sp._s12	1630406	S	20	9	29	0.00000
Lacinutrix_sp._Bg11-31	2057808	S	21	6	27	0.00000
Lacinutrix_sp._WUR7	2653681	S	18	5	23	0.00000
Zhouia_spongiae	2202721	S	53	15	68	0.00001
Lutibacter_sp._A64	2918526	S	12	8	20	0.00000
Lutibacter_profundi	1622118	S	23	4	27	0.00000
Arenibacter_algicola	616991	S	50	19	69	0.00001
Muriicola_soli	2507538	S	49	4	53	0.00000
Aggregatimonas_sangjinii	2583587	S	48	2	50	0.00000
Zobellia_galactanivorans	63186	S	44	3	47	0.00000
Gilvibacter_sp._SZ-19	754429	S	43	6	49	0.00000
Euzebyella_marina	1761453	S	43	27	70	0.00001
Seonamhaeicola_sp._ML3	2937786	S	25	3	28	0.00000
Seonamhaeicola_sp._S2-3	1936081	S	17	5	22	0.00000
Amniculibacterium_sp._G2-70	2767188	S	39	52	91	0.00001
Constantimarinum_furrinae	2562285	S	38	4	42	0.00000
Costertonia_aggregata	343403	S	32	8	40	0.00000
Flavivirga_eckloniae	1803846	S	32	3	35	0.00000
Olleya_aquimaris	639310	S	13	7	20	0.00000
Psychroflexus_torquis	57029	S	18	1	19	0.00000
Psychroflexus_sp._ALD_RP9	2777186	S	13	1	14	0.00000
Flavobacteriaceae_bacterium_10Alg115	2584122	S	29	2	31	0.00000
Sediminicola_sp._YIK13	1453352	S	28	3	31	0.00000
Galbibacter_sp._BG1	1170699	S	28	3	31	0.00000
Marixanthomonas_sp._SCSIO_43207	2779360	S	25	8	33	0.00000
Changchengzhania_lutea	2049305	S	25	3	28	0.00000
Gillisia_sp._Hel1_33_143	1336796	S	25	10	35	0.00000
Croceibacter_atlanticus	313588	S	24	5	29	0.00000
Aegicerativicinus_sediminis	2893202	S	24	1	25	0.00000
Sabulilitoribacter_sp._BrNp1-15	2916754	S	20	5	25	0.00000
Urechidicola_croceus	1850246	S	19	12	31	0.00000
Bizionia_sp._M204	2675331	S	19	4	23	0.00000
Wenyingzhuangia_fucanilytica	1790137	S	17	3	20	0.00000
Oceanihabitans_sp._IOP_32	2529032	S	17	8	25	0.00000
Siansivirga_zeaxanthinifaciens	762954	S	17	4	21	0.00000
Chryseobacterium_sp._6424	2039166	S	69	22	91	0.00001
Chryseobacterium_sp._SC2-2	2929800	S	57	41	98	0.00001
Chryseobacterium_sp.	1871047	S	56	28	84	0.00001
Chryseobacterium_sp._cx-624	2758037	S	49	11	60	0.00000
Chryseobacterium_sp._F4	2852098	S	42	2	44	0.00000
Chryseobacterium_sp._ZHDP1	2838877	S	42	47	89	0.00001
Chryseobacterium_sp._G0186	2487064	S	38	34	72	0.00001
Chryseobacterium_sp._MEBOG07	2879939	S	34	13	47	0.00000
Chryseobacterium_sp._MEBOG06	2879938	S	32	10	42	0.00000
Chryseobacterium_sp._G0201	2487065	S	32	12	44	0.00000
Chryseobacterium_sp._POL2	2713414	S	31	27	58	0.00000
Chryseobacterium_sp._ADR-1	2929799	S	27	12	39	0.00000
Chryseobacterium_sp._3008163	2478663	S	27	18	45	0.00000
Chryseobacterium_sp._DH-B6	2759528	S	24	14	38	0.00000
Chryseobacterium_sp._IHB_B_17019	1721091	S	24	5	29	0.00000
Chryseobacterium_sp._T16E-39	2015076	S	23	3	26	0.00000
Chryseobacterium_sp._Y16C	2920939	S	23	20	43	0.00000
Chryseobacterium_sp._PCH239	2825845	S	22	24	46	0.00000
Chryseobacterium_sp._LJ668	2864040	S	18	3	21	0.00000
Chryseobacterium_sp._StRB126	878220	S	16	6	22	0.00000
Chryseobacterium_sp._C-17	2898076	S	15	9	24	0.00000
Chryseobacterium_sp._SNU_WT5	2594269	S	14	6	20	0.00000
Chryseobacterium_sp._G0162	2487063	S	12	18	30	0.00000
Chryseobacterium_taklimakanense	536441	S	102	71	173	0.00001
Chryseobacterium_camelliae	1265445	S	84	66	150	0.00001
Chryseobacterium_indologenes	253	S	81	52	133	0.00001
Chryseobacterium_indoltheticum	254	S	61	20	81	0.00001
Chryseobacterium_carnipullorum	1124835	S	59	29	88	0.00001
Chryseobacterium_arthrosphaerae	651561	S	54	38	92	0.00001
Chryseobacterium_shandongense	1493872	S	51	42	93	0.00001
Chryseobacterium_salivictor	2547600	S	50	7	57	0.00000
Chryseobacterium_gleum	250	S	47	82	129	0.00001
Chryseobacterium_daecheongense	192389	S	41	9	50	0.00000
Chryseobacterium_aureum	2497456	S	38	12	50	0.00000
Chryseobacterium_nepalense	1854498	S	37	7	44	0.00000
Chryseobacterium_gallinarum	1324352	S	37	18	55	0.00000
Chryseobacterium_piperi	558152	S	30	4	34	0.00000
Chryseobacterium_balustinum	246	S	24	11	35	0.00000
Chryseobacterium_manosquense	2754694	S	24	23	47	0.00000
Chryseobacterium_joostei	112234	S	24	13	37	0.00000
Chryseobacterium_lactis	1241981	S	21	29	50	0.00000
Chryseobacterium_glaciei	1685010	S	17	5	22	0.00000
Chryseobacterium_nakagawai	1241982	S	16	34	50	0.00000
Chryseobacterium_cucumeris	1813611	S	13	10	23	0.00000
Kaistella_sp._97-N-M2	2908645	S	58	8	66	0.00000
Kaistella_sp._GW4-15	2878534	S	22	2	24	0.00000
Kaistella_daneshvariae	2487074	S	70	7	77	0.00001
Kaistella_carnis	1241979	S	38	12	50	0.00000
Candidatus_Kaistella_beijingensis	2820270	S	37	15	52	0.00000
Kaistella_jeonii	266749	S	36	2	38	0.00000
Kaistella_antarctica	266748	S	31	3	34	0.00000
Kaistella_flava_(ex_Peng_et_al._2021)	2038776	S	31	5	36	0.00000
Epilithonimonas_vandammei	2487072	S	59	109	168	0.00001
Epilithonimonas_zeae	1416779	S	19	3	22	0.00000
Elizabethkingia_anophelis	1117645	S	42	63	105	0.00001
Elizabethkingia_meningoseptica	238	S	36	3	39	0.00000
Elizabethkingia_sp._JS20170427COW	2583851	S	17	3	20	0.00000
Elizabethkingia_sp._2-6	2575699	S	12	33	45	0.00000
Elizabethkingia_miricola	172045	S	24	18	42	0.00000
Elizabethkingia_ursingii	1756150	S	13	3	16	0.00000
Cruoricaptor_ignavus	1118202	S	100	17	117	0.00001
Empedobacter_brevis	247	S	36	17	53	0.00000
Empedobacter_falsenii	343874	S	24	21	45	0.00000
Apibacter_raozihei	2500547	S	16	8	24	0.00000
Ornithobacterium_rhinotracheale	28251	S	58	54	112	0.00001
Riemerella_anatipestifer	34085	S	39	20	59	0.00000
Cloacibacterium_caeni	2004710	S	21	26	47	0.00000
Weeksella_virosa	1014	S	28	15	43	0.00000
Bergeyella_cardium	1585976	S	28	7	35	0.00000
Faecalibacter_bovis	2898187	S	18	3	21	0.00000
Blattabacterium_cuenoti	1653831	S	154	47	201	0.00001
Owenweeksia_hongkongensis	253245	S	51	5	56	0.00000
Croceimicrobium_hydrocarbonivorans	2761580	S	51	13	64	0.00000
Fluviicola_taffensis	191579	S	61	6	67	0.00000
Crocinitomix_sp._GM2_3_6_6	2862509	S	36	2	38	0.00000
Candidatus_Sulcia_muelleri	336810	S	18	5	23	0.00000
Candidatus_Walczuchella_monophlebidarum	1415657	S	12	1	13	0.00000
Alistipes_communis	2585118	S	612	485	1097	0.00008
Alistipes_onderdonkii	328813	S	589	731	1320	0.00010
Alistipes_dispar	2585119	S	572	73	645	0.00005
Alistipes_finegoldii	214856	S	492	480	972	0.00007
Alistipes_senegalensis	1288121	S	454	96	550	0.00004
Alistipes_sp._dk3624	2662363	S	442	104	546	0.00004
Alistipes_megaguti	2364787	S	409	49	458	0.00003
Alistipes_indistinctus	626932	S	356	80	436	0.00003
Alistipes_shahii	328814	S	355	202	557	0.00004
Prevotella_sp._Rep29	2691580	S	90	13	103	0.00001
Prevotella_sp._E13-17	2913616	S	84	29	113	0.00001
Prevotella_sp._oral_taxon_475	712471	S	67	6	73	0.00001
Prevotella_sp._E15-22	2937774	S	61	43	104	0.00001
Prevotella_sp._E2-28	2913620	S	49	27	76	0.00001
Prevotella_sp._E9-3	2913621	S	37	18	55	0.00000
Prevotella_dentalis	52227	S	302	64	366	0.00003
Prevotella_denticola	28129	S	103	29	132	0.00001
Prevotella_intermedia	28131	S	90	39	129	0.00001
Prevotella_melaninogenica	28132	S	88	29	117	0.00001
Prevotella_multiformis	282402	S	84	30	114	0.00001
Prevotella_buccalis	28127	S	66	76	142	0.00001
Prevotella_ruminicola	839	S	65	2	67	0.00001
Prevotella_copri	165179	S	64	32	96	0.00001
Prevotella_nigrescens	28133	S	43	18	61	0.00000
Prevotella_enoeca	76123	S	39	6	45	0.00000
Prevotella_oris	28135	S	30	3	33	0.00000
Prevotella_bryantii	77095	S	29	2	31	0.00000
Prevotella_fusca	589436	S	23	4	27	0.00000
Prevotella_jejuni	1177574	S	16	5	21	0.00000
Prevotella_herbatica	2801997	S	16	0	16	0.00000
Prevotella_veroralis	28137	S	13	2	15	0.00000
Prevotella_histicola	470565	S	12	2	14	0.00000
Paraprevotella_xylaniphila	454155	S	76	70	146	0.00001
Pseudoprevotella_muciniphila	2133944	S	71	8	79	0.00001
Bacteroides_sp._CBA7301	2715212	S	61	17	78	0.00001
Bacteroides_sp._M10	2763022	S	32	65	97	0.00001
Bacteroides_fragilis	817	S	126	213	339	0.00003
Bacteroides_thetaiotaomicron	818	S	86	56	142	0.00001
Bacteroides_cellulosilyticus	246787	S	82	29	111	0.00001
Bacteroides_zoogleoformans	28119	S	67	15	82	0.00001
Bacteroides_eggerthii	28111	S	67	76	143	0.00001
Bacteroides_stercoris	46506	S	62	63	125	0.00001
Bacteroides_salyersiae	291644	S	62	63	125	0.00001
Bacteroides_helcogenes	290053	S	61	3	64	0.00000
Bacteroides_zhangwenhongii	2650157	S	47	31	78	0.00001
Bacteroides_heparinolyticus	28113	S	46	10	56	0.00000
Bacteroides_intestinalis	329854	S	45	7	52	0.00000
Bacteroides_faecis	674529	S	45	36	81	0.00001
Bacteroides_xylanisolvens	371601	S	43	102	145	0.00001
Bacteroides_caccae	47678	S	40	16	56	0.00000
Bacteroides_nordii	291645	S	39	30	69	0.00001
Bacteroides_uniformis	820	S	36	120	156	0.00001
Bacteroides_ovatus	28116	S	27	48	75	0.00001
Bacteroides_caecimuris	1796613	S	19	26	45	0.00000
Bacteroides_luhongzhouii	2650158	S	19	7	26	0.00000
Bacteroides_coprosuis	151276	S	10	0	10	0.00000
Phocaeicola_salanitronis	376805	S	116	53	169	0.00001
Phocaeicola_coprophilus	387090	S	55	32	87	0.00001
Phocaeicola_dorei	357276	S	34	54	88	0.00001
Phocaeicola_vulgatus	821	S	19	22	41	0.00000
Tannerella_serpentiformis	712710	S	333	17	350	0.00003
Tannerella_forsythia	28112	S	153	21	174	0.00001
Parabacteroides_goldsteinii	328812	S	98	26	124	0.00001
Parabacteroides_merdae	46503	S	95	110	205	0.00002
Parabacteroides_johnsonii	387661	S	74	62	136	0.00001
Parabacteroides_distasonis	823	S	64	172	236	0.00002
Sodaliphilus_pleomorphus	2606626	S	349	184	533	0.00004
Duncaniella_dubosii	2518971	S	84	17	101	0.00001
Muribaculum_gordoncarteri	2530390	S	102	13	115	0.00001
Muribaculum_intestinale	1796646	S	80	9	89	0.00001
Porphyromonas_sp._oral_taxon_275	712435	S	277	31	308	0.00002
Porphyromonas_gingivalis	837	S	84	16	100	0.00001
Porphyromonas_asaccharolytica	28123	S	83	7	90	0.00001
Porphyromonas_cangingivalis	36874	S	42	6	48	0.00000
Porphyromonas_somerae	322095	S	36	10	46	0.00000
Porphyromonas_endodontalis	28124	S	31	3	34	0.00000
Porphyromonas_crevioricanis	393921	S	25	6	31	0.00000
Petrimonas_mucosa	1642646	S	124	9	133	0.00001
Proteiniphilum_saccharofermentans	1642647	S	74	5	79	0.00001
Proteiniphilum_sp._JNU-WLY501	2829812	S	46	1	47	0.00000
Dysgonomonas_sp._HDW5B	2714927	S	11	21	32	0.00000
Barnesiella_viscericola	397865	S	161	221	382	0.00003
Coprobacter_secundus	1501392	S	34	32	66	0.00000
Butyricimonas_virosa	544645	S	54	10	64	0.00000
Butyricimonas_faecalis	2093856	S	52	55	107	0.00001
Odoribacter_splanchnicus	28118	S	54	6	60	0.00000
Paludibacter_propionicigenes	185300	S	55	2	57	0.00000
Salinivirga_cyanobacteriivorans	1307839	S	46	1	47	0.00000
Tenuifilum_thalassicum	2590900	S	39	1	40	0.00000
Draconibacterium_orientale	1168034	S	83	7	90	0.00001
Draconibacterium_halophilum	2706887	S	57	4	61	0.00000
Maribellus_comscasis	2681766	S	62	2	64	0.00000
Alkalitalea_saponilacus	889453	S	55	4	59	0.00000
Labilibaculum_antarcticum	1717717	S	36	2	38	0.00000
Rhodocaloribacter_litoris	2558931	S	4327	519	4846	0.00036
Rhodothermus_marinus	29549	S	4042	272	4314	0.00032
Salinibacter_ruber	146919	S	2399	46	2445	0.00018
Mucilaginibacter_sp._SMC90	2929803	S	164	10	174	0.00001
Mucilaginibacter_sp._14171R-50	2703789	S	156	11	167	0.00001
Mucilaginibacter_sp._21P	2778902	S	107	8	115	0.00001
Mucilaginibacter_sp._F39-2	2728022	S	98	7	105	0.00001
Mucilaginibacter_ginsenosidivorans	398053	S	255	10	265	0.00002
Mucilaginibacter_daejeonensis	398049	S	239	15	254	0.00002
Mucilaginibacter_mali	2740462	S	232	9	241	0.00002
Mucilaginibacter_ginsenosidivorax	862126	S	225	10	235	0.00002
Mucilaginibacter_gotjawali	1550579	S	193	6	199	0.00001
Mucilaginibacter_celer	2305508	S	164	7	171	0.00001
Mucilaginibacter_rubeus	2027860	S	152	374	526	0.00004
Mucilaginibacter_paludis	423351	S	149	8	157	0.00001
Mucilaginibacter_xinganensis	1234841	S	135	7	142	0.00001
Mucilaginibacter_mallensis	652787	S	123	5	128	0.00001
Mucilaginibacter_ginkgonis	2682091	S	102	5	107	0.00001
Mucilaginibacter_gossypii	551996	S	70	53	123	0.00001
Pedobacter_sp._PACM_27299	1727164	S	104	18	122	0.00001
Pedobacter_sp._HDW13	2714940	S	87	13	100	0.00001
Pedobacter_sp._SW-16	2766984	S	70	15	85	0.00001
Pedobacter_sp._KBS0701	2578106	S	62	23	85	0.00001
Pedobacter_sp._G11	2482728	S	59	9	68	0.00001
Pedobacter_sp._D749	2856523	S	57	21	78	0.00001
Pedobacter_sp._Q8-18	2895286	S	51	4	55	0.00000
Pedobacter_heparinus	984	S	116	12	128	0.00001
Pedobacter_endophyticus	2789740	S	99	11	110	0.00001
Pedobacter_schmidteae	2201271	S	97	10	107	0.00001
Pedobacter_steynii	430522	S	90	10	100	0.00001
Pedobacter_roseus	336820	S	81	30	111	0.00001
Pedobacter_suwonensis	332999	S	74	19	93	0.00001
Pedobacter_cryoconitis	188932	S	71	8	79	0.00001
Pedobacter_aquae	2605747	S	62	7	69	0.00001
Pedobacter_ginsengisoli	363852	S	60	9	69	0.00001
Sphingobacterium_sp._DR205	2713573	S	96	12	108	0.00001
Sphingobacterium_sp._UDSM-2020	2795738	S	55	20	75	0.00001
Sphingobacterium_sp._CZ-2	2557994	S	46	14	60	0.00000
Sphingobacterium_sp._ML3W	1538644	S	40	15	55	0.00000
Sphingobacterium_sp._PCS056	2931400	S	38	8	46	0.00000
Sphingobacterium_sp._dk4302	2662364	S	30	4	34	0.00000
Sphingobacterium_sp._SRCM116780	2907623	S	27	5	32	0.00000
Sphingobacterium_spiritivorum	258	S	123	99	222	0.00002
Sphingobacterium_lactis	797291	S	96	94	190	0.00001
Sphingobacterium_thalpophilum	259	S	95	121	216	0.00002
Sphingobacterium_mizutaii	1010	S	59	10	69	0.00001
Sphingobacterium_multivorum	28454	S	53	148	201	0.00001
Sphingobacterium_hotanense	649196	S	52	19	71	0.00001
Sphingobacterium_psychroaquaticum	561061	S	46	10	56	0.00000
Sphingobacterium_daejeonense	371142	S	43	14	57	0.00000
Sphingobacterium_paramultivorum	2886510	S	22	32	54	0.00000
Anseongella_ginsenosidimutans	496056	S	262	12	274	0.00002
Solitalea_sp._S2-8	2911172	S	98	13	111	0.00001
Solitalea_canadensis	995	S	82	8	90	0.00001
Olivibacter_sp._LS-1	2592345	S	82	4	86	0.00001
Olivibacter_sp._SDN3	2764720	S	75	12	87	0.00001
Pseudopedobacter_saltans	151895	S	50	46	96	0.00001
Haliscomenobacter_hydrossis	2350	S	433	7	440	0.00003
Saprospira_grandis	1008	S	79	3	82	0.00001
Candidatus_Sulfidibacterium_hydrothermale	2875962	S	107	4	111	0.00001
Chlorobaculum_limnaeum	274537	S	902	162	1064	0.00008
Chlorobaculum_tepidum	1097	S	470	148	618	0.00005
Chlorobaculum_parvum	274539	S	447	96	543	0.00004
Pelodictyon_luteolum	1100	S	407	57	464	0.00003
Pelodictyon_phaeoclathratiforme	34090	S	119	7	126	0.00001
Chlorobium_limicola	1092	S	215	15	230	0.00002
Chlorobium_phaeobacteroides	1096	S	119	14	133	0.00001
Chlorobium_phaeovibrioides	1094	S	98	17	115	0.00001
Prosthecochloris_sp._GSB1	281093	S	460	32	492	0.00004
Prosthecochloris_sp._CIB_2401	1868325	S	151	37	188	0.00001
Prosthecochloris_sp._HL-130-GSB	1974213	S	116	20	136	0.00001
Prosthecochloris_aestuarii	1102	S	131	11	142	0.00001
Chloroherpeton_thalassium	100716	S	195	4	199	0.00001
Candidatus_Cyclonatronum_proteinivorum	1457365	S	293	35	328	0.00002
Melioribacter_roseus	1134405	S	152	14	166	0.00001
Ignavibacterium_album	591197	S	88	10	98	0.00001
Gemmatirosa_kalamazoonesis	861299	S	42527	4705	47232	0.00350
Gemmatimonas_groenlandica	2732249	S	7453	862	8315	0.00062
Gemmatimonas_aurantiaca	173480	S	5149	534	5683	0.00042
Gemmatimonas_phototrophica	1379270	S	4369	609	4978	0.00037
Fibrobacter_succinogenes	833	S	182	4	186	0.00001
Candidatus_Cloacimonas_acidaminovorans	456827	S	63	1	64	0.00000
Luteitalea_sp._TBR-22	2802971	S	49033	9724	58757	0.00435
Luteitalea_pratensis	1855912	S	46078	5884	51962	0.00385
Granulicella_sp._WH15	2602070	S	3007	626	3633	0.00027
Granulicella_sp._5B5	1617967	S	2424	456	2880	0.00021
Granulicella_mallensis	940614	S	2150	296	2446	0.00018
Granulicella_tundricola	940615	S	1626	246	1872	0.00014
Terriglobus_roseus	392734	S	2957	726	3683	0.00027
Terriglobus_albidus	1592106	S	2339	263	2602	0.00019
Terriglobus_saanensis	870903	S	1508	233	1741	0.00013
Acidobacterium_capsulatum	33075	S	2688	392	3080	0.00023
Acidobacterium_sp._4Y35	2763107	S	2496	206	2702	0.00020
Candidatus_Koribacter_versatilis	658062	S	4152	166	4318	0.00032
Edaphobacter_sp._12200R-103	2703788	S	1648	347	1995	0.00015
Edaphobacter_sp._4G125	2763071	S	1030	185	1215	0.00009
Acidisarcina_polymorpha	2211140	S	1911	165	2076	0.00015
Paludibaculum_fermentans	1473598	S	8560	301	8861	0.00066
Chloracidobacterium_aggregatum	2851959	S	1305	985	2290	0.00017
Chloracidobacterium_validum	2821543	S	1108	24	1132	0.00008
Chloracidobacterium_thermophilum	458033	S	85	399	484	0.00004
Chloracidobacterium_sp._D	2821536	S	82	417	499	0.00004
Sulfidibacter_corallicola	2818388	S	2534	63	2597	0.00019
Thermotomaculum_hydrothermale	981385	S	88	5	93	0.00001
Nitrospira_moscoviensis	42253	S	6099	549	6648	0.00049
Nitrospira_japonica	1325564	S	3312	399	3711	0.00027
Candidatus_Nitrospira_inopinata	1715989	S	3190	283	3473	0.00026
Nitrospira_sp._KM1	1936990	S	2253	211	2464	0.00018
Leptospirillum_ferrooxidans	180	S	128	3	131	0.00001
Leptospirillum_ferriphilum	178606	S	72	111	183	0.00001
Leptospirillum_sp._Group_II_'CF-1'	1660083	S	44	86	130	0.00001
Thermodesulfovibrio_yellowstonii	28262	S	97	2	99	0.00001
Dissulfurispira_thermophila	2715679	S	95	4	99	0.00001
Treponema_brennaborense	81028	S	145	56	201	0.00001
Treponema_azotonutricium	150829	S	115	4	119	0.00001
Treponema_sp._Marseille-Q4132	2766701	S	85	37	122	0.00001
Treponema_sp._OMZ_838	1539298	S	26	25	51	0.00000
Treponema_primitia	88058	S	102	4	106	0.00001
Treponema_caldarium	215591	S	90	9	99	0.00001
Treponema_socranskii	53419	S	87	38	125	0.00001
Treponema_parvum	138851	S	59	3	62	0.00000
Treponema_vincentii	69710	S	51	48	99	0.00001
Treponema_succinifaciens	167	S	48	41	89	0.00001
Treponema_denticola	158	S	36	11	47	0.00000
Treponema_phagedenis	162	S	35	16	51	0.00000
Treponema_medium	58231	S	34	39	73	0.00001
Treponema_peruense	2787628	S	29	4	33	0.00000
Treponema_pedis	409322	S	12	3	15	0.00000
Spirochaeta_thermophila	154	S	626	18	644	0.00005
Spirochaeta_africana	46355	S	236	17	253	0.00002
Salinispira_pacifica	1307761	S	110	4	114	0.00001
Sediminispirochaeta_smaragdinae	55206	S	101	3	104	0.00001
Oceanispirochaeta_crateris	2518645	S	42	3	45	0.00000
Sphaerochaeta_associata	1129264	S	115	12	127	0.00001
Sphaerochaeta_coccoides	273376	S	84	3	87	0.00001
Sphaerochaeta_globosa	1131703	S	64	7	71	0.00001
Sphaerochaeta_pleomorpha	1131707	S	30	5	35	0.00000
Breznakiella_homolactica	2798577	S	167	11	178	0.00001
Borrelia_sp._HM	1882662	S	10	74	84	0.00001
Leptospira_kmetyi	408139	S	101	1	102	0.00001
Leptospira_santarosai	28183	S	89	1	90	0.00001
Leptospira_tipperaryensis	2564040	S	69	1	70	0.00001
Leptospira_weilii	28184	S	49	1	50	0.00000
Leptospira_kobayashii	1917830	S	32	0	32	0.00000
Leptospira_biflexa	172	S	30	0	30	0.00000
Leptospira_mayottensis	1137606	S	25	0	25	0.00000
Leptospira_noguchii	28182	S	24	0	24	0.00000
Leptospira_borgpetersenii	174	S	16	0	16	0.00000
Leptospira_interrogans	173	S	14	127	141	0.00001
Turneriella_parva	29510	S	384	4	388	0.00003
Brachyspira_pilosicoli	52584	S	21	40	61	0.00000
Pyramidobacter_piscolens	638849	S	663	42	705	0.00005
Fretibacterium_fastidiosum	651822	S	542	9	551	0.00004
Aminomonas_paucivorans	81412	S	510	56	566	0.00004
Thermanaerovibrio_acidaminovorans	81462	S	246	98	344	0.00003
Thermanaerovibrio_velox	108007	S	180	45	225	0.00002
Cloacibacillus_porcorum	1197717	S	461	108	569	0.00004
Jonquetella_anthropi	428712	S	268	47	315	0.00002
Aminobacterium_colombiense	81468	S	88	5	93	0.00001
Acetomicrobium_mobile	97477	S	81	2	83	0.00001
Thermovirga_lienii	336261	S	49	47	96	0.00001
Candidatus_Bipolaricaulis_anaerobius	2026885	S	679	34	713	0.00005
Candidatus_Nanosynbacter_featherlites	2572088	S	41	14	55	0.00000
Candidatus_Nanosynbacter_lyticus	2093824	S	22	43	65	0.00000
Nanosynbacter_sp._HMT-352	2899133	S	17	33	50	0.00000
Candidatus_Nanosynbacter_sp._HMT352	2902423	S	11	23	34	0.00000
Candidatus_Saccharimonas_aalborgensis	1332188	S	54	0	54	0.00000
Candidatus_Babela_massiliensis	673862	S	107	2	109	0.00001
Candidatus_Chazhemtobacterium_aquaticus	2715735	S	44	0	44	0.00000
Candidatus_Absconditicoccus_praedator	2735562	S	29	0	29	0.00000
Thermotoga_caldifontis	1508419	S	102	161	263	0.00002
Thermotoga_profunda	1508420	S	16	7	23	0.00000
Pseudothermotoga_hypogea	57487	S	68	35	103	0.00001
Pseudothermotoga_thermarum	119394	S	22	6	28	0.00000
Fervidobacterium_pennivorans	93466	S	20	56	76	0.00001
Thermosipho_ferrireducens	2571116	S	16	14	30	0.00000
Kosmotoga_olearia	651457	S	37	47	84	0.00001
Kosmotoga_pacifica	1330330	S	14	18	32	0.00000
Mesotoga_infera	1236046	S	63	13	76	0.00001
Mesotoga_prima	1184387	S	28	6	34	0.00000
Tepiditoga_spiralis	2108365	S	25	5	30	0.00000
Defluviitoga_tunisiensis	1006576	S	12	22	34	0.00000
Athalassotoga_saccharophila	1441386	S	69	2	71	0.00001
Thermocrinis_minervae	381751	S	79	10	89	0.00001
Thermocrinis_albus	136094	S	28	3	31	0.00000
Thermocrinis_ruber	75906	S	11	1	12	0.00000
Hydrogenobacter_sp._T-8	1632019	S	50	18	68	0.00001
Aquifex_aeolicus	63363	S	41	2	43	0.00000
Sulfurihydrogenibium_azorense	309806	S	78	8	86	0.00001
Persephonella_marina	309805	S	70	4	74	0.00001
Thermosulfidibacter_takaii	412593	S	94	3	97	0.00001
Thermovibrio_ammonificans	228745	S	113	19	132	0.00001
Desulfurobacterium_thermolithotrophum	64160	S	32	4	36	0.00000
Thermosulfurimonas_marina	2047767	S	205	16	221	0.00002
Thermosulfuriphilus_ammonigenes	1936021	S	139	4	143	0.00001
Thermodesulfatator_indicus	171695	S	80	7	87	0.00001
Thermodesulfobacterium_geofontis	1295609	S	20	5	25	0.00000
Thermodesulfobacterium_commune	1741	S	12	4	16	0.00000
Caldimicrobium_thiodismutans	1653476	S	32	3	35	0.00000
Caldithrix_abyssi	187145	S	390	4	394	0.00003
Geovibrio_thiophilus	139438	S	90	24	114	0.00001
Mucispirillum_schaedleri	248039	S	66	9	75	0.00001
Flexistipes_sinusarabici	2352	S	55	9	64	0.00000
Calditerrivibrio_nitroreducens	477976	S	36	7	43	0.00000
Denitrovibrio_acetiphilus	118000	S	34	6	40	0.00000
Deferribacter_desulfuricans	197162	S	33	8	41	0.00000
Fusobacterium_sp._NSJ-57	2764326	S	20	34	54	0.00000
Fusobacterium_nucleatum	851	S	17	41	58	0.00000
Fusobacterium_ulcerans	861	S	14	3	17	0.00000
Fusobacterium_pseudoperiodonticum	2663009	S	11	17	28	0.00000
Cetobacterium_somerae	188913	S	12	2	14	0.00000
Ilyobacter_polytropus	167642	S	11	1	12	0.00000
Sebaldella_termitidis	826	S	15	6	21	0.00000
Desulfurispirillum_indicum	936456	S	260	140	400	0.00003
Endomicrobium_proavitum	1408281	S	57	13	70	0.00001
Candidatus_Endomicrobium_trichonymphae	1408204	S	32	6	38	0.00000
Elusimicrobium_minutum	423605	S	96	1	97	0.00001
Caldisericum_exile	693075	S	97	0	97	0.00001
Coprothermobacter_proteolyticus	35786	S	86	21	107	0.00001
Dictyoglomus_thermophilum	14	S	13	66	79	0.00001
Atribacter_laminatus	2847778	S	56	1	57	0.00000
Fusarium_acuminatum	5515	S	10000	559	10559	0.00078
Fusarium_avenaceum	40199	S	128	4	132	0.00001
Fusarium_poae	36050	S	141	45	186	0.00001
Fusarium_longipes	694270	S	138	6	144	0.00001
Fusarium_pseudograminearum	101028	S	114	44	158	0.00001
Fusarium_sporotrichioides	5514	S	101	9	110	0.00001
Fusarium_sambucinum	5128	S	95	39	134	0.00001
Fusarium_venenatum	56646	S	62	112	174	0.00001
Fusarium_graminearum	5518	S	49	166	215	0.00002
Fusarium_culmorum	5516	S	47	43	90	0.00001
Fusarium_oxysporum	5507	S	807	327	1134	0.00008
Fusarium_nygamai	42673	S	211	68	279	0.00002
Fusarium_fujikuroi	5127	S	123	13	136	0.00001
Fusarium_thapsinum	120644	S	86	19	105	0.00001
Fusarium_pseudonygamai	47755	S	78	19	97	0.00001
Fusarium_verticillioides	117187	S	28	47	75	0.00001
Fusarium_decemcellulare	57161	S	402	9	411	0.00003
Fusarium_equiseti	61235	S	221	33	254	0.00002
Fusarium_scirpi	2211609	S	127	16	143	0.00001
Fusarium_graminum	86546	S	115	12	127	0.00001
Fusarium_heterosporum	42747	S	109	11	120	0.00001
Fusarium_dimerum	57145	S	192	6	198	0.00001
Fusarium_lateritium	5523	S	186	6	192	0.00001
Fusarium_chlamydosporum	86545	S	81	15	96	0.00001
Fusarium_nelsonii	77846	S	75	14	89	0.00001
Fusarium_musae	1042133	S	32	52	84	0.00001
Trichoderma_citrinoviride	58853	S	287	35	322	0.00002
Trichoderma_reesei	51453	S	278	27	305	0.00002
Trichoderma_harzianum	5544	S	261	63	324	0.00002
Trichoderma_afroharzianum	1567482	S	261	63	324	0.00002
Trichoderma_pleuroti	500994	S	242	28	270	0.00002
Trichoderma_atroviride	63577	S	196	51	247	0.00002
Trichoderma_asperellum	101201	S	141	11	152	0.00001
Trichoderma_gamsii	398673	S	135	21	156	0.00001
Trichoderma_koningiopsis	337941	S	133	22	155	0.00001
Trichoderma_hamatum	49224	S	128	11	139	0.00001
Trichoderma_erinaceum	202914	S	102	17	119	0.00001
Trichoderma_longibrachiatum	5548	S	37	437	474	0.00004
Trichoderma_koningii	97093	S	19	216	235	0.00002
Trichoderma_virens	29875	S	13	156	169	0.00001
Metarhizium_album	92629	S	485	16	501	0.00004
Metarhizium_guizhouense	169041	S	344	175	519	0.00004
Metarhizium_rileyi	1649241	S	267	44	311	0.00002
Metarhizium_acridum	92637	S	145	104	249	0.00002
Metarhizium_anisopliae	5530	S	108	156	264	0.00002
Metarhizium_humberi	2596975	S	98	56	154	0.00001
Metarhizium_majus	1650735	S	96	41	137	0.00001
Metarhizium_brunneum	500148	S	93	72	165	0.00001
Metarhizium_robertsii	568076	S	57	38	95	0.00001
Ustilaginoidea_virens	1159556	S	739	39	778	0.00006
Pochonia_chlamydosporia	280754	S	210	14	224	0.00002
Beauveria_felina	37994	S	503	28	531	0.00004
Beauveria_pseudobassiana	931006	S	257	45	302	0.00002
Beauveria_brongniartii	118266	S	234	69	303	0.00002
Beauveria_rudraprayagi	1481906	S	132	197	329	0.00002
Beauveria_bassiana	176275	S	76	119	195	0.00001
Cordyceps_fumosorosea	114497	S	792	55	847	0.00006
Purpureocillium_lilacinum	33203	S	1597	117	1714	0.00013
Drechmeria_coniospora	98403	S	702	33	735	0.00005
Clonostachys_rosea	29856	S	410	31	441	0.00003
Colletotrichum_higginsianum	80884	S	962	214	1176	0.00009
Thermothielavioides_terrestris	2587410	S	1349	92	1441	0.00011
Thermothelomyces_thermophilus	78579	S	1120	56	1176	0.00009
Neurospora_crassa	5141	S	487	25	512	0.00004
Pyricularia_pennisetigena	1578925	S	386	68	454	0.00003
Pyricularia_oryzae	318829	S	361	109	470	0.00003
Pyricularia_grisea	148305	S	234	40	274	0.00002
Neopestalotiopsis_rosae	1562205	S	145	125	270	0.00002
Neopestalotiopsis_clavispora	289240	S	131	122	253	0.00002
Botrytis_cinerea	40559	S	275	2	277	0.00002
Aspergillus_puulaauensis	1220207	S	341	18	359	0.00003
Aspergillus_luchuensis	1069201	S	297	30	327	0.00002
Aspergillus_fumigatus	746128	S	224	18	242	0.00002
Aspergillus_chevalieri	182096	S	208	26	234	0.00002
Aspergillus_oryzae	5062	S	23	114	137	0.00001
Penicillium_citrinum	5077	S	266	36	302	0.00002
Penicillium_chrysogenum	5076	S	206	32	238	0.00002
Penicillium_expansum	27334	S	104	30	134	0.00001
Penicillium_aurantiogriseum	36655	S	98	26	124	0.00001
Penicillium_digitatum	36651	S	66	10	76	0.00001
Penicillium_italicum	40296	S	59	15	74	0.00001
Talaromyces_rugulosus	121627	S	345	24	369	0.00003
Paecilomyces_variotii	264951	S	188	15	203	0.00002
Paecilomyces_niveus	5093	S	131	3	134	0.00001
Paraphaeosphaeria_minitans	565426	S	444	161	605	0.00004
Ampelomyces_quisqualis	50730	S	309	37	346	0.00003
Zymoseptoria_tritici	1047171	S	218	3	221	0.00002
Cercospora_beticola	122368	S	155	0	155	0.00001
Eremothecium_gossypii	33169	S	149	126	275	0.00002
Eremothecium_cymbalariae	45285	S	31	1	32	0.00000
Naumovozyma_castellii	27288	S	47	3	50	0.00000
Naumovozyma_dairenensis	27289	S	46	1	47	0.00000
Saccharomyces_eubayanus	1080349	S	30	1	31	0.00000
Saccharomyces_cerevisiae	4932	S	21	5	26	0.00000
Saccharomyces_paradoxus	27291	S	16	2	18	0.00000
Lachancea_thermotolerans	381046	S	68	4	72	0.00001
Tetrapisispora_blattae	1071379	S	31	1	32	0.00000
Tetrapisispora_phaffii	113608	S	25	0	25	0.00000
Torulaspora_globosa	48254	S	32	2	34	0.00000
Torulaspora_delbrueckii	4950	S	16	1	17	0.00000
Kluyveromyces_marxianus	4911	S	31	6	37	0.00000
Kluyveromyces_lactis	28985	S	12	1	13	0.00000
Kazachstania_naganishii	588726	S	33	1	34	0.00000
[Candida]_glabrata	5478	S	37	1	38	0.00000
Zygosaccharomyces_rouxii	4956	S	30	1	31	0.00000
Zygotorulaspora_mrakii	42260	S	27	3	30	0.00000
Candida_albicans	5476	S	51	2	53	0.00000
Candida_dubliniensis	42374	S	51	2	53	0.00000
Candida_orthopsilosis	273371	S	32	0	32	0.00000
Scheffersomyces_stipitis	4924	S	25	0	25	0.00000
Debaryomyces_hansenii	4959	S	24	0	24	0.00000
Brettanomyces_bruxellensis	5007	S	24	1	25	0.00000
Brettanomyces_nanus	13502	S	24	3	27	0.00000
Ogataea_parapolymorpha	1005962	S	46	1	47	0.00000
Pichia_kudriavzevii	4909	S	32	1	33	0.00000
Yarrowia_lipolytica	4952	S	112	1	113	0.00001
Sugiyamaella_lignohabitans	796027	S	53	5	58	0.00000
Saccharomycodes_ludwigii	36035	S	26	4	30	0.00000
Schizosaccharomyces_pombe	4896	S	45	1	46	0.00000
Pseudozyma_flocculosa	84751	S	1445	18	1463	0.00011
Ustilago_maydis	5270	S	418	17	435	0.00003
Sporisorium_graminicola	280036	S	283	62	345	0.00003
Malassezia_restricta	76775	S	156	32	188	0.00001
Phlebiopsis_gigantea	82310	S	387	4	391	0.00003
Rhizoctonia_solani	456999	S	128	8	136	0.00001
Marasmius_oreades	181124	S	82	5	87	0.00001
Cryptococcus_neoformans	5207	S	73	4	77	0.00001
Cryptococcus_gattii_VGI	37769	S	30	24	54	0.00000
Phytophthora_cinnamomi	4785	S	831	149	980	0.00007
Phytophthora_fragariae	53985	S	616	94	710	0.00005
Phytophthora_cryptogea	4786	S	396	34	430	0.00003
Phytophthora_infestans	4787	S	335	547	882	0.00007
Phytophthora_cactorum	29920	S	277	44	321	0.00002
Phytophthora_boehmeriae	109152	S	208	28	236	0.00002
Phytophthora_parasitica	4792	S	171	24	195	0.00001
Pythium_aphanidermatum	65070	S	337	13	350	0.00003
