name	taxonomy_id	taxonomy_lvl	kraken_assigned_reads	added_reads	new_est_reads	fraction_total_reads
Bradyrhizobium_sp._200	2782665	S	2690	551	3241	0.00156
Bradyrhizobium_sp._170	2782641	S	2587	609	3196	0.00154
Bradyrhizobium_sp._CCBAU_051011	858422	S	2482	434	2916	0.00140
Bradyrhizobium_sp._CCGE-LA001	1223566	S	2302	796	3098	0.00149
Bradyrhizobium_sp._CCBAU_51753	1325100	S	1214	239	1453	0.00070
Bradyrhizobium_sp._195	2782662	S	1157	383	1540	0.00074
Bradyrhizobium_sp._A19	2898149	S	872	136	1008	0.00048
Bradyrhizobium_sp._BTAi1	288000	S	829	136	965	0.00046
Bradyrhizobium_sp._ORS_278	114615	S	827	170	997	0.00048
Bradyrhizobium_sp._ORS_285	115808	S	815	165	980	0.00047
Bradyrhizobium_sp._SK17	2057741	S	773	233	1006	0.00048
Bradyrhizobium_sp._186	2782654	S	761	188	949	0.00046
Bradyrhizobium_sp._CCBAU_53351	1325114	S	689	323	1012	0.00049
Bradyrhizobium_sp._1(2017)	1404888	S	684	196	880	0.00042
Bradyrhizobium_sp._CCBAU_53421	1325120	S	665	191	856	0.00041
Bradyrhizobium_sp._CCBAU_53340	1325112	S	541	195	736	0.00035
Bradyrhizobium_sp._CCBAU_53338	1325111	S	527	200	727	0.00035
Bradyrhizobium_sp._191	2782659	S	521	479	1000	0.00048
Bradyrhizobium_sp._S2-11-2	2840472	S	457	325	782	0.00038
Bradyrhizobium_sp._6(2017)	1197460	S	434	198	632	0.00030
Bradyrhizobium_sp._I71	2590772	S	433	354	787	0.00038
Bradyrhizobium_sp._S2-20-1	2840469	S	421	319	740	0.00036
Bradyrhizobium_sp._CCBAU_51765	1325102	S	408	348	756	0.00036
Bradyrhizobium_sp._S2-11-4	2840473	S	404	337	741	0.00036
Bradyrhizobium_sp._41S5	1404443	S	374	237	611	0.00029
Bradyrhizobium_sp._C-145	574727	S	219	205	424	0.00020
Bradyrhizobium_sp.	376	S	159	496	655	0.00032
Bradyrhizobium_sp._192	2782660	S	139	318	457	0.00022
Bradyrhizobium_sp._4	2782678	S	139	331	470	0.00023
Bradyrhizobium_sp._144S4	2823807	S	130	303	433	0.00021
Bradyrhizobium_sp._40	2782674	S	124	263	387	0.00019
Bradyrhizobium_sp._323S2	1404649	S	104	247	351	0.00017
Bradyrhizobium_sp._LCT2	2493093	S	76	201	277	0.00013
Bradyrhizobium_sp._SG09	2599805	S	56	378	434	0.00021
Bradyrhizobium_sp._TM102	2599819	S	51	329	380	0.00018
Bradyrhizobium_sp._187	2782655	S	42	193	235	0.00011
Bradyrhizobium_sp._172	2782643	S	25	282	307	0.00015
Bradyrhizobium_sp._38S5	2819348	S	25	283	308	0.00015
Bradyrhizobium_sp._CW1	2782686	S	24	345	369	0.00018
Bradyrhizobium_sp._131	2782609	S	22	334	356	0.00017
Bradyrhizobium_sp._1S5	2816456	S	22	229	251	0.00012
Bradyrhizobium_sp._155	2782629	S	13	217	230	0.00011
Bradyrhizobium_erythrophlei	1437360	S	2641	193	2834	0.00136
Bradyrhizobium_paxllaeri	190148	S	2250	384	2634	0.00127
Bradyrhizobium_diazoefficiens	1355477	S	2178	2734	4912	0.00236
Bradyrhizobium_icense	1274631	S	2155	275	2430	0.00117
Bradyrhizobium_lablabi	722472	S	1015	1100	2115	0.00102
Bradyrhizobium_genosp._L	83637	S	804	146	950	0.00046
Bradyrhizobium_japonicum	375	S	799	1102	1901	0.00091
Bradyrhizobium_daqingense	993502	S	788	398	1186	0.00057
Bradyrhizobium_canariense	255045	S	786	1175	1961	0.00094
Bradyrhizobium_oligotrophicum	44255	S	718	113	831	0.00040
Bradyrhizobium_guangdongense	1325090	S	662	229	891	0.00043
Bradyrhizobium_arachidis	858423	S	659	175	834	0.00040
Bradyrhizobium_vignae	1549949	S	623	134	757	0.00036
Bradyrhizobium_genosp._B	83627	S	518	101	619	0.00030
Bradyrhizobium_guangxiense	1325115	S	504	204	708	0.00034
Bradyrhizobium_cosmicum	1404864	S	498	149	647	0.00031
Bradyrhizobium_quebecense	2748629	S	492	260	752	0.00036
Bradyrhizobium_guangzhouense	1325095	S	485	172	657	0.00032
Bradyrhizobium_septentrionale	1404411	S	435	248	683	0.00033
Bradyrhizobium_amphicarpaeae	1404768	S	339	130	469	0.00023
Bradyrhizobium_betae	244734	S	325	167	492	0.00024
Bradyrhizobium_symbiodeficiens	1404367	S	323	457	780	0.00038
Bradyrhizobium_zhanjiangense	1325107	S	194	183	377	0.00018
Bradyrhizobium_ottawaense	931866	S	136	798	934	0.00045
Bradyrhizobium_elkanii	29448	S	136	535	671	0.00032
Rhodopseudomonas_palustris	1076	S	2604	732	3336	0.00160
Rhodopseudomonas_sp._SK50-23	340268	S	409	74	483	0.00023
Rhodopseudomonas_boonkerdii	475937	S	397	93	490	0.00024
Nitrobacter_winogradskyi	913	S	1158	168	1326	0.00064
Nitrobacter_hamburgensis	912	S	1107	160	1267	0.00061
Tardiphaga_sp._37S4	1404741	S	219	162	381	0.00018
Tardiphaga_sp._vice154	2592814	S	18	563	581	0.00028
Tardiphaga_robiniae	943830	S	220	145	365	0.00018
Afipia_carboxidovorans	40137	S	461	32	493	0.00024
Afipia_sp._GAS231	1882747	S	424	268	692	0.00033
Variibacter_gotjawalensis	1333996	S	719	50	769	0.00037
Rhizobium_sp._BG4	2613770	S	368	61	429	0.00021
Rhizobium_sp._WYJ-E13	2849093	S	367	40	407	0.00020
Rhizobium_sp._K102	2918527	S	339	211	550	0.00026
Rhizobium_sp._NXC24	2048897	S	295	37	332	0.00016
Rhizobium_sp._ACO-34A	1571470	S	250	46	296	0.00014
Rhizobium_sp._SL42	2806346	S	239	37	276	0.00013
Rhizobium_sp._WL3	2603277	S	232	36	268	0.00013
Rhizobium_sp._11515TR	2028343	S	210	48	258	0.00012
Rhizobium_sp._CIAT894	2020312	S	209	83	292	0.00014
Rhizobium_sp._AB2/73	2795216	S	204	84	288	0.00014
Rhizobium_sp._NZLR1	2731096	S	199	61	260	0.00013
Rhizobium_sp._NLR16a	2731112	S	188	78	266	0.00013
Rhizobium_sp._NXC14	1981173	S	171	65	236	0.00011
Rhizobium_sp._C104	2917727	S	166	82	248	0.00012
Rhizobium_sp._L51/94	2819999	S	106	149	255	0.00012
Rhizobium_sp._IE4771	1301032	S	101	196	297	0.00014
Rhizobium_sp._Kim5	2020311	S	99	209	308	0.00015
Rhizobium_sp._007	2785056	S	73	115	188	0.00009
Rhizobium_sp._Y9	1914541	S	68	220	288	0.00014
Rhizobium_sp._X9	2815360	S	63	108	171	0.00008
Rhizobium_sp._TAL182	2020313	S	47	127	174	0.00008
Rhizobium_sp._NIBRBAC000502774	2590777	S	32	79	111	0.00005
Rhizobium_sp._ZX09	2291939	S	26	96	122	0.00006
Rhizobium_sp._B230/85	2819994	S	15	182	197	0.00010
Rhizobium_sp._CCGE531	2364271	S	10	398	408	0.00020
Rhizobium_leguminosarum	384	S	1676	2016	3692	0.00178
Rhizobium_etli	29449	S	682	782	1464	0.00070
Rhizobium_pseudoryzae	379684	S	371	66	437	0.00021
Rhizobium_phaseoli	396	S	363	673	1036	0.00050
Rhizobium_gallicum	56730	S	326	374	700	0.00034
Rhizobium_jaguaris	1312183	S	307	33	340	0.00016
Rhizobium_bangladeshense	1138189	S	275	58	333	0.00016
Rhizobium_lentis	1138194	S	258	70	328	0.00016
Rhizobium_binae	1138190	S	205	67	272	0.00013
Rhizobium_pusense	648995	S	189	627	816	0.00039
Rhizobium_tropici	398	S	187	43	230	0.00011
Rhizobium_daejeonense	240521	S	184	53	237	0.00011
Rhizobium_rosettiformans	1368430	S	175	63	238	0.00011
Rhizobium_rhizoryzae	451876	S	154	18	172	0.00008
Rhizobium_indicum	2583231	S	108	85	193	0.00009
Rhizobium_acidisoli	1538158	S	97	71	168	0.00008
Rhizobium_oryzihabitans	2267833	S	60	66	126	0.00006
Rhizobium_hidalgonense	1538159	S	53	110	163	0.00008
Rhizobium_laguerreae	1076926	S	43	66	109	0.00005
Rhizobium_ruizarguesonis	2081791	S	23	153	176	0.00008
Agrobacterium_tumefaciens	358	S	2161	1266	3427	0.00165
Agrobacterium_fabrum	1176649	S	103	95	198	0.00010
Agrobacterium_fabacearum	1183401	S	56	459	515	0.00025
Agrobacterium_vitis	373	S	424	43	467	0.00022
Agrobacterium_sp._T29	2580515	S	78	42	120	0.00006
Agrobacterium_sp._MA01	2664893	S	60	85	145	0.00007
Agrobacterium_sp._RAC06	1842536	S	46	67	113	0.00005
Agrobacterium_sp._S7/73	2820002	S	31	100	131	0.00006
Agrobacterium_sp._CGMCC_11546	2579248	S	26	36	62	0.00003
Agrobacterium_vaccinii	2735528	S	196	22	218	0.00010
Agrobacterium_rubi	28099	S	145	32	177	0.00009
Agrobacterium_larrymoorei	160699	S	144	20	164	0.00008
Agrobacterium_salinitolerans	1183413	S	129	34	163	0.00008
Agrobacterium_rhizogenes	359	S	76	125	201	0.00010
Neorhizobium_galegae	399	S	1462	348	1810	0.00087
Neorhizobium_sp._NCHU2750	1825976	S	419	76	495	0.00024
Neorhizobium_sp._SOG26	2060726	S	344	61	405	0.00019
Pseudorhizobium_flavum	1335061	S	195	119	314	0.00015
Pseudorhizobium_banfieldiae	1125847	S	155	88	243	0.00012
Sinorhizobium_meliloti	382	S	3840	951	4791	0.00230
Sinorhizobium_fredii	380	S	2038	2186	4224	0.00203
Sinorhizobium_americanum	194963	S	1257	453	1710	0.00082
Sinorhizobium_sp._BG8	2613773	S	385	56	441	0.00021
Sinorhizobium_sp._CCBAU_05631	794846	S	88	100	188	0.00009
Sinorhizobium_medicae	110321	S	434	46	480	0.00023
Ensifer_adhaerens	106592	S	1388	580	1968	0.00095
Ensifer_mexicanus	375549	S	578	78	656	0.00032
Ensifer_sp._PDNC004	2811423	S	328	120	448	0.00022
Ensifer_sp._T173	555315	S	75	275	350	0.00017
Ensifer_alkalisoli	1752398	S	370	63	433	0.00021
Ensifer_sojae	716925	S	295	95	390	0.00019
Shinella_sp._HZN7	879274	S	603	486	1089	0.00052
Shinella_sp._PSBB067	2715959	S	465	329	794	0.00038
Shinella_sp._XGS7	2877941	S	420	356	776	0.00037
Shinella_sp._H4-D48	2925841	S	201	74	275	0.00013
Shinella_zoogloeoides	352475	S	509	654	1163	0.00056
Shinella_oryzae	2871820	S	363	148	511	0.00025
Georhizobium_profundi	2341112	S	335	65	400	0.00019
Ciceribacter_thiooxidans	1969821	S	323	57	380	0.00018
Peteryoungia_desertarenae	1813451	S	99	15	114	0.00006
Microvirga_sp._VF16	2807101	S	6795	989	7784	0.00374
Microvirga_sp._17_mud_1-3	2082949	S	1666	332	1998	0.00096
Microvirga_ossetica	1882682	S	6434	1037	7471	0.00359
Microvirga_thermotolerans	2651334	S	1817	456	2273	0.00109
Methylobacterium_nodulans	114616	S	1409	168	1577	0.00076
Methylobacterium_aquaticum	270351	S	1225	517	1742	0.00084
Methylobacterium_sp._17Sr1-1	2202826	S	553	251	804	0.00039
Methylobacterium_sp._WL1	2603276	S	530	101	631	0.00030
Methylobacterium_sp._C1	1479019	S	48	345	393	0.00019
Methylobacterium_sp._XJLW	739141	S	46	569	615	0.00030
Methylobacterium_durans	2202825	S	979	132	1111	0.00053
Methylobacterium_oryzae	334852	S	923	901	1824	0.00088
Methylobacterium_radiodurans	2202828	S	816	187	1003	0.00048
Methylobacterium_currus	2051553	S	735	294	1029	0.00050
Methylobacterium_organophilum	410	S	657	332	989	0.00048
Methylobacterium_terrae	2202827	S	622	275	897	0.00043
Methylobacterium_brachiatum	269660	S	548	186	734	0.00035
Methylobacterium_indicum	1775910	S	534	255	789	0.00038
Methylobacterium_tardum	374432	S	516	173	689	0.00033
Methylobacterium_mesophilicum	39956	S	489	97	586	0.00028
Methylobacterium_radiotolerans	31998	S	206	1075	1281	0.00062
Methylobacterium_phyllosphaerae	418223	S	77	267	344	0.00017
Methylorubrum_extorquens	408	S	1577	2013	3590	0.00173
Methylorubrum_populi	223967	S	1015	401	1416	0.00068
Methylorubrum_sp._B1-46	2897334	S	432	161	593	0.00029
Methylorubrum_zatmanii	29429	S	29	107	136	0.00007
Mesorhizobium_sp._8	2584466	S	1071	236	1307	0.00063
Mesorhizobium_sp._DCY119	2108445	S	905	196	1101	0.00053
Mesorhizobium_sp._M1A.F.Ca.IN.022.06.1.1	2493680	S	859	278	1137	0.00055
Mesorhizobium_sp._J8	2777475	S	592	189	781	0.00038
Mesorhizobium_sp._M3A.F.Ca.ET.080.04.2.1	2493676	S	574	172	746	0.00036
Mesorhizobium_sp._L-2-11	2744521	S	568	215	783	0.00038
Mesorhizobium_sp._M1B.F.Ca.ET.045.04.1.1	2493673	S	563	217	780	0.00038
Mesorhizobium_sp._Pch-S	2082387	S	558	70	628	0.00030
Mesorhizobium_sp._B2-8-5	2589903	S	549	179	728	0.00035
Mesorhizobium_sp._M1E.F.Ca.ET.045.02.1.1	2493672	S	532	270	802	0.00039
Mesorhizobium_sp._B1-1-8	2589976	S	530	129	659	0.00032
Mesorhizobium_sp._M9A.F.Ca.ET.002.03.1.2	2493668	S	518	243	761	0.00037
Mesorhizobium_sp._B2-1-1	2589974	S	516	112	628	0.00030
Mesorhizobium_sp._131-2-1	2744518	S	510	272	782	0.00038
Mesorhizobium_sp._M1D.F.Ca.ET.043.01.1.1	2493669	S	500	308	808	0.00039
Mesorhizobium_sp._PAMC28654	2880934	S	471	84	555	0.00027
Mesorhizobium_sp._INR15	2654248	S	440	60	500	0.00024
Mesorhizobium_sp._M6A.T.Cr.TU.016.01.1.1	2493677	S	440	146	586	0.00028
Mesorhizobium_sp._M4B.F.Ca.ET.058.02.1.1	2493675	S	425	179	604	0.00029
Mesorhizobium_sp._B4-1-4	2589888	S	347	81	428	0.00021
Mesorhizobium_sp._B2-1-8	2589967	S	323	98	421	0.00020
Mesorhizobium_sp._M7D.F.Ca.US.005.01.1.1	2493678	S	304	103	407	0.00020
Mesorhizobium_sp._L-8-3	2744522	S	278	998	1276	0.00061
Mesorhizobium_sp._NZP2077	2483404	S	275	90	365	0.00018
Mesorhizobium_sp._M8A.F.Ca.ET.057.01.1.1	2493679	S	273	105	378	0.00018
Mesorhizobium_sp._M2A.F.Ca.ET.043.05.1.1	2493671	S	270	244	514	0.00025
Mesorhizobium_sp._113-3-3	2744516	S	262	146	408	0.00020
Mesorhizobium_sp._M7A.F.Ce.TU.012.03.2.1	2493681	S	260	96	356	0.00017
Mesorhizobium_sp._L-8-10	2744523	S	260	910	1170	0.00056
Mesorhizobium_sp._113-1-2	2744515	S	255	127	382	0.00018
Mesorhizobium_sp._AA22	1854057	S	241	152	393	0.00019
Mesorhizobium_sp._NBSH29	2654249	S	234	15	249	0.00012
Mesorhizobium_sp._NZP2298	2483403	S	198	122	320	0.00015
Mesorhizobium_sp._113-3-9	2744517	S	176	137	313	0.00015
Mesorhizobium_sp._M2A.F.Ca.ET.046.03.2.1	2493674	S	156	454	610	0.00029
Mesorhizobium_sp._M2A.F.Ca.ET.043.02.1.1	2493670	S	135	374	509	0.00024
Mesorhizobium_sp._WSM1497	278153	S	57	117	174	0.00008
Mesorhizobium_sp._131-2-5	2744519	S	42	294	336	0.00016
Mesorhizobium_sp._131-3-5	2744520	S	39	124	163	0.00008
Mesorhizobium_sp._NZP2234	2483402	S	22	81	103	0.00005
Mesorhizobium_terrae	2725666	S	578	173	751	0.00036
Mesorhizobium_opportunistum	593909	S	475	179	654	0.00031
Mesorhizobium_amorphae	71433	S	425	94	519	0.00025
Mesorhizobium_ciceri	39645	S	340	789	1129	0.00054
Mesorhizobium_loti	381	S	284	2373	2657	0.00128
Mesorhizobium_australicum	536018	S	258	77	335	0.00016
Mesorhizobium_huakuii	28104	S	225	134	359	0.00017
Mesorhizobium_erdmanii	1777866	S	214	57	271	0.00013
Mesorhizobium_japonicum	2066070	S	214	157	371	0.00018
Aquibium_microcysteis	675281	S	997	267	1264	0.00061
Aquibium_oceanicum	1670800	S	800	178	978	0.00047
Aminobacter_sp._MSH1	374606	S	615	355	970	0.00047
Aminobacter_sp._SR38	2774562	S	161	619	780	0.00038
Aminobacter_sp._MDW-2	2666139	S	92	399	491	0.00024
Aminobacter_aminovorans	83263	S	108	324	432	0.00021
Nitratireductor_sp._SY7	2599600	S	711	128	839	0.00040
Nitratireductor_sp._OM-1	1756988	S	315	51	366	0.00018
Nitratireductor_kimnyeongensis	430679	S	182	24	206	0.00010
Phyllobacterium_sp._T1018	555316	S	200	24	224	0.00011
Phyllobacterium_sp._T1293	555317	S	106	12	118	0.00006
Phyllobacterium_sp._628	2718938	S	84	11	95	0.00005
Phyllobacterium_zundukense	1867719	S	221	30	251	0.00012
Roseitalea_porphyridii	1852022	S	477	75	552	0.00027
Hoeflea_sp._IMCC20628	1620421	S	179	16	195	0.00009
Hoeflea_phototrophica	244596	S	177	19	196	0.00009
Oricola_thermophila	2742145	S	301	38	339	0.00016
Salaquimonas_pukyongi	2712698	S	126	5	131	0.00006
Pseudolabrys_taiwanensis	331696	S	1366	222	1588	0.00076
Pseudolabrys_sp._FHR47	2562284	S	985	171	1156	0.00056
Starkeya_sp._ORNL1	2709380	S	1230	231	1461	0.00070
Starkeya_novella	921	S	789	280	1069	0.00051
Xanthobacter_dioxanivorans	2528964	S	735	253	988	0.00048
Xanthobacter_sp._YC-JY1	2419844	S	232	264	496	0.00024
Xanthobacter_autotrophicus	280	S	224	278	502	0.00024
Ancylobacter_sp._TS-1	1850374	S	535	218	753	0.00036
Ancylobacter_polymorphus	223390	S	511	252	763	0.00037
Ancylobacter_pratisalsi	1745854	S	436	96	532	0.00026
Labrys_sp._KNU-23	2789216	S	580	55	635	0.00031
Azorhizobium_caulinodans	7	S	538	107	645	0.00031
Devosia_sp._A16	1736675	S	2867	315	3182	0.00153
Devosia_sp._SL43	2806348	S	492	84	576	0.00028
Devosia_sp._JXJ_CY_41	2917991	S	447	76	523	0.00025
Devosia_sp._1566	2499144	S	307	30	337	0.00016
Devosia_sp._I507	2083786	S	272	78	350	0.00017
Devosia_sp._MC521	2759954	S	127	18	145	0.00007
Devosia_oryziradicis	2801335	S	707	123	830	0.00040
Devosia_ginsengisoli	400770	S	570	98	668	0.00032
Devosia_beringensis	2657486	S	403	56	459	0.00022
Devosia_salina	2860336	S	379	120	499	0.00024
Devosia_rhizoryzae	2774137	S	351	34	385	0.00019
Paradevosia_shaoguanensis	1335043	S	483	166	649	0.00031
Youhaiella_tibetensis	1447062	S	473	95	568	0.00027
Pelagibacterium_halotolerans	531813	S	202	20	222	0.00011
Maritalea_myrionectae	454601	S	49	1	50	0.00002
Bosea_sp._Tri-49	1867715	S	2108	434	2542	0.00122
Bosea_sp._ANAM02	2020412	S	1279	422	1701	0.00082
Bosea_sp._F3-2	2599640	S	1064	302	1366	0.00066
Bosea_sp._AS-1	2015316	S	980	275	1255	0.00060
Bosea_sp._RAC05	1842539	S	816	235	1051	0.00051
Bosea_sp._PAMC_26642	1792307	S	705	133	838	0.00040
Bosea_vaviloviae	1526658	S	796	171	967	0.00047
Rhodoplanes_sp._Z2-YC6860	674703	S	3207	292	3499	0.00168
Hyphomicrobium_nitrativorans	1427356	S	700	62	762	0.00037
Hyphomicrobium_denitrificans	53399	S	598	79	677	0.00033
Hyphomicrobium_sp._MC1	717785	S	298	26	324	0.00016
Methyloceanibacter_caenitepidi	1384459	S	291	58	349	0.00017
Methyloceanibacter_sp._wino2	2170729	S	262	56	318	0.00015
Aquabacter_sp._L1I39	2820278	S	450	69	519	0.00025
Methyloligella_sp._GL2	2742204	S	380	44	424	0.00020
Rhodomicrobium_vannielii	1069	S	319	20	339	0.00016
Caenibius_sp._WL	2872646	S	184	31	215	0.00010
Caenibius_tardaugens	169176	S	111	85	196	0.00009
Candidatus_Filomicrobium_marinum	1608628	S	137	4	141	0.00007
Aureimonas_sp._SA4125	2826993	S	495	86	581	0.00028
Aureimonas_sp._AU20	1349819	S	482	66	548	0.00026
Aureimonas_sp._OT7	2816454	S	225	183	408	0.00020
Aureimonas_populi	1701758	S	437	79	516	0.00025
Aureimonas_mangrovi	2758041	S	351	68	419	0.00020
Aureimonas_altamirensis	370622	S	211	73	284	0.00014
Martelella_sp._AD-3	686597	S	138	416	554	0.00027
Martelella_mediterranea	293089	S	280	97	377	0.00018
Martelella_endophytica	1486262	S	244	49	293	0.00014
Martelella_lutilitoris	2583532	S	142	120	262	0.00013
Aurantimonas_sp._HBX-1	2906072	S	669	185	854	0.00041
Nordella_sp._HKS_07	2712222	S	1321	66	1387	0.00067
Pseudorhodoplanes_sinuspersici	1235591	S	1049	71	1120	0.00054
Terrihabitans_soli	708113	S	411	42	453	0.00022
Brucella_pseudogrignonensis	419475	S	783	525	1308	0.00063
Brucella_pituitosa	571256	S	343	270	613	0.00029
Brucella_sp._BTU1	2840456	S	194	79	273	0.00013
Brucella_sp._6810	2769351	S	11	32	43	0.00002
Brucella_sp._10RB9215	1149953	S	10	19	29	0.00001
Brucella_sp._BO3	2691913	S	10	30	40	0.00002
Brucella_anthropi	529	S	210	117	327	0.00016
Brucella_intermedia	94625	S	143	24	167	0.00008
[Ochrobactrum]_quorumnocens	271865	S	73	10	83	0.00004
Pseudochrobactrum_sp._XF203	2879116	S	16	13	29	0.00001
Pseudochrobactrum_sp._Wa41.01b-1	2864102	S	13	11	24	0.00001
Pseudochrobactrum_algeriensis	2834768	S	13	12	25	0.00001
Methylocystis_parvus	134	S	357	40	397	0.00019
Methylocystis_sp._SC2	187303	S	207	55	262	0.00013
Methylocystis_sp._SB2	743836	S	76	116	192	0.00009
Methylocystis_bryophila	655015	S	292	28	320	0.00015
Methylocystis_heyeri	391905	S	291	31	322	0.00015
Methylocystis_rosea	173366	S	251	182	433	0.00021
Methylosinus_trichosporium	426	S	361	77	438	0.00021
Methylosinus_sp._C49	2699395	S	304	62	366	0.00018
Stappia_indica	538381	S	641	140	781	0.00038
Stappia_sp._ES.058	1881061	S	329	38	367	0.00018
Pannonibacter_phragmitetus	121719	S	507	340	847	0.00041
Roseibium_aggregatum	187304	S	381	49	430	0.00021
Roseibium_alexandrii	388408	S	78	6	84	0.00004
Labrenzia_sp._VG12	2021862	S	197	20	217	0.00010
Labrenzia_sp._PHM005	2590016	S	94	6	100	0.00005
Labrenzia_sp._THAF82	2587861	S	85	4	89	0.00004
Pseudovibrio_brasiliensis	1898042	S	28	15	43	0.00002
Pseudovibrio_sp._FO-BEG1	911045	S	27	15	42	0.00002
Phreatobacter_stygius	1940610	S	859	118	977	0.00047
Phreatobacter_cathodiphilus	1868589	S	754	205	959	0.00046
Phreatobacter_sp._NMCR1094	2570229	S	583	101	684	0.00033
Chelatococcus_sp._CO-6	1702325	S	809	487	1296	0.00062
Chelatococcus_daeguensis	444444	S	424	259	683	0.00033
Kaustia_mangrovi	2593653	S	883	79	962	0.00046
Parvibaculum_lavamentivorans	256618	S	356	233	589	0.00028
Pyruvatibacter_mobilis	1712261	S	189	22	211	0.00010
Candidatus_Phaeomarinobacter_ectocarpi	1458461	S	83	3	86	0.00004
Blastochloris_tepida	2233851	S	632	204	836	0.00040
Blastochloris_viridis	1079	S	546	143	689	0.00033
Methylocella_silvestris	199596	S	300	32	332	0.00016
Methylocella_tundrae	227605	S	283	26	309	0.00015
Methylovirgula_ligni	569860	S	268	28	296	0.00014
Methylovirgula_sp._HY1	2822761	S	228	11	239	0.00012
Beijerinckia_indica	533	S	141	8	149	0.00007
Kaistia_sp._32K	2795690	S	819	186	1005	0.00048
Acuticoccus_sp._I52.16.1	2928472	S	785	78	863	0.00042
Hartmannibacter_diazotrophicus	1482074	S	492	81	573	0.00028
Breoghania_sp._L-A4	2304600	S	488	59	547	0.00026
Lichenihabitans_sp._PAMC28606	2880932	S	160	103	263	0.00013
Lichenihabitans_psoromatis	2528642	S	152	84	236	0.00011
Cohaesibacter_sp._ES.047	1798205	S	79	2	81	0.00004
Bartonella_apis	1686310	S	17	6	23	0.00001
Sphingomonas_sp._S8-45	2938948	S	2304	271	2575	0.00124
Sphingomonas_sp._HDW15A	2714942	S	1795	137	1932	0.00093
Sphingomonas_sp._DM2-R-LB4	2899123	S	1197	392	1589	0.00076
Sphingomonas_sp._MM-1	745310	S	786	853	1639	0.00079
Sphingomonas_sp._CL5.1	2653203	S	761	239	1000	0.00048
Sphingomonas_sp._Cra20	1327635	S	748	120	868	0.00042
Sphingomonas_sp._AK-PDB1-5	2872652	S	716	114	830	0.00040
Sphingomonas_sp._LM7	1938607	S	683	152	835	0.00040
Sphingomonas_sp._AP4-R1	2735134	S	634	78	712	0.00034
Sphingomonas_sp._S2-65	2903960	S	619	120	739	0.00036
Sphingomonas_sp._NBWT7	2596913	S	572	182	754	0.00036
Sphingomonas_sp._AAP5	1523415	S	527	135	662	0.00032
Sphingomonas_sp._FARSPH	2219696	S	499	402	901	0.00043
Sphingomonas_sp._KC8	1030157	S	418	50	468	0.00023
Sphingomonas_sp._PAMC26645	2565555	S	381	133	514	0.00025
Sphingomonas_sp._HMP9	1517554	S	363	169	532	0.00026
Sphingomonas_sp._HMP6	1517551	S	349	70	419	0.00020
Sphingomonas_sp._LK11	1390395	S	246	263	509	0.00025
Sphingomonas_sp._NIC1	1961362	S	222	753	975	0.00047
Sphingomonas_sp._IC081	304378	S	112	548	660	0.00032
Sphingomonas_sediminicola	386874	S	3895	370	4265	0.00205
Sphingomonas_daechungensis	1176646	S	3504	336	3840	0.00185
Sphingomonas_lutea	1045317	S	3165	397	3562	0.00171
Sphingomonas_ginsengisoli_An_et_al._2013	363835	S	2328	310	2638	0.00127
Sphingomonas_sabuli	2764186	S	2182	258	2440	0.00117
Sphingomonas_sinipercae	2714944	S	2114	274	2388	0.00115
Sphingomonas_rhizophila	2071607	S	1985	510	2495	0.00120
Sphingomonas_xanthus	2594473	S	1702	384	2086	0.00100
Sphingomonas_piscis	2714943	S	1597	141	1738	0.00084
Sphingomonas_sanxanigenens	397260	S	1079	470	1549	0.00075
Sphingomonas_profundi	2681549	S	915	142	1057	0.00051
Sphingomonas_alpina	653931	S	893	72	965	0.00046
Sphingomonas_koreensis	93064	S	744	538	1282	0.00062
Sphingomonas_changnyeongensis	2698679	S	657	120	777	0.00037
Sphingomonas_taxi	1549858	S	625	197	822	0.00040
Sphingomonas_hengshuiensis	1609977	S	589	75	664	0.00032
Sphingomonas_panacis	1560345	S	588	84	672	0.00032
Sphingomonas_suaedae	2599297	S	511	64	575	0.00028
Sphingomonas_panacisoli	1813879	S	491	65	556	0.00027
Sphingomonas_radiodurans	2890321	S	455	58	513	0.00025
Sphingomonas_aliaeris	2759526	S	410	49	459	0.00022
Sphingomonas_insulae	424800	S	399	115	514	0.00025
Sphingomonas_paucimobilis	13689	S	330	217	547	0.00026
Sphingomonas_sanguinis	33051	S	280	264	544	0.00026
Sphingomonas_melonis	152682	S	232	952	1184	0.00057
Sphingomonas_lacunae	2698828	S	214	25	239	0.00012
Sphingomonas_paeninsulae	2319844	S	155	6	161	0.00008
Sphingobium_sp._EP60837	1855519	S	1930	481	2411	0.00116
Sphingobium_sp._Cam5-1	2789327	S	1519	502	2021	0.00097
Sphingobium_sp._TKS	1315974	S	718	910	1628	0.00078
Sphingobium_sp._MI1205	407020	S	690	857	1547	0.00074
Sphingobium_sp._CAP-1	2676077	S	524	275	799	0.00038
Sphingobium_sp._YG1	2082188	S	491	178	669	0.00032
Sphingobium_sp._SYK-6	627192	S	483	110	593	0.00029
Sphingobium_sp._RAC03	1843368	S	374	61	435	0.00021
Sphingobium_sp._KCTC_72723	2733867	S	356	55	411	0.00020
Sphingobium_sp._SCG-1	2072936	S	279	18	297	0.00014
Sphingobium_sp._PAMC28499	2565554	S	113	194	307	0.00015
Sphingobium_sp._YBL2	484429	S	62	367	429	0.00021
Sphingobium_sp._RSMS	520734	S	57	300	357	0.00017
Sphingobium_herbicidovorans	76947	S	865	661	1526	0.00073
Sphingobium_yanoikuyae	13690	S	705	1159	1864	0.00090
Sphingobium_indicum	332055	S	628	435	1063	0.00051
Sphingobium_chlorophenolicum	46429	S	462	183	645	0.00031
Sphingobium_amiense	135719	S	448	488	936	0.00045
Sphingobium_cloacae	120107	S	446	561	1007	0.00048
Sphingobium_baderi	1332080	S	380	337	717	0.00034
Sphingobium_xenophagum	121428	S	362	198	560	0.00027
Sphingobium_phenoxybenzoativorans	1592790	S	352	131	483	0.00023
Sphingobium_fuliginis	336203	S	181	556	737	0.00035
Sphingopyxis_sp._QXT-31	1357916	S	837	209	1046	0.00050
Sphingopyxis_sp._OPL5	2486273	S	789	135	924	0.00044
Sphingopyxis_sp._PAMC25046	2565556	S	749	301	1050	0.00051
Sphingopyxis_sp._YF1	2482763	S	623	129	752	0.00036
Sphingopyxis_sp._BSN-002	2911495	S	472	76	548	0.00026
Sphingopyxis_sp._EG6	1874061	S	427	187	614	0.00030
Sphingopyxis_sp._113P3	292913	S	403	137	540	0.00026
Sphingopyxis_sp._FD7	1914525	S	396	144	540	0.00026
Sphingopyxis_sp._MG	1866325	S	29	231	260	0.00013
Sphingopyxis_macrogoltabida	33050	S	929	401	1330	0.00064
Sphingopyxis_fribergensis	1515612	S	526	179	705	0.00034
Sphingopyxis_terrae	33052	S	448	216	664	0.00032
Sphingopyxis_lindanitolerans	2054227	S	405	161	566	0.00027
Sphingopyxis_granuli	267128	S	322	762	1084	0.00052
Sphingopyxis_alaskensis	117207	S	310	62	372	0.00018
Novosphingobium_sp._Gsoil_351	2675225	S	776	58	834	0.00040
Novosphingobium_sp._Sx8-5	2896849	S	598	73	671	0.00032
Novosphingobium_sp._THN1	1016987	S	430	126	556	0.00027
Novosphingobium_sp._EMRT-2	2571749	S	412	207	619	0.00030
Novosphingobium_sp._P6W	1609758	S	401	57	458	0.00022
Novosphingobium_sp._ES2-1	2780074	S	359	152	511	0.00025
Novosphingobium_sp._PP1Y	702113	S	184	192	376	0.00018
Novosphingobium_sp._KA1	164608	S	89	352	441	0.00021
Novosphingobium_resinovorum	158500	S	988	421	1409	0.00068
Novosphingobium_aromaticivorans	48935	S	436	172	608	0.00029
Novosphingobium_decolorationis	2698673	S	339	158	497	0.00024
Novosphingobium_ginsenosidimutans	1176536	S	288	26	314	0.00015
Novosphingobium_pentaromativorans	205844	S	163	254	417	0.00020
Rhizorhabdus_wittichii	160791	S	1007	526	1533	0.00074
Rhizorhabdus_dicambivorans	1850238	S	613	440	1053	0.00051
Rhizorhabdus_phycosphaerae	2711156	S	477	56	533	0.00026
Allosphingosinicella_indica	941907	S	1372	149	1521	0.00073
Sphingosinithalassobacter_sp._CS137	2762748	S	490	95	585	0.00028
Sphingosinithalassobacter_tenebrarum	2711215	S	334	97	431	0.00021
Parasphingopyxis_algicola	2026624	S	477	33	510	0.00025
Parasphingopyxis_sp._CP4	2724527	S	106	5	111	0.00005
Sphingorhabdus_sp._YGSMI21	2077182	S	156	25	181	0.00009
Sphingorhabdus_sp._SMR4y	2584094	S	134	22	156	0.00008
Sphingorhabdus_sp._M41	1806885	S	107	13	120	0.00006
Sphingorhabdus_lacus	392610	S	103	3	106	0.00005
Sphingorhabdus_lutea	1913578	S	14	0	14	0.00001
Blastomonas_sp._RAC04	1842535	S	127	166	293	0.00014
Blastomonas_fulva	1550728	S	97	165	262	0.00013
Tardibacter_chloracetimidivorans	1921510	S	318	208	526	0.00025
Hankyongella_ginsenosidimutans	1763828	S	315	54	369	0.00018
Citromicrobium_sp._JL477	1634516	S	267	111	378	0.00018
Novosphingopyxis_iocasae	2762729	S	264	133	397	0.00019
Parasphingorhabdus_halotolerans	2725558	S	51	1	52	0.00003
Parasphingorhabdus_litoris	394733	S	50	3	53	0.00003
Parasphingorhabdus_sp._JHSY0214	2806553	S	44	3	47	0.00002
Aquisediminimonas_profunda	1550733	S	145	4	149	0.00007
Erythrobacter_sp._HL-111	1798193	S	339	61	400	0.00019
Erythrobacter_sp._HKB08	2502843	S	269	57	326	0.00016
Erythrobacter_sp._SDW2	2907154	S	241	60	301	0.00014
Erythrobacter_sp._JK5	2829500	S	236	70	306	0.00015
Erythrobacter_sp._THAF29	2587851	S	141	32	173	0.00008
Erythrobacter_sp._KY5	2011159	S	120	8	128	0.00006
Erythrobacter_sp._A30-3	2785907	S	115	89	204	0.00010
Erythrobacter_sp._LQ02-29	2920384	S	109	125	234	0.00011
Erythrobacter_sp._3-20A1M	2653850	S	107	170	277	0.00013
Erythrobacter_sp._SCSIO_43205	2779361	S	66	11	77	0.00004
Erythrobacter_litoralis	39960	S	429	176	605	0.00029
Erythrobacter_neustonensis	1112	S	186	39	225	0.00011
Erythrobacter_mangrovi	2739433	S	176	62	238	0.00011
Erythrobacter_aureus	2182384	S	161	27	188	0.00009
Porphyrobacter_sp._CACIAM_03H1	2003315	S	367	105	472	0.00023
Porphyrobacter_sp._LM_6	1896196	S	196	67	263	0.00013
Porphyrobacter_sp._HT-58-2	2023229	S	165	38	203	0.00010
Porphyrobacter_sp._GA68	2883480	S	162	64	226	0.00011
Qipengyuania_flava	192812	S	467	250	717	0.00035
Qipengyuania_sediminis	1532023	S	344	45	389	0.00019
Qipengyuania_soli	2782568	S	229	39	268	0.00013
Qipengyuania_aurantiaca	2867233	S	190	60	250	0.00012
Qipengyuania_gelatinilytica	2867231	S	154	27	181	0.00009
Qipengyuania_seohaensis	266951	S	128	26	154	0.00007
Qipengyuania_psychrotolerans	2867238	S	105	12	117	0.00006
Qipengyuania_aquimaris	255984	S	95	92	187	0.00009
Qipengyuania_xiapuensis	2867236	S	94	90	184	0.00009
Altererythrobacter_sp._TH136	2067415	S	579	99	678	0.00033
Altererythrobacter_sp._B11	2060312	S	349	161	510	0.00025
Altererythrobacter_sp._BO-6	2604537	S	184	27	211	0.00010
Altererythrobacter_sp._ZODW24	2185142	S	59	2	61	0.00003
Altererythrobacter_epoxidivorans	361183	S	140	40	180	0.00009
Altererythrobacter_ishigakiensis	476157	S	51	3	54	0.00003
Tsuneonella_amylolytica	2338327	S	443	123	566	0.00027
Tsuneonella_dongtanensis	692370	S	441	84	525	0.00025
Tsuneonella_mangrovi	1982042	S	251	36	287	0.00014
Tsuneonella_flava	2055955	S	112	32	144	0.00007
Croceicoccus_sp._YJ47	2798724	S	199	102	301	0.00015
Croceicoccus_sp._Ery15	1703338	S	78	119	197	0.00010
Croceicoccus_sp._Ery5	1703340	S	77	81	158	0.00008
Croceicoccus_marinus	450378	S	355	186	541	0.00026
Croceicoccus_naphthovorans	1348774	S	145	161	306	0.00015
Aurantiacibacter_gangjinensis	502682	S	147	12	159	0.00008
Aurantiacibacter_atlanticus	1648404	S	80	26	106	0.00005
Pelagerythrobacter_marensis	543877	S	223	29	252	0.00012
Paraurantiacibacter_namhicola	645517	S	187	23	210	0.00010
Croceibacterium_atlanticum	1267766	S	164	71	235	0.00011
Sphingosinicella_sp._BN140058	1892855	S	1460	123	1583	0.00076
Sphingosinicella_flava	2771430	S	694	95	789	0.00038
Sphingosinicella_microcystinivorans	335406	S	367	44	411	0.00020
Polymorphobacter_sp._PAMC_29362	2835787	S	247	153	400	0.00019
Polymorphobacter_sp._PAMC_29334	2862331	S	213	136	349	0.00017
Sandaracinobacter_sp._M6	2759707	S	345	22	367	0.00018
Zymomonas_mobilis	542	S	21	17	38	0.00002
Skermanella_mucosa	1789672	S	2041	1015	3056	0.00147
Skermanella_sp._TT6	2775420	S	1762	1382	3144	0.00151
Skermanella_pratensis	2233999	S	1682	677	2359	0.00113
Skermanella_rosea	1817965	S	1501	967	2468	0.00119
Azospirillum_brasilense	192	S	1597	1299	2896	0.00139
Azospirillum_sp._B510	137722	S	438	157	595	0.00029
Azospirillum_sp._TSA2s	709810	S	363	264	627	0.00030
Azospirillum_sp._TSH100	652764	S	349	155	504	0.00024
Azospirillum_sp._TSH58	664962	S	243	301	544	0.00026
Azospirillum_thermophilum	2202148	S	1056	214	1270	0.00061
Azospirillum_thiophilum	528244	S	522	155	677	0.00033
Azospirillum_ramasamyi	682998	S	349	184	533	0.00026
Azospirillum_humicireducens	1226968	S	318	173	491	0.00024
Azospirillum_oryzae	286727	S	284	228	512	0.00025
Azospirillum_lipoferum	193	S	270	185	455	0.00022
Azospirillum_baldaniorum	1064539	S	147	279	426	0.00021
Indioceanicola_profundi	2220096	S	564	67	631	0.00030
Nitrospirillum_amazonense	28077	S	553	56	609	0.00029
Niveispirillum_cyanobacteriorum	1612173	S	266	26	292	0.00014
Roseomonas_sp._OT10	2897332	S	1443	325	1768	0.00085
Roseomonas_sp._S08	1750527	S	1313	75	1388	0.00067
Roseomonas_sp._FDAARGOS_362	2018065	S	116	526	642	0.00031
Roseomonas_gilardii	257708	S	970	390	1360	0.00065
Roseomonas_haemaphysalidis	2768162	S	857	87	944	0.00045
Roseomonas_marmotae	2768161	S	810	81	891	0.00043
Roseomonas_mucosa	207340	S	73	387	460	0.00022
Rhodovastum_atsumiense	504468	S	925	84	1009	0.00049
Roseococcus_microcysteis	2771361	S	866	75	941	0.00045
Sediminicoccus_rosea	1225128	S	571	27	598	0.00029
Komagataeibacter_xylinus	28448	S	162	329	491	0.00024
Komagataeibacter_saccharivorans	265959	S	64	25	89	0.00004
Komagataeibacter_nataicola	265960	S	49	25	74	0.00004
Komagataeibacter_medellinensis	1177712	S	40	36	76	0.00004
Komagataeibacter_europaeus	33995	S	36	20	56	0.00003
Komagataeibacter_oboediens	65958	S	35	17	52	0.00003
Acidiphilium_multivorum	62140	S	138	500	638	0.00031
Acidiphilium_cryptum	524	S	30	171	201	0.00010
Acidibrevibacterium_fodinaquatile	1969806	S	383	31	414	0.00020
Lichenicola_cladoniae	1484109	S	382	16	398	0.00019
Acetobacter_aceti	435	S	130	62	192	0.00009
Acetobacter_sp._KACC_21233	2592655	S	38	8	46	0.00002
Acetobacter_persici	1076596	S	25	4	29	0.00001
Acetobacter_pasteurianus	438	S	16	66	82	0.00004
Acetobacter_orientalis	146474	S	10	1	11	0.00001
Gluconobacter_oxydans	442	S	97	85	182	0.00009
Gluconobacter_albidus	318683	S	37	6	43	0.00002
Gluconobacter_sphaericus	574987	S	24	5	29	0.00001
Gluconobacter_frateurii	38308	S	18	4	22	0.00001
Gluconobacter_thailandicus	257438	S	11	6	17	0.00001
Gluconacetobacter_diazotrophicus	33996	S	210	46	256	0.00012
Granulibacter_bethesdensis	364410	S	169	14	183	0.00009
Asaia_bogorensis	91915	S	102	16	118	0.00006
Neoasaia_chiangmaiensis	320497	S	75	16	91	0.00004
Kozakia_baliensis	153496	S	68	26	94	0.00005
Novacetimonas_hansenii	436	S	57	28	85	0.00004
Oecophyllibacter_saccharovorans	2558360	S	37	1	38	0.00002
Neokomagataea_tanensis	661191	S	26	4	30	0.00001
Swingsia_sp._F3b2	2558361	S	21	0	21	0.00001
Hypericibacter_adhaerens	2602016	S	1201	225	1426	0.00069
Hypericibacter_terrae	2602015	S	937	142	1079	0.00052
Magnetospirillum_sp._XM-1	1663591	S	271	86	357	0.00017
Magnetospirillum_sp._ME-1	1639348	S	237	82	319	0.00015
Magnetospirillum_gryphiswaldense	55518	S	351	23651	24002	0.01154
Magnetospirillum_magneticum	84159	S	256	24	280	0.00013
Rhodospirillum_centenum	34018	S	647	83	730	0.00035
Rhodospirillum_rubrum	1085	S	283	18	301	0.00015
Ferrovibrio_terrae	2594003	S	665	38	703	0.00034
Tistrella_mobilis	171437	S	611	254	865	0.00042
Defluviicoccus_vanus	111831	S	340	27	367	0.00018
Pararhodospirillum_photometricum	1084	S	206	13	219	0.00011
Haematospirillum_jordaniae	1549855	S	32	2	34	0.00002
Candidatus_Endolissoclinum_faulkneri	1263979	S	13	0	13	0.00001
Stella_humosa	94	S	1358	87	1445	0.00069
Elioraea_tepida	2843330	S	637	28	665	0.00032
Thalassospira_sp._A40-3	2785908	S	42	17	59	0.00003
Thalassospira_sp._B30-1	2785911	S	24	37	61	0.00003
Thalassospira_marina	2048283	S	51	2	53	0.00003
Thalassospira_indica	1891279	S	29	17	46	0.00002
Thalassospira_xiamenensis	220697	S	12	18	30	0.00001
Magnetospira_sp._QH-2	1288970	S	130	3	133	0.00006
Terasakiella_sp._SH-1	2560057	S	17	0	17	0.00001
Paracoccus_sp._S8-55	2903900	S	554	71	625	0.00030
Paracoccus_sp._AK26	2589076	S	456	73	529	0.00025
Paracoccus_sp._MC1862	2760307	S	423	44	467	0.00022
Paracoccus_sp._MA	2895796	S	217	108	325	0.00016
Paracoccus_sp._Arc7-R13	2500532	S	141	132	273	0.00013
Paracoccus_sp._H4-D09	2812658	S	137	27	164	0.00008
Paracoccus_sanguinis	1545044	S	410	104	514	0.00025
Paracoccus_yeei	147645	S	352	506	858	0.00041
Paracoccus_liaowanqingii	2560053	S	286	31	317	0.00015
Paracoccus_denitrificans	266	S	272	120	392	0.00019
Paracoccus_aminovorans	34004	S	260	72	332	0.00016
Paracoccus_zhejiangensis	1077935	S	252	59	311	0.00015
Paracoccus_pantotrophus	82367	S	222	117	339	0.00016
Paracoccus_jeotgali	2065379	S	209	40	249	0.00012
Paracoccus_contaminans	1945662	S	200	44	244	0.00012
Paracoccus_suum	2259340	S	188	32	220	0.00011
Paracoccus_aminophilus	34003	S	157	15	172	0.00008
Paracoccus_marcusii	59779	S	133	109	242	0.00012
Paracoccus_kondratievae	135740	S	117	21	138	0.00007
Paracoccus_tegillarcae	1529068	S	108	6	114	0.00006
Paracoccus_mutanolyticus	1499308	S	39	118	157	0.00008
Cereibacter_sphaeroides	1063	S	833	520	1353	0.00065
Cereibacter_azotoformans	43057	S	110	362	472	0.00023
Rhodobacter_sp._CZR27	2033869	S	423	138	561	0.00027
Rhodobacter_sp._N10	2807096	S	294	37	331	0.00016
Rhodobacter_sp._LPB0142	1850250	S	244	163	407	0.00020
Rhodobacter_capsulatus	1061	S	315	62	377	0.00018
Rhodovulum_sp._MB263	308754	S	163	64	227	0.00011
Rhodovulum_sp._P5	1564506	S	151	16	167	0.00008
Rhodovulum_sulfidophilum	35806	S	254	133	387	0.00019
Paroceanicella_profunda	2579971	S	541	144	685	0.00033
Polymorphum_gilvum	991904	S	531	124	655	0.00032
Pikeienuella_piscinae	2748098	S	395	36	431	0.00021
Pontivivens_ytuae	2789856	S	387	28	415	0.00020
Silicimonas_algicola	1826607	S	341	20	361	0.00017
Pelagovum_pacificum	2588711	S	332	41	373	0.00018
Thioclava_nitratireducens	1915078	S	133	49	182	0.00009
Thioclava_electrotropha	1549850	S	129	35	164	0.00008
Frigidibacter_mobilis	1335048	S	249	104	353	0.00017
Brevirhabdus_pacifica	1267768	S	237	117	354	0.00017
Fuscovulum_blasticum	1075	S	212	27	239	0.00012
Pukyongiella_litopenaei	2605946	S	205	51	256	0.00012
Tabrizicola_piscis	2494374	S	199	18	217	0.00010
Gemmobacter_aquarius	2169400	S	183	35	218	0.00011
Gymnodinialimonas_ceratoperidinii	2856823	S	174	16	190	0.00009
Falsirhodobacter_sp._PG104	2692330	S	173	24	197	0.00010
Pseudopuniceibacterium_antarcticum	2613965	S	154	12	166	0.00008
Haematobacter_massiliensis	195105	S	151	59	210	0.00010
Pacificitalea_manganoxidans	1411902	S	129	29	158	0.00008
Pseudooceanicola_algae	1537215	S	123	12	135	0.00007
Monaibacterium_sp._h42	2758038	S	109	26	135	0.00007
Roseicitreum_antarcticum	564137	S	103	5	108	0.00005
Qingshengfaniella_alkalisoli	2599296	S	86	4	90	0.00004
Yoonia_vestfoldensis	245188	S	81	19	100	0.00005
Rhodophyticola_sp._CCM32	2916397	S	75	2	77	0.00004
Tritonibacter_mobilis	379347	S	72	34	106	0.00005
Rhodobaca_barguzinensis	441209	S	63	2	65	0.00003
Pseudohalocynthiibacter_aestuariivivens	1591409	S	55	11	66	0.00003
Pseudorhodobacter_turbinis	2500533	S	53	3	56	0.00003
Profundibacter_amoris	2171755	S	48	1	49	0.00002
Parasedimentitalea_marina	2483033	S	44	2	46	0.00002
Cognatishimia_activa	1715691	S	38	1	39	0.00002
Aestuarium_zhoushanense	2820523	S	36	15	51	0.00002
Planktomarina_temperata	1284658	S	16	0	16	0.00001
Roseovarius_sp._SCSIO_43702	2823043	S	268	21	289	0.00014
Roseovarius_sp._THAF9	2587847	S	123	35	158	0.00008
Roseovarius_sp._THAF8	2587846	S	53	119	172	0.00008
Roseovarius_sp._THAF27	2587850	S	36	85	121	0.00006
Roseovarius_sp._TM1035	391613	S	24	37	61	0.00003
Roseovarius_indicus	540747	S	320	105	425	0.00020
Roseovarius_faecimaris	2494550	S	123	5	128	0.00006
Roseovarius_mucosus	215743	S	31	50	81	0.00004
Sulfitobacter_sp._JK7-1	2829501	S	136	7	143	0.00007
Sulfitobacter_sp._THAF37	2587855	S	128	58	186	0.00009
Sulfitobacter_sp._JL08	2070369	S	64	1	65	0.00003
Sulfitobacter_sp._D7	1968541	S	55	22	77	0.00004
Sulfitobacter_sp._BSw21498	664426	S	49	8	57	0.00003
Sulfitobacter_sp._SK011	1389004	S	46	1	47	0.00002
Sulfitobacter_sp._DSM_110093	2883127	S	32	11	43	0.00002
Sulfitobacter_sp._SK012	1389005	S	23	0	23	0.00001
Sulfitobacter_sp._SK025	1389011	S	11	27	38	0.00002
Sulfitobacter_sp._CB2047	1525218	S	11	37	48	0.00002
Sulfitobacter_alexandrii	1917485	S	192	105	297	0.00014
Sulfitobacter_mediterraneus	83219	S	88	9	97	0.00005
Sulfitobacter_indolifex	225422	S	53	13	66	0.00003
Sulfitobacter_dubius	218673	S	45	24	69	0.00003
Sulfitobacter_pontiacus	60137	S	21	62	83	0.00004
Salipiger_profundus	1229727	S	396	181	577	0.00028
Salipiger_abyssi	1250539	S	285	116	401	0.00019
Salipiger_sp._CCB-MM3	1792508	S	244	34	278	0.00013
Roseivivax_marinus	1379903	S	386	63	449	0.00022
Roseivivax_sp._THAF30	2587852	S	198	193	391	0.00019
Celeribacter_indicus	1208324	S	284	145	429	0.00021
Celeribacter_ethanolicus	1758178	S	110	40	150	0.00007
Celeribacter_baekdonensis	875171	S	54	15	69	0.00003
Celeribacter_marinus	1397108	S	27	0	27	0.00001
Leisingera_aquaemixtae	1396826	S	137	24	161	0.00008
Leisingera_sp._NJS201	2508306	S	38	50	88	0.00004
Leisingera_sp._NJS204	2508307	S	28	39	67	0.00003
Leisingera_methylohalidivorans	133924	S	108	22	130	0.00006
Phaeobacter_gallaeciensis	60890	S	118	53	171	0.00008
Phaeobacter_inhibens	221822	S	99	41	140	0.00007
Phaeobacter_piscinae	1580596	S	32	28	60	0.00003
Phaeobacter_porticola	1844006	S	23	8	31	0.00001
Phaeobacter_sp._LSS9	681157	S	14	24	38	0.00002
Ruegeria_sp._TM1040	292414	S	61	10	71	0.00003
Ruegeria_sp._THAF33	2587853	S	60	17	77	0.00004
Ruegeria_sp._AD91A	2293862	S	42	5	47	0.00002
Ruegeria_sp._SCSIO_43209	2793010	S	42	8	50	0.00002
Ruegeria_pomeroyi	89184	S	148	32	180	0.00009
Yangia_pacifica	311180	S	355	60	415	0.00020
Sagittula_sp._P11	2009329	S	317	138	455	0.00022
Sulfitobacter_pseudonitzschiae	1402135	S	198	71	269	0.00013
Pseudosulfitobacter_sp._DSM_107133	2883100	S	67	27	94	0.00005
Ponticoccus_alexandrii	1943633	S	251	38	289	0.00014
Mameliella_alba	561184	S	215	42	257	0.00012
Dinoroseobacter_shibae	215813	S	206	79	285	0.00014
Roseibacterium_elongatum	159346	S	182	15	197	0.00009
Roseobacter_denitrificans	2434	S	64	6	70	0.00003
Roseobacter_ponti	1891787	S	61	1	62	0.00003
Roseobacter_litoralis	42443	S	45	5	50	0.00002
Ketogulonicigenium_vulgare	92945	S	96	12	108	0.00005
Ketogulonicigenium_robustum	92947	S	76	10	86	0.00004
Oceanicola_sp._D3	2587163	S	165	8	173	0.00008
Octadecabacter_sp._SW4	2602067	S	55	8	63	0.00003
Octadecabacter_arcticus	53946	S	46	5	51	0.00002
Octadecabacter_antarcticus	1217908	S	35	3	38	0.00002
Octadecabacter_temperatus	1458307	S	19	0	19	0.00001
Actibacterium_sp._EMB200-NS6	1609966	S	145	74	219	0.00011
Maribius_sp._THAF1	2587842	S	129	6	135	0.00007
Tateyamaria_omphalii	299262	S	117	4	121	0.00006
Antarctobacter_heliothermus	74033	S	117	6	123	0.00006
Thalassococcus_sp._S3	2017482	S	114	2	116	0.00006
Jannaschia_sp._CCS1	290400	S	105	2	107	0.00005
Thalassobius_gelatinovorus	53501	S	45	2	47	0.00002
Falsihalocynthiibacter_arcticus	1579316	S	36	1	37	0.00002
Caulobacter_sp._S6	2823693	S	807	82	889	0.00043
Caulobacter_sp._FWC26	69665	S	287	124	411	0.00020
Caulobacter_segnis	88688	S	1013	587	1600	0.00077
Caulobacter_flavus	1679497	S	802	212	1014	0.00049
Caulobacter_mirabilis	69666	S	777	131	908	0.00044
Caulobacter_vibrioides	155892	S	599	240	839	0.00040
Caulobacter_rhizosphaerae	2010972	S	597	167	764	0.00037
Caulobacter_soli	2708539	S	493	151	644	0.00031
Caulobacter_henricii	69395	S	275	44	319	0.00015
Brevundimonas_sp._M20	2591463	S	532	74	606	0.00029
Brevundimonas_sp._LM2	1938605	S	293	46	339	0.00016
Brevundimonas_sp._PAMC22021	2861285	S	277	56	333	0.00016
Brevundimonas_sp._MF30-B	2561924	S	259	37	296	0.00014
Brevundimonas_sp._AJA228-03	2752515	S	205	24	229	0.00011
Brevundimonas_sp._SGAir0440	2579977	S	77	73	150	0.00007
Brevundimonas_sp._'scallop'	2562582	S	63	110	173	0.00008
Brevundimonas_sp._Bb-A	2560058	S	56	115	171	0.00008
Brevundimonas_sp._DS20	1532555	S	53	130	183	0.00009
Brevundimonas_sp._GW460-12-10-14-LB2	1827469	S	52	90	142	0.00007
Brevundimonas_sp._CS1	2813778	S	52	51	103	0.00005
Brevundimonas_naejangsanensis	588932	S	441	143	584	0.00028
Brevundimonas_albigilva	1312364	S	357	183	540	0.00026
Brevundimonas_goettingensis	2774190	S	298	42	340	0.00016
Brevundimonas_subvibrioides	74313	S	246	40	286	0.00014
Brevundimonas_pondensis	2774189	S	211	60	271	0.00013
Brevundimonas_mediterranea	74329	S	192	71	263	0.00013
Brevundimonas_vitisensis	2800818	S	176	19	195	0.00009
Brevundimonas_diminuta	293	S	163	307	470	0.00023
Brevundimonas_nasdae	172043	S	158	92	250	0.00012
Brevundimonas_vesicularis	41276	S	60	128	188	0.00009
Brevundimonas_vancanneytii	1325724	S	47	183	230	0.00011
Phenylobacterium_zucineum	284016	S	2044	390	2434	0.00117
Phenylobacterium_parvum	2201350	S	453	47	500	0.00024
Terricaulis_silvestris	2686094	S	841	26	867	0.00042
Asticcacaulis_excentricus	78587	S	202	27	229	0.00011
Asticcacaulis_sp._AND118	2840468	S	194	25	219	0.00011
Hyphomonas_sp._CACIAM_19H1	1873716	S	144	16	160	0.00008
Hyphomonas_sp._Mor2	1906738	S	71	1	72	0.00003
Hyphomonas_sp._KY3	2016196	S	68	7	75	0.00004
Hyphomonas_neptunium	81032	S	90	6	96	0.00005
Candidatus_Viadribacter_manganicus	1759059	S	378	8	386	0.00019
Marinicauda_algicola	2029849	S	337	53	390	0.00019
Maricaulis_maris	74318	S	123	7	130	0.00006
Glycocaulis_alkaliphilus	1434191	S	113	5	118	0.00006
Hyphobacterium_sp._CCMP332	2749086	S	94	3	97	0.00005
Aquisalinus_flavus	1526572	S	138	5	143	0.00007
Parvularcula_bermudensis	208216	S	61	6	67	0.00003
Micavibrio_aeruginosavorus	349221	S	80	0	80	0.00004
Candidatus_Puniceispirillum_marinum	767892	S	13	0	13	0.00001
Paremcibacter_congregatus	2043170	S	49	1	50	0.00002
Luteithermobacter_gelatinilyticus	2582913	S	39	6	45	0.00002
Candidatus_Paracaedibacter_acanthamoebae	91604	S	12	0	12	0.00001
Candidatus_Nucleicultrix_amoebiphila	1509244	S	10	0	10	0.00001
Magnetococcus_marinus	1124597	S	22	0	22	0.00001
Variovorax_sp._RA8	662548	S	1670	1171	2841	0.00137
Variovorax_sp._HW608	1034889	S	1578	260	1838	0.00088
Variovorax_sp._WDL1	207745	S	1497	2148	3645	0.00175
Variovorax_sp._PBL-H6	434009	S	1284	1059	2343	0.00113
Variovorax_sp._PBS-H4	434008	S	1270	735	2005	0.00096
Variovorax_sp._RKNM96	2681552	S	668	237	905	0.00044
Variovorax_sp._PAMC_28711	1795631	S	625	103	728	0.00035
Variovorax_sp._PAMC26660	2762322	S	539	127	666	0.00032
Variovorax_sp._PAMC28562	2762323	S	534	44	578	0.00028
Variovorax_sp._SRS16	282217	S	433	792	1225	0.00059
Variovorax_sp._38R	2774875	S	367	416	783	0.00038
Variovorax_sp._PBL-E5	434014	S	343	728	1071	0.00052
Variovorax_sp._PDNC026	2811425	S	17	513	530	0.00026
Variovorax_sp._PMC12	2126319	S	16	621	637	0.00031
Variovorax_paradoxus	34073	S	4014	3442	7456	0.00359
Variovorax_boronicumulans	436515	S	503	343	846	0.00041
Hydrogenophaga_sp._BA0156	2716225	S	879	617	1496	0.00072
Hydrogenophaga_sp._PBC	795665	S	859	959	1818	0.00087
Hydrogenophaga_sp._YM1	2806262	S	743	384	1127	0.00054
Hydrogenophaga_sp._BPS33	2651974	S	675	490	1165	0.00056
Hydrogenophaga_sp._SL48	2806347	S	675	159	834	0.00040
Hydrogenophaga_sp._NH-16	2184519	S	610	1051	1661	0.00080
Hydrogenophaga_sp._PBL-H3	434010	S	448	396	844	0.00041
Hydrogenophaga_sp._RAC07	1842537	S	442	152	594	0.00029
Hydrogenophaga_sp._PAMC20947	2565558	S	169	11	180	0.00009
Hydrogenophaga_pseudoflava	47421	S	635	799	1434	0.00069
Hydrogenophaga_taeniospiralis	65656	S	521	150	671	0.00032
Hydrogenophaga_crassostreae	1763535	S	177	10	187	0.00009
Acidovorax_sp._JMULE5	2518343	S	477	143	620	0.00030
Acidovorax_sp._YS12	2738413	S	458	403	861	0.00041
Acidovorax_sp._RAC01	1842533	S	386	314	700	0.00034
Acidovorax_sp._KKS102	358220	S	367	275	642	0.00031
Acidovorax_sp._HDW3	2714923	S	272	196	468	0.00023
Acidovorax_sp._1608163	2478662	S	270	60	330	0.00016
Acidovorax_sp._T1	1858609	S	198	718	916	0.00044
Acidovorax_avenae	80867	S	926	670	1596	0.00077
Acidovorax_monticola	1926868	S	571	236	807	0.00039
Acidovorax_antarcticus	2743470	S	456	350	806	0.00039
Acidovorax_carolinensis	553814	S	357	304	661	0.00032
Acidovorax_citrulli	80869	S	271	286	557	0.00027
Acidovorax_radicis	758826	S	249	54	303	0.00015
Acidovorax_cattleyae	80868	S	206	166	372	0.00018
Ramlibacter_tataouinensis	94132	S	4988	2074	7062	0.00340
Comamonas_sp._NLF-7-7	2597701	S	275	225	500	0.00024
Comamonas_sp._NLF-1-9	2853163	S	241	149	390	0.00019
Comamonas_sp._B21-038	2918299	S	159	41	200	0.00010
Comamonas_sp._Y33R10-2	2853257	S	59	11	70	0.00003
Comamonas_serinivorans	1082851	S	434	122	556	0.00027
Comamonas_aquatica	225991	S	420	404	824	0.00040
Comamonas_testosteroni	285	S	260	405	665	0.00032
Comamonas_odontotermitis	379895	S	154	30	184	0.00009
Comamonas_koreensis	160825	S	148	88	236	0.00011
Comamonas_thiooxydans	363952	S	132	300	432	0.00021
Comamonas_piscis	1562974	S	129	26	155	0.00007
Comamonas_fluminis	2796366	S	87	37	124	0.00006
Comamonas_kerstersii	225992	S	84	44	128	0.00006
Rhodoferax_sp._BAB1	2741720	S	547	161	708	0.00034
Rhodoferax_sp._AJA081-3	2752316	S	198	17	215	0.00010
Rhodoferax_sp._PAMC_29310	2822760	S	110	13	123	0.00006
Rhodoferax_sp._MIZ03	2798804	S	76	8	84	0.00004
Rhodoferax_koreense	1842727	S	893	468	1361	0.00065
Rhodoferax_sediminis	2509614	S	608	98	706	0.00034
Rhodoferax_ferrireducens	192843	S	205	15	220	0.00011
Rhodoferax_saidenbachensis	1484693	S	176	21	197	0.00010
Rhodoferax_antarcticus	81479	S	140	11	151	0.00007
Rhodoferax_aquaticus	2527691	S	76	8	84	0.00004
Schlegelella_thermodepolymerans	215580	S	1370	672	2042	0.00098
Schlegelella_brevitalea	413882	S	1010	148	1158	0.00056
Delftia_tsuruhatensis	180282	S	409	1105	1514	0.00073
Delftia_acidovorans	80866	S	303	550	853	0.00041
Delftia_lacustris	558537	S	156	865	1021	0.00049
Delftia_sp._Cs1-4	742013	S	40	90	130	0.00006
Delftia_sp._HK171	1920191	S	26	68	94	0.00005
Diaphorobacter_sp._HDW4A	2714924	S	264	244	508	0.00024
Diaphorobacter_sp._HDW4B	2714925	S	252	33	285	0.00014
Diaphorobacter_sp._JS3051	2792224	S	26	425	451	0.00022
Diaphorobacter_sp._MNS-0	2866628	S	25	221	246	0.00012
Diaphorobacter_sp._JS3050	2735554	S	20	227	247	0.00012
Diaphorobacter_ruginosibacter	1715720	S	363	67	430	0.00021
Diaphorobacter_aerolatus	1288495	S	238	364	602	0.00029
Diaphorobacter_nitroreducens	164759	S	51	154	205	0.00010
[Acidovorax]_ebreus	721785	S	45	274	319	0.00015
Polaromonas_sp._JS666	296591	S	557	533	1090	0.00052
Polaromonas_naphthalenivorans	216465	S	435	71	506	0.00024
Polaromonas_vacuolata	37448	S	44	4	48	0.00002
Kinneretia_sp._DAIF2	2714952	S	1126	404	1530	0.00074
Kinneretia_sp._XES5	2877940	S	240	296	536	0.00026
Ottowia_sp._27C	2816950	S	465	93	558	0.00027
Ottowia_sp._oral_taxon_894	1658672	S	145	21	166	0.00008
Ottowia_oryzae	2109914	S	372	83	455	0.00022
Alicycliphilus_denitrificans	179636	S	778	1371	2149	0.00103
Melaminivora_sp._SC2-9	2109913	S	379	432	811	0.00039
Melaminivora_jejuensis	1267217	S	293	223	516	0.00025
Serpentinimonas_maccroryi	1458426	S	224	69	293	0.00014
Serpentinimonas_raichei	1458425	S	192	66	258	0.00012
Hylemonella_gracilis	80880	S	442	64	506	0.00024
Verminephrobacter_eiseniae	364317	S	400	49	449	0.00022
Pulveribacter_suum	2116657	S	349	183	532	0.00026
Simplicispira_suum	2109915	S	232	84	316	0.00015
Limnohabitans_sp._63ED37-2	1678128	S	164	19	183	0.00009
Limnohabitans_sp._103DPR2	1678129	S	34	2	36	0.00002
Curvibacter_sp._AEP1-3	1844971	S	139	10	149	0.00007
Candidatus_Symbiobacter_mobilis	1436290	S	86	2	88	0.00004
Burkholderia_ubonensis	101571	S	735	585	1320	0.00063
Burkholderia_multivorans	87883	S	706	361	1067	0.00051
Burkholderia_cenocepacia	95486	S	570	2356	2926	0.00141
Burkholderia_cepacia	292	S	480	534	1014	0.00049
Burkholderia_pyrrocinia	60550	S	293	217	510	0.00025
Burkholderia_contaminans	488447	S	277	225	502	0.00024
Burkholderia_ambifaria	152480	S	270	315	585	0.00028
Burkholderia_stagnalis	1503054	S	258	110	368	0.00018
Burkholderia_anthina	179879	S	219	248	467	0.00022
Burkholderia_dolosa	152500	S	209	83	292	0.00014
Burkholderia_lata	482957	S	204	238	442	0.00021
Burkholderia_stabilis	95485	S	203	179	382	0.00018
Burkholderia_territorii	1503055	S	174	110	284	0.00014
Burkholderia_seminalis	488731	S	157	96	253	0.00012
Burkholderia_vietnamiensis	60552	S	131	483	614	0.00030
Burkholderia_metallica	488729	S	111	69	180	0.00009
Burkholderia_pseudomultivorans	1207504	S	96	143	239	0.00012
Burkholderia_diffusa	488732	S	73	47	120	0.00006
Burkholderia_latens	488446	S	43	128	171	0.00008
Burkholderia_aenigmatica	2015348	S	30	81	111	0.00005
Burkholderia_pseudomallei	28450	S	345	3736	4081	0.00196
Burkholderia_mayonis	1385591	S	239	61	300	0.00014
Burkholderia_thailandensis	57975	S	225	210	435	0.00021
Burkholderia_oklahomensis	342113	S	162	74	236	0.00011
Burkholderia_savannae	1637837	S	33	39	72	0.00003
Burkholderia_sp._MSMB1588	1636423	S	13	42	55	0.00003
Burkholderia_sp._MSMB617WGS	1637831	S	12	28	40	0.00002
Burkholderia_sp._DHOD12	2571746	S	435	59	494	0.00024
Burkholderia_sp._Bp7605	1740163	S	234	37	271	0.00013
Burkholderia_sp._NRF60-BP8	1637853	S	86	61	147	0.00007
Burkholderia_sp._JP2-270	2217913	S	79	67	146	0.00007
Burkholderia_sp._MSMB0856	1637869	S	77	60	137	0.00007
Burkholderia_sp._LA-2-3-30-S1-D2	1637862	S	73	52	125	0.00006
Burkholderia_sp._PAMC_26561	1795043	S	63	82	145	0.00007
Burkholderia_sp._MS455	2811788	S	58	54	112	0.00005
Burkholderia_sp._PAMC_28687	1795874	S	43	86	129	0.00006
Burkholderia_sp._IDO3	1705310	S	34	68	102	0.00005
Burkholderia_sp._KBS0801	1179675	S	25	76	101	0.00005
Burkholderia_sp._LAS2	2813843	S	13	92	105	0.00005
Burkholderia_gladioli	28095	S	877	293	1170	0.00056
Burkholderia_glumae	337	S	352	141	493	0.00024
Burkholderia_plantarii	41899	S	273	126	399	0.00019
Burkholderia_perseverans	2615214	S	187	93	280	0.00013
Cupriavidus_taiwanensis	164546	S	1642	1330	2972	0.00143
Cupriavidus_pauculus	82633	S	1215	524	1739	0.00084
Cupriavidus_necator	106590	S	720	601	1321	0.00064
Cupriavidus_oxalaticus	96344	S	705	308	1013	0.00049
Cupriavidus_basilensis	68895	S	667	351	1018	0.00049
Cupriavidus_sp._EM10	2839983	S	270	163	433	0.00021
Cupriavidus_sp._MP-37	2884455	S	161	166	327	0.00016
Cupriavidus_sp._KK10	1478019	S	48	145	193	0.00009
Cupriavidus_sp._ISTL7	2771360	S	46	300	346	0.00017
Cupriavidus_sp._USMAA2-4	876364	S	40	276	316	0.00015
Cupriavidus_sp._USMAHM13	1389192	S	26	182	208	0.00010
Cupriavidus_campinensis	151783	S	533	196	729	0.00035
Cupriavidus_metallidurans	119219	S	349	215	564	0.00027
Cupriavidus_pinatubonensis	248026	S	326	56	382	0.00018
Cupriavidus_gilardii	82541	S	129	659	788	0.00038
Cupriavidus_neocaledonicus	1040979	S	128	158	286	0.00014
Cupriavidus_nantongensis	1796606	S	108	280	388	0.00019
Cupriavidus_malaysiensis	367825	S	29	194	223	0.00011
Paraburkholderia_sp._SOS3	1926494	S	282	45	327	0.00016
Paraburkholderia_sp._PGU16	2735433	S	161	91	252	0.00012
Paraburkholderia_sp._PGU19	2735434	S	130	113	243	0.00012
Paraburkholderia_pallida	2547399	S	411	80	491	0.00024
Paraburkholderia_acidisoli	2571748	S	360	71	431	0.00021
Paraburkholderia_aromaticivorans	2026199	S	358	160	518	0.00025
Paraburkholderia_tropica	92647	S	329	81	410	0.00020
Paraburkholderia_caribensis	75105	S	314	242	556	0.00027
Paraburkholderia_acidiphila	2571747	S	298	63	361	0.00017
Paraburkholderia_terricola	169427	S	294	92	386	0.00019
Paraburkholderia_phytofirmans	261302	S	294	143	437	0.00021
Paraburkholderia_edwinii	2861782	S	270	40	310	0.00015
Paraburkholderia_sprentiae	948107	S	254	59	313	0.00015
Paraburkholderia_atlantica	2654982	S	252	66	318	0.00015
Paraburkholderia_phymatum	148447	S	244	64	308	0.00015
Paraburkholderia_graminis	60548	S	237	62	299	0.00014
Paraburkholderia_phenoliruptrix	252970	S	226	68	294	0.00014
Paraburkholderia_fungorum	134537	S	224	54	278	0.00013
Paraburkholderia_megapolitana	420953	S	211	22	233	0.00011
Paraburkholderia_terrae	311230	S	183	210	393	0.00019
Paraburkholderia_caledonica	134536	S	173	33	206	0.00010
Paraburkholderia_ginsengisoli	311231	S	169	54	223	0.00011
Paraburkholderia_caffeinilytica	1761016	S	163	44	207	0.00010
Paraburkholderia_hospita	169430	S	152	173	325	0.00016
Paraburkholderia_dokdonella	2211211	S	145	42	187	0.00009
Paraburkholderia_xenovorans	36873	S	137	165	302	0.00015
Paraburkholderia_dioscoreae	2604047	S	135	91	226	0.00011
Ralstonia_solanacearum	305	S	856	1890	2746	0.00132
Ralstonia_insidiosa	190721	S	241	175	416	0.00020
Ralstonia_mannitolilytica	105219	S	191	241	432	0.00021
Ralstonia_pickettii	329	S	167	85	252	0.00012
Ralstonia_sp._56D2	2842456	S	135	22	157	0.00008
Ralstonia_syzygii	28097	S	13	32	45	0.00002
Pandoraea_pnomenusa	93220	S	316	159	475	0.00023
Pandoraea_thiooxydans	445709	S	288	24	312	0.00015
Pandoraea_pulmonicola	93221	S	236	54	290	0.00014
Pandoraea_vervacti	656178	S	192	59	251	0.00012
Pandoraea_faecigallinarum	656179	S	189	54	243	0.00012
Pandoraea_norimbergensis	93219	S	185	30	215	0.00010
Pandoraea_sp._XY-2	2518599	S	181	91	272	0.00013
Pandoraea_fibrosis	1891094	S	145	51	196	0.00009
Pandoraea_apista	93218	S	141	78	219	0.00011
Pandoraea_oxalativorans	573737	S	117	59	176	0.00009
Pandoraea_sputorum	93222	S	115	54	169	0.00008
Caballeronia_sp._Lep1P3	2878150	S	256	66	322	0.00016
Caballeronia_sp._TF1N1	2878153	S	209	27	236	0.00011
Caballeronia_sp._SL2Y3	2878151	S	128	78	206	0.00010
Caballeronia_sp._Sq4a	2878152	S	109	84	193	0.00009
Caballeronia_sp._M1242	2814653	S	104	78	182	0.00009
Caballeronia_sp._SBC2	2705547	S	14	123	137	0.00007
Caballeronia_sp._SBC1	2705548	S	10	123	133	0.00006
Caballeronia_zhejiangensis	871203	S	297	77	374	0.00018
Caballeronia_insecticola	758793	S	294	69	363	0.00017
Caballeronia_grimmiae	1071679	S	249	127	376	0.00018
Polynucleobacter_sp._MWH-UH24A	2689110	S	19	2	21	0.00001
Polynucleobacter_sp._AP-Nino-20-G2	2576917	S	11	26	37	0.00002
Polynucleobacter_acidiphobus	556053	S	42	4	46	0.00002
Polynucleobacter_necessarius	576610	S	22	7	29	0.00001
Polynucleobacter_difficilis	556054	S	17	2	19	0.00001
Polynucleobacter_asymbioticus	576611	S	17	4	21	0.00001
Lautropia_mirabilis	47671	S	253	44	297	0.00014
Mycetohabitans_rhizoxinica	412963	S	182	12	194	0.00009
Chitinimonas_arctica	2594795	S	151	11	162	0.00008
Limnobacter_sp._SAORIC-580	2732163	S	57	2	59	0.00003
Mycoavidus_cysteinexigens	1553431	S	21	3	24	0.00001
Mycoavidus_sp._HKI	2840467	S	15	1	16	0.00001
Ephemeroptericola_cinctiostellae	2268024	S	19	1	20	0.00001
Massilia_sp._LPB0304	2769491	S	1411	358	1769	0.00085
Massilia_sp._HC52	2852099	S	1402	390	1792	0.00086
Massilia_sp._WG5	1707785	S	1139	507	1646	0.00079
Massilia_sp._DM-R-R2A-13	2899220	S	862	193	1055	0.00051
Massilia_sp._NP310	2861282	S	776	518	1294	0.00062
Massilia_sp._YMA4	1593482	S	706	369	1075	0.00052
Massilia_sp._PAMC28688	2861283	S	567	86	653	0.00031
Massilia_sp._MB5	2919578	S	136	601	737	0.00035
Massilia_sp._NR_4-1	1678028	S	127	542	669	0.00032
Massilia_sp._Dwa41.01b	2709302	S	13	596	609	0.00029
Massilia_violaceinigra	2045208	S	1275	360	1635	0.00079
Massilia_putida	1141883	S	933	299	1232	0.00059
Massilia_lutea	321985	S	910	277	1187	0.00057
Massilia_umbonata	864828	S	897	359	1256	0.00060
Massilia_flava	871742	S	856	207	1063	0.00051
Massilia_albidiflava	321983	S	726	289	1015	0.00049
Massilia_armeniaca	2072590	S	594	313	907	0.00044
Massilia_plicata	321984	S	561	146	707	0.00034
Massilia_oculi	945844	S	555	356	911	0.00044
Massilia_antarctica	2765360	S	488	183	671	0.00032
Duganella_sp._AF9R3	2728021	S	1866	386	2252	0.00108
Duganella_sp._GN2-R2	2728020	S	729	302	1031	0.00050
Janthinobacterium_sp._1_2014MBL_MicDiv	1644131	S	331	120	451	0.00022
Janthinobacterium_sp._17J80-10	2497863	S	242	35	277	0.00013
Janthinobacterium_sp._LM6	1938606	S	145	90	235	0.00011
Janthinobacterium_sp._PAMC25594	2861284	S	96	58	154	0.00007
Janthinobacterium_sp._Marseille	375286	S	94	23	117	0.00006
Janthinobacterium_sp._HH102	1537274	S	70	105	175	0.00008
Janthinobacterium_sp._B9-8	1236179	S	16	4	20	0.00001
Janthinobacterium_agaricidamnosum	55508	S	512	746	1258	0.00061
Janthinobacterium_tructae	2590869	S	117	56	173	0.00008
Janthinobacterium_lividum	29581	S	92	85	177	0.00009
Janthinobacterium_svalbardensis	368607	S	92	43	135	0.00007
Herbaspirillum_robiniae	2014887	S	409	148	557	0.00027
Herbaspirillum_frisingense	92645	S	303	93	396	0.00019
Herbaspirillum_hiltneri	341045	S	298	50	348	0.00017
Herbaspirillum_seropedicae	964	S	271	195	466	0.00022
Herbaspirillum_rubrisubalbicans	80842	S	227	100	327	0.00016
Herbaspirillum_sp._meg3	2025949	S	180	20	200	0.00010
Herbaspirillum_huttiense	863372	S	179	70	249	0.00012
Collimonas_fungivorans	158899	S	329	82	411	0.00020
Collimonas_pratensis	279113	S	260	46	306	0.00015
Collimonas_arenae	279058	S	232	26	258	0.00012
Noviherbaspirillum_sp._UKPF54	2601898	S	602	100	702	0.00034
Undibacterium_sp._KW1	2058624	S	30	10	40	0.00002
Undibacterium_sp._YM2	2058625	S	27	9	36	0.00002
Undibacterium_parvum	401471	S	33	4	37	0.00002
Glaciimonas_sp._PAMC28666	2807626	S	49	3	52	0.00003
Herminiimonas_arsenitoxidans	1809410	S	36	5	41	0.00002
Oxalobacter_formigenes	847	S	25	2	27	0.00001
Rhizobacter_sp._AJA081-3	2753607	S	1700	484	2184	0.00105
Rhizobacter_gummiphilus	946333	S	1689	363	2052	0.00099
Methylibium_sp._Pch-M	2082386	S	825	833	1658	0.00080
Methylibium_petroleiphilum	105560	S	740	784	1524	0.00073
Aquincola_tertiaricarbonis	391953	S	1861	689	2550	0.00123
Sphaerotilus_sp._FB-5	2914710	S	927	607	1534	0.00074
Sphaerotilus_natans	34103	S	816	347	1163	0.00056
Mitsuaria_sp._7	1658665	S	1725	372	2097	0.00101
Rubrivivax_gelatinosus	28068	S	1515	512	2027	0.00098
Leptothrix_cholodnii	34029	S	957	334	1291	0.00062
Thiomonas_sp._X19	1050370	S	306	113	419	0.00020
Thiomonas_intermedia	926	S	209	30	239	0.00012
Thiomonas_arsenitoxydans	426114	S	70	134	204	0.00010
Ideonella_dechloratans	36863	S	618	394	1012	0.00049
Xylophilus_rhododendri	2697032	S	588	179	767	0.00037
Aquabacterium_olei	1296669	S	522	147	669	0.00032
Roseateles_depolymerans	76731	S	499	103	602	0.00029
Tepidimonas_taiwanensis	307486	S	404	150	554	0.00027
Inhella_inkyongensis	392593	S	360	60	420	0.00020
Paucibacter_sp._KCTC_42545	1768242	S	271	48	319	0.00015
Achromobacter_xylosoxidans	85698	S	1104	1828	2932	0.00141
Achromobacter_sp._AONIH1	1758194	S	319	407	726	0.00035
Achromobacter_sp._MFA1_R4	1881016	S	310	92	402	0.00019
Achromobacter_sp._77	2756133	S	103	244	347	0.00017
Achromobacter_sp._B7	2282475	S	42	100	142	0.00007
Achromobacter_sp._ES-001	2860286	S	42	136	178	0.00009
Achromobacter_spanius	217203	S	731	297	1028	0.00049
Achromobacter_denitrificans	32002	S	528	379	907	0.00044
Achromobacter_deleyi	1353891	S	389	268	657	0.00032
Achromobacter_insolitus	217204	S	255	70	325	0.00016
Achromobacter_pestifer	1353889	S	188	126	314	0.00015
Achromobacter_mucicolens	1389922	S	186	270	456	0.00022
Bordetella_sp._N	1746199	S	314	38	352	0.00017
Bordetella_sp._H567	1697043	S	302	39	341	0.00016
Bordetella_genomosp._13	463040	S	403	289	692	0.00033
Bordetella_bronchialis	463025	S	389	53	442	0.00021
Bordetella_genomosp._8	1416806	S	356	43	399	0.00019
Bordetella_flabilis	463014	S	334	28	362	0.00017
Bordetella_genomosp._9	1416803	S	298	77	375	0.00018
Bordetella_hinzii	103855	S	270	120	390	0.00019
Bordetella_petrii	94624	S	265	361	626	0.00030
Bordetella_trematum	123899	S	227	97	324	0.00016
Bordetella_pseudohinzii	1331258	S	175	81	256	0.00012
Bordetella_bronchiseptica	518	S	145	727	872	0.00042
Bordetella_holmesii	35814	S	93	29	122	0.00006
Bordetella_avium	521	S	87	10	97	0.00005
Bordetella_genomosp._6	463024	S	51	108	159	0.00008
Bordetella_pertussis	520	S	27	280	307	0.00015
Bordetella_parapertussis	519	S	18	229	247	0.00012
Pigmentiphaga_sp._H8	2488560	S	572	75	647	0.00031
Pigmentiphaga_aceris	1940612	S	180	12	192	0.00009
Castellaniella_defragrans	75697	S	402	273	675	0.00033
Orrella_dioscoreae	1851544	S	318	116	434	0.00021
Orrella_marina	2163011	S	40	7	47	0.00002
Orrella_sp._f23	2782176	S	15	1	16	0.00001
Alcaligenes_faecalis	511	S	84	77	161	0.00008
Alcaligenes_aquatilis	323284	S	20	74	94	0.00005
Alcaligenes_sp._SORT26	2813780	S	15	2	17	0.00001
Pusillimonas_sp._T7-7	1007105	S	69	11	80	0.00004
Pusillimonas_sp._DMV24BSW_D	2716226	S	27	1	28	0.00001
Pusillimonas_thiosulfatoxidans	2028345	S	89	23	112	0.00005
Paralcaligenes_sp._KSB-10	2901142	S	124	5	129	0.00006
Kerstersia_gyiorum	206506	S	97	20	117	0.00006
Advenella_kashmirensis	310575	S	45	2	47	0.00002
Advenella_mimigardefordensis	302406	S	37	2	39	0.00002
Oligella_urethralis	90245	S	10	0	10	0.00001
Sutterella_megalosphaeroides	2494234	S	91	18	109	0.00005
Sutterella_faecalis	2584944	S	81	14	95	0.00005
Sutterella_wadsworthensis	40545	S	31	4	35	0.00002
Turicimonas_muris	1796652	S	14	1	15	0.00001
Thiobacillus_denitrificans	36861	S	6265	1109	7374	0.00355
Sulfuritortus_calidifontis	1914471	S	341	139	480	0.00023
Nitrosospira_multiformis	1231	S	3711	97	3808	0.00183
Nitrosospira_lacus	1288494	S	240	6	246	0.00012
Nitrosospira_sp._NRS527	155925	S	127	80	207	0.00010
Nitrosospira_briensis	35799	S	99	67	166	0.00008
Nitrosomonas_communis	44574	S	919	16	935	0.00045
Nitrosomonas_ureae	44577	S	69	1	70	0.00003
Nitrosomonas_europaea	915	S	36	4	40	0.00002
Nitrosomonas_eutropha	916	S	11	5	16	0.00001
Usitatibacter_rugosus	2732067	S	1673	177	1850	0.00089
Usitatibacter_palustris	2732487	S	1441	163	1604	0.00077
Methyloversatilis_sp._RAC08	1842540	S	658	85	743	0.00036
Denitratisoma_sp._DHT3	1981880	S	294	220	514	0.00025
Denitratisoma_oestradiolicum	311182	S	152	26	178	0.00009
Sulfuritalea_hydrogenivorans	748811	S	343	50	393	0.00019
Sterolibacterium_denitrificans	157592	S	215	58	273	0.00013
Sideroxydans_sp._MIZ01	2764705	S	171	29	200	0.00010
Sideroxydans_lithotrophicus	63745	S	123	15	138	0.00007
Ferrigenium_kumadai	1682490	S	201	34	235	0.00011
Candidatus_Nitrotoga_arctica	453162	S	33	9	42	0.00002
Candidatus_Nitrotoga_sp._AM1P	2559597	S	23	6	29	0.00001
Gallionella_capsiferriformans	370405	S	62	4	66	0.00003
Ferriphaselus_amnicola	1188319	S	55	5	60	0.00003
Sulfurimicrobium_lacus	2715678	S	276	29	305	0.00015
Sulfuriferula_plumbiphila	171865	S	169	25	194	0.00009
Sulfuriferula_sp._AH1	1985873	S	81	13	94	0.00005
Sulfuriferula_nivalis	2675298	S	15	0	15	0.00001
Sulfuricella_denitrificans	649841	S	106	7	113	0.00005
Methylovorus_sp._MP688	887061	S	43	51	94	0.00005
Methylovorus_glucosotrophus	266009	S	41	44	85	0.00004
Methylophilus_sp._TWE2	1662285	S	74	9	83	0.00004
Methylophilus_medardicus	2588534	S	33	5	38	0.00002
Methylobacillus_flagellatus	405	S	105	26	131	0.00006
Methylotenera_mobilis	359408	S	50	9	59	0.00003
Methylotenera_versatilis	1055487	S	31	6	37	0.00002
Methyloradius_palustris	2778876	S	36	3	39	0.00002
Candidatus_Methylopumilus_turicensis	1581680	S	11	2	13	0.00001
Candidatus_Methylopumilus_universalis	2588536	S	10	1	11	0.00001
Thauera_sp._MZ1T	85643	S	481	484	965	0.00046
Thauera_sp._K11	2005884	S	459	270	729	0.00035
Thauera_humireducens	1134435	S	341	193	534	0.00026
Thauera_chlorobenzoica	96773	S	243	229	472	0.00023
Thauera_aromatica	59405	S	213	296	509	0.00025
Thauera_hydrothermalis	2184083	S	135	38	173	0.00008
Azoarcus_sp._KH32C	748247	S	567	103	670	0.00032
Azoarcus_sp._DD4	2027405	S	499	323	822	0.00040
Azoarcus_olearius	418699	S	501	187	688	0.00033
Azoarcus_communis	41977	S	358	134	492	0.00024
Nitrogeniibacter_mangrovi	2016596	S	388	78	466	0.00022
Nitrogeniibacter_aestuarii	2815343	S	178	18	196	0.00009
Aromatoleum_petrolei	76116	S	499	123	622	0.00030
Aromatoleum_aromaticum	551760	S	399	280	679	0.00033
Aromatoleum_bremense	76115	S	312	176	488	0.00024
Aromatoleum_pumilum	2067960	S	303	109	412	0.00020
Azospira_restricta	404405	S	798	406	1204	0.00058
Azospira_inquinata	2785627	S	71	5	76	0.00004
Azospira_sp._I09	1765049	S	59	180	239	0.00012
Azospira_oryzae	146939	S	45	116	161	0.00008
Niveibacterium_microcysteis	2811415	S	307	43	350	0.00017
Oryzomicrobium_terrae	1735038	S	211	56	267	0.00013
Rugosibacter_aromaticivorans	1565605	S	56	9	65	0.00003
Dechloromonas_denitrificans	281362	S	350	84	434	0.00021
Dechloromonas_sp._HYN0024	2231055	S	88	20	108	0.00005
Dechloromonas_sp._TW-R-39-2	2654218	S	67	27	94	0.00005
Ferribacterium_limneticum	76259	S	503	92	595	0.00029
Quatrionicoccus_australiensis	138118	S	192	60	252	0.00012
Fluviibacter_phosphoraccumulans	1751046	S	31	9	40	0.00002
Chromobacterium_sp._ATCC_53434	2059672	S	200	70	270	0.00013
Chromobacterium_sp._Rain0013	2292447	S	32	39	71	0.00003
Chromobacterium_sp._Beijing	2735795	S	27	75	102	0.00005
Chromobacterium_vaccinii	1108595	S	208	90	298	0.00014
Chromobacterium_violaceum	536	S	187	109	296	0.00014
Chromobacterium_phragmitis	2202141	S	131	57	188	0.00009
Chromobacterium_paludis	2605945	S	113	45	158	0.00008
Chromobacterium_rhizoryzae	1778675	S	35	178	213	0.00010
Chromobacterium_haemolyticum	394935	S	21	132	153	0.00007
Iodobacter_ciconiae	2496266	S	16	3	19	0.00001
Iodobacter_fluviatilis	537	S	14	3	17	0.00001
Jeongeupia_sp._USM3	1906741	S	305	80	385	0.00019
Jeongeupia_sp._HS-3	1009682	S	134	26	160	0.00008
Paludibacterium_yongneupense	400061	S	141	19	160	0.00008
Paludibacterium_paludis	1225769	S	129	24	153	0.00007
Paludibacterium_sp._B53371	2806263	S	107	21	128	0.00006
Vogesella_sp._LIG4	1192162	S	170	46	216	0.00010
Vogesella_sp._XCS3	2877939	S	81	22	103	0.00005
Pseudogulbenkiania_sp._NH8B	748280	S	244	83	327	0.00016
Aquitalea_aquatilis	1537400	S	51	16	67	0.00003
Aquitalea_magnusonii	332411	S	42	23	65	0.00003
Aquitalea_sp._USM4	1590041	S	35	18	53	0.00003
Aquitalea_denitrificans	519081	S	34	17	51	0.00002
Microvirgula_aerodenitrificans	57480	S	170	32	202	0.00010
Laribacter_hongkongensis	168471	S	161	139	300	0.00014
Aquaspirillum_sp._LM1	1938604	S	89	13	102	0.00005
Deefgea_sp._D17	2739061	S	12	3	15	0.00001
Deefgea_sp._D13	2864875	S	11	2	13	0.00001
Chitinibacter_bivalviorum	2739434	S	16	11	27	0.00001
Chitinibacter_fontanus	1737446	S	14	2	16	0.00001
Neisseria_sp._KEM232	655307	S	31	5	36	0.00002
Neisseria_sp._oral_taxon_014	641148	S	16	8	24	0.00001
Neisseria_bacilliformis	267212	S	35	9	44	0.00002
Neisseria_elongata	495	S	35	21	56	0.00003
Neisseria_dentiae	194197	S	35	4	39	0.00002
Neisseria_chenwenguii	1853278	S	30	3	33	0.00002
Neisseria_shayeganii	607712	S	26	4	30	0.00001
Neisseria_musculi	1815583	S	25	2	27	0.00001
Neisseria_meningitidis	487	S	24	180	204	0.00010
Neisseria_gonorrhoeae	485	S	21	21	42	0.00002
Neisseria_animalis	492	S	18	2	20	0.00001
Neisseria_weaveri	28091	S	14	5	19	0.00001
Neisseria_brasiliensis	2666100	S	13	11	24	0.00001
Neisseria_lactamica	486	S	13	16	29	0.00001
Neisseria_animaloris	326522	S	11	2	13	0.00001
Neisseria_dumasiana	1931275	S	10	4	14	0.00001
Crenobacter_cavernae	2290923	S	344	109	453	0.00022
Chitinolyticbacter_meiyuanensis	682798	S	234	28	262	0.00013
Vitreoscilla_filiformis	63	S	122	22	144	0.00007
Vitreoscilla_massiliensis	1689272	S	13	4	17	0.00001
Kingella_potus	265175	S	33	5	38	0.00002
Kingella_oralis	505	S	27	4	31	0.00002
Kingella_denitrificans	502	S	22	15	37	0.00002
Eikenella_corrodens	539	S	36	25	61	0.00003
Eikenella_exigua	2528037	S	11	7	18	0.00001
Uruburuella_suis	252130	S	24	5	29	0.00001
Uruburuella_testudinis	1282863	S	19	4	23	0.00001
Paralysiella_testudinis	2809020	S	19	4	23	0.00001
Neisseriaceae_bacterium_CCUG_44465	2917790	S	14	2	16	0.00001
Casimicrobium_huifangae	2591109	S	263	122	385	0.00019
Lysobacter_sp._KIS68-7	2904252	S	1601	298	1899	0.00091
Lysobacter_sp._TY2-98	2290922	S	730	110	840	0.00040
Lysobacter_sp._5GHs7-4	2904253	S	562	166	728	0.00035
Lysobacter_sp._CECT_30171	2822368	S	531	122	653	0.00031
Lysobacter_sp._S4-A87	2925843	S	502	165	667	0.00032
Lysobacter_sp._CW239	2762611	S	362	193	555	0.00027
Lysobacter_sp._K5869	2820808	S	317	156	473	0.00023
Lysobacter_sp._H21R4	2781021	S	94	195	289	0.00014
Lysobacter_sp._CJ11	2764185	S	59	5	64	0.00003
Lysobacter_sp._H23M47	2781024	S	47	248	295	0.00014
Lysobacter_sp._HDW10	2714936	S	40	10	50	0.00002
Lysobacter_soli	453783	S	2268	450	2718	0.00131
Lysobacter_enzymogenes	69	S	1288	468	1756	0.00084
Lysobacter_solisilvae_(ex_Kim_et_al._2021)	2763317	S	933	178	1111	0.00053
Lysobacter_solisilvae_(ex_Woo_and_Kim_2022)	2865112	S	932	262	1194	0.00057
Lysobacter_capsici	435897	S	822	911	1733	0.00083
Lysobacter_lycopersici	1324796	S	621	124	745	0.00036
Lysobacter_antibioticus	84531	S	608	125	733	0.00035
Lysobacter_maris	1605891	S	557	127	684	0.00033
Lysobacter_arenosi	2795387	S	471	150	621	0.00030
Lysobacter_alkalisoli	2591633	S	445	75	520	0.00025
Lysobacter_oculi	2698682	S	393	101	494	0.00024
Lysobacter_ciconiae	2781022	S	89	170	259	0.00012
Lysobacter_gummosus	262324	S	64	565	629	0.00030
Lysobacter_avium	2781023	S	53	254	307	0.00015
Stenotrophomonas_maltophilia	40324	S	1404	1851	3255	0.00157
Stenotrophomonas_sp._SAU14A_NAIMI4_5	2072413	S	84	51	135	0.00006
Stenotrophomonas_sp._ESTM1D_MKCIP4_1	2072414	S	78	30	108	0.00005
Stenotrophomonas_sp._ZAC14D2_NAIMI4_7	2072405	S	45	48	93	0.00005
Stenotrophomonas_sp._ZAC14D2_NAIMI4_6	2072406	S	34	67	101	0.00005
Stenotrophomonas_sp._ZAC14A_NAIMI4_1	2072412	S	25	47	72	0.00003
Stenotrophomonas_sp._YAU14D1_LEIMI4_1	2072407	S	22	38	60	0.00003
Stenotrophomonas_sp._SAU14A_NAIMI4_8	2072409	S	14	81	95	0.00005
Stenotrophomonas_sp._YAU14A_MKIMI4_1	2072408	S	11	64	75	0.00004
Stenotrophomonas_sp._SI-NJAU-1	2886359	S	157	636	793	0.00038
Stenotrophomonas_sp._LM091	1904944	S	152	53	205	0.00010
Stenotrophomonas_sp._G4	2303750	S	151	594	745	0.00036
Stenotrophomonas_sp._169	2770322	S	149	22	171	0.00008
Stenotrophomonas_sp._DR822	2871174	S	133	197	330	0.00016
Stenotrophomonas_sp._364	2691571	S	112	39	151	0.00007
Stenotrophomonas_sp._NA06056	2742129	S	70	30	100	0.00005
Stenotrophomonas_sp._WZN-1	2005046	S	35	36	71	0.00003
Stenotrophomonas_sp._MYb57	1827305	S	26	99	125	0.00006
Stenotrophomonas_sp._Pemsol	2040586	S	17	46	63	0.00003
Stenotrophomonas_rhizophila	216778	S	541	146	687	0.00033
Stenotrophomonas_acidaminiphila	128780	S	298	636	934	0.00045
Stenotrophomonas_indicatrix	2045451	S	54	189	243	0.00012
Xanthomonas_translucens	343	S	503	613	1116	0.00054
Xanthomonas_campestris	339	S	410	813	1223	0.00059
Xanthomonas_sp._SI	2724123	S	59	99	158	0.00008
Xanthomonas_sp._GW	2724121	S	57	81	138	0.00007
Xanthomonas_sp._SS	2724122	S	40	66	106	0.00005
Xanthomonas_sp._MLO165	2081477	S	15	17	32	0.00002
Xanthomonas_sacchari	56458	S	282	89	371	0.00018
Xanthomonas_arboricola	56448	S	218	185	403	0.00019
Xanthomonas_theicola	56464	S	190	56	246	0.00012
Xanthomonas_citri	346	S	177	2162	2339	0.00113
Xanthomonas_oryzae	347	S	166	53	219	0.00011
Xanthomonas_hyacinthi	56455	S	136	75	211	0.00010
Xanthomonas_albilineans	29447	S	119	16	135	0.00007
Xanthomonas_fragariae	48664	S	106	21	127	0.00006
Xanthomonas_vesicatoria	56460	S	103	52	155	0.00007
Xanthomonas_hortorum	56454	S	97	64	161	0.00008
Xanthomonas_cucurbitae	56453	S	90	14	104	0.00005
Xanthomonas_vasicola	56459	S	80	21	101	0.00005
Xanthomonas_cassavae	56450	S	63	13	76	0.00004
Xanthomonas_euroxanthea	2259622	S	58	53	111	0.00005
Xanthomonas_hydrangeae	2775159	S	51	15	66	0.00003
Xanthomonas_phaseoli	1985254	S	43	58	101	0.00005
Xanthomonas_axonopodis	53413	S	43	12	55	0.00003
Xanthomonas_euvesicatoria	456327	S	32	92	124	0.00006
Pseudoxanthomonas_mexicana	128785	S	1186	1125	2311	0.00111
Pseudoxanthomonas_suwonensis	314722	S	771	353	1124	0.00054
Pseudoxanthomonas_sp._X-1	2571115	S	363	306	669	0.00032
Pseudoxanthomonas_sp._F37	2932492	S	11	422	433	0.00021
Pseudoxanthomonas_daejeonensis	266062	S	356	81	437	0.00021
Pseudoxanthomonas_spadix	415229	S	229	81	310	0.00015
Luteimonas_sp._MC1750	2799326	S	396	137	533	0.00026
Luteimonas_sp._S4-F44	2925842	S	357	65	422	0.00020
Luteimonas_sp._D4P002	2901869	S	345	86	431	0.00021
Luteimonas_sp._MC1572	2799325	S	320	149	469	0.00023
Luteimonas_sp._JM171	1896164	S	318	60	378	0.00018
Luteimonas_sp._MC1825	2761107	S	310	148	458	0.00022
Luteimonas_sp._YGD11-2	2508168	S	309	125	434	0.00021
Luteimonas_granuli	1176533	S	374	123	497	0.00024
Luteimonas_yindakuii	2565782	S	307	111	418	0.00020
Luteimonas_chenhongjianii	2006110	S	275	55	330	0.00016
Thermomonas_aquatica	2202149	S	557	277	834	0.00040
Thermomonas_sp._XSG	2771436	S	282	117	399	0.00019
Thermomonas_sp._HDW16	2714945	S	251	64	315	0.00015
Thermomonas_brevis	215691	S	415	163	578	0.00028
Thermomonas_carbonis	1463158	S	350	70	420	0.00020
Arenimonas_daejeonensis	370777	S	976	186	1162	0.00056
Pseudolysobacter_antarcticus	2511995	S	217	5	222	0.00011
Xylella_fastidiosa	2371	S	31	9	40	0.00002
Xylella_taiwanensis	1444770	S	18	0	18	0.00001
Luteibacter_sp._321	2911537	S	281	77	358	0.00017
Luteibacter_sp._EIF3	2780091	S	184	26	210	0.00010
Luteibacter_sp._335	2911538	S	166	34	200	0.00010
Luteibacter_sp._353	2911539	S	160	45	205	0.00010
Luteibacter_rhizovicinus	242606	S	219	27	246	0.00012
Luteibacter_pinisoli	2589080	S	216	48	264	0.00013
Luteibacter_anthropi	564369	S	166	26	192	0.00009
Rhodanobacter_denitrificans	666685	S	429	170	599	0.00029
Rhodanobacter_sp._FDAARGOS_1247	2778082	S	273	90	363	0.00017
Rhodanobacter_thiooxydans	416169	S	253	121	374	0.00018
Rhodanobacter_glycinis	582702	S	184	33	217	0.00010
Dyella_thiooxydans	445710	S	339	104	443	0.00021
Dyella_japonica	231455	S	201	69	270	0.00013
Dyella_telluris	2763498	S	139	42	181	0.00009
Dyella_terrae	522259	S	126	19	145	0.00007
Dyella_caseinilytica	1849581	S	78	6	84	0.00004
Dyella_sp._M7H15-1	2501295	S	65	6	71	0.00003
Frateuria_sp._5GH9-11	1542730	S	351	141	492	0.00024
Frateuria_sp._5GH9-34	2898793	S	331	104	435	0.00021
Frateuria_aurantia	81475	S	69	8	77	0.00004
Dokdonella_koreensis	323415	S	638	105	743	0.00036
Aerosticca_soli	2010829	S	322	406	728	0.00035
Ahniella_affigens	2021234	S	172	4	176	0.00008
Pseudomonas_sp._7SR1	1881017	S	542	105	647	0.00031
Pseudomonas_sp._LS.1a	2920387	S	219	111	330	0.00016
Pseudomonas_sp._SCB32	2653853	S	151	37	188	0.00009
Pseudomonas_sp._KNUC1026	2893890	S	144	13	157	0.00008
Pseudomonas_sp._PDNC002	2811422	S	144	37	181	0.00009
Pseudomonas_sp._TCU-HL1	1856685	S	143	22	165	0.00008
Pseudomonas_sp._LPB0260	2614442	S	139	29	168	0.00008
Pseudomonas_sp._Marseille-Q3773	2866592	S	136	53	189	0.00009
Pseudomonas_sp._ATCC_13867	1294143	S	134	52	186	0.00009
Pseudomonas_sp._Leaf58	1736226	S	119	25	144	0.00007
Pseudomonas_sp._CC6-YY-74	1930532	S	115	13	128	0.00006
Pseudomonas_sp._FGI182	1259844	S	108	138	246	0.00012
Pseudomonas_sp._DY-1	1755504	S	103	14	117	0.00006
Pseudomonas_sp._Pc102	2678261	S	99	56	155	0.00007
Pseudomonas_sp._MM211	2866808	S	99	9	108	0.00005
Pseudomonas_sp._Ost2	2678260	S	97	15	112	0.00005
Pseudomonas_sp._CMR5c	658630	S	94	35	129	0.00006
Pseudomonas_sp._Tri1	2823875	S	90	24	114	0.00006
Pseudomonas_sp._StFLB209	1028989	S	90	22	112	0.00005
Pseudomonas_sp._HN2-3	2886360	S	90	21	111	0.00005
Pseudomonas_sp._L5B5	2883205	S	88	19	107	0.00005
Pseudomonas_sp._p1(2021b)	2874628	S	84	48	132	0.00006
Pseudomonas_sp._ABC1	2748080	S	78	11	89	0.00004
Pseudomonas_sp._MTM4	2705472	S	72	12	84	0.00004
Pseudomonas_sp._HLS-6	2049589	S	72	21	93	0.00005
Pseudomonas_sp._gcc21	2726989	S	67	31	98	0.00005
Pseudomonas_sp._B11D7D	2735906	S	67	14	81	0.00004
Pseudomonas_sp._OIL-1	2706126	S	66	14	80	0.00004
Pseudomonas_sp._SK	2729423	S	64	65	129	0.00006
Pseudomonas_sp._MSPm1	2726956	S	62	14	76	0.00004
Pseudomonas_sp._MM213	2866807	S	61	15	76	0.00004
Pseudomonas_sp._St316	2678257	S	57	21	78	0.00004
Pseudomonas_sp._MPC6	2498848	S	57	14	71	0.00003
Pseudomonas_sp._LAB-08	143813	S	57	12	69	0.00003
Pseudomonas_sp._S34	1573718	S	55	15	70	0.00003
Pseudomonas_sp._S09G_359	2054919	S	52	15	67	0.00003
Pseudomonas_sp._URMO17WK12:I11	1283291	S	51	40	91	0.00004
Pseudomonas_sp._31-12	2201356	S	50	15	65	0.00003
Pseudomonas_sp._ADAK13	2730847	S	48	13	61	0.00003
Pseudomonas_sp._2hn	2866626	S	47	41	88	0.00004
Pseudomonas_sp._A2	107445	S	47	268	315	0.00015
Pseudomonas_sp._Seg1	2678259	S	46	13	59	0.00003
Pseudomonas_sp._DG56-2	2320270	S	45	5	50	0.00002
Pseudomonas_sp._S35	1573719	S	44	14	58	0.00003
Pseudomonas_sp._RtIB026	2749999	S	44	34	78	0.00004
Pseudomonas_sp._14181154	2662033	S	44	51	95	0.00005
Pseudomonas_sp._15A4	2804761	S	43	11	54	0.00003
Pseudomonas_sp._ACM7	2052956	S	43	9	52	0.00003
Pseudomonas_sp._ADPe	2774873	S	40	111	151	0.00007
Pseudomonas_sp._ADAK18	2730848	S	37	7	44	0.00002
Pseudomonas_sp._R5-89-07	658644	S	37	16	53	0.00003
Pseudomonas_sp._PP3	2815936	S	37	15	52	0.00003
Pseudomonas_sp._HS6	2850559	S	36	12	48	0.00002
Pseudomonas_sp._DR48	2871095	S	34	23	57	0.00003
Pseudomonas_sp._DTU12.3	2073078	S	34	11	45	0.00002
Pseudomonas_sp._3-2	2867408	S	33	65	98	0.00005
Pseudomonas_sp._LG1E9	2219057	S	33	12	45	0.00002
Pseudomonas_sp._RC3H12	2834406	S	33	26	59	0.00003
Pseudomonas_sp._M30-35	1981174	S	31	1	32	0.00002
Pseudomonas_sp._NS1(2017)	2025658	S	31	10	41	0.00002
Pseudomonas_sp._R84	1573712	S	30	21	51	0.00002
Pseudomonas_sp._B10	118613	S	30	24	54	0.00003
Pseudomonas_sp._M1	95619	S	30	81	111	0.00005
Pseudomonas_sp._LPH1	1898684	S	28	28	56	0.00003
Pseudomonas_sp._DNDY-54	2870860	S	28	14	42	0.00002
Pseudomonas_sp._HN11	1344094	S	26	7	33	0.00002
Pseudomonas_sp._NIBR-H-19	2901380	S	26	7	33	0.00002
Pseudomonas_sp._IzPS59	2774459	S	26	14	40	0.00002
Pseudomonas_sp._DR_5-09	1534110	S	25	51	76	0.00004
Pseudomonas_sp._R76	1573711	S	25	14	39	0.00002
Pseudomonas_sp._OE_28.3	2745519	S	25	7	32	0.00002
Pseudomonas_sp._R2A2	2213057	S	24	35	59	0.00003
Pseudomonas_sp._SK3(2021)	2841064	S	23	16	39	0.00002
Pseudomonas_sp._FIT81	2837969	S	23	16	39	0.00002
Pseudomonas_sp._phDV1	253237	S	23	80	103	0.00005
Pseudomonas_sp._Z003-0.4C(8344-21)	1855380	S	23	18	41	0.00002
Pseudomonas_sp._Cab53	2678258	S	22	38	60	0.00003
Pseudomonas_sp._NIBRBAC000502773	2590776	S	22	12	34	0.00002
Pseudomonas_sp._CCOS_191	1649877	S	22	24	46	0.00002
Pseudomonas_sp._HS-18	2879114	S	21	46	67	0.00003
Pseudomonas_sp._SCA2728.1_7	2825975	S	20	16	36	0.00002
Pseudomonas_sp._AO-1	2855434	S	19	29	48	0.00002
Pseudomonas_sp._MRSN12121	1611770	S	18	26	44	0.00002
Pseudomonas_sp._SORT22	2813842	S	18	83	101	0.00005
Pseudomonas_sp._HN2	2884805	S	17	16	33	0.00002
Pseudomonas_sp._02C_26	2054914	S	16	70	86	0.00004
Pseudomonas_sp._CYM-20-01	2870750	S	16	9	25	0.00001
Pseudomonas_sp._THAF7b	2587845	S	16	38	54	0.00003
Pseudomonas_sp._S150	2559074	S	15	26	41	0.00002
Pseudomonas_sp._UW4	1207075	S	15	11	26	0.00001
Pseudomonas_sp._Y5-11	2749808	S	14	71	85	0.00004
Pseudomonas_sp._MPFS	2795724	S	14	32	46	0.00002
Pseudomonas_sp._S07E_245	2866278	S	14	64	78	0.00004
Pseudomonas_sp._FDAARGOS_380	2018067	S	13	12	25	0.00001
Pseudomonas_sp._LTJR-52	2479392	S	13	4	17	0.00001
Pseudomonas_sp._SDM007	2812000	S	13	11	24	0.00001
Pseudomonas_sp._RU47	2005388	S	13	62	75	0.00004
Pseudomonas_sp._BIGb0427	2724470	S	12	52	64	0.00003
Pseudomonas_sp._J380	2605424	S	11	21	32	0.00002
Pseudomonas_sp._RBPA9	2746321	S	11	25	36	0.00002
Pseudomonas_sp._R3-18-08	1173283	S	10	55	65	0.00003
Pseudomonas_sp._DR208	2870840	S	10	26	36	0.00002
Pseudomonas_sp._ATCC_43928	676210	S	10	43	53	0.00003
Pseudomonas_aeruginosa	287	S	852	8561	9413	0.00453
Pseudomonas_alcaligenes	43263	S	649	408	1057	0.00051
Pseudomonas_furukawaii	1149133	S	457	131	588	0.00028
Pseudomonas_oleovorans	301	S	47	140	187	0.00009
Pseudomonas_mendocina	300	S	371	125	496	0.00024
Pseudomonas_resinovorans	53412	S	171	36	207	0.00010
Pseudomonas_multiresinivorans	95301	S	83	27	110	0.00005
Pseudomonas_nitroreducens	46680	S	16	32	48	0.00002
Pseudomonas_citronellolis	53408	S	90	130	220	0.00011
Pseudomonas_fluorescens	294	S	1043	865	1908	0.00092
Pseudomonas_protegens	380021	S	221	191	412	0.00020
Pseudomonas_mediterranea	183795	S	194	51	245	0.00012
Pseudomonas_corrugata	47879	S	174	39	213	0.00010
Pseudomonas_orientalis	76758	S	170	46	216	0.00010
Pseudomonas_synxantha	47883	S	105	70	175	0.00008
Pseudomonas_azotoformans	47878	S	84	33	117	0.00006
Pseudomonas_rhodesiae	76760	S	68	25	93	0.00005
Pseudomonas_trivialis	200450	S	65	23	88	0.00004
Pseudomonas_tolaasii	29442	S	59	11	70	0.00003
Pseudomonas_migulae	78543	S	46	22	68	0.00003
Pseudomonas_mucidolens	46679	S	41	5	46	0.00002
Pseudomonas_poae	200451	S	41	19	60	0.00003
Pseudomonas_cedrina	651740	S	40	10	50	0.00002
Pseudomonas_brenneri	129817	S	33	12	45	0.00002
Pseudomonas_congelans	200452	S	33	9	42	0.00002
Pseudomonas_ogarae	1114970	S	29	21	50	0.00002
Pseudomonas_veronii	76761	S	28	73	101	0.00005
Pseudomonas_libanensis	75588	S	17	20	37	0.00002
Pseudomonas_mandelii	75612	S	12	33	45	0.00002
Pseudomonas_putida	303	S	1578	2029	3607	0.00174
Pseudomonas_oryzihabitans	47885	S	381	80	461	0.00022
Pseudomonas_fulva	47880	S	228	578	806	0.00039
Pseudomonas_plecoglossicida	70775	S	100	77	177	0.00009
Pseudomonas_monteilii	76759	S	56	84	140	0.00007
Pseudomonas_mosselii	78327	S	28	51	79	0.00004
Pseudomonas_sp._SGAir0191	2217867	S	22	13	35	0.00002
Pseudomonas_shirazica	1940636	S	10	127	137	0.00007
Pseudomonas_stutzeri	316	S	1263	809	2072	0.00100
Pseudomonas_chloritidismutans	203192	S	12	17	29	0.00001
Pseudomonas_balearica	74829	S	206	256	462	0.00022
Pseudomonas_xanthomarina	271420	S	61	9	70	0.00003
Pseudomonas_luteola	47886	S	27	12	39	0.00002
Pseudomonas_syringae	317	S	243	399	642	0.00031
Pseudomonas_viridiflava	33069	S	171	23	194	0.00009
Pseudomonas_cichorii	36746	S	121	11	132	0.00006
Pseudomonas_asturiensis	1190415	S	66	8	74	0.00004
Pseudomonas_amygdali	47877	S	28	243	271	0.00013
Pseudomonas_syringae_group_genomosp._7	251699	S	44	8	52	0.00003
Pseudomonas_fuscovaginae	50340	S	23	13	36	0.00002
Pseudomonas_chlororaphis	587753	S	512	608	1120	0.00054
Pseudomonas_lundensis	86185	S	46	5	51	0.00002
Pseudomonas_fragi	296	S	22	17	39	0.00002
Pseudomonas_psychrotolerans	237610	S	322	70	392	0.00019
Pseudomonas_campi	2731681	S	307	42	349	0.00017
Pseudomonas_otitidis	319939	S	301	66	367	0.00018
Pseudomonas_oryzae	1392877	S	298	95	393	0.00019
Pseudomonas_knackmussii	65741	S	259	210	469	0.00023
Pseudomonas_entomophila	312306	S	237	102	339	0.00016
Pseudomonas_cavernae	2320867	S	199	31	230	0.00011
Pseudomonas_brassicacearum	930166	S	194	352	546	0.00026
Pseudomonas_guangdongensis	1245526	S	175	57	232	0.00011
Pseudomonas_lalkuanensis	2604832	S	164	29	193	0.00009
Pseudomonas_alvandae	2842348	S	141	21	162	0.00008
Pseudomonas_parafulva	157782	S	137	38	175	0.00008
Pseudomonas_eucalypticola	2599595	S	130	16	146	0.00007
Pseudomonas_atacamensis	2565368	S	124	118	242	0.00012
Pseudomonas_rhizosphaerae	216142	S	121	14	135	0.00007
Pseudomonas_qingdaonensis	2056231	S	115	22	137	0.00007
Pseudomonas_vanderleydeniana	2745495	S	113	15	128	0.00006
Pseudomonas_nanhaiensis	2830842	S	102	12	114	0.00005
Pseudomonas_frederiksbergensis	104087	S	91	26	117	0.00006
Pseudomonas_alkylphenolica	237609	S	88	16	104	0.00005
Pseudomonas_cremoricolorata	157783	S	88	12	100	0.00005
Pseudomonas_umsongensis	198618	S	87	13	100	0.00005
Pseudomonas_tohonis	2725477	S	84	65	149	0.00007
Pseudomonas_muyukensis	2842357	S	82	23	105	0.00005
Pseudomonas_koreensis	198620	S	81	30	111	0.00005
Pseudomonas_xantholysinigenes	2745490	S	78	20	98	0.00005
Pseudomonas_thivervalensis	86265	S	78	16	94	0.00005
Pseudomonas_yamanorum	515393	S	77	16	93	0.00005
Pseudomonas_palleroniana	191390	S	74	11	85	0.00004
Pseudomonas_pohangensis	364197	S	72	5	77	0.00004
Pseudomonas_tructae	2518644	S	68	11	79	0.00004
Pseudomonas_phragmitis	1931241	S	68	5	73	0.00004
Pseudomonas_viciae	2505979	S	67	15	82	0.00004
Pseudomonas_xanthosomae	2842356	S	67	20	87	0.00004
Pseudomonas_zhaodongensis	1176257	S	64	27	91	0.00004
Pseudomonas_silesiensis	1853130	S	64	13	77	0.00004
Pseudomonas_fakonensis	2842355	S	63	19	82	0.00004
Pseudomonas_vancouverensis	95300	S	63	9	72	0.00003
Pseudomonas_argentinensis	289370	S	63	14	77	0.00004
Pseudomonas_arsenicoxydans	702115	S	62	12	74	0.00004
Pseudomonas_saudiphocaensis	1499686	S	61	12	73	0.00004
Pseudomonas_prosekii	1148509	S	55	8	63	0.00003
Pseudomonas_sediminis	1691904	S	54	15	69	0.00003
Pseudomonas_hamedanensis	2745504	S	54	9	63	0.00003
Pseudomonas_taetrolens	47884	S	53	6	59	0.00003
Pseudomonas_agarici	46677	S	53	2	55	0.00003
Pseudomonas_marincola	437900	S	52	7	59	0.00003
Pseudomonas_extremaustralis	359110	S	51	10	61	0.00003
Pseudomonas_lurida	244566	S	47	10	57	0.00003
Pseudomonas_antarctica	219572	S	44	10	54	0.00003
Pseudomonas_lini	163011	S	43	8	51	0.00002
Pseudomonas_anuradhapurensis	485870	S	41	35	76	0.00004
Pseudomonas_graminis	158627	S	40	10	50	0.00002
Pseudomonas_iranensis	2745503	S	40	29	69	0.00003
Pseudomonas_promysalinigenes	485898	S	38	5	43	0.00002
Pseudomonas_wenzhouensis	2906062	S	37	14	51	0.00002
Pseudomonas_granadensis	1421430	S	37	17	54	0.00003
Pseudomonas_maumuensis	2842354	S	36	16	52	0.00003
Pseudomonas_reinekei	395598	S	33	9	42	0.00002
Pseudomonas_versuta	1788301	S	32	4	36	0.00002
Pseudomonas_kribbensis	1628086	S	32	29	61	0.00003
Pseudomonas_moraviensis	321662	S	30	63	93	0.00005
Pseudomonas_khazarica	2502979	S	30	36	66	0.00003
Pseudomonas_oryziphila	2894079	S	30	23	53	0.00003
Pseudomonas_simiae	321846	S	30	7	37	0.00002
Pseudomonas_psychrophila	122355	S	29	3	32	0.00002
Pseudomonas_chengduensis	489632	S	29	56	85	0.00004
Pseudomonas_allokribbensis	2774460	S	28	10	38	0.00002
Pseudomonas_asgharzadehiana	2842349	S	27	6	33	0.00002
Pseudomonas_alcaliphila	101564	S	26	27	53	0.00003
Pseudomonas_zarinae	2745498	S	24	17	41	0.00002
Pseudomonas_toyotomiensis	554344	S	24	21	45	0.00002
Pseudomonas_asplenii	53407	S	23	13	36	0.00002
Pseudomonas_gozinkensis	2774461	S	23	10	33	0.00002
Pseudomonas_kunmingensis	1211807	S	23	33	56	0.00003
Pseudomonas_sihuiensis	1274359	S	23	29	52	0.00003
Pseudomonas_tritici	2745518	S	20	6	26	0.00001
Pseudomonas_germanica	2815720	S	18	9	27	0.00001
Pseudomonas_azerbaijanoriens	2842350	S	17	11	28	0.00001
Pseudomonas_zeae	2745510	S	15	7	22	0.00001
Pseudomonas_tensinigenes	2745511	S	13	6	19	0.00001
Pseudomonas_asiatica	2219225	S	13	71	84	0.00004
Pseudomonas_rhizophila	2045200	S	12	30	42	0.00002
Pseudomonas_juntendi	2666183	S	12	101	113	0.00005
Pseudomonas_soli	1306993	S	10	36	46	0.00002
Azotobacter_chroococcum	353	S	236	158	394	0.00019
Azotobacter_salinestris	69964	S	154	85	239	0.00012
Azotobacter_vinelandii	354	S	145	0	145	0.00007
Halopseudomonas_xinjiangensis	487184	S	72	7	79	0.00004
Halopseudomonas_aestusnigri	857252	S	65	43	108	0.00005
Halopseudomonas_sabulinigri	472181	S	58	4	62	0.00003
Halopseudomonas_litoralis	797277	S	52	12	64	0.00003
Halopseudomonas_sp._RR6	2918528	S	50	6	56	0.00003
Halopseudomonas_salegens	1434072	S	37	2	39	0.00002
Permianibacter_aggregans	1510150	S	123	3	126	0.00006
Marinobacter_sp._CA1	2817656	S	69	5	74	0.00004
Marinobacter_sp._LPB0319	2769486	S	60	4	64	0.00003
Marinobacter_sp._NP-4(2019)	2488665	S	45	10	55	0.00003
Marinobacter_sp._Arc7-DN-1	2304594	S	44	7	51	0.00002
Marinobacter_sp._LV10R510-11A	1415568	S	20	0	20	0.00001
Marinobacter_sp._CP1	1671721	S	17	45	62	0.00003
Marinobacter_sp._LQ44	1749259	S	17	35	52	0.00003
Marinobacter_sp._JH2	2547598	S	16	5	21	0.00001
Marinobacter_sp._es.042	1761794	S	13	18	31	0.00001
Marinobacter_fonticola	2603215	S	65	3	68	0.00003
Marinobacter_similis	1420916	S	61	6	67	0.00003
Marinobacter_salarius	1420917	S	51	8	59	0.00003
Marinobacter_nauticus	2743	S	45	18	63	0.00003
Marinobacter_salsuginis	418719	S	39	7	46	0.00002
Marinobacter_salinus	1874317	S	37	2	39	0.00002
Marinobacter_adhaerens	1033846	S	12	26	38	0.00002
Klebsiella_pneumoniae	573	S	122	2967	3089	0.00149
Klebsiella_quasipneumoniae	1463165	S	60	201	261	0.00013
Klebsiella_oxytoca	571	S	51	34	85	0.00004
Klebsiella_michiganensis	1134687	S	33	128	161	0.00008
Klebsiella_variicola	244366	S	30	101	131	0.00006
Klebsiella_aerogenes	548	S	29	16	45	0.00002
Klebsiella_quasivariicola	2026240	S	18	20	38	0.00002
Klebsiella_africana	2489010	S	12	7	19	0.00001
Klebsiella_huaxiensis	2153354	S	10	9	19	0.00001
Raoultella_sp._HC6	2923366	S	28	21	49	0.00002
Raoultella_planticola	575	S	18	19	37	0.00002
Raoultella_ornithinolytica	54291	S	16	139	155	0.00007
Raoultella_electrica	1259973	S	12	34	46	0.00002
Enterobacter_cloacae	550	S	122	196	318	0.00015
Enterobacter_hormaechei	158836	S	58	781	839	0.00040
Enterobacter_cancerogenus	69218	S	42	14	56	0.00003
Enterobacter_asburiae	61645	S	33	160	193	0.00009
Enterobacter_roggenkampii	1812935	S	22	99	121	0.00006
Enterobacter_chengduensis	2494701	S	15	10	25	0.00001
Enterobacter_chuandaensis	2497875	S	14	9	23	0.00001
Enterobacter_ludwigii	299767	S	12	30	42	0.00002
Enterobacter_sp._JUb54	2724468	S	34	7	41	0.00002
Enterobacter_sp._SA187	1914861	S	29	5	34	0.00002
Enterobacter_sp._E76	2596949	S	16	42	58	0.00003
Enterobacter_sp._RHBSTW-00175	2742639	S	14	13	27	0.00001
Enterobacter_sp._RHBSTW-00994	2742676	S	10	2	12	0.00001
Enterobacter_huaxiensis	2494702	S	23	7	30	0.00001
Enterobacter_bugandensis	881260	S	21	38	59	0.00003
Enterobacter_mori	539813	S	12	15	27	0.00001
Citrobacter_freundii	546	S	30	161	191	0.00009
Citrobacter_portucalensis	1639133	S	12	149	161	0.00008
Citrobacter_sp._R56	1573676	S	22	7	29	0.00001
Citrobacter_sp._RHB25-C09	2742624	S	15	6	21	0.00001
Citrobacter_rodentium	67825	S	29	0	29	0.00001
Citrobacter_koseri	545	S	15	29	44	0.00002
Citrobacter_farmeri	67824	S	12	6	18	0.00001
Citrobacter_amalonaticus	35703	S	11	77	88	0.00004
Kosakonia_sp._SMBL-WEM22	2725560	S	22	9	31	0.00002
Kosakonia_sp._CCTCC_M2018092	2492396	S	17	15	32	0.00002
Kosakonia_sacchari	1158459	S	43	21	64	0.00003
Kosakonia_cowanii	208223	S	38	29	67	0.00003
Kosakonia_radicincitans	283686	S	14	15	29	0.00001
Kosakonia_pseudosacchari	1646340	S	13	6	19	0.00001
Kosakonia_oryzae	497725	S	12	8	20	0.00001
Cronobacter_sakazakii	28141	S	35	41	76	0.00004
Cronobacter_dublinensis	413497	S	35	22	57	0.00003
Cronobacter_universalis	535744	S	20	27	47	0.00002
Cronobacter_condimenti	1163710	S	20	8	28	0.00001
Cronobacter_malonaticus	413503	S	13	25	38	0.00002
Leclercia_adecarboxylata	83655	S	75	146	221	0.00011
Leclercia_sp._29361	2714951	S	17	18	35	0.00002
Leclercia_pneumoniae	2815358	S	12	5	17	0.00001
Salmonella_enterica	28901	S	119	4193	4312	0.00207
Salmonella_bongori	54736	S	19	3	22	0.00001
Pluralibacter_gergoviae	61647	S	101	28	129	0.00006
[Enterobacter]_lignolyticus	1334193	S	43	11	54	0.00003
Escherichia_coli	562	S	84	2866	2950	0.00142
Escherichia_albertii	208962	S	12	9	21	0.00001
Cedecea_neteri	158822	S	73	14	87	0.00004
Cedecea_lapagei	158823	S	21	4	25	0.00001
Cedecea_sp._FDAARGOS_727	2545798	S	18	3	21	0.00001
Lelliottia_amnigena	61646	S	41	14	55	0.00003
Kluyvera_ascorbata	51288	S	17	24	41	0.00002
Kluyvera_intermedia	61648	S	15	10	25	0.00001
Candidatus_Symbiopectobacterium_sp._SyEd1	2871826	S	15	1	16	0.00001
Atlantibacter_hermannii	565	S	38	8	46	0.00002
Pseudescherichia_vulneris	566	S	32	2	34	0.00002
Plesiomonas_shigelloides	703	S	31	9	40	0.00002
Jejubacter_calystegiae	2579935	S	29	3	32	0.00002
Scandinavium_goeteborgense	1851514	S	27	4	31	0.00002
Shimwellia_blattae	563	S	22	4	26	0.00001
Yokenella_regensburgei	158877	S	21	8	29	0.00001
Pseudocitrobacter_sp._G163CM	2891570	S	16	3	19	0.00001
Phytobacter_ursingii	1972431	S	10	13	23	0.00001
Serratia_marcescens	615	S	169	488	657	0.00032
Serratia_plymuthica	82996	S	64	52	116	0.00006
Serratia_entomophila	42906	S	49	14	63	0.00003
Serratia_rubidaea	61652	S	47	74	121	0.00006
Serratia_sp._ATCC_39006	104623	S	12	4	16	0.00001
Serratia_odorifera	618	S	42	8	50	0.00002
Serratia_fonticola	47917	S	34	41	75	0.00004
Serratia_proteamaculans	28151	S	27	8	35	0.00002
Serratia_liquefaciens	614	S	23	44	67	0.00003
Serratia_surfactantfaciens	2741499	S	22	17	39	0.00002
Serratia_quinivorans	137545	S	17	8	25	0.00001
Serratia_grimesii	82995	S	16	2	18	0.00001
Serratia_inhibens	2338073	S	14	10	24	0.00001
Yersinia_ruckeri	29486	S	12	26	38	0.00002
Yersinia_entomophaga	935293	S	11	25	36	0.00002
Rahnella_aquatilis	34038	S	27	45	72	0.00003
Rahnella_inusitata	58169	S	21	6	27	0.00001
Rahnella_sp._ERMR1:05	1805933	S	17	2	19	0.00001
Rahnella_victoriana	1510570	S	16	2	18	0.00001
Nissabacter_sp._SGAir0207	2126321	S	81	12	93	0.00005
Gibbsiella_quercinecans	929813	S	57	9	66	0.00003
Rouxiella_badensis	1646377	S	26	2	28	0.00001
Ewingella_americana	41202	S	19	3	22	0.00001
Chania_multitudinisentens	1639108	S	11	1	12	0.00001
Pantoea_sp._Z09	2886821	S	71	22	93	0.00004
Pantoea_sp._SO10	2575375	S	31	5	36	0.00002
Pantoea_sp._CCBC3-3-1	2490851	S	21	4	25	0.00001
Pantoea_sp._At-9b	592316	S	19	6	25	0.00001
Pantoea_sp._MSR2	2052056	S	14	3	17	0.00001
Pantoea_agglomerans	549	S	134	37	171	0.00008
Pantoea_vagans	470934	S	101	129	230	0.00011
Pantoea_dispersa	59814	S	93	24	117	0.00006
Pantoea_deleyi	470932	S	40	8	48	0.00002
Pantoea_ananatis	553	S	35	6	41	0.00002
Pantoea_cypripedii	55209	S	29	1	30	0.00001
Pantoea_stewartii	66269	S	23	5	28	0.00001
Pantoea_rwandensis	1076550	S	20	4	24	0.00001
Pantoea_alhagi	1891675	S	20	5	25	0.00001
Erwinia_sp._E602	2675378	S	54	10	64	0.00003
Erwinia_sp._J780	2681984	S	19	3	22	0.00001
Erwinia_gerundensis	1619313	S	47	8	55	0.00003
Erwinia_persicina	55211	S	24	4	28	0.00001
Erwinia_billingiae	182337	S	18	45	63	0.00003
Erwinia_rhapontici	55212	S	16	3	19	0.00001
Erwinia_tasmaniensis	338565	S	16	3	19	0.00001
Erwinia_tracheiphila	65700	S	11	1	12	0.00001
Erwinia_amylovora	552	S	10	3	13	0.00001
[Pantoea]_beijingensis	1324864	S	10	1	11	0.00001
Mixta_calida	665913	S	37	22	59	0.00003
Mixta_gaviniae	665914	S	36	17	53	0.00003
Mixta_sp._X22927	2872648	S	25	12	37	0.00002
Mixta_intestinalis	1615494	S	20	7	27	0.00001
Mixta_theicola	1458355	S	19	8	27	0.00001
Buchnera_aphidicola	9	S	23	2	25	0.00001
Tatumella_ptyseos	82987	S	12	2	14	0.00001
Dickeya_dadantii	204038	S	49	38	87	0.00004
Dickeya_chrysanthemi	556	S	35	4	39	0.00002
Dickeya_dianthicola	204039	S	33	28	61	0.00003
Dickeya_zeae	204042	S	33	34	67	0.00003
Dickeya_poaceiphila	568768	S	15	3	18	0.00001
Dickeya_sp._NCPPB_3274	568766	S	11	10	21	0.00001
Dickeya_fangzhongdai	1778540	S	11	60	71	0.00003
Dickeya_solani	1089444	S	10	6	16	0.00001
Pectobacterium_carotovorum	554	S	21	63	84	0.00004
Pectobacterium_brasiliense	180957	S	21	30	51	0.00002
Pectobacterium_atrosepticum	29471	S	12	5	17	0.00001
Pectobacterium_parmentieri	1905730	S	10	3	13	0.00001
Brenneria_izadpanahii	2722756	S	33	34	67	0.00003
Brenneria_goodwinii	1109412	S	25	25	50	0.00002
Brenneria_rubrifaciens	55213	S	14	5	19	0.00001
Lonsdalea_britannica	1082704	S	35	10	45	0.00002
Lonsdalea_populi	1172565	S	30	9	39	0.00002
Musicola_paradisiaca	69223	S	46	0	46	0.00002
Edwardsiella_tarda	636	S	54	93	147	0.00007
Edwardsiella_hoshinae	93378	S	29	11	40	0.00002
Edwardsiella_ictaluri	67780	S	22	21	43	0.00002
Providencia_rettgeri	587	S	12	28	40	0.00002
Morganella_morganii	582	S	47	58	105	0.00005
Xenorhabdus_bovienii	40576	S	11	4	15	0.00001
Proteus_mirabilis	584	S	13	30	43	0.00002
Sodalis_sp._dw_23	2697027	S	53	3	56	0.00003
Sodalis_praecaptivus	1239307	S	22	27	49	0.00002
Sodalis_glossinidius	63612	S	15	2	17	0.00001
Leminorella_richardii	158841	S	15	1	16	0.00001
Pragia_fontium	82985	S	12	1	13	0.00001
Thioalkalivibrio_sulfidiphilus	1033854	S	248	150	398	0.00019
Thioalkalivibrio_paradoxus	108010	S	211	69	280	0.00014
Thioalkalivibrio_nitratireducens	186931	S	198	59	257	0.00012
Thioalkalivibrio_sp._K90mix	396595	S	172	22	194	0.00009
Thioalkalivibrio_versutus	106634	S	165	22	187	0.00009
Spiribacter_sp._E85	2182432	S	427	43	470	0.00023
Spiribacter_sp._2438	2666185	S	95	9	104	0.00005
Spiribacter_curvatus	1335757	S	122	6	128	0.00006
Spiribacter_salinus	1335746	S	70	5	75	0.00004
Acidihalobacter_aeolianus	2792603	S	201	27	228	0.00011
Acidihalobacter_ferrooxydans	1765967	S	149	15	164	0.00008
Acidihalobacter_yilgarnensis	2819280	S	91	6	97	0.00005
Aquisalimonas_sp._2447	2740807	S	230	16	246	0.00012
Halorhodospira_halophila	1053	S	193	21	214	0.00010
Halorhodospira_halochloris	1052	S	32	1	33	0.00002
Alkalilimnicola_ehrlichii	351052	S	221	29	250	0.00012
Ectothiorhodospira_sp._BSL-9	1442136	S	85	32	117	0.00006
Ectothiorhodospira_haloalkaliphila	421628	S	70	27	97	0.00005
Ectothiorhodosinus_mongolicus	233100	S	21	1	22	0.00001
Candidatus_Thiodictyon_syntrophicum	1166950	S	409	22	431	0.00021
Allochromatium_vinosum	1049	S	158	67	225	0.00011
Allochromatium_tepidum	553982	S	156	82	238	0.00011
Thioflavicoccus_mobilis	80679	S	336	31	367	0.00018
Marichromatium_purpuratum	37487	S	276	54	330	0.00016
Thiocapsa_bogorovii	521689	S	274	15	289	0.00014
Thiocystis_violascens	73141	S	205	18	223	0.00011
Thermochromatium_tepidum	1050	S	113	29	142	0.00007
Caldichromatium_japonicum	2699430	S	106	12	118	0.00006
Nitrosococcus_halophilus	133539	S	21	3	24	0.00001
Nitrosococcus_wardiae	1814290	S	17	2	19	0.00001
Nitrosococcus_watsonii	473531	S	15	4	19	0.00001
Nitrosococcus_oceani	1229	S	14	3	17	0.00001
Rheinheimera_sp._F8	1763998	S	18	0	18	0.00001
Rheinheimera_mangrovi	2498451	S	15	0	15	0.00001
Wenzhouxiangella_marina	1579979	S	239	14	253	0.00012
Wenzhouxiangella_sp._AB-CW3	2771012	S	146	6	152	0.00007
Thiohalobacter_sp._COW1	2795687	S	65	124	189	0.00009
Thiohalobacter_thiocyanaticus	585455	S	49	115	164	0.00008
Sulfurivermis_fontis	1972068	S	210	81	291	0.00014
Guyparkeria_halophila	47960	S	205	47	252	0.00012
Halothiobacillus_sp._LS2	1860122	S	77	8	85	0.00004
Halothiobacillus_neapolitanus	927	S	31	4	35	0.00002
Woeseia_oceani	1548547	S	109	1	110	0.00005
Granulosicoccus_antarcticus	437505	S	44	0	44	0.00002
Sulfuriflexus_mobilis	1811807	S	41	1	42	0.00002
Halomonas_sp._THAF5a	2587844	S	192	74	266	0.00013
Halomonas_sp._1513	1883416	S	141	31	172	0.00008
Halomonas_sp._YLGW01	2773308	S	131	21	152	0.00007
Halomonas_sp._HG01	1609967	S	121	57	178	0.00009
Halomonas_sp._THAF12	2587849	S	119	80	199	0.00010
Halomonas_sp._MCCC_1A13316	2733487	S	106	13	119	0.00006
Halomonas_sp._PGE1	2730360	S	105	160	265	0.00013
Halomonas_sp._JS92-SW72	2306583	S	98	125	223	0.00011
Halomonas_sp._Y2R2	2562282	S	50	2	52	0.00003
Halomonas_sp._A40-4	2785909	S	43	11	54	0.00003
Halomonas_sp._SH5A2	2749040	S	31	5	36	0.00002
Halomonas_sp._R57-5	1610576	S	27	11	38	0.00002
Halomonas_sp._KO116	1504981	S	23	9	32	0.00002
Halomonas_sp._SS10-MC5	2854257	S	21	184	205	0.00010
Halomonas_sp._GFAJ-1	1118153	S	20	3	23	0.00001
Halomonas_sp._FeN2	2832500	S	20	8	28	0.00001
Halomonas_sp._18071143	2855441	S	17	38	55	0.00003
Halomonas_sp._NyZ770	2883106	S	13	54	67	0.00003
Halomonas_sp._SF2003	2136172	S	11	38	49	0.00002
Halomonas_sp._HL-93	1666906	S	11	82	93	0.00005
Halomonas_sp._TD01	999141	S	10	5	15	0.00001
Halomonas_beimenensis	475662	S	219	42	261	0.00013
Halomonas_aestuarii	1897729	S	164	33	197	0.00010
Halomonas_socia	1081866	S	143	27	170	0.00008
Halomonas_tianxiuensis	2497861	S	124	27	151	0.00007
Halomonas_sulfidivorans	2733488	S	115	23	138	0.00007
Halomonas_elongata	2746	S	110	11	121	0.00006
Halomonas_chromatireducens	507626	S	83	6	89	0.00004
Halomonas_meridiana	29570	S	60	48	108	0.00005
Halomonas_huangheensis	1178482	S	55	3	58	0.00003
Halomonas_subglaciescola	29571	S	54	5	59	0.00003
Halomonas_piezotolerans	2609667	S	34	17	51	0.00002
Halomonas_profundi	2852117	S	29	4	33	0.00002
Halomonas_sulfidoxydans	2733484	S	24	207	231	0.00011
Halomonas_hydrothermalis	115561	S	12	34	46	0.00002
Halomonas_titanicae	664683	S	11	54	65	0.00003
Cobetia_sp._L2A1	2686360	S	41	4	45	0.00002
Cobetia_sp._cqz5-12	2609415	S	33	37	70	0.00003
Cobetia_sp._AM6	2661553	S	15	71	86	0.00004
Cobetia_sp._4B	2758724	S	13	46	59	0.00003
Cobetia_pacifica	1055101	S	15	43	58	0.00003
Cobetia_amphilecti	1055104	S	14	73	87	0.00004
Salinicola_tamaricis	1771309	S	186	20	206	0.00010
Halotalea_alkalilenta	376489	S	178	34	212	0.00010
Kushneria_phosphatilytica	657387	S	48	1	49	0.00002
Kushneria_konosiri	698828	S	44	11	55	0.00003
Kushneria_marisflavi	157779	S	28	6	34	0.00002
Chromohalobacter_salexigens	158080	S	130	13	143	0.00007
Pistricoccus_aurantiacus	1883414	S	102	6	108	0.00005
Zymobacter_palmae	33074	S	24	3	27	0.00001
Alcanivorax_sp._N3-2A	2014542	S	130	126	256	0.00012
Alcanivorax_pacificus	1306787	S	108	39	147	0.00007
Alcanivorax_dieselolei	285091	S	86	37	123	0.00006
Alcanivorax_xenomutans	1094342	S	74	47	121	0.00006
Ketobacter_alkanivorans	1917421	S	21	1	22	0.00001
Marinobacterium_aestuarii	1821621	S	84	6	90	0.00004
Marinobacterium_sediminicola	518898	S	45	5	50	0.00002
Marinobacterium_georgiense	48076	S	25	7	32	0.00002
Thalassolituus_sp._C2-1	2597518	S	23	1	24	0.00001
Thalassolituus_oleivorans	187493	S	12	2	14	0.00001
Bacterioplanes_sanyensis	1249553	S	28	1	29	0.00001
Venatorbacter_cucullus	2661630	S	17	4	21	0.00001
Nitrincola_iocasae	2614693	S	14	2	16	0.00001
Amphritea_japonica	452627	S	12	0	12	0.00001
Saccharospirillum_mangrovi	2161747	S	63	3	66	0.00003
Reinekea_forsetii	1336806	S	25	1	26	0.00001
Gynuella_sunshinyii	1445505	S	14	0	14	0.00001
Hahella_sp._KA22	1628392	S	47	8	55	0.00003
Hahella_chejuensis	158327	S	41	6	47	0.00002
Litoricola_lipolytica	418701	S	29	1	30	0.00001
Oleiphilus_messinensis	141451	S	15	1	16	0.00001
Endozoicomonas_montiporae	1027273	S	13	0	13	0.00001
Solimonas_sp._K1W22B-7	2303331	S	1971	199	2170	0.00104
Flagellatimonas_centrodinii	2806210	S	324	22	346	0.00017
Sinimarinibacterium_sp._NLF-5-8	2698684	S	116	65	181	0.00009
Steroidobacter_denitrificans	465721	S	602	177	779	0.00037
Methylococcus_sp._EFPC2	2812648	S	187	12	199	0.00010
Methylococcus_sp._Mc7	2860258	S	179	58	237	0.00011
Methylococcus_capsulatus	414	S	176	42	218	0.00011
Methylococcus_geothermalis	2681310	S	138	39	177	0.00009
Methylomonas_sp._LL1	2785785	S	67	2	69	0.00003
Methylomonas_sp._LW13	107637	S	39	15	54	0.00003
Methylomonas_sp._DH-1	1727196	S	20	27	47	0.00002
Methylomonas_sp._EFPC1	2812647	S	12	4	16	0.00001
Methylomonas_koyamae	702114	S	71	53	124	0.00006
Methylomonas_rhizoryzae	2608981	S	65	2	67	0.00003
Methylomonas_denitrificans	1538553	S	52	3	55	0.00003
Methylomonas_methanica	421	S	40	1	41	0.00002
Methylomonas_paludis	1173101	S	12	0	12	0.00001
Methylomicrobium_album	39775	S	179	7	186	0.00009
Methylomicrobium_sp._wino1	2049332	S	39	27	66	0.00003
Methylogaea_oryzae	1295382	S	199	14	213	0.00010
Methylomagnum_ishizawai	1760988	S	194	8	202	0.00010
Methylocaldum_marinum	1432792	S	180	10	190	0.00009
Candidatus_Methylospira_mobilis	1808979	S	71	2	73	0.00004
Methylotuvimicrobium_alcaliphilum	271065	S	18	21	39	0.00002
Methylotuvimicrobium_buryatense	95641	S	17	17	34	0.00002
Methylovulum_psychrotolerans	1704499	S	40	1	41	0.00002
Methylobacter_sp._S3L5C	2839024	S	25	1	26	0.00001
Aeromonas_sp._FDAARGOS_1415	2778064	S	42	28	70	0.00003
Aeromonas_sp._CA23	2033032	S	34	17	51	0.00002
Aeromonas_sp._FDAARGOS_1409	2778058	S	18	34	52	0.00003
Aeromonas_sp._FDAARGOS_1407	2778056	S	11	41	52	0.00003
Aeromonas_hydrophila	644	S	175	464	639	0.00031
Aeromonas_veronii	654	S	106	286	392	0.00019
Aeromonas_schubertii	652	S	91	28	119	0.00006
Aeromonas_encheleia	73010	S	91	35	126	0.00006
Aeromonas_media	651	S	79	172	251	0.00012
Aeromonas_salmonicida	645	S	67	58	125	0.00006
Aeromonas_simiae	218936	S	66	63	129	0.00006
Aeromonas_rivuli	648794	S	56	17	73	0.00004
Aeromonas_caviae	648	S	48	453	501	0.00024
Aeromonas_enteropelogenes	29489	S	36	37	73	0.00004
Aeromonas_jandaei	650	S	33	44	77	0.00004
Aeromonas_dhakensis	196024	S	29	77	106	0.00005
Aeromonas_sanarellii	633415	S	12	68	80	0.00004
Zobellella_denitrificans	347534	S	158	38	196	0.00009
Oceanimonas_sp._GK1	511062	S	71	16	87	0.00004
Tolumonas_auensis	43948	S	15	6	21	0.00001
Dongshaea_marina	2047966	S	12	1	13	0.00001
Cellvibrio_sp._KY-GH-1	2303332	S	255	17	272	0.00013
Cellvibrio_sp._KY-YJ-3	454662	S	197	23	220	0.00011
Cellvibrio_sp._PSBB023	1945512	S	103	8	111	0.00005
Cellvibrio_sp._PSBB006	1987723	S	95	2	97	0.00005
Cellvibrio_japonicus	155077	S	77	5	82	0.00004
Simiduia_agarivorans	447471	S	51	2	53	0.00003
Teredinibacter_turnerae	2426	S	20	0	20	0.00001
Teredinibacter_haidensis	2731755	S	11	1	12	0.00001
Microbulbifer_sp._YPW16	2904242	S	72	6	78	0.00004
Microbulbifer_sp._SH-1	2681547	S	65	10	75	0.00004
Microbulbifer_sp._YPW1	2745199	S	54	10	64	0.00003
Microbulbifer_sp._ALW1	1516059	S	47	8	55	0.00003
Microbulbifer_sp._GL-2	2591606	S	22	4	26	0.00001
Microbulbifer_sp._THAF38	2587856	S	18	7	25	0.00001
Microbulbifer_sp._A4B17	359370	S	11	2	13	0.00001
Microbulbifer_aggregans	1769779	S	60	7	67	0.00003
Microbulbifer_thermotolerans	252514	S	57	3	60	0.00003
Microbulbifer_celer	435905	S	47	6	53	0.00003
Microbulbifer_hydrolyticus	48074	S	39	8	47	0.00002
Microbulbifer_elongatus	86173	S	38	7	45	0.00002
Microbulbifer_agarilyticus	260552	S	29	3	32	0.00002
Microbulbifer_variabilis	266805	S	14	6	20	0.00001
Kineobactrum_salinum	2708301	S	122	4	126	0.00006
Halioglobus_japonicus	930805	S	42	2	44	0.00002
Halioglobus_maricola	2601894	S	32	1	33	0.00002
Congregibacter_litoralis	393662	S	50	18	68	0.00003
Aequoribacter_fuscus	2518989	S	20	2	22	0.00001
Spongiibacter_taiwanensis	1748242	S	44	1	45	0.00002
Spongiibacter_nanhainus	2794344	S	23	2	25	0.00001
Spongiibacter_sp._IMCC21906	1620392	S	12	2	14	0.00001
Zhongshania_aliphaticivorans	1470434	S	19	1	20	0.00001
Sulfurifustis_variabilis	1675686	S	848	54	902	0.00043
Sulfuricaulis_limicola	1620215	S	299	23	322	0.00016
Acidiferrobacter_sp._SPIII_3	1281578	S	108	24	132	0.00006
Acidiferrobacter_thiooxydans	163359	S	77	17	94	0.00005
Shewanella_sp._FJAT-52076	2864202	S	12	28	40	0.00002
Shewanella_sp._FJAT-53555	2864204	S	11	15	26	0.00001
Shewanella_sp._FJAT-53764	2864207	S	11	28	39	0.00002
Shewanella_algae	38313	S	28	35	63	0.00003
Shewanella_marisflavi	260364	S	23	6	29	0.00001
Shewanella_putrefaciens	24	S	18	88	106	0.00005
Shewanella_amazonensis	60478	S	17	6	23	0.00001
Shewanella_cyperi	2814292	S	15	12	27	0.00001
Shewanella_khirikhana	1965282	S	14	2	16	0.00001
Shewanella_baltica	62322	S	14	18	32	0.00002
Alteromonas_macleodii	28108	S	16	14	30	0.00001
Alteromonas_pelagimontana	1858656	S	12	2	14	0.00001
Alteromonas_mediterranea	314275	S	10	6	16	0.00001
Salinimonas_marina	2785918	S	18	3	21	0.00001
Salinimonas_sediminis	2303538	S	10	3	13	0.00001
Hydrocarboniclastica_marina	2259620	S	62	8	70	0.00003
Saliniradius_amylolyticus	2183582	S	24	2	26	0.00001
Lacimicrobium_alkaliphilum	1526571	S	21	1	22	0.00001
Pseudoalteromonas_rubra	43658	S	20	19	39	0.00002
Pseudoalteromonas_luteoviolacea	43657	S	14	6	20	0.00001
Pseudoalteromonas_viridis	339617	S	14	24	38	0.00002
Ferrimonas_balearica	44012	S	58	9	67	0.00003
Ferrimonas_lipolytica	2724191	S	11	2	13	0.00001
Idiomarina_sp._OT37-5b	2100422	S	13	6	19	0.00001
Acinetobacter_pittii	48296	S	170	269	439	0.00021
Acinetobacter_baumannii	470	S	24	112	136	0.00007
Acinetobacter_lactucae	1785128	S	12	10	22	0.00001
Acinetobacter_sp._WCHAc010034	1879049	S	22	16	38	0.00002
Acinetobacter_indicus	756892	S	17	13	30	0.00001
Acinetobacter_junii	40215	S	13	5	18	0.00001
Acinetobacter_lwoffii	28090	S	12	15	27	0.00001
Acinetobacter_bereziniae	106648	S	11	9	20	0.00001
Aquirhabdus_parva	2283318	S	14	0	14	0.00001
Vibrio_parahaemolyticus	670	S	24	10	34	0.00002
Vibrio_owensii	696485	S	13	22	35	0.00002
Vibrio_campbellii	680	S	11	34	45	0.00002
Vibrio_sp._OG9-811	2841925	S	14	5	19	0.00001
Vibrio_furnissii	29494	S	39	22	61	0.00003
Vibrio_vulnificus	672	S	25	12	37	0.00002
Vibrio_fluvialis	676	S	23	7	30	0.00001
Vibrio_anguillarum	55601	S	22	15	37	0.00002
Vibrio_sinaloensis	379097	S	10	1	11	0.00001
Vibrio_cholerae	666	S	12	24	36	0.00002
Vibrio_mimicus	674	S	11	6	17	0.00001
Vibrio_astriarenae	1481923	S	10	1	11	0.00001
Photobacterium_sp._TLY01	2907534	S	17	5	22	0.00001
Photobacterium_sp._GJ3	2829502	S	10	2	12	0.00001
Photobacterium_gaetbulicola	1295392	S	23	2	25	0.00001
Photobacterium_ganghwense	320778	S	16	5	21	0.00001
Salinivibrio_kushneri	1908198	S	10	8	18	0.00001
Grimontia_hollisae	673	S	16	2	18	0.00001
Thaumasiovibrio_subtropicus	1891207	S	10	2	12	0.00001
Immundisolibacter_cernigliae	1810504	S	477	85	562	0.00027
Legionella_pneumophila	446	S	32	6	38	0.00002
Legionella_sp._PC1000	2746060	S	12	2	14	0.00001
Legionella_longbeachae	450	S	21	3	24	0.00001
Legionella_jordanis	456	S	17	1	18	0.00001
Legionella_sainthelensi	28087	S	15	2	17	0.00001
Legionella_spiritensis	452	S	13	1	14	0.00001
Legionella_oakridgensis	29423	S	13	1	14	0.00001
Legionella_fallonii	96230	S	12	0	12	0.00001
Legionella_anisa	28082	S	11	2	13	0.00001
Legionella_lansingensis	45067	S	11	0	11	0.00001
Legionella_geestiana	45065	S	11	0	11	0.00001
Legionella_antarctica	2708020	S	10	0	10	0.00001
Fluoribacter_dumoffii	463	S	14	1	15	0.00001
Aquicella_siphonis	254247	S	29	8	37	0.00002
Aquicella_lusitana	254246	S	20	6	26	0.00001
Coxiella_burnetii	777	S	22	8	30	0.00001
Candidatus_Endoriftia_persephone	393765	S	100	5	105	0.00005
Sedimenticola_thiotaurini	1543721	S	68	3	71	0.00003
Candidatus_Reidiella_endopervernicosa	2738883	S	45	0	45	0.00002
Thiolapillus_brandeum	1076588	S	40	1	41	0.00002
Pseudohongiella_spirulinae	1249552	S	28	0	28	0.00001
Gallaecimonas_mangrovi	2291597	S	22	1	23	0.00001
Thiomicrorhabdus_xiamenensis	2739063	S	10	1	11	0.00001
Thiomicrospira_sp._S5	1803865	S	10	12	22	0.00001
Methylophaga_nitratireducenticrescens	754476	S	12	1	13	0.00001
Thiothrix_litoralis	2891210	S	38	2	40	0.00002
Thiothrix_sp._CT3	96472	S	18	5	23	0.00001
Thiothrix_subterranea	2735563	S	16	3	19	0.00001
Thiothrix_unzii	111769	S	15	6	21	0.00001
Candidatus_Thiothrix_anitrata	2823902	S	10	4	14	0.00001
Salinisphaera_sp._LB1	2183911	S	215	8	223	0.00011
endosymbiont_of_unidentified_scaly_snail_isolate_Monju	1248727	S	173	14	187	0.00009
Actinobacillus_sp._GY-402	2774188	S	10	23	33	0.00002
Cardiobacterium_hominis	2718	S	60	11	71	0.00003
Cardiobacterium_sp._Marseille-Q4385	2866573	S	50	8	58	0.00003
Suttonella_sp._R2A3	2908648	S	13	0	13	0.00001
Myxococcus_xanthus	34	S	1465	965	2430	0.00117
Myxococcus_hansupus	1297742	S	673	194	867	0.00042
Myxococcus_stipitatus	83455	S	655	295	950	0.00046
Myxococcus_sp._SCHIC003	2813577	S	533	239	772	0.00037
Corallococcus_coralloides	184914	S	1397	662	2059	0.00099
Corallococcus_macrosporus	35	S	846	601	1447	0.00070
Corallococcus_sp._EGB	1521117	S	752	299	1051	0.00051
Pyxidicoccus_sp._SCPEA002	2813578	S	2380	284	2664	0.00128
Archangium_violaceum	83451	S	4594	959	5553	0.00267
Archangium_gephyra	48	S	1727	401	2128	0.00102
Stigmatella_aurantiaca	41	S	1415	224	1639	0.00079
Cystobacter_fuscus	43	S	1137	316	1453	0.00070
Melittangium_boletus	83453	S	849	221	1070	0.00051
Anaeromyxobacter_sp._Red232	2918170	S	1656	193	1849	0.00089
Anaeromyxobacter_sp._Fw109-5	404589	S	1436	201	1637	0.00079
Anaeromyxobacter_sp._Red630	2918171	S	1203	171	1374	0.00066
Anaeromyxobacter_sp._K	447217	S	319	675	994	0.00048
Anaeromyxobacter_dehalogenans	161493	S	977	744	1721	0.00083
Vulgatibacter_incomptus	1391653	S	729	61	790	0.00038
Sorangium_cellulosum	56	S	11506	1419	12925	0.00622
Polyangium_aurulentum	2567896	S	4012	384	4396	0.00211
Chondromyces_crocatus	52	S	1365	60	1425	0.00069
Pajaroellobacter_abortibovis	1882918	S	27	0	27	0.00001
Sandaracinus_amylolyticus	927083	S	5058	274	5332	0.00256
Labilithrix_luteola	1391654	S	1804	83	1887	0.00091
Haliangium_ochraceum	80816	S	1780	100	1880	0.00090
Geomonas_sp._RF6	2897342	S	282	33	315	0.00015
Geomonas_paludis	2740185	S	237	122	359	0.00017
Geomonas_nitrogeniifigens	2847991	S	219	113	332	0.00016
Geomonas_subterranea	2847989	S	179	83	262	0.00013
Geomonas_oryzisoli	2847992	S	165	92	257	0.00012
Geobacter_sp._FeAm09	2597769	S	207	27	234	0.00011
Geobacter_sp._SVR	2495594	S	127	18	145	0.00007
Geobacter_sp._DSM_9736	1277350	S	65	4	69	0.00003
Geobacter_sulfurreducens	35554	S	233	50	283	0.00014
Geobacter_pickeringii	345632	S	211	48	259	0.00013
Geobacter_metallireducens	28232	S	131	27	158	0.00008
Geobacter_benzoatilyticus	2815309	S	90	18	108	0.00005
Citrifermentans_bemidjiense	225194	S	181	59	240	0.00012
Citrifermentans_bremense	60035	S	164	58	222	0.00011
Geotalea_uraniireducens	351604	S	103	6	109	0.00005
Geotalea_daltonii	1203471	S	49	3	52	0.00003
Geoalkalibacter_subterraneus	483547	S	85	90	175	0.00008
Trichlorobacter_lovleyi	313985	S	66	8	74	0.00004
Desulfuromonas_versatilis	2802975	S	343	65	408	0.00020
Desulfuromonas_sp._DDH964	1823759	S	246	54	300	0.00014
Desulfuromonas_sp._AOP6	1566351	S	56	7	63	0.00003
Desulfuromonas_soudanensis	1603606	S	226	27	253	0.00012
Pelobacter_propionicus	29543	S	135	46	181	0.00009
Syntrophotalea_acetylenica	29542	S	74	13	87	0.00004
Syntrophotalea_carbinolica	19	S	57	4	61	0.00003
Syntrophotalea_acetylenivorans	1842532	S	48	6	54	0.00003
Desulfovibrio_sp._IOR2	2583823	S	118	19	137	0.00007
Desulfovibrio_sp._86	2666132	S	40	12	52	0.00003
Desulfovibrio_sp._G11	631220	S	29	20	49	0.00002
Desulfovibrio_vulgaris	881	S	142	14	156	0.00008
Desulfovibrio_sulfodismutans	63561	S	123	25	148	0.00007
Desulfovibrio_desulfuricans	876	S	99	20	119	0.00006
Desulfovibrio_piger	901	S	88	16	104	0.00005
Desulfovibrio_fairfieldensis	44742	S	81	6	87	0.00004
Desulfovibrio_ferrophilus	241368	S	51	3	54	0.00003
Candidatus_Desulfovibrio_trichonymphae	1725232	S	19	1	20	0.00001
Pseudodesulfovibrio_mercurii	641491	S	175	44	219	0.00011
Pseudodesulfovibrio_indicus	1716143	S	131	30	161	0.00008
Pseudodesulfovibrio_aespoeensis	182210	S	119	94	213	0.00010
Pseudodesulfovibrio_cashew	2678688	S	96	19	115	0.00006
Pseudodesulfovibrio_sp._SF6	2810563	S	40	3	43	0.00002
Pseudodesulfovibrio_sp._zrk46	2725288	S	36	5	41	0.00002
Pseudodesulfovibrio_tunisiensis	463192	S	69	6	75	0.00004
Pseudodesulfovibrio_profundus	57320	S	29	33	62	0.00003
Pseudodesulfovibrio_piezophilus	879567	S	11	1	12	0.00001
Solidesulfovibrio_carbinoliphilus	345370	S	225	25	250	0.00012
Solidesulfovibrio_magneticus	184917	S	112	60	172	0.00008
Solidesulfovibrio_carbinolicus	296842	S	96	70	166	0.00008
Oceanidesulfovibrio_marinus	370038	S	223	12	235	0.00011
Desulfolutivibrio_sulfoxidireducens	2773299	S	180	41	221	0.00011
Desulfocurvibacter_africanus	873	S	137	9	146	0.00007
Megalodesulfovibrio_gigas	879	S	98	4	102	0.00005
Oleidesulfovibrio_alaskensis	58180	S	40	63	103	0.00005
Maridesulfovibrio_salexigens	880	S	11	1	12	0.00001
Paradesulfovibrio_bizertensis	376490	S	12	1	13	0.00001
Desulfomicrobium_baculatum	899	S	102	10	112	0.00005
Desulfomicrobium_orale	132132	S	52	17	69	0.00003
Desulfohalobium_retbaense	45663	S	29	1	30	0.00001
Desulfosarcina_ovata	83564	S	118	5	123	0.00006
Desulfosarcina_alkanivorans	571177	S	109	51	160	0.00008
Desulfosarcina_widdelii	947919	S	104	11	115	0.00006
Desulfococcus_multivorans	897	S	96	18	114	0.00006
Desulfoluna_sp._ASN36	2810562	S	77	3	80	0.00004
Desulfatibacillum_aliphaticivorans	218208	S	68	2	70	0.00003
Desulfonema_magnum	45655	S	30	0	30	0.00001
Desulfobacter_hydrogenophilus	2291	S	13	5	18	0.00001
Desulforapulum_autotrophicum	2296	S	25	2	27	0.00001
Desulfobulbus_propionicus	894	S	112	5	117	0.00006
Desulfobulbus_oralis	1986146	S	73	18	91	0.00004
Desulfobulbus_oligotrophicus	1909699	S	33	33	66	0.00003
Desulfurivibrio_alkaliphilus	427923	S	72	3	75	0.00004
Desulfosudis_oleivorans	181663	S	71	3	74	0.00004
Desulfosediminicola_ganghwensis	2569540	S	29	2	31	0.00002
Desulfosediminicola_flagellatus	2569541	S	10	0	10	0.00001
Desulfotalea_psychrophila	84980	S	10	1	11	0.00001
Persicimonas_caeni	2292766	S	566	23	589	0.00028
Bradymonas_sediminis	1548548	S	217	20	237	0.00011
Bradymonadales_bacterium_V1718	2600177	S	70	4	74	0.00004
Syntrophobacter_fumaroxidans	119484	S	146	73	219	0.00011
Desulfoglaeba_alkanexedens	361111	S	138	6	144	0.00007
Desulfarculus_baarsii	453230	S	211	148	359	0.00017
Desulfobacca_acetoxidans	60893	S	49	1	50	0.00002
Desulfomonile_tiedjei	2358	S	44	0	44	0.00002
Syntrophus_aciditrophicus	316277	S	28	1	29	0.00001
Dissulfurimicrobium_hydrothermale	1750598	S	30	1	31	0.00002
Campylobacter_gracilis	824	S	19	5	24	0.00001
Campylobacter_curvus	200	S	13	4	17	0.00001
Campylobacter_showae	204	S	13	13	26	0.00001
Campylobacter_concisus	199	S	10	3	13	0.00001
Sulfurimonas_sp._HSL-3221	2894755	S	56	10	66	0.00003
Helicobacter_pylori	210	S	17	21	38	0.00002
Nitratifractor_salsuginis	269261	S	29	4	33	0.00002
Hydrogenimonas_urashimensis	2740515	S	38	7	45	0.00002
Acidithiobacillus_caldus	33059	S	74	13	87	0.00004
Acidithiobacillus_ferrooxidans	920	S	47	64	111	0.00005
Acidithiobacillus_ferrivorans	160808	S	37	10	47	0.00002
Acidithiobacillus_ferriphilus	1689834	S	22	6	28	0.00001
Acidithiobacillus_thiooxidans	930	S	20	1	21	0.00001
Bdellovibrio_sp._LBG001	2835041	S	34	2	36	0.00002
Bdellovibrio_sp._NC01	2220073	S	19	1	20	0.00001
Bdellovibrio_sp._ZAP7	2231053	S	14	3	17	0.00001
Bdellovibrio_sp._KM01	2748865	S	11	2	13	0.00001
Bdellovibrio_bacteriovorus	959	S	69	5	74	0.00004
Pseudobdellovibrio_exovorus	453816	S	12	0	12	0.00001
Bacteriovorax_stolpii	960	S	21	4	25	0.00001
Hydrogenophilus_thermoluteolus	297	S	89	15	104	0.00005
Mariprofundus_ferrinatatus	1921087	S	31	1	32	0.00002
Mariprofundus_aestuarium	1921086	S	13	0	13	0.00001
Streptomyces_sp._WAC_01438	2203204	S	1191	394	1585	0.00076
Streptomyces_sp._SCSIO_64649	2878388	S	1063	190	1253	0.00060
Streptomyces_sp._AMCC400023	2056258	S	1040	414	1454	0.00070
Streptomyces_sp._ZYC-3	2797636	S	936	183	1119	0.00054
Streptomyces_sp._CMB-StM0423	2059884	S	928	436	1364	0.00066
Streptomyces_sp._NHF165	2175864	S	906	155	1061	0.00051
Streptomyces_sp._CB01881	2078691	S	900	172	1072	0.00052
Streptomyces_sp._MG28	2865673	S	822	286	1108	0.00053
Streptomyces_sp._So13.3	2136173	S	816	149	965	0.00046
Streptomyces_sp._SN-593	659352	S	806	187	993	0.00048
Streptomyces_sp._MG62	2838015	S	800	290	1090	0.00052
Streptomyces_sp._SYP-A7193	2662065	S	787	451	1238	0.00060
Streptomyces_sp._MA3_2.13	2867410	S	774	98	872	0.00042
Streptomyces_sp._CdTB01	1725411	S	738	207	945	0.00045
Streptomyces_sp._HP-A2021	2927875	S	720	381	1101	0.00053
Streptomyces_sp._P3	2135430	S	720	177	897	0.00043
Streptomyces_sp._BJ20	2930049	S	716	283	999	0.00048
Streptomyces_sp._SCUT-3	2684469	S	697	269	966	0.00046
Streptomyces_sp._891-h	2720714	S	680	121	801	0.00039
Streptomyces_sp._TN58	234612	S	666	294	960	0.00046
Streptomyces_sp._BH-MK-02	2880933	S	665	140	805	0.00039
Streptomyces_sp._NA02950	2742137	S	663	129	792	0.00038
Streptomyces_sp._Z423-1	2730915	S	656	187	843	0.00041
Streptomyces_sp._3025	2923272	S	642	112	754	0.00036
Streptomyces_sp._ST1015	1848900	S	631	129	760	0.00037
Streptomyces_sp._LRE541	2931983	S	630	141	771	0.00037
Streptomyces_sp._3214.6	1882757	S	607	174	781	0.00038
Streptomyces_sp._Go-475	2072505	S	598	268	866	0.00042
Streptomyces_sp._GQFP	2907545	S	594	100	694	0.00033
Streptomyces_sp._A2-16	2781734	S	590	180	770	0.00037
Streptomyces_sp._NA04227	2742136	S	572	128	700	0.00034
Streptomyces_sp._C8S0	2585716	S	558	156	714	0.00034
Streptomyces_sp._SirexAA-E	862751	S	557	162	719	0.00035
Streptomyces_sp._W1SF4	2305220	S	541	187	728	0.00035
Streptomyces_sp._MBT27	1488356	S	538	152	690	0.00033
Streptomyces_sp._YIM_121038	2136401	S	535	153	688	0.00033
Streptomyces_sp._RTd22	1841249	S	534	221	755	0.00036
Streptomyces_sp._SM18	1736046	S	532	143	675	0.00033
Streptomyces_sp._CB09001	2083284	S	529	330	859	0.00041
Streptomyces_sp._Tu_2975	2676871	S	528	162	690	0.00033
Streptomyces_sp._GMY02	1333528	S	524	90	614	0.00030
Streptomyces_sp._MST-110588	2833628	S	522	124	646	0.00031
Streptomyces_sp._JB150	2714844	S	519	173	692	0.00033
Streptomyces_sp._QHH-9511	2684468	S	519	139	658	0.00032
Streptomyces_sp._HM190	2695266	S	516	160	676	0.00033
Streptomyces_sp._DSM_40868	2721173	S	503	179	682	0.00033
Streptomyces_sp._SAT1	1849967	S	496	179	675	0.00033
Streptomyces_sp._NEAU-sy36	2751189	S	495	180	675	0.00032
Streptomyces_sp._GS7	2692234	S	487	128	615	0.00030
Streptomyces_sp._135	2838850	S	461	146	607	0.00029
Streptomyces_sp._RPA4-2	2721244	S	448	128	576	0.00028
Streptomyces_sp._CCM_MD2014	1561022	S	447	385	832	0.00040
Streptomyces_sp._WAC_06738	2203210	S	432	420	852	0.00041
Streptomyces_sp._BHT-5-2	2866715	S	429	131	560	0.00027
Streptomyces_sp._fd1-xmd	1812480	S	429	181	610	0.00029
Streptomyces_sp._INR7	2607753	S	427	209	636	0.00031
Streptomyces_sp._Rer75	2750011	S	418	190	608	0.00029
Streptomyces_sp._Go_40/10	2825844	S	413	177	590	0.00028
Streptomyces_sp._CNQ-509	444103	S	405	386	791	0.00038
Streptomyces_sp._HSG2	2797167	S	391	82	473	0.00023
Streptomyces_sp._S4.7	2705439	S	362	115	477	0.00023
Streptomyces_sp._WAC_01529	2203205	S	326	111	437	0.00021
Streptomyces_sp._jing01	2726118	S	306	163	469	0.00023
Streptomyces_sp._S1D4-11	2721246	S	293	204	497	0.00024
Streptomyces_sp._WY228	2855836	S	283	143	426	0.00021
Streptomyces_sp._ADI95-16	1522758	S	267	229	496	0.00024
Streptomyces_sp._SUK_48	2582831	S	252	148	400	0.00019
Streptomyces_sp._NA02536	2742133	S	228	564	792	0.00038
Streptomyces_sp._AgN23	1188315	S	228	189	417	0.00020
Streptomyces_sp._YPW6	2840373	S	227	111	338	0.00016
Streptomyces_sp._Mg1	465541	S	222	202	424	0.00020
Streptomyces_sp._2323.1	1938841	S	218	124	342	0.00016
Streptomyces_sp._3211	1964449	S	207	264	471	0.00023
Streptomyces_sp._A144	2871487	S	196	933	1129	0.00054
Streptomyces_sp._HF10	2692233	S	194	128	322	0.00016
Streptomyces_sp._769	1262452	S	191	135	326	0.00016
Streptomyces_sp._RPA4-5	2721245	S	184	111	295	0.00014
Streptomyces_sp._EAS-AB2608	2779671	S	171	272	443	0.00021
Streptomyces_sp._S063	2005885	S	168	109	277	0.00013
Streptomyces_sp._S8	1837283	S	160	130	290	0.00014
Streptomyces_sp._SS52	2563602	S	152	759	911	0.00044
Streptomyces_sp._Sge12	1972846	S	150	235	385	0.00019
Streptomyces_sp._ID38640	1265399	S	148	101	249	0.00012
Streptomyces_sp._SGAir0924	2109593	S	144	745	889	0.00043
Streptomyces_sp._NEAU-S7GS2	2202000	S	142	110	252	0.00012
Streptomyces_sp._XC_2026	2782004	S	140	114	254	0.00012
Streptomyces_sp._WA6-1-16	2879427	S	136	130	266	0.00013
Streptomyces_sp._HNA39	2850561	S	128	138	266	0.00013
Streptomyces_sp._RLB1-33	2721243	S	122	341	463	0.00022
Streptomyces_sp._MOE7	1961713	S	122	136	258	0.00012
Streptomyces_sp._PBH53	1577075	S	121	182	303	0.00015
Streptomyces_sp._Tue_6075	1661694	S	117	126	243	0.00012
Streptomyces_sp._11-1-2	1851167	S	115	202	317	0.00015
Streptomyces_sp._PAMC_26508	1265601	S	111	424	535	0.00026
Streptomyces_sp._CB00271	2750025	S	108	138	246	0.00012
Streptomyces_sp._WAC00303	2933779	S	95	128	223	0.00011
Streptomyces_sp._CLI2509	1984801	S	88	321	409	0.00020
Streptomyces_sp._CFMR_7	1649184	S	87	141	228	0.00011
Streptomyces_sp._VN1	1821625	S	82	328	410	0.00020
Streptomyces_sp._CB09030	2913412	S	79	249	328	0.00016
Streptomyces_sp._S501	2420135	S	74	305	379	0.00018
Streptomyces_sp._BSE6.1	2605730	S	73	347	420	0.00020
Streptomyces_sp._V17-9	2831149	S	72	354	426	0.00020
Streptomyces_sp._M56	1495638	S	70	176	246	0.00012
Streptomyces_sp._NA03103	2742134	S	70	472	542	0.00026
Streptomyces_sp._CB04723	2748873	S	66	109	175	0.00008
Streptomyces_sp._HU2014	2939414	S	59	190	249	0.00012
Streptomyces_sp._M2	646637	S	51	292	343	0.00017
Streptomyces_sp._Tu6071	355249	S	49	159	208	0.00010
Streptomyces_sp._endophyte_N2	2153485	S	48	130	178	0.00009
Streptomyces_sp._CRSS-Y-16	2906474	S	47	285	332	0.00016
Streptomyces_sp._A1-5	2738410	S	45	199	244	0.00012
Streptomyces_sp._WAC00288	2094021	S	44	172	216	0.00010
Streptomyces_sp._KPB2	2305221	S	43	367	410	0.00020
Streptomyces_sp._2114.2	1881022	S	42	246	288	0.00014
Streptomyces_sp._GF20	2692235	S	41	219	260	0.00013
Streptomyces_sp._WA1-19	2884220	S	35	175	210	0.00010
Streptomyces_sp._S1A1-7	2594459	S	35	358	393	0.00019
Streptomyces_sp._LBUM_1480	2609808	S	35	338	373	0.00018
Streptomyces_sp._R527F	1664033	S	31	167	198	0.00010
Streptomyces_sp._NBU3104	2911367	S	27	168	195	0.00009
Streptomyces_sp._CA-256286	2801033	S	26	153	179	0.00009
Streptomyces_sp._OUCMDZ-3434	1535304	S	23	246	269	0.00013
Streptomyces_sp._604F	1476754	S	22	203	225	0.00011
Streptomyces_sp._RLB3-17	2594455	S	20	341	361	0.00017
Streptomyces_sp._RLB3-6	2594457	S	19	653	672	0.00032
Streptomyces_sp._GBA_94-10	1218177	S	18	235	253	0.00012
Streptomyces_sp._CC0208	2306165	S	17	436	453	0.00022
Streptomyces_sp._LBUM_1482	2609809	S	17	429	446	0.00021
Streptomyces_sp._FR-008	206662	S	16	124	140	0.00007
Streptomyces_sp._RLB1-9	2594454	S	15	905	920	0.00044
Streptomyces_sp._LBUM_1475	2609807	S	15	444	459	0.00022
Streptomyces_sp._S1D4-20	2594462	S	13	386	399	0.00019
Streptomyces_sp._A10(2020)	2782013	S	10	110	120	0.00006
Streptomyces_sp._PVA_94-07	1225337	S	10	151	161	0.00008
Streptomyces_armeniacus	83291	S	3338	433	3771	0.00181
Streptomyces_pristinaespiralis	38300	S	3218	1140	4358	0.00210
Streptomyces_venezuelae	54571	S	3030	1094	4124	0.00198
Streptomyces_qaidamensis	1783515	S	1078	406	1484	0.00071
Streptomyces_cadmiisoli	2184053	S	613	137	750	0.00036
Streptomyces_aurantiacus	47760	S	519	111	630	0.00030
Streptomyces_alboniger	132473	S	313	104	417	0.00020
Streptomyces_koyangensis	188770	S	232	210	442	0.00021
Streptomyces_deccanensis	424188	S	2321	865	3186	0.00153
Streptomyces_chartreusis	1969	S	2099	754	2853	0.00137
Streptomyces_hygroscopicus	1912	S	823	1542	2365	0.00114
Streptomyces_rapamycinicus	1226757	S	540	116	656	0.00032
Streptomyces_violaceusniger	68280	S	223	133	356	0.00017
Streptomyces_yatensis	155177	S	193	127	320	0.00015
Streptomyces_malaysiensis	92644	S	64	177	241	0.00012
Streptomyces_pactum	68249	S	1636	588	2224	0.00107
Streptomyces_griseus	1911	S	483	383	866	0.00042
Streptomyces_sp._M54	2759525	S	47	111	158	0.00008
Streptomyces_anulatus	1892	S	361	341	702	0.00034
Streptomyces_microflavus	1919	S	151	612	763	0.00037
Streptomyces_globisporus	1908	S	136	912	1048	0.00050
Streptomyces_calvus	67282	S	1188	415	1603	0.00077
Streptomyces_ambofaciens	1889	S	1173	616	1789	0.00086
Streptomyces_albus	1888	S	1090	493	1583	0.00076
Streptomyces_bathyalis	2710756	S	1039	153	1192	0.00057
Streptomyces_lydicus	47763	S	971	594	1565	0.00075
Streptomyces_peucetius	1950	S	968	235	1203	0.00058
Streptomyces_galilaeus	33899	S	961	286	1247	0.00060
Streptomyces_formicae	1616117	S	913	259	1172	0.00056
Streptomyces_griseorubiginosus	67304	S	893	262	1155	0.00056
Streptomyces_viridosporus	67581	S	871	315	1186	0.00057
Streptomyces_cyaneochromogenes	2496836	S	861	225	1086	0.00052
Streptomyces_durmitorensis	319947	S	830	159	989	0.00048
Streptomyces_tsukubensis	83656	S	827	161	988	0.00048
Streptomyces_buecherae	2763006	S	807	182	989	0.00048
Streptomyces_bingchenggensis	379067	S	803	137	940	0.00045
Streptomyces_lincolnensis	1915	S	794	204	998	0.00048
Streptomyces_capitiformicae	2014920	S	794	113	907	0.00044
Streptomyces_cattleya	29303	S	792	205	997	0.00048
Streptomyces_pratensis	1169025	S	787	171	958	0.00046
Streptomyces_lunaelactis	1535768	S	779	145	924	0.00044
Streptomyces_spectabilis	68270	S	772	225	997	0.00048
Streptomyces_niveus	193462	S	738	303	1041	0.00050
Streptomyces_seoulensis	73044	S	700	238	938	0.00045
Streptomyces_ferrugineus	1413221	S	662	190	852	0.00041
Streptomyces_nigra	1827580	S	662	231	893	0.00043
Streptomyces_xanthii	2768069	S	660	177	837	0.00040
Streptomyces_parvulus	146923	S	649	255	904	0.00043
Streptomyces_rimosus	1927	S	645	3464	4109	0.00198
Streptomyces_phaeolivaceus	2653200	S	633	156	789	0.00038
Streptomyces_aquilus	2548456	S	618	162	780	0.00038
Streptomyces_xinghaiensis	1038928	S	612	165	777	0.00037
Streptomyces_davaonensis	348043	S	599	149	748	0.00036
Streptomyces_genisteinicus	2768068	S	598	167	765	0.00037
Streptomyces_prasinus	67345	S	591	171	762	0.00037
Streptomyces_tendae	1932	S	581	213	794	0.00038
Streptomyces_roseirectus	2768066	S	578	125	703	0.00034
Streptomyces_olivoreticuli	68246	S	568	143	711	0.00034
Streptomyces_liangshanensis	2717324	S	566	127	693	0.00033
Streptomyces_albulus	68570	S	564	153	717	0.00034
Streptomyces_vietnamensis	362257	S	547	163	710	0.00034
Streptomyces_avermitilis	33903	S	544	139	683	0.00033
Streptomyces_coeruleorubidus	116188	S	541	232	773	0.00037
Streptomyces_nojiriensis	66374	S	538	206	744	0.00036
Streptomyces_paludis	2282738	S	538	104	642	0.00031
Streptomyces_globosus	68209	S	538	175	713	0.00034
Streptomyces_griseoviridis	45398	S	533	152	685	0.00033
Streptomyces_hawaiiensis	67305	S	529	206	735	0.00035
Streptomyces_asoensis	249586	S	525	139	664	0.00032
Streptomyces_ficellus	1977088	S	523	166	689	0.00033
Streptomyces_griseocarneus	51201	S	517	161	678	0.00033
Streptomyces_dengpaensis	2049881	S	510	125	635	0.00031
Streptomyces_actuosus	1885	S	510	192	702	0.00034
Streptomyces_alboflavus	67267	S	509	126	635	0.00031
Streptomyces_rectiverticillatus	173860	S	503	143	646	0.00031
Streptomyces_clavuligerus	1901	S	494	105	599	0.00029
Streptomyces_nodosus	40318	S	493	111	604	0.00029
Streptomyces_exfoliatus	1905	S	487	148	635	0.00031
Streptomyces_glaucescens	1907	S	487	186	673	0.00032
Streptomyces_aureoverticillatus	66871	S	479	115	594	0.00029
Streptomyces_antibioticus	1890	S	479	151	630	0.00030
Streptomyces_griseochromogenes	68214	S	477	118	595	0.00029
Streptomyces_luteoverticillatus	66425	S	471	139	610	0.00029
Streptomyces_lavendulae	1914	S	467	144	611	0.00029
Streptomyces_harbinensis	1176198	S	467	114	581	0.00028
Streptomyces_chromofuscus	42881	S	462	158	620	0.00030
Streptomyces_atratus	1893	S	460	83	543	0.00026
Streptomyces_vinaceus	1960	S	457	145	602	0.00029
Streptomyces_katrae	68223	S	445	149	594	0.00029
Streptomyces_broussonetiae	2686304	S	445	119	564	0.00027
Streptomyces_hundungensis	1077946	S	444	122	566	0.00027
Streptomyces_subrutilus	36818	S	441	145	586	0.00028
Streptomyces_tuirus	68278	S	438	197	635	0.00031
Streptomyces_nitrosporeus	28894	S	427	107	534	0.00026
Streptomyces_tirandamycinicus	2174846	S	423	125	548	0.00026
Streptomyces_roseochromogenus	285450	S	414	115	529	0.00025
Streptomyces_collinus	42684	S	411	242	653	0.00031
Streptomyces_fodineus	1904616	S	409	128	537	0.00026
Streptomyces_rutgersensis	53451	S	407	176	583	0.00028
Streptomyces_gilvosporeus	553510	S	403	113	516	0.00025
Streptomyces_spongiicola	1690221	S	396	143	539	0.00026
Streptomyces_finlayi	67296	S	392	79	471	0.00023
Streptomyces_dangxiongensis	1442032	S	392	121	513	0.00025
Streptomyces_gardneri	66892	S	389	141	530	0.00026
Streptomyces_mobaraensis	35621	S	372	13280	13652	0.00657
Streptomyces_incarnatus	665007	S	366	97	463	0.00022
Streptomyces_angustmyceticus	285578	S	365	132	497	0.00024
Streptomyces_inhibens	2293571	S	354	95	449	0.00022
Streptomyces_kanamyceticus	1967	S	352	106	458	0.00022
Streptomyces_gobiensis	2875706	S	350	58	408	0.00020
Streptomyces_cyanogenus	80860	S	344	135	479	0.00023
Streptomyces_qinzhouensis	2599401	S	334	70	404	0.00019
Streptomyces_huasconensis	1854574	S	330	115	445	0.00021
Streptomyces_fagopyri	2662397	S	316	96	412	0.00020
Streptomyces_pluripotens	1355015	S	307	62	369	0.00018
Streptomyces_leeuwenhoekii	1437453	S	307	192	499	0.00024
Streptomyces_cyaneogriseus	68192	S	237	164	401	0.00019
Streptomyces_decoyicus	249567	S	204	102	306	0.00015
Streptomyces_auratus	114687	S	188	112	300	0.00014
Streptomyces_fungicidicus	68203	S	182	484	666	0.00032
Streptomyces_lydicamycinicus	1546107	S	162	87	249	0.00012
Streptomyces_xiamenensis	408015	S	143	111	254	0.00012
Streptomyces_antimycoticus	68175	S	143	133	276	0.00013
Streptomyces_platensis	58346	S	140	94	234	0.00011
Streptomyces_olivaceus	47716	S	127	428	555	0.00027
Streptomyces_alfalfae	1642299	S	112	584	696	0.00034
Streptomyces_coelicolor	1902	S	53	324	377	0.00018
Streptomyces_albidoflavus	1886	S	32	439	471	0.00023
Streptomyces_sampsonii	42239	S	26	191	217	0.00010
Streptomyces_filamentosus	67294	S	104	118	222	0.00011
Streptomyces_californicus	67351	S	87	260	347	0.00017
Streptomyces_fradiae	1906	S	75	1087	1162	0.00056
Streptomyces_mirabilis	68239	S	72	398	470	0.00023
Streptomyces_cavourensis	67258	S	71	118	189	0.00009
Streptomyces_autolyticus	75293	S	62	193	255	0.00012
Streptomyces_murinus	33900	S	53	138	191	0.00009
Streptomyces_griseofuscus	146922	S	50	206	256	0.00012
Streptomyces_lividans	1916	S	43	372	415	0.00020
Streptomyces_albireticuli	1940	S	42	163	205	0.00010
Streptomyces_noursei	1971	S	40	145	185	0.00009
Streptomyces_scabiei	1930	S	37	302	339	0.00016
Streptomyces_cinereoruber	67260	S	36	173	209	0.00010
Streptomyces_rubrolavendulae	285473	S	35	234	269	0.00013
Streptomyces_rochei	1928	S	32	221	253	0.00012
Streptomyces_violaceoruber	1935	S	24	97	121	0.00006
Kitasatospora_sp._MMS16-BH015	2018025	S	641	193	834	0.00040
Kitasatospora_sp._NA04385	2742135	S	519	266	785	0.00038
Kitasatospora_setae	2066	S	582	290	872	0.00042
Kitasatospora_aureofaciens	1894	S	444	168	612	0.00029
Kitasatospora_albolonga	68173	S	154	111	265	0.00013
Streptacidiphilus_sp._P02-A3a	2704468	S	608	179	787	0.00038
Streptacidiphilus_sp._PB12-B1b	2705012	S	525	198	723	0.00035
Streptacidiphilus_bronchialis	2126346	S	495	147	642	0.00031
Yinghuangia_sp._ASG_101	2896848	S	799	122	921	0.00044
Microbacterium_sp._4R-513	2567934	S	622	104	726	0.00035
Microbacterium_sp._No._7	1714373	S	538	215	753	0.00036
Microbacterium_sp._10M-3C3	2483401	S	422	126	548	0.00026
Microbacterium_sp._LKL04	912630	S	407	88	495	0.00024
Microbacterium_sp._JZ31	1906274	S	393	99	492	0.00024
Microbacterium_sp._ABRD_28	2268461	S	358	44	402	0.00019
Microbacterium_sp._YJN-G	2763257	S	346	104	450	0.00022
Microbacterium_sp._SSW1-51	2851650	S	340	81	421	0.00020
Microbacterium_sp._BH-3-3-3	1906742	S	322	70	392	0.00019
Microbacterium_sp._XT11	367477	S	303	59	362	0.00017
Microbacterium_sp._cx-55	2875948	S	295	39	334	0.00016
Microbacterium_sp._Y-01	2048898	S	292	110	402	0.00019
Microbacterium_sp._NIBRBAC000506063	2734618	S	276	101	377	0.00018
Microbacterium_sp._SSW1-36	2851648	S	272	55	327	0.00016
Microbacterium_sp._H1-D42	2925844	S	267	40	307	0.00015
Microbacterium_sp._A18JL241	2782166	S	257	55	312	0.00015
Microbacterium_sp._PM5	2014534	S	254	42	296	0.00014
Microbacterium_sp._CBA3102	2603598	S	209	49	258	0.00012
Microbacterium_sp._1S1	2606451	S	196	84	280	0.00013
Microbacterium_sp._TPU_3598	1938334	S	192	49	241	0.00012
Microbacterium_sp._Nx66	2766784	S	164	107	271	0.00013
Microbacterium_sp._CGR1	1696072	S	113	528	641	0.00031
Microbacterium_sp._1.5R	1916917	S	99	447	546	0.00026
Microbacterium_sp._RG1	2489212	S	91	63	154	0.00007
Microbacterium_sp._PAMC22086	2861281	S	51	99	150	0.00007
Microbacterium_sp._SGAir0570	2070348	S	32	103	135	0.00006
Microbacterium_sp._str._'China'	2103230	S	21	102	123	0.00006
Microbacterium_sp._PAMC_28756	1795053	S	12	173	185	0.00009
Microbacterium_cremeum	2782169	S	1627	309	1936	0.00093
Microbacterium_atlanticum	2782168	S	1574	313	1887	0.00091
Microbacterium_foliorum	104336	S	790	148	938	0.00045
Microbacterium_hominis	162426	S	700	1768	2468	0.00119
Microbacterium_oleivorans	273677	S	582	102	684	0.00033
Microbacterium_lemovicicum	1072463	S	430	88	518	0.00025
Microbacterium_pygmaeum	370764	S	402	45	447	0.00022
Microbacterium_resistens	156977	S	357	59	416	0.00020
Microbacterium_sediminis	904291	S	348	142	490	0.00024
Microbacterium_oryzae	743009	S	345	92	437	0.00021
Microbacterium_wangchenii	2541726	S	328	67	395	0.00019
Microbacterium_chocolatum	84292	S	316	64	380	0.00018
Microbacterium_caowuchunii	2614638	S	314	53	367	0.00018
Microbacterium_testaceum	2033	S	309	50	359	0.00017
Microbacterium_esteraromaticum	57043	S	306	61	367	0.00018
Microbacterium_aurum	36805	S	294	83	377	0.00018
Microbacterium_luteum	2782167	S	291	108	399	0.00019
Microbacterium_lushaniae	2614639	S	291	60	351	0.00017
Microbacterium_hydrocarbonoxydans	273678	S	279	45	324	0.00016
Microbacterium_oxydans	82380	S	264	184	448	0.00022
Microbacterium_protaetiae	2509458	S	244	49	293	0.00014
Microbacterium_schleiferi	69362	S	185	57	242	0.00012
Microbacterium_fandaimingii	2708079	S	139	10	149	0.00007
Microbacterium_binotii	462710	S	114	77	191	0.00009
Microbacterium_amylolyticum	936337	S	93	17	110	0.00005
Microbacterium_chengjingii	2769067	S	87	4	91	0.00004
Microbacterium_endophyticum	1526412	S	63	3	66	0.00003
Microbacterium_paraoxydans	199592	S	44	269	313	0.00015
Microbacterium_paludicola	300019	S	32	107	139	0.00007
Agromyces_flavus	589382	S	2994	929	3923	0.00189
Agromyces_sp._H17E-10	2932244	S	925	306	1231	0.00059
Agromyces_sp._LHK192	2498704	S	725	210	935	0.00045
Agromyces_sp._CFWR-12	2929802	S	554	348	902	0.00043
Agromyces_aureus	453304	S	811	224	1035	0.00050
Agromyces_soli	659012	S	736	261	997	0.00048
Agromyces_badenianii	2080742	S	703	227	930	0.00045
Agromyces_marinus	1389020	S	697	248	945	0.00045
Agromyces_protaetiae	2509455	S	551	154	705	0.00034
Agromyces_laixinhei	2585717	S	525	119	644	0.00031
Agromyces_intestinalis	2592652	S	489	289	778	0.00037
Agromyces_archimandritae	2781962	S	432	120	552	0.00027
Curtobacterium_sp._L6-1	2841594	S	263	81	344	0.00017
Curtobacterium_sp._BH-2-1-1	1905847	S	247	79	326	0.00016
Curtobacterium_sp._MR_MD2014	1561023	S	231	103	334	0.00016
Curtobacterium_sp._YC1	2795488	S	175	79	254	0.00012
Curtobacterium_sp._TC1	2862880	S	161	81	242	0.00012
Curtobacterium_sp._TXMA1	2876939	S	147	119	266	0.00013
Curtobacterium_sp._24E2	2804758	S	146	78	224	0.00011
Curtobacterium_sp._SGAir0471	2070337	S	112	87	199	0.00010
Curtobacterium_sp._C1	2898151	S	50	150	200	0.00010
Curtobacterium_sp._Csp2	2495430	S	37	126	163	0.00008
Curtobacterium_sp._Csp1	2495429	S	10	224	234	0.00011
Curtobacterium_flaccumfaciens	2035	S	369	173	542	0.00026
Curtobacterium_luteum	33881	S	240	86	326	0.00016
Rathayibacter_sp._VKM_Ac-2759	2609252	S	365	125	490	0.00024
Rathayibacter_sp._VKM_Ac-2760	2609253	S	309	161	470	0.00023
Rathayibacter_sp._VKM_Ac-2804	2609257	S	220	166	386	0.00019
Rathayibacter_sp._VKM_Ac-2801	2609255	S	174	168	342	0.00016
Rathayibacter_sp._VKM_Ac-2762	2609254	S	66	188	254	0.00012
Rathayibacter_sp._VKM_Ac-2805	2609258	S	39	115	154	0.00007
Rathayibacter_festucae	110937	S	352	402	754	0.00036
Rathayibacter_tanaceti	1671680	S	220	55	275	0.00013
Rathayibacter_tritici	33888	S	148	46	194	0.00009
Rathayibacter_iranicus	59737	S	132	17	149	0.00007
Rathayibacter_rathayi	33887	S	123	33	156	0.00008
Rathayibacter_toxicus	145458	S	49	3	52	0.00003
Agrococcus_sp._SCSIO52902	2933290	S	768	372	1140	0.00055
Agrococcus_sp._Marseille-Q4369	2810513	S	499	174	673	0.00032
Agrococcus_sp._SGAir0287	2070347	S	382	115	497	0.00024
Agrococcus_carbonis	684552	S	515	235	750	0.00036
Agrococcus_jejuensis	399736	S	443	139	582	0.00028
Leifsonia_sp._ZF2019	2781978	S	376	107	483	0.00023
Leifsonia_sp._21MFCrub1.1	1798223	S	335	448	783	0.00038
Leifsonia_sp._PS1209	2724914	S	321	90	411	0.00020
Leifsonia_shinshuensis	150026	S	472	135	607	0.00029
Leifsonia_xyli	1575	S	294	38	332	0.00016
Leucobacter_sp._H25R-14	2932245	S	267	42	309	0.00015
Leucobacter_sp._NB_10	2873270	S	242	63	305	0.00015
Leucobacter_sp._Psy1	2875729	S	198	23	221	0.00011
Leucobacter_sp._CX169	2813744	S	157	39	196	0.00009
Leucobacter_sp._H21R-36	2932246	S	68	189	257	0.00012
Leucobacter_sp._H21R-40	2932247	S	53	148	201	0.00010
Leucobacter_muris	1935379	S	269	91	360	0.00017
Leucobacter_triazinivorans	1784719	S	252	134	386	0.00019
Leucobacter_luti	340320	S	96	8	104	0.00005
Leucobacter_insecticola	2714934	S	69	5	74	0.00004
Leucobacter_viscericola	2714935	S	65	6	71	0.00003
Leucobacter_denitrificans	683042	S	64	9	73	0.00004
Leucobacter_coleopterorum	2714933	S	45	4	49	0.00002
Clavibacter_michiganensis	28447	S	1449	1476	2925	0.00141
Clavibacter_zhangzhiyongii	2768071	S	201	96	297	0.00014
Clavibacter_sp._A6099	2860285	S	104	68	172	0.00008
Protaetiibacter_sp._SSC-01	2759943	S	515	200	715	0.00034
Protaetiibacter_intestinalis	2419774	S	499	191	690	0.00033
Protaetiibacter_larvae	2592654	S	383	129	512	0.00025
Salinibacterium_sp._ZJ450	2708338	S	357	54	411	0.00020
Salinibacterium_sp._ZJ70	2708084	S	308	77	385	0.00019
Salinibacterium_sp._dk2585	2603292	S	237	41	278	0.00013
Salinibacterium_sp._UTAS2018	2508880	S	82	10	92	0.00004
Salinibacterium_sp._M195	2583374	S	55	7	62	0.00003
Salinibacterium_hongtaonis	2079791	S	93	10	103	0.00005
Cryobacterium_sp._LW097	1978566	S	252	55	307	0.00015
Cryobacterium_sp._PAMC25264	2861288	S	114	79	193	0.00009
Cryobacterium_soli	2220095	S	183	108	291	0.00014
Cryobacterium_arcticum	670052	S	124	108	232	0.00011
Frondihabitans_sp._PAMC_28766	1795630	S	349	46	395	0.00019
Frondihabitans_sp._762G35	1446794	S	306	65	371	0.00018
Microterricola_viridarii	412690	S	633	154	787	0.00038
Microcella_flavibacter	1804990	S	353	167	520	0.00025
Microcella_alkaliphila	279828	S	212	36	248	0.00012
Plantibacter_sp._PA-3-X8	2480625	S	103	112	215	0.00010
Plantibacter_sp._M259	2583822	S	90	96	186	0.00009
Plantibacter_flavus	150123	S	116	115	231	0.00011
Cnuibacter_physcomitrellae	1619308	S	418	90	508	0.00024
Mycetocola_zhujimingii	2079792	S	150	17	167	0.00008
Mycetocola_sp._JXN-3	2116510	S	140	20	160	0.00008
Mycetocola_spongiae	2859226	S	110	14	124	0.00006
Herbiconiux_sp._SALV-R1	2735133	S	379	75	454	0.00022
Frigoribacterium_sp._NBH87	2596916	S	367	107	474	0.00023
Subtercola_sp._AK-R2A1-2	2895559	S	210	18	228	0.00011
Subtercola_sp._PAMC28395	2846775	S	144	13	157	0.00008
Amnibacterium_sp._L3-i23	2905871	S	345	82	427	0.00021
Gryllotalpicola_protaetiae	2419771	S	332	63	395	0.00019
Diaminobutyricimonas_sp._LJ205	2683590	S	330	61	391	0.00019
Chryseoglobus_indicus	2750620	S	60	143	203	0.00010
Chryseoglobus_sp._28M-23	2772253	S	55	126	181	0.00009
Humibacter_sp._WJ7-1	2599293	S	302	65	367	0.00018
Marisediminicola_antarctica	674079	S	255	31	286	0.00014
Gulosibacter_sediminis	1729695	S	232	65	297	0.00014
Glaciihabitans_sp._INWT7	2596912	S	207	16	223	0.00011
Agreia_sp._COWG	2773266	S	192	22	214	0.00010
Rhodoluna_limnophila	232537	S	19	1	20	0.00001
Rhodoluna_lacicola	529884	S	15	0	15	0.00001
Aquiluna_borgnonia	2499157	S	22	1	23	0.00001
Pseudoclavibacter_sp._Marseille-Q3772	2866588	S	46	8	54	0.00003
Aurantimicrobium_photophilum	1987356	S	14	3	17	0.00001
Pontimonas_salivibrio	1159327	S	19	0	19	0.00001
Arthrobacter_sp._QXT-31	1357915	S	7372	1905	9277	0.00446
Arthrobacter_sp._FW305-BF8	2879617	S	1938	490	2428	0.00117
Arthrobacter_sp._PGP41	2079227	S	1221	366	1587	0.00076
Arthrobacter_sp._NicSoilC5	2831000	S	869	393	1262	0.00061
Arthrobacter_sp._24S4-2	2575374	S	708	146	854	0.00041
Arthrobacter_sp._FB24	290399	S	661	186	847	0.00041
Arthrobacter_sp._PM3	2017685	S	618	90	708	0.00034
Arthrobacter_sp._NicSoilB8	2830998	S	548	132	680	0.00033
Arthrobacter_sp._NtRootA1	2830983	S	525	146	671	0.00032
Arthrobacter_sp._U41	1849032	S	501	131	632	0.00030
Arthrobacter_sp._NicSoilB4	2830997	S	466	136	602	0.00029
Arthrobacter_sp._PAMC25564	2565366	S	461	116	577	0.00028
Arthrobacter_sp._UKPF54-2	2600159	S	448	177	625	0.00030
Arthrobacter_sp._KBS0702	2578107	S	421	157	578	0.00028
Arthrobacter_sp._FW306-2-2C-D06B	2879618	S	387	69	456	0.00022
Arthrobacter_sp._QL17	2895818	S	361	80	441	0.00021
Arthrobacter_sp._PAMC25284	2861279	S	344	83	427	0.00021
Arthrobacter_sp._StoSoilB20	2830995	S	263	65	328	0.00016
Arthrobacter_sp._StoSoilB5	2830992	S	256	66	322	0.00016
Arthrobacter_sp._ERGS1:01	1704044	S	255	46	301	0.00015
Arthrobacter_sp._Helios	2828862	S	233	36	269	0.00013
Arthrobacter_sp._D5-1	1477518	S	210	126	336	0.00016
Arthrobacter_sp._zg-Y462	2886936	S	183	35	218	0.00011
Arthrobacter_sp._YN	2020486	S	166	63	229	0.00011
Arthrobacter_sp._PAMC_25486	1494608	S	159	25	184	0.00009
Arthrobacter_sp._FW306-06-A	2879621	S	152	509	661	0.00032
Arthrobacter_sp._StoSoilB13	2830993	S	142	252	394	0.00019
Arthrobacter_sp._StoSoilA2	2830990	S	134	230	364	0.00018
Arthrobacter_sp._zg-Y809	2886940	S	130	45	175	0.00008
Arthrobacter_sp._NicSoilB11	2830999	S	103	389	492	0.00024
Arthrobacter_sp._StoSoilB19	2830994	S	100	433	533	0.00026
Arthrobacter_sp._FW306-07-I	2879622	S	94	503	597	0.00029
Arthrobacter_sp._FW306-05-C	2879620	S	86	433	519	0.00025
Arthrobacter_sp._C1-1	2813727	S	57	7	64	0.00003
Arthrobacter_crystallopoietes	37928	S	5823	991	6814	0.00328
Arthrobacter_agilis	37921	S	558	78	636	0.00031
Arthrobacter_sulfonylureivorans	2486855	S	413	62	475	0.00023
Arthrobacter_woluwensis	156980	S	242	51	293	0.00014
Arthrobacter_dokdonellae	2211210	S	234	37	271	0.00013
Arthrobacter_alpinus	656366	S	175	273	448	0.00022
Arthrobacter_jiangjiafuii	2817475	S	169	44	213	0.00010
Arthrobacter_sunyaminii	2816859	S	130	42	172	0.00008
Pseudarthrobacter_sp._L1SW	2851598	S	1024	361	1385	0.00067
Pseudarthrobacter_sp._BIM_B-2242	2772401	S	595	133	728	0.00035
Pseudarthrobacter_sp._NIBRBAC000502772	2590775	S	281	227	508	0.00024
Pseudarthrobacter_sp._NBSH8	2596911	S	281	107	388	0.00019
Pseudarthrobacter_sp._SSS035	2931399	S	225	228	453	0.00022
Pseudarthrobacter_sp._NIBRBAC000502771	2590774	S	133	434	567	0.00027
Pseudarthrobacter_sp._NIBRBAC000502770	2590785	S	118	346	464	0.00022
Pseudarthrobacter_phenanthrenivorans	361575	S	1159	494	1653	0.00080
Pseudarthrobacter_chlorophenolicus	85085	S	689	243	932	0.00045
Pseudarthrobacter_equi	728066	S	652	246	898	0.00043
Pseudarthrobacter_psychrotolerans	2697569	S	292	119	411	0.00020
Pseudarthrobacter_sulfonivorans	121292	S	190	234	424	0.00020
Kocuria_rosea	1275	S	1658	492	2150	0.00103
Kocuria_turfanensis	388357	S	989	321	1310	0.00063
Kocuria_flava	446860	S	912	421	1333	0.00064
Kocuria_palustris	71999	S	258	94	352	0.00017
Kocuria_rhizophila	72000	S	181	269	450	0.00022
Kocuria_varians	1272	S	153	101	254	0.00012
Kocuria_sp._TGY1127_2	2711328	S	48	7	55	0.00003
Kocuria_sp._KD4	2719588	S	39	64	103	0.00005
Kocuria_sp._BT304	1702043	S	13	64	77	0.00004
Kocuria_indica	1049583	S	35	67	102	0.00005
Paenarthrobacter_ureafaciens	37931	S	439	639	1078	0.00052
Paenarthrobacter_aurescens	43663	S	277	155	432	0.00021
Paenarthrobacter_sp._YJN-5	2735316	S	63	124	187	0.00009
Paenarthrobacter_sp._YJN-D	2735317	S	44	79	123	0.00006
Paenarthrobacter_nicotinovorans	29320	S	55	84	139	0.00007
Micrococcus_luteus	1270	S	440	713	1153	0.00055
Micrococcus_sp._KD337-16	2856555	S	183	107	290	0.00014
Sinomonas_atrocyanea	37927	S	477	149	626	0.00030
Sinomonas_sp._R1AF57	2020377	S	405	91	496	0.00024
Glutamicibacter_creatinolyticus	162496	S	137	30	167	0.00008
Glutamicibacter_protophormiae	37930	S	134	76	210	0.00010
Glutamicibacter_halophytocola	1933880	S	86	14	100	0.00005
Glutamicibacter_mishrai	1775880	S	61	12	73	0.00004
Glutamicibacter_arilaitensis	256701	S	59	20	79	0.00004
Glutamicibacter_nicotianae	37929	S	46	124	170	0.00008
Glutamicibacter_sp._ZJUTW	1155384	S	13	50	63	0.00003
Rothia_kristinae	37923	S	258	138	396	0.00019
Rothia_mucilaginosa	43675	S	74	15	89	0.00004
Rothia_nasimurium	85336	S	35	15	50	0.00002
Rothia_aeria	172042	S	29	11	40	0.00002
Rothia_sp._ZJ932	2810516	S	17	2	19	0.00001
Rothia_dentocariosa	2047	S	12	4	16	0.00001
Rothia_terrae	396015	S	12	4	16	0.00001
Rothia_amarae	169480	S	10	4	14	0.00001
Citricoccus_sp._SGAir0253	2567881	S	435	109	544	0.00026
Nesterenkonia_sp._NBAIMH1	2600320	S	116	7	123	0.00006
Paeniglutamicibacter_sp._Y32M11	2853258	S	113	16	129	0.00006
Psychromicrobium_lacuslunae	1618207	S	62	8	70	0.00003
Neomicrococcus_aestuarii	556325	S	35	14	49	0.00002
Auritidibacter_sp._NML130574	2170745	S	34	3	37	0.00002
Renibacterium_salmoninarum	1646	S	23	1	24	0.00001
Cellulomonas_sp._Y8	2591145	S	677	306	983	0.00047
Cellulomonas_sp._H30R-01	2704467	S	607	255	862	0.00041
Cellulomonas_sp._JZ18	2654191	S	520	238	758	0.00036
Cellulomonas_sp._zg-ZUI188	2819978	S	487	143	630	0.00030
Cellulomonas_sp._C5510	2871170	S	479	203	682	0.00033
Cellulomonas_sp._zg-ZUI222	2816956	S	446	180	626	0.00030
Cellulomonas_sp._zg-ZUI157	2819979	S	403	151	554	0.00027
Cellulomonas_sp._EW123	2608402	S	340	221	561	0.00027
Cellulomonas_sp._PSBB021	2003551	S	326	283	609	0.00029
Cellulomonas_fimi	1708	S	563	547	1110	0.00053
Cellulomonas_iranensis	76862	S	453	226	679	0.00033
Cellulomonas_shaoxiangyii	2566013	S	445	197	642	0.00031
Cellulomonas_flavigena	1711	S	435	178	613	0.00029
Cellulomonas_gilvus	11	S	362	167	529	0.00025
Cellulomonas_taurus	2729175	S	352	116	468	0.00023
Actinotalea_sp._JY-7876	2758442	S	589	220	809	0.00039
Oerskovia_sp._KBS0722	1179673	S	356	117	473	0.00023
Pseudactinotalea_sp._HY158	2654547	S	348	51	399	0.00019
Paraoerskovia_marina	545619	S	261	69	330	0.00016
Janibacter_melonis	262209	S	580	201	781	0.00038
Janibacter_limosus	53458	S	408	110	518	0.00025
Janibacter_indicus	857417	S	227	325	552	0.00027
Janibacter_sp._YB324	2761047	S	146	281	427	0.00021
Phycicoccus_sp._HDW14	2714941	S	1007	347	1354	0.00065
Phycicoccus_endophyticus	1690220	S	682	209	891	0.00043
Intrasporangium_calvum	53358	S	1545	393	1938	0.00093
Pedococcus_dokdonensis	443156	S	902	273	1175	0.00057
Tetrasphaera_sp._HKS02	1813880	S	712	190	902	0.00043
Arsenicicoccus_sp._oral_taxon_190	1658671	S	514	200	714	0.00034
Cellulosimicrobium_cellulans	1710	S	914	971	1885	0.00091
Cellulosimicrobium_sp._BI34T	2587808	S	399	187	586	0.00028
Cellulosimicrobium_sp._JZ28	1906273	S	83	194	277	0.00013
Cellulosimicrobium_sp._72-3	2731680	S	50	222	272	0.00013
Cellulosimicrobium_sp._TH-20	1980001	S	34	156	190	0.00009
Xylanimonas_protaetiae	2509457	S	411	193	604	0.00029
Xylanimonas_allomyrinae	2509459	S	354	118	472	0.00023
Xylanimonas_cellulosilytica	186189	S	351	132	483	0.00023
Isoptericola_variabilis	139208	S	556	301	857	0.00041
Isoptericola_dokdonensis	372663	S	472	188	660	0.00032
Ornithinimicrobium_avium	2283195	S	506	139	645	0.00031
Ornithinimicrobium_flavum	1288636	S	469	163	632	0.00030
Ornithinimicrobium_sp._HY006	2508882	S	388	136	524	0.00025
Ornithinimicrobium_sp._INDO-MA30-4	2908651	S	71	12	83	0.00004
Ornithinimicrobium_ciconiae	2594265	S	307	48	355	0.00017
Ornithinimicrobium_pratense	2593973	S	270	79	349	0.00017
Serinicoccus_chungangensis	767452	S	415	150	565	0.00027
Serinicoccus_hydrothermalis	1758689	S	344	168	512	0.00025
Serinicoccus_profundi	1078471	S	334	127	461	0.00022
Serinicoccus_marinus	247333	S	289	147	436	0.00021
Brachybacterium_sp._CBA3105	2887346	S	371	86	457	0.00022
Brachybacterium_sp._SGAir0954	2571029	S	323	91	414	0.00020
Brachybacterium_sp._P6-10-X1	1903186	S	273	48	321	0.00015
Brachybacterium_saurashtrense	556288	S	267	78	345	0.00017
Brachybacterium_ginsengisoli	1331682	S	256	77	333	0.00016
Brachybacterium_faecium	43669	S	240	76	316	0.00015
Brachybacterium_vulturis	2017484	S	220	86	306	0.00015
Brachybacterium_avium	2017485	S	177	68	245	0.00012
Dermabacter_jinjuensis	1667168	S	75	63	138	0.00007
Dermabacter_vaginalis	1630135	S	63	42	105	0.00005
Devriesea_agamarum	472569	S	43	2	45	0.00002
Brevibacterium_sp._CS2	2575923	S	279	112	391	0.00019
Brevibacterium_sp._SMBL_HHYL_HB1	2777556	S	133	29	162	0.00008
Brevibacterium_sp._'Marine'	2725563	S	67	44	111	0.00005
Brevibacterium_sp._HY170	2898795	S	54	16	70	0.00003
Brevibacterium_sp._W7.2	2823518	S	46	225	271	0.00013
Brevibacterium_casei	33889	S	326	226	552	0.00027
Brevibacterium_luteolum	199591	S	181	72	253	0.00012
Brevibacterium_linens	1703	S	162	98	260	0.00013
Brevibacterium_oceani	358099	S	104	23	127	0.00006
Brevibacterium_limosum	2697565	S	104	38	142	0.00007
Brevibacterium_aurantiacum	273384	S	102	67	169	0.00008
Brevibacterium_atlanticum	2697563	S	100	21	121	0.00006
Brevibacterium_sandarakinum	629680	S	86	15	101	0.00005
Brevibacterium_siliguriense	1136497	S	70	20	90	0.00004
Brevibacterium_pigmentatum	1496080	S	42	31	73	0.00004
Georgenia_sp._TF02-10	2917725	S	658	248	906	0.00044
Georgenia_yuyongxinii	2589797	S	576	145	721	0.00035
Georgenia_wutianyii	2585135	S	501	178	679	0.00033
Georgenia_faecalis	2483799	S	471	134	605	0.00029
Dermacoccus_nishinomiyaensis	1274	S	348	157	505	0.00024
Dermacoccus_sp._PAMC28757	2762331	S	260	99	359	0.00017
Luteipulveratus_mongoliensis	571913	S	454	67	521	0.00025
Allobranchiibius_sp._GilTou73	2904523	S	355	82	437	0.00021
Yimella_sp._cx-51	2770551	S	213	44	257	0.00012
Haloactinobacterium_kanbiaonis	2675754	S	544	80	624	0.00030
Ruania_sp._LR1S40	2897774	S	303	64	367	0.00018
Ruania_sp._M4N3S171	2897773	S	192	27	219	0.00011
Ruania_zhangjianzhongii	2603206	S	313	31	344	0.00017
Ruania_alkalisoli	2779775	S	212	36	248	0.00012
Pengzhenrongella_sicca	2819238	S	651	182	833	0.00040
Luteimicrobium_xylanilyticum	1133546	S	432	135	567	0.00027
Beutenbergia_cavernae	84757	S	625	105	730	0.00035
Miniimonas_sp._S16	2171623	S	432	230	662	0.00032
Sanguibacter_keddieii	60920	S	395	118	513	0.00025
Sanguibacter_sp._HDW7	2714931	S	314	99	413	0.00020
Kytococcus_sedentarius	1276	S	340	124	464	0.00022
Gephyromycinifex_aptenodytis	2716227	S	176	20	196	0.00009
Austwickia_chelonae	100225	S	115	8	123	0.00006
Dermatophilus_congolensis	1863	S	38	3	41	0.00002
Demequina_sp._TMPB413	2881056	S	126	10	136	0.00007
Jonesia_denitrificans	43674	S	23	4	27	0.00001
Mycolicibacterium_neoaurum	1795	S	1783	394	2177	0.00105
Mycolicibacterium_litorale	758802	S	667	162	829	0.00040
Mycolicibacterium_sp._YH-1	2908837	S	369	250	619	0.00030
Mycolicibacterium_fortuitum	1766	S	550	176	726	0.00035
Mycolicibacterium_gadium	1794	S	523	62	585	0.00028
Mycolicibacterium_smegmatis	1772	S	500	186	686	0.00033
Mycolicibacterium_rutilum	370526	S	474	124	598	0.00029
Mycolicibacterium_rhodesiae	36814	S	459	66	525	0.00025
Mycolicibacterium_arabiense	1286181	S	451	61	512	0.00025
Mycolicibacterium_madagascariense	212765	S	442	59	501	0.00024
Mycolicibacterium_moriokaense	39691	S	440	47	487	0.00023
Mycolicibacterium_sediminis	1286180	S	428	68	496	0.00024
Mycolicibacterium_boenickei	146017	S	428	501	929	0.00045
Mycolicibacterium_phlei	1771	S	426	127	553	0.00027
Mycolicibacterium_mageritense	53462	S	419	63	482	0.00023
Mycolicibacterium_chubuense	1800	S	398	79	477	0.00023
Mycolicibacterium_chitae	1792	S	396	83	479	0.00023
Mycolicibacterium_hassiacum	46351	S	383	92	475	0.00023
Mycolicibacterium_phocaicum	319706	S	381	175	556	0.00027
Mycolicibacterium_parafortuitum	39692	S	378	66	444	0.00021
Mycolicibacterium_vaccae	1810	S	369	64	433	0.00021
Mycolicibacterium_pulveris	36813	S	366	54	420	0.00020
Mycolicibacterium_poriferae	39694	S	365	68	433	0.00021
Mycolicibacterium_psychrotolerans	216929	S	363	72	435	0.00021
Mycolicibacterium_fluoranthenivorans	258505	S	350	40	390	0.00019
Mycolicibacterium_fallax	1793	S	347	122	469	0.00023
Mycolicibacterium_celeriflavum	1249101	S	347	60	407	0.00020
Mycolicibacterium_duvalii	39688	S	332	57	389	0.00019
Mycolicibacterium_monacense	85693	S	329	94	423	0.00020
Mycolicibacterium_aurum	1791	S	322	37	359	0.00017
Mycolicibacterium_confluentis	28047	S	319	42	361	0.00017
Mycolicibacterium_gilvum	1804	S	319	104	423	0.00020
Mycolicibacterium_tokaiense	39695	S	309	43	352	0.00017
Mycolicibacterium_baixiangningiae	2761578	S	297	42	339	0.00016
Mycolicibacterium_thermoresistibile	1797	S	297	58	355	0.00017
Mycolicibacterium_alvei	67081	S	278	67	345	0.00017
Mycolicibacterium_anyangense	1431246	S	267	38	305	0.00015
Mycolicibacterium_insubricum	444597	S	263	65	328	0.00016
Mycolicibacterium_mengxianglii	2736649	S	258	24	282	0.00014
Mycolicibacterium_aichiense	1799	S	251	38	289	0.00014
Mycolicibacterium_austroafricanum	39687	S	244	833	1077	0.00052
Mycolicibacterium_mucogenicum	56689	S	239	85	324	0.00016
Mycolicibacterium_helvum	1534349	S	220	23	243	0.00012
Mycobacterium_doricum	126673	S	210	42	252	0.00012
Mycolicibacterium_septicum	98668	S	200	119	319	0.00015
Mycolicibacterium_sarraceniae	1534348	S	151	17	168	0.00008
Mycolicibacterium_farcinogenes	1802	S	124	374	498	0.00024
Mycolicibacterium_nivoides	2487344	S	51	210	261	0.00013
Mycolicibacterium_vanbaalenii	110539	S	50	698	748	0.00036
Mycobacterium_sp._JS623	212767	S	628	46	674	0.00032
Mycobacterium_sp._YC-RL4	1682113	S	563	180	743	0.00036
Mycobacterium_sp._IDR2000157661	2867005	S	371	60	431	0.00021
Mycobacterium_sp._DL440	2675523	S	294	58	352	0.00017
Mycobacterium_sp._MS1601	1936029	S	260	32	292	0.00014
Mycobacterium_sp._EPa45	1545728	S	232	35	267	0.00013
Mycobacterium_sp._DL592	2675524	S	225	32	257	0.00012
Mycobacterium_sp._TY59	2775496	S	139	23	162	0.00008
Mycobacterium_sp._WY10	1920667	S	25	82	107	0.00005
Mycobacterium_sp._PYR15	2051552	S	14	135	149	0.00007
Mycobacterium_sp._20KCMC460	2903536	S	11	277	288	0.00014
Mycobacterium_saskatchewanense	220927	S	307	57	364	0.00018
Mycobacterium_parmense	185642	S	291	53	344	0.00017
Mycobacterium_kubicae	120959	S	234	38	272	0.00013
Mycobacterium_shigaense	722731	S	218	29	247	0.00012
Mycobacterium_simiae	1784	S	212	17	229	0.00011
Mycobacterium_florentinum	292462	S	205	44	249	0.00012
Mycobacterium_stomatepiae	470076	S	197	38	235	0.00011
Mycobacterium_heidelbergense	53376	S	187	43	230	0.00011
Mycobacterium_lentiflavum	141349	S	178	40	218	0.00011
Mycobacterium_avium	1764	S	421	284	705	0.00034
Mycobacterium_colombiense	339268	S	199	32	231	0.00011
Mycobacterium_intracellulare	1767	S	196	1166	1362	0.00066
Mycobacterium_mantenii	560555	S	193	22	215	0.00010
Mycobacterium_marseillense	701042	S	180	40	220	0.00011
Mycobacterium_paraintracellulare	1138383	S	66	491	557	0.00027
Mycobacterium_frederiksbergense	117567	S	1149	318	1467	0.00071
Mycobacterium_diernhoferi	1801	S	537	95	632	0.00030
Mycobacterium_grossiae	1552759	S	404	107	511	0.00025
Mycobacterium_rufum	318424	S	392	102	494	0.00024
Mycobacterium_dioxanotrophicus	482462	S	350	75	425	0.00020
Mycobacterium_holsaticum	152142	S	321	44	365	0.00018
Mycobacterium_canettii	78331	S	110	67	177	0.00009
Mycobacterium_tuberculosis	1773	S	47	1915	1962	0.00094
Mycobacterium_goodii	134601	S	266	85	351	0.00017
Mycobacterium_branderi	43348	S	264	29	293	0.00014
Mycobacterium_conspicuum	44010	S	258	29	287	0.00014
Mycobacterium_cookii	1775	S	248	22	270	0.00013
Mycobacterium_gordonae	1778	S	237	18	255	0.00012
Mycobacterium_shinjukuense	398694	S	227	20	247	0.00012
Mycobacterium_paragordonae	1389713	S	224	25	249	0.00012
Mycobacterium_koreense	1069220	S	203	52	255	0.00012
Mycobacterium_noviomagense	459858	S	189	13	202	0.00010
Mycobacterium_kansasii	1768	S	186	18	204	0.00010
Mycobacterium_riyadhense	486698	S	184	7	191	0.00009
Mycobacterium_paraterrae	577492	S	183	18	201	0.00010
Mycobacterium_heckeshornense	110505	S	182	13	195	0.00009
Mycobacterium_lacus	169765	S	180	12	192	0.00009
Mycobacterium_ostraviense	2738409	S	172	17	189	0.00009
Mycobacterium_paraseoulense	590652	S	171	35	206	0.00010
Mycobacterium_xenopi	1789	S	164	18	182	0.00009
Mycobacterium_malmoense	1780	S	164	25	189	0.00009
Mycobacterium_vicinigordonae	1719132	S	161	7	168	0.00008
Mycobacterium_spongiae	886343	S	153	3	156	0.00008
Mycobacterium_seoulense	386911	S	152	36	188	0.00009
Mycobacterium_virginiense	1795032	S	150	35	185	0.00009
Mycobacterium_basiliense	2094119	S	120	3	123	0.00006
Mycobacterium_crocinum	388459	S	87	51	138	0.00007
Mycobacterium_haemophilum	29311	S	83	3	86	0.00004
Mycobacterium_senegalense	1796	S	56	275	331	0.00016
Mycobacterium_marinum	1781	S	49	203	252	0.00012
Mycobacterium_novum	2492438	S	22	270	292	0.00014
Mycobacterium_ulcerans	1809	S	19	100	119	0.00006
Mycobacterium_leprae	1769	S	17	0	17	0.00001
Mycobacterium_lepromatosis	480418	S	14	0	14	0.00001
Mycobacterium_pallens	370524	S	14	150	164	0.00008
Mycolicibacter_sp._MYC098	2872309	S	141	33	174	0.00008
Mycolicibacter_sp._MYC340	2855503	S	128	30	158	0.00008
Mycolicibacter_sp._MYC017	2875777	S	64	48	112	0.00005
Mycolicibacter_sp._MYC101	2872311	S	37	143	180	0.00009
Mycolicibacter_sp._MYC123	2855502	S	22	87	109	0.00005
Mycolicibacter_terrae	1788	S	192	57	249	0.00012
Mycolicibacter_hiberniae	29314	S	186	37	223	0.00011
Mycolicibacter_minnesotensis	1118379	S	119	19	138	0.00007
Mycolicibacter_sinensis	875328	S	26	261	287	0.00014
Mycobacteroides_abscessus	36809	S	274	180	454	0.00022
Mycobacteroides_chelonae	1774	S	197	70	267	0.00013
Mycobacteroides_saopaulense	1578165	S	140	21	161	0.00008
Mycobacteroides_immunogenum	83262	S	104	22	126	0.00006
Mycobacteroides_salmoniphilum	404941	S	84	9	93	0.00005
[Mycobacterium]_stephanolepidis	1520670	S	71	27	98	0.00005
Mycolicibacillus_parakoreensis	1069221	S	236	61	297	0.00014
Hoyosella_subflava	639313	S	128	6	134	0.00006
Rhodococcus_sp._USK13	2806442	S	1814	684	2498	0.00120
Rhodococcus_sp._WAY2	2663121	S	1021	479	1500	0.00072
Rhodococcus_sp._X156	2499145	S	498	161	659	0.00032
Rhodococcus_sp._MTM3W5.2	1805827	S	421	93	514	0.00025
Rhodococcus_sp._W8901	2742603	S	323	78	401	0.00019
Rhodococcus_sp._SGAir0479	2567884	S	282	76	358	0.00017
Rhodococcus_sp._PBTS_1	1653478	S	265	64	329	0.00016
Rhodococcus_sp._ABRD24	2507582	S	219	35	254	0.00012
Rhodococcus_sp._R79	2811421	S	206	84	290	0.00014
Rhodococcus_sp._USK10	2789739	S	159	69	228	0.00011
Rhodococcus_sp._P1Y	1302308	S	149	12	161	0.00008
Rhodococcus_sp._ZPP	2749906	S	147	198	345	0.00017
Rhodococcus_sp._B7740	1564114	S	138	17	155	0.00007
Rhodococcus_sp._WMMA185	679318	S	122	14	136	0.00007
Rhodococcus_sp._S2-17	1990687	S	120	170	290	0.00014
Rhodococcus_sp._RDE2	2885078	S	89	73	162	0.00008
Rhodococcus_sp._WB9	2594007	S	79	89	168	0.00008
Rhodococcus_sp._DMU1	2722825	S	60	187	247	0.00012
Rhodococcus_sp._M8	1925550	S	42	108	150	0.00007
Rhodococcus_sp._2G	1570939	S	26	88	114	0.00006
Rhodococcus_sp._21391	2683591	S	26	100	126	0.00006
Rhodococcus_sp._P-2	2795031	S	19	19	38	0.00002
Rhodococcus_sp._DMF-1	2907624	S	17	114	131	0.00006
Rhodococcus_sp._YL-1	1045808	S	16	57	73	0.00004
Rhodococcus_sp._WB1	1033922	S	16	114	130	0.00006
Rhodococcus_sp._p52	935199	S	16	72	88	0.00004
Rhodococcus_sp._H-CA8f	1727214	S	11	39	50	0.00002
Rhodococcus_sp._LW-XY12	2856851	S	11	82	93	0.00005
Rhodococcus_sp._NJ-530	2490853	S	10	47	57	0.00003
Rhodococcus_sp._AQ5-07	2054902	S	10	28	38	0.00002
Rhodococcus_fascians	1828	S	1509	348	1857	0.00089
Rhodococcus_opacus	37919	S	1146	986	2132	0.00103
Rhodococcus_equi	43767	S	563	186	749	0.00036
Rhodococcus_rhodochrous	1829	S	429	218	647	0.00031
Rhodococcus_koreensis	99653	S	296	77	373	0.00018
Rhodococcus_triatomae	300028	S	255	66	321	0.00015
Rhodococcus_ruber	1830	S	249	688	937	0.00045
Rhodococcus_jostii	132919	S	249	89	338	0.00016
Rhodococcus_coprophilus	38310	S	242	39	281	0.00014
Rhodococcus_qingshengii	334542	S	155	709	864	0.00042
Rhodococcus_erythropolis	1833	S	71	270	341	0.00016
Rhodococcus_pyridinivorans	103816	S	184	593	777	0.00037
Rhodococcus_globerulus	33008	S	117	12	129	0.00006
Rhodococcus_aetherivorans	191292	S	53	416	469	0.00023
Nocardia_asteroides	1824	S	2008	655	2663	0.00128
Nocardia_brasiliensis	37326	S	1102	289	1391	0.00067
Nocardia_cyriacigeorgica	135487	S	795	332	1127	0.00054
Nocardia_gipuzkoensis	2749991	S	733	264	997	0.00048
Nocardia_terpenica	455432	S	678	114	792	0.00038
Nocardia_farcinica	37329	S	635	370	1005	0.00048
Nocardia_wallacei	480035	S	465	128	593	0.00029
Nocardia_arthritidis	228602	S	403	48	451	0.00022
Nocardia_nova	37330	S	386	51	437	0.00021
Nocardia_mangyaensis	2213200	S	371	94	465	0.00022
Nocardia_huaxiensis	2755382	S	368	69	437	0.00021
Nocardia_tengchongensis	2055889	S	364	87	451	0.00022
Nocardia_seriolae	37332	S	362	94	456	0.00022
Nocardia_yunnanensis	2382165	S	356	84	440	0.00021
Nocardia_otitidiscaviarum	1823	S	347	65	412	0.00020
Nocardia_sp._CS682	1047172	S	336	78	414	0.00020
Nocardia_iowensis	204891	S	335	70	405	0.00019
Nocardia_yamanashiensis	209247	S	330	63	393	0.00019
Corynebacterium_cyclohexanicum	322009	S	345	122	467	0.00022
Corynebacterium_sphenisci	191493	S	225	59	284	0.00014
Corynebacterium_bovis	36808	S	225	45	270	0.00013
Corynebacterium_frankenforstense	1230998	S	223	59	282	0.00014
Corynebacterium_xerosis	1725	S	209	104	313	0.00015
Corynebacterium_nuruki	1032851	S	170	35	205	0.00010
Corynebacterium_halotolerans	225326	S	161	33	194	0.00009
Corynebacterium_freneyi	134034	S	146	53	199	0.00010
Corynebacterium_vitaeruminis	38305	S	138	36	174	0.00008
Corynebacterium_sp._CNCTC7651	2815361	S	72	12	84	0.00004
Corynebacterium_sp._NML98-0116	702967	S	40	12	52	0.00003
Corynebacterium_variabile	1727	S	135	69	204	0.00010
Corynebacterium_marinum	349751	S	134	47	181	0.00009
Corynebacterium_humireducens	1223514	S	120	31	151	0.00007
Corynebacterium_maris	575200	S	119	17	136	0.00007
Corynebacterium_yudongzhengii	2080740	S	113	19	132	0.00006
Corynebacterium_doosanense	1121358	S	99	41	140	0.00007
Corynebacterium_uterequi	1072256	S	96	14	110	0.00005
Corynebacterium_jeikeium	38289	S	95	225	320	0.00015
Corynebacterium_comes	2675218	S	93	21	114	0.00006
Corynebacterium_liangguodongii	2079535	S	93	18	111	0.00005
Corynebacterium_glyciniphilum	1404244	S	90	9	99	0.00005
Corynebacterium_mycetoides	38302	S	86	38	124	0.00006
Corynebacterium_ureicelerivorans	401472	S	84	25	109	0.00005
Corynebacterium_timonense	441500	S	83	17	100	0.00005
Corynebacterium_terpenotabidum	89154	S	83	21	104	0.00005
Corynebacterium_provencense	1737425	S	80	16	96	0.00005
Corynebacterium_atypicum	191610	S	78	20	98	0.00005
Corynebacterium_falsenii	108486	S	77	28	105	0.00005
Corynebacterium_imitans	156978	S	76	40	116	0.00006
Corynebacterium_qintianiae	2709392	S	75	19	94	0.00005
Corynebacterium_sanguinis	2594913	S	73	45	118	0.00006
Corynebacterium_lujinxingii	2763010	S	69	21	90	0.00004
Corynebacterium_urealyticum	43771	S	68	58	126	0.00006
Corynebacterium_glaucum	187491	S	65	12	77	0.00004
Corynebacterium_efficiens	152794	S	62	10	72	0.00003
Corynebacterium_uberis	2883169	S	60	6	66	0.00003
Corynebacterium_tuberculostearicum	38304	S	59	33	92	0.00004
Corynebacterium_striatum	43770	S	55	43	98	0.00005
Corynebacterium_genitalium	38288	S	54	10	64	0.00003
Corynebacterium_aurimucosum	169292	S	54	23	77	0.00004
Corynebacterium_occultum	2675219	S	53	8	61	0.00003
Corynebacterium_glucuronolyticum	39791	S	53	11	64	0.00003
Corynebacterium_lactis	1231000	S	52	7	59	0.00003
Corynebacterium_coyleae	53374	S	51	12	63	0.00003
Corynebacterium_matruchotii	43768	S	49	3	52	0.00003
Corynebacterium_incognita	2754725	S	48	10	58	0.00003
Corynebacterium_kroppenstedtii	161879	S	45	3	48	0.00002
Corynebacterium_testudinoris	136857	S	41	7	48	0.00002
Corynebacterium_renale	1724	S	40	4	44	0.00002
Corynebacterium_aquilae	203263	S	39	5	44	0.00002
Corynebacterium_riegelii	156976	S	37	8	45	0.00002
Corynebacterium_urogenitale	2487892	S	36	5	41	0.00002
Corynebacterium_epidermidicanis	1050174	S	34	5	39	0.00002
Corynebacterium_minutissimum	38301	S	34	35	69	0.00003
Corynebacterium_flavescens	28028	S	32	8	40	0.00002
Corynebacterium_zhongnanshanii	2768834	S	31	3	34	0.00002
Corynebacterium_diphtheriae	1717	S	30	32	62	0.00003
Corynebacterium_endometrii	2488819	S	30	5	35	0.00002
Corynebacterium_singulare	161899	S	27	21	48	0.00002
Corynebacterium_lizhenjunii	2709394	S	27	4	31	0.00001
Corynebacterium_simulans	146827	S	25	18	43	0.00002
Corynebacterium_kalinowskii	2675216	S	24	10	34	0.00002
Corynebacterium_macginleyi	38290	S	24	5	29	0.00001
Corynebacterium_camporealensis	161896	S	23	5	28	0.00001
Corynebacterium_cystitidis	35757	S	23	1	24	0.00001
Corynebacterium_propinquum	43769	S	22	8	30	0.00001
Corynebacterium_ammoniagenes	1697	S	19	4	23	0.00001
Corynebacterium_phocae	161895	S	19	2	21	0.00001
Corynebacterium_deserti	1408191	S	17	5	22	0.00001
Corynebacterium_glutamicum	1718	S	17	241	258	0.00012
Corynebacterium_choanae	1862358	S	17	1	18	0.00001
Corynebacterium_argentoratense	42817	S	16	3	19	0.00001
Corynebacterium_gerontici	2079234	S	15	2	17	0.00001
Corynebacterium_pseudopelargi	2080757	S	15	5	20	0.00001
Corynebacterium_silvaticum	2320431	S	14	5	19	0.00001
Corynebacterium_ulcerans	65058	S	13	7	20	0.00001
Corynebacterium_kefirresidentii	1979527	S	13	8	21	0.00001
Corynebacterium_hindlerae	699041	S	13	27	40	0.00002
Corynebacterium_mustelae	571915	S	12	0	12	0.00001
Corynebacterium_resistens	258224	S	12	6	18	0.00001
Corynebacterium_stationis	1705	S	11	2	13	0.00001
Corynebacterium_accolens	38284	S	10	25	35	0.00002
Gordonia_terrae	2055	S	1194	568	1762	0.00085
Gordonia_sp._PP30	2935861	S	280	71	351	0.00017
Gordonia_sp._KTR9	337191	S	219	39	258	0.00012
Gordonia_sp._YC-JH1	2059875	S	183	118	301	0.00014
Gordonia_sp._PDNC005	2811424	S	159	21	180	0.00009
Gordonia_sp._WA4-43	2878678	S	47	135	182	0.00009
Gordonia_sp._JH63	2698900	S	39	103	142	0.00007
Gordonia_sp._135	2676309	S	19	100	119	0.00006
Gordonia_sp._1D	1737359	S	10	117	127	0.00006
Gordonia_polyisoprenivorans	84595	S	463	82	545	0.00026
Gordonia_insulae	2420509	S	293	37	330	0.00016
Gordonia_jinghuaiqii	2758710	S	239	43	282	0.00014
Gordonia_iterans	1004901	S	236	74	310	0.00015
Gordonia_amarae	36821	S	229	42	271	0.00013
Gordonia_phthalatica	1136941	S	217	79	296	0.00014
Gordonia_pseudoamarae	2831662	S	214	37	251	0.00012
Gordonia_bronchialis	2054	S	211	45	256	0.00012
Gordonia_rubripertincta	36822	S	202	102	304	0.00015
Gordonia_otitidis	249058	S	185	27	212	0.00010
Gordonia_zhaorongruii	2597659	S	156	26	182	0.00009
Gordonia_alkanivorans	84096	S	52	152	204	0.00010
Gordonia_hongkongensis	1701090	S	43	105	148	0.00007
Gordonia_amicalis	89053	S	39	221	260	0.00013
Skermania_piniformis	39122	S	255	31	286	0.00014
Tsukamurella_paurometabola	2061	S	499	226	725	0.00035
Tsukamurella_tyrosinosolvens	57704	S	452	188	640	0.00031
Tsukamurella_pulmonis	47312	S	303	101	404	0.00019
Tsukamurella_sp._PLM1	2929795	S	301	92	393	0.00019
Dietzia_sp._oral_taxon_368	712270	S	160	281	441	0.00021
Dietzia_psychralcaliphila	139021	S	204	54	258	0.00012
Dietzia_lutea	546160	S	186	99	285	0.00014
Dietzia_timorensis	499555	S	150	78	228	0.00011
Tomitella_gaofuii	2760083	S	266	83	349	0.00017
Tomitella_fengzijianii	2597660	S	235	79	314	0.00015
Segniliparus_rotundus	286802	S	144	7	151	0.00007
Lawsonella_clevelandensis	1528099	S	29	3	32	0.00002
Nocardioides_sp._zg-1228	2763008	S	2724	1270	3994	0.00192
Nocardioides_sp._S5	2017486	S	2522	1356	3878	0.00187
Nocardioides_sp._G188	2849501	S	2075	672	2747	0.00132
Nocardioides_sp._JS614	196162	S	1758	555	2313	0.00111
Nocardioides_sp._LMS-CY	2840457	S	1718	598	2316	0.00111
Nocardioides_sp._HDW12B	2714939	S	1688	583	2271	0.00109
Nocardioides_sp._TF02-7	2917724	S	1379	475	1854	0.00089
Nocardioides_sp._CF8	110319	S	1323	585	1908	0.00092
Nocardioides_sp._SCSIO_67246	2872154	S	1258	352	1610	0.00077
Nocardioides_sp._cx-173	2898796	S	1251	456	1707	0.00082
Nocardioides_sp._W7	2931390	S	1238	446	1684	0.00081
Nocardioides_sp._zg-579	2663857	S	1194	643	1837	0.00088
Nocardioides_sp._InS609-2	2760705	S	1091	266	1357	0.00065
Nocardioides_sp._S-1144	2582905	S	1091	445	1536	0.00074
Nocardioides_sp._MC1495	2736757	S	934	351	1285	0.00062
Nocardioides_sp._603	2483798	S	929	458	1387	0.00067
Nocardioides_sp._JQ2195	2592334	S	870	192	1062	0.00051
Nocardioides_sp._zg-536	2803858	S	807	372	1179	0.00057
Nocardioides_sp._WS12	2486272	S	771	143	914	0.00044
Nocardioides_sp._dk884	2662361	S	633	735	1368	0.00066
Nocardioides_sp._ZJ1313	2685869	S	597	698	1295	0.00062
Nocardioides_sp._Kera_G14	2884264	S	596	130	726	0.00035
Nocardioides_okcheonensis	2894081	S	2013	975	2988	0.00144
Nocardioides_mesophilus	433659	S	1881	598	2479	0.00119
Nocardioides_aromaticivorans	200618	S	1771	712	2483	0.00119
Nocardioides_euryhalodurans	2518370	S	1454	469	1923	0.00093
Nocardioides_ungokensis	1643322	S	1362	504	1866	0.00090
Nocardioides_anomalus	2712223	S	1350	431	1781	0.00086
Nocardioides_humi	449461	S	1248	440	1688	0.00081
Nocardioides_dongkuii	2760089	S	1167	612	1779	0.00086
Nocardioides_seonyuensis	2518371	S	1070	304	1374	0.00066
Nocardioides_cynanchi	2558918	S	1029	256	1285	0.00062
Nocardioides_rotundus	1774216	S	970	396	1366	0.00066
Nocardioides_marinisabuli	419476	S	930	546	1476	0.00071
Nocardioides_aquaticus	160826	S	864	279	1143	0.00055
Nocardioides_dokdonensis	450734	S	841	416	1257	0.00060
Nocardioides_piscis	2714938	S	810	326	1136	0.00055
Nocardioides_houyundeii	2045452	S	757	244	1001	0.00048
Nocardioides_sambongensis	2589074	S	750	227	977	0.00047
Nocardioides_panacisoli	627624	S	643	167	810	0.00039
Nocardioides_daphniae	402297	S	554	267	821	0.00040
Nocardioides_jishulii	2575440	S	408	157	565	0.00027
Nocardioides_yefusunii	2500546	S	325	99	424	0.00020
Nocardioides_baekrokdamisoli	1804624	S	303	39	342	0.00016
Aeromicrobium_sp._Leaf245	1736306	S	531	183	714	0.00034
Aeromicrobium_sp._A1-2	2107713	S	425	67	492	0.00024
Aeromicrobium_sp._zg-629	2663859	S	382	142	524	0.00025
Aeromicrobium_erythreum	2041	S	592	199	791	0.00038
Aeromicrobium_chenweiae	2079793	S	558	229	787	0.00038
Aeromicrobium_marinum	219314	S	550	130	680	0.00033
Aeromicrobium_choanae	1736691	S	511	174	685	0.00033
Aeromicrobium_yanjiei	2662028	S	490	188	678	0.00033
Friedmanniella_luteola	546871	S	1239	264	1503	0.00072
Pimelobacter_simplex	2045	S	886	353	1239	0.00060
Marmoricola_scoriae	642780	S	834	333	1167	0.00056
Mumia_sp._ZJ1417	2708082	S	561	102	663	0.00032
Micropruina_glycogenica	75385	S	338	51	389	0.00019
Microlunatus_sagamiharensis	546874	S	943	242	1185	0.00057
Microlunatus_phosphovorus	29405	S	709	93	802	0.00039
Microlunatus_soli	630515	S	588	72	660	0.00032
Microlunatus_elymi	2596828	S	503	73	576	0.00028
Microlunatus_sp._Gsoil_973	2672569	S	467	47	514	0.00025
Tessaracoccus_sp._J1M15	2829499	S	268	81	349	0.00017
Tessaracoccus_sp._MC1865	2760310	S	210	55	265	0.00013
Tessaracoccus_defluvii	1285901	S	312	202	514	0.00025
Tessaracoccus_aquimaris	1332264	S	267	133	400	0.00019
Tessaracoccus_flavescens	399497	S	242	189	431	0.00021
Tessaracoccus_flavus	1610493	S	224	152	376	0.00018
Tessaracoccus_timonensis	2161816	S	134	55	189	0.00009
Brevilactibacter_coleopterorum	2714937	S	411	202	613	0.00029
Brevilactibacter_sp._MC1595	2819349	S	375	157	532	0.00026
Acidipropionibacterium_acidipropionici	1748	S	241	165	406	0.00020
Acidipropionibacterium_jensenii	1749	S	239	172	411	0.00020
Acidipropionibacterium_virtanenii	2057246	S	201	41	242	0.00012
Propionibacterium_acidifaciens	556499	S	263	55	318	0.00015
Propionibacterium_freudenreichii	1744	S	190	144	334	0.00016
Propionibacterium_australiense	119981	S	190	30	220	0.00011
Auraticoccus_monumenti	675864	S	648	125	773	0.00037
Cutibacterium_avidum	33010	S	157	50	207	0.00010
Cutibacterium_granulosum	33011	S	120	25	145	0.00007
Cutibacterium_acnes	1747	S	89	67	156	0.00008
Cutibacterium_modestum	2559073	S	39	5	44	0.00002
Raineyella_fluvialis	2662261	S	332	46	378	0.00018
Arachnia_propionica	1750	S	187	25	212	0.00010
Arachnia_rubra	1547448	S	113	16	129	0.00006
Vaginimicrobium_propionicum	1871034	S	17	6	23	0.00001
Kribbella_flavida	182640	S	1802	426	2228	0.00107
Kribbella_qitaiheensis	1544730	S	1289	205	1494	0.00072
Actinopolymorpha_singaporensis	117157	S	827	96	923	0.00044
Pseudonocardia_sp._DSM_110487	2865833	S	4846	694	5540	0.00266
Pseudonocardia_sp._CGMCC_4.1532	2761535	S	1317	806	2123	0.00102
Pseudonocardia_sp._HH130630-07	1690815	S	1072	461	1533	0.00074
Pseudonocardia_sp._AL041005-10	445576	S	817	386	1203	0.00058
Pseudonocardia_sp._HH130629-09	1641402	S	690	457	1147	0.00055
Pseudonocardia_sp._EC080625-04	1096868	S	19	1078	1097	0.00053
Pseudonocardia_broussonetiae	2736640	S	2047	707	2754	0.00132
Pseudonocardia_dioxanivorans	240495	S	1811	494	2305	0.00111
Pseudonocardia_autotrophica	2074	S	1081	301	1382	0.00067
Pseudonocardia_abyssalis	2792008	S	968	531	1499	0.00072
Amycolatopsis_sp._DSM_110486	2865832	S	1051	219	1270	0.00061
Amycolatopsis_sp._WQ_127309	2932773	S	931	278	1209	0.00058
Amycolatopsis_sp._FDAARGOS_1241	2778070	S	920	208	1128	0.00054
Amycolatopsis_sp._Hca4	2742131	S	808	329	1137	0.00055
Amycolatopsis_sp._YIM_10	2653857	S	781	251	1032	0.00050
Amycolatopsis_sp._CA-230715	2745196	S	733	115	848	0.00041
Amycolatopsis_sp._BJA-103	1911175	S	472	217	689	0.00033
Amycolatopsis_sp._TNS106	2861750	S	450	310	760	0.00037
Amycolatopsis_sp._FU40	2914159	S	442	205	647	0.00031
Amycolatopsis_sp._AA4	1896961	S	419	227	646	0.00031
Amycolatopsis_sp._EV170708-02-1	2919322	S	255	307	562	0.00027
Amycolatopsis_acidiphila	715473	S	962	213	1175	0.00057
Amycolatopsis_mediterranei	33910	S	851	0	851	0.00041
Amycolatopsis_pretoriensis	218821	S	798	286	1084	0.00052
Amycolatopsis_albispora	1804986	S	749	464	1213	0.00058
Amycolatopsis_methanolica	1814	S	720	314	1034	0.00050
Amycolatopsis_keratiniphila	129921	S	432	429	861	0.00041
Amycolatopsis_japonica	208439	S	206	230	436	0.00021
Amycolatopsis_thermalba	944492	S	710	325	1035	0.00050
Amycolatopsis_aidingensis	2842453	S	656	80	736	0.00035
Amycolatopsis_orientalis	31958	S	438	174	612	0.00029
Saccharopolyspora_gregorii	33914	S	2606	539	3145	0.00151
Saccharopolyspora_erythraea	1836	S	1834	458	2292	0.00110
Saccharopolyspora_spinosa	60894	S	436	251	687	0.00033
Saccharopolyspora_pogona	333966	S	354	371	725	0.00035
Saccharopolyspora_sp._ASAGF58	2719023	S	260	302	562	0.00027
Saccharothrix_sp._6-C	2781735	S	3250	1073	4323	0.00208
Saccharothrix_syringae	103733	S	1317	446	1763	0.00085
Saccharothrix_espanaensis	103731	S	979	284	1263	0.00061
Saccharomonospora_marina	632569	S	469	116	585	0.00028
Saccharomonospora_azurea	40988	S	443	149	592	0.00028
Saccharomonospora_cyanea	40989	S	337	138	475	0.00023
Saccharomonospora_xinjiangensis	75294	S	299	53	352	0.00017
Saccharomonospora_glauca	40990	S	253	103	356	0.00017
Saccharomonospora_viridis	1852	S	251	41	292	0.00014
Kutzneria_sp._CA-103260	2802641	S	1128	244	1372	0.00066
Kutzneria_albida	43357	S	866	201	1067	0.00051
Lentzea_guizhouensis	1586287	S	1752	376	2128	0.00102
Allokutzneria_albata	211114	S	1167	285	1452	0.00070
Actinosynnema_pretiosum	42197	S	381	747	1128	0.00054
Actinosynnema_mirum	40567	S	43	367	410	0.00020
Actinoalloteichus_hoggarensis	1470176	S	406	54	460	0.00022
Actinoalloteichus_hymeniacidonis	340345	S	301	28	329	0.00016
Actinoalloteichus_sp._GBA129-24	1612551	S	27	273	300	0.00014
Actinoalloteichus_fjordicus	1612552	S	14	171	185	0.00009
Kibdelosporangium_phytohabitans	860235	S	863	106	969	0.00047
Alloactinosynnema_sp._L-07	1653480	S	681	154	835	0.00040
Allosaccharopolyspora_coralli	2665642	S	436	96	532	0.00026
Prauserella_marina	530584	S	407	37	444	0.00021
Micromonospora_sp._WMMC415	2675222	S	1163	420	1583	0.00076
Micromonospora_sp._HM134	2583243	S	599	260	859	0.00041
Micromonospora_sp._WMMA2032	2039870	S	586	373	959	0.00046
Micromonospora_sp._B006	2201999	S	519	396	915	0.00044
Micromonospora_sp._L5	648999	S	49	529	578	0.00028
Micromonospora_echinofusca	47858	S	1449	637	2086	0.00100
Micromonospora_purpureochromogenes	47872	S	1233	633	1866	0.00090
Micromonospora_echinaurantiaca	47857	S	1171	548	1719	0.00083
Micromonospora_inositola	47865	S	995	477	1472	0.00071
Micromonospora_carbonacea	47853	S	949	407	1356	0.00065
Micromonospora_terminaliae	1914461	S	924	453	1377	0.00066
Micromonospora_krabiensis	307121	S	908	301	1209	0.00058
Micromonospora_echinospora	1877	S	836	284	1120	0.00054
Micromonospora_viridifaciens	1881	S	824	350	1174	0.00057
Micromonospora_coriariae	285665	S	755	262	1017	0.00049
Micromonospora_coxensis	356852	S	748	402	1150	0.00055
Micromonospora_siamensis	299152	S	696	322	1018	0.00049
Micromonospora_sagamiensis	47875	S	684	255	939	0.00045
Micromonospora_auratinigra	261654	S	646	330	976	0.00047
Micromonospora_narathiwatensis	299146	S	630	288	918	0.00044
Micromonospora_maris	1003110	S	617	181	798	0.00038
Micromonospora_chokoriensis	356851	S	605	191	796	0.00038
Micromonospora_zamorensis	709883	S	604	189	793	0.00038
Micromonospora_ferruginea	2749844	S	598	337	935	0.00045
Micromonospora_endophytica_(Xie_et_al._2001)_Li_et_al._2019	515350	S	545	160	705	0.00034
Micromonospora_rifamycinica	291594	S	509	223	732	0.00035
Micromonospora_craniellae	2294034	S	461	279	740	0.00036
Micromonospora_tulbaghiae	479978	S	367	395	762	0.00037
Micromonospora_aurantiaca	47850	S	227	1511	1738	0.00084
Actinoplanes_sp._N902-109	649831	S	1422	425	1847	0.00089
Actinoplanes_sp._L3-i22	2836373	S	1388	1008	2396	0.00115
Actinoplanes_sp._OR16	946334	S	1267	605	1872	0.00090
Actinoplanes_friuliensis	196914	S	1779	284	2063	0.00099
Actinoplanes_ianthinogenes	122358	S	1283	508	1791	0.00086
Actinoplanes_missouriensis	1866	S	1140	368	1508	0.00073
Actinoplanes_teichomyceticus	1867	S	1107	460	1567	0.00075
Actinoplanes_derwentensis	113562	S	987	148	1135	0.00055
Phytohabitans_suffuscus	624315	S	1667	409	2076	0.00100
Phytohabitans_flavus	1076124	S	1427	268	1695	0.00082
Plantactinospora_sp._KBS50	2024580	S	841	206	1047	0.00050
Plantactinospora_sp._BB1	2071627	S	241	632	873	0.00042
Plantactinospora_sp._BC1	2108470	S	214	567	781	0.00038
Catellatospora_sp._IY07-71	2728827	S	2166	476	2642	0.00127
Dactylosporangium_vinaceum	53362	S	1798	200	1998	0.00096
Actinocatenispora_thailandica	227318	S	828	212	1040	0.00050
Actinocatenispora_sera	390989	S	715	193	908	0.00044
Couchioplanes_caeruleus	56438	S	1707	430	2137	0.00103
Polymorphospora_rubra	338584	S	1092	239	1331	0.00064
Natronosporangium_hydrolyticum	2811111	S	615	41	656	0.00032
Verrucosispora_sp._NA02020	2742132	S	419	316	735	0.00035
Salinispora_tropica	168695	S	368	60	428	0.00021
Actinomadura_sp._WMMB_499	1219491	S	4656	1151	5807	0.00279
Actinomadura_sp._NAK00032	2742128	S	1588	592	2180	0.00105
Actinomadura_sp._WMMA1423	2591108	S	1173	368	1541	0.00074
Actinomadura_madurae	1993	S	1691	548	2239	0.00108
Actinomadura_verrucosospora	46165	S	1347	435	1782	0.00086
Actinomadura_graeca	2750812	S	1067	260	1327	0.00064
Thermomonospora_amylolytica	1411117	S	1052	407	1459	0.00070
Thermomonospora_curvata	2020	S	670	205	875	0.00042
Nonomuraea_nitratireducens	2656914	S	1968	440	2408	0.00116
Nonomuraea_gerenzanensis	93944	S	1739	609	2348	0.00113
Nonomuraea_sp._ATCC_55076	1909395	S	1718	573	2291	0.00110
Nonomuraea_coxensis	404386	S	1680	505	2185	0.00105
Streptosporangium_roseum	2001	S	1667	465	2132	0.00103
Streptosporangium_sp._'caverna'	2202249	S	1235	271	1506	0.00072
Thermobispora_bispora	2006	S	762	177	939	0.00045
Nocardiopsis_dassonvillei	2014	S	865	562	1427	0.00069
Nocardiopsis_sp._MT53	2865672	S	615	148	763	0.00037
Nocardiopsis_sp._HDS12	2831968	S	220	170	390	0.00019
Nocardiopsis_gilva	280236	S	465	97	562	0.00027
Nocardiopsis_alba	53437	S	367	67	434	0.00021
Thermobifida_alba	53522	S	403	159	562	0.00027
Thermobifida_halotolerans	483545	S	340	110	450	0.00022
Thermobifida_fusca	2021	S	197	33	230	0.00011
Streptomonospora_litoralis	2498135	S	508	103	611	0.00029
Spiractinospora_alimapuensis	2820884	S	385	26	411	0.00020
Blastococcus_sp._PRF04-17	2933797	S	5917	2020	7937	0.00382
Blastococcus_saxobsidens	138336	S	4265	1302	5567	0.00268
Geodermatophilus_obscurus	1861	S	7448	2476	9924	0.00477
Modestobacter_marinus	477641	S	3316	1168	4484	0.00216
Modestobacter_sp._L9-4	2851567	S	1991	777	2768	0.00133
Actinomyces_sp._oral_taxon_414	712122	S	207	41	248	0.00012
Actinomyces_sp._MAS-1	2755559	S	142	27	169	0.00008
Actinomyces_sp._Z16	2079536	S	111	38	149	0.00007
Actinomyces_sp._432	2057798	S	96	20	116	0.00006
Actinomyces_sp._Chiba101	1851395	S	80	36	116	0.00006
Actinomyces_sp._oral_taxon_171	706438	S	52	39	91	0.00004
Actinomyces_sp._HMT897	2789424	S	25	73	98	0.00005
Actinomyces_sp._oral_taxon_169	712116	S	22	38	60	0.00003
Actinomyces_sp._HMT_175	2789425	S	17	67	84	0.00004
Actinomyces_sp._oral_taxon_897	2081702	S	16	48	64	0.00003
Actinomyces_radicidentis	111015	S	235	95	330	0.00016
Actinomyces_howellii	52771	S	157	24	181	0.00009
Actinomyces_respiraculi	2744574	S	127	30	157	0.00008
Actinomyces_slackii	52774	S	114	18	132	0.00006
Actinomyces_weissii	675090	S	96	18	114	0.00006
Actinomyces_qiguomingii	2057800	S	93	12	105	0.00005
Actinomyces_faecalis	2722820	S	91	12	103	0.00005
Actinomyces_procaprae	2560010	S	89	31	120	0.00006
Actinomyces_oris	544580	S	77	236	313	0.00015
Actinomyces_naeslundii	1655	S	76	41	117	0.00006
Actinomyces_viscosus	1656	S	74	30	104	0.00005
Actinomyces_wuliandei	2057743	S	73	19	92	0.00004
Actinomyces_gaoshouyii	1960083	S	64	32	96	0.00005
Actinomyces_marmotae	2737173	S	64	34	98	0.00005
Actinomyces_lilanjuaniae	2321394	S	57	13	70	0.00003
Actinomyces_trachealis	2763540	S	44	8	52	0.00003
Actinomyces_pacaensis	1852377	S	13	1	14	0.00001
Schaalia_odontolytica	1660	S	123	28	151	0.00007
Schaalia_sp._19OD2882	2794089	S	67	8	75	0.00004
Schaalia_sp._ZJ405	2709403	S	20	1	21	0.00001
Schaalia_sp._JY-X169	2758572	S	18	0	18	0.00001
Schaalia_meyeri	52773	S	69	12	81	0.00004
Schaalia_cardiffensis	181487	S	32	4	36	0.00002
Schaalia_turicensis	131111	S	14	13	27	0.00001
Flaviflexus_salsibiostraticola	1282737	S	113	36	149	0.00007
Flaviflexus_sp._dk850	2758573	S	59	23	82	0.00004
Flaviflexus_ciconiae	2496867	S	47	7	54	0.00003
Trueperella_pecoris	2733571	S	88	24	112	0.00005
Trueperella_pyogenes	1661	S	54	31	85	0.00004
Trueperella_bialowiezensis	312285	S	48	2	50	0.00002
Pauljensenia_hongkongensis	178339	S	130	45	175	0.00008
Nanchangia_anserum	2692125	S	104	11	115	0.00006
Actinobaculum_sp._313	2495645	S	41	2	43	0.00002
Actinotignum_schaalii	59505	S	36	2	38	0.00002
Changpingibacter_yushuensis	2758440	S	33	9	42	0.00002
Arcanobacterium_haemolyticum	28264	S	11	7	18	0.00001
Mobiluncus_curtisii	2051	S	16	4	20	0.00001
Boudabousia_tangfeifanii	1912795	S	10	0	10	0.00001
Frankia_inefficax	298654	S	1260	148	1408	0.00068
Frankia_sp._QA3	710111	S	507	208	715	0.00034
Frankia_sp._ArI3	1858	S	354	227	581	0.00028
Candidatus_Frankia_datiscae	2716812	S	551	74	625	0.00030
Frankia_alni	1859	S	493	322	815	0.00039
Frankia_casuarinae	106370	S	458	48	506	0.00024
Jiangella_sp._DSM_45060	1798224	S	1584	455	2039	0.00098
Jiangella_alkaliphila	419479	S	1337	368	1705	0.00082
Nakamurella_multipartita	53461	S	867	163	1030	0.00050
Nakamurella_panacisegetis	1090615	S	372	50	422	0.00020
Nakamurella_sp._PAMC28650	2762325	S	349	36	385	0.00019
Nakamurella_antarctica	1902245	S	63	4	67	0.00003
Bifidobacterium_longum	216816	S	132	215	347	0.00017
Bifidobacterium_pseudolongum	1694	S	128	42	170	0.00008
Bifidobacterium_choerinum	35760	S	127	50	177	0.00009
Bifidobacterium_scardovii	158787	S	120	10	130	0.00006
Bifidobacterium_bifidum	1681	S	82	28	110	0.00005
Bifidobacterium_pullorum	78448	S	77	28	105	0.00005
Bifidobacterium_asteroides	1684	S	68	1	69	0.00003
Bifidobacterium_animalis	28025	S	64	94	158	0.00008
Bifidobacterium_adolescentis	1680	S	51	10	61	0.00003
Bifidobacterium_subtile	77635	S	50	6	56	0.00003
Bifidobacterium_lemurum	1603886	S	45	10	55	0.00003
Bifidobacterium_actinocoloniiforme	638619	S	42	1	43	0.00002
Bifidobacterium_breve	1685	S	37	73	110	0.00005
Bifidobacterium_thermophilum	33905	S	37	7	44	0.00002
Bifidobacterium_dentium	1689	S	36	2	38	0.00002
Bifidobacterium_eulemuris	1765219	S	32	7	39	0.00002
Bifidobacterium_catenulatum	1686	S	26	35	61	0.00003
Bifidobacterium_angulatum	1683	S	19	4	23	0.00001
Bifidobacterium_pseudocatenulatum	28026	S	17	8	25	0.00001
Bifidobacterium_imperatoris	2020965	S	11	5	16	0.00001
Parascardovia_denticolens	78258	S	27	4	31	0.00001
Catenulispora_acidiphila	304895	S	846	123	969	0.00047
Stackebrandtia_nassauensis	283811	S	691	60	751	0.00036
Natronoglycomyces_albus	2811108	S	77	2	79	0.00004
Jatrophihabitans_sp._GAS493	1907575	S	375	33	408	0.00020
Jatrophihabitans_telluris	2038343	S	317	27	344	0.00017
Kineococcus_radiotolerans	131568	S	600	165	765	0.00037
Epidermidibacterium_keratini	1891644	S	333	162	495	0.00024
Actinopolyspora_erythraea	414996	S	313	31	344	0.00017
Acidothermus_cellulolyticus	28049	S	236	11	247	0.00012
Candidatus_Planktophila_versatilis	1884905	S	15	4	19	0.00001
Candidatus_Planktophila_lacus	1884913	S	15	3	18	0.00001
Candidatus_Planktophila_dulcis	1884914	S	11	9	20	0.00001
Rubrobacter_tropicus	2653851	S	4626	351	4977	0.00239
Rubrobacter_xylanophilus	49319	S	4113	520	4633	0.00223
Rubrobacter_marinus	2653852	S	2886	263	3149	0.00151
Rubrobacter_radiotolerans	42256	S	998	138	1136	0.00055
Rubrobacter_indicoceani	2051957	S	595	49	644	0.00031
Baekduia_soli	496014	S	3486	559	4045	0.00195
Conexibacter_sp._SYSU_D00693	2812560	S	4121	977	5098	0.00245
Conexibacter_sp._S30A1	2937800	S	1101	115	1216	0.00058
Conexibacter_sp._DBS9H8	2937801	S	1099	105	1204	0.00058
Conexibacter_woesei	191495	S	5243	916	6159	0.00296
Miltoncostaea_marina	2843215	S	1647	411	2058	0.00099
Miltoncostaea_oceani	2843216	S	1577	236	1813	0.00087
Aquihabitans_sp._G128	2849779	S	2231	450	2681	0.00129
Aquihabitans_sp._Kera_3	2884263	S	1954	314	2268	0.00109
Iamia_sp._SCSIO_61187	2722752	S	2499	390	2889	0.00139
Actinomarinicola_tropica	2789776	S	2200	427	2627	0.00126
Ilumatobacter_coccineus	467094	S	862	54	916	0.00044
Acidimicrobium_ferrooxidans	53635	S	256	20	276	0.00013
Eggerthella_lenta	84112	S	146	94	240	0.00012
Eggerthella_guodeyinii	2690837	S	114	50	164	0.00008
Eggerthella_sp._YY7918	502558	S	30	12	42	0.00002
Gordonibacter_pamelaeae	471189	S	88	80	168	0.00008
Gordonibacter_urolithinfaciens	1335613	S	66	43	109	0.00005
Adlercreutzia_equolifaciens	446660	S	59	39	98	0.00005
Adlercreutzia_hattorii	2707299	S	38	48	86	0.00004
Arabiibacter_massiliensis	1870985	S	125	23	148	0.00007
Berryella_intestinalis	1531429	S	79	84	163	0.00008
Raoultibacter_timonensis	1907662	S	73	5	78	0.00004
Slackia_heliotrinireducens	84110	S	52	1	53	0.00003
Denitrobacterium_detoxificans	79604	S	40	15	55	0.00003
Phoenicibacter_congonensis	1944646	S	13	5	18	0.00001
Olsenella_timonensis	1805478	S	134	39	173	0.00008
Olsenella_uli	133926	S	92	10	102	0.00005
Olsenella_sp._oral_taxon_807	712411	S	49	3	52	0.00003
Parolsenella_massiliensis	1871022	S	73	35	108	0.00005
Parolsenella_catena	2003188	S	70	37	107	0.00005
Parafannyhessea_umbonata	604330	S	100	56	156	0.00008
Thermophilibacter_immobilis	2779519	S	89	32	121	0.00006
Atopobium_sp._oral_taxon_416	712157	S	29	3	32	0.00002
Collinsella_aerofaciens	74426	S	118	50	168	0.00008
Collinsella_stercoris	147206	S	84	11	95	0.00005
Coriobacterium_glomerans	33871	S	49	1	50	0.00002
Egicoccus_halophilus	1670830	S	690	109	799	0.00038
Euzebya_pacifica	1608957	S	687	61	748	0.00036
Egibacter_rhizosphaerae	1670831	S	661	41	702	0.00034
Priestia_megaterium	1404	S	8927	8107	17034	0.00819
Priestia_filamentosa	1402861	S	5412	641	6053	0.00291
Priestia_aryabhattai	412384	S	213	819	1032	0.00050
Priestia_flexa	86664	S	41	11	52	0.00003
Priestia_koreensis	284581	S	24	7	31	0.00002
Priestia_sp._J2	2886505	S	15	89	104	0.00005
Metabacillus_sp._KUDC1714	2745198	S	4571	1452	6023	0.00290
Metabacillus_sp._B2-18	2897333	S	23	28	51	0.00002
Metabacillus_sp._cB07	2806989	S	20	7	27	0.00001
Metabacillus_dongyingensis	2874282	S	1372	452	1824	0.00088
Metabacillus_sediminilitoris	2567941	S	827	286	1113	0.00054
Metabacillus_litoralis	152268	S	34	29	63	0.00003
Metabacillus_endolithicus	1535204	S	30	31	61	0.00003
[Brevibacterium]_frigoritolerans	450367	S	2025	644	2669	0.00128
Bacillus_sp._Y1	352858	S	370	132	502	0.00024
Bacillus_sp._S3	486398	S	148	39	187	0.00009
Bacillus_sp._FJAT-22090	1581038	S	100	24	124	0.00006
Bacillus_sp._1NLA3E	666686	S	66	21	87	0.00004
Bacillus_sp._FJAT-18017	1705566	S	64	15	79	0.00004
Bacillus_sp._PAMC26568	2760090	S	47	4	51	0.00002
Bacillus_sp._JY-23	2933872	S	23	8	31	0.00002
Bacillus_sp._KH172YL63	2709784	S	21	6	27	0.00001
Bacillus_sp._OxB-1	98228	S	19	4	23	0.00001
Bacillus_sp._THAF10	2587848	S	19	5	24	0.00001
Bacillus_sp._N1-1	2682541	S	18	12	30	0.00001
Bacillus_sp._SB49	1071080	S	16	2	18	0.00001
Bacillus_sp._FJAT-42376	2014076	S	14	4	18	0.00001
Bacillus_sp._Cs-700	2589818	S	12	9	21	0.00001
Bacillus_sp._NSP9.1	1071078	S	11	0	11	0.00001
Bacillus_mojavensis	72360	S	114	143	257	0.00012
Bacillus_halotolerans	260554	S	34	95	129	0.00006
Bacillus_velezensis	492670	S	39	847	886	0.00043
Bacillus_amyloliquefaciens	1390	S	12	531	543	0.00026
Bacillus_subtilis	1423	S	44	902	946	0.00046
Bacillus_paralicheniformis	1648923	S	27	17	44	0.00002
Bacillus_atrophaeus	1452	S	21	31	52	0.00003
Bacillus_vallismortis	72361	S	10	12	22	0.00001
Bacillus_pseudomycoides	64104	S	85	36	121	0.00006
Bacillus_cereus	1396	S	79	887	966	0.00046
Bacillus_thuringiensis	1428	S	55	1404	1459	0.00070
Bacillus_mycoides	1405	S	47	71	118	0.00006
Bacillus_wiedmannii	1890302	S	14	22	36	0.00002
Bacillus_cytotoxicus	580165	S	13	8	21	0.00001
Bacillus_safensis	561879	S	81	148	229	0.00011
Bacillus_dafuensis	1742359	S	63	21	84	0.00004
Bacillus_methanolicus	1471	S	54	25	79	0.00004
Bacillus_weihaiensis	1547283	S	45	14	59	0.00003
Bacillus_pumilus	1408	S	45	47	92	0.00004
Bacillus_badius	1455	S	36	12	48	0.00002
Bacillus_gobiensis	1441095	S	33	9	42	0.00002
Bacillus_infantis	324767	S	33	8	41	0.00002
Bacillus_glycinifermentans	1664069	S	30	9	39	0.00002
Bacillus_altitudinis	293387	S	22	91	113	0.00005
Bacillus_aquiflavi	2672567	S	24	5	29	0.00001
Bacillus_fonticola	2728853	S	18	4	22	0.00001
Bacillus_smithii	1479	S	15	6	21	0.00001
Bacillus_shivajii	1983719	S	12	1	13	0.00001
Peribacillus_simplex	1478	S	490	298	788	0.00038
Peribacillus_asahii	228899	S	141	65	206	0.00010
Peribacillus_butanolivorans	421767	S	69	20	89	0.00004
Peribacillus_muralis	264697	S	29	6	35	0.00002
Peribacillus_psychrosaccharolyticus	1407	S	27	8	35	0.00002
Cytobacillus_oceanisediminis	665099	S	175	80	255	0.00012
Cytobacillus_firmus	1399	S	122	55	177	0.00009
Cytobacillus_ciccensis	1670641	S	89	30	119	0.00006
Cytobacillus_gottheilii	859144	S	34	10	44	0.00002
Cytobacillus_sp._CY-G	2901381	S	33	11	44	0.00002
Cytobacillus_kochii	859143	S	30	8	38	0.00002
Terribacillus_goriensis	386490	S	320	49	369	0.00018
Terribacillus_aidingensis	586416	S	24	3	27	0.00001
Mesobacillus_foraminis	279826	S	122	30	152	0.00007
Mesobacillus_jeotgali	129985	S	105	41	146	0.00007
Mesobacillus_sp._S13	2880221	S	54	23	77	0.00004
Geobacillus_subterraneus	129338	S	47	49	96	0.00005
Geobacillus_genomosp._3	1921421	S	38	15	53	0.00003
Geobacillus_thermocatenulatus	33938	S	19	38	57	0.00003
Geobacillus_stearothermophilus	1422	S	24	57	81	0.00004
Geobacillus_sp._46C-IIa	1963025	S	11	9	20	0.00001
Lysinibacillus_sp._SGAir0095	2070463	S	78	31	109	0.00005
Lysinibacillus_sp._PLM2	2929796	S	18	7	25	0.00001
Lysinibacillus_sp._2017	2169540	S	14	5	19	0.00001
Lysinibacillus_sp._CD3-6	2892541	S	11	5	16	0.00001
Lysinibacillus_timonensis	2086577	S	28	13	41	0.00002
Lysinibacillus_fusiformis	28031	S	16	23	39	0.00002
Lysinibacillus_agricola	2590012	S	16	5	21	0.00001
Lysinibacillus_sphaericus	1421	S	15	24	39	0.00002
Hydrogenibacillus_sp._N12	2866627	S	222	22	244	0.00012
Neobacillus_drentensis	220684	S	146	61	207	0.00010
Neobacillus_mesonae	1193713	S	59	19	78	0.00004
Anoxybacillus_sediminis	2613334	S	91	17	108	0.00005
Anoxybacillus_flavithermus	33934	S	17	20	37	0.00002
Anoxybacillus_caldiproteolyticus	247480	S	13	2	15	0.00001
Anoxybacillus_amylolyticus	294699	S	13	3	16	0.00001
Fictibacillus_arsenicus	255247	S	120	21	141	0.00007
Fictibacillus_phosphorivorans	1221500	S	20	3	23	0.00001
Virgibacillus_sp._MSP4-1	2700081	S	13	2	15	0.00001
Virgibacillus_sp._NKC19-16	2831673	S	11	1	12	0.00001
Virgibacillus_sp._SK37	403957	S	10	16	26	0.00001
Virgibacillus_sp._Bac332	2419842	S	10	1	11	0.00001
Virgibacillus_halodenitrificans	1482	S	14	15	29	0.00001
Virgibacillus_necropolis	163877	S	14	2	16	0.00001
Virgibacillus_phasianinus	2017483	S	12	1	13	0.00001
Niallia_circulans	1397	S	76	21	97	0.00005
Niallia_sp._Man26	2912824	S	41	9	50	0.00002
Alkalihalobacillus_clausii	79880	S	58	15	73	0.00004
Alkalihalobacillus_krulwichiae	199441	S	13	3	16	0.00001
Alkalihalobacillus_sp._LMS39	2924032	S	12	2	14	0.00001
Parageobacillus_sp._KH3-4	2916802	S	17	7	24	0.00001
Parageobacillus_toebii	153151	S	14	6	20	0.00001
Parageobacillus_thermoglucosidasius	1426	S	13	11	24	0.00001
Parageobacillus_caldoxylosilyticus	81408	S	13	5	18	0.00001
Parageobacillus_genomosp._1	1295642	S	12	4	16	0.00001
Sutcliffiella_horikoshii	79883	S	43	10	53	0.00003
Sutcliffiella_cohnii	33932	S	31	12	43	0.00002
Rossellomorea_marisflavi	189381	S	37	13	50	0.00002
Rossellomorea_vietnamensis	218284	S	29	10	39	0.00002
Heyndrickxia_oleronia	38875	S	37	13	50	0.00002
Heyndrickxia_vini	1476025	S	26	8	34	0.00002
Halobacillus_sp._SSBR10-3	2932257	S	12	2	14	0.00001
Halobacillus_sp._SSHM10-5	2932259	S	12	4	16	0.00001
Halobacillus_sp._SSTM10-2	2932258	S	10	2	12	0.00001
Halobacillus_halophilus	1570	S	10	3	13	0.00001
Oceanobacillus_zhaokaii	2052660	S	32	5	37	0.00002
Oceanobacillus_kimchii	746691	S	12	1	13	0.00001
Oceanobacillus_iheyensis	182710	S	10	2	12	0.00001
Psychrobacillus_sp._INOP01	2829187	S	27	7	34	0.00002
Psychrobacillus_glaciei	2283160	S	22	6	28	0.00001
Gracilibacillus_salitolerans	2663022	S	26	3	29	0.00001
Gracilibacillus_sp._SSWR10-1	2932256	S	14	4	18	0.00001
Salicibibacter_halophilus	2502791	S	14	4	18	0.00001
Salicibibacter_cibarius	2743000	S	11	3	14	0.00001
Salisediminibacterium_selenitireducens	85683	S	19	2	21	0.00001
Salisediminibacterium_beveridgei	632773	S	17	2	19	0.00001
Gottfriedia_acidiceleris	371036	S	33	9	42	0.00002
Weizmannia_coagulans	1398	S	32	8	40	0.00002
Lederbergia_lenta	1467	S	28	6	34	0.00002
Lentibacillus_sp._CBA3610	2518176	S	14	1	15	0.00001
Lentibacillus_amyloliquefaciens	1472767	S	10	1	11	0.00001
Caldalkalibacillus_thermarum	296745	S	24	4	28	0.00001
Radiobacillus_sp._80	2844358	S	11	1	12	0.00001
Radiobacillus_deserti	2594883	S	10	1	11	0.00001
Pontibacillus_sp._HMF3514	2692425	S	15	1	16	0.00001
Caldibacillus_thermoamylovorans	35841	S	19	5	24	0.00001
Anaerobacillus_isosaccharinicus	1532552	S	19	3	22	0.00001
Mangrovibacillus_cuniculi	2593652	S	17	8	25	0.00001
Salimicrobium_jeotgali	1230341	S	17	2	19	0.00001
Pradoshia_sp._D12	2651284	S	15	4	19	0.00001
Halalkalibacterium_halodurans	86665	S	14	7	21	0.00001
Aeribacillus_pallidus	33936	S	10	3	13	0.00001
Alkalihalophilus_pseudofirmus	79885	S	10	1	11	0.00001
Paenibacillus_sp._JZ16	1906272	S	284	64	348	0.00017
Paenibacillus_sp._B01	2660554	S	219	60	279	0.00013
Paenibacillus_sp._RUD330	2023772	S	147	13	160	0.00008
Paenibacillus_sp._32O-W	1695218	S	130	10	140	0.00007
Paenibacillus_sp._sptzw28	715179	S	95	7	102	0.00005
Paenibacillus_sp._R14(2021)	2859228	S	93	11	104	0.00005
Paenibacillus_sp._H1-7	2282849	S	84	6	90	0.00004
Paenibacillus_sp._BIHB4019	1870819	S	55	3	58	0.00003
Paenibacillus_sp._YPD9-1	2908839	S	44	4	48	0.00002
Paenibacillus_sp._PAMC21692	2762320	S	42	31	73	0.00004
Paenibacillus_sp._HWE-109	1306526	S	40	2	42	0.00002
Paenibacillus_sp._Y412MC10	481743	S	37	90	127	0.00006
Paenibacillus_sp._FSL_R7-0331	1536773	S	32	6	38	0.00002
Paenibacillus_sp._FSL_R7-0273	1536772	S	31	5	36	0.00002
Paenibacillus_sp._PK3_47	2072642	S	30	3	33	0.00002
Paenibacillus_sp._URB8-2	2741301	S	30	6	36	0.00002
Paenibacillus_sp._JNUCC-32	2777984	S	29	74	103	0.00005
Paenibacillus_sp._FSL_H7-0357	1536774	S	26	3	29	0.00001
Paenibacillus_sp._IHB_B_3084	867076	S	25	12	37	0.00002
Paenibacillus_sp._JNUCC-31	2777983	S	21	5	26	0.00001
Paenibacillus_sp._19GGS1-52	2758563	S	19	1	20	0.00001
Paenibacillus_sp._CAA11	1532905	S	18	3	21	0.00001
Paenibacillus_sp._YPG26	2878915	S	16	2	18	0.00001
Paenibacillus_sp._DCT19	2211212	S	16	2	18	0.00001
Paenibacillus_sp._FSL_R5-0912	1536771	S	16	10	26	0.00001
Paenibacillus_sp._481	2835869	S	15	1	16	0.00001
Paenibacillus_sp._E222	2748863	S	14	4	18	0.00001
Paenibacillus_sp._IHBB_10380	1566358	S	12	1	13	0.00001
Paenibacillus_mucilaginosus	61624	S	386	38	424	0.00020
Paenibacillus_albicereus	2726185	S	206	52	258	0.00012
Paenibacillus_xylanilyticus	248903	S	168	31	199	0.00010
Paenibacillus_lycopersici	2704462	S	145	15	160	0.00008
Paenibacillus_durus	44251	S	105	36	141	0.00007
Paenibacillus_rhizovicinus	2704463	S	90	10	100	0.00005
Paenibacillus_dendritiformis	130049	S	90	13	103	0.00005
Paenibacillus_cellulositrophicus	562959	S	89	7	96	0.00005
Paenibacillus_konkukensis	2020716	S	86	8	94	0.00005
Paenibacillus_macerans	44252	S	83	6	89	0.00004
Paenibacillus_beijingensis	1126833	S	78	7	85	0.00004
Paenibacillus_polymyxa	1406	S	76	224	300	0.00014
Paenibacillus_stellifer	169760	S	69	10	79	0.00004
Paenibacillus_thiaminolyticus	49283	S	65	9	74	0.00004
Paenibacillus_agaridevorans	171404	S	56	55	111	0.00005
Paenibacillus_protaetiae	2509456	S	51	6	57	0.00003
Paenibacillus_cellulosilyticus	375489	S	50	5	55	0.00003
Paenibacillus_chitinolyticus	79263	S	49	5	54	0.00003
Paenibacillus_donghaensis	414771	S	46	4	50	0.00002
Paenibacillus_sabinae	365617	S	45	9	54	0.00003
Paenibacillus_ihbetae	1870820	S	45	5	50	0.00002
Paenibacillus_naphthalenovorans	162209	S	43	5	48	0.00002
Paenibacillus_albus	2495582	S	42	4	46	0.00002
Paenibacillus_sophorae	1333845	S	38	12	50	0.00002
Paenibacillus_azoreducens	116718	S	36	3	39	0.00002
Paenibacillus_riograndensis	483937	S	16	17	33	0.00002
Paenibacillus_tritici	1873425	S	31	4	35	0.00002
Paenibacillus_swuensis	1178515	S	31	3	34	0.00002
Paenibacillus_guangzhouensis	1473112	S	30	2	32	0.00002
Paenibacillus_lautus	1401	S	30	33	63	0.00003
Paenibacillus_tianjinensis	2810347	S	29	4	33	0.00002
Paenibacillus_yonginensis	1462996	S	29	11	40	0.00002
Paenibacillus_baekrokdamisoli	1712516	S	28	2	30	0.00001
Paenibacillus_borealis	160799	S	28	8	36	0.00002
Paenibacillus_kribbensis	172713	S	28	9	37	0.00002
Paenibacillus_bovis	1616788	S	27	2	29	0.00001
Paenibacillus_physcomitrellae	1619311	S	27	8	35	0.00002
Paenibacillus_algicola	2565926	S	27	3	30	0.00001
Paenibacillus_xylanexedens	528191	S	26	16	42	0.00002
Paenibacillus_peoriae	59893	S	23	119	142	0.00007
Paenibacillus_lentus	1338368	S	22	1	23	0.00001
Paenibacillus_lutimineralis	2707005	S	19	2	21	0.00001
Paenibacillus_psychroresistens	1778678	S	18	0	18	0.00001
Paenibacillus_graminis	189425	S	18	8	26	0.00001
Paenibacillus_odorifer	189426	S	17	2	19	0.00001
Paenibacillus_alvei	44250	S	17	1	18	0.00001
Paenibacillus_jilunlii	682956	S	17	10	27	0.00001
Paenibacillus_barcinonensis	198119	S	15	2	17	0.00001
Paenibacillus_larvae	1464	S	15	1	16	0.00001
Paenibacillus_crassostreae	1763538	S	12	1	13	0.00001
Paenibacillus_brasilensis	128574	S	12	4	16	0.00001
Paenibacillus_uliginis	683737	S	10	9	19	0.00001
Paenibacillus_pabuli	1472	S	10	3	13	0.00001
Brevibacillus_marinus	2496837	S	84	11	95	0.00005
Brevibacillus_agri	51101	S	69	17	86	0.00004
Brevibacillus_composti	2796470	S	59	12	71	0.00003
Brevibacillus_sp._MMS20-4M-10-Y	2895522	S	35	4	39	0.00002
Brevibacillus_brevis	1393	S	40	30	70	0.00003
Brevibacillus_choshinensis	54911	S	37	7	44	0.00002
Brevibacillus_laterosporus	1465	S	21	41	62	0.00003
Cohnella_sp._LGH	1619153	S	83	23	106	0.00005
Cohnella_sp._MFER-1	2728023	S	43	5	48	0.00002
Cohnella_candidum	2674991	S	91	9	100	0.00005
Cohnella_cholangitidis	2598458	S	45	7	52	0.00003
Cohnella_abietis	2507935	S	18	1	19	0.00001
Thermobacillus_composti	377615	S	188	21	209	0.00010
Saccharibacillus_brassicae	2583377	S	123	12	135	0.00007
Aneurinibacillus_soli	1500254	S	29	22	51	0.00002
Alicyclobacillus_acidocaldarius	405212	S	261	19	280	0.00013
Alicyclobacillus_acidoterrestris	1450	S	28	3	31	0.00002
Alicyclobacillus_sp._SO9	2665646	S	17	2	19	0.00001
Alicyclobacillus_mengziensis	2931921	S	19	1	20	0.00001
Tumebacillus_avium	1903704	S	149	55	204	0.00010
Tumebacillus_algifaecis	1214604	S	56	17	73	0.00004
Kyrpidia_spormannii	2055160	S	37	12	49	0.00002
Kyrpidia_tusciae	33943	S	27	12	39	0.00002
Effusibacillus_dendaii	2743772	S	18	1	19	0.00001
Planococcus_glaciei	459472	S	49	13	62	0.00003
Planococcus_sp._MB-3u-03	2058136	S	16	11	27	0.00001
Planococcus_sp._107-1	2908840	S	16	6	22	0.00001
Planococcus_maritimus	192421	S	21	8	29	0.00001
Planococcus_plakortidis	1038856	S	19	11	30	0.00001
Planococcus_lenghuensis	2213202	S	18	3	21	0.00001
Planococcus_antarcticus	161360	S	16	4	20	0.00001
Planococcus_halotolerans	2233542	S	14	3	17	0.00001
Planococcus_rifietoensis	200991	S	13	10	23	0.00001
Planococcus_massiliensis	1499687	S	11	2	13	0.00001
Solibacillus_silvestris	76853	S	119	38	157	0.00008
Solibacillus_sp._R5-41	2048654	S	12	4	16	0.00001
Sporosarcina_sp._Marseille-Q4063	2810514	S	11	8	19	0.00001
Sporosarcina_sp._Te-1	2818390	S	11	5	16	0.00001
Sporosarcina_ureae	1571	S	22	10	32	0.00002
Ureibacillus_thermophilus	367743	S	10	3	13	0.00001
Jeotgalibacillus_malaysiensis	1508404	S	14	4	18	0.00001
Viridibacillus_sp._JNUCC-6	2779527	S	10	2	12	0.00001
Novibacillus_thermophilus	1471761	S	109	12	121	0.00006
Kroppenstedtia_eburnea	714067	S	50	4	54	0.00003
Staphylospora_marina	2490858	S	49	8	57	0.00003
Polycladomyces_abyssicola	1125966	S	42	4	46	0.00002
Thermoactinomyces_vulgaris	2026	S	26	5	31	0.00002
Laceyella_sacchari	37482	S	22	5	27	0.00001
Staphylococcus_aureus	1280	S	16	1648	1664	0.00080
Exiguobacterium_sp._N4-1P	2051906	S	11	9	20	0.00001
Exiguobacterium_sp._Helios	2735868	S	10	7	17	0.00001
Exiguobacterium_alkaliphilum	1428684	S	37	10	47	0.00002
Exiguobacterium_mexicanum	340146	S	29	8	37	0.00002
Exiguobacterium_sibiricum	332410	S	15	7	22	0.00001
Exiguobacterium_acetylicum	41170	S	10	19	29	0.00001
Listeria_monocytogenes	1639	S	19	12	31	0.00002
Sporolactobacillus_terrae	269673	S	11	1	12	0.00001
Lactobacillus_delbrueckii	1584	S	20	57	77	0.00004
Limosilactobacillus_pontis	35787	S	11	6	17	0.00001
Limosilactobacillus_panis	47493	S	11	6	17	0.00001
Levilactobacillus_zymae	267363	S	19	15	34	0.00002
Levilactobacillus_brevis	1580	S	10	8	18	0.00001
Lacticaseibacillus_casei	1582	S	10	11	21	0.00001
Schleiferilactobacillus_harbinensis	304207	S	31	5	36	0.00002
Lactiplantibacillus_pentosus	1589	S	10	7	17	0.00001
Streptococcus_sanguinis	1305	S	10	36	46	0.00002
Faecalibacterium_prausnitzii	853	S	188	163	351	0.00017
Flavonifractor_plautii	292800	S	135	32	167	0.00008
Dysosmobacter_sp._Marseille-Q4140	2830675	S	66	24	90	0.00004
Dysosmobacter_welbionis	2093857	S	56	37	93	0.00005
Ethanoligenens_harbinense	253239	S	74	4	78	0.00004
Vescimonas_coprocola	2714355	S	37	29	66	0.00003
Vescimonas_fastidiosa	2714353	S	30	39	69	0.00003
Ruthenibacterium_lactatiformans	1550024	S	61	15	76	0.00004
Oscillibacter_sp._NSJ-62	2763056	S	51	15	66	0.00003
Ruminiclostridium_cellulolyticum	1521	S	45	8	53	0.00003
Caproiciproducens_sp._NJN-50	2507162	S	42	5	47	0.00002
Pusillibacter_faecalis	2714358	S	35	20	55	0.00003
Anaerotruncus_colihominis	169435	S	27	14	41	0.00002
Caproicibacter_fermentans	2576756	S	27	1	28	0.00001
Caproicibacterium_lactatifermentans	2666138	S	13	1	14	0.00001
Caproicibacterium_amylolyticum	2766537	S	13	0	13	0.00001
Acutalibacter_muris	1796620	S	25	1	26	0.00001
Ruminococcus_champanellensis	1161942	S	10	0	10	0.00000
Solibaculum_mannosilyticum	2780922	S	17	14	31	0.00002
Thermaerobacter_sp._FW80	2546351	S	313	56	369	0.00018
Thermaerobacter_sp._PB12/4term	2293838	S	226	51	277	0.00013
Thermaerobacter_marianensis	73919	S	229	56	285	0.00014
Intestinimonas_butyriciproducens	1297617	S	66	21	87	0.00004
Flintibacter_sp._KGMB00164	2610895	S	45	4	49	0.00002
Aminipila_butyrica	433296	S	11	0	11	0.00001
Emergencia_timonensis	1776384	S	12	3	15	0.00001
Carboxydocella_thermautotrophica	178899	S	16	1	17	0.00001
Massilistercora_timonensis	2086584	S	16	13	29	0.00001
Clostridium_sp._M62/1	411486	S	13	14	27	0.00001
Clostridium_sp._BNL1100	755731	S	13	1	14	0.00001
Clostridium_botulinum	1491	S	21	38	59	0.00003
Clostridium_perfringens	1502	S	21	12	33	0.00002
Clostridium_kluyveri	1534	S	10	0	10	0.00001
Hungatella_hathewayi	154046	S	20	0	20	0.00001
Lachnoclostridium_phocaeense	1871021	S	22	18	40	0.00002
[Clostridium]_hylemonae	89153	S	17	9	26	0.00001
Blautia_producta	33035	S	18	10	28	0.00001
Anaerocolumna_cellulosilytica	433286	S	25	1	26	0.00001
Anaerocolumna_sedimenticola	2696063	S	10	0	10	0.00001
Lachnospiraceae_bacterium_NSJ-29	2763667	S	14	6	20	0.00001
Lachnospiraceae_bacterium_NSJ-38	2763669	S	12	5	17	0.00001
Anaerostipes_caccae	105841	S	11	5	16	0.00001
Lacrimispora_sphenoides	29370	S	12	2	14	0.00001
Symbiobacterium_thermophilum	2734	S	351	25	376	0.00018
Candidatus_Desulforudis_audaxviator	471827	S	81	4	85	0.00004
Desulforamulus_ruminis	1564	S	21	8	29	0.00001
Candidatus_Formimonas_warabiya	1761012	S	16	1	17	0.00001
Acididesulfobacillus_acetoxydans	1561005	S	15	0	15	0.00001
Thermanaerosceptrum_fracticalcis	1712410	S	10	1	11	0.00001
Heliomicrobium_modesticaldum	35701	S	91	42	133	0.00006
Christensenella_sp._Marseille-P3954	2086585	S	75	32	107	0.00005
Christensenella_minuta	626937	S	18	4	22	0.00001
Eubacterium_limosum	1736	S	17	16	33	0.00002
Alkalibacter_sp._ES005	2815577	S	18	1	19	0.00001
Desulfosporosinus_orientis	1563	S	11	4	15	0.00001
Desulfitobacterium_hafniense	49338	S	13	6	19	0.00001
Syntrophothermus_lipocalidus	86170	S	10	1	11	0.00001
Desulfoscipio_gibsoniae	102134	S	13	0	13	0.00001
Thermincola_potens	863643	S	11	0	11	0.00001
Moorella_sp._Hama-1	2138101	S	49	6	55	0.00003
Moorella_thermoacetica	1525	S	44	5	49	0.00002
Moorella_glycerini	55779	S	27	2	29	0.00001
Ammonifex_degensii	42838	S	32	1	33	0.00002
Gelria_sp._Kuro-4	2796927	S	118	9	127	0.00006
Thermacetogenium_phaeum	85874	S	43	40	83	0.00004
Carboxydothermus_hydrogenoformans	129958	S	19	2	21	0.00001
Thermanaeromonas_toyohensis	161154	S	12	0	12	0.00001
Mahella_australiensis	252966	S	12	5	17	0.00001
Thermosediminibacter_oceani	291990	S	20	1	21	0.00001
Koleobacter_methoxysyntrophicus	2751313	S	11	0	11	0.00001
Selenomonas_sp._oral_taxon_126	712528	S	61	15	76	0.00004
Selenomonas_sp._oral_taxon_920	1884263	S	44	10	54	0.00003
Selenomonas_sp._oral_taxon_136	713030	S	12	36	48	0.00002
Selenomonas_sputigena	69823	S	103	6	109	0.00005
Selenomonas_timonae	2754044	S	50	18	68	0.00003
Selenomonas_ruminantium	971	S	19	1	20	0.00001
Sporomusa_termitida	2377	S	19	2	21	0.00001
Pelosinus_fermentans	365349	S	10	2	12	0.00001
Methylomusa_anaerophila	1930071	S	16	1	17	0.00001
Megasphaera_stantonii	2144175	S	42	19	61	0.00003
Megasphaera_elsdenii	907	S	29	9	38	0.00002
Megasphaera_massiliensis	1232428	S	13	3	16	0.00001
Acidaminococcus_fermentans	905	S	19	2	21	0.00001
Acidaminococcus_intestini	187327	S	10	0	10	0.00001
Limnochorda_pilosa	1555112	S	319	10	329	0.00016
Peptoniphilus_ivorii	54006	S	14	2	16	0.00001
Gudongella_oleilytica	1582259	S	10	2	12	0.00001
Gottschalkia_acidurici	1556	S	11	1	12	0.00001
Ezakiella_coagulans	46507	S	13	27	40	0.00002
Allobaculum_sp._Allo2	2853432	S	14	2	16	0.00001
Faecalibaculum_rodentium	1702221	S	19	5	24	0.00001
Deinococcus_sp._NW-56	2080419	S	172	24	196	0.00009
Deinococcus_sp._TS-293	2737050	S	157	16	173	0.00008
Deinococcus_sp._KNUC1210	2917691	S	106	4	110	0.00005
Deinococcus_sp._AJ005	2652443	S	95	8	103	0.00005
Deinococcus_sp._QL22	2939437	S	66	5	71	0.00003
Deinococcus_ficus	317577	S	354	33	387	0.00019
Deinococcus_maricopensis	309887	S	225	19	244	0.00012
Deinococcus_actinosclerus	1768108	S	214	139	353	0.00017
Deinococcus_gobiensis	502394	S	211	27	238	0.00011
Deinococcus_metallilatus	1211322	S	195	22	217	0.00010
Deinococcus_irradiatisoli	2202254	S	150	13	163	0.00008
Deinococcus_peraridilitoris	432329	S	134	6	140	0.00007
Deinococcus_wulumuqiensis	980427	S	129	53	182	0.00009
Deinococcus_geothermalis	68909	S	121	19	140	0.00007
Deinococcus_radiopugnans	57497	S	116	14	130	0.00006
Deinococcus_radiodurans	1299	S	109	87	196	0.00009
Deinococcus_soli_(ex_Cha_et_al._2016)	1309411	S	96	98	194	0.00009
Deinococcus_psychrotolerans	2489213	S	86	2	88	0.00004
Deinococcus_proteolyticus	55148	S	75	17	92	0.00004
Deinococcus_deserti	310783	S	65	4	69	0.00003
Deinococcus_puniceus	1182568	S	45	7	52	0.00003
Deinococcus_radiophilus	32062	S	42	9	51	0.00002
Thermus_thermophilus	274	S	114	189	303	0.00015
Thermus_aquaticus	271	S	58	11	69	0.00003
Thermus_brockianus	56956	S	53	13	66	0.00003
Thermus_oshimai	56957	S	51	12	63	0.00003
Thermus_sp._CCB_US3_UF1	1111069	S	46	8	54	0.00003
Thermus_caldilimi	2483360	S	21	7	28	0.00001
Thermus_scotoductus	37636	S	10	22	32	0.00002
Oceanithermus_profundus	187137	S	305	31	336	0.00016
Meiothermus_silvanus	52022	S	115	17	132	0.00006
Meiothermus_taiwanensis	172827	S	74	25	99	0.00005
Meiothermus_ruber	277	S	63	23	86	0.00004
Marinithermus_hydrothermalis	186192	S	198	38	236	0.00011
Truepera_radiovictrix	332249	S	230	12	242	0.00012
Synechococcus_sp._CBW1004	1353136	S	119	46	165	0.00008
Synechococcus_sp._RSCCF101	2511069	S	109	23	132	0.00006
Synechococcus_sp._CBW1107	2789857	S	85	24	109	0.00005
Synechococcus_sp._CB0101	232348	S	69	22	91	0.00004
Synechococcus_sp._JA-3-3Ab	321327	S	61	32	93	0.00004
Synechococcus_sp._CBW1108	1353147	S	61	11	72	0.00003
Synechococcus_sp._LA31	2741953	S	60	22	82	0.00004
Synechococcus_sp._SynAce01	1916956	S	56	6	62	0.00003
Synechococcus_sp._NB0720_10	2907159	S	48	19	67	0.00003
Synechococcus_sp._LTW-R	2751170	S	45	17	62	0.00003
Synechococcus_sp._RS9909	221352	S	37	28	65	0.00003
Synechococcus_sp._HK01-R	2751171	S	34	8	42	0.00002
Synechococcus_sp._A10-1-5-1	2936507	S	33	11	44	0.00002
Synechococcus_sp._Minos11	221341	S	30	2	32	0.00002
Synechococcus_sp._PCC_7336	195250	S	28	1	29	0.00001
Synechococcus_sp._JA-2-3B'a(2-13)	321332	S	26	13	39	0.00002
Synechococcus_sp._PROS-7-1	1442556	S	20	19	39	0.00002
Synechococcus_sp._KORDI-100	1280380	S	20	1	21	0.00001
Synechococcus_sp._NOUM97013	1442555	S	17	4	21	0.00001
Synechococcus_sp._BMK-MC-1	1442551	S	17	14	31	0.00002
Synechococcus_sp._KORDI-52	585425	S	16	9	25	0.00001
Synechococcus_sp._WH_8020	32052	S	14	6	20	0.00001
Synechococcus_sp._WH_8101	59932	S	14	10	24	0.00001
Synechococcus_sp._MEDNS5	1442554	S	14	8	22	0.00001
Synechococcus_sp._KORDI-49	585423	S	14	32	46	0.00002
Synechococcus_sp._PROS-U-1	1400866	S	13	3	16	0.00001
Synechococcus_sp._BIOS-E4-1	1400864	S	13	2	15	0.00001
Synechococcus_sp._NIES-970	1827144	S	11	2	13	0.00001
Synechococcus_sp._A15-127	1050624	S	11	25	36	0.00002
Synechococcus_sp._PCC_7003	374981	S	10	5	15	0.00001
Synechococcus_sp._PCC_6312	195253	S	10	0	10	0.00001
Synechococcus_sp._A15-44	1050646	S	10	42	52	0.00003
Synechococcus_elongatus	32046	S	62	3	65	0.00003
Cyanobium_sp._NIES-981	1851505	S	87	25	112	0.00005
Cyanobium_sp._NS01	261284	S	86	28	114	0.00006
Cyanobium_gracile	59930	S	154	30	184	0.00009
Prochlorococcus_marinus	1219	S	19	4	23	0.00001
Parasynechococcus_marenigrum	2881428	S	22	6	28	0.00001
Acaryochloris_marina	155978	S	13	10	23	0.00001
Chamaesiphon_minutus	1173032	S	13	0	13	0.00001
Nostoc_sp._NIES-4103	2005458	S	24	19	43	0.00002
Nostoc_sp._UHCC_0702	2814655	S	16	12	28	0.00001
Nostoc_sp._C052	2576902	S	15	20	35	0.00002
Nostoc_sp._TCL26-01	2576904	S	12	4	16	0.00001
Nostoc_sp._'Lobaria_pulmonaria_(5183)_cyanobiont'	1618022	S	11	10	21	0.00001
Nostoc_punctiforme	272131	S	17	27	44	0.00002
Nostoc_linckia	92942	S	14	7	21	0.00001
Nostoc_edaphicum	264686	S	12	7	19	0.00001
Nostoc_piscinale	224012	S	11	13	24	0.00001
Nostoc_flagelliforme	1306274	S	11	8	19	0.00001
Trichormus_azollae	1164	S	10	3	13	0.00001
Calothrix_sp._NIES-3974	2005462	S	20	2	22	0.00001
Calothrix_sp._PCC_7507	99598	S	15	5	20	0.00001
Calothrix_sp._NIES-2100	1954172	S	15	13	28	0.00001
Calothrix_sp._PCC_7716	2853227	S	14	10	24	0.00001
Calothrix_sp._NIES-2098	1954171	S	11	9	20	0.00001
Calothrix_parasitica	1973486	S	19	1	20	0.00001
Calothrix_brevissima	938406	S	12	11	23	0.00001
Scytonema_sp._NIES-4073	2005464	S	41	20	61	0.00003
Scytonema_sp._HK-05	1137095	S	15	4	19	0.00001
Brasilonema_sennae	1397703	S	13	1	14	0.00001
Sphaerospermopsis_kisseleviana	289435	S	12	7	19	0.00001
Sphaerospermopsis_torques-reginae	984207	S	10	4	14	0.00001
Nodularia_sphaerocarpa	137816	S	15	3	18	0.00001
Dolichospermum_compactum	136073	S	13	48	61	0.00003
Tolypothrix_sp._PCC_7910	2099387	S	12	5	17	0.00001
Fischerella_sp._NIES-3754	1752063	S	10	3	13	0.00001
Leptolyngbya_sp._7M	2812896	S	324	22	346	0.00017
Leptolyngbya_sp._BL0902	1115757	S	51	3	54	0.00003
Leptolyngbya_boryana	1184	S	17	0	17	0.00001
Kovacikia_minuta	2931930	S	46	5	51	0.00002
Leptothermofonsia_sichuanensis	2917832	S	24	2	26	0.00001
Leptodesmis_sichuanensis	2906798	S	23	2	25	0.00001
Thermosynechococcus_vestitus	146786	S	14	9	23	0.00001
Halomicronema_hongdechloris	1209493	S	35	1	36	0.00002
Pseudanabaena_sp._PCC_7367	82654	S	17	0	17	0.00001
Gloeobacter_kilaueensis	1416614	S	147	3	150	0.00007
Gloeobacter_violaceus	33072	S	121	45	166	0.00008
Gloeobacter_morelensis	2907343	S	116	39	155	0.00007
Anthocerotibacter_panamensis	2857077	S	27	0	27	0.00001
Geitlerinema_sp._PCC_7407	1173025	S	78	14	92	0.00004
Allocoleopsis_franciscana	2886352	S	16	2	18	0.00001
Moorena_producens	1155739	S	49	1	50	0.00002
Oscillatoria_nigro-viridis	482564	S	15	8	23	0.00001
Oxynema_aestuarii	2874213	S	29	3	32	0.00002
Microcoleus_vaginatus	119532	S	26	8	34	0.00002
[Phormidium]_sp._ETS-05	222819	S	24	1	25	0.00001
Microcystis_aeruginosa	1126	S	31	44	75	0.00004
Chroococcidiopsis_sp._CCMEE_29	155894	S	29	22	51	0.00002
Pleurocapsa_sp._PCC_7327	118163	S	16	2	18	0.00001
Gloeomargarita_lithophora	1188228	S	13	0	13	0.00001
Sphaerobacter_thermophilus	2057	S	852	53	905	0.00044
Thermomicrobium_roseum	500	S	207	4	211	0.00010
Roseiflexus_castenholzii	120962	S	215	41	256	0.00012
Roseiflexus_sp._RS-1	357808	S	204	40	244	0.00012
Chloroflexus_aurantiacus	1108	S	94	9	103	0.00005
Chloroflexus_aggregans	152260	S	90	13	103	0.00005
Tepidiforma_bonchosmolovskayae	2601677	S	493	19	512	0.00025
Candidatus_Promineofilum_breve	1806508	S	445	8	453	0.00022
Caldilinea_aerophila	133453	S	233	16	249	0.00012
Anaerolinea_thermophila	167964	S	98	11	109	0.00005
Pelolinea_submarina	913107	S	67	3	70	0.00003
Brevefilum_fermentans	1986204	S	28	1	29	0.00001
Dehalogenimonas_sp._GP	1536648	S	48	14	62	0.00003
Dehalogenimonas_formicexedens	1839801	S	37	11	48	0.00002
Dehalococcoides_mccartyi	61435	S	18	30	48	0.00002
Ktedonosporobacter_rubrisoli	2509675	S	106	3	109	0.00005
Phototrophicus_methaneseepsis	2710758	S	97	1	98	0.00005
Thermobaculum_terrenum	166501	S	81	10	91	0.00004
Fimbriimonas_ginsengisoli	1005039	S	319	1	320	0.00015
Chthonomonas_calidirosea	454171	S	55	0	55	0.00003
Gemmata_obscuriglobus	114	S	3701	825	4526	0.00218
Gemmata_massiliana	1210884	S	1574	604	2178	0.00105
Gemmata_sp._SH-PL17	1630693	S	1530	662	2192	0.00105
Urbifossiella_limnaea	2528023	S	7352	585	7937	0.00382
Frigoriglobus_tundricola	2774151	S	4384	607	4991	0.00240
Limnoglobus_roseus	2598579	S	2935	124	3059	0.00147
Tuwongella_immobilis	692036	S	283	11	294	0.00014
Telmatocola_sphagniphila	1123043	S	226	2	228	0.00011
Lacipirellula_parvula	2650471	S	1580	181	1761	0.00085
Lacipirellula_limnantheis	2528024	S	1549	207	1756	0.00084
Pirellulimonas_nuda	2528009	S	1013	116	1129	0.00054
Botrimarina_mediterranea	2528022	S	879	86	965	0.00046
Aeoliella_mucimassa	2527972	S	316	27	343	0.00017
Bythopirellula_goksoeyrii	1400387	S	180	13	193	0.00009
Adhaeretor_mobilis	1930276	S	172	18	190	0.00009
Anatilimnocola_aggregata	2528021	S	704	80	784	0.00038
Lignipirellula_cremea	2528010	S	667	80	747	0.00036
Stieleria_neptunia	2527979	S	316	37	353	0.00017
Stieleria_maiorica	2795974	S	286	60	346	0.00017
Rosistilla_oblonga	2527990	S	178	81	259	0.00012
Rosistilla_carotiformis	2528017	S	134	55	189	0.00009
Rosistilla_ulvae	1930277	S	116	65	181	0.00009
Bremerella_volcania	2527984	S	489	38	527	0.00025
Pirellula_staleyi	125	S	354	13	367	0.00018
Pirellula_sp._SH-Sr6A	1632865	S	92	2	94	0.00005
Roseimaritima_ulvae	980254	S	250	17	267	0.00013
Roseimaritima_multifibrata	1930274	S	71	8	79	0.00004
Rubripirellula_lacrimiformis	1930273	S	148	29	177	0.00009
Mariniblastus_fucicola	980251	S	121	2	123	0.00006
Rhodopirellula_baltica	265606	S	108	7	115	0.00006
Aureliella_helgolandensis	2527968	S	92	7	99	0.00005
Thermogutta_terrifontis	1331910	S	105	3	108	0.00005
Tautonia_plasticadhaerens	2527974	S	3464	291	3755	0.00181
Aquisphaera_giovannonii	406548	S	2390	398	2788	0.00134
Paludisphaera_borealis	1387353	S	1516	331	1847	0.00089
Singulisphaera_acidiphila	466153	S	1390	203	1593	0.00077
Isosphaera_pallida	128	S	296	21	317	0.00015
Planctomyces_sp._SH-PL14	1632864	S	1785	111	1896	0.00091
Planctomyces_sp._SH-PL62	1636152	S	1652	600	2252	0.00108
Caulifigura_coniformis	2527983	S	1024	69	1093	0.00053
Gimesia_panareensis	2527978	S	241	29	270	0.00013
Gimesia_chilikensis	2605989	S	145	87	232	0.00011
Gimesia_maris	122	S	95	14	109	0.00005
Gimesia_algae	2527971	S	58	14	72	0.00004
Gimesia_alba	2527973	S	57	10	67	0.00003
Gimesia_fumaroli	2527976	S	38	7	45	0.00002
Gimesia_benthica	2608982	S	33	46	79	0.00004
Gimesia_aquarii	2527964	S	27	1	28	0.00001
Maioricimonas_rarisocia	2528026	S	754	99	853	0.00041
Alienimonas_californiensis	2527989	S	668	50	718	0.00035
Symmachiella_dynata	2527995	S	310	19	329	0.00016
Rubinisphaera_brasiliensis	119	S	179	18	197	0.00009
Fuerstiella_marisgermanici	1891926	S	176	3	179	0.00009
Calycomorphotria_hydatis	2528027	S	162	6	168	0.00008
Planctopirus_ephydatiae	2528019	S	61	24	85	0.00004
Planctopirus_limnophila	120	S	60	22	82	0.00004
Crateriforma_conspicua	2527996	S	128	27	155	0.00007
Thalassoglobus_polymorphus	2527994	S	69	3	72	0.00004
Polystyrenella_longa	2528007	S	56	5	61	0.00003
Humisphaera_borealis	2807512	S	1332	35	1367	0.00066
Phycisphaera_mikurensis	547188	S	458	38	496	0.00024
Mucisphaera_calidilacus	2527982	S	222	14	236	0.00011
Poriferisphaera_corsica	2528020	S	31	0	31	0.00002
Limihaloglobus_sulfuriphilus	1851148	S	24	2	26	0.00001
Sedimentisphaera_salicampi	1941349	S	10	5	15	0.00001
Anaerohalosphaera_lusitana	1936003	S	38	1	39	0.00002
Candidatus_Kuenenia_stuttgartiensis	174633	S	22	0	22	0.00001
Candidatus_Uabimicrobium_amorphum	2596890	S	15	0	15	0.00001
Opitutus_sp._GAS368	1882749	S	1127	149	1276	0.00061
Opitutus_terrae	107709	S	856	35	891	0.00043
Lacunisphaera_limnophila	1838286	S	994	130	1124	0.00054
Nibricoccus_aquaticus	2576891	S	842	34	876	0.00042
Oleiharenicola_sp._KSB-15	2862869	S	368	17	385	0.00019
Ereboglobus_luteus	1796921	S	267	12	279	0.00013
Ruficoccus_sp._ZRK36	2866311	S	109	13	122	0.00006
Coraliomargarita_akajimensis	395922	S	30	0	30	0.00001
Roseimicrobium_sp._ORNL1	2711231	S	1025	26	1051	0.00051
Verrucomicrobium_spinosum	2736	S	594	26	620	0.00030
Verrucomicrobium_sp._GAS474	1882831	S	323	35	358	0.00017
Luteolibacter_luteus	2728835	S	417	15	432	0.00021
Luteolibacter_ambystomatis	2824561	S	314	17	331	0.00016
Sulfuriroseicoccus_oceanibius	2707525	S	63	4	67	0.00003
Akkermansia_muciniphila	239935	S	128	13	141	0.00007
Akkermansia_glycaniphila	1679444	S	48	3	51	0.00002
Methylacidimicrobium_sp._B4	2796139	S	89	16	105	0.00005
Methylacidimicrobium_sp._AP8	2730359	S	81	11	92	0.00004
Candidatus_Xiphinematobacter_sp._Idaho_Grape	1704307	S	18	1	19	0.00001
Kiritimatiella_glycovorans	1307763	S	118	130	248	0.00012
Tichowtungia_aerotolerans	2697043	S	39	1	40	0.00002
Candidatus_Protochlamydia_amoebophila	362787	S	15	20	35	0.00002
Candidatus_Velamenicoccus_archaeovorus	1930593	S	37	0	37	0.00002
Hymenobacter_sp._5317J-9	2932250	S	134	29	163	0.00008
Hymenobacter_sp._PAMC_26628	1484118	S	132	30	162	0.00008
Hymenobacter_sp._BRD128	2675878	S	111	13	124	0.00006
Hymenobacter_sp._APR13	1356852	S	111	41	152	0.00007
Hymenobacter_sp._PAMC_26554	1484116	S	106	9	115	0.00006
Hymenobacter_sp._5116S-27	2932249	S	93	13	106	0.00005
Hymenobacter_sp._5116S-3	2932248	S	86	12	98	0.00005
Hymenobacter_sp._DG01	2584940	S	84	20	104	0.00005
Hymenobacter_sp._BT18	2835648	S	83	10	93	0.00004
Hymenobacter_sp._5413J-13	2932251	S	77	10	87	0.00004
Hymenobacter_sp._DG25B	1385664	S	61	20	81	0.00004
Hymenobacter_sp._5420S-77	2932254	S	57	7	64	0.00003
Hymenobacter_sp._S2-20-2	2761579	S	53	7	60	0.00003
Hymenobacter_sp._NBH84	2596915	S	53	7	60	0.00003
Hymenobacter_sp._DG25A	1385663	S	45	15	60	0.00003
Hymenobacter_sp._BRD67	2675877	S	40	36	76	0.00004
Hymenobacter_sp._5516S-25	2933777	S	25	93	118	0.00006
Hymenobacter_sp._HDW8	2714932	S	23	69	92	0.00004
Hymenobacter_sp._5516J-16	2932253	S	21	83	104	0.00005
Hymenobacter_oligotrophus	2319843	S	175	17	192	0.00009
Hymenobacter_busanensis	2607656	S	151	15	166	0.00008
Hymenobacter_monticola	1705399	S	133	22	155	0.00007
Hymenobacter_sedentarius	1411621	S	107	15	122	0.00006
Hymenobacter_jejuensis	2502781	S	89	6	95	0.00005
Hymenobacter_nivis	1850093	S	76	18	94	0.00005
Hymenobacter_swuensis	1446467	S	68	14	82	0.00004
Hymenobacter_tibetensis	497967	S	59	8	67	0.00003
Hymenobacter_qilianensis	1385715	S	52	8	60	0.00003
Hymenobacter_baengnokdamensis	2615203	S	40	40	80	0.00004
Hymenobacter_radiodurans	2496028	S	26	82	108	0.00005
Pontibacter_russatus	2694929	S	216	21	237	0.00011
Pontibacter_pudoricolor	2694930	S	166	18	184	0.00009
Pontibacter_actiniarum	323450	S	107	26	133	0.00006
Pontibacter_akesuensis	388950	S	68	10	78	0.00004
Pontibacter_korlensis	400092	S	58	8	66	0.00003
Pontibacter_sp._SGAir0037	2571030	S	41	7	48	0.00002
Rufibacter_radiotolerans	1379910	S	149	17	166	0.00008
Rufibacter_tibetensis	512763	S	65	10	75	0.00004
Rufibacter_sp._DG15C	1379909	S	56	26	82	0.00004
Adhaeribacter_swui	2086471	S	135	17	152	0.00007
Adhaeribacter_radiodurans	2745197	S	122	14	136	0.00007
Nibribacter_ruber	2698458	S	54	24	78	0.00004
Dyadobacter_fermentans	94254	S	450	34	484	0.00023
Dyadobacter_sp._LJ419	2906456	S	36	1	37	0.00002
Dyadobacter_sp._NIV53	2861765	S	14	0	14	0.00001
Dyadobacter_sandarakinus	2747268	S	34	2	36	0.00002
Fibrella_aestuarina	651143	S	115	7	122	0.00006
Fibrella_sp._ES10-3-2-2	1834519	S	45	2	47	0.00002
Runella_slithyformis	106	S	36	1	37	0.00002
Runella_rosea	2259595	S	30	1	31	0.00002
Runella_sp._SP2	2268026	S	22	0	22	0.00001
Larkinella_sp._IE-0392	2907205	S	34	1	35	0.00002
Arcticibacterium_luteifluviistationis	1784714	S	11	0	11	0.00001
Spirosoma_sp._CJU-R4	2728024	S	74	5	79	0.00004
Spirosoma_sp._KUDC1026	2745947	S	51	4	55	0.00003
Spirosoma_sp._KCTC_42546	2520506	S	40	4	44	0.00002
Spirosoma_sp._RHs26	2898794	S	34	2	36	0.00002
Spirosoma_sp._KCTC_72228	2710596	S	18	2	20	0.00001
Spirosoma_rigui	564064	S	60	4	64	0.00003
Spirosoma_taeanense	2735870	S	47	4	51	0.00002
Spirosoma_montaniterrae	1178516	S	46	3	49	0.00002
Spirosoma_pollinicola	2057025	S	35	3	38	0.00002
Spirosoma_radiotolerans	1379870	S	28	2	30	0.00001
Spirosoma_aerolatum	1211326	S	26	1	27	0.00001
Spirosoma_endbachense	2666025	S	18	12	30	0.00001
Spirosoma_aureum	2692134	S	14	11	25	0.00001
Rhodocytophaga_rosea	2704465	S	58	2	60	0.00003
Cytophaga_hutchinsonii	985	S	13	1	14	0.00001
Chryseolinea_soli	2321403	S	233	6	239	0.00012
Fulvivirga_sp._SS9-22	2904245	S	30	3	33	0.00002
Fulvivirga_sp._SW1-E11	2904247	S	13	8	21	0.00001
Echinicola_soli	2591634	S	13	1	14	0.00001
Echinicola_rosea	1807691	S	11	6	17	0.00001
Echinicola_vietnamensis	390884	S	10	6	16	0.00001
Algoriphagus_sp._NBT04N3	2705473	S	14	4	18	0.00001
Algoriphagus_sp._Y33	2772483	S	11	0	11	0.00001
Algoriphagus_machipongonensis	388413	S	17	1	18	0.00001
Algoriphagus_sanaruensis	1727163	S	11	0	11	0.00001
Aquiflexum_balticum	280473	S	12	2	14	0.00001
Candidatus_Amoebophilus_asiaticus	281120	S	15	0	15	0.00001
Marivirga_tractuosa	1006	S	11	3	14	0.00001
Chitinophaga_filiformis	104663	S	942	82	1024	0.00049
Chitinophaga_sp._XS-30	2604421	S	108	33	141	0.00007
Chitinophaga_sp._KRA15-503	2829818	S	65	27	92	0.00004
Chitinophaga_pinensis	79329	S	93	9	102	0.00005
Chitinophaga_oryzae	2725414	S	75	6	81	0.00004
Chitinophaga_agri	2703787	S	69	9	78	0.00004
Chitinophaga_alhagiae	2203219	S	49	1	50	0.00002
Chitinophaga_caeni	2029983	S	30	4	34	0.00002
Niastella_koreensis	354356	S	956	67	1023	0.00049
Lacibacter_sp._S13-6-6	2760713	S	705	22	727	0.00035
Flavisolibacter_tropicus	1492898	S	184	16	200	0.00010
Flavisolibacter_ginsenosidimutans	661481	S	153	5	158	0.00008
Pseudocnuella_soli	2502779	S	309	26	335	0.00016
Paraflavitalea_soli	2315862	S	205	10	215	0.00010
Pseudobacter_ginsenosidimutans	661488	S	156	9	165	0.00008
Flavihumibacter_sp._IMCC34838	2838156	S	71	6	77	0.00004
Flavihumibacter_sp._IMCC34837	2838157	S	63	4	67	0.00003
Niabella_ginsenosidivorans	1176587	S	62	5	67	0.00003
Niabella_soli	446683	S	49	4	53	0.00003
Ferruginibacter_sp._KIS38-8	2875540	S	52	3	55	0.00003
Ferruginibacter_lapsinanis	563172	S	42	2	44	0.00002
Arachidicoccus_sp._BS20	1850526	S	27	9	36	0.00002
Arachidicoccus_sp._5GH13-10	2875539	S	17	0	17	0.00001
Arachidicoccus_sp._B3-10	2545455	S	13	0	13	0.00001
Arachidicoccus_ginsenosidivorans	496057	S	19	1	20	0.00001
Arachidicoccus_soli	2341117	S	13	0	13	0.00001
Filimonas_lacunae	477680	S	83	6	89	0.00004
Panacibacter_ginsenosidivorans	1813871	S	72	2	74	0.00004
Phnomibacter_ginsenosidimutans	2676868	S	54	4	58	0.00003
Flavobacterium_sp._MDT1-60	1979344	S	47	9	56	0.00003
Flavobacterium_sp._CLA17	2724135	S	42	7	49	0.00002
Flavobacterium_sp._M31R6	2739062	S	36	6	42	0.00002
Flavobacterium_sp._MMS21-Er5	2937442	S	35	13	48	0.00002
Flavobacterium_sp._F-323	2893885	S	35	8	43	0.00002
Flavobacterium_sp._HJ-32-4	1160795	S	33	2	35	0.00002
Flavobacterium_sp._F-70	2893884	S	30	6	36	0.00002
Flavobacterium_sp._F-29	2893883	S	28	6	34	0.00002
Flavobacterium_sp._KBS0721	1179672	S	28	7	35	0.00002
Flavobacterium_sp._B183	907046	S	27	6	33	0.00002
Flavobacterium_sp._K5-23	2746225	S	27	7	34	0.00002
Flavobacterium_sp._Sr18	935222	S	24	4	28	0.00001
Flavobacterium_sp._SLB02	2665645	S	24	3	27	0.00001
Flavobacterium_sp._KSM-R2A25	2895947	S	21	5	26	0.00001
Flavobacterium_sp._140616W15	2478552	S	19	4	23	0.00001
Flavobacterium_sp._GENT5	1751095	S	18	4	22	0.00001
Flavobacterium_sp._GENT11	1751100	S	16	29	45	0.00002
Flavobacterium_sp._KK2020170	2830782	S	15	5	20	0.00001
Flavobacterium_sp._IGB_4-14	1871076	S	15	1	16	0.00001
Flavobacterium_sp._CHNK8	2871165	S	14	11	25	0.00001
Flavobacterium_sp._F-340	2893886	S	14	5	19	0.00001
Flavobacterium_sp._CJ74	2294119	S	12	1	13	0.00001
Flavobacterium_sp._LPB0248	2614441	S	11	5	16	0.00001
Flavobacterium_sp._KSM-R2A30	2897181	S	11	4	15	0.00001
Flavobacterium_commune	1306519	S	452	83	535	0.00026
Flavobacterium_anhuiense	459526	S	231	79	310	0.00015
Flavobacterium_nackdongense	2547394	S	44	4	48	0.00002
Flavobacterium_gilvum	1492737	S	37	6	43	0.00002
Flavobacterium_johnsoniae	986	S	31	14	45	0.00002
Flavobacterium_endoglycinae	2816357	S	31	6	37	0.00002
Flavobacterium_album	2175091	S	25	2	27	0.00001
Flavobacterium_crocinum	2183896	S	20	5	25	0.00001
Flavobacterium_nitrogenifigens	1617283	S	19	8	27	0.00001
Flavobacterium_pallidum	2172098	S	18	2	20	0.00001
Flavobacterium_alkalisoli	2602769	S	17	1	18	0.00001
Flavobacterium_fluviale	2249356	S	17	6	23	0.00001
Flavobacterium_sediminilitoris	2024526	S	17	2	19	0.00001
Flavobacterium_faecale	1355330	S	15	2	17	0.00001
Flavobacterium_psychrophilum	96345	S	15	3	18	0.00001
Flavobacterium_kingsejongi	1678728	S	14	2	16	0.00001
Flavobacterium_magnum	2162713	S	13	1	14	0.00001
Flavobacterium_inviolabile	2748320	S	12	2	14	0.00001
Flavobacterium_enshiense	1341165	S	12	1	13	0.00001
Flavobacterium_crassostreae	1763534	S	10	2	12	0.00001
Flavobacterium_branchiophilum	55197	S	10	1	11	0.00001
Muricauda_sp._SCSIO_65647	2908843	S	14	0	14	0.00001
Muricauda_oceani	2698672	S	13	11	24	0.00001
Muricauda_lutaonensis	516051	S	12	5	17	0.00001
Muricauda_ruestringensis	111501	S	10	1	11	0.00001
Muricauda_aquimarina	254955	S	10	8	18	0.00001
Gramella_sp._GC03-9	2920386	S	11	6	17	0.00001
Gramella_forsetii	411153	S	13	5	18	0.00001
Gramella_flava	1486245	S	12	6	18	0.00001
Robiginitalea_biformata	252307	S	45	3	48	0.00002
Antarcticibacterium_sp._1MA-6-2	2908210	S	13	2	15	0.00001
Antarcticibacterium_arcticum	2585771	S	10	1	11	0.00001
Salegentibacter_salegens	143223	S	12	3	15	0.00001
Sinomicrobium_sp._HD2P242	2900738	S	16	0	16	0.00001
Arenibacter_algicola	616991	S	14	8	22	0.00001
Chryseobacterium_sp._Y16C	2920939	S	18	18	36	0.00002
Chryseobacterium_sp._C-17	2898076	S	14	8	22	0.00001
Chryseobacterium_sp._ZHDP1	2838877	S	12	14	26	0.00001
Chryseobacterium_sp._IHB_B_17019	1721091	S	11	2	13	0.00001
Chryseobacterium_sp._DH-B6	2759528	S	11	7	18	0.00001
Chryseobacterium_sp._3008163	2478663	S	11	7	18	0.00001
Chryseobacterium_sp.	1871047	S	11	6	17	0.00001
Chryseobacterium_sp._ADR-1	2929799	S	10	5	15	0.00001
Chryseobacterium_arthrosphaerae	651561	S	74	56	130	0.00006
Chryseobacterium_indoltheticum	254	S	36	13	49	0.00002
Chryseobacterium_indologenes	253	S	26	17	43	0.00002
Chryseobacterium_balustinum	246	S	17	9	26	0.00001
Chryseobacterium_shandongense	1493872	S	16	14	30	0.00001
Chryseobacterium_camelliae	1265445	S	15	12	27	0.00001
Chryseobacterium_carnipullorum	1124835	S	12	6	18	0.00001
Kaistella_sp._97-N-M2	2908645	S	10	2	12	0.00001
Kaistella_daneshvariae	2487074	S	11	1	12	0.00001
Epilithonimonas_zeae	1416779	S	12	3	15	0.00001
Cruoricaptor_ignavus	1118202	S	16	3	19	0.00001
Blattabacterium_cuenoti	1653831	S	22	4	26	0.00001
Fluviicola_taffensis	191579	S	19	1	20	0.00001
Sphingobacterium_sp._DR205	2713573	S	756	63	819	0.00039
Sphingobacterium_multivorum	28454	S	22	38	60	0.00003
Sphingobacterium_siyangense	459529	S	22	31	53	0.00003
Sphingobacterium_spiritivorum	258	S	19	14	33	0.00002
Sphingobacterium_thalpophilum	259	S	19	23	42	0.00002
Sphingobacterium_hotanense	649196	S	13	4	17	0.00001
Sphingobacterium_daejeonense	371142	S	11	2	13	0.00001
Sphingobacterium_lactis	797291	S	10	9	19	0.00001
Mucilaginibacter_sp._14171R-50	2703789	S	25	1	26	0.00001
Mucilaginibacter_sp._21P	2778902	S	21	1	22	0.00001
Mucilaginibacter_sp._SMC90	2929803	S	18	0	18	0.00001
Mucilaginibacter_sp._F39-2	2728022	S	16	0	16	0.00001
Mucilaginibacter_celer	2305508	S	32	1	33	0.00002
Mucilaginibacter_mali	2740462	S	31	0	31	0.00002
Mucilaginibacter_ginsenosidivorax	862126	S	30	0	30	0.00001
Mucilaginibacter_daejeonensis	398049	S	29	1	30	0.00001
Mucilaginibacter_ginsenosidivorans	398053	S	28	0	28	0.00001
Mucilaginibacter_gotjawali	1550579	S	26	0	26	0.00001
Mucilaginibacter_paludis	423351	S	19	0	19	0.00001
Mucilaginibacter_gossypii	551996	S	19	12	31	0.00002
Mucilaginibacter_mallensis	652787	S	19	0	19	0.00001
Mucilaginibacter_xinganensis	1234841	S	19	0	19	0.00001
Mucilaginibacter_rubeus	2027860	S	19	40	59	0.00003
Mucilaginibacter_ginkgonis	2682091	S	11	0	11	0.00001
Pedobacter_sp._HDW13	2714940	S	20	2	22	0.00001
Pedobacter_sp._KBS0701	2578106	S	17	4	21	0.00001
Pedobacter_sp._PACM_27299	1727164	S	15	1	16	0.00001
Pedobacter_sp._SW-16	2766984	S	14	2	16	0.00001
Pedobacter_sp._D749	2856523	S	12	3	15	0.00001
Pedobacter_sp._G11	2482728	S	10	1	11	0.00001
Pedobacter_heparinus	984	S	22	1	23	0.00001
Pedobacter_ginsengisoli	363852	S	20	2	22	0.00001
Pedobacter_steynii	430522	S	18	1	19	0.00001
Pedobacter_roseus	336820	S	16	4	20	0.00001
Pedobacter_endophyticus	2789740	S	16	1	17	0.00001
Pedobacter_suwonensis	332999	S	15	2	17	0.00001
Pedobacter_schmidteae	2201271	S	15	1	16	0.00001
Pedobacter_cryoconitis	188932	S	14	1	15	0.00001
Pedobacter_aquae	2605747	S	10	0	10	0.00001
Anseongella_ginsenosidimutans	496056	S	37	1	38	0.00002
Olivibacter_sp._LS-1	2592345	S	15	1	16	0.00001
Olivibacter_sp._SDN3	2764720	S	10	1	11	0.00001
Solitalea_sp._S2-8	2911172	S	16	2	18	0.00001
Pseudopedobacter_saltans	151895	S	13	11	24	0.00001
Alistipes_dispar	2585119	S	71	11	82	0.00004
Alistipes_communis	2585118	S	66	55	121	0.00006
Alistipes_onderdonkii	328813	S	63	85	148	0.00007
Alistipes_shahii	328814	S	52	37	89	0.00004
Alistipes_megaguti	2364787	S	52	7	59	0.00003
Alistipes_indistinctus	626932	S	48	11	59	0.00003
Alistipes_finegoldii	214856	S	46	53	99	0.00005
Alistipes_senegalensis	1288121	S	39	10	49	0.00002
Alistipes_sp._dk3624	2662363	S	39	9	48	0.00002
Prevotella_sp._Rep29	2691580	S	11	12	23	0.00001
Prevotella_dentalis	52227	S	42	9	51	0.00002
Prevotella_ruminicola	839	S	18	0	18	0.00001
Prevotella_multiformis	282402	S	11	7	18	0.00001
Prevotella_intermedia	28131	S	10	6	16	0.00001
Prevotella_melaninogenica	28132	S	10	5	15	0.00001
Paraprevotella_xylaniphila	454155	S	14	13	27	0.00001
Bacteroides_thetaiotaomicron	818	S	15	14	29	0.00001
Bacteroides_fragilis	817	S	15	44	59	0.00003
Bacteroides_helcogenes	290053	S	12	0	12	0.00001
Bacteroides_cellulosilyticus	246787	S	11	5	16	0.00001
Bacteroides_eggerthii	28111	S	11	15	26	0.00001
Phocaeicola_salanitronis	376805	S	13	8	21	0.00001
Duncaniella_dubosii	2518971	S	16	2	18	0.00001
Sodaliphilus_pleomorphus	2606626	S	41	22	63	0.00003
Parabacteroides_merdae	46503	S	12	29	41	0.00002
Tannerella_serpentiformis	712710	S	31	1	32	0.00002
Tannerella_forsythia	28112	S	16	0	16	0.00001
Porphyromonas_sp._oral_taxon_275	712435	S	30	3	33	0.00002
Porphyromonas_gingivalis	837	S	11	1	12	0.00001
Proteiniphilum_saccharofermentans	1642647	S	17	1	18	0.00001
Proteiniphilum_sp._JNU-WLY501	2829812	S	10	0	10	0.00000
Petrimonas_mucosa	1642646	S	15	0	15	0.00001
Barnesiella_viscericola	397865	S	24	33	57	0.00003
Draconibacterium_orientale	1168034	S	12	2	14	0.00001
Maribellus_comscasis	2681766	S	15	0	15	0.00001
Rhodocaloribacter_litoris	2558931	S	560	51	611	0.00029
Rhodothermus_marinus	29549	S	501	26	527	0.00025
Salinibacter_ruber	146919	S	320	4	324	0.00016
Haliscomenobacter_hydrossis	2350	S	41	0	41	0.00002
Chlorobaculum_limnaeum	274537	S	79	11	90	0.00004
Chlorobaculum_parvum	274539	S	58	10	68	0.00003
Chlorobaculum_tepidum	1097	S	51	12	63	0.00003
Pelodictyon_luteolum	1100	S	47	7	54	0.00003
Pelodictyon_phaeoclathratiforme	34090	S	11	0	11	0.00001
Chlorobium_limicola	1092	S	20	1	21	0.00001
Chlorobium_phaeovibrioides	1094	S	16	3	19	0.00001
Chlorobium_phaeobacteroides	1096	S	12	1	13	0.00001
Prosthecochloris_sp._GSB1	281093	S	34	3	37	0.00002
Prosthecochloris_sp._HL-130-GSB	1974213	S	17	4	21	0.00001
Prosthecochloris_sp._CIB_2401	1868325	S	16	5	21	0.00001
Chloroherpeton_thalassium	100716	S	24	0	24	0.00001
Candidatus_Cyclonatronum_proteinivorum	1457365	S	35	2	37	0.00002
Gemmatirosa_kalamazoonesis	861299	S	6104	527	6631	0.00319
Gemmatimonas_groenlandica	2732249	S	826	97	923	0.00044
Gemmatimonas_aurantiaca	173480	S	647	67	714	0.00034
Gemmatimonas_phototrophica	1379270	S	515	73	588	0.00028
Fibrobacter_succinogenes	833	S	23	0	23	0.00001
Luteitalea_sp._TBR-22	2802971	S	5017	755	5772	0.00278
Luteitalea_pratensis	1855912	S	4506	435	4941	0.00238
Granulicella_sp._WH15	2602070	S	276	51	327	0.00016
Granulicella_sp._5B5	1617967	S	216	36	252	0.00012
Granulicella_mallensis	940614	S	240	28	268	0.00013
Granulicella_tundricola	940615	S	154	19	173	0.00008
Terriglobus_roseus	392734	S	265	60	325	0.00016
Terriglobus_albidus	1592106	S	211	21	232	0.00011
Terriglobus_saanensis	870903	S	138	19	157	0.00008
Acidobacterium_capsulatum	33075	S	256	31	287	0.00014
Acidobacterium_sp._4Y35	2763107	S	225	15	240	0.00012
Candidatus_Koribacter_versatilis	658062	S	340	11	351	0.00017
Edaphobacter_sp._12200R-103	2703788	S	163	28	191	0.00009
Edaphobacter_sp._4G125	2763071	S	89	13	102	0.00005
Acidisarcina_polymorpha	2211140	S	186	13	199	0.00010
Paludibaculum_fermentans	1473598	S	742	22	764	0.00037
Chloracidobacterium_aggregatum	2851959	S	117	150	267	0.00013
Chloracidobacterium_validum	2821543	S	101	1	102	0.00005
Sulfidibacter_corallicola	2818388	S	259	5	264	0.00013
Nitrospira_moscoviensis	42253	S	537	44	581	0.00028
Nitrospira_japonica	1325564	S	339	39	378	0.00018
Nitrospira_sp._KM1	1936990	S	271	24	295	0.00014
Candidatus_Nitrospira_inopinata	1715989	S	219	18	237	0.00011
Leptospirillum_ferrooxidans	180	S	16	0	16	0.00001
Leptospirillum_ferriphilum	178606	S	11	19	30	0.00001
Dissulfurispira_thermophila	2715679	S	10	0	10	0.00000
Spirochaeta_thermophila	154	S	83	1	84	0.00004
Spirochaeta_africana	46355	S	29	1	30	0.00001
Salinispira_pacifica	1307761	S	15	0	15	0.00001
Sediminispirochaeta_smaragdinae	55206	S	10	0	10	0.00000
Treponema_brennaborense	81028	S	15	4	19	0.00001
Treponema_primitia	88058	S	15	0	15	0.00001
Treponema_socranskii	53419	S	10	24	34	0.00002
Sphaerochaeta_associata	1129264	S	19	1	20	0.00001
Breznakiella_homolactica	2798577	S	24	1	25	0.00001
Turneriella_parva	29510	S	80	0	80	0.00004
Leptospira_santarosai	28183	S	10	7	17	0.00001
Pyramidobacter_piscolens	638849	S	86	5	91	0.00004
Fretibacterium_fastidiosum	651822	S	76	1	77	0.00004
Cloacibacillus_porcorum	1197717	S	68	12	80	0.00004
Aminomonas_paucivorans	81412	S	58	6	64	0.00003
Thermanaerovibrio_acidaminovorans	81462	S	33	8	41	0.00002
Thermanaerovibrio_velox	108007	S	21	3	24	0.00001
Jonquetella_anthropi	428712	S	41	5	46	0.00002
Aminobacterium_colombiense	81468	S	12	0	12	0.00001
Candidatus_Bipolaricaulis_anaerobius	2026885	S	84	3	87	0.00004
Candidatus_Saccharimonas_aalborgensis	1332188	S	14	18	32	0.00002
Sulfurihydrogenibium_azorense	309806	S	15	5	20	0.00001
Thermovibrio_ammonificans	228745	S	11	2	13	0.00001
Thermosulfurimonas_marina	2047767	S	25	2	27	0.00001
Thermosulfuriphilus_ammonigenes	1936021	S	19	0	19	0.00001
Thermodesulfatator_indicus	171695	S	11	1	12	0.00001
Caldithrix_abyssi	187145	S	46	0	46	0.00002
Desulfurispirillum_indicum	936456	S	38	14	52	0.00003
Geovibrio_thiophilus	139438	S	13	5	18	0.00001
Coprothermobacter_proteolyticus	35786	S	19	3	22	0.00001
Caldisericum_exile	693075	S	11	0	11	0.00001
Fusarium_acuminatum	5515	S	1184	52	1236	0.00059
Fusarium_avenaceum	40199	S	19	0	19	0.00001
Fusarium_oxysporum	5507	S	1166	323	1489	0.00072
Fusarium_equiseti	61235	S	652	72	724	0.00035
Fusarium_scirpi	2211609	S	265	24	289	0.00014
Fusarium_longipes	694270	S	27	0	27	0.00001
Fusarium_poae	36050	S	24	5	29	0.00001
Fusarium_sporotrichioides	5514	S	22	1	23	0.00001
Fusarium_venenatum	56646	S	22	28	50	0.00002
Fusarium_sambucinum	5128	S	18	5	23	0.00001
Fusarium_graminearum	5518	S	12	29	41	0.00002
Fusarium_pseudograminearum	101028	S	10	2	12	0.00001
Fusarium_dimerum	57145	S	149	3	152	0.00007
Fusarium_decemcellulare	57161	S	114	1	115	0.00006
Fusarium_nygamai	42673	S	36	10	46	0.00002
Fusarium_fujikuroi	5127	S	29	2	31	0.00002
Fusarium_pseudonygamai	47755	S	15	3	18	0.00001
Fusarium_thapsinum	120644	S	14	3	17	0.00001
Fusarium_heterosporum	42747	S	23	5	28	0.00001
Fusarium_graminum	86546	S	17	4	21	0.00001
Fusarium_nelsonii	77846	S	27	5	32	0.00002
Fusarium_chlamydosporum	86545	S	10	2	12	0.00001
Fusarium_lateritium	5523	S	41	0	41	0.00002
Fusarium_musae	1042133	S	11	13	24	0.00001
Metarhizium_album	92629	S	86	2	88	0.00004
Metarhizium_guizhouense	169041	S	67	40	107	0.00005
Metarhizium_rileyi	1649241	S	52	8	60	0.00003
Metarhizium_acridum	92637	S	27	14	41	0.00002
Metarhizium_anisopliae	5530	S	22	32	54	0.00003
Metarhizium_brunneum	500148	S	17	16	33	0.00002
Pochonia_chlamydosporia	280754	S	132	6	138	0.00007
Ustilaginoidea_virens	1159556	S	102	4	106	0.00005
Trichoderma_reesei	51453	S	51	15	66	0.00003
Trichoderma_citrinoviride	58853	S	47	24	71	0.00003
Trichoderma_atroviride	63577	S	35	31	66	0.00003
Trichoderma_asperellum	101201	S	35	10	45	0.00002
Trichoderma_pleuroti	500994	S	35	16	51	0.00002
Trichoderma_koningiopsis	337941	S	22	14	36	0.00002
Trichoderma_afroharzianum	1567482	S	22	27	49	0.00002
Trichoderma_erinaceum	202914	S	20	14	34	0.00002
Trichoderma_harzianum	5544	S	19	24	43	0.00002
Trichoderma_hamatum	49224	S	17	5	22	0.00001
Trichoderma_gamsii	398673	S	16	12	28	0.00001
Beauveria_felina	37994	S	93	3	96	0.00005
Beauveria_brongniartii	118266	S	33	19	52	0.00003
Beauveria_pseudobassiana	931006	S	27	9	36	0.00002
Beauveria_rudraprayagi	1481906	S	14	44	58	0.00003
Cordyceps_fumosorosea	114497	S	116	11	127	0.00006
Purpureocillium_lilacinum	33203	S	221	12	233	0.00011
Drechmeria_coniospora	98403	S	143	5	148	0.00007
Clonostachys_rosea	29856	S	90	5	95	0.00005
Colletotrichum_higginsianum	80884	S	171	26	197	0.00009
Thermothielavioides_terrestris	2587410	S	194	14	208	0.00010
Thermothelomyces_thermophilus	78579	S	174	9	183	0.00009
Neurospora_crassa	5141	S	57	2	59	0.00003
Pyricularia_pennisetigena	1578925	S	55	8	63	0.00003
Pyricularia_oryzae	318829	S	51	14	65	0.00003
Pyricularia_grisea	148305	S	35	5	40	0.00002
Neopestalotiopsis_clavispora	289240	S	24	33	57	0.00003
Neopestalotiopsis_rosae	1562205	S	14	17	31	0.00002
Botrytis_cinerea	40559	S	41	0	41	0.00002
Aspergillus_puulaauensis	1220207	S	718	31	749	0.00036
Aspergillus_chevalieri	182096	S	380	39	419	0.00020
Aspergillus_luchuensis	1069201	S	70	6	76	0.00004
Aspergillus_fumigatus	746128	S	67	5	72	0.00003
Aspergillus_oryzae	5062	S	13	28	41	0.00002
Penicillium_chrysogenum	5076	S	183	23	206	0.00010
Penicillium_citrinum	5077	S	44	6	50	0.00002
Penicillium_aurantiogriseum	36655	S	26	5	31	0.00002
Penicillium_expansum	27334	S	24	6	30	0.00001
Penicillium_italicum	40296	S	12	2	14	0.00001
Paecilomyces_niveus	5093	S	36	5	41	0.00002
Paecilomyces_variotii	264951	S	21	5	26	0.00001
Talaromyces_rugulosus	121627	S	28	1	29	0.00001
Ampelomyces_quisqualis	50730	S	114	12	126	0.00006
Paraphaeosphaeria_minitans	565426	S	86	30	116	0.00006
Zymoseptoria_tritici	1047171	S	49	1	50	0.00002
Cercospora_beticola	122368	S	32	0	32	0.00002
Eremothecium_gossypii	33169	S	19	18	37	0.00002
Lachancea_thermotolerans	381046	S	14	1	15	0.00001
[Candida]_glabrata	5478	S	10	0	10	0.00001
Candida_dubliniensis	42374	S	15	0	15	0.00001
Sugiyamaella_lignohabitans	796027	S	15	1	16	0.00001
Yarrowia_lipolytica	4952	S	12	0	12	0.00001
Saccharomycodes_ludwigii	36035	S	11	2	13	0.00001
Pseudozyma_flocculosa	84751	S	175	1	176	0.00008
Ustilago_maydis	5270	S	51	1	52	0.00003
Sporisorium_graminicola	280036	S	42	5	47	0.00002
Malassezia_restricta	76775	S	18	2	20	0.00001
Phlebiopsis_gigantea	82310	S	52	0	52	0.00003
Rhizoctonia_solani	456999	S	16	0	16	0.00001
Cryptococcus_gattii_VGI	37769	S	11	7	18	0.00001
Phytophthora_cinnamomi	4785	S	119	26	145	0.00007
Phytophthora_fragariae	53985	S	103	19	122	0.00006
Phytophthora_cryptogea	4786	S	86	9	95	0.00005
Phytophthora_cactorum	29920	S	49	9	58	0.00003
Phytophthora_boehmeriae	109152	S	45	7	52	0.00003
Phytophthora_infestans	4787	S	44	83	127	0.00006
Phytophthora_parasitica	4792	S	36	6	42	0.00002
Pythium_aphanidermatum	65070	S	78	2	80	0.00004
