name	taxonomy_id	taxonomy_lvl	kraken_assigned_reads	added_reads	new_est_reads	fraction_total_reads
Bradyrhizobium	374	G	483019	62547	545566	0.02589
Rhodopseudomonas	1073	G	34891	10355	45246	0.00215
Tardiphaga	1395974	G	11852	1500	13352	0.00063
Afipia	1033	G	8953	4657	13610	0.00065
Nitrobacter	911	G	7886	1006	8892	0.00042
Variibacter	1649510	G	7407	568	7975	0.00038
Rhizobium	379	G	115286	47491	162777	0.00772
Agrobacterium	357	G	23681	7846	31527	0.00150
Neorhizobium	1525371	G	16654	3823	20477	0.00097
Pseudorhizobium	1903858	G	4296	805	5101	0.00024
Sinorhizobium	28105	G	46969	24282	71251	0.00338
Ensifer	106591	G	27824	5123	32947	0.00156
Shinella	323620	G	20540	14107	34647	0.00164
Ciceribacter	1648508	G	3137	598	3735	0.00018
Georhizobium	2661800	G	2641	567	3208	0.00015
Peteryoungia	2853332	G	1002	169	1171	0.00006
Liberibacter	34019	G	205	81	286	0.00001
Methylobacterium	407	G	125401	22762	148163	0.00703
Microvirga	186650	G	82234	9547	91781	0.00436
Methylorubrum	2282523	G	25808	10843	36651	0.00174
Mesorhizobium	68287	G	183213	37002	220215	0.01045
Aquibium	2911176	G	13781	3345	17126	0.00081
Aminobacter	31988	G	10140	6516	16656	0.00079
Nitratireductor	245876	G	9444	1434	10878	0.00052
Phyllobacterium	28100	G	5424	557	5981	0.00028
Roseitalea	1915401	G	4069	691	4760	0.00023
Hoeflea	274591	G	3304	311	3615	0.00017
Oricola	1594166	G	3094	424	3518	0.00017
Salaquimonas	2712688	G	1360	59	1419	0.00007
Lentilitoribacter	1649463	G	62	1	63	0.00000
Pseudolabrys	556257	G	37917	5846	43763	0.00208
Xanthobacter	279	G	16927	3932	20859	0.00099
Starkeya	152053	G	15754	4229	19983	0.00095
Ancylobacter	99	G	15187	5306	20493	0.00097
Labrys	204476	G	6032	633	6665	0.00032
Azorhizobium	6	G	5505	1192	6697	0.00032
Rhodoplanes	29407	G	28360	2846	31206	0.00148
Hyphomicrobium	81	G	14059	956	15015	0.00071
Methyloceanibacter	1484898	G	6022	412	6434	0.00031
Aquabacter	45402	G	4599	787	5386	0.00026
Methyloligella	1485594	G	3935	482	4417	0.00021
Rhodomicrobium	1068	G	3559	242	3801	0.00018
Caenibius	2827482	G	3022	1203	4225	0.00020
Filomicrobium	119044	G	1358	39	1397	0.00007
Devosia	46913	G	42090	3371	45461	0.00216
Youhaiella	1827478	G	5092	1154	6246	0.00030
Paradevosia	1573407	G	4755	1787	6542	0.00031
Pelagibacterium	1082930	G	2059	261	2320	0.00011
Maritalea	623276	G	396	12	408	0.00002
Bosea	85413	G	50889	8003	58892	0.00279
Aureimonas	414371	G	23414	4790	28204	0.00134
Martelella	293088	G	11952	2204	14156	0.00067
Aurantimonas	182269	G	6960	2136	9096	0.00043
Methylocystis	133	G	18898	1686	20584	0.00098
Methylosinus	425	G	8889	1316	10205	0.00048
Stappia	152161	G	9914	1889	11803	0.00056
Roseibium	150830	G	4594	574	5168	0.00025
Pannonibacter	227873	G	4540	3202	7742	0.00037
Labrenzia	478070	G	3751	320	4071	0.00019
Pseudovibrio	258255	G	854	40	894	0.00004
Pseudorhodoplanes	1734920	G	9950	754	10704	0.00051
Nordella	169055	G	9513	539	10052	0.00048
Terrihabitans	2874214	G	4427	513	4940	0.00023
Candidatus_Hodgkinia	573657	G	79	1	80	0.00000
Phreatobacter	1632780	G	22598	3957	26555	0.00126
Kaustia	2838250	G	9133	905	10038	0.00048
Parvibaculum	256616	G	4393	3096	7489	0.00036
Pyruvatibacter	1742974	G	2793	362	3155	0.00015
Candidatus_Phaeomarinobacter	1541445	G	1096	59	1155	0.00005
Chelatococcus	28209	G	15287	3534	18821	0.00089
Methylocella	120652	G	6409	619	7028	0.00033
Methylovirgula	1156568	G	5144	438	5582	0.00026
Beijerinckia	532	G	1537	128	1665	0.00008
Blastochloris	59282	G	13015	3138	16153	0.00077
Acuticoccus	1904377	G	8608	939	9547	0.00045
Kaistia	166953	G	7635	1928	9563	0.00045
Brucella	234	G	6860	11671	18531	0.00088
Pseudochrobactrum	354349	G	704	107	811	0.00004
Hartmannibacter	1572860	G	4920	902	5822	0.00028
Breoghania	1406135	G	4882	654	5536	0.00026
Lichenihabitans	2723776	G	4757	223	4980	0.00024
Cohaesibacter	655352	G	952	37	989	0.00005
Bartonella	773	G	866	53	919	0.00004
Sphingomonas	13687	G	706094	82033	788127	0.03740
Sphingobium	165695	G	79677	39162	118839	0.00564
Sphingopyxis	165697	G	77961	17109	95070	0.00451
Novosphingobium	165696	G	49290	18751	68041	0.00323
Rhizorhabdus	1649486	G	25311	12894	38205	0.00181
Allosphingosinicella	2823232	G	13313	1698	15011	0.00071
Sphingosinithalassobacter	2676233	G	11517	2853	14370	0.00068
Parasphingopyxis	1234545	G	7600	377	7977	0.00038
Sphingorhabdus	1434046	G	5698	350	6048	0.00029
Blastomonas	150203	G	5406	967	6373	0.00030
Hankyongella	1763827	G	4180	854	5034	0.00024
Tardibacter	2685927	G	3948	3428	7376	0.00035
Citromicrobium	72173	G	2820	1350	4170	0.00020
Novosphingopyxis	2709686	G	2807	1627	4434	0.00021
Aquisediminimonas	2676781	G	1797	68	1865	0.00009
Parasphingorhabdus	2709685	G	1718	51	1769	0.00008
Erythrobacter	1041	G	33581	8802	42383	0.00201
Porphyrobacter	1111	G	10489	2890	13379	0.00063
Qipengyuania	1855416	G	20962	5503	26465	0.00126
Altererythrobacter	361177	G	12157	3220	15377	0.00073
Tsuneonella	2800686	G	12136	2449	14585	0.00069
Croceicoccus	1295327	G	11335	7047	18382	0.00087
Aurantiacibacter	2800681	G	2348	384	2732	0.00013
Pelagerythrobacter	2800685	G	2282	317	2599	0.00012
Paraurantiacibacter	2800682	G	2177	282	2459	0.00012
Croceibacterium	2676755	G	1898	814	2712	0.00013
Sphingosinicella	335405	G	24932	2644	27576	0.00131
Polymorphobacter	1508451	G	9052	356	9408	0.00045
Sandaracinobacter	56358	G	3858	267	4125	0.00020
Zymomonas	541	G	255	171	426	0.00002
Azospirillum	191	G	100804	12350	113154	0.00537
Skermanella	204447	G	43071	5961	49032	0.00233
Nitrospirillum	1543705	G	7674	880	8554	0.00041
Indioceanicola	2478349	G	6417	873	7290	0.00035
Niveispirillum	1543704	G	3262	346	3608	0.00017
Roseomonas	125216	G	64981	8774	73755	0.00350
Rhodovastum	504465	G	11547	1074	12621	0.00060
Roseococcus	35812	G	8343	725	9068	0.00043
Komagataeibacter	1434011	G	7691	3666	11357	0.00054
Acidiphilium	522	G	7220	3633	10853	0.00052
Sediminicoccus	1706033	G	5741	276	6017	0.00029
Acidibrevibacterium	2603324	G	4994	426	5420	0.00026
Lichenicola	2804525	G	4810	216	5026	0.00024
Acetobacter	434	G	3951	1543	5494	0.00026
Gluconacetobacter	89583	G	3181	647	3828	0.00018
Gluconobacter	441	G	2966	769	3735	0.00018
Granulibacter	364409	G	2097	177	2274	0.00011
Asaia	91914	G	1320	214	1534	0.00007
Neoasaia	320496	G	1225	244	1469	0.00007
Kozakia	153497	G	859	300	1159	0.00006
Novacetimonas	2919364	G	713	325	1038	0.00005
Oecophyllibacter	2791118	G	627	19	646	0.00003
Parasaccharibacter	1602345	G	405	15	420	0.00002
Swingsia	1649499	G	279	11	290	0.00001
Neokomagataea	1223423	G	157	24	181	0.00001
Entomobacter	2811380	G	107	7	114	0.00001
Commensalibacter	1079922	G	54	1	55	0.00000
Bombella	1654741	G	37	4	41	0.00000
Hypericibacter	2705399	G	44182	2519	46701	0.00222
Magnetospirillum	13134	G	19628	374481	394109	0.01870
Rhodospirillum	1081	G	12333	1384	13717	0.00065
Ferrovibrio	1231242	G	11326	687	12013	0.00057
Tistrella	171436	G	7855	3510	11365	0.00054
Defluviicoccus	111830	G	4432	375	4807	0.00023
Pararhodospirillum	1612157	G	2364	168	2532	0.00012
Haematospirillum	1804663	G	405	32	437	0.00002
Candidatus_Endolissoclinum	1263978	G	221	2	223	0.00001
Stella	93	G	18535	1234	19769	0.00094
Elioraea	457933	G	8496	402	8898	0.00042
Thalassospira	168934	G	2912	259	3171	0.00015
Magnetospira	1182780	G	1699	52	1751	0.00008
Terasakiella	196080	G	196	4	200	0.00001
Paracoccus	265	G	45862	8242	54104	0.00257
Cereibacter	1653176	G	11691	3476	15167	0.00072
Rhodobacter	1060	G	10989	3380	14369	0.00068
Rhodovulum	34008	G	6643	1434	8077	0.00038
Paroceanicella	2683599	G	5334	1393	6727	0.00032
Polymorphum	991903	G	5276	1262	6538	0.00031
Pikeienuella	2831955	G	4038	377	4415	0.00021
Thioclava	285107	G	3474	423	3897	0.00018
Pontivivens	1844015	G	3445	257	3702	0.00018
Silicimonas	1955420	G	3169	189	3358	0.00016
Pelagovum	2795377	G	2889	359	3248	0.00015
Frigidibacter	1775705	G	2470	1041	3511	0.00017
Brevirhabdus	1855413	G	2161	1025	3186	0.00015
Pukyongiella	2831925	G	2086	506	2592	0.00012
Fuscovulum	2818469	G	1862	237	2099	0.00010
Gymnodinialimonas	2937410	G	1774	169	1943	0.00009
Haematobacter	366614	G	1673	661	2334	0.00011
Falsirhodobacter	1434002	G	1585	227	1812	0.00009
Gemmobacter	204456	G	1496	303	1799	0.00009
Pseudopuniceibacterium	2613960	G	1448	114	1562	0.00007
Pacificitalea	2846749	G	1403	311	1714	0.00008
Pseudooceanicola	1679449	G	1340	132	1472	0.00007
Tabrizicola	1443919	G	1309	120	1429	0.00007
Monaibacterium	2029873	G	1294	305	1599	0.00008
Roseicitreum	1209946	G	1158	60	1218	0.00006
Tritonibacter	2083206	G	821	374	1195	0.00006
Yoonia	2211641	G	767	176	943	0.00004
Rhodophyticola	2680018	G	766	23	789	0.00004
Pseudohalocynthiibacter	1759417	G	738	150	888	0.00004
Qingshengfaniella	2816884	G	668	36	704	0.00003
Profundibacter	2778525	G	641	22	663	0.00003
Rhodobaca	119541	G	600	26	626	0.00003
Pseudorhodobacter	238783	G	505	32	537	0.00003
Parasedimentitalea	2738399	G	429	19	448	0.00002
Aestuarium	2820509	G	404	167	571	0.00003
Cognatishimia	2211635	G	337	15	352	0.00002
Planktomarina	1284657	G	225	5	230	0.00001
Roseovarius	74030	G	11822	1816	13638	0.00065
Sulfitobacter	60136	G	10895	2172	13067	0.00062
Salipiger	263377	G	8611	2771	11382	0.00054
Roseivivax	93682	G	6960	1025	7985	0.00038
Celeribacter	875170	G	5001	1922	6923	0.00033
Phaeobacter	302485	G	4243	829	5072	0.00024
Leisingera	191028	G	3945	549	4494	0.00021
Ruegeria	97050	G	3646	530	4176	0.00020
Yangia	2919626	G	3070	515	3585	0.00017
Pseudosulfitobacter	2854186	G	3054	850	3904	0.00019
Sagittula	58842	G	2922	1220	4142	0.00020
Ponticoccus	983507	G	2352	351	2703	0.00013
Mameliella	1434019	G	2188	408	2596	0.00012
Dinoroseobacter	309512	G	2094	767	2861	0.00014
Roseobacter	2433	G	1863	47	1910	0.00009
Ketogulonicigenium	92944	G	1679	359	2038	0.00010
Roseibacterium	159345	G	1639	136	1775	0.00008
Octadecabacter	53945	G	1623	110	1733	0.00008
Actibacterium	1433986	G	1615	784	2399	0.00011
Oceanicola	252301	G	1570	80	1650	0.00008
Tateyamaria	299261	G	1142	38	1180	0.00006
Maribius	387095	G	1087	55	1142	0.00005
Thalassococcus	436357	G	1034	26	1060	0.00005
Antarctobacter	74032	G	963	49	1012	0.00005
Jannaschia	188905	G	951	25	976	0.00005
Thalassobius	335927	G	595	31	626	0.00003
Falsihalocynthiibacter	2854182	G	240	7	247	0.00001
Caulobacter	75	G	85189	11415	96604	0.00458
Brevundimonas	41275	G	57097	7811	64908	0.00308
Phenylobacterium	20	G	46574	7768	54342	0.00258
Terricaulis	2768684	G	5663	185	5848	0.00028
Asticcacaulis	76890	G	4378	328	4706	0.00022
Marinicauda	1649466	G	4567	722	5289	0.00025
Maricaulis	74317	G	1428	84	1512	0.00007
Glycocaulis	1433402	G	1387	66	1453	0.00007
Hyphobacterium	2004661	G	1059	40	1099	0.00005
Hyphomonas	85	G	4584	201	4785	0.00023
Candidatus_Viadribacter	2892997	G	3060	75	3135	0.00015
Hirschia	2723	G	62	1	63	0.00000
Aquisalinus	1795639	G	1838	80	1918	0.00009
Parvularcula	208215	G	731	82	813	0.00004
Anaplasma	768	G	288	21	309	0.00001
Wolbachia	953	G	193	6	199	0.00001
Neorickettsia	33993	G	75	0	75	0.00000
Ehrlichia	943	G	74	12	86	0.00000
Candidatus_Neoehrlichia	467749	G	22	4	26	0.00000
Rickettsia	780	G	490	69	559	0.00003
Orientia	69474	G	26	0	26	0.00000
Candidatus_Sneabacter	2601645	G	12	0	12	0.00000
Candidatus_Phycorickettsia	2115980	G	65	2	67	0.00000
Candidatus_Midichloria	411566	G	34	2	36	0.00000
Candidatus_Fokinia	1802983	G	31	0	31	0.00000
Candidatus_Deianiraea	2603321	G	48	32	80	0.00000
Luteithermobacter	2813803	G	665	105	770	0.00004
Paremcibacter	2813804	G	621	17	638	0.00003
Micavibrio	213485	G	861	10	871	0.00004
Candidatus_Puniceispirillum	767891	G	149	4	153	0.00001
Candidatus_Hydrogenosomobacter	2654634	G	57	44	101	0.00000
Candidatus_Cytomitobacter	2601574	G	39	6	45	0.00000
Candidatus_Gromoviella	2900571	G	35	1	36	0.00000
Candidatus_Nesciobacter	2601651	G	20	3	23	0.00000
Candidatus_Nucleicultrix	1509243	G	132	6	138	0.00001
Candidatus_Paracaedibacter	1521255	G	101	4	105	0.00001
Magnetococcus	162171	G	291	7	298	0.00001
Candidatus_Pelagibacter	198251	G	122	3	125	0.00001
Candidatus_Fonsibacter	2045213	G	76	5	81	0.00000
Kordiimonas	288021	G	120	2	122	0.00001
Burkholderia	32008	G	220217	158038	378255	0.01795
Paraburkholderia	1822464	G	123246	14075	137321	0.00652
Cupriavidus	106589	G	116830	46187	163017	0.00774
Ralstonia	48736	G	32155	15996	48151	0.00228
Caballeronia	1827195	G	31871	4124	35995	0.00171
Pandoraea	93217	G	31135	5094	36229	0.00172
Polynucleobacter	44013	G	2740	73	2813	0.00013
Lautropia	47670	G	2734	521	3255	0.00015
Mycetohabitans	2571159	G	2127	148	2275	0.00011
Chitinimonas	240411	G	1880	159	2039	0.00010
Mycoavidus	1810868	G	492	23	515	0.00002
Limnobacter	131079	G	308	15	323	0.00002
Candidatus_Vallotia	2018044	G	248	30	278	0.00001
Ephemeroptericola	2680021	G	194	13	207	0.00001
Variovorax	34072	G	128754	45996	174750	0.00829
Hydrogenophaga	47420	G	54486	25695	80181	0.00380
Acidovorax	12916	G	47817	26589	74406	0.00353
Ramlibacter	174951	G	46245	20858	67103	0.00318
Comamonas	283	G	26308	12227	38535	0.00183
Rhodoferax	28065	G	24847	6314	31161	0.00148
Schlegelella	215579	G	21515	7485	29000	0.00138
Diaphorobacter	238749	G	14968	15953	30921	0.00147
Delftia	80865	G	12627	13401	26028	0.00124
Polaromonas	52972	G	11967	965	12932	0.00061
Kinneretia	683756	G	10414	6090	16504	0.00078
Ottowia	219181	G	8764	1661	10425	0.00049
Alicycliphilus	201096	G	7612	14353	21965	0.00104
Melaminivora	1649468	G	6451	6161	12612	0.00060
Serpentinimonas	2490452	G	4511	1106	5617	0.00027
Verminephrobacter	364316	G	3360	452	3812	0.00018
Hylemonella	232523	G	3342	529	3871	0.00018
Pulveribacter	2678886	G	3003	1717	4720	0.00022
Simplicispira	352450	G	2276	895	3171	0.00015
Limnohabitans	665874	G	1432	150	1582	0.00008
Candidatus_Symbiobacter	1436289	G	1027	38	1065	0.00005
Curvibacter	281915	G	951	75	1026	0.00005
Massilia	149698	G	98460	17748	116208	0.00551
Duganella	75654	G	8708	3157	11865	0.00056
Herbaspirillum	963	G	18366	3602	21968	0.00104
Janthinobacterium	29580	G	17693	5097	22790	0.00108
Collimonas	202907	G	8111	977	9088	0.00043
Noviherbaspirillum	1344552	G	5698	1027	6725	0.00032
Undibacterium	401469	G	1065	72	1137	0.00005
Glaciimonas	1229970	G	410	27	437	0.00002
Herminiimonas	303379	G	378	60	438	0.00002
Oxalobacter	846	G	263	25	288	0.00001
Bordetella	517	G	56506	32919	89425	0.00424
Achromobacter	222	G	55525	25576	81101	0.00385
Pigmentiphaga	152267	G	8793	1063	9856	0.00047
Castellaniella	359336	G	4298	3115	7413	0.00035
Orrella	1921582	G	4258	1399	5657	0.00027
Alcaligenes	507	G	2381	591	2972	0.00014
Pusillimonas_(ex_Stolz_et_al._2005)	305976	G	2009	397	2406	0.00011
Paralcaligenes	1148163	G	1231	52	1283	0.00006
Kerstersia	257820	G	1143	256	1399	0.00007
Advenella	290425	G	931	29	960	0.00005
Oligella	90243	G	155	42	197	0.00001
Paenalcaligenes	1100891	G	101	5	106	0.00001
Taylorella	29574	G	38	3	41	0.00000
Pelistega	106146	G	38	6	44	0.00000
Basilea	1472344	G	37	3	40	0.00000
Rhizobacter	212743	G	22755	5767	28522	0.00135
Sphaerotilus	34102	G	14382	8107	22489	0.00107
Methylibium	316612	G	12034	4004	16038	0.00076
Rubrivivax	28067	G	11514	4125	15639	0.00074
Aquincola	391952	G	10179	4026	14205	0.00067
Mitsuaria	65047	G	9292	2124	11416	0.00054
Thiomonas	32012	G	8926	3138	12064	0.00057
Leptothrix	88	G	7723	2848	10571	0.00050
Xylophilus	54066	G	5560	1852	7412	0.00035
Ideonella	36862	G	4655	3209	7864	0.00037
Tepidimonas	114248	G	4409	1784	6193	0.00029
Aquabacterium	92793	G	3699	1121	4820	0.00023
Roseateles	93681	G	3552	783	4335	0.00021
Inhella	644355	G	2354	427	2781	0.00013
Paucibacter	318147	G	1924	376	2300	0.00011
Candidatus_Ichthyocystis	2929841	G	84	1	85	0.00000
Sutterella	40544	G	2999	292	3291	0.00016
Turicimonas	1918598	G	185	15	200	0.00001
Thauera	33057	G	26483	17484	43967	0.00209
Azoarcus	12960	G	21324	7377	28701	0.00136
Nitrogeniibacter	2891294	G	6858	1171	8029	0.00038
Aromatoleum	551759	G	21650	6785	28435	0.00135
Azospira	146937	G	15052	7525	22577	0.00107
Niveibacterium	1769726	G	3551	544	4095	0.00019
Oryzomicrobium	1911577	G	2537	737	3274	0.00016
Rugosibacter	1914449	G	703	132	835	0.00004
Dechloromonas	73029	G	5730	1070	6800	0.00032
Ferribacterium	88875	G	4849	893	5742	0.00027
Quatrionicoccus	138117	G	2170	698	2868	0.00014
Fluviibacter	2808942	G	373	128	501	0.00002
Usitatibacter	2803845	G	40175	3387	43562	0.00207
Nitrosospira	35798	G	16643	506	17149	0.00081
Nitrosomonas	914	G	4371	280	4651	0.00022
Denitratisoma	311181	G	5891	3205	9096	0.00043
Sulfuritalea	1054211	G	4683	770	5453	0.00026
Methyloversatilis	378210	G	3793	562	4355	0.00021
Sterolibacterium	157591	G	2971	906	3877	0.00018
Thiobacillus	919	G	5753	1235	6988	0.00033
Sulfuritortus	1938335	G	4096	1948	6044	0.00029
Sideroxydans	314343	G	3963	603	4566	0.00022
Ferrigenium	2249462	G	2797	647	3444	0.00016
Ferriphaselus	1443590	G	908	136	1044	0.00005
Candidatus_Nitrotoga	453161	G	704	44	748	0.00004
Gallionella	96	G	595	60	655	0.00003
Sulfurimicrobium	2772198	G	3092	444	3536	0.00017
Sulfuriferula	1778653	G	2890	520	3410	0.00016
Sulfuricella	935200	G	1438	147	1585	0.00008
Methylovorus	81682	G	1345	111	1456	0.00007
Methylobacillus	404	G	1261	350	1611	0.00008
Methylophilus	16	G	938	69	1007	0.00005
Candidatus_Methylopumilus	1679002	G	270	25	295	0.00001
Methylotenera	359407	G	265	28	293	0.00001
Methyloradius	2872156	G	209	21	230	0.00001
Chromobacterium	535	G	17220	4139	21359	0.00101
Iodobacter	32014	G	245	71	316	0.00002
Jeongeupia	885864	G	5600	1133	6733	0.00032
Paludibacterium	400060	G	4587	854	5441	0.00026
Pseudogulbenkiania	568394	G	3465	1291	4756	0.00023
Vogesella	57739	G	3032	837	3869	0.00018
Microvirgula	57479	G	2477	517	2994	0.00014
Aquitalea	407217	G	2365	492	2857	0.00014
Laribacter	168470	G	1664	1562	3226	0.00015
Aquaspirillum	187	G	1107	179	1286	0.00006
Chitinibacter	230666	G	390	174	564	0.00003
Deefgea	400947	G	386	54	440	0.00002
Neisseria	482	G	6307	2336	8643	0.00041
Crenobacter	1654931	G	4183	1499	5682	0.00027
Chitinolyticbacter	1055692	G	2729	367	3096	0.00015
Vitreoscilla	59	G	1366	256	1622	0.00008
Kingella	32257	G	928	265	1193	0.00006
Uruburuella	299568	G	702	113	815	0.00004
Eikenella	538	G	688	179	867	0.00004
Paralysiella	2898489	G	253	58	311	0.00001
Alysiella	194195	G	171	31	202	0.00001
Conchiformibius	334107	G	98	107	205	0.00001
Aquella	2593687	G	58	2	60	0.00000
Snodgrassella	1193515	G	51	16	67	0.00000
Morococcus	212742	G	36	205	241	0.00001
Simonsiella	71	G	35	6	41	0.00000
Casimicrobium	2706000	G	2963	1495	4458	0.00021
Candidatus_Kinetoplastibacterium	33055	G	68	7	75	0.00000
Candidatus_Profftella	1381133	G	12	2	14	0.00000
Lysobacter	68	G	197729	32984	230713	0.01095
Stenotrophomonas	40323	G	69374	34870	104244	0.00495
Xanthomonas	338	G	58497	49523	108020	0.00513
Luteimonas	83614	G	45237	9404	54641	0.00259
Pseudoxanthomonas	83618	G	30397	13703	44100	0.00209
Thermomonas	141948	G	22188	6321	28509	0.00135
Arenimonas	490567	G	4828	998	5826	0.00028
Pseudolysobacter	2709666	G	4129	111	4240	0.00020
Xylella	2370	G	661	104	765	0.00004
Rhodanobacter	75309	G	45604	9469	55073	0.00261
Frateuria	70411	G	41158	11034	52192	0.00248
Dyella	231454	G	31745	5261	37006	0.00176
Luteibacter	242605	G	28750	3178	31928	0.00152
Dokdonella	323413	G	13829	2417	16246	0.00077
Aerosticca	2707020	G	7146	9583	16729	0.00079
Ahniella	2233801	G	2308	59	2367	0.00011
Pseudomonas	286	G	332285	87701	419986	0.01993
Azotobacter	352	G	7595	2790	10385	0.00049
Halopseudomonas	2901189	G	4326	860	5186	0.00025
Permianibacter	1649479	G	822	24	846	0.00004
Thiopseudomonas	1654787	G	81	17	98	0.00000
Entomomonas	2758906	G	61	3	64	0.00000
Marinobacter	2742	G	9191	745	9936	0.00047
Klebsiella	570	G	9841	90679	100520	0.00477
Raoultella	160674	G	2236	1421	3657	0.00017
Enterobacter	547	G	10074	15407	25481	0.00121
Citrobacter	544	G	4187	4337	8524	0.00040
Cronobacter	413496	G	2787	662	3449	0.00016
Kosakonia	1330547	G	2442	409	2851	0.00014
Leclercia	83654	G	2275	1256	3531	0.00017
Pluralibacter	1330546	G	1882	494	2376	0.00011
Salmonella	590	G	1880	53477	55357	0.00263
Escherichia	561	G	1446	18072	19518	0.00093
Cedecea	158483	G	1350	198	1548	0.00007
Lelliottia	1330545	G	988	211	1199	0.00006
Kluyvera	579	G	682	207	889	0.00004
Candidatus_Symbiopectobacterium	801	G	247	30	277	0.00001
Candidatus_Hamiltonella	568987	G	54	64	118	0.00001
Candidatus_Blochmannia	203804	G	90	2	92	0.00000
Candidatus_Mikella	1906660	G	24	4	28	0.00000
Candidatus_Doolittlea	1906657	G	20	1	21	0.00000
Candidatus_Hoaglandella	1906659	G	20	1	21	0.00000
Candidatus_Gullanella	1906661	G	19	1	20	0.00000
Jejubacter	2815296	G	420	46	466	0.00002
Pseudescherichia	2055880	G	354	22	376	0.00002
Shimwellia	1335483	G	309	61	370	0.00002
Plesiomonas	702	G	307	97	404	0.00002
Atlantibacter	1903434	G	301	64	365	0.00002
Buttiauxella	82976	G	283	37	320	0.00002
Yokenella	158876	G	263	111	374	0.00002
Scandinavium	2726810	G	243	45	288	0.00001
Pseudocitrobacter	1504576	G	223	56	279	0.00001
Phytobacter	447792	G	188	481	669	0.00003
Shigella	620	G	66	2569	2635	0.00013
Candidatus_Moranella	1048757	G	45	0	45	0.00000
Candidatus_Profftia	1177214	G	29	1	30	0.00000
Candidatus_Ishikawaella	409304	G	16	1	17	0.00000
Serratia	613	G	14339	4792	19131	0.00091
Rahnella	34037	G	1347	334	1681	0.00008
Yersinia	629	G	1231	942	2173	0.00010
Nissabacter	1964366	G	971	145	1116	0.00005
Gibbsiella	929812	G	507	68	575	0.00003
Ewingella	41201	G	303	42	345	0.00002
Rouxiella	1565532	G	259	23	282	0.00001
Chania	1745211	G	158	17	175	0.00001
Candidatus_Fukatsuia	1927833	G	37	2	39	0.00000
Pantoea	53335	G	8506	1598	10104	0.00048
Erwinia	551	G	3304	646	3950	0.00019
Mixta	2100764	G	2210	659	2869	0.00014
Buchnera	32199	G	283	35	318	0.00002
Tatumella	82986	G	192	31	223	0.00001
Wigglesworthia	51228	G	20	1	21	0.00000
Dickeya	204037	G	3999	685	4684	0.00022
Pectobacterium	122277	G	2302	454	2756	0.00013
Brenneria	71655	G	1659	321	1980	0.00009
Lonsdalea	1082702	G	801	133	934	0.00004
Musicola	2884243	G	420	26	446	0.00002
Edwardsiella	635	G	2465	1039	3504	0.00017
Hafnia	568	G	298	106	404	0.00002
Obesumbacterium	82982	G	55	37	92	0.00000
Morganella	581	G	654	531	1185	0.00006
Providencia	586	G	466	241	707	0.00003
Xenorhabdus	626	G	419	55	474	0.00002
Proteus	583	G	337	372	709	0.00003
Photorhabdus	29487	G	237	19	256	0.00001
Arsenophonus	637	G	90	8	98	0.00000
Moellerella	158848	G	31	23	54	0.00000
Sodalis	84565	G	1647	109	1756	0.00008
Leminorella	82980	G	230	30	260	0.00001
Pragia	82984	G	57	8	65	0.00000
Limnobaculum	2172100	G	51	10	61	0.00000
Jinshanibacter	2810357	G	27	4	31	0.00000
Thioalkalivibrio	106633	G	14607	2837	17444	0.00083
Spiribacter	1335745	G	9441	747	10188	0.00048
Acidihalobacter	1765964	G	6037	528	6565	0.00031
Halorhodospira	85108	G	3198	296	3494	0.00017
Aquisalimonas	406099	G	2810	225	3035	0.00014
Alkalilimnicola	133193	G	2656	382	3038	0.00014
Ectothiorhodospira	1051	G	2390	253	2643	0.00013
Ectothiorhodosinus	233099	G	376	28	404	0.00002
Allochromatium	85072	G	4967	1196	6163	0.00029
Thiodictyon	53392	G	4526	256	4782	0.00023
Thioflavicoccus	156885	G	4394	419	4813	0.00023
Marichromatium	85076	G	4141	845	4986	0.00024
Thiocapsa	1056	G	3308	187	3495	0.00017
Thiocystis	13724	G	2518	225	2743	0.00013
Thermochromatium	85073	G	1595	406	2001	0.00009
Nitrosococcus	1227	G	1147	33	1180	0.00006
Caldichromatium	2828366	G	1141	133	1274	0.00006
Rheinheimera	67575	G	317	61	378	0.00002
Candidatus_Nitrosacidococcus	2796146	G	66	3	69	0.00000
Candidatus_Nitrosoglobus	1980513	G	45	3	48	0.00000
Wenzhouxiangella	1676142	G	4720	246	4966	0.00024
Thiohalobacter	1273155	G	3928	476	4404	0.00021
Guyparkeria	2035712	G	2908	716	3624	0.00017
Sulfurivermis	2034504	G	2805	1124	3929	0.00019
Halothiobacillus	109262	G	1569	135	1704	0.00008
Woeseia	1738655	G	1500	26	1526	0.00007
Sulfuriflexus	1860077	G	602	18	620	0.00003
Granulosicoccus	437504	G	460	7	467	0.00002
Halomonas	2745	G	44851	6588	51439	0.00244
Cobetia	204286	G	2627	1924	4551	0.00022
Halotalea	376488	G	2294	456	2750	0.00013
Salinicola	404432	G	2234	259	2493	0.00012
Kushneria	504090	G	1772	84	1856	0.00009
Chromohalobacter	42054	G	1727	190	1917	0.00009
Pistricoccus	1897649	G	1174	80	1254	0.00006
Zymobacter	33073	G	343	46	389	0.00002
Candidatus_Portiera	235572	G	56	16	72	0.00000
Alcanivorax	59753	G	5678	2575	8253	0.00039
Ketobacter	2025617	G	271	23	294	0.00001
Marinobacterium	48075	G	1765	210	1975	0.00009
Marinomonas	28253	G	553	56	609	0.00003
Thalassolituus	187492	G	338	37	375	0.00002
Venatorbacter	2893036	G	300	71	371	0.00002
Bacterioplanes	1537406	G	225	13	238	0.00001
Neptunomonas	75687	G	178	14	192	0.00001
Nitrincola	267849	G	133	22	155	0.00001
Amphritea	515417	G	103	8	111	0.00001
Bermanella	599651	G	50	2	52	0.00000
Hahella	158481	G	1274	50	1324	0.00006
Saccharospirillum	231683	G	673	39	712	0.00003
Reinekea	230494	G	292	14	306	0.00001
Gynuella	1445504	G	203	6	209	0.00001
Litoricola	418700	G	388	19	407	0.00002
Spartinivicinus	2768738	G	166	5	171	0.00001
Endozoicomonas	305899	G	125	7	132	0.00001
Oleiphilus	141450	G	96	8	104	0.00000
Solimonas	413435	G	14423	1551	15974	0.00076
Flagellatimonas	2893022	G	3639	270	3909	0.00019
Sinimarinibacterium	1861863	G	1783	993	2776	0.00013
Steroidobacter	469322	G	12000	3360	15360	0.00073
Methylococcus	413	G	10081	701	10782	0.00051
Methylomonas	416	G	5260	166	5426	0.00026
Methylomagnum	1760987	G	2807	122	2929	0.00014
Methylomicrobium	39773	G	2690	449	3139	0.00015
Methylocaldum	73778	G	2542	148	2690	0.00013
Methylogaea	1295378	G	2535	194	2729	0.00013
Candidatus_Methylospira	1808977	G	835	35	870	0.00004
Methylotuvimicrobium	2822410	G	607	307	914	0.00004
Methylovulum	762296	G	310	7	317	0.00002
Methylobacter	429	G	127	7	134	0.00001
Aeromonas	642	G	22907	15780	38687	0.00184
Zobellella	347533	G	1848	435	2283	0.00011
Oceanimonas	129577	G	719	155	874	0.00004
Oceanisphaera	225143	G	187	23	210	0.00001
Dongshaea	2802288	G	161	15	176	0.00001
Tolumonas	43947	G	145	62	207	0.00001
Succinivibrio	83770	G	46	2	48	0.00000
Sulfurifustis	1692042	G	12404	823	13227	0.00063
Sulfuricaulis	1744881	G	4922	398	5320	0.00025
Acidiferrobacter	986106	G	3086	61	3147	0.00015
Microbulbifer	48073	G	7609	435	8044	0.00038
Kineobactrum	2678529	G	1516	58	1574	0.00007
Halioglobus	1217416	G	993	33	1026	0.00005
Congregibacter	393661	G	582	231	813	0.00004
Aequoribacter	2847769	G	151	19	170	0.00001
Cellvibrio	10	G	1399	54	1453	0.00007
Simiduia	447467	G	568	28	596	0.00003
Teredinibacter	2425	G	505	21	526	0.00002
Saccharophagus	316625	G	106	3	109	0.00001
Marinagarivorans	1792291	G	104	8	112	0.00001
Agarilytica	2036021	G	66	1	67	0.00000
Spongiibacter	630749	G	936	84	1020	0.00005
Zhongshania	1434050	G	222	16	238	0.00001
Oceanicoccus	1084558	G	125	2	127	0.00001
Shewanella	22	G	6544	1117	7661	0.00036
Parashewanella	2547964	G	54	4	58	0.00000
Alteromonas	226	G	834	202	1036	0.00005
Salinimonas	288793	G	372	56	428	0.00002
Hydrocarboniclastica	2650549	G	667	90	757	0.00004
Saliniradius	2661818	G	223	19	242	0.00001
Agarivorans	261825	G	207	17	224	0.00001
Lacimicrobium	1751872	G	178	11	189	0.00001
Paraglaciecola	1621534	G	177	12	189	0.00001
Paraneptunicella	2905123	G	92	4	96	0.00000
Glaciecola	89404	G	90	5	95	0.00000
Saccharobesus	2894574	G	57	3	60	0.00000
Catenovulum	1172191	G	40	2	42	0.00000
Pseudoalteromonas	53246	G	1752	243	1995	0.00009
Psychrosphaera	907197	G	64	6	70	0.00000
Flocculibacter	2834759	G	31	2	33	0.00000
Ferrimonas	44011	G	851	102	953	0.00005
Thalassotalea	1518149	G	170	18	188	0.00001
Colwellia	28228	G	162	15	177	0.00001
Litorilituus	1407056	G	23	1	24	0.00000
Cognaticolwellia	2848171	G	21	3	24	0.00000
Idiomarina	135575	G	371	41	412	0.00002
Moritella	58050	G	115	20	135	0.00001
Psychromonas	67572	G	99	9	108	0.00001
Vibrio	662	G	6009	9211	15220	0.00072
Photobacterium	657	G	2505	662	3167	0.00015
Salinivibrio	51366	G	237	27	264	0.00001
Grimontia	246861	G	170	20	190	0.00001
Thaumasiovibrio	2014233	G	68	7	75	0.00000
Aliivibrio	511678	G	62	17	79	0.00000
Paraphotobacterium	2042066	G	21	3	24	0.00000
Enterovibrio	188143	G	20	0	20	0.00000
Acinetobacter	469	G	3856	4639	8495	0.00040
Psychrobacter	497	G	601	37	638	0.00003
Moraxella	475	G	418	44	462	0.00002
Aquirhabdus	2824158	G	166	7	173	0.00001
Immundisolibacter	1934947	G	4813	896	5709	0.00027
Candidatus_Endoriftia	393764	G	1330	61	1391	0.00007
Candidatus_Vesicomyosocius	2732587	G	58	57	115	0.00001
Candidatus_Ruthia	1541743	G	21	5	26	0.00000
Sedimenticola	349742	G	847	33	880	0.00004
Candidatus_Reidiella	2738850	G	670	13	683	0.00003
Thiolapillus	1608298	G	557	13	570	0.00003
Pseudohongiella	1524249	G	277	7	284	0.00001
Gallaecimonas	745410	G	203	15	218	0.00001
Celerinatantimonas	412033	G	76	5	81	0.00000
Ignatzschineria	112008	G	39	3	42	0.00000
Candidatus_Thioglobus	655184	G	27	2	29	0.00000
Candidatus_Steffania	1076625	G	21	0	21	0.00000
Candidatus_Pseudothioglobus	2841677	G	17	4	21	0.00000
Pasteurella	745	G	1975	4258	6233	0.00030
Aggregatibacter	416916	G	303	46	349	0.00002
Haemophilus	724	G	279	79	358	0.00002
Mannheimia	75984	G	241	83	324	0.00002
Actinobacillus	713	G	221	109	330	0.00002
Avibacterium	292486	G	76	11	87	0.00000
Glaesserella	2094023	G	73	26	99	0.00000
Rodentibacter	1960084	G	54	5	59	0.00000
Basfia	697331	G	49	4	53	0.00000
Histophilus	214906	G	36	10	46	0.00000
Gallibacterium	155493	G	32	9	41	0.00000
Bibersteinia	476528	G	21	47	68	0.00000
Frederiksenia	1649317	G	21	4	25	0.00000
Bisgaardia	109471	G	12	1	13	0.00000
Legionella	445	G	2158	192	2350	0.00011
Tatlockia	465	G	72	3	75	0.00000
Fluoribacter	461	G	42	6	48	0.00000
Aquicella	254245	G	614	18	632	0.00003
Coxiella	776	G	371	117	488	0.00002
Rickettsiella	59195	G	89	3	92	0.00000
Thiomicrorhabdus	2039723	G	379	18	397	0.00002
Methylophaga	40222	G	322	88	410	0.00002
Thiomicrospira	933	G	244	89	333	0.00002
Hydrogenovibrio	28884	G	214	116	330	0.00002
Cycloclasticus	34067	G	73	4	77	0.00000
Piscirickettsia	1237	G	72	5	77	0.00000
Thiosulfatimonas	2781121	G	65	4	69	0.00000
Thiosulfativibrio	2781120	G	43	2	45	0.00000
Thiothrix	1030	G	1444	36	1480	0.00007
Beggiatoa	1021	G	98	3	101	0.00000
Francisella	262	G	207	26	233	0.00001
Allofrancisella	1869285	G	43	4	47	0.00000
Salinisphaera	180541	G	3042	2834	5876	0.00028
Cardiobacterium	2717	G	1478	207	1685	0.00008
Suttonella	13275	G	89	4	93	0.00000
Dichelobacter	869	G	62	19	81	0.00000
Kangiella	261963	G	275	16	291	0.00001
Gilliamella	1193503	G	67	20	87	0.00000
Zophobihabitans	2894762	G	22	2	24	0.00000
Frischella	1335631	G	12	3	15	0.00000
Archangium	47	G	94515	7407	101922	0.00484
Cystobacter	42	G	31446	5330	36776	0.00175
Stigmatella	40	G	11902	653	12555	0.00060
Melittangium	44	G	9992	1563	11555	0.00055
Myxococcus	32	G	38514	81401	119915	0.00569
Corallococcus	83461	G	34172	2178	36350	0.00172
Pyxidicoccus	224458	G	26616	934	27550	0.00131
Anaeromyxobacter	161492	G	90911	6111	97022	0.00460
Vulgatibacter	1524214	G	9008	638	9646	0.00046
Sorangium	39643	G	127616	14995	142611	0.00677
Polyangium	55	G	30712	2928	33640	0.00160
Chondromyces	50	G	14531	678	15209	0.00072
Pajaroellobacter	1882917	G	228	7	235	0.00001
Sandaracinus	1055688	G	51691	2714	54405	0.00258
Labilithrix	1524217	G	24101	1092	25193	0.00120
Haliangium	162027	G	23103	1127	24230	0.00115
Geomonas	2651583	G	16589	2630	19219	0.00091
Geobacter	28231	G	14629	1570	16199	0.00077
Citrifermentans	2883512	G	4948	1180	6128	0.00029
Geotalea	2910589	G	2125	139	2264	0.00011
Geoalkalibacter	392332	G	1187	941	2128	0.00010
Trichlorobacter	115782	G	730	97	827	0.00004
Desulfuromonas	890	G	11404	1366	12770	0.00061
Pelobacter	18	G	1706	589	2295	0.00011
Syntrophotalea	2812025	G	2251	256	2507	0.00012
Pseudodesulfovibrio	2035811	G	9995	1751	11746	0.00056
Desulfovibrio	872	G	9599	1261	10860	0.00052
Solidesulfovibrio	2910984	G	6279	639	6918	0.00033
Oceanidesulfovibrio	2905722	G	2712	167	2879	0.00014
Desulfocurvibacter	2582840	G	1920	140	2060	0.00010
Desulfolutivibrio	2773294	G	1805	492	2297	0.00011
Megalodesulfovibrio	2910978	G	1454	71	1525	0.00007
Oleidesulfovibrio	2909705	G	448	567	1015	0.00005
Maridesulfovibrio	2794998	G	258	23	281	0.00001
Paradesulfovibrio	2910986	G	205	19	224	0.00001
Lawsonia	41707	G	46	0	46	0.00000
Desulfomicrobium	898	G	2080	251	2331	0.00011
Desulfohalobium	45662	G	502	24	526	0.00002
Desulfosarcina	2299	G	4577	633	5210	0.00025
Desulfococcus	896	G	1111	189	1300	0.00006
Desulfatibacillum	218207	G	820	25	845	0.00004
Desulfoluna	497721	G	761	36	797	0.00004
Desulfonema	45654	G	460	9	469	0.00002
Desulfobacter	2289	G	387	35	422	0.00002
Desulforapulum	2904687	G	267	27	294	0.00001
Desulfobacula	28222	G	113	8	121	0.00001
Desulfobulbus	893	G	2583	462	3045	0.00014
Desulfurivibrio	427922	G	1042	49	1091	0.00005
Desulfomarina	2894767	G	101	9	110	0.00001
Desulfosudis	2904716	G	997	65	1062	0.00005
Desulfosediminicola	2886823	G	329	33	362	0.00002
Desulfotalea	109168	G	120	20	140	0.00001
Desulfocapsa	53318	G	96	5	101	0.00000
Persicimonas	2766927	G	7074	224	7298	0.00035
Bradymonas	1779136	G	2239	1053	3292	0.00016
Syntrophobacter	29526	G	1786	657	2443	0.00012
Desulfoglaeba	361106	G	1542	72	1614	0.00008
Desulfarculus	453229	G	3012	1564	4576	0.00022
Syntrophus	43773	G	624	36	660	0.00003
Desulfobacca	60892	G	621	15	636	0.00003
Desulfomonile	2357	G	567	5	572	0.00003
Dissulfurimicrobium	1769732	G	348	20	368	0.00002
Candidatus_Desulfofervidus	1902583	G	163	3	166	0.00001
Hippea	84404	G	61	2	63	0.00000
Campylobacter	194	G	1427	147	1574	0.00007
Sulfurimonas	202746	G	925	75	1000	0.00005
Sulfuricurvum	286130	G	58	4	62	0.00000
Helicobacter	209	G	700	72	772	0.00004
Wolinella	843	G	69	19	88	0.00000
Nitratifractor	269260	G	401	34	435	0.00002
Sulfurovum	265570	G	253	30	283	0.00001
Hydrogenimonas	223785	G	421	47	468	0.00002
Aliarcobacter	2321111	G	84	29	113	0.00001
Arcobacter	28196	G	58	36	94	0.00000
Malaciobacter	2321114	G	37	7	44	0.00000
Halarcobacter	2321115	G	28	3	31	0.00000
Pseudoarcobacter	2321113	G	19	5	24	0.00000
Sulfurospirillum	57665	G	264	13	277	0.00001
Nitratiruptor	269258	G	121	17	138	0.00001
Nitrosophilus	2795692	G	95	25	120	0.00001
Caminibacter	191301	G	86	30	116	0.00001
Nautilia	191291	G	65	15	80	0.00000
Acidithiobacillus	119977	G	3051	299	3350	0.00016
Bdellovibrio	958	G	969	80	1049	0.00005
Pseudobdellovibrio	2862745	G	87	7	94	0.00000
Bacteriovorax	146784	G	66	23	89	0.00000
Halobacteriovorax	1652133	G	39	20	59	0.00000
Silvanigrella	2024975	G	36	12	48	0.00000
Fluviispira	2698753	G	23	7	30	0.00000
Hydrogenophilus	70774	G	1026	192	1218	0.00006
Mariprofundus	377315	G	687	19	706	0.00003
Streptomyces	1883	G	2697710	591144	3288854	0.15606
Kitasatospora	2063	G	27731	9203	36934	0.00175
Streptacidiphilus	228398	G	19980	5452	25432	0.00121
Yinghuangia	2805681	G	8832	1388	10220	0.00048
Microbacterium	33882	G	133959	24384	158343	0.00751
Agromyces	33877	G	43686	10966	54652	0.00259
Curtobacterium	2034	G	26728	5791	32519	0.00154
Rathayibacter	33886	G	24643	5824	30467	0.00145
Leucobacter	55968	G	19387	3664	23051	0.00109
Leifsonia	110932	G	19069	5353	24422	0.00116
Clavibacter	1573	G	18577	14476	33053	0.00157
Agrococcus	46352	G	18136	5134	23270	0.00110
Protaetiibacter	2680004	G	8152	2516	10668	0.00051
Salinibacterium	235888	G	7619	1268	8887	0.00042
Cryobacterium	69578	G	6915	1016	7931	0.00038
Frondihabitans	447237	G	5346	876	6222	0.00030
Microterricola	518733	G	5059	1302	6361	0.00030
Microcella	337004	G	4453	1628	6081	0.00029
Plantibacter	190323	G	4410	568	4978	0.00024
Cnuibacter	1759331	G	3367	765	4132	0.00020
Mycetocola	76634	G	3225	417	3642	0.00017
Herbiconiux	881616	G	3205	672	3877	0.00018
Gryllotalpicola	1195526	G	3201	644	3845	0.00018
Frigoribacterium	96492	G	3175	977	4152	0.00020
Subtercola	120212	G	2962	252	3214	0.00015
Humibacter	427753	G	2708	633	3341	0.00016
Chryseoglobus	1331730	G	2477	534	3011	0.00014
Amnibacterium	1029631	G	2392	602	2994	0.00014
Marisediminicola	1230698	G	2074	268	2342	0.00011
Gulosibacter	256818	G	2036	605	2641	0.00013
Diaminobutyricimonas	1433997	G	1948	381	2329	0.00011
Agreia	110934	G	1577	198	1775	0.00008
Glaciihabitans	1649454	G	1533	127	1660	0.00008
Aquiluna	529881	G	317	18	335	0.00002
Rhodoluna	529883	G	288	16	304	0.00001
Pseudoclavibacter	255204	G	377	74	451	0.00002
Aurantimicrobium	1705353	G	286	15	301	0.00001
Pontimonas	1434032	G	181	8	189	0.00001
Arthrobacter	1663	G	66539	15179	81718	0.00388
Kocuria	57493	G	20452	6755	27207	0.00129
Pseudarthrobacter	1742993	G	12661	4455	17116	0.00081
Micrococcus	1269	G	8952	5939	14891	0.00071
Sinomonas	596707	G	7379	1984	9363	0.00044
Glutamicibacter	1742989	G	5475	1847	7322	0.00035
Rothia	32207	G	4064	1768	5832	0.00028
Paenarthrobacter	1742992	G	3521	1985	5506	0.00026
Citricoccus	169133	G	3172	908	4080	0.00019
Nesterenkonia	57494	G	1301	87	1388	0.00007
Paeniglutamicibacter	1742990	G	633	103	736	0.00003
Psychromicrobium	2078575	G	453	64	517	0.00002
Neomicrococcus	1868332	G	388	170	558	0.00003
Auritidibacter	1160973	G	344	37	381	0.00002
Renibacterium	1645	G	305	18	323	0.00002
Cellulomonas	1707	G	67598	25807	93405	0.00443
Actinotalea	458839	G	4751	1908	6659	0.00032
Oerskovia	162491	G	3328	1188	4516	0.00021
Pseudactinotalea	1926259	G	3163	504	3667	0.00017
Paraoerskovia	665568	G	2331	670	3001	0.00014
Janibacter	53457	G	13042	4178	17220	0.00082
Phycicoccus	367298	G	11083	3343	14426	0.00068
Intrasporangium	53357	G	6318	1803	8121	0.00039
Pedococcus	2805645	G	5633	1725	7358	0.00035
Tetrasphaera	99479	G	4594	1244	5838	0.00028
Arsenicicoccus	267408	G	4439	1826	6265	0.00030
Cellulosimicrobium	157920	G	18793	8522	27315	0.00130
Xylanimonas	186188	G	11053	3915	14968	0.00071
Isoptericola	254250	G	8385	4213	12598	0.00060
Ornithinimicrobium	125287	G	19699	4413	24112	0.00114
Serinicoccus	265976	G	14050	4111	18161	0.00086
Brachybacterium	43668	G	22290	3910	26200	0.00124
Dermabacter	36739	G	1721	1019	2740	0.00013
Devriesea	472568	G	439	25	464	0.00002
Brevibacterium	1696	G	22981	4829	27810	0.00132
Georgenia	154116	G	18490	5896	24386	0.00116
Ruania	626119	G	14794	1913	16707	0.00079
Dermacoccus	57495	G	5032	1927	6959	0.00033
Luteipulveratus	745364	G	3706	551	4257	0.00020
Allobranchiibius	2040262	G	3169	742	3911	0.00019
Yimella	908935	G	1918	408	2326	0.00011
Pengzhenrongella	2888818	G	5485	1691	7176	0.00034
Luteimicrobium	754249	G	4423	1519	5942	0.00028
Beutenbergia	84756	G	5756	1057	6813	0.00032
Miniimonas	947525	G	3913	2295	6208	0.00029
Sanguibacter	60919	G	6192	2063	8255	0.00039
Gephyromycinifex	2885697	G	1554	195	1749	0.00008
Austwickia	1184606	G	1355	113	1468	0.00007
Dermatophilus	1862	G	369	36	405	0.00002
Kytococcus	57499	G	2927	1786	4713	0.00022
Demequina	577469	G	1207	101	1308	0.00006
Jonesia	43673	G	212	40	252	0.00001
Tropheryma	2038	G	54	0	54	0.00000
Micromonospora	1873	G	374398	99553	473951	0.02249
Actinoplanes	1865	G	165541	27613	193154	0.00917
Phytohabitans	907364	G	48231	6478	54709	0.00260
Plantactinospora	673534	G	31540	5640	37180	0.00176
Dactylosporangium	35753	G	28536	3260	31796	0.00151
Actinocatenispora	390988	G	22488	2845	25333	0.00120
Catellatospora	53365	G	21391	4830	26221	0.00124
Couchioplanes	56433	G	20163	5204	25367	0.00120
Polymorphospora	338583	G	15117	3392	18509	0.00088
Natronosporangium	2920401	G	7981	559	8540	0.00041
Verrucosispora	84593	G	5451	4198	9649	0.00046
Salinispora	168694	G	4669	791	5460	0.00026
Mycolicibacterium	1866885	G	166138	33359	199497	0.00947
Mycobacterium	1763	G	158787	43350	202137	0.00959
Mycolicibacter	1073531	G	12020	5107	17127	0.00081
Mycobacteroides	670516	G	9551	3263	12814	0.00061
Mycolicibacillus	2126281	G	2635	740	3375	0.00016
Hoyosella	697025	G	1138	62	1200	0.00006
Rhodococcus	1827	G	105255	29643	134898	0.00640
Nocardia	1817	G	105059	19768	124827	0.00592
Corynebacterium	1716	G	64962	15593	80555	0.00382
Gordonia	2053	G	49330	11570	60900	0.00289
Skermania	59613	G	2770	339	3109	0.00015
Tsukamurella	2060	G	15818	4255	20073	0.00095
Dietzia	37914	G	10224	2896	13120	0.00062
Tomitella	741759	G	5942	1278	7220	0.00034
Segniliparus	286801	G	1478	84	1562	0.00007
Lawsonella	1847725	G	230	26	256	0.00001
Amycolatopsis	1813	G	189189	36300	225489	0.01070
Pseudonocardia	1847	G	187873	34573	222446	0.01056
Saccharopolyspora	1835	G	43054	9382	52436	0.00249
Saccharothrix	2071	G	34077	10245	44322	0.00210
Saccharomonospora	1851	G	23008	4480	27488	0.00130
Kutzneria	43356	G	22320	4921	27241	0.00129
Allokutzneria	1137960	G	15793	4023	19816	0.00094
Actinoalloteichus	65496	G	12593	1204	13797	0.00065
Actinosynnema	40566	G	12343	3801	16144	0.00077
Lentzea	165301	G	10825	2439	13264	0.00063
Kibdelosporangium	2029	G	9092	1171	10263	0.00049
Alloactinosynnema	674734	G	7152	1690	8842	0.00042
Prauserella	142577	G	4399	430	4829	0.00023
Allosaccharopolyspora	2893576	G	4168	970	5138	0.00024
Nocardioides	1839	G	275495	64445	339940	0.01613
Aeromicrobium	2040	G	29625	6270	35895	0.00170
Friedmanniella	53387	G	8887	2066	10953	0.00052
Pimelobacter	2044	G	6562	2869	9431	0.00045
Marmoricola	86795	G	6004	2586	8590	0.00041
Mumia	1546255	G	4835	929	5764	0.00027
Micropruina	116071	G	3296	546	3842	0.00018
Microlunatus	29404	G	27056	3419	30475	0.00145
Tessaracoccus	72763	G	19846	6840	26686	0.00127
Brevilactibacter	2717325	G	8438	3625	12063	0.00057
Acidipropionibacterium	1912215	G	7287	3009	10296	0.00049
Propionibacterium	1743	G	6826	2519	9345	0.00044
Auraticoccus	1278221	G	5627	1145	6772	0.00032
Cutibacterium	1912216	G	3655	977	4632	0.00022
Arachnia	2801844	G	3407	271	3678	0.00017
Raineyella	1911549	G	3269	480	3749	0.00018
Vaginimicrobium	2919589	G	102	39	141	0.00001
Kribbella	182639	G	35311	5905	41216	0.00196
Actinopolymorpha	117156	G	9005	1107	10112	0.00048
Nonomuraea	83681	G	183123	31926	215049	0.01020
Streptosporangium	2000	G	38208	7464	45672	0.00217
Thermobispora	147067	G	8762	2098	10860	0.00052
Actinomadura	1988	G	120528	23512	144040	0.00683
Thermomonospora	2019	G	21149	6613	27762	0.00132
Nocardiopsis	2013	G	27076	5358	32434	0.00154
Thermobifida	83677	G	11306	2372	13678	0.00065
Streptomonospora	104204	G	5986	1234	7220	0.00034
Spiractinospora	2913367	G	3714	256	3970	0.00019
Blastococcus	38501	G	31276	9574	40850	0.00194
Modestobacter	88138	G	25973	8411	34384	0.00163
Geodermatophilus	1860	G	22870	7974	30844	0.00146
Frankia	1854	G	47209	4659	51868	0.00246
Actinomyces	1654	G	30931	4182	35113	0.00167
Schaalia	2529408	G	3954	752	4706	0.00022
Flaviflexus	1522056	G	2304	528	2832	0.00013
Trueperella	1069494	G	2203	663	2866	0.00014
Nanchangia	2888879	G	1041	117	1158	0.00005
Pauljensenia	2740557	G	1015	373	1388	0.00007
Actinobaculum	76833	G	429	25	454	0.00002
Actinotignum	1653174	G	347	24	371	0.00002
Arcanobacterium	28263	G	323	77	400	0.00002
Changpingibacter	2912996	G	313	92	405	0.00002
Mobiluncus	2050	G	203	60	263	0.00001
Varibaculum	184869	G	112	34	146	0.00001
Fannyhessea	2767327	G	86	26	112	0.00001
Boudabousia	2767318	G	81	6	87	0.00000
Jiangella	281472	G	28166	5014	33180	0.00157
Bifidobacterium	1678	G	16780	4299	21079	0.00100
Parascardovia	196082	G	320	58	378	0.00002
Gardnerella	2701	G	81	21	102	0.00000
Scardovia	196081	G	36	13	49	0.00000
Nakamurella	53460	G	16607	2252	18859	0.00089
Catenulispora	414878	G	9476	1416	10892	0.00052
Jatrophihabitans	1434010	G	8182	731	8913	0.00042
Stackebrandtia	283810	G	5989	557	6546	0.00031
Natronoglycomyces	2838311	G	1015	36	1051	0.00005
Kineococcus	33981	G	5595	1585	7180	0.00034
Epidermidibacterium	2078948	G	3538	1759	5297	0.00025
Actinopolyspora	1849	G	3493	365	3858	0.00018
Acidothermus	28048	G	2387	121	2508	0.00012
Candidatus_Planktophila	622681	G	392	73	465	0.00002
Candidatus_Nanopelagicus	2039639	G	94	33	127	0.00001
Rubrobacter	42255	G	90207	3790	93997	0.00446
Baekduia	2600304	G	25191	4253	29444	0.00140
Conexibacter	191494	G	80862	11635	92497	0.00439
Miltoncostaea	2843200	G	25236	3242	28478	0.00135
Aquihabitans	1648491	G	40159	6886	47045	0.00223
Iamia	467975	G	22646	3722	26368	0.00125
Actinomarinicola	2789775	G	21207	4294	25501	0.00121
Ilumatobacter	682522	G	7029	434	7463	0.00035
Acidimicrobium	53634	G	2680	208	2888	0.00014
Eggerthella	84111	G	3827	1334	5161	0.00024
Gordonibacter	644652	G	1905	915	2820	0.00013
Adlercreutzia	447020	G	1673	422	2095	0.00010
Arabiibacter	2005386	G	1650	355	2005	0.00010
Berryella	2815775	G	906	1019	1925	0.00009
Raoultibacter	1926677	G	882	70	952	0.00005
Slackia	84108	G	604	18	622	0.00003
Denitrobacterium	79603	G	374	155	529	0.00003
Cryptobacterium	84162	G	89	9	98	0.00000
Phoenicibacter	1981050	G	88	38	126	0.00001
Olsenella	133925	G	2917	539	3456	0.00016
Parolsenella	2082587	G	1749	577	2326	0.00011
Thermophilibacter	2847307	G	1013	392	1405	0.00007
Parafannyhessea	2847312	G	903	533	1436	0.00007
Atopobium	1380	G	274	29	303	0.00001
Lancefieldella	2767353	G	47	4	51	0.00000
Collinsella	102106	G	2281	633	2914	0.00014
Coriobacterium	33870	G	596	19	615	0.00003
Egicoccus	1755825	G	7524	1195	8719	0.00041
Euzebya	908623	G	7387	643	8030	0.00038
Egibacter	1747770	G	6973	430	7403	0.00035
Priestia	2800373	G	40397	33863	74260	0.00352
Bacillus	1386	G	21448	84324	105772	0.00502
Metabacillus	2675233	G	3808	1407	5215	0.00025
Geobacillus	129337	G	3492	1025	4517	0.00021
Cytobacillus	2675230	G	2847	1193	4040	0.00019
Hydrogenibacillus	1609627	G	2475	329	2804	0.00013
Peribacillus	2675229	G	2188	997	3185	0.00015
Neobacillus	2675232	G	2153	885	3038	0.00014
Alkalihalobacillus	2675234	G	2022	440	2462	0.00012
Anoxybacillus	150247	G	1849	455	2304	0.00011
Mesobacillus	2675231	G	1327	370	1697	0.00008
Terribacillus	459532	G	1188	184	1372	0.00007
Lysinibacillus	400634	G	1018	305	1323	0.00006
Parageobacillus	1906945	G	810	214	1024	0.00005
Niallia	2837506	G	745	195	940	0.00004
Virgibacillus	84406	G	557	70	627	0.00003
Halobacillus	45667	G	459	59	518	0.00002
Weizmannia	2817139	G	453	213	666	0.00003
Rossellomorea	2837508	G	446	178	624	0.00003
Heyndrickxia	2837504	G	425	147	572	0.00003
Salicibibacter	2685905	G	408	21	429	0.00002
Salisediminibacterium	1434042	G	326	45	371	0.00002
Sutcliffiella	2837511	G	307	106	413	0.00002
Oceanobacillus	182709	G	266	39	305	0.00001
Lentibacillus	175304	G	211	13	224	0.00001
Gracilibacillus	74385	G	207	22	229	0.00001
Fictibacillus	1329200	G	196	30	226	0.00001
Gottfriedia	2837503	G	181	56	237	0.00001
Psychrobacillus	1221880	G	173	70	243	0.00001
Caldalkalibacillus	379065	G	154	30	184	0.00001
Caldibacillus	1276290	G	144	52	196	0.00001
Lederbergia	2804231	G	140	37	177	0.00001
Salimicrobium	351195	G	126	20	146	0.00001
Pontibacillus	289201	G	122	15	137	0.00001
Halalkalibacterium	2893055	G	117	92	209	0.00001
Sediminibacillus	482460	G	116	20	136	0.00001
Aeribacillus	1055323	G	111	55	166	0.00001
Anaerobacillus	704093	G	110	26	136	0.00001
Radiobacillus	2785518	G	110	20	130	0.00001
Pradoshia	2651279	G	94	29	123	0.00001
Alkalihalophilus	2893060	G	93	17	110	0.00001
Mangrovibacillus	2920444	G	79	44	123	0.00001
Evansella	2837485	G	57	8	65	0.00000
Paraliobacillus	200903	G	47	8	55	0.00000
Amphibacillus	29331	G	40	7	47	0.00000
Paenibacillus	44249	G	48607	4688	53295	0.00253
Brevibacillus	55080	G	5423	948	6371	0.00030
Cohnella	329857	G	3378	554	3932	0.00019
Thermobacillus	76632	G	2463	361	2824	0.00013
Saccharibacillus	456492	G	1468	177	1645	0.00008
Aneurinibacillus	55079	G	478	97	575	0.00003
Alicyclobacillus	29330	G	3657	265	3922	0.00019
Tumebacillus	432330	G	2678	889	3567	0.00017
Kyrpidia	1129704	G	998	47	1045	0.00005
Effusibacillus	1502725	G	215	28	243	0.00001
Planococcus	1372	G	1783	515	2298	0.00011
Sporosarcina	1569	G	589	134	723	0.00003
Solibacillus	648800	G	126	52	178	0.00001
Ureibacillus	160795	G	111	90	201	0.00001
Paenisporosarcina	651660	G	80	34	114	0.00001
Rummeliibacillus	648802	G	54	29	83	0.00000
Jeotgalibacillus	157226	G	51	17	68	0.00000
Kurthia	1649	G	50	19	69	0.00000
Viridibacillus	496496	G	45	17	62	0.00000
Staphylospora	2689589	G	813	132	945	0.00004
Kroppenstedtia	1274351	G	642	56	698	0.00003
Novibacillus	1677050	G	569	77	646	0.00003
Polycladomyces	1348505	G	350	33	383	0.00002
Laceyella	292635	G	252	58	310	0.00001
Thermoactinomyces	2023	G	176	35	211	0.00001
Exiguobacterium	33986	G	1408	386	1794	0.00009
Gemella	1378	G	53	14	67	0.00000
Staphylococcus	1279	G	983	7209	8192	0.00039
Macrococcus	69965	G	146	47	193	0.00001
Jeotgalicoccus	227979	G	104	12	116	0.00001
Salinicoccus	45669	G	73	21	94	0.00000
Mammaliicoccus	2803850	G	59	30	89	0.00000
Nosocomiicoccus	489909	G	20	3	23	0.00000
Abyssicoccus	1955413	G	15	4	19	0.00000
Listeria	1637	G	387	2206	2593	0.00012
Brochothrix	2755	G	35	11	46	0.00000
Sporolactobacillus	2077	G	133	19	152	0.00001
Limosilactobacillus	2742598	G	684	431	1115	0.00005
Lactobacillus	1578	G	518	694	1212	0.00006
Levilactobacillus	2767886	G	483	132	615	0.00003
Lacticaseibacillus	2759736	G	405	160	565	0.00003
Schleiferilactobacillus	2767891	G	224	24	248	0.00001
Lactiplantibacillus	2767842	G	188	60	248	0.00001
Weissella	46255	G	180	35	215	0.00001
Ligilactobacillus	2767887	G	168	92	260	0.00001
Leuconostoc	1243	G	163	38	201	0.00001
Lentilactobacillus	2767893	G	116	32	148	0.00001
Pediococcus	1253	G	105	45	150	0.00001
Oenococcus	46254	G	96	8	104	0.00000
Loigolactobacillus	2767889	G	87	57	144	0.00001
Latilactobacillus	2767885	G	81	26	107	0.00001
Secundilactobacillus	2767892	G	77	26	103	0.00000
Companilactobacillus	2767879	G	73	9	82	0.00000
Liquorilactobacillus	2767888	G	39	18	57	0.00000
Periweissella	2930384	G	28	3	31	0.00000
Furfurilactobacillus	2767882	G	27	4	31	0.00000
Paucilactobacillus	2767890	G	24	9	33	0.00000
Amylolactobacillus	2767876	G	22	19	41	0.00000
Fructilactobacillus	2767881	G	16	3	19	0.00000
Bombilactobacillus	2767878	G	13	1	14	0.00000
Acetilactobacillus	2767874	G	13	0	13	0.00000
Lapidilactobacillus	2767884	G	10	2	12	0.00000
Apilactobacillus	2767877	G	10	1	11	0.00000
Streptococcus	1301	G	1284	1033	2317	0.00011
Lactococcus	1357	G	193	158	351	0.00002
Floricoccus	1930830	G	11	2	13	0.00000
Enterococcus	1350	G	529	483	1012	0.00005
Vagococcus	2737	G	134	90	224	0.00001
Tetragenococcus	51668	G	58	13	71	0.00000
Aerococcus	1375	G	286	51	337	0.00002
Abiotrophia	46123	G	35	10	45	0.00000
Suicoccus	2689587	G	31	20	51	0.00000
Ignavigranum	89092	G	16	2	18	0.00000
Carnobacterium	2747	G	122	30	152	0.00001
Jeotgalibaca	1470540	G	96	37	133	0.00001
Dolosigranulum	29393	G	41	11	52	0.00000
Granulicatella	117563	G	22	23	45	0.00000
Marinilactibacillus	191769	G	18	6	24	0.00000
Thermaerobacter	73918	G	10022	728	10750	0.00051
Intestinimonas	1392389	G	594	224	818	0.00004
Aminipila	2060094	G	203	17	220	0.00001
Emergencia	1926556	G	155	55	210	0.00001
Mogibacterium	86331	G	51	5	56	0.00000
Flintibacter	1918454	G	385	54	439	0.00002
Massilistercora	2717089	G	219	221	440	0.00002
Carboxydocella	178898	G	157	15	172	0.00001
Fenollaria	1686313	G	23	14	37	0.00000
Faecalibacterium	216851	G	2246	1540	3786	0.00018
Dysosmobacter	2591381	G	1482	655	2137	0.00010
Flavonifractor	946234	G	1247	322	1569	0.00007
Ethanoligenens	253238	G	698	37	735	0.00003
Vescimonas	2892396	G	658	721	1379	0.00007
Ruthenibacterium	1905344	G	634	187	821	0.00004
Caproiciproducens	1738645	G	541	65	606	0.00003
Oscillibacter	459786	G	495	157	652	0.00003
Anaerotruncus	244127	G	460	245	705	0.00003
Acutalibacter	1918385	G	333	17	350	0.00002
Ruminococcus	1263	G	322	15	337	0.00002
Caproicibacter	2576755	G	322	18	340	0.00002
Pusillibacter	2892397	G	312	210	522	0.00002
Solibaculum	2842531	G	206	191	397	0.00002
Caproicibacterium	2834348	G	199	15	214	0.00001
Acetivibrio	35829	G	140	56	196	0.00001
Pseudoclostridium	2304693	G	80	19	99	0.00000
Thermoclostridium	2304691	G	58	4	62	0.00000
Mageeibacillus	1637257	G	49	63	112	0.00001
Ruminiclostridium	1508657	G	48	11	59	0.00000
Monoglobus	2039302	G	31	15	46	0.00000
Fastidiosipila	236752	G	21	13	34	0.00000
Clostridium	1485	G	3786	679	4465	0.00021
Hungatella	1649459	G	225	8	233	0.00001
Alkaliphilus	114627	G	142	21	163	0.00001
Crassaminicella	1848399	G	56	9	65	0.00000
Geosporobacter	390805	G	49	6	55	0.00000
Caloramator	44258	G	39	3	42	0.00000
Candidatus_Arthromitus	49082	G	31	0	31	0.00000
Paraclostridium	1849822	G	28	8	36	0.00000
Serpentinicella	1890059	G	18	2	20	0.00000
Hathewaya	1769729	G	16	3	19	0.00000
Sarcina	1266	G	10	3	13	0.00000
Symbiobacterium	2733	G	3858	314	4172	0.00020
Lachnoclostridium	1506553	G	638	338	976	0.00005
Blautia	572511	G	533	793	1326	0.00006
Anaerocolumna	1843210	G	260	10	270	0.00001
Enterocloster	2719313	G	256	139	395	0.00002
Roseburia	841	G	246	183	429	0.00002
Coprococcus	33042	G	152	132	284	0.00001
Lacrimispora	2719231	G	146	9	155	0.00001
Anaerostipes	207244	G	131	42	173	0.00001
Butyrivibrio	830	G	107	15	122	0.00001
Novisyntrophococcus	2888809	G	70	9	79	0.00000
Sellimonas	1769710	G	68	37	105	0.00000
Anaerotignum	2039240	G	63	6	69	0.00000
Mediterraneibacter	2316020	G	58	42	100	0.00000
Anaerobutyricum	2569097	G	39	13	52	0.00000
Pseudobutyrivibrio	46205	G	37	2	39	0.00000
Faecalicatena	2005359	G	27	13	40	0.00000
Dorea	189330	G	27	25	52	0.00000
Herbinix	1663717	G	26	16	42	0.00000
Cellulosilyticum	698776	G	25	2	27	0.00000
Lachnospira	28050	G	16	2	18	0.00000
Lachnoanaerobaculum	1164882	G	12	3	15	0.00000
Tyzzerella	1506577	G	12	1	13	0.00000
Candidatus_Desulforudis	471826	G	1095	63	1158	0.00005
Desulforamulus	2916693	G	421	101	522	0.00002
Acididesulfobacillus	2924872	G	359	13	372	0.00002
Candidatus_Formimonas	2840454	G	235	17	252	0.00001
Desulfofarcimen	2282742	G	106	12	118	0.00001
Thermanaerosceptrum	2651578	G	104	16	120	0.00001
Dehalobacterium	51514	G	101	20	121	0.00001
Christensenella	990721	G	1171	508	1679	0.00008
Heliomicrobium	2831443	G	951	437	1388	0.00007
Heliorestis	79598	G	86	5	91	0.00000
Desulfitobacterium	36853	G	387	70	457	0.00002
Desulfosporosinus	79206	G	316	30	346	0.00002
Dehalobacter	56112	G	151	29	180	0.00001
Syntrophobotulus	51196	G	115	7	122	0.00001
Eubacterium	1730	G	509	113	622	0.00003
Acetobacterium	33951	G	346	47	393	0.00002
Alkalibacter	274470	G	101	6	107	0.00001
Syntrophothermus	129001	G	195	18	213	0.00001
Syntrophomonas	862	G	86	18	104	0.00000
Candidatus_Contubernalis	338648	G	58	2	60	0.00000
Candidatus_Syntrophocurvum	2293313	G	21	5	26	0.00000
Clostridioides	1870884	G	89	640	729	0.00003
Peptoclostridium	1481960	G	66	10	76	0.00000
Terrisporobacter	1505652	G	52	7	59	0.00000
Romboutsia	1501226	G	34	11	45	0.00000
Tepidibacter	214904	G	33	6	39	0.00000
Filifactor	44259	G	20	27	47	0.00000
Acetoanaerobium	186831	G	17	1	18	0.00000
Paeniclostridium	1849828	G	15	3	18	0.00000
Desulfoscipio	2867376	G	206	16	222	0.00001
Desulfotomaculum	1562	G	116	48	164	0.00001
Thermincola	278993	G	112	9	121	0.00001
Vallitalea	1348611	G	57	2	59	0.00000
Petrocella	2603323	G	45	6	51	0.00000
Caloranaerobacter	171003	G	70	9	79	0.00000
Alkalicella	2838170	G	18	2	20	0.00000
Moorella	44260	G	1587	50	1637	0.00008
Ammonifex	42837	G	582	20	602	0.00003
Gelria	189326	G	1390	97	1487	0.00007
Thermacetogenium	140458	G	489	420	909	0.00004
Carboxydothermus	129957	G	297	24	321	0.00002
Thermoanaerobacter	1754	G	151	45	196	0.00001
Thermanaeromonas	202949	G	123	3	126	0.00001
Caldanaerobacter	249529	G	74	85	159	0.00001
Caldicellulosiruptor	44000	G	161	16	177	0.00001
Thermoanaerobacterium	28895	G	113	30	143	0.00001
Mahella	252965	G	129	62	191	0.00001
Zhaonella	2748674	G	120	17	137	0.00001
Thermodesulfobium	227388	G	95	1	96	0.00000
Iocasia	2899804	G	90	12	102	0.00000
Halanaerobium	2330	G	62	9	71	0.00000
Halothermothrix	32636	G	55	13	68	0.00000
Anoxybacter	1769008	G	134	36	170	0.00001
Halobacteroides	42417	G	40	11	51	0.00000
Acetohalobium	28186	G	22	4	26	0.00000
Thermosediminibacter	291988	G	216	12	228	0.00001
Biomaibacter	2770094	G	129	8	137	0.00001
Tepidanaerobacter	499228	G	52	2	54	0.00000
Koleobacter	2786989	G	124	10	134	0.00001
Natranaerofaba	2807497	G	69	2	71	0.00000
Natranaerobius	375928	G	38	2	40	0.00000
Selenomonas	970	G	4291	221	4512	0.00021
Megamonas	158846	G	102	5	107	0.00001
Pectinatus	864	G	36	1	37	0.00000
Sporomusa	2375	G	223	30	253	0.00001
Methylomusa	2093783	G	191	14	205	0.00001
Pelosinus	365348	G	96	10	106	0.00001
Megasphaera	906	G	1039	375	1414	0.00007
Dialister	39948	G	159	4	163	0.00001
Veillonella	29465	G	126	12	138	0.00001
Acidaminococcus	904	G	418	40	458	0.00002
Phascolarctobacterium	33024	G	261	82	343	0.00002
Limnochorda	1676651	G	3846	147	3993	0.00019
Peptoniphilus	162289	G	221	66	287	0.00001
Murdochiella	1161127	G	91	87	178	0.00001
Anaerococcus	165779	G	61	29	90	0.00000
Parvimonas	543311	G	30	49	79	0.00000
Finegoldia	150022	G	17	15	32	0.00000
Helcococcus	31983	G	16	7	23	0.00000
Gudongella	2692382	G	43	8	51	0.00000
Schnuerera	2794837	G	35	8	43	0.00000
Keratinibaculum	1354809	G	34	17	51	0.00000
Tissierella	41273	G	33	6	39	0.00000
Gottschalkia	1505664	G	74	7	81	0.00000
Ezakiella	1582879	G	136	259	395	0.00002
Sedimentibacter	190972	G	36	4	40	0.00000
Allobaculum	174708	G	224	37	261	0.00001
Faecalibaculum	1729679	G	187	49	236	0.00001
Erysipelothrix	1647	G	85	13	98	0.00000
Erysipelatoclostridium	1505663	G	80	64	144	0.00001
Bulleidia	118747	G	34	12	46	0.00000
Faecalitalea	1573534	G	24	48	72	0.00000
Intestinibaculum	2679910	G	21	8	29	0.00000
Faecalibacillus	2678885	G	18	22	40	0.00000
Amedibacterium	2749267	G	14	26	40	0.00000
Turicibacter	191303	G	69	32	101	0.00000
Ndongobacter	1930845	G	172	204	376	0.00002
Fischerella	1190	G	14181	1633	15814	0.00075
Nostoc	1177	G	9747	981	10728	0.00051
Anabaena	1163	G	435	1299	1734	0.00008
Cylindrospermum	56106	G	323	23	346	0.00002
Trichormus	264688	G	149	67	216	0.00001
Richelia	98443	G	146	11	157	0.00001
Calothrix	1186	G	3142	236	3378	0.00016
Scytonema	1203	G	1735	172	1907	0.00009
Brasilonema	383614	G	476	39	515	0.00002
Sphaerospermopsis	752201	G	400	56	456	0.00002
Nodularia	159191	G	395	28	423	0.00002
Anabaenopsis	110103	G	313	102	415	0.00002
Dolichospermum	748770	G	217	428	645	0.00003
Cylindrospermopsis	77021	G	37	3	40	0.00000
Tolypothrix	111782	G	610	92	702	0.00003
Rivularia	373984	G	128	5	133	0.00001
Synechococcus	1129	G	17177	1585	18762	0.00089
Dactylococcopsis	13034	G	88	22	110	0.00001
Cyanobium	167375	G	3737	778	4515	0.00021
Parasynechococcus	2881427	G	289	81	370	0.00002
Prochlorococcus	1218	G	256	11	267	0.00001
Acaryochloris	155977	G	350	9	359	0.00002
Synechocystis	1142	G	255	12	267	0.00001
Chamaesiphon	217161	G	225	9	234	0.00001
Leptolyngbya	47251	G	4856	269	5125	0.00024
Kovacikia	1874526	G	521	34	555	0.00003
Leptothermofonsia	2917830	G	304	22	326	0.00002
Leptodesmis	2664261	G	282	25	307	0.00001
Thermoleptolyngbya	2303528	G	792	47	839	0.00004
Thermosynechococcus	146785	G	463	32	495	0.00002
Halomicronema	170610	G	392	12	404	0.00002
Pseudanabaena	1152	G	278	9	287	0.00001
Gloeobacter	33071	G	5726	124	5850	0.00028
Anthocerotibacter	2857076	G	461	15	476	0.00002
Moorena	1155738	G	887	17	904	0.00004
Oscillatoria	1158	G	424	137	561	0.00003
Geitlerinema	63132	G	927	98	1025	0.00005
Allocoleopsis	2886347	G	227	18	245	0.00001
Oxynema	1492710	G	417	29	446	0.00002
Microcoleus	44471	G	270	109	379	0.00002
Planktothrix	54304	G	81	8	89	0.00000
Koinonema	2023214	G	305	14	319	0.00002
Crinalium	241421	G	106	10	116	0.00001
Limnospira	2596745	G	87	5	92	0.00000
Microcystis	1125	G	582	188	770	0.00004
Halothece	76023	G	117	28	145	0.00001
Euhalothece	65097	G	33	3	36	0.00000
Gloeothece	28070	G	143	9	152	0.00001
Crocosphaera	263510	G	114	12	126	0.00001
Rippkaea	2546365	G	80	10	90	0.00000
Candidatus_Atelocyanobacterium	1453359	G	19	4	23	0.00000
Gloeocapsa	102231	G	175	14	189	0.00001
Geminocystis	669357	G	148	30	178	0.00001
Chondrocystis	268175	G	127	15	142	0.00001
Cyanobacterium	102234	G	55	27	82	0.00000
Chroococcidiopsis	54298	G	894	97	991	0.00005
Pleurocapsa	44474	G	179	14	193	0.00001
Stanieria	102115	G	113	7	120	0.00001
Gloeomargarita	1188227	G	136	3	139	0.00001
Thermostichus	2881385	G	97	53	150	0.00001
Deinococcus	1298	G	37656	1777	39433	0.00187
Thermus	270	G	7106	554	7660	0.00036
Meiothermus	65551	G	3806	236	4042	0.00019
Oceanithermus	208447	G	3674	388	4062	0.00019
Marinithermus	186191	G	2274	407	2681	0.00013
Truepera	332248	G	2993	163	3156	0.00015
Sphaerobacter	2056	G	9549	569	10118	0.00048
Thermomicrobium	499	G	2163	49	2212	0.00010
Roseiflexus	120961	G	6888	384	7272	0.00035
Chloroflexus	1107	G	2292	99	2391	0.00011
Tepidiforma	2682228	G	6225	247	6472	0.00031
Candidatus_Promineofilum	1988031	G	5565	105	5670	0.00027
Anaerolinea	233189	G	1380	135	1515	0.00007
Pelolinea	1649478	G	1074	49	1123	0.00005
Brevefilum	2019482	G	418	15	433	0.00002
Caldilinea	233191	G	2626	157	2783	0.00013
Ktedonosporobacter	2692417	G	2515	70	2585	0.00012
Dehalogenimonas	670486	G	1159	37	1196	0.00006
Dehalococcoides	61434	G	454	19	473	0.00002
Thermobaculum	262406	G	1089	147	1236	0.00006
Phototrophicus	2922426	G	1016	10	1026	0.00005
Fimbriimonas	1005038	G	3720	20	3740	0.00018
Chthonomonas	1077265	G	887	7	894	0.00004
Mycoplasma	2093	G	257	302	559	0.00003
Mycoplasmopsis	2767358	G	115	11	126	0.00001
Mesomycoplasma	2923352	G	34	1	35	0.00000
Candidatus_Hepatoplasma	295595	G	30	1	31	0.00000
Ureaplasma	2129	G	22	0	22	0.00000
Spiroplasma	2132	G	139	6	145	0.00001
Mesoplasma	46239	G	29	6	35	0.00000
Williamsoniiplasma	2919614	G	25	5	30	0.00000
Alteracholeplasma	2903105	G	76	7	83	0.00000
Candidatus_Phytoplasma	33926	G	55	2	57	0.00000
Acholeplasma	2147	G	20	1	21	0.00000
Paracholeplasma	2903107	G	17	4	21	0.00000
Haploplasma	2903106	G	14	4	18	0.00000
Metamycoplasma	2895509	G	39	15	54	0.00000
Malacoplasma	2791001	G	14	0	14	0.00000
Candidatus_Izimaplasma	1912503	G	27	0	27	0.00000
Gemmata	113	G	106488	11311	117799	0.00559
Urbifossiella	2807415	G	94739	7973	102712	0.00487
Frigoriglobus	2774146	G	61035	9312	70347	0.00334
Limnoglobus	2731450	G	46608	2109	48717	0.00231
Tuwongella	2051044	G	3416	141	3557	0.00017
Telmatocola	1382832	G	3019	29	3048	0.00014
Tautonia	2680020	G	50230	4368	54598	0.00259
Aquisphaera	1511635	G	38925	6633	45558	0.00216
Paludisphaera	1763521	G	25165	5583	30748	0.00146
Singulisphaera	466152	G	19210	2844	22054	0.00105
Isosphaera	127	G	3809	276	4085	0.00019
Lacipirellula	2691417	G	22251	1571	23822	0.00113
Pirellulimonas	2795783	G	10038	1130	11168	0.00053
Botrimarina	2795782	G	8388	809	9197	0.00044
Aeoliella	2795781	G	2897	249	3146	0.00015
Adhaeretor	2862451	G	1674	172	1846	0.00009
Bythopirellula	1400386	G	1433	108	1541	0.00007
Lignipirellula	2795775	G	6368	761	7129	0.00034
Stieleria	2795973	G	6102	700	6802	0.00032
Anatilimnocola	2807414	G	5385	610	5995	0.00028
Rosistilla	2795779	G	5365	398	5763	0.00027
Bremerella	2714594	G	3736	284	4020	0.00019
Pirellula	123	G	3702	128	3830	0.00018
Roseimaritima	1579506	G	3384	225	3609	0.00017
Rubripirellula	1579505	G	1396	274	1670	0.00008
Mariniblastus	2005380	G	1055	20	1075	0.00005
Aureliella	2795605	G	924	77	1001	0.00005
Rhodopirellula	265488	G	901	63	964	0.00005
Thermogutta	1676125	G	1157	38	1195	0.00006
Planctomyces	118	G	37053	8922	45975	0.00218
Caulifigura	2795778	G	13300	864	14164	0.00067
Gimesia	1649453	G	9354	505	9859	0.00047
Maioricimonas	2795777	G	8695	1092	9787	0.00046
Alienimonas	2714737	G	7993	582	8575	0.00041
Symmachiella	2795780	G	2964	175	3139	0.00015
Rubinisphaera	1649490	G	1821	178	1999	0.00009
Fuerstiella	1936111	G	1674	29	1703	0.00008
Planctopirus	1649480	G	1563	58	1621	0.00008
Calycomorphotria	2795776	G	1529	57	1586	0.00008
Crateriforma	2714592	G	1259	256	1515	0.00007
Polystyrenella	2795774	G	590	51	641	0.00003
Thalassoglobus	2795865	G	549	29	578	0.00003
Humisphaera	2807511	G	16173	393	16566	0.00079
Phycisphaera	666508	G	5320	427	5747	0.00027
Mucisphaera	2913022	G	2691	157	2848	0.00014
Poriferisphaera	2803301	G	362	3	365	0.00002
Anaerohalosphaera	2690159	G	533	16	549	0.00003
Limihaloglobus	2690160	G	228	14	242	0.00001
Sedimentisphaera	2483368	G	189	93	282	0.00001
Candidatus_Kuenenia	380738	G	220	0	220	0.00001
Candidatus_Uabimicrobium	2897349	G	144	2	146	0.00001
Opitutus	178440	G	22607	1848	24455	0.00116
Lacunisphaera	1961799	G	7365	995	8360	0.00040
Oleiharenicola	2100741	G	5422	279	5701	0.00027
Nibricoccus	2576890	G	4442	193	4635	0.00022
Ereboglobus	2028344	G	3185	152	3337	0.00016
Ruficoccus	2175957	G	1222	170	1392	0.00007
Coraliomargarita	442430	G	286	7	293	0.00001
Verrucomicrobium	2735	G	6134	505	6639	0.00032
Luteolibacter	518753	G	4408	169	4577	0.00022
Roseimicrobium	1348508	G	3063	111	3174	0.00015
Sulfuriroseicoccus	2911469	G	692	75	767	0.00004
Akkermansia	239934	G	1947	135	2082	0.00010
Methylacidimicrobium	1541670	G	1939	171	2110	0.00010
Methylacidiphilum	511745	G	201	9	210	0.00001
Candidatus_Xiphinematobacter	134550	G	157	11	168	0.00001
Kiritimatiella	1921784	G	1373	1587	2960	0.00014
Tichowtungia	2907187	G	555	22	577	0.00003
Candidatus_Protochlamydia	282132	G	155	37	192	0.00001
Neochlamydia	112987	G	90	15	105	0.00001
Parachlamydia	83551	G	88	23	111	0.00001
Candidatus_Rhabdochlamydia	292833	G	199	20	219	0.00001
Simkania	34093	G	81	6	87	0.00000
Waddlia	71666	G	74	9	83	0.00000
Chlamydia	810	G	149	72	221	0.00001
Chlamydiifrater	2822114	G	25	1	26	0.00000
Candidatus_Velamenicoccus	2789201	G	428	1	429	0.00002
Gemmatirosa	1706036	G	179425	15542	194967	0.00925
Gemmatimonas	173479	G	47139	1198	48337	0.00229
Hymenobacter	89966	G	30837	1402	32239	0.00153
Pontibacter	323449	G	4815	509	5324	0.00025
Rufibacter	1379908	G	1260	270	1530	0.00007
Adhaeribacter	299566	G	613	43	656	0.00003
Nibribacter	1649474	G	246	136	382	0.00002
Spirosoma	107	G	6458	323	6781	0.00032
Rhodocytophaga	455076	G	335	11	346	0.00002
Aquirufa	2676247	G	134	18	152	0.00001
Cytophaga	978	G	126	10	136	0.00001
Dyadobacter	120831	G	1764	128	1892	0.00009
Fibrella	861914	G	1720	135	1855	0.00009
Runella	105	G	979	42	1021	0.00005
Larkinella	332157	G	374	28	402	0.00002
Leadbetterella	319458	G	81	47	128	0.00001
Arcticibacterium	2173039	G	45	3	48	0.00000
Chryseolinea	1433993	G	2882	89	2971	0.00014
Fulvivirga	396811	G	507	27	534	0.00003
Echinicola	390846	G	714	120	834	0.00004
Algoriphagus	246875	G	371	40	411	0.00002
Cyclobacterium	68288	G	115	15	130	0.00001
Aquiflexum	280472	G	109	16	125	0.00001
Belliella	232244	G	78	37	115	0.00001
Mongoliitalea	1511649	G	59	6	65	0.00000
Flammeovirga	59739	G	116	7	123	0.00001
Candidatus_Cardinium	273135	G	55	13	68	0.00000
Candidatus_Amoebophilus	281119	G	42	3	45	0.00000
Mangrovivirga	2858886	G	98	7	105	0.00000
Marivirga	869806	G	87	31	118	0.00001
Bernardetia	1937972	G	51	4	55	0.00000
Niastella	354354	G	8782	852	9634	0.00046
Chitinophaga	79328	G	7190	434	7624	0.00036
Flavisolibacter	398041	G	4561	336	4897	0.00023
Paraflavitalea	2698688	G	2131	150	2281	0.00011
Pseudocnuella	2812019	G	2086	237	2323	0.00011
Panacibacter	1874621	G	1965	85	2050	0.00010
Flavihumibacter	1004301	G	1656	88	1744	0.00008
Niabella	379899	G	1610	116	1726	0.00008
Pseudobacter	1860196	G	1505	121	1626	0.00008
Arachidicoccus	1769012	G	1479	238	1717	0.00008
Ferruginibacter	1004303	G	1060	60	1120	0.00005
Lacibacter	649461	G	1029	44	1073	0.00005
Filimonas	649460	G	792	88	880	0.00004
Phnomibacter	2836216	G	786	89	875	0.00004
Rhodocaloribacter	2893090	G	7646	766	8412	0.00040
Rhodothermus	29548	G	6499	349	6848	0.00032
Salinibacter	146918	G	3893	59	3952	0.00019
Alistipes	239759	G	7102	2544	9646	0.00046
Prevotella	838	G	2316	296	2612	0.00012
Paraprevotella	577309	G	114	110	224	0.00001
Pseudoprevotella	2884814	G	99	12	111	0.00001
Bacteroides	816	G	2046	1001	3047	0.00014
Phocaeicola	909656	G	400	207	607	0.00003
Tannerella	195950	G	796	39	835	0.00004
Parabacteroides	375288	G	652	406	1058	0.00005
Sodaliphilus	2815786	G	425	232	657	0.00003
Duncaniella	2518495	G	343	12	355	0.00002
Muribaculum	1918540	G	294	31	325	0.00002
Porphyromonas	836	G	838	94	932	0.00004
Petrimonas	307628	G	204	17	221	0.00001
Proteiniphilum	294702	G	171	10	181	0.00001
Dysgonomonas	156973	G	43	0	43	0.00000
Barnesiella	397864	G	270	386	656	0.00003
Coprobacter	1348911	G	40	39	79	0.00000
Butyricimonas	574697	G	168	69	237	0.00001
Odoribacter	283168	G	75	83	158	0.00001
Paludibacter	346096	G	92	2	94	0.00000
Tenuifilum	2760873	G	57	1	58	0.00000
Salinivirga	1970191	G	49	1	50	0.00000
Draconibacterium	1471399	G	203	12	215	0.00001
Maribellus	2678352	G	107	6	113	0.00001
Alkalitalea	1193324	G	67	7	74	0.00000
Labilibaculum	2060722	G	43	4	47	0.00000
Flavobacterium	237	G	3617	427	4044	0.00019
Capnocytophaga	1016	G	648	83	731	0.00003
Muricauda	111500	G	648	126	774	0.00004
Gramella	292691	G	502	79	581	0.00003
Robiginitalea	252306	G	428	26	454	0.00002
Polaribacter	52959	G	388	52	440	0.00002
Nonlabens	363408	G	295	50	345	0.00002
Winogradskyella	286104	G	264	60	324	0.00002
Antarcticibacterium	2058174	G	220	32	252	0.00001
Sinomicrobium	1434045	G	187	7	194	0.00001
Aequorivita	153265	G	180	7	187	0.00001
Tenacibaculum	104267	G	166	39	205	0.00001
Salegentibacter	143222	G	165	77	242	0.00001
Maribacter	252356	G	164	46	210	0.00001
Cellulophaga	104264	G	161	39	200	0.00001
Formosa	225842	G	159	27	186	0.00001
Kordia	221065	G	157	10	167	0.00001
Myroides	76831	G	129	43	172	0.00001
Aquimarina	290174	G	119	8	127	0.00001
Flagellimonas	444459	G	110	8	118	0.00001
Leeuwenhoekiella	283735	G	100	28	128	0.00001
Zobellia	112040	G	91	5	96	0.00000
Aggregatimonas	2913017	G	90	4	94	0.00000
Dokdonia	326319	G	82	8	90	0.00000
Zunongwangia	417127	G	82	57	139	0.00001
Arenibacter	178469	G	72	23	95	0.00000
Algibacter	261827	G	71	21	92	0.00000
Lutibacter	358023	G	68	7	75	0.00000
Euzebyella	1287916	G	65	34	99	0.00000
Muriicola	762641	G	59	4	63	0.00000
Pukyongia	2831916	G	58	4	62	0.00000
Gilvibacter	379070	G	58	7	65	0.00000
Zhouia	561555	G	57	13	70	0.00000
Mariniflexile	527198	G	53	5	58	0.00000
Constantimarinum	2907134	G	52	5	57	0.00000
Lacinutrix	291183	G	52	12	64	0.00000
Tamlana	393005	G	51	8	59	0.00000
Sediminicola	389486	G	50	58	108	0.00001
Mesoflavibacter	444051	G	48	10	58	0.00000
Croceibacter	216431	G	45	8	53	0.00000
Seonamhaeicola	1649495	G	45	6	51	0.00000
Psychroflexus	83612	G	44	3	47	0.00000
Galbibacter	379068	G	43	5	48	0.00000
Costertonia	343334	G	39	8	47	0.00000
Marixanthomonas	387658	G	38	11	49	0.00000
Changchengzhania	2049301	G	38	4	42	0.00000
Aegicerativicinus	2893197	G	36	2	38	0.00000
Flavivirga	1209327	G	30	2	32	0.00000
Amniculibacterium	2715289	G	30	39	69	0.00000
Olleya	336276	G	30	32	62	0.00000
Siansivirga	1204360	G	28	6	34	0.00000
Bizionia	283785	G	28	6	34	0.00000
Sabulilitoribacter	1573059	G	24	5	29	0.00000
Urechidicola	2700084	G	23	12	35	0.00000
Wenyingzhuangia	1518147	G	21	3	24	0.00000
Gillisia	244698	G	21	7	28	0.00000
Oceanihabitans	2045416	G	19	7	26	0.00000
Chryseobacterium	59732	G	2650	913	3563	0.00017
Kaistella	2782231	G	420	61	481	0.00002
Epilithonimonas	2782229	G	114	115	229	0.00001
Elizabethkingia	308865	G	297	91	388	0.00002
Cruoricaptor	1433995	G	126	20	146	0.00001
Empedobacter	59734	G	98	49	147	0.00001
Apibacter	1778601	G	85	6	91	0.00000
Cloacibacterium	501783	G	83	55	138	0.00001
Ornithobacterium	28250	G	80	77	157	0.00001
Bergeyella	59735	G	63	15	78	0.00000
Riemerella	34084	G	49	23	72	0.00000
Weeksella	1013	G	38	21	59	0.00000
Faecalibacter	2766734	G	29	5	34	0.00000
Blattabacterium	34098	G	285	28	313	0.00001
Owenweeksia	267986	G	90	7	97	0.00000
Croceimicrobium	2828338	G	75	18	93	0.00000
Fluviicola	332102	G	68	4	72	0.00000
Crocinitomix	246873	G	50	1	51	0.00000
Candidatus_Sulcia	336809	G	30	8	38	0.00000
Candidatus_Walczuchella	1940138	G	11	0	11	0.00000
Ichthyobacterium	1755829	G	15	0	15	0.00000
Mucilaginibacter	423349	G	4498	329	4827	0.00023
Pedobacter	84567	G	2111	157	2268	0.00011
Sphingobacterium	28453	G	1426	771	2197	0.00010
Anseongella	1773450	G	381	16	397	0.00002
Olivibacter	376469	G	278	26	304	0.00001
Solitalea	929509	G	234	19	253	0.00001
Pseudopedobacter	1649482	G	105	102	207	0.00001
Haliscomenobacter	2349	G	413	6	419	0.00002
Saprospira	1007	G	76	2	78	0.00000
Candidatus_Sulfidibacterium	2923290	G	146	5	151	0.00001
Chlorobaculum	256319	G	3081	202	3283	0.00016
Pelodictyon	1099	G	763	111	874	0.00004
Chlorobium	1091	G	605	66	671	0.00003
Prosthecochloris	1101	G	1086	74	1160	0.00006
Chloroherpeton	100715	G	254	4	258	0.00001
Candidatus_Cyclonatronum	2489367	G	371	38	409	0.00002
Melioribacter	1134403	G	173	14	187	0.00001
Ignavibacterium	795750	G	113	11	124	0.00001
Fibrobacter	832	G	214	3	217	0.00001
Candidatus_Cloacimonas	456826	G	122	2	124	0.00001
Luteitalea	2004797	G	123342	6728	130070	0.00617
Granulicella	940557	G	16071	1779	17850	0.00085
Terriglobus	392733	G	10415	1370	11785	0.00056
Acidobacterium	33973	G	8817	797	9614	0.00046
Candidatus_Koribacter	658061	G	7628	275	7903	0.00038
Edaphobacter	388463	G	4616	622	5238	0.00025
Acidisarcina	2608728	G	2809	224	3033	0.00014
Paludibaculum	1649475	G	11859	348	12207	0.00058
Chloracidobacterium	458032	G	6213	161	6374	0.00030
Sulfidibacter	2915177	G	3202	62	3264	0.00015
Thermotomaculum	1172428	G	127	6	133	0.00001
Nitrospira	1234	G	22607	310	22917	0.00109
Leptospirillum	179	G	625	9	634	0.00003
Dissulfurispira	2811506	G	155	12	167	0.00001
Thermodesulfovibrio	28261	G	120	3	123	0.00001
Treponema	157	G	1627	198	1825	0.00009
Spirochaeta	146	G	1196	36	1232	0.00006
Sediminispirochaeta	1911556	G	136	3	139	0.00001
Salinispira	1616789	G	128	4	132	0.00001
Oceanispirochaeta	2035349	G	40	2	42	0.00000
Thiospirochaeta	2792240	G	24	1	25	0.00000
Sphaerochaeta	399320	G	364	17	381	0.00002
Breznakiella	2845254	G	211	15	226	0.00001
Borrelia	138	G	99	32	131	0.00001
Borreliella	64895	G	18	29	47	0.00000
Leptospira	171	G	726	76	802	0.00004
Turneriella	338321	G	451	3	454	0.00002
Brachyspira	29521	G	69	0	69	0.00000
Pyramidobacter	638847	G	873	50	923	0.00004
Aminomonas	81411	G	857	90	947	0.00004
Fretibacterium	1434006	G	835	11	846	0.00004
Thermanaerovibrio	81461	G	662	120	782	0.00004
Cloacibacillus	508459	G	560	105	665	0.00003
Jonquetella	428711	G	378	54	432	0.00002
Acetomicrobium	49894	G	99	2	101	0.00000
Aminobacterium	81466	G	90	5	95	0.00000
Thermovirga	336260	G	52	40	92	0.00000
Candidatus_Bipolaricaulis	2250122	G	897	35	932	0.00004
Candidatus_Nanosynbacter	2093823	G	278	132	410	0.00002
Candidatus_Saccharimonas	1331051	G	179	2	181	0.00001
Candidatus_Minimicrobia	2905967	G	16	92	108	0.00001
Candidatus_Chazhemtobacterium	2715734	G	115	0	115	0.00001
Candidatus_Babela	1551504	G	110	2	112	0.00001
Candidatus_Absconditicoccus	2900570	G	53	0	53	0.00000
Thermotoga	2335	G	408	63	471	0.00002
Pseudothermotoga	1643951	G	158	22	180	0.00001
Fervidobacterium	2422	G	97	56	153	0.00001
Thermosipho	2420	G	65	11	76	0.00000
Kosmotoga	651456	G	152	11	163	0.00001
Mesotoga	1184396	G	122	18	140	0.00001
Marinitoga	160798	G	29	5	34	0.00000
Defluviitoga	1511648	G	20	31	51	0.00000
Tepiditoga	2778400	G	14	3	17	0.00000
Petrotoga	28236	G	12	11	23	0.00000
Athalassotoga	1769718	G	68	2	70	0.00000
Thermocrinis	75905	G	147	22	169	0.00001
Hydrogenobacter	939	G	90	10	100	0.00000
Aquifex	2713	G	48	4	52	0.00000
Hydrogenobaculum	168657	G	18	0	18	0.00000
Sulfurihydrogenibium	212790	G	132	18	150	0.00001
Persephonella	182899	G	98	10	108	0.00001
Thermosulfidibacter	412592	G	149	5	154	0.00001
Thermovibrio	171868	G	152	28	180	0.00001
Desulfurobacterium	64159	G	55	8	63	0.00000
Thermosulfurimonas	1522431	G	279	23	302	0.00001
Thermosulfuriphilus	2033601	G	158	5	163	0.00001
Thermodesulfobacterium	1740	G	108	11	119	0.00001
Thermodesulfatator	241192	G	107	9	116	0.00001
Caldimicrobium	444090	G	32	3	35	0.00000
Geovibrio	46200	G	149	22	171	0.00001
Flexistipes	2351	G	95	9	104	0.00000
Mucispirillum	248038	G	81	7	88	0.00000
Deferribacter	53572	G	60	8	68	0.00000
Denitrovibrio	117999	G	54	5	59	0.00000
Calditerrivibrio	545865	G	44	5	49	0.00000
Caldithrix	187144	G	521	4	525	0.00002
Desulfurispirillum	393029	G	389	169	558	0.00003
Fusobacterium	848	G	200	46	246	0.00001
Ilyobacter	167639	G	10	0	10	0.00000
Leptotrichia	32067	G	110	23	133	0.00001
Pseudoleptotrichia	2755140	G	14	3	17	0.00000
Sebaldella	32068	G	12	0	12	0.00000
Endomicrobium	1408194	G	139	1	140	0.00001
Elusimicrobium	423604	G	139	1	140	0.00001
Caldisericum	693074	G	157	0	157	0.00001
Coprothermobacter	68335	G	145	28	173	0.00001
Dictyoglomus	13	G	136	0	136	0.00001
Atribacter	2847777	G	89	2	91	0.00000
Fusarium	5506	G	27054	2480	29534	0.00140
Trichoderma	5543	G	7002	410	7412	0.00035
Beauveria	5581	G	5156	243	5399	0.00026
Cordyceps	45234	G	1562	122	1684	0.00008
Metarhizium	5529	G	3678	618	4296	0.00020
Ustilaginoidea	124426	G	1207	80	1287	0.00006
Pochonia	243023	G	375	31	406	0.00002
Purpureocillium	1052105	G	1962	201	2163	0.00010
Drechmeria	98402	G	1501	102	1603	0.00008
Clonostachys	110564	G	779	76	855	0.00004
Colletotrichum	5455	G	2004	595	2599	0.00012
Thermothelomyces	1920207	G	11035	1224	12259	0.00058
Thermothielavioides	2609811	G	10723	1642	12365	0.00059
Neurospora	5140	G	2925	320	3245	0.00015
Pyricularia	48558	G	2319	31	2350	0.00011
Neopestalotiopsis	1562158	G	1308	27	1335	0.00006
Botrytis	33196	G	272	1	273	0.00001
Aspergillus	5052	G	7061	524	7585	0.00036
Penicillium	5073	G	1757	99	1856	0.00009
Paecilomyces	33202	G	542	18	560	0.00003
Talaromyces	5094	G	274	17	291	0.00001
Paraphaeosphaeria	125369	G	598	200	798	0.00004
Ampelomyces	50729	G	519	53	572	0.00003
Zymoseptoria	1047167	G	373	5	378	0.00002
Cercospora	29002	G	263	0	263	0.00001
Eremothecium	33170	G	276	159	435	0.00002
Lachancea	300275	G	117	6	123	0.00001
Naumovozyma	278028	G	88	4	92	0.00000
Saccharomyces	4930	G	81	5	86	0.00000
Nakaseomyces	374468	G	79	3	82	0.00000
Torulaspora	4948	G	71	4	75	0.00000
Kazachstania	71245	G	66	2	68	0.00000
Tetrapisispora	113604	G	62	2	64	0.00000
Kluyveromyces	4910	G	59	7	66	0.00000
Zygotorulaspora	1196389	G	34	3	37	0.00000
Zygosaccharomyces	4953	G	28	1	29	0.00000
Candida	1535326	G	187	2	189	0.00001
Scheffersomyces	766733	G	35	0	35	0.00000
Debaryomyces	4958	G	27	0	27	0.00000
Brettanomyces	13366	G	104	4	108	0.00001
Ogataea	461281	G	72	1	73	0.00000
Pichia	4919	G	50	1	51	0.00000
Yarrowia	4951	G	155	1	156	0.00001
Sugiyamaella	410829	G	77	5	82	0.00000
Saccharomycodes	36034	G	22	2	24	0.00000
Komagataella	460517	G	17	0	17	0.00000
Schizosaccharomyces	4895	G	68	1	69	0.00000
Pseudozyma	63298	G	2093	15	2108	0.00010
Ustilago	5269	G	560	18	578	0.00003
Sporisorium	63265	G	435	67	502	0.00002
Malassezia	55193	G	239	32	271	0.00001
Phlebiopsis	82309	G	584	5	589	0.00003
Rhizoctonia	1322061	G	97	3	100	0.00000
Marasmius	34448	G	88	3	91	0.00000
Cryptococcus	5206	G	206	23	229	0.00001
Encephalitozoon	6033	G	39	0	39	0.00000
Phytophthora	4783	G	14568	597	15165	0.00072
Pythium	4797	G	523	6	529	0.00003
