name	taxonomy_id	taxonomy_lvl	kraken_assigned_reads	added_reads	new_est_reads	fraction_total_reads
Rhizobium_sp._BG4	2613770	S	2083	247	2330	0.00042
Rhizobium_sp._WYJ-E13	2849093	S	1720	136	1856	0.00033
Rhizobium_sp._WL3	2603277	S	1633	212	1845	0.00033
Rhizobium_sp._SL42	2806346	S	1597	177	1774	0.00032
Rhizobium_sp._ACO-34A	1571470	S	1595	209	1804	0.00033
Rhizobium_sp._NXC24	2048897	S	1323	122	1445	0.00026
Rhizobium_sp._AB2/73	2795216	S	1047	497	1544	0.00028
Rhizobium_sp._11515TR	2028343	S	962	164	1126	0.00020
Rhizobium_sp._CIAT894	2020312	S	776	222	998	0.00018
Rhizobium_sp._NZLR1	2731096	S	773	171	944	0.00017
Rhizobium_sp._NXC14	1981173	S	697	189	886	0.00016
Rhizobium_sp._K102	2918527	S	613	272	885	0.00016
Rhizobium_sp._NLR16a	2731112	S	611	182	793	0.00014
Rhizobium_sp._C104	2917727	S	579	205	784	0.00014
Rhizobium_sp._L51/94	2819999	S	565	587	1152	0.00021
Rhizobium_sp._X9	2815360	S	508	759	1267	0.00023
Rhizobium_sp._007	2785056	S	230	254	484	0.00009
Rhizobium_sp._Kim5	2020311	S	229	345	574	0.00010
Rhizobium_sp._IE4771	1301032	S	200	276	476	0.00009
Rhizobium_sp._ZX09	2291939	S	183	536	719	0.00013
Rhizobium_sp._TAL182	2020313	S	143	275	418	0.00008
Rhizobium_sp._NIBRBAC000502774	2590777	S	73	343	416	0.00008
Rhizobium_sp._Y9	1914541	S	71	193	264	0.00005
Rhizobium_sp._T136	555319	S	61	1047	1108	0.00020
Rhizobium_sp._B230/85	2819994	S	49	443	492	0.00009
Rhizobium_sp._N324	1703969	S	39	661	700	0.00013
Rhizobium_sp._CCGE531	2364271	S	38	1120	1158	0.00021
Rhizobium_sp._CCGE532	2364272	S	19	1187	1206	0.00022
Rhizobium_sp._B21/90	2819993	S	12	355	367	0.00007
Rhizobium_leguminosarum	384	S	6279	11729	18008	0.00325
Rhizobium_etli	29449	S	2327	1650	3977	0.00072
Rhizobium_pseudoryzae	379684	S	2281	309	2590	0.00047
Rhizobium_jaguaris	1312183	S	1296	102	1398	0.00025
Rhizobium_gallicum	56730	S	1272	1039	2311	0.00042
Rhizobium_rosettiformans	1368430	S	1255	422	1677	0.00030
Rhizobium_phaseoli	396	S	1162	1554	2716	0.00049
Rhizobium_daejeonense	240521	S	1089	195	1284	0.00023
Rhizobium_rhizoryzae	451876	S	1084	89	1173	0.00021
Rhizobium_bangladeshense	1138189	S	1006	151	1157	0.00021
Rhizobium_lentis	1138194	S	938	182	1120	0.00020
Rhizobium_tropici	398	S	910	152	1062	0.00019
Rhizobium_binae	1138190	S	697	163	860	0.00016
Rhizobium_pusense	648995	S	607	1671	2278	0.00041
Rhizobium_indicum	2583231	S	448	250	698	0.00013
Rhizobium_acidisoli	1538158	S	402	209	611	0.00011
Rhizobium_oryzihabitans	2267833	S	319	317	636	0.00011
Rhizobium_laguerreae	1076926	S	184	200	384	0.00007
Rhizobium_hidalgonense	1538159	S	176	256	432	0.00008
Rhizobium_ruizarguesonis	2081791	S	140	653	793	0.00014
Rhizobium_favelukesii	348824	S	15	313	328	0.00006
Agrobacterium_tumefaciens	358	S	4341	3557	7898	0.00142
Agrobacterium_fabrum	1176649	S	450	513	963	0.00017
Agrobacterium_fabacearum	1183401	S	103	1311	1414	0.00026
Agrobacterium_vitis	373	S	2056	161	2217	0.00040
Agrobacterium_sp._T29	2580515	S	351	249	600	0.00011
Agrobacterium_sp._MA01	2664893	S	282	481	763	0.00014
Agrobacterium_sp._RAC06	1842536	S	258	450	708	0.00013
Agrobacterium_sp._CGMCC_11546	2579248	S	122	236	358	0.00006
Agrobacterium_sp._S7/73	2820002	S	63	340	403	0.00007
Agrobacterium_vaccinii	2735528	S	934	92	1026	0.00019
Agrobacterium_larrymoorei	160699	S	782	83	865	0.00016
Agrobacterium_salinitolerans	1183413	S	599	188	787	0.00014
Agrobacterium_rubi	28099	S	524	109	633	0.00011
Agrobacterium_rhizogenes	359	S	353	800	1153	0.00021
Neorhizobium_galegae	399	S	8404	1650	10054	0.00181
Neorhizobium_sp._SOG26	2060726	S	3930	557	4487	0.00081
Neorhizobium_sp._NCHU2750	1825976	S	1881	364	2245	0.00040
Pseudorhizobium_flavum	1335061	S	3778	1698	5476	0.00099
Pseudorhizobium_banfieldiae	1125847	S	3573	1470	5043	0.00091
Sinorhizobium_meliloti	382	S	51089	24916	76005	0.01371
Sinorhizobium_fredii	380	S	5217	4356	9573	0.00173
Sinorhizobium_medicae	110321	S	2945	297	3242	0.00058
Sinorhizobium_sp._BG8	2613773	S	1929	185	2114	0.00038
Sinorhizobium_sp._CCBAU_05631	794846	S	271	251	522	0.00009
Sinorhizobium_americanum	194963	S	1800	402	2202	0.00040
Ensifer_adhaerens	106592	S	4765	2086	6851	0.00124
Ensifer_sp._PDNC004	2811423	S	2313	678	2991	0.00054
Ensifer_sp._T173	555315	S	253	895	1148	0.00021
Ensifer_mexicanus	375549	S	2211	202	2413	0.00044
Ensifer_alkalisoli	1752398	S	1616	193	1809	0.00033
Ensifer_sojae	716925	S	1530	320	1850	0.00033
Shinella_sp._HZN7	879274	S	12828	7055	19883	0.00359
Shinella_sp._PSBB067	2715959	S	11472	5360	16832	0.00304
Shinella_sp._H4-D48	2925841	S	2809	705	3514	0.00063
Shinella_sp._XGS7	2877941	S	721	335	1056	0.00019
Shinella_zoogloeoides	352475	S	12723	10986	23709	0.00428
Shinella_oryzae	2871820	S	3559	968	4527	0.00082
Georhizobium_profundi	2341112	S	2028	297	2325	0.00042
Ciceribacter_thiooxidans	1969821	S	1523	176	1699	0.00031
Peteryoungia_desertarenae	1813451	S	583	58	641	0.00012
Mesorhizobium_sp._8	2584466	S	8607	1548	10155	0.00183
Mesorhizobium_sp._DCY119	2108445	S	8421	1543	9964	0.00180
Mesorhizobium_sp._Pch-S	2082387	S	4211	428	4639	0.00084
Mesorhizobium_sp._M3A.F.Ca.ET.080.04.2.1	2493676	S	3337	917	4254	0.00077
Mesorhizobium_sp._B2-1-1	2589974	S	3294	623	3917	0.00071
Mesorhizobium_sp._B1-1-8	2589976	S	3187	695	3882	0.00070
Mesorhizobium_sp._J8	2777475	S	2979	871	3850	0.00069
Mesorhizobium_sp._B2-8-5	2589903	S	2901	863	3764	0.00068
Mesorhizobium_sp._PAMC28654	2880934	S	2900	451	3351	0.00060
Mesorhizobium_sp._INR15	2654248	S	2890	344	3234	0.00058
Mesorhizobium_sp._M1D.F.Ca.ET.043.01.1.1	2493669	S	2833	1677	4510	0.00081
Mesorhizobium_sp._M1B.F.Ca.ET.045.04.1.1	2493673	S	2811	1015	3826	0.00069
Mesorhizobium_sp._M1A.F.Ca.IN.022.06.1.1	2493680	S	2785	858	3643	0.00066
Mesorhizobium_sp._M1E.F.Ca.ET.045.02.1.1	2493672	S	2750	1329	4079	0.00074
Mesorhizobium_sp._131-2-1	2744518	S	2701	1355	4056	0.00073
Mesorhizobium_sp._M4B.F.Ca.ET.058.02.1.1	2493675	S	2696	1066	3762	0.00068
Mesorhizobium_sp._L-2-11	2744521	S	2644	925	3569	0.00064
Mesorhizobium_sp._M9A.F.Ca.ET.002.03.1.2	2493668	S	2592	1166	3758	0.00068
Mesorhizobium_sp._NBSH29	2654249	S	2154	124	2278	0.00041
Mesorhizobium_sp._M6A.T.Cr.TU.016.01.1.1	2493677	S	2150	667	2817	0.00051
Mesorhizobium_sp._B4-1-4	2589888	S	2069	429	2498	0.00045
Mesorhizobium_sp._B2-1-8	2589967	S	1886	529	2415	0.00044
Mesorhizobium_sp._M7D.F.Ca.US.005.01.1.1	2493678	S	1690	533	2223	0.00040
Mesorhizobium_sp._L-8-10	2744523	S	1657	6004	7661	0.00138
Mesorhizobium_sp._L-8-3	2744522	S	1651	6133	7784	0.00140
Mesorhizobium_sp._M8A.F.Ca.ET.057.01.1.1	2493679	S	1634	606	2240	0.00040
Mesorhizobium_sp._M2A.F.Ca.ET.043.05.1.1	2493671	S	1496	1343	2839	0.00051
Mesorhizobium_sp._M7A.F.Ce.TU.012.03.2.1	2493681	S	1447	507	1954	0.00035
Mesorhizobium_sp._NZP2077	2483404	S	1444	444	1888	0.00034
Mesorhizobium_sp._113-3-3	2744516	S	1373	739	2112	0.00038
Mesorhizobium_sp._113-1-2	2744515	S	1186	565	1751	0.00032
Mesorhizobium_sp._113-3-9	2744517	S	945	729	1674	0.00030
Mesorhizobium_sp._NZP2298	2483403	S	934	564	1498	0.00027
Mesorhizobium_sp._AA22	1854057	S	876	532	1408	0.00025
Mesorhizobium_sp._M2A.F.Ca.ET.046.03.2.1	2493674	S	818	2438	3256	0.00059
Mesorhizobium_sp._M2A.F.Ca.ET.043.02.1.1	2493670	S	764	2162	2926	0.00053
Mesorhizobium_sp._WSM1497	278153	S	360	743	1103	0.00020
Mesorhizobium_sp._131-3-5	2744520	S	138	442	580	0.00010
Mesorhizobium_sp._NZP2234	2483402	S	111	412	523	0.00009
Mesorhizobium_sp._131-2-5	2744519	S	96	680	776	0.00014
Mesorhizobium_terrae	2725666	S	4067	993	5060	0.00091
Mesorhizobium_opportunistum	593909	S	2439	843	3282	0.00059
Mesorhizobium_amorphae	71433	S	2245	422	2667	0.00048
Mesorhizobium_australicum	536018	S	1398	380	1778	0.00032
Mesorhizobium_ciceri	39645	S	1395	3476	4871	0.00088
Mesorhizobium_loti	381	S	1356	11177	12533	0.00226
Mesorhizobium_erdmanii	1777866	S	1246	301	1547	0.00028
Mesorhizobium_huakuii	28104	S	1131	799	1930	0.00035
Mesorhizobium_japonicum	2066070	S	1057	706	1763	0.00032
Aquibium_microcysteis	675281	S	5824	1351	7175	0.00129
Aquibium_oceanicum	1670800	S	4601	907	5508	0.00099
Aminobacter_sp._MSH1	374606	S	4083	1797	5880	0.00106
Aminobacter_sp._SR38	2774562	S	877	2518	3395	0.00061
Aminobacter_sp._MDW-2	2666139	S	734	2980	3714	0.00067
Aminobacter_aminovorans	83263	S	500	1451	1951	0.00035
Nitratireductor_sp._SY7	2599600	S	3927	604	4531	0.00082
Nitratireductor_sp._OM-1	1756988	S	1904	286	2190	0.00039
Nitratireductor_kimnyeongensis	430679	S	1119	144	1263	0.00023
Phyllobacterium_sp._T1018	555316	S	893	93	986	0.00018
Phyllobacterium_sp._T1293	555317	S	441	44	485	0.00009
Phyllobacterium_sp._628	2718938	S	421	49	470	0.00008
Phyllobacterium_zundukense	1867719	S	886	108	994	0.00018
Roseitalea_porphyridii	1852022	S	1706	217	1923	0.00035
Hoeflea_sp._IMCC20628	1620421	S	779	59	838	0.00015
Hoeflea_phototrophica	244596	S	755	70	825	0.00015
Oricola_thermophila	2742145	S	1478	148	1626	0.00029
Salaquimonas_pukyongi	2712698	S	533	16	549	0.00010
Lentilitoribacter_sp._Alg239-R112	2305987	S	24	0	24	0.00000
Bradyrhizobium_sp._BTAi1	288000	S	1597	238	1835	0.00033
Bradyrhizobium_sp._CCBAU_51753	1325100	S	1541	289	1830	0.00033
Bradyrhizobium_sp._A19	2898149	S	1518	216	1734	0.00031
Bradyrhizobium_sp._200	2782665	S	1474	311	1785	0.00032
Bradyrhizobium_sp._ORS_285	115808	S	1460	277	1737	0.00031
Bradyrhizobium_sp._ORS_278	114615	S	1427	269	1696	0.00031
Bradyrhizobium_sp._170	2782641	S	1284	311	1595	0.00029
Bradyrhizobium_sp._CCBAU_051011	858422	S	1156	201	1357	0.00024
Bradyrhizobium_sp._SK17	2057741	S	1109	315	1424	0.00026
Bradyrhizobium_sp._186	2782654	S	873	216	1089	0.00020
Bradyrhizobium_sp._CCBAU_53421	1325120	S	853	241	1094	0.00020
Bradyrhizobium_sp._1(2017)	1404888	S	794	221	1015	0.00018
Bradyrhizobium_sp._CCBAU_53340	1325112	S	791	280	1071	0.00019
Bradyrhizobium_sp._CCBAU_53338	1325111	S	764	286	1050	0.00019
Bradyrhizobium_sp._195	2782662	S	697	229	926	0.00017
Bradyrhizobium_sp._CCGE-LA001	1223566	S	627	213	840	0.00015
Bradyrhizobium_sp._S2-11-2	2840472	S	624	473	1097	0.00020
Bradyrhizobium_sp._CCBAU_53351	1325114	S	623	288	911	0.00016
Bradyrhizobium_sp._6(2017)	1197460	S	620	282	902	0.00016
Bradyrhizobium_sp._41S5	1404443	S	541	343	884	0.00016
Bradyrhizobium_sp._S2-20-1	2840469	S	527	429	956	0.00017
Bradyrhizobium_sp._I71	2590772	S	481	413	894	0.00016
Bradyrhizobium_sp._191	2782659	S	465	447	912	0.00016
Bradyrhizobium_sp._S2-11-4	2840473	S	448	401	849	0.00015
Bradyrhizobium_sp._CCBAU_51765	1325102	S	437	390	827	0.00015
Bradyrhizobium_sp._C-145	574727	S	293	275	568	0.00010
Bradyrhizobium_sp.	376	S	250	791	1041	0.00019
Bradyrhizobium_sp._144S4	2823807	S	197	472	669	0.00012
Bradyrhizobium_sp._40	2782674	S	191	434	625	0.00011
Bradyrhizobium_sp._192	2782660	S	177	412	589	0.00011
Bradyrhizobium_sp._323S2	1404649	S	176	430	606	0.00011
Bradyrhizobium_sp._4	2782678	S	174	445	619	0.00011
Bradyrhizobium_sp._LCT2	2493093	S	95	253	348	0.00006
Bradyrhizobium_sp._TM102	2599819	S	79	523	602	0.00011
Bradyrhizobium_sp._187	2782655	S	67	322	389	0.00007
Bradyrhizobium_sp._SG09	2599805	S	58	401	459	0.00008
Bradyrhizobium_sp._1S5	2816456	S	48	532	580	0.00010
Bradyrhizobium_sp._38S5	2819348	S	48	576	624	0.00011
Bradyrhizobium_sp._172	2782643	S	34	406	440	0.00008
Bradyrhizobium_sp._CW1	2782686	S	32	487	519	0.00009
Bradyrhizobium_sp._131	2782609	S	31	498	529	0.00010
Bradyrhizobium_erythrophlei	1437360	S	4121	279	4400	0.00079
Bradyrhizobium_diazoefficiens	1355477	S	3338	8540	11878	0.00214
Bradyrhizobium_oligotrophicum	44255	S	1327	185	1512	0.00027
Bradyrhizobium_lablabi	722472	S	1277	1499	2776	0.00050
Bradyrhizobium_icense	1274631	S	1247	148	1395	0.00025
Bradyrhizobium_canariense	255045	S	1243	1874	3117	0.00056
Bradyrhizobium_japonicum	375	S	1216	1741	2957	0.00053
Bradyrhizobium_genosp._L	83637	S	1215	207	1422	0.00026
Bradyrhizobium_paxllaeri	190148	S	1164	195	1359	0.00025
Bradyrhizobium_arachidis	858423	S	1011	258	1269	0.00023
Bradyrhizobium_guangdongense	1325090	S	875	292	1167	0.00021
Bradyrhizobium_genosp._B	83627	S	809	148	957	0.00017
Bradyrhizobium_cosmicum	1404864	S	783	225	1008	0.00018
Bradyrhizobium_quebecense	2748629	S	768	399	1167	0.00021
Bradyrhizobium_vignae	1549949	S	742	150	892	0.00016
Bradyrhizobium_guangzhouense	1325095	S	726	250	976	0.00018
Bradyrhizobium_guangxiense	1325115	S	644	254	898	0.00016
Bradyrhizobium_septentrionale	1404411	S	606	341	947	0.00017
Bradyrhizobium_daqingense	993502	S	556	272	828	0.00015
Bradyrhizobium_amphicarpaeae	1404768	S	522	195	717	0.00013
Bradyrhizobium_betae	244734	S	504	256	760	0.00014
Bradyrhizobium_symbiodeficiens	1404367	S	484	685	1169	0.00021
Bradyrhizobium_zhanjiangense	1325107	S	296	279	575	0.00010
Bradyrhizobium_elkanii	29448	S	193	916	1109	0.00020
Bradyrhizobium_ottawaense	931866	S	161	993	1154	0.00021
Rhodopseudomonas_palustris	1076	S	5681	1583	7264	0.00131
Rhodopseudomonas_boonkerdii	475937	S	930	250	1180	0.00021
Rhodopseudomonas_sp._SK50-23	340268	S	890	171	1061	0.00019
Nitrobacter_winogradskyi	913	S	2114	284	2398	0.00043
Nitrobacter_hamburgensis	912	S	1157	170	1327	0.00024
Tardiphaga_sp._37S4	1404741	S	430	352	782	0.00014
Tardiphaga_sp._vice154	2592814	S	42	545	587	0.00011
Tardiphaga_sp._vice278	2592815	S	24	489	513	0.00009
Tardiphaga_sp._vice304	2592817	S	13	206	219	0.00004
Tardiphaga_robiniae	943830	S	420	309	729	0.00013
Afipia_carboxidovorans	40137	S	1190	220	1410	0.00025
Afipia_sp._GAS231	1882747	S	618	525	1143	0.00021
Variibacter_gotjawalensis	1333996	S	1631	89	1720	0.00031
Devosia_sp._A16	1736675	S	12677	1162	13839	0.00250
Devosia_sp._JXJ_CY_41	2917991	S	5422	954	6376	0.00115
Devosia_sp._SL43	2806348	S	5156	914	6070	0.00109
Devosia_sp._I507	2083786	S	5112	1311	6423	0.00116
Devosia_sp._1566	2499144	S	3402	295	3697	0.00067
Devosia_sp._MC521	2759954	S	1343	169	1512	0.00027
Devosia_ginsengisoli	400770	S	14639	2106	16745	0.00302
Devosia_salina	2860336	S	9546	2591	12137	0.00219
Devosia_oryziradicis	2801335	S	5343	778	6121	0.00110
Devosia_beringensis	2657486	S	5017	567	5584	0.00101
Devosia_rhizoryzae	2774137	S	4528	364	4892	0.00088
Youhaiella_tibetensis	1447062	S	3791	749	4540	0.00082
Paradevosia_shaoguanensis	1335043	S	3750	1118	4868	0.00088
Pelagibacterium_halotolerans	531813	S	2203	202	2405	0.00043
Maritalea_myrionectae	454601	S	156	3	159	0.00003
Microvirga_sp._VF16	2807101	S	11247	1366	12613	0.00227
Microvirga_sp._17_mud_1-3	2082949	S	6304	1013	7317	0.00132
Microvirga_ossetica	1882682	S	9273	1267	10540	0.00190
Microvirga_thermotolerans	2651334	S	4339	877	5216	0.00094
Methylobacterium_nodulans	114616	S	2596	236	2832	0.00051
Methylobacterium_sp._WL1	2603276	S	1107	190	1297	0.00023
Methylobacterium_sp._17Sr1-1	2202826	S	1041	449	1490	0.00027
Methylobacterium_sp._C1	1479019	S	93	777	870	0.00016
Methylobacterium_sp._XJLW	739141	S	51	733	784	0.00014
Methylobacterium_aquaticum	270351	S	2153	871	3024	0.00055
Methylobacterium_durans	2202825	S	1811	201	2012	0.00036
Methylobacterium_radiodurans	2202828	S	1503	285	1788	0.00032
Methylobacterium_currus	2051553	S	1341	514	1855	0.00033
Methylobacterium_organophilum	410	S	1339	726	2065	0.00037
Methylobacterium_brachiatum	269660	S	1081	361	1442	0.00026
Methylobacterium_terrae	2202827	S	1051	436	1487	0.00027
Methylobacterium_mesophilicum	39956	S	994	192	1186	0.00021
Methylobacterium_tardum	374432	S	930	313	1243	0.00022
Methylobacterium_indicum	1775910	S	924	428	1352	0.00024
Methylobacterium_oryzae	334852	S	797	1279	2076	0.00037
Methylobacterium_radiotolerans	31998	S	360	2128	2488	0.00045
Methylobacterium_phyllosphaerae	418223	S	152	606	758	0.00014
Methylorubrum_populi	223967	S	2064	832	2896	0.00052
Methylorubrum_extorquens	408	S	1535	2325	3860	0.00070
Methylorubrum_sp._B1-46	2897334	S	773	306	1079	0.00019
Methylorubrum_zatmanii	29429	S	32	161	193	0.00003
Pseudolabrys_sp._FHR47	2562284	S	5395	704	6099	0.00110
Pseudolabrys_taiwanensis	331696	S	3450	417	3867	0.00070
Starkeya_novella	921	S	2761	791	3552	0.00064
Starkeya_sp._ORNL1	2709380	S	2318	338	2656	0.00048
Ancylobacter_polymorphus	223390	S	1574	652	2226	0.00040
Ancylobacter_sp._TS-1	1850374	S	1545	515	2060	0.00037
Ancylobacter_pratisalsi	1745854	S	1217	217	1434	0.00026
Xanthobacter_dioxanivorans	2528964	S	1889	531	2420	0.00044
Xanthobacter_sp._YC-JY1	2419844	S	647	637	1284	0.00023
Xanthobacter_autotrophicus	280	S	600	645	1245	0.00022
Labrys_sp._KNU-23	2789216	S	1600	112	1712	0.00031
Azorhizobium_caulinodans	7	S	1504	227	1731	0.00031
Hyphomicrobium_denitrificans	53399	S	1973	230	2203	0.00040
Hyphomicrobium_nitrativorans	1427356	S	1796	139	1935	0.00035
Hyphomicrobium_sp._MC1	717785	S	905	77	982	0.00018
Rhodoplanes_sp._Z2-YC6860	674703	S	3734	263	3997	0.00072
Methyloceanibacter_sp._wino2	2170729	S	1531	396	1927	0.00035
Methyloceanibacter_caenitepidi	1384459	S	1508	369	1877	0.00034
Methyloligella_sp._GL2	2742204	S	1759	173	1932	0.00035
Aquabacter_sp._L1I39	2820278	S	1183	138	1321	0.00024
Caenibius_sp._WL	2872646	S	634	85	719	0.00013
Caenibius_tardaugens	169176	S	405	268	673	0.00012
Candidatus_Filomicrobium_marinum	1608628	S	1028	28	1056	0.00019
Rhodomicrobium_vannielii	1069	S	924	48	972	0.00018
Bosea_sp._F3-2	2599640	S	3486	871	4357	0.00079
Bosea_sp._ANAM02	2020412	S	2775	818	3593	0.00065
Bosea_sp._AS-1	2015316	S	2440	603	3043	0.00055
Bosea_sp._Tri-49	1867715	S	2406	423	2829	0.00051
Bosea_sp._RAC05	1842539	S	1948	485	2433	0.00044
Bosea_sp._PAMC_26642	1792307	S	1467	245	1712	0.00031
Bosea_vaviloviae	1526658	S	1756	342	2098	0.00038
Aureimonas_sp._SA4125	2826993	S	2086	291	2377	0.00043
Aureimonas_sp._AU20	1349819	S	1750	191	1941	0.00035
Aureimonas_sp._OT7	2816454	S	924	670	1594	0.00029
Aureimonas_populi	1701758	S	1646	234	1880	0.00034
Aureimonas_mangrovi	2758041	S	1425	222	1647	0.00030
Aureimonas_altamirensis	370622	S	910	292	1202	0.00022
Martelella_sp._AD-3	686597	S	587	1512	2099	0.00038
Martelella_mediterranea	293089	S	1019	289	1308	0.00024
Martelella_endophytica	1486262	S	903	140	1043	0.00019
Martelella_lutilitoris	2583532	S	590	422	1012	0.00018
Aurantimonas_sp._HBX-1	2906072	S	3092	723	3815	0.00069
Terrihabitans_soli	708113	S	5947	468	6415	0.00116
Pseudorhodoplanes_sinuspersici	1235591	S	4030	206	4236	0.00076
Nordella_sp._HKS_07	2712222	S	2247	85	2332	0.00042
Stappia_indica	538381	S	2316	414	2730	0.00049
Stappia_sp._ES.058	1881061	S	1161	112	1273	0.00023
Pannonibacter_phragmitetus	121719	S	2020	1076	3096	0.00056
Roseibium_aggregatum	187304	S	1291	148	1439	0.00026
Roseibium_alexandrii	388408	S	314	26	340	0.00006
Labrenzia_sp._VG12	2021862	S	678	65	743	0.00013
Labrenzia_sp._PHM005	2590016	S	274	18	292	0.00005
Labrenzia_sp._THAF82	2587861	S	260	13	273	0.00005
Pseudovibrio_sp._FO-BEG1	911045	S	113	45	158	0.00003
Pseudovibrio_brasiliensis	1898042	S	74	28	102	0.00002
Brucella_intermedia	94625	S	2752	357	3109	0.00056
Brucella_anthropi	529	S	1542	828	2370	0.00043
Brucella_sp._BTU1	2840456	S	83	17	100	0.00002
Brucella_sp._09RB8910	1844051	S	44	44	88	0.00002
Brucella_sp._10RB9215	1149953	S	34	35	69	0.00001
Brucella_sp._09RB8471	1149952	S	31	55	86	0.00002
Brucella_sp._6810	2769351	S	30	47	77	0.00001
Brucella_sp._2280	2592625	S	28	51	79	0.00001
Brucella_sp._458	2821140	S	24	52	76	0.00001
Brucella_sp._BO3	2691913	S	22	35	57	0.00001
Brucella_sp._BO2	693750	S	19	39	58	0.00001
[Ochrobactrum]_quorumnocens	271865	S	268	32	300	0.00005
Brucella_pseudogrignonensis	419475	S	240	83	323	0.00006
Brucella_inopinata	1218315	S	155	193	348	0.00006
Brucella_pituitosa	571256	S	64	25	89	0.00002
Brucella_melitensis	29459	S	24	1103	1127	0.00020
Pseudochrobactrum_sp._XF203	2879116	S	224	254	478	0.00009
Pseudochrobactrum_sp._Wa41.01b-1	2864102	S	55	35	90	0.00002
Pseudochrobactrum_algeriensis	2834768	S	66	52	118	0.00002
Methylocystis_bryophila	655015	S	905	68	973	0.00018
Methylocystis_parvus	134	S	867	78	945	0.00017
Methylocystis_sp._SC2	187303	S	539	129	668	0.00012
Methylocystis_sp._SB2	743836	S	189	294	483	0.00009
Methylocystis_heyeri	391905	S	735	60	795	0.00014
Methylocystis_rosea	173366	S	526	394	920	0.00017
Methylosinus_trichosporium	426	S	1145	204	1349	0.00024
Methylosinus_sp._C49	2699395	S	839	143	982	0.00018
Phreatobacter_cathodiphilus	1868589	S	2134	461	2595	0.00047
Phreatobacter_stygius	1940610	S	2126	233	2359	0.00043
Phreatobacter_sp._NMCR1094	2570229	S	1387	197	1584	0.00029
Chelatococcus_sp._CO-6	1702325	S	2568	1238	3806	0.00069
Chelatococcus_daeguensis	444444	S	1243	612	1855	0.00033
Kaustia_mangrovi	2593653	S	2591	173	2764	0.00050
Parvibaculum_lavamentivorans	256618	S	1111	441	1552	0.00028
Pyruvatibacter_mobilis	1712261	S	748	70	818	0.00015
Candidatus_Phaeomarinobacter_ectocarpi	1458461	S	299	11	310	0.00006
Kaistia_sp._32K	2795690	S	4021	678	4699	0.00085
Methylocella_silvestris	199596	S	832	66	898	0.00016
Methylocella_tundrae	227605	S	721	49	770	0.00014
Methylovirgula_ligni	569860	S	750	65	815	0.00015
Methylovirgula_sp._HY1	2822761	S	580	25	605	0.00011
Beijerinckia_indica	533	S	405	21	426	0.00008
Blastochloris_tepida	2233851	S	1653	407	2060	0.00037
Blastochloris_viridis	1079	S	1495	295	1790	0.00032
Acuticoccus_sp._I52.16.1	2928472	S	2620	185	2805	0.00051
Hartmannibacter_diazotrophicus	1482074	S	1724	214	1938	0.00035
Breoghania_sp._L-A4	2304600	S	1681	152	1833	0.00033
Lichenihabitans_psoromatis	2528642	S	372	225	597	0.00011
Lichenihabitans_sp._PAMC28606	2880932	S	324	228	552	0.00010
Cohaesibacter_sp._ES.047	1798205	S	294	7	301	0.00005
Bartonella_apis	1686310	S	100	17	117	0.00002
Bartonella_sp._HY038	2759660	S	37	15	52	0.00001
Bartonella_australis	388640	S	15	16	31	0.00001
Sphingomonas_sp._DM2-R-LB4	2899123	S	4559	1357	5916	0.00107
Sphingomonas_sp._MM-1	745310	S	3764	3628	7392	0.00133
Sphingomonas_sp._S8-45	2938948	S	3510	355	3865	0.00070
Sphingomonas_sp._HDW15A	2714942	S	2853	175	3028	0.00055
Sphingomonas_sp._CL5.1	2653203	S	2652	754	3406	0.00061
Sphingomonas_sp._Cra20	1327635	S	2607	398	3005	0.00054
Sphingomonas_sp._AK-PDB1-5	2872652	S	2462	351	2813	0.00051
Sphingomonas_sp._LM7	1938607	S	2393	511	2904	0.00052
Sphingomonas_sp._AP4-R1	2735134	S	2230	240	2470	0.00045
Sphingomonas_sp._S2-65	2903960	S	2109	357	2466	0.00044
Sphingomonas_sp._NBWT7	2596913	S	1683	460	2143	0.00039
Sphingomonas_sp._AAP5	1523415	S	1671	391	2062	0.00037
Sphingomonas_sp._FARSPH	2219696	S	1659	1170	2829	0.00051
Sphingomonas_sp._KC8	1030157	S	1550	162	1712	0.00031
Sphingomonas_sp._PAMC26645	2565555	S	1311	468	1779	0.00032
Sphingomonas_sp._HMP9	1517554	S	1271	598	1869	0.00034
Sphingomonas_sp._HMP6	1517551	S	1197	237	1434	0.00026
Sphingomonas_sp._LK11	1390395	S	886	895	1781	0.00032
Sphingomonas_sp._NIC1	1961362	S	710	2306	3016	0.00054
Sphingomonas_sp._IC081	304378	S	336	1753	2089	0.00038
Sphingomonas_sediminicola	386874	S	7221	576	7797	0.00141
Sphingomonas_daechungensis	1176646	S	6379	517	6896	0.00124
Sphingomonas_lutea	1045317	S	4885	506	5391	0.00097
Sphingomonas_sabuli	2764186	S	4648	454	5102	0.00092
Sphingomonas_ginsengisoli_An_et_al._2013	363835	S	4537	508	5045	0.00091
Sphingomonas_sinipercae	2714944	S	4226	451	4677	0.00084
Sphingomonas_rhizophila	2071607	S	4015	926	4941	0.00089
Sphingomonas_profundi	2681549	S	3814	502	4316	0.00078
Sphingomonas_xanthus	2594473	S	3304	668	3972	0.00072
Sphingomonas_piscis	2714943	S	3252	235	3487	0.00063
Sphingomonas_sanxanigenens	397260	S	3051	1242	4293	0.00077
Sphingomonas_koreensis	93064	S	3026	2069	5095	0.00092
Sphingomonas_alpina	653931	S	3011	213	3224	0.00058
Sphingomonas_changnyeongensis	2698679	S	2459	372	2831	0.00051
Sphingomonas_hengshuiensis	1609977	S	2151	243	2394	0.00043
Sphingomonas_suaedae	2599297	S	2077	234	2311	0.00042
Sphingomonas_taxi	1549858	S	1837	512	2349	0.00042
Sphingomonas_panacis	1560345	S	1800	222	2022	0.00036
Sphingomonas_panacisoli	1813879	S	1483	171	1654	0.00030
Sphingomonas_radiodurans	2890321	S	1371	149	1520	0.00027
Sphingomonas_aliaeris	2759526	S	1328	136	1464	0.00026
Sphingomonas_paucimobilis	13689	S	1260	775	2035	0.00037
Sphingomonas_insulae	424800	S	1241	318	1559	0.00028
Sphingomonas_sanguinis	33051	S	922	812	1734	0.00031
Sphingomonas_melonis	152682	S	767	2528	3295	0.00059
Sphingomonas_lacunae	2698828	S	675	53	728	0.00013
Sphingomonas_paeninsulae	2319844	S	536	15	551	0.00010
Sphingopyxis_sp._PAMC25046	2565556	S	12080	3933	16013	0.00289
Sphingopyxis_sp._113P3	292913	S	3091	936	4027	0.00073
Sphingopyxis_sp._YF1	2482763	S	2245	375	2620	0.00047
Sphingopyxis_sp._FD7	1914525	S	2128	632	2760	0.00050
Sphingopyxis_sp._QXT-31	1357916	S	2098	422	2520	0.00045
Sphingopyxis_sp._OPL5	2486273	S	1933	266	2199	0.00040
Sphingopyxis_sp._BSN-002	2911495	S	1847	238	2085	0.00038
Sphingopyxis_sp._EG6	1874061	S	1758	583	2341	0.00042
Sphingopyxis_sp._MG	1866325	S	346	1805	2151	0.00039
Sphingopyxis_macrogoltabida	33050	S	3698	1327	5025	0.00091
Sphingopyxis_fribergensis	1515612	S	2293	654	2947	0.00053
Sphingopyxis_lindanitolerans	2054227	S	1929	663	2592	0.00047
Sphingopyxis_terrae	33052	S	1917	736	2653	0.00048
Sphingopyxis_alaskensis	117207	S	1573	239	1812	0.00033
Sphingopyxis_granuli	267128	S	1421	2323	3744	0.00068
Sphingobium_sp._Cam5-1	2789327	S	4277	1151	5428	0.00098
Sphingobium_sp._SYK-6	627192	S	2025	411	2436	0.00044
Sphingobium_sp._EP60837	1855519	S	1763	340	2103	0.00038
Sphingobium_sp._TKS	1315974	S	1264	1281	2545	0.00046
Sphingobium_sp._MI1205	407020	S	1182	1216	2398	0.00043
Sphingobium_sp._CAP-1	2676077	S	1166	547	1713	0.00031
Sphingobium_sp._YG1	2082188	S	1062	349	1411	0.00025
Sphingobium_sp._RAC03	1843368	S	1010	125	1135	0.00020
Sphingobium_sp._SCG-1	2072936	S	940	44	984	0.00018
Sphingobium_sp._KCTC_72723	2733867	S	864	98	962	0.00017
Sphingobium_sp._PAMC28499	2565554	S	281	457	738	0.00013
Sphingobium_sp._RSMS	520734	S	268	1352	1620	0.00029
Sphingobium_sp._YBL2	484429	S	227	1242	1469	0.00026
Sphingobium_sp._LF-16	2185111	S	16	222	238	0.00004
Sphingobium_yanoikuyae	13690	S	1837	2785	4622	0.00083
Sphingobium_indicum	332055	S	1456	832	2288	0.00041
Sphingobium_phenoxybenzoativorans	1592790	S	1317	447	1764	0.00032
Sphingobium_cloacae	120107	S	1257	1464	2721	0.00049
Sphingobium_amiense	135719	S	1253	1280	2533	0.00046
Sphingobium_herbicidovorans	76947	S	1239	711	1950	0.00035
Sphingobium_chlorophenolicum	46429	S	1091	392	1483	0.00027
Sphingobium_baderi	1332080	S	1053	810	1863	0.00034
Sphingobium_xenophagum	121428	S	997	506	1503	0.00027
Sphingobium_fuliginis	336203	S	413	1465	1878	0.00034
Novosphingobium_sp._Sx8-5	2896849	S	1972	228	2200	0.00040
Novosphingobium_sp._EMRT-2	2571749	S	1876	833	2709	0.00049
Novosphingobium_sp._Gsoil_351	2675225	S	1786	103	1889	0.00034
Novosphingobium_sp._P6W	1609758	S	1380	153	1533	0.00028
Novosphingobium_sp._ES2-1	2780074	S	1123	526	1649	0.00030
Novosphingobium_sp._THN1	1016987	S	1089	363	1452	0.00026
Novosphingobium_sp._PP1Y	702113	S	664	839	1503	0.00027
Novosphingobium_sp._KA1	164608	S	396	1691	2087	0.00038
Novosphingobium_resinovorum	158500	S	1924	768	2692	0.00049
Novosphingobium_aromaticivorans	48935	S	1412	528	1940	0.00035
Novosphingobium_decolorationis	2698673	S	1372	568	1940	0.00035
Novosphingobium_ginsenosidimutans	1176536	S	1262	92	1354	0.00024
Novosphingobium_pentaromativorans	205844	S	582	1023	1605	0.00029
Rhizorhabdus_wittichii	160791	S	3700	1777	5477	0.00099
Rhizorhabdus_dicambivorans	1850238	S	2321	1622	3943	0.00071
Rhizorhabdus_phycosphaerae	2711156	S	1734	174	1908	0.00034
Allosphingosinicella_indica	941907	S	7462	662	8124	0.00147
Sphingosinithalassobacter_sp._CS137	2762748	S	2491	414	2905	0.00052
Sphingosinithalassobacter_tenebrarum	2711215	S	1479	385	1864	0.00034
Parasphingopyxis_algicola	2026624	S	1671	91	1762	0.00032
Parasphingopyxis_sp._CP4	2724527	S	417	15	432	0.00008
Sphingorhabdus_sp._YGSMI21	2077182	S	570	82	652	0.00012
Sphingorhabdus_sp._SMR4y	2584094	S	452	64	516	0.00009
Sphingorhabdus_sp._M41	1806885	S	354	35	389	0.00007
Sphingorhabdus_lacus	392610	S	306	8	314	0.00006
Sphingorhabdus_lutea	1913578	S	44	2	46	0.00001
Blastomonas_sp._RAC04	1842535	S	414	551	965	0.00017
Blastomonas_fulva	1550728	S	355	603	958	0.00017
Tardibacter_chloracetimidivorans	1921510	S	1438	924	2362	0.00043
Hankyongella_ginsenosidimutans	1763828	S	1035	157	1192	0.00022
Citromicrobium_sp._JL477	1634516	S	1022	382	1404	0.00025
Novosphingopyxis_iocasae	2762729	S	924	417	1341	0.00024
Parasphingorhabdus_sp._JHSY0214	2806553	S	183	13	196	0.00004
Parasphingorhabdus_halotolerans	2725558	S	162	4	166	0.00003
Parasphingorhabdus_litoris	394733	S	159	11	170	0.00003
Aquisediminimonas_profunda	1550733	S	447	10	457	0.00008
Erythrobacter_sp._HKB08	2502843	S	1436	271	1707	0.00031
Erythrobacter_sp._HL-111	1798193	S	1377	224	1601	0.00029
Erythrobacter_sp._SDW2	2907154	S	1136	248	1384	0.00025
Erythrobacter_sp._JK5	2829500	S	939	277	1216	0.00022
Erythrobacter_sp._A30-3	2785907	S	544	405	949	0.00017
Erythrobacter_sp._LQ02-29	2920384	S	539	585	1124	0.00020
Erythrobacter_sp._THAF29	2587851	S	538	119	657	0.00012
Erythrobacter_sp._3-20A1M	2653850	S	500	760	1260	0.00023
Erythrobacter_sp._KY5	2011159	S	467	27	494	0.00009
Erythrobacter_sp._SCSIO_43205	2779361	S	226	36	262	0.00005
Erythrobacter_litoralis	39960	S	1809	749	2558	0.00046
Erythrobacter_mangrovi	2739433	S	771	273	1044	0.00019
Erythrobacter_neustonensis	1112	S	694	127	821	0.00015
Erythrobacter_aureus	2182384	S	652	94	746	0.00013
Porphyrobacter_sp._CACIAM_03H1	2003315	S	1353	342	1695	0.00031
Porphyrobacter_sp._LM_6	1896196	S	803	242	1045	0.00019
Porphyrobacter_sp._HT-58-2	2023229	S	673	138	811	0.00015
Porphyrobacter_sp._GA68	2883480	S	644	189	833	0.00015
Qipengyuania_flava	192812	S	2158	1066	3224	0.00058
Qipengyuania_sediminis	1532023	S	1040	103	1143	0.00021
Qipengyuania_soli	2782568	S	802	118	920	0.00017
Qipengyuania_aurantiaca	2867233	S	730	206	936	0.00017
Qipengyuania_gelatinilytica	2867231	S	650	109	759	0.00014
Qipengyuania_seohaensis	266951	S	524	102	626	0.00011
Qipengyuania_aquimaris	255984	S	393	427	820	0.00015
Qipengyuania_xiapuensis	2867236	S	372	399	771	0.00014
Qipengyuania_psychrotolerans	2867238	S	346	30	376	0.00007
Altererythrobacter_sp._B11	2060312	S	2372	1035	3407	0.00061
Altererythrobacter_sp._TH136	2067415	S	1208	177	1385	0.00025
Altererythrobacter_sp._BO-6	2604537	S	698	94	792	0.00014
Altererythrobacter_sp._ZODW24	2185142	S	304	9	313	0.00006
Altererythrobacter_epoxidivorans	361183	S	652	173	825	0.00015
Altererythrobacter_ishigakiensis	476157	S	180	10	190	0.00003
Tsuneonella_amylolytica	2338327	S	1557	379	1936	0.00035
Tsuneonella_dongtanensis	692370	S	1449	233	1682	0.00030
Tsuneonella_mangrovi	1982042	S	1068	131	1199	0.00022
Tsuneonella_flava	2055955	S	466	126	592	0.00011
Croceicoccus_sp._YJ47	2798724	S	814	294	1108	0.00020
Croceicoccus_sp._Ery5	1703340	S	297	346	643	0.00012
Croceicoccus_sp._Ery15	1703338	S	235	388	623	0.00011
Croceicoccus_marinus	450378	S	1547	777	2324	0.00042
Croceicoccus_naphthovorans	1348774	S	667	702	1369	0.00025
Pelagerythrobacter_marensis	543877	S	1961	223	2184	0.00039
Croceibacterium_atlanticum	1267766	S	1063	442	1505	0.00027
Aurantiacibacter_gangjinensis	502682	S	675	48	723	0.00013
Aurantiacibacter_atlanticus	1648404	S	299	99	398	0.00007
Paraurantiacibacter_namhicola	645517	S	810	82	892	0.00016
Sphingosinicella_sp._BN140058	1892855	S	5205	339	5544	0.00100
Sphingosinicella_flava	2771430	S	4846	555	5401	0.00097
Sphingosinicella_microcystinivorans	335406	S	1518	151	1669	0.00030
Polymorphobacter_sp._PAMC_29362	2835787	S	537	337	874	0.00016
Polymorphobacter_sp._PAMC_29334	2862331	S	484	313	797	0.00014
Sandaracinobacter_sp._M6	2759707	S	850	41	891	0.00016
Zymomonas_mobilis	542	S	112	130	242	0.00004
Brevundimonas_sp._M20	2591463	S	7310	657	7967	0.00144
Brevundimonas_sp._PAMC22021	2861285	S	4394	587	4981	0.00090
Brevundimonas_sp._MF30-B	2561924	S	4186	392	4578	0.00083
Brevundimonas_sp._LM2	1938605	S	3403	347	3750	0.00068
Brevundimonas_sp._AJA228-03	2752515	S	2352	188	2540	0.00046
Brevundimonas_sp._CS1	2813778	S	1138	775	1913	0.00035
Brevundimonas_sp._DS20	1532555	S	1118	2216	3334	0.00060
Brevundimonas_sp._SGAir0440	2579977	S	1042	673	1715	0.00031
Brevundimonas_sp._Bb-A	2560058	S	991	1751	2742	0.00049
Brevundimonas_sp._GW460-12-10-14-LB2	1827469	S	819	974	1793	0.00032
Brevundimonas_sp._'scallop'	2562582	S	657	814	1471	0.00027
Brevundimonas_albigilva	1312364	S	11965	4179	16144	0.00291
Brevundimonas_naejangsanensis	588932	S	9138	1879	11017	0.00199
Brevundimonas_goettingensis	2774190	S	3929	362	4291	0.00077
Brevundimonas_mediterranea	74329	S	3278	775	4053	0.00073
Brevundimonas_diminuta	293	S	3237	3894	7131	0.00129
Brevundimonas_pondensis	2774189	S	3057	586	3643	0.00066
Brevundimonas_nasdae	172043	S	2806	1054	3860	0.00070
Brevundimonas_subvibrioides	74313	S	2504	266	2770	0.00050
Brevundimonas_vitisensis	2800818	S	2252	162	2414	0.00044
Brevundimonas_vancanneytii	1325724	S	637	1558	2195	0.00040
Brevundimonas_vesicularis	41276	S	552	803	1355	0.00024
Caulobacter_mirabilis	69666	S	10675	1171	11846	0.00214
Caulobacter_sp._S6	2823693	S	3507	236	3743	0.00067
Caulobacter_sp._FWC26	69665	S	1176	373	1549	0.00028
Caulobacter_segnis	88688	S	3957	1344	5301	0.00096
Caulobacter_flavus	1679497	S	3038	551	3589	0.00065
Caulobacter_vibrioides	155892	S	2730	2364	5094	0.00092
Caulobacter_rhizosphaerae	2010972	S	2361	468	2829	0.00051
Caulobacter_soli	2708539	S	2090	454	2544	0.00046
Caulobacter_henricii	69395	S	1259	141	1400	0.00025
Phenylobacterium_zucineum	284016	S	24576	3007	27583	0.00497
Phenylobacterium_parvum	2201350	S	2302	143	2445	0.00044
Terricaulis_silvestris	2686094	S	4162	97	4259	0.00077
Asticcacaulis_excentricus	78587	S	605	76	681	0.00012
Asticcacaulis_sp._AND118	2840468	S	528	67	595	0.00011
Azospirillum_brasilense	192	S	4669	3368	8037	0.00145
Azospirillum_sp._TSA2s	709810	S	1025	655	1680	0.00030
Azospirillum_sp._B510	137722	S	1000	303	1303	0.00024
Azospirillum_sp._TSH100	652764	S	878	329	1207	0.00022
Azospirillum_sp._TSH58	664962	S	752	832	1584	0.00029
Azospirillum_thermophilum	2202148	S	2648	419	3067	0.00055
Azospirillum_thiophilum	528244	S	1254	316	1570	0.00028
Azospirillum_ramasamyi	682998	S	822	374	1196	0.00022
Azospirillum_oryzae	286727	S	721	516	1237	0.00022
Azospirillum_humicireducens	1226968	S	643	309	952	0.00017
Azospirillum_lipoferum	193	S	626	378	1004	0.00018
Azospirillum_baldaniorum	1064539	S	464	793	1257	0.00023
Skermanella_rosea	1817965	S	1442	1305	2747	0.00050
Skermanella_mucosa	1789672	S	1149	782	1931	0.00035
Skermanella_sp._TT6	2775420	S	1104	1073	2177	0.00039
Skermanella_pratensis	2233999	S	1084	574	1658	0.00030
Indioceanicola_profundi	2220096	S	2277	224	2501	0.00045
Nitrospirillum_amazonense	28077	S	1402	114	1516	0.00027
Niveispirillum_cyanobacteriorum	1612173	S	646	51	697	0.00013
Roseomonas_sp._OT10	2897332	S	2020	368	2388	0.00043
Roseomonas_sp._S08	1750527	S	1906	74	1980	0.00036
Roseomonas_sp._FDAARGOS_362	2018065	S	168	792	960	0.00017
Roseomonas_gilardii	257708	S	1656	589	2245	0.00040
Roseomonas_marmotae	2768161	S	1632	113	1745	0.00031
Roseomonas_haemaphysalidis	2768162	S	1467	101	1568	0.00028
Roseomonas_mucosa	207340	S	125	679	804	0.00015
Rhodovastum_atsumiense	504468	S	1634	97	1731	0.00031
Komagataeibacter_xylinus	28448	S	415	706	1121	0.00020
Komagataeibacter_saccharivorans	265959	S	169	50	219	0.00004
Komagataeibacter_nataicola	265960	S	127	53	180	0.00003
Komagataeibacter_europaeus	33995	S	109	49	158	0.00003
Komagataeibacter_oboediens	65958	S	107	41	148	0.00003
Komagataeibacter_medellinensis	1177712	S	101	70	171	0.00003
Roseococcus_microcysteis	2771361	S	1338	80	1418	0.00026
Acidiphilium_multivorum	62140	S	247	847	1094	0.00020
Acidiphilium_cryptum	524	S	62	335	397	0.00007
Sediminicoccus_rosea	1225128	S	914	30	944	0.00017
Lichenicola_cladoniae	1484109	S	799	23	822	0.00015
Acetobacter_aceti	435	S	362	110	472	0.00009
Acetobacter_sp._KACC_21233	2592655	S	88	13	101	0.00002
Acetobacter_persici	1076596	S	65	6	71	0.00001
Acetobacter_ghanensis	431306	S	44	8	52	0.00001
Acetobacter_pasteurianus	438	S	35	93	128	0.00002
Acetobacter_orientalis	146474	S	23	2	25	0.00000
Acetobacter_tropicalis	104102	S	19	24	43	0.00001
Acetobacter_senegalensis	446692	S	16	21	37	0.00001
Acetobacter_ascendens	481146	S	13	14	27	0.00000
Acidibrevibacterium_fodinaquatile	1969806	S	767	43	810	0.00015
Gluconobacter_oxydans	442	S	218	200	418	0.00008
Gluconobacter_albidus	318683	S	109	14	123	0.00002
Gluconobacter_sphaericus	574987	S	63	11	74	0.00001
Gluconobacter_frateurii	38308	S	43	8	51	0.00001
Gluconobacter_thailandicus	257438	S	18	10	28	0.00001
Gluconacetobacter_diazotrophicus	33996	S	573	88	661	0.00012
Granulibacter_bethesdensis	364410	S	331	17	348	0.00006
Neoasaia_chiangmaiensis	320497	S	238	36	274	0.00005
Asaia_bogorensis	91915	S	221	24	245	0.00004
Novacetimonas_hansenii	436	S	159	70	229	0.00004
Kozakia_baliensis	153496	S	142	39	181	0.00003
Oecophyllibacter_saccharovorans	2558360	S	125	2	127	0.00002
Swingsia_sp._F3b2	2558361	S	63	0	63	0.00001
Neokomagataea_tanensis	661191	S	28	2	30	0.00001
Entomobacter_blattae	2762277	S	11	0	11	0.00000
Hypericibacter_adhaerens	2602016	S	3171	505	3676	0.00066
Hypericibacter_terrae	2602015	S	2436	315	2751	0.00050
Magnetospirillum_sp._XM-1	1663591	S	669	201	870	0.00016
Magnetospirillum_sp._ME-1	1639348	S	544	178	722	0.00013
Magnetospirillum_gryphiswaldense	55518	S	845	44615	45460	0.00820
Magnetospirillum_magneticum	84159	S	666	41	707	0.00013
Rhodospirillum_centenum	34018	S	1772	166	1938	0.00035
Rhodospirillum_rubrum	1085	S	777	37	814	0.00015
Ferrovibrio_terrae	2594003	S	2006	84	2090	0.00038
Tistrella_mobilis	171437	S	1629	363	1992	0.00036
Defluviicoccus_vanus	111831	S	723	44	767	0.00014
Pararhodospirillum_photometricum	1084	S	464	20	484	0.00009
Haematospirillum_jordaniae	1549855	S	93	4	97	0.00002
Candidatus_Endolissoclinum_faulkneri	1263979	S	34	0	34	0.00001
Stella_humosa	94	S	4584	207	4791	0.00086
Elioraea_tepida	2843330	S	1353	41	1394	0.00025
Thalassospira_sp._A40-3	2785908	S	93	34	127	0.00002
Thalassospira_sp._B30-1	2785911	S	74	104	178	0.00003
Thalassospira_marina	2048283	S	128	4	132	0.00002
Thalassospira_indica	1891279	S	113	55	168	0.00003
Thalassospira_xiamenensis	220697	S	46	63	109	0.00002
Magnetospira_sp._QH-2	1288970	S	361	6	367	0.00007
Terasakiella_sp._SH-1	2560057	S	54	0	54	0.00001
Paracoccus_sp._AK26	2589076	S	1639	240	1879	0.00034
Paracoccus_sp._MC1862	2760307	S	912	87	999	0.00018
Paracoccus_sp._MA	2895796	S	688	337	1025	0.00018
Paracoccus_sp._S8-55	2903900	S	532	62	594	0.00011
Paracoccus_sp._H4-D09	2812658	S	376	71	447	0.00008
Paracoccus_sp._Arc7-R13	2500532	S	345	331	676	0.00012
Paracoccus_sanguinis	1545044	S	1093	254	1347	0.00024
Paracoccus_denitrificans	266	S	1047	436	1483	0.00027
Paracoccus_yeei	147645	S	877	1243	2120	0.00038
Paracoccus_pantotrophus	82367	S	848	416	1264	0.00023
Paracoccus_liaowanqingii	2560053	S	756	77	833	0.00015
Paracoccus_zhejiangensis	1077935	S	751	170	921	0.00017
Paracoccus_aminovorans	34004	S	691	178	869	0.00016
Paracoccus_contaminans	1945662	S	644	136	780	0.00014
Paracoccus_jeotgali	2065379	S	619	114	733	0.00013
Paracoccus_suum	2259340	S	553	88	641	0.00012
Paracoccus_kondratievae	135740	S	458	80	538	0.00010
Paracoccus_aminophilus	34003	S	424	40	464	0.00008
Paracoccus_tegillarcae	1529068	S	317	17	334	0.00006
Paracoccus_marcusii	59779	S	215	179	394	0.00007
Paracoccus_mutanolyticus	1499308	S	100	314	414	0.00007
Cereibacter_sphaeroides	1063	S	2376	1337	3713	0.00067
Cereibacter_azotoformans	43057	S	230	869	1099	0.00020
Rhodobacter_sp._CZR27	2033869	S	1003	324	1327	0.00024
Rhodobacter_sp._N10	2807096	S	747	89	836	0.00015
Rhodobacter_sp._LPB0142	1850250	S	618	327	945	0.00017
Rhodobacter_capsulatus	1061	S	789	150	939	0.00017
Rhodovulum_sp._P5	1564506	S	464	49	513	0.00009
Rhodovulum_sp._MB263	308754	S	414	162	576	0.00010
Rhodovulum_sulfidophilum	35806	S	666	400	1066	0.00019
Polymorphum_gilvum	991904	S	1628	319	1947	0.00035
Paroceanicella_profunda	2579971	S	1515	391	1906	0.00034
Pikeienuella_piscinae	2748098	S	1091	89	1180	0.00021
Silicimonas_algicola	1826607	S	953	53	1006	0.00018
Pontivivens_ytuae	2789856	S	929	59	988	0.00018
Thioclava_electrotropha	1549850	S	420	115	535	0.00010
Thioclava_nitratireducens	1915078	S	354	127	481	0.00009
Pelagovum_pacificum	2588711	S	844	98	942	0.00017
Frigidibacter_mobilis	1335048	S	836	308	1144	0.00021
Pukyongiella_litopenaei	2605946	S	610	158	768	0.00014
Brevirhabdus_pacifica	1267768	S	600	302	902	0.00016
Haematobacter_massiliensis	195105	S	528	193	721	0.00013
Fuscovulum_blasticum	1075	S	499	61	560	0.00010
Falsirhodobacter_sp._PG104	2692330	S	456	60	516	0.00009
Gymnodinialimonas_ceratoperidinii	2856823	S	452	41	493	0.00009
Gemmobacter_aquarius	2169400	S	441	63	504	0.00009
Tabrizicola_piscis	2494374	S	409	35	444	0.00008
Pseudopuniceibacterium_antarcticum	2613965	S	393	30	423	0.00008
Pacificitalea_manganoxidans	1411902	S	365	86	451	0.00008
Pseudooceanicola_algae	1537215	S	327	31	358	0.00006
Monaibacterium_sp._h42	2758038	S	310	79	389	0.00007
Roseicitreum_antarcticum	564137	S	279	14	293	0.00005
Qingshengfaniella_alkalisoli	2599296	S	235	11	246	0.00004
Yoonia_vestfoldensis	245188	S	230	58	288	0.00005
Tritonibacter_mobilis	379347	S	229	112	341	0.00006
Rhodophyticola_sp._CCM32	2916397	S	178	5	183	0.00003
Pseudohalocynthiibacter_aestuariivivens	1591409	S	167	38	205	0.00004
Profundibacter_amoris	2171755	S	152	4	156	0.00003
Pseudorhodobacter_turbinis	2500533	S	133	8	141	0.00003
Rhodobaca_barguzinensis	441209	S	133	5	138	0.00002
Parasedimentitalea_marina	2483033	S	112	4	116	0.00002
Cognatishimia_activa	1715691	S	103	4	107	0.00002
Aestuarium_zhoushanense	2820523	S	95	42	137	0.00002
Planktomarina_temperata	1284658	S	53	1	54	0.00001
Roseovarius_sp._SCSIO_43702	2823043	S	751	54	805	0.00015
Roseovarius_sp._THAF9	2587847	S	354	95	449	0.00008
Roseovarius_sp._THAF8	2587846	S	142	244	386	0.00007
Roseovarius_sp._THAF27	2587850	S	136	251	387	0.00007
Roseovarius_sp._TM1035	391613	S	48	131	179	0.00003
Roseovarius_indicus	540747	S	811	277	1088	0.00020
Roseovarius_faecimaris	2494550	S	331	13	344	0.00006
Roseovarius_mucosus	215743	S	49	134	183	0.00003
Sulfitobacter_sp._JK7-1	2829501	S	323	16	339	0.00006
Sulfitobacter_sp._THAF37	2587855	S	299	132	431	0.00008
Sulfitobacter_sp._D7	1968541	S	147	60	207	0.00004
Sulfitobacter_sp._JL08	2070369	S	137	3	140	0.00003
Sulfitobacter_sp._SK011	1389004	S	107	2	109	0.00002
Sulfitobacter_sp._DSM_110093	2883127	S	94	27	121	0.00002
Sulfitobacter_sp._BSw21498	664426	S	85	14	99	0.00002
Sulfitobacter_sp._SK012	1389005	S	78	1	79	0.00001
Sulfitobacter_sp._SK025	1389011	S	42	92	134	0.00002
Sulfitobacter_sp._CB2047	1525218	S	24	69	93	0.00002
Sulfitobacter_sp._B30-2	2785912	S	18	40	58	0.00001
Sulfitobacter_alexandrii	1917485	S	498	275	773	0.00014
Sulfitobacter_mediterraneus	83219	S	235	25	260	0.00005
Sulfitobacter_indolifex	225422	S	167	39	206	0.00004
Sulfitobacter_dubius	218673	S	134	62	196	0.00004
Sulfitobacter_pontiacus	60137	S	59	135	194	0.00004
Salipiger_profundus	1229727	S	959	445	1404	0.00025
Salipiger_abyssi	1250539	S	709	292	1001	0.00018
Salipiger_sp._CCB-MM3	1792508	S	605	82	687	0.00012
Roseivivax_sp._THAF30	2587852	S	489	108	597	0.00011
Roseivivax_sp._THAF40	2587858	S	16	303	319	0.00006
Roseivivax_sp._THAF197b	2588299	S	13	190	203	0.00004
Roseivivax_marinus	1379903	S	942	158	1100	0.00020
Celeribacter_indicus	1208324	S	911	471	1382	0.00025
Celeribacter_ethanolicus	1758178	S	268	100	368	0.00007
Celeribacter_baekdonensis	875171	S	142	41	183	0.00003
Celeribacter_marinus	1397108	S	74	2	76	0.00001
Phaeobacter_gallaeciensis	60890	S	331	143	474	0.00009
Phaeobacter_inhibens	221822	S	293	111	404	0.00007
Phaeobacter_piscinae	1580596	S	131	104	235	0.00004
Phaeobacter_porticola	1844006	S	69	21	90	0.00002
Phaeobacter_sp._LSS9	681157	S	32	49	81	0.00001
Leisingera_aquaemixtae	1396826	S	369	68	437	0.00008
Leisingera_methylohalidivorans	133924	S	262	62	324	0.00006
Leisingera_sp._NJS204	2508307	S	70	109	179	0.00003
Leisingera_sp._NJS201	2508306	S	68	100	168	0.00003
Ruegeria_sp._TM1040	292414	S	150	25	175	0.00003
Ruegeria_sp._SCSIO_43209	2793010	S	121	24	145	0.00003
Ruegeria_sp._THAF33	2587853	S	118	32	150	0.00003
Ruegeria_sp._AD91A	2293862	S	112	12	124	0.00002
Ruegeria_pomeroyi	89184	S	426	74	500	0.00009
Sagittula_sp._P11	2009329	S	822	366	1188	0.00021
Yangia_pacifica	311180	S	815	129	944	0.00017
Sulfitobacter_pseudonitzschiae	1402135	S	511	197	708	0.00013
Pseudosulfitobacter_sp._DSM_107133	2883100	S	215	96	311	0.00006
Ponticoccus_alexandrii	1943633	S	684	101	785	0.00014
Dinoroseobacter_shibae	215813	S	617	247	864	0.00016
Mameliella_alba	561184	S	566	111	677	0.00012
Ketogulonicigenium_vulgare	92945	S	252	38	290	0.00005
Ketogulonicigenium_robustum	92947	S	201	22	223	0.00004
Roseobacter_ponti	1891787	S	202	4	206	0.00004
Roseobacter_denitrificans	2434	S	138	14	152	0.00003
Roseobacter_litoralis	42443	S	101	12	113	0.00002
Oceanicola_sp._D3	2587163	S	450	21	471	0.00008
Actibacterium_sp._EMB200-NS6	1609966	S	438	233	671	0.00012
Roseibacterium_elongatum	159346	S	424	32	456	0.00008
Octadecabacter_sp._SW4	2602067	S	143	22	165	0.00003
Octadecabacter_arcticus	53946	S	116	12	128	0.00002
Octadecabacter_antarcticus	1217908	S	82	7	89	0.00002
Octadecabacter_temperatus	1458307	S	49	0	49	0.00001
Maribius_sp._THAF1	2587842	S	313	14	327	0.00006
Thalassococcus_sp._S3	2017482	S	296	7	303	0.00005
Tateyamaria_omphalii	299262	S	278	8	286	0.00005
Jannaschia_sp._CCS1	290400	S	258	6	264	0.00005
Antarctobacter_heliothermus	74033	S	253	12	265	0.00005
Thalassobius_gelatinovorus	53501	S	149	7	156	0.00003
Falsihalocynthiibacter_arcticus	1579316	S	50	1	51	0.00001
Micavibrio_aeruginosavorus	349221	S	4822	39	4861	0.00088
Candidatus_Puniceispirillum_marinum	767892	S	42	0	42	0.00001
Candidatus_Viadribacter_manganicus	1759059	S	2070	41	2111	0.00038
Hyphomonas_sp._CACIAM_19H1	1873716	S	379	47	426	0.00008
Hyphomonas_sp._KY3	2016196	S	196	20	216	0.00004
Hyphomonas_sp._Mor2	1906738	S	180	3	183	0.00003
Hyphomonas_neptunium	81032	S	342	31	373	0.00007
Hirschia_baltica	2724	S	24	0	24	0.00000
Marinicauda_algicola	2029849	S	1020	138	1158	0.00021
Maricaulis_maris	74318	S	323	16	339	0.00006
Glycocaulis_alkaliphilus	1434191	S	296	13	309	0.00006
Hyphobacterium_sp._CCMP332	2749086	S	233	5	238	0.00004
Aquisalinus_flavus	1526572	S	435	14	449	0.00008
Parvularcula_bermudensis	208216	S	142	13	155	0.00003
Anaplasma_ovis	142058	S	21	6	27	0.00001
Anaplasma_platys	949	S	11	1	12	0.00000
Candidatus_Phycorickettsia_trachydisci	2115978	S	12	4	16	0.00000
Candidatus_Fokinia_solitaria	1802984	S	17	0	17	0.00000
Candidatus_Midichloria_mitochondrii	234827	S	14	2	16	0.00000
Rickettsiales_endosymbiont_of_Stachyamoeba_lipophora	2486578	S	15	4	19	0.00000
Luteithermobacter_gelatinilyticus	2582913	S	133	11	144	0.00003
Paremcibacter_congregatus	2043170	S	130	2	132	0.00002
Candidatus_Hydrogenosomobacter_endosymbioticus	2558174	S	16	0	16	0.00000
endosymbiont_of_Acanthamoeba_sp._UWC8	86106	S	11	0	11	0.00000
Candidatus_Paracaedibacter_acanthamoebae	91604	S	32	3	35	0.00001
Candidatus_Nucleicultrix_amoebiphila	1509244	S	19	1	20	0.00000
Magnetococcus_marinus	1124597	S	57	0	57	0.00001
Candidatus_Pelagibacter_sp._IMCC9063	1002672	S	12	8	20	0.00000
Candidatus_Fonsibacter_ubiquis	1925548	S	15	0	15	0.00000
Kordiimonas_pumila	2161677	S	33	0	33	0.00001
Lysobacter_soli	453783	S	55257	7704	62961	0.01135
Lysobacter_sp._CECT_30171	2822368	S	6304	1072	7376	0.00133
Lysobacter_sp._S4-A87	2925843	S	5420	1425	6845	0.00123
Lysobacter_sp._5GHs7-4	2904253	S	4329	1000	5329	0.00096
Lysobacter_sp._KIS68-7	2904252	S	3768	503	4271	0.00077
Lysobacter_sp._CW239	2762611	S	3526	1213	4739	0.00085
Lysobacter_sp._TY2-98	2290922	S	3011	306	3317	0.00060
Lysobacter_sp._K5869	2820808	S	1662	675	2337	0.00042
Lysobacter_sp._H21R4	2781021	S	614	1172	1786	0.00032
Lysobacter_sp._CJ11	2764185	S	361	27	388	0.00007
Lysobacter_sp._H23M47	2781024	S	350	1680	2030	0.00037
Lysobacter_sp._HDW10	2714936	S	198	32	230	0.00004
Lysobacter_enzymogenes	69	S	7710	2190	9900	0.00179
Lysobacter_solisilvae_(ex_Woo_and_Kim_2022)	2865112	S	5140	1034	6174	0.00111
Lysobacter_arenosi	2795387	S	5075	1258	6333	0.00114
Lysobacter_capsici	435897	S	4798	4592	9390	0.00169
Lysobacter_maris	1605891	S	4418	718	5136	0.00093
Lysobacter_lycopersici	1324796	S	4269	596	4865	0.00088
Lysobacter_solisilvae_(ex_Kim_et_al._2021)	2763317	S	3950	515	4465	0.00081
Lysobacter_alkalisoli	2591633	S	3431	405	3836	0.00069
Lysobacter_antibioticus	84531	S	3036	468	3504	0.00063
Lysobacter_oculi	2698682	S	2626	476	3102	0.00056
Lysobacter_ciconiae	2781022	S	614	1009	1623	0.00029
Lysobacter_avium	2781023	S	356	1499	1855	0.00033
Lysobacter_gummosus	262324	S	310	2416	2726	0.00049
Pseudoxanthomonas_mexicana	128785	S	8566	6056	14622	0.00264
Pseudoxanthomonas_suwonensis	314722	S	8548	2899	11447	0.00206
Pseudoxanthomonas_daejeonensis	266062	S	3660	623	4283	0.00077
Pseudoxanthomonas_sp._X-1	2571115	S	2203	1081	3284	0.00059
Pseudoxanthomonas_sp._F37	2932492	S	397	13081	13478	0.00243
Pseudoxanthomonas_spadix	415229	S	1404	315	1719	0.00031
Luteimonas_sp._MC1750	2799326	S	3374	953	4327	0.00078
Luteimonas_sp._JM171	1896164	S	3261	433	3694	0.00067
Luteimonas_sp._MC1825	2761107	S	2441	1110	3551	0.00064
Luteimonas_sp._YGD11-2	2508168	S	2365	854	3219	0.00058
Luteimonas_sp._MC1572	2799325	S	2360	1037	3397	0.00061
Luteimonas_sp._S4-F44	2925842	S	2307	314	2621	0.00047
Luteimonas_sp._D4P002	2901869	S	1923	347	2270	0.00041
Luteimonas_granuli	1176533	S	3113	798	3911	0.00071
Luteimonas_yindakuii	2565782	S	2055	692	2747	0.00050
Luteimonas_chenhongjianii	2006110	S	1656	275	1931	0.00035
Stenotrophomonas_maltophilia	40324	S	6283	6627	12910	0.00233
Stenotrophomonas_sp._ESTM1D_MKCIP4_1	2072414	S	454	166	620	0.00011
Stenotrophomonas_sp._SAU14A_NAIMI4_5	2072413	S	369	215	584	0.00011
Stenotrophomonas_sp._ZAC14D2_NAIMI4_7	2072405	S	193	220	413	0.00007
Stenotrophomonas_sp._ZAC14A_NAIMI4_1	2072412	S	138	282	420	0.00008
Stenotrophomonas_sp._YAU14D1_LEIMI4_1	2072407	S	127	240	367	0.00007
Stenotrophomonas_sp._ZAC14D2_NAIMI4_6	2072406	S	107	232	339	0.00006
Stenotrophomonas_sp._SAU14A_NAIMI4_8	2072409	S	52	340	392	0.00007
Stenotrophomonas_sp._YAU14A_MKIMI4_1	2072408	S	41	268	309	0.00006
Stenotrophomonas_acidaminiphila	128780	S	3745	6033	9778	0.00176
Stenotrophomonas_sp._LM091	1904944	S	880	233	1113	0.00020
Stenotrophomonas_sp._169	2770322	S	735	76	811	0.00015
Stenotrophomonas_sp._364	2691571	S	541	157	698	0.00013
Stenotrophomonas_sp._NA06056	2742129	S	334	121	455	0.00008
Stenotrophomonas_sp._WZN-1	2005046	S	157	147	304	0.00005
Stenotrophomonas_sp._DR822	2871174	S	117	164	281	0.00005
Stenotrophomonas_sp._Pemsol	2040586	S	47	130	177	0.00003
Stenotrophomonas_sp._SI-NJAU-1	2886359	S	45	188	233	0.00004
Stenotrophomonas_sp._CW117	2775920	S	43	634	677	0.00012
Stenotrophomonas_sp._ASS1	2282124	S	38	144	182	0.00003
Stenotrophomonas_sp._pho	2211160	S	36	131	167	0.00003
Stenotrophomonas_sp._G4	2303750	S	36	147	183	0.00003
Stenotrophomonas_sp._MYb57	1827305	S	33	121	154	0.00003
Stenotrophomonas_sp._SXG-1	2682487	S	25	221	246	0.00004
Stenotrophomonas_sp._NY11291	2939415	S	21	161	182	0.00003
Stenotrophomonas_rhizophila	216778	S	2911	611	3522	0.00064
Stenotrophomonas_indicatrix	2045451	S	59	196	255	0.00005
Xanthomonas_translucens	343	S	2204	2055	4259	0.00077
Xanthomonas_campestris	339	S	1757	1162	2919	0.00053
Xanthomonas_sacchari	56458	S	1447	359	1806	0.00033
Xanthomonas_sp._GW	2724121	S	260	323	583	0.00011
Xanthomonas_sp._SI	2724123	S	214	314	528	0.00010
Xanthomonas_sp._SS	2724122	S	211	306	517	0.00009
Xanthomonas_sp._MLO165	2081477	S	56	99	155	0.00003
Xanthomonas_arboricola	56448	S	922	946	1868	0.00034
Xanthomonas_theicola	56464	S	841	203	1044	0.00019
Xanthomonas_oryzae	347	S	705	224	929	0.00017
Xanthomonas_hyacinthi	56455	S	657	291	948	0.00017
Xanthomonas_albilineans	29447	S	567	43	610	0.00011
Xanthomonas_cucurbitae	56453	S	542	78	620	0.00011
Xanthomonas_citri	346	S	522	3787	4309	0.00078
Xanthomonas_vesicatoria	56460	S	463	177	640	0.00012
Xanthomonas_hortorum	56454	S	460	352	812	0.00015
Xanthomonas_vasicola	56459	S	395	123	518	0.00009
Xanthomonas_fragariae	48664	S	367	46	413	0.00007
Xanthomonas_cassavae	56450	S	302	73	375	0.00007
Xanthomonas_euroxanthea	2259622	S	252	349	601	0.00011
Xanthomonas_hydrangeae	2775159	S	207	74	281	0.00005
Xanthomonas_axonopodis	53413	S	206	229	435	0.00008
Xanthomonas_phaseoli	1985254	S	128	554	682	0.00012
Xanthomonas_euvesicatoria	456327	S	107	611	718	0.00013
Xanthomonas_perforans	442694	S	16	91	107	0.00002
Thermomonas_sp._XSG	2771436	S	5256	1601	6857	0.00124
Thermomonas_sp._HDW16	2714945	S	1392	266	1658	0.00030
Thermomonas_brevis	215691	S	2821	824	3645	0.00066
Thermomonas_aquatica	2202149	S	2485	897	3382	0.00061
Thermomonas_carbonis	1463158	S	1843	269	2112	0.00038
Arenimonas_daejeonensis	370777	S	2482	305	2787	0.00050
Pseudolysobacter_antarcticus	2511995	S	571	7	578	0.00010
Xylella_fastidiosa	2371	S	91	13	104	0.00002
Xylella_taiwanensis	1444770	S	68	2	70	0.00001
Luteibacter_sp._321	2911537	S	651	153	804	0.00015
Luteibacter_sp._EIF3	2780091	S	468	68	536	0.00010
Luteibacter_sp._335	2911538	S	404	94	498	0.00009
Luteibacter_sp._353	2911539	S	400	109	509	0.00009
Luteibacter_rhizovicinus	242606	S	501	63	564	0.00010
Luteibacter_pinisoli	2589080	S	444	117	561	0.00010
Luteibacter_anthropi	564369	S	385	67	452	0.00008
Rhodanobacter_denitrificans	666685	S	1113	410	1523	0.00027
Rhodanobacter_sp._FDAARGOS_1247	2778082	S	816	219	1035	0.00019
Rhodanobacter_thiooxydans	416169	S	650	308	958	0.00017
Rhodanobacter_glycinis	582702	S	534	77	611	0.00011
Dyella_thiooxydans	445710	S	846	212	1058	0.00019
Dyella_japonica	231455	S	491	140	631	0.00011
Dyella_telluris	2763498	S	476	120	596	0.00011
Dyella_terrae	522259	S	319	39	358	0.00006
Dyella_caseinilytica	1849581	S	273	16	289	0.00005
Dyella_sp._M7H15-1	2501295	S	183	12	195	0.00004
Frateuria_sp._5GH9-34	2898793	S	813	237	1050	0.00019
Frateuria_sp._5GH9-11	1542730	S	791	296	1087	0.00020
Frateuria_aurantia	81475	S	267	23	290	0.00005
Dokdonella_koreensis	323415	S	1995	198	2193	0.00040
Aerosticca_soli	2010829	S	772	547	1319	0.00024
Ahniella_affigens	2021234	S	359	4	363	0.00007
Pseudomonas_putida	303	S	39284	39039	78323	0.01412
Pseudomonas_oryzihabitans	47885	S	670	74	744	0.00013
Pseudomonas_plecoglossicida	70775	S	576	239	815	0.00015
Pseudomonas_fulva	47880	S	533	736	1269	0.00023
Pseudomonas_monteilii	76759	S	499	770	1269	0.00023
Pseudomonas_shirazica	1940636	S	254	1732	1986	0.00036
Pseudomonas_mosselii	78327	S	121	114	235	0.00004
Pseudomonas_sp._SGAir0191	2217867	S	85	30	115	0.00002
Pseudomonas_stutzeri	316	S	22688	7646	30334	0.00547
Pseudomonas_chloritidismutans	203192	S	126	79	205	0.00004
Pseudomonas_balearica	74829	S	13146	9418	22564	0.00407
Pseudomonas_xanthomarina	271420	S	204	15	219	0.00004
Pseudomonas_luteola	47886	S	50	12	62	0.00001
Pseudomonas_asiatica	2219225	S	25539	80635	106174	0.01915
Pseudomonas_sp._A2	107445	S	3757	10745	14502	0.00262
Pseudomonas_sp._LS.1a	2920387	S	751	185	936	0.00017
Pseudomonas_sp._ATCC_13867	1294143	S	605	106	711	0.00013
Pseudomonas_sp._R2A2	2213057	S	503	354	857	0.00015
Pseudomonas_sp._FGI182	1259844	S	475	320	795	0.00014
Pseudomonas_sp._p1(2021b)	2874628	S	405	111	516	0.00009
Pseudomonas_sp._MTM4	2705472	S	379	33	412	0.00007
Pseudomonas_sp._13159349	2662034	S	374	2149	2523	0.00046
Pseudomonas_sp._TCU-HL1	1856685	S	370	26	396	0.00007
Pseudomonas_sp._BYT-1	2816906	S	351	1659	2010	0.00036
Pseudomonas_sp._Leaf58	1736226	S	351	36	387	0.00007
Pseudomonas_sp._THAF7b	2587845	S	346	400	746	0.00013
Pseudomonas_sp._CC6-YY-74	1930532	S	345	19	364	0.00007
Pseudomonas_sp._DY-1	1755504	S	321	20	341	0.00006
Pseudomonas_sp._LPB0260	2614442	S	319	31	350	0.00006
Pseudomonas_sp._SCB32	2653853	S	313	33	346	0.00006
Pseudomonas_sp._ABC1	2748080	S	312	21	333	0.00006
Pseudomonas_sp._Marseille-Q3773	2866592	S	308	56	364	0.00007
Pseudomonas_sp._KNUC1026	2893890	S	296	13	309	0.00006
Pseudomonas_sp._XWY-1	2069256	S	284	990	1274	0.00023
Pseudomonas_sp._PDNC002	2811422	S	272	33	305	0.00006
Pseudomonas_sp._SWI36	2083052	S	245	430	675	0.00012
Pseudomonas_sp._HN2-3	2886360	S	235	27	262	0.00005
Pseudomonas_sp._OIL-1	2706126	S	216	15	231	0.00004
Pseudomonas_sp._Ost2	2678260	S	213	16	229	0.00004
Pseudomonas_sp._StFLB209	1028989	S	211	26	237	0.00004
Pseudomonas_sp._7SR1	1881017	S	210	20	230	0.00004
Pseudomonas_sp._DG56-2	2320270	S	189	10	199	0.00004
Pseudomonas_sp._L5B5	2883205	S	185	18	203	0.00004
Pseudomonas_sp._B11D7D	2735906	S	185	18	203	0.00004
Pseudomonas_sp._Pc102	2678261	S	180	56	236	0.00004
Pseudomonas_sp._MM211	2866808	S	179	8	187	0.00003
Pseudomonas_sp._RBPA9	2746321	S	173	222	395	0.00007
Pseudomonas_sp._A214	1855331	S	169	315	484	0.00009
Pseudomonas_sp._MSPm1	2726956	S	167	20	187	0.00003
Pseudomonas_sp._gcc21	2726989	S	163	34	197	0.00004
Pseudomonas_sp._CMR5c	658630	S	152	25	177	0.00003
Pseudomonas_sp._HLS-6	2049589	S	141	20	161	0.00003
Pseudomonas_sp._CFA	2651048	S	140	419	559	0.00010
Pseudomonas_sp._SK	2729423	S	133	68	201	0.00004
Pseudomonas_sp._MPDS	2762896	S	131	311	442	0.00008
Pseudomonas_sp._LAB-08	143813	S	127	13	140	0.00003
Pseudomonas_sp._15A4	2804761	S	121	18	139	0.00003
Pseudomonas_sp._MPC6	2498848	S	121	14	135	0.00002
Pseudomonas_sp._02C_26	2054914	S	120	174	294	0.00005
Pseudomonas_sp._URMO17WK12:I11	1283291	S	112	45	157	0.00003
Pseudomonas_sp._14181154	2662033	S	108	65	173	0.00003
Pseudomonas_sp._RtIB026	2749999	S	103	35	138	0.00002
Pseudomonas_sp._RC3H12	2834406	S	99	35	134	0.00002
Pseudomonas_sp._ADPe	2774873	S	97	132	229	0.00004
Pseudomonas_sp._S09G_359	2054919	S	96	13	109	0.00002
Pseudomonas_sp._MM213	2866807	S	96	11	107	0.00002
Pseudomonas_sp._DNDY-54	2870860	S	96	28	124	0.00002
Pseudomonas_sp._2hn	2866626	S	94	37	131	0.00002
Pseudomonas_sp._M1	95619	S	94	124	218	0.00004
Pseudomonas_sp._ADAK13	2730847	S	93	12	105	0.00002
Pseudomonas_sp._M30-35	1981174	S	91	2	93	0.00002
Pseudomonas_sp._LPH1	1898684	S	89	49	138	0.00002
Pseudomonas_sp._S34	1573718	S	88	11	99	0.00002
Pseudomonas_sp._DTU12.3	2073078	S	85	12	97	0.00002
Pseudomonas_sp._31-12	2201356	S	83	12	95	0.00002
Pseudomonas_sp._CCOS_191	1649877	S	83	41	124	0.00002
Pseudomonas_sp._Seg1	2678259	S	82	10	92	0.00002
Pseudomonas_sp._R5-89-07	658644	S	82	15	97	0.00002
Pseudomonas_sp._DR48	2871095	S	81	29	110	0.00002
Pseudomonas_sp._NIBR-H-19	2901380	S	79	9	88	0.00002
Pseudomonas_sp._Tri1	2823875	S	77	10	87	0.00002
Pseudomonas_sp._ACM7	2052956	S	73	7	80	0.00001
Pseudomonas_sp._NS1(2017)	2025658	S	66	10	76	0.00001
Pseudomonas_sp._MRSN12121	1611770	S	65	52	117	0.00002
Pseudomonas_sp._LG1E9	2219057	S	64	11	75	0.00001
Pseudomonas_sp._OE_28.3	2745519	S	64	8	72	0.00001
Pseudomonas_sp._S07E_245	2866278	S	63	97	160	0.00003
Pseudomonas_sp._HN11	1344094	S	61	8	69	0.00001
Pseudomonas_sp._S35	1573719	S	61	9	70	0.00001
Pseudomonas_sp._ADAK18	2730848	S	61	6	67	0.00001
Pseudomonas_sp._HS6	2850559	S	60	10	70	0.00001
Pseudomonas_sp._NIBRBAC000502773	2590776	S	59	18	77	0.00001
Pseudomonas_sp._PP3	2815936	S	58	12	70	0.00001
Pseudomonas_sp._HS-18	2879114	S	55	66	121	0.00002
Pseudomonas_sp._SDM007	2812000	S	54	20	74	0.00001
Pseudomonas_sp._St316	2678257	S	49	9	58	0.00001
Pseudomonas_sp._SWI44	2083053	S	49	270	319	0.00006
Pseudomonas_sp._CIP-10	2892442	S	48	247	295	0.00005
Pseudomonas_sp._CYM-20-01	2870750	S	48	14	62	0.00001
Pseudomonas_sp._HN2	2884805	S	47	25	72	0.00001
Pseudomonas_sp._SK3(2021)	2841064	S	47	18	65	0.00001
Pseudomonas_sp._FIT81	2837969	S	45	16	61	0.00001
Pseudomonas_sp._AO-1	2855434	S	44	26	70	0.00001
Pseudomonas_sp._phDV1	253237	S	43	78	121	0.00002
Pseudomonas_sp._SCA2728.1_7	2825975	S	42	14	56	0.00001
Pseudomonas_sp._R76	1573711	S	42	12	54	0.00001
Pseudomonas_sp._LTJR-52	2479392	S	42	8	50	0.00001
Pseudomonas_sp._BJP69	2597770	S	41	135	176	0.00003
Pseudomonas_sp._Z003-0.4C(8344-21)	1855380	S	41	17	58	0.00001
Pseudomonas_sp._R84	1573712	S	36	10	46	0.00001
Pseudomonas_sp._BIGb0427	2724470	S	36	53	89	0.00002
Pseudomonas_sp._MYb193	1827300	S	36	24	60	0.00001
Pseudomonas_sp._09C_129	2054915	S	35	26	61	0.00001
Pseudomonas_sp._IzPS59	2774459	S	35	10	45	0.00001
Pseudomonas_sp._UW4	1207075	S	33	13	46	0.00001
Pseudomonas_sp._C27(2019)	2604941	S	33	2	35	0.00001
Pseudomonas_sp._DR_5-09	1534110	S	32	28	60	0.00001
Pseudomonas_sp._TMW_2.1634	1886807	S	30	47	77	0.00001
Pseudomonas_sp._JY-Q	1338689	S	30	144	174	0.00003
Pseudomonas_sp._B10	118613	S	30	13	43	0.00001
Pseudomonas_sp._ADAK22	2730851	S	30	50	80	0.00001
Pseudomonas_sp._SORT22	2813842	S	29	45	74	0.00001
Pseudomonas_sp._MPFS	2795724	S	29	31	60	0.00001
Pseudomonas_sp._Y5-11	2749808	S	26	49	75	0.00001
Pseudomonas_sp._Cab53	2678258	S	25	24	49	0.00001
Pseudomonas_sp._FDAARGOS_380	2018067	S	25	12	37	0.00001
Pseudomonas_sp._VLB120	69328	S	25	220	245	0.00004
Pseudomonas_sp._R32	1573704	S	24	38	62	0.00001
Pseudomonas_sp._PONIH3	1636610	S	24	70	94	0.00002
Pseudomonas_sp._Y39-6	2749807	S	21	43	64	0.00001
Pseudomonas_sp._St29	1500687	S	20	53	73	0.00001
Pseudomonas_sp._BC42	2933816	S	20	65	85	0.00002
Pseudomonas_sp._I3-I5	2926671	S	20	48	68	0.00001
Pseudomonas_sp._J380	2605424	S	19	15	34	0.00001
Pseudomonas_sp._SK2	2841063	S	19	224	243	0.00004
Pseudomonas_sp._RU47	2005388	S	19	32	51	0.00001
Pseudomonas_sp._BIOMIG1BAC	1758730	S	19	35	54	0.00001
Pseudomonas_sp._S150	2559074	S	19	18	37	0.00001
Pseudomonas_sp._3-2	2867408	S	18	15	33	0.00001
Pseudomonas_sp._SWI6	2083051	S	18	195	213	0.00004
Pseudomonas_sp._R3-18-08	1173283	S	18	34	52	0.00001
Pseudomonas_sp._S49	1573720	S	18	30	48	0.00001
Pseudomonas_sp._LBUM920	2126069	S	17	28	45	0.00001
Pseudomonas_sp._SC3(2021)	2871493	S	17	11	28	0.00001
Pseudomonas_sp._AN-B15	2697023	S	17	30	47	0.00001
Pseudomonas_sp._CFSAN084952	2664899	S	17	31	48	0.00001
Pseudomonas_sp._OST1909	2777367	S	17	32	49	0.00001
Pseudomonas_sp._ATCC_43928	676210	S	16	26	42	0.00001
Pseudomonas_sp._SW-3	147212	S	15	35	50	0.00001
Pseudomonas_sp._R1-43-08	1173270	S	15	58	73	0.00001
Pseudomonas_sp._SWI7	2587597	S	13	50	63	0.00001
Pseudomonas_sp._B14-6	2738843	S	13	22	35	0.00001
Pseudomonas_sp._LG1D9	2083054	S	12	29	41	0.00001
Pseudomonas_sp._Os17	1500686	S	11	35	46	0.00001
Pseudomonas_sp._JS425	2829498	S	11	211	222	0.00004
Pseudomonas_sp._ArH3a	2862945	S	11	18	29	0.00001
Pseudomonas_sp._IAC-BECa141	2793103	S	11	14	25	0.00000
Pseudomonas_sp._DR208	2870840	S	11	16	27	0.00000
Pseudomonas_sp._GR_6-02	1659194	S	11	17	28	0.00001
Pseudomonas_sp._LTGT-11-2Z	2479393	S	10	154	164	0.00003
Pseudomonas_sp._SXM-1	2169583	S	10	19	29	0.00001
Pseudomonas_sp._HN8-3	2886361	S	10	12	22	0.00000
Pseudomonas_sp._NC02	2067572	S	10	20	30	0.00001
Pseudomonas_sp._St386	2678256	S	10	51	61	0.00001
Pseudomonas_furukawaii	1149133	S	2577	378	2955	0.00053
Pseudomonas_oleovorans	301	S	100	173	273	0.00005
Pseudomonas_aeruginosa	287	S	2401	10335	12736	0.00230
Pseudomonas_alcaligenes	43263	S	1330	428	1758	0.00032
Pseudomonas_mendocina	300	S	958	175	1133	0.00020
Pseudomonas_resinovorans	53412	S	434	46	480	0.00009
Pseudomonas_multiresinivorans	95301	S	214	37	251	0.00005
Pseudomonas_nitroreducens	46680	S	73	82	155	0.00003
Pseudomonas_citronellolis	53408	S	200	164	364	0.00007
Pseudomonas_fluorescens	294	S	1753	809	2562	0.00046
Pseudomonas_protegens	380021	S	379	204	583	0.00011
Pseudomonas_orientalis	76758	S	287	49	336	0.00006
Pseudomonas_synxantha	47883	S	240	116	356	0.00006
Pseudomonas_azotoformans	47878	S	229	57	286	0.00005
Pseudomonas_rhodesiae	76760	S	170	36	206	0.00004
Pseudomonas_tolaasii	29442	S	145	17	162	0.00003
Pseudomonas_poae	200451	S	140	48	188	0.00003
Pseudomonas_trivialis	200450	S	138	34	172	0.00003
Pseudomonas_mediterranea	183795	S	118	21	139	0.00003
Pseudomonas_migulae	78543	S	103	28	131	0.00002
Pseudomonas_corrugata	47879	S	101	15	116	0.00002
Pseudomonas_cedrina	651740	S	90	16	106	0.00002
Pseudomonas_congelans	200452	S	88	14	102	0.00002
Pseudomonas_mucidolens	46679	S	84	7	91	0.00002
Pseudomonas_brenneri	129817	S	74	16	90	0.00002
Pseudomonas_veronii	76761	S	54	81	135	0.00002
Pseudomonas_mandelii	75612	S	51	82	133	0.00002
Pseudomonas_libanensis	75588	S	38	33	71	0.00001
Pseudomonas_ogarae	1114970	S	35	16	51	0.00001
Pseudomonas_syringae	317	S	676	520	1196	0.00022
Pseudomonas_viridiflava	33069	S	358	19	377	0.00007
Pseudomonas_amygdali	47877	S	197	564	761	0.00014
Pseudomonas_savastanoi	29438	S	55	93	148	0.00003
Pseudomonas_cichorii	36746	S	244	10	254	0.00005
Pseudomonas_asturiensis	1190415	S	130	6	136	0.00002
Pseudomonas_syringae_group_genomosp._7	251699	S	115	8	123	0.00002
Pseudomonas_fuscovaginae	50340	S	53	17	70	0.00001
Pseudomonas_syringae_group_genomosp._3	251701	S	34	612	646	0.00012
Pseudomonas_coronafaciens	53409	S	31	28	59	0.00001
Pseudomonas_avellanae	46257	S	25	11	36	0.00001
Pseudomonas_sp._Lz4W	1206777	S	12	12	24	0.00000
Pseudomonas_chlororaphis	587753	S	1047	629	1676	0.00030
Pseudomonas_lundensis	86185	S	164	10	174	0.00003
Pseudomonas_fragi	296	S	74	33	107	0.00002
Pseudomonas_otitidis	319939	S	728	79	807	0.00015
Pseudomonas_psychrotolerans	237610	S	678	76	754	0.00014
Pseudomonas_oryzae	1392877	S	673	100	773	0.00014
Pseudomonas_knackmussii	65741	S	642	237	879	0.00016
Pseudomonas_entomophila	312306	S	615	143	758	0.00014
Pseudomonas_guangdongensis	1245526	S	480	72	552	0.00010
Pseudomonas_cavernae	2320867	S	469	35	504	0.00009
Pseudomonas_lalkuanensis	2604832	S	469	42	511	0.00009
Pseudomonas_taiwanensis	470150	S	347	2439	2786	0.00050
Pseudomonas_parafulva	157782	S	338	50	388	0.00007
Pseudomonas_saudiphocaensis	1499686	S	337	34	371	0.00007
Pseudomonas_oryziphila	2894079	S	331	144	475	0.00009
Pseudomonas_campi	2731681	S	329	21	350	0.00006
Pseudomonas_qingdaonensis	2056231	S	291	29	320	0.00006
Pseudomonas_nanhaiensis	2830842	S	273	12	285	0.00005
Pseudomonas_eucalypticola	2599595	S	269	16	285	0.00005
Pseudomonas_vanderleydeniana	2745495	S	266	18	284	0.00005
Pseudomonas_alkylphenolica	237609	S	248	24	272	0.00005
Pseudomonas_promysalinigenes	485898	S	243	18	261	0.00005
Pseudomonas_rhizosphaerae	216142	S	228	13	241	0.00004
Pseudomonas_zhaodongensis	1176257	S	220	52	272	0.00005
Pseudomonas_cremoricolorata	157783	S	212	15	227	0.00004
Pseudomonas_pohangensis	364197	S	205	7	212	0.00004
Pseudomonas_brassicacearum	930166	S	205	234	439	0.00008
Pseudomonas_argentinensis	289370	S	202	23	225	0.00004
Pseudomonas_phragmitis	1931241	S	198	7	205	0.00004
Pseudomonas_frederiksbergensis	104087	S	187	30	217	0.00004
Pseudomonas_xantholysinigenes	2745490	S	175	24	199	0.00004
Pseudomonas_palleroniana	191390	S	175	14	189	0.00003
Pseudomonas_muyukensis	2842357	S	172	26	198	0.00004
Pseudomonas_xanthosomae	2842356	S	169	28	197	0.00004
Pseudomonas_yamanorum	515393	S	168	20	188	0.00003
Pseudomonas_umsongensis	198618	S	157	12	169	0.00003
Pseudomonas_fakonensis	2842355	S	148	24	172	0.00003
Pseudomonas_alvandae	2842348	S	141	11	152	0.00003
Pseudomonas_tohonis	2725477	S	140	59	199	0.00004
Pseudomonas_antarctica	219572	S	140	18	158	0.00003
Pseudomonas_koreensis	198620	S	139	29	168	0.00003
Pseudomonas_marincola	437900	S	139	10	149	0.00003
Pseudomonas_wenzhouensis	2906062	S	137	26	163	0.00003
Pseudomonas_vancouverensis	95300	S	137	11	148	0.00003
Pseudomonas_tructae	2518644	S	134	11	145	0.00003
Pseudomonas_arsenicoxydans	702115	S	127	15	142	0.00003
Pseudomonas_juntendi	2666183	S	127	574	701	0.00013
Pseudomonas_silesiensis	1853130	S	124	13	137	0.00002
Pseudomonas_rhizophila	2045200	S	121	185	306	0.00006
Pseudomonas_sediminis	1691904	S	119	17	136	0.00002
Pseudomonas_thivervalensis	86265	S	117	13	130	0.00002
Pseudomonas_toyotomiensis	554344	S	114	58	172	0.00003
Pseudomonas_anuradhapurensis	485870	S	112	55	167	0.00003
Pseudomonas_kunmingensis	1211807	S	110	86	196	0.00004
Pseudomonas_extremaustralis	359110	S	109	12	121	0.00002
Pseudomonas_granadensis	1421430	S	102	26	128	0.00002
Pseudomonas_prosekii	1148509	S	99	8	107	0.00002
Pseudomonas_alcaliphila	101564	S	99	56	155	0.00003
Pseudomonas_hamedanensis	2745504	S	99	9	108	0.00002
Pseudomonas_simiae	321846	S	95	12	107	0.00002
Pseudomonas_maumuensis	2842354	S	93	24	117	0.00002
Pseudomonas_agarici	46677	S	92	2	94	0.00002
Pseudomonas_graminis	158627	S	91	13	104	0.00002
Pseudomonas_lini	163011	S	91	9	100	0.00002
Pseudomonas_taetrolens	47884	S	89	5	94	0.00002
Pseudomonas_viciae	2505979	S	85	11	96	0.00002
Pseudomonas_versuta	1788301	S	82	6	88	0.00002
Pseudomonas_soli	1306993	S	82	161	243	0.00004
Pseudomonas_lurida	244566	S	79	9	88	0.00002
Pseudomonas_asgharzadehiana	2842349	S	78	9	87	0.00002
Pseudomonas_psychrophila	122355	S	75	4	79	0.00001
Pseudomonas_chengduensis	489632	S	74	75	149	0.00003
Pseudomonas_khazarica	2502979	S	71	48	119	0.00002
Pseudomonas_asplenii	53407	S	58	20	78	0.00001
Pseudomonas_sihuiensis	1274359	S	58	41	99	0.00002
Pseudomonas_reinekei	395598	S	57	8	65	0.00001
Pseudomonas_kribbensis	1628086	S	57	30	87	0.00002
Pseudomonas_tritici	2745518	S	52	8	60	0.00001
Pseudomonas_atacamensis	2565368	S	50	27	77	0.00001
Pseudomonas_moraviensis	321662	S	47	44	91	0.00002
Pseudomonas_azerbaijanoriens	2842350	S	45	16	61	0.00001
Pseudomonas_allokribbensis	2774460	S	41	8	49	0.00001
Pseudomonas_gozinkensis	2774461	S	41	10	51	0.00001
Pseudomonas_tensinigenes	2745511	S	37	10	47	0.00001
Pseudomonas_germanica	2815720	S	37	11	48	0.00001
Pseudomonas_zeae	2745510	S	36	10	46	0.00001
Pseudomonas_zarinae	2745498	S	33	14	47	0.00001
Pseudomonas_iranensis	2745503	S	32	13	45	0.00001
Pseudomonas_salmasensis	2745514	S	31	11	42	0.00001
Pseudomonas_lactis	1615674	S	24	9	33	0.00001
Pseudomonas_monsensis	2745509	S	23	14	37	0.00001
Pseudomonas_donghuensis	1163398	S	18	28	46	0.00001
Pseudomonas_bijieensis	2681983	S	16	34	50	0.00001
Pseudomonas_sessilinigenes	658629	S	13	19	32	0.00001
Pseudomonas_glycinae	1785145	S	13	13	26	0.00000
Azotobacter_chroococcum	353	S	488	83	571	0.00010
Azotobacter_vinelandii	354	S	319	1925	2244	0.00040
Azotobacter_salinestris	69964	S	308	40	348	0.00006
Halopseudomonas_xinjiangensis	487184	S	192	7	199	0.00004
Halopseudomonas_sp._RR6	2918528	S	188	19	207	0.00004
Halopseudomonas_litoralis	797277	S	179	20	199	0.00004
Halopseudomonas_aestusnigri	857252	S	172	60	232	0.00004
Halopseudomonas_sabulinigri	472181	S	168	8	176	0.00003
Halopseudomonas_salegens	1434072	S	93	3	96	0.00002
Permianibacter_aggregans	1510150	S	175	2	177	0.00003
Thiopseudomonas_alkaliphila	1697053	S	23	2	25	0.00000
Entomomonas_sp._F2A	2785331	S	10	0	10	0.00000
Marinobacter_sp._CA1	2817656	S	238	9	247	0.00004
Marinobacter_sp._NP-4(2019)	2488665	S	166	20	186	0.00003
Marinobacter_sp._Arc7-DN-1	2304594	S	165	17	182	0.00003
Marinobacter_sp._LPB0319	2769486	S	127	4	131	0.00002
Marinobacter_sp._LQ44	1749259	S	75	90	165	0.00003
Marinobacter_sp._LV10R510-11A	1415568	S	61	1	62	0.00001
Marinobacter_sp._JH2	2547598	S	61	9	70	0.00001
Marinobacter_sp._CP1	1671721	S	50	90	140	0.00003
Marinobacter_sp._es.042	1761794	S	49	47	96	0.00002
Marinobacter_sp._BSs20148	490759	S	35	22	57	0.00001
Marinobacter_fonticola	2603215	S	478	12	490	0.00009
Marinobacter_nauticus	2743	S	157	30	187	0.00003
Marinobacter_salarius	1420917	S	149	14	163	0.00003
Marinobacter_salsuginis	418719	S	127	16	143	0.00003
Marinobacter_similis	1420916	S	115	6	121	0.00002
Marinobacter_salinus	1874317	S	89	3	92	0.00002
Marinobacter_adhaerens	1033846	S	44	72	116	0.00002
Marinobacter_psychrophilus	330734	S	21	13	34	0.00001
Enterobacter_cloacae	550	S	228	855	1083	0.00020
Enterobacter_ludwigii	299767	S	123	195	318	0.00006
Enterobacter_hormaechei	158836	S	114	1313	1427	0.00026
Enterobacter_asburiae	61645	S	84	235	319	0.00006
Enterobacter_cancerogenus	69218	S	66	12	78	0.00001
Enterobacter_roggenkampii	1812935	S	64	162	226	0.00004
Enterobacter_cloacae_complex_sp._ECL405	2912630	S	12	324	336	0.00006
Enterobacter_cloacae_complex_sp.	2027919	S	10	156	166	0.00003
Enterobacter_chengduensis	2494701	S	27	11	38	0.00001
Enterobacter_chuandaensis	2497875	S	19	7	26	0.00000
Enterobacter_kobei	208224	S	10	66	76	0.00001
Enterobacter_sp._SA187	1914861	S	69	6	75	0.00001
Enterobacter_sp._JUb54	2724468	S	52	5	57	0.00001
Enterobacter_sp._RHBSTW-00994	2742676	S	27	3	30	0.00001
Enterobacter_sp._E76	2596949	S	27	39	66	0.00001
Enterobacter_sp._RHBSTW-00175	2742639	S	16	8	24	0.00000
Enterobacter_sp._JBIWA008	2831892	S	15	6	21	0.00000
Enterobacter_sp._Colony194	2866201	S	13	19	32	0.00001
Enterobacter_sp._SGAir0187	2836161	S	11	10	21	0.00000
Enterobacter_sp._SES19	2705458	S	10	8	18	0.00000
Enterobacter_huaxiensis	2494702	S	38	6	44	0.00001
Enterobacter_oligotrophicus	2478464	S	33	5	38	0.00001
Enterobacter_mori	539813	S	31	25	56	0.00001
Enterobacter_bugandensis	881260	S	14	15	29	0.00001
Enterobacter_soli	885040	S	14	2	16	0.00000
Klebsiella_pneumoniae	573	S	208	4277	4485	0.00081
Klebsiella_quasipneumoniae	1463165	S	136	220	356	0.00006
Klebsiella_oxytoca	571	S	106	42	148	0.00003
Klebsiella_aerogenes	548	S	96	31	127	0.00002
Klebsiella_michiganensis	1134687	S	75	176	251	0.00005
Klebsiella_variicola	244366	S	40	100	140	0.00003
Klebsiella_quasivariicola	2026240	S	37	24	61	0.00001
Klebsiella_grimontii	2058152	S	26	109	135	0.00002
Klebsiella_huaxiensis	2153354	S	22	11	33	0.00001
Klebsiella_africana	2489010	S	21	7	28	0.00001
Raoultella_sp._HC6	2923366	S	51	27	78	0.00001
Raoultella_planticola	575	S	43	30	73	0.00001
Raoultella_ornithinolytica	54291	S	24	182	206	0.00004
Raoultella_terrigena	577	S	23	43	66	0.00001
Citrobacter_portucalensis	1639133	S	164	1152	1316	0.00024
Citrobacter_freundii	546	S	93	282	375	0.00007
Citrobacter_braakii	57706	S	18	120	138	0.00002
Citrobacter_werkmanii	67827	S	18	33	51	0.00001
Citrobacter_sp._R56	1573676	S	50	12	62	0.00001
Citrobacter_sp._RHB25-C09	2742624	S	26	11	37	0.00001
Citrobacter_rodentium	67825	S	58	0	58	0.00001
Citrobacter_amalonaticus	35703	S	57	211	268	0.00005
Citrobacter_farmeri	67824	S	45	12	57	0.00001
Citrobacter_koseri	545	S	22	22	44	0.00001
Citrobacter_tructae	2562449	S	21	5	26	0.00000
Citrobacter_pasteurii	1563222	S	16	10	26	0.00000
Cronobacter_sakazakii	28141	S	107	62	169	0.00003
Cronobacter_dublinensis	413497	S	74	20	94	0.00002
Cronobacter_condimenti	1163710	S	55	11	66	0.00001
Cronobacter_universalis	535744	S	39	22	61	0.00001
Cronobacter_malonaticus	413503	S	36	45	81	0.00001
Cronobacter_muytjensii	413501	S	12	42	54	0.00001
Leclercia_adecarboxylata	83655	S	133	231	364	0.00007
Leclercia_sp._29361	2714951	S	48	15	63	0.00001
Leclercia_sp._J807	2681307	S	10	28	38	0.00001
Leclercia_pneumoniae	2815358	S	41	10	51	0.00001
Salmonella_enterica	28901	S	306	8500	8806	0.00159
Salmonella_bongori	54736	S	32	597	629	0.00011
Kosakonia_sp._SMBL-WEM22	2725560	S	31	12	43	0.00001
Kosakonia_sp._CCTCC_M2018092	2492396	S	24	22	46	0.00001
Kosakonia_sp._MUSA4	2067958	S	23	11	34	0.00001
Kosakonia_cowanii	208223	S	68	43	111	0.00002
Kosakonia_sacchari	1158459	S	47	16	63	0.00001
Kosakonia_pseudosacchari	1646340	S	29	12	41	0.00001
Kosakonia_oryzae	497725	S	27	17	44	0.00001
Kosakonia_arachidis	551989	S	26	5	31	0.00001
Kosakonia_radicincitans	283686	S	23	29	52	0.00001
Pluralibacter_gergoviae	61647	S	211	30	241	0.00004
[Enterobacter]_lignolyticus	1334193	S	108	16	124	0.00002
Escherichia_coli	562	S	200	4472	4672	0.00084
Escherichia_fergusonii	564	S	25	19	44	0.00001
Escherichia_albertii	208962	S	25	10	35	0.00001
Escherichia_marmotae	1499973	S	14	4	18	0.00000
Escherichia_sp._E4742	2044467	S	10	3	13	0.00000
Cedecea_neteri	158822	S	173	20	193	0.00003
Cedecea_lapagei	158823	S	31	4	35	0.00001
Cedecea_sp._FDAARGOS_727	2545798	S	31	3	34	0.00001
Lelliottia_amnigena	61646	S	99	14	113	0.00002
Lelliottia_sp._WB101	2153385	S	22	24	46	0.00001
Lelliottia_sp._AC1	2067959	S	16	17	33	0.00001
Kluyvera_ascorbata	51288	S	44	58	102	0.00002
Kluyvera_intermedia	61648	S	28	11	39	0.00001
Candidatus_Symbiopectobacterium_sp._SyEd1	2871826	S	35	3	38	0.00001
Candidatus_Hamiltonella_defensa	138072	S	26	5	31	0.00001
Jejubacter_calystegiae	2579935	S	82	4	86	0.00002
Plesiomonas_shigelloides	703	S	71	11	82	0.00001
Atlantibacter_hermannii	565	S	71	7	78	0.00001
Pseudescherichia_vulneris	566	S	59	2	61	0.00001
Yokenella_regensburgei	158877	S	55	12	67	0.00001
Buttiauxella_agrestis	82977	S	19	25	44	0.00001
Shimwellia_blattae	563	S	52	5	57	0.00001
Phytobacter_ursingii	1972431	S	30	23	53	0.00001
Scandinavium_goeteborgense	1851514	S	38	3	41	0.00001
Pseudocitrobacter_sp._G163CM	2891570	S	28	3	31	0.00001
Serratia_marcescens	615	S	738	1283	2021	0.00036
Serratia_sp._FDAARGOS_506	2420306	S	27	24	51	0.00001
Serratia_sp._FGI94	671990	S	26	27	53	0.00001
Serratia_sp._ATCC_39006	104623	S	22	1	23	0.00000
Serratia_sp._3ACOL1	2448483	S	11	18	29	0.00001
Serratia_plymuthica	82996	S	126	51	177	0.00003
Serratia_rubidaea	61652	S	91	92	183	0.00003
Serratia_entomophila	42906	S	83	15	98	0.00002
Serratia_proteamaculans	28151	S	69	14	83	0.00001
Serratia_odorifera	618	S	62	7	69	0.00001
Serratia_fonticola	47917	S	53	42	95	0.00002
Serratia_liquefaciens	614	S	49	61	110	0.00002
Serratia_quinivorans	137545	S	48	15	63	0.00001
Serratia_surfactantfaciens	2741499	S	36	18	54	0.00001
Serratia_grimesii	82995	S	27	2	29	0.00001
Serratia_symbiotica	138074	S	26	2	28	0.00001
Serratia_inhibens	2338073	S	23	10	33	0.00001
Serratia_rhizosphaerae	2597702	S	15	12	27	0.00000
Serratia_ureilytica	300181	S	14	169	183	0.00003
Rahnella_aquatilis	34038	S	65	110	175	0.00003
Rahnella_victoriana	1510570	S	37	4	41	0.00001
Rahnella_inusitata	58169	S	31	5	36	0.00001
Rahnella_sp._ERMR1:05	1805933	S	31	3	34	0.00001
Yersinia_enterocolitica	630	S	33	31	64	0.00001
Yersinia_similis	367190	S	13	10	23	0.00000
Yersinia_aleksiciae	263819	S	17	4	21	0.00000
Yersinia_ruckeri	29486	S	13	1	14	0.00000
Yersinia_mollaretii	33060	S	13	2	15	0.00000
Yersinia_entomophaga	935293	S	13	1	14	0.00000
Yersinia_kristensenii	28152	S	12	49	61	0.00001
Yersinia_rohdei	29485	S	10	1	11	0.00000
Nissabacter_sp._SGAir0207	2126321	S	161	14	175	0.00003
Gibbsiella_quercinecans	929813	S	101	9	110	0.00002
Ewingella_americana	41202	S	58	5	63	0.00001
Rouxiella_badensis	1646377	S	47	2	49	0.00001
Chania_multitudinisentens	1639108	S	25	1	26	0.00000
Candidatus_Fukatsuia_symbiotica	1878942	S	14	0	14	0.00000
Pantoea_sp._Z09	2886821	S	115	30	145	0.00003
Pantoea_sp._SO10	2575375	S	60	8	68	0.00001
Pantoea_sp._At-9b	592316	S	54	10	64	0.00001
Pantoea_sp._MSR2	2052056	S	46	7	53	0.00001
Pantoea_sp._CCBC3-3-1	2490851	S	32	4	36	0.00001
Pantoea_agglomerans	549	S	290	99	389	0.00007
Pantoea_dispersa	59814	S	215	42	257	0.00005
Pantoea_ananatis	553	S	74	16	90	0.00002
Pantoea_vagans	470934	S	72	171	243	0.00004
Pantoea_deleyi	470932	S	71	16	87	0.00002
Pantoea_alhagi	1891675	S	55	16	71	0.00001
Pantoea_cypripedii	55209	S	52	4	56	0.00001
Pantoea_stewartii	66269	S	42	8	50	0.00001
Pantoea_rwandensis	1076550	S	33	6	39	0.00001
Erwinia_sp._E602	2675378	S	106	12	118	0.00002
Erwinia_sp._J780	2681984	S	27	3	30	0.00001
Erwinia_sp._QL-Z3	2547962	S	13	43	56	0.00001
Erwinia_gerundensis	1619313	S	75	9	84	0.00002
Erwinia_persicina	55211	S	48	7	55	0.00001
Erwinia_rhapontici	55212	S	48	6	54	0.00001
Erwinia_tracheiphila	65700	S	33	3	36	0.00001
Erwinia_billingiae	182337	S	29	54	83	0.00002
Erwinia_tasmaniensis	338565	S	28	3	31	0.00001
Erwinia_amylovora	552	S	26	5	31	0.00001
[Pantoea]_beijingensis	1324864	S	25	2	27	0.00001
Candidatus_Erwinia_haradaeae	1922217	S	19	0	19	0.00000
Mixta_gaviniae	665914	S	82	28	110	0.00002
Mixta_theicola	1458355	S	78	23	101	0.00002
Mixta_calida	665913	S	74	33	107	0.00002
Mixta_sp._X22927	2872648	S	43	19	62	0.00001
Mixta_intestinalis	1615494	S	39	10	49	0.00001
Buchnera_aphidicola	9	S	65	4	69	0.00001
Tatumella_ptyseos	82987	S	31	3	34	0.00001
Tatumella_citrea	53336	S	14	1	15	0.00000
Dickeya_dadantii	204038	S	89	58	147	0.00003
Dickeya_chrysanthemi	556	S	69	7	76	0.00001
Dickeya_zeae	204042	S	62	64	126	0.00002
Dickeya_dianthicola	204039	S	57	23	80	0.00001
Dickeya_fangzhongdai	1778540	S	42	183	225	0.00004
Dickeya_solani	1089444	S	37	17	54	0.00001
Dickeya_sp._NCPPB_3274	568766	S	33	24	57	0.00001
Dickeya_poaceiphila	568768	S	21	2	23	0.00000
Pectobacterium_brasiliense	180957	S	52	52	104	0.00002
Pectobacterium_carotovorum	554	S	50	92	142	0.00003
Pectobacterium_atrosepticum	29471	S	28	5	33	0.00001
Pectobacterium_parmentieri	1905730	S	25	5	30	0.00001
Pectobacterium_sp._LJ1	2878098	S	14	3	17	0.00000
Pectobacterium_punjabense	2108399	S	16	2	18	0.00000
Pectobacterium_versatile	2488639	S	16	31	47	0.00001
Pectobacterium_wasabiae	55208	S	15	3	18	0.00000
Pectobacterium_polaris	2042057	S	15	8	23	0.00000
Pectobacterium_odoriferum	78398	S	13	8	21	0.00000
Pectobacterium_quasiaquaticum	2774015	S	12	9	21	0.00000
Pectobacterium_aroidearum	1201031	S	11	14	25	0.00000
Brenneria_izadpanahii	2722756	S	77	61	138	0.00002
Brenneria_goodwinii	1109412	S	63	48	111	0.00002
Brenneria_rubrifaciens	55213	S	48	12	60	0.00001
Lonsdalea_populi	1172565	S	62	12	74	0.00001
Lonsdalea_britannica	1082704	S	61	10	71	0.00001
Musicola_paradisiaca	69223	S	86	0	86	0.00002
Morganella_morganii	582	S	283	100	383	0.00007
Photorhabdus_thracensis	230089	S	136	12	148	0.00003
Providencia_rettgeri	587	S	51	65	116	0.00002
Providencia_alcalifaciens	126385	S	17	4	21	0.00000
Providencia_heimbachae	333962	S	12	3	15	0.00000
Providencia_sneebia	516075	S	11	0	11	0.00000
Xenorhabdus_bovienii	40576	S	21	2	23	0.00000
Xenorhabdus_poinarii	40577	S	16	1	17	0.00000
Xenorhabdus_nematophila	628	S	14	1	15	0.00000
Xenorhabdus_doucetiae	351671	S	13	1	14	0.00000
Xenorhabdus_hominickii	351679	S	11	0	11	0.00000
Xenorhabdus_budapestensis	290110	S	10	0	10	0.00000
Proteus_mirabilis	584	S	13	35	48	0.00001
Edwardsiella_tarda	636	S	94	184	278	0.00005
Edwardsiella_hoshinae	93378	S	74	27	101	0.00002
Edwardsiella_ictaluri	67780	S	45	40	85	0.00002
Hafnia_alvei	569	S	27	40	67	0.00001
Hafnia_paralvei	546367	S	12	4	16	0.00000
Obesumbacterium_proteus	82983	S	10	6	16	0.00000
Sodalis_sp._dw_23	2697027	S	110	3	113	0.00002
Sodalis_praecaptivus	1239307	S	62	53	115	0.00002
Sodalis_glossinidius	63612	S	56	5	61	0.00001
Candidatus_Sodalis_pierantonius	1486991	S	14	13	27	0.00000
Leminorella_richardii	158841	S	44	3	47	0.00001
Jinshanibacter_zhutongyuii	2498113	S	12	1	13	0.00000
Limnobaculum_parvum	2172103	S	11	1	12	0.00000
Halomonas_sp._1513	1883416	S	500	78	578	0.00010
Halomonas_sp._YLGW01	2773308	S	479	48	527	0.00010
Halomonas_sp._THAF5a	2587844	S	458	126	584	0.00011
Halomonas_sp._MCCC_1A13316	2733487	S	422	35	457	0.00008
Halomonas_sp._HG01	1609967	S	376	147	523	0.00009
Halomonas_sp._THAF12	2587849	S	373	205	578	0.00010
Halomonas_sp._JS92-SW72	2306583	S	373	425	798	0.00014
Halomonas_sp._PGE1	2730360	S	196	259	455	0.00008
Halomonas_sp._Y2R2	2562282	S	156	4	160	0.00003
Halomonas_sp._A40-4	2785909	S	133	24	157	0.00003
Halomonas_sp._SH5A2	2749040	S	102	12	114	0.00002
Halomonas_sp._R57-5	1610576	S	84	29	113	0.00002
Halomonas_sp._KO116	1504981	S	82	25	107	0.00002
Halomonas_sp._18071143	2855441	S	67	112	179	0.00003
Halomonas_sp._GFAJ-1	1118153	S	56	6	62	0.00001
Halomonas_sp._FeN2	2832500	S	52	18	70	0.00001
Halomonas_sp._SS10-MC5	2854257	S	51	384	435	0.00008
Halomonas_sp._SF2003	2136172	S	46	197	243	0.00004
Halomonas_sp._NyZ770	2883106	S	43	149	192	0.00003
Halomonas_sp._TD01	999141	S	38	17	55	0.00001
Halomonas_sp._N3-2A	2014541	S	25	26	51	0.00001
Halomonas_sp._hl-4	1761789	S	22	153	175	0.00003
Halomonas_sp._GT	1971364	S	21	13	34	0.00001
Halomonas_sp._HL-93	1666906	S	15	108	123	0.00002
Halomonas_sp._A3H3	1346287	S	11	253	264	0.00005
Halomonas_beimenensis	475662	S	542	64	606	0.00011
Halomonas_socia	1081866	S	411	53	464	0.00008
Halomonas_tianxiuensis	2497861	S	399	62	461	0.00008
Halomonas_aestuarii	1897729	S	394	52	446	0.00008
Halomonas_sulfidivorans	2733488	S	374	51	425	0.00008
Halomonas_elongata	2746	S	341	20	361	0.00007
Halomonas_chromatireducens	507626	S	273	13	286	0.00005
Halomonas_subglaciescola	29571	S	213	12	225	0.00004
Halomonas_meridiana	29570	S	195	99	294	0.00005
Halomonas_huangheensis	1178482	S	192	6	198	0.00004
Halomonas_piezotolerans	2609667	S	115	43	158	0.00003
Halomonas_profundi	2852117	S	53	4	57	0.00001
Halomonas_sulfidoxydans	2733484	S	53	392	445	0.00008
Halomonas_titanicae	664683	S	43	180	223	0.00004
Halomonas_hydrothermalis	115561	S	37	86	123	0.00002
Halomonas_venusta	44935	S	24	24	48	0.00001
Salinicola_tamaricis	1771309	S	571	37	608	0.00011
Cobetia_sp._L2A1	2686360	S	95	8	103	0.00002
Cobetia_sp._cqz5-12	2609415	S	70	93	163	0.00003
Cobetia_sp._AM6	2661553	S	36	211	247	0.00004
Cobetia_sp._4B	2758724	S	25	105	130	0.00002
Cobetia_pacifica	1055101	S	32	118	150	0.00003
Cobetia_amphilecti	1055104	S	11	71	82	0.00001
Chromohalobacter_salexigens	158080	S	527	32	559	0.00010
Kushneria_phosphatilytica	657387	S	150	3	153	0.00003
Kushneria_konosiri	698828	S	114	23	137	0.00002
Kushneria_marisflavi	157779	S	110	21	131	0.00002
Halotalea_alkalilenta	376489	S	410	41	451	0.00008
Pistricoccus_aurantiacus	1883414	S	281	10	291	0.00005
Zymobacter_palmae	33074	S	72	5	77	0.00001
Alcanivorax_pacificus	1306787	S	2062	371	2433	0.00044
Alcanivorax_sp._N3-2A	2014542	S	435	252	687	0.00012
Alcanivorax_dieselolei	285091	S	196	93	289	0.00005
Alcanivorax_xenomutans	1094342	S	173	105	278	0.00005
Ketobacter_alkanivorans	1917421	S	75	5	80	0.00001
Marinobacterium_aestuarii	1821621	S	202	8	210	0.00004
Marinobacterium_sediminicola	518898	S	108	10	118	0.00002
Marinobacterium_georgiense	48076	S	92	16	108	0.00002
Marinobacterium_sp._LSUCC0821	2668067	S	14	0	14	0.00000
Marinomonas_sp._CT5	2066133	S	14	0	14	0.00000
Marinomonas_sp._A3A	2065312	S	10	1	11	0.00000
Marinomonas_primoryensis	178399	S	20	1	21	0.00000
Marinomonas_mediterranea	119864	S	19	1	20	0.00000
Marinomonas_algicola	2773454	S	18	1	19	0.00000
Marinomonas_arctica	383750	S	15	2	17	0.00000
Marinomonas_profundi	2726122	S	13	2	15	0.00000
Marinomonas_foliarum	491950	S	12	3	15	0.00000
Marinomonas_posidonica	936476	S	10	0	10	0.00000
Thalassolituus_sp._C2-1	2597518	S	68	2	70	0.00001
Thalassolituus_oleivorans	187493	S	29	3	32	0.00001
Venatorbacter_cucullus	2661630	S	77	9	86	0.00002
Bacterioplanes_sanyensis	1249553	S	59	1	60	0.00001
Neptunomonas_japonica	417574	S	27	0	27	0.00001
Neptunomonas_concharum	1031538	S	15	0	15	0.00000
Neptunomonas_phycophila	1572645	S	10	0	10	0.00000
Nitrincola_iocasae	2614693	S	42	3	45	0.00001
Amphritea_japonica	452627	S	27	1	28	0.00001
Bermanella_marisrubri	207949	S	16	0	16	0.00000
Saccharospirillum_mangrovi	2161747	S	171	6	177	0.00003
Reinekea_forsetii	1336806	S	48	1	49	0.00001
Gynuella_sunshinyii	1445505	S	42	0	42	0.00001
Hahella_sp._KA22	1628392	S	122	16	138	0.00003
Hahella_chejuensis	158327	S	113	13	126	0.00002
Litoricola_lipolytica	418701	S	83	2	85	0.00002
Endozoicomonas_montiporae	1027273	S	35	1	36	0.00001
Oleiphilus_messinensis	141451	S	20	1	21	0.00000
Spartinivicinus_ruber	2683272	S	20	0	20	0.00000
Thioalkalivibrio_sulfidiphilus	1033854	S	645	234	879	0.00016
Thioalkalivibrio_paradoxus	108010	S	536	188	724	0.00013
Thioalkalivibrio_nitratireducens	186931	S	490	158	648	0.00012
Thioalkalivibrio_sp._K90mix	396595	S	434	54	488	0.00009
Thioalkalivibrio_versutus	106634	S	422	55	477	0.00009
Spiribacter_sp._E85	2182432	S	1154	102	1256	0.00023
Spiribacter_sp._2438	2666185	S	225	26	251	0.00005
Spiribacter_curvatus	1335757	S	256	14	270	0.00005
Spiribacter_salinus	1335746	S	183	17	200	0.00004
Acidihalobacter_aeolianus	2792603	S	446	50	496	0.00009
Acidihalobacter_ferrooxydans	1765967	S	387	28	415	0.00007
Acidihalobacter_yilgarnensis	2819280	S	295	18	313	0.00006
Aquisalimonas_sp._2447	2740807	S	586	41	627	0.00011
Ectothiorhodospira_sp._BSL-9	1442136	S	253	88	341	0.00006
Ectothiorhodospira_haloalkaliphila	421628	S	216	75	291	0.00005
Halorhodospira_halophila	1053	S	476	49	525	0.00009
Halorhodospira_halochloris	1052	S	79	3	82	0.00001
Alkalilimnicola_ehrlichii	351052	S	504	62	566	0.00010
Ectothiorhodosinus_mongolicus	233100	S	80	5	85	0.00002
Allochromatium_vinosum	1049	S	394	148	542	0.00010
Allochromatium_tepidum	553982	S	383	174	557	0.00010
Marichromatium_purpuratum	37487	S	725	112	837	0.00015
Candidatus_Thiodictyon_syntrophicum	1166950	S	689	30	719	0.00013
Thioflavicoccus_mobilis	80679	S	684	46	730	0.00013
Thiocapsa_bogorovii	521689	S	596	26	622	0.00011
Nitrosococcus_oceani	1229	S	171	25	196	0.00004
Nitrosococcus_wardiae	1814290	S	90	7	97	0.00002
Nitrosococcus_halophilus	133539	S	88	7	95	0.00002
Nitrosococcus_watsonii	473531	S	74	11	85	0.00002
Thiocystis_violascens	73141	S	447	29	476	0.00009
Thermochromatium_tepidum	1050	S	290	62	352	0.00006
Caldichromatium_japonicum	2699430	S	187	15	202	0.00004
Rheinheimera_sp._F8	1763998	S	60	2	62	0.00001
Rheinheimera_sp._D18	2545632	S	12	5	17	0.00000
Rheinheimera_mangrovi	2498451	S	21	1	22	0.00000
Candidatus_Nitrosoglobus_terrae	1630141	S	17	0	17	0.00000
Wenzhouxiangella_marina	1579979	S	566	29	595	0.00011
Wenzhouxiangella_sp._AB-CW3	2771012	S	374	14	388	0.00007
Thiohalobacter_thiocyanaticus	585455	S	142	418	560	0.00010
Thiohalobacter_sp._COW1	2795687	S	137	324	461	0.00008
Sulfurivermis_fontis	1972068	S	577	146	723	0.00013
Woeseia_oceani	1548547	S	484	5	489	0.00009
Guyparkeria_halophila	47960	S	482	82	564	0.00010
Halothiobacillus_sp._LS2	1860122	S	212	17	229	0.00004
Halothiobacillus_neapolitanus	927	S	91	7	98	0.00002
Sulfuriflexus_mobilis	1811807	S	116	2	118	0.00002
Granulosicoccus_antarcticus	437505	S	99	0	99	0.00002
Cellvibrio_sp._PSBB006	1987723	S	3384	77	3461	0.00062
Cellvibrio_sp._KY-YJ-3	454662	S	351	35	386	0.00007
Cellvibrio_sp._PSBB023	1945512	S	115	7	122	0.00002
Cellvibrio_sp._KY-GH-1	2303332	S	107	6	113	0.00002
Cellvibrio_japonicus	155077	S	126	5	131	0.00002
Teredinibacter_turnerae	2426	S	85	2	87	0.00002
Teredinibacter_haidensis	2731755	S	50	3	53	0.00001
Teredinibacter_purpureus	2731756	S	20	0	20	0.00000
Simiduia_agarivorans	447471	S	131	4	135	0.00002
Saccharophagus_degradans	86304	S	50	1	51	0.00001
Marinagarivorans_sp._GE09	2721545	S	33	2	35	0.00001
Agarilytica_rhodophyticola	1737490	S	24	0	24	0.00000
Microbulbifer_sp._YPW16	2904242	S	265	20	285	0.00005
Microbulbifer_sp._SH-1	2681547	S	200	29	229	0.00004
Microbulbifer_sp._YPW1	2745199	S	161	28	189	0.00003
Microbulbifer_sp._ALW1	1516059	S	140	23	163	0.00003
Microbulbifer_sp._THAF38	2587856	S	60	22	82	0.00001
Microbulbifer_sp._GL-2	2591606	S	51	9	60	0.00001
Microbulbifer_sp._A4B17	359370	S	43	11	54	0.00001
Microbulbifer_aggregans	1769779	S	167	16	183	0.00003
Microbulbifer_celer	435905	S	153	17	170	0.00003
Microbulbifer_thermotolerans	252514	S	130	6	136	0.00002
Microbulbifer_elongatus	86173	S	127	19	146	0.00003
Microbulbifer_hydrolyticus	48074	S	125	22	147	0.00003
Microbulbifer_agarilyticus	260552	S	88	9	97	0.00002
Microbulbifer_variabilis	266805	S	42	16	58	0.00001
Kineobactrum_salinum	2708301	S	326	8	334	0.00006
Halioglobus_japonicus	930805	S	128	5	133	0.00002
Halioglobus_maricola	2601894	S	91	2	93	0.00002
Congregibacter_litoralis	393662	S	137	39	176	0.00003
Aequoribacter_fuscus	2518989	S	41	3	44	0.00001
Spongiibacter_nanhainus	2794344	S	122	13	135	0.00002
Spongiibacter_taiwanensis	1748242	S	97	3	100	0.00002
Spongiibacter_sp._IMCC21906	1620392	S	29	6	35	0.00001
Zhongshania_aliphaticivorans	1470434	S	58	2	60	0.00001
Oceanicoccus_sagamiensis	716816	S	40	0	40	0.00001
Aeromonas_hydrophila	644	S	358	612	970	0.00017
Aeromonas_sp._FDAARGOS_1415	2778064	S	69	25	94	0.00002
Aeromonas_sp._CA23	2033032	S	52	14	66	0.00001
Aeromonas_sp._ASNIH3	1636608	S	29	845	874	0.00016
Aeromonas_sp._FDAARGOS_1409	2778058	S	29	33	62	0.00001
Aeromonas_sp._CU5	2033033	S	24	6	30	0.00001
Aeromonas_sp._ASNIH4	1636609	S	14	44	58	0.00001
Aeromonas_sp._FDAARGOS_1407	2778056	S	14	31	45	0.00001
Aeromonas_sp._FDAARGOS_1403	2778052	S	14	36	50	0.00001
Aeromonas_veronii	654	S	243	386	629	0.00011
Aeromonas_media	651	S	165	173	338	0.00006
Aeromonas_salmonicida	645	S	163	187	350	0.00006
Aeromonas_schubertii	652	S	158	25	183	0.00003
Aeromonas_simiae	218936	S	153	76	229	0.00004
Aeromonas_caviae	648	S	137	755	892	0.00016
Aeromonas_encheleia	73010	S	137	29	166	0.00003
Aeromonas_rivuli	648794	S	104	16	120	0.00002
Aeromonas_enteropelogenes	29489	S	95	60	155	0.00003
Aeromonas_jandaei	650	S	85	72	157	0.00003
Aeromonas_dhakensis	196024	S	70	118	188	0.00003
Aeromonas_sanarellii	633415	S	28	83	111	0.00002
Aeromonas_allosaccharophila	656	S	19	23	42	0.00001
Aeromonas_rivipollensis	948519	S	12	15	27	0.00001
Zobellella_denitrificans	347534	S	336	48	384	0.00007
Oceanimonas_sp._GK1	511062	S	195	26	221	0.00004
Oceanisphaera_profunda	1416627	S	29	3	32	0.00001
Oceanisphaera_avium	1903694	S	14	2	16	0.00000
Dongshaea_marina	2047966	S	34	1	35	0.00001
Tolumonas_auensis	43948	S	33	7	40	0.00001
Succinivibrio_dextrinosolvens	83771	S	15	0	15	0.00000
Methylococcus_sp._Mc7	2860258	S	403	100	503	0.00009
Methylococcus_sp._EFPC2	2812648	S	400	17	417	0.00008
Methylococcus_capsulatus	414	S	377	71	448	0.00008
Methylococcus_geothermalis	2681310	S	303	61	364	0.00007
Methylomonas_sp._LL1	2785785	S	111	3	114	0.00002
Methylomonas_sp._EFPC1	2812647	S	57	27	84	0.00002
Methylomonas_sp._LW13	107637	S	56	24	80	0.00001
Methylomonas_sp._DH-1	1727196	S	51	75	126	0.00002
Methylomonas_koyamae	702114	S	116	92	208	0.00004
Methylomonas_rhizoryzae	2608981	S	104	2	106	0.00002
Methylomonas_methanica	421	S	86	2	88	0.00002
Methylomonas_denitrificans	1538553	S	81	3	84	0.00002
Methylomonas_paludis	1173101	S	29	0	29	0.00001
Methylomicrobium_album	39775	S	373	8	381	0.00007
Methylomicrobium_sp._wino1	2049332	S	80	68	148	0.00003
Methylocaldum_marinum	1432792	S	449	14	463	0.00008
Methylomagnum_ishizawai	1760988	S	413	10	423	0.00008
Methylogaea_oryzae	1295382	S	391	16	407	0.00007
Methylotuvimicrobium_buryatense	95641	S	56	59	115	0.00002
Methylotuvimicrobium_alcaliphilum	271065	S	40	50	90	0.00002
Candidatus_Methylospira_mobilis	1808979	S	132	3	135	0.00002
Methylovulum_psychrotolerans	1704499	S	56	0	56	0.00001
Methylobacter_sp._S3L5C	2839024	S	23	0	23	0.00000
Solimonas_sp._K1W22B-7	2303331	S	1221	72	1293	0.00023
Flagellatimonas_centrodinii	2806210	S	451	22	473	0.00009
Sinimarinibacterium_sp._NLF-5-8	2698684	S	253	70	323	0.00006
Steroidobacter_denitrificans	465721	S	1900	257	2157	0.00039
Sulfurifustis_variabilis	1675686	S	1981	77	2058	0.00037
Sulfuricaulis_limicola	1620215	S	880	42	922	0.00017
Acidiferrobacter_sp._SPIII_3	1281578	S	228	53	281	0.00005
Acidiferrobacter_thiooxydans	163359	S	215	51	266	0.00005
Shewanella_sp._FJAT-51860	2864212	S	21	2	23	0.00000
Shewanella_sp._FJAT-54031	2864209	S	17	34	51	0.00001
Shewanella_sp._FJAT-53749	2864206	S	17	2	19	0.00000
Shewanella_sp._FJAT-53532	2864203	S	16	37	53	0.00001
Shewanella_sp._FJAT-53764	2864207	S	14	29	43	0.00001
Shewanella_sp._FJAT-53555	2864204	S	13	14	27	0.00000
Shewanella_sp._WE21	2029986	S	11	6	17	0.00000
Shewanella_sp._SNU_WT4	2590015	S	11	1	12	0.00000
Shewanella_sp._OM3-2	2908650	S	10	1	11	0.00000
Shewanella_sp._FJAT-53681	2864205	S	10	21	31	0.00001
Shewanella_algae	38313	S	67	57	124	0.00002
Shewanella_khirikhana	1965282	S	51	6	57	0.00001
Shewanella_cyperi	2814292	S	49	30	79	0.00001
Shewanella_amazonensis	60478	S	42	10	52	0.00001
Shewanella_putrefaciens	24	S	36	124	160	0.00003
Shewanella_marisflavi	260364	S	33	4	37	0.00001
Shewanella_sedimentimangrovi	2814293	S	31	27	58	0.00001
Shewanella_avicenniae	2814294	S	29	2	31	0.00001
Shewanella_baltica	62322	S	28	27	55	0.00001
Shewanella_litorisediminis	1173586	S	28	6	34	0.00001
Shewanella_sediminis	271097	S	22	1	23	0.00000
Shewanella_carassii	1987584	S	21	27	48	0.00001
Shewanella_psychrophila	225848	S	20	2	22	0.00000
Shewanella_yunxiaonensis	2829809	S	19	1	20	0.00000
Shewanella_dokdonensis	712036	S	19	1	20	0.00000
Shewanella_denitrificans	192073	S	17	1	18	0.00000
Shewanella_loihica	359303	S	17	36	53	0.00001
Shewanella_violacea	60217	S	14	1	15	0.00000
Shewanella_halifaxensis	271098	S	12	1	13	0.00000
Shewanella_pealeana	70864	S	12	1	13	0.00000
Shewanella_decolorationis	256839	S	11	12	23	0.00000
Shewanella_piezotolerans	404011	S	10	0	10	0.00000
Shewanella_psychromarinicola	2487742	S	10	1	11	0.00000
Shewanella_inventionis	1738770	S	10	3	13	0.00000
Parashewanella_spongiae	342950	S	10	0	10	0.00000
Alteromonas_sp._RKMC-009	2267264	S	31	21	52	0.00001
Alteromonas_macleodii	28108	S	33	8	41	0.00001
Alteromonas_pelagimontana	1858656	S	25	1	26	0.00000
Alteromonas_mediterranea	314275	S	14	134	148	0.00003
Salinimonas_sediminis	2303538	S	30	4	34	0.00001
Salinimonas_marina	2785918	S	26	1	27	0.00001
Salinimonas_lutimaris	914153	S	23	2	25	0.00000
Salinimonas_iocasae	2572577	S	19	2	21	0.00000
Hydrocarboniclastica_marina	2259620	S	193	12	205	0.00004
Agarivorans_sp._TSD2052	2937286	S	15	7	22	0.00000
Agarivorans_gilvus	680279	S	14	4	18	0.00000
Lacimicrobium_alkaliphilum	1526571	S	56	2	58	0.00001
Paraglaciecola_sp._L3A3	2686358	S	10	0	10	0.00000
Paraglaciecola_mesophila	197222	S	15	1	16	0.00000
Paraglaciecola_psychrophila	326544	S	14	0	14	0.00000
Saliniradius_amylolyticus	2183582	S	43	2	45	0.00001
Paraneptunicella_aestuarii	2831148	S	16	0	16	0.00000
Glaciecola_nitratireducens	300231	S	13	0	13	0.00000
Saccharobesus_litoralis	2172099	S	10	0	10	0.00000
Pseudoalteromonas_sp._R3	1709477	S	12	5	17	0.00000
Pseudoalteromonas_sp._A25	116092	S	10	5	15	0.00000
Pseudoalteromonas_rubra	43658	S	45	8	53	0.00001
Pseudoalteromonas_viridis	339617	S	21	7	28	0.00001
Pseudoalteromonas_shioyasakiensis	1190813	S	19	8	27	0.00000
Pseudoalteromonas_luteoviolacea	43657	S	16	1	17	0.00000
Pseudoalteromonas_spongiae	298657	S	15	4	19	0.00000
Pseudoalteromonas_ulvae	107327	S	14	0	14	0.00000
Pseudoalteromonas_prydzensis	182141	S	11	2	13	0.00000
Pseudoalteromonas_agarivorans	176102	S	10	84	94	0.00002
Ferrimonas_balearica	44012	S	154	9	163	0.00003
Ferrimonas_lipolytica	2724191	S	17	1	18	0.00000
Thalassotalea_sp._PS06	2594005	S	19	1	20	0.00000
Thalassotalea_sp._LPB0316	2769490	S	11	1	12	0.00000
Thalassotalea_crassostreae	1763536	S	11	2	13	0.00000
Colwellia_sp._Arc7-635	2497879	S	11	1	12	0.00000
Idiomarina_sp._OT37-5b	2100422	S	27	5	32	0.00001
Idiomarina_abyssalis	86102	S	15	2	17	0.00000
Idiomarina_loihiensis	135577	S	14	0	14	0.00000
Moritella_yayanosii	69539	S	14	6	20	0.00000
Psychromonas_ingrahamii	357794	S	18	1	19	0.00000
Vibrio_parahaemolyticus	670	S	55	13	68	0.00001
Vibrio_diabolicus	50719	S	12	21	33	0.00001
Vibrio_rotiferianus	190895	S	15	5	20	0.00000
Vibrio_natriegens	691	S	14	28	42	0.00001
Vibrio_alginolyticus	663	S	12	32	44	0.00001
Vibrio_owensii	696485	S	10	8	18	0.00000
Vibrio_sp._OG9-811	2841925	S	27	5	32	0.00001
Vibrio_sp._HDW18	2714948	S	12	1	13	0.00000
Vibrio_sp._B1FLJ16	2751178	S	12	3	15	0.00000
Vibrio_furnissii	29494	S	72	16	88	0.00002
Vibrio_fluvialis	676	S	71	10	81	0.00001
Vibrio_vulnificus	672	S	61	8	69	0.00001
Vibrio_sinaloensis	379097	S	22	2	24	0.00000
Vibrio_europaeus	300876	S	14	5	19	0.00000
Vibrio_cholerae	666	S	36	156	192	0.00003
Vibrio_anguillarum	55601	S	26	8	34	0.00001
Vibrio_mimicus	674	S	25	6	31	0.00001
Vibrio_coralliilyticus	190893	S	19	11	30	0.00001
Vibrio_navarrensis	29495	S	18	6	24	0.00000
Vibrio_alfacsensis	1074311	S	17	9	26	0.00000
Vibrio_maritimus	990268	S	16	1	17	0.00000
Vibrio_gazogenes	687	S	16	1	17	0.00000
Vibrio_mediterranei	689	S	16	1	17	0.00000
Vibrio_splendidus	29497	S	15	6	21	0.00000
Vibrio_cyclitrophicus	47951	S	15	5	20	0.00000
Vibrio_metschnikovii	28172	S	14	1	15	0.00000
Vibrio_penaeicida	104609	S	14	1	15	0.00000
Vibrio_chagasii	170679	S	13	2	15	0.00000
Vibrio_ziniensis	2711221	S	12	0	12	0.00000
Vibrio_spartinae	1918945	S	12	0	12	0.00000
Vibrio_cidicii	1763883	S	12	6	18	0.00000
Vibrio_scophthalmi	45658	S	12	1	13	0.00000
Vibrio_tapetis	52443	S	11	0	11	0.00000
Vibrio_nigripulchritudo	28173	S	11	4	15	0.00000
Vibrio_taketomensis	2572923	S	10	0	10	0.00000
Vibrio_astriarenae	1481923	S	10	0	10	0.00000
Photobacterium_sp._GJ3	2829502	S	37	3	40	0.00001
Photobacterium_sp._TLY01	2907534	S	37	5	42	0.00001
Photobacterium_gaetbulicola	1295392	S	42	2	44	0.00001
Photobacterium_ganghwense	320778	S	36	6	42	0.00001
Photobacterium_damselae	38293	S	27	9	36	0.00001
Photobacterium_profundum	74109	S	12	0	12	0.00000
Salinivibrio_kushneri	1908198	S	21	16	37	0.00001
Grimontia_hollisae	673	S	26	2	28	0.00001
Aliivibrio_fischeri	668	S	10	2	12	0.00000
Aliivibrio_salmonicida	40269	S	10	2	12	0.00000
Thaumasiovibrio_subtropicus	1891207	S	12	1	13	0.00000
Acinetobacter_sp._WCHAc010034	1879049	S	56	18	74	0.00001
Acinetobacter_sp._10FS3-1	2563897	S	16	10	26	0.00000
Acinetobacter_baumannii	470	S	41	226	267	0.00005
Acinetobacter_pittii	48296	S	10	20	30	0.00001
Acinetobacter_indicus	756892	S	40	20	60	0.00001
Acinetobacter_johnsonii	40214	S	24	21	45	0.00001
Acinetobacter_junii	40215	S	21	6	27	0.00000
Acinetobacter_lwoffii	28090	S	15	20	35	0.00001
Acinetobacter_schindleri	108981	S	15	9	24	0.00000
Acinetobacter_radioresistens	40216	S	14	1	15	0.00000
Acinetobacter_variabilis	70346	S	13	17	30	0.00001
Acinetobacter_bouvetii	202951	S	13	3	16	0.00000
Acinetobacter_soli	487316	S	11	1	12	0.00000
Acinetobacter_gyllenbergii	134534	S	10	0	10	0.00000
Moraxella_osloensis	34062	S	26	5	31	0.00001
Moraxella_sp._ZY201115	2904121	S	11	3	14	0.00000
Moraxella_catarrhalis	480	S	10	13	23	0.00000
Aquirhabdus_parva	2283318	S	18	0	18	0.00000
Methylophaga_sp._TMB456	2881052	S	245	35	280	0.00005
Methylophaga_nitratireducenticrescens	754476	S	25	1	26	0.00000
Methylophaga_frappieri	754477	S	25	6	31	0.00001
Thiomicrorhabdus_xiamenensis	2739063	S	22	0	22	0.00000
Thiomicrorhabdus_sediminis	2580412	S	14	0	14	0.00000
Thiomicrospira_sp._S5	1803865	S	18	17	35	0.00001
Thiomicrospira_microaerophila	406020	S	14	2	16	0.00000
Hydrogenovibrio_thermophilus	265883	S	19	17	36	0.00001
Hydrogenovibrio_marinus	28885	S	14	0	14	0.00000
Hydrogenovibrio_crunogenus	39765	S	13	0	13	0.00000
Piscirickettsia_salmonis	1238	S	22	0	22	0.00000
Thiosulfatimonas_sediminis	2675054	S	22	0	22	0.00000
Thiosulfativibrio_zosterae	2675053	S	13	0	13	0.00000
Thiothrix_litoralis	2891210	S	73	4	77	0.00001
Thiothrix_sp._CT3	96472	S	50	16	66	0.00001
Thiothrix_subterranea	2735563	S	36	10	46	0.00001
Thiothrix_unzii	111769	S	27	15	42	0.00001
Candidatus_Thiothrix_anitrata	2823902	S	24	15	39	0.00001
Beggiatoa_leptomitoformis	288004	S	24	0	24	0.00000
Francisella_tularensis	263	S	10	28	38	0.00001
Candidatus_Endoriftia_persephone	393765	S	288	13	301	0.00005
Sedimenticola_thiotaurini	1543721	S	170	9	179	0.00003
Candidatus_Reidiella_endopervernicosa	2738883	S	130	1	131	0.00002
Thiolapillus_brandeum	1076588	S	124	3	127	0.00002
Pseudohongiella_spirulinae	1249552	S	85	1	86	0.00002
Gallaecimonas_mangrovi	2291597	S	37	1	38	0.00001
Ignatzschineria_sp._HR5S32	2923279	S	13	0	13	0.00000
Immundisolibacter_cernigliae	1810504	S	832	74	906	0.00016
Legionella_geestiana	45065	S	52	4	56	0.00001
Legionella_pneumophila	446	S	42	20	62	0.00001
Legionella_sp._MW5194	2662448	S	25	8	33	0.00001
Legionella_spiritensis	452	S	35	5	40	0.00001
Legionella_israelensis	454	S	21	0	21	0.00000
Legionella_jordanis	456	S	17	2	19	0.00000
Legionella_adelaidensis	45056	S	13	0	13	0.00000
Legionella_oakridgensis	29423	S	12	1	13	0.00000
Legionella_waltersii	66969	S	12	3	15	0.00000
Legionella_fallonii	96230	S	12	1	13	0.00000
Tatlockia_micdadei	451	S	14	0	14	0.00000
Fluoribacter_dumoffii	463	S	11	0	11	0.00000
Aquicella_siphonis	254247	S	47	6	53	0.00001
Aquicella_lusitana	254246	S	33	5	38	0.00001
Coxiella_burnetii	777	S	40	11	51	0.00001
Salinisphaera_sp._LB1	2183911	S	555	11	566	0.00010
endosymbiont_of_unidentified_scaly_snail_isolate_Monju	1248727	S	469	18	487	0.00009
Actinobacillus_sp._GY-402	2774188	S	29	16	45	0.00001
Haemophilus_parainfluenzae	729	S	22	5	27	0.00000
Haemophilus_influenzae	727	S	10	7	17	0.00000
Aggregatibacter_aphrophilus	732	S	22	9	31	0.00001
Aggregatibacter_actinomycetemcomitans	714	S	15	2	17	0.00000
Pasteurella_multocida	747	S	24	62	86	0.00002
Mannheimia_granulomatis	85402	S	14	3	17	0.00000
Mannheimia_haemolytica	75985	S	13	8	21	0.00000
Rodentibacter_haemolyticus	2778911	S	11	0	11	0.00000
Histophilus_somni	731	S	11	2	13	0.00000
Cardiobacterium_hominis	2718	S	135	14	149	0.00003
Cardiobacterium_sp._Marseille-Q4385	2866573	S	99	9	108	0.00002
Dichelobacter_nodosus	870	S	16	1	17	0.00000
Suttonella_sp._R2A3	2908648	S	16	0	16	0.00000
Kangiella_koreensis	261964	S	18	1	19	0.00000
Kangiella_geojedonensis	914150	S	15	0	15	0.00000
Kangiella_profundi	1561924	S	12	1	13	0.00000
Kangiella_sediminilitoris	1144748	S	10	0	10	0.00000
Comamonas_thiooxydans	363952	S	53237	32867	86104	0.01553
Comamonas_testosteroni	285	S	3676	2236	5912	0.00107
Comamonas_sp._NLF-7-7	2597701	S	507	819	1326	0.00024
Comamonas_sp._NLF-1-9	2853163	S	465	723	1188	0.00021
Comamonas_sp._B21-038	2918299	S	260	28	288	0.00005
Comamonas_sp._Y33R10-2	2853257	S	140	16	156	0.00003
Comamonas_aquatica	225991	S	711	375	1086	0.00020
Comamonas_serinivorans	1082851	S	541	89	630	0.00011
Comamonas_fluminis	2796366	S	309	72	381	0.00007
Comamonas_koreensis	160825	S	287	82	369	0.00007
Comamonas_odontotermitis	379895	S	243	27	270	0.00005
Comamonas_kerstersii	225992	S	201	57	258	0.00005
Comamonas_piscis	1562974	S	189	16	205	0.00004
Variovorax_sp._HW608	1034889	S	1670	194	1864	0.00034
Variovorax_sp._PBS-H4	434008	S	1058	405	1463	0.00026
Variovorax_sp._WDL1	207745	S	1002	1024	2026	0.00037
Variovorax_sp._PBL-H6	434009	S	992	778	1770	0.00032
Variovorax_sp._RA8	662548	S	948	528	1476	0.00027
Variovorax_sp._PAMC_28711	1795631	S	758	89	847	0.00015
Variovorax_sp._RKNM96	2681552	S	673	230	903	0.00016
Variovorax_sp._PAMC26660	2762322	S	626	134	760	0.00014
Variovorax_sp._PAMC28562	2762323	S	521	30	551	0.00010
Variovorax_sp._SRS16	282217	S	447	1016	1463	0.00026
Variovorax_sp._PBL-E5	434014	S	411	1082	1493	0.00027
Variovorax_sp._38R	2774875	S	401	418	819	0.00015
Variovorax_sp._PDNC026	2811425	S	14	608	622	0.00011
Variovorax_paradoxus	34073	S	3840	2666	6506	0.00117
Variovorax_boronicumulans	436515	S	599	409	1008	0.00018
Hydrogenophaga_sp._PBC	795665	S	2841	1860	4701	0.00085
Hydrogenophaga_sp._BA0156	2716225	S	2086	933	3019	0.00054
Hydrogenophaga_sp._YM1	2806262	S	1609	568	2177	0.00039
Hydrogenophaga_sp._BPS33	2651974	S	921	387	1308	0.00024
Hydrogenophaga_sp._SL48	2806347	S	741	128	869	0.00016
Hydrogenophaga_sp._RAC07	1842537	S	625	159	784	0.00014
Hydrogenophaga_sp._PBL-H3	434010	S	571	306	877	0.00016
Hydrogenophaga_sp._NH-16	2184519	S	262	525	787	0.00014
Hydrogenophaga_sp._PAMC20947	2565558	S	262	11	273	0.00005
Hydrogenophaga_taeniospiralis	65656	S	684	145	829	0.00015
Hydrogenophaga_pseudoflava	47421	S	281	478	759	0.00014
Hydrogenophaga_crassostreae	1763535	S	258	10	268	0.00005
Acidovorax_sp._KKS102	358220	S	1822	764	2586	0.00047
Acidovorax_sp._JMULE5	2518343	S	673	120	793	0.00014
Acidovorax_sp._YS12	2738413	S	645	326	971	0.00018
Acidovorax_sp._RAC01	1842533	S	443	200	643	0.00012
Acidovorax_sp._HDW3	2714923	S	345	139	484	0.00009
Acidovorax_sp._1608163	2478662	S	335	46	381	0.00007
Acidovorax_sp._T1	1858609	S	255	509	764	0.00014
Acidovorax_avenae	80867	S	1367	615	1982	0.00036
Acidovorax_monticola	1926868	S	754	195	949	0.00017
Acidovorax_antarcticus	2743470	S	727	320	1047	0.00019
Acidovorax_carolinensis	553814	S	517	270	787	0.00014
Acidovorax_citrulli	80869	S	409	713	1122	0.00020
Acidovorax_cattleyae	80868	S	335	174	509	0.00009
Acidovorax_radicis	758826	S	302	41	343	0.00006
Ramlibacter_tataouinensis	94132	S	7280	1985	9265	0.00167
Kinneretia_sp._XES5	2877940	S	3300	2099	5399	0.00097
Kinneretia_sp._DAIF2	2714952	S	1111	250	1361	0.00025
Rhodoferax_sp._BAB1	2741720	S	845	157	1002	0.00018
Rhodoferax_sp._AJA081-3	2752316	S	236	13	249	0.00004
Rhodoferax_sp._PAMC_29310	2822760	S	174	13	187	0.00003
Rhodoferax_sp._MIZ03	2798804	S	128	8	136	0.00002
Rhodoferax_koreense	1842727	S	940	279	1219	0.00022
Rhodoferax_sediminis	2509614	S	834	86	920	0.00017
Rhodoferax_ferrireducens	192843	S	327	15	342	0.00006
Rhodoferax_saidenbachensis	1484693	S	255	20	275	0.00005
Rhodoferax_antarcticus	81479	S	179	9	188	0.00003
Rhodoferax_aquaticus	2527691	S	105	7	112	0.00002
Diaphorobacter_sp._HDW4A	2714924	S	474	246	720	0.00013
Diaphorobacter_sp._HDW4B	2714925	S	402	32	434	0.00008
Diaphorobacter_sp._MNS-0	2866628	S	90	445	535	0.00010
Diaphorobacter_sp._JS3051	2792224	S	81	735	816	0.00015
Diaphorobacter_sp._JS3050	2735554	S	77	501	578	0.00010
Diaphorobacter_ruginosibacter	1715720	S	518	60	578	0.00010
Diaphorobacter_aerolatus	1288495	S	387	329	716	0.00013
Diaphorobacter_nitroreducens	164759	S	157	267	424	0.00008
[Acidovorax]_ebreus	721785	S	145	496	641	0.00012
Schlegelella_thermodepolymerans	215580	S	1632	503	2135	0.00039
Schlegelella_brevitalea	413882	S	1277	118	1395	0.00025
Delftia_tsuruhatensis	180282	S	551	1054	1605	0.00029
Delftia_acidovorans	80866	S	438	593	1031	0.00019
Delftia_lacustris	558537	S	166	650	816	0.00015
Delftia_sp._Cs1-4	742013	S	44	86	130	0.00002
Delftia_sp._HK171	1920191	S	36	83	119	0.00002
Polaromonas_sp._JS666	296591	S	688	653	1341	0.00024
Polaromonas_naphthalenivorans	216465	S	562	62	624	0.00011
Polaromonas_vacuolata	37448	S	59	4	63	0.00001
Ottowia_sp._27C	2816950	S	630	82	712	0.00013
Ottowia_sp._oral_taxon_894	1658672	S	241	21	262	0.00005
Ottowia_oryzae	2109914	S	516	79	595	0.00011
Alicycliphilus_denitrificans	179636	S	1352	1280	2632	0.00047
Melaminivora_sp._SC2-9	2109913	S	632	424	1056	0.00019
Melaminivora_jejuensis	1267217	S	449	205	654	0.00012
Serpentinimonas_maccroryi	1458426	S	341	88	429	0.00008
Serpentinimonas_raichei	1458425	S	288	79	367	0.00007
Hylemonella_gracilis	80880	S	641	58	699	0.00013
Verminephrobacter_eiseniae	364317	S	532	40	572	0.00010
Pulveribacter_suum	2116657	S	524	166	690	0.00012
Simplicispira_suum	2109915	S	417	87	504	0.00009
Limnohabitans_sp._63ED37-2	1678128	S	199	13	212	0.00004
Limnohabitans_sp._103DPR2	1678129	S	60	2	62	0.00001
Curvibacter_sp._AEP1-3	1844971	S	193	8	201	0.00004
Candidatus_Symbiobacter_mobilis	1436290	S	163	3	166	0.00003
Burkholderia_multivorans	87883	S	1421	347	1768	0.00032
Burkholderia_ubonensis	101571	S	1245	534	1779	0.00032
Burkholderia_cenocepacia	95486	S	913	1833	2746	0.00050
Burkholderia_cepacia	292	S	807	480	1287	0.00023
Burkholderia_pyrrocinia	60550	S	508	182	690	0.00012
Burkholderia_contaminans	488447	S	478	201	679	0.00012
Burkholderia_anthina	179879	S	422	225	647	0.00012
Burkholderia_ambifaria	152480	S	410	203	613	0.00011
Burkholderia_dolosa	152500	S	387	4251	4638	0.00084
Burkholderia_stagnalis	1503054	S	362	76	438	0.00008
Burkholderia_stabilis	95485	S	347	156	503	0.00009
Burkholderia_lata	482957	S	342	218	560	0.00010
Burkholderia_territorii	1503055	S	330	101	431	0.00008
Burkholderia_seminalis	488731	S	258	79	337	0.00006
Burkholderia_vietnamiensis	60552	S	238	381	619	0.00011
Burkholderia_metallica	488729	S	186	59	245	0.00004
Burkholderia_diffusa	488732	S	145	46	191	0.00003
Burkholderia_pseudomultivorans	1207504	S	91	77	168	0.00003
Burkholderia_aenigmatica	2015348	S	75	110	185	0.00003
Burkholderia_latens	488446	S	67	117	184	0.00003
Burkholderia_pseudomallei	28450	S	638	594	1232	0.00022
Burkholderia_thailandensis	57975	S	390	1488	1878	0.00034
Burkholderia_mayonis	1385591	S	375	41	416	0.00008
Burkholderia_oklahomensis	342113	S	254	49	303	0.00005
Burkholderia_savannae	1637837	S	60	27	87	0.00002
Burkholderia_sp._MSMB1588	1636423	S	27	35	62	0.00001
Burkholderia_mallei	13373	S	22	19792	19814	0.00357
Burkholderia_sp._MSMB617WGS	1637831	S	13	11	24	0.00000
Burkholderia_sp._DHOD12	2571746	S	634	36	670	0.00012
Burkholderia_sp._Bp7605	1740163	S	370	28	398	0.00007
Burkholderia_sp._NRF60-BP8	1637853	S	145	45	190	0.00003
Burkholderia_sp._LA-2-3-30-S1-D2	1637862	S	122	51	173	0.00003
Burkholderia_sp._MSMB0856	1637869	S	122	55	177	0.00003
Burkholderia_sp._PAMC_26561	1795043	S	107	157	264	0.00005
Burkholderia_sp._JP2-270	2217913	S	94	41	135	0.00002
Burkholderia_sp._MS455	2811788	S	78	38	116	0.00002
Burkholderia_sp._PAMC_28687	1795874	S	78	178	256	0.00005
Burkholderia_sp._IDO3	1705310	S	65	56	121	0.00002
Burkholderia_sp._KBS0801	1179675	S	36	46	82	0.00001
Burkholderia_sp._LAS2	2813843	S	24	82	106	0.00002
Burkholderia_sp._KJ006	416344	S	11	48	59	0.00001
Burkholderia_gladioli	28095	S	1681	302	1983	0.00036
Burkholderia_glumae	337	S	557	92	649	0.00012
Burkholderia_plantarii	41899	S	413	85	498	0.00009
Burkholderia_perseverans	2615214	S	319	71	390	0.00007
Cupriavidus_taiwanensis	164546	S	3062	2048	5110	0.00092
Cupriavidus_pauculus	82633	S	2691	689	3380	0.00061
Cupriavidus_basilensis	68895	S	1475	445	1920	0.00035
Cupriavidus_oxalaticus	96344	S	1415	416	1831	0.00033
Cupriavidus_sp._EM10	2839983	S	682	273	955	0.00017
Cupriavidus_sp._MP-37	2884455	S	275	231	506	0.00009
Cupriavidus_sp._ISTL7	2771360	S	110	649	759	0.00014
Cupriavidus_sp._USMAA2-4	876364	S	73	411	484	0.00009
Cupriavidus_sp._KK10	1478019	S	73	207	280	0.00005
Cupriavidus_sp._USMAHM13	1389192	S	51	336	387	0.00007
Cupriavidus_necator	106590	S	1260	833	2093	0.00038
Cupriavidus_campinensis	151783	S	1154	269	1423	0.00026
Cupriavidus_metallidurans	119219	S	837	293	1130	0.00020
Cupriavidus_pinatubonensis	248026	S	750	80	830	0.00015
Cupriavidus_gilardii	82541	S	407	1710	2117	0.00038
Cupriavidus_neocaledonicus	1040979	S	254	271	525	0.00009
Cupriavidus_nantongensis	1796606	S	226	388	614	0.00011
Cupriavidus_malaysiensis	367825	S	68	424	492	0.00009
Paraburkholderia_sp._SOS3	1926494	S	513	55	568	0.00010
Paraburkholderia_sp._PGU16	2735433	S	279	142	421	0.00008
Paraburkholderia_sp._PGU19	2735434	S	220	181	401	0.00007
Paraburkholderia_pallida	2547399	S	755	97	852	0.00015
Paraburkholderia_aromaticivorans	2026199	S	655	230	885	0.00016
Paraburkholderia_caribensis	75105	S	621	444	1065	0.00019
Paraburkholderia_acidisoli	2571748	S	621	77	698	0.00013
Paraburkholderia_tropica	92647	S	594	93	687	0.00012
Paraburkholderia_acidiphila	2571747	S	546	73	619	0.00011
Paraburkholderia_edwinii	2861782	S	529	54	583	0.00011
Paraburkholderia_phytofirmans	261302	S	485	166	651	0.00012
Paraburkholderia_terricola	169427	S	467	106	573	0.00010
Paraburkholderia_phenoliruptrix	252970	S	460	112	572	0.00010
Paraburkholderia_atlantica	2654982	S	455	85	540	0.00010
Paraburkholderia_sprentiae	948107	S	415	69	484	0.00009
Paraburkholderia_phymatum	148447	S	408	88	496	0.00009
Paraburkholderia_graminis	60548	S	374	73	447	0.00008
Paraburkholderia_fungorum	134537	S	367	70	437	0.00008
Paraburkholderia_megapolitana	420953	S	347	21	368	0.00007
Paraburkholderia_terrae	311230	S	345	390	735	0.00013
Paraburkholderia_ginsengisoli	311231	S	342	82	424	0.00008
Paraburkholderia_caledonica	134536	S	319	44	363	0.00007
Paraburkholderia_xenovorans	36873	S	300	268	568	0.00010
Paraburkholderia_dokdonella	2211211	S	299	58	357	0.00006
Paraburkholderia_caffeinilytica	1761016	S	294	65	359	0.00006
Paraburkholderia_hospita	169430	S	277	306	583	0.00011
Paraburkholderia_dioscoreae	2604047	S	225	143	368	0.00007
Ralstonia_solanacearum	305	S	1564	2692	4256	0.00077
Ralstonia_insidiosa	190721	S	454	169	623	0.00011
Ralstonia_mannitolilytica	105219	S	369	282	651	0.00012
Ralstonia_pickettii	329	S	283	96	379	0.00007
Ralstonia_sp._56D2	2842456	S	271	27	298	0.00005
Ralstonia_syzygii	28097	S	28	125	153	0.00003
Pandoraea_pnomenusa	93220	S	643	192	835	0.00015
Pandoraea_vervacti	656178	S	506	130	636	0.00011
Pandoraea_pulmonicola	93221	S	502	87	589	0.00011
Pandoraea_thiooxydans	445709	S	476	22	498	0.00009
Pandoraea_sp._XY-2	2518599	S	382	121	503	0.00009
Pandoraea_norimbergensis	93219	S	348	43	391	0.00007
Pandoraea_faecigallinarum	656179	S	334	79	413	0.00007
Pandoraea_fibrosis	1891094	S	285	87	372	0.00007
Pandoraea_apista	93218	S	278	107	385	0.00007
Pandoraea_oxalativorans	573737	S	239	108	347	0.00006
Pandoraea_sputorum	93222	S	236	100	336	0.00006
Caballeronia_sp._Lep1P3	2878150	S	468	85	553	0.00010
Caballeronia_sp._TF1N1	2878153	S	367	29	396	0.00007
Caballeronia_sp._SL2Y3	2878151	S	257	121	378	0.00007
Caballeronia_sp._Sq4a	2878152	S	216	133	349	0.00006
Caballeronia_sp._M1242	2814653	S	193	115	308	0.00006
Caballeronia_sp._SBC2	2705547	S	29	221	250	0.00005
Caballeronia_sp._SBC1	2705548	S	28	298	326	0.00006
Caballeronia_zhejiangensis	871203	S	516	95	611	0.00011
Caballeronia_insecticola	758793	S	475	78	553	0.00010
Caballeronia_grimmiae	1071679	S	454	148	602	0.00011
Polynucleobacter_sp._MWH-UH24A	2689110	S	20	1	21	0.00000
Polynucleobacter_sp._MWH-CaK5	2689107	S	17	1	18	0.00000
Polynucleobacter_sp._AP-Nino-20-G2	2576917	S	17	8	25	0.00000
Polynucleobacter_sp._es-EL-1	1855652	S	15	5	20	0.00000
Polynucleobacter_sp._VK25	1758398	S	14	9	23	0.00000
Polynucleobacter_sp._AP-Titi-500A-B4	2576923	S	13	7	20	0.00000
Polynucleobacter_sp._MWH-Aus1W21	1855880	S	13	7	20	0.00000
Polynucleobacter_sp._MG-6-Vaara-E2	2576932	S	10	4	14	0.00000
Polynucleobacter_sp._JS-JIR-II-50	2576919	S	10	15	25	0.00000
Polynucleobacter_sp._MWH-UH2A	1855617	S	10	5	15	0.00000
Polynucleobacter_sp._MWH-UH35A	1855619	S	10	3	13	0.00000
Polynucleobacter_necessarius	576610	S	53	16	69	0.00001
Polynucleobacter_asymbioticus	576611	S	35	10	45	0.00001
Polynucleobacter_difficilis	556054	S	32	3	35	0.00001
Polynucleobacter_acidiphobus	556053	S	14	1	15	0.00000
Polynucleobacter_paneuropaeus	2527775	S	14	2	16	0.00000
Lautropia_mirabilis	47671	S	559	60	619	0.00011
Chitinimonas_arctica	2594795	S	328	16	344	0.00006
Mycetohabitans_rhizoxinica	412963	S	263	9	272	0.00005
Mycoavidus_sp._HKI	2840467	S	37	2	39	0.00001
Mycoavidus_sp._B2-EB	2651972	S	13	1	14	0.00000
Mycoavidus_cysteinexigens	1553431	S	32	2	34	0.00001
Limnobacter_sp._SAORIC-580	2732163	S	71	1	72	0.00001
Candidatus_Vallotia_cooleyia	1177211	S	19	5	24	0.00000
Ephemeroptericola_cinctiostellae	2268024	S	40	1	41	0.00001
Achromobacter_sp._MFA1_R4	1881016	S	8257	1275	9532	0.00172
Achromobacter_sp._77	2756133	S	3359	2841	6200	0.00112
Achromobacter_sp._AONIH1	1758194	S	774	513	1287	0.00023
Achromobacter_sp._ES-001	2860286	S	125	274	399	0.00007
Achromobacter_sp._B7	2282475	S	116	207	323	0.00006
Achromobacter_mucicolens	1389922	S	6710	3435	10145	0.00183
Achromobacter_xylosoxidans	85698	S	6127	4302	10429	0.00188
Achromobacter_spanius	217203	S	2442	488	2930	0.00053
Achromobacter_denitrificans	32002	S	1464	487	1951	0.00035
Achromobacter_insolitus	217204	S	1148	156	1304	0.00024
Achromobacter_deleyi	1353891	S	1023	318	1341	0.00024
Achromobacter_pestifer	1353889	S	504	170	674	0.00012
Achromobacter_ruhlandii	72557	S	87	1343	1430	0.00026
Bordetella_petrii	94624	S	1382	1044	2426	0.00044
Bordetella_sp._H567	1697043	S	705	51	756	0.00014
Bordetella_sp._N	1746199	S	636	44	680	0.00012
Bordetella_genomosp._13	463040	S	956	369	1325	0.00024
Bordetella_bronchialis	463025	S	906	75	981	0.00018
Bordetella_flabilis	463014	S	763	39	802	0.00014
Bordetella_genomosp._9	1416803	S	739	109	848	0.00015
Bordetella_genomosp._8	1416806	S	729	55	784	0.00014
Bordetella_hinzii	103855	S	698	181	879	0.00016
Bordetella_trematum	123899	S	564	133	697	0.00013
Bordetella_bronchiseptica	518	S	485	1577	2062	0.00037
Bordetella_pseudohinzii	1331258	S	420	115	535	0.00010
Bordetella_holmesii	35814	S	275	51	326	0.00006
Bordetella_avium	521	S	268	18	286	0.00005
Bordetella_genomosp._6	463024	S	166	248	414	0.00007
Bordetella_pertussis	520	S	74	504	578	0.00010
Bordetella_parapertussis	519	S	61	617	678	0.00012
Pigmentiphaga_sp._H8	2488560	S	1263	105	1368	0.00025
Pigmentiphaga_aceris	1940612	S	362	16	378	0.00007
Pusillimonas_thiosulfatoxidans	2028345	S	562	86	648	0.00012
Pusillimonas_sp._T7-7	1007105	S	441	44	485	0.00009
Pusillimonas_sp._DMV24BSW_D	2716226	S	117	5	122	0.00002
Alcaligenes_faecalis	511	S	439	233	672	0.00012
Alcaligenes_sp._SORT26	2813780	S	97	12	109	0.00002
Alcaligenes_sp._DN25	1367435	S	23	33	56	0.00001
Alcaligenes_aquatilis	323284	S	79	166	245	0.00004
Alcaligenes_ammonioxydans	2582914	S	17	111	128	0.00002
Castellaniella_defragrans	75697	S	968	353	1321	0.00024
Orrella_dioscoreae	1851544	S	612	124	736	0.00013
Orrella_marina	2163011	S	140	13	153	0.00003
Orrella_sp._f23	2782176	S	60	2	62	0.00001
Paralcaligenes_sp._KSB-10	2901142	S	346	8	354	0.00006
Kerstersia_gyiorum	206506	S	263	32	295	0.00005
Advenella_kashmirensis	310575	S	125	5	130	0.00002
Advenella_mimigardefordensis	302406	S	106	4	110	0.00002
Oligella_ureolytica	90244	S	27	10	37	0.00001
Oligella_urethralis	90245	S	13	1	14	0.00000
Paenalcaligenes_hominis	643674	S	41	1	42	0.00001
Massilia_sp._NP310	2861282	S	4769	2345	7114	0.00128
Massilia_sp._WG5	1707785	S	4209	1374	5583	0.00101
Massilia_sp._LPB0304	2769491	S	3268	614	3882	0.00070
Massilia_sp._HC52	2852099	S	1513	316	1829	0.00033
Massilia_sp._DM-R-R2A-13	2899220	S	1469	237	1706	0.00031
Massilia_sp._PAMC28688	2861283	S	1154	134	1288	0.00023
Massilia_sp._YMA4	1593482	S	1111	435	1546	0.00028
Massilia_sp._NR_4-1	1678028	S	186	674	860	0.00016
Massilia_sp._MB5	2919578	S	141	529	670	0.00012
Massilia_sp._Dwa41.01b	2709302	S	36	1410	1446	0.00026
Massilia_sp._Se16.2.3	2709303	S	32	1267	1299	0.00023
Massilia_oculi	945844	S	3073	1482	4555	0.00082
Massilia_putida	1141883	S	2402	567	2969	0.00054
Massilia_violaceinigra	2045208	S	2019	435	2454	0.00044
Massilia_flava	871742	S	1278	226	1504	0.00027
Massilia_albidiflava	321983	S	1013	299	1312	0.00024
Massilia_umbonata	864828	S	992	293	1285	0.00023
Massilia_plicata	321984	S	936	179	1115	0.00020
Massilia_lutea	321985	S	924	206	1130	0.00020
Massilia_armeniaca	2072590	S	904	358	1262	0.00023
Massilia_antarctica	2765360	S	801	231	1032	0.00019
Duganella_sp._GN2-R2	2728020	S	1816	549	2365	0.00043
Duganella_sp._AF9R3	2728021	S	690	111	801	0.00014
Herbaspirillum_robiniae	2014887	S	817	247	1064	0.00019
Herbaspirillum_frisingense	92645	S	591	178	769	0.00014
Herbaspirillum_hiltneri	341045	S	590	84	674	0.00012
Herbaspirillum_seropedicae	964	S	578	307	885	0.00016
Herbaspirillum_rubrisubalbicans	80842	S	488	210	698	0.00013
Herbaspirillum_huttiense	863372	S	412	156	568	0.00010
Herbaspirillum_sp._meg3	2025949	S	382	34	416	0.00008
Janthinobacterium_sp._17J80-10	2497863	S	806	88	894	0.00016
Janthinobacterium_sp._1_2014MBL_MicDiv	1644131	S	471	157	628	0.00011
Janthinobacterium_sp._Marseille	375286	S	253	51	304	0.00005
Janthinobacterium_sp._LM6	1938606	S	199	121	320	0.00006
Janthinobacterium_sp._PAMC25594	2861284	S	128	77	205	0.00004
Janthinobacterium_sp._HH102	1537274	S	89	136	225	0.00004
Janthinobacterium_sp._B9-8	1236179	S	40	8	48	0.00001
Janthinobacterium_agaricidamnosum	55508	S	684	1036	1720	0.00031
Janthinobacterium_tructae	2590869	S	152	73	225	0.00004
Janthinobacterium_lividum	29581	S	145	141	286	0.00005
Janthinobacterium_svalbardensis	368607	S	135	63	198	0.00004
Collimonas_fungivorans	158899	S	748	186	934	0.00017
Collimonas_arenae	279058	S	587	67	654	0.00012
Collimonas_pratensis	279113	S	510	98	608	0.00011
Noviherbaspirillum_sp._UKPF54	2601898	S	1633	204	1837	0.00033
Undibacterium_sp._YM2	2058625	S	73	31	104	0.00002
Undibacterium_sp._KW1	2058624	S	61	26	87	0.00002
Undibacterium_parvum	401471	S	104	10	114	0.00002
Herminiimonas_arsenitoxidans	1809410	S	131	19	150	0.00003
Glaciimonas_sp._PAMC28666	2807626	S	112	5	117	0.00002
Oxalobacter_formigenes	847	S	60	3	63	0.00001
Rhizobacter_sp._AJA081-3	2753607	S	1644	339	1983	0.00036
Rhizobacter_gummiphilus	946333	S	1602	241	1843	0.00033
Sphaerotilus_sp._FB-5	2914710	S	958	386	1344	0.00024
Sphaerotilus_natans	34103	S	897	279	1176	0.00021
Methylibium_petroleiphilum	105560	S	508	415	923	0.00017
Methylibium_sp._Pch-M	2082386	S	500	425	925	0.00017
Rubrivivax_gelatinosus	28068	S	1476	353	1829	0.00033
Thiomonas_sp._X19	1050370	S	528	204	732	0.00013
Thiomonas_intermedia	926	S	363	38	401	0.00007
Thiomonas_arsenitoxydans	426114	S	137	220	357	0.00006
Aquincola_tertiaricarbonis	391953	S	1276	321	1597	0.00029
Leptothrix_cholodnii	34029	S	988	252	1240	0.00022
Mitsuaria_sp._7	1658665	S	985	151	1136	0.00020
Xylophilus_rhododendri	2697032	S	849	179	1028	0.00019
Tepidimonas_taiwanensis	307486	S	673	159	832	0.00015
Aquabacterium_olei	1296669	S	625	123	748	0.00014
Ideonella_dechloratans	36863	S	592	260	852	0.00015
Roseateles_depolymerans	76731	S	535	78	613	0.00011
Inhella_inkyongensis	392593	S	376	43	419	0.00008
Paucibacter_sp._KCTC_42545	1768242	S	276	35	311	0.00006
Sutterella_megalosphaeroides	2494234	S	187	23	210	0.00004
Sutterella_faecalis	2584944	S	134	13	147	0.00003
Sutterella_wadsworthensis	40545	S	76	6	82	0.00001
Turicimonas_muris	1796652	S	35	1	36	0.00001
Nitrosospira_multiformis	1231	S	4681	105	4786	0.00086
Nitrosospira_lacus	1288494	S	349	8	357	0.00006
Nitrosospira_sp._NRS527	155925	S	168	109	277	0.00005
Nitrosospira_briensis	35799	S	160	111	271	0.00005
Nitrosomonas_communis	44574	S	4906	63	4969	0.00090
Nitrosomonas_ureae	44577	S	95	1	96	0.00002
Nitrosomonas_europaea	915	S	86	7	93	0.00002
Nitrosomonas_eutropha	916	S	50	13	63	0.00001
Nitrosomonas_stercoris	1444684	S	25	6	31	0.00001
Usitatibacter_rugosus	2732067	S	2804	262	3066	0.00055
Usitatibacter_palustris	2732487	S	2196	220	2416	0.00044
Denitratisoma_sp._DHT3	1981880	S	571	277	848	0.00015
Denitratisoma_oestradiolicum	311182	S	335	42	377	0.00007
Sulfuritalea_hydrogenivorans	748811	S	735	79	814	0.00015
Methyloversatilis_sp._RAC08	1842540	S	610	55	665	0.00012
Sterolibacterium_denitrificans	157592	S	442	74	516	0.00009
Thiobacillus_denitrificans	36861	S	1555	196	1751	0.00032
Sulfuritortus_calidifontis	1914471	S	776	223	999	0.00018
Sideroxydans_sp._MIZ01	2764705	S	326	56	382	0.00007
Sideroxydans_lithotrophicus	63745	S	301	38	339	0.00006
Ferrigenium_kumadai	1682490	S	446	70	516	0.00009
Candidatus_Nitrotoga_arctica	453162	S	79	23	102	0.00002
Candidatus_Nitrotoga_sp._AM1P	2559597	S	41	12	53	0.00001
Ferriphaselus_amnicola	1188319	S	142	14	156	0.00003
Gallionella_capsiferriformans	370405	S	105	7	112	0.00002
Sulfuriferula_plumbiphila	171865	S	461	60	521	0.00009
Sulfuriferula_sp._AH1	1985873	S	169	21	190	0.00003
Sulfuriferula_nivalis	2675298	S	31	1	32	0.00001
Sulfurimicrobium_lacus	2715678	S	504	54	558	0.00010
Sulfuricella_denitrificans	649841	S	251	20	271	0.00005
Methylovorus_glucosotrophus	266009	S	75	70	145	0.00003
Methylovorus_sp._MP688	887061	S	71	73	144	0.00003
Methylobacillus_flagellatus	405	S	213	39	252	0.00005
Methylophilus_sp._TWE2	1662285	S	53	5	58	0.00001
Methylophilus_medardicus	2588534	S	33	4	37	0.00001
Methylotenera_mobilis	359408	S	32	5	37	0.00001
Methylotenera_versatilis	1055487	S	23	3	26	0.00000
Candidatus_Methylopumilus_turicensis	1581680	S	13	2	15	0.00000
Candidatus_Methylopumilus_planktonicus	1581557	S	12	3	15	0.00000
Candidatus_Methylopumilus_universalis	2588536	S	12	3	15	0.00000
Candidatus_Methylopumilus_rimovensis	2588535	S	10	1	11	0.00000
Methyloradius_palustris	2778876	S	53	5	58	0.00001
Thauera_sp._K11	2005884	S	939	401	1340	0.00024
Thauera_sp._MZ1T	85643	S	902	621	1523	0.00027
Thauera_humireducens	1134435	S	623	240	863	0.00016
Thauera_chlorobenzoica	96773	S	519	405	924	0.00017
Thauera_aromatica	59405	S	440	424	864	0.00016
Thauera_hydrothermalis	2184083	S	353	66	419	0.00008
Azoarcus_sp._KH32C	748247	S	856	121	977	0.00018
Azoarcus_sp._DD4	2027405	S	795	387	1182	0.00021
Azoarcus_olearius	418699	S	890	271	1161	0.00021
Azoarcus_communis	41977	S	690	164	854	0.00015
Nitrogeniibacter_mangrovi	2016596	S	770	122	892	0.00016
Nitrogeniibacter_aestuarii	2815343	S	373	31	404	0.00007
Aromatoleum_petrolei	76116	S	864	185	1049	0.00019
Aromatoleum_pumilum	2067960	S	793	178	971	0.00018
Aromatoleum_aromaticum	551760	S	720	430	1150	0.00021
Aromatoleum_bremense	76115	S	558	246	804	0.00015
Azospira_restricta	404405	S	1524	532	2056	0.00037
Azospira_inquinata	2785627	S	154	8	162	0.00003
Azospira_sp._I09	1765049	S	133	295	428	0.00008
Azospira_oryzae	146939	S	126	264	390	0.00007
Niveibacterium_microcysteis	2811415	S	536	50	586	0.00011
Oryzomicrobium_terrae	1735038	S	409	84	493	0.00009
Rugosibacter_aromaticivorans	1565605	S	139	14	153	0.00003
Dechloromonas_denitrificans	281362	S	619	128	747	0.00013
Dechloromonas_sp._HYN0024	2231055	S	166	30	196	0.00004
Dechloromonas_sp._TW-R-39-2	2654218	S	93	36	129	0.00002
Ferribacterium_limneticum	76259	S	814	119	933	0.00017
Quatrionicoccus_australiensis	138118	S	328	88	416	0.00008
Fluviibacter_phosphoraccumulans	1751046	S	55	9	64	0.00001
Chromobacterium_sp._ATCC_53434	2059672	S	422	117	539	0.00010
Chromobacterium_sp._Rain0013	2292447	S	91	104	195	0.00004
Chromobacterium_sp._Beijing	2735795	S	50	132	182	0.00003
Chromobacterium_vaccinii	1108595	S	386	138	524	0.00009
Chromobacterium_violaceum	536	S	375	184	559	0.00010
Chromobacterium_phragmitis	2202141	S	248	92	340	0.00006
Chromobacterium_paludis	2605945	S	193	62	255	0.00005
Chromobacterium_rhizoryzae	1778675	S	57	280	337	0.00006
Chromobacterium_haemolyticum	394935	S	40	246	286	0.00005
Iodobacter_fluviatilis	537	S	26	5	31	0.00001
Iodobacter_ciconiae	2496266	S	25	5	30	0.00001
Jeongeupia_sp._USM3	1906741	S	606	124	730	0.00013
Jeongeupia_sp._HS-3	1009682	S	207	32	239	0.00004
Paludibacterium_paludis	1225769	S	283	39	322	0.00006
Paludibacterium_yongneupense	400061	S	233	23	256	0.00005
Paludibacterium_sp._B53371	2806263	S	152	21	173	0.00003
Pseudogulbenkiania_sp._NH8B	748280	S	522	133	655	0.00012
Vogesella_sp._LIG4	1192162	S	342	72	414	0.00007
Vogesella_sp._XCS3	2877939	S	142	29	171	0.00003
Aquitalea_aquatilis	1537400	S	122	31	153	0.00003
Aquitalea_magnusonii	332411	S	92	44	136	0.00002
Aquitalea_sp._USM4	1590041	S	88	39	127	0.00002
Aquitalea_denitrificans	519081	S	72	30	102	0.00002
Microvirgula_aerodenitrificans	57480	S	377	50	427	0.00008
Laribacter_hongkongensis	168471	S	312	166	478	0.00009
Aquaspirillum_sp._LM1	1938604	S	181	19	200	0.00004
Chitinibacter_bivalviorum	2739434	S	44	18	62	0.00001
Chitinibacter_fontanus	1737446	S	19	1	20	0.00000
Deefgea_sp._D13	2864875	S	20	4	24	0.00000
Deefgea_sp._D25	2865840	S	17	1	18	0.00000
Deefgea_sp._D17	2739061	S	15	4	19	0.00000
Neisseria_sp._KEM232	655307	S	78	14	92	0.00002
Neisseria_sp._oral_taxon_014	641148	S	33	20	53	0.00001
Neisseria_sp._ZJ785	2709396	S	20	2	22	0.00000
Neisseria_sp._Dent_CA1/247	2912675	S	15	11	26	0.00000
Neisseria_bacilliformis	267212	S	75	19	94	0.00002
Neisseria_chenwenguii	1853278	S	68	7	75	0.00001
Neisseria_shayeganii	607712	S	68	9	77	0.00001
Neisseria_elongata	495	S	67	41	108	0.00002
Neisseria_dentiae	194197	S	60	6	66	0.00001
Neisseria_musculi	1815583	S	50	4	54	0.00001
Neisseria_meningitidis	487	S	46	103	149	0.00003
Neisseria_brasiliensis	2666100	S	34	19	53	0.00001
Neisseria_gonorrhoeae	485	S	28	37	65	0.00001
Neisseria_animaloris	326522	S	26	7	33	0.00001
Neisseria_sicca	490	S	24	67	91	0.00002
Neisseria_lactamica	486	S	21	33	54	0.00001
Neisseria_animalis	492	S	19	2	21	0.00000
Neisseria_mucosa	488	S	19	55	74	0.00001
Neisseria_weixii	1853276	S	18	2	20	0.00000
Neisseria_dumasiana	1931275	S	17	9	26	0.00000
Neisseria_wadsworthii	607711	S	15	3	18	0.00000
Neisseria_arctica	1470200	S	14	1	15	0.00000
Neisseria_canis	493	S	13	4	17	0.00000
Neisseria_weaveri	28091	S	13	4	17	0.00000
Neisseria_zalophi	640030	S	12	0	12	0.00000
Crenobacter_cavernae	2290923	S	613	146	759	0.00014
Chitinolyticbacter_meiyuanensis	682798	S	443	38	481	0.00009
Vitreoscilla_filiformis	63	S	136	17	153	0.00003
Vitreoscilla_massiliensis	1689272	S	36	12	48	0.00001
Kingella_potus	265175	S	47	6	53	0.00001
Kingella_oralis	505	S	44	7	51	0.00001
Kingella_denitrificans	502	S	42	24	66	0.00001
Eikenella_corrodens	539	S	74	50	124	0.00002
Eikenella_exigua	2528037	S	27	19	46	0.00001
Uruburuella_suis	252130	S	58	9	67	0.00001
Uruburuella_testudinis	1282863	S	38	6	44	0.00001
Paralysiella_testudinis	2809020	S	47	7	54	0.00001
Alysiella_crassa	153491	S	16	7	23	0.00000
Conchiformibius_steedae	153493	S	24	2	26	0.00000
Neisseriaceae_bacterium_CCUG_44465	2917790	S	17	2	19	0.00000
Snodgrassella_alvi	1196083	S	17	2	19	0.00000
Casimicrobium_huifangae	2591109	S	431	110	541	0.00010
Archangium_gephyra	48	S	17540	1838	19378	0.00349
Archangium_violaceum	83451	S	15735	1460	17195	0.00310
Stigmatella_aurantiaca	41	S	3500	140	3640	0.00066
Cystobacter_fuscus	43	S	2888	385	3273	0.00059
Melittangium_boletus	83453	S	2218	269	2487	0.00045
Corallococcus_coralloides	184914	S	6861	1494	8355	0.00151
Corallococcus_macrosporus	35	S	2960	282	3242	0.00058
Corallococcus_sp._EGB	1521117	S	2269	412	2681	0.00048
Myxococcus_xanthus	34	S	4039	12403	16442	0.00297
Myxococcus_hansupus	1297742	S	1679	69	1748	0.00032
Myxococcus_stipitatus	83455	S	1367	77	1444	0.00026
Myxococcus_sp._SCHIC003	2813577	S	1186	67	1253	0.00023
Pyxidicoccus_sp._SCPEA002	2813578	S	4281	99	4380	0.00079
Anaeromyxobacter_sp._Red232	2918170	S	2337	209	2546	0.00046
Anaeromyxobacter_sp._Fw109-5	404589	S	2183	232	2415	0.00044
Anaeromyxobacter_sp._Red630	2918171	S	2056	190	2246	0.00041
Anaeromyxobacter_sp._K	447217	S	520	1061	1581	0.00029
Anaeromyxobacter_dehalogenans	161493	S	1699	1155	2854	0.00051
Vulgatibacter_incomptus	1391653	S	3406	141	3547	0.00064
Sorangium_cellulosum	56	S	28451	2316	30767	0.00555
Polyangium_aurulentum	2567896	S	4013	249	4262	0.00077
Chondromyces_crocatus	52	S	3208	95	3303	0.00060
Pajaroellobacter_abortibovis	1882918	S	30	0	30	0.00001
Sandaracinus_amylolyticus	927083	S	9151	297	9448	0.00170
Labilithrix_luteola	1391654	S	4731	145	4876	0.00088
Haliangium_ochraceum	80816	S	4007	121	4128	0.00074
Geomonas_sp._RF6	2897342	S	439	43	482	0.00009
Geomonas_paludis	2740185	S	356	165	521	0.00009
Geomonas_nitrogeniifigens	2847991	S	315	149	464	0.00008
Geomonas_subterranea	2847989	S	303	129	432	0.00008
Geomonas_oryzisoli	2847992	S	274	138	412	0.00007
Geobacter_sp._FeAm09	2597769	S	296	29	325	0.00006
Geobacter_sp._SVR	2495594	S	218	27	245	0.00004
Geobacter_sp._DSM_9736	1277350	S	125	7	132	0.00002
Geobacter_pickeringii	345632	S	359	80	439	0.00008
Geobacter_sulfurreducens	35554	S	350	61	411	0.00007
Geobacter_metallireducens	28232	S	211	46	257	0.00005
Geobacter_benzoatilyticus	2815309	S	134	27	161	0.00003
Citrifermentans_bremense	60035	S	337	117	454	0.00008
Citrifermentans_bemidjiense	225194	S	265	84	349	0.00006
Geotalea_uraniireducens	351604	S	181	10	191	0.00003
Geotalea_daltonii	1203471	S	88	5	93	0.00002
Geoalkalibacter_subterraneus	483547	S	204	129	333	0.00006
Trichlorobacter_lovleyi	313985	S	116	14	130	0.00002
Desulfuromonas_versatilis	2802975	S	626	101	727	0.00013
Desulfuromonas_sp._DDH964	1823759	S	458	69	527	0.00010
Desulfuromonas_sp._AOP6	1566351	S	131	13	144	0.00003
Desulfuromonas_soudanensis	1603606	S	372	39	411	0.00007
Pelobacter_propionicus	29543	S	220	53	273	0.00005
Syntrophotalea_acetylenica	29542	S	123	17	140	0.00003
Syntrophotalea_carbinolica	19	S	97	5	102	0.00002
Syntrophotalea_acetylenivorans	1842532	S	81	8	89	0.00002
Pseudodesulfovibrio_mercurii	641491	S	287	64	351	0.00006
Pseudodesulfovibrio_indicus	1716143	S	276	56	332	0.00006
Pseudodesulfovibrio_aespoeensis	182210	S	208	119	327	0.00006
Pseudodesulfovibrio_cashew	2678688	S	137	24	161	0.00003
Pseudodesulfovibrio_tunisiensis	463192	S	132	11	143	0.00003
Pseudodesulfovibrio_sp._zrk46	2725288	S	69	11	80	0.00001
Pseudodesulfovibrio_sp._SF6	2810563	S	56	6	62	0.00001
Pseudodesulfovibrio_profundus	57320	S	56	44	100	0.00002
Pseudodesulfovibrio_piezophilus	879567	S	19	2	21	0.00000
Desulfovibrio_sp._IOR2	2583823	S	192	33	225	0.00004
Desulfovibrio_sp._86	2666132	S	82	15	97	0.00002
Desulfovibrio_sp._G11	631220	S	50	38	88	0.00002
Desulfovibrio_vulgaris	881	S	201	5	206	0.00004
Desulfovibrio_sulfodismutans	63561	S	169	43	212	0.00004
Desulfovibrio_desulfuricans	876	S	151	28	179	0.00003
Desulfovibrio_piger	901	S	134	22	156	0.00003
Desulfovibrio_fairfieldensis	44742	S	119	9	128	0.00002
Desulfovibrio_ferrophilus	241368	S	83	5	88	0.00002
Candidatus_Desulfovibrio_trichonymphae	1725232	S	25	1	26	0.00000
Solidesulfovibrio_carbinoliphilus	345370	S	339	37	376	0.00007
Solidesulfovibrio_magneticus	184917	S	167	94	261	0.00005
Solidesulfovibrio_carbinolicus	296842	S	115	82	197	0.00004
Oceanidesulfovibrio_marinus	370038	S	364	19	383	0.00007
Desulfocurvibacter_africanus	873	S	291	17	308	0.00006
Desulfolutivibrio_sulfoxidireducens	2773299	S	241	64	305	0.00006
Megalodesulfovibrio_gigas	879	S	223	9	232	0.00004
Oleidesulfovibrio_alaskensis	58180	S	65	67	132	0.00002
Maridesulfovibrio_salexigens	880	S	24	2	26	0.00000
Maridesulfovibrio_hydrothermalis	191026	S	14	1	15	0.00000
Paradesulfovibrio_bizertensis	376490	S	34	2	36	0.00001
Desulfomicrobium_baculatum	899	S	179	16	195	0.00004
Desulfomicrobium_orale	132132	S	115	25	140	0.00003
Desulfohalobium_retbaense	45663	S	89	3	92	0.00002
Desulfosarcina_ovata	83564	S	219	7	226	0.00004
Desulfosarcina_alkanivorans	571177	S	197	58	255	0.00005
Desulfosarcina_widdelii	947919	S	189	13	202	0.00004
Desulfococcus_multivorans	897	S	171	22	193	0.00003
Desulfoluna_sp._ASN36	2810562	S	110	4	114	0.00002
Desulfatibacillum_aliphaticivorans	218208	S	108	2	110	0.00002
Desulfobacter_postgatei	2293	S	40	6	46	0.00001
Desulfobacter_hydrogenophilus	2291	S	20	3	23	0.00000
Desulfonema_magnum	45655	S	39	3	42	0.00001
Desulfonema_limicola	45656	S	10	1	11	0.00000
Desulforapulum_autotrophicum	2296	S	37	3	40	0.00001
Desulfobacula_toluolica	28223	S	17	1	18	0.00000
Desulfobulbus_propionicus	894	S	200	9	209	0.00004
Desulfobulbus_oralis	1986146	S	132	21	153	0.00003
Desulfobulbus_oligotrophicus	1909699	S	40	25	65	0.00001
Desulfurivibrio_alkaliphilus	427923	S	158	4	162	0.00003
Desulfomarina_profundi	2772557	S	17	1	18	0.00000
Desulfosudis_oleivorans	181663	S	131	6	137	0.00002
Desulfosediminicola_ganghwensis	2569540	S	47	3	50	0.00001
Desulfosediminicola_flagellatus	2569541	S	21	1	22	0.00000
Desulfotalea_psychrophila	84980	S	22	2	24	0.00000
Desulfocapsa_sulfexigens	65555	S	18	0	18	0.00000
Persicimonas_caeni	2292766	S	1203	39	1242	0.00022
Bradymonas_sediminis	1548548	S	539	44	583	0.00011
Bradymonadales_bacterium_V1718	2600177	S	135	5	140	0.00003
Desulfarculus_baarsii	453230	S	417	171	588	0.00011
Syntrophobacter_fumaroxidans	119484	S	210	61	271	0.00005
Desulfoglaeba_alkanexedens	361111	S	173	5	178	0.00003
Syntrophus_aciditrophicus	316277	S	72	2	74	0.00001
Desulfomonile_tiedjei	2358	S	66	0	66	0.00001
Desulfobacca_acetoxidans	60893	S	46	0	46	0.00001
Dissulfurimicrobium_hydrothermale	1750598	S	38	1	39	0.00001
Campylobacter_curvus	200	S	24	7	31	0.00001
Campylobacter_gracilis	824	S	20	4	24	0.00000
Campylobacter_showae	204	S	19	16	35	0.00001
Campylobacter_concisus	199	S	17	5	22	0.00000
Campylobacter_rectus	203	S	17	15	32	0.00001
Helicobacter_pylori	210	S	34	9	43	0.00001
Helicobacter_heilmannii	35817	S	12	5	17	0.00000
Wolinella_succinogenes	844	S	13	4	17	0.00000
Sulfurimonas_sp._HSL-3221	2894755	S	104	19	123	0.00002
Aliarcobacter_cibarius	255507	S	43	26	69	0.00001
Nitratifractor_salsuginis	269261	S	56	5	61	0.00001
Sulfurovum_sp._NBC37-1	387093	S	12	5	17	0.00000
Hydrogenimonas_urashimensis	2740515	S	72	8	80	0.00001
Acidithiobacillus_caldus	33059	S	200	25	225	0.00004
Acidithiobacillus_ferrivorans	160808	S	123	33	156	0.00003
Acidithiobacillus_ferrooxidans	920	S	101	137	238	0.00004
Acidithiobacillus_ferriphilus	1689834	S	36	9	45	0.00001
Acidithiobacillus_thiooxidans	930	S	34	2	36	0.00001
Bdellovibrio_bacteriovorus	959	S	161	18	179	0.00003
Bdellovibrio_sp._NC01	2220073	S	55	5	60	0.00001
Bdellovibrio_sp._LBG001	2835041	S	47	4	51	0.00001
Bdellovibrio_sp._ZAP7	2231053	S	25	8	33	0.00001
Bdellovibrio_sp._KM01	2748865	S	18	6	24	0.00000
Pseudobdellovibrio_exovorus	453816	S	23	0	23	0.00000
Bacteriovorax_stolpii	960	S	47	4	51	0.00001
Halobacteriovorax_marinus	97084	S	16	2	18	0.00000
Halobacteriovorax_sp._BALOs_7	2109558	S	11	1	12	0.00000
Fluviispira_sanaruensis	2493639	S	12	6	18	0.00000
Hydrogenophilus_thermoluteolus	297	S	160	15	175	0.00003
Mariprofundus_ferrinatatus	1921087	S	57	4	61	0.00001
Mariprofundus_aestuarium	1921086	S	30	2	32	0.00001
Microbacterium_sp._YJN-G	2763257	S	6686	1499	8185	0.00148
Microbacterium_sp._H1-D42	2925844	S	4375	498	4873	0.00088
Microbacterium_sp._SSW1-51	2851650	S	3680	664	4344	0.00078
Microbacterium_sp._A18JL241	2782166	S	3209	524	3733	0.00067
Microbacterium_sp._4R-513	2567934	S	2548	327	2875	0.00052
Microbacterium_sp._No._7	1714373	S	1919	578	2497	0.00045
Microbacterium_sp._10M-3C3	2483401	S	1779	393	2172	0.00039
Microbacterium_sp._XT11	367477	S	1575	236	1811	0.00033
Microbacterium_sp._JZ31	1906274	S	1519	289	1808	0.00033
Microbacterium_sp._Y-01	2048898	S	1503	424	1927	0.00035
Microbacterium_sp._NIBRBAC000506063	2734618	S	1447	381	1828	0.00033
Microbacterium_sp._ABRD_28	2268461	S	1411	133	1544	0.00028
Microbacterium_sp._SSW1-36	2851648	S	1343	210	1553	0.00028
Microbacterium_sp._BH-3-3-3	1906742	S	1095	182	1277	0.00023
Microbacterium_sp._cx-55	2875948	S	1075	110	1185	0.00021
Microbacterium_sp._CBA3102	2603598	S	1028	183	1211	0.00022
Microbacterium_sp._LKL04	912630	S	960	159	1119	0.00020
Microbacterium_sp._PM5	2014534	S	934	121	1055	0.00019
Microbacterium_sp._TPU_3598	1938334	S	880	170	1050	0.00019
Microbacterium_sp._1S1	2606451	S	844	269	1113	0.00020
Microbacterium_sp._Nx66	2766784	S	723	355	1078	0.00019
Microbacterium_sp._RG1	2489212	S	321	187	508	0.00009
Microbacterium_sp._PAMC22086	2861281	S	200	321	521	0.00009
Microbacterium_sp._CGR1	1696072	S	199	621	820	0.00015
Microbacterium_sp._1.5R	1916917	S	179	539	718	0.00013
Microbacterium_sp._SGAir0570	2070348	S	131	359	490	0.00009
Microbacterium_sp._str._'China'	2103230	S	94	376	470	0.00008
Microbacterium_sp._PAMC_28756	1795053	S	71	867	938	0.00017
Microbacterium_sp._KUDC0406	2909588	S	19	1327	1346	0.00024
Microbacterium_sp._PAMC21962	2861280	S	18	573	591	0.00011
Microbacterium_sp._KUDC0405	2909587	S	12	835	847	0.00015
Microbacterium_sp._Se5.02b	2864103	S	11	783	794	0.00014
Microbacterium_sp._Se63.02b	2709304	S	10	730	740	0.00013
Microbacterium_cremeum	2782169	S	11272	1656	12928	0.00233
Microbacterium_atlanticum	2782168	S	3889	595	4484	0.00081
Microbacterium_hominis	162426	S	2488	5329	7817	0.00141
Microbacterium_foliorum	104336	S	2473	367	2840	0.00051
Microbacterium_esteraromaticum	57043	S	2394	372	2766	0.00050
Microbacterium_oleivorans	273677	S	1809	245	2054	0.00037
Microbacterium_lemovicicum	1072463	S	1506	238	1744	0.00031
Microbacterium_pygmaeum	370764	S	1423	122	1545	0.00028
Microbacterium_aurum	36805	S	1325	293	1618	0.00029
Microbacterium_chocolatum	84292	S	1270	197	1467	0.00026
Microbacterium_resistens	156977	S	1246	157	1403	0.00025
Microbacterium_sediminis	904291	S	1245	397	1642	0.00030
Microbacterium_luteum	2782167	S	1165	327	1492	0.00027
Microbacterium_wangchenii	2541726	S	1099	176	1275	0.00023
Microbacterium_testaceum	2033	S	1082	138	1220	0.00022
Microbacterium_caowuchunii	2614638	S	1073	140	1213	0.00022
Microbacterium_oryzae	743009	S	1064	215	1279	0.00023
Microbacterium_lushaniae	2614639	S	1050	170	1220	0.00022
Microbacterium_oxydans	82380	S	1011	586	1597	0.00029
Microbacterium_protaetiae	2509458	S	997	146	1143	0.00021
Microbacterium_schleiferi	69362	S	822	201	1023	0.00018
Microbacterium_hydrocarbonoxydans	273678	S	785	100	885	0.00016
Microbacterium_paraoxydans	199592	S	463	2412	2875	0.00052
Microbacterium_fandaimingii	2708079	S	364	21	385	0.00007
Microbacterium_amylolyticum	936337	S	313	45	358	0.00006
Microbacterium_binotii	462710	S	303	173	476	0.00009
Microbacterium_chengjingii	2769067	S	267	9	276	0.00005
Microbacterium_endophyticum	1526412	S	249	11	260	0.00005
Microbacterium_paludicola	300019	S	122	349	471	0.00009
Agromyces_sp._H17E-10	2932244	S	2339	683	3022	0.00054
Agromyces_sp._LHK192	2498704	S	1847	464	2311	0.00042
Agromyces_sp._CFWR-12	2929802	S	1352	859	2211	0.00040
Agromyces_soli	659012	S	2105	630	2735	0.00049
Agromyces_aureus	453304	S	1924	449	2373	0.00043
Agromyces_flavus	589382	S	1847	482	2329	0.00042
Agromyces_badenianii	2080742	S	1703	474	2177	0.00039
Agromyces_laixinhei	2585717	S	1680	325	2005	0.00036
Agromyces_marinus	1389020	S	1466	435	1901	0.00034
Agromyces_protaetiae	2509455	S	1455	341	1796	0.00032
Agromyces_intestinalis	2592652	S	1288	772	2060	0.00037
Agromyces_archimandritae	2781962	S	1154	258	1412	0.00025
Protaetiibacter_sp._SSC-01	2759943	S	8412	2639	11051	0.00199
Protaetiibacter_intestinalis	2419774	S	6389	1976	8365	0.00151
Protaetiibacter_larvae	2592654	S	3445	929	4374	0.00079
Agrococcus_sp._SCSIO52902	2933290	S	1251	487	1738	0.00031
Agrococcus_sp._Marseille-Q4369	2810513	S	1126	325	1451	0.00026
Agrococcus_sp._SGAir0287	2070347	S	853	213	1066	0.00019
Agrococcus_carbonis	684552	S	1588	569	2157	0.00039
Agrococcus_jejuensis	399736	S	826	213	1039	0.00019
Curtobacterium_sp._L6-1	2841594	S	503	128	631	0.00011
Curtobacterium_sp._BH-2-1-1	1905847	S	454	127	581	0.00010
Curtobacterium_sp._YC1	2795488	S	380	154	534	0.00010
Curtobacterium_sp._MR_MD2014	1561023	S	369	149	518	0.00009
Curtobacterium_sp._24E2	2804758	S	322	165	487	0.00009
Curtobacterium_sp._TC1	2862880	S	319	155	474	0.00009
Curtobacterium_sp._TXMA1	2876939	S	256	212	468	0.00008
Curtobacterium_sp._SGAir0471	2070337	S	225	179	404	0.00007
Curtobacterium_sp._C1	2898151	S	85	287	372	0.00007
Curtobacterium_sp._Csp2	2495430	S	75	293	368	0.00007
Curtobacterium_sp._Csp1	2495429	S	10	263	273	0.00005
Curtobacterium_flaccumfaciens	2035	S	727	294	1021	0.00018
Curtobacterium_luteum	33881	S	547	166	713	0.00013
Rathayibacter_sp._VKM_Ac-2759	2609252	S	711	202	913	0.00016
Rathayibacter_sp._VKM_Ac-2760	2609253	S	553	256	809	0.00015
Rathayibacter_sp._VKM_Ac-2804	2609257	S	410	289	699	0.00013
Rathayibacter_sp._VKM_Ac-2801	2609255	S	255	225	480	0.00009
Rathayibacter_sp._VKM_Ac-2762	2609254	S	109	292	401	0.00007
Rathayibacter_sp._VKM_Ac-2805	2609258	S	105	291	396	0.00007
Rathayibacter_festucae	110937	S	589	599	1188	0.00021
Rathayibacter_tanaceti	1671680	S	408	86	494	0.00009
Rathayibacter_iranicus	59737	S	281	30	311	0.00006
Rathayibacter_tritici	33888	S	280	78	358	0.00006
Rathayibacter_rathayi	33887	S	266	64	330	0.00006
Rathayibacter_toxicus	145458	S	105	6	111	0.00002
Leucobacter_sp._H25R-14	2932245	S	565	72	637	0.00012
Leucobacter_sp._NB_10	2873270	S	558	122	680	0.00012
Leucobacter_sp._Psy1	2875729	S	428	39	467	0.00008
Leucobacter_sp._CX169	2813744	S	388	76	464	0.00008
Leucobacter_sp._H21R-36	2932246	S	163	434	597	0.00011
Leucobacter_sp._H21R-40	2932247	S	102	273	375	0.00007
Leucobacter_muris	1935379	S	726	219	945	0.00017
Leucobacter_triazinivorans	1784719	S	572	207	779	0.00014
Leucobacter_denitrificans	683042	S	205	22	227	0.00004
Leucobacter_luti	340320	S	173	11	184	0.00003
Leucobacter_viscericola	2714935	S	161	13	174	0.00003
Leucobacter_insecticola	2714934	S	140	8	148	0.00003
Leucobacter_coleopterorum	2714933	S	98	8	106	0.00002
Leifsonia_sp._PS1209	2724914	S	798	197	995	0.00018
Leifsonia_sp._ZF2019	2781978	S	792	199	991	0.00018
Leifsonia_sp._21MFCrub1.1	1798223	S	654	869	1523	0.00027
Leifsonia_shinshuensis	150026	S	850	212	1062	0.00019
Leifsonia_xyli	1575	S	630	68	698	0.00013
Clavibacter_michiganensis	28447	S	2910	3928	6838	0.00123
Clavibacter_zhangzhiyongii	2768071	S	366	135	501	0.00009
Clavibacter_sp._A6099	2860285	S	202	100	302	0.00005
Salinibacterium_sp._ZJ70	2708084	S	1967	397	2364	0.00043
Salinibacterium_sp._ZJ450	2708338	S	743	89	832	0.00015
Salinibacterium_sp._dk2585	2603292	S	674	97	771	0.00014
Salinibacterium_sp._UTAS2018	2508880	S	200	24	224	0.00004
Salinibacterium_sp._M195	2583374	S	149	20	169	0.00003
Salinibacterium_hongtaonis	2079791	S	314	29	343	0.00006
Cryobacterium_sp._LW097	1978566	S	479	81	560	0.00010
Cryobacterium_sp._PAMC25264	2861288	S	216	120	336	0.00006
Cryobacterium_soli	2220095	S	336	158	494	0.00009
Cryobacterium_arcticum	670052	S	261	182	443	0.00008
Microcella_flavibacter	1804990	S	924	350	1274	0.00023
Microcella_alkaliphila	279828	S	601	83	684	0.00012
Microterricola_viridarii	412690	S	1425	272	1697	0.00031
Frondihabitans_sp._PAMC_28766	1795630	S	618	67	685	0.00012
Frondihabitans_sp._762G35	1446794	S	616	108	724	0.00013
Plantibacter_sp._M259	2583822	S	228	221	449	0.00008
Plantibacter_sp._PA-3-X8	2480625	S	205	203	408	0.00007
Plantibacter_flavus	150123	S	241	221	462	0.00008
Herbiconiux_sp._SALV-R1	2735133	S	1013	158	1171	0.00021
Chryseoglobus_sp._28M-23	2772253	S	178	353	531	0.00010
Chryseoglobus_indicus	2750620	S	175	360	535	0.00010
Cnuibacter_physcomitrellae	1619308	S	850	145	995	0.00018
Mycetocola_zhujimingii	2079792	S	371	32	403	0.00007
Mycetocola_sp._JXN-3	2116510	S	288	31	319	0.00006
Mycetocola_spongiae	2859226	S	179	16	195	0.00004
Subtercola_sp._AK-R2A1-2	2895559	S	476	33	509	0.00009
Subtercola_sp._PAMC28395	2846775	S	306	23	329	0.00006
Frigoribacterium_sp._NBH87	2596916	S	771	177	948	0.00017
Amnibacterium_sp._L3-i23	2905871	S	769	141	910	0.00016
Diaminobutyricimonas_sp._LJ205	2683590	S	732	105	837	0.00015
Gryllotalpicola_protaetiae	2419771	S	714	105	819	0.00015
Humibacter_sp._WJ7-1	2599293	S	712	116	828	0.00015
Marisediminicola_antarctica	674079	S	658	62	720	0.00013
Glaciihabitans_sp._INWT7	2596912	S	599	36	635	0.00011
Gulosibacter_sediminis	1729695	S	441	97	538	0.00010
Agreia_sp._COWG	2773266	S	403	37	440	0.00008
Pseudoclavibacter_sp._Marseille-Q3772	2866588	S	132	17	149	0.00003
Rhodoluna_limnophila	232537	S	25	1	26	0.00000
Candidatus_Rhodoluna_planktonica	535712	S	15	0	15	0.00000
Rhodoluna_lacicola	529884	S	11	0	11	0.00000
Aquiluna_borgnonia	2499157	S	33	1	34	0.00001
Candidatus_Aquiluna_sp._UB-MaderosW2red	1855377	S	19	0	19	0.00000
Aurantimicrobium_photophilum	1987356	S	44	3	47	0.00001
Aurantimicrobium_minutum	708131	S	23	7	30	0.00001
Aurantimicrobium_sp._MWH-Uga1	2079575	S	12	4	16	0.00000
Pontimonas_salivibrio	1159327	S	39	1	40	0.00001
Cellulosimicrobium_cellulans	1710	S	21404	15024	36428	0.00657
Cellulosimicrobium_sp._BI34T	2587808	S	6194	1942	8136	0.00147
Cellulosimicrobium_sp._JZ28	1906273	S	855	1381	2236	0.00040
Cellulosimicrobium_sp._72-3	2731680	S	460	1440	1900	0.00034
Cellulosimicrobium_sp._TH-20	1980001	S	442	1428	1870	0.00034
Isoptericola_variabilis	139208	S	1775	658	2433	0.00044
Isoptericola_dokdonensis	372663	S	1250	346	1596	0.00029
Xylanimonas_protaetiae	2509457	S	993	341	1334	0.00024
Xylanimonas_allomyrinae	2509459	S	856	204	1060	0.00019
Xylanimonas_cellulosilytica	186189	S	795	213	1008	0.00018
Arthrobacter_sp._QL17	2895818	S	553	100	653	0.00012
Arthrobacter_sp._QXT-31	1357915	S	535	124	659	0.00012
Arthrobacter_sp._Helios	2828862	S	422	51	473	0.00009
Arthrobacter_sp._FW305-BF8	2879617	S	414	98	512	0.00009
Arthrobacter_sp._PM3	2017685	S	383	63	446	0.00008
Arthrobacter_sp._NicSoilB8	2830998	S	357	82	439	0.00008
Arthrobacter_sp._PAMC25564	2565366	S	350	81	431	0.00008
Arthrobacter_sp._U41	1849032	S	340	88	428	0.00008
Arthrobacter_sp._UKPF54-2	2600159	S	340	131	471	0.00008
Arthrobacter_sp._KBS0702	2578107	S	327	117	444	0.00008
Arthrobacter_sp._ERGS1:01	1704044	S	322	48	370	0.00007
Arthrobacter_sp._zg-Y462	2886936	S	317	49	366	0.00007
Arthrobacter_sp._24S4-2	2575374	S	311	62	373	0.00007
Arthrobacter_sp._NicSoilB4	2830997	S	303	84	387	0.00007
Arthrobacter_sp._FB24	290399	S	300	100	400	0.00007
Arthrobacter_sp._PAMC25284	2861279	S	289	60	349	0.00006
Arthrobacter_sp._zg-Y809	2886940	S	266	96	362	0.00007
Arthrobacter_sp._NicSoilC5	2831000	S	258	135	393	0.00007
Arthrobacter_sp._PAMC_25486	1494608	S	249	32	281	0.00005
Arthrobacter_sp._FW306-2-2C-D06B	2879618	S	221	33	254	0.00005
Arthrobacter_sp._PGP41	2079227	S	213	79	292	0.00005
Arthrobacter_sp._StoSoilB20	2830995	S	149	42	191	0.00003
Arthrobacter_sp._StoSoilB5	2830992	S	146	40	186	0.00003
Arthrobacter_sp._NtRootA1	2830983	S	123	40	163	0.00003
Arthrobacter_sp._YN	2020486	S	117	56	173	0.00003
Arthrobacter_sp._D5-1	1477518	S	115	79	194	0.00004
Arthrobacter_sp._C1-1	2813727	S	91	9	100	0.00002
Arthrobacter_sp._NicSoilB11	2830999	S	59	316	375	0.00007
Arthrobacter_sp._FW306-06-A	2879621	S	48	225	273	0.00005
Arthrobacter_sp._StoSoilA2	2830990	S	42	100	142	0.00003
Arthrobacter_sp._FW306-05-C	2879620	S	38	271	309	0.00006
Arthrobacter_sp._FW306-07-I	2879622	S	35	265	300	0.00005
Arthrobacter_sp._StoSoilB13	2830993	S	34	82	116	0.00002
Arthrobacter_sp._StoSoilB19	2830994	S	29	178	207	0.00004
Arthrobacter_crystallopoietes	37928	S	7455	1012	8467	0.00153
Arthrobacter_sulfonylureivorans	2486855	S	4438	540	4978	0.00090
Arthrobacter_agilis	37921	S	854	100	954	0.00017
Arthrobacter_woluwensis	156980	S	363	60	423	0.00008
Arthrobacter_jiangjiafuii	2817475	S	342	78	420	0.00008
Arthrobacter_dokdonellae	2211210	S	330	43	373	0.00007
Arthrobacter_alpinus	656366	S	301	647	948	0.00017
Arthrobacter_sunyaminii	2816859	S	235	79	314	0.00006
Kocuria_flava	446860	S	1021	367	1388	0.00025
Kocuria_rosea	1275	S	980	236	1216	0.00022
Kocuria_turfanensis	388357	S	813	218	1031	0.00019
Kocuria_palustris	71999	S	356	98	454	0.00008
Kocuria_rhizophila	72000	S	290	397	687	0.00012
Kocuria_varians	1272	S	215	116	331	0.00006
Kocuria_sp._TGY1127_2	2711328	S	89	10	99	0.00002
Kocuria_sp._KD4	2719588	S	49	76	125	0.00002
Kocuria_sp._BT304	1702043	S	26	120	146	0.00003
Kocuria_indica	1049583	S	52	93	145	0.00003
Pseudarthrobacter_sp._BIM_B-2242	2772401	S	241	52	293	0.00005
Pseudarthrobacter_sp._L1SW	2851598	S	194	80	274	0.00005
Pseudarthrobacter_sp._SSS035	2931399	S	165	137	302	0.00005
Pseudarthrobacter_sp._NBSH8	2596911	S	153	53	206	0.00004
Pseudarthrobacter_sp._NIBRBAC000502772	2590775	S	114	81	195	0.00004
Pseudarthrobacter_sp._NIBRBAC000502771	2590774	S	70	221	291	0.00005
Pseudarthrobacter_sp._NIBRBAC000502770	2590785	S	44	127	171	0.00003
Pseudarthrobacter_chlorophenolicus	85085	S	244	81	325	0.00006
Pseudarthrobacter_phenanthrenivorans	361575	S	233	109	342	0.00006
Pseudarthrobacter_equi	728066	S	212	73	285	0.00005
Pseudarthrobacter_psychrotolerans	2697569	S	140	52	192	0.00003
Pseudarthrobacter_sulfonivorans	121292	S	114	109	223	0.00004
Micrococcus_luteus	1270	S	831	1043	1874	0.00034
Micrococcus_sp._KD337-16	2856555	S	329	148	477	0.00009
Micrococcus_sp._KBS0714	1179670	S	10	71	81	0.00001
Micrococcus_yunnanensis	566027	S	14	94	108	0.00002
Glutamicibacter_protophormiae	37930	S	325	123	448	0.00008
Glutamicibacter_creatinolyticus	162496	S	294	46	340	0.00006
Glutamicibacter_arilaitensis	256701	S	271	69	340	0.00006
Glutamicibacter_halophytocola	1933880	S	140	18	158	0.00003
Glutamicibacter_mishrai	1775880	S	121	19	140	0.00003
Glutamicibacter_nicotianae	37929	S	87	193	280	0.00005
Glutamicibacter_sp._ZJUTW	1155384	S	38	130	168	0.00003
Sinomonas_atrocyanea	37927	S	607	153	760	0.00014
Sinomonas_sp._R1AF57	2020377	S	525	98	623	0.00011
Rothia_kristinae	37923	S	401	165	566	0.00010
Rothia_nasimurium	85336	S	250	69	319	0.00006
Rothia_mucilaginosa	43675	S	144	18	162	0.00003
Rothia_dentocariosa	2047	S	50	21	71	0.00001
Rothia_aeria	172042	S	45	15	60	0.00001
Rothia_amarae	169480	S	24	8	32	0.00001
Rothia_terrae	396015	S	22	6	28	0.00001
Rothia_sp._ZJ932	2810516	S	19	2	21	0.00000
Paenarthrobacter_ureafaciens	37931	S	269	356	625	0.00011
Paenarthrobacter_aurescens	43663	S	195	94	289	0.00005
Paenarthrobacter_sp._YJN-5	2735316	S	75	150	225	0.00004
Paenarthrobacter_sp._YJN-D	2735317	S	25	47	72	0.00001
Paenarthrobacter_nicotinovorans	29320	S	44	77	121	0.00002
Citricoccus_sp._SGAir0253	2567881	S	703	146	849	0.00015
Nesterenkonia_sp._NBAIMH1	2600320	S	258	11	269	0.00005
Paeniglutamicibacter_sp._Y32M11	2853258	S	148	16	164	0.00003
Psychromicrobium_lacuslunae	1618207	S	92	7	99	0.00002
Auritidibacter_sp._NML130574	2170745	S	88	6	94	0.00002
Neomicrococcus_aestuarii	556325	S	87	21	108	0.00002
Renibacterium_salmoninarum	1646	S	51	2	53	0.00001
Cellulomonas_sp._H30R-01	2704467	S	3171	990	4161	0.00075
Cellulomonas_sp._Y8	2591145	S	2603	867	3470	0.00063
Cellulomonas_sp._C5510	2871170	S	2352	732	3084	0.00056
Cellulomonas_sp._JZ18	2654191	S	1236	419	1655	0.00030
Cellulomonas_sp._zg-ZUI188	2819978	S	1050	227	1277	0.00023
Cellulomonas_sp._zg-ZUI222	2816956	S	941	289	1230	0.00022
Cellulomonas_sp._EW123	2608402	S	878	481	1359	0.00025
Cellulomonas_sp._zg-ZUI157	2819979	S	867	248	1115	0.00020
Cellulomonas_sp._PSBB021	2003551	S	715	498	1213	0.00022
Cellulomonas_fimi	1708	S	1388	859	2247	0.00041
Cellulomonas_iranensis	76862	S	1050	385	1435	0.00026
Cellulomonas_shaoxiangyii	2566013	S	983	320	1303	0.00024
Cellulomonas_flavigena	1711	S	889	270	1159	0.00021
Cellulomonas_gilvus	11	S	783	259	1042	0.00019
Cellulomonas_taurus	2729175	S	737	175	912	0.00016
Oerskovia_sp._KBS0722	1179673	S	1466	342	1808	0.00033
Actinotalea_sp._JY-7876	2758442	S	1234	338	1572	0.00028
Paraoerskovia_marina	545619	S	754	143	897	0.00016
Pseudactinotalea_sp._HY158	2654547	S	736	77	813	0.00015
Brevibacterium_sp._SMBL_HHYL_HB1	2777556	S	10406	1486	11892	0.00214
Brevibacterium_sp._CS2	2575923	S	591	170	761	0.00014
Brevibacterium_sp._'Marine'	2725563	S	190	65	255	0.00005
Brevibacterium_sp._HY170	2898795	S	111	17	128	0.00002
Brevibacterium_sp._W7.2	2823518	S	98	267	365	0.00007
Brevibacterium_linens	1703	S	1519	500	2019	0.00036
Brevibacterium_casei	33889	S	698	286	984	0.00018
Brevibacterium_pigmentatum	1496080	S	679	268	947	0.00017
Brevibacterium_luteolum	199591	S	342	99	441	0.00008
Brevibacterium_aurantiacum	273384	S	315	133	448	0.00008
Brevibacterium_limosum	2697565	S	284	59	343	0.00006
Brevibacterium_atlanticum	2697563	S	238	28	266	0.00005
Brevibacterium_oceani	358099	S	228	28	256	0.00005
Brevibacterium_sandarakinum	629680	S	222	23	245	0.00004
Brevibacterium_siliguriense	1136497	S	218	34	252	0.00005
Brachybacterium_sp._P6-10-X1	1903186	S	1420	194	1614	0.00029
Brachybacterium_sp._SGAir0954	2571029	S	924	204	1128	0.00020
Brachybacterium_sp._CBA3105	2887346	S	837	150	987	0.00018
Brachybacterium_faecium	43669	S	2687	644	3331	0.00060
Brachybacterium_saurashtrense	556288	S	1428	312	1740	0.00031
Brachybacterium_ginsengisoli	1331682	S	1194	275	1469	0.00027
Brachybacterium_vulturis	2017484	S	990	303	1293	0.00023
Brachybacterium_avium	2017485	S	896	271	1167	0.00021
Dermabacter_jinjuensis	1667168	S	149	97	246	0.00004
Dermabacter_vaginalis	1630135	S	147	80	227	0.00004
Devriesea_agamarum	472569	S	70	2	72	0.00001
Janibacter_melonis	262209	S	797	204	1001	0.00018
Janibacter_limosus	53458	S	636	128	764	0.00014
Janibacter_indicus	857417	S	332	439	771	0.00014
Janibacter_sp._YB324	2761047	S	192	351	543	0.00010
Phycicoccus_sp._HDW14	2714941	S	923	238	1161	0.00021
Phycicoccus_endophyticus	1690220	S	793	180	973	0.00018
Intrasporangium_calvum	53358	S	875	181	1056	0.00019
Pedococcus_dokdonensis	443156	S	815	187	1002	0.00018
Arsenicicoccus_sp._oral_taxon_190	1658671	S	741	207	948	0.00017
Tetrasphaera_sp._HKS02	1813880	S	641	129	770	0.00014
Georgenia_wutianyii	2585135	S	2151	571	2722	0.00049
Georgenia_yuyongxinii	2589797	S	2052	384	2436	0.00044
Georgenia_sp._TF02-10	2917725	S	1566	432	1998	0.00036
Georgenia_faecalis	2483799	S	1066	227	1293	0.00023
Ornithinimicrobium_avium	2283195	S	1030	212	1242	0.00022
Ornithinimicrobium_sp._HY006	2508882	S	772	219	991	0.00018
Ornithinimicrobium_sp._INDO-MA30-4	2908651	S	105	13	118	0.00002
Ornithinimicrobium_ciconiae	2594265	S	806	92	898	0.00016
Ornithinimicrobium_flavum	1288636	S	700	185	885	0.00016
Ornithinimicrobium_pratense	2593973	S	496	119	615	0.00011
Serinicoccus_chungangensis	767452	S	622	175	797	0.00014
Serinicoccus_profundi	1078471	S	578	167	745	0.00013
Serinicoccus_hydrothermalis	1758689	S	540	222	762	0.00014
Serinicoccus_marinus	247333	S	509	220	729	0.00013
Ruania_zhangjianzhongii	2603206	S	2116	160	2276	0.00041
Haloactinobacterium_kanbiaonis	2675754	S	1138	119	1257	0.00023
Ruania_sp._LR1S40	2897774	S	661	113	774	0.00014
Ruania_sp._M4N3S171	2897773	S	456	65	521	0.00009
Ruania_alkalisoli	2779775	S	526	88	614	0.00011
Dermacoccus_nishinomiyaensis	1274	S	506	150	656	0.00012
Dermacoccus_sp._PAMC28757	2762331	S	444	113	557	0.00010
Luteipulveratus_mongoliensis	571913	S	646	63	709	0.00013
Allobranchiibius_sp._GilTou73	2904523	S	507	79	586	0.00011
Yimella_sp._cx-51	2770551	S	378	53	431	0.00008
Pengzhenrongella_sicca	2819238	S	1058	207	1265	0.00023
Luteimicrobium_xylanilyticum	1133546	S	1024	223	1247	0.00023
Beutenbergia_cavernae	84757	S	1131	135	1266	0.00023
Miniimonas_sp._S16	2171623	S	772	281	1053	0.00019
Sanguibacter_keddieii	60920	S	924	193	1117	0.00020
Sanguibacter_sp._HDW7	2714931	S	681	149	830	0.00015
Kytococcus_sedentarius	1276	S	583	561	1144	0.00021
Gephyromycinifex_aptenodytis	2716227	S	259	19	278	0.00005
Austwickia_chelonae	100225	S	204	10	214	0.00004
Dermatophilus_congolensis	1863	S	67	4	71	0.00001
Demequina_sp._TMPB413	2881056	S	256	14	270	0.00005
Jonesia_denitrificans	43674	S	54	6	60	0.00001
Tropheryma_whipplei	2039	S	15	0	15	0.00000
Streptomyces_sp._BJ20	2930049	S	54488	16266	70754	0.01276
Streptomyces_sp._WAC_01438	2203204	S	23759	5920	29679	0.00535
Streptomyces_sp._AMCC400023	2056258	S	2818	888	3706	0.00067
Streptomyces_sp._SCSIO_64649	2878388	S	1760	235	1995	0.00036
Streptomyces_sp._SYP-A7193	2662065	S	1755	787	2542	0.00046
Streptomyces_sp._NHF165	2175864	S	1489	189	1678	0.00030
Streptomyces_sp._SN-593	659352	S	1432	244	1676	0.00030
Streptomyces_sp._SCUT-3	2684469	S	1340	383	1723	0.00031
Streptomyces_sp._CB01881	2078691	S	1335	198	1533	0.00028
Streptomyces_sp._MA3_2.13	2867410	S	1332	126	1458	0.00026
Streptomyces_sp._P3	2135430	S	1287	239	1526	0.00028
Streptomyces_sp._Z423-1	2730915	S	1272	278	1550	0.00028
Streptomyces_sp._So13.3	2136173	S	1235	165	1400	0.00025
Streptomyces_sp._CdTB01	1725411	S	1231	260	1491	0.00027
Streptomyces_sp._MG28	2865673	S	1213	327	1540	0.00028
Streptomyces_sp._3025	2923272	S	1198	155	1353	0.00024
Streptomyces_sp._ZYC-3	2797636	S	1196	177	1373	0.00025
Streptomyces_sp._ST1015	1848900	S	1189	181	1370	0.00025
Streptomyces_sp._891-h	2720714	S	1152	152	1304	0.00024
Streptomyces_sp._BH-MK-02	2880933	S	1138	176	1314	0.00024
Streptomyces_sp._CB09001	2083284	S	1134	559	1693	0.00031
Streptomyces_sp._HM190	2695266	S	1113	259	1372	0.00025
Streptomyces_sp._CCM_MD2014	1561022	S	1108	754	1862	0.00034
Streptomyces_sp._SAT1	1849967	S	1001	271	1272	0.00023
Streptomyces_sp._NA02950	2742137	S	1000	145	1145	0.00021
Streptomyces_sp._LRE541	2931983	S	992	166	1158	0.00021
Streptomyces_sp._Go-475	2072505	S	984	341	1325	0.00024
Streptomyces_sp._3214.6	1882757	S	981	213	1194	0.00022
Streptomyces_sp._JB150	2714844	S	953	251	1204	0.00022
Streptomyces_sp._DSM_40868	2721173	S	909	245	1154	0.00021
Streptomyces_sp._C8S0	2585716	S	903	188	1091	0.00020
Streptomyces_sp._MG62	2838015	S	894	248	1142	0.00021
Streptomyces_sp._NA04227	2742136	S	894	147	1041	0.00019
Streptomyces_sp._GQFP	2907545	S	879	111	990	0.00018
Streptomyces_sp._A2-16	2781734	S	861	202	1063	0.00019
Streptomyces_sp._NA02536	2742133	S	848	1742	2590	0.00047
Streptomyces_sp._YIM_121038	2136401	S	840	186	1026	0.00019
Streptomyces_sp._GMY02	1333528	S	836	105	941	0.00017
Streptomyces_sp._NEAU-sy36	2751189	S	834	231	1065	0.00019
Streptomyces_sp._MBT27	1488356	S	813	169	982	0.00018
Streptomyces_sp._SirexAA-E	862751	S	802	177	979	0.00018
Streptomyces_sp._SM18	1736046	S	794	162	956	0.00017
Streptomyces_sp._MST-110588	2833628	S	789	138	927	0.00017
Streptomyces_sp._W1SF4	2305220	S	779	204	983	0.00018
Streptomyces_sp._HSG2	2797167	S	773	114	887	0.00016
Streptomyces_sp._Tu_2975	2676871	S	772	181	953	0.00017
Streptomyces_sp._GS7	2692234	S	766	154	920	0.00017
Streptomyces_sp._Go_40/10	2825844	S	756	247	1003	0.00018
Streptomyces_sp._QHH-9511	2684468	S	754	153	907	0.00016
Streptomyces_sp._RTd22	1841249	S	712	232	944	0.00017
Streptomyces_sp._RPA4-2	2721244	S	708	156	864	0.00016
Streptomyces_sp._Rer75	2750011	S	695	251	946	0.00017
Streptomyces_sp._CMB-StM0423	2059884	S	687	254	941	0.00017
Streptomyces_sp._HP-A2021	2927875	S	687	283	970	0.00017
Streptomyces_sp._BHT-5-2	2866715	S	678	159	837	0.00015
Streptomyces_sp._135	2838850	S	653	161	814	0.00015
Streptomyces_sp._TN58	234612	S	612	208	820	0.00015
Streptomyces_sp._fd1-xmd	1812480	S	596	194	790	0.00014
Streptomyces_sp._WAC_01529	2203205	S	558	147	705	0.00013
Streptomyces_sp._jing01	2726118	S	556	231	787	0.00014
Streptomyces_sp._S4.7	2705439	S	554	136	690	0.00012
Streptomyces_sp._INR7	2607753	S	508	194	702	0.00013
Streptomyces_sp._WAC_06738	2203210	S	453	354	807	0.00015
Streptomyces_sp._S1D4-11	2721246	S	453	257	710	0.00013
Streptomyces_sp._WY228	2855836	S	435	177	612	0.00011
Streptomyces_sp._SUK_48	2582831	S	414	191	605	0.00011
Streptomyces_sp._CNQ-509	444103	S	403	308	711	0.00013
Streptomyces_sp._YPW6	2840373	S	396	154	550	0.00010
Streptomyces_sp._HF10	2692233	S	370	193	563	0.00010
Streptomyces_sp._Mg1	465541	S	367	266	633	0.00011
Streptomyces_sp._A144	2871487	S	351	1348	1699	0.00031
Streptomyces_sp._AgN23	1188315	S	344	238	582	0.00011
Streptomyces_sp._ADI95-16	1522758	S	337	230	567	0.00010
Streptomyces_sp._SS52	2563602	S	325	1309	1634	0.00029
Streptomyces_sp._EAS-AB2608	2779671	S	293	374	667	0.00012
Streptomyces_sp._RPA4-5	2721245	S	291	144	435	0.00008
Streptomyces_sp._SGAir0924	2109593	S	290	1210	1500	0.00027
Streptomyces_sp._769	1262452	S	283	164	447	0.00008
Streptomyces_sp._S063	2005885	S	282	148	430	0.00008
Streptomyces_sp._S8	1837283	S	273	180	453	0.00008
Streptomyces_sp._2323.1	1938841	S	263	122	385	0.00007
Streptomyces_sp._PBH53	1577075	S	246	302	548	0.00010
Streptomyces_sp._NA03103	2742134	S	243	1325	1568	0.00028
Streptomyces_sp._3211	1964449	S	241	247	488	0.00009
Streptomyces_sp._NEAU-S7GS2	2202000	S	220	140	360	0.00007
Streptomyces_sp._XC_2026	2782004	S	209	142	351	0.00006
Streptomyces_sp._WA6-1-16	2879427	S	208	163	371	0.00007
Streptomyces_sp._HNA39	2850561	S	207	182	389	0.00007
Streptomyces_sp._RLB1-33	2721243	S	207	489	696	0.00013
Streptomyces_sp._Sge12	1972846	S	202	254	456	0.00008
Streptomyces_sp._ID38640	1265399	S	201	115	316	0.00006
Streptomyces_sp._Tue_6075	1661694	S	179	159	338	0.00006
Streptomyces_sp._MOE7	1961713	S	178	164	342	0.00006
Streptomyces_sp._CB09030	2913412	S	165	437	602	0.00011
Streptomyces_sp._V17-9	2831149	S	164	650	814	0.00015
Streptomyces_sp._VN1	1821625	S	161	540	701	0.00013
Streptomyces_sp._CB00271	2750025	S	159	169	328	0.00006
Streptomyces_sp._11-1-2	1851167	S	157	234	391	0.00007
Streptomyces_sp._CFMR_7	1649184	S	147	199	346	0.00006
Streptomyces_sp._BSE6.1	2605730	S	144	562	706	0.00013
Streptomyces_sp._2114.2	1881022	S	141	694	835	0.00015
Streptomyces_sp._WAC00303	2933779	S	137	154	291	0.00005
Streptomyces_sp._Tu6071	355249	S	121	316	437	0.00008
Streptomyces_sp._M56	1495638	S	118	253	371	0.00007
Streptomyces_sp._CB04723	2748873	S	118	163	281	0.00005
Streptomyces_sp._M2	646637	S	114	527	641	0.00012
Streptomyces_sp._HU2014	2939414	S	106	288	394	0.00007
Streptomyces_sp._PAMC_26508	1265601	S	100	309	409	0.00007
Streptomyces_sp._KPB2	2305221	S	100	690	790	0.00014
Streptomyces_sp._CLI2509	1984801	S	98	287	385	0.00007
Streptomyces_sp._WAC00288	2094021	S	96	316	412	0.00007
Streptomyces_sp._CRSS-Y-16	2906474	S	91	445	536	0.00010
Streptomyces_sp._LBUM_1480	2609808	S	84	688	772	0.00014
Streptomyces_sp._WA1-19	2884220	S	83	346	429	0.00008
Streptomyces_sp._S501	2420135	S	82	274	356	0.00006
Streptomyces_sp._A1-5	2738410	S	76	284	360	0.00007
Streptomyces_sp._endophyte_N2	2153485	S	73	165	238	0.00004
Streptomyces_sp._GF20	2692235	S	70	309	379	0.00007
Streptomyces_sp._R527F	1664033	S	57	260	317	0.00006
Streptomyces_sp._604F	1476754	S	49	367	416	0.00008
Streptomyces_sp._CA-256286	2801033	S	48	240	288	0.00005
Streptomyces_sp._LBUM_1482	2609809	S	47	1002	1049	0.00019
Streptomyces_sp._FR-008	206662	S	44	284	328	0.00006
Streptomyces_sp._S1A1-7	2594459	S	42	350	392	0.00007
Streptomyces_sp._NBU3104	2911367	S	40	207	247	0.00004
Streptomyces_sp._OUCMDZ-3434	1535304	S	40	347	387	0.00007
Streptomyces_sp._RLB3-6	2594457	S	37	1039	1076	0.00019
Streptomyces_sp._GBA_94-10	1218177	S	33	351	384	0.00007
Streptomyces_sp._LBUM_1475	2609807	S	32	800	832	0.00015
Streptomyces_sp._CC0208	2306165	S	31	678	709	0.00013
Streptomyces_sp._S1D4-20	2594462	S	25	607	632	0.00011
Streptomyces_sp._RLB3-17	2594455	S	25	348	373	0.00007
Streptomyces_sp._A10(2020)	2782013	S	22	202	224	0.00004
Streptomyces_sp._PLM4	2929798	S	22	143	165	0.00003
Streptomyces_sp._RLB1-9	2594454	S	18	887	905	0.00016
Streptomyces_sp._PVA_94-07	1225337	S	18	221	239	0.00004
Streptomyces_sp._S1D4-23	2594463	S	13	622	635	0.00011
Streptomyces_sp._S1D4-14	2594461	S	10	583	593	0.00011
Streptomyces_venezuelae	54571	S	4466	1173	5639	0.00102
Streptomyces_cadmiisoli	2184053	S	1047	176	1223	0.00022
Streptomyces_qaidamensis	1783515	S	1031	305	1336	0.00024
Streptomyces_aurantiacus	47760	S	850	137	987	0.00018
Streptomyces_alboniger	132473	S	517	134	651	0.00012
Streptomyces_koyangensis	188770	S	369	267	636	0.00011
Streptomyces_calvus	67282	S	3401	930	4331	0.00078
Streptomyces_hygroscopicus	1912	S	1392	1840	3232	0.00058
Streptomyces_rapamycinicus	1226757	S	775	138	913	0.00016
Streptomyces_violaceusniger	68280	S	376	186	562	0.00010
Streptomyces_yatensis	155177	S	296	161	457	0.00008
Streptomyces_malaysiensis	92644	S	78	184	262	0.00005
Streptomyces_tendae	1932	S	2938	820	3758	0.00068
Streptomyces_viridosporus	67581	S	2741	769	3510	0.00063
Streptomyces_pactum	68249	S	2526	694	3220	0.00058
Streptomyces_chartreusis	1969	S	2058	656	2714	0.00049
Streptomyces_albus	1888	S	1900	678	2578	0.00046
Streptomyces_griseus	1911	S	729	463	1192	0.00021
Streptomyces_sp._M54	2759525	S	85	167	252	0.00005
Streptomyces_anulatus	1892	S	514	404	918	0.00017
Streptomyces_microflavus	1919	S	268	915	1183	0.00021
Streptomyces_globisporus	1908	S	200	1130	1330	0.00024
Streptomyces_deccanensis	424188	S	1815	534	2349	0.00042
Streptomyces_armeniacus	83291	S	1791	177	1968	0.00035
Streptomyces_ambofaciens	1889	S	1703	783	2486	0.00045
Streptomyces_prasinus	67345	S	1605	351	1956	0.00035
Streptomyces_bathyalis	2710756	S	1561	167	1728	0.00031
Streptomyces_lydicus	47763	S	1459	723	2182	0.00039
Streptomyces_formicae	1616117	S	1439	313	1752	0.00032
Streptomyces_nigra	1827580	S	1417	372	1789	0.00032
Streptomyces_buecherae	2763006	S	1403	233	1636	0.00030
Streptomyces_tsukubensis	83656	S	1256	179	1435	0.00026
Streptomyces_capitiformicae	2014920	S	1256	145	1401	0.00025
Streptomyces_cattleya	29303	S	1225	234	1459	0.00026
Streptomyces_bingchenggensis	379067	S	1219	156	1375	0.00025
Streptomyces_ferrugineus	1413221	S	1210	267	1477	0.00027
Streptomyces_cyaneochromogenes	2496836	S	1208	241	1449	0.00026
Streptomyces_niveus	193462	S	1207	372	1579	0.00028
Streptomyces_seoulensis	73044	S	1172	299	1471	0.00027
Streptomyces_griseorubiginosus	67304	S	1163	259	1422	0.00026
Streptomyces_spectabilis	68270	S	1117	249	1366	0.00025
Streptomyces_xinghaiensis	1038928	S	1105	219	1324	0.00024
Streptomyces_parvulus	146923	S	1051	313	1364	0.00025
Streptomyces_lincolnensis	1915	S	1043	203	1246	0.00022
Streptomyces_peucetius	1950	S	1043	189	1232	0.00022
Streptomyces_durmitorensis	319947	S	1026	146	1172	0.00021
Streptomyces_actuosus	1885	S	1011	286	1297	0.00023
Streptomyces_xanthii	2768069	S	1003	200	1203	0.00022
Streptomyces_aquilus	2548456	S	985	196	1181	0.00021
Streptomyces_davaonensis	348043	S	978	182	1160	0.00021
Streptomyces_genisteinicus	2768068	S	969	202	1171	0.00021
Streptomyces_roseirectus	2768066	S	959	154	1113	0.00020
Streptomyces_rimosus	1927	S	952	158	1110	0.00020
Streptomyces_griseoviridis	45398	S	950	201	1151	0.00021
Streptomyces_phaeolivaceus	2653200	S	929	176	1105	0.00020
Streptomyces_harbinensis	1176198	S	887	164	1051	0.00019
Streptomyces_rectiverticillatus	173860	S	885	187	1072	0.00019
Streptomyces_asoensis	249586	S	880	176	1056	0.00019
Streptomyces_glaucescens	1907	S	874	252	1126	0.00020
Streptomyces_liangshanensis	2717324	S	863	141	1004	0.00018
Streptomyces_antibioticus	1890	S	849	201	1050	0.00019
Streptomyces_vietnamensis	362257	S	824	188	1012	0.00018
Streptomyces_griseochromogenes	68214	S	823	154	977	0.00018
Streptomyces_albulus	68570	S	813	168	981	0.00018
Streptomyces_alboflavus	67267	S	803	150	953	0.00017
Streptomyces_paludis	2282738	S	795	113	908	0.00016
Streptomyces_chromofuscus	42881	S	782	202	984	0.00018
Streptomyces_griseocarneus	51201	S	782	180	962	0.00017
Streptomyces_luteoverticillatus	66425	S	773	168	941	0.00017
Streptomyces_clavuligerus	1901	S	772	118	890	0.00016
Streptomyces_globosus	68209	S	770	186	956	0.00017
Streptomyces_ficellus	1977088	S	768	182	950	0.00017
Streptomyces_olivoreticuli	68246	S	765	143	908	0.00016
Streptomyces_dengpaensis	2049881	S	764	139	903	0.00016
Streptomyces_avermitilis	33903	S	758	145	903	0.00016
Streptomyces_tuirus	68278	S	758	262	1020	0.00018
Streptomyces_aureoverticillatus	66871	S	756	138	894	0.00016
Streptomyces_galilaeus	33899	S	744	165	909	0.00016
Streptomyces_nodosus	40318	S	743	121	864	0.00016
Streptomyces_lunaelactis	1535768	S	738	104	842	0.00015
Streptomyces_pristinaespiralis	38300	S	734	213	947	0.00017
Streptomyces_exfoliatus	1905	S	731	168	899	0.00016
Streptomyces_atratus	1893	S	728	98	826	0.00015
Streptomyces_fungicidicus	68203	S	688	1516	2204	0.00040
Streptomyces_broussonetiae	2686304	S	685	139	824	0.00015
Streptomyces_nitrosporeus	28894	S	683	129	812	0.00015
Streptomyces_hawaiiensis	67305	S	674	206	880	0.00016
Streptomyces_subrutilus	36818	S	674	167	841	0.00015
Streptomyces_lavendulae	1914	S	666	156	822	0.00015
Streptomyces_rutgersensis	53451	S	665	216	881	0.00016
Streptomyces_tirandamycinicus	2174846	S	663	149	812	0.00015
Streptomyces_hundungensis	1077946	S	657	133	790	0.00014
Streptomyces_gobiensis	2875706	S	656	78	734	0.00013
Streptomyces_dangxiongensis	1442032	S	651	152	803	0.00014
Streptomyces_collinus	42684	S	647	288	935	0.00017
Streptomyces_katrae	68223	S	647	163	810	0.00015
Streptomyces_coeruleorubidus	116188	S	638	216	854	0.00015
Streptomyces_kanamyceticus	1967	S	633	149	782	0.00014
Streptomyces_fodineus	1904616	S	625	150	775	0.00014
Streptomyces_pratensis	1169025	S	625	103	728	0.00013
Streptomyces_finlayi	67296	S	612	92	704	0.00013
Streptomyces_incarnatus	665007	S	611	132	743	0.00013
Streptomyces_spongiicola	1690221	S	610	156	766	0.00014
Streptomyces_roseochromogenus	285450	S	603	127	730	0.00013
Streptomyces_vinaceus	1960	S	598	144	742	0.00013
Streptomyces_mobaraensis	35621	S	586	17677	18263	0.00329
Streptomyces_gardneri	66892	S	576	164	740	0.00013
Streptomyces_gilvosporeus	553510	S	568	118	686	0.00012
Streptomyces_pluripotens	1355015	S	561	83	644	0.00012
Streptomyces_cyanogenus	80860	S	558	169	727	0.00013
Streptomyces_huasconensis	1854574	S	546	146	692	0.00012
Streptomyces_qinzhouensis	2599401	S	544	85	629	0.00011
Streptomyces_leeuwenhoekii	1437453	S	527	264	791	0.00014
Streptomyces_nojiriensis	66374	S	517	155	672	0.00012
Streptomyces_inhibens	2293571	S	509	106	615	0.00011
Streptomyces_fagopyri	2662397	S	477	111	588	0.00011
Streptomyces_angustmyceticus	285578	S	455	127	582	0.00011
Streptomyces_cyaneogriseus	68192	S	437	242	679	0.00012
Streptomyces_coelicolor	1902	S	109	977	1086	0.00020
Streptomyces_albidoflavus	1886	S	108	1228	1336	0.00024
Streptomyces_sampsonii	42239	S	51	314	365	0.00007
Streptomyces_antimycoticus	68175	S	260	203	463	0.00008
Streptomyces_auratus	114687	S	259	126	385	0.00007
Streptomyces_decoyicus	249567	S	252	102	354	0.00006
Streptomyces_lydicamycinicus	1546107	S	238	104	342	0.00006
Streptomyces_xiamenensis	408015	S	237	153	390	0.00007
Streptomyces_platensis	58346	S	224	123	347	0.00006
Streptomyces_olivaceus	47716	S	202	570	772	0.00014
Streptomyces_alfalfae	1642299	S	189	833	1022	0.00018
Streptomyces_cavourensis	67258	S	158	220	378	0.00007
Streptomyces_filamentosus	67294	S	157	148	305	0.00006
Streptomyces_californicus	67351	S	142	356	498	0.00009
Streptomyces_mirabilis	68239	S	141	662	803	0.00014
Streptomyces_murinus	33900	S	106	230	336	0.00006
Streptomyces_fradiae	1906	S	105	1212	1317	0.00024
Streptomyces_griseofuscus	146922	S	103	358	461	0.00008
Streptomyces_noursei	1971	S	89	273	362	0.00007
Streptomyces_scabiei	1930	S	86	598	684	0.00012
Streptomyces_autolyticus	75293	S	80	212	292	0.00005
Streptomyces_lividans	1916	S	78	538	616	0.00011
Streptomyces_albireticuli	1940	S	70	229	299	0.00005
Streptomyces_cinereoruber	67260	S	63	255	318	0.00006
Streptomyces_violaceoruber	1935	S	51	174	225	0.00004
Streptomyces_rubrolavendulae	285473	S	39	217	256	0.00005
Streptomyces_rochei	1928	S	35	203	238	0.00004
Kitasatospora_sp._MMS16-BH015	2018025	S	926	205	1131	0.00020
Kitasatospora_sp._NA04385	2742135	S	724	300	1024	0.00018
Kitasatospora_setae	2066	S	782	318	1100	0.00020
Kitasatospora_aureofaciens	1894	S	724	206	930	0.00017
Kitasatospora_albolonga	68173	S	307	180	487	0.00009
Yinghuangia_sp._ASG_101	2896848	S	2637	301	2938	0.00053
Streptacidiphilus_sp._P02-A3a	2704468	S	951	210	1161	0.00021
Streptacidiphilus_sp._PB12-B1b	2705012	S	752	212	964	0.00017
Streptacidiphilus_bronchialis	2126346	S	793	174	967	0.00017
Mycolicibacterium_fortuitum	1766	S	5271	1273	6544	0.00118
Mycolicibacterium_pulveris	36813	S	4333	433	4766	0.00086
Mycolicibacterium_chitae	1792	S	2911	421	3332	0.00060
Mycolicibacterium_celeriflavum	1249101	S	2401	252	2653	0.00048
Mycolicibacterium_gadium	1794	S	2397	194	2591	0.00047
Mycolicibacterium_neoaurum	1795	S	1912	266	2178	0.00039
Mycolicibacterium_rhodesiae	36814	S	1909	184	2093	0.00038
Mycolicibacterium_rutilum	370526	S	1823	312	2135	0.00039
Mycolicibacterium_moriokaense	39691	S	1789	130	1919	0.00035
Mycolicibacterium_litorale	758802	S	1665	275	1940	0.00035
Mycolicibacterium_duvalii	39688	S	1596	194	1790	0.00032
Mycolicibacterium_phlei	1771	S	1247	256	1503	0.00027
Mycolicibacterium_smegmatis	1772	S	1215	279	1494	0.00027
Mycolicibacterium_sp._YH-1	2908837	S	738	341	1079	0.00019
Mycolicibacterium_hassiacum	46351	S	1012	174	1186	0.00021
Mycolicibacterium_thermoresistibile	1797	S	940	129	1069	0.00019
Mycolicibacterium_boenickei	146017	S	909	1015	1924	0.00035
Mycolicibacterium_vaccae	1810	S	899	108	1007	0.00018
Mycolicibacterium_parafortuitum	39692	S	878	108	986	0.00018
Mycolicibacterium_fluoranthenivorans	258505	S	869	67	936	0.00017
Mycolicibacterium_mageritense	53462	S	862	82	944	0.00017
Mycolicibacterium_chubuense	1800	S	853	106	959	0.00017
Mycolicibacterium_arabiense	1286181	S	827	77	904	0.00016
Mycolicibacterium_monacense	85693	S	798	157	955	0.00017
Mycolicibacterium_sediminis	1286180	S	758	83	841	0.00015
Mycolicibacterium_gilvum	1804	S	753	154	907	0.00016
Mycolicibacterium_poriferae	39694	S	751	93	844	0.00015
Mycolicibacterium_confluentis	28047	S	728	65	793	0.00014
Mycolicibacterium_madagascariense	212765	S	726	66	792	0.00014
Mycolicibacterium_psychrotolerans	216929	S	719	93	812	0.00015
Mycolicibacterium_aurum	1791	S	666	52	718	0.00013
Mycolicibacterium_austroafricanum	39687	S	655	2262	2917	0.00053
Mycolicibacterium_baixiangningiae	2761578	S	646	66	712	0.00013
Mycolicibacterium_alvei	67081	S	641	98	739	0.00013
Mycolicibacterium_phocaicum	319706	S	602	225	827	0.00015
Mycolicibacterium_fallax	1793	S	600	135	735	0.00013
Mycolicibacterium_tokaiense	39695	S	569	51	620	0.00011
Mycolicibacterium_aichiense	1799	S	529	50	579	0.00010
Mycolicibacterium_mengxianglii	2736649	S	518	32	550	0.00010
Mycolicibacterium_anyangense	1431246	S	496	46	542	0.00010
Mycolicibacterium_insubricum	444597	S	473	72	545	0.00010
Mycolicibacterium_helvum	1534349	S	466	34	500	0.00009
Mycobacterium_doricum	126673	S	437	65	502	0.00009
Mycolicibacterium_septicum	98668	S	412	217	629	0.00011
Mycolicibacterium_mucogenicum	56689	S	371	113	484	0.00009
Mycolicibacterium_sarraceniae	1534348	S	328	26	354	0.00006
Mycolicibacterium_farcinogenes	1802	S	283	380	663	0.00012
Mycolicibacterium_nivoides	2487344	S	111	460	571	0.00010
Mycolicibacterium_vanbaalenii	110539	S	95	1283	1378	0.00025
Mycobacterium_sp._IDR2000157661	2867005	S	1167	114	1281	0.00023
Mycobacterium_sp._YC-RL4	1682113	S	1116	203	1319	0.00024
Mycobacterium_sp._JS623	212767	S	747	35	782	0.00014
Mycobacterium_sp._DL440	2675523	S	630	65	695	0.00013
Mycobacterium_sp._MS1601	1936029	S	524	39	563	0.00010
Mycobacterium_sp._EPa45	1545728	S	504	49	553	0.00010
Mycobacterium_sp._DL592	2675524	S	452	41	493	0.00009
Mycobacterium_sp._TY59	2775496	S	278	39	317	0.00006
Mycobacterium_sp._WY10	1920667	S	59	192	251	0.00005
Mycobacterium_sp._PYR15	2051552	S	25	243	268	0.00005
Mycobacterium_sp._20KCMC460	2903536	S	18	517	535	0.00010
Mycobacterium_sp._MOTT36Y	1168287	S	11	170	181	0.00003
Mycobacterium_holsaticum	152142	S	5542	474	6016	0.00108
Mycobacterium_diernhoferi	1801	S	5098	566	5664	0.00102
Mycobacterium_parmense	185642	S	525	82	607	0.00011
Mycobacterium_saskatchewanense	220927	S	516	87	603	0.00011
Mycobacterium_kubicae	120959	S	438	60	498	0.00009
Mycobacterium_shigaense	722731	S	365	40	405	0.00007
Mycobacterium_simiae	1784	S	348	22	370	0.00007
Mycobacterium_stomatepiae	470076	S	342	63	405	0.00007
Mycobacterium_florentinum	292462	S	324	66	390	0.00007
Mycobacterium_lentiflavum	141349	S	321	68	389	0.00007
Mycobacterium_heidelbergense	53376	S	318	62	380	0.00007
Mycobacterium_avium	1764	S	815	429	1244	0.00022
Mycobacterium_intracellulare	1767	S	382	1956	2338	0.00042
Mycobacterium_mantenii	560555	S	361	32	393	0.00007
Mycobacterium_colombiense	339268	S	351	44	395	0.00007
Mycobacterium_marseillense	701042	S	312	54	366	0.00007
Mycobacterium_paraintracellulare	1138383	S	93	722	815	0.00015
Mycobacterium_frederiksbergense	117567	S	1125	175	1300	0.00023
Mycobacterium_grossiae	1552759	S	785	126	911	0.00016
Mycobacterium_goodii	134601	S	722	117	839	0.00015
Mycobacterium_rufum	318424	S	706	107	813	0.00015
Mycobacterium_novum	2492438	S	706	3711	4417	0.00080
Mycobacterium_dioxanotrophicus	482462	S	672	80	752	0.00014
Mycobacterium_virginiense	1795032	S	655	83	738	0.00013
Mycobacterium_branderi	43348	S	524	37	561	0.00010
Mycobacterium_canettii	78331	S	174	97	271	0.00005
Mycobacterium_tuberculosis	1773	S	97	1938	2035	0.00037
Mycobacterium_conspicuum	44010	S	500	43	543	0.00010
Mycobacterium_paragordonae	1389713	S	451	37	488	0.00009
Mycobacterium_paraterrae	577492	S	435	27	462	0.00008
Mycobacterium_koreense	1069220	S	420	62	482	0.00009
Mycobacterium_cookii	1775	S	409	24	433	0.00008
Mycobacterium_riyadhense	486698	S	402	11	413	0.00007
Mycobacterium_gordonae	1778	S	381	18	399	0.00007
Mycobacterium_paraseoulense	590652	S	327	59	386	0.00007
Mycobacterium_noviomagense	459858	S	321	15	336	0.00006
Mycobacterium_vicinigordonae	1719132	S	311	10	321	0.00006
Mycobacterium_malmoense	1780	S	310	38	348	0.00006
Mycobacterium_heckeshornense	110505	S	308	18	326	0.00006
Mycobacterium_shinjukuense	398694	S	306	21	327	0.00006
Mycobacterium_lacus	169765	S	305	14	319	0.00006
Mycobacterium_kansasii	1768	S	301	23	324	0.00006
Mycobacterium_ostraviense	2738409	S	264	24	288	0.00005
Mycobacterium_xenopi	1789	S	261	21	282	0.00005
Mycobacterium_spongiae	886343	S	261	4	265	0.00005
Mycobacterium_seoulense	386911	S	259	54	313	0.00006
Mycobacterium_basiliense	2094119	S	242	5	247	0.00004
Mycobacterium_crocinum	388459	S	215	111	326	0.00006
Mycobacterium_haemophilum	29311	S	132	4	136	0.00002
Mycobacterium_senegalense	1796	S	99	208	307	0.00006
Mycobacterium_marinum	1781	S	71	324	395	0.00007
Mycobacterium_leprae	1769	S	38	0	38	0.00001
Mycobacterium_lepromatosis	480418	S	33	0	33	0.00001
Mycobacterium_ulcerans	1809	S	29	216	245	0.00004
Mycobacterium_pallens	370524	S	18	192	210	0.00004
Mycobacterium_shottsii	133549	S	15	33	48	0.00001
Mycolicibacter_sp._MYC340	2855503	S	331	56	387	0.00007
Mycolicibacter_sp._MYC098	2872309	S	324	57	381	0.00007
Mycolicibacter_sp._MYC017	2875777	S	197	131	328	0.00006
Mycolicibacter_sp._MYC123	2855502	S	52	204	256	0.00005
Mycolicibacter_sp._MYC101	2872311	S	52	207	259	0.00005
Mycolicibacter_sinensis	875328	S	626	2707	3333	0.00060
Mycolicibacter_terrae	1788	S	521	93	614	0.00011
Mycolicibacter_hiberniae	29314	S	320	41	361	0.00007
Mycolicibacter_minnesotensis	1118379	S	256	27	283	0.00005
Mycobacteroides_abscessus	36809	S	558	403	961	0.00017
Mycobacteroides_chelonae	1774	S	314	75	389	0.00007
Mycobacteroides_saopaulense	1578165	S	213	21	234	0.00004
Mycobacteroides_salmoniphilum	404941	S	195	14	209	0.00004
Mycobacteroides_immunogenum	83262	S	181	22	203	0.00004
[Mycobacterium]_stephanolepidis	1520670	S	98	25	123	0.00002
Mycolicibacillus_parakoreensis	1069221	S	436	62	498	0.00009
Hoyosella_subflava	639313	S	169	5	174	0.00003
Rhodococcus_equi	43767	S	38814	9149	47963	0.00865
Rhodococcus_sp._SGAir0479	2567884	S	869	166	1035	0.00019
Rhodococcus_sp._X156	2499145	S	799	186	985	0.00018
Rhodococcus_sp._RDE2	2885078	S	728	473	1201	0.00022
Rhodococcus_sp._W8901	2742603	S	636	111	747	0.00013
Rhodococcus_sp._MTM3W5.2	1805827	S	620	95	715	0.00013
Rhodococcus_sp._PBTS_1	1653478	S	545	92	637	0.00011
Rhodococcus_sp._ABRD24	2507582	S	436	50	486	0.00009
Rhodococcus_sp._R79	2811421	S	286	160	446	0.00008
Rhodococcus_sp._B7740	1564114	S	248	21	269	0.00005
Rhodococcus_sp._P1Y	1302308	S	233	13	246	0.00004
Rhodococcus_sp._USK10	2789739	S	229	134	363	0.00007
Rhodococcus_sp._WMMA185	679318	S	225	18	243	0.00004
Rhodococcus_sp._USK13	2806442	S	176	124	300	0.00005
Rhodococcus_sp._WAY2	2663121	S	145	126	271	0.00005
Rhodococcus_sp._DMU1	2722825	S	87	222	309	0.00006
Rhodococcus_sp._ZPP	2749906	S	77	224	301	0.00005
Rhodococcus_sp._WB9	2594007	S	68	61	129	0.00002
Rhodococcus_sp._S2-17	1990687	S	67	202	269	0.00005
Rhodococcus_sp._2G	1570939	S	64	176	240	0.00004
Rhodococcus_sp._M8	1925550	S	63	132	195	0.00004
Rhodococcus_sp._p52	935199	S	50	180	230	0.00004
Rhodococcus_sp._DMF-1	2907624	S	41	216	257	0.00005
Rhodococcus_sp._WB1	1033922	S	39	226	265	0.00005
Rhodococcus_sp._21391	2683591	S	32	101	133	0.00002
Rhodococcus_sp._P-2	2795031	S	30	25	55	0.00001
Rhodococcus_sp._PSBB049	2812863	S	29	278	307	0.00006
Rhodococcus_sp._LW-XY12	2856851	S	27	157	184	0.00003
Rhodococcus_sp._YL-1	1045808	S	18	54	72	0.00001
Rhodococcus_sp._NJ-530	2490853	S	12	46	58	0.00001
Rhodococcus_sp._008	1723645	S	10	41	51	0.00001
Rhodococcus_rhodochrous	1829	S	2887	1080	3967	0.00072
Rhodococcus_opacus	37919	S	1334	907	2241	0.00040
Rhodococcus_pyridinivorans	103816	S	915	2455	3370	0.00061
Rhodococcus_fascians	1828	S	682	95	777	0.00014
Rhodococcus_coprophilus	38310	S	442	49	491	0.00009
Rhodococcus_ruber	1830	S	438	932	1370	0.00025
Rhodococcus_triatomae	300028	S	397	63	460	0.00008
Rhodococcus_koreensis	99653	S	364	71	435	0.00008
Rhodococcus_qingshengii	334542	S	127	546	673	0.00012
Rhodococcus_erythropolis	1833	S	93	285	378	0.00007
Rhodococcus_globerulus	33008	S	237	17	254	0.00005
Rhodococcus_jostii	132919	S	235	64	299	0.00005
Rhodococcus_aetherivorans	191292	S	87	533	620	0.00011
Nocardia_asteroides	1824	S	2954	781	3735	0.00067
Nocardia_brasiliensis	37326	S	1568	331	1899	0.00034
Nocardia_cyriacigeorgica	135487	S	1495	490	1985	0.00036
Nocardia_farcinica	37329	S	1172	533	1705	0.00031
Nocardia_terpenica	455432	S	1047	135	1182	0.00021
Nocardia_arthritidis	228602	S	708	65	773	0.00014
Nocardia_wallacei	480035	S	691	165	856	0.00015
Nocardia_huaxiensis	2755382	S	677	101	778	0.00014
Nocardia_nova	37330	S	619	61	680	0.00012
Nocardia_yamanashiensis	209247	S	577	89	666	0.00012
Nocardia_sp._CS682	1047172	S	574	114	688	0.00012
Nocardia_otitidiscaviarum	1823	S	571	83	654	0.00012
Nocardia_gipuzkoensis	2749991	S	571	188	759	0.00014
Nocardia_yunnanensis	2382165	S	556	115	671	0.00012
Nocardia_tengchongensis	2055889	S	555	111	666	0.00012
Nocardia_mangyaensis	2213200	S	549	114	663	0.00012
Nocardia_seriolae	37332	S	526	117	643	0.00012
Nocardia_iowensis	204891	S	495	89	584	0.00011
Corynebacterium_stationis	1705	S	2646	409	3055	0.00055
Corynebacterium_cyclohexanicum	322009	S	517	139	656	0.00012
Corynebacterium_xerosis	1725	S	503	168	671	0.00012
Corynebacterium_sphenisci	191493	S	380	69	449	0.00008
Corynebacterium_frankenforstense	1230998	S	332	60	392	0.00007
Corynebacterium_bovis	36808	S	304	40	344	0.00006
Corynebacterium_freneyi	134034	S	270	64	334	0.00006
Corynebacterium_variabile	1727	S	249	91	340	0.00006
Corynebacterium_halotolerans	225326	S	249	34	283	0.00005
Corynebacterium_sp._CNCTC7651	2815361	S	97	11	108	0.00002
Corynebacterium_sp._NML98-0116	702967	S	71	15	86	0.00002
Corynebacterium_sp._FDAARGOS_1242	2778078	S	22	35	57	0.00001
Corynebacterium_sp._4H37-19	2684405	S	21	1	22	0.00000
Corynebacterium_sp._1864	2820399	S	17	22	39	0.00001
Corynebacterium_sp._sy039	2599641	S	13	0	13	0.00000
Corynebacterium_nuruki	1032851	S	236	32	268	0.00005
Corynebacterium_humireducens	1223514	S	234	40	274	0.00005
Corynebacterium_urealyticum	43771	S	222	125	347	0.00006
Corynebacterium_maris	575200	S	216	20	236	0.00004
Corynebacterium_marinum	349751	S	213	49	262	0.00005
Corynebacterium_vitaeruminis	38305	S	212	37	249	0.00004
Corynebacterium_mycetoides	38302	S	189	56	245	0.00004
Corynebacterium_timonense	441500	S	186	26	212	0.00004
Corynebacterium_doosanense	1121358	S	185	56	241	0.00004
Corynebacterium_comes	2675218	S	175	26	201	0.00004
Corynebacterium_casei	160386	S	174	141	315	0.00006
Corynebacterium_jeikeium	38289	S	161	252	413	0.00007
Corynebacterium_glyciniphilum	1404244	S	158	11	169	0.00003
Corynebacterium_yudongzhengii	2080740	S	156	17	173	0.00003
Corynebacterium_provencense	1737425	S	156	19	175	0.00003
Corynebacterium_liangguodongii	2079535	S	142	18	160	0.00003
Corynebacterium_imitans	156978	S	135	43	178	0.00003
Corynebacterium_terpenotabidum	89154	S	127	20	147	0.00003
Corynebacterium_uterequi	1072256	S	125	12	137	0.00002
Corynebacterium_falsenii	108486	S	124	33	157	0.00003
Corynebacterium_atypicum	191610	S	119	22	141	0.00003
Corynebacterium_sanguinis	2594913	S	116	49	165	0.00003
Corynebacterium_efficiens	152794	S	112	12	124	0.00002
Corynebacterium_ureicelerivorans	401472	S	107	21	128	0.00002
Corynebacterium_genitalium	38288	S	96	12	108	0.00002
Corynebacterium_lujinxingii	2763010	S	93	19	112	0.00002
Corynebacterium_lactis	1231000	S	91	8	99	0.00002
Corynebacterium_uberis	2883169	S	91	6	97	0.00002
Corynebacterium_qintianiae	2709392	S	89	14	103	0.00002
Corynebacterium_glucuronolyticum	39791	S	89	12	101	0.00002
Corynebacterium_incognita	2754725	S	84	11	95	0.00002
Corynebacterium_occultum	2675219	S	82	8	90	0.00002
Corynebacterium_testudinoris	136857	S	80	9	89	0.00002
Corynebacterium_tuberculostearicum	38304	S	80	29	109	0.00002
Corynebacterium_glaucum	187491	S	76	9	85	0.00002
Corynebacterium_coyleae	53374	S	74	11	85	0.00002
Corynebacterium_aquilae	203263	S	74	6	80	0.00001
Corynebacterium_striatum	43770	S	74	37	111	0.00002
Corynebacterium_riegelii	156976	S	70	11	81	0.00001
Corynebacterium_glutamicum	1718	S	70	622	692	0.00012
Corynebacterium_aurimucosum	169292	S	66	17	83	0.00002
Corynebacterium_ammoniagenes	1697	S	62	8	70	0.00001
Corynebacterium_zhongnanshanii	2768834	S	61	4	65	0.00001
Corynebacterium_flavescens	28028	S	59	9	68	0.00001
Corynebacterium_kroppenstedtii	161879	S	57	3	60	0.00001
Corynebacterium_renale	1724	S	57	3	60	0.00001
Corynebacterium_kalinowskii	2675216	S	53	13	66	0.00001
Corynebacterium_epidermidicanis	1050174	S	50	5	55	0.00001
Corynebacterium_matruchotii	43768	S	50	2	52	0.00001
Corynebacterium_singulare	161899	S	49	23	72	0.00001
Corynebacterium_camporealensis	161896	S	49	7	56	0.00001
Corynebacterium_endometrii	2488819	S	47	5	52	0.00001
Corynebacterium_urogenitale	2487892	S	42	4	46	0.00001
Corynebacterium_macginleyi	38290	S	41	5	46	0.00001
Corynebacterium_gerontici	2079234	S	41	4	45	0.00001
Corynebacterium_simulans	146827	S	39	18	57	0.00001
Corynebacterium_argentoratense	42817	S	37	4	41	0.00001
Corynebacterium_lizhenjunii	2709394	S	37	3	40	0.00001
Corynebacterium_phocae	161895	S	37	2	39	0.00001
Corynebacterium_diphtheriae	1717	S	36	62	98	0.00002
Corynebacterium_cystitidis	35757	S	35	1	36	0.00001
Corynebacterium_resistens	258224	S	34	12	46	0.00001
Corynebacterium_pseudodiphtheriticum	37637	S	31	6	37	0.00001
Corynebacterium_propinquum	43769	S	31	7	38	0.00001
Corynebacterium_pelargi	1471400	S	29	5	34	0.00001
Corynebacterium_minutissimum	38301	S	29	18	47	0.00001
Corynebacterium_choanae	1862358	S	27	1	28	0.00001
Corynebacterium_mustelae	571915	S	27	1	28	0.00001
Corynebacterium_suranareeae	2506452	S	27	4	31	0.00001
Corynebacterium_amycolatum	43765	S	26	123	149	0.00003
Corynebacterium_deserti	1408191	S	25	5	30	0.00001
Corynebacterium_kefirresidentii	1979527	S	24	9	33	0.00001
Corynebacterium_ulcerans	65058	S	24	4	28	0.00001
Corynebacterium_pseudopelargi	2080757	S	21	4	25	0.00000
Corynebacterium_callunae	1721	S	15	3	18	0.00000
Corynebacterium_crudilactis	1652495	S	12	7	19	0.00000
Corynebacterium_segmentosum	43990	S	12	18	30	0.00001
Corynebacterium_pseudotuberculosis	1719	S	11	1	12	0.00000
Corynebacterium_silvaticum	2320431	S	11	2	13	0.00000
Corynebacterium_accolens	38284	S	11	16	27	0.00001
Corynebacterium_rouxii	2719119	S	10	3	13	0.00000
Gordonia_sp._PP30	2935861	S	430	77	507	0.00009
Gordonia_sp._YC-JH1	2059875	S	366	154	520	0.00009
Gordonia_sp._KTR9	337191	S	284	42	326	0.00006
Gordonia_sp._PDNC005	2811424	S	241	23	264	0.00005
Gordonia_sp._WA4-43	2878678	S	73	213	286	0.00005
Gordonia_sp._JH63	2698900	S	55	158	213	0.00004
Gordonia_sp._135	2676309	S	40	249	289	0.00005
Gordonia_polyisoprenivorans	84595	S	716	95	811	0.00015
Gordonia_terrae	2055	S	486	229	715	0.00013
Gordonia_insulae	2420509	S	457	45	502	0.00009
Gordonia_phthalatica	1136941	S	442	118	560	0.00010
Gordonia_amarae	36821	S	415	53	468	0.00008
Gordonia_iterans	1004901	S	401	83	484	0.00009
Gordonia_jinghuaiqii	2758710	S	367	47	414	0.00007
Gordonia_bronchialis	2054	S	362	58	420	0.00008
Gordonia_pseudoamarae	2831662	S	318	38	356	0.00006
Gordonia_otitidis	249058	S	283	32	315	0.00006
Gordonia_rubripertincta	36822	S	278	124	402	0.00007
Gordonia_zhaorongruii	2597659	S	226	26	252	0.00005
Gordonia_alkanivorans	84096	S	95	319	414	0.00007
Gordonia_hongkongensis	1701090	S	75	222	297	0.00005
Gordonia_amicalis	89053	S	56	379	435	0.00008
Skermania_piniformis	39122	S	421	37	458	0.00008
Tsukamurella_paurometabola	2061	S	705	267	972	0.00018
Tsukamurella_tyrosinosolvens	57704	S	606	210	816	0.00015
Tsukamurella_sp._PLM1	2929795	S	421	102	523	0.00009
Tsukamurella_pulmonis	47312	S	408	107	515	0.00009
Dietzia_sp._oral_taxon_368	712270	S	359	533	892	0.00016
Dietzia_lutea	546160	S	417	182	599	0.00011
Dietzia_psychralcaliphila	139021	S	379	75	454	0.00008
Dietzia_timorensis	499555	S	256	84	340	0.00006
Tomitella_fengzijianii	2597660	S	448	114	562	0.00010
Tomitella_gaofuii	2760083	S	438	104	542	0.00010
Segniliparus_rotundus	286802	S	240	9	249	0.00004
Lawsonella_clevelandensis	1528099	S	38	2	40	0.00001
Nocardioides_sp._LMS-CY	2840457	S	10761	3251	14012	0.00253
Nocardioides_sp._W7	2931390	S	8150	2580	10730	0.00193
Nocardioides_sp._G188	2849501	S	6218	1656	7874	0.00142
Nocardioides_sp._TF02-7	2917724	S	5911	1720	7631	0.00138
Nocardioides_sp._JS614	196162	S	4894	1354	6248	0.00113
Nocardioides_sp._zg-1228	2763008	S	3613	1476	5089	0.00092
Nocardioides_sp._S5	2017486	S	3571	1744	5315	0.00096
Nocardioides_sp._zg-579	2663857	S	3448	1636	5084	0.00092
Nocardioides_sp._HDW12B	2714939	S	3420	963	4383	0.00079
Nocardioides_sp._cx-173	2898796	S	3408	1080	4488	0.00081
Nocardioides_sp._S-1144	2582905	S	2913	1022	3935	0.00071
Nocardioides_sp._SCSIO_67246	2872154	S	2806	666	3472	0.00063
Nocardioides_sp._603	2483798	S	2796	1208	4004	0.00072
Nocardioides_sp._MC1495	2736757	S	2417	777	3194	0.00058
Nocardioides_sp._InS609-2	2760705	S	2368	491	2859	0.00052
Nocardioides_sp._CF8	110319	S	2360	952	3312	0.00060
Nocardioides_sp._zg-536	2803858	S	2227	881	3108	0.00056
Nocardioides_sp._JQ2195	2592334	S	2202	409	2611	0.00047
Nocardioides_sp._ZJ1313	2685869	S	1741	2033	3774	0.00068
Nocardioides_sp._dk884	2662361	S	1689	1953	3642	0.00066
Nocardioides_sp._WS12	2486272	S	1671	261	1932	0.00035
Nocardioides_sp._Kera_G14	2884264	S	1225	216	1441	0.00026
Nocardioides_mesophilus	433659	S	6072	1579	7651	0.00138
Nocardioides_humi	449461	S	3808	1170	4978	0.00090
Nocardioides_okcheonensis	2894081	S	3052	1288	4340	0.00078
Nocardioides_anomalus	2712223	S	3047	826	3873	0.00070
Nocardioides_dongkuii	2760089	S	2966	1371	4337	0.00078
Nocardioides_ungokensis	1643322	S	2873	916	3789	0.00068
Nocardioides_euryhalodurans	2518370	S	2822	774	3596	0.00065
Nocardioides_aromaticivorans	200618	S	2734	949	3683	0.00066
Nocardioides_rotundus	1774216	S	2509	864	3373	0.00061
Nocardioides_marinisabuli	419476	S	2202	1146	3348	0.00060
Nocardioides_seonyuensis	2518371	S	2129	524	2653	0.00048
Nocardioides_cynanchi	2558918	S	2113	435	2548	0.00046
Nocardioides_dokdonensis	450734	S	2063	934	2997	0.00054
Nocardioides_aquaticus	160826	S	2027	559	2586	0.00047
Nocardioides_sambongensis	2589074	S	2010	507	2517	0.00045
Nocardioides_panacisoli	627624	S	1852	394	2246	0.00041
Nocardioides_houyundeii	2045452	S	1640	447	2087	0.00038
Nocardioides_piscis	2714938	S	1586	595	2181	0.00039
Nocardioides_daphniae	402297	S	1210	508	1718	0.00031
Nocardioides_jishulii	2575440	S	1002	339	1341	0.00024
Nocardioides_yefusunii	2500546	S	725	177	902	0.00016
Nocardioides_baekrokdamisoli	1804624	S	558	57	615	0.00011
Aeromicrobium_sp._Leaf245	1736306	S	873	234	1107	0.00020
Aeromicrobium_sp._A1-2	2107713	S	658	80	738	0.00013
Aeromicrobium_sp._zg-629	2663859	S	642	185	827	0.00015
Aeromicrobium_erythreum	2041	S	910	235	1145	0.00021
Aeromicrobium_marinum	219314	S	870	159	1029	0.00019
Aeromicrobium_choanae	1736691	S	869	227	1096	0.00020
Aeromicrobium_chenweiae	2079793	S	806	257	1063	0.00019
Aeromicrobium_yanjiei	2662028	S	780	232	1012	0.00018
Pimelobacter_simplex	2045	S	2334	726	3060	0.00055
Marmoricola_scoriae	642780	S	1617	499	2116	0.00038
Mumia_sp._ZJ1417	2708082	S	1042	144	1186	0.00021
Friedmanniella_luteola	546871	S	1023	167	1190	0.00021
Micropruina_glycogenica	75385	S	470	54	524	0.00009
Tessaracoccus_sp._J1M15	2829499	S	410	110	520	0.00009
Tessaracoccus_sp._MC1865	2760310	S	327	81	408	0.00007
Tessaracoccus_defluvii	1285901	S	485	300	785	0.00014
Tessaracoccus_aquimaris	1332264	S	428	180	608	0.00011
Tessaracoccus_flavus	1610493	S	344	206	550	0.00010
Tessaracoccus_flavescens	399497	S	335	247	582	0.00011
Tessaracoccus_timonensis	2161816	S	205	59	264	0.00005
Microlunatus_sagamiharensis	546874	S	862	163	1025	0.00018
Microlunatus_soli	630515	S	627	53	680	0.00012
Microlunatus_elymi	2596828	S	574	55	629	0.00011
Microlunatus_phosphovorus	29405	S	542	53	595	0.00011
Microlunatus_sp._Gsoil_973	2672569	S	480	32	512	0.00009
Brevilactibacter_coleopterorum	2714937	S	700	252	952	0.00017
Brevilactibacter_sp._MC1595	2819349	S	606	189	795	0.00014
Propionibacterium_freudenreichii	1744	S	583	414	997	0.00018
Propionibacterium_acidifaciens	556499	S	372	68	440	0.00008
Propionibacterium_australiense	119981	S	295	42	337	0.00006
Acidipropionibacterium_acidipropionici	1748	S	367	180	547	0.00010
Acidipropionibacterium_jensenii	1749	S	348	181	529	0.00010
Acidipropionibacterium_virtanenii	2057246	S	231	40	271	0.00005
Auraticoccus_monumenti	675864	S	815	117	932	0.00017
Arachnia_propionica	1750	S	312	29	341	0.00006
Arachnia_rubra	1547448	S	170	17	187	0.00003
Cutibacterium_avidum	33010	S	186	40	226	0.00004
Cutibacterium_acnes	1747	S	115	94	209	0.00004
Cutibacterium_granulosum	33011	S	115	18	133	0.00002
Cutibacterium_modestum	2559073	S	32	3	35	0.00001
Raineyella_fluvialis	2662261	S	410	41	451	0.00008
Vaginimicrobium_propionicum	1871034	S	17	4	21	0.00000
Kribbella_flavida	182640	S	1429	286	1715	0.00031
Kribbella_qitaiheensis	1544730	S	963	132	1095	0.00020
Actinopolymorpha_singaporensis	117157	S	1292	114	1406	0.00025
Actinomadura_sp._WMMB_499	1219491	S	10581	2268	12849	0.00232
Actinomadura_sp._NAK00032	2742128	S	8698	3099	11797	0.00213
Actinomadura_sp._WMMA1423	2591108	S	6095	1818	7913	0.00143
Actinomadura_verrucosospora	46165	S	7531	2154	9685	0.00175
Actinomadura_madurae	1993	S	6349	1891	8240	0.00149
Actinomadura_graeca	2750812	S	5330	1124	6454	0.00116
Thermomonospora_amylolytica	1411117	S	3554	1175	4729	0.00085
Thermomonospora_curvata	2020	S	2420	626	3046	0.00055
Nonomuraea_nitratireducens	2656914	S	7703	1504	9207	0.00166
Nonomuraea_coxensis	404386	S	7422	1917	9339	0.00168
Nonomuraea_sp._ATCC_55076	1909395	S	6338	2035	8373	0.00151
Nonomuraea_gerenzanensis	93944	S	6290	2137	8427	0.00152
Streptosporangium_roseum	2001	S	3998	1021	5019	0.00091
Streptosporangium_sp._'caverna'	2202249	S	3024	610	3634	0.00066
Thermobispora_bispora	2006	S	1732	329	2061	0.00037
Nocardiopsis_sp._MT53	2865672	S	2442	453	2895	0.00052
Nocardiopsis_sp._HDS12	2831968	S	1487	1053	2540	0.00046
Nocardiopsis_dassonvillei	2014	S	2935	2093	5028	0.00091
Nocardiopsis_alba	53437	S	2294	321	2615	0.00047
Nocardiopsis_gilva	280236	S	950	148	1098	0.00020
Thermobifida_alba	53522	S	1175	355	1530	0.00028
Thermobifida_halotolerans	483545	S	862	213	1075	0.00019
Thermobifida_fusca	2021	S	467	60	527	0.00010
Streptomonospora_litoralis	2498135	S	1194	180	1374	0.00025
Spiractinospora_alimapuensis	2820884	S	639	32	671	0.00012
Micromonospora_sp._WMMC415	2675222	S	1780	457	2237	0.00040
Micromonospora_sp._B006	2201999	S	1594	766	2360	0.00043
Micromonospora_sp._WMMA2032	2039870	S	1046	446	1492	0.00027
Micromonospora_sp._HM134	2583243	S	957	274	1231	0.00022
Micromonospora_sp._L5	648999	S	215	1199	1414	0.00026
Micromonospora_tulbaghiae	479978	S	2945	1823	4768	0.00086
Micromonospora_echinofusca	47858	S	2599	797	3396	0.00061
Micromonospora_carbonacea	47853	S	1621	485	2106	0.00038
Micromonospora_echinaurantiaca	47857	S	1609	522	2131	0.00038
Micromonospora_zamorensis	709883	S	1561	326	1887	0.00034
Micromonospora_chokoriensis	356851	S	1474	312	1786	0.00032
Micromonospora_aurantiaca	47850	S	1435	5093	6528	0.00118
Micromonospora_maris	1003110	S	1360	289	1649	0.00030
Micromonospora_coriariae	285665	S	1356	319	1675	0.00030
Micromonospora_krabiensis	307121	S	1353	317	1670	0.00030
Micromonospora_terminaliae	1914461	S	1288	424	1712	0.00031
Micromonospora_coxensis	356852	S	1131	414	1545	0.00028
Micromonospora_endophytica_(Xie_et_al._2001)_Li_et_al._2019	515350	S	1096	233	1329	0.00024
Micromonospora_ferruginea	2749844	S	1084	403	1487	0.00027
Micromonospora_viridifaciens	1881	S	1068	305	1373	0.00025
Micromonospora_siamensis	299152	S	1063	337	1400	0.00025
Micromonospora_inositola	47865	S	1030	333	1363	0.00025
Micromonospora_purpureochromogenes	47872	S	1003	348	1351	0.00024
Micromonospora_echinospora	1877	S	999	230	1229	0.00022
Micromonospora_auratinigra	261654	S	971	333	1304	0.00024
Micromonospora_sagamiensis	47875	S	968	243	1211	0.00022
Micromonospora_rifamycinica	291594	S	902	260	1162	0.00021
Micromonospora_narathiwatensis	299146	S	856	259	1115	0.00020
Micromonospora_craniellae	2294034	S	774	358	1132	0.00020
Actinoplanes_sp._OR16	946334	S	3985	1626	5611	0.00101
Actinoplanes_sp._L3-i22	2836373	S	3365	2106	5471	0.00099
Actinoplanes_sp._N902-109	649831	S	2529	612	3141	0.00057
Actinoplanes_missouriensis	1866	S	3849	1053	4902	0.00088
Actinoplanes_derwentensis	113562	S	3235	394	3629	0.00065
Actinoplanes_teichomyceticus	1867	S	2764	965	3729	0.00067
Actinoplanes_ianthinogenes	122358	S	2719	919	3638	0.00066
Actinoplanes_friuliensis	196914	S	2524	318	2842	0.00051
Phytohabitans_suffuscus	624315	S	2595	539	3134	0.00057
Phytohabitans_flavus	1076124	S	2128	343	2471	0.00045
Plantactinospora_sp._KBS50	2024580	S	1267	239	1506	0.00027
Plantactinospora_sp._BC1	2108470	S	546	1335	1881	0.00034
Plantactinospora_sp._BB1	2071627	S	468	1132	1600	0.00029
Catellatospora_sp._IY07-71	2728827	S	2507	419	2926	0.00053
Couchioplanes_caeruleus	56438	S	2416	471	2887	0.00052
Dactylosporangium_vinaceum	53362	S	2370	200	2570	0.00046
Actinocatenispora_thailandica	227318	S	1056	250	1306	0.00024
Actinocatenispora_sera	390989	S	975	243	1218	0.00022
Polymorphospora_rubra	338584	S	1591	268	1859	0.00034
Natronosporangium_hydrolyticum	2811111	S	862	43	905	0.00016
Verrucosispora_sp._NA02020	2742132	S	709	426	1135	0.00020
Salinispora_tropica	168695	S	530	66	596	0.00011
Amycolatopsis_sp._WQ_127309	2932773	S	1278	297	1575	0.00028
Amycolatopsis_sp._DSM_110486	2865832	S	1277	212	1489	0.00027
Amycolatopsis_sp._YIM_10	2653857	S	1210	296	1506	0.00027
Amycolatopsis_sp._FDAARGOS_1241	2778070	S	1183	213	1396	0.00025
Amycolatopsis_sp._Hca4	2742131	S	1129	353	1482	0.00027
Amycolatopsis_sp._CA-230715	2745196	S	1063	130	1193	0.00022
Amycolatopsis_sp._FU40	2914159	S	745	297	1042	0.00019
Amycolatopsis_sp._AA4	1896961	S	643	298	941	0.00017
Amycolatopsis_sp._BJA-103	1911175	S	573	204	777	0.00014
Amycolatopsis_sp._TNS106	2861750	S	474	255	729	0.00013
Amycolatopsis_sp._EV170708-02-1	2919322	S	363	334	697	0.00013
Amycolatopsis_acidiphila	715473	S	1249	213	1462	0.00026
Amycolatopsis_mediterranei	33910	S	1086	1415	2501	0.00045
Amycolatopsis_pretoriensis	218821	S	1085	293	1378	0.00025
Amycolatopsis_thermalba	944492	S	1044	362	1406	0.00025
Amycolatopsis_keratiniphila	129921	S	549	432	981	0.00018
Amycolatopsis_japonica	208439	S	295	267	562	0.00010
Amycolatopsis_albispora	1804986	S	950	456	1406	0.00025
Amycolatopsis_aidingensis	2842453	S	930	88	1018	0.00018
Amycolatopsis_methanolica	1814	S	924	306	1230	0.00022
Amycolatopsis_orientalis	31958	S	595	177	772	0.00014
Saccharomonospora_cyanea	40989	S	9233	2267	11500	0.00207
Saccharomonospora_viridis	1852	S	3043	329	3372	0.00061
Saccharomonospora_azurea	40988	S	2589	503	3092	0.00056
Saccharomonospora_glauca	40990	S	1673	378	2051	0.00037
Saccharomonospora_xinjiangensis	75294	S	1069	127	1196	0.00022
Saccharomonospora_marina	632569	S	866	166	1032	0.00019
Pseudonocardia_sp._DSM_110487	2865833	S	5094	563	5657	0.00102
Pseudonocardia_sp._CGMCC_4.1532	2761535	S	1402	705	2107	0.00038
Pseudonocardia_sp._HH130630-07	1690815	S	1157	470	1627	0.00029
Pseudonocardia_sp._AL041005-10	445576	S	919	391	1310	0.00024
Pseudonocardia_sp._HH130629-09	1641402	S	762	492	1254	0.00023
Pseudonocardia_sp._EC080625-04	1096868	S	16	994	1010	0.00018
Pseudonocardia_broussonetiae	2736640	S	1861	510	2371	0.00043
Pseudonocardia_dioxanivorans	240495	S	1750	371	2121	0.00038
Pseudonocardia_autotrophica	2074	S	1288	282	1570	0.00028
Pseudonocardia_abyssalis	2792008	S	1041	469	1510	0.00027
Saccharopolyspora_erythraea	1836	S	3220	905	4125	0.00074
Saccharopolyspora_gregorii	33914	S	1416	229	1645	0.00030
Saccharopolyspora_spinosa	60894	S	531	369	900	0.00016
Saccharopolyspora_pogona	333966	S	348	504	852	0.00015
Saccharopolyspora_sp._ASAGF58	2719023	S	270	434	704	0.00013
Saccharothrix_syringae	103733	S	1581	450	2031	0.00037
Saccharothrix_sp._6-C	2781735	S	1351	381	1732	0.00031
Saccharothrix_espanaensis	103731	S	1166	281	1447	0.00026
Kutzneria_sp._CA-103260	2802641	S	1257	216	1473	0.00027
Kutzneria_albida	43357	S	1107	204	1311	0.00024
Actinoalloteichus_hoggarensis	1470176	S	648	69	717	0.00013
Actinoalloteichus_hymeniacidonis	340345	S	616	45	661	0.00012
Actinoalloteichus_fjordicus	1612552	S	32	401	433	0.00008
Actinoalloteichus_sp._GBA129-24	1612551	S	31	321	352	0.00006
Actinosynnema_pretiosum	42197	S	481	957	1438	0.00026
Actinosynnema_mirum	40567	S	58	497	555	0.00010
Lentzea_guizhouensis	1586287	S	1344	222	1566	0.00028
Kibdelosporangium_phytohabitans	860235	S	1134	108	1242	0.00022
Allosaccharopolyspora_coralli	2665642	S	1058	180	1238	0.00022
Allokutzneria_albata	211114	S	1042	196	1238	0.00022
Alloactinosynnema_sp._L-07	1653480	S	935	163	1098	0.00020
Prauserella_marina	530584	S	670	47	717	0.00013
Blastococcus_sp._PRF04-17	2933797	S	5648	1556	7204	0.00130
Blastococcus_saxobsidens	138336	S	4634	1153	5787	0.00104
Modestobacter_marinus	477641	S	3261	938	4199	0.00076
Modestobacter_sp._L9-4	2851567	S	2062	654	2716	0.00049
Geodermatophilus_obscurus	1861	S	4892	1326	6218	0.00112
Actinomyces_sp._oral_taxon_414	712122	S	267	46	313	0.00006
Actinomyces_sp._MAS-1	2755559	S	200	31	231	0.00004
Actinomyces_sp._Z16	2079536	S	162	51	213	0.00004
Actinomyces_sp._Chiba101	1851395	S	148	62	210	0.00004
Actinomyces_sp._432	2057798	S	131	25	156	0.00003
Actinomyces_sp._oral_taxon_171	706438	S	83	58	141	0.00003
Actinomyces_sp._oral_taxon_169	712116	S	45	75	120	0.00002
Actinomyces_sp._HMT897	2789424	S	33	87	120	0.00002
Actinomyces_sp._oral_taxon_897	2081702	S	30	80	110	0.00002
Actinomyces_sp._HMT_175	2789425	S	26	100	126	0.00002
Actinomyces_radicidentis	111015	S	365	119	484	0.00009
Actinomyces_howellii	52771	S	284	35	319	0.00006
Actinomyces_respiraculi	2744574	S	215	45	260	0.00005
Actinomyces_procaprae	2560010	S	200	67	267	0.00005
Actinomyces_slackii	52774	S	183	24	207	0.00004
Actinomyces_faecalis	2722820	S	167	19	186	0.00003
Actinomyces_weissii	675090	S	148	23	171	0.00003
Actinomyces_qiguomingii	2057800	S	139	16	155	0.00003
Actinomyces_viscosus	1656	S	124	47	171	0.00003
Actinomyces_oris	544580	S	108	278	386	0.00007
Actinomyces_gaoshouyii	1960083	S	106	49	155	0.00003
Actinomyces_marmotae	2737173	S	105	52	157	0.00003
Actinomyces_lilanjuaniae	2321394	S	98	22	120	0.00002
Actinomyces_wuliandei	2057743	S	90	22	112	0.00002
Actinomyces_naeslundii	1655	S	87	43	130	0.00002
Actinomyces_trachealis	2763540	S	71	11	82	0.00001
Actinomyces_pacaensis	1852377	S	27	3	30	0.00001
Schaalia_sp._19OD2882	2794089	S	125	14	139	0.00003
Schaalia_sp._JY-X169	2758572	S	74	2	76	0.00001
Schaalia_sp._ZJ405	2709403	S	49	3	52	0.00001
Schaalia_odontolytica	1660	S	196	39	235	0.00004
Schaalia_meyeri	52773	S	102	16	118	0.00002
Schaalia_cardiffensis	181487	S	59	7	66	0.00001
Schaalia_turicensis	131111	S	36	22	58	0.00001
Flaviflexus_salsibiostraticola	1282737	S	233	49	282	0.00005
Flaviflexus_sp._dk850	2758573	S	179	42	221	0.00004
Flaviflexus_ciconiae	2496867	S	100	10	110	0.00002
Trueperella_pecoris	2733571	S	122	28	150	0.00003
Trueperella_pyogenes	1661	S	108	44	152	0.00003
Trueperella_bialowiezensis	312285	S	51	2	53	0.00001
Pauljensenia_hongkongensis	178339	S	152	48	200	0.00004
Nanchangia_anserum	2692125	S	133	10	143	0.00003
Actinotignum_schaalii	59505	S	56	2	58	0.00001
Actinobaculum_sp._313	2495645	S	55	2	57	0.00001
Changpingibacter_yushuensis	2758440	S	55	12	67	0.00001
Arcanobacterium_haemolyticum	28264	S	14	6	20	0.00000
Arcanobacterium_phocae	131112	S	10	11	21	0.00000
Mobiluncus_curtisii	2051	S	37	7	44	0.00001
Boudabousia_tangfeifanii	1912795	S	18	1	19	0.00000
Varibaculum_sp._EMRHCC_39	2811781	S	14	3	17	0.00000
Fannyhessea_vaginae	82135	S	10	1	11	0.00000
Frankia_inefficax	298654	S	1645	145	1790	0.00032
Frankia_sp._QA3	710111	S	646	256	902	0.00016
Frankia_sp._ArI3	1858	S	493	313	806	0.00015
Candidatus_Frankia_datiscae	2716812	S	629	57	686	0.00012
Frankia_alni	1859	S	523	350	873	0.00016
Frankia_casuarinae	106370	S	490	41	531	0.00010
Jiangella_sp._DSM_45060	1798224	S	1953	498	2451	0.00044
Jiangella_alkaliphila	419479	S	1623	397	2020	0.00036
Bifidobacterium_pseudolongum	1694	S	208	56	264	0.00005
Bifidobacterium_choerinum	35760	S	190	52	242	0.00004
Bifidobacterium_scardovii	158787	S	181	12	193	0.00003
Bifidobacterium_longum	216816	S	176	204	380	0.00007
Bifidobacterium_pullorum	78448	S	121	30	151	0.00003
Bifidobacterium_bifidum	1681	S	107	31	138	0.00002
Bifidobacterium_subtile	77635	S	106	10	116	0.00002
Bifidobacterium_animalis	28025	S	85	32	117	0.00002
Bifidobacterium_adolescentis	1680	S	84	13	97	0.00002
Bifidobacterium_asteroides	1684	S	80	1	81	0.00001
Bifidobacterium_breve	1685	S	77	162	239	0.00004
Bifidobacterium_dentium	1689	S	64	3	67	0.00001
Bifidobacterium_lemurum	1603886	S	64	13	77	0.00001
Bifidobacterium_eulemuris	1765219	S	62	13	75	0.00001
Bifidobacterium_actinocoloniiforme	638619	S	53	1	54	0.00001
Bifidobacterium_thermophilum	33905	S	51	6	57	0.00001
Bifidobacterium_catenulatum	1686	S	48	57	105	0.00002
Bifidobacterium_angulatum	1683	S	45	9	54	0.00001
Bifidobacterium_pseudocatenulatum	28026	S	29	20	49	0.00001
Bifidobacterium_saguini	762210	S	14	6	20	0.00000
Bifidobacterium_imperatoris	2020965	S	12	6	18	0.00000
Parascardovia_denticolens	78258	S	53	5	58	0.00001
Scardovia_inopinata	78259	S	17	3	20	0.00000
Nakamurella_multipartita	53461	S	793	113	906	0.00016
Nakamurella_panacisegetis	1090615	S	447	47	494	0.00009
Nakamurella_sp._PAMC28650	2762325	S	399	32	431	0.00008
Nakamurella_antarctica	1902245	S	105	5	110	0.00002
Catenulispora_acidiphila	304895	S	1206	132	1338	0.00024
Actinopolyspora_erythraea	414996	S	1190	90	1280	0.00023
Stackebrandtia_nassauensis	283811	S	898	62	960	0.00017
Natronoglycomyces_albus	2811108	S	165	4	169	0.00003
Jatrophihabitans_sp._GAS493	1907575	S	451	30	481	0.00009
Jatrophihabitans_telluris	2038343	S	400	25	425	0.00008
Kineococcus_radiotolerans	131568	S	816	169	985	0.00018
Epidermidibacterium_keratini	1891644	S	447	170	617	0.00011
Acidothermus_cellulolyticus	28049	S	255	8	263	0.00005
Candidatus_Planktophila_lacus	1884913	S	16	8	24	0.00000
Candidatus_Planktophila_versatilis	1884905	S	10	8	18	0.00000
Aquihabitans_sp._G128	2849779	S	5001	744	5745	0.00104
Aquihabitans_sp._Kera_3	2884263	S	4511	524	5035	0.00091
Iamia_sp._SCSIO_61187	2722752	S	8416	963	9379	0.00169
Actinomarinicola_tropica	2789776	S	6622	926	7548	0.00136
Ilumatobacter_coccineus	467094	S	1420	57	1477	0.00027
Acidimicrobium_ferrooxidans	53635	S	304	15	319	0.00006
Conexibacter_woesei	191495	S	6778	813	7591	0.00137
Conexibacter_sp._SYSU_D00693	2812560	S	4373	729	5102	0.00092
Conexibacter_sp._DBS9H8	2937801	S	1029	72	1101	0.00020
Conexibacter_sp._S30A1	2937800	S	977	74	1051	0.00019
Miltoncostaea_marina	2843215	S	2254	356	2610	0.00047
Miltoncostaea_oceani	2843216	S	1505	142	1647	0.00030
Baekduia_soli	496014	S	3294	372	3666	0.00066
Rubrobacter_xylanophilus	49319	S	1176	99	1275	0.00023
Rubrobacter_marinus	2653852	S	769	55	824	0.00015
Rubrobacter_tropicus	2653851	S	575	33	608	0.00011
Rubrobacter_radiotolerans	42256	S	362	40	402	0.00007
Rubrobacter_indicoceani	2051957	S	199	13	212	0.00004
Eggerthella_guodeyinii	2690837	S	197	70	267	0.00005
Eggerthella_lenta	84112	S	161	76	237	0.00004
Eggerthella_sp._YY7918	502558	S	34	11	45	0.00001
Gordonibacter_pamelaeae	471189	S	116	110	226	0.00004
Gordonibacter_urolithinfaciens	1335613	S	104	68	172	0.00003
Arabiibacter_massiliensis	1870985	S	217	37	254	0.00005
Adlercreutzia_equolifaciens	446660	S	87	53	140	0.00003
Adlercreutzia_hattorii	2707299	S	41	50	91	0.00002
Raoultibacter_timonensis	1907662	S	104	6	110	0.00002
Berryella_intestinalis	1531429	S	102	79	181	0.00003
Slackia_heliotrinireducens	84110	S	91	1	92	0.00002
Denitrobacterium_detoxificans	79604	S	40	11	51	0.00001
Olsenella_timonensis	1805478	S	215	46	261	0.00005
Olsenella_uli	133926	S	88	7	95	0.00002
Olsenella_sp._oral_taxon_807	712411	S	80	3	83	0.00002
Parolsenella_massiliensis	1871022	S	108	45	153	0.00003
Parolsenella_catena	2003188	S	71	32	103	0.00002
Thermophilibacter_immobilis	2779519	S	143	37	180	0.00003
Parafannyhessea_umbonata	604330	S	129	52	181	0.00003
Atopobium_sp._oral_taxon_416	712157	S	22	1	23	0.00000
Collinsella_aerofaciens	74426	S	197	84	281	0.00005
Collinsella_stercoris	147206	S	99	17	116	0.00002
Coriobacterium_glomerans	33871	S	63	2	65	0.00001
Euzebya_pacifica	1608957	S	921	55	976	0.00018
Egicoccus_halophilus	1670830	S	906	98	1004	0.00018
Egibacter_rhizosphaerae	1670831	S	776	32	808	0.00015
Priestia_megaterium	1404	S	19188	18774	37962	0.00685
Priestia_filamentosa	1402861	S	12540	1012	13552	0.00244
Priestia_flexa	86664	S	469	93	562	0.00010
Priestia_koreensis	284581	S	322	67	389	0.00007
Priestia_aryabhattai	412384	S	113	583	696	0.00013
Priestia_sp._J2	2886505	S	21	191	212	0.00004
Bacillus_sp._Y1	352858	S	1291	293	1584	0.00029
Bacillus_sp._S3	486398	S	805	141	946	0.00017
Bacillus_sp._FJAT-22090	1581038	S	739	143	882	0.00016
Bacillus_sp._1NLA3E	666686	S	600	128	728	0.00013
Bacillus_sp._FJAT-18017	1705566	S	355	57	412	0.00007
Bacillus_sp._KH172YL63	2709784	S	334	70	404	0.00007
Bacillus_sp._PAMC26568	2760090	S	292	19	311	0.00006
Bacillus_sp._JY-23	2933872	S	285	64	349	0.00006
Bacillus_sp._THAF10	2587848	S	242	48	290	0.00005
Bacillus_sp._OxB-1	98228	S	213	36	249	0.00005
Bacillus_sp._FJAT-42376	2014076	S	196	43	239	0.00004
Bacillus_sp._SB49	1071080	S	169	18	187	0.00003
Bacillus_sp._NSP9.1	1071078	S	128	6	134	0.00002
Bacillus_sp._N1-1	2682541	S	121	102	223	0.00004
Bacillus_sp._M4U3P1	2592382	S	110	9	119	0.00002
Bacillus_sp._Cs-700	2589818	S	82	73	155	0.00003
Bacillus_sp._NP247	2846779	S	31	27	58	0.00001
Bacillus_sp._N3536	2666127	S	26	44	70	0.00001
Bacillus_sp._WP8	756828	S	18	16	34	0.00001
Bacillus_sp._MBGLi79	2070759	S	16	121	137	0.00002
Bacillus_sp._N5-665	2925318	S	14	18	32	0.00001
Bacillus_sp._BD59S	2499213	S	12	14	26	0.00000
Bacillus_sp._PDNC022	2812759	S	11	29	40	0.00001
Bacillus_sp._SYJ	2529386	S	10	23	33	0.00001
Bacillus_subtilis	1423	S	1544	17997	19541	0.00352
Bacillus_paralicheniformis	1648923	S	1055	422	1477	0.00027
Bacillus_velezensis	492670	S	267	3595	3862	0.00070
Bacillus_siamensis	659243	S	252	478	730	0.00013
Bacillus_amyloliquefaciens	1390	S	116	2262	2378	0.00043
Bacillus_mojavensis	72360	S	60	44	104	0.00002
Bacillus_halotolerans	260554	S	36	60	96	0.00002
Bacillus_vallismortis	72361	S	104	73	177	0.00003
Bacillus_atrophaeus	1452	S	71	76	147	0.00003
Bacillus_tequilensis	227866	S	71	36	107	0.00002
Bacillus_licheniformis	1402	S	63	436	499	0.00009
Bacillus_spizizenii	96241	S	23	53	76	0.00001
Bacillus_inaquosorum	483913	S	15	96	111	0.00002
Bacillus_cereus	1396	S	620	6393	7013	0.00126
Bacillus_pseudomycoides	64104	S	400	107	507	0.00009
Bacillus_mycoides	1405	S	326	333	659	0.00012
Bacillus_cytotoxicus	580165	S	319	118	437	0.00008
Bacillus_thuringiensis	1428	S	270	2996	3266	0.00059
Bacillus_wiedmannii	1890302	S	91	92	183	0.00003
Bacillus_luti	2026191	S	52	31	83	0.00002
Bacillus_nitratireducens	2026193	S	29	34	63	0.00001
Bacillus_toyonensis	155322	S	23	150	173	0.00003
Bacillus_paranthracis	2026186	S	19	280	299	0.00005
Bacillus_anthracis	1392	S	15	383	398	0.00007
Bacillus_dafuensis	1742359	S	702	155	857	0.00015
Bacillus_weihaiensis	1547283	S	466	96	562	0.00010
Bacillus_aquiflavi	2672567	S	403	67	470	0.00008
Bacillus_safensis	561879	S	395	373	768	0.00014
Bacillus_infantis	324767	S	383	64	447	0.00008
Bacillus_methanolicus	1471	S	347	94	441	0.00008
Bacillus_pumilus	1408	S	342	194	536	0.00010
[Brevibacterium]_frigoritolerans	450367	S	330	89	419	0.00008
Bacillus_badius	1455	S	307	82	389	0.00007
Bacillus_fonticola	2728853	S	265	46	311	0.00006
Bacillus_glycinifermentans	1664069	S	265	49	314	0.00006
Bacillus_gobiensis	1441095	S	222	38	260	0.00005
Bacillus_shivajii	1983719	S	217	21	238	0.00004
Bacillus_altitudinis	293387	S	181	442	623	0.00011
Bacillus_smithii	1479	S	180	84	264	0.00005
Bacillus_rugosus	2715209	S	118	69	187	0.00003
Bacillus_cabrialesii	2487276	S	43	23	66	0.00001
Metabacillus_sediminilitoris	2567941	S	4559	1048	5607	0.00101
Metabacillus_sp._KUDC1714	2745198	S	2948	636	3584	0.00065
Metabacillus_sp._B2-18	2897333	S	425	495	920	0.00017
Metabacillus_sp._cB07	2806989	S	182	40	222	0.00004
Metabacillus_litoralis	152268	S	739	513	1252	0.00023
Metabacillus_endolithicus	1535204	S	345	324	669	0.00012
Metabacillus_dongyingensis	2874282	S	302	65	367	0.00007
Cytobacillus_oceanisediminis	665099	S	3503	1216	4719	0.00085
Cytobacillus_firmus	1399	S	2854	845	3699	0.00067
Cytobacillus_ciccensis	1670641	S	1461	332	1793	0.00032
Cytobacillus_kochii	859143	S	722	134	856	0.00015
Cytobacillus_gottheilii	859144	S	534	105	639	0.00012
Cytobacillus_sp._CY-G	2901381	S	422	89	511	0.00009
Lysinibacillus_sp._SGAir0095	2070463	S	1192	327	1519	0.00027
Lysinibacillus_sp._PLM2	2929796	S	717	200	917	0.00017
Lysinibacillus_sp._2017	2169540	S	235	80	315	0.00006
Lysinibacillus_sp._CD3-6	2892541	S	198	54	252	0.00005
Lysinibacillus_sp._Ag94	2936682	S	156	13	169	0.00003
Lysinibacillus_sp._YS11	2072025	S	87	187	274	0.00005
Lysinibacillus_sp._ACHW1.5	2913506	S	86	161	247	0.00004
Lysinibacillus_sp._GJ-1	2896845	S	15	151	166	0.00003
Lysinibacillus_timonensis	2086577	S	1802	622	2424	0.00044
Lysinibacillus_fusiformis	28031	S	296	231	527	0.00010
Lysinibacillus_parviboronicapiens	436516	S	202	50	252	0.00005
Lysinibacillus_sphaericus	1421	S	191	169	360	0.00006
Lysinibacillus_agricola	2590012	S	177	39	216	0.00004
Lysinibacillus_capsici	2115968	S	49	68	117	0.00002
Lysinibacillus_varians	1145276	S	10	72	82	0.00001
Halobacillus_sp._SSTM10-2	2932258	S	1868	389	2257	0.00041
Halobacillus_sp._SSHM10-5	2932259	S	1529	367	1896	0.00034
Halobacillus_sp._SSBR10-3	2932257	S	307	31	338	0.00006
Halobacillus_mangrovi	402384	S	326	42	368	0.00007
Halobacillus_halophilus	1570	S	290	35	325	0.00006
Halobacillus_litoralis	45668	S	254	37	291	0.00005
Virgibacillus_sp._NKC19-16	2831673	S	846	46	892	0.00016
Virgibacillus_sp._Bac332	2419842	S	514	39	553	0.00010
Virgibacillus_sp._SK37	403957	S	270	53	323	0.00006
Virgibacillus_sp._MSP4-1	2700081	S	243	31	274	0.00005
Virgibacillus_sp._Bac330	2419841	S	128	22	150	0.00003
Virgibacillus_sp._6R	1911587	S	112	356	468	0.00008
Virgibacillus_halodenitrificans	1482	S	702	130	832	0.00015
Virgibacillus_necropolis	163877	S	552	45	597	0.00011
Virgibacillus_phasianinus	2017483	S	544	43	587	0.00011
Virgibacillus_pantothenticus	1473	S	179	536	715	0.00013
Virgibacillus_dokdonensis	302167	S	137	23	160	0.00003
Mesobacillus_sp._S13	2880221	S	1255	375	1630	0.00029
Mesobacillus_jeotgali	129985	S	948	261	1209	0.00022
Mesobacillus_foraminis	279826	S	699	110	809	0.00015
Niallia_circulans	1397	S	1510	267	1777	0.00032
Niallia_sp._Man26	2912824	S	411	59	470	0.00008
Peribacillus_asahii	228899	S	817	258	1075	0.00019
Peribacillus_simplex	1478	S	289	140	429	0.00008
Peribacillus_psychrosaccharolyticus	1407	S	255	56	311	0.00006
Peribacillus_butanolivorans	421767	S	236	63	299	0.00005
Peribacillus_muralis	264697	S	108	17	125	0.00002
Alkalihalobacillus_clausii	79880	S	998	129	1127	0.00020
Alkalihalobacillus_krulwichiae	199441	S	297	57	354	0.00006
Alkalihalobacillus_sp._LMS39	2924032	S	237	32	269	0.00005
Alkalihalobacillus_lehensis	300825	S	72	31	103	0.00002
Alkalihalobacillus_miscanthi	2598861	S	62	27	89	0.00002
Heyndrickxia_oleronia	38875	S	1252	314	1566	0.00028
Heyndrickxia_vini	1476025	S	441	79	520	0.00009
Gracilibacillus_sp._SSPM10-3	2932255	S	391	147	538	0.00010
Gracilibacillus_sp._SSWR10-1	2932256	S	249	94	343	0.00006
Gracilibacillus_salitolerans	2663022	S	770	111	881	0.00016
Oceanobacillus_zhaokaii	2052660	S	494	61	555	0.00010
Oceanobacillus_kimchii	746691	S	473	102	575	0.00010
Oceanobacillus_iheyensis	182710	S	364	108	472	0.00009
Terribacillus_goriensis	386490	S	858	116	974	0.00018
Terribacillus_aidingensis	586416	S	521	73	594	0.00011
Neobacillus_drentensis	220684	S	693	192	885	0.00016
Neobacillus_mesonae	1193713	S	567	123	690	0.00012
Lentibacillus_amyloliquefaciens	1472767	S	662	80	742	0.00013
Lentibacillus_sp._CBA3610	2518176	S	539	48	587	0.00011
Anoxybacillus_sediminis	2613334	S	191	33	224	0.00004
Anoxybacillus_flavithermus	33934	S	179	210	389	0.00007
Anoxybacillus_caldiproteolyticus	247480	S	173	30	203	0.00004
Anoxybacillus_sp._PDR2	1636720	S	31	151	182	0.00003
Anoxybacillus_amylolyticus	294699	S	122	25	147	0.00003
Sutcliffiella_cohnii	33932	S	464	121	585	0.00011
Sutcliffiella_horikoshii	79883	S	353	60	413	0.00007
Geobacillus_subterraneus	129338	S	134	88	222	0.00004
Geobacillus_genomosp._3	1921421	S	98	26	124	0.00002
Geobacillus_stearothermophilus	1422	S	78	113	191	0.00003
Geobacillus_sp._46C-IIa	1963025	S	35	25	60	0.00001
Geobacillus_thermocatenulatus	33938	S	29	31	60	0.00001
Geobacillus_kaustophilus	1462	S	10	102	112	0.00002
Geobacillus_thermodenitrificans	33940	S	16	109	125	0.00002
Rossellomorea_vietnamensis	218284	S	354	91	445	0.00008
Rossellomorea_marisflavi	189381	S	260	65	325	0.00006
Radiobacillus_sp._80	2844358	S	300	46	346	0.00006
Radiobacillus_deserti	2594883	S	242	37	279	0.00005
Psychrobacillus_sp._INOP01	2829187	S	277	60	337	0.00006
Psychrobacillus_sp._AK_1817	2303505	S	54	87	141	0.00003
Psychrobacillus_glaciei	2283160	S	218	51	269	0.00005
Salicibibacter_cibarius	2743000	S	185	38	223	0.00004
Salicibibacter_cibi	2743001	S	121	14	135	0.00002
Salicibibacter_kimchii	2099786	S	91	6	97	0.00002
Salicibibacter_halophilus	2502791	S	90	20	110	0.00002
Parageobacillus_toebii	153151	S	102	53	155	0.00003
Parageobacillus_thermoglucosidasius	1426	S	92	46	138	0.00002
Parageobacillus_genomosp._1	1295642	S	91	30	121	0.00002
Parageobacillus_caldoxylosilyticus	81408	S	90	32	122	0.00002
Parageobacillus_sp._KH3-4	2916802	S	66	24	90	0.00002
Pontibacillus_sp._HMF3514	2692425	S	208	21	229	0.00004
Pontibacillus_sp._ALD_SL1	2777185	S	175	15	190	0.00003
Lederbergia_lenta	1467	S	377	57	434	0.00008
Amphibacillus_xylanus	1449	S	336	41	377	0.00007
Fictibacillus_arsenicus	255247	S	154	28	182	0.00003
Fictibacillus_phosphorivorans	1221500	S	143	25	168	0.00003
Gottfriedia_acidiceleris	371036	S	320	56	376	0.00007
Hydrogenibacillus_sp._N12	2866627	S	316	31	347	0.00006
Paraliobacillus_zengyii	2213194	S	276	29	305	0.00006
Anaerobacillus_isosaccharinicus	1532552	S	269	39	308	0.00006
Caldibacillus_thermoamylovorans	35841	S	236	62	298	0.00005
Sediminibacillus_sp._DP4-553-S	2729421	S	236	25	261	0.00005
Pradoshia_sp._D12	2651284	S	232	41	273	0.00005
Weizmannia_coagulans	1398	S	231	64	295	0.00005
Mangrovibacillus_cuniculi	2593652	S	222	71	293	0.00005
Alkalihalophilus_pseudofirmus	79885	S	197	23	220	0.00004
Evansella_cellulosilytica	1413	S	196	18	214	0.00004
Halalkalibacterium_halodurans	86665	S	187	73	260	0.00005
Aeribacillus_pallidus	33936	S	142	62	204	0.00004
Salimicrobium_jeotgali	1230341	S	140	14	154	0.00003
Salisediminibacterium_beveridgei	632773	S	81	11	92	0.00002
Salisediminibacterium_selenitireducens	85683	S	47	6	53	0.00001
Caldalkalibacillus_thermarum	296745	S	44	5	49	0.00001
Paenibacillus_sp._JZ16	1906272	S	1152	174	1326	0.00024
Paenibacillus_sp._H1-7	2282849	S	871	51	922	0.00017
Paenibacillus_sp._CAA11	1532905	S	567	69	636	0.00011
Paenibacillus_sp._Y412MC10	481743	S	511	592	1103	0.00020
Paenibacillus_sp._B01	2660554	S	507	99	606	0.00011
Paenibacillus_sp._JNUCC-32	2777984	S	451	554	1005	0.00018
Paenibacillus_sp._RUD330	2023772	S	437	28	465	0.00008
Paenibacillus_sp._32O-W	1695218	S	429	28	457	0.00008
Paenibacillus_sp._PAMC21692	2762320	S	415	208	623	0.00011
Paenibacillus_sp._HWE-109	1306526	S	400	21	421	0.00008
Paenibacillus_sp._YPD9-1	2908839	S	389	30	419	0.00008
Paenibacillus_sp._sptzw28	715179	S	317	17	334	0.00006
Paenibacillus_sp._PK3_47	2072642	S	282	24	306	0.00006
Paenibacillus_sp._R14(2021)	2859228	S	280	24	304	0.00005
Paenibacillus_sp._BIHB4019	1870819	S	274	13	287	0.00005
Paenibacillus_sp._JNUCC-31	2777983	S	149	25	174	0.00003
Paenibacillus_sp._URB8-2	2741301	S	136	19	155	0.00003
Paenibacillus_sp._FSL_H7-0357	1536774	S	135	11	146	0.00003
Paenibacillus_sp._YPG26	2878915	S	130	16	146	0.00003
Paenibacillus_sp._FSL_R7-0273	1536772	S	127	12	139	0.00003
Paenibacillus_sp._E222	2748863	S	113	23	136	0.00002
Paenibacillus_sp._19GGS1-52	2758563	S	112	6	118	0.00002
Paenibacillus_sp._481	2835869	S	104	6	110	0.00002
Paenibacillus_sp._FSL_R7-0331	1536773	S	103	10	113	0.00002
Paenibacillus_sp._DCT19	2211212	S	91	9	100	0.00002
Paenibacillus_sp._IHBB_10380	1566358	S	70	8	78	0.00001
Paenibacillus_sp._FSL_P4-0081	1536769	S	64	21	85	0.00002
Paenibacillus_sp._FSL_R5-0912	1536771	S	62	18	80	0.00001
Paenibacillus_sp._FSL_R5-0345	1536770	S	60	10	70	0.00001
Paenibacillus_sp._FSL_H7-0737	1536775	S	51	9	60	0.00001
Paenibacillus_sp._N3/727	2925845	S	50	36	86	0.00002
Paenibacillus_sp._Cedars	1980674	S	45	154	199	0.00004
Paenibacillus_sp._IHB_B_3084	867076	S	37	12	49	0.00001
Paenibacillus_sp._M-152	2487928	S	18	163	181	0.00003
Paenibacillus_sp._37	2607911	S	16	118	134	0.00002
Paenibacillus_ihbetae	1870820	S	1050	91	1141	0.00021
Paenibacillus_mucilaginosus	61624	S	969	53	1022	0.00018
Paenibacillus_xylanilyticus	248903	S	835	107	942	0.00017
Paenibacillus_cellulosilyticus	375489	S	815	64	879	0.00016
Paenibacillus_lycopersici	2704462	S	521	39	560	0.00010
Paenibacillus_lautus	1401	S	498	365	863	0.00016
Paenibacillus_agaridevorans	171404	S	486	351	837	0.00015
Paenibacillus_albicereus	2726185	S	413	72	485	0.00009
Paenibacillus_konkukensis	2020716	S	400	28	428	0.00008
Paenibacillus_rhizovicinus	2704463	S	364	29	393	0.00007
Paenibacillus_beijingensis	1126833	S	363	25	388	0.00007
Paenibacillus_macerans	44252	S	351	19	370	0.00007
Paenibacillus_polymyxa	1406	S	311	652	963	0.00017
Paenibacillus_protaetiae	2509456	S	286	25	311	0.00006
Paenibacillus_cellulositrophicus	562959	S	276	16	292	0.00005
Paenibacillus_chitinolyticus	79263	S	246	19	265	0.00005
Paenibacillus_albus	2495582	S	231	18	249	0.00005
Paenibacillus_stellifer	169760	S	222	24	246	0.00004
Paenibacillus_naphthalenovorans	162209	S	219	20	239	0.00004
Paenibacillus_durus	44251	S	197	44	241	0.00004
Paenibacillus_lutimineralis	2707005	S	195	17	212	0.00004
Paenibacillus_dendritiformis	130049	S	192	20	212	0.00004
Paenibacillus_thiaminolyticus	49283	S	175	19	194	0.00003
Paenibacillus_azoreducens	116718	S	174	13	187	0.00003
Paenibacillus_baekrokdamisoli	1712516	S	170	11	181	0.00003
Paenibacillus_lentus	1338368	S	161	10	171	0.00003
Paenibacillus_guangzhouensis	1473112	S	154	9	163	0.00003
Paenibacillus_swuensis	1178515	S	149	13	162	0.00003
Paenibacillus_donghaensis	414771	S	147	9	156	0.00003
Paenibacillus_riograndensis	483937	S	59	39	98	0.00002
Paenibacillus_sonchi	373687	S	42	45	87	0.00002
Paenibacillus_sabinae	365617	S	135	20	155	0.00003
Paenibacillus_yonginensis	1462996	S	133	38	171	0.00003
Paenibacillus_physcomitrellae	1619311	S	127	26	153	0.00003
Paenibacillus_alvei	44250	S	125	10	135	0.00002
Paenibacillus_pabuli	1472	S	117	25	142	0.00003
Paenibacillus_tianjinensis	2810347	S	116	12	128	0.00002
Paenibacillus_psychroresistens	1778678	S	115	4	119	0.00002
Paenibacillus_tritici	1873425	S	114	10	124	0.00002
Paenibacillus_algicola	2565926	S	111	11	122	0.00002
Paenibacillus_crassostreae	1763538	S	109	11	120	0.00002
Paenibacillus_barcinonensis	198119	S	104	10	114	0.00002
Paenibacillus_bovis	1616788	S	97	8	105	0.00002
Paenibacillus_odorifer	189426	S	94	10	104	0.00002
Paenibacillus_sophorae	1333845	S	90	19	109	0.00002
Paenibacillus_larvae	1464	S	89	6	95	0.00002
Paenibacillus_kribbensis	172713	S	88	20	108	0.00002
Paenibacillus_antarcticus	253703	S	86	8	94	0.00002
Paenibacillus_graminis	189425	S	82	25	107	0.00002
Paenibacillus_borealis	160799	S	73	15	88	0.00002
Paenibacillus_jilunlii	682956	S	66	27	93	0.00002
Paenibacillus_uliginis	683737	S	64	41	105	0.00002
Paenibacillus_terrae	159743	S	62	18	80	0.00001
Paenibacillus_xylanexedens	528191	S	62	26	88	0.00002
Paenibacillus_brasilensis	128574	S	57	16	73	0.00001
Paenibacillus_glucanolyticus	59843	S	44	159	203	0.00004
Paenibacillus_peoriae	59893	S	34	117	151	0.00003
Brevibacillus_choshinensis	54911	S	917	140	1057	0.00019
Brevibacillus_brevis	1393	S	287	145	432	0.00008
Brevibacillus_composti	2796470	S	212	37	249	0.00004
Brevibacillus_agri	51101	S	208	37	245	0.00004
Brevibacillus_sp._MMS20-4M-10-Y	2895522	S	112	10	122	0.00002
Brevibacillus_sp._DP1.3A	2738867	S	27	24	51	0.00001
Brevibacillus_sp._HD3.3A	2738979	S	22	102	124	0.00002
Brevibacillus_laterosporus	1465	S	161	187	348	0.00006
Brevibacillus_marinus	2496837	S	153	16	169	0.00003
Brevibacillus_formosus	54913	S	51	43	94	0.00002
Brevibacillus_parabrevis	54914	S	10	48	58	0.00001
Cohnella_sp._LGH	1619153	S	497	137	634	0.00011
Cohnella_sp._MFER-1	2728023	S	309	41	350	0.00006
Cohnella_cholangitidis	2598458	S	479	80	559	0.00010
Cohnella_candidum	2674991	S	407	37	444	0.00008
Cohnella_abietis	2507935	S	144	14	158	0.00003
Thermobacillus_composti	377615	S	511	49	560	0.00010
Aneurinibacillus_soli	1500254	S	193	167	360	0.00007
Saccharibacillus_brassicae	2583377	S	275	20	295	0.00005
Staphylococcus_arlettae	29378	S	245	109	354	0.00006
Staphylococcus_aureus	1280	S	238	612	850	0.00015
Staphylococcus_nepalensis	214473	S	213	42	255	0.00005
Staphylococcus_sp._11-B-312	2799680	S	76	170	246	0.00004
Staphylococcus_sp._CCM_9025	2892440	S	41	10	51	0.00001
Staphylococcus_sp._17KM0847	2583989	S	34	9	43	0.00001
Staphylococcus_sp._MI_10-1553	1912064	S	20	4	24	0.00000
Staphylococcus_sp._T93	2799681	S	14	5026	5040	0.00091
Staphylococcus_haemolyticus	1283	S	151	112	263	0.00005
Staphylococcus_gallinarum	1293	S	104	5	109	0.00002
Staphylococcus_pseudintermedius	283734	S	59	46	105	0.00002
Staphylococcus_delphini	53344	S	20	8	28	0.00001
Staphylococcus_cohnii	29382	S	75	36	111	0.00002
Staphylococcus_pseudoxylosus	2282419	S	73	21	94	0.00002
Staphylococcus_hominis	1290	S	67	27	94	0.00002
Staphylococcus_xylosus	1288	S	65	17	82	0.00001
Staphylococcus_saprophyticus	29385	S	65	20	85	0.00002
Staphylococcus_epidermidis	1282	S	56	28	84	0.00002
Staphylococcus_kloosii	29384	S	54	16	70	0.00001
Staphylococcus_simiae	308354	S	53	15	68	0.00001
Staphylococcus_simulans	1286	S	49	11	60	0.00001
Staphylococcus_pasteuri	45972	S	39	26	65	0.00001
Staphylococcus_capitis	29388	S	39	24	63	0.00001
Staphylococcus_pettenkoferi	170573	S	35	5	40	0.00001
Staphylococcus_carnosus	1281	S	33	7	40	0.00001
Staphylococcus_succinus	61015	S	32	6	38	0.00001
Staphylococcus_chromogenes	46126	S	29	7	36	0.00001
Staphylococcus_agnetis	985762	S	29	5	34	0.00001
Staphylococcus_muscae	1294	S	29	7	36	0.00001
Staphylococcus_felis	46127	S	28	7	35	0.00001
Staphylococcus_lugdunensis	28035	S	27	6	33	0.00001
Staphylococcus_edaphicus	1955013	S	27	4	31	0.00001
Staphylococcus_warneri	1292	S	27	19	46	0.00001
Staphylococcus_equorum	246432	S	25	20	45	0.00001
Staphylococcus_saccharolyticus	33028	S	24	5	29	0.00001
Staphylococcus_lloydii	2781774	S	23	6	29	0.00001
Staphylococcus_auricularis	29379	S	22	4	26	0.00000
Staphylococcus_debuckii	2044912	S	21	5	26	0.00000
Staphylococcus_caprae	29380	S	21	8	29	0.00001
Staphylococcus_roterodami	2699836	S	20	10	30	0.00001
Staphylococcus_piscifermentans	70258	S	17	3	20	0.00000
Staphylococcus_schleiferi	1295	S	16	14	30	0.00001
Staphylococcus_lutrae	155085	S	13	3	16	0.00000
Staphylococcus_hyicus	1284	S	11	2	13	0.00000
Staphylococcus_condimenti	70255	S	10	2	12	0.00000
Mammaliicoccus_lentus	42858	S	626	277	903	0.00016
Mammaliicoccus_sciuri	1296	S	527	216	743	0.00013
Mammaliicoccus_vitulinus	71237	S	46	13	59	0.00001
Mammaliicoccus_stepanovicii	643214	S	24	5	29	0.00001
Jeotgalicoccus_sp._WY2	2708346	S	122	30	152	0.00003
Jeotgalicoccus_sp._ATCC_8456	946435	S	83	13	96	0.00002
Jeotgalicoccus_saudimassiliensis	1461582	S	146	18	164	0.00003
Salinicoccus_halodurans	407035	S	361	68	429	0.00008
Macrococcus_armenti	2875764	S	56	15	71	0.00001
Macrococcus_bohemicus	1903056	S	49	96	145	0.00003
Macrococcus_canis	1855823	S	41	10	51	0.00001
Macrococcus_brunensis	198483	S	33	6	39	0.00001
Macrococcus_caseolyticus	69966	S	17	18	35	0.00001
Nosocomiicoccus_ampullae	489910	S	129	14	143	0.00003
Abyssicoccus_albus	1817405	S	41	10	51	0.00001
Planococcus_sp._107-1	2908840	S	81	33	114	0.00002
Planococcus_sp._PAMC_21323	1526927	S	52	22	74	0.00001
Planococcus_sp._MB-3u-03	2058136	S	28	23	51	0.00001
Planococcus_lenghuensis	2213202	S	86	12	98	0.00002
Planococcus_maritimus	192421	S	81	29	110	0.00002
Planococcus_glaciei	459472	S	72	17	89	0.00002
Planococcus_halotolerans	2233542	S	65	14	79	0.00001
Planococcus_versutus	1302659	S	59	24	83	0.00002
Planococcus_donghaensis	414778	S	54	27	81	0.00001
Planococcus_rifietoensis	200991	S	51	41	92	0.00002
Planococcus_antarcticus	161360	S	48	12	60	0.00001
Planococcus_plakortidis	1038856	S	48	28	76	0.00001
Planococcus_halocryophilus	1215089	S	46	22	68	0.00001
Planococcus_massiliensis	1499687	S	42	11	53	0.00001
Planococcus_kocurii	1374	S	10	48	58	0.00001
Sporosarcina_sp._Marseille-Q4063	2810514	S	114	14	128	0.00002
Sporosarcina_sp._Te-1	2818390	S	110	18	128	0.00002
Sporosarcina_sp._PTS2304	2283194	S	63	12	75	0.00001
Sporosarcina_sp._resist	2762563	S	42	102	144	0.00003
Sporosarcina_sp._P37	1930546	S	21	62	83	0.00001
Sporosarcina_ureae	1571	S	218	45	263	0.00005
Sporosarcina_ureilytica	298596	S	91	20	111	0.00002
Sporosarcina_pasteurii	1474	S	79	17	96	0.00002
Sporosarcina_psychrophila	1476	S	24	70	94	0.00002
Solibacillus_silvestris	76853	S	694	206	900	0.00016
Solibacillus_sp._R5-41	2048654	S	178	63	241	0.00004
Ureibacillus_thermosphaericus	51173	S	217	236	453	0.00008
Ureibacillus_thermophilus	367743	S	89	46	135	0.00002
Paenisporosarcina_antarctica	417367	S	151	33	184	0.00003
Paenisporosarcina_cavernae	2320858	S	65	26	91	0.00002
Kurthia_sp._11kri321	1750719	S	110	45	155	0.00003
Kurthia_zopfii	1650	S	88	37	125	0.00002
Viridibacillus_sp._JNUCC-6	2779527	S	140	41	181	0.00003
Rummeliibacillus_stabekisii	241244	S	114	45	159	0.00003
Jeotgalibacillus_malaysiensis	1508404	S	94	20	114	0.00002
Tumebacillus_avium	1903704	S	467	185	652	0.00012
Tumebacillus_algifaecis	1214604	S	147	49	196	0.00004
Alicyclobacillus_acidocaldarius	405212	S	339	18	357	0.00006
Alicyclobacillus_acidoterrestris	1450	S	53	5	58	0.00001
Alicyclobacillus_sp._SO9	2665646	S	30	1	31	0.00001
Alicyclobacillus_sp._TC	2606450	S	20	1	21	0.00000
Alicyclobacillus_mengziensis	2931921	S	49	2	51	0.00001
Kyrpidia_tusciae	33943	S	45	33	78	0.00001
Kyrpidia_spormannii	2055160	S	45	23	68	0.00001
Effusibacillus_dendaii	2743772	S	54	5	59	0.00001
Listeria_monocytogenes	1639	S	796	255	1051	0.00019
Listeria_weihenstephanensis	1006155	S	60	7	67	0.00001
Listeria_innocua	1642	S	58	66	124	0.00002
Listeria_ivanovii	1638	S	57	8	65	0.00001
Listeria_seeligeri	1640	S	50	15	65	0.00001
Listeria_welshimeri	1643	S	43	27	70	0.00001
Listeria_sp._PSOL-1	1844999	S	38	5	43	0.00001
Listeria_grayi	1641	S	36	6	42	0.00001
Listeria_marthii	529731	S	19	5	24	0.00000
Brochothrix_thermosphacta	2756	S	34	7	41	0.00001
Kroppenstedtia_eburnea	714067	S	168	17	185	0.00003
Kroppenstedtia_pulmonis	1380685	S	100	8	108	0.00002
Thermoactinomyces_vulgaris	2026	S	251	37	288	0.00005
Novibacillus_thermophilus	1471761	S	176	16	192	0.00003
Staphylospora_marina	2490858	S	91	11	102	0.00002
Polycladomyces_abyssicola	1125966	S	73	5	78	0.00001
Laceyella_sacchari	37482	S	62	10	72	0.00001
Exiguobacterium_sp._N4-1P	2051906	S	40	15	55	0.00001
Exiguobacterium_sp._Helios	2735868	S	25	11	36	0.00001
Exiguobacterium_sp._PFWT01	2829816	S	13	28	41	0.00001
Exiguobacterium_alkaliphilum	1428684	S	62	17	79	0.00001
Exiguobacterium_mexicanum	340146	S	58	17	75	0.00001
Exiguobacterium_sibiricum	332410	S	40	19	59	0.00001
Exiguobacterium_antarcticum	132920	S	34	10	44	0.00001
Exiguobacterium_acetylicum	41170	S	29	66	95	0.00002
Gemella_haemolysans	1379	S	33	10	43	0.00001
Gemella_sanguinis	84135	S	15	6	21	0.00000
Sporolactobacillus_terrae	269673	S	67	5	72	0.00001
Lactobacillus_crispatus	47770	S	125	49	174	0.00003
Lactobacillus_johnsonii	33959	S	93	46	139	0.00003
Lactobacillus_amylovorus	1604	S	61	45	106	0.00002
Lactobacillus_delbrueckii	1584	S	49	40	89	0.00002
Lactobacillus_helveticus	1587	S	47	103	150	0.00003
Lactobacillus_sp._3B(2020)	2695882	S	12	5	17	0.00000
Lactobacillus_kefiranofaciens	267818	S	15	8	23	0.00000
Lactobacillus_jensenii	109790	S	13	2	15	0.00000
Lactobacillus_acidophilus	1579	S	12	2	14	0.00000
Lactobacillus_amylolyticus	83683	S	11	3	14	0.00000
Ligilactobacillus_salivarius	1624	S	188	82	270	0.00005
Ligilactobacillus_agilis	1601	S	23	9	32	0.00001
Ligilactobacillus_ruminis	1623	S	13	2	15	0.00000
Ligilactobacillus_murinus	1622	S	10	4	14	0.00000
Limosilactobacillus_reuteri	1598	S	86	103	189	0.00003
Limosilactobacillus_pontis	35787	S	46	15	61	0.00001
Limosilactobacillus_fermentum	1613	S	37	32	69	0.00001
Limosilactobacillus_vaginalis	1633	S	31	9	40	0.00001
Limosilactobacillus_mucosae	97478	S	19	8	27	0.00000
Limosilactobacillus_panis	47493	S	10	2	12	0.00000
Weissella_confusa	1583	S	64	21	85	0.00002
Weissella_cibaria	137591	S	22	7	29	0.00001
Weissella_paramesenteroides	1249	S	14	6	20	0.00000
Weissella_jogaejeotgali	1631871	S	14	7	21	0.00000
Leuconostoc_gelidum	1244	S	11	1	12	0.00000
Leuconostoc_mesenteroides	1245	S	11	40	51	0.00001
Levilactobacillus_zymae	267363	S	32	7	39	0.00001
Levilactobacillus_brevis	1580	S	21	5	26	0.00000
Levilactobacillus_suantsaii	2292255	S	12	3	15	0.00000
Lacticaseibacillus_casei	1582	S	13	10	23	0.00000
Lacticaseibacillus_manihotivorans	88233	S	12	2	14	0.00000
Lacticaseibacillus_rhamnosus	47715	S	10	1	11	0.00000
Lacticaseibacillus_zeae	57037	S	10	10	20	0.00000
Companilactobacillus_ginsenosidimutans	1007676	S	13	1	14	0.00000
Companilactobacillus_crustorum	392416	S	12	9	21	0.00000
Lactiplantibacillus_plantarum	1590	S	32	14	46	0.00001
Lactiplantibacillus_pentosus	1589	S	18	3	21	0.00000
Lactiplantibacillus_paraplantarum	60520	S	11	2	13	0.00000
Lentilactobacillus_buchneri	1581	S	12	4	16	0.00000
Lentilactobacillus_hilgardii	1588	S	11	2	13	0.00000
Lentilactobacillus_kefiri	33962	S	10	3	13	0.00000
Lentilactobacillus_sp._IM3328	2883998	S	10	2	12	0.00000
Latilactobacillus_sakei	1599	S	19	8	27	0.00000
Latilactobacillus_graminis	60519	S	10	3	13	0.00000
Latilactobacillus_fuchuensis	164393	S	10	0	10	0.00000
Pediococcus_acidilactici	1254	S	17	5	22	0.00000
Liquorilactobacillus_hordei	468911	S	14	6	20	0.00000
Liquorilactobacillus_mali	1618	S	11	4	15	0.00000
Liquorilactobacillus_nagelii	82688	S	11	3	14	0.00000
Schleiferilactobacillus_harbinensis	304207	S	31	2	33	0.00001
Loigolactobacillus_coryniformis	1610	S	15	9	24	0.00000
Paucilactobacillus_oligofermentans	293371	S	10	2	12	0.00000
Paucilactobacillus_hokkaidonensis	1193095	S	10	2	12	0.00000
Secundilactobacillus_paracollinoides	240427	S	15	4	19	0.00000
Periweissella_cryptocerci	2506420	S	16	1	17	0.00000
Furfurilactobacillus_rossiae	231049	S	13	1	14	0.00000
Amylolactobacillus_amylophilus	1603	S	12	7	19	0.00000
Bombilactobacillus_bombi	1303590	S	10	0	10	0.00000
Enterococcus_faecium	1352	S	223	3877	4100	0.00074
Enterococcus_faecalis	1351	S	115	82	197	0.00004
Enterococcus_cecorum	44008	S	114	52	166	0.00003
Enterococcus_hirae	1354	S	28	12	40	0.00001
Enterococcus_avium	33945	S	27	8	35	0.00001
Enterococcus_mundtii	53346	S	24	5	29	0.00001
Enterococcus_thailandicus	417368	S	20	5	25	0.00000
Enterococcus_raffinosus	71452	S	19	6	25	0.00000
Enterococcus_casseliflavus	37734	S	18	13	31	0.00001
Enterococcus_durans	53345	S	16	9	25	0.00000
Enterococcus_saigonensis	1805431	S	16	17	33	0.00001
Enterococcus_rotai	118060	S	15	0	15	0.00000
Enterococcus_gilvus	160453	S	13	3	16	0.00000
Enterococcus_wangshanyuanii	2005703	S	11	0	11	0.00000
Vagococcus_fluvialis	2738	S	33	14	47	0.00001
Vagococcus_lutrae	81947	S	24	24	48	0.00001
Vagococcus_hydrophili	2714947	S	23	4	27	0.00000
Vagococcus_carniphilus	218144	S	20	6	26	0.00000
Vagococcus_penaei	633807	S	20	3	23	0.00000
Vagococcus_coleopterorum	2714946	S	17	3	20	0.00000
Vagococcus_sp._CY52-2	2925838	S	16	7	23	0.00000
Vagococcus_xieshaowenii	2562451	S	15	5	20	0.00000
Vagococcus_teuberi	519472	S	12	5	17	0.00000
Tetragenococcus_halophilus	51669	S	41	11	52	0.00001
Tetragenococcus_osmophilus	526944	S	16	4	20	0.00000
Tetragenococcus_koreensis	290335	S	10	2	12	0.00000
Melissococcus_plutonius	33970	S	21	2	23	0.00000
Streptococcus_equi	1336	S	28	5	33	0.00001
Streptococcus_dysgalactiae	1334	S	17	111	128	0.00002
Streptococcus_suis	1307	S	32	22	54	0.00001
Streptococcus_oralis	1303	S	19	35	54	0.00001
Streptococcus_porcinus	1340	S	19	8	27	0.00000
Streptococcus_pneumoniae	1313	S	16	23	39	0.00001
Streptococcus_equinus	1335	S	15	16	31	0.00001
Streptococcus_sanguinis	1305	S	15	5	20	0.00000
Streptococcus_chenjunshii	2173853	S	13	1	14	0.00000
Streptococcus_thermophilus	1308	S	11	19	30	0.00001
Streptococcus_iniae	1346	S	11	2	13	0.00000
Streptococcus_gordonii	1302	S	10	4	14	0.00000
Streptococcus_parasuis	1501662	S	10	30	40	0.00001
Streptococcus_pluranimalium	82348	S	10	4	14	0.00000
Streptococcus_ferus	1345	S	10	1	11	0.00000
Lactococcus_lactis	1358	S	31	47	78	0.00001
Lactococcus_garvieae	1363	S	15	12	27	0.00000
Lactococcus_cremoris	1359	S	14	9	23	0.00000
Lactococcus_raffinolactis	1366	S	14	5	19	0.00000
Lactococcus_taiwanensis	1151742	S	11	1	12	0.00000
Jeotgalibaca_porci	1868793	S	217	111	328	0.00006
Jeotgalibaca_arthritidis	1868794	S	53	59	112	0.00002
Jeotgalibaca_sp._MA1X17-3	2908211	S	23	3	26	0.00000
Jeotgalibaca_sp._PTS2502	1903686	S	21	21	42	0.00001
Jeotgalibaca_ciconiae	2496265	S	33	10	43	0.00001
Jeotgalibaca_dankookensis	708126	S	13	1	14	0.00000
Carnobacterium_sp._17-4	208596	S	15	22	37	0.00001
Carnobacterium_divergens	2748	S	30	5	35	0.00001
Carnobacterium_maltaromaticum	2751	S	23	5	28	0.00001
Carnobacterium_inhibens	147709	S	16	9	25	0.00000
Carnobacterium_viridans	174587	S	14	9	23	0.00000
Granulicatella_elegans	137732	S	18	28	46	0.00001
Granulicatella_adiacens	46124	S	11	3	14	0.00000
Marinilactibacillus_sp._15R	1911586	S	27	7	34	0.00001
Dolosigranulum_pigrum	29394	S	23	4	27	0.00000
Aerococcus_urinaeequi	51665	S	72	35	107	0.00002
Aerococcus_christensenii	87541	S	17	13	30	0.00001
Aerococcus_sanguinicola	119206	S	16	1	17	0.00000
Aerococcus_viridans	1377	S	15	14	29	0.00001
Aerococcus_urinae	1376	S	11	3	14	0.00000
Suicoccus_acidiformans	2036206	S	15	6	21	0.00000
Abiotrophia_defectiva	46125	S	11	1	12	0.00000
Ignavigranum_ruoffiae	89093	S	11	1	12	0.00000
Clostridium_sp._BNL1100	755731	S	101	9	110	0.00002
Clostridium_sp._M62/1	411486	S	32	33	65	0.00001
Clostridium_sp._C1	1155388	S	22	12	34	0.00001
Clostridium_sp._SY8519	1042156	S	20	3	23	0.00000
Clostridium_sp._JN-9	2507159	S	14	1	15	0.00000
Clostridium_sp._BJN0001	2930219	S	13	1	14	0.00000
Clostridium_sp._DL-VIII	641107	S	12	1	13	0.00000
Clostridium_sp._JN-1	2483110	S	12	1	13	0.00000
Clostridium_sp._MD294	97138	S	11	0	11	0.00000
Clostridium_sp._C5S11	704125	S	10	0	10	0.00000
Clostridium_sp._'deep_sea'	2779445	S	10	0	10	0.00000
Clostridium_perfringens	1502	S	81	12	93	0.00002
Clostridium_botulinum	1491	S	79	38	117	0.00002
Clostridium_butyricum	1492	S	56	5	61	0.00001
Clostridium_beijerinckii	1520	S	40	46	86	0.00002
Clostridium_kluyveri	1534	S	37	48	85	0.00002
Clostridium_cellulovorans	1493	S	28	2	30	0.00001
Clostridium_intestinale	36845	S	27	1	28	0.00001
Clostridium_pasteurianum	1501	S	26	2	28	0.00001
Clostridium_saccharoperbutylacetonicum	36745	S	26	2	28	0.00001
Clostridium_bornimense	1216932	S	24	5	29	0.00001
Clostridium_formicaceticum	1497	S	24	2	26	0.00000
Clostridium_aceticum	84022	S	24	1	25	0.00000
Clostridium_sporogenes	1509	S	21	75	96	0.00002
Clostridium_estertheticum	238834	S	21	2	23	0.00000
Clostridium_saccharobutylicum	169679	S	21	2	23	0.00000
Clostridium_gasigenes	94869	S	20	1	21	0.00000
Clostridium_thermarum	1716543	S	18	6	24	0.00000
Clostridium_manihotivorum	2320868	S	17	1	18	0.00000
Clostridium_isatidis	182773	S	17	4	21	0.00000
Clostridium_acetobutylicum	1488	S	16	0	16	0.00000
Clostridium_novyi	1542	S	16	63	79	0.00001
Clostridium_argentinense	29341	S	16	1	17	0.00000
Clostridium_cochlearium	1494	S	15	2	17	0.00000
Clostridium_tetani	1513	S	15	2	17	0.00000
Clostridium_tyrobutyricum	1519	S	14	0	14	0.00000
Clostridium_taeniosporum	394958	S	13	1	14	0.00000
Clostridium_septicum	1504	S	12	1	13	0.00000
Clostridium_cadaveris	1529	S	11	1	12	0.00000
Clostridium_carboxidivorans	217159	S	10	1	11	0.00000
Alkaliphilus_sp._B6464	2731219	S	94	10	104	0.00002
Alkaliphilus_oremlandii	461876	S	76	8	84	0.00002
Alkaliphilus_metalliredigens	208226	S	18	1	19	0.00000
Crassaminicella_profunda	1286698	S	25	4	29	0.00001
Crassaminicella_thermophila	2599308	S	17	5	22	0.00000
Hungatella_hathewayi	154046	S	36	0	36	0.00001
Geosporobacter_ferrireducens	1424294	S	32	3	35	0.00001
Serpentinicella_alkaliphila	1734049	S	22	2	24	0.00000
Caloramator_sp._E03	2576307	S	17	0	17	0.00000
Paraclostridium_bifermentans	1490	S	17	4	21	0.00000
Sarcina_sp._JB2	2726954	S	13	3	16	0.00000
Faecalibacterium_prausnitzii	853	S	268	206	474	0.00009
Flavonifractor_plautii	292800	S	206	45	251	0.00005
Dysosmobacter_sp._Marseille-Q4140	2830675	S	89	30	119	0.00002
Dysosmobacter_welbionis	2093857	S	73	48	121	0.00002
Vescimonas_coprocola	2714355	S	77	52	129	0.00002
Vescimonas_fastidiosa	2714353	S	44	46	90	0.00002
Ethanoligenens_harbinense	253239	S	94	4	98	0.00002
Ruthenibacterium_lactatiformans	1550024	S	92	21	113	0.00002
Ruminiclostridium_cellulolyticum	1521	S	52	9	61	0.00001
Ruminiclostridium_herbifermentans	2488810	S	28	6	34	0.00001
Caproicibacter_fermentans	2576756	S	60	3	63	0.00001
Anaerotruncus_colihominis	169435	S	55	27	82	0.00001
Caproiciproducens_sp._NJN-50	2507162	S	53	5	58	0.00001
Oscillibacter_sp._NSJ-62	2763056	S	52	13	65	0.00001
Acutalibacter_muris	1796620	S	52	2	54	0.00001
Ruminococcus_champanellensis	1161942	S	27	3	30	0.00001
Acetivibrio_clariflavus	288965	S	15	7	22	0.00000
Acetivibrio_thermocellus	1515	S	14	2	16	0.00000
Acetivibrio_saccincola	1677857	S	10	4	14	0.00000
Pusillibacter_faecalis	2714358	S	32	15	47	0.00001
Caproicibacterium_lactatifermentans	2666138	S	18	1	19	0.00000
Solibaculum_mannosilyticum	2780922	S	24	17	41	0.00001
Thermoclostridium_stercorarium	1510	S	18	3	21	0.00000
Pseudoclostridium_thermosuccinogenes	84032	S	12	2	14	0.00000
Thermaerobacter_sp._FW80	2546351	S	459	80	539	0.00010
Thermaerobacter_sp._PB12/4term	2293838	S	294	66	360	0.00006
Thermaerobacter_marianensis	73919	S	339	78	417	0.00008
Emergencia_timonensis	1776384	S	37	8	45	0.00001
Aminipila_luticellarii	2507160	S	19	3	22	0.00000
Intestinimonas_butyriciproducens	1297617	S	72	18	90	0.00002
Flintibacter_sp._KGMB00164	2610895	S	64	7	71	0.00001
Massilistercora_timonensis	2086584	S	40	31	71	0.00001
Carboxydocella_thermautotrophica	178899	S	32	1	33	0.00001
Anaerocolumna_cellulosilytica	433286	S	217	11	228	0.00004
Anaerocolumna_sedimenticola	2696063	S	93	5	98	0.00002
Anaerocolumna_chitinilytica	1727145	S	45	1	46	0.00001
Lacrimispora_sphenoides	29370	S	256	15	271	0.00005
Lacrimispora_saccharolytica	84030	S	45	6	51	0.00001
[Clostridium]_scindens	29347	S	39	10	49	0.00001
Lachnoclostridium_phocaeense	1871021	S	29	18	47	0.00001
[Clostridium]_hylemonae	89153	S	28	5	33	0.00001
Lachnoclostridium_phytofermentans	66219	S	25	0	25	0.00000
Lachnoclostridium_sp._YL32	1834196	S	10	16	26	0.00000
Blautia_producta	33035	S	27	5	32	0.00001
Blautia_pseudococcoides	1796616	S	18	2	20	0.00000
Blautia_sp._NBRC_113351	2877527	S	13	10	23	0.00000
Blautia_argi	1912897	S	13	8	21	0.00000
Blautia_obeum	40520	S	11	9	20	0.00000
Lachnospiraceae_bacterium_NSJ-29	2763667	S	30	6	36	0.00001
Lachnospiraceae_bacterium_NSJ-38	2763669	S	17	4	21	0.00000
Lachnospiraceae_bacterium_sunii_NSJ-8	2763672	S	12	7	19	0.00000
Roseburia_hominis	301301	S	27	22	49	0.00001
Roseburia_intestinalis	166486	S	12	11	23	0.00000
Anaerostipes_hadrus	649756	S	15	9	24	0.00000
Anaerostipes_caccae	105841	S	14	5	19	0.00000
Coprococcus_catus	116085	S	12	6	18	0.00000
Coprococcus_comes	410072	S	11	9	20	0.00000
Anaerotignum_propionicum	28446	S	36	2	38	0.00001
Enterocloster_bolteae	208479	S	23	5	28	0.00001
Enterocloster_clostridioformis	1531	S	11	31	42	0.00001
Herbinix_luporum	1679721	S	29	12	41	0.00001
[Ruminococcus]_gnavus	33038	S	21	15	36	0.00001
Butyrivibrio_fibrisolvens	831	S	14	1	15	0.00000
Anaerobutyricum_hallii	39488	S	21	6	27	0.00000
Novisyntrophococcus_fermenticellae	2068655	S	20	2	22	0.00000
Sellimonas_intestinalis	1653434	S	12	4	16	0.00000
Lachnospira_eligens	39485	S	11	1	12	0.00000
Pseudobutyrivibrio_xylanivorans	185007	S	10	0	10	0.00000
Symbiobacterium_thermophilum	2734	S	532	25	557	0.00010
Romboutsia_ilealis	1115758	S	121	42	163	0.00003
Romboutsia_sp._CE17	2724150	S	73	24	97	0.00002
Romboutsia_hominis	1507512	S	14	3	17	0.00000
Clostridioides_difficile	1496	S	42	29	71	0.00001
Terrisporobacter_sp._MCA3	2813371	S	27	3	30	0.00001
Paeniclostridium_sordellii	1505	S	23	4	27	0.00000
Peptoclostridium_acidaminophilum	1731	S	18	2	20	0.00000
Tepidibacter_sp._8C15b	2925782	S	15	1	16	0.00000
Acetoanaerobium_sticklandii	1511	S	12	0	12	0.00000
Candidatus_Desulforudis_audaxviator	471827	S	109	4	113	0.00002
Desulforamulus_ferrireducens	1833852	S	42	19	61	0.00001
Desulforamulus_ruminis	1564	S	35	3	38	0.00001
Desulforamulus_reducens	59610	S	13	1	14	0.00000
Candidatus_Formimonas_warabiya	1761012	S	48	4	52	0.00001
Acididesulfobacillus_acetoxydans	1561005	S	37	0	37	0.00001
Thermanaerosceptrum_fracticalcis	1712410	S	22	2	24	0.00000
Desulfofarcimen_acetoxidans	58138	S	17	1	18	0.00000
Dehalobacterium_formicoaceticum	51515	S	16	3	19	0.00000
Desulfitobacterium_hafniense	49338	S	32	5	37	0.00001
Desulfitobacterium_dichloroeliminans	233055	S	14	8	22	0.00000
Desulfitobacterium_metallireducens	142877	S	10	1	11	0.00000
Desulfosporosinus_orientis	1563	S	20	3	23	0.00000
Desulfosporosinus_acidiphilus	885581	S	14	2	16	0.00000
Desulfosporosinus_youngiae	339862	S	13	3	16	0.00000
Desulfosporosinus_meridiei	79209	S	10	3	13	0.00000
Syntrophobotulus_glycolicus	51197	S	27	1	28	0.00001
Christensenella_sp._Marseille-P3954	2086585	S	132	35	167	0.00003
Christensenella_minuta	626937	S	47	10	57	0.00001
Eubacterium_limosum	1736	S	14	41	55	0.00001
Acetobacterium_wieringae	52694	S	18	7	25	0.00000
Acetobacterium_sp._KB-1	2184575	S	12	3	15	0.00000
Acetobacterium_woodii	33952	S	10	2	12	0.00000
Alkalibacter_sp._ES005	2815577	S	23	1	24	0.00000
Heliomicrobium_modesticaldum	35701	S	132	47	179	0.00003
Heliorestis_convoluta	356322	S	21	0	21	0.00000
Syntrophothermus_lipocalidus	86170	S	35	1	36	0.00001
Candidatus_Syntrophocurvum_alkaliphilum	2293317	S	24	1	25	0.00000
Syntrophomonas_wolfei	863	S	16	0	16	0.00000
Candidatus_Contubernalis_alkalaceticum	338645	S	15	0	15	0.00000
Desulfoscipio_gibsoniae	102134	S	41	2	43	0.00001
Vallitalea_guaymasensis	1185412	S	17	0	17	0.00000
Petrocella_atlantisensis	2173034	S	12	1	13	0.00000
Caloranaerobacter_azorensis	116090	S	25	2	27	0.00000
Desulfotomaculum_nigrificans	1565	S	19	6	25	0.00000
Thermincola_potens	863643	S	18	1	19	0.00000
Alkalicella_caledoniensis	2731377	S	11	0	11	0.00000
Moorella_thermoacetica	1525	S	52	8	60	0.00001
Moorella_sp._Hama-1	2138101	S	49	9	58	0.00001
Moorella_glycerini	55779	S	47	4	51	0.00001
Ammonifex_degensii	42838	S	68	1	69	0.00001
Gelria_sp._Kuro-4	2796927	S	162	6	168	0.00003
Thermacetogenium_phaeum	85874	S	56	35	91	0.00002
Carboxydothermus_hydrogenoformans	129958	S	26	1	27	0.00000
Thermanaeromonas_toyohensis	161154	S	15	0	15	0.00000
Caldanaerobacter_subterraneus	911092	S	10	5	15	0.00000
Thermoanaerobacterium_thermosaccharolyticum	1517	S	12	9	21	0.00000
Thermoanaerobacterium_sp._RBIITD	1550240	S	12	2	14	0.00000
Mahella_australiensis	252966	S	17	5	22	0.00000
Zhaonella_formicivorans	2528593	S	17	1	18	0.00000
Halanaerobium_praevalens	2331	S	15	2	17	0.00000
Halanaerobium_hydrogeniformans	656519	S	13	2	15	0.00000
Iocasia_fonsfrigidae	2682810	S	30	0	30	0.00001
Halothermothrix_orenii	31909	S	17	0	17	0.00000
Halobacteroides_halobius	42422	S	19	0	19	0.00000
Anoxybacter_fermentans	1323375	S	13	0	13	0.00000
Biomaibacter_acetigenes	2316383	S	17	1	18	0.00000
Tepidanaerobacter_acetatoxydans	499229	S	14	1	15	0.00000
Thermosediminibacter_oceani	291990	S	26	0	26	0.00000
Natranaerobius_thermophilus	375929	S	11	4	15	0.00000
Koleobacter_methoxysyntrophicus	2751313	S	17	1	18	0.00000
Selenomonas_sp._oral_taxon_126	712528	S	61	20	81	0.00001
Selenomonas_sp._oral_taxon_920	1884263	S	55	13	68	0.00001
Selenomonas_sp._oral_taxon_478	712538	S	35	42	77	0.00001
Selenomonas_sp._oral_taxon_136	713030	S	26	29	55	0.00001
Selenomonas_sputigena	69823	S	144	7	151	0.00003
Selenomonas_timonae	2754044	S	50	29	79	0.00001
Selenomonas_ruminantium	971	S	35	1	36	0.00001
Pelosinus_fermentans	365349	S	38	2	40	0.00001
Pelosinus_sp._UFO1	484770	S	16	1	17	0.00000
Sporomusa_termitida	2377	S	30	1	31	0.00001
Methylomusa_anaerophila	1930071	S	22	0	22	0.00000
Megasphaera_elsdenii	907	S	58	20	78	0.00001
Megasphaera_stantonii	2144175	S	50	17	67	0.00001
Megasphaera_massiliensis	1232428	S	20	4	24	0.00000
Veillonella_rodentium	248315	S	11	13	24	0.00000
Acidaminococcus_fermentans	905	S	35	5	40	0.00001
Acidaminococcus_intestini	187327	S	14	1	15	0.00000
Phascolarctobacterium_faecium	33025	S	19	6	25	0.00000
Turicibacter_sp._TJ11	2806443	S	254	113	367	0.00007
Turicibacter_sp._H121	1712675	S	102	53	155	0.00003
Turicibacter_sanguinis	154288	S	28	4	32	0.00001
Erysipelothrix_sp._HDW6C	2714930	S	11	3	14	0.00000
Erysipelothrix_larvae	1514105	S	14	4	18	0.00000
Allobaculum_sp._Allo2	2853432	S	20	1	21	0.00000
Allobaculum_mucolyticum	2834459	S	19	2	21	0.00000
[Clostridium]_innocuum	1522	S	16	8	24	0.00000
Erysipelatoclostridium_ramosum	1547	S	16	3	19	0.00000
Faecalibaculum_rodentium	1702221	S	23	1	24	0.00000
Erysipelotrichaceae_bacterium_BP52G	2899121	S	14	0	14	0.00000
Longicatena_caecimuris	1796635	S	10	8	18	0.00000
Limnochorda_pilosa	1555112	S	508	11	519	0.00009
Schnuerera_ultunensis	45497	S	79	7	86	0.00002
Tissierella_sp._JN-28	2507161	S	34	4	38	0.00001
Keratinibaculum_paraultunense	1278232	S	28	6	34	0.00001
Gudongella_oleilytica	1582259	S	17	2	19	0.00000
Peptoniphilus_ivorii	54006	S	29	5	34	0.00001
Peptoniphilus_harei	54005	S	19	13	32	0.00001
Murdochiella_vaginalis	1852373	S	15	9	24	0.00000
Finegoldia_magna	1260	S	10	7	17	0.00000
Miniphocaeibacter_halophilus	2931922	S	10	0	10	0.00000
Gottschalkia_acidurici	1556	S	50	3	53	0.00001
Ezakiella_coagulans	46507	S	12	19	31	0.00001
Sedimentibacter_sp._zth1	2816908	S	13	0	13	0.00000
Ndongobacter_massiliensis	1871025	S	14	7	21	0.00000
endosymbiont_'TC1'_of_Trimyema_compressum	243899	S	11	0	11	0.00000
Deinococcus_sp._NW-56	2080419	S	360	58	418	0.00008
Deinococcus_sp._TS-293	2737050	S	262	29	291	0.00005
Deinococcus_sp._KNUC1210	2917691	S	226	8	234	0.00004
Deinococcus_sp._AJ005	2652443	S	192	18	210	0.00004
Deinococcus_sp._QL22	2939437	S	120	13	133	0.00002
Deinococcus_maricopensis	309887	S	411	34	445	0.00008
Deinococcus_metallilatus	1211322	S	407	53	460	0.00008
Deinococcus_ficus	317577	S	387	39	426	0.00008
Deinococcus_gobiensis	502394	S	366	51	417	0.00008
Deinococcus_actinosclerus	1768108	S	359	311	670	0.00012
Deinococcus_peraridilitoris	432329	S	305	13	318	0.00006
Deinococcus_wulumuqiensis	980427	S	287	150	437	0.00008
Deinococcus_irradiatisoli	2202254	S	270	24	294	0.00005
Deinococcus_radiodurans	1299	S	246	93	339	0.00006
Deinococcus_geothermalis	68909	S	218	42	260	0.00005
Deinococcus_radiopugnans	57497	S	202	28	230	0.00004
Deinococcus_proteolyticus	55148	S	158	47	205	0.00004
Deinococcus_soli_(ex_Cha_et_al._2016)	1309411	S	157	219	376	0.00007
Deinococcus_deserti	310783	S	155	11	166	0.00003
Deinococcus_psychrotolerans	2489213	S	141	3	144	0.00003
Deinococcus_radiophilus	32062	S	84	23	107	0.00002
Deinococcus_puniceus	1182568	S	65	13	78	0.00001
Thermus_thermophilus	274	S	217	237	454	0.00008
Thermus_sp._CCB_US3_UF1	1111069	S	105	12	117	0.00002
Thermus_sp._NEB1569	2918899	S	26	36	62	0.00001
Thermus_aquaticus	271	S	131	15	146	0.00003
Thermus_oshimai	56957	S	126	19	145	0.00003
Thermus_brockianus	56956	S	114	19	133	0.00002
Thermus_caldilimi	2483360	S	38	7	45	0.00001
Thermus_parvatiensis	456163	S	33	122	155	0.00003
Thermus_scotoductus	37636	S	19	21	40	0.00001
Meiothermus_silvanus	52022	S	201	30	231	0.00004
Meiothermus_ruber	277	S	169	71	240	0.00004
Meiothermus_taiwanensis	172827	S	144	57	201	0.00004
Oceanithermus_profundus	187137	S	563	50	613	0.00011
Marinithermus_hydrothermalis	186192	S	357	71	428	0.00008
Truepera_radiovictrix	332249	S	1223	62	1285	0.00023
Synechococcus_sp._CBW1004	1353136	S	175	47	222	0.00004
Synechococcus_sp._RSCCF101	2511069	S	163	26	189	0.00003
Synechococcus_sp._CBW1107	2789857	S	110	22	132	0.00002
Synechococcus_sp._SynAce01	1916956	S	95	9	104	0.00002
Synechococcus_sp._JA-3-3Ab	321327	S	87	24	111	0.00002
Synechococcus_sp._CBW1108	1353147	S	87	12	99	0.00002
Synechococcus_sp._NB0720_10	2907159	S	76	20	96	0.00002
Synechococcus_sp._CB0101	232348	S	71	16	87	0.00002
Synechococcus_sp._PCC_7336	195250	S	53	1	54	0.00001
Synechococcus_sp._LA31	2741953	S	52	12	64	0.00001
Synechococcus_sp._LTW-R	2751170	S	52	13	65	0.00001
Synechococcus_sp._HK01-R	2751171	S	47	8	55	0.00001
Synechococcus_sp._JA-2-3B'a(2-13)	321332	S	46	12	58	0.00001
Synechococcus_sp._RS9909	221352	S	38	16	54	0.00001
Synechococcus_sp._PROS-U-1	1400866	S	37	7	44	0.00001
Synechococcus_sp._KORDI-100	1280380	S	36	2	38	0.00001
Synechococcus_sp._A10-1-5-1	2936507	S	34	8	42	0.00001
Synechococcus_sp._WH_8101	59932	S	32	12	44	0.00001
Synechococcus_sp._BIOS-E4-1	1400864	S	31	3	34	0.00001
Synechococcus_sp._NOUM97013	1442555	S	30	4	34	0.00001
Synechococcus_sp._Minos11	221341	S	27	1	28	0.00001
Synechococcus_sp._PROS-7-1	1442556	S	24	12	36	0.00001
Synechococcus_sp._KORDI-52	585425	S	23	8	31	0.00001
Synechococcus_sp._BMK-MC-1	1442551	S	23	10	33	0.00001
Synechococcus_sp._A15-127	1050624	S	22	26	48	0.00001
Synechococcus_sp._KORDI-49	585423	S	21	25	46	0.00001
Synechococcus_sp._WH_8109	166314	S	20	17	37	0.00001
Synechococcus_sp._PCC_6312	195253	S	19	1	20	0.00000
Synechococcus_sp._MEDNS5	1442554	S	17	6	23	0.00000
Synechococcus_sp._A15-44	1050646	S	16	33	49	0.00001
Synechococcus_sp._BIOS-U3-1	1400865	S	16	1	17	0.00000
Synechococcus_sp._MIT_S9220	166309	S	14	2	16	0.00000
Synechococcus_sp._WH_8020	32052	S	14	3	17	0.00000
Synechococcus_sp._CBW1006	1353138	S	13	118	131	0.00002
Synechococcus_sp._CBW1002	1353134	S	12	123	135	0.00002
Synechococcus_sp._A15-62	1050657	S	12	9	21	0.00000
Synechococcus_sp._CC9902	316279	S	12	1	13	0.00000
Synechococcus_sp._ROS8604	1442557	S	11	3	14	0.00000
Synechococcus_sp._NIES-970	1827144	S	10	2	12	0.00000
Synechococcus_sp._PCC_7003	374981	S	10	3	13	0.00000
Synechococcus_sp._RS9902	221345	S	10	24	34	0.00001
Synechococcus_elongatus	32046	S	75	3	78	0.00001
Cyanobium_sp._NIES-981	1851505	S	163	50	213	0.00004
Cyanobium_sp._NS01	261284	S	114	40	154	0.00003
Cyanobium_gracile	59930	S	185	40	225	0.00004
Prochlorococcus_marinus	1219	S	36	3	39	0.00001
Parasynechococcus_marenigrum	2881428	S	35	10	45	0.00001
Acaryochloris_marina	155978	S	22	6	28	0.00001
Chamaesiphon_minutus	1173032	S	30	2	32	0.00001
Nostoc_sp._NIES-4103	2005458	S	31	11	42	0.00001
Nostoc_sp._UHCC_0702	2814655	S	28	9	37	0.00001
Nostoc_sp._TCL26-01	2576904	S	26	5	31	0.00001
Nostoc_sp._UHCC_0870	2914041	S	23	11	34	0.00001
Nostoc_sp._MS1	2764711	S	21	11	32	0.00001
Nostoc_sp._PCC_7524	28072	S	20	6	26	0.00000
Nostoc_sp._CENA543	1869241	S	18	4	22	0.00000
Nostoc_sp._C052	2576902	S	18	9	27	0.00001
Nostoc_sp._'Peltigera_membranacea_cyanobiont'_N6	1261031	S	13	8	21	0.00000
Nostoc_sp._PCC_7107	317936	S	12	15	27	0.00001
Nostoc_sp._'Lobaria_pulmonaria_(5183)_cyanobiont'	1618022	S	12	5	17	0.00000
Nostoc_sp._C057	2576903	S	10	41	51	0.00001
Nostoc_linckia	92942	S	22	11	33	0.00001
Nostoc_sphaeroides	446679	S	22	24	46	0.00001
Nostoc_edaphicum	264686	S	21	9	30	0.00001
Nostoc_commune	1178	S	19	9	28	0.00001
Nostoc_flagelliforme	1306274	S	19	11	30	0.00001
Nostoc_punctiforme	272131	S	18	20	38	0.00001
Nostoc_piscinale	224012	S	13	10	23	0.00000
Anabaena_cylindrica	1165	S	22	12	34	0.00001
Cylindrospermum_stagnale	142864	S	14	6	20	0.00000
Richelia_sinica	1357545	S	11	2	13	0.00000
Nodularia_spumigena	70799	S	63	33	96	0.00002
Nodularia_sphaerocarpa	137816	S	39	13	52	0.00001
Sphaerospermopsis_torques-reginae	984207	S	28	11	39	0.00001
Sphaerospermopsis_kisseleviana	289435	S	23	11	34	0.00001
Anabaenopsis_elenkinii	156213	S	26	5	31	0.00001
Dolichospermum_compactum	136073	S	14	55	69	0.00001
Calothrix_sp._NIES-2100	1954172	S	24	23	47	0.00001
Calothrix_sp._PCC_7716	2853227	S	24	19	43	0.00001
Calothrix_sp._PCC_7507	99598	S	23	9	32	0.00001
Calothrix_sp._NIES-3974	2005462	S	21	2	23	0.00000
Calothrix_sp._PCC_6303	1170562	S	17	6	23	0.00000
Calothrix_sp._NIES-2098	1954171	S	14	12	26	0.00000
Calothrix_parasitica	1973486	S	30	3	33	0.00001
Calothrix_brevissima	938406	S	22	24	46	0.00001
Scytonema_sp._NIES-4073	2005464	S	16	10	26	0.00000
Scytonema_sp._HK-05	1137095	S	15	6	21	0.00000
Brasilonema_sennae	1397703	S	17	2	19	0.00000
Fischerella_sp._NIES-4106	2005456	S	18	4	22	0.00000
Fischerella_sp._NIES-3754	1752063	S	13	6	19	0.00000
Tolypothrix_sp._PCC_7910	2099387	S	16	8	24	0.00000
Rivularia_sp._PCC_7116	373994	S	19	2	21	0.00000
Leptolyngbya_sp._7M	2812896	S	343	16	359	0.00006
Leptolyngbya_sp._BL0902	1115757	S	82	6	88	0.00002
Leptolyngbya_sp._NIES-3755	1752064	S	18	2	20	0.00000
Leptolyngbya_boryana	1184	S	14	0	14	0.00000
Kovacikia_minuta	2931930	S	71	9	80	0.00001
Leptodesmis_sichuanensis	2906798	S	46	5	51	0.00001
Leptothermofonsia_sichuanensis	2917832	S	41	4	45	0.00001
Halomicronema_hongdechloris	1209493	S	58	2	60	0.00001
Thermosynechococcus_vestitus	146786	S	19	16	35	0.00001
Pseudanabaena_sp._PCC_7367	82654	S	23	1	24	0.00000
Pseudanabaena_sp._ABRG5-3	685565	S	18	1	19	0.00000
Moorena_producens	1155739	S	113	4	117	0.00002
Oscillatoria_nigro-viridis	482564	S	37	23	60	0.00001
Oscillatoria_acuminata	118323	S	22	2	24	0.00000
Geitlerinema_sp._PCC_7407	1173025	S	108	20	128	0.00002
Allocoleopsis_franciscana	2886352	S	28	3	31	0.00001
Oxynema_aestuarii	2874213	S	55	5	60	0.00001
Microcoleus_vaginatus	119532	S	35	12	47	0.00001
[Phormidium]_sp._ETS-05	222819	S	41	2	43	0.00001
Crinalium_epipsammum	241425	S	13	2	15	0.00000
Microcystis_aeruginosa	1126	S	41	56	97	0.00002
Gloeothece_verrucosa	2546359	S	12	0	12	0.00000
Gloeothece_citriformis	2546356	S	10	0	10	0.00000
Euhalothece_natronophila	577489	S	10	1	11	0.00000
Rippkaea_orientalis	2546366	S	13	1	14	0.00000
Crocosphaera_subtropica	2546360	S	12	1	13	0.00000
Geminocystis_herdmanii	669359	S	12	4	16	0.00000
Gloeocapsa_sp._PCC_7428	1173026	S	17	2	19	0.00000
Chondrocystis_sp._NIES-4102	2005460	S	16	3	19	0.00000
Cyanobacterium_aponinum	379064	S	10	2	12	0.00000
Gloeobacter_kilaueensis	1416614	S	196	6	202	0.00004
Gloeobacter_morelensis	2907343	S	171	66	237	0.00004
Gloeobacter_violaceus	33072	S	164	70	234	0.00004
Anthocerotibacter_panamensis	2857077	S	41	2	43	0.00001
Chroococcidiopsis_sp._CCMEE_29	155894	S	43	10	53	0.00001
Chroococcidiopsis_sp._CCNUC1	2653189	S	12	21	33	0.00001
Chroococcidiopsis_thermalis	54299	S	10	19	29	0.00001
Pleurocapsa_sp._PCC_7327	118163	S	27	4	31	0.00001
Stanieria_sp._NIES-3757	1807358	S	11	6	17	0.00000
Thermostichus_lividus	33070	S	18	3	21	0.00000
Gloeomargarita_lithophora	1188228	S	15	0	15	0.00000
Sphaerobacter_thermophilus	2057	S	1766	107	1873	0.00034
Thermomicrobium_roseum	500	S	358	9	367	0.00007
Tepidiforma_bonchosmolovskayae	2601677	S	1184	31	1215	0.00022
Roseiflexus_sp._RS-1	357808	S	316	53	369	0.00007
Roseiflexus_castenholzii	120962	S	285	52	337	0.00006
Chloroflexus_aurantiacus	1108	S	164	21	185	0.00003
Chloroflexus_aggregans	152260	S	123	24	147	0.00003
Candidatus_Promineofilum_breve	1806508	S	849	10	859	0.00016
Caldilinea_aerophila	133453	S	532	33	565	0.00010
Pelolinea_submarina	913107	S	110	5	115	0.00002
Anaerolinea_thermophila	167964	S	108	11	119	0.00002
Brevefilum_fermentans	1986204	S	54	2	56	0.00001
Dehalogenimonas_formicexedens	1839801	S	82	23	105	0.00002
Dehalogenimonas_sp._GP	1536648	S	54	15	69	0.00001
Dehalococcoides_mccartyi	61435	S	24	61	85	0.00002
Phototrophicus_methaneseepsis	2710758	S	190	1	191	0.00003
Thermobaculum_terrenum	166501	S	155	15	170	0.00003
Ktedonosporobacter_rubrisoli	2509675	S	141	4	145	0.00003
Fimbriimonas_ginsengisoli	1005039	S	268	0	268	0.00005
Chthonomonas_calidirosea	454171	S	81	0	81	0.00001
Tautonia_plasticadhaerens	2527974	S	20862	1313	22175	0.00400
Aquisphaera_giovannonii	406548	S	5234	669	5903	0.00106
Paludisphaera_borealis	1387353	S	4415	748	5163	0.00093
Singulisphaera_acidiphila	466153	S	2436	279	2715	0.00049
Isosphaera_pallida	128	S	567	32	599	0.00011
Lacipirellula_parvula	2650471	S	4990	522	5512	0.00099
Lacipirellula_limnantheis	2528024	S	4538	557	5095	0.00092
Pirellulimonas_nuda	2528009	S	2101	216	2317	0.00042
Botrimarina_mediterranea	2528022	S	1852	163	2015	0.00036
Aeoliella_mucimassa	2527972	S	861	70	931	0.00017
Adhaeretor_mobilis	1930276	S	462	45	507	0.00009
Bythopirellula_goksoeyrii	1400387	S	379	27	406	0.00007
Rosistilla_oblonga	2527990	S	485	253	738	0.00013
Rosistilla_carotiformis	2528017	S	307	146	453	0.00008
Rosistilla_ulvae	1930277	S	296	188	484	0.00009
Stieleria_maiorica	2795974	S	695	143	838	0.00015
Stieleria_neptunia	2527979	S	688	83	771	0.00014
Bremerella_volcania	2527984	S	1327	103	1430	0.00026
Lignipirellula_cremea	2528010	S	1283	187	1470	0.00027
Anatilimnocola_aggregata	2528021	S	1219	171	1390	0.00025
Pirellula_staleyi	125	S	859	34	893	0.00016
Pirellula_sp._SH-Sr6A	1632865	S	215	5	220	0.00004
Roseimaritima_ulvae	980254	S	751	66	817	0.00015
Roseimaritima_multifibrata	1930274	S	208	31	239	0.00004
Rubripirellula_lacrimiformis	1930273	S	437	97	534	0.00010
Rhodopirellula_baltica	265606	S	325	22	347	0.00006
Mariniblastus_fucicola	980251	S	217	4	221	0.00004
Aureliella_helgolandensis	2527968	S	217	19	236	0.00004
Thermogutta_terrifontis	1331910	S	199	6	205	0.00004
Planctomyces_sp._SH-PL62	1636152	S	6371	1730	8101	0.00146
Planctomyces_sp._SH-PL14	1632864	S	2215	138	2353	0.00042
Gimesia_panareensis	2527978	S	551	75	626	0.00011
Gimesia_chilikensis	2605989	S	284	201	485	0.00009
Gimesia_maris	122	S	214	38	252	0.00005
Gimesia_alba	2527973	S	138	28	166	0.00003
Gimesia_fumaroli	2527976	S	130	30	160	0.00003
Gimesia_algae	2527971	S	125	36	161	0.00003
Gimesia_aquarii	2527964	S	108	8	116	0.00002
Gimesia_benthica	2608982	S	77	127	204	0.00004
Caulifigura_coniformis	2527983	S	1976	133	2109	0.00038
Maioricimonas_rarisocia	2528026	S	1885	269	2154	0.00039
Alienimonas_californiensis	2527989	S	1621	119	1740	0.00031
Symmachiella_dynata	2527995	S	661	44	705	0.00013
Calycomorphotria_hydatis	2528027	S	499	20	519	0.00009
Rubinisphaera_brasiliensis	119	S	409	45	454	0.00008
Crateriforma_conspicua	2527996	S	396	62	458	0.00008
Planctopirus_limnophila	120	S	139	44	183	0.00003
Planctopirus_ephydatiae	2528019	S	133	45	178	0.00003
Fuerstiella_marisgermanici	1891926	S	346	6	352	0.00006
Polystyrenella_longa	2528007	S	149	14	163	0.00003
Thalassoglobus_polymorphus	2527994	S	134	7	141	0.00003
Gemmata_obscuriglobus	114	S	2069	349	2418	0.00044
Gemmata_massiliana	1210884	S	900	394	1294	0.00023
Gemmata_sp._SH-PL17	1630693	S	831	410	1241	0.00022
Urbifossiella_limnaea	2528023	S	3610	288	3898	0.00070
Frigoriglobus_tundricola	2774151	S	2303	385	2688	0.00048
Limnoglobus_roseus	2598579	S	1993	90	2083	0.00038
Tuwongella_immobilis	692036	S	241	9	250	0.00005
Telmatocola_sphagniphila	1123043	S	228	1	229	0.00004
Phycisphaera_mikurensis	547188	S	1301	98	1399	0.00025
Mucisphaera_calidilacus	2527982	S	802	54	856	0.00015
Poriferisphaera_corsica	2528020	S	103	1	104	0.00002
Humisphaera_borealis	2807512	S	2232	45	2277	0.00041
Anaerohalosphaera_lusitana	1936003	S	85	3	88	0.00002
Limihaloglobus_sulfuriphilus	1851148	S	33	2	35	0.00001
Sedimentisphaera_cyanobacteriorum	1940790	S	15	18	33	0.00001
Sedimentisphaera_salicampi	1941349	S	11	3	14	0.00000
Candidatus_Kuenenia_stuttgartiensis	174633	S	36	0	36	0.00001
Candidatus_Uabimicrobium_amorphum	2596890	S	15	0	15	0.00000
Opitutus_terrae	107709	S	1054	49	1103	0.00020
Opitutus_sp._GAS368	1882749	S	799	125	924	0.00017
Lacunisphaera_limnophila	1838286	S	657	102	759	0.00014
Nibricoccus_aquaticus	2576891	S	501	24	525	0.00009
Oleiharenicola_sp._KSB-15	2862869	S	448	24	472	0.00009
Ereboglobus_luteus	1796921	S	349	17	366	0.00007
Ruficoccus_sp._ZRK36	2866311	S	184	14	198	0.00004
Coraliomargarita_akajimensis	395922	S	51	1	52	0.00001
Luteolibacter_luteus	2728835	S	531	30	561	0.00010
Luteolibacter_ambystomatis	2824561	S	387	30	417	0.00008
Verrucomicrobium_sp._GAS474	1882831	S	531	54	585	0.00011
Verrucomicrobium_spinosum	2736	S	300	18	318	0.00006
Roseimicrobium_sp._ORNL1	2711231	S	467	16	483	0.00009
Sulfuriroseicoccus_oceanibius	2707525	S	92	9	101	0.00002
Akkermansia_muciniphila	239935	S	211	24	235	0.00004
Akkermansia_glycaniphila	1679444	S	81	7	88	0.00002
Methylacidimicrobium_sp._AP8	2730359	S	121	21	142	0.00003
Methylacidimicrobium_sp._B4	2796139	S	96	23	119	0.00002
Candidatus_Xiphinematobacter_sp._Idaho_Grape	1704307	S	47	4	51	0.00001
Kiritimatiella_glycovorans	1307763	S	203	220	423	0.00008
Tichowtungia_aerotolerans	2697043	S	72	1	73	0.00001
Candidatus_Protochlamydia_naegleriophila	389348	S	13	11	24	0.00000
Neochlamydia_sp._S13	1353976	S	18	3	21	0.00000
Parachlamydia_acanthamoebae	83552	S	10	2	12	0.00000
Waddlia_chondrophila	71667	S	12	1	13	0.00000
Simkania_negevensis	83561	S	11	0	11	0.00000
Candidatus_Velamenicoccus_archaeovorus	1930593	S	47	0	47	0.00001
Pontibacter_actiniarum	323450	S	2699	631	3330	0.00060
Pontibacter_russatus	2694929	S	2381	219	2600	0.00047
Pontibacter_korlensis	400092	S	1841	250	2091	0.00038
Pontibacter_pudoricolor	2694930	S	1612	171	1783	0.00032
Pontibacter_akesuensis	388950	S	1537	212	1749	0.00032
Pontibacter_sp._SGAir0037	2571030	S	1233	209	1442	0.00026
Hymenobacter_sp._5317J-9	2932250	S	301	65	366	0.00007
Hymenobacter_sp._PAMC_26628	1484118	S	264	60	324	0.00006
Hymenobacter_sp._APR13	1356852	S	248	96	344	0.00006
Hymenobacter_sp._PAMC_26554	1484116	S	235	20	255	0.00005
Hymenobacter_sp._5116S-3	2932248	S	224	32	256	0.00005
Hymenobacter_sp._BRD128	2675878	S	216	26	242	0.00004
Hymenobacter_sp._5116S-27	2932249	S	210	31	241	0.00004
Hymenobacter_sp._DG01	2584940	S	208	54	262	0.00005
Hymenobacter_sp._DG25B	1385664	S	194	70	264	0.00005
Hymenobacter_sp._BT18	2835648	S	192	22	214	0.00004
Hymenobacter_sp._5413J-13	2932251	S	184	25	209	0.00004
Hymenobacter_sp._NBH84	2596915	S	162	23	185	0.00003
Hymenobacter_sp._5420S-77	2932254	S	159	19	178	0.00003
Hymenobacter_sp._DG25A	1385663	S	156	58	214	0.00004
Hymenobacter_sp._S2-20-2	2761579	S	144	20	164	0.00003
Hymenobacter_sp._BRD67	2675877	S	108	100	208	0.00004
Hymenobacter_sp._HDW8	2714932	S	73	228	301	0.00005
Hymenobacter_sp._5516J-16	2932253	S	50	221	271	0.00005
Hymenobacter_sp._5516S-25	2933777	S	44	183	227	0.00004
Hymenobacter_busanensis	2607656	S	270	25	295	0.00005
Hymenobacter_monticola	1705399	S	245	41	286	0.00005
Hymenobacter_sedentarius	1411621	S	243	32	275	0.00005
Hymenobacter_oligotrophus	2319843	S	225	20	245	0.00004
Hymenobacter_jejuensis	2502781	S	218	14	232	0.00004
Hymenobacter_swuensis	1446467	S	205	41	246	0.00004
Hymenobacter_nivis	1850093	S	178	42	220	0.00004
Hymenobacter_tibetensis	497967	S	136	19	155	0.00003
Hymenobacter_qilianensis	1385715	S	136	22	158	0.00003
Hymenobacter_baengnokdamensis	2615203	S	120	124	244	0.00004
Hymenobacter_radiodurans	2496028	S	78	255	333	0.00006
Rufibacter_radiotolerans	1379910	S	316	38	354	0.00006
Rufibacter_tibetensis	512763	S	245	40	285	0.00005
Rufibacter_sp._DG15C	1379909	S	143	81	224	0.00004
Adhaeribacter_swui	2086471	S	289	41	330	0.00006
Adhaeribacter_radiodurans	2745197	S	164	20	184	0.00003
Nibribacter_ruber	2698458	S	178	99	277	0.00005
Dyadobacter_fermentans	94254	S	618	43	661	0.00012
Dyadobacter_sp._LJ419	2906456	S	93	4	97	0.00002
Dyadobacter_sp._NIV53	2861765	S	56	2	58	0.00001
Dyadobacter_sandarakinus	2747268	S	110	8	118	0.00002
Fibrella_aestuarina	651143	S	192	12	204	0.00004
Fibrella_sp._ES10-3-2-2	1834519	S	127	7	134	0.00002
Runella_slithyformis	106	S	94	7	101	0.00002
Runella_rosea	2259595	S	71	6	77	0.00001
Runella_sp._SP2	2268026	S	47	2	49	0.00001
Leadbetterella_byssophila	316068	S	131	67	198	0.00004
Larkinella_sp._IE-0392	2907205	S	85	4	89	0.00002
Arcticibacterium_luteifluviistationis	1784714	S	29	1	30	0.00001
Spirosoma_sp._CJU-R4	2728024	S	172	11	183	0.00003
Spirosoma_sp._KUDC1026	2745947	S	93	7	100	0.00002
Spirosoma_sp._RHs26	2898794	S	86	5	91	0.00002
Spirosoma_sp._KCTC_42546	2520506	S	75	10	85	0.00002
Spirosoma_sp._KCTC_72228	2710596	S	74	10	84	0.00002
Spirosoma_rigui	564064	S	152	8	160	0.00003
Spirosoma_montaniterrae	1178516	S	127	6	133	0.00002
Spirosoma_taeanense	2735870	S	121	8	129	0.00002
Spirosoma_aerolatum	1211326	S	97	3	100	0.00002
Spirosoma_endbachense	2666025	S	81	41	122	0.00002
Spirosoma_radiotolerans	1379870	S	66	4	70	0.00001
Spirosoma_pollinicola	2057025	S	66	4	70	0.00001
Spirosoma_aureum	2692134	S	52	32	84	0.00002
Rhodocytophaga_rosea	2704465	S	98	3	101	0.00002
Cytophaga_hutchinsonii	985	S	60	4	64	0.00001
Aquirufa_sp._9H-EGSE	2696560	S	24	5	29	0.00001
Aquirufa_nivalisilvae	2516557	S	16	2	18	0.00000
Echinicola_sp._20G	2781961	S	57	6	63	0.00001
Echinicola_sp._SCS_3-6	2859768	S	57	23	80	0.00001
Echinicola_rosea	1807691	S	66	31	97	0.00002
Echinicola_soli	2591634	S	53	4	57	0.00001
Echinicola_vietnamensis	390884	S	51	25	76	0.00001
Echinicola_strongylocentroti	1795355	S	49	9	58	0.00001
Algoriphagus_sp._Y33	2772483	S	104	8	112	0.00002
Algoriphagus_sp._NBT04N3	2705473	S	38	12	50	0.00001
Algoriphagus_sanaruensis	1727163	S	42	4	46	0.00001
Algoriphagus_machipongonensis	388413	S	33	2	35	0.00001
Cyclobacterium_marinum	104	S	28	7	35	0.00001
Cyclobacterium_amurskyense	320787	S	28	3	31	0.00001
Aquiflexum_balticum	280473	S	58	8	66	0.00001
Belliella_baltica	232259	S	47	22	69	0.00001
Mongoliitalea_daihaiensis	2782006	S	30	2	32	0.00001
Chryseolinea_soli	2321403	S	490	12	502	0.00009
Fulvivirga_sp._SS9-22	2904245	S	79	5	84	0.00002
Fulvivirga_sp._W9P-11	2904246	S	45	8	53	0.00001
Fulvivirga_sp._SW1-E11	2904247	S	37	10	47	0.00001
Fulvivirga_lutea	2810512	S	39	3	42	0.00001
Candidatus_Amoebophilus_asiaticus	281120	S	52	0	52	0.00001
Flammeovirga_pectinis	2494373	S	11	2	13	0.00000
Flammeovirga_yaeyamensis	367791	S	10	14	24	0.00000
Marivirga_tractuosa	1006	S	36	9	45	0.00001
Mangrovivirga_cuniculi	2715131	S	35	1	36	0.00001
Bernardetia_litoralis	999	S	14	0	14	0.00000
Flavobacterium_sp._KSM-R2A30	2897181	S	164	56	220	0.00004
Flavobacterium_sp._KSM-R2A25	2895947	S	161	42	203	0.00004
Flavobacterium_sp._CJ74	2294119	S	119	8	127	0.00002
Flavobacterium_sp._HJ-32-4	1160795	S	97	5	102	0.00002
Flavobacterium_sp._IGB_4-14	1871076	S	56	4	60	0.00001
Flavobacterium_sp._Sr18	935222	S	51	8	59	0.00001
Flavobacterium_sp._WSW3-B6	2856519	S	50	5	55	0.00001
Flavobacterium_sp._CLA17	2724135	S	47	8	55	0.00001
Flavobacterium_sp._F-323	2893885	S	42	9	51	0.00001
Flavobacterium_sp._MDT1-60	1979344	S	40	8	48	0.00001
Flavobacterium_sp._F-29	2893883	S	40	8	48	0.00001
Flavobacterium_sp._xlx-214	2654325	S	40	7	47	0.00001
Flavobacterium_sp._KK2020170	2830782	S	39	14	53	0.00001
Flavobacterium_sp._K5-23	2746225	S	36	8	44	0.00001
Flavobacterium_sp._I3-2	2748319	S	36	52	88	0.00002
Flavobacterium_sp._KBS0721	1179672	S	35	10	45	0.00001
Flavobacterium_sp._F-70	2893884	S	35	7	42	0.00001
Flavobacterium_sp._B183	907046	S	32	7	39	0.00001
Flavobacterium_sp._M31R6	2739062	S	31	5	36	0.00001
Flavobacterium_sp._140616W15	2478552	S	29	6	35	0.00001
Flavobacterium_sp._F-340	2893886	S	29	9	38	0.00001
Flavobacterium_sp._CECT_9288	2845819	S	24	20	44	0.00001
Flavobacterium_sp._CS20	2775246	S	23	10	33	0.00001
Flavobacterium_sp._SLB02	2665645	S	23	4	27	0.00000
Flavobacterium_sp._MMS21-Er5	2937442	S	23	12	35	0.00001
Flavobacterium_sp._LPB0248	2614441	S	21	14	35	0.00001
Flavobacterium_sp._GENT5	1751095	S	21	4	25	0.00000
Flavobacterium_sp._CHNK8	2871165	S	20	16	36	0.00001
Flavobacterium_sp._SHINM13	1751056	S	15	26	41	0.00001
Flavobacterium_sp._GENT11	1751100	S	10	19	29	0.00001
Flavobacterium_enshiense	1341165	S	278	33	311	0.00006
Flavobacterium_alkalisoli	2602769	S	162	13	175	0.00003
Flavobacterium_album	2175091	S	138	9	147	0.00003
Flavobacterium_inviolabile	2748320	S	121	18	139	0.00003
Flavobacterium_pallidum	2172098	S	83	8	91	0.00002
Flavobacterium_magnum	2162713	S	78	9	87	0.00002
Flavobacterium_sangjuense	2518177	S	55	5	60	0.00001
Flavobacterium_commune	1306519	S	51	8	59	0.00001
Flavobacterium_nackdongense	2547394	S	51	4	55	0.00001
Flavobacterium_sediminis	2201181	S	50	50	100	0.00002
Flavobacterium_kingsejongi	1678728	S	50	7	57	0.00001
Flavobacterium_gilvum	1492737	S	42	6	48	0.00001
Flavobacterium_arcticum	1784713	S	41	4	45	0.00001
Flavobacterium_anhuiense	459526	S	39	20	59	0.00001
Flavobacterium_haoranii	683124	S	36	18	54	0.00001
Flavobacterium_johnsoniae	986	S	35	20	55	0.00001
Flavobacterium_crocinum	2183896	S	35	13	48	0.00001
Flavobacterium_psychrophilum	96345	S	34	21	55	0.00001
Flavobacterium_sediminilitoris	2024526	S	33	4	37	0.00001
Flavobacterium_crassostreae	1763534	S	30	8	38	0.00001
Flavobacterium_indicum	312277	S	30	4	34	0.00001
Flavobacterium_columnare	996	S	28	55	83	0.00001
Flavobacterium_jumunjinense	998845	S	27	4	31	0.00001
Flavobacterium_covae	2906076	S	27	47	74	0.00001
Flavobacterium_branchiophilum	55197	S	25	2	27	0.00000
Flavobacterium_endoglycinae	2816357	S	25	6	31	0.00001
Flavobacterium_davisii	2906077	S	24	10	34	0.00001
Flavobacterium_fluviale	2249356	S	22	10	32	0.00001
Flavobacterium_faecale	1355330	S	22	3	25	0.00000
Flavobacterium_oreochromis	2906078	S	17	7	24	0.00000
Flavobacterium_nitrogenifigens	1617283	S	11	7	18	0.00000
Muricauda_aquimarina	254955	S	216	142	358	0.00006
Muricauda_ruestringensis	111501	S	152	18	170	0.00003
Muricauda_oceani	2698672	S	144	102	246	0.00004
Muricauda_sp._SCSIO_65647	2908843	S	74	2	76	0.00001
Muricauda_sp._SCSIO_64092	2908842	S	56	1	57	0.00001
Muricauda_lutaonensis	516051	S	70	20	90	0.00002
Muricauda_aurantiaca	1383885	S	38	3	41	0.00001
Gramella_sp._GC03-9	2920386	S	104	44	148	0.00003
Gramella_sp._MT6	2705471	S	81	19	100	0.00002
Gramella_sp._MAR_2010_147	1250205	S	59	12	71	0.00001
Gramella_fulva	2126553	S	133	16	149	0.00003
Gramella_flava	1486245	S	112	49	161	0.00003
Gramella_salexigens	1913577	S	68	9	77	0.00001
Gramella_echinicola	279359	S	59	10	69	0.00001
Gramella_forsetii	411153	S	59	20	79	0.00001
Antarcticibacterium_sp._1MA-6-2	2908210	S	194	36	230	0.00004
Antarcticibacterium_flavum	2058175	S	169	52	221	0.00004
Antarcticibacterium_arcticum	2585771	S	142	28	170	0.00003
Aequorivita_sublithincola	101385	S	202	197	399	0.00007
Aequorivita_sp._H23M31	2494375	S	99	43	142	0.00003
Polaribacter_sp._ALD11	2058137	S	17	7	24	0.00000
Polaribacter_sp._SM13	2818493	S	16	5	21	0.00000
Polaribacter_sp._Hel1_33_78	1336804	S	16	3	19	0.00000
Polaribacter_sp._KT25b	1855336	S	14	5	19	0.00000
Polaribacter_sp._G4M1	2808900	S	13	3	16	0.00000
Polaribacter_sp._MED152	313598	S	12	2	14	0.00000
Polaribacter_sp._Q13	2806551	S	12	9	21	0.00000
Polaribacter_sp._SA4-10	754397	S	11	3	14	0.00000
Polaribacter_sp._L3A8	2686361	S	11	9	20	0.00000
Polaribacter_sp._SA4-12	1312072	S	10	4	14	0.00000
Polaribacter_litorisediminis	1908341	S	29	4	33	0.00001
Polaribacter_haliotis	1888915	S	22	19	41	0.00001
Polaribacter_reichenbachii	996801	S	15	2	17	0.00000
Polaribacter_vadi	1774273	S	12	2	14	0.00000
Capnocytophaga_sp._oral_taxon_878	1316596	S	18	23	41	0.00001
Capnocytophaga_canimorsus	28188	S	32	14	46	0.00001
Capnocytophaga_gingivalis	1017	S	28	4	32	0.00001
Capnocytophaga_sputigena	1019	S	28	15	43	0.00001
Capnocytophaga_haemolytica	45243	S	19	1	20	0.00000
Capnocytophaga_stomatis	1848904	S	19	6	25	0.00000
Capnocytophaga_ochracea	1018	S	11	31	42	0.00001
Capnocytophaga_endodontalis	2708117	S	11	9	20	0.00000
Winogradskyella_sp._J14-2	1936080	S	21	3	24	0.00000
Winogradskyella_sp._HaHa_3_26	2749995	S	19	11	30	0.00001
Winogradskyella_sp._MH6	2929510	S	18	3	21	0.00000
Winogradskyella_sp._PG-2	754409	S	17	2	19	0.00000
Winogradskyella_sp._PC-19	754417	S	15	5	20	0.00000
Winogradskyella_forsetii	2686077	S	45	19	64	0.00001
Winogradskyella_sediminis	1382466	S	27	10	37	0.00001
Winogradskyella_helgolandensis	2697010	S	27	8	35	0.00001
Winogradskyella_schleiferi	2686078	S	20	13	33	0.00001
Salegentibacter_mishustinae	270918	S	74	88	162	0.00003
Salegentibacter_salegens	143223	S	71	15	86	0.00002
Salegentibacter_sp._T436	1729720	S	44	59	103	0.00002
Nonlabens_sp._Hel1_33_55	1336802	S	28	5	33	0.00001
Nonlabens_sp._Ci31	2608253	S	16	8	24	0.00000
Nonlabens_ponticola	2496866	S	33	4	37	0.00001
Nonlabens_spongiae	331648	S	30	16	46	0.00001
Nonlabens_marinus	930802	S	22	8	30	0.00001
Nonlabens_dokdonensis	328515	S	12	3	15	0.00000
Myroides_odoratimimus	76832	S	56	143	199	0.00004
Myroides_odoratus	256	S	35	4	39	0.00001
Myroides_phaeus	702745	S	27	17	44	0.00001
Myroides_fluvii	2572594	S	18	3	21	0.00000
Maribacter_sp._MJ134	2496865	S	39	11	50	0.00001
Maribacter_sp._HTCC2170	313603	S	21	2	23	0.00000
Maribacter_cobaltidurans	1178778	S	43	49	92	0.00002
Maribacter_hydrothermalis	1836467	S	18	13	31	0.00001
Robiginitalea_biformata	252307	S	148	6	154	0.00003
Formosa_sp._Hel1_33_131	1336794	S	24	2	26	0.00000
Formosa_sp._L2A11	2686363	S	24	8	32	0.00001
Formosa_sp._Hel1_31_208	1798225	S	16	2	18	0.00000
Formosa_sp._Hel3_A1_48	1336795	S	10	2	12	0.00000
Formosa_agariphila	320324	S	34	7	41	0.00001
Formosa_sediminum	2594004	S	17	4	21	0.00000
Zunongwangia_profunda	398743	S	69	70	139	0.00003
Zunongwangia_sp._SCSIO_43204	2779359	S	48	42	90	0.00002
Aquimarina_sp._BL5	1714860	S	40	6	46	0.00001
Aquimarina_sp._TRL1	2736252	S	35	2	37	0.00001
Aquimarina_sp._AD1	1714848	S	22	3	25	0.00000
Aquimarina_sp._AD10	1714849	S	22	1	23	0.00000
Tenacibaculum_sp._SZ-18	754423	S	18	18	36	0.00001
Tenacibaculum_todarodis	1850252	S	13	5	18	0.00000
Tenacibaculum_mesophilum	104268	S	12	7	19	0.00000
Tenacibaculum_dicentrarchi	669041	S	12	4	16	0.00000
Tenacibaculum_singaporense	2358479	S	12	6	18	0.00000
Tenacibaculum_jejuense	584609	S	11	1	12	0.00000
Tenacibaculum_maritimum	107401	S	10	1	11	0.00000
Sinomicrobium_sp._HD2P242	2900738	S	114	3	117	0.00002
Mariniflexile_sp._TRM1-10	2027857	S	112	11	123	0.00002
Cellulophaga_sp._HaHaR_3_176	1942464	S	14	4	18	0.00000
Cellulophaga_sp._L1A9	2686362	S	12	11	23	0.00000
Cellulophaga_lytica	979	S	22	6	28	0.00001
Cellulophaga_algicola	59600	S	21	4	25	0.00000
Cellulophaga_baltica	76594	S	15	10	25	0.00000
Lacinutrix_sp._Bg11-31	2057808	S	29	7	36	0.00001
Lacinutrix_sp._WUR7	2653681	S	23	6	29	0.00001
Lacinutrix_sp._5H-3-7-4	983544	S	18	10	28	0.00001
Lacinutrix_venerupis	1486034	S	17	4	21	0.00000
Algibacter_sp._L1A34	2686365	S	25	13	38	0.00001
Algibacter_sp._L3A6	2686366	S	21	11	32	0.00001
Algibacter_alginicilyticus	1736674	S	37	12	49	0.00001
Kordia_sp._SMS9	2282170	S	44	5	49	0.00001
Kordia_antarctica	1218801	S	30	4	34	0.00001
Dokdonia_sp._4H-3-7-5	983548	S	13	10	23	0.00000
Dokdonia_sp._PRO95	1239415	S	12	5	17	0.00000
Dokdonia_sp._MED134	313590	S	10	7	17	0.00000
Dokdonia_donghaensis	326320	S	13	8	21	0.00000
Flagellimonas_sp._CMM7	2654676	S	48	4	52	0.00001
Flagellimonas_sp._HMM57	2905121	S	24	2	26	0.00000
Arenibacter_algicola	616991	S	73	27	100	0.00002
Galbibacter_sp._BG1	1170699	S	70	6	76	0.00001
Seonamhaeicola_sp._S2-3	1936081	S	33	8	41	0.00001
Seonamhaeicola_sp._ML3	2937786	S	29	3	32	0.00001
Leeuwenhoekiella_palythoae	573501	S	23	22	45	0.00001
Leeuwenhoekiella_sp._ZYFB001	2719912	S	19	14	33	0.00001
Zhouia_spongiae	2202721	S	61	16	77	0.00001
Pukyongia_salina	2094025	S	58	3	61	0.00001
Constantimarinum_furrinae	2562285	S	54	5	59	0.00001
Zobellia_galactanivorans	63186	S	53	3	56	0.00001
Siansivirga_zeaxanthinifaciens	762954	S	52	13	65	0.00001
Tamlana_sp._s12	1630406	S	25	10	35	0.00001
Tamlana_carrageenivorans	2069432	S	18	7	25	0.00000
Psychroflexus_torquis	57029	S	27	1	28	0.00001
Psychroflexus_sp._ALD_RP9	2777186	S	23	2	25	0.00000
Lutibacter_sp._A64	2918526	S	20	6	26	0.00000
Lutibacter_sp._A80	2918453	S	10	3	13	0.00000
Lutibacter_profundi	1622118	S	14	1	15	0.00000
Aggregatimonas_sangjinii	2583587	S	47	2	49	0.00001
Flavivirga_eckloniae	1803846	S	45	4	49	0.00001
Mesoflavibacter_sp._SCSIO_43206	2779362	S	19	31	50	0.00001
Gilvibacter_sp._SZ-19	754429	S	43	6	49	0.00001
Marixanthomonas_sp._SCSIO_43207	2779360	S	42	14	56	0.00001
Sediminicola_sp._YIK13	1453352	S	41	4	45	0.00001
Sabulilitoribacter_sp._BrNp1-15	2916754	S	41	10	51	0.00001
Changchengzhania_lutea	2049305	S	39	5	44	0.00001
Oceanihabitans_sp._IOP_32	2529032	S	37	17	54	0.00001
Gillisia_sp._Hel1_33_143	1336796	S	36	13	49	0.00001
Bizionia_sp._M204	2675331	S	35	8	43	0.00001
Urechidicola_croceus	1850246	S	34	22	56	0.00001
Croceibacter_atlanticus	313588	S	34	6	40	0.00001
Euzebyella_marina	1761453	S	33	21	54	0.00001
Olleya_aquimaris	639310	S	17	9	26	0.00000
Costertonia_aggregata	343403	S	31	7	38	0.00001
Muriicola_soli	2507538	S	29	1	30	0.00001
Aegicerativicinus_sediminis	2893202	S	26	1	27	0.00000
Amniculibacterium_sp._G2-70	2767188	S	21	25	46	0.00001
Flavobacteriaceae_bacterium_10Alg115	2584122	S	17	1	18	0.00000
Psychroserpens_sp._NJDZ02	2570561	S	13	33	46	0.00001
Wenyingzhuangia_fucanilytica	1790137	S	10	1	11	0.00000
Chryseobacterium_sp._SC2-2	2929800	S	36	21	57	0.00001
Chryseobacterium_sp._6424	2039166	S	35	12	47	0.00001
Chryseobacterium_sp._cx-624	2758037	S	29	7	36	0.00001
Chryseobacterium_sp.	1871047	S	24	13	37	0.00001
Chryseobacterium_sp._T16E-39	2015076	S	24	3	27	0.00001
Chryseobacterium_sp._Y16C	2920939	S	24	23	47	0.00001
Chryseobacterium_sp._ADR-1	2929799	S	22	10	32	0.00001
Chryseobacterium_sp._G0201	2487065	S	20	8	28	0.00001
Chryseobacterium_sp._ZHDP1	2838877	S	20	23	43	0.00001
Chryseobacterium_sp._C-17	2898076	S	17	13	30	0.00001
Chryseobacterium_sp._LJ668	2864040	S	17	4	21	0.00000
Chryseobacterium_sp._F4	2852098	S	17	1	18	0.00000
Chryseobacterium_sp._StRB126	878220	S	16	7	23	0.00000
Chryseobacterium_sp._POL2	2713414	S	15	11	26	0.00000
Chryseobacterium_sp._DH-B6	2759528	S	13	8	21	0.00000
Chryseobacterium_sp._MEBOG07	2879939	S	13	5	18	0.00000
Chryseobacterium_sp._IHB_B_17019	1721091	S	13	2	15	0.00000
Chryseobacterium_sp._SNU_WT5	2594269	S	12	5	17	0.00000
Chryseobacterium_sp._G0186	2487064	S	12	11	23	0.00000
Chryseobacterium_sp._PCH239	2825845	S	10	12	22	0.00000
Chryseobacterium_sp._MEBOG06	2879938	S	10	3	13	0.00000
Chryseobacterium_indologenes	253	S	63	41	104	0.00002
Chryseobacterium_taklimakanense	536441	S	61	45	106	0.00002
Chryseobacterium_gallinarum	1324352	S	49	23	72	0.00001
Chryseobacterium_camelliae	1265445	S	44	34	78	0.00001
Chryseobacterium_shandongense	1493872	S	41	37	78	0.00001
Chryseobacterium_daecheongense	192389	S	32	7	39	0.00001
Chryseobacterium_indoltheticum	254	S	31	10	41	0.00001
Chryseobacterium_gleum	250	S	27	50	77	0.00001
Chryseobacterium_arthrosphaerae	651561	S	26	19	45	0.00001
Chryseobacterium_lactis	1241981	S	23	32	55	0.00001
Chryseobacterium_nepalense	1854498	S	22	4	26	0.00000
Chryseobacterium_manosquense	2754694	S	21	23	44	0.00001
Chryseobacterium_carnipullorum	1124835	S	19	9	28	0.00001
Chryseobacterium_nakagawai	1241982	S	18	42	60	0.00001
Chryseobacterium_balustinum	246	S	17	8	25	0.00000
Chryseobacterium_joostei	112234	S	17	9	26	0.00000
Chryseobacterium_aureum	2497456	S	16	5	21	0.00000
Chryseobacterium_salivictor	2547600	S	13	2	15	0.00000
Chryseobacterium_glaciei	1685010	S	12	3	15	0.00000
Chryseobacterium_piperi	558152	S	10	1	11	0.00000
Kaistella_sp._97-N-M2	2908645	S	22	2	24	0.00000
Kaistella_sp._GW4-15	2878534	S	14	1	15	0.00000
Kaistella_daneshvariae	2487074	S	28	3	31	0.00001
Kaistella_flava_(ex_Peng_et_al._2021)	2038776	S	15	2	17	0.00000
Kaistella_jeonii	266749	S	14	1	15	0.00000
Kaistella_carnis	1241979	S	14	5	19	0.00000
Candidatus_Kaistella_beijingensis	2820270	S	13	6	19	0.00000
Epilithonimonas_vandammei	2487072	S	23	45	68	0.00001
Epilithonimonas_zeae	1416779	S	16	2	18	0.00000
Elizabethkingia_anophelis	1117645	S	35	59	94	0.00002
Elizabethkingia_sp._JS20170427COW	2583851	S	26	4	30	0.00001
Elizabethkingia_meningoseptica	238	S	26	2	28	0.00001
Elizabethkingia_ursingii	1756150	S	16	3	19	0.00000
Elizabethkingia_miricola	172045	S	13	9	22	0.00000
Empedobacter_brevis	247	S	32	14	46	0.00001
Empedobacter_stercoris	1628248	S	26	10	36	0.00001
Empedobacter_falsenii	343874	S	13	10	23	0.00000
Ornithobacterium_rhinotracheale	28251	S	43	37	80	0.00001
Cloacibacterium_caeni	2004710	S	14	19	33	0.00001
Cloacibacterium_normanense	237258	S	11	11	22	0.00000
Riemerella_anatipestifer	34085	S	35	14	49	0.00001
Apibacter_raozihei	2500547	S	14	6	20	0.00000
Cruoricaptor_ignavus	1118202	S	32	5	37	0.00001
Weeksella_virosa	1014	S	31	16	47	0.00001
Faecalibacter_bovis	2898187	S	18	3	21	0.00000
Bergeyella_cardium	1585976	S	15	3	18	0.00000
Fluviicola_taffensis	191579	S	193	10	203	0.00004
Crocinitomix_sp._GM2_3_6_6	2862509	S	24	0	24	0.00000
Owenweeksia_hongkongensis	253245	S	51	2	53	0.00001
Croceimicrobium_hydrocarbonivorans	2761580	S	39	8	47	0.00001
Blattabacterium_cuenoti	1653831	S	63	14	77	0.00001
Candidatus_Walczuchella_monophlebidarum	1415657	S	10	0	10	0.00000
Chitinophaga_sp._XS-30	2604421	S	2856	278	3134	0.00057
Chitinophaga_sp._KRA15-503	2829818	S	234	53	287	0.00005
Chitinophaga_alhagiae	2203219	S	1036	26	1062	0.00019
Chitinophaga_oryzae	2725414	S	440	65	505	0.00009
Chitinophaga_filiformis	104663	S	216	34	250	0.00005
Chitinophaga_caeni	2029983	S	148	23	171	0.00003
Chitinophaga_pinensis	79329	S	109	26	135	0.00002
Chitinophaga_agri	2703787	S	102	28	130	0.00002
Pseudobacter_ginsenosidimutans	661488	S	2418	121	2539	0.00046
Flavisolibacter_tropicus	1492898	S	187	19	206	0.00004
Flavisolibacter_ginsenosidimutans	661481	S	167	6	173	0.00003
Niastella_koreensis	354356	S	262	15	277	0.00005
Niabella_ginsenosidivorans	1176587	S	128	8	136	0.00002
Niabella_soli	446683	S	122	8	130	0.00002
Arachidicoccus_sp._BS20	1850526	S	54	19	73	0.00001
Arachidicoccus_sp._5GH13-10	2875539	S	43	9	52	0.00001
Arachidicoccus_sp._B3-10	2545455	S	28	1	29	0.00001
Arachidicoccus_ginsenosidivorans	496057	S	56	11	67	0.00001
Arachidicoccus_soli	2341117	S	51	5	56	0.00001
Flavihumibacter_sp._IMCC34838	2838156	S	129	9	138	0.00002
Flavihumibacter_sp._IMCC34837	2838157	S	97	5	102	0.00002
Pseudocnuella_soli	2502779	S	225	16	241	0.00004
Paraflavitalea_soli	2315862	S	201	8	209	0.00004
Ferruginibacter_lapsinanis	563172	S	60	5	65	0.00001
Ferruginibacter_sp._KIS38-8	2875540	S	54	5	59	0.00001
Phnomibacter_ginsenosidimutans	2676868	S	113	8	121	0.00002
Filimonas_lacunae	477680	S	107	7	114	0.00002
Lacibacter_sp._S13-6-6	2760713	S	81	2	83	0.00002
Panacibacter_ginsenosidivorans	1813871	S	80	2	82	0.00001
Sphingobacterium_mizutaii	1010	S	697	129	826	0.00015
Sphingobacterium_sp._CZ-2	2557994	S	81	28	109	0.00002
Sphingobacterium_sp._DR205	2713573	S	63	9	72	0.00001
Sphingobacterium_sp._dk4302	2662364	S	45	6	51	0.00001
Sphingobacterium_sp._UDSM-2020	2795738	S	44	24	68	0.00001
Sphingobacterium_sp._ML3W	1538644	S	36	19	55	0.00001
Sphingobacterium_sp._SRCM116780	2907623	S	35	9	44	0.00001
Sphingobacterium_sp._PCS056	2931400	S	23	9	32	0.00001
Sphingobacterium_spiritivorum	258	S	204	166	370	0.00007
Sphingobacterium_multivorum	28454	S	147	474	621	0.00011
Sphingobacterium_thalpophilum	259	S	129	166	295	0.00005
Sphingobacterium_daejeonense	371142	S	71	25	96	0.00002
Sphingobacterium_psychroaquaticum	561061	S	67	15	82	0.00001
Sphingobacterium_lactis	797291	S	59	59	118	0.00002
Sphingobacterium_hotanense	649196	S	54	19	73	0.00001
Sphingobacterium_paramultivorum	2886510	S	14	27	41	0.00001
Mucilaginibacter_sp._21P	2778902	S	94	8	102	0.00002
Mucilaginibacter_sp._14171R-50	2703789	S	88	8	96	0.00002
Mucilaginibacter_sp._F39-2	2728022	S	83	6	89	0.00002
Mucilaginibacter_sp._SMC90	2929803	S	81	6	87	0.00002
Mucilaginibacter_mali	2740462	S	141	6	147	0.00003
Mucilaginibacter_daejeonensis	398049	S	128	8	136	0.00002
Mucilaginibacter_ginsenosidivorans	398053	S	118	5	123	0.00002
Mucilaginibacter_paludis	423351	S	113	7	120	0.00002
Mucilaginibacter_gotjawali	1550579	S	110	3	113	0.00002
Mucilaginibacter_celer	2305508	S	108	5	113	0.00002
Mucilaginibacter_xinganensis	1234841	S	102	6	108	0.00002
Mucilaginibacter_ginsenosidivorax	862126	S	94	4	98	0.00002
Mucilaginibacter_mallensis	652787	S	89	4	93	0.00002
Mucilaginibacter_ginkgonis	2682091	S	89	5	94	0.00002
Mucilaginibacter_rubeus	2027860	S	74	277	351	0.00006
Mucilaginibacter_gossypii	551996	S	53	61	114	0.00002
Pedobacter_sp._HDW13	2714940	S	55	11	66	0.00001
Pedobacter_sp._PACM_27299	1727164	S	51	11	62	0.00001
Pedobacter_sp._G11	2482728	S	44	10	54	0.00001
Pedobacter_sp._SW-16	2766984	S	39	12	51	0.00001
Pedobacter_sp._Q8-18	2895286	S	37	4	41	0.00001
Pedobacter_sp._D749	2856523	S	36	17	53	0.00001
Pedobacter_sp._KBS0701	2578106	S	30	15	45	0.00001
Pedobacter_heparinus	984	S	92	12	104	0.00002
Pedobacter_schmidteae	2201271	S	89	12	101	0.00002
Pedobacter_aquae	2605747	S	75	9	84	0.00002
Pedobacter_endophyticus	2789740	S	61	9	70	0.00001
Pedobacter_cryoconitis	188932	S	57	8	65	0.00001
Pedobacter_ginsengisoli	363852	S	56	10	66	0.00001
Pedobacter_steynii	430522	S	54	8	62	0.00001
Pedobacter_roseus	336820	S	52	31	83	0.00001
Pedobacter_suwonensis	332999	S	47	18	65	0.00001
Olivibacter_sp._SDN3	2764720	S	154	34	188	0.00003
Olivibacter_sp._LS-1	2592345	S	116	13	129	0.00002
Pseudopedobacter_saltans	151895	S	193	186	379	0.00007
Anseongella_ginsenosidimutans	496056	S	163	5	168	0.00003
Solitalea_canadensis	995	S	53	7	60	0.00001
Solitalea_sp._S2-8	2911172	S	39	6	45	0.00001
Rhodocaloribacter_litoris	2558931	S	2888	236	3124	0.00056
Rhodothermus_marinus	29549	S	1773	76	1849	0.00033
Salinibacter_ruber	146919	S	1048	9	1057	0.00019
Alistipes_communis	2585118	S	159	122	281	0.00005
Alistipes_dispar	2585119	S	141	17	158	0.00003
Alistipes_onderdonkii	328813	S	134	168	302	0.00005
Alistipes_senegalensis	1288121	S	119	25	144	0.00003
Alistipes_finegoldii	214856	S	115	112	227	0.00004
Alistipes_megaguti	2364787	S	109	11	120	0.00002
Alistipes_sp._dk3624	2662363	S	109	23	132	0.00002
Alistipes_shahii	328814	S	93	54	147	0.00003
Alistipes_indistinctus	626932	S	91	19	110	0.00002
Prevotella_sp._oral_taxon_475	712471	S	25	3	28	0.00001
Prevotella_sp._Rep29	2691580	S	25	3	28	0.00001
Prevotella_sp._E15-22	2937774	S	18	12	30	0.00001
Prevotella_sp._E13-17	2913616	S	16	5	21	0.00000
Prevotella_sp._E2-28	2913620	S	16	9	25	0.00000
Prevotella_sp._E9-3	2913621	S	11	5	16	0.00000
Prevotella_dentalis	52227	S	89	21	110	0.00002
Prevotella_melaninogenica	28132	S	38	26	64	0.00001
Prevotella_denticola	28129	S	36	26	62	0.00001
Prevotella_copri	165179	S	24	11	35	0.00001
Prevotella_ruminicola	839	S	22	1	23	0.00000
Prevotella_multiformis	282402	S	19	19	38	0.00001
Prevotella_intermedia	28131	S	17	15	32	0.00001
Prevotella_oris	28135	S	14	3	17	0.00000
Prevotella_jejuni	1177574	S	12	10	22	0.00000
Prevotella_buccalis	28127	S	11	13	24	0.00000
Paraprevotella_xylaniphila	454155	S	25	22	47	0.00001
Pseudoprevotella_muciniphila	2133944	S	21	1	22	0.00000
Bacteroides_sp._CBA7301	2715212	S	23	9	32	0.00001
Bacteroides_eggerthii	28111	S	33	38	71	0.00001
Bacteroides_thetaiotaomicron	818	S	32	22	54	0.00001
Bacteroides_cellulosilyticus	246787	S	22	8	30	0.00001
Bacteroides_fragilis	817	S	21	45	66	0.00001
Bacteroides_zoogleoformans	28119	S	20	6	26	0.00000
Bacteroides_salyersiae	291644	S	20	19	39	0.00001
Bacteroides_stercoris	46506	S	19	19	38	0.00001
Bacteroides_nordii	291645	S	19	14	33	0.00001
Bacteroides_heparinolyticus	28113	S	18	5	23	0.00000
Bacteroides_intestinalis	329854	S	18	4	22	0.00000
Bacteroides_uniformis	820	S	18	62	80	0.00001
Bacteroides_zhangwenhongii	2650157	S	17	12	29	0.00001
Bacteroides_helcogenes	290053	S	17	0	17	0.00000
Bacteroides_caccae	47678	S	16	2	18	0.00000
Bacteroides_xylanisolvens	371601	S	12	43	55	0.00001
Bacteroides_luhongzhouii	2650158	S	11	6	17	0.00000
Bacteroides_faecis	674529	S	11	10	21	0.00000
Phocaeicola_salanitronis	376805	S	33	14	47	0.00001
Phocaeicola_coprophilus	387090	S	21	11	32	0.00001
Phocaeicola_dorei	357276	S	12	28	40	0.00001
Parabacteroides_merdae	46503	S	51	57	108	0.00002
Parabacteroides_goldsteinii	328812	S	33	8	41	0.00001
Parabacteroides_distasonis	823	S	23	68	91	0.00002
Parabacteroides_johnsonii	387661	S	15	12	27	0.00000
Tannerella_serpentiformis	712710	S	81	3	84	0.00002
Tannerella_forsythia	28112	S	36	2	38	0.00001
Sodaliphilus_pleomorphus	2606626	S	76	38	114	0.00002
Duncaniella_dubosii	2518971	S	14	2	16	0.00000
Muribaculum_gordoncarteri	2530390	S	31	3	34	0.00001
Muribaculum_intestinale	1796646	S	21	1	22	0.00000
Porphyromonas_sp._oral_taxon_275	712435	S	75	6	81	0.00001
Porphyromonas_gingivalis	837	S	32	5	37	0.00001
Porphyromonas_asaccharolytica	28123	S	23	2	25	0.00000
Porphyromonas_cangingivalis	36874	S	19	3	22	0.00000
Porphyromonas_somerae	322095	S	14	4	18	0.00000
Proteiniphilum_saccharofermentans	1642647	S	42	3	45	0.00001
Proteiniphilum_sp._JNU-WLY501	2829812	S	22	0	22	0.00000
Petrimonas_mucosa	1642646	S	43	1	44	0.00001
Butyricimonas_faecalis	2093856	S	19	15	34	0.00001
Butyricimonas_virosa	544645	S	15	1	16	0.00000
Odoribacter_splanchnicus	28118	S	17	26	43	0.00001
Barnesiella_viscericola	397865	S	42	55	97	0.00002
Coprobacter_secundus	1501392	S	12	10	22	0.00000
Paludibacter_propionicigenes	185300	S	23	0	23	0.00000
Salinivirga_cyanobacteriivorans	1307839	S	18	0	18	0.00000
Tenuifilum_thalassicum	2590900	S	15	0	15	0.00000
Draconibacterium_orientale	1168034	S	39	10	49	0.00001
Draconibacterium_halophilum	2706887	S	17	4	21	0.00000
Maribellus_comscasis	2681766	S	17	0	17	0.00000
Alkalitalea_saponilacus	889453	S	23	2	25	0.00000
Labilibaculum_antarcticum	1717717	S	21	1	22	0.00000
Haliscomenobacter_hydrossis	2350	S	117	1	118	0.00002
Saprospira_grandis	1008	S	21	0	21	0.00000
Candidatus_Sulfidibacterium_hydrothermale	2875962	S	29	0	29	0.00001
Chlorobaculum_limnaeum	274537	S	178	24	202	0.00004
Chlorobaculum_parvum	274539	S	102	16	118	0.00002
Chlorobaculum_tepidum	1097	S	89	20	109	0.00002
Pelodictyon_luteolum	1100	S	74	15	89	0.00002
Pelodictyon_phaeoclathratiforme	34090	S	25	1	26	0.00000
Chlorobium_limicola	1092	S	36	3	39	0.00001
Chlorobium_phaeovibrioides	1094	S	27	6	33	0.00001
Chlorobium_phaeobacteroides	1096	S	27	3	30	0.00001
Prosthecochloris_sp._GSB1	281093	S	96	4	100	0.00002
Prosthecochloris_sp._CIB_2401	1868325	S	36	6	42	0.00001
Prosthecochloris_sp._HL-130-GSB	1974213	S	29	3	32	0.00001
Prosthecochloris_aestuarii	1102	S	18	0	18	0.00000
Chloroherpeton_thalassium	100716	S	35	0	35	0.00001
Candidatus_Cyclonatronum_proteinivorum	1457365	S	85	4	89	0.00002
Ignavibacterium_album	591197	S	18	4	22	0.00000
Melioribacter_roseus	1134405	S	17	3	20	0.00000
Gemmatirosa_kalamazoonesis	861299	S	14154	1056	15210	0.00274
Gemmatimonas_groenlandica	2732249	S	1755	249	2004	0.00036
Gemmatimonas_aurantiaca	173480	S	1506	189	1695	0.00031
Gemmatimonas_phototrophica	1379270	S	1178	207	1385	0.00025
Fibrobacter_succinogenes	833	S	35	0	35	0.00001
Candidatus_Cloacimonas_acidaminovorans	456827	S	14	0	14	0.00000
Luteitalea_sp._TBR-22	2802971	S	4236	564	4800	0.00087
Luteitalea_pratensis	1855912	S	2999	263	3262	0.00059
Granulicella_sp._WH15	2602070	S	390	54	444	0.00008
Granulicella_sp._5B5	1617967	S	299	37	336	0.00006
Granulicella_mallensis	940614	S	252	25	277	0.00005
Granulicella_tundricola	940615	S	224	24	248	0.00004
Terriglobus_roseus	392734	S	329	61	390	0.00007
Terriglobus_albidus	1592106	S	235	18	253	0.00005
Terriglobus_saanensis	870903	S	152	17	169	0.00003
Acidobacterium_capsulatum	33075	S	286	26	312	0.00006
Acidobacterium_sp._4Y35	2763107	S	197	10	207	0.00004
Candidatus_Koribacter_versatilis	658062	S	345	9	354	0.00006
Edaphobacter_sp._12200R-103	2703788	S	202	28	230	0.00004
Edaphobacter_sp._4G125	2763071	S	120	14	134	0.00002
Acidisarcina_polymorpha	2211140	S	151	9	160	0.00003
Paludibaculum_fermentans	1473598	S	951	16	967	0.00017
Chloracidobacterium_aggregatum	2851959	S	156	49	205	0.00004
Chloracidobacterium_validum	2821543	S	122	1	123	0.00002
Chloracidobacterium_sp._D	2821536	S	22	71	93	0.00002
Chloracidobacterium_thermophilum	458033	S	14	41	55	0.00001
Sulfidibacter_corallicola	2818388	S	411	9	420	0.00008
Thermotomaculum_hydrothermale	981385	S	16	0	16	0.00000
Nitrospira_moscoviensis	42253	S	657	40	697	0.00013
Candidatus_Nitrospira_inopinata	1715989	S	277	17	294	0.00005
Nitrospira_japonica	1325564	S	220	19	239	0.00004
Nitrospira_sp._KM1	1936990	S	174	12	186	0.00003
Leptospirillum_ferrooxidans	180	S	23	0	23	0.00000
Leptospirillum_ferriphilum	178606	S	12	22	34	0.00001
Thermodesulfovibrio_yellowstonii	28262	S	22	0	22	0.00000
Spirochaeta_thermophila	154	S	112	1	113	0.00002
Spirochaeta_africana	46355	S	50	2	52	0.00001
Salinispira_pacifica	1307761	S	26	0	26	0.00000
Sediminispirochaeta_smaragdinae	55206	S	20	0	20	0.00000
Oceanispirochaeta_crateris	2518645	S	10	0	10	0.00000
Treponema_brennaborense	81028	S	28	5	33	0.00001
Treponema_primitia	88058	S	21	1	22	0.00000
Treponema_socranskii	53419	S	19	35	54	0.00001
Treponema_parvum	138851	S	18	2	20	0.00000
Treponema_azotonutricium	150829	S	18	0	18	0.00000
Treponema_caldarium	215591	S	13	1	14	0.00000
Sphaerochaeta_associata	1129264	S	17	1	18	0.00000
Sphaerochaeta_globosa	1131703	S	13	1	14	0.00000
Sphaerochaeta_coccoides	273376	S	11	0	11	0.00000
Breznakiella_homolactica	2798577	S	32	2	34	0.00001
Leptospira_kmetyi	408139	S	16	11	27	0.00000
Leptospira_kobayashii	1917830	S	16	1	17	0.00000
Leptospira_tipperaryensis	2564040	S	11	4	15	0.00000
Turneriella_parva	29510	S	68	0	68	0.00001
Fretibacterium_fastidiosum	651822	S	124	0	124	0.00002
Pyramidobacter_piscolens	638849	S	112	4	116	0.00002
Aminomonas_paucivorans	81412	S	98	8	106	0.00002
Thermanaerovibrio_acidaminovorans	81462	S	51	10	61	0.00001
Thermanaerovibrio_velox	108007	S	39	5	44	0.00001
Jonquetella_anthropi	428712	S	57	4	61	0.00001
Cloacibacillus_porcorum	1197717	S	57	6	63	0.00001
Acetomicrobium_mobile	97477	S	19	0	19	0.00000
Candidatus_Nanosynbacter_featherlites	2572088	S	40	27	67	0.00001
Candidatus_Nanosynbacter_lyticus	2093824	S	19	92	111	0.00002
Nanosynbacter_sp._HMT-352	2899133	S	10	52	62	0.00001
Candidatus_Saccharimonas_aalborgensis	1332188	S	126	2	128	0.00002
Candidatus_Bipolaricaulis_anaerobius	2026885	S	125	2	127	0.00002
Candidatus_Chazhemtobacterium_aquaticus	2715735	S	16	0	16	0.00000
Candidatus_Absconditicoccus_praedator	2735562	S	15	0	15	0.00000
Candidatus_Babela_massiliensis	673862	S	11	0	11	0.00000
Fusobacterium_nucleatum	851	S	20	30	50	0.00001
Fusobacterium_ulcerans	861	S	12	1	13	0.00000
Cetobacterium_somerae	188913	S	12	1	13	0.00000
Thermotoga_caldifontis	1508419	S	19	37	56	0.00001
Athalassotoga_saccharophila	1441386	S	13	2	15	0.00000
Hydrogenobacter_sp._T-8	1632019	S	10	2	12	0.00000
Sulfurihydrogenibium_azorense	309806	S	10	0	10	0.00000
Thermosulfidibacter_takaii	412593	S	10	0	10	0.00000
Thermovibrio_ammonificans	228745	S	13	2	15	0.00000
Desulfurobacterium_thermolithotrophum	64160	S	11	1	12	0.00000
Thermosulfurimonas_marina	2047767	S	44	7	51	0.00001
Thermosulfuriphilus_ammonigenes	1936021	S	17	0	17	0.00000
Thermodesulfatator_indicus	171695	S	13	2	15	0.00000
Calditerrivibrio_nitroreducens	477976	S	20	3	23	0.00000
Flexistipes_sinusarabici	2352	S	16	2	18	0.00000
Geovibrio_thiophilus	139438	S	14	4	18	0.00000
Deferribacter_desulfuricans	197162	S	13	3	16	0.00000
Desulfurispirillum_indicum	936456	S	76	16	92	0.00002
Caldithrix_abyssi	187145	S	69	0	69	0.00001
Elusimicrobium_minutum	423605	S	13	0	13	0.00000
Candidatus_Endomicrobium_trichonymphae	1408204	S	10	1	11	0.00000
Coprothermobacter_proteolyticus	35786	S	21	2	23	0.00000
Caldisericum_exile	693075	S	12	0	12	0.00000
Fusarium_acuminatum	5515	S	1872	211	2083	0.00038
Fusarium_avenaceum	40199	S	29	2	31	0.00001
Fusarium_pseudograminearum	101028	S	43	19	62	0.00001
Fusarium_sambucinum	5128	S	40	21	61	0.00001
Fusarium_poae	36050	S	40	22	62	0.00001
Fusarium_longipes	694270	S	25	2	27	0.00000
Fusarium_sporotrichioides	5514	S	19	2	21	0.00000
Fusarium_venenatum	56646	S	16	51	67	0.00001
Fusarium_culmorum	5516	S	11	11	22	0.00000
Fusarium_nygamai	42673	S	28	18	46	0.00001
Fusarium_fujikuroi	5127	S	27	6	33	0.00001
Fusarium_thapsinum	120644	S	24	11	35	0.00001
Fusarium_pseudonygamai	47755	S	13	6	19	0.00000
Fusarium_dimerum	57145	S	107	6	113	0.00002
Fusarium_decemcellulare	57161	S	98	4	102	0.00002
Fusarium_heterosporum	42747	S	46	8	54	0.00001
Fusarium_graminum	86546	S	36	6	42	0.00001
Fusarium_lateritium	5523	S	74	4	78	0.00001
Fusarium_oxysporum	5507	S	66	57	123	0.00002
Fusarium_nelsonii	77846	S	25	10	35	0.00001
Fusarium_chlamydosporum	86545	S	24	9	33	0.00001
Fusarium_equiseti	61235	S	27	9	36	0.00001
Fusarium_scirpi	2211609	S	20	6	26	0.00000
Fusarium_musae	1042133	S	19	60	79	0.00001
Metarhizium_guizhouense	169041	S	155	91	246	0.00004
Metarhizium_album	92629	S	141	8	149	0.00003
Metarhizium_rileyi	1649241	S	85	28	113	0.00002
Metarhizium_anisopliae	5530	S	43	87	130	0.00002
Metarhizium_acridum	92637	S	38	49	87	0.00002
Metarhizium_humberi	2596975	S	30	18	48	0.00001
Metarhizium_majus	1650735	S	28	14	42	0.00001
Metarhizium_brunneum	500148	S	20	17	37	0.00001
Ustilaginoidea_virens	1159556	S	239	25	264	0.00005
Pochonia_chlamydosporia	280754	S	46	6	52	0.00001
Trichoderma_citrinoviride	58853	S	85	12	97	0.00002
Trichoderma_reesei	51453	S	73	10	83	0.00002
Trichoderma_atroviride	63577	S	66	22	88	0.00002
Trichoderma_afroharzianum	1567482	S	64	13	77	0.00001
Trichoderma_pleuroti	500994	S	55	7	62	0.00001
Trichoderma_asperellum	101201	S	51	5	56	0.00001
Trichoderma_hamatum	49224	S	49	5	54	0.00001
Trichoderma_gamsii	398673	S	47	7	54	0.00001
Trichoderma_erinaceum	202914	S	36	6	42	0.00001
Trichoderma_harzianum	5544	S	34	6	40	0.00001
Trichoderma_koningiopsis	337941	S	24	4	28	0.00001
Trichoderma_virens	29875	S	22	180	202	0.00004
Trichoderma_longibrachiatum	5548	S	20	168	188	0.00003
Beauveria_felina	37994	S	161	18	179	0.00003
Beauveria_brongniartii	118266	S	73	23	96	0.00002
Beauveria_pseudobassiana	931006	S	70	13	83	0.00002
Beauveria_rudraprayagi	1481906	S	38	53	91	0.00002
Beauveria_bassiana	176275	S	31	45	76	0.00001
Cordyceps_fumosorosea	114497	S	183	21	204	0.00004
Purpureocillium_lilacinum	33203	S	281	41	322	0.00006
Drechmeria_coniospora	98403	S	247	22	269	0.00005
Clonostachys_rosea	29856	S	75	11	86	0.00002
Colletotrichum_higginsianum	80884	S	294	116	410	0.00007
Thermothielavioides_terrestris	2587410	S	300	34	334	0.00006
Thermothelomyces_thermophilus	78579	S	286	23	309	0.00006
Neurospora_crassa	5141	S	164	17	181	0.00003
Pyricularia_oryzae	318829	S	99	20	119	0.00002
Pyricularia_pennisetigena	1578925	S	72	9	81	0.00001
Pyricularia_grisea	148305	S	50	6	56	0.00001
Neopestalotiopsis_clavispora	289240	S	58	81	139	0.00003
Neopestalotiopsis_rosae	1562205	S	30	38	68	0.00001
Botrytis_cinerea	40559	S	78	1	79	0.00001
Aspergillus_puulaauensis	1220207	S	602	35	637	0.00011
Aspergillus_chevalieri	182096	S	459	66	525	0.00009
Aspergillus_luchuensis	1069201	S	116	11	127	0.00002
Aspergillus_oryzae	5062	S	31	40	71	0.00001
Aspergillus_fumigatus	746128	S	42	2	44	0.00001
Penicillium_citrinum	5077	S	35	8	43	0.00001
Penicillium_italicum	40296	S	35	11	46	0.00001
Penicillium_chrysogenum	5076	S	33	6	39	0.00001
Penicillium_aurantiogriseum	36655	S	26	8	34	0.00001
Penicillium_expansum	27334	S	24	8	32	0.00001
Penicillium_digitatum	36651	S	16	3	19	0.00000
Paecilomyces_niveus	5093	S	49	2	51	0.00001
Paecilomyces_variotii	264951	S	47	6	53	0.00001
Talaromyces_rugulosus	121627	S	56	6	62	0.00001
Ampelomyces_quisqualis	50730	S	107	22	129	0.00002
Paraphaeosphaeria_minitans	565426	S	86	55	141	0.00003
Zymoseptoria_tritici	1047171	S	61	1	62	0.00001
Cercospora_beticola	122368	S	33	0	33	0.00001
Kluyveromyces_marxianus	4911	S	39	17	56	0.00001
Eremothecium_gossypii	33169	S	28	36	64	0.00001
Eremothecium_cymbalariae	45285	S	13	1	14	0.00000
Tetrapisispora_phaffii	113608	S	21	1	22	0.00000
Tetrapisispora_blattae	1071379	S	14	1	15	0.00000
Lachancea_thermotolerans	381046	S	23	2	25	0.00000
Kazachstania_naganishii	588726	S	19	1	20	0.00000
Naumovozyma_dairenensis	27289	S	11	0	11	0.00000
[Candida]_glabrata	5478	S	16	1	17	0.00000
Zygotorulaspora_mrakii	42260	S	13	2	15	0.00000
Pichia_kudriavzevii	4909	S	31	1	32	0.00001
Ogataea_parapolymorpha	1005962	S	17	0	17	0.00000
Candida_dubliniensis	42374	S	20	2	22	0.00000
Candida_orthopsilosis	273371	S	18	0	18	0.00000
Yarrowia_lipolytica	4952	S	41	1	42	0.00001
Sugiyamaella_lignohabitans	796027	S	18	3	21	0.00000
Schizosaccharomyces_pombe	4896	S	36	2	38	0.00001
Pseudozyma_flocculosa	84751	S	336	5	341	0.00006
Sporisorium_graminicola	280036	S	80	20	100	0.00002
Ustilago_maydis	5270	S	68	3	71	0.00001
Malassezia_restricta	76775	S	43	11	54	0.00001
Phlebiopsis_gigantea	82310	S	66	0	66	0.00001
Rhizoctonia_solani	456999	S	22	1	23	0.00000
Marasmius_oreades	181124	S	28	2	30	0.00001
Cryptococcus_neoformans	5207	S	17	2	19	0.00000
Phytophthora_cinnamomi	4785	S	191	38	229	0.00004
Phytophthora_fragariae	53985	S	146	25	171	0.00003
Phytophthora_infestans	4787	S	113	207	320	0.00006
Phytophthora_cryptogea	4786	S	73	7	80	0.00001
Phytophthora_cactorum	29920	S	61	11	72	0.00001
Phytophthora_boehmeriae	109152	S	58	10	68	0.00001
Phytophthora_parasitica	4792	S	36	5	41	0.00001
Pythium_aphanidermatum	65070	S	116	8	124	0.00002
