name	taxonomy_id	taxonomy_lvl	kraken_assigned_reads	added_reads	new_est_reads	fraction_total_reads
Bradyrhizobium	374	G	104524	13256	117780	0.04176
Rhodopseudomonas	1073	G	5804	1790	7594	0.00269
Nitrobacter	911	G	2503	306	2809	0.00100
Tardiphaga	1395974	G	2053	256	2309	0.00082
Afipia	1033	G	1540	497	2037	0.00072
Variibacter	1649510	G	1447	108	1555	0.00055
Rhizobium	379	G	21654	5797	27451	0.00973
Agrobacterium	357	G	4328	1590	5918	0.00210
Neorhizobium	1525371	G	2345	541	2886	0.00102
Pseudorhizobium	1903858	G	850	155	1005	0.00036
Sinorhizobium	28105	G	9352	6106	15458	0.00548
Ensifer	106591	G	4630	825	5455	0.00193
Shinella	323620	G	3495	2334	5829	0.00207
Georhizobium	2661800	G	642	136	778	0.00028
Ciceribacter	1648508	G	489	89	578	0.00021
Peteryoungia	2853332	G	176	28	204	0.00007
Liberibacter	34019	G	24	2	26	0.00001
Mesorhizobium	68287	G	38635	7817	46452	0.01647
Aquibium	2911176	G	2672	646	3318	0.00118
Aminobacter	31988	G	2265	1367	3632	0.00129
Nitratireductor	245876	G	1718	266	1984	0.00070
Phyllobacterium	28100	G	902	90	992	0.00035
Roseitalea	1915401	G	690	117	807	0.00029
Hoeflea	274591	G	574	52	626	0.00022
Oricola	1594166	G	464	63	527	0.00019
Salaquimonas	2712688	G	195	8	203	0.00007
Lentilitoribacter	1649463	G	10	0	10	0.00000
Methylobacterium	407	G	18310	3310	21620	0.00767
Microvirga	186650	G	17034	1899	18933	0.00671
Methylorubrum	2282523	G	3656	1559	5215	0.00185
Devosia	46913	G	14017	1147	15164	0.00538
Paradevosia	1573407	G	901	337	1238	0.00044
Youhaiella	1827478	G	877	191	1068	0.00038
Pelagibacterium	1082930	G	417	77	494	0.00018
Maritalea	623276	G	76	2	78	0.00003
Pseudolabrys	556257	G	6618	1012	7630	0.00271
Starkeya	152053	G	2477	685	3162	0.00112
Xanthobacter	279	G	2332	547	2879	0.00102
Ancylobacter	99	G	2142	773	2915	0.00103
Labrys	204476	G	808	83	891	0.00032
Azorhizobium	6	G	760	166	926	0.00033
Rhodoplanes	29407	G	7251	729	7980	0.00283
Hyphomicrobium	81	G	2837	208	3045	0.00108
Methyloceanibacter	1484898	G	1513	110	1623	0.00058
Methyloligella	1485594	G	909	118	1027	0.00036
Aquabacter	45402	G	667	113	780	0.00028
Rhodomicrobium	1068	G	528	37	565	0.00020
Caenibius	2827482	G	369	156	525	0.00019
Filomicrobium	119044	G	282	9	291	0.00010
Bosea	85413	G	8953	1399	10352	0.00367
Aureimonas	414371	G	3675	736	4411	0.00156
Martelella	293088	G	1741	308	2049	0.00073
Aurantimonas	182269	G	1130	349	1479	0.00052
Pseudorhodoplanes	1734920	G	2225	167	2392	0.00085
Nordella	169055	G	1467	83	1550	0.00055
Terrihabitans	2874214	G	614	72	686	0.00024
Methylocystis	133	G	2539	231	2770	0.00098
Methylosinus	425	G	1251	195	1446	0.00051
Stappia	152161	G	1565	291	1856	0.00066
Pannonibacter	227873	G	766	554	1320	0.00047
Roseibium	150830	G	700	91	791	0.00028
Labrenzia	478070	G	546	49	595	0.00021
Pseudovibrio	258255	G	140	6	146	0.00005
Phreatobacter	1632780	G	3692	639	4331	0.00154
Chelatococcus	28209	G	2352	528	2880	0.00102
Kaustia	2838250	G	1250	122	1372	0.00049
Parvibaculum	256616	G	540	379	919	0.00033
Pyruvatibacter	1742974	G	350	43	393	0.00014
Candidatus_Phaeomarinobacter	1541445	G	151	7	158	0.00006
Blastochloris	59282	G	1981	463	2444	0.00087
Methylocella	120652	G	909	83	992	0.00035
Methylovirgula	1156568	G	762	63	825	0.00029
Beijerinckia	532	G	202	15	217	0.00008
Brucella	234	G	1211	586	1797	0.00064
Pseudochrobactrum	354349	G	125	17	142	0.00005
Kaistia	166953	G	1185	295	1480	0.00052
Acuticoccus	1904377	G	1139	121	1260	0.00045
Hartmannibacter	1572860	G	792	143	935	0.00033
Breoghania	1406135	G	732	97	829	0.00029
Lichenihabitans	2723776	G	667	30	697	0.00025
Cohaesibacter	655352	G	144	5	149	0.00005
Bartonella	773	G	116	6	122	0.00004
Sphingomonas	13687	G	63477	7915	71392	0.02532
Sphingobium	165695	G	10526	5346	15872	0.00563
Sphingopyxis	165697	G	8490	1800	10290	0.00365
Novosphingobium	165696	G	6624	2250	8874	0.00315
Rhizorhabdus	1649486	G	3082	1595	4677	0.00166
Allosphingosinicella	2823232	G	1953	243	2196	0.00078
Sphingosinithalassobacter	2676233	G	1203	302	1505	0.00053
Parasphingopyxis	1234545	G	828	40	868	0.00031
Sphingorhabdus	1434046	G	759	44	803	0.00028
Blastomonas	150203	G	661	107	768	0.00027
Tardibacter	2685927	G	465	391	856	0.00030
Citromicrobium	72173	G	424	203	627	0.00022
Hankyongella	1763827	G	392	79	471	0.00017
Novosphingopyxis	2709686	G	323	187	510	0.00018
Parasphingorhabdus	2709685	G	219	6	225	0.00008
Aquisediminimonas	2676781	G	181	6	187	0.00007
Erythrobacter	1041	G	4637	1221	5858	0.00208
Porphyrobacter	1111	G	1406	395	1801	0.00064
Qipengyuania	1855416	G	2966	828	3794	0.00135
Altererythrobacter	361177	G	1973	577	2550	0.00090
Tsuneonella	2800686	G	1927	390	2317	0.00082
Croceicoccus	1295327	G	1393	886	2279	0.00081
Croceibacterium	2676755	G	376	175	551	0.00020
Pelagerythrobacter	2800685	G	354	50	404	0.00014
Aurantiacibacter	2800681	G	333	55	388	0.00014
Paraurantiacibacter	2800682	G	330	43	373	0.00013
Sphingosinicella	335405	G	3271	345	3616	0.00128
Polymorphobacter	1508451	G	920	36	956	0.00034
Sandaracinobacter	56358	G	378	26	404	0.00014
Zymomonas	541	G	26	12	38	0.00001
Skermanella	204447	G	16433	2451	18884	0.00670
Azospirillum	191	G	11633	1355	12988	0.00461
Nitrospirillum	1543705	G	713	72	785	0.00028
Indioceanicola	2478349	G	685	81	766	0.00027
Niveispirillum	1543704	G	325	32	357	0.00013
Roseomonas	125216	G	7624	1032	8656	0.00307
Rhodovastum	504465	G	1180	108	1288	0.00046
Roseococcus	35812	G	1055	92	1147	0.00041
Komagataeibacter	1434011	G	824	386	1210	0.00043
Acidiphilium	522	G	779	428	1207	0.00043
Sediminicoccus	1706033	G	684	33	717	0.00025
Acidibrevibacterium	2603324	G	499	43	542	0.00019
Lichenicola	2804525	G	493	21	514	0.00018
Acetobacter	434	G	416	140	556	0.00020
Gluconobacter	441	G	346	87	433	0.00015
Gluconacetobacter	89583	G	324	68	392	0.00014
Granulibacter	364409	G	230	18	248	0.00009
Asaia	91914	G	144	23	167	0.00006
Neoasaia	320496	G	110	22	132	0.00005
Kozakia	153497	G	86	31	117	0.00004
Novacetimonas	2919364	G	76	34	110	0.00004
Oecophyllibacter	2791118	G	59	1	60	0.00002
Parasaccharibacter	1602345	G	47	1	48	0.00002
Swingsia	1649499	G	46	1	47	0.00002
Neokomagataea	1223423	G	22	3	25	0.00001
Hypericibacter	2705399	G	3552	207	3759	0.00133
Magnetospirillum	13134	G	1989	37527	39516	0.01401
Ferrovibrio	1231242	G	1423	88	1511	0.00054
Rhodospirillum	1081	G	1271	141	1412	0.00050
Tistrella	171436	G	795	348	1143	0.00041
Defluviicoccus	111830	G	478	41	519	0.00018
Pararhodospirillum	1612157	G	270	18	288	0.00010
Haematospirillum	1804663	G	45	3	48	0.00002
Candidatus_Endolissoclinum	1263978	G	21	0	21	0.00001
Stella	93	G	1961	131	2092	0.00074
Elioraea	457933	G	870	40	910	0.00032
Thalassospira	168934	G	347	25	372	0.00013
Magnetospira	1182780	G	181	5	186	0.00007
Terasakiella	196080	G	25	0	25	0.00001
Paracoccus	265	G	7212	1261	8473	0.00300
Cereibacter	1653176	G	1771	702	2473	0.00088
Rhodobacter	1060	G	1753	602	2355	0.00084
Rhodovulum	34008	G	964	229	1193	0.00042
Paroceanicella	2683599	G	879	251	1130	0.00040
Polymorphum	991903	G	711	182	893	0.00032
Pontivivens	1844015	G	605	48	653	0.00023
Pikeienuella	2831955	G	603	61	664	0.00024
Silicimonas	1955420	G	550	36	586	0.00021
Thioclava	285107	G	491	69	560	0.00020
Pelagovum	2795377	G	471	64	535	0.00019
Frigidibacter	1775705	G	401	184	585	0.00021
Pukyongiella	2831925	G	325	88	413	0.00015
Brevirhabdus	1855413	G	320	168	488	0.00017
Tabrizicola	1443919	G	278	28	306	0.00011
Fuscovulum	2818469	G	274	39	313	0.00011
Haematobacter	366614	G	251	110	361	0.00013
Falsirhodobacter	1434002	G	246	39	285	0.00010
Gymnodinialimonas	2937410	G	241	25	266	0.00009
Gemmobacter	204456	G	232	48	280	0.00010
Pseudopuniceibacterium	2613960	G	212	18	230	0.00008
Monaibacterium	2029873	G	197	51	248	0.00009
Pacificitalea	2846749	G	193	48	241	0.00009
Pseudooceanicola	1679449	G	172	18	190	0.00007
Roseicitreum	1209946	G	152	8	160	0.00006
Tritonibacter	2083206	G	143	73	216	0.00008
Qingshengfaniella	2816884	G	107	6	113	0.00004
Yoonia	2211641	G	105	26	131	0.00005
Pseudohalocynthiibacter	1759417	G	102	23	125	0.00004
Rhodobaca	119541	G	97	4	101	0.00004
Rhodophyticola	2680018	G	95	3	98	0.00003
Profundibacter	2778525	G	71	2	73	0.00003
Parasedimentitalea	2738399	G	70	3	73	0.00003
Pseudorhodobacter	238783	G	60	4	64	0.00002
Cognatishimia	2211635	G	60	2	62	0.00002
Aestuarium	2820509	G	53	24	77	0.00003
Planktomarina	1284657	G	33	0	33	0.00001
Roseovarius	74030	G	1767	302	2069	0.00073
Sulfitobacter	60136	G	1549	351	1900	0.00067
Salipiger	263377	G	1179	423	1602	0.00057
Roseivivax	93682	G	1125	180	1305	0.00046
Celeribacter	875170	G	665	280	945	0.00034
Phaeobacter	302485	G	566	121	687	0.00024
Leisingera	191028	G	540	77	617	0.00022
Ruegeria	97050	G	530	82	612	0.00022
Sagittula	58842	G	493	236	729	0.00026
Yangia	2919626	G	460	84	544	0.00019
Pseudosulfitobacter	2854186	G	449	142	591	0.00021
Mameliella	1434019	G	339	71	410	0.00015
Ponticoccus	983507	G	330	54	384	0.00014
Dinoroseobacter	309512	G	303	126	429	0.00015
Roseobacter	2433	G	281	7	288	0.00010
Ketogulonicigenium	92944	G	261	35	296	0.00011
Oceanicola	252301	G	256	14	270	0.00010
Octadecabacter	53945	G	250	18	268	0.00010
Actibacterium	1433986	G	225	123	348	0.00012
Roseibacterium	159345	G	205	18	223	0.00008
Maribius	387095	G	182	9	191	0.00007
Antarctobacter	74032	G	162	9	171	0.00006
Thalassococcus	436357	G	158	4	162	0.00006
Tateyamaria	299261	G	156	5	161	0.00006
Jannaschia	188905	G	141	4	145	0.00005
Thalassobius	335927	G	77	4	81	0.00003
Falsihalocynthiibacter	2854182	G	53	1	54	0.00002
Caulobacter	75	G	9177	1046	10223	0.00363
Brevundimonas	41275	G	5912	807	6719	0.00238
Phenylobacterium	20	G	3037	490	3527	0.00125
Terricaulis	2768684	G	885	29	914	0.00032
Asticcacaulis	76890	G	448	32	480	0.00017
Hyphomonas	85	G	574	25	599	0.00021
Candidatus_Viadribacter	2892997	G	440	11	451	0.00016
Marinicauda	1649466	G	464	81	545	0.00019
Glycocaulis	1433402	G	168	9	177	0.00006
Maricaulis	74317	G	156	10	166	0.00006
Hyphobacterium	2004661	G	127	4	131	0.00005
Aquisalinus	1795639	G	200	8	208	0.00007
Parvularcula	208215	G	64	7	71	0.00003
Anaplasma	768	G	47	4	51	0.00002
Wolbachia	953	G	24	0	24	0.00001
Ehrlichia	943	G	13	0	13	0.00000
Neorickettsia	33993	G	10	0	10	0.00000
Rickettsia	780	G	57	7	64	0.00002
Luteithermobacter	2813803	G	91	13	104	0.00004
Paremcibacter	2813804	G	77	2	79	0.00003
Micavibrio	213485	G	120	1	121	0.00004
Candidatus_Puniceispirillum	767891	G	19	0	19	0.00001
Candidatus_Cytomitobacter	2601574	G	12	12	24	0.00001
Candidatus_Paracaedibacter	1521255	G	19	0	19	0.00001
Candidatus_Nucleicultrix	1509243	G	19	0	19	0.00001
Magnetococcus	162171	G	31	0	31	0.00001
Candidatus_Pelagibacter	198251	G	20	0	20	0.00001
Kordiimonas	288021	G	17	0	17	0.00001
Variovorax	34072	G	18334	6310	24644	0.00874
Hydrogenophaga	47420	G	7380	3379	10759	0.00382
Acidovorax	12916	G	6421	3484	9905	0.00351
Ramlibacter	174951	G	5327	2217	7544	0.00268
Polaromonas	52972	G	4269	364	4633	0.00164
Rhodoferax	28065	G	3463	791	4254	0.00151
Comamonas	283	G	3321	3215	6536	0.00232
Schlegelella	215579	G	2484	772	3256	0.00115
Diaphorobacter	238749	G	1910	2013	3923	0.00139
Delftia	80865	G	1674	1687	3361	0.00119
Kinneretia	683756	G	1363	776	2139	0.00076
Ottowia	219181	G	1102	194	1296	0.00046
Alicycliphilus	201096	G	820	1292	2112	0.00075
Melaminivora	1649468	G	753	680	1433	0.00051
Serpentinimonas	2490452	G	553	123	676	0.00024
Hylemonella	232523	G	435	63	498	0.00018
Verminephrobacter	364316	G	423	53	476	0.00017
Pulveribacter	2678886	G	333	179	512	0.00018
Simplicispira	352450	G	326	119	445	0.00016
Limnohabitans	665874	G	229	22	251	0.00009
Curvibacter	281915	G	149	10	159	0.00006
Candidatus_Symbiobacter	1436289	G	113	3	116	0.00004
Burkholderia	32008	G	19187	28861	48048	0.01704
Cupriavidus	106589	G	12538	3561	16099	0.00571
Paraburkholderia	1822464	G	10762	1019	11781	0.00418
Ralstonia	48736	G	3427	1483	4910	0.00174
Pandoraea	93217	G	3251	471	3722	0.00132
Caballeronia	1827195	G	3040	323	3363	0.00119
Lautropia	47670	G	411	70	481	0.00017
Polynucleobacter	44013	G	376	8	384	0.00014
Chitinimonas	240411	G	218	16	234	0.00008
Mycetohabitans	2571159	G	200	12	212	0.00008
Mycoavidus	1810868	G	67	2	69	0.00002
Limnobacter	131079	G	38	1	39	0.00001
Candidatus_Vallotia	2018044	G	25	2	27	0.00001
Ephemeroptericola	2680021	G	24	1	25	0.00001
Massilia	149698	G	13736	2330	16066	0.00570
Duganella	75654	G	1531	468	1999	0.00071
Herbaspirillum	963	G	2583	524	3107	0.00110
Janthinobacterium	29580	G	2339	484	2823	0.00100
Collimonas	202907	G	1070	117	1187	0.00042
Noviherbaspirillum	1344552	G	663	111	774	0.00027
Undibacterium	401469	G	158	10	168	0.00006
Herminiimonas	303379	G	57	9	66	0.00002
Glaciimonas	1229970	G	45	2	47	0.00002
Oxalobacter	846	G	38	3	41	0.00001
Achromobacter	222	G	8263	3586	11849	0.00420
Bordetella	517	G	6332	2487	8819	0.00313
Pigmentiphaga	152267	G	1058	123	1181	0.00042
Orrella	1921582	G	505	169	674	0.00024
Castellaniella	359336	G	461	329	790	0.00028
Alcaligenes	507	G	285	67	352	0.00012
Pusillimonas_(ex_Stolz_et_al._2005)	305976	G	245	46	291	0.00010
Advenella	290425	G	141	4	145	0.00005
Paralcaligenes	1148163	G	141	6	147	0.00005
Kerstersia	257820	G	110	24	134	0.00005
Oligella	90243	G	25	7	32	0.00001
Paenalcaligenes	1100891	G	12	0	12	0.00000
Rhizobacter	212743	G	4282	965	5247	0.00186
Sphaerotilus	34102	G	1641	867	2508	0.00089
Methylibium	316612	G	1638	501	2139	0.00076
Rubrivivax	28067	G	1397	465	1862	0.00066
Aquincola	391952	G	1164	428	1592	0.00056
Thiomonas	32012	G	1097	71	1168	0.00041
Mitsuaria	65047	G	970	206	1176	0.00042
Leptothrix	88	G	963	330	1293	0.00046
Xylophilus	54066	G	579	171	750	0.00027
Ideonella	36862	G	530	332	862	0.00031
Tepidimonas	114248	G	481	178	659	0.00023
Roseateles	93681	G	469	96	565	0.00020
Aquabacterium	92793	G	459	126	585	0.00021
Inhella	644355	G	309	51	360	0.00013
Paucibacter	318147	G	308	54	362	0.00013
Sutterella	40544	G	336	28	364	0.00013
Turicimonas	1918598	G	21	1	22	0.00001
Usitatibacter	2803845	G	5818	451	6269	0.00222
Nitrosospira	35798	G	3368	102	3470	0.00123
Nitrosomonas	914	G	2116	66	2182	0.00077
Denitratisoma	311181	G	707	368	1075	0.00038
Sulfuritalea	1054211	G	521	82	603	0.00021
Methyloversatilis	378210	G	429	58	487	0.00017
Sterolibacterium	157591	G	366	106	472	0.00017
Sideroxydans	314343	G	479	71	550	0.00020
Ferrigenium	2249462	G	301	67	368	0.00013
Ferriphaselus	1443590	G	117	17	134	0.00005
Candidatus_Nitrotoga	453161	G	91	5	96	0.00003
Gallionella	96	G	59	5	64	0.00002
Thiobacillus	919	G	615	123	738	0.00026
Sulfuritortus	1938335	G	441	192	633	0.00022
Sulfurimicrobium	2772198	G	331	46	377	0.00013
Sulfuriferula	1778653	G	330	56	386	0.00014
Sulfuricella	935200	G	169	17	186	0.00007
Methylovorus	81682	G	106	6	112	0.00004
Methylobacillus	404	G	104	26	130	0.00005
Methylophilus	16	G	44	2	46	0.00002
Candidatus_Methylopumilus	1679002	G	34	1	35	0.00001
Methylotenera	359407	G	32	2	34	0.00001
Methyloradius	2872156	G	25	1	26	0.00001
Thauera	33057	G	2843	1809	4652	0.00165
Azoarcus	12960	G	2315	787	3102	0.00110
Nitrogeniibacter	2891294	G	770	126	896	0.00032
Aromatoleum	551759	G	2371	730	3101	0.00110
Azospira	146937	G	1626	792	2418	0.00086
Niveibacterium	1769726	G	404	57	461	0.00016
Oryzomicrobium	1911577	G	289	79	368	0.00013
Rugosibacter	1914449	G	71	12	83	0.00003
Dechloromonas	73029	G	646	122	768	0.00027
Ferribacterium	88875	G	523	98	621	0.00022
Quatrionicoccus	138117	G	248	82	330	0.00012
Fluviibacter	2808942	G	49	15	64	0.00002
Chromobacterium	535	G	1820	416	2236	0.00079
Iodobacter	32014	G	35	8	43	0.00002
Jeongeupia	885864	G	571	106	677	0.00024
Paludibacterium	400060	G	514	87	601	0.00021
Pseudogulbenkiania	568394	G	358	123	481	0.00017
Vogesella	57739	G	317	81	398	0.00014
Aquitalea	407217	G	264	50	314	0.00011
Microvirgula	57479	G	228	43	271	0.00010
Laribacter	168470	G	209	177	386	0.00014
Aquaspirillum	187	G	127	18	145	0.00005
Deefgea	400947	G	52	7	59	0.00002
Chitinibacter	230666	G	46	15	61	0.00002
Neisseria	482	G	739	281	1020	0.00036
Crenobacter	1654931	G	434	143	577	0.00020
Chitinolyticbacter	1055692	G	287	35	322	0.00011
Vitreoscilla	59	G	144	23	167	0.00006
Kingella	32257	G	91	29	120	0.00004
Eikenella	538	G	89	24	113	0.00004
Uruburuella	299568	G	64	9	73	0.00003
Paralysiella	2898489	G	30	6	36	0.00001
Alysiella	194195	G	22	15	37	0.00001
Casimicrobium	2706000	G	383	184	567	0.00020
Candidatus_Kinetoplastibacterium	33055	G	23	2	25	0.00001
Lysobacter	68	G	21618	3465	25083	0.00889
Pseudoxanthomonas	83618	G	5910	2478	8388	0.00297
Stenotrophomonas	40323	G	5780	2707	8487	0.00301
Xanthomonas	338	G	5537	3453	8990	0.00319
Luteimonas	83614	G	4440	911	5351	0.00190
Thermomonas	141948	G	2028	575	2603	0.00092
Arenimonas	490567	G	824	168	992	0.00035
Pseudolysobacter	2709666	G	296	7	303	0.00011
Xylella	2370	G	60	6	66	0.00002
Luteibacter	242605	G	1977	221	2198	0.00078
Rhodanobacter	75309	G	1622	355	1977	0.00070
Frateuria	70411	G	1619	440	2059	0.00073
Dyella	231454	G	1400	236	1636	0.00058
Dokdonella	323413	G	774	136	910	0.00032
Aerosticca	2707020	G	368	487	855	0.00030
Ahniella	2233801	G	237	6	243	0.00009
Pseudomonas	286	G	39370	11027	50397	0.01787
Azotobacter	352	G	686	142	828	0.00029
Halopseudomonas	2901189	G	460	84	544	0.00019
Permianibacter	1649479	G	111	3	114	0.00004
Thiopseudomonas	1654787	G	17	3	20	0.00001
Entomomonas	2758906	G	14	0	14	0.00001
Marinobacter	2742	G	1051	92	1143	0.00041
Enterobacter	547	G	1139	1456	2595	0.00092
Klebsiella	570	G	903	11184	12087	0.00429
Raoultella	160674	G	204	111	315	0.00011
Citrobacter	544	G	459	536	995	0.00035
Cronobacter	413496	G	303	88	391	0.00014
Leclercia	83654	G	267	149	416	0.00015
Kosakonia	1330547	G	255	42	297	0.00011
Salmonella	590	G	228	7387	7615	0.00270
Pluralibacter	1330546	G	174	43	217	0.00008
Cedecea	158483	G	168	24	192	0.00007
Escherichia	561	G	152	1513	1665	0.00059
Lelliottia	1330545	G	97	19	116	0.00004
Candidatus_Symbiopectobacterium	801	G	35	4	39	0.00001
Candidatus_Blochmannia	203804	G	15	0	15	0.00001
Kluyvera	579	G	70	20	90	0.00003
Jejubacter	2815296	G	45	4	49	0.00002
Pseudescherichia	2055880	G	40	2	42	0.00002
Buttiauxella	82976	G	40	4	44	0.00002
Shimwellia	1335483	G	33	6	39	0.00001
Atlantibacter	1903434	G	29	6	35	0.00001
Yokenella	158876	G	28	11	39	0.00001
Scandinavium	2726810	G	28	5	33	0.00001
Plesiomonas	702	G	26	8	34	0.00001
Phytobacter	447792	G	18	33	51	0.00002
Pseudocitrobacter	1504576	G	17	15	32	0.00001
Serratia	613	G	1511	421	1932	0.00069
Yersinia	629	G	170	251	421	0.00015
Rahnella	34037	G	162	50	212	0.00008
Nissabacter	1964366	G	116	17	133	0.00005
Gibbsiella	929812	G	48	6	54	0.00002
Ewingella	41201	G	34	5	39	0.00001
Rouxiella	1565532	G	34	3	37	0.00001
Chania	1745211	G	15	1	16	0.00001
Pantoea	53335	G	932	149	1081	0.00038
Erwinia	551	G	363	56	419	0.00015
Mixta	2100764	G	208	55	263	0.00009
Buchnera	32199	G	44	5	49	0.00002
Tatumella	82986	G	16	2	18	0.00001
Dickeya	204037	G	428	148	576	0.00020
Pectobacterium	122277	G	264	53	317	0.00011
Brenneria	71655	G	172	12	184	0.00007
Lonsdalea	1082702	G	74	10	84	0.00003
Musicola	2884243	G	49	0	49	0.00002
Edwardsiella	635	G	273	73	346	0.00012
Hafnia	568	G	41	19	60	0.00002
Providencia	586	G	81	34	115	0.00004
Morganella	581	G	80	40	120	0.00004
Proteus	583	G	44	37	81	0.00003
Xenorhabdus	626	G	38	4	42	0.00002
Photorhabdus	29487	G	28	2	30	0.00001
Arsenophonus	637	G	21	1	22	0.00001
Sodalis	84565	G	228	14	242	0.00009
Leminorella	82980	G	44	7	51	0.00002
Thioalkalivibrio	106633	G	1488	289	1777	0.00063
Spiribacter	1335745	G	979	79	1058	0.00038
Acidihalobacter	1765964	G	660	59	719	0.00026
Halorhodospira	85108	G	331	29	360	0.00013
Aquisalimonas	406099	G	251	20	271	0.00010
Alkalilimnicola	133193	G	249	36	285	0.00010
Ectothiorhodospira	1051	G	236	24	260	0.00009
Ectothiorhodosinus	233099	G	39	3	42	0.00001
Allochromatium	85072	G	537	130	667	0.00024
Thioflavicoccus	156885	G	488	46	534	0.00019
Thiodictyon	53392	G	438	25	463	0.00016
Marichromatium	85076	G	408	83	491	0.00017
Thiocapsa	1056	G	358	20	378	0.00013
Thiocystis	13724	G	234	20	254	0.00009
Thermochromatium	85073	G	161	41	202	0.00007
Nitrosococcus	1227	G	132	3	135	0.00005
Caldichromatium	2828366	G	128	14	142	0.00005
Rheinheimera	67575	G	52	8	60	0.00002
Wenzhouxiangella	1676142	G	526	27	553	0.00020
Thiohalobacter	1273155	G	392	48	440	0.00016
Guyparkeria	2035712	G	275	65	340	0.00012
Sulfurivermis	2034504	G	244	99	343	0.00012
Halothiobacillus	109262	G	187	15	202	0.00007
Woeseia	1738655	G	180	3	183	0.00006
Sulfuriflexus	1860077	G	74	2	76	0.00003
Granulosicoccus	437504	G	50	0	50	0.00002
Halomonas	2745	G	4640	627	5267	0.00187
Cobetia	204286	G	315	228	543	0.00019
Salinicola	404432	G	272	31	303	0.00011
Halotalea	376488	G	241	48	289	0.00010
Kushneria	504090	G	189	8	197	0.00007
Chromohalobacter	42054	G	186	20	206	0.00007
Pistricoccus	1897649	G	110	7	117	0.00004
Zymobacter	33073	G	24	3	27	0.00001
Candidatus_Carsonella	114185	G	10	3	13	0.00000
Alcanivorax	59753	G	578	244	822	0.00029
Ketobacter	2025617	G	27	2	29	0.00001
Marinobacterium	48075	G	220	26	246	0.00009
Marinomonas	28253	G	74	8	82	0.00003
Thalassolituus	187492	G	40	5	45	0.00002
Bacterioplanes	1537406	G	38	2	40	0.00001
Venatorbacter	2893036	G	27	6	33	0.00001
Neptunomonas	75687	G	23	1	24	0.00001
Nitrincola	267849	G	22	4	26	0.00001
Amphritea	515417	G	10	0	10	0.00000
Saccharospirillum	231683	G	80	4	84	0.00003
Reinekea	230494	G	28	1	29	0.00001
Gynuella	1445504	G	24	0	24	0.00001
Hahella	158481	G	112	4	116	0.00004
Litoricola	418700	G	63	3	66	0.00002
Oleiphilus	141450	G	27	2	29	0.00001
Endozoicomonas	305899	G	15	0	15	0.00001
Methylococcus	413	G	1048	77	1125	0.00040
Methylomonas	416	G	671	22	693	0.00025
Methylomagnum	1760987	G	288	12	300	0.00011
Methylomicrobium	39773	G	281	59	340	0.00012
Methylogaea	1295378	G	252	19	271	0.00010
Methylocaldum	73778	G	244	14	258	0.00009
Candidatus_Methylospira	1808977	G	97	4	101	0.00004
Methylotuvimicrobium	2822410	G	51	28	79	0.00003
Methylovulum	762296	G	47	1	48	0.00002
Methylobacter	429	G	16	1	17	0.00001
Aeromonas	642	G	2589	2068	4657	0.00165
Zobellella	347533	G	171	41	212	0.00008
Oceanimonas	129577	G	72	16	88	0.00003
Oceanisphaera	225143	G	34	4	38	0.00001
Dongshaea	2802288	G	25	2	27	0.00001
Tolumonas	43947	G	22	9	31	0.00001
Succinivibrio	83770	G	14	0	14	0.00001
Cellvibrio	10	G	786	28	814	0.00029
Teredinibacter	2425	G	69	2	71	0.00003
Simiduia	447467	G	62	3	65	0.00002
Saccharophagus	316625	G	18	0	18	0.00001
Marinagarivorans	1792291	G	11	0	11	0.00000
Microbulbifer	48073	G	903	52	955	0.00034
Kineobactrum	2678529	G	171	6	177	0.00006
Halioglobus	1217416	G	134	4	138	0.00005
Congregibacter	393661	G	68	26	94	0.00003
Aequoribacter	2847769	G	18	2	20	0.00001
Spongiibacter	630749	G	131	13	144	0.00005
Zhongshania	1434050	G	32	2	34	0.00001
Oceanicoccus	1084558	G	11	0	11	0.00000
Solimonas	413435	G	814	87	901	0.00032
Flagellatimonas	2893022	G	234	18	252	0.00009
Sinimarinibacterium	1861863	G	121	69	190	0.00007
Steroidobacter	469322	G	964	283	1247	0.00044
Sulfurifustis	1692042	G	1104	64	1168	0.00041
Sulfuricaulis	1744881	G	481	34	515	0.00018
Acidiferrobacter	986106	G	290	5	295	0.00010
Shewanella	22	G	797	132	929	0.00033
Alteromonas	226	G	104	13	117	0.00004
Salinimonas	288793	G	66	10	76	0.00003
Hydrocarboniclastica	2650549	G	77	10	87	0.00003
Agarivorans	261825	G	26	2	28	0.00001
Lacimicrobium	1751872	G	25	1	26	0.00001
Saliniradius	2661818	G	24	2	26	0.00001
Paraglaciecola	1621534	G	23	1	24	0.00001
Pseudoalteromonas	53246	G	229	34	263	0.00009
Flocculibacter	2834759	G	12	1	13	0.00000
Ferrimonas	44011	G	108	13	121	0.00004
Thalassotalea	1518149	G	27	3	30	0.00001
Colwellia	28228	G	25	3	28	0.00001
Idiomarina	135575	G	48	5	53	0.00002
Moritella	58050	G	31	6	37	0.00001
Psychromonas	67572	G	10	1	11	0.00000
Vibrio	662	G	763	122	885	0.00031
Photobacterium	657	G	151	32	183	0.00006
Salinivibrio	51366	G	27	3	30	0.00001
Grimontia	246861	G	18	2	20	0.00001
Thaumasiovibrio	2014233	G	14	1	15	0.00001
Acinetobacter	469	G	407	324	731	0.00026
Psychrobacter	497	G	76	3	79	0.00003
Moraxella	475	G	56	6	62	0.00002
Aquirhabdus	2824158	G	15	0	15	0.00001
Legionella	445	G	345	46	391	0.00014
Aquicella	254245	G	70	2	72	0.00003
Coxiella	776	G	56	8	64	0.00002
Rickettsiella	59195	G	13	0	13	0.00000
Candidatus_Endoriftia	393764	G	130	11	141	0.00005
Sedimenticola	349742	G	91	4	95	0.00003
Candidatus_Reidiella	2738850	G	80	1	81	0.00003
Thiolapillus	1608298	G	74	2	76	0.00003
Pseudohongiella	1524249	G	40	1	41	0.00001
Gallaecimonas	745410	G	35	2	37	0.00001
Immundisolibacter	1934947	G	456	83	539	0.00019
Thiomicrorhabdus	2039723	G	40	1	41	0.00001
Methylophaga	40222	G	38	10	48	0.00002
Thiomicrospira	933	G	33	11	44	0.00002
Hydrogenovibrio	28884	G	20	10	30	0.00001
Piscirickettsia	1237	G	11	0	11	0.00000
Cycloclasticus	34067	G	11	0	11	0.00000
Thiosulfatimonas	2781121	G	11	0	11	0.00000
Thiothrix	1030	G	142	3	145	0.00005
Beggiatoa	1021	G	15	1	16	0.00001
Francisella	262	G	36	2	38	0.00001
Salinisphaera	180541	G	269	286	555	0.00020
Mannheimia	75984	G	32	9	41	0.00001
Pasteurella	745	G	27	36	63	0.00002
Actinobacillus	713	G	26	13	39	0.00001
Haemophilus	724	G	22	7	29	0.00001
Aggregatibacter	416916	G	22	4	26	0.00001
Avibacterium	292486	G	11	1	12	0.00000
Cardiobacterium	2717	G	137	20	157	0.00006
Suttonella	13275	G	15	1	16	0.00001
Dichelobacter	869	G	12	2	14	0.00001
Kangiella	261963	G	43	2	45	0.00002
Gilliamella	1193503	G	12	3	15	0.00001
Sorangium	39643	G	29058	2979	32037	0.01136
Polyangium	55	G	4810	302	5112	0.00181
Chondromyces	50	G	1738	54	1792	0.00064
Pajaroellobacter	1882917	G	33	0	33	0.00001
Sandaracinus	1055688	G	6005	255	6260	0.00222
Labilithrix	1524217	G	2615	85	2700	0.00096
Archangium	47	G	7807	758	8565	0.00304
Cystobacter	42	G	2584	595	3179	0.00113
Stigmatella	40	G	1749	114	1863	0.00066
Melittangium	44	G	1105	231	1336	0.00047
Myxococcus	32	G	5514	8709	14223	0.00504
Corallococcus	83461	G	4626	306	4932	0.00175
Pyxidicoccus	224458	G	2211	81	2292	0.00081
Anaeromyxobacter	161492	G	8875	547	9422	0.00334
Vulgatibacter	1524214	G	1176	77	1253	0.00044
Haliangium	162027	G	2535	117	2652	0.00094
Geomonas	2651583	G	1859	295	2154	0.00076
Geobacter	28231	G	1509	159	1668	0.00059
Citrifermentans	2883512	G	557	133	690	0.00024
Geotalea	2910589	G	231	15	246	0.00009
Geoalkalibacter	392332	G	126	106	232	0.00008
Trichlorobacter	115782	G	53	7	60	0.00002
Desulfuromonas	890	G	1243	155	1398	0.00050
Pelobacter	18	G	160	57	217	0.00008
Syntrophotalea	2812025	G	249	29	278	0.00010
Pseudodesulfovibrio	2035811	G	1076	203	1279	0.00045
Desulfovibrio	872	G	962	132	1094	0.00039
Solidesulfovibrio	2910984	G	636	65	701	0.00025
Oceanidesulfovibrio	2905722	G	297	18	315	0.00011
Desulfocurvibacter	2582840	G	220	16	236	0.00008
Desulfolutivibrio	2773294	G	170	48	218	0.00008
Megalodesulfovibrio	2910978	G	166	8	174	0.00006
Oleidesulfovibrio	2909705	G	43	57	100	0.00004
Maridesulfovibrio	2794998	G	33	3	36	0.00001
Paradesulfovibrio	2910986	G	19	1	20	0.00001
Lawsonia	41707	G	10	0	10	0.00000
Desulfomicrobium	898	G	217	29	246	0.00009
Desulfohalobium	45662	G	65	3	68	0.00002
Desulfosarcina	2299	G	459	66	525	0.00019
Desulfococcus	896	G	122	22	144	0.00005
Desulfatibacillum	218207	G	100	3	103	0.00004
Desulfoluna	497721	G	70	3	73	0.00003
Desulfobacter	2289	G	54	5	59	0.00002
Desulfonema	45654	G	49	1	50	0.00002
Desulforapulum	2904687	G	27	3	30	0.00001
Desulfobacula	28222	G	13	1	14	0.00001
Desulfobulbus	893	G	292	58	350	0.00012
Desulfurivibrio	427922	G	133	7	140	0.00005
Desulfomarina	2894767	G	16	1	17	0.00001
Desulfosudis	2904716	G	125	9	134	0.00005
Desulfosediminicola	2886823	G	50	5	55	0.00002
Desulfotalea	109168	G	17	3	20	0.00001
Persicimonas	2766927	G	783	26	809	0.00029
Bradymonas	1779136	G	255	114	369	0.00013
Desulfoglaeba	361106	G	184	7	191	0.00007
Syntrophobacter	29526	G	175	67	242	0.00009
Desulfarculus	453229	G	324	177	501	0.00018
Desulfomonile	2357	G	86	1	87	0.00003
Desulfobacca	60892	G	71	2	73	0.00003
Syntrophus	43773	G	60	3	63	0.00002
Dissulfurimicrobium	1769732	G	38	2	40	0.00001
Campylobacter	194	G	174	21	195	0.00007
Sulfurimonas	202746	G	97	9	106	0.00004
Helicobacter	209	G	89	18	107	0.00004
Nitratifractor	269260	G	53	3	56	0.00002
Sulfurovum	265570	G	40	4	44	0.00002
Hydrogenimonas	223785	G	39	3	42	0.00002
Arcobacter	28196	G	13	8	21	0.00001
Sulfurospirillum	57665	G	33	1	34	0.00001
Nitratiruptor	269258	G	19	1	20	0.00001
Nitrosophilus	2795692	G	12	3	15	0.00001
Nautilia	191291	G	10	2	12	0.00000
Caminibacter	191301	G	10	1	11	0.00000
Acidithiobacillus	119977	G	331	30	361	0.00013
Bdellovibrio	958	G	150	8	158	0.00006
Pseudobdellovibrio	2862745	G	14	0	14	0.00001
Bacteriovorax	146784	G	20	0	20	0.00001
Halobacteriovorax	1652133	G	16	0	16	0.00001
Hydrogenophilus	70774	G	119	20	139	0.00005
Mariprofundus	377315	G	72	1	73	0.00003
Streptomyces	1883	G	185765	40263	226028	0.08015
Kitasatospora	2063	G	2634	893	3527	0.00125
Streptacidiphilus	228398	G	1758	480	2238	0.00079
Yinghuangia	2805681	G	970	151	1121	0.00040
Microbacterium	33882	G	24241	4140	28381	0.01006
Agromyces	33877	G	10295	2480	12775	0.00453
Curtobacterium	2034	G	3407	671	4078	0.00145
Rathayibacter	33886	G	3259	720	3979	0.00141
Leucobacter	55968	G	2644	463	3107	0.00110
Leifsonia	110932	G	2583	2660	5243	0.00186
Agrococcus	46352	G	2563	712	3275	0.00116
Clavibacter	1573	G	2219	1086	3305	0.00117
Protaetiibacter	2680004	G	1478	441	1919	0.00068
Salinibacterium	235888	G	1197	191	1388	0.00049
Cryobacterium	69578	G	950	135	1085	0.00038
Frondihabitans	447237	G	756	120	876	0.00031
Microterricola	518733	G	682	168	850	0.00030
Plantibacter	190323	G	654	85	739	0.00026
Microcella	337004	G	632	215	847	0.00030
Cnuibacter	1759331	G	469	102	571	0.00020
Subtercola	120212	G	445	36	481	0.00017
Mycetocola	76634	G	444	53	497	0.00018
Herbiconiux	881616	G	428	86	514	0.00018
Frigoribacterium	96492	G	397	117	514	0.00018
Gryllotalpicola	1195526	G	396	76	472	0.00017
Amnibacterium	1029631	G	368	89	457	0.00016
Chryseoglobus	1331730	G	368	66	434	0.00015
Humibacter	427753	G	342	77	419	0.00015
Gulosibacter	256818	G	295	85	380	0.00013
Marisediminicola	1230698	G	290	36	326	0.00012
Diaminobutyricimonas	1433997	G	283	53	336	0.00012
Glaciihabitans	1649454	G	245	19	264	0.00009
Agreia	110934	G	204	24	228	0.00008
Aquiluna	529881	G	42	1	43	0.00002
Rhodoluna	529883	G	40	1	41	0.00001
Pseudoclavibacter	255204	G	63	12	75	0.00003
Aurantimicrobium	1705353	G	38	1	39	0.00001
Pontimonas	1434032	G	25	1	26	0.00001
Arthrobacter	1663	G	30815	5952	36767	0.01304
Kocuria	57493	G	4426	1264	5690	0.00202
Pseudarthrobacter	1742993	G	4213	1216	5429	0.00193
Micrococcus	1269	G	1105	698	1803	0.00064
Sinomonas	596707	G	932	237	1169	0.00041
Paenarthrobacter	1742992	G	859	441	1300	0.00046
Glutamicibacter	1742989	G	842	258	1100	0.00039
Citricoccus	169133	G	711	188	899	0.00032
Rothia	32207	G	534	222	756	0.00027
Nesterenkonia	57494	G	165	10	175	0.00006
Paeniglutamicibacter	1742990	G	114	17	131	0.00005
Psychromicrobium	2078575	G	73	9	82	0.00003
Neomicrococcus	1868332	G	55	22	77	0.00003
Auritidibacter	1160973	G	50	5	55	0.00002
Renibacterium	1645	G	38	2	40	0.00001
Cellulomonas	1707	G	10409	3745	14154	0.00502
Actinotalea	458839	G	705	279	984	0.00035
Oerskovia	162491	G	516	180	696	0.00025
Pseudactinotalea	1926259	G	411	63	474	0.00017
Paraoerskovia	665568	G	373	104	477	0.00017
Janibacter	53457	G	2077	669	2746	0.00097
Phycicoccus	367298	G	2065	635	2700	0.00096
Pedococcus	2805645	G	1301	421	1722	0.00061
Intrasporangium	53357	G	1036	283	1319	0.00047
Tetrasphaera	99479	G	973	278	1251	0.00044
Arsenicicoccus	267408	G	695	284	979	0.00035
Cellulosimicrobium	157920	G	4838	2330	7168	0.00254
Xylanimonas	186188	G	1509	510	2019	0.00072
Isoptericola	254250	G	1232	591	1823	0.00065
Ornithinimicrobium	125287	G	3111	687	3798	0.00135
Serinicoccus	265976	G	2116	612	2728	0.00097
Brachybacterium	43668	G	2765	469	3234	0.00115
Dermabacter	36739	G	195	111	306	0.00011
Devriesea	472568	G	41	2	43	0.00002
Brevibacterium	1696	G	2942	595	3537	0.00125
Georgenia	154116	G	2794	861	3655	0.00130
Dermacoccus	57495	G	755	275	1030	0.00037
Luteipulveratus	745364	G	573	83	656	0.00023
Allobranchiibius	2040262	G	482	110	592	0.00021
Yimella	908935	G	331	68	399	0.00014
Ruania	626119	G	1967	247	2214	0.00079
Pengzhenrongella	2888818	G	724	214	938	0.00033
Luteimicrobium	754249	G	566	187	753	0.00027
Beutenbergia	84756	G	769	137	906	0.00032
Miniimonas	947525	G	480	273	753	0.00027
Sanguibacter	60919	G	853	273	1126	0.00040
Gephyromycinifex	2885697	G	230	28	258	0.00009
Austwickia	1184606	G	211	17	228	0.00008
Dermatophilus	1862	G	43	4	47	0.00002
Kytococcus	57499	G	389	148	537	0.00019
Demequina	577469	G	172	14	186	0.00007
Jonesia	43673	G	31	5	36	0.00001
Tropheryma	2038	G	18	0	18	0.00001
Nocardioides	1839	G	133689	28887	162576	0.05765
Aeromicrobium	2040	G	6402	1244	7646	0.00271
Marmoricola	86795	G	2269	885	3154	0.00112
Friedmanniella	53387	G	1412	291	1703	0.00060
Pimelobacter	2044	G	1320	507	1827	0.00065
Mumia	1546255	G	917	166	1083	0.00038
Micropruina	116071	G	392	58	450	0.00016
Microlunatus	29404	G	4326	502	4828	0.00171
Tessaracoccus	72763	G	2563	534	3097	0.00110
Brevilactibacter	2717325	G	1028	438	1466	0.00052
Propionibacterium	1743	G	855	380	1235	0.00044
Auraticoccus	1278221	G	824	155	979	0.00035
Acidipropionibacterium	1912215	G	818	342	1160	0.00041
Cutibacterium	1912216	G	421	95	516	0.00018
Raineyella	1911549	G	419	57	476	0.00017
Arachnia	2801844	G	411	30	441	0.00016
Vaginimicrobium	2919589	G	20	7	27	0.00001
Kribbella	182639	G	3251	496	3747	0.00133
Actinopolymorpha	117156	G	1207	139	1346	0.00048
Mycolicibacterium	1866885	G	34537	6398	40935	0.01452
Mycobacterium	1763	G	25647	6449	32096	0.01138
Mycolicibacter	1073531	G	1657	639	2296	0.00081
Mycobacteroides	670516	G	1455	487	1942	0.00069
Mycolicibacillus	2126281	G	299	84	383	0.00014
Hoyosella	697025	G	163	8	171	0.00006
Rhodococcus	1827	G	16735	4165	20900	0.00741
Nocardia	1817	G	12967	2378	15345	0.00544
Corynebacterium	1716	G	7902	1798	9700	0.00344
Gordonia	2053	G	7074	1567	8641	0.00306
Skermania	59613	G	361	41	402	0.00014
Tsukamurella	2060	G	2099	544	2643	0.00094
Dietzia	37914	G	1308	300	1608	0.00057
Tomitella	741759	G	739	155	894	0.00032
Segniliparus	286801	G	165	9	174	0.00006
Lawsonella	1847725	G	23	2	25	0.00001
Micromonospora	1873	G	35010	9416	44426	0.01575
Actinoplanes	1865	G	29992	4395	34387	0.01219
Phytohabitans	907364	G	4643	640	5283	0.00187
Couchioplanes	56433	G	4378	1175	5553	0.00197
Catellatospora	53365	G	3726	849	4575	0.00162
Dactylosporangium	35753	G	3585	412	3997	0.00142
Plantactinospora	673534	G	3534	661	4195	0.00149
Actinocatenispora	390988	G	2091	263	2354	0.00083
Polymorphospora	338583	G	1590	369	1959	0.00069
Natronosporangium	2920401	G	802	55	857	0.00030
Verrucosispora	84593	G	585	495	1080	0.00038
Salinispora	168694	G	471	83	554	0.00020
Pseudonocardia	1847	G	28872	5535	34407	0.01220
Amycolatopsis	1813	G	21776	4073	25849	0.00917
Saccharopolyspora	1835	G	5456	1445	6901	0.00245
Saccharothrix	2071	G	4508	1361	5869	0.00208
Lentzea	165301	G	3489	787	4276	0.00152
Saccharomonospora	1851	G	2811	542	3353	0.00119
Kutzneria	43356	G	2401	531	2932	0.00104
Actinoalloteichus	65496	G	1447	139	1586	0.00056
Actinosynnema	40566	G	1323	384	1707	0.00061
Kibdelosporangium	2029	G	1161	150	1311	0.00046
Allokutzneria	1137960	G	1008	256	1264	0.00045
Alloactinosynnema	674734	G	854	202	1056	0.00037
Allosaccharopolyspora	2893576	G	507	118	625	0.00022
Prauserella	142577	G	483	47	530	0.00019
Blastococcus	38501	G	23180	6871	30051	0.01066
Geodermatophilus	1860	G	17808	5924	23732	0.00842
Modestobacter	88138	G	11103	3438	14541	0.00516
Actinomadura	1988	G	12388	2428	14816	0.00525
Thermomonospora	2019	G	1773	539	2312	0.00082
Nonomuraea	83681	G	7961	1368	9329	0.00331
Streptosporangium	2000	G	3581	704	4285	0.00152
Thermobispora	147067	G	851	199	1050	0.00037
Nocardiopsis	2013	G	3918	958	4876	0.00173
Thermobifida	83677	G	1172	232	1404	0.00050
Streptomonospora	104204	G	629	123	752	0.00027
Spiractinospora	2913367	G	440	29	469	0.00017
Actinomyces	1654	G	3331	471	3802	0.00135
Schaalia	2529408	G	487	84	571	0.00020
Flaviflexus	1522056	G	297	70	367	0.00013
Trueperella	1069494	G	237	65	302	0.00011
Nanchangia	2888879	G	139	15	154	0.00005
Pauljensenia	2740557	G	115	43	158	0.00006
Actinobaculum	76833	G	57	3	60	0.00002
Actinotignum	1653174	G	48	3	51	0.00002
Arcanobacterium	28263	G	47	14	61	0.00002
Changpingibacter	2912996	G	33	9	42	0.00002
Mobiluncus	2050	G	25	7	32	0.00001
Varibaculum	184869	G	13	3	16	0.00001
Boudabousia	2767318	G	10	0	10	0.00000
Frankia	1854	G	4678	454	5132	0.00182
Jiangella	281472	G	3228	571	3799	0.00135
Nakamurella	53460	G	2388	337	2725	0.00097
Bifidobacterium	1678	G	1801	897	2698	0.00096
Parascardovia	196082	G	42	6	48	0.00002
Gardnerella	2701	G	14	4	18	0.00001
Catenulispora	414878	G	926	136	1062	0.00038
Jatrophihabitans	1434010	G	910	79	989	0.00035
Stackebrandtia	283810	G	598	54	652	0.00023
Natronoglycomyces	2838311	G	101	3	104	0.00004
Kineococcus	33981	G	679	189	868	0.00031
Epidermidibacterium	2078948	G	460	229	689	0.00024
Actinopolyspora	1849	G	342	35	377	0.00013
Acidothermus	28048	G	254	12	266	0.00009
Candidatus_Planktophila	622681	G	61	8	69	0.00002
Candidatus_Nanopelagicus	2039639	G	14	3	17	0.00001
Conexibacter	191494	G	20453	2851	23304	0.00826
Miltoncostaea	2843200	G	4769	577	5346	0.00190
Rubrobacter	42255	G	14745	529	15274	0.00542
Baekduia	2600304	G	5759	921	6680	0.00237
Aquihabitans	1648491	G	5452	882	6334	0.00225
Iamia	467975	G	3300	508	3808	0.00135
Actinomarinicola	2789775	G	2872	549	3421	0.00121
Ilumatobacter	682522	G	1225	75	1300	0.00046
Acidimicrobium	53634	G	305	23	328	0.00012
Eggerthella	84111	G	427	138	565	0.00020
Gordonibacter	644652	G	200	101	301	0.00011
Adlercreutzia	447020	G	185	37	222	0.00008
Arabiibacter	2005386	G	163	36	199	0.00007
Raoultibacter	1926677	G	95	8	103	0.00004
Berryella	2815775	G	90	97	187	0.00007
Denitrobacterium	79603	G	50	20	70	0.00003
Slackia	84108	G	49	1	50	0.00002
Olsenella	133925	G	313	59	372	0.00013
Parolsenella	2082587	G	213	74	287	0.00010
Parafannyhessea	2847312	G	119	71	190	0.00007
Thermophilibacter	2847307	G	78	29	107	0.00004
Atopobium	1380	G	32	3	35	0.00001
Collinsella	102106	G	257	75	332	0.00012
Coriobacterium	33870	G	62	1	63	0.00002
Euzebya	908623	G	737	66	803	0.00028
Egibacter	1747770	G	737	46	783	0.00028
Egicoccus	1755825	G	722	114	836	0.00030
Priestia	2800373	G	27670	14275	41945	0.01487
Bacillus	1386	G	6718	12587	19305	0.00685
Metabacillus	2675233	G	5326	1613	6939	0.00246
Cytobacillus	2675230	G	1458	564	2022	0.00072
Terribacillus	459532	G	1196	161	1357	0.00048
Lysinibacillus	400634	G	571	175	746	0.00026
Peribacillus	2675229	G	506	209	715	0.00025
Geobacillus	129337	G	436	99	535	0.00019
Neobacillus	2675232	G	366	128	494	0.00018
Alkalihalobacillus	2675234	G	343	61	404	0.00014
Mesobacillus	2675231	G	316	80	396	0.00014
Hydrogenibacillus	1609627	G	252	23	275	0.00010
Virgibacillus	84406	G	215	24	239	0.00008
Anoxybacillus	150247	G	215	43	258	0.00009
Rossellomorea	2837508	G	165	57	222	0.00008
Psychrobacillus	1221880	G	162	47	209	0.00007
Niallia	2837506	G	148	34	182	0.00006
Halobacillus	45667	G	119	13	132	0.00005
Parageobacillus	1906945	G	113	21	134	0.00005
Oceanobacillus	182709	G	104	14	118	0.00004
Fictibacillus	1329200	G	97	12	109	0.00004
Heyndrickxia	2837504	G	95	27	122	0.00004
Sutcliffiella	2837511	G	91	29	120	0.00004
Gracilibacillus	74385	G	81	6	87	0.00003
Salicibibacter	2685905	G	63	3	66	0.00002
Gottfriedia	2837503	G	58	15	73	0.00003
Weizmannia	2817139	G	57	17	74	0.00003
Lederbergia	2804231	G	47	10	57	0.00002
Salisediminibacterium	1434042	G	40	4	44	0.00002
Lentibacillus	175304	G	40	2	42	0.00001
Caldibacillus	1276290	G	39	10	49	0.00002
Radiobacillus	2785518	G	35	5	40	0.00001
Caldalkalibacillus	379065	G	31	5	36	0.00001
Anaerobacillus	704093	G	30	6	36	0.00001
Pontibacillus	289201	G	30	3	33	0.00001
Alkalihalophilus	2893060	G	30	4	34	0.00001
Pradoshia	2651279	G	30	8	38	0.00001
Paraliobacillus	200903	G	25	3	28	0.00001
Halalkalibacterium	2893055	G	23	15	38	0.00001
Evansella	2837485	G	20	2	22	0.00001
Mangrovibacillus	2920444	G	19	9	28	0.00001
Aeribacillus	1055323	G	16	5	21	0.00001
Salimicrobium	351195	G	16	2	18	0.00001
Sediminibacillus	482460	G	11	1	12	0.00000
Amphibacillus	29331	G	10	1	11	0.00000
Paenibacillus	44249	G	7313	630	7943	0.00282
Brevibacillus	55080	G	571	91	662	0.00023
Cohnella	329857	G	404	58	462	0.00016
Thermobacillus	76632	G	367	44	411	0.00015
Saccharibacillus	456492	G	178	18	196	0.00007
Aneurinibacillus	55079	G	49	9	58	0.00002
Alicyclobacillus	29330	G	384	24	408	0.00014
Tumebacillus	432330	G	353	94	447	0.00016
Kyrpidia	1129704	G	124	5	129	0.00005
Effusibacillus	1502725	G	32	3	35	0.00001
Novibacillus	1677050	G	377	40	417	0.00015
Kroppenstedtia	1274351	G	119	8	127	0.00005
Staphylospora	2689589	G	76	11	87	0.00003
Thermoactinomyces	2023	G	71	13	84	0.00003
Polycladomyces	1348505	G	46	4	50	0.00002
Laceyella	292635	G	26	5	31	0.00001
Planococcus	1372	G	298	68	366	0.00013
Sporosarcina	1569	G	139	27	166	0.00006
Solibacillus	648800	G	127	39	166	0.00006
Paenisporosarcina	651660	G	31	10	41	0.00001
Ureibacillus	160795	G	26	14	40	0.00001
Kurthia	1649	G	18	6	24	0.00001
Viridibacillus	496496	G	18	5	23	0.00001
Jeotgalibacillus	157226	G	12	3	15	0.00001
Rummeliibacillus	648802	G	10	4	14	0.00001
Staphylococcus	1279	G	221	1688	1909	0.00068
Macrococcus	69965	G	27	9	36	0.00001
Mammaliicoccus	2803850	G	21	10	31	0.00001
Jeotgalicoccus	227979	G	17	2	19	0.00001
Exiguobacterium	33986	G	162	40	202	0.00007
Gemella	1378	G	15	3	18	0.00001
Listeria	1637	G	81	99	180	0.00006
Sporolactobacillus	2077	G	26	3	29	0.00001
Limosilactobacillus	2742598	G	71	44	115	0.00004
Lactobacillus	1578	G	66	105	171	0.00006
Lacticaseibacillus	2759736	G	45	12	57	0.00002
Levilactobacillus	2767886	G	44	13	57	0.00002
Ligilactobacillus	2767887	G	22	10	32	0.00001
Weissella	46255	G	20	4	24	0.00001
Lactiplantibacillus	2767842	G	20	5	25	0.00001
Latilactobacillus	2767885	G	20	6	26	0.00001
Leuconostoc	1243	G	20	2	22	0.00001
Schleiferilactobacillus	2767891	G	19	1	20	0.00001
Companilactobacillus	2767879	G	17	2	19	0.00001
Loigolactobacillus	2767889	G	13	13	26	0.00001
Pediococcus	1253	G	12	5	17	0.00001
Lentilactobacillus	2767893	G	12	3	15	0.00001
Secundilactobacillus	2767892	G	11	3	14	0.00001
Oenococcus	46254	G	10	0	10	0.00000
Streptococcus	1301	G	185	100	285	0.00010
Lactococcus	1357	G	32	8	40	0.00001
Enterococcus	1350	G	86	176	262	0.00009
Vagococcus	2737	G	35	15	50	0.00002
Tetragenococcus	51668	G	12	2	14	0.00001
Carnobacterium	2747	G	24	8	32	0.00001
Jeotgalibaca	1470540	G	14	7	21	0.00001
Dolosigranulum	29393	G	10	2	12	0.00000
Aerococcus	1375	G	29	6	35	0.00001
Faecalibacterium	216851	G	273	158	431	0.00015
Dysosmobacter	2591381	G	152	57	209	0.00007
Flavonifractor	946234	G	122	26	148	0.00005
Ethanoligenens	253238	G	81	3	84	0.00003
Vescimonas	2892396	G	77	68	145	0.00005
Anaerotruncus	244127	G	53	24	77	0.00003
Caproiciproducens	1738645	G	52	5	57	0.00002
Ruthenibacterium	1905344	G	51	12	63	0.00002
Acetivibrio	35829	G	49	22	71	0.00003
Acutalibacter	1918385	G	44	1	45	0.00002
Pusillibacter	2892397	G	43	23	66	0.00002
Caproicibacter	2576755	G	39	2	41	0.00001
Oscillibacter	459786	G	34	9	43	0.00002
Caproicibacterium	2834348	G	30	1	31	0.00001
Ruminococcus	1263	G	26	1	27	0.00001
Solibaculum	2842531	G	22	17	39	0.00001
Pseudoclostridium	2304693	G	19	4	23	0.00001
Thermaerobacter	73918	G	911	56	967	0.00034
Intestinimonas	1392389	G	67	22	89	0.00003
Aminipila	2060094	G	26	1	27	0.00001
Emergencia	1926556	G	19	5	24	0.00001
Flintibacter	1918454	G	34	4	38	0.00001
Massilistercora	2717089	G	29	24	53	0.00002
Carboxydocella	178898	G	19	1	20	0.00001
Clostridium	1485	G	472	97	569	0.00020
Alkaliphilus	114627	G	87	15	102	0.00004
Hungatella	1649459	G	28	0	28	0.00001
Paraclostridium	1849822	G	10	2	12	0.00000
Anaerocolumna	1843210	G	102	3	105	0.00004
Lachnoclostridium	1506553	G	61	29	90	0.00003
Blautia	572511	G	55	89	144	0.00005
Roseburia	841	G	41	32	73	0.00003
Coprococcus	33042	G	25	16	41	0.00001
Anaerostipes	207244	G	24	6	30	0.00001
Lacrimispora	2719231	G	24	1	25	0.00001
Enterocloster	2719313	G	21	27	48	0.00002
Butyrivibrio	830	G	19	1	20	0.00001
Herbinix	1663717	G	18	10	28	0.00001
Anaerotignum	2039240	G	15	1	16	0.00001
Mediterraneibacter	2316020	G	10	11	21	0.00001
Symbiobacterium	2733	G	409	29	438	0.00016
Candidatus_Desulforudis	471826	G	80	3	83	0.00003
Desulforamulus	2916693	G	42	11	53	0.00002
Acididesulfobacillus	2924872	G	34	1	35	0.00001
Thermanaerosceptrum	2651578	G	22	2	24	0.00001
Candidatus_Formimonas	2840454	G	16	0	16	0.00001
Desulfofarcimen	2282742	G	14	1	15	0.00001
Heliomicrobium	2831443	G	121	48	169	0.00006
Desulfitobacterium	36853	G	46	5	51	0.00002
Desulfosporosinus	79206	G	41	4	45	0.00002
Dehalobacter	56112	G	13	1	14	0.00001
Syntrophobotulus	51196	G	12	0	12	0.00000
Christensenella	990721	G	110	41	151	0.00005
Eubacterium	1730	G	57	17	74	0.00003
Acetobacterium	33951	G	36	3	39	0.00001
Alkalibacter	274470	G	12	0	12	0.00000
Clostridioides	1870884	G	22	302	324	0.00012
Paeniclostridium	1849828	G	19	3	22	0.00001
Syntrophothermus	129001	G	13	5	18	0.00001
Desulfoscipio	2867376	G	34	2	36	0.00001
Caloranaerobacter	171003	G	15	1	16	0.00001
Desulfotomaculum	1562	G	14	4	18	0.00001
Vallitalea	1348611	G	10	0	10	0.00000
Thermincola	278993	G	10	0	10	0.00000
Moorella	44260	G	143	4	147	0.00005
Ammonifex	42837	G	66	2	68	0.00002
Gelria	189326	G	144	9	153	0.00005
Thermacetogenium	140458	G	55	43	98	0.00004
Thermoanaerobacter	1754	G	26	10	36	0.00001
Carboxydothermus	129957	G	17	1	18	0.00001
Thermanaeromonas	202949	G	14	0	14	0.00001
Caldanaerobacter	249529	G	12	12	24	0.00001
Caldicellulosiruptor	44000	G	25	3	28	0.00001
Zhaonella	2748674	G	22	3	25	0.00001
Mahella	252965	G	14	6	20	0.00001
Thermodesulfobium	227388	G	13	0	13	0.00000
Iocasia	2899804	G	15	2	17	0.00001
Halanaerobium	2330	G	10	1	11	0.00000
Anoxybacter	1769008	G	11	4	15	0.00001
Thermosediminibacter	291988	G	26	2	28	0.00001
Biomaibacter	2770094	G	20	3	23	0.00001
Natranaerofaba	2807497	G	14	2	16	0.00001
Selenomonas	970	G	445	22	467	0.00017
Pelosinus	365348	G	35	3	38	0.00001
Methylomusa	2093783	G	22	1	23	0.00001
Sporomusa	2375	G	17	1	18	0.00001
Megasphaera	906	G	119	35	154	0.00005
Veillonella	29465	G	19	1	20	0.00001
Dialister	39948	G	11	0	11	0.00000
Acidaminococcus	904	G	40	8	48	0.00002
Phascolarctobacterium	33024	G	30	11	41	0.00001
Limnochorda	1676651	G	385	13	398	0.00014
Peptoniphilus	162289	G	15	5	20	0.00001
Murdochiella	1161127	G	12	8	20	0.00001
Schnuerera	2794837	G	14	0	14	0.00001
Gottschalkia	1505664	G	23	2	25	0.00001
Ezakiella	1582879	G	19	30	49	0.00002
Allobaculum	174708	G	21	3	24	0.00001
Faecalibaculum	1729679	G	20	5	25	0.00001
Erysipelothrix	1647	G	14	4	18	0.00001
Erysipelatoclostridium	1505663	G	12	7	19	0.00001
Turicibacter	191303	G	12	4	16	0.00001
Ndongobacter	1930845	G	12	13	25	0.00001
Synechococcus	1129	G	1892	222	2114	0.00075
Dactylococcopsis	13034	G	14	7	21	0.00001
Cyanobium	167375	G	349	94	443	0.00016
Prochlorococcus	1218	G	22	1	23	0.00001
Parasynechococcus	2881427	G	21	7	28	0.00001
Acaryochloris	155977	G	41	1	42	0.00002
Chamaesiphon	217161	G	34	2	36	0.00001
Synechocystis	1142	G	21	2	23	0.00001
Nostoc	1177	G	328	82	410	0.00015
Anabaena	1163	G	31	85	116	0.00004
Cylindrospermum	56106	G	16	8	24	0.00001
Calothrix	1186	G	221	22	243	0.00009
Scytonema	1203	G	76	13	89	0.00003
Brasilonema	383614	G	11	1	12	0.00000
Sphaerospermopsis	752201	G	33	7	40	0.00001
Dolichospermum	748770	G	25	62	87	0.00003
Nodularia	159191	G	20	2	22	0.00001
Fischerella	1190	G	37	6	43	0.00002
Tolypothrix	111782	G	36	7	43	0.00002
Leptolyngbya	47251	G	480	31	511	0.00018
Kovacikia	1874526	G	57	7	64	0.00002
Leptothermofonsia	2917830	G	32	4	36	0.00001
Leptodesmis	2664261	G	30	4	34	0.00001
Thermoleptolyngbya	2303528	G	89	13	102	0.00004
Thermosynechococcus	146785	G	59	7	66	0.00002
Halomicronema	170610	G	49	2	51	0.00002
Pseudanabaena	1152	G	33	1	34	0.00001
Oscillatoria	1158	G	68	19	87	0.00003
Moorena	1155738	G	60	1	61	0.00002
Geitlerinema	63132	G	101	19	120	0.00004
Allocoleopsis	2886347	G	25	3	28	0.00001
Oxynema	1492710	G	45	4	49	0.00002
Microcoleus	44471	G	20	8	28	0.00001
Planktothrix	54304	G	16	1	17	0.00001
Koinonema	2023214	G	34	2	36	0.00001
Microcystis	1125	G	74	24	98	0.00003
Gloeothece	28070	G	27	2	29	0.00001
Rippkaea	2546365	G	14	3	17	0.00001
Halothece	76023	G	11	4	15	0.00001
Geminocystis	669357	G	23	2	25	0.00001
Gloeocapsa	102231	G	14	1	15	0.00001
Gloeobacter	33071	G	526	12	538	0.00019
Anthocerotibacter	2857076	G	37	1	38	0.00001
Chroococcidiopsis	54298	G	70	13	83	0.00003
Pleurocapsa	44474	G	25	3	28	0.00001
Stanieria	102115	G	14	1	15	0.00001
Gloeomargarita	1188227	G	15	0	15	0.00001
Thermostichus	2881385	G	11	6	17	0.00001
Deinococcus	1298	G	3794	171	3965	0.00141
Thermus	270	G	714	50	764	0.00027
Oceanithermus	208447	G	377	37	414	0.00015
Meiothermus	65551	G	327	18	345	0.00012
Marinithermus	186191	G	230	43	273	0.00010
Truepera	332248	G	355	17	372	0.00013
Sphaerobacter	2056	G	1152	81	1233	0.00044
Thermomicrobium	499	G	263	7	270	0.00010
Roseiflexus	120961	G	695	39	734	0.00026
Chloroflexus	1107	G	234	10	244	0.00009
Tepidiforma	2682228	G	747	29	776	0.00028
Candidatus_Promineofilum	1988031	G	571	10	581	0.00021
Caldilinea	233191	G	364	27	391	0.00014
Pelolinea	1649478	G	103	4	107	0.00004
Anaerolinea	233189	G	97	10	107	0.00004
Brevefilum	2019482	G	42	1	43	0.00002
Dehalogenimonas	670486	G	121	7	128	0.00005
Dehalococcoides	61434	G	71	2	73	0.00003
Thermobaculum	262406	G	120	15	135	0.00005
Ktedonosporobacter	2692417	G	119	4	123	0.00004
Phototrophicus	2922426	G	110	1	111	0.00004
Fimbriimonas	1005038	G	328	1	329	0.00012
Chthonomonas	1077265	G	61	0	61	0.00002
Mycoplasma	2093	G	41	9	50	0.00002
Mycoplasmopsis	2767358	G	17	8	25	0.00001
Candidatus_Phytoplasma	33926	G	13	1	14	0.00001
Spiroplasma	2132	G	23	2	25	0.00001
Gemmata	113	G	10593	1174	11767	0.00417
Urbifossiella	2807415	G	9098	775	9873	0.00350
Frigoriglobus	2774146	G	5596	861	6457	0.00229
Limnoglobus	2731450	G	4043	187	4230	0.00150
Tuwongella	2051044	G	351	15	366	0.00013
Telmatocola	1382832	G	298	2	300	0.00011
Lacipirellula	2691417	G	6348	482	6830	0.00242
Pirellulimonas	2795783	G	1629	195	1824	0.00065
Botrimarina	2795782	G	1597	164	1761	0.00062
Aeoliella	2795781	G	587	54	641	0.00023
Adhaeretor	2862451	G	363	40	403	0.00014
Bythopirellula	1400386	G	319	25	344	0.00012
Anatilimnocola	2807414	G	1116	153	1269	0.00045
Lignipirellula	2795775	G	1038	148	1186	0.00042
Stieleria	2795973	G	964	122	1086	0.00039
Rosistilla	2795779	G	907	80	987	0.00035
Pirellula	123	G	735	28	763	0.00027
Bremerella	2714594	G	725	62	787	0.00028
Roseimaritima	1579506	G	567	43	610	0.00022
Rubripirellula	1579505	G	225	52	277	0.00010
Mariniblastus	2005380	G	170	3	173	0.00006
Rhodopirellula	265488	G	160	12	172	0.00006
Aureliella	2795605	G	129	12	141	0.00005
Thermogutta	1676125	G	136	4	140	0.00005
Tautonia	2680020	G	8220	711	8931	0.00317
Aquisphaera	1511635	G	4113	710	4823	0.00171
Paludisphaera	1763521	G	2842	646	3488	0.00124
Singulisphaera	466152	G	2501	380	2881	0.00102
Isosphaera	127	G	420	31	451	0.00016
Planctomyces	118	G	4450	1105	5555	0.00197
Caulifigura	2795778	G	1826	139	1965	0.00070
Gimesia	1649453	G	1437	94	1531	0.00054
Maioricimonas	2795777	G	1262	193	1455	0.00052
Alienimonas	2714737	G	976	82	1058	0.00038
Symmachiella	2795780	G	478	34	512	0.00018
Rubinisphaera	1649490	G	291	34	325	0.00012
Calycomorphotria	2795776	G	260	11	271	0.00010
Planctopirus	1649480	G	241	10	251	0.00009
Crateriforma	2714592	G	234	51	285	0.00010
Fuerstiella	1936111	G	231	4	235	0.00008
Polystyrenella	2795774	G	99	10	109	0.00004
Thalassoglobus	2795865	G	87	5	92	0.00003
Humisphaera	2807511	G	1806	45	1851	0.00066
Phycisphaera	666508	G	549	45	594	0.00021
Mucisphaera	2913022	G	336	21	357	0.00013
Poriferisphaera	2803301	G	44	0	44	0.00002
Sedimentisphaera	2483368	G	25	9	34	0.00001
Limihaloglobus	2690160	G	22	2	24	0.00001
Anaerohalosphaera	2690159	G	45	2	47	0.00002
Candidatus_Kuenenia	380738	G	39	0	39	0.00001
Candidatus_Uabimicrobium	2897349	G	14	0	14	0.00001
Opitutus	178440	G	2468	209	2677	0.00095
Lacunisphaera	1961799	G	1257	168	1425	0.00051
Nibricoccus	2576890	G	615	26	641	0.00023
Oleiharenicola	2100741	G	569	29	598	0.00021
Ereboglobus	2028344	G	340	16	356	0.00013
Ruficoccus	2175957	G	138	19	157	0.00006
Coraliomargarita	442430	G	34	1	35	0.00001
Roseimicrobium	1348508	G	1474	40	1514	0.00054
Verrucomicrobium	2735	G	776	53	829	0.00029
Luteolibacter	518753	G	637	19	656	0.00023
Sulfuriroseicoccus	2911469	G	91	7	98	0.00003
Akkermansia	239934	G	246	14	260	0.00009
Methylacidimicrobium	1541670	G	234	21	255	0.00009
Methylacidiphilum	511745	G	30	1	31	0.00001
Candidatus_Xiphinematobacter	134550	G	24	1	25	0.00001
Kiritimatiella	1921784	G	165	207	372	0.00013
Tichowtungia	2907187	G	60	1	61	0.00002
Parachlamydia	83551	G	14	4	18	0.00001
Candidatus_Protochlamydia	282132	G	11	1	12	0.00000
Waddlia	71666	G	14	1	15	0.00001
Chlamydia	810	G	25	6	31	0.00001
Candidatus_Velamenicoccus	2789201	G	47	0	47	0.00002
Hymenobacter	89966	G	3311	158	3469	0.00123
Pontibacter	323449	G	1302	143	1445	0.00051
Rufibacter	1379908	G	175	41	216	0.00008
Adhaeribacter	299566	G	128	10	138	0.00005
Nibribacter	1649474	G	53	27	80	0.00003
Spirosoma	107	G	825	47	872	0.00031
Rhodocytophaga	455076	G	139	6	145	0.00005
Aquirufa	2676247	G	30	6	36	0.00001
Cytophaga	978	G	25	2	27	0.00001
Chryseolinea	1433993	G	723	24	747	0.00026
Fulvivirga	396811	G	127	8	135	0.00005
Dyadobacter	120831	G	418	29	447	0.00016
Fibrella	861914	G	179	15	194	0.00007
Runella	105	G	129	5	134	0.00005
Larkinella	332157	G	45	3	48	0.00002
Leadbetterella	319458	G	12	7	19	0.00001
Arcticibacterium	2173039	G	12	0	12	0.00000
Echinicola	390846	G	121	22	143	0.00005
Algoriphagus	246875	G	91	14	105	0.00004
Cyclobacterium	68288	G	32	4	36	0.00001
Mongoliitalea	1511649	G	22	2	24	0.00001
Belliella	232244	G	16	9	25	0.00001
Aquiflexum	280472	G	13	2	15	0.00001
Candidatus_Amoebophilus	281119	G	18	0	18	0.00001
Flammeovirga	59739	G	26	1	27	0.00001
Marivirga	869806	G	24	10	34	0.00001
Mangrovivirga	2858886	G	23	1	24	0.00001
Flavobacterium	237	G	2216	283	2499	0.00089
Muricauda	111500	G	126	30	156	0.00006
Capnocytophaga	1016	G	106	16	122	0.00004
Gramella	292691	G	94	17	111	0.00004
Polaribacter	52959	G	76	11	87	0.00003
Robiginitalea	252306	G	60	3	63	0.00002
Winogradskyella	286104	G	58	15	73	0.00003
Nonlabens	363408	G	57	10	67	0.00002
Antarcticibacterium	2058174	G	46	7	53	0.00002
Formosa	225842	G	46	9	55	0.00002
Aequorivita	153265	G	45	1	46	0.00002
Salegentibacter	143222	G	34	23	57	0.00002
Myroides	76831	G	33	9	42	0.00002
Tenacibaculum	104267	G	30	5	35	0.00001
Maribacter	252356	G	28	7	35	0.00001
Aquimarina	290174	G	27	1	28	0.00001
Cellulophaga	104264	G	26	2	28	0.00001
Kordia	221065	G	25	1	26	0.00001
Sinomicrobium	1434045	G	25	1	26	0.00001
Dokdonia	326319	G	22	1	23	0.00001
Algibacter	261827	G	20	6	26	0.00001
Zunongwangia	417127	G	20	16	36	0.00001
Mariniflexile	527198	G	16	1	17	0.00001
Leeuwenhoekiella	283735	G	16	5	21	0.00001
Lutibacter	358023	G	15	1	16	0.00001
Croceibacter	216431	G	14	2	16	0.00001
Seonamhaeicola	1649495	G	14	3	17	0.00001
Psychroflexus	83612	G	12	0	12	0.00000
Sediminicola	389486	G	12	1	13	0.00000
Flagellimonas	444459	G	11	0	11	0.00000
Aegicerativicinus	2893197	G	11	0	11	0.00000
Aggregatimonas	2913017	G	11	0	11	0.00000
Tamlana	393005	G	10	2	12	0.00000
Zhouia	561555	G	10	2	12	0.00000
Chryseobacterium	59732	G	445	154	599	0.00021
Kaistella	2782231	G	75	10	85	0.00003
Epilithonimonas	2782229	G	20	22	42	0.00002
Elizabethkingia	308865	G	95	22	117	0.00004
Ornithobacterium	28250	G	19	21	40	0.00001
Apibacter	1778601	G	15	4	19	0.00001
Cruoricaptor	1433995	G	13	2	15	0.00001
Empedobacter	59734	G	12	6	18	0.00001
Fluviicola	332102	G	74	6	80	0.00003
Crocinitomix	246873	G	12	0	12	0.00000
Blattabacterium	34098	G	61	6	67	0.00002
Croceimicrobium	2828338	G	14	4	18	0.00001
Owenweeksia	267986	G	13	2	15	0.00001
Chitinophaga	79328	G	724	46	770	0.00027
Niastella	354354	G	509	57	566	0.00020
Flavisolibacter	398041	G	406	39	445	0.00016
Lacibacter	649461	G	303	15	318	0.00011
Pseudobacter	1860196	G	210	19	229	0.00008
Pseudocnuella	2812019	G	207	27	234	0.00008
Paraflavitalea	2698688	G	193	16	209	0.00007
Flavihumibacter	1004301	G	183	11	194	0.00007
Niabella	379899	G	161	13	174	0.00006
Panacibacter	1874621	G	134	6	140	0.00005
Arachidicoccus	1769012	G	127	23	150	0.00005
Ferruginibacter	1004303	G	116	7	123	0.00004
Phnomibacter	2836216	G	95	12	107	0.00004
Filimonas	649460	G	76	9	85	0.00003
Alistipes	239759	G	697	289	986	0.00035
Prevotella	838	G	284	44	328	0.00012
Paraprevotella	577309	G	15	17	32	0.00001
Pseudoprevotella	2884814	G	13	1	14	0.00001
Bacteroides	816	G	263	158	421	0.00015
Phocaeicola	909656	G	48	29	77	0.00003
Duncaniella	2518495	G	45	1	46	0.00002
Sodaliphilus	2815786	G	45	28	73	0.00003
Muribaculum	1918540	G	41	4	45	0.00002
Tannerella	195950	G	65	3	68	0.00002
Parabacteroides	375288	G	65	56	121	0.00004
Porphyromonas	836	G	109	14	123	0.00004
Petrimonas	307628	G	29	1	30	0.00001
Proteiniphilum	294702	G	19	1	20	0.00001
Dysgonomonas	156973	G	14	0	14	0.00001
Barnesiella	397864	G	35	58	93	0.00003
Butyricimonas	574697	G	13	4	17	0.00001
Paludibacter	346096	G	16	0	16	0.00001
Draconibacterium	1471399	G	14	1	15	0.00001
Maribellus	2678352	G	12	1	13	0.00000
Labilibaculum	2060722	G	11	0	11	0.00000
Alkalitalea	1193324	G	10	0	10	0.00000
Rhodocaloribacter	2893090	G	787	72	859	0.00030
Rhodothermus	29548	G	624	30	654	0.00023
Salinibacter	146918	G	400	6	406	0.00014
Mucilaginibacter	423349	G	807	78	885	0.00031
Sphingobacterium	28453	G	404	169	573	0.00020
Pedobacter	84567	G	355	29	384	0.00014
Anseongella	1773450	G	64	3	67	0.00002
Solitalea	929509	G	53	4	57	0.00002
Olivibacter	376469	G	37	3	40	0.00001
Pseudopedobacter	1649482	G	15	17	32	0.00001
Haliscomenobacter	2349	G	62	0	62	0.00002
Saprospira	1007	G	14	0	14	0.00001
Candidatus_Sulfidibacterium	2923290	G	24	1	25	0.00001
Chlorobaculum	256319	G	318	21	339	0.00012
Pelodictyon	1099	G	78	9	87	0.00003
Chlorobium	1091	G	52	5	57	0.00002
Prosthecochloris	1101	G	122	8	130	0.00005
Chloroherpeton	100715	G	28	0	28	0.00001
Candidatus_Cyclonatronum	2489367	G	44	4	48	0.00002
Melioribacter	1134403	G	19	1	20	0.00001
Ignavibacterium	795750	G	10	1	11	0.00000
Gemmatirosa	1706036	G	9673	833	10506	0.00373
Gemmatimonas	173479	G	3397	87	3484	0.00124
Fibrobacter	832	G	31	0	31	0.00001
Candidatus_Cloacimonas	456826	G	14	0	14	0.00001
Luteitalea	2004797	G	20172	920	21092	0.00748
Granulicella	940557	G	1401	141	1542	0.00055
Terriglobus	392733	G	891	106	997	0.00035
Acidobacterium	33973	G	735	62	797	0.00028
Candidatus_Koribacter	658061	G	551	18	569	0.00020
Edaphobacter	388463	G	367	47	414	0.00015
Acidisarcina	2608728	G	233	17	250	0.00009
Paludibaculum	1649475	G	1172	32	1204	0.00043
Chloracidobacterium	458032	G	559	47	606	0.00022
Sulfidibacter	2915177	G	331	4	335	0.00012
Thermotomaculum	1172428	G	14	0	14	0.00001
Nitrospira	1234	G	1781	24	1805	0.00064
Leptospirillum	179	G	48	1	49	0.00002
Dissulfurispira	2811506	G	23	1	24	0.00001
Thermodesulfovibrio	28261	G	11	0	11	0.00000
Spirochaeta	146	G	139	4	143	0.00005
Salinispira	1616789	G	15	0	15	0.00001
Sediminispirochaeta	1911556	G	12	0	12	0.00000
Treponema	157	G	157	16	173	0.00006
Sphaerochaeta	399320	G	39	2	41	0.00001
Borrelia	138	G	12	10	22	0.00001
Breznakiella	2845254	G	22	1	23	0.00001
Turneriella	338321	G	91	0	91	0.00003
Leptospira	171	G	84	18	102	0.00004
Brachyspira	29521	G	11	0	11	0.00000
Pyramidobacter	638847	G	93	5	98	0.00003
Fretibacterium	1434006	G	84	1	85	0.00003
Thermanaerovibrio	81461	G	71	12	83	0.00003
Aminomonas	81411	G	67	7	74	0.00003
Cloacibacillus	508459	G	58	10	68	0.00002
Jonquetella	428711	G	43	5	48	0.00002
Acetomicrobium	49894	G	13	0	13	0.00000
Candidatus_Nanosynbacter	2093823	G	36	30	66	0.00002
Candidatus_Saccharimonas	1331051	G	28	0	28	0.00001
Candidatus_Bipolaricaulis	2250122	G	92	3	95	0.00003
Candidatus_Babela	1551504	G	17	0	17	0.00001
Candidatus_Chazhemtobacterium	2715734	G	10	0	10	0.00000
Thermotoga	2335	G	38	4	42	0.00002
Pseudothermotoga	1643951	G	13	0	13	0.00000
Mesotoga	1184396	G	12	0	12	0.00000
Kosmotoga	651456	G	11	1	12	0.00000
Athalassotoga	1769718	G	13	0	13	0.00000
Thermocrinis	75905	G	14	4	18	0.00001
Thermovibrio	171868	G	11	3	14	0.00001
Desulfurobacterium	64159	G	10	3	13	0.00000
Thermosulfurimonas	1522431	G	24	6	30	0.00001
Thermosulfuriphilus	2033601	G	15	0	15	0.00001
Thermodesulfatator	241192	G	12	2	14	0.00001
Fusobacterium	848	G	29	5	34	0.00001
Leptotrichia	32067	G	19	4	23	0.00001
Geovibrio	46200	G	16	9	25	0.00001
Caldithrix	187144	G	48	0	48	0.00002
Desulfurispirillum	393029	G	40	18	58	0.00002
Endomicrobium	1408194	G	18	0	18	0.00001
Elusimicrobium	423604	G	17	0	17	0.00001
Coprothermobacter	68335	G	16	2	18	0.00001
Caldisericum	693074	G	16	0	16	0.00001
Dictyoglomus	13	G	13	0	13	0.00000
Atribacter	2847777	G	11	0	11	0.00000
Fusarium	5506	G	10141	695	10836	0.00384
Metarhizium	5529	G	676	92	768	0.00027
Ustilaginoidea	124426	G	191	8	199	0.00007
Pochonia	243023	G	56	4	60	0.00002
Trichoderma	5543	G	846	34	880	0.00031
Beauveria	5581	G	374	12	386	0.00014
Cordyceps	45234	G	148	8	156	0.00006
Purpureocillium	1052105	G	232	15	247	0.00009
Drechmeria	98402	G	165	7	172	0.00006
Clonostachys	110564	G	105	6	111	0.00004
Colletotrichum	5455	G	188	41	229	0.00008
Thermothelomyces	1920207	G	773	59	832	0.00030
Thermothielavioides	2609811	G	616	63	679	0.00024
Neurospora	5140	G	451	28	479	0.00017
Pyricularia	48558	G	249	2	251	0.00009
Neopestalotiopsis	1562158	G	165	1	166	0.00006
Botrytis	33196	G	55	0	55	0.00002
Aspergillus	5052	G	4308	163	4471	0.00159
Penicillium	5073	G	607	21	628	0.00022
Paecilomyces	33202	G	96	2	98	0.00004
Talaromyces	5094	G	51	3	54	0.00002
Ampelomyces	50729	G	123	13	136	0.00005
Paraphaeosphaeria	125369	G	85	28	113	0.00004
Zymoseptoria	1047167	G	54	1	55	0.00002
Cercospora	29002	G	43	0	43	0.00002
Eremothecium	33170	G	29	25	54	0.00002
Naumovozyma	278028	G	26	2	28	0.00001
Saccharomyces	4930	G	18	2	20	0.00001
Kluyveromyces	4910	G	15	2	17	0.00001
Tetrapisispora	113604	G	15	1	16	0.00001
Lachancea	300275	G	11	1	12	0.00000
Torulaspora	4948	G	10	1	11	0.00000
Candida	1535326	G	55	1	56	0.00002
Brettanomyces	13366	G	18	1	19	0.00001
Pichia	4919	G	15	1	16	0.00001
Ogataea	461281	G	11	0	11	0.00000
Yarrowia	4951	G	24	0	24	0.00001
Sugiyamaella	410829	G	10	1	11	0.00000
Schizosaccharomyces	4895	G	13	0	13	0.00000
Pseudozyma	63298	G	192	2	194	0.00007
Ustilago	5269	G	83	2	85	0.00003
Sporisorium	63265	G	62	11	73	0.00003
Malassezia	55193	G	21	5	26	0.00001
Phlebiopsis	82309	G	52	0	52	0.00002
Rhizoctonia	1322061	G	17	0	17	0.00001
Marasmius	34448	G	22	1	23	0.00001
Cryptococcus	5206	G	29	1	30	0.00001
Encephalitozoon	6033	G	13	0	13	0.00000
Phytophthora	4783	G	516	158	674	0.00024
Pythium	4797	G	59	2	61	0.00002
