name	taxonomy_id	taxonomy_lvl	kraken_assigned_reads	added_reads	new_est_reads	fraction_total_reads
Streptomyces_sp._SCSIO_64649	2878388	S	9552	2091	11643	0.00084
Streptomyces_sp._DSM_40868	2721173	S	8274	3404	11678	0.00084
Streptomyces_sp._WAC_01438	2203204	S	8197	3172	11369	0.00082
Streptomyces_sp._BJ20	2930049	S	7713	3562	11275	0.00081
Streptomyces_sp._CB01881	2078691	S	7712	1785	9497	0.00069
Streptomyces_sp._AMCC400023	2056258	S	7296	3211	10507	0.00076
Streptomyces_sp._CdTB01	1725411	S	7267	2376	9643	0.00070
Streptomyces_sp._SN-593	659352	S	7053	2002	9055	0.00065
Streptomyces_sp._So13.3	2136173	S	6910	1536	8446	0.00061
Streptomyces_sp._ZYC-3	2797636	S	6534	1480	8014	0.00058
Streptomyces_sp._MA3_2.13	2867410	S	6482	1007	7489	0.00054
Streptomyces_sp._P3	2135430	S	6046	1733	7779	0.00056
Streptomyces_sp._Z423-1	2730915	S	5996	1992	7988	0.00058
Streptomyces_sp._NHF165	2175864	S	5981	1237	7218	0.00052
Streptomyces_sp._SCUT-3	2684469	S	5687	2679	8366	0.00060
Streptomyces_sp._HM190	2695266	S	5617	2035	7652	0.00055
Streptomyces_sp._NA02950	2742137	S	5574	1296	6870	0.00050
Streptomyces_sp._ST1015	1848900	S	5573	1347	6920	0.00050
Streptomyces_sp._BH-MK-02	2880933	S	5365	1341	6706	0.00048
Streptomyces_sp._LRE541	2931983	S	5014	1302	6316	0.00046
Streptomyces_sp._3025	2923272	S	4910	1033	5943	0.00043
Streptomyces_sp._3214.6	1882757	S	4842	1610	6452	0.00047
Streptomyces_sp._891-h	2720714	S	4635	998	5633	0.00041
Streptomyces_sp._MST-110588	2833628	S	4595	1315	5910	0.00043
Streptomyces_sp._MG28	2865673	S	4481	1741	6222	0.00045
Streptomyces_sp._A2-16	2781734	S	4436	1559	5995	0.00043
Streptomyces_sp._YIM_121038	2136401	S	4416	1476	5892	0.00043
Streptomyces_sp._GQFP	2907545	S	4336	854	5190	0.00038
Streptomyces_sp._C8S0	2585716	S	4251	1426	5677	0.00041
Streptomyces_sp._GMY02	1333528	S	4229	878	5107	0.00037
Streptomyces_sp._W1SF4	2305220	S	4189	1705	5894	0.00043
Streptomyces_sp._NA04227	2742136	S	4182	1133	5315	0.00038
Streptomyces_sp._JB150	2714844	S	4115	1580	5695	0.00041
Streptomyces_sp._MBT27	1488356	S	4046	1373	5419	0.00039
Streptomyces_sp._GS7	2692234	S	3993	1241	5234	0.00038
Streptomyces_sp._QHH-9511	2684468	S	3932	1253	5185	0.00037
Streptomyces_sp._Go-475	2072505	S	3866	1980	5846	0.00042
Streptomyces_sp._NEAU-sy36	2751189	S	3833	1626	5459	0.00039
Streptomyces_sp._SAT1	1849967	S	3786	1618	5404	0.00039
Streptomyces_sp._RPA4-2	2721244	S	3782	1245	5027	0.00036
Streptomyces_sp._BHT-5-2	2866715	S	3672	1305	4977	0.00036
Streptomyces_sp._MG62	2838015	S	3654	1524	5178	0.00037
Streptomyces_sp._SYP-A7193	2662065	S	3587	2216	5803	0.00042
Streptomyces_sp._CMB-StM0423	2059884	S	3548	1670	5218	0.00038
Streptomyces_sp._RTd22	1841249	S	3524	1480	5004	0.00036
Streptomyces_sp._Rer75	2750011	S	3486	1609	5095	0.00037
Streptomyces_sp._HP-A2021	2927875	S	3458	2074	5532	0.00040
Streptomyces_sp._Tu_2975	2676871	S	3453	1247	4700	0.00034
Streptomyces_sp._Go_40/10	2825844	S	3436	1674	5110	0.00037
Streptomyces_sp._SirexAA-E	862751	S	3276	1103	4379	0.00032
Streptomyces_sp._135	2838850	S	3272	1191	4463	0.00032
Streptomyces_sp._SGAir0924	2109593	S	3245	15432	18677	0.00135
Streptomyces_sp._HSG2	2797167	S	3211	819	4030	0.00029
Streptomyces_sp._SM18	1736046	S	3189	999	4188	0.00030
Streptomyces_sp._fd1-xmd	1812480	S	3028	1418	4446	0.00032
Streptomyces_sp._INR7	2607753	S	2964	1573	4537	0.00033
Streptomyces_sp._A144	2871487	S	2878	12589	15467	0.00112
Streptomyces_sp._WAC_01529	2203205	S	2862	1129	3991	0.00029
Streptomyces_sp._SS52	2563602	S	2718	12486	15204	0.00110
Streptomyces_sp._TN58	234612	S	2654	1289	3943	0.00028
Streptomyces_sp._CNQ-509	444103	S	2639	2354	4993	0.00036
Streptomyces_sp._S4.7	2705439	S	2591	959	3550	0.00026
Streptomyces_sp._CB09001	2083284	S	2586	1786	4372	0.00032
Streptomyces_sp._jing01	2726118	S	2537	1544	4081	0.00029
Streptomyces_sp._WAC_06738	2203210	S	2513	2281	4794	0.00035
Streptomyces_sp._CCM_MD2014	1561022	S	2278	2010	4288	0.00031
Streptomyces_sp._S1D4-11	2721246	S	2148	1555	3703	0.00027
Streptomyces_sp._WY228	2855836	S	2037	1161	3198	0.00023
Streptomyces_sp._SUK_48	2582831	S	1987	1295	3282	0.00024
Streptomyces_sp._ADI95-16	1522758	S	1955	1640	3595	0.00026
Streptomyces_sp._YPW6	2840373	S	1886	1041	2927	0.00021
Streptomyces_sp._Mg1	465541	S	1788	1596	3384	0.00024
Streptomyces_sp._769	1262452	S	1713	1343	3056	0.00022
Streptomyces_sp._HF10	2692233	S	1651	1204	2855	0.00021
Streptomyces_sp._RPA4-5	2721245	S	1571	1065	2636	0.00019
Streptomyces_sp._AgN23	1188315	S	1513	1392	2905	0.00021
Streptomyces_sp._3211	1964449	S	1375	1676	3051	0.00022
Streptomyces_sp._2323.1	1938841	S	1352	874	2226	0.00016
Streptomyces_sp._NA02536	2742133	S	1322	3630	4952	0.00036
Streptomyces_sp._S063	2005885	S	1308	945	2253	0.00016
Streptomyces_sp._S8	1837283	S	1301	1169	2470	0.00018
Streptomyces_sp._EAS-AB2608	2779671	S	1253	1918	3171	0.00023
Streptomyces_sp._NEAU-S7GS2	2202000	S	1226	1028	2254	0.00016
Streptomyces_sp._XC_2026	2782004	S	1217	1114	2331	0.00017
Streptomyces_sp._PBH53	1577075	S	1155	1632	2787	0.00020
Streptomyces_sp._RLB1-33	2721243	S	1152	3420	4572	0.00033
Streptomyces_sp._Sge12	1972846	S	1082	1621	2703	0.00020
Streptomyces_sp._ID38640	1265399	S	1048	753	1801	0.00013
Streptomyces_sp._MOE7	1961713	S	924	1158	2082	0.00015
Streptomyces_sp._HNA39	2850561	S	921	1086	2007	0.00015
Streptomyces_sp._WA6-1-16	2879427	S	908	945	1853	0.00013
Streptomyces_sp._Tue_6075	1661694	S	844	992	1836	0.00013
Streptomyces_sp._11-1-2	1851167	S	834	1606	2440	0.00018
Streptomyces_sp._CFMR_7	1649184	S	766	1361	2127	0.00015
Streptomyces_sp._CB00271	2750025	S	720	1012	1732	0.00013
Streptomyces_sp._M56	1495638	S	596	1636	2232	0.00016
Streptomyces_sp._WAC00303	2933779	S	595	886	1481	0.00011
Streptomyces_sp._BSE6.1	2605730	S	519	2231	2750	0.00020
Streptomyces_sp._CLI2509	1984801	S	514	1685	2199	0.00016
Streptomyces_sp._CB04723	2748873	S	499	927	1426	0.00010
Streptomyces_sp._V17-9	2831149	S	490	2227	2717	0.00020
Streptomyces_sp._Tu6071	355249	S	487	1426	1913	0.00014
Streptomyces_sp._PAMC_26508	1265601	S	482	1644	2126	0.00015
Streptomyces_sp._M2	646637	S	474	2430	2904	0.00021
Streptomyces_sp._CB09030	2913412	S	464	1613	2077	0.00015
Streptomyces_sp._CRSS-Y-16	2906474	S	428	2322	2750	0.00020
Streptomyces_sp._NA03103	2742134	S	406	2507	2913	0.00021
Streptomyces_sp._VN1	1821625	S	386	1695	2081	0.00015
Streptomyces_sp._endophyte_N2	2153485	S	380	1142	1522	0.00011
Streptomyces_sp._WAC00288	2094021	S	379	1644	2023	0.00015
Streptomyces_sp._HU2014	2939414	S	373	1332	1705	0.00012
Streptomyces_sp._S501	2420135	S	340	1252	1592	0.00012
Streptomyces_sp._WA1-19	2884220	S	328	1824	2152	0.00016
Streptomyces_sp._LBUM_1480	2609808	S	311	3220	3531	0.00026
Streptomyces_sp._2114.2	1881022	S	294	1893	2187	0.00016
Streptomyces_sp._A1-5	2738410	S	293	1415	1708	0.00012
Streptomyces_sp._KPB2	2305221	S	287	2240	2527	0.00018
Streptomyces_sp._CA-256286	2801033	S	271	1758	2029	0.00015
Streptomyces_sp._GF20	2692235	S	244	1422	1666	0.00012
Streptomyces_sp._S1A1-7	2594459	S	243	2208	2451	0.00018
Streptomyces_sp._R527F	1664033	S	213	1262	1475	0.00011
Streptomyces_sp._RLB3-17	2594455	S	179	2705	2884	0.00021
Streptomyces_sp._NBU3104	2911367	S	173	1177	1350	0.00010
Streptomyces_sp._604F	1476754	S	169	1498	1667	0.00012
Streptomyces_sp._LBUM_1482	2609809	S	165	4359	4524	0.00033
Streptomyces_sp._LBUM_1475	2609807	S	161	4988	5149	0.00037
Streptomyces_sp._FR-008	206662	S	148	1252	1400	0.00010
Streptomyces_sp._RLB3-6	2594457	S	131	3966	4097	0.00030
Streptomyces_sp._OUCMDZ-3434	1535304	S	129	1329	1458	0.00011
Streptomyces_sp._S1D4-20	2594462	S	116	3044	3160	0.00023
Streptomyces_sp._CC0208	2306165	S	116	3248	3364	0.00024
Streptomyces_sp._GBA_94-10	1218177	S	110	1375	1485	0.00011
Streptomyces_sp._A10(2020)	2782013	S	104	1259	1363	0.00010
Streptomyces_sp._PLM4	2929798	S	99	847	946	0.00007
Streptomyces_sp._PVA_94-07	1225337	S	96	1387	1483	0.00011
Streptomyces_sp._S1D4-14	2594461	S	94	5926	6020	0.00043
Streptomyces_sp._RLB1-9	2594454	S	72	3828	3900	0.00028
Streptomyces_sp._S1D4-23	2594463	S	47	2428	2475	0.00018
Streptomyces_sp._SM17	565560	S	41	1758	1799	0.00013
Streptomyces_sp._ICC1	2099583	S	31	1717	1748	0.00013
Streptomyces_sp._ICC4	2099584	S	23	1474	1497	0.00011
Streptomyces_venezuelae	54571	S	22492	8794	31286	0.00226
Streptomyces_cadmiisoli	2184053	S	4990	1327	6317	0.00046
Streptomyces_aurantiacus	47760	S	3955	1004	4959	0.00036
Streptomyces_qaidamensis	1783515	S	3755	1637	5392	0.00039
Streptomyces_alboniger	132473	S	2566	1000	3566	0.00026
Streptomyces_koyangensis	188770	S	1805	1873	3678	0.00027
Streptomyces_hygroscopicus	1912	S	6598	9541	16139	0.00117
Streptomyces_rapamycinicus	1226757	S	4094	1008	5102	0.00037
Streptomyces_violaceusniger	68280	S	1759	1184	2943	0.00021
Streptomyces_yatensis	155177	S	1736	1288	3024	0.00022
Streptomyces_malaysiensis	92644	S	494	1494	1988	0.00014
Streptomyces_calvus	67282	S	11841	4862	16703	0.00121
Streptomyces_chartreusis	1969	S	10890	4803	15693	0.00113
Streptomyces_capitiformicae	2014920	S	9888	1640	11528	0.00083
Streptomyces_xinghaiensis	1038928	S	9385	3085	12470	0.00090
Streptomyces_griseus	1911	S	3613	3369	6982	0.00050
Streptomyces_sp._M54	2759525	S	368	957	1325	0.00010
Streptomyces_anulatus	1892	S	2609	2766	5375	0.00039
Streptomyces_microflavus	1919	S	1298	5834	7132	0.00052
Streptomyces_globisporus	1908	S	1049	7719	8768	0.00063
Streptomyces_albus	1888	S	8583	4500	13083	0.00095
Streptomyces_cyaneochromogenes	2496836	S	8000	2465	10465	0.00076
Streptomyces_lydicus	47763	S	7978	5558	13536	0.00098
Streptomyces_formicae	1616117	S	7961	2668	10629	0.00077
Streptomyces_bathyalis	2710756	S	7315	1329	8644	0.00062
Streptomyces_bingchenggensis	379067	S	7282	1505	8787	0.00063
Streptomyces_ferrugineus	1413221	S	6887	2330	9217	0.00067
Streptomyces_buecherae	2763006	S	6859	1890	8749	0.00063
Streptomyces_armeniacus	83291	S	6768	1067	7835	0.00057
Streptomyces_tsukubensis	83656	S	6498	1678	8176	0.00059
Streptomyces_griseorubiginosus	67304	S	6405	2214	8619	0.00062
Streptomyces_lunaelactis	1535768	S	6299	1415	7714	0.00056
Streptomyces_niveus	193462	S	6187	2938	9125	0.00066
Streptomyces_spectabilis	68270	S	6037	2072	8109	0.00059
Streptomyces_cattleya	29303	S	5933	1878	7811	0.00056
Streptomyces_harbinensis	1176198	S	5813	1730	7543	0.00055
Streptomyces_viridosporus	67581	S	5807	2487	8294	0.00060
Streptomyces_seoulensis	73044	S	5525	2257	7782	0.00056
Streptomyces_lincolnensis	1915	S	5383	1639	7022	0.00051
Streptomyces_davaonensis	348043	S	5365	1582	6947	0.00050
Streptomyces_roseirectus	2768066	S	5335	1380	6715	0.00049
Streptomyces_nigra	1827580	S	5275	2189	7464	0.00054
Streptomyces_aquilus	2548456	S	5178	1611	6789	0.00049
Streptomyces_rimosus	1927	S	4908	10531	15439	0.00112
Streptomyces_xanthii	2768069	S	4800	1553	6353	0.00046
Streptomyces_dengpaensis	2049881	S	4717	1385	6102	0.00044
Streptomyces_tendae	1932	S	4659	2030	6689	0.00048
Streptomyces_durmitorensis	319947	S	4575	1051	5626	0.00041
Streptomyces_asoensis	249586	S	4569	1431	6000	0.00043
Streptomyces_ambofaciens	1889	S	4551	2919	7470	0.00054
Streptomyces_nodosus	40318	S	4543	1232	5775	0.00042
Streptomyces_genisteinicus	2768068	S	4520	1530	6050	0.00044
Streptomyces_clavuligerus	1901	S	4456	1156	5612	0.00041
Streptomyces_deccanensis	424188	S	4440	1901	6341	0.00046
Streptomyces_actuosus	1885	S	4429	1984	6413	0.00046
Streptomyces_phaeolivaceus	2653200	S	4399	1268	5667	0.00041
Streptomyces_olivoreticuli	68246	S	4391	1337	5728	0.00041
Streptomyces_albulus	68570	S	4386	1418	5804	0.00042
Streptomyces_liangshanensis	2717324	S	4367	1185	5552	0.00040
Streptomyces_avermitilis	33903	S	4330	1315	5645	0.00041
Streptomyces_griseoviridis	45398	S	4322	1483	5805	0.00042
Streptomyces_griseochromogenes	68214	S	4300	1257	5557	0.00040
Streptomyces_prasinus	67345	S	4286	1485	5771	0.00042
Streptomyces_vietnamensis	362257	S	4229	1501	5730	0.00041
Streptomyces_alboflavus	67267	S	4214	1241	5455	0.00039
Streptomyces_exfoliatus	1905	S	4213	1535	5748	0.00042
Streptomyces_globosus	68209	S	4176	1640	5816	0.00042
Streptomyces_pactum	68249	S	4136	1751	5887	0.00043
Streptomyces_rectiverticillatus	173860	S	4123	1424	5547	0.00040
Streptomyces_luteoverticillatus	66425	S	4109	1467	5576	0.00040
Streptomyces_parvulus	146923	S	4101	1905	6006	0.00043
Streptomyces_griseocarneus	51201	S	4086	1539	5625	0.00041
Streptomyces_aureoverticillatus	66871	S	4039	1158	5197	0.00038
Streptomyces_antibioticus	1890	S	4012	1511	5523	0.00040
Streptomyces_ficellus	1977088	S	3986	1530	5516	0.00040
Streptomyces_paludis	2282738	S	3980	934	4914	0.00036
Streptomyces_atratus	1893	S	3779	821	4600	0.00033
Streptomyces_glaucescens	1907	S	3757	1713	5470	0.00040
Streptomyces_peucetius	1950	S	3734	1092	4826	0.00035
Streptomyces_lavendulae	1914	S	3668	1356	5024	0.00036
Streptomyces_broussonetiae	2686304	S	3668	1166	4834	0.00035
Streptomyces_collinus	42684	S	3659	2637	6296	0.00045
Streptomyces_roseochromogenus	285450	S	3591	1180	4771	0.00034
Streptomyces_subrutilus	36818	S	3498	1381	4879	0.00035
Streptomyces_pristinaespiralis	38300	S	3456	1391	4847	0.00035
Streptomyces_chromofuscus	42881	S	3403	1382	4785	0.00035
Streptomyces_galilaeus	33899	S	3373	1197	4570	0.00033
Streptomyces_katrae	68223	S	3333	1333	4666	0.00034
Streptomyces_vinaceus	1960	S	3319	1262	4581	0.00033
Streptomyces_incarnatus	665007	S	3311	1015	4326	0.00031
Streptomyces_inhibens	2293571	S	3266	1043	4309	0.00031
Streptomyces_tirandamycinicus	2174846	S	3262	1153	4415	0.00032
Streptomyces_fodineus	1904616	S	3233	1196	4429	0.00032
Streptomyces_hundungensis	1077946	S	3218	1071	4289	0.00031
Streptomyces_nitrosporeus	28894	S	3144	949	4093	0.00030
Streptomyces_gilvosporeus	553510	S	3126	1056	4182	0.00030
Streptomyces_kanamyceticus	1967	S	3018	1059	4077	0.00029
Streptomyces_dangxiongensis	1442032	S	3010	1098	4108	0.00030
Streptomyces_spongiicola	1690221	S	3003	1303	4306	0.00031
Streptomyces_mobaraensis	35621	S	3002	117970	120972	0.00874
Streptomyces_gobiensis	2875706	S	2995	613	3608	0.00026
Streptomyces_finlayi	67296	S	2977	725	3702	0.00027
Streptomyces_gardneri	66892	S	2975	1254	4229	0.00031
Streptomyces_coeruleorubidus	116188	S	2973	1468	4441	0.00032
Streptomyces_pluripotens	1355015	S	2951	721	3672	0.00027
Streptomyces_hawaiiensis	67305	S	2869	1298	4167	0.00030
Streptomyces_pratensis	1169025	S	2864	742	3606	0.00026
Streptomyces_rutgersensis	53451	S	2850	1464	4314	0.00031
Streptomyces_qinzhouensis	2599401	S	2812	714	3526	0.00025
Streptomyces_angustmyceticus	285578	S	2799	1199	3998	0.00029
Streptomyces_tuirus	68278	S	2762	1452	4214	0.00030
Streptomyces_nojiriensis	66374	S	2723	1217	3940	0.00028
Streptomyces_cyanogenus	80860	S	2690	1241	3931	0.00028
Streptomyces_fagopyri	2662397	S	2684	956	3640	0.00026
Streptomyces_huasconensis	1854574	S	2563	1047	3610	0.00026
Streptomyces_leeuwenhoekii	1437453	S	2016	1446	3462	0.00025
Streptomyces_cyaneogriseus	68192	S	1811	1445	3256	0.00024
Streptomyces_decoyicus	249567	S	1549	886	2435	0.00018
Streptomyces_lydicamycinicus	1546107	S	1327	816	2143	0.00015
Streptomyces_auratus	114687	S	1288	877	2165	0.00016
Streptomyces_antimycoticus	68175	S	1277	1324	2601	0.00019
Streptomyces_xiamenensis	408015	S	1215	1065	2280	0.00016
Streptomyces_fungicidicus	68203	S	1160	3442	4602	0.00033
Streptomyces_platensis	58346	S	1144	871	2015	0.00015
Streptomyces_albidoflavus	1886	S	365	5588	5953	0.00043
Streptomyces_coelicolor	1902	S	329	3627	3956	0.00029
Streptomyces_sampsonii	42239	S	184	1508	1692	0.00012
Streptomyces_olivaceus	47716	S	810	3022	3832	0.00028
Streptomyces_alfalfae	1642299	S	736	4221	4957	0.00036
Streptomyces_filamentosus	67294	S	705	906	1611	0.00012
Streptomyces_californicus	67351	S	640	2125	2765	0.00020
Streptomyces_mirabilis	68239	S	613	3701	4314	0.00031
Streptomyces_cavourensis	67258	S	601	1132	1733	0.00013
Streptomyces_fradiae	1906	S	507	7812	8319	0.00060
Streptomyces_autolyticus	75293	S	413	1407	1820	0.00013
Streptomyces_griseofuscus	146922	S	384	1748	2132	0.00015
Streptomyces_scabiei	1930	S	369	3288	3657	0.00026
Streptomyces_noursei	1971	S	368	1468	1836	0.00013
Streptomyces_murinus	33900	S	364	1053	1417	0.00010
Streptomyces_albireticuli	1940	S	330	1419	1749	0.00013
Streptomyces_lividans	1916	S	284	3085	3369	0.00024
Streptomyces_cinereoruber	67260	S	262	1397	1659	0.00012
Streptomyces_rubrolavendulae	285473	S	202	1501	1703	0.00012
Streptomyces_violaceoruber	1935	S	170	762	932	0.00007
Streptomyces_rochei	1928	S	126	961	1087	0.00008
Kitasatospora_sp._MMS16-BH015	2018025	S	5409	1994	7403	0.00053
Kitasatospora_sp._NA04385	2742135	S	4288	2573	6861	0.00050
Kitasatospora_setae	2066	S	4484	2602	7086	0.00051
Kitasatospora_aureofaciens	1894	S	3837	1768	5605	0.00041
Kitasatospora_albolonga	68173	S	1472	1272	2744	0.00020
Streptacidiphilus_sp._P02-A3a	2704468	S	5147	1795	6942	0.00050
Streptacidiphilus_sp._PB12-B1b	2705012	S	4640	2069	6709	0.00048
Streptacidiphilus_bronchialis	2126346	S	4366	1592	5958	0.00043
Yinghuangia_sp._ASG_101	2896848	S	6573	1244	7817	0.00056
Microbacterium_sp._No._7	1714373	S	3744	1755	5499	0.00040
Microbacterium_sp._4R-513	2567934	S	3615	701	4316	0.00031
Microbacterium_sp._YJN-G	2763257	S	3214	1099	4313	0.00031
Microbacterium_sp._10M-3C3	2483401	S	2924	936	3860	0.00028
Microbacterium_sp._JZ31	1906274	S	2778	821	3599	0.00026
Microbacterium_sp._SSW1-51	2851650	S	2231	591	2822	0.00020
Microbacterium_sp._ABRD_28	2268461	S	2189	315	2504	0.00018
Microbacterium_sp._BH-3-3-3	1906742	S	1960	496	2456	0.00018
Microbacterium_sp._XT11	367477	S	1949	437	2386	0.00017
Microbacterium_sp._H1-D42	2925844	S	1839	323	2162	0.00016
Microbacterium_sp._LKL04	912630	S	1751	440	2191	0.00016
Microbacterium_sp._NIBRBAC000506063	2734618	S	1742	750	2492	0.00018
Microbacterium_sp._SSW1-36	2851648	S	1740	400	2140	0.00015
Microbacterium_sp._A18JL241	2782166	S	1717	425	2142	0.00015
Microbacterium_sp._PM5	2014534	S	1680	328	2008	0.00015
Microbacterium_sp._cx-55	2875948	S	1639	256	1895	0.00014
Microbacterium_sp._Y-01	2048898	S	1634	678	2312	0.00017
Microbacterium_sp._CBA3102	2603598	S	1472	378	1850	0.00013
Microbacterium_sp._1S1	2606451	S	1395	625	2020	0.00015
Microbacterium_sp._TPU_3598	1938334	S	1293	355	1648	0.00012
Microbacterium_sp._Nx66	2766784	S	1127	766	1893	0.00014
Microbacterium_sp._RG1	2489212	S	742	576	1318	0.00010
Microbacterium_sp._SGAir0570	2070348	S	374	1328	1702	0.00012
Microbacterium_sp._CGR1	1696072	S	334	1329	1663	0.00012
Microbacterium_sp._PAMC22086	2861281	S	319	678	997	0.00007
Microbacterium_sp._1.5R	1916917	S	309	1187	1496	0.00011
Microbacterium_sp._str._'China'	2103230	S	174	902	1076	0.00008
Microbacterium_sp._PAMC_28756	1795053	S	71	1120	1191	0.00009
Microbacterium_sp._KUDC0406	2909588	S	26	2313	2339	0.00017
Microbacterium_sp._Se5.02b	2864103	S	18	1622	1640	0.00012
Microbacterium_cremeum	2782169	S	9297	2086	11383	0.00082
Microbacterium_atlanticum	2782168	S	5262	1236	6498	0.00047
Microbacterium_hominis	162426	S	4005	11221	15226	0.00110
Microbacterium_foliorum	104336	S	3904	853	4757	0.00034
Microbacterium_oleivorans	273677	S	3695	763	4458	0.00032
Microbacterium_lemovicicum	1072463	S	2719	656	3375	0.00024
Microbacterium_resistens	156977	S	2613	515	3128	0.00023
Microbacterium_sediminis	904291	S	2504	1205	3709	0.00027
Microbacterium_oryzae	743009	S	2465	785	3250	0.00023
Microbacterium_pygmaeum	370764	S	2367	314	2681	0.00019
Microbacterium_testaceum	2033	S	2180	419	2599	0.00019
Microbacterium_chocolatum	84292	S	2158	519	2677	0.00019
Microbacterium_wangchenii	2541726	S	2136	511	2647	0.00019
Microbacterium_caowuchunii	2614638	S	2101	427	2528	0.00018
Microbacterium_lushaniae	2614639	S	1991	486	2477	0.00018
Microbacterium_aurum	36805	S	1965	655	2620	0.00019
Microbacterium_luteum	2782167	S	1923	851	2774	0.00020
Microbacterium_protaetiae	2509458	S	1775	425	2200	0.00016
Microbacterium_oxydans	82380	S	1740	1363	3103	0.00022
Microbacterium_esteraromaticum	57043	S	1637	386	2023	0.00015
Microbacterium_hydrocarbonoxydans	273678	S	1425	269	1694	0.00012
Microbacterium_schleiferi	69362	S	1199	443	1642	0.00012
Microbacterium_fandaimingii	2708079	S	922	84	1006	0.00007
Microbacterium_binotii	462710	S	756	577	1333	0.00010
Microbacterium_amylolyticum	936337	S	754	174	928	0.00007
Microbacterium_chengjingii	2769067	S	671	38	709	0.00005
Microbacterium_endophyticum	1526412	S	517	39	556	0.00004
Microbacterium_paludicola	300019	S	375	1391	1766	0.00013
Microbacterium_paraoxydans	199592	S	258	1757	2015	0.00015
Agromyces_sp._H17E-10	2932244	S	6498	2469	8967	0.00065
Agromyces_sp._LHK192	2498704	S	5646	1891	7537	0.00054
Agromyces_sp._CFWR-12	2929802	S	3707	2614	6321	0.00046
Agromyces_flavus	589382	S	14817	5344	20161	0.00146
Agromyces_marinus	1389020	S	5898	2460	8358	0.00060
Agromyces_aureus	453304	S	5850	1884	7734	0.00056
Agromyces_soli	659012	S	5005	2066	7071	0.00051
Agromyces_badenianii	2080742	S	4631	1737	6368	0.00046
Agromyces_protaetiae	2509455	S	4035	1315	5350	0.00039
Agromyces_laixinhei	2585717	S	3713	979	4692	0.00034
Agromyces_intestinalis	2592652	S	3556	2367	5923	0.00043
Agromyces_archimandritae	2781962	S	3149	1026	4175	0.00030
Curtobacterium_sp._L6-1	2841594	S	1857	669	2526	0.00018
Curtobacterium_sp._BH-2-1-1	1905847	S	1794	654	2448	0.00018
Curtobacterium_sp._YC1	2795488	S	1460	731	2191	0.00016
Curtobacterium_sp._MR_MD2014	1561023	S	1418	722	2140	0.00015
Curtobacterium_sp._TC1	2862880	S	1209	677	1886	0.00014
Curtobacterium_sp._24E2	2804758	S	1115	663	1778	0.00013
Curtobacterium_sp._SGAir0471	2070337	S	1046	918	1964	0.00014
Curtobacterium_sp._TXMA1	2876939	S	891	809	1700	0.00012
Curtobacterium_sp._C1	2898151	S	383	1272	1655	0.00012
Curtobacterium_sp._Csp2	2495430	S	288	1082	1370	0.00010
Curtobacterium_sp._Csp1	2495429	S	54	1326	1380	0.00010
Curtobacterium_flaccumfaciens	2035	S	2855	1438	4293	0.00031
Curtobacterium_luteum	33881	S	1827	719	2546	0.00018
Rathayibacter_sp._VKM_Ac-2759	2609252	S	2602	1015	3617	0.00026
Rathayibacter_sp._VKM_Ac-2760	2609253	S	2058	1154	3212	0.00023
Rathayibacter_sp._VKM_Ac-2804	2609257	S	1506	1191	2697	0.00019
Rathayibacter_sp._VKM_Ac-2801	2609255	S	1022	958	1980	0.00014
Rathayibacter_sp._VKM_Ac-2762	2609254	S	479	1239	1718	0.00012
Rathayibacter_sp._VKM_Ac-2805	2609258	S	420	1118	1538	0.00011
Rathayibacter_festucae	110937	S	2370	2695	5065	0.00037
Rathayibacter_tanaceti	1671680	S	1497	430	1927	0.00014
Rathayibacter_iranicus	59737	S	974	147	1121	0.00008
Rathayibacter_tritici	33888	S	935	318	1253	0.00009
Rathayibacter_rathayi	33887	S	876	264	1140	0.00008
Rathayibacter_toxicus	145458	S	343	33	376	0.00003
Agrococcus_sp._SCSIO52902	2933290	S	3777	2129	5906	0.00043
Agrococcus_sp._Marseille-Q4369	2810513	S	3168	1275	4443	0.00032
Agrococcus_sp._SGAir0287	2070347	S	2806	973	3779	0.00027
Agrococcus_carbonis	684552	S	3441	1826	5267	0.00038
Agrococcus_jejuensis	399736	S	2990	1085	4075	0.00029
Leifsonia_sp._ZF2019	2781978	S	2723	867	3590	0.00026
Leifsonia_sp._PS1209	2724914	S	2640	833	3473	0.00025
Leifsonia_sp._21MFCrub1.1	1798223	S	2604	3641	6245	0.00045
Leifsonia_shinshuensis	150026	S	3550	1155	4705	0.00034
Leifsonia_xyli	1575	S	2161	338	2499	0.00018
Leucobacter_sp._H25R-14	2932245	S	1793	331	2124	0.00015
Leucobacter_sp._NB_10	2873270	S	1766	547	2313	0.00017
Leucobacter_sp._Psy1	2875729	S	1501	209	1710	0.00012
Leucobacter_sp._CX169	2813744	S	1284	378	1662	0.00012
Leucobacter_sp._H21R-36	2932246	S	630	1526	2156	0.00016
Leucobacter_sp._H21R-40	2932247	S	529	1278	1807	0.00013
Leucobacter_muris	1935379	S	2014	803	2817	0.00020
Leucobacter_triazinivorans	1784719	S	1759	1124	2883	0.00021
Leucobacter_luti	340320	S	710	76	786	0.00006
Leucobacter_viscericola	2714935	S	502	55	557	0.00004
Leucobacter_insecticola	2714934	S	470	45	515	0.00004
Leucobacter_coleopterorum	2714933	S	367	41	408	0.00003
Leucobacter_denitrificans	683042	S	343	59	402	0.00003
Clavibacter_michiganensis	28447	S	10348	11137	21485	0.00155
Clavibacter_zhangzhiyongii	2768071	S	1376	784	2160	0.00016
Clavibacter_sp._A6099	2860285	S	856	668	1524	0.00011
Protaetiibacter_sp._SSC-01	2759943	S	2753	1187	3940	0.00028
Protaetiibacter_intestinalis	2419774	S	2460	1039	3499	0.00025
Protaetiibacter_larvae	2592654	S	1935	725	2660	0.00019
Salinibacterium_sp._ZJ450	2708338	S	2276	407	2683	0.00019
Salinibacterium_sp._ZJ70	2708084	S	1640	479	2119	0.00015
Salinibacterium_sp._dk2585	2603292	S	1448	277	1725	0.00012
Salinibacterium_sp._UTAS2018	2508880	S	449	50	499	0.00004
Salinibacterium_sp._M195	2583374	S	376	49	425	0.00003
Salinibacterium_hongtaonis	2079791	S	717	86	803	0.00006
Cryobacterium_sp._LW097	1978566	S	1626	390	2016	0.00015
Cryobacterium_sp._PAMC25264	2861288	S	880	559	1439	0.00010
Cryobacterium_soli	2220095	S	1193	658	1851	0.00013
Cryobacterium_arcticum	670052	S	985	784	1769	0.00013
Frondihabitans_sp._PAMC_28766	1795630	S	2333	359	2692	0.00019
Frondihabitans_sp._762G35	1446794	S	2098	514	2612	0.00019
Microterricola_viridarii	412690	S	4455	1275	5730	0.00041
Plantibacter_sp._M259	2583822	S	748	794	1542	0.00011
Plantibacter_sp._PA-3-X8	2480625	S	689	756	1445	0.00010
Plantibacter_flavus	150123	S	829	778	1607	0.00012
Microcella_flavibacter	1804990	S	2281	1264	3545	0.00026
Microcella_alkaliphila	279828	S	1574	315	1889	0.00014
Cnuibacter_physcomitrellae	1619308	S	2963	748	3711	0.00027
Herbiconiux_sp._SALV-R1	2735133	S	2896	675	3571	0.00026
Subtercola_sp._AK-R2A1-2	2895559	S	1650	183	1833	0.00013
Subtercola_sp._PAMC28395	2846775	S	1078	129	1207	0.00009
Mycetocola_zhujimingii	2079792	S	1017	139	1156	0.00008
Mycetocola_sp._JXN-3	2116510	S	925	156	1081	0.00008
Mycetocola_spongiae	2859226	S	793	118	911	0.00007
Frigoribacterium_sp._NBH87	2596916	S	2540	869	3409	0.00025
Gryllotalpicola_protaetiae	2419771	S	2528	570	3098	0.00022
Humibacter_sp._WJ7-1	2599293	S	2451	630	3081	0.00022
Chryseoglobus_sp._28M-23	2772253	S	411	960	1371	0.00010
Chryseoglobus_indicus	2750620	S	376	925	1301	0.00009
Amnibacterium_sp._L3-i23	2905871	S	2111	590	2701	0.00020
Diaminobutyricimonas_sp._LJ205	2683590	S	1923	420	2343	0.00017
Marisediminicola_antarctica	674079	S	1813	261	2074	0.00015
Gulosibacter_sediminis	1729695	S	1686	573	2259	0.00016
Agreia_sp._COWG	2773266	S	1373	192	1565	0.00011
Glaciihabitans_sp._INWT7	2596912	S	1290	119	1409	0.00010
Aquiluna_borgnonia	2499157	S	188	16	204	0.00001
Candidatus_Aquiluna_sp._UB-MaderosW2red	1855377	S	87	4	91	0.00001
Rhodoluna_limnophila	232537	S	124	9	133	0.00001
Candidatus_Rhodoluna_planktonica	535712	S	73	4	77	0.00001
Rhodoluna_lacicola	529884	S	72	5	77	0.00001
Pseudoclavibacter_sp._Marseille-Q3772	2866588	S	340	76	416	0.00003
Aurantimicrobium_photophilum	1987356	S	135	11	146	0.00001
Aurantimicrobium_sp._MWH-Uga1	2079575	S	50	11	61	0.00000
Aurantimicrobium_minutum	708131	S	49	11	60	0.00000
Pontimonas_salivibrio	1159327	S	190	10	200	0.00001
Arthrobacter_sp._QXT-31	1357915	S	18002	5797	23799	0.00172
Arthrobacter_sp._FW305-BF8	2879617	S	3890	1232	5122	0.00037
Arthrobacter_sp._PGP41	2079227	S	2409	957	3366	0.00024
Arthrobacter_sp._NicSoilC5	2831000	S	2304	1352	3656	0.00026
Arthrobacter_sp._QL17	2895818	S	2255	609	2864	0.00021
Arthrobacter_sp._PM3	2017685	S	2229	407	2636	0.00019
Arthrobacter_sp._24S4-2	2575374	S	2199	574	2773	0.00020
Arthrobacter_sp._NicSoilB8	2830998	S	2132	643	2775	0.00020
Arthrobacter_sp._U41	1849032	S	1830	603	2433	0.00018
Arthrobacter_sp._FB24	290399	S	1771	649	2420	0.00017
Arthrobacter_sp._UKPF54-2	2600159	S	1746	855	2601	0.00019
Arthrobacter_sp._NicSoilB4	2830997	S	1692	616	2308	0.00017
Arthrobacter_sp._PAMC25564	2565366	S	1688	533	2221	0.00016
Arthrobacter_sp._KBS0702	2578107	S	1657	765	2422	0.00018
Arthrobacter_sp._ERGS1:01	1704044	S	1568	351	1919	0.00014
Arthrobacter_sp._Helios	2828862	S	1392	265	1657	0.00012
Arthrobacter_sp._FW306-2-2C-D06B	2879618	S	1297	293	1590	0.00011
Arthrobacter_sp._PAMC25284	2861279	S	1232	372	1604	0.00012
Arthrobacter_sp._NtRootA1	2830983	S	1024	357	1381	0.00010
Arthrobacter_sp._zg-Y462	2886936	S	1000	237	1237	0.00009
Arthrobacter_sp._PAMC_25486	1494608	S	818	156	974	0.00007
Arthrobacter_sp._StoSoilB20	2830995	S	763	245	1008	0.00007
Arthrobacter_sp._zg-Y809	2886940	S	748	300	1048	0.00008
Arthrobacter_sp._StoSoilB5	2830992	S	708	233	941	0.00007
Arthrobacter_sp._D5-1	1477518	S	628	475	1103	0.00008
Arthrobacter_sp._YN	2020486	S	522	247	769	0.00006
Arthrobacter_sp._FW306-06-A	2879621	S	425	1653	2078	0.00015
Arthrobacter_sp._NicSoilB11	2830999	S	365	1610	1975	0.00014
Arthrobacter_sp._C1-1	2813727	S	342	55	397	0.00003
Arthrobacter_sp._FW306-07-I	2879622	S	288	1787	2075	0.00015
Arthrobacter_sp._StoSoilA2	2830990	S	265	529	794	0.00006
Arthrobacter_sp._StoSoilB19	2830994	S	264	1337	1601	0.00012
Arthrobacter_sp._FW306-05-C	2879620	S	263	1530	1793	0.00013
Arthrobacter_sp._StoSoilB13	2830993	S	232	478	710	0.00005
Arthrobacter_sp._AQ5-05	2184581	S	34	645	679	0.00005
Arthrobacter_crystallopoietes	37928	S	4151	873	5024	0.00036
Arthrobacter_agilis	37921	S	3471	588	4059	0.00029
Arthrobacter_sulfonylureivorans	2486855	S	2100	389	2489	0.00018
Arthrobacter_woluwensis	156980	S	1528	402	1930	0.00014
Arthrobacter_dokdonellae	2211210	S	1500	294	1794	0.00013
Arthrobacter_jiangjiafuii	2817475	S	1114	347	1461	0.00011
Arthrobacter_alpinus	656366	S	896	1463	2359	0.00017
Arthrobacter_sunyaminii	2816859	S	634	235	869	0.00006
Pseudarthrobacter_sp._L1SW	2851598	S	2389	1060	3449	0.00025
Pseudarthrobacter_sp._BIM_B-2242	2772401	S	1674	470	2144	0.00015
Pseudarthrobacter_sp._NIBRBAC000502772	2590775	S	852	669	1521	0.00011
Pseudarthrobacter_sp._SSS035	2931399	S	796	748	1544	0.00011
Pseudarthrobacter_sp._NBSH8	2596911	S	782	326	1108	0.00008
Pseudarthrobacter_sp._NIBRBAC000502771	2590774	S	461	1606	2067	0.00015
Pseudarthrobacter_sp._NIBRBAC000502770	2590785	S	417	1282	1699	0.00012
Pseudarthrobacter_phenanthrenivorans	361575	S	2963	1588	4551	0.00033
Pseudarthrobacter_chlorophenolicus	85085	S	1856	755	2611	0.00019
Pseudarthrobacter_equi	728066	S	1761	755	2516	0.00018
Pseudarthrobacter_psychrotolerans	2697569	S	1044	462	1506	0.00011
Pseudarthrobacter_sulfonivorans	121292	S	802	911	1713	0.00012
Kocuria_rosea	1275	S	4169	1478	5647	0.00041
Kocuria_flava	446860	S	3552	1981	5533	0.00040
Kocuria_turfanensis	388357	S	3348	1290	4638	0.00034
Kocuria_palustris	71999	S	1665	745	2410	0.00017
Kocuria_rhizophila	72000	S	1237	1971	3208	0.00023
Kocuria_varians	1272	S	1024	801	1825	0.00013
Kocuria_sp._TGY1127_2	2711328	S	424	80	504	0.00004
Kocuria_sp._KD4	2719588	S	222	384	606	0.00004
Kocuria_sp._BT304	1702043	S	129	675	804	0.00006
Kocuria_indica	1049583	S	202	415	617	0.00004
Micrococcus_luteus	1270	S	3531	6875	10406	0.00075
Micrococcus_sp._KD337-16	2856555	S	1487	1026	2513	0.00018
Micrococcus_sp._KBS0714	1179670	S	42	384	426	0.00003
Micrococcus_yunnanensis	566027	S	36	309	345	0.00002
Sinomonas_atrocyanea	37927	S	3720	1429	5149	0.00037
Sinomonas_sp._R1AF57	2020377	S	3364	921	4285	0.00031
Glutamicibacter_creatinolyticus	162496	S	1102	299	1401	0.00010
Glutamicibacter_protophormiae	37930	S	1034	718	1752	0.00013
Glutamicibacter_halophytocola	1933880	S	596	122	718	0.00005
Glutamicibacter_mishrai	1775880	S	420	102	522	0.00004
Glutamicibacter_nicotianae	37929	S	351	1050	1401	0.00010
Glutamicibacter_arilaitensis	256701	S	329	136	465	0.00003
Glutamicibacter_sp._ZJUTW	1155384	S	69	288	357	0.00003
Paenarthrobacter_ureafaciens	37931	S	1171	1955	3126	0.00023
Paenarthrobacter_aurescens	43663	S	823	585	1408	0.00010
Paenarthrobacter_sp._YJN-5	2735316	S	320	687	1007	0.00007
Paenarthrobacter_sp._YJN-D	2735317	S	173	343	516	0.00004
Paenarthrobacter_nicotinovorans	29320	S	168	282	450	0.00003
Rothia_kristinae	37923	S	1818	1200	3018	0.00022
Rothia_mucilaginosa	43675	S	628	143	771	0.00006
Rothia_nasimurium	85336	S	330	182	512	0.00004
Rothia_aeria	172042	S	289	134	423	0.00003
Rothia_dentocariosa	2047	S	179	88	267	0.00002
Rothia_terrae	396015	S	113	55	168	0.00001
Rothia_amarae	169480	S	99	51	150	0.00001
Rothia_sp._ZJ932	2810516	S	72	12	84	0.00001
Citricoccus_sp._SGAir0253	2567881	S	2906	915	3821	0.00028
Nesterenkonia_sp._NBAIMH1	2600320	S	1023	77	1100	0.00008
Paeniglutamicibacter_sp._Y32M11	2853258	S	547	99	646	0.00005
Psychromicrobium_lacuslunae	1618207	S	418	66	484	0.00004
Auritidibacter_sp._NML130574	2170745	S	358	44	402	0.00003
Neomicrococcus_aestuarii	556325	S	314	157	471	0.00003
Renibacterium_salmoninarum	1646	S	214	14	228	0.00002
Cellulomonas_sp._Y8	2591145	S	5109	2744	7853	0.00057
Cellulomonas_sp._H30R-01	2704467	S	4462	2173	6635	0.00048
Cellulomonas_sp._C5510	2871170	S	3858	1934	5792	0.00042
Cellulomonas_sp._zg-ZUI188	2819978	S	3788	1330	5118	0.00037
Cellulomonas_sp._JZ18	2654191	S	3763	2012	5775	0.00042
Cellulomonas_sp._zg-ZUI222	2816956	S	3143	1485	4628	0.00033
Cellulomonas_sp._zg-ZUI157	2819979	S	3110	1352	4462	0.00032
Cellulomonas_sp._EW123	2608402	S	2627	1923	4550	0.00033
Cellulomonas_sp._PSBB021	2003551	S	2572	2532	5104	0.00037
Cellulomonas_fimi	1708	S	4202	4304	8506	0.00061
Cellulomonas_shaoxiangyii	2566013	S	3452	1783	5235	0.00038
Cellulomonas_iranensis	76862	S	3323	1927	5250	0.00038
Cellulomonas_flavigena	1711	S	3198	1511	4709	0.00034
Cellulomonas_gilvus	11	S	2840	1542	4382	0.00032
Cellulomonas_taurus	2729175	S	2627	1051	3678	0.00027
Actinotalea_sp._JY-7876	2758442	S	3899	1742	5641	0.00041
Oerskovia_sp._KBS0722	1179673	S	3110	1229	4339	0.00031
Pseudactinotalea_sp._HY158	2654547	S	2786	502	3288	0.00024
Paraoerskovia_marina	545619	S	2140	690	2830	0.00020
Janibacter_melonis	262209	S	3667	1519	5186	0.00037
Janibacter_limosus	53458	S	2574	835	3409	0.00025
Janibacter_indicus	857417	S	1371	2303	3674	0.00027
Janibacter_sp._YB324	2761047	S	755	1699	2454	0.00018
Phycicoccus_sp._HDW14	2714941	S	5185	2088	7273	0.00053
Phycicoccus_endophyticus	1690220	S	4263	1522	5785	0.00042
Intrasporangium_calvum	53358	S	8250	2717	10967	0.00079
Pedococcus_dokdonensis	443156	S	4638	1643	6281	0.00045
Tetrasphaera_sp._HKS02	1813880	S	3990	1247	5237	0.00038
Arsenicicoccus_sp._oral_taxon_190	1658671	S	3645	1709	5354	0.00039
Cellulosimicrobium_cellulans	1710	S	7973	9469	17442	0.00126
Cellulosimicrobium_sp._BI34T	2587808	S	3342	1829	5171	0.00037
Cellulosimicrobium_sp._JZ28	1906273	S	641	1646	2287	0.00017
Cellulosimicrobium_sp._72-3	2731680	S	362	1760	2122	0.00015
Cellulosimicrobium_sp._TH-20	1980001	S	329	1649	1978	0.00014
Isoptericola_variabilis	139208	S	6661	4311	10972	0.00079
Isoptericola_dokdonensis	372663	S	3748	1798	5546	0.00040
Xylanimonas_protaetiae	2509457	S	3470	1886	5356	0.00039
Xylanimonas_cellulosilytica	186189	S	3159	1395	4554	0.00033
Xylanimonas_allomyrinae	2509459	S	2920	1144	4064	0.00029
Ornithinimicrobium_avium	2283195	S	4594	1488	6082	0.00044
Ornithinimicrobium_sp._HY006	2508882	S	3050	1234	4284	0.00031
Ornithinimicrobium_sp._INDO-MA30-4	2908651	S	574	125	699	0.00005
Ornithinimicrobium_flavum	1288636	S	3461	1348	4809	0.00035
Ornithinimicrobium_ciconiae	2594265	S	2581	490	3071	0.00022
Ornithinimicrobium_pratense	2593973	S	2284	787	3071	0.00022
Serinicoccus_chungangensis	767452	S	3067	1279	4346	0.00031
Serinicoccus_hydrothermalis	1758689	S	2625	1464	4089	0.00030
Serinicoccus_profundi	1078471	S	2460	1081	3541	0.00026
Serinicoccus_marinus	247333	S	2405	1413	3818	0.00028
Brevibacterium_sp._CS2	2575923	S	2541	1250	3791	0.00027
Brevibacterium_sp._SMBL_HHYL_HB1	2777556	S	1221	330	1551	0.00011
Brevibacterium_sp._HY170	2898795	S	541	185	726	0.00005
Brevibacterium_sp._'Marine'	2725563	S	391	298	689	0.00005
Brevibacterium_sp._W7.2	2823518	S	387	2159	2546	0.00018
Brevibacterium_casei	33889	S	2450	1968	4418	0.00032
Brevibacterium_linens	1703	S	1518	1046	2564	0.00019
Brevibacterium_luteolum	199591	S	1413	691	2104	0.00015
Brevibacterium_atlanticum	2697563	S	893	218	1111	0.00008
Brevibacterium_sandarakinum	629680	S	853	182	1035	0.00007
Brevibacterium_aurantiacum	273384	S	829	646	1475	0.00011
Brevibacterium_oceani	358099	S	789	204	993	0.00007
Brevibacterium_limosum	2697565	S	571	243	814	0.00006
Brevibacterium_siliguriense	1136497	S	472	158	630	0.00005
Brevibacterium_pigmentatum	1496080	S	385	326	711	0.00005
Brachybacterium_sp._SGAir0954	2571029	S	2514	828	3342	0.00024
Brachybacterium_sp._CBA3105	2887346	S	2479	684	3163	0.00023
Brachybacterium_sp._P6-10-X1	1903186	S	2289	470	2759	0.00020
Brachybacterium_ginsengisoli	1331682	S	2131	711	2842	0.00021
Brachybacterium_faecium	43669	S	2041	713	2754	0.00020
Brachybacterium_saurashtrense	556288	S	2038	669	2707	0.00020
Brachybacterium_vulturis	2017484	S	1625	666	2291	0.00017
Brachybacterium_avium	2017485	S	1371	559	1930	0.00014
Dermabacter_vaginalis	1630135	S	691	556	1247	0.00009
Dermabacter_jinjuensis	1667168	S	601	609	1210	0.00009
Devriesea_agamarum	472569	S	331	22	353	0.00003
Georgenia_yuyongxinii	2589797	S	5164	1584	6748	0.00049
Georgenia_sp._TF02-10	2917725	S	5108	2336	7444	0.00054
Georgenia_faecalis	2483799	S	3758	1302	5060	0.00037
Georgenia_wutianyii	2585135	S	3549	1537	5086	0.00037
Haloactinobacterium_kanbiaonis	2675754	S	4488	802	5290	0.00038
Ruania_sp._LR1S40	2897774	S	2356	603	2959	0.00021
Ruania_sp._M4N3S171	2897773	S	1472	247	1719	0.00012
Ruania_zhangjianzhongii	2603206	S	2888	358	3246	0.00023
Ruania_alkalisoli	2779775	S	1792	363	2155	0.00016
Dermacoccus_nishinomiyaensis	1274	S	2294	1191	3485	0.00025
Dermacoccus_sp._PAMC28757	2762331	S	1578	686	2264	0.00016
Luteipulveratus_mongoliensis	571913	S	3385	585	3970	0.00029
Allobranchiibius_sp._GilTou73	2904523	S	2544	692	3236	0.00023
Yimella_sp._cx-51	2770551	S	1757	434	2191	0.00016
Beutenbergia_cavernae	84757	S	5039	1040	6079	0.00044
Miniimonas_sp._S16	2171623	S	3271	2104	5375	0.00039
Pengzhenrongella_sicca	2819238	S	4609	1575	6184	0.00045
Luteimicrobium_xylanilyticum	1133546	S	3693	1401	5094	0.00037
Sanguibacter_keddieii	60920	S	2882	1055	3937	0.00028
Sanguibacter_sp._HDW7	2714931	S	2557	984	3541	0.00026
Gephyromycinifex_aptenodytis	2716227	S	1408	200	1608	0.00012
Austwickia_chelonae	100225	S	1090	103	1193	0.00009
Dermatophilus_congolensis	1863	S	261	29	290	0.00002
Kytococcus_sedentarius	1276	S	2574	1142	3716	0.00027
Demequina_sp._TMPB413	2881056	S	977	95	1072	0.00008
Jonesia_denitrificans	43674	S	192	41	233	0.00002
Tropheryma_whipplei	2039	S	63	0	63	0.00000
Micromonospora_sp._WMMC415	2675222	S	35394	14268	49662	0.00359
Micromonospora_sp._WMMA2032	2039870	S	8792	6118	14910	0.00108
Micromonospora_sp._HM134	2583243	S	8053	3822	11875	0.00086
Micromonospora_sp._B006	2201999	S	6725	5497	12222	0.00088
Micromonospora_sp._L5	648999	S	653	7171	7824	0.00057
Micromonospora_echinaurantiaca	47857	S	23964	12393	36357	0.00263
Micromonospora_inositola	47865	S	19713	10427	30140	0.00218
Micromonospora_echinofusca	47858	S	17370	8535	25905	0.00187
Micromonospora_krabiensis	307121	S	15825	5882	21707	0.00157
Micromonospora_purpureochromogenes	47872	S	15107	8580	23687	0.00171
Micromonospora_terminaliae	1914461	S	13525	7329	20854	0.00151
Micromonospora_viridifaciens	1881	S	13365	6272	19637	0.00142
Micromonospora_carbonacea	47853	S	12975	6247	19222	0.00139
Micromonospora_coriariae	285665	S	12802	4915	17717	0.00128
Micromonospora_coxensis	356852	S	12653	7521	20174	0.00146
Micromonospora_siamensis	299152	S	11421	5860	17281	0.00125
Micromonospora_echinospora	1877	S	10167	3828	13995	0.00101
Micromonospora_auratinigra	261654	S	9997	5625	15622	0.00113
Micromonospora_sagamiensis	47875	S	9852	4060	13912	0.00101
Micromonospora_narathiwatensis	299146	S	9776	4898	14674	0.00106
Micromonospora_maris	1003110	S	9744	3183	12927	0.00093
Micromonospora_endophytica_(Xie_et_al._2001)_Li_et_al._2019	515350	S	9108	2945	12053	0.00087
Micromonospora_zamorensis	709883	S	9063	3139	12202	0.00088
Micromonospora_ferruginea	2749844	S	8947	5527	14474	0.00105
Micromonospora_chokoriensis	356851	S	8895	3104	11999	0.00087
Micromonospora_rifamycinica	291594	S	7587	3648	11235	0.00081
Micromonospora_craniellae	2294034	S	6637	4150	10787	0.00078
Micromonospora_tulbaghiae	479978	S	4815	5434	10249	0.00074
Micromonospora_aurantiaca	47850	S	4002	27064	31066	0.00224
Actinoplanes_sp._L3-i22	2836373	S	16559	12606	29165	0.00211
Actinoplanes_sp._N902-109	649831	S	16489	5479	21968	0.00159
Actinoplanes_sp._OR16	946334	S	14405	7474	21879	0.00158
Actinoplanes_friuliensis	196914	S	16294	3017	19311	0.00140
Actinoplanes_ianthinogenes	122358	S	13704	6263	19967	0.00144
Actinoplanes_missouriensis	1866	S	13600	5068	18668	0.00135
Actinoplanes_teichomyceticus	1867	S	13241	6336	19577	0.00141
Actinoplanes_derwentensis	113562	S	11370	1997	13367	0.00097
Phytohabitans_suffuscus	624315	S	27866	7907	35773	0.00258
Phytohabitans_flavus	1076124	S	23518	5114	28632	0.00207
Plantactinospora_sp._KBS50	2024580	S	13126	3651	16777	0.00121
Plantactinospora_sp._BB1	2071627	S	2699	8141	10840	0.00078
Plantactinospora_sp._BC1	2108470	S	2686	8190	10876	0.00079
Dactylosporangium_vinaceum	53362	S	21501	2856	24357	0.00176
Catellatospora_sp._IY07-71	2728827	S	19431	5069	24500	0.00177
Actinocatenispora_thailandica	227318	S	8280	2725	11005	0.00080
Actinocatenispora_sera	390989	S	7873	2733	10606	0.00077
Couchioplanes_caeruleus	56438	S	17479	4985	22464	0.00162
Polymorphospora_rubra	338584	S	15406	3841	19247	0.00139
Natronosporangium_hydrolyticum	2811111	S	8117	666	8783	0.00063
Verrucosispora_sp._NA02020	2742132	S	5162	3988	9150	0.00066
Salinispora_tropica	168695	S	5028	924	5952	0.00043
Mycolicibacterium_litorale	758802	S	5035	1464	6499	0.00047
Mycolicibacterium_neoaurum	1795	S	4777	1308	6085	0.00044
Mycolicibacterium_smegmatis	1772	S	4019	1734	5753	0.00042
Mycolicibacterium_sp._YH-1	2908837	S	2545	1472	4017	0.00029
Mycolicibacterium_fortuitum	1766	S	3721	1455	5176	0.00037
Mycolicibacterium_rutilum	370526	S	3552	1113	4665	0.00034
Mycolicibacterium_sediminis	1286180	S	3214	623	3837	0.00028
Mycolicibacterium_hassiacum	46351	S	3211	919	4130	0.00030
Mycolicibacterium_mageritense	53462	S	3142	565	3707	0.00027
Mycolicibacterium_phlei	1771	S	3109	1120	4229	0.00031
Mycolicibacterium_madagascariense	212765	S	3101	507	3608	0.00026
Mycolicibacterium_arabiense	1286181	S	3071	507	3578	0.00026
Mycolicibacterium_pulveris	36813	S	3012	538	3550	0.00026
Mycolicibacterium_parafortuitum	39692	S	2963	631	3594	0.00026
Mycolicibacterium_chitae	1792	S	2886	735	3621	0.00026
Mycolicibacterium_vaccae	1810	S	2874	607	3481	0.00025
Mycolicibacterium_chubuense	1800	S	2866	686	3552	0.00026
Mycolicibacterium_thermoresistibile	1797	S	2757	655	3412	0.00025
Mycolicibacterium_psychrotolerans	216929	S	2749	661	3410	0.00025
Mycolicibacterium_fluoranthenivorans	258505	S	2677	375	3052	0.00022
Mycolicibacterium_monacense	85693	S	2606	1346	3952	0.00029
Mycolicibacterium_moriokaense	39691	S	2586	338	2924	0.00021
Mycolicibacterium_tokaiense	39695	S	2570	436	3006	0.00022
Mycolicibacterium_celeriflavum	1249101	S	2557	530	3087	0.00022
Mycolicibacterium_duvalii	39688	S	2532	529	3061	0.00022
Mycolicibacterium_fallax	1793	S	2499	1066	3565	0.00026
Mycolicibacterium_rhodesiae	36814	S	2312	399	2711	0.00020
Mycolicibacterium_phocaicum	319706	S	2308	1219	3527	0.00025
Mycolicibacterium_baixiangningiae	2761578	S	2294	393	2687	0.00019
Mycolicibacterium_poriferae	39694	S	2280	508	2788	0.00020
Mycolicibacterium_aurum	1791	S	2264	317	2581	0.00019
Mycolicibacterium_confluentis	28047	S	2165	353	2518	0.00018
Mycolicibacterium_insubricum	444597	S	2137	643	2780	0.00020
Mycolicibacterium_gadium	1794	S	2130	302	2432	0.00018
Mycolicibacterium_gilvum	1804	S	2125	818	2943	0.00021
Mycolicibacterium_boenickei	146017	S	2092	2686	4778	0.00035
Mycolicibacterium_anyangense	1431246	S	1921	337	2258	0.00016
Mycolicibacterium_mengxianglii	2736649	S	1864	215	2079	0.00015
Mycolicibacterium_austroafricanum	39687	S	1773	6541	8314	0.00060
Mycolicibacterium_helvum	1534349	S	1734	220	1954	0.00014
Mycolicibacterium_aichiense	1799	S	1717	316	2033	0.00015
Mycobacterium_doricum	126673	S	1681	403	2084	0.00015
Mycolicibacterium_alvei	67081	S	1463	418	1881	0.00014
Mycolicibacterium_mucogenicum	56689	S	1399	575	1974	0.00014
Mycolicibacterium_sarraceniae	1534348	S	1125	153	1278	0.00009
Mycolicibacterium_septicum	98668	S	1039	693	1732	0.00013
Mycolicibacterium_farcinogenes	1802	S	688	2443	3131	0.00023
Mycolicibacterium_vanbaalenii	110539	S	351	5493	5844	0.00042
Mycolicibacterium_nivoides	2487344	S	246	1094	1340	0.00010
Mycobacterium_sp._JS623	212767	S	2645	238	2883	0.00021
Mycobacterium_sp._IDR2000157661	2867005	S	2457	480	2937	0.00021
Mycobacterium_sp._YC-RL4	1682113	S	2405	922	3327	0.00024
Mycobacterium_sp._DL592	2675524	S	1830	321	2151	0.00016
Mycobacterium_sp._MS1601	1936029	S	1798	273	2071	0.00015
Mycobacterium_sp._EPa45	1545728	S	1616	290	1906	0.00014
Mycobacterium_sp._DL440	2675523	S	1355	322	1677	0.00012
Mycobacterium_sp._TY59	2775496	S	1100	193	1293	0.00009
Mycobacterium_sp._WY10	1920667	S	252	722	974	0.00007
Mycobacterium_sp._20KCMC460	2903536	S	120	1927	2047	0.00015
Mycobacterium_sp._PYR15	2051552	S	94	780	874	0.00006
Mycobacterium_sp._MOTT36Y	1168287	S	26	323	349	0.00003
Mycobacterium_sp._IWGMT90018-18076	2871094	S	16	460	476	0.00003
Mycobacterium_saskatchewanense	220927	S	2412	502	2914	0.00021
Mycobacterium_parmense	185642	S	2206	432	2638	0.00019
Mycobacterium_kubicae	120959	S	1941	330	2271	0.00016
Mycobacterium_simiae	1784	S	1603	150	1753	0.00013
Mycobacterium_shigaense	722731	S	1600	245	1845	0.00013
Mycobacterium_florentinum	292462	S	1494	352	1846	0.00013
Mycobacterium_heidelbergense	53376	S	1444	359	1803	0.00013
Mycobacterium_stomatepiae	470076	S	1412	298	1710	0.00012
Mycobacterium_lentiflavum	141349	S	1384	344	1728	0.00012
Mycobacterium_avium	1764	S	3432	3216	6648	0.00048
Mycobacterium_intracellulare	1767	S	1771	15553	17324	0.00125
Mycobacterium_mantenii	560555	S	1619	210	1829	0.00013
Mycobacterium_colombiense	339268	S	1499	271	1770	0.00013
Mycobacterium_marseillense	701042	S	1354	327	1681	0.00012
Mycobacterium_paraintracellulare	1138383	S	411	2579	2990	0.00022
Mycobacterium_goodii	134601	S	4683	1790	6473	0.00047
Mycobacterium_grossiae	1552759	S	3278	1048	4326	0.00031
Mycobacterium_rufum	318424	S	2977	937	3914	0.00028
Mycobacterium_diernhoferi	1801	S	2800	599	3399	0.00025
Mycobacterium_frederiksbergense	117567	S	2761	902	3663	0.00026
Mycobacterium_dioxanotrophicus	482462	S	2654	690	3344	0.00024
Mycobacterium_canettii	78331	S	1031	858	1889	0.00014
Mycobacterium_tuberculosis	1773	S	479	12589	13068	0.00094
Mycobacterium_holsaticum	152142	S	2290	386	2676	0.00019
Mycobacterium_branderi	43348	S	2227	288	2515	0.00018
Mycobacterium_paragordonae	1389713	S	2012	254	2266	0.00016
Mycobacterium_conspicuum	44010	S	1986	255	2241	0.00016
Mycobacterium_koreense	1069220	S	1904	598	2502	0.00018
Mycobacterium_gordonae	1778	S	1714	152	1866	0.00013
Mycobacterium_cookii	1775	S	1652	178	1830	0.00013
Mycobacterium_heckeshornense	110505	S	1634	134	1768	0.00013
Mycobacterium_paraterrae	577492	S	1627	192	1819	0.00013
Mycobacterium_riyadhense	486698	S	1581	71	1652	0.00012
Mycobacterium_shinjukuense	398694	S	1474	152	1626	0.00012
Mycobacterium_noviomagense	459858	S	1459	125	1584	0.00011
Mycobacterium_lacus	169765	S	1458	114	1572	0.00011
Mycobacterium_ostraviense	2738409	S	1427	145	1572	0.00011
Mycobacterium_kansasii	1768	S	1404	141	1545	0.00011
Mycobacterium_vicinigordonae	1719132	S	1398	80	1478	0.00011
Mycobacterium_paraseoulense	590652	S	1351	279	1630	0.00012
Mycobacterium_malmoense	1780	S	1332	219	1551	0.00011
Mycobacterium_xenopi	1789	S	1319	160	1479	0.00011
Mycobacterium_virginiense	1795032	S	1258	358	1616	0.00012
Mycobacterium_seoulense	386911	S	1184	285	1469	0.00011
Mycobacterium_basiliense	2094119	S	1123	43	1166	0.00008
Mycobacterium_spongiae	886343	S	1056	31	1087	0.00008
Mycobacterium_crocinum	388459	S	924	521	1445	0.00010
Mycobacterium_haemophilum	29311	S	710	37	747	0.00005
Mycobacterium_marinum	1781	S	438	1513	1951	0.00014
Mycobacterium_senegalense	1796	S	308	1783	2091	0.00015
Mycobacterium_lepromatosis	480418	S	168	4	172	0.00001
Mycobacterium_novum	2492438	S	149	2158	2307	0.00017
Mycobacterium_leprae	1769	S	142	4	146	0.00001
Mycobacterium_ulcerans	1809	S	134	618	752	0.00005
Mycobacterium_shottsii	133549	S	92	157	249	0.00002
Mycobacterium_pallens	370524	S	68	635	703	0.00005
Mycobacterium_pseudoshottsii	265949	S	27	160	187	0.00001
Mycolicibacter_sp._MYC340	2855503	S	1200	323	1523	0.00011
Mycolicibacter_sp._MYC098	2872309	S	1024	275	1299	0.00009
Mycolicibacter_sp._MYC017	2875777	S	777	618	1395	0.00010
Mycolicibacter_sp._MYC101	2872311	S	252	982	1234	0.00009
Mycolicibacter_sp._MYC123	2855502	S	235	949	1184	0.00009
Mycolicibacter_terrae	1788	S	1351	469	1820	0.00013
Mycolicibacter_hiberniae	29314	S	1349	320	1669	0.00012
Mycolicibacter_minnesotensis	1118379	S	947	184	1131	0.00008
Mycolicibacter_sinensis	875328	S	187	2213	2400	0.00017
Mycobacteroides_abscessus	36809	S	2270	2025	4295	0.00031
Mycobacteroides_chelonae	1774	S	1423	1061	2484	0.00018
Mycobacteroides_saopaulense	1578165	S	927	135	1062	0.00008
Mycobacteroides_immunogenum	83262	S	869	194	1063	0.00008
Mycobacteroides_salmoniphilum	404941	S	783	89	872	0.00006
[Mycobacterium]_stephanolepidis	1520670	S	450	135	585	0.00004
Mycolicibacillus_parakoreensis	1069221	S	2036	639	2675	0.00019
Hoyosella_subflava	639313	S	983	62	1045	0.00008
Rhodococcus_sp._X156	2499145	S	3797	1524	5321	0.00038
Rhodococcus_sp._MTM3W5.2	1805827	S	3387	940	4327	0.00031
Rhodococcus_sp._W8901	2742603	S	2727	830	3557	0.00026
Rhodococcus_sp._SGAir0479	2567884	S	2620	885	3505	0.00025
Rhodococcus_sp._PBTS_1	1653478	S	2184	659	2843	0.00021
Rhodococcus_sp._ABRD24	2507582	S	1785	364	2149	0.00016
Rhodococcus_sp._R79	2811421	S	1781	1153	2934	0.00021
Rhodococcus_sp._USK10	2789739	S	1458	991	2449	0.00018
Rhodococcus_sp._B7740	1564114	S	1198	189	1387	0.00010
Rhodococcus_sp._WMMA185	679318	S	1086	161	1247	0.00009
Rhodococcus_sp._P1Y	1302308	S	1046	111	1157	0.00008
Rhodococcus_sp._WAY2	2663121	S	949	831	1780	0.00013
Rhodococcus_sp._RDE2	2885078	S	809	826	1635	0.00012
Rhodococcus_sp._USK13	2806442	S	778	550	1328	0.00010
Rhodococcus_sp._WB9	2594007	S	546	756	1302	0.00009
Rhodococcus_sp._ZPP	2749906	S	458	1257	1715	0.00012
Rhodococcus_sp._DMU1	2722825	S	362	1394	1756	0.00013
Rhodococcus_sp._S2-17	1990687	S	353	1009	1362	0.00010
Rhodococcus_sp._M8	1925550	S	340	1085	1425	0.00010
Rhodococcus_sp._2G	1570939	S	167	703	870	0.00006
Rhodococcus_sp._21391	2683591	S	146	686	832	0.00006
Rhodococcus_sp._WB1	1033922	S	140	1231	1371	0.00010
Rhodococcus_sp._P-2	2795031	S	122	150	272	0.00002
Rhodococcus_sp._YL-1	1045808	S	113	504	617	0.00004
Rhodococcus_sp._p52	935199	S	112	622	734	0.00005
Rhodococcus_sp._DMF-1	2907624	S	102	832	934	0.00007
Rhodococcus_sp._LW-XY12	2856851	S	83	774	857	0.00006
Rhodococcus_sp._PSBB049	2812863	S	76	1124	1200	0.00009
Rhodococcus_sp._AQ5-07	2054902	S	74	261	335	0.00002
Rhodococcus_sp._NJ-530	2490853	S	47	275	322	0.00002
Rhodococcus_sp._BH4	1807790	S	42	279	321	0.00002
Rhodococcus_sp._008	1723645	S	42	264	306	0.00002
Rhodococcus_sp._H-CA8f	1727214	S	37	164	201	0.00001
Rhodococcus_opacus	37919	S	8705	9151	17856	0.00129
Rhodococcus_equi	43767	S	4148	1790	5938	0.00043
Rhodococcus_fascians	1828	S	3172	787	3959	0.00029
Rhodococcus_rhodochrous	1829	S	3096	1924	5020	0.00036
Rhodococcus_triatomae	300028	S	2102	694	2796	0.00020
Rhodococcus_koreensis	99653	S	2078	658	2736	0.00020
Rhodococcus_coprophilus	38310	S	1771	359	2130	0.00015
Rhodococcus_jostii	132919	S	1748	763	2511	0.00018
Rhodococcus_pyridinivorans	103816	S	1421	5657	7078	0.00051
Rhodococcus_ruber	1830	S	1420	4758	6178	0.00045
Rhodococcus_qingshengii	334542	S	484	2601	3085	0.00022
Rhodococcus_erythropolis	1833	S	478	2126	2604	0.00019
Rhodococcus_globerulus	33008	S	984	128	1112	0.00008
Rhodococcus_aetherivorans	191292	S	367	3484	3851	0.00028
Nocardia_asteroides	1824	S	14980	5688	20668	0.00149
Nocardia_brasiliensis	37326	S	8147	2479	10626	0.00077
Nocardia_cyriacigeorgica	135487	S	6913	3377	10290	0.00074
Nocardia_terpenica	455432	S	5873	1186	7059	0.00051
Nocardia_farcinica	37329	S	5772	4211	9983	0.00072
Nocardia_gipuzkoensis	2749991	S	4127	1634	5761	0.00042
Nocardia_huaxiensis	2755382	S	3635	796	4431	0.00032
Nocardia_wallacei	480035	S	3574	1116	4690	0.00034
Nocardia_arthritidis	228602	S	3569	505	4074	0.00029
Nocardia_otitidiscaviarum	1823	S	3288	731	4019	0.00029
Nocardia_sp._CS682	1047172	S	3053	807	3860	0.00028
Nocardia_iowensis	204891	S	2928	697	3625	0.00026
Nocardia_yamanashiensis	209247	S	2910	646	3556	0.00026
Nocardia_tengchongensis	2055889	S	2827	781	3608	0.00026
Nocardia_yunnanensis	2382165	S	2811	753	3564	0.00026
Nocardia_nova	37330	S	2748	438	3186	0.00023
Nocardia_seriolae	37332	S	2708	802	3510	0.00025
Nocardia_mangyaensis	2213200	S	2615	774	3389	0.00024
Corynebacterium_cyclohexanicum	322009	S	2813	1230	4043	0.00029
Corynebacterium_sphenisci	191493	S	1931	625	2556	0.00018
Corynebacterium_frankenforstense	1230998	S	1910	613	2523	0.00018
Corynebacterium_bovis	36808	S	1687	408	2095	0.00015
Corynebacterium_xerosis	1725	S	1660	982	2642	0.00019
Corynebacterium_halotolerans	225326	S	1424	350	1774	0.00013
Corynebacterium_nuruki	1032851	S	1361	342	1703	0.00012
Corynebacterium_freneyi	134034	S	1289	535	1824	0.00013
Corynebacterium_vitaeruminis	38305	S	1122	354	1476	0.00011
Corynebacterium_sp._CNCTC7651	2815361	S	490	100	590	0.00004
Corynebacterium_sp._NML98-0116	702967	S	344	132	476	0.00003
Corynebacterium_sp._4H37-19	2684405	S	92	10	102	0.00001
Corynebacterium_sp._1864	2820399	S	85	186	271	0.00002
Corynebacterium_sp._FDAARGOS_1242	2778078	S	69	186	255	0.00002
Corynebacterium_sp._sy039	2599641	S	27	3	30	0.00000
Corynebacterium_humireducens	1223514	S	1100	339	1439	0.00010
Corynebacterium_maris	575200	S	1080	185	1265	0.00009
Corynebacterium_variabile	1727	S	1020	629	1649	0.00012
Corynebacterium_marinum	349751	S	970	390	1360	0.00010
Corynebacterium_doosanense	1121358	S	890	447	1337	0.00010
Corynebacterium_timonense	441500	S	822	209	1031	0.00007
Corynebacterium_uterequi	1072256	S	800	144	944	0.00007
Corynebacterium_provencense	1737425	S	796	193	989	0.00007
Corynebacterium_mycetoides	38302	S	787	398	1185	0.00009
Corynebacterium_yudongzhengii	2080740	S	764	152	916	0.00007
Corynebacterium_liangguodongii	2079535	S	757	179	936	0.00007
Corynebacterium_jeikeium	38289	S	712	1855	2567	0.00019
Corynebacterium_comes	2675218	S	702	186	888	0.00006
Corynebacterium_terpenotabidum	89154	S	644	194	838	0.00006
Corynebacterium_glyciniphilum	1404244	S	640	85	725	0.00005
Corynebacterium_atypicum	191610	S	610	192	802	0.00006
Corynebacterium_uberis	2883169	S	609	79	688	0.00005
Corynebacterium_urealyticum	43771	S	608	759	1367	0.00010
Corynebacterium_sanguinis	2594913	S	573	409	982	0.00007
Corynebacterium_imitans	156978	S	572	367	939	0.00007
Corynebacterium_ureicelerivorans	401472	S	561	196	757	0.00005
Corynebacterium_lujinxingii	2763010	S	561	202	763	0.00006
Corynebacterium_falsenii	108486	S	546	245	791	0.00006
Corynebacterium_glaucum	187491	S	491	112	603	0.00004
Corynebacterium_qintianiae	2709392	S	486	143	629	0.00005
Corynebacterium_efficiens	152794	S	474	93	567	0.00004
Corynebacterium_testudinoris	136857	S	461	100	561	0.00004
Corynebacterium_genitalium	38288	S	440	103	543	0.00004
Corynebacterium_coyleae	53374	S	434	117	551	0.00004
Corynebacterium_glucuronolyticum	39791	S	424	106	530	0.00004
Corynebacterium_aurimucosum	169292	S	423	208	631	0.00005
Corynebacterium_kroppenstedtii	161879	S	401	43	444	0.00003
Corynebacterium_tuberculostearicum	38304	S	384	246	630	0.00005
Corynebacterium_incognita	2754725	S	379	92	471	0.00003
Corynebacterium_striatum	43770	S	371	331	702	0.00005
Corynebacterium_lactis	1231000	S	359	60	419	0.00003
Corynebacterium_occultum	2675219	S	340	63	403	0.00003
Corynebacterium_matruchotii	43768	S	320	24	344	0.00002
Corynebacterium_aquilae	203263	S	282	46	328	0.00002
Corynebacterium_endometrii	2488819	S	280	57	337	0.00002
Corynebacterium_renale	1724	S	279	35	314	0.00002
Corynebacterium_zhongnanshanii	2768834	S	271	40	311	0.00002
Corynebacterium_riegelii	156976	S	268	73	341	0.00002
Corynebacterium_flavescens	28028	S	266	81	347	0.00003
Corynebacterium_kalinowskii	2675216	S	262	135	397	0.00003
Corynebacterium_lizhenjunii	2709394	S	242	44	286	0.00002
Corynebacterium_urogenitale	2487892	S	236	46	282	0.00002
Corynebacterium_camporealensis	161896	S	227	61	288	0.00002
Corynebacterium_simulans	146827	S	212	171	383	0.00003
Corynebacterium_minutissimum	38301	S	212	227	439	0.00003
Corynebacterium_singulare	161899	S	209	188	397	0.00003
Corynebacterium_cystitidis	35757	S	208	14	222	0.00002
Corynebacterium_epidermidicanis	1050174	S	193	35	228	0.00002
Corynebacterium_stationis	1705	S	187	51	238	0.00002
Corynebacterium_argentoratense	42817	S	174	40	214	0.00002
Corynebacterium_casei	160386	S	171	220	391	0.00003
Corynebacterium_propinquum	43769	S	169	77	246	0.00002
Corynebacterium_gerontici	2079234	S	169	36	205	0.00001
Corynebacterium_macginleyi	38290	S	157	40	197	0.00001
Corynebacterium_diphtheriae	1717	S	149	222	371	0.00003
Corynebacterium_pseudopelargi	2080757	S	148	56	204	0.00001
Corynebacterium_phocae	161895	S	141	20	161	0.00001
Corynebacterium_pelargi	1471400	S	138	49	187	0.00001
Corynebacterium_choanae	1862358	S	136	15	151	0.00001
Corynebacterium_pseudodiphtheriticum	37637	S	126	44	170	0.00001
Corynebacterium_resistens	258224	S	120	73	193	0.00001
Corynebacterium_kefirresidentii	1979527	S	118	84	202	0.00001
Corynebacterium_glutamicum	1718	S	108	1584	1692	0.00012
Corynebacterium_deserti	1408191	S	101	39	140	0.00001
Corynebacterium_hindlerae	699041	S	96	199	295	0.00002
Corynebacterium_ammoniagenes	1697	S	94	22	116	0.00001
Corynebacterium_ulcerans	65058	S	89	33	122	0.00001
Corynebacterium_segmentosum	43990	S	84	216	300	0.00002
Corynebacterium_anserum	2684406	S	82	10	92	0.00001
Corynebacterium_pseudotuberculosis	1719	S	79	19	98	0.00001
Corynebacterium_callunae	1721	S	75	27	102	0.00001
Corynebacterium_mustelae	571915	S	72	6	78	0.00001
Corynebacterium_accolens	38284	S	70	179	249	0.00002
Corynebacterium_amycolatum	43765	S	67	534	601	0.00004
Corynebacterium_suranareeae	2506452	S	65	20	85	0.00001
Corynebacterium_silvaticum	2320431	S	61	27	88	0.00001
Corynebacterium_rouxii	2719119	S	48	30	78	0.00001
Corynebacterium_crudilactis	1652495	S	44	53	97	0.00001
Corynebacterium_kutscheri	35755	S	25	4	29	0.00000
Gordonia_sp._PP30	2935861	S	2245	710	2955	0.00021
Gordonia_sp._YC-JH1	2059875	S	1694	1354	3048	0.00022
Gordonia_sp._KTR9	337191	S	1522	350	1872	0.00014
Gordonia_sp._PDNC005	2811424	S	1266	215	1481	0.00011
Gordonia_sp._WA4-43	2878678	S	333	1240	1573	0.00011
Gordonia_sp._JH63	2698900	S	223	774	997	0.00007
Gordonia_sp._135	2676309	S	137	977	1114	0.00008
Gordonia_sp._1D	1737359	S	66	1055	1121	0.00008
Gordonia_polyisoprenivorans	84595	S	3494	790	4284	0.00031
Gordonia_terrae	2055	S	2644	1649	4293	0.00031
Gordonia_insulae	2420509	S	2151	345	2496	0.00018
Gordonia_amarae	36821	S	1976	451	2427	0.00018
Gordonia_phthalatica	1136941	S	1863	848	2711	0.00020
Gordonia_bronchialis	2054	S	1839	491	2330	0.00017
Gordonia_iterans	1004901	S	1832	709	2541	0.00018
Gordonia_jinghuaiqii	2758710	S	1702	379	2081	0.00015
Gordonia_pseudoamarae	2831662	S	1554	335	1889	0.00014
Gordonia_rubripertincta	36822	S	1443	939	2382	0.00017
Gordonia_otitidis	249058	S	1308	246	1554	0.00011
Gordonia_zhaorongruii	2597659	S	1155	238	1393	0.00010
Gordonia_alkanivorans	84096	S	397	1569	1966	0.00014
Gordonia_hongkongensis	1701090	S	279	933	1212	0.00009
Gordonia_amicalis	89053	S	249	1920	2169	0.00016
Skermania_piniformis	39122	S	2135	314	2449	0.00018
Tsukamurella_paurometabola	2061	S	3678	2061	5739	0.00041
Tsukamurella_tyrosinosolvens	57704	S	3068	1551	4619	0.00033
Tsukamurella_sp._PLM1	2929795	S	2181	814	2995	0.00022
Tsukamurella_pulmonis	47312	S	2007	821	2828	0.00020
Dietzia_sp._oral_taxon_368	712270	S	1239	2641	3880	0.00028
Dietzia_lutea	546160	S	1599	1047	2646	0.00019
Dietzia_psychralcaliphila	139021	S	1547	509	2056	0.00015
Dietzia_timorensis	499555	S	1036	664	1700	0.00012
Tomitella_gaofuii	2760083	S	2334	812	3146	0.00023
Tomitella_fengzijianii	2597660	S	2044	767	2811	0.00020
Segniliparus_rotundus	286802	S	1154	77	1231	0.00009
Lawsonella_clevelandensis	1528099	S	222	29	251	0.00002
Amycolatopsis_sp._YIM_10	2653857	S	19247	6120	25367	0.00183
Amycolatopsis_sp._DSM_110486	2865832	S	9381	2127	11508	0.00083
Amycolatopsis_sp._WQ_127309	2932773	S	9161	2814	11975	0.00087
Amycolatopsis_sp._FDAARGOS_1241	2778070	S	8749	2167	10916	0.00079
Amycolatopsis_sp._Hca4	2742131	S	8009	3113	11122	0.00080
Amycolatopsis_sp._CA-230715	2745196	S	7882	1398	9280	0.00067
Amycolatopsis_sp._BJA-103	1911175	S	4832	1997	6829	0.00049
Amycolatopsis_sp._FU40	2914159	S	4495	2166	6661	0.00048
Amycolatopsis_sp._AA4	1896961	S	3946	2215	6161	0.00045
Amycolatopsis_sp._TNS106	2861750	S	3713	2206	5919	0.00043
Amycolatopsis_sp._EV170708-02-1	2919322	S	2847	2708	5555	0.00040
Amycolatopsis_albispora	1804986	S	18076	11506	29582	0.00214
Amycolatopsis_acidiphila	715473	S	9672	2394	12066	0.00087
Amycolatopsis_mediterranei	33910	S	7794	12503	20297	0.00147
Amycolatopsis_keratiniphila	129921	S	4279	3456	7735	0.00056
Amycolatopsis_japonica	208439	S	2356	2170	4526	0.00033
Amycolatopsis_methanolica	1814	S	7479	3197	10676	0.00077
Amycolatopsis_pretoriensis	218821	S	7317	2501	9818	0.00071
Amycolatopsis_thermalba	944492	S	7197	3271	10468	0.00076
Amycolatopsis_aidingensis	2842453	S	6416	885	7301	0.00053
Amycolatopsis_orientalis	31958	S	5620	1937	7557	0.00055
Pseudonocardia_sp._DSM_110487	2865833	S	37006	6220	43226	0.00312
Pseudonocardia_sp._CGMCC_4.1532	2761535	S	8005	5123	13128	0.00095
Pseudonocardia_sp._HH130630-07	1690815	S	6327	2130	8457	0.00061
Pseudonocardia_sp._AL041005-10	445576	S	4987	2078	7065	0.00051
Pseudonocardia_sp._HH130629-09	1641402	S	4044	1908	5952	0.00043
Pseudonocardia_sp._EC080625-04	1096868	S	154	3839	3993	0.00029
Pseudonocardia_sp._EC080619-01	1096856	S	23	5268	5291	0.00038
Pseudonocardia_sp._EC080610-09	1688404	S	17	1324	1341	0.00010
Pseudonocardia_broussonetiae	2736640	S	12174	4665	16839	0.00122
Pseudonocardia_dioxanivorans	240495	S	11707	3730	15437	0.00112
Pseudonocardia_autotrophica	2074	S	7122	2276	9398	0.00068
Pseudonocardia_abyssalis	2792008	S	6639	3819	10458	0.00076
Saccharopolyspora_erythraea	1836	S	23806	10054	33860	0.00245
Saccharopolyspora_gregorii	33914	S	7338	1743	9081	0.00066
Saccharopolyspora_spinosa	60894	S	4366	3055	7421	0.00054
Saccharopolyspora_pogona	333966	S	3656	4665	8321	0.00060
Saccharopolyspora_sp._ASAGF58	2719023	S	2492	3526	6018	0.00043
Saccharothrix_syringae	103733	S	11449	4601	16050	0.00116
Saccharothrix_sp._6-C	2781735	S	10136	3977	14113	0.00102
Saccharothrix_espanaensis	103731	S	9625	3277	12902	0.00093
Lentzea_guizhouensis	1586287	S	23643	5800	29443	0.00213
Saccharomonospora_marina	632569	S	5134	1342	6476	0.00047
Saccharomonospora_cyanea	40989	S	3848	1589	5437	0.00039
Saccharomonospora_azurea	40988	S	3215	1125	4340	0.00031
Saccharomonospora_xinjiangensis	75294	S	2582	507	3089	0.00022
Saccharomonospora_viridis	1852	S	2379	433	2812	0.00020
Saccharomonospora_glauca	40990	S	2180	920	3100	0.00022
Allokutzneria_albata	211114	S	18519	5234	23753	0.00172
Kutzneria_sp._CA-103260	2802641	S	10248	2604	12852	0.00093
Kutzneria_albida	43357	S	7949	2162	10111	0.00073
Actinoalloteichus_hoggarensis	1470176	S	3667	589	4256	0.00031
Actinoalloteichus_hymeniacidonis	340345	S	2797	319	3116	0.00023
Actinoalloteichus_sp._GBA129-24	1612551	S	180	2381	2561	0.00019
Actinoalloteichus_fjordicus	1612552	S	119	1901	2020	0.00015
Actinosynnema_pretiosum	42197	S	3200	7123	10323	0.00075
Actinosynnema_mirum	40567	S	297	2983	3280	0.00024
Kibdelosporangium_phytohabitans	860235	S	9506	1344	10850	0.00078
Alloactinosynnema_sp._L-07	1653480	S	6893	1790	8683	0.00063
Prauserella_marina	530584	S	4239	442	4681	0.00034
Allosaccharopolyspora_coralli	2665642	S	3790	944	4734	0.00034
Nocardioides_sp._G188	2849501	S	13071	5033	18104	0.00131
Nocardioides_sp._JS614	196162	S	10098	3651	13749	0.00099
Nocardioides_sp._LMS-CY	2840457	S	8756	3516	12272	0.00089
Nocardioides_sp._zg-1228	2763008	S	8369	4467	12836	0.00093
Nocardioides_sp._S5	2017486	S	8293	5020	13313	0.00096
Nocardioides_sp._TF02-7	2917724	S	8227	3321	11548	0.00083
Nocardioides_sp._HDW12B	2714939	S	7413	3053	10466	0.00076
Nocardioides_sp._W7	2931390	S	7010	2892	9902	0.00072
Nocardioides_sp._SCSIO_67246	2872154	S	6220	2034	8254	0.00060
Nocardioides_sp._cx-173	2898796	S	6025	2526	8551	0.00062
Nocardioides_sp._zg-579	2663857	S	5925	3643	9568	0.00069
Nocardioides_sp._S-1144	2582905	S	5905	2794	8699	0.00063
Nocardioides_sp._InS609-2	2760705	S	5411	1537	6948	0.00050
Nocardioides_sp._603	2483798	S	5330	3005	8335	0.00060
Nocardioides_sp._MC1495	2736757	S	5153	2254	7407	0.00054
Nocardioides_sp._CF8	110319	S	4969	2480	7449	0.00054
Nocardioides_sp._JQ2195	2592334	S	4470	1161	5631	0.00041
Nocardioides_sp._zg-536	2803858	S	4354	2323	6677	0.00048
Nocardioides_sp._WS12	2486272	S	3863	842	4705	0.00034
Nocardioides_sp._dk884	2662361	S	3650	4324	7974	0.00058
Nocardioides_sp._ZJ1313	2685869	S	3488	4158	7646	0.00055
Nocardioides_sp._Kera_G14	2884264	S	3408	893	4301	0.00031
Nocardioides_mesophilus	433659	S	12138	4631	16769	0.00121
Nocardioides_ungokensis	1643322	S	7788	3384	11172	0.00081
Nocardioides_okcheonensis	2894081	S	7631	4310	11941	0.00086
Nocardioides_anomalus	2712223	S	7481	2826	10307	0.00074
Nocardioides_humi	449461	S	6676	2747	9423	0.00068
Nocardioides_euryhalodurans	2518370	S	6460	2465	8925	0.00064
Nocardioides_cynanchi	2558918	S	6156	1830	7986	0.00058
Nocardioides_aromaticivorans	200618	S	6153	2896	9049	0.00065
Nocardioides_dongkuii	2760089	S	5753	3508	9261	0.00067
Nocardioides_rotundus	1774216	S	5465	2655	8120	0.00059
Nocardioides_aquaticus	160826	S	5234	2000	7234	0.00052
Nocardioides_marinisabuli	419476	S	5063	3449	8512	0.00062
Nocardioides_sambongensis	2589074	S	4827	1739	6566	0.00047
Nocardioides_seonyuensis	2518371	S	4758	1581	6339	0.00046
Nocardioides_dokdonensis	450734	S	4531	2570	7101	0.00051
Nocardioides_panacisoli	627624	S	4265	1326	5591	0.00040
Nocardioides_houyundeii	2045452	S	4085	1556	5641	0.00041
Nocardioides_piscis	2714938	S	3925	1799	5724	0.00041
Nocardioides_daphniae	402297	S	3124	1769	4893	0.00035
Nocardioides_jishulii	2575440	S	2817	1269	4086	0.00030
Nocardioides_yefusunii	2500546	S	2021	743	2764	0.00020
Nocardioides_baekrokdamisoli	1804624	S	1978	315	2293	0.00017
Aeromicrobium_sp._Leaf245	1736306	S	3364	1308	4672	0.00034
Aeromicrobium_sp._zg-629	2663859	S	2870	1185	4055	0.00029
Aeromicrobium_sp._A1-2	2107713	S	2584	461	3045	0.00022
Aeromicrobium_erythreum	2041	S	3585	1354	4939	0.00036
Aeromicrobium_choanae	1736691	S	3464	1311	4775	0.00035
Aeromicrobium_chenweiae	2079793	S	3373	1428	4801	0.00035
Aeromicrobium_marinum	219314	S	3171	882	4053	0.00029
Aeromicrobium_yanjiei	2662028	S	3063	1201	4264	0.00031
Friedmanniella_luteola	546871	S	7085	1880	8965	0.00065
Pimelobacter_simplex	2045	S	5815	2799	8614	0.00062
Marmoricola_scoriae	642780	S	5287	2573	7860	0.00057
Mumia_sp._ZJ1417	2708082	S	4813	1079	5892	0.00043
Micropruina_glycogenica	75385	S	2656	506	3162	0.00023
Microlunatus_sagamiharensis	546874	S	5977	1832	7809	0.00056
Microlunatus_phosphovorus	29405	S	4526	708	5234	0.00038
Microlunatus_soli	630515	S	3862	526	4388	0.00032
Microlunatus_elymi	2596828	S	3644	561	4205	0.00030
Microlunatus_sp._Gsoil_973	2672569	S	3301	359	3660	0.00026
Tessaracoccus_sp._J1M15	2829499	S	2126	760	2886	0.00021
Tessaracoccus_sp._MC1865	2760310	S	1669	511	2180	0.00016
Tessaracoccus_defluvii	1285901	S	2291	1699	3990	0.00029
Tessaracoccus_aquimaris	1332264	S	2234	1255	3489	0.00025
Tessaracoccus_flavescens	399497	S	1912	1712	3624	0.00026
Tessaracoccus_flavus	1610493	S	1758	1390	3148	0.00023
Tessaracoccus_timonensis	2161816	S	1087	546	1633	0.00012
Brevilactibacter_coleopterorum	2714937	S	3567	2028	5595	0.00040
Brevilactibacter_sp._MC1595	2819349	S	3041	1507	4548	0.00033
Acidipropionibacterium_jensenii	1749	S	2153	1691	3844	0.00028
Acidipropionibacterium_acidipropionici	1748	S	2010	1419	3429	0.00025
Acidipropionibacterium_virtanenii	2057246	S	1430	343	1773	0.00013
Propionibacterium_acidifaciens	556499	S	2217	617	2834	0.00020
Propionibacterium_freudenreichii	1744	S	1692	1615	3307	0.00024
Propionibacterium_australiense	119981	S	1507	314	1821	0.00013
Auraticoccus_monumenti	675864	S	4438	1049	5487	0.00040
Cutibacterium_avidum	33010	S	1286	472	1758	0.00013
Cutibacterium_granulosum	33011	S	705	178	883	0.00006
Cutibacterium_acnes	1747	S	540	370	910	0.00007
Cutibacterium_modestum	2559073	S	292	51	343	0.00002
Raineyella_fluvialis	2662261	S	2768	473	3241	0.00023
Arachnia_propionica	1750	S	1560	218	1778	0.00013
Arachnia_rubra	1547448	S	1056	135	1191	0.00009
Vaginimicrobium_propionicum	1871034	S	110	51	161	0.00001
Kribbella_flavida	182640	S	21543	6115	27658	0.00200
Kribbella_qitaiheensis	1544730	S	15212	2884	18096	0.00131
Actinopolymorpha_singaporensis	117157	S	8365	1207	9572	0.00069
Nonomuraea_gerenzanensis	93944	S	23193	8782	31975	0.00231
Nonomuraea_nitratireducens	2656914	S	19471	5004	24475	0.00177
Nonomuraea_sp._ATCC_55076	1909395	S	17378	6309	23687	0.00171
Nonomuraea_coxensis	404386	S	16208	5648	21856	0.00158
Streptosporangium_roseum	2001	S	13198	4370	17568	0.00127
Streptosporangium_sp._'caverna'	2202249	S	12348	3221	15569	0.00112
Thermobispora_bispora	2006	S	7008	1984	8992	0.00065
Actinomadura_sp._WMMB_499	1219491	S	16275	4844	21119	0.00153
Actinomadura_sp._NAK00032	2742128	S	10794	4749	15543	0.00112
Actinomadura_sp._WMMA1423	2591108	S	10017	3707	13724	0.00099
Actinomadura_madurae	1993	S	16814	6300	23114	0.00167
Actinomadura_verrucosospora	46165	S	11484	4361	15845	0.00114
Actinomadura_graeca	2750812	S	9363	2709	12072	0.00087
Thermomonospora_amylolytica	1411117	S	9831	4509	14340	0.00104
Thermomonospora_curvata	2020	S	6170	2217	8387	0.00061
Nocardiopsis_dassonvillei	2014	S	10332	7465	17797	0.00129
Nocardiopsis_sp._MT53	2865672	S	5846	1638	7484	0.00054
Nocardiopsis_sp._HDS12	2831968	S	2169	1424	3593	0.00026
Nocardiopsis_gilva	280236	S	4521	1100	5621	0.00041
Nocardiopsis_alba	53437	S	3643	782	4425	0.00032
Thermobifida_halotolerans	483545	S	3482	1357	4839	0.00035
Thermobifida_alba	53522	S	3313	1580	4893	0.00035
Thermobifida_fusca	2021	S	1912	397	2309	0.00017
Streptomonospora_litoralis	2498135	S	4862	1144	6006	0.00043
Spiractinospora_alimapuensis	2820884	S	3217	260	3477	0.00025
Blastococcus_sp._PRF04-17	2933797	S	14678	6026	20704	0.00150
Blastococcus_saxobsidens	138336	S	11985	4391	16376	0.00118
Modestobacter_marinus	477641	S	12681	5227	17908	0.00129
Modestobacter_sp._L9-4	2851567	S	7055	3212	10267	0.00074
Geodermatophilus_obscurus	1861	S	17724	7136	24860	0.00180
Jiangella_sp._DSM_45060	1798224	S	19205	6943	26148	0.00189
Jiangella_alkaliphila	419479	S	17188	5964	23152	0.00167
Frankia_inefficax	298654	S	11293	1644	12937	0.00093
Frankia_sp._QA3	710111	S	4394	2180	6574	0.00048
Frankia_sp._ArI3	1858	S	3184	2488	5672	0.00041
Candidatus_Frankia_datiscae	2716812	S	5131	851	5982	0.00043
Frankia_casuarinae	106370	S	4340	566	4906	0.00035
Frankia_alni	1859	S	3649	2997	6646	0.00048
Actinomyces_sp._oral_taxon_414	712122	S	1517	369	1886	0.00014
Actinomyces_sp._MAS-1	2755559	S	1176	271	1447	0.00010
Actinomyces_sp._Z16	2079536	S	958	372	1330	0.00010
Actinomyces_sp._Chiba101	1851395	S	777	403	1180	0.00009
Actinomyces_sp._432	2057798	S	711	178	889	0.00006
Actinomyces_sp._oral_taxon_171	706438	S	372	320	692	0.00005
Actinomyces_sp._oral_taxon_169	712116	S	228	432	660	0.00005
Actinomyces_sp._HMT897	2789424	S	205	585	790	0.00006
Actinomyces_sp._oral_taxon_897	2081702	S	184	536	720	0.00005
Actinomyces_sp._HMT_175	2789425	S	158	676	834	0.00006
Actinomyces_sp._zg-332	2708340	S	17	3	20	0.00000
Actinomyces_radicidentis	111015	S	1807	900	2707	0.00020
Actinomyces_howellii	52771	S	1605	298	1903	0.00014
Actinomyces_slackii	52774	S	1094	216	1310	0.00009
Actinomyces_respiraculi	2744574	S	1047	296	1343	0.00010
Actinomyces_procaprae	2560010	S	953	383	1336	0.00010
Actinomyces_weissii	675090	S	854	198	1052	0.00008
Actinomyces_faecalis	2722820	S	835	142	977	0.00007
Actinomyces_qiguomingii	2057800	S	701	110	811	0.00006
Actinomyces_viscosus	1656	S	681	314	995	0.00007
Actinomyces_naeslundii	1655	S	609	383	992	0.00007
Actinomyces_wuliandei	2057743	S	552	162	714	0.00005
Actinomyces_oris	544580	S	503	1505	2008	0.00015
Actinomyces_marmotae	2737173	S	487	298	785	0.00006
Actinomyces_gaoshouyii	1960083	S	469	266	735	0.00005
Actinomyces_lilanjuaniae	2321394	S	433	116	549	0.00004
Actinomyces_trachealis	2763540	S	359	78	437	0.00003
Actinomyces_pacaensis	1852377	S	107	16	123	0.00001
Schaalia_sp._19OD2882	2794089	S	738	128	866	0.00006
Schaalia_sp._JY-X169	2758572	S	240	10	250	0.00002
Schaalia_sp._ZJ405	2709403	S	208	25	233	0.00002
Schaalia_odontolytica	1660	S	934	275	1209	0.00009
Schaalia_meyeri	52773	S	560	128	688	0.00005
Schaalia_cardiffensis	181487	S	329	61	390	0.00003
Schaalia_turicensis	131111	S	158	189	347	0.00003
Flaviflexus_salsibiostraticola	1282737	S	990	316	1306	0.00009
Flaviflexus_sp._dk850	2758573	S	470	201	671	0.00005
Flaviflexus_ciconiae	2496867	S	459	70	529	0.00004
Trueperella_pecoris	2733571	S	690	242	932	0.00007
Trueperella_pyogenes	1661	S	544	382	926	0.00007
Trueperella_bialowiezensis	312285	S	347	22	369	0.00003
Pauljensenia_hongkongensis	178339	S	867	383	1250	0.00009
Nanchangia_anserum	2692125	S	830	111	941	0.00007
Actinobaculum_sp._313	2495645	S	383	26	409	0.00003
Actinotignum_schaalii	59505	S	278	22	300	0.00002
Arcanobacterium_haemolyticum	28264	S	63	36	99	0.00001
Arcanobacterium_phocae	131112	S	54	26	80	0.00001
Arcanobacterium_sp._2701	2722751	S	40	16	56	0.00000
Arcanobacterium_phocisimile	1302235	S	38	18	56	0.00000
Changpingibacter_yushuensis	2758440	S	209	74	283	0.00002
Mobiluncus_curtisii	2051	S	155	54	209	0.00002
Varibaculum_sp._EMRHCC_39	2811781	S	91	33	124	0.00001
Boudabousia_tangfeifanii	1912795	S	66	6	72	0.00001
Fannyhessea_vaginae	82135	S	39	14	53	0.00000
Nakamurella_multipartita	53461	S	6531	1523	8054	0.00058
Nakamurella_panacisegetis	1090615	S	3436	602	4038	0.00029
Nakamurella_sp._PAMC28650	2762325	S	2910	393	3303	0.00024
Nakamurella_antarctica	1902245	S	604	55	659	0.00005
Bifidobacterium_pseudolongum	1694	S	979	430	1409	0.00010
Bifidobacterium_choerinum	35760	S	953	482	1435	0.00010
Bifidobacterium_scardovii	158787	S	940	106	1046	0.00008
Bifidobacterium_longum	216816	S	914	2119	3033	0.00022
Bifidobacterium_bifidum	1681	S	675	326	1001	0.00007
Bifidobacterium_pullorum	78448	S	632	291	923	0.00007
Bifidobacterium_animalis	28025	S	626	1047	1673	0.00012
Bifidobacterium_asteroides	1684	S	552	19	571	0.00004
Bifidobacterium_subtile	77635	S	514	92	606	0.00004
Bifidobacterium_adolescentis	1680	S	453	121	574	0.00004
Bifidobacterium_actinocoloniiforme	638619	S	396	16	412	0.00003
Bifidobacterium_lemurum	1603886	S	382	104	486	0.00004
Bifidobacterium_breve	1685	S	364	448	812	0.00006
Bifidobacterium_eulemuris	1765219	S	359	94	453	0.00003
Bifidobacterium_thermophilum	33905	S	359	94	453	0.00003
Bifidobacterium_dentium	1689	S	272	24	296	0.00002
Bifidobacterium_angulatum	1683	S	225	73	298	0.00002
Bifidobacterium_pseudocatenulatum	28026	S	169	112	281	0.00002
Bifidobacterium_catenulatum	1686	S	152	282	434	0.00003
Bifidobacterium_saguini	762210	S	76	42	118	0.00001
Bifidobacterium_imperatoris	2020965	S	74	45	119	0.00001
Bifidobacterium_indicum	1691	S	42	62	104	0.00001
Bifidobacterium_coryneforme	1687	S	30	44	74	0.00001
Parascardovia_denticolens	78258	S	277	61	338	0.00002
Gardnerella_vaginalis	2702	S	21	42	63	0.00000
Scardovia_inopinata	78259	S	42	19	61	0.00000
Catenulispora_acidiphila	304895	S	7537	1353	8890	0.00064
Stackebrandtia_nassauensis	283811	S	5363	600	5963	0.00043
Natronoglycomyces_albus	2811108	S	901	38	939	0.00007
Jatrophihabitans_sp._GAS493	1907575	S	3086	360	3446	0.00025
Jatrophihabitans_telluris	2038343	S	2984	328	3312	0.00024
Kineococcus_radiotolerans	131568	S	4517	1536	6053	0.00044
Actinopolyspora_erythraea	414996	S	2935	368	3303	0.00024
Epidermidibacterium_keratini	1891644	S	2613	1573	4186	0.00030
Acidothermus_cellulolyticus	28049	S	2190	131	2321	0.00017
Candidatus_Planktophila_lacus	1884913	S	92	14	106	0.00001
Candidatus_Planktophila_versatilis	1884905	S	63	15	78	0.00001
Candidatus_Planktophila_sulfonica	1884904	S	55	21	76	0.00001
Candidatus_Planktophila_dulcis	1884914	S	35	20	55	0.00000
Candidatus_Planktophila_vernalis	1884907	S	30	5	35	0.00000
Candidatus_Planktophila_limnetica	573600	S	29	4	33	0.00000
Candidatus_Nanopelagicus_abundans	1884916	S	26	12	38	0.00000
Candidatus_Nanopelagicus_hibericus	1884915	S	17	10	27	0.00000
Candidatus_Nanopelagicus_limnes	1884634	S	14	18	32	0.00000
Rubrobacter_xylanophilus	49319	S	41333	6078	47411	0.00343
Rubrobacter_tropicus	2653851	S	33540	2763	36303	0.00262
Rubrobacter_marinus	2653852	S	25997	2565	28562	0.00206
Rubrobacter_radiotolerans	42256	S	8862	1290	10152	0.00073
Rubrobacter_indicoceani	2051957	S	4875	426	5301	0.00038
Baekduia_soli	496014	S	26022	5123	31145	0.00225
Conexibacter_sp._SYSU_D00693	2812560	S	31555	8985	40540	0.00293
Conexibacter_sp._S30A1	2937800	S	10653	1343	11996	0.00087
Conexibacter_sp._DBS9H8	2937801	S	10488	1197	11685	0.00084
Conexibacter_woesei	191495	S	43737	9098	52835	0.00382
Miltoncostaea_marina	2843215	S	17957	5139	23096	0.00167
Miltoncostaea_oceani	2843216	S	15731	2682	18413	0.00133
Aquihabitans_sp._G128	2849779	S	22319	5187	27506	0.00199
Aquihabitans_sp._Kera_3	2884263	S	20039	3755	23794	0.00172
Iamia_sp._SCSIO_61187	2722752	S	25675	4715	30390	0.00220
Actinomarinicola_tropica	2789776	S	22766	5146	27912	0.00202
Ilumatobacter_coccineus	467094	S	6702	465	7167	0.00052
Acidimicrobium_ferrooxidans	53635	S	2614	227	2841	0.00021
Egicoccus_halophilus	1670830	S	6691	1255	7946	0.00057
Euzebya_pacifica	1608957	S	6682	694	7376	0.00053
Egibacter_rhizosphaerae	1670831	S	6571	480	7051	0.00051
Eggerthella_lenta	84112	S	1038	841	1879	0.00014
Eggerthella_guodeyinii	2690837	S	928	491	1419	0.00010
Eggerthella_sp._YY7918	502558	S	187	93	280	0.00002
Gordonibacter_urolithinfaciens	1335613	S	543	457	1000	0.00007
Gordonibacter_pamelaeae	471189	S	523	606	1129	0.00008
Arabiibacter_massiliensis	1870985	S	1230	292	1522	0.00011
Adlercreutzia_equolifaciens	446660	S	508	328	836	0.00006
Adlercreutzia_hattorii	2707299	S	284	378	662	0.00005
Berryella_intestinalis	1531429	S	587	769	1356	0.00010
Raoultibacter_timonensis	1907662	S	579	55	634	0.00005
Slackia_heliotrinireducens	84110	S	426	15	441	0.00003
Denitrobacterium_detoxificans	79604	S	259	127	386	0.00003
Phoenicibacter_congonensis	1944646	S	99	51	150	0.00001
Cryptobacterium_curtum	84163	S	46	6	52	0.00000
Olsenella_timonensis	1805478	S	1112	413	1525	0.00011
Olsenella_uli	133926	S	556	76	632	0.00005
Olsenella_sp._oral_taxon_807	712411	S	432	33	465	0.00003
Parolsenella_massiliensis	1871022	S	548	423	971	0.00007
Parolsenella_catena	2003188	S	507	427	934	0.00007
Thermophilibacter_immobilis	2779519	S	743	352	1095	0.00008
Parafannyhessea_umbonata	604330	S	676	480	1156	0.00008
Atopobium_sp._oral_taxon_416	712157	S	221	28	249	0.00002
Lancefieldella_parvula	1382	S	36	4	40	0.00000
Collinsella_aerofaciens	74426	S	1001	612	1613	0.00012
Collinsella_stercoris	147206	S	685	116	801	0.00006
Collinsella_sp._zg1085	2844380	S	46	2	48	0.00000
Coriobacterium_glomerans	33871	S	517	20	537	0.00004
Bacillus_altitudinis	293387	S	5581	27624	33205	0.00240
Bacillus_aerophilus	293389	S	15	296	311	0.00002
Bacillus_siamensis	659243	S	728	2751	3479	0.00025
Bacillus_velezensis	492670	S	613	12735	13348	0.00096
Bacillus_amyloliquefaciens	1390	S	144	5507	5651	0.00041
Bacillus_subtilis	1423	S	1904	52360	54264	0.00392
Bacillus_paralicheniformis	1648923	S	721	551	1272	0.00009
Bacillus_mojavensis	72360	S	68	95	163	0.00001
Bacillus_halotolerans	260554	S	22	68	90	0.00001
Bacillus_tequilensis	227866	S	83	88	171	0.00001
Bacillus_vallismortis	72361	S	70	101	171	0.00001
Bacillus_atrophaeus	1452	S	62	2150	2212	0.00016
Bacillus_licheniformis	1402	S	30	345	375	0.00003
Bacillus_spizizenii	96241	S	27	103	130	0.00001
Bacillus_inaquosorum	483913	S	17	158	175	0.00001
Bacillus_sp._Y1	352858	S	2125	955	3080	0.00022
Bacillus_sp._S3	486398	S	452	154	606	0.00004
Bacillus_sp._WP8	756828	S	317	492	809	0.00006
Bacillus_sp._1NLA3E	666686	S	270	111	381	0.00003
Bacillus_sp._FJAT-18017	1705566	S	184	57	241	0.00002
Bacillus_sp._JY-23	2933872	S	166	76	242	0.00002
Bacillus_sp._OxB-1	98228	S	116	33	149	0.00001
Bacillus_sp._NSP9.1	1071078	S	111	10	121	0.00001
Bacillus_sp._KH172YL63	2709784	S	106	43	149	0.00001
Bacillus_sp._FJAT-42376	2014076	S	103	45	148	0.00001
Bacillus_sp._THAF10	2587848	S	92	36	128	0.00001
Bacillus_sp._SB49	1071080	S	91	19	110	0.00001
Bacillus_sp._PAMC26568	2760090	S	91	11	102	0.00001
Bacillus_sp._FJAT-22090	1581038	S	75	24	99	0.00001
Bacillus_sp._M4U3P1	2592382	S	74	11	85	0.00001
Bacillus_sp._N1-1	2682541	S	34	13	47	0.00000
Bacillus_sp._3a	580459	S	30	219	249	0.00002
Bacillus_sp._Cs-700	2589818	S	28	11	39	0.00000
Bacillus_sp._PDNC022	2812759	S	18	88	106	0.00001
Bacillus_sp._MBGLi79	2070759	S	14	67	81	0.00001
Bacillus_sp._JNUCC-24	2842458	S	13	210	223	0.00002
Bacillus_sp._NP247	2846779	S	12	21	33	0.00000
Bacillus_sp._JS	1127744	S	11	114	125	0.00001
Bacillus_sp._ZJS3	2928154	S	11	32	43	0.00000
Bacillus_sp._ms-22	2683680	S	10	41	51	0.00000
Bacillus_sp._275	1941347	S	10	1531	1541	0.00011
Bacillus_cereus	1396	S	204	14483	14687	0.00106
Bacillus_pseudomycoides	64104	S	179	93	272	0.00002
Bacillus_thuringiensis	1428	S	150	7197	7347	0.00053
Bacillus_cytotoxicus	580165	S	121	93	214	0.00002
Bacillus_mycoides	1405	S	118	214	332	0.00002
Bacillus_wiedmannii	1890302	S	30	57	87	0.00001
Bacillus_nitratireducens	2026193	S	18	36	54	0.00000
Bacillus_luti	2026191	S	14	17	31	0.00000
Bacillus_toyonensis	155322	S	12	109	121	0.00001
Bacillus_anthracis	1392	S	12	120	132	0.00001
Bacillus_safensis	561879	S	783	1460	2243	0.00016
Bacillus_pumilus	1408	S	516	569	1085	0.00008
Bacillus_cabrialesii	2487276	S	413	478	891	0.00006
[Brevibacterium]_frigoritolerans	450367	S	282	131	413	0.00003
Bacillus_glycinifermentans	1664069	S	244	95	339	0.00002
Bacillus_badius	1455	S	197	93	290	0.00002
Bacillus_infantis	324767	S	168	56	224	0.00002
Bacillus_dafuensis	1742359	S	165	71	236	0.00002
Bacillus_methanolicus	1471	S	164	106	270	0.00002
Bacillus_gobiensis	1441095	S	132	46	178	0.00001
Bacillus_weihaiensis	1547283	S	112	45	157	0.00001
Bacillus_smithii	1479	S	81	55	136	0.00001
Bacillus_aquiflavi	2672567	S	72	23	95	0.00001
Bacillus_fonticola	2728853	S	67	22	89	0.00001
Bacillus_shivajii	1983719	S	60	10	70	0.00001
Bacillus_rugosus	2715209	S	41	50	91	0.00001
Bacillus_xiamenensis	1178537	S	22	87	109	0.00001
Priestia_filamentosa	1402861	S	6975	1070	8045	0.00058
Priestia_megaterium	1404	S	4957	7174	12131	0.00088
Priestia_flexa	86664	S	3583	1360	4943	0.00036
Priestia_aryabhattai	412384	S	182	1387	1569	0.00011
Priestia_koreensis	284581	S	126	52	178	0.00001
Priestia_sp._J2	2886505	S	22	282	304	0.00002
Metabacillus_sediminilitoris	2567941	S	2355	1046	3401	0.00025
Metabacillus_sp._KUDC1714	2745198	S	761	314	1075	0.00008
Metabacillus_sp._cB07	2806989	S	97	44	141	0.00001
Metabacillus_sp._B2-18	2897333	S	76	128	204	0.00001
Metabacillus_dongyingensis	2874282	S	266	112	378	0.00003
Metabacillus_litoralis	152268	S	114	129	243	0.00002
Metabacillus_endolithicus	1535204	S	58	82	140	0.00001
Cytobacillus_oceanisediminis	665099	S	1785	1077	2862	0.00021
Cytobacillus_firmus	1399	S	319	171	490	0.00004
Cytobacillus_ciccensis	1670641	S	214	94	308	0.00002
Cytobacillus_gottheilii	859144	S	194	76	270	0.00002
Cytobacillus_sp._CY-G	2901381	S	105	44	149	0.00001
Cytobacillus_kochii	859143	S	78	28	106	0.00001
Geobacillus_subterraneus	129338	S	414	361	775	0.00006
Geobacillus_genomosp._3	1921421	S	217	84	301	0.00002
Geobacillus_stearothermophilus	1422	S	216	373	589	0.00004
Geobacillus_sp._46C-IIa	1963025	S	97	58	155	0.00001
Geobacillus_sp._JS12	1813182	S	21	90	111	0.00001
Geobacillus_sp._Y412MC52	550542	S	15	70	85	0.00001
Geobacillus_thermocatenulatus	33938	S	73	96	169	0.00001
Geobacillus_thermoleovorans	33941	S	14	205	219	0.00002
Geobacillus_thermodenitrificans	33940	S	29	267	296	0.00002
Geobacillus_zalihae	213419	S	14	124	138	0.00001
Terribacillus_goriensis	386490	S	1840	381	2221	0.00016
Terribacillus_aidingensis	586416	S	236	50	286	0.00002
Alkalihalobacillus_clausii	79880	S	1642	438	2080	0.00015
Alkalihalobacillus_krulwichiae	199441	S	97	35	132	0.00001
Alkalihalobacillus_lehensis	300825	S	69	24	93	0.00001
Alkalihalobacillus_miscanthi	2598861	S	47	17	64	0.00000
Alkalihalobacillus_sp._LMS39	2924032	S	36	9	45	0.00000
Mesobacillus_foraminis	279826	S	1103	351	1454	0.00011
Mesobacillus_sp._S13	2880221	S	324	171	495	0.00004
Mesobacillus_jeotgali	129985	S	290	139	429	0.00003
Hydrogenibacillus_sp._N12	2866627	S	1697	254	1951	0.00014
Peribacillus_asahii	228899	S	539	321	860	0.00006
Peribacillus_simplex	1478	S	294	229	523	0.00004
Peribacillus_butanolivorans	421767	S	167	67	234	0.00002
Peribacillus_psychrosaccharolyticus	1407	S	103	43	146	0.00001
Peribacillus_muralis	264697	S	74	21	95	0.00001
Lysinibacillus_sp._SGAir0095	2070463	S	141	68	209	0.00002
Lysinibacillus_sp._PLM2	2929796	S	97	45	142	0.00001
Lysinibacillus_sp._YS11	2072025	S	62	119	181	0.00001
Lysinibacillus_sp._2017	2169540	S	51	28	79	0.00001
Lysinibacillus_sp._Ag94	2936682	S	49	4	53	0.00000
Lysinibacillus_sp._CD3-6	2892541	S	31	13	44	0.00000
Lysinibacillus_sp._ACHW1.5	2913506	S	26	44	70	0.00001
Lysinibacillus_timonensis	2086577	S	215	130	345	0.00002
Lysinibacillus_fusiformis	28031	S	66	52	118	0.00001
Lysinibacillus_sphaericus	1421	S	51	49	100	0.00001
Lysinibacillus_parviboronicapiens	436516	S	40	15	55	0.00000
Lysinibacillus_agricola	2590012	S	29	9	38	0.00000
Lysinibacillus_capsici	2115968	S	12	16	28	0.00000
Anoxybacillus_sediminis	2613334	S	644	175	819	0.00006
Anoxybacillus_flavithermus	33934	S	108	97	205	0.00001
Anoxybacillus_amylolyticus	294699	S	85	21	106	0.00001
Anoxybacillus_caldiproteolyticus	247480	S	71	19	90	0.00001
Anoxybacillus_sp._PDR2	1636720	S	15	59	74	0.00001
Anoxybacillus_gonensis	198467	S	10	54	64	0.00000
Oceanobacillus_kimchii	746691	S	725	89	814	0.00006
Oceanobacillus_iheyensis	182710	S	111	26	137	0.00001
Oceanobacillus_zhaokaii	2052660	S	102	23	125	0.00001
Niallia_circulans	1397	S	566	193	759	0.00005
Niallia_sp._Man26	2912824	S	343	92	435	0.00003
Neobacillus_drentensis	220684	S	474	250	724	0.00005
Neobacillus_mesonae	1193713	S	308	125	433	0.00003
Parageobacillus_caldoxylosilyticus	81408	S	118	57	175	0.00001
Parageobacillus_thermoglucosidasius	1426	S	110	66	176	0.00001
Parageobacillus_toebii	153151	S	96	111	207	0.00001
Parageobacillus_genomosp._1	1295642	S	73	29	102	0.00001
Parageobacillus_sp._KH3-4	2916802	S	53	25	78	0.00001
Virgibacillus_sp._Bac332	2419842	S	68	10	78	0.00001
Virgibacillus_sp._NKC19-16	2831673	S	67	7	74	0.00001
Virgibacillus_sp._MSP4-1	2700081	S	60	15	75	0.00001
Virgibacillus_sp._SK37	403957	S	25	31	56	0.00000
Virgibacillus_sp._Bac330	2419841	S	20	27	47	0.00000
Virgibacillus_necropolis	163877	S	68	11	79	0.00001
Virgibacillus_phasianinus	2017483	S	58	9	67	0.00000
Virgibacillus_halodenitrificans	1482	S	43	37	80	0.00001
Virgibacillus_dokdonensis	302167	S	13	19	32	0.00000
Rossellomorea_marisflavi	189381	S	301	138	439	0.00003
Rossellomorea_vietnamensis	218284	S	65	30	95	0.00001
Salicibibacter_halophilus	2502791	S	92	25	117	0.00001
Salicibibacter_cibarius	2743000	S	69	16	85	0.00001
Salicibibacter_kimchii	2099786	S	65	6	71	0.00001
Salicibibacter_cibi	2743001	S	65	10	75	0.00001
Halobacillus_sp._SSBR10-3	2932257	S	72	10	82	0.00001
Halobacillus_sp._SSHM10-5	2932259	S	52	9	61	0.00000
Halobacillus_sp._SSTM10-2	2932258	S	45	7	52	0.00000
Halobacillus_mangrovi	402384	S	48	8	56	0.00000
Halobacillus_litoralis	45668	S	46	8	54	0.00000
Halobacillus_halophilus	1570	S	36	5	41	0.00000
Sutcliffiella_cohnii	33932	S	171	88	259	0.00002
Sutcliffiella_horikoshii	79883	S	121	39	160	0.00001
Weizmannia_coagulans	1398	S	281	203	484	0.00003
Heyndrickxia_oleronia	38875	S	154	70	224	0.00002
Heyndrickxia_vini	1476025	S	89	31	120	0.00001
Salisediminibacterium_selenitireducens	85683	S	130	23	153	0.00001
Salisediminibacterium_beveridgei	632773	S	77	13	90	0.00001
Gracilibacillus_sp._SSPM10-3	2932255	S	63	15	78	0.00001
Gracilibacillus_sp._SSWR10-1	2932256	S	52	12	64	0.00000
Gracilibacillus_salitolerans	2663022	S	69	10	79	0.00001
Fictibacillus_arsenicus	255247	S	72	17	89	0.00001
Fictibacillus_phosphorivorans	1221500	S	65	14	79	0.00001
Psychrobacillus_glaciei	2283160	S	62	27	89	0.00001
Psychrobacillus_sp._INOP01	2829187	S	49	21	70	0.00001
Lentibacillus_sp._CBA3610	2518176	S	62	5	67	0.00000
Lentibacillus_amyloliquefaciens	1472767	S	51	6	57	0.00000
Caldalkalibacillus_thermarum	296745	S	114	26	140	0.00001
Alkalihalophilus_pseudofirmus	79885	S	113	23	136	0.00001
Caldibacillus_thermoamylovorans	35841	S	95	40	135	0.00001
Gottfriedia_acidiceleris	371036	S	86	30	116	0.00001
Pontibacillus_sp._ALD_SL1	2777185	S	47	7	54	0.00000
Pontibacillus_sp._HMF3514	2692425	S	36	6	42	0.00000
Halalkalibacterium_halodurans	86665	S	82	64	146	0.00001
Radiobacillus_sp._80	2844358	S	48	14	62	0.00000
Radiobacillus_deserti	2594883	S	21	6	27	0.00000
Anaerobacillus_isosaccharinicus	1532552	S	73	20	93	0.00001
Salimicrobium_jeotgali	1230341	S	73	13	86	0.00001
Lederbergia_lenta	1467	S	73	21	94	0.00001
Mangrovibacillus_cuniculi	2593652	S	66	42	108	0.00001
Pradoshia_sp._D12	2651284	S	57	20	77	0.00001
Evansella_cellulosilytica	1413	S	53	9	62	0.00000
Aeribacillus_pallidus	33936	S	51	30	81	0.00001
Sediminibacillus_sp._DP4-553-S	2729421	S	49	10	59	0.00000
Amphibacillus_xylanus	1449	S	35	7	42	0.00000
Paraliobacillus_zengyii	2213194	S	34	6	40	0.00000
Paenibacillus_sp._B01	2660554	S	1773	562	2335	0.00017
Paenibacillus_sp._RUD330	2023772	S	1004	117	1121	0.00008
Paenibacillus_sp._32O-W	1695218	S	864	91	955	0.00007
Paenibacillus_sp._H1-7	2282849	S	420	41	461	0.00003
Paenibacillus_sp._R14(2021)	2859228	S	391	60	451	0.00003
Paenibacillus_sp._Y412MC10	481743	S	335	643	978	0.00007
Paenibacillus_sp._JNUCC-32	2777984	S	270	546	816	0.00006
Paenibacillus_sp._sptzw28	715179	S	263	26	289	0.00002
Paenibacillus_sp._JZ16	1906272	S	245	59	304	0.00002
Paenibacillus_sp._PAMC21692	2762320	S	242	191	433	0.00003
Paenibacillus_sp._CAA11	1532905	S	235	50	285	0.00002
Paenibacillus_sp._URB8-2	2741301	S	226	54	280	0.00002
Paenibacillus_sp._FSL_R7-0273	1536772	S	221	39	260	0.00002
Paenibacillus_sp._YPD9-1	2908839	S	207	28	235	0.00002
Paenibacillus_sp._FSL_R7-0331	1536773	S	206	37	243	0.00002
Paenibacillus_sp._PK3_47	2072642	S	194	29	223	0.00002
Paenibacillus_sp._BIHB4019	1870819	S	178	15	193	0.00001
Paenibacillus_sp._HWE-109	1306526	S	173	16	189	0.00001
Paenibacillus_sp._FSL_H7-0357	1536774	S	173	24	197	0.00001
Paenibacillus_sp._YPG26	2878915	S	100	22	122	0.00001
Paenibacillus_sp._FSL_R5-0912	1536771	S	100	50	150	0.00001
Paenibacillus_sp._FSL_P4-0081	1536769	S	98	54	152	0.00001
Paenibacillus_sp._481	2835869	S	91	9	100	0.00001
Paenibacillus_sp._19GGS1-52	2758563	S	83	8	91	0.00001
Paenibacillus_sp._JNUCC-31	2777983	S	71	20	91	0.00001
Paenibacillus_sp._IHB_B_3084	867076	S	70	38	108	0.00001
Paenibacillus_sp._E222	2748863	S	69	23	92	0.00001
Paenibacillus_sp._DCT19	2211212	S	68	12	80	0.00001
Paenibacillus_sp._IHBB_10380	1566358	S	43	8	51	0.00000
Paenibacillus_sp._N3/727	2925845	S	38	43	81	0.00001
Paenibacillus_sp._FSL_R5-0345	1536770	S	32	9	41	0.00000
Paenibacillus_sp._FSL_H7-0737	1536775	S	24	7	31	0.00000
Paenibacillus_sp._Cedars	1980674	S	21	112	133	0.00001
Paenibacillus_sp._S02	2823904	S	11	81	92	0.00001
Paenibacillus_mucilaginosus	61624	S	1993	148	2141	0.00015
Paenibacillus_albicereus	2726185	S	1468	428	1896	0.00014
Paenibacillus_lycopersici	2704462	S	1138	151	1289	0.00009
Paenibacillus_ihbetae	1870820	S	851	127	978	0.00007
Paenibacillus_rhizovicinus	2704463	S	618	89	707	0.00005
Paenibacillus_cellulositrophicus	562959	S	610	65	675	0.00005
Paenibacillus_macerans	44252	S	601	60	661	0.00005
Paenibacillus_dendritiformis	130049	S	587	102	689	0.00005
Paenibacillus_konkukensis	2020716	S	541	63	604	0.00004
Paenibacillus_lautus	1401	S	520	598	1118	0.00008
Paenibacillus_beijingensis	1126833	S	501	63	564	0.00004
Paenibacillus_thiaminolyticus	49283	S	426	73	499	0.00004
Paenibacillus_chitinolyticus	79263	S	423	56	479	0.00003
Paenibacillus_stellifer	169760	S	406	77	483	0.00003
Paenibacillus_durus	44251	S	379	134	513	0.00004
Paenibacillus_cellulosilyticus	375489	S	272	38	310	0.00002
Paenibacillus_sabinae	365617	S	270	68	338	0.00002
Paenibacillus_naphthalenovorans	162209	S	260	40	300	0.00002
Paenibacillus_riograndensis	483937	S	99	76	175	0.00001
Paenibacillus_sonchi	373687	S	90	146	236	0.00002
Paenibacillus_albus	2495582	S	252	37	289	0.00002
Paenibacillus_xylanilyticus	248903	S	244	54	298	0.00002
Paenibacillus_donghaensis	414771	S	235	26	261	0.00002
Paenibacillus_polymyxa	1406	S	234	860	1094	0.00008
Paenibacillus_protaetiae	2509456	S	219	35	254	0.00002
Paenibacillus_azoreducens	116718	S	215	27	242	0.00002
Paenibacillus_tritici	1873425	S	201	31	232	0.00002
Paenibacillus_yonginensis	1462996	S	189	84	273	0.00002
Paenibacillus_algicola	2565926	S	186	33	219	0.00002
Paenibacillus_sophorae	1333845	S	180	63	243	0.00002
Paenibacillus_physcomitrellae	1619311	S	175	59	234	0.00002
Paenibacillus_swuensis	1178515	S	168	26	194	0.00001
Paenibacillus_agaridevorans	171404	S	167	183	350	0.00003
Paenibacillus_tianjinensis	2810347	S	165	29	194	0.00001
Paenibacillus_guangzhouensis	1473112	S	149	15	164	0.00001
Paenibacillus_borealis	160799	S	145	48	193	0.00001
Paenibacillus_alvei	44250	S	133	19	152	0.00001
Paenibacillus_psychroresistens	1778678	S	130	8	138	0.00001
Paenibacillus_jilunlii	682956	S	128	83	211	0.00002
Paenibacillus_kribbensis	172713	S	123	45	168	0.00001
Paenibacillus_graminis	189425	S	118	59	177	0.00001
Paenibacillus_barcinonensis	198119	S	113	20	133	0.00001
Paenibacillus_lutimineralis	2707005	S	109	16	125	0.00001
Paenibacillus_lentus	1338368	S	104	11	115	0.00001
Paenibacillus_bovis	1616788	S	98	14	112	0.00001
Paenibacillus_pabuli	1472	S	81	29	110	0.00001
Paenibacillus_brasilensis	128574	S	74	33	107	0.00001
Paenibacillus_baekrokdamisoli	1712516	S	73	8	81	0.00001
Paenibacillus_crassostreae	1763538	S	66	11	77	0.00001
Paenibacillus_odorifer	189426	S	66	12	78	0.00001
Paenibacillus_terrae	159743	S	63	29	92	0.00001
Paenibacillus_larvae	1464	S	60	9	69	0.00001
Paenibacillus_uliginis	683737	S	52	51	103	0.00001
Paenibacillus_xylanexedens	528191	S	43	29	72	0.00001
Paenibacillus_peoriae	59893	S	33	177	210	0.00002
Paenibacillus_antarcticus	253703	S	30	5	35	0.00000
Paenibacillus_glucanolyticus	59843	S	21	116	137	0.00001
Brevibacillus_choshinensis	54911	S	973	244	1217	0.00009
Brevibacillus_marinus	2496837	S	727	130	857	0.00006
Brevibacillus_agri	51101	S	509	135	644	0.00005
Brevibacillus_composti	2796470	S	496	133	629	0.00005
Brevibacillus_sp._MMS20-4M-10-Y	2895522	S	294	43	337	0.00002
Brevibacillus_sp._HD3.3A	2738979	S	49	198	247	0.00002
Brevibacillus_sp._DP1.3A	2738867	S	40	35	75	0.00001
Brevibacillus_brevis	1393	S	361	189	550	0.00004
Brevibacillus_laterosporus	1465	S	122	160	282	0.00002
Brevibacillus_formosus	54913	S	49	41	90	0.00001
Brevibacillus_parabrevis	54914	S	39	162	201	0.00001
Cohnella_candidum	2674991	S	885	120	1005	0.00007
Cohnella_sp._LGH	1619153	S	557	208	765	0.00006
Cohnella_sp._MFER-1	2728023	S	278	38	316	0.00002
Cohnella_cholangitidis	2598458	S	253	43	296	0.00002
Cohnella_abietis	2507935	S	71	8	79	0.00001
Thermobacillus_composti	377615	S	1562	240	1802	0.00013
Saccharibacillus_brassicae	2583377	S	958	126	1084	0.00008
Aneurinibacillus_soli	1500254	S	147	177	324	0.00002
Alicyclobacillus_acidocaldarius	405212	S	1897	188	2085	0.00015
Alicyclobacillus_acidoterrestris	1450	S	206	38	244	0.00002
Alicyclobacillus_mengziensis	2931921	S	189	15	204	0.00001
Alicyclobacillus_sp._SO9	2665646	S	125	11	136	0.00001
Alicyclobacillus_sp._TC	2606450	S	27	4	31	0.00000
Tumebacillus_avium	1903704	S	1111	534	1645	0.00012
Tumebacillus_algifaecis	1214604	S	422	171	593	0.00004
Kyrpidia_spormannii	2055160	S	283	146	429	0.00003
Kyrpidia_tusciae	33943	S	197	143	340	0.00002
Effusibacillus_dendaii	2743772	S	120	18	138	0.00001
Kroppenstedtia_eburnea	714067	S	406	51	457	0.00003
Kroppenstedtia_pulmonis	1380685	S	89	8	97	0.00001
Novibacillus_thermophilus	1471761	S	484	74	558	0.00004
Staphylospora_marina	2490858	S	433	93	526	0.00004
Polycladomyces_abyssicola	1125966	S	246	31	277	0.00002
Laceyella_sacchari	37482	S	160	48	208	0.00002
Thermoactinomyces_vulgaris	2026	S	108	28	136	0.00001
Planococcus_sp._MB-3u-03	2058136	S	86	70	156	0.00001
Planococcus_sp._107-1	2908840	S	56	29	85	0.00001
Planococcus_sp._PAMC_21323	1526927	S	10	5	15	0.00000
Planococcus_plakortidis	1038856	S	132	93	225	0.00002
Planococcus_maritimus	192421	S	119	61	180	0.00001
Planococcus_lenghuensis	2213202	S	116	29	145	0.00001
Planococcus_glaciei	459472	S	102	36	138	0.00001
Planococcus_rifietoensis	200991	S	85	73	158	0.00001
Planococcus_massiliensis	1499687	S	72	19	91	0.00001
Planococcus_halotolerans	2233542	S	59	22	81	0.00001
Planococcus_halocryophilus	1215089	S	34	21	55	0.00000
Planococcus_donghaensis	414778	S	32	21	53	0.00000
Planococcus_antarcticus	161360	S	29	10	39	0.00000
Planococcus_versutus	1302659	S	19	10	29	0.00000
Sporosarcina_sp._Te-1	2818390	S	51	14	65	0.00000
Sporosarcina_sp._Marseille-Q4063	2810514	S	31	6	37	0.00000
Sporosarcina_sp._PTS2304	2283194	S	23	7	30	0.00000
Sporosarcina_sp._resist	2762563	S	15	59	74	0.00001
Sporosarcina_sp._P33	1930764	S	11	58	69	0.00000
Sporosarcina_ureae	1571	S	102	34	136	0.00001
Sporosarcina_pasteurii	1474	S	21	7	28	0.00000
Sporosarcina_ureilytica	298596	S	15	5	20	0.00000
Solibacillus_silvestris	76853	S	82	36	118	0.00001
Solibacillus_sp._R5-41	2048654	S	33	17	50	0.00000
Ureibacillus_thermosphaericus	51173	S	43	55	98	0.00001
Ureibacillus_thermophilus	367743	S	36	21	57	0.00000
Kurthia_sp._11kri321	1750719	S	35	24	59	0.00000
Kurthia_zopfii	1650	S	20	12	32	0.00000
Paenisporosarcina_cavernae	2320858	S	31	21	52	0.00000
Paenisporosarcina_antarctica	417367	S	28	10	38	0.00000
Jeotgalibacillus_malaysiensis	1508404	S	54	21	75	0.00001
Viridibacillus_sp._JNUCC-6	2779527	S	32	14	46	0.00000
Rummeliibacillus_stabekisii	241244	S	25	15	40	0.00000
Staphylococcus_aureus	1280	S	87	630	717	0.00005
Staphylococcus_gallinarum	1293	S	50	4	54	0.00000
Staphylococcus_epidermidis	1282	S	40	404	444	0.00003
Staphylococcus_pseudintermedius	283734	S	28	28	56	0.00000
Staphylococcus_piscifermentans	70258	S	26	12	38	0.00000
Staphylococcus_haemolyticus	1283	S	24	27	51	0.00000
Staphylococcus_pseudoxylosus	2282419	S	24	14	38	0.00000
Staphylococcus_simiae	308354	S	18	11	29	0.00000
Staphylococcus_hominis	1290	S	18	12	30	0.00000
Staphylococcus_pettenkoferi	170573	S	17	4	21	0.00000
Staphylococcus_xylosus	1288	S	15	8	23	0.00000
Staphylococcus_lugdunensis	28035	S	13	6	19	0.00000
Staphylococcus_muscae	1294	S	11	5	16	0.00000
Staphylococcus_schleiferi	1295	S	11	22	33	0.00000
Staphylococcus_simulans	1286	S	10	4	14	0.00000
Staphylococcus_hyicus	1284	S	10	5	15	0.00000
Staphylococcus_capitis	29388	S	10	9	19	0.00000
Jeotgalicoccus_sp._ATCC_8456	946435	S	35	6	41	0.00000
Jeotgalicoccus_sp._WY2	2708346	S	20	5	25	0.00000
Jeotgalicoccus_saudimassiliensis	1461582	S	47	6	53	0.00000
Mammaliicoccus_sciuri	1296	S	78	55	133	0.00001
Mammaliicoccus_lentus	42858	S	11	8	19	0.00000
Macrococcus_brunensis	198483	S	20	7	27	0.00000
Macrococcus_canis	1855823	S	18	9	27	0.00000
Macrococcus_armenti	2875764	S	12	6	18	0.00000
Macrococcus_caseolyticus	69966	S	10	23	33	0.00000
Salinicoccus_halodurans	407035	S	53	18	71	0.00001
Nosocomiicoccus_ampullae	489910	S	20	3	23	0.00000
Abyssicoccus_albus	1817405	S	11	3	14	0.00000
Exiguobacterium_sp._N4-1P	2051906	S	48	34	82	0.00001
Exiguobacterium_sp._Helios	2735868	S	33	15	48	0.00000
Exiguobacterium_sp._AT1b	360911	S	31	42	73	0.00001
Exiguobacterium_sp._PFWT01	2829816	S	24	33	57	0.00000
Exiguobacterium_sp._MH3	1399115	S	18	23	41	0.00000
Exiguobacterium_alkaliphilum	1428684	S	209	76	285	0.00002
Exiguobacterium_mexicanum	340146	S	174	67	241	0.00002
Exiguobacterium_acetylicum	41170	S	82	125	207	0.00001
Exiguobacterium_sibiricum	332410	S	51	25	76	0.00001
Exiguobacterium_antarcticum	132920	S	46	18	64	0.00000
Listeria_monocytogenes	1639	S	57	1575	1632	0.00012
Listeria_innocua	1642	S	50	48	98	0.00001
Listeria_weihenstephanensis	1006155	S	29	7	36	0.00000
Listeria_grayi	1641	S	27	9	36	0.00000
Listeria_marthii	529731	S	24	10	34	0.00000
Listeria_sp._PSOL-1	1844999	S	17	5	22	0.00000
Listeria_ivanovii	1638	S	16	3	19	0.00000
Listeria_seeligeri	1640	S	12	5	17	0.00000
Brochothrix_thermosphacta	2756	S	21	7	28	0.00000
Sporolactobacillus_terrae	269673	S	78	12	90	0.00001
Limosilactobacillus_fermentum	1613	S	174	137	311	0.00002
Limosilactobacillus_pontis	35787	S	115	71	186	0.00001
Limosilactobacillus_mucosae	97478	S	55	21	76	0.00001
Limosilactobacillus_panis	47493	S	36	16	52	0.00000
Limosilactobacillus_reuteri	1598	S	26	24	50	0.00000
Limosilactobacillus_gastricus	227942	S	10	4	14	0.00000
Weissella_confusa	1583	S	205	89	294	0.00002
Weissella_cibaria	137591	S	43	18	61	0.00000
Weissella_soli	155866	S	17	4	21	0.00000
Lactobacillus_delbrueckii	1584	S	129	275	404	0.00003
Lactobacillus_sp._CBA3606	2099789	S	12	8	20	0.00000
Lactobacillus_amylovorus	1604	S	24	55	79	0.00001
Lactobacillus_panisapium	2012495	S	16	3	19	0.00000
Lactobacillus_amylolyticus	83683	S	13	8	21	0.00000
Lactobacillus_acetotolerans	1600	S	10	2	12	0.00000
Lactobacillus_johnsonii	33959	S	10	10	20	0.00000
Lactobacillus_iners	147802	S	10	15	25	0.00000
Levilactobacillus_zymae	267363	S	165	52	217	0.00002
Levilactobacillus_brevis	1580	S	86	30	116	0.00001
Levilactobacillus_suantsaii	2292255	S	32	11	43	0.00000
Levilactobacillus_koreensis	637971	S	31	5	36	0.00000
Lacticaseibacillus_casei	1582	S	56	23	79	0.00001
Lacticaseibacillus_rhamnosus	47715	S	42	8	50	0.00000
Lacticaseibacillus_manihotivorans	88233	S	32	10	42	0.00000
Lacticaseibacillus_zeae	57037	S	31	16	47	0.00000
Lacticaseibacillus_paracasei	1597	S	20	85	105	0.00001
Lacticaseibacillus_chiayiensis	2100821	S	19	3	22	0.00000
Lactiplantibacillus_pentosus	1589	S	54	17	71	0.00001
Lactiplantibacillus_plantarum	1590	S	45	40	85	0.00001
Lactiplantibacillus_paraplantarum	60520	S	20	6	26	0.00000
Schleiferilactobacillus_harbinensis	304207	S	131	15	146	0.00001
Ligilactobacillus_ruminis	1623	S	52	20	72	0.00001
Ligilactobacillus_animalis	1605	S	15	18	33	0.00000
Ligilactobacillus_salivarius	1624	S	11	9	20	0.00000
Ligilactobacillus_acidipiscis	89059	S	10	4	14	0.00000
Leuconostoc_lactis	1246	S	24	53	77	0.00001
Leuconostoc_mesenteroides	1245	S	10	7	17	0.00000
Lentilactobacillus_buchneri	1581	S	19	7	26	0.00000
Lentilactobacillus_hilgardii	1588	S	12	3	15	0.00000
Lentilactobacillus_parabuchneri	152331	S	12	3	15	0.00000
Pediococcus_acidilactici	1254	S	24	13	37	0.00000
Pediococcus_damnosus	51663	S	11	6	17	0.00000
Secundilactobacillus_paracollinoides	240427	S	49	18	67	0.00000
Oenococcus_kitaharae	336988	S	14	2	16	0.00000
Oenococcus_sicerae	2203724	S	10	1	11	0.00000
Latilactobacillus_sakei	1599	S	12	6	18	0.00000
Latilactobacillus_curvatus	28038	S	11	7	18	0.00000
Furfurilactobacillus_rossiae	231049	S	35	6	41	0.00000
Loigolactobacillus_coryniformis	1610	S	20	17	37	0.00000
Paucilactobacillus_hokkaidonensis	1193095	S	10	5	15	0.00000
Periweissella_cryptocerci	2506420	S	16	2	18	0.00000
Bombilactobacillus_bombi	1303590	S	12	2	14	0.00000
Amylolactobacillus_amylophilus	1603	S	11	10	21	0.00000
Acetilactobacillus_jinshanensis	1720083	S	10	0	10	0.00000
Streptococcus_sp._HKU75	2781599	S	15	4	19	0.00000
Streptococcus_equi	1336	S	38	10	48	0.00000
Streptococcus_dysgalactiae	1334	S	11	83	94	0.00001
Streptococcus_sanguinis	1305	S	44	17	61	0.00000
Streptococcus_oralis	1303	S	41	55	96	0.00001
Streptococcus_suis	1307	S	39	41	80	0.00001
Streptococcus_anginosus	1328	S	14	44	58	0.00000
Streptococcus_intermedius	1338	S	12	21	33	0.00000
Streptococcus_gordonii	1302	S	21	8	29	0.00000
Streptococcus_thermophilus	1308	S	20	575	595	0.00004
Streptococcus_ferus	1345	S	18	4	22	0.00000
Streptococcus_mutans	1309	S	17	4	21	0.00000
Streptococcus_cristatus	45634	S	17	26	43	0.00000
Streptococcus_sobrinus	1310	S	17	3	20	0.00000
Streptococcus_pyogenes	1314	S	16	29	45	0.00000
Streptococcus_respiraculi	2021971	S	16	3	19	0.00000
Streptococcus_merionis	400065	S	14	1	15	0.00000
Streptococcus_agalactiae	1311	S	12	583	595	0.00004
Streptococcus_pluranimalium	82348	S	12	6	18	0.00000
Streptococcus_porcinus	1340	S	10	5	15	0.00000
Lactococcus_garvieae	1363	S	72	80	152	0.00001
Lactococcus_raffinolactis	1366	S	24	10	34	0.00000
Lactococcus_cremoris	1359	S	20	18	38	0.00000
Lactococcus_lactis	1358	S	15	7	22	0.00000
Enterococcus_casseliflavus	37734	S	49	75	124	0.00001
Enterococcus_avium	33945	S	37	20	57	0.00000
Enterococcus_faecalis	1351	S	36	98	134	0.00001
Enterococcus_faecium	1352	S	26	790	816	0.00006
Enterococcus_mundtii	53346	S	19	12	31	0.00000
Enterococcus_raffinosus	71452	S	18	11	29	0.00000
Enterococcus_gilvus	160453	S	17	7	24	0.00000
Enterococcus_cecorum	44008	S	16	13	29	0.00000
Enterococcus_wangshanyuanii	2005703	S	14	1	15	0.00000
Enterococcus_hirae	1354	S	12	10	22	0.00000
Enterococcus_durans	53345	S	11	11	22	0.00000
Vagococcus_lutrae	81947	S	15	31	46	0.00000
Vagococcus_fluvialis	2738	S	13	13	26	0.00000
Vagococcus_coleopterorum	2714946	S	10	4	14	0.00000
Tetragenococcus_halophilus	51669	S	22	13	35	0.00000
Tetragenococcus_koreensis	290335	S	14	5	19	0.00000
Jeotgalibaca_dankookensis	708126	S	34	11	45	0.00000
Jeotgalibaca_porci	1868793	S	20	17	37	0.00000
Carnobacterium_maltaromaticum	2751	S	15	6	21	0.00000
Dolosigranulum_pigrum	29394	S	27	9	36	0.00000
Granulicatella_elegans	137732	S	10	29	39	0.00000
Marinilactibacillus_sp._15R	1911586	S	11	4	15	0.00000
Aerococcus_sanguinicola	119206	S	31	6	37	0.00000
Aerococcus_urinaeequi	51665	S	25	63	88	0.00001
Aerococcus_urinae	1376	S	14	5	19	0.00000
Ignavigranum_ruoffiae	89093	S	13	2	15	0.00000
Abiotrophia_defectiva	46125	S	12	4	16	0.00000
Thermaerobacter_sp._FW80	2546351	S	2759	599	3358	0.00024
Thermaerobacter_sp._PB12/4term	2293838	S	2044	525	2569	0.00019
Thermaerobacter_marianensis	73919	S	2261	565	2826	0.00020
Intestinimonas_butyriciproducens	1297617	S	440	188	628	0.00005
Flintibacter_sp._KGMB00164	2610895	S	295	42	337	0.00002
Aminipila_luticellarii	2507160	S	44	5	49	0.00000
Aminipila_terrae	2697030	S	39	4	43	0.00000
Aminipila_butyrica	433296	S	38	4	42	0.00000
Emergencia_timonensis	1776384	S	112	48	160	0.00001
Mogibacterium_pumilum	86332	S	15	11	26	0.00000
Massilistercora_timonensis	2086584	S	170	199	369	0.00003
Carboxydocella_thermautotrophica	178899	S	131	14	145	0.00001
Faecalibacterium_prausnitzii	853	S	1338	1446	2784	0.00020
Dysosmobacter_sp._Marseille-Q4140	2830675	S	624	291	915	0.00007
Dysosmobacter_welbionis	2093857	S	386	292	678	0.00005
Flavonifractor_plautii	292800	S	924	266	1190	0.00009
Vescimonas_coprocola	2714355	S	252	243	495	0.00004
Vescimonas_fastidiosa	2714353	S	211	368	579	0.00004
Ruthenibacterium_lactatiformans	1550024	S	431	143	574	0.00004
Ethanoligenens_harbinense	253239	S	423	172	595	0.00004
Anaerotruncus_colihominis	169435	S	367	210	577	0.00004
Oscillibacter_sp._NSJ-62	2763056	S	353	126	479	0.00003
Caproiciproducens_sp._NJN-50	2507162	S	320	43	363	0.00003
Acutalibacter_muris	1796620	S	262	15	277	0.00002
Caproicibacter_fermentans	2576756	S	219	13	232	0.00002
Ruminococcus_champanellensis	1161942	S	103	4	107	0.00001
Ruminococcus_albus	1264	S	45	1	46	0.00000
Ruminococcus_bovis	2564099	S	23	3	26	0.00000
Ruminococcus_bicirculans	1160721	S	13	2	15	0.00000
Pusillibacter_faecalis	2714358	S	181	137	318	0.00002
Caproicibacterium_amylolyticum	2766537	S	60	6	66	0.00000
Caproicibacterium_lactatifermentans	2666138	S	53	8	61	0.00000
Solibaculum_mannosilyticum	2780922	S	110	117	227	0.00002
Acetivibrio_clariflavus	288965	S	42	30	72	0.00001
Acetivibrio_saccincola	1677857	S	31	22	53	0.00000
Acetivibrio_thermocellus	1515	S	30	0	30	0.00000
Pseudoclostridium_thermosuccinogenes	84032	S	66	17	83	0.00001
Ruminiclostridium_herbifermentans	2488810	S	40	11	51	0.00000
Ruminiclostridium_cellulolyticum	1521	S	10	2	12	0.00000
Thermoclostridium_stercorarium	1510	S	39	10	49	0.00000
Mageeibacillus_indolicus	884684	S	34	50	84	0.00001
Fastidiosipila_sanguinis	236753	S	17	11	28	0.00000
Monoglobus_pectinilyticus	1981510	S	11	6	17	0.00000
Symbiobacterium_thermophilum	2734	S	2965	282	3247	0.00023
Clostridium_sp._SY8519	1042156	S	74	24	98	0.00001
Clostridium_sp._M62/1	411486	S	72	105	177	0.00001
Clostridium_sp._C5S11	704125	S	48	6	54	0.00000
Clostridium_sp._DL-VIII	641107	S	43	8	51	0.00000
Clostridium_sp._BNL1100	755731	S	33	4	37	0.00000
Clostridium_sp._AWRP	2212991	S	33	14	47	0.00000
Clostridium_sp._JN-9	2507159	S	25	4	29	0.00000
Clostridium_sp._MD294	97138	S	17	1	18	0.00000
Clostridium_sp._'deep_sea'	2779445	S	15	0	15	0.00000
Clostridium_sp._JN-1	2483110	S	14	2	16	0.00000
Clostridium_sp._C1	1155388	S	13	13	26	0.00000
Clostridium_saccharoperbutylacetonicum	36745	S	102	23	125	0.00001
Clostridium_botulinum	1491	S	78	84	162	0.00001
Clostridium_beijerinckii	1520	S	70	104	174	0.00001
Clostridium_perfringens	1502	S	62	20	82	0.00001
Clostridium_intestinale	36845	S	53	7	60	0.00000
Clostridium_kluyveri	1534	S	45	3	48	0.00000
Clostridium_pasteurianum	1501	S	43	7	50	0.00000
Clostridium_tetani	1513	S	37	12	49	0.00000
Clostridium_argentinense	29341	S	34	5	39	0.00000
Clostridium_baratii	1561	S	34	10	44	0.00000
Clostridium_thermarum	1716543	S	33	21	54	0.00000
Clostridium_cellulovorans	1493	S	33	5	38	0.00000
Clostridium_saccharobutylicum	169679	S	30	6	36	0.00000
Clostridium_fermenticellae	2068654	S	28	3	31	0.00000
Clostridium_butyricum	1492	S	26	5	31	0.00000
Clostridium_tyrobutyricum	1519	S	25	2	27	0.00000
Clostridium_sporogenes	1509	S	24	112	136	0.00001
Clostridium_formicaceticum	1497	S	24	5	29	0.00000
Clostridium_estertheticum	238834	S	22	4	26	0.00000
Clostridium_manihotivorum	2320868	S	21	2	23	0.00000
Clostridium_carboxidivorans	217159	S	21	5	26	0.00000
Clostridium_cadaveris	1529	S	20	5	25	0.00000
Clostridium_aceticum	84022	S	18	2	20	0.00000
Clostridium_isatidis	182773	S	17	8	25	0.00000
Clostridium_scatologenes	1548	S	13	10	23	0.00000
Clostridium_taeniosporum	394958	S	12	2	14	0.00000
Clostridium_chauvoei	46867	S	11	3	14	0.00000
Clostridium_septicum	1504	S	11	3	14	0.00000
Clostridium_diolis	223919	S	11	109	120	0.00001
Clostridium_gasigenes	94869	S	10	2	12	0.00000
Clostridium_drakei	332101	S	10	6	16	0.00000
Hungatella_hathewayi	154046	S	148	6	154	0.00001
Alkaliphilus_sp._B6464	2731219	S	46	14	60	0.00000
Alkaliphilus_oremlandii	461876	S	36	11	47	0.00000
Alkaliphilus_metalliredigens	208226	S	18	4	22	0.00000
Crassaminicella_thermophila	2599308	S	24	11	35	0.00000
Crassaminicella_profunda	1286698	S	23	7	30	0.00000
Geosporobacter_ferrireducens	1424294	S	52	10	62	0.00000
Paraclostridium_bifermentans	1490	S	37	12	49	0.00000
Caloramator_sp._E03	2576307	S	34	3	37	0.00000
Serpentinicella_alkaliphila	1734049	S	11	2	13	0.00000
Hathewaya_histolytica	1498	S	10	4	14	0.00000
[Clostridium]_scindens	29347	S	132	61	193	0.00001
[Clostridium]_hylemonae	89153	S	130	41	171	0.00001
Lachnoclostridium_phocaeense	1871021	S	117	115	232	0.00002
Lachnoclostridium_sp._YL32	1834196	S	21	29	50	0.00000
Lachnoclostridium_phytofermentans	66219	S	10	0	10	0.00000
Blautia_sp._NBRC_113351	2877527	S	58	71	129	0.00001
Blautia_sp._SC05B48	2479767	S	14	39	53	0.00000
Blautia_producta	33035	S	69	14	83	0.00001
Blautia_pseudococcoides	1796616	S	49	7	56	0.00000
Blautia_liquoris	2779518	S	22	1	23	0.00000
Blautia_obeum	40520	S	17	17	34	0.00000
Blautia_massiliensis	1737424	S	15	31	46	0.00000
Blautia_argi	1912897	S	14	14	28	0.00000
Lachnospiraceae_bacterium_NSJ-29	2763667	S	105	35	140	0.00001
Lachnospiraceae_bacterium_NSJ-38	2763669	S	75	33	108	0.00001
Lachnospiraceae_bacterium_sunii_NSJ-8	2763672	S	60	51	111	0.00001
Lachnospiraceae_bacterium_NSJ-4	2763670	S	29	32	61	0.00000
Anaerocolumna_cellulosilytica	433286	S	116	5	121	0.00001
Anaerocolumna_sedimenticola	2696063	S	66	4	70	0.00001
Anaerocolumna_chitinilytica	1727145	S	44	1	45	0.00000
Roseburia_hominis	301301	S	101	120	221	0.00002
Roseburia_intestinalis	166486	S	29	35	64	0.00000
Enterocloster_bolteae	208479	S	124	41	165	0.00001
Enterocloster_clostridioformis	1531	S	20	54	74	0.00001
Coprococcus_comes	410072	S	60	71	131	0.00001
Coprococcus_catus	116085	S	22	13	35	0.00000
Coprococcus_eutactus	33043	S	14	18	32	0.00000
Anaerostipes_caccae	105841	S	50	14	64	0.00000
Anaerostipes_rhamnosivorans	1229621	S	42	22	64	0.00000
Lacrimispora_sphenoides	29370	S	53	4	57	0.00000
Lacrimispora_saccharolytica	84030	S	45	7	52	0.00000
Butyrivibrio_fibrisolvens	831	S	35	9	44	0.00000
Butyrivibrio_proteoclasticus	43305	S	11	1	12	0.00000
Butyrivibrio_hungatei	185008	S	11	1	12	0.00000
[Ruminococcus]_gnavus	33038	S	37	27	64	0.00000
[Ruminococcus]_torques	33039	S	22	20	42	0.00000
Anaerotignum_propionicum	28446	S	53	5	58	0.00000
Sellimonas_intestinalis	1653434	S	44	27	71	0.00001
Novisyntrophococcus_fermenticellae	2068655	S	28	4	32	0.00000
[Clostridium]_colinum	36835	S	21	2	23	0.00000
Anaerobutyricum_hallii	39488	S	20	7	27	0.00000
Herbinix_luporum	1679721	S	19	14	33	0.00000
Dorea_longicatena	88431	S	16	16	32	0.00000
Faecalicatena_sp._Marseille-Q4148	2823316	S	10	5	15	0.00000
Pseudobutyrivibrio_xylanivorans	185007	S	10	0	10	0.00000
Candidatus_Desulforudis_audaxviator	471827	S	821	52	873	0.00006
Desulforamulus_ruminis	1564	S	110	21	131	0.00001
Desulforamulus_ferrireducens	1833852	S	93	68	161	0.00001
Desulforamulus_reducens	59610	S	34	9	43	0.00000
Candidatus_Formimonas_warabiya	1761012	S	195	20	215	0.00002
Acididesulfobacillus_acetoxydans	1561005	S	187	8	195	0.00001
Thermanaerosceptrum_fracticalcis	1712410	S	75	13	88	0.00001
Desulfofarcimen_acetoxidans	58138	S	70	10	80	0.00001
Dehalobacterium_formicoaceticum	51515	S	55	13	68	0.00000
Christensenella_sp._Marseille-P3954	2086585	S	675	364	1039	0.00008
Christensenella_minuta	626937	S	178	56	234	0.00002
Heliomicrobium_modesticaldum	35701	S	717	376	1093	0.00008
Heliorestis_convoluta	356322	S	27	1	28	0.00000
Eubacterium_limosum	1736	S	98	108	206	0.00001
Eubacterium_sp._c-25	2841037	S	21	12	33	0.00000
Eubacterium_sp._MSJ-33	2841528	S	16	11	27	0.00000
Eubacterium_sp._NSJ-61	2764325	S	11	18	29	0.00000
Eubacterium_callanderi	53442	S	39	33	72	0.00001
Eubacterium_maltosivorans	2041044	S	21	97	118	0.00001
Acetobacterium_sp._KB-1	2184575	S	85	25	110	0.00001
Acetobacterium_wieringae	52694	S	57	32	89	0.00001
Acetobacterium_woodii	33952	S	29	6	35	0.00000
Alkalibacter_sp._ES005	2815577	S	84	6	90	0.00001
Desulfosporosinus_youngiae	339862	S	74	22	96	0.00001
Desulfosporosinus_orientis	1563	S	60	12	72	0.00001
Desulfosporosinus_meridiei	79209	S	38	13	51	0.00000
Desulfosporosinus_acidiphilus	885581	S	38	7	45	0.00000
Desulfitobacterium_hafniense	49338	S	92	20	112	0.00001
Desulfitobacterium_dichloroeliminans	233055	S	42	41	83	0.00001
Desulfitobacterium_metallireducens	142877	S	37	9	46	0.00000
Desulfitobacterium_dehalogenans	36854	S	28	6	34	0.00000
Dehalobacter_restrictus	55583	S	45	74	119	0.00001
Syntrophobotulus_glycolicus	51197	S	62	4	66	0.00000
Syntrophothermus_lipocalidus	86170	S	136	9	145	0.00001
Syntrophomonas_wolfei	863	S	71	7	78	0.00001
Candidatus_Contubernalis_alkalaceticum	338645	S	43	2	45	0.00000
Candidatus_Syntrophocurvum_alkaliphilum	2293317	S	18	2	20	0.00000
Peptoclostridium_acidaminophilum	1731	S	53	10	63	0.00000
Clostridioides_difficile	1496	S	30	36	66	0.00000
Terrisporobacter_sp._MCA3	2813371	S	32	12	44	0.00000
Filifactor_alocis	143361	S	31	48	79	0.00001
Romboutsia_sp._CE17	2724150	S	10	11	21	0.00000
Acetoanaerobium_sticklandii	1511	S	19	2	21	0.00000
Tepidibacter_sp._8C15b	2925782	S	19	5	24	0.00000
Desulfoscipio_gibsoniae	102134	S	188	17	205	0.00001
Thermincola_potens	863643	S	116	11	127	0.00001
Desulfotomaculum_nigrificans	1565	S	75	35	110	0.00001
Caloranaerobacter_azorensis	116090	S	49	7	56	0.00000
Vallitalea_pronyensis	1348613	S	16	2	18	0.00000
Vallitalea_guaymasensis	1185412	S	10	2	12	0.00000
Petrocella_atlantisensis	2173034	S	16	2	18	0.00000
Alkalicella_caledoniensis	2731377	S	30	4	34	0.00000
Moorella_sp._Hama-1	2138101	S	408	97	505	0.00004
Moorella_thermoacetica	1525	S	343	67	410	0.00003
Moorella_glycerini	55779	S	312	34	346	0.00003
Ammonifex_degensii	42838	S	438	17	455	0.00003
Gelria_sp._Kuro-4	2796927	S	980	79	1059	0.00008
Thermacetogenium_phaeum	85874	S	417	407	824	0.00006
Carboxydothermus_hydrogenoformans	129958	S	118	11	129	0.00001
Thermanaeromonas_toyohensis	161154	S	107	3	110	0.00001
Thermoanaerobacter_mathranii	583357	S	22	55	77	0.00001
Thermoanaerobacter_kivui	2325	S	12	12	24	0.00000
Caldanaerobacter_subterraneus	911092	S	37	56	93	0.00001
Caldicellulosiruptor_changbaiensis	1222016	S	12	34	46	0.00000
Caldicellulosiruptor_acetigenus	301953	S	11	14	25	0.00000
Thermoanaerobacterium_thermosaccharolyticum	1517	S	16	44	60	0.00000
Mahella_australiensis	252966	S	119	65	184	0.00001
Zhaonella_formicivorans	2528593	S	74	12	86	0.00001
Thermodesulfobium_acidiphilum	1794699	S	12	21	33	0.00000
Iocasia_fonsfrigidae	2682810	S	89	4	93	0.00001
Halothermothrix_orenii	31909	S	69	5	74	0.00001
Halanaerobium_praevalens	2331	S	18	17	35	0.00000
Halobacteroides_halobius	42422	S	51	7	58	0.00000
Acetohalobium_arabaticum	28187	S	44	4	48	0.00000
Anoxybacter_fermentans	1323375	S	74	13	87	0.00001
Thermosediminibacter_oceani	291990	S	149	16	165	0.00001
Biomaibacter_acetigenes	2316383	S	71	5	76	0.00001
Tepidanaerobacter_acetatoxydans	499229	S	28	1	29	0.00000
Natranaerofaba_carboxydovora	2742683	S	79	4	83	0.00001
Natranaerobius_thermophilus	375929	S	42	7	49	0.00000
Koleobacter_methoxysyntrophicus	2751313	S	110	11	121	0.00001
Selenomonas_sp._oral_taxon_126	712528	S	440	111	551	0.00004
Selenomonas_sp._oral_taxon_920	1884263	S	303	68	371	0.00003
Selenomonas_sp._oral_taxon_136	713030	S	148	242	390	0.00003
Selenomonas_sp._oral_taxon_478	712538	S	86	149	235	0.00002
Selenomonas_sputigena	69823	S	800	67	867	0.00006
Selenomonas_timonae	2754044	S	328	139	467	0.00003
Selenomonas_ruminantium	971	S	161	15	176	0.00001
Megamonas_hypermegale	158847	S	10	68	78	0.00001
Pectinatus_frisingensis	865	S	21	1	22	0.00000
Sporomusa_termitida	2377	S	171	21	192	0.00001
Methylomusa_anaerophila	1930071	S	107	7	114	0.00001
Pelosinus_sp._UFO1	484770	S	40	12	52	0.00000
Pelosinus_fermentans	365349	S	39	7	46	0.00000
Megasphaera_elsdenii	907	S	259	117	376	0.00003
Megasphaera_stantonii	2144175	S	228	136	364	0.00003
Megasphaera_massiliensis	1232428	S	133	49	182	0.00001
Dialister_pneumosintes	39950	S	12	89	101	0.00001
Veillonella_rodentium	248315	S	19	7	26	0.00000
Veillonella_parvula	29466	S	16	14	30	0.00000
Acidaminococcus_fermentans	905	S	198	28	226	0.00002
Acidaminococcus_intestini	187327	S	72	11	83	0.00001
Phascolarctobacterium_faecium	33025	S	53	4	57	0.00000
Phascolarctobacterium_succinatutens	626940	S	31	68	99	0.00001
Phascolarctobacterium_sp._Marseille-Q4147	2823317	S	29	18	47	0.00000
Limnochorda_pilosa	1555112	S	3255	146	3401	0.00025
Peptoniphilus_ivorii	54006	S	110	30	140	0.00001
Peptoniphilus_harei	54005	S	13	14	27	0.00000
Murdochiella_vaginalis	1852373	S	73	78	151	0.00001
Anaerococcus_mediterraneensis	1870984	S	28	53	81	0.00001
Anaerococcus_prevotii	33034	S	10	9	19	0.00000
Parvimonas_micra	33033	S	23	43	66	0.00000
Finegoldia_magna	1260	S	19	18	37	0.00000
Miniphocaeibacter_halophilus	2931922	S	12	1	13	0.00000
Tissierella_sp._JN-28	2507161	S	44	10	54	0.00000
Schnuerera_ultunensis	45497	S	26	4	30	0.00000
Gudongella_oleilytica	1582259	S	22	5	27	0.00000
Keratinibaculum_paraultunense	1278232	S	17	7	24	0.00000
Gottschalkia_acidurici	1556	S	78	9	87	0.00001
Ezakiella_coagulans	46507	S	44	121	165	0.00001
Ezakiella_massiliensis	1852374	S	26	15	41	0.00000
Sedimentibacter_sp._zth1	2816908	S	22	2	24	0.00000
Faecalibaculum_rodentium	1702221	S	132	43	175	0.00001
Allobaculum_sp._Allo2	2853432	S	75	18	93	0.00001
Allobaculum_mucolyticum	2834459	S	48	14	62	0.00000
Erysipelothrix_larvae	1514105	S	29	13	42	0.00000
[Clostridium]_innocuum	1522	S	59	57	116	0.00001
Bulleidia_sp._zg-1006	2806552	S	19	7	26	0.00000
Faecalitalea_cylindroides	39483	S	17	39	56	0.00000
Intestinibaculum_porci	2487118	S	14	6	20	0.00000
Longicatena_caecimuris	1796635	S	11	23	34	0.00000
Turicibacter_sp._H121	1712675	S	10	17	27	0.00000
Ndongobacter_massiliensis	1871025	S	106	95	201	0.00001
endosymbiont_'TC1'_of_Trimyema_compressum	243899	S	79	5	84	0.00001
Deinococcus_sp._NW-56	2080419	S	1355	184	1539	0.00011
Deinococcus_sp._TS-293	2737050	S	1193	122	1315	0.00010
Deinococcus_sp._KNUC1210	2917691	S	970	41	1011	0.00007
Deinococcus_sp._AJ005	2652443	S	744	60	804	0.00006
Deinococcus_sp._QL22	2939437	S	502	39	541	0.00004
Deinococcus_maricopensis	309887	S	1701	161	1862	0.00013
Deinococcus_metallilatus	1211322	S	1675	193	1868	0.00013
Deinococcus_ficus	317577	S	1635	157	1792	0.00013
Deinococcus_gobiensis	502394	S	1605	220	1825	0.00013
Deinococcus_actinosclerus	1768108	S	1514	874	2388	0.00017
Deinococcus_irradiatisoli	2202254	S	1232	116	1348	0.00010
Deinococcus_peraridilitoris	432329	S	1116	59	1175	0.00008
Deinococcus_radiopugnans	57497	S	1075	133	1208	0.00009
Deinococcus_wulumuqiensis	980427	S	1044	370	1414	0.00010
Deinococcus_geothermalis	68909	S	805	124	929	0.00007
Deinococcus_radiodurans	1299	S	764	1703	2467	0.00018
Deinococcus_proteolyticus	55148	S	648	136	784	0.00006
Deinococcus_soli_(ex_Cha_et_al._2016)	1309411	S	636	567	1203	0.00009
Deinococcus_deserti	310783	S	581	42	623	0.00005
Deinococcus_psychrotolerans	2489213	S	549	16	565	0.00004
Deinococcus_radiophilus	32062	S	326	64	390	0.00003
Deinococcus_puniceus	1182568	S	259	38	297	0.00002
Thermus_thermophilus	274	S	1060	1264	2324	0.00017
Thermus_sp._CCB_US3_UF1	1111069	S	466	69	535	0.00004
Thermus_sp._NEB1569	2918899	S	117	202	319	0.00002
Thermus_aquaticus	271	S	572	84	656	0.00005
Thermus_oshimai	56957	S	536	103	639	0.00005
Thermus_brockianus	56956	S	472	92	564	0.00004
Thermus_caldilimi	2483360	S	267	65	332	0.00002
Thermus_scotoductus	37636	S	100	144	244	0.00002
Thermus_parvatiensis	456163	S	70	320	390	0.00003
Meiothermus_silvanus	52022	S	885	151	1036	0.00007
Meiothermus_taiwanensis	172827	S	716	272	988	0.00007
Meiothermus_ruber	277	S	627	251	878	0.00006
Oceanithermus_profundus	187137	S	2697	317	3014	0.00022
Marinithermus_hydrothermalis	186192	S	1688	317	2005	0.00014
Truepera_radiovictrix	332249	S	2236	134	2370	0.00017
Sphaerobacter_thermophilus	2057	S	9400	677	10077	0.00073
Thermomicrobium_roseum	500	S	1942	49	1991	0.00014
Roseiflexus_sp._RS-1	357808	S	2193	476	2669	0.00019
Roseiflexus_castenholzii	120962	S	2098	474	2572	0.00019
Chloroflexus_aurantiacus	1108	S	811	122	933	0.00007
Chloroflexus_aggregans	152260	S	700	154	854	0.00006
Tepidiforma_bonchosmolovskayae	2601677	S	5444	259	5703	0.00041
Candidatus_Promineofilum_breve	1806508	S	4916	111	5027	0.00036
Anaerolinea_thermophila	167964	S	1400	155	1555	0.00011
Pelolinea_submarina	913107	S	1063	54	1117	0.00008
Brevefilum_fermentans	1986204	S	403	16	419	0.00003
Caldilinea_aerophila	133453	S	2340	183	2523	0.00018
Dehalogenimonas_formicexedens	1839801	S	497	156	653	0.00005
Dehalogenimonas_sp._GP	1536648	S	298	93	391	0.00003
Dehalococcoides_mccartyi	61435	S	119	308	427	0.00003
Phototrophicus_methaneseepsis	2710758	S	1055	13	1068	0.00008
Ktedonosporobacter_rubrisoli	2509675	S	1043	38	1081	0.00008
Thermobaculum_terrenum	166501	S	960	160	1120	0.00008
Synechococcus_sp._CBW1004	1353136	S	933	233	1166	0.00008
Synechococcus_sp._RSCCF101	2511069	S	775	181	956	0.00007
Synechococcus_sp._CBW1107	2789857	S	698	131	829	0.00006
Synechococcus_sp._CBW1108	1353147	S	480	64	544	0.00004
Synechococcus_sp._JA-3-3Ab	321327	S	477	112	589	0.00004
Synechococcus_sp._SynAce01	1916956	S	446	48	494	0.00004
Synechococcus_sp._CB0101	232348	S	424	91	515	0.00004
Synechococcus_sp._NB0720_10	2907159	S	359	92	451	0.00003
Synechococcus_sp._JA-2-3B'a(2-13)	321332	S	322	68	390	0.00003
Synechococcus_sp._LTW-R	2751170	S	292	69	361	0.00003
Synechococcus_sp._RS9909	221352	S	292	101	393	0.00003
Synechococcus_sp._LA31	2741953	S	283	61	344	0.00002
Synechococcus_sp._WH_8101	59932	S	241	78	319	0.00002
Synechococcus_sp._PCC_7336	195250	S	240	8	248	0.00002
Synechococcus_sp._A10-1-5-1	2936507	S	216	48	264	0.00002
Synechococcus_sp._HK01-R	2751171	S	192	31	223	0.00002
Synechococcus_sp._KORDI-100	1280380	S	189	13	202	0.00001
Synechococcus_sp._Minos11	221341	S	161	11	172	0.00001
Synechococcus_sp._NOUM97013	1442555	S	148	22	170	0.00001
Synechococcus_sp._PROS-U-1	1400866	S	142	24	166	0.00001
Synechococcus_sp._KORDI-52	585425	S	123	36	159	0.00001
Synechococcus_sp._BIOS-E4-1	1400864	S	106	10	116	0.00001
Synechococcus_sp._BMK-MC-1	1442551	S	106	39	145	0.00001
Synechococcus_sp._MEDNS5	1442554	S	100	31	131	0.00001
Synechococcus_sp._KORDI-49	585423	S	95	85	180	0.00001
Synechococcus_sp._A15-127	1050624	S	93	83	176	0.00001
Synechococcus_sp._MIT_S9220	166309	S	85	12	97	0.00001
Synechococcus_sp._A15-62	1050657	S	80	51	131	0.00001
Synechococcus_sp._CBW1006	1353138	S	80	528	608	0.00004
Synechococcus_sp._PROS-7-1	1442556	S	71	29	100	0.00001
Synechococcus_sp._CC9902	316279	S	66	6	72	0.00001
Synechococcus_sp._CBW1002	1353134	S	65	488	553	0.00004
Synechococcus_sp._A15-44	1050646	S	64	101	165	0.00001
Synechococcus_sp._PCC_6312	195253	S	64	3	67	0.00000
Synechococcus_sp._WH_8109	166314	S	62	42	104	0.00001
Synechococcus_sp._NIES-970	1827144	S	61	11	72	0.00001
Synechococcus_sp._WH_8020	32052	S	57	10	67	0.00000
Synechococcus_sp._PCC_7003	374981	S	57	16	73	0.00001
Synechococcus_sp._TAK9802	1442558	S	55	118	173	0.00001
Synechococcus_sp._ROS8604	1442557	S	51	12	63	0.00000
Synechococcus_sp._BIOS-U3-1	1400865	S	50	5	55	0.00000
Synechococcus_sp._RS9902	221345	S	42	76	118	0.00001
Synechococcus_sp._RS9907	221350	S	39	80	119	0.00001
Synechococcus_sp._M16.1	1442553	S	36	95	131	0.00001
Synechococcus_sp._PCC_7502	1173263	S	35	2	37	0.00000
Synechococcus_sp._CC9311	64471	S	31	7	38	0.00000
Synechococcus_sp._SYN20	1050714	S	29	38	67	0.00000
Synechococcus_sp._PROS-9-1	1968775	S	25	5	30	0.00000
Synechococcus_sp._A18-25c	1866938	S	24	155	179	0.00001
Synechococcus_sp._A15-60	1050655	S	22	137	159	0.00001
Synechococcus_sp._PCC_11901	2579791	S	14	59	73	0.00001
Synechococcus_sp._MVIR-18-1	1386941	S	13	20	33	0.00000
Synechococcus_sp._PCC_73109	374982	S	12	48	60	0.00000
Synechococcus_sp._PCC_7117	195498	S	10	42	52	0.00000
Synechococcus_elongatus	32046	S	351	15	366	0.00003
Dactylococcopsis_salina	292566	S	38	15	53	0.00000
Cyanobium_sp._NIES-981	1851505	S	837	259	1096	0.00008
Cyanobium_sp._NS01	261284	S	704	242	946	0.00007
Cyanobium_gracile	59930	S	1058	215	1273	0.00009
Parasynechococcus_marenigrum	2881428	S	203	60	263	0.00002
Prochlorococcus_marinus	1219	S	114	14	128	0.00001
Acaryochloris_marina	155978	S	78	24	102	0.00001
Acaryochloris_sp._'Moss_Beach'	2740837	S	37	54	91	0.00001
Synechocystis_sp._PCC_6714	1147	S	43	15	58	0.00000
Synechocystis_sp._CACIAM_05	1933929	S	10	70	80	0.00001
Chamaesiphon_minutus	1173032	S	141	8	149	0.00001
Nostoc_sp._UHCC_0702	2814655	S	177	35	212	0.00002
Nostoc_sp._NIES-4103	2005458	S	171	36	207	0.00001
Nostoc_sp._C052	2576902	S	107	27	134	0.00001
Nostoc_sp._TCL26-01	2576904	S	77	11	88	0.00001
Nostoc_sp._ATCC_53789	76335	S	72	103	175	0.00001
Nostoc_sp._MS1	2764711	S	72	21	93	0.00001
Nostoc_sp._PCC_7524	28072	S	69	14	83	0.00001
Nostoc_sp._UHCC_0870	2914041	S	63	21	84	0.00001
Nostoc_sp._CENA543	1869241	S	62	9	71	0.00001
Nostoc_sp._'Lobaria_pulmonaria_(5183)_cyanobiont'	1618022	S	61	13	74	0.00001
Nostoc_sp._'Peltigera_membranacea_cyanobiont'_N6	1261031	S	61	18	79	0.00001
Nostoc_sp._PCC_7107	317936	S	47	24	71	0.00001
Nostoc_sp._NIES-2111	1973475	S	45	95	140	0.00001
Nostoc_sp._C057	2576903	S	43	64	107	0.00001
Nostoc_sp._TCL240-02	2572090	S	38	20	58	0.00000
Nostoc_sp._NIES-3756	1751286	S	14	34	48	0.00000
Nostoc_linckia	92942	S	102	23	125	0.00001
Nostoc_flagelliforme	1306274	S	96	37	133	0.00001
Nostoc_edaphicum	264686	S	86	25	111	0.00001
Nostoc_sphaeroides	446679	S	86	51	137	0.00001
Nostoc_punctiforme	272131	S	81	60	141	0.00001
Nostoc_piscinale	224012	S	66	32	98	0.00001
Nostoc_commune	1178	S	61	20	81	0.00001
Anabaena_sp._WA102	1647413	S	58	112	170	0.00001
Anabaena_sp._90	46234	S	30	250	280	0.00002
Anabaena_cylindrica	1165	S	66	20	86	0.00001
Cylindrospermum_stagnale	142864	S	106	37	143	0.00001
Trichormus_azollae	1164	S	59	11	70	0.00001
Richelia_sinica	1357545	S	37	7	44	0.00000
Calothrix_sp._NIES-3974	2005462	S	161	13	174	0.00001
Calothrix_sp._NIES-2100	1954172	S	138	82	220	0.00002
Calothrix_sp._PCC_7716	2853227	S	112	67	179	0.00001
Calothrix_sp._PCC_7507	99598	S	108	23	131	0.00001
Calothrix_sp._NIES-2098	1954171	S	91	50	141	0.00001
Calothrix_sp._PCC_6303	1170562	S	64	17	81	0.00001
Calothrix_sp._336/3	1337936	S	52	13	65	0.00000
Calothrix_brevissima	938406	S	133	58	191	0.00001
Calothrix_parasitica	1973486	S	100	5	105	0.00001
Scytonema_sp._NIES-4073	2005464	S	474	145	619	0.00004
Scytonema_sp._HK-05	1137095	S	299	73	372	0.00003
Brasilonema_sennae	1397703	S	130	12	142	0.00001
Sphaerospermopsis_torques-reginae	984207	S	99	38	137	0.00001
Sphaerospermopsis_kisseleviana	289435	S	90	38	128	0.00001
Nodularia_sphaerocarpa	137816	S	63	16	79	0.00001
Nodularia_spumigena	70799	S	61	28	89	0.00001
Dolichospermum_compactum	136073	S	48	65	113	0.00001
Dolichospermum_flos-aquae	1166	S	22	191	213	0.00002
Dolichospermum_sp._UHCC_0315A	1914871	S	16	117	133	0.00001
Anabaenopsis_circularis	109266	S	40	24	64	0.00000
Anabaenopsis_elenkinii	156213	S	19	3	22	0.00000
Tolypothrix_sp._PCC_7910	2099387	S	118	36	154	0.00001
Tolypothrix_tenuis	457083	S	69	29	98	0.00001
Fischerella_sp._NIES-4106	2005456	S	67	9	76	0.00001
Fischerella_sp._NIES-3754	1752063	S	66	15	81	0.00001
Rivularia_sp._PCC_7116	373994	S	41	2	43	0.00000
Gloeobacter_kilaueensis	1416614	S	1136	33	1169	0.00008
Gloeobacter_morelensis	2907343	S	939	407	1346	0.00010
Gloeobacter_violaceus	33072	S	895	426	1321	0.00010
Anthocerotibacter_panamensis	2857077	S	355	10	365	0.00003
Leptolyngbya_sp._7M	2812896	S	1227	89	1316	0.00010
Leptolyngbya_sp._BL0902	1115757	S	409	26	435	0.00003
Leptolyngbya_sp._NIES-3755	1752064	S	78	8	86	0.00001
Leptolyngbya_sp._PCC_7376	111781	S	32	2	34	0.00000
Leptolyngbya_boryana	1184	S	75	0	75	0.00001
Kovacikia_minuta	2931930	S	347	34	381	0.00003
Leptothermofonsia_sichuanensis	2917832	S	180	17	197	0.00001
Leptodesmis_sichuanensis	2906798	S	169	19	188	0.00001
Thermoleptolyngbya_sp._PKUAC-SCTB121	2811482	S	59	497	556	0.00004
Thermosynechococcus_sp._NK55a	1394889	S	56	29	85	0.00001
Thermosynechococcus_sp._CL-1	2583530	S	27	27	54	0.00000
Thermosynechococcus_sp._TA-1	2813673	S	23	22	45	0.00000
Thermosynechococcus_vestitus	146786	S	99	42	141	0.00001
Halomicronema_hongdechloris	1209493	S	265	11	276	0.00002
Pseudanabaena_sp._PCC_7367	82654	S	84	3	87	0.00001
Pseudanabaena_sp._ABRG5-3	685565	S	51	3	54	0.00000
Geitlerinema_sp._PCC_7407	1173025	S	582	90	672	0.00005
Allocoleopsis_franciscana	2886352	S	91	10	101	0.00001
Moorena_producens	1155739	S	421	11	432	0.00003
Oscillatoria_nigro-viridis	482564	S	151	79	230	0.00002
Oscillatoria_acuminata	118323	S	92	6	98	0.00001
Oxynema_aestuarii	2874213	S	282	26	308	0.00002
Microcoleus_vaginatus	119532	S	105	33	138	0.00001
Planktothrix_agardhii	1160	S	21	20	41	0.00000
Planktothrix_rubescens	59512	S	17	10	27	0.00000
[Phormidium]_sp._ETS-05	222819	S	167	10	177	0.00001
Crinalium_epipsammum	241425	S	44	6	50	0.00000
Microcystis_aeruginosa	1126	S	148	209	357	0.00003
Microcystis_sp._MC19	1967666	S	21	15	36	0.00000
Halothece_sp._PCC_7418	65093	S	68	24	92	0.00001
Euhalothece_natronophila	577489	S	17	2	19	0.00000
Gloeothece_verrucosa	2546359	S	34	6	40	0.00000
Gloeothece_citriformis	2546356	S	31	6	37	0.00000
Crocosphaera_subtropica	2546360	S	47	3	50	0.00000
Rippkaea_orientalis	2546366	S	36	3	39	0.00000
Candidatus_Atelocyanobacterium_thalassa	713887	S	11	1	12	0.00000
Geminocystis_herdmanii	669359	S	39	12	51	0.00000
Geminocystis_sp._NIES-3709	1617448	S	17	4	21	0.00000
Geminocystis_sp._NIES-3708	1615909	S	14	4	18	0.00000
Gloeocapsa_sp._PCC_7428	1173026	S	79	9	88	0.00001
Chondrocystis_sp._NIES-4102	2005460	S	38	5	43	0.00000
Cyanobacterium_aponinum	379064	S	33	9	42	0.00000
Chroococcidiopsis_sp._CCMEE_29	155894	S	296	53	349	0.00003
Chroococcidiopsis_sp._CCNUC1	2653189	S	41	42	83	0.00001
Chroococcidiopsis_thermalis	54299	S	112	127	239	0.00002
Pleurocapsa_sp._PCC_7327	118163	S	112	13	125	0.00001
Stanieria_cyanosphaera	102116	S	35	10	45	0.00000
Stanieria_sp._NIES-3757	1807358	S	16	11	27	0.00000
Gloeomargarita_lithophora	1188228	S	94	3	97	0.00001
Thermostichus_lividus	33070	S	63	9	72	0.00001
cyanobacterium_endosymbiont_of_Epithemia_turgida	718217	S	15	6	21	0.00000
Fimbriimonas_ginsengisoli	1005039	S	2079	12	2091	0.00015
Chthonomonas_calidirosea	454171	S	573	5	578	0.00004
Mycoplasma_sp._SG1	2810348	S	22	2	24	0.00000
Mycoplasma_genitalium	2097	S	10	0	10	0.00000
Candidatus_Hepatoplasma_crinochetorum	295596	S	13	128	141	0.00001
Alteracholeplasma_palmae	38986	S	18	12	30	0.00000
Paracholeplasma_brassicae	61635	S	12	7	19	0.00000
Haploplasma_axanthum	29552	S	11	16	27	0.00000
Candidatus_Izimaplasma_sp._HR1	1541959	S	12	8	20	0.00000
Bradyrhizobium_sp._200	2782665	S	6003	1335	7338	0.00053
Bradyrhizobium_sp._170	2782641	S	5579	1428	7007	0.00051
Bradyrhizobium_sp._CCBAU_51753	1325100	S	5087	1139	6226	0.00045
Bradyrhizobium_sp._CCBAU_051011	858422	S	5041	993	6034	0.00044
Bradyrhizobium_sp._BTAi1	288000	S	4603	859	5462	0.00039
Bradyrhizobium_sp._ORS_278	114615	S	4598	1068	5666	0.00041
Bradyrhizobium_sp._A19	2898149	S	4370	782	5152	0.00037
Bradyrhizobium_sp._ORS_285	115808	S	4291	983	5274	0.00038
Bradyrhizobium_sp._SK17	2057741	S	3643	1230	4873	0.00035
Bradyrhizobium_sp._186	2782654	S	3528	947	4475	0.00032
Bradyrhizobium_sp._CCBAU_53421	1325120	S	2980	953	3933	0.00028
Bradyrhizobium_sp._CCBAU_53338	1325111	S	2527	1070	3597	0.00026
Bradyrhizobium_sp._1(2017)	1404888	S	2510	798	3308	0.00024
Bradyrhizobium_sp._CCBAU_53340	1325112	S	2382	956	3338	0.00024
Bradyrhizobium_sp._195	2782662	S	2379	859	3238	0.00023
Bradyrhizobium_sp._CCBAU_53351	1325114	S	2284	1189	3473	0.00025
Bradyrhizobium_sp._CCGE-LA001	1223566	S	2145	821	2966	0.00021
Bradyrhizobium_sp._6(2017)	1197460	S	2021	1026	3047	0.00022
Bradyrhizobium_sp._S2-11-2	2840472	S	2003	1477	3480	0.00025
Bradyrhizobium_sp._CCBAU_51765	1325102	S	1920	1710	3630	0.00026
Bradyrhizobium_sp._191	2782659	S	1803	1719	3522	0.00025
Bradyrhizobium_sp._I71	2590772	S	1790	1519	3309	0.00024
Bradyrhizobium_sp._41S5	1404443	S	1695	1185	2880	0.00021
Bradyrhizobium_sp._S2-20-1	2840469	S	1633	1276	2909	0.00021
Bradyrhizobium_sp._S2-11-4	2840473	S	1585	1361	2946	0.00021
Bradyrhizobium_sp._C-145	574727	S	1020	1053	2073	0.00015
Bradyrhizobium_sp.	376	S	819	2801	3620	0.00026
Bradyrhizobium_sp._144S4	2823807	S	700	1763	2463	0.00018
Bradyrhizobium_sp._40	2782674	S	638	1384	2022	0.00015
Bradyrhizobium_sp._323S2	1404649	S	600	1546	2146	0.00016
Bradyrhizobium_sp._4	2782678	S	592	1436	2028	0.00015
Bradyrhizobium_sp._192	2782660	S	513	1274	1787	0.00013
Bradyrhizobium_sp._LCT2	2493093	S	368	1075	1443	0.00010
Bradyrhizobium_sp._CW1	2782686	S	277	4143	4420	0.00032
Bradyrhizobium_sp._187	2782655	S	233	1129	1362	0.00010
Bradyrhizobium_sp._SG09	2599805	S	214	1561	1775	0.00013
Bradyrhizobium_sp._TM102	2599819	S	188	1307	1495	0.00011
Bradyrhizobium_sp._38S5	2819348	S	154	1819	1973	0.00014
Bradyrhizobium_sp._172	2782643	S	129	1520	1649	0.00012
Bradyrhizobium_sp._131	2782609	S	94	1486	1580	0.00011
Bradyrhizobium_sp._1S5	2816456	S	92	1000	1092	0.00008
Bradyrhizobium_sp._155	2782629	S	62	1081	1143	0.00008
Bradyrhizobium_erythrophlei	1437360	S	14088	1214	15302	0.00111
Bradyrhizobium_diazoefficiens	1355477	S	10640	21266	31906	0.00231
Bradyrhizobium_icense	1274631	S	5734	856	6590	0.00048
Bradyrhizobium_lablabi	722472	S	4786	5858	10644	0.00077
Bradyrhizobium_paxllaeri	190148	S	4714	927	5641	0.00041
Bradyrhizobium_japonicum	375	S	4191	6283	10474	0.00076
Bradyrhizobium_oligotrophicum	44255	S	4085	750	4835	0.00035
Bradyrhizobium_genosp._L	83637	S	3980	846	4826	0.00035
Bradyrhizobium_canariense	255045	S	3802	6277	10079	0.00073
Bradyrhizobium_arachidis	858423	S	3297	991	4288	0.00031
Bradyrhizobium_guangdongense	1325090	S	2791	1089	3880	0.00028
Bradyrhizobium_vignae	1549949	S	2748	678	3426	0.00025
Bradyrhizobium_genosp._B	83627	S	2617	586	3203	0.00023
Bradyrhizobium_quebecense	2748629	S	2564	1521	4085	0.00030
Bradyrhizobium_cosmicum	1404864	S	2432	829	3261	0.00024
Bradyrhizobium_guangzhouense	1325095	S	2370	944	3314	0.00024
Bradyrhizobium_guangxiense	1325115	S	2258	1029	3287	0.00024
Bradyrhizobium_septentrionale	1404411	S	2102	1344	3446	0.00025
Bradyrhizobium_daqingense	993502	S	1904	1078	2982	0.00022
Bradyrhizobium_amphicarpaeae	1404768	S	1559	679	2238	0.00016
Bradyrhizobium_betae	244734	S	1508	891	2399	0.00017
Bradyrhizobium_symbiodeficiens	1404367	S	1391	2187	3578	0.00026
Bradyrhizobium_zhanjiangense	1325107	S	1205	1262	2467	0.00018
Bradyrhizobium_elkanii	29448	S	788	3330	4118	0.00030
Bradyrhizobium_ottawaense	931866	S	533	3493	4026	0.00029
Rhodopseudomonas_palustris	1076	S	15746	5506	21252	0.00154
Rhodopseudomonas_sp._SK50-23	340268	S	2154	467	2621	0.00019
Rhodopseudomonas_boonkerdii	475937	S	2121	599	2720	0.00020
Tardiphaga_sp._37S4	1404741	S	1102	839	1941	0.00014
Tardiphaga_sp._vice154	2592814	S	79	1144	1223	0.00009
Tardiphaga_sp._vice278	2592815	S	59	1341	1400	0.00010
Tardiphaga_sp._vice304	2592817	S	38	674	712	0.00005
Tardiphaga_sp._vice352	2592816	S	18	510	528	0.00004
Tardiphaga_robiniae	943830	S	1175	798	1973	0.00014
Nitrobacter_hamburgensis	912	S	2899	519	3418	0.00025
Nitrobacter_winogradskyi	913	S	2647	466	3113	0.00023
Afipia_carboxidovorans	40137	S	2882	1279	4161	0.00030
Afipia_sp._GAS231	1882747	S	1996	1548	3544	0.00026
Variibacter_gotjawalensis	1333996	S	4631	382	5013	0.00036
Rhizobium_sp._BG4	2613770	S	2097	396	2493	0.00018
Rhizobium_sp._WYJ-E13	2849093	S	1862	234	2096	0.00015
Rhizobium_sp._NXC24	2048897	S	1675	234	1909	0.00014
Rhizobium_sp._ACO-34A	1571470	S	1499	314	1813	0.00013
Rhizobium_sp._WL3	2603277	S	1405	252	1657	0.00012
Rhizobium_sp._SL42	2806346	S	1384	247	1631	0.00012
Rhizobium_sp._AB2/73	2795216	S	1231	515	1746	0.00013
Rhizobium_sp._11515TR	2028343	S	1157	256	1413	0.00010
Rhizobium_sp._CIAT894	2020312	S	1035	426	1461	0.00011
Rhizobium_sp._NZLR1	2731096	S	983	319	1302	0.00009
Rhizobium_sp._NLR16a	2731112	S	916	378	1294	0.00009
Rhizobium_sp._NXC14	1981173	S	904	348	1252	0.00009
Rhizobium_sp._K102	2918527	S	825	523	1348	0.00010
Rhizobium_sp._C104	2917727	S	757	383	1140	0.00008
Rhizobium_sp._L51/94	2819999	S	629	720	1349	0.00010
Rhizobium_sp._007	2785056	S	546	900	1446	0.00010
Rhizobium_sp._X9	2815360	S	475	911	1386	0.00010
Rhizobium_sp._Kim5	2020311	S	274	557	831	0.00006
Rhizobium_sp._IE4771	1301032	S	264	493	757	0.00005
Rhizobium_sp._TAL182	2020313	S	214	566	780	0.00006
Rhizobium_sp._NIBRBAC000502774	2590777	S	123	333	456	0.00003
Rhizobium_sp._ZX09	2291939	S	107	426	533	0.00004
Rhizobium_sp._T136	555319	S	73	1893	1966	0.00014
Rhizobium_sp._Y9	1914541	S	71	236	307	0.00002
Rhizobium_sp._B230/85	2819994	S	68	654	722	0.00005
Rhizobium_sp._CCGE531	2364271	S	40	1272	1312	0.00009
Rhizobium_sp._N324	1703969	S	33	619	652	0.00005
Rhizobium_sp._B21/90	2819993	S	25	782	807	0.00006
Rhizobium_sp._CCGE532	2364272	S	17	1143	1160	0.00008
Rhizobium_leguminosarum	384	S	9427	11731	21158	0.00153
Rhizobium_etli	29449	S	2695	3080	5775	0.00042
Rhizobium_pseudoryzae	379684	S	2055	426	2481	0.00018
Rhizobium_gallicum	56730	S	2001	2422	4423	0.00032
Rhizobium_jaguaris	1312183	S	1801	222	2023	0.00015
Rhizobium_phaseoli	396	S	1536	2960	4496	0.00032
Rhizobium_bangladeshense	1138189	S	1423	332	1755	0.00013
Rhizobium_lentis	1138194	S	1134	340	1474	0.00011
Rhizobium_rosettiformans	1368430	S	1125	469	1594	0.00012
Rhizobium_tropici	398	S	1087	276	1363	0.00010
Rhizobium_rhizoryzae	451876	S	1063	145	1208	0.00009
Rhizobium_binae	1138190	S	1051	373	1424	0.00010
Rhizobium_daejeonense	240521	S	959	305	1264	0.00009
Rhizobium_pusense	648995	S	905	3208	4113	0.00030
Rhizobium_indicum	2583231	S	700	582	1282	0.00009
Rhizobium_acidisoli	1538158	S	573	446	1019	0.00007
Rhizobium_oryzihabitans	2267833	S	359	431	790	0.00006
Rhizobium_laguerreae	1076926	S	266	428	694	0.00005
Rhizobium_hidalgonense	1538159	S	237	511	748	0.00005
Rhizobium_ruizarguesonis	2081791	S	181	1247	1428	0.00010
Rhizobium_favelukesii	348824	S	28	877	905	0.00007
Agrobacterium_tumefaciens	358	S	17637	10455	28092	0.00203
Agrobacterium_fabrum	1176649	S	500	506	1006	0.00007
Agrobacterium_fabacearum	1183401	S	126	1028	1154	0.00008
Agrobacterium_vitis	373	S	2483	297	2780	0.00020
Agrobacterium_sp._T29	2580515	S	912	545	1457	0.00011
Agrobacterium_sp._MA01	2664893	S	285	525	810	0.00006
Agrobacterium_sp._RAC06	1842536	S	276	519	795	0.00006
Agrobacterium_sp._CGMCC_11546	2579248	S	125	193	318	0.00002
Agrobacterium_sp._S7/73	2820002	S	79	278	357	0.00003
Agrobacterium_vaccinii	2735528	S	968	125	1093	0.00008
Agrobacterium_larrymoorei	160699	S	739	126	865	0.00006
Agrobacterium_salinitolerans	1183413	S	685	206	891	0.00006
Agrobacterium_rubi	28099	S	599	158	757	0.00005
Agrobacterium_rhizogenes	359	S	484	875	1359	0.00010
Neorhizobium_galegae	399	S	6413	1754	8167	0.00059
Neorhizobium_sp._SOG26	2060726	S	1728	357	2085	0.00015
Neorhizobium_sp._NCHU2750	1825976	S	1606	333	1939	0.00014
Pseudorhizobium_flavum	1335061	S	1331	818	2149	0.00016
Pseudorhizobium_banfieldiae	1125847	S	1255	709	1964	0.00014
Sinorhizobium_meliloti	382	S	15814	8438	24252	0.00175
Sinorhizobium_fredii	380	S	8700	11246	19946	0.00144
Sinorhizobium_americanum	194963	S	2925	1079	4004	0.00029
Sinorhizobium_sp._BG8	2613773	S	2087	356	2443	0.00018
Sinorhizobium_sp._CCBAU_05631	794846	S	517	708	1225	0.00009
Sinorhizobium_medicae	110321	S	2528	331	2859	0.00021
Ensifer_adhaerens	106592	S	5636	3015	8651	0.00063
Ensifer_mexicanus	375549	S	3720	581	4301	0.00031
Ensifer_alkalisoli	1752398	S	2589	510	3099	0.00022
Ensifer_sojae	716925	S	2473	922	3395	0.00025
Ensifer_sp._PDNC004	2811423	S	1865	775	2640	0.00019
Ensifer_sp._T173	555315	S	441	1788	2229	0.00016
Shinella_sp._HZN7	879274	S	7818	6579	14397	0.00104
Shinella_sp._PSBB067	2715959	S	3003	2211	5214	0.00038
Shinella_sp._XGS7	2877941	S	1971	1938	3909	0.00028
Shinella_sp._H4-D48	2925841	S	1194	460	1654	0.00012
Shinella_zoogloeoides	352475	S	3095	4405	7500	0.00054
Shinella_oryzae	2871820	S	1615	693	2308	0.00017
Ciceribacter_thiooxidans	1969821	S	2178	444	2622	0.00019
Georhizobium_profundi	2341112	S	2176	496	2672	0.00019
Peteryoungia_desertarenae	1813451	S	731	132	863	0.00006
Liberibacter_crescens	1273132	S	28	6	34	0.00000
Candidatus_Liberibacter_asiaticus	34021	S	25	12	37	0.00000
Candidatus_Liberibacter_solanacearum	556287	S	11	3	14	0.00000
Mesorhizobium_sp._8	2584466	S	6132	1553	7685	0.00056
Mesorhizobium_sp._DCY119	2108445	S	4530	1125	5655	0.00041
Mesorhizobium_sp._Pch-S	2082387	S	3480	504	3984	0.00029
Mesorhizobium_sp._B1-1-8	2589976	S	3026	808	3834	0.00028
Mesorhizobium_sp._M3A.F.Ca.ET.080.04.2.1	2493676	S	3009	968	3977	0.00029
Mesorhizobium_sp._J8	2777475	S	2989	1025	4014	0.00029
Mesorhizobium_sp._M1B.F.Ca.ET.045.04.1.1	2493673	S	2957	1201	4158	0.00030
Mesorhizobium_sp._L-2-11	2744521	S	2927	1188	4115	0.00030
Mesorhizobium_sp._M1D.F.Ca.ET.043.01.1.1	2493669	S	2823	1797	4620	0.00033
Mesorhizobium_sp._M1E.F.Ca.ET.045.02.1.1	2493672	S	2814	1489	4303	0.00031
Mesorhizobium_sp._B2-1-1	2589974	S	2797	672	3469	0.00025
Mesorhizobium_sp._131-2-1	2744518	S	2724	1529	4253	0.00031
Mesorhizobium_sp._M1A.F.Ca.IN.022.06.1.1	2493680	S	2697	916	3613	0.00026
Mesorhizobium_sp._M9A.F.Ca.ET.002.03.1.2	2493668	S	2650	1288	3938	0.00028
Mesorhizobium_sp._B2-8-5	2589903	S	2626	924	3550	0.00026
Mesorhizobium_sp._INR15	2654248	S	2531	386	2917	0.00021
Mesorhizobium_sp._PAMC28654	2880934	S	2495	496	2991	0.00022
Mesorhizobium_sp._M4B.F.Ca.ET.058.02.1.1	2493675	S	2434	1089	3523	0.00025
Mesorhizobium_sp._M6A.T.Cr.TU.016.01.1.1	2493677	S	2343	830	3173	0.00023
Mesorhizobium_sp._B4-1-4	2589888	S	1936	495	2431	0.00018
Mesorhizobium_sp._B2-1-8	2589967	S	1821	592	2413	0.00017
Mesorhizobium_sp._L-8-10	2744523	S	1746	5932	7678	0.00055
Mesorhizobium_sp._M7D.F.Ca.US.005.01.1.1	2493678	S	1728	625	2353	0.00017
Mesorhizobium_sp._M8A.F.Ca.ET.057.01.1.1	2493679	S	1642	662	2304	0.00017
Mesorhizobium_sp._L-8-3	2744522	S	1595	5566	7161	0.00052
Mesorhizobium_sp._NZP2077	2483404	S	1532	538	2070	0.00015
Mesorhizobium_sp._AA22	1854057	S	1529	1016	2545	0.00018
Mesorhizobium_sp._M2A.F.Ca.ET.043.05.1.1	2493671	S	1519	1381	2900	0.00021
Mesorhizobium_sp._M7A.F.Ce.TU.012.03.2.1	2493681	S	1477	574	2051	0.00015
Mesorhizobium_sp._NBSH29	2654249	S	1447	110	1557	0.00011
Mesorhizobium_sp._113-3-3	2744516	S	1390	812	2202	0.00016
Mesorhizobium_sp._113-1-2	2744515	S	1326	692	2018	0.00015
Mesorhizobium_sp._NZP2298	2483403	S	1114	706	1820	0.00013
Mesorhizobium_sp._113-3-9	2744517	S	1054	837	1891	0.00014
Mesorhizobium_sp._M2A.F.Ca.ET.046.03.2.1	2493674	S	967	2766	3733	0.00027
Mesorhizobium_sp._M2A.F.Ca.ET.043.02.1.1	2493670	S	749	2038	2787	0.00020
Mesorhizobium_sp._WSM1497	278153	S	353	748	1101	0.00008
Mesorhizobium_sp._131-2-5	2744519	S	269	1914	2183	0.00016
Mesorhizobium_sp._131-3-5	2744520	S	181	589	770	0.00006
Mesorhizobium_sp._NZP2234	2483402	S	169	636	805	0.00006
Mesorhizobium_terrae	2725666	S	3490	1218	4708	0.00034
Mesorhizobium_opportunistum	593909	S	2852	1210	4062	0.00029
Mesorhizobium_amorphae	71433	S	2360	599	2959	0.00021
Mesorhizobium_ciceri	39645	S	1798	4637	6435	0.00046
Mesorhizobium_loti	381	S	1744	14753	16497	0.00119
Mesorhizobium_australicum	536018	S	1483	488	1971	0.00014
Mesorhizobium_huakuii	28104	S	1401	1062	2463	0.00018
Mesorhizobium_erdmanii	1777866	S	1390	415	1805	0.00013
Mesorhizobium_japonicum	2066070	S	1241	959	2200	0.00016
Aquibium_microcysteis	675281	S	6912	2114	9026	0.00065
Aquibium_oceanicum	1670800	S	5115	1292	6407	0.00046
Aminobacter_sp._MSH1	374606	S	3554	2337	5891	0.00043
Aminobacter_sp._SR38	2774562	S	678	3029	3707	0.00027
Aminobacter_sp._MDW-2	2666139	S	488	2455	2943	0.00021
Aminobacter_aminovorans	83263	S	430	1574	2004	0.00014
Nitratireductor_sp._SY7	2599600	S	4280	875	5155	0.00037
Nitratireductor_sp._OM-1	1756988	S	2114	396	2510	0.00018
Nitratireductor_kimnyeongensis	430679	S	1200	187	1387	0.00010
Phyllobacterium_sp._T1018	555316	S	1297	179	1476	0.00011
Phyllobacterium_sp._628	2718938	S	568	87	655	0.00005
Phyllobacterium_sp._T1293	555317	S	540	73	613	0.00004
Phyllobacterium_zundukense	1867719	S	1436	220	1656	0.00012
Roseitalea_porphyridii	1852022	S	3065	558	3623	0.00026
Hoeflea_phototrophica	244596	S	1187	146	1333	0.00010
Hoeflea_sp._IMCC20628	1620421	S	1128	113	1241	0.00009
Oricola_thermophila	2742145	S	2302	338	2640	0.00019
Salaquimonas_pukyongi	2712698	S	834	39	873	0.00006
Lentilitoribacter_sp._Alg239-R112	2305987	S	48	1	49	0.00000
Methylobacterium_nodulans	114616	S	8255	1159	9414	0.00068
Methylobacterium_sp._17Sr1-1	2202826	S	3487	1792	5279	0.00038
Methylobacterium_sp._WL1	2603276	S	3171	702	3873	0.00028
Methylobacterium_sp._C1	1479019	S	384	2977	3361	0.00024
Methylobacterium_sp._XJLW	739141	S	278	3704	3982	0.00029
Methylobacterium_aquaticum	270351	S	6798	3235	10033	0.00072
Methylobacterium_durans	2202825	S	5078	805	5883	0.00043
Methylobacterium_currus	2051553	S	4620	2094	6714	0.00049
Methylobacterium_radiodurans	2202828	S	4436	1194	5630	0.00041
Methylobacterium_organophilum	410	S	3819	2305	6124	0.00044
Methylobacterium_terrae	2202827	S	3763	1883	5646	0.00041
Methylobacterium_brachiatum	269660	S	3377	1319	4696	0.00034
Methylobacterium_mesophilicum	39956	S	3215	723	3938	0.00028
Methylobacterium_tardum	374432	S	3167	1187	4354	0.00031
Methylobacterium_indicum	1775910	S	3038	1630	4668	0.00034
Methylobacterium_oryzae	334852	S	2615	3451	6066	0.00044
Methylobacterium_radiotolerans	31998	S	1183	6700	7883	0.00057
Methylobacterium_phyllosphaerae	418223	S	450	1680	2130	0.00015
Microvirga_sp._VF16	2807101	S	20449	3433	23882	0.00173
Microvirga_sp._17_mud_1-3	2082949	S	6276	1427	7703	0.00056
Microvirga_ossetica	1882682	S	17904	3389	21293	0.00154
Microvirga_thermotolerans	2651334	S	8264	2440	10704	0.00077
Methylorubrum_populi	223967	S	5972	2929	8901	0.00064
Methylorubrum_extorquens	408	S	4502	7702	12204	0.00088
Methylorubrum_sp._B1-46	2897334	S	2168	987	3155	0.00023
Methylorubrum_zatmanii	29429	S	105	548	653	0.00005
Pseudolabrys_taiwanensis	331696	S	8785	1603	10388	0.00075
Pseudolabrys_sp._FHR47	2562284	S	7041	1370	8411	0.00061
Xanthobacter_dioxanivorans	2528964	S	5206	1912	7118	0.00051
Xanthobacter_sp._YC-JY1	2419844	S	1688	1757	3445	0.00025
Xanthobacter_autotrophicus	280	S	1501	1686	3187	0.00023
Starkeya_sp._ORNL1	2709380	S	5756	1256	7012	0.00051
Starkeya_novella	921	S	4990	2004	6994	0.00051
Ancylobacter_sp._TS-1	1850374	S	3641	1629	5270	0.00038
Ancylobacter_polymorphus	223390	S	3466	1831	5297	0.00038
Ancylobacter_pratisalsi	1745854	S	2830	692	3522	0.00025
Labrys_sp._KNU-23	2789216	S	3876	433	4309	0.00031
Azorhizobium_caulinodans	7	S	3447	789	4236	0.00031
Bosea_sp._Tri-49	1867715	S	9031	2151	11182	0.00081
Bosea_sp._F3-2	2599640	S	6229	2045	8274	0.00060
Bosea_sp._RAC05	1842539	S	5344	1782	7126	0.00051
Bosea_sp._ANAM02	2020412	S	5203	1979	7182	0.00052
Bosea_sp._AS-1	2015316	S	4758	1543	6301	0.00046
Bosea_sp._PAMC_26642	1792307	S	3778	822	4600	0.00033
Bosea_vaviloviae	1526658	S	4405	1077	5482	0.00040
Rhodoplanes_sp._Z2-YC6860	674703	S	16704	1785	18489	0.00134
Hyphomicrobium_denitrificans	53399	S	3705	476	4181	0.00030
Hyphomicrobium_nitrativorans	1427356	S	3225	304	3529	0.00026
Hyphomicrobium_sp._MC1	717785	S	1814	144	1958	0.00014
Methyloceanibacter_caenitepidi	1384459	S	1924	432	2356	0.00017
Methyloceanibacter_sp._wino2	2170729	S	1886	451	2337	0.00017
Aquabacter_sp._L1I39	2820278	S	2987	542	3529	0.00026
Methyloligella_sp._GL2	2742204	S	2946	391	3337	0.00024
Rhodomicrobium_vannielii	1069	S	2207	164	2371	0.00017
Caenibius_sp._WL	2872646	S	962	194	1156	0.00008
Caenibius_tardaugens	169176	S	658	545	1203	0.00009
Candidatus_Filomicrobium_marinum	1608628	S	1007	32	1039	0.00008
Devosia_sp._A16	1736675	S	7054	897	7951	0.00057
Devosia_sp._JXJ_CY_41	2917991	S	2342	444	2786	0.00020
Devosia_sp._SL43	2806348	S	2304	440	2744	0.00020
Devosia_sp._1566	2499144	S	1922	216	2138	0.00015
Devosia_sp._I507	2083786	S	1763	542	2305	0.00017
Devosia_sp._MC521	2759954	S	776	129	905	0.00007
Devosia_ginsengisoli	400770	S	3300	619	3919	0.00028
Devosia_salina	2860336	S	2662	904	3566	0.00026
Devosia_oryziradicis	2801335	S	2323	441	2764	0.00020
Devosia_beringensis	2657486	S	2198	335	2533	0.00018
Devosia_rhizoryzae	2774137	S	1845	204	2049	0.00015
Youhaiella_tibetensis	1447062	S	3005	693	3698	0.00027
Paradevosia_shaoguanensis	1335043	S	2872	1115	3987	0.00029
Pelagibacterium_halotolerans	531813	S	1593	188	1781	0.00013
Maritalea_myrionectae	454601	S	279	9	288	0.00002
Aureimonas_sp._SA4125	2826993	S	3642	731	4373	0.00032
Aureimonas_sp._AU20	1349819	S	3156	491	3647	0.00026
Aureimonas_sp._OT7	2816454	S	1602	1409	3011	0.00022
Aureimonas_populi	1701758	S	2862	600	3462	0.00025
Aureimonas_mangrovi	2758041	S	2485	565	3050	0.00022
Aureimonas_altamirensis	370622	S	1625	608	2233	0.00016
Martelella_sp._AD-3	686597	S	960	2745	3705	0.00027
Martelella_mediterranea	293089	S	1674	640	2314	0.00017
Martelella_endophytica	1486262	S	1493	353	1846	0.00013
Martelella_lutilitoris	2583532	S	919	794	1713	0.00012
Aurantimonas_sp._HBX-1	2906072	S	4827	1559	6386	0.00046
Pseudorhodoplanes_sinuspersici	1235591	S	7324	588	7912	0.00057
Nordella_sp._HKS_07	2712222	S	6719	403	7122	0.00051
Terrihabitans_soli	708113	S	4568	560	5128	0.00037
Candidatus_Hodgkinia_cicadicola	573658	S	57	0	57	0.00000
Methylocystis_bryophila	655015	S	2196	235	2431	0.00018
Methylocystis_parvus	134	S	2192	274	2466	0.00018
Methylocystis_heyeri	391905	S	1969	232	2201	0.00016
Methylocystis_sp._SC2	187303	S	1319	352	1671	0.00012
Methylocystis_sp._SB2	743836	S	520	810	1330	0.00010
Methylocystis_rosea	173366	S	1444	1096	2540	0.00018
Methylosinus_trichosporium	426	S	2964	629	3593	0.00026
Methylosinus_sp._C49	2699395	S	2479	515	2994	0.00022
Stappia_indica	538381	S	4632	1175	5807	0.00042
Stappia_sp._ES.058	1881061	S	2364	315	2679	0.00019
Roseibium_aggregatum	187304	S	2451	353	2804	0.00020
Roseibium_alexandrii	388408	S	651	62	713	0.00005
Pannonibacter_phragmitetus	121719	S	3043	2287	5330	0.00039
Labrenzia_sp._VG12	2021862	S	1271	150	1421	0.00010
Labrenzia_sp._PHM005	2590016	S	566	42	608	0.00004
Labrenzia_sp._THAF82	2587861	S	564	35	599	0.00004
Pseudovibrio_sp._FO-BEG1	911045	S	213	82	295	0.00002
Pseudovibrio_brasiliensis	1898042	S	188	71	259	0.00002
Phreatobacter_stygius	1940610	S	6007	970	6977	0.00050
Phreatobacter_cathodiphilus	1868589	S	5237	1662	6899	0.00050
Phreatobacter_sp._NMCR1094	2570229	S	3553	718	4271	0.00031
Chelatococcus_sp._CO-6	1702325	S	6983	4119	11102	0.00080
Chelatococcus_daeguensis	444444	S	3163	1808	4971	0.00036
Kaustia_mangrovi	2593653	S	6263	660	6923	0.00050
Parvibaculum_lavamentivorans	256618	S	2774	2065	4839	0.00035
Pyruvatibacter_mobilis	1712261	S	1772	238	2010	0.00015
Candidatus_Phaeomarinobacter_ectocarpi	1458461	S	699	38	737	0.00005
Blastochloris_tepida	2233851	S	4575	1659	6234	0.00045
Blastochloris_viridis	1079	S	4026	1170	5196	0.00038
Methylocella_silvestris	199596	S	2161	260	2421	0.00017
Methylocella_tundrae	227605	S	1857	189	2046	0.00015
Methylovirgula_ligni	569860	S	1771	216	1987	0.00014
Methylovirgula_sp._HY1	2822761	S	1329	78	1407	0.00010
Beijerinckia_indica	533	S	963	76	1039	0.00008
Acuticoccus_sp._I52.16.1	2928472	S	5989	701	6690	0.00048
Kaistia_sp._32K	2795690	S	5434	1460	6894	0.00050
Brucella_anthropi	529	S	1051	8403	9454	0.00068
Brucella_intermedia	94625	S	996	184	1180	0.00009
Brucella_sp._BTU1	2840456	S	132	25	157	0.00001
Brucella_sp._6810	2769351	S	64	96	160	0.00001
Brucella_sp._09RB8910	1844051	S	51	49	100	0.00001
Brucella_sp._10RB9215	1149953	S	46	46	92	0.00001
Brucella_sp._BO3	2691913	S	38	57	95	0.00001
Brucella_sp._2280	2592625	S	36	67	103	0.00001
Brucella_sp._BO2	693750	S	32	68	100	0.00001
Brucella_sp._458	2821140	S	25	51	76	0.00001
Brucella_sp._09RB8471	1149952	S	24	41	65	0.00000
[Ochrobactrum]_quorumnocens	271865	S	332	52	384	0.00003
Brucella_pseudogrignonensis	419475	S	229	74	303	0.00002
Brucella_pituitosa	571256	S	94	34	128	0.00001
Brucella_melitensis	29459	S	47	1229	1276	0.00009
Brucella_inopinata	1218315	S	39	42	81	0.00001
Brucella_abortus	235	S	16	802	818	0.00006
Brucella_ovis	236	S	12	34	46	0.00000
Brucella_suis	29461	S	10	788	798	0.00006
Pseudochrobactrum_sp._XF203	2879116	S	86	86	172	0.00001
Pseudochrobactrum_sp._Wa41.01b-1	2864102	S	65	72	137	0.00001
Pseudochrobactrum_algeriensis	2834768	S	83	95	178	0.00001
Hartmannibacter_diazotrophicus	1482074	S	3378	657	4035	0.00029
Breoghania_sp._L-A4	2304600	S	3299	470	3769	0.00027
Lichenihabitans_psoromatis	2528642	S	1013	562	1575	0.00011
Lichenihabitans_sp._PAMC28606	2880932	S	895	577	1472	0.00011
Cohaesibacter_sp._ES.047	1798205	S	603	26	629	0.00005
Bartonella_apis	1686310	S	160	16	176	0.00001
Bartonella_sp._HY038	2759660	S	49	13	62	0.00000
Bartonella_sp._46A	2893471	S	10	22	32	0.00000
Bartonella_bacilliformis	774	S	18	13	31	0.00000
Bartonella_australis	388640	S	16	6	22	0.00000
Bartonella_henselae	38323	S	14	34	48	0.00000
Bartonella_ancashensis	1318743	S	10	6	16	0.00000
Sphingomonas_sp._S8-45	2938948	S	8313	1036	9349	0.00068
Sphingomonas_sp._DM2-R-LB4	2899123	S	7598	2634	10232	0.00074
Sphingomonas_sp._HDW15A	2714942	S	7526	622	8148	0.00059
Sphingomonas_sp._MM-1	745310	S	5396	7005	12401	0.00090
Sphingomonas_sp._CL5.1	2653203	S	4723	1644	6367	0.00046
Sphingomonas_sp._AK-PDB1-5	2872652	S	4443	746	5189	0.00037
Sphingomonas_sp._Cra20	1327635	S	4235	704	4939	0.00036
Sphingomonas_sp._AP4-R1	2735134	S	3972	526	4498	0.00033
Sphingomonas_sp._LM7	1938607	S	3900	897	4797	0.00035
Sphingomonas_sp._S2-65	2903960	S	3581	742	4323	0.00031
Sphingomonas_sp._NBWT7	2596913	S	3422	1164	4586	0.00033
Sphingomonas_sp._FARSPH	2219696	S	3197	2692	5889	0.00043
Sphingomonas_sp._AAP5	1523415	S	3047	821	3868	0.00028
Sphingomonas_sp._KC8	1030157	S	2469	325	2794	0.00020
Sphingomonas_sp._HMP9	1517554	S	2453	1169	3622	0.00026
Sphingomonas_sp._PAMC26645	2565555	S	2434	872	3306	0.00024
Sphingomonas_sp._HMP6	1517551	S	2067	432	2499	0.00018
Sphingomonas_sp._LK11	1390395	S	1652	1676	3328	0.00024
Sphingomonas_sp._NIC1	1961362	S	1357	4255	5612	0.00041
Sphingomonas_sp._IC081	304378	S	502	3078	3580	0.00026
Sphingomonas_sediminicola	386874	S	14312	1402	15714	0.00114
Sphingomonas_daechungensis	1176646	S	12748	1259	14007	0.00101
Sphingomonas_lutea	1045317	S	12246	1622	13868	0.00100
Sphingomonas_xanthus	2594473	S	12081	2649	14730	0.00106
Sphingomonas_rhizophila	2071607	S	11101	2803	13904	0.00100
Sphingomonas_ginsengisoli_An_et_al._2013	363835	S	11074	1548	12622	0.00091
Sphingomonas_sabuli	2764186	S	10715	1350	12065	0.00087
Sphingomonas_sinipercae	2714944	S	9342	1284	10626	0.00077
Sphingomonas_piscis	2714943	S	6851	649	7500	0.00054
Sphingomonas_profundi	2681549	S	6191	1006	7197	0.00052
Sphingomonas_koreensis	93064	S	5600	4182	9782	0.00071
Sphingomonas_alpina	653931	S	5562	468	6030	0.00044
Sphingomonas_sanxanigenens	397260	S	5465	2635	8100	0.00059
Sphingomonas_changnyeongensis	2698679	S	4084	812	4896	0.00035
Sphingomonas_hengshuiensis	1609977	S	3640	478	4118	0.00030
Sphingomonas_taxi	1549858	S	3579	1125	4704	0.00034
Sphingomonas_panacis	1560345	S	3460	517	3977	0.00029
Sphingomonas_suaedae	2599297	S	3440	450	3890	0.00028
Sphingomonas_panacisoli	1813879	S	2989	409	3398	0.00025
Sphingomonas_radiodurans	2890321	S	2805	377	3182	0.00023
Sphingomonas_insulae	424800	S	2405	692	3097	0.00022
Sphingomonas_aliaeris	2759526	S	2299	293	2592	0.00019
Sphingomonas_paucimobilis	13689	S	2183	1417	3600	0.00026
Sphingomonas_sanguinis	33051	S	1772	1564	3336	0.00024
Sphingomonas_melonis	152682	S	1463	5199	6662	0.00048
Sphingomonas_lacunae	2698828	S	1224	171	1395	0.00010
Sphingomonas_paeninsulae	2319844	S	887	40	927	0.00007
Sphingopyxis_sp._PAMC25046	2565556	S	7328	3198	10526	0.00076
Sphingopyxis_sp._QXT-31	1357916	S	3154	855	4009	0.00029
Sphingopyxis_sp._YF1	2482763	S	3106	711	3817	0.00028
Sphingopyxis_sp._OPL5	2486273	S	2877	539	3416	0.00025
Sphingopyxis_sp._FD7	1914525	S	2821	1151	3972	0.00029
Sphingopyxis_sp._113P3	292913	S	2514	972	3486	0.00025
Sphingopyxis_sp._BSN-002	2911495	S	2476	440	2916	0.00021
Sphingopyxis_sp._EG6	1874061	S	2146	1033	3179	0.00023
Sphingopyxis_sp._MG	1866325	S	155	1288	1443	0.00010
Sphingopyxis_macrogoltabida	33050	S	4871	2368	7239	0.00052
Sphingopyxis_fribergensis	1515612	S	2658	1009	3667	0.00027
Sphingopyxis_terrae	33052	S	2646	1448	4094	0.00030
Sphingopyxis_alaskensis	117207	S	2380	529	2909	0.00021
Sphingopyxis_lindanitolerans	2054227	S	2375	1139	3514	0.00025
Sphingopyxis_granuli	267128	S	2022	5115	7137	0.00052
Sphingobium_sp._Cam5-1	2789327	S	4493	1609	6102	0.00044
Sphingobium_sp._SYK-6	627192	S	2991	811	3802	0.00027
Sphingobium_sp._TKS	1315974	S	1843	2701	4544	0.00033
Sphingobium_sp._EP60837	1855519	S	1692	483	2175	0.00016
Sphingobium_sp._CAP-1	2676077	S	1642	1026	2668	0.00019
Sphingobium_sp._YG1	2082188	S	1637	692	2329	0.00017
Sphingobium_sp._RAC03	1843368	S	1527	288	1815	0.00013
Sphingobium_sp._SCG-1	2072936	S	1444	112	1556	0.00011
Sphingobium_sp._MI1205	407020	S	1242	1761	3003	0.00022
Sphingobium_sp._KCTC_72723	2733867	S	1089	194	1283	0.00009
Sphingobium_sp._PAMC28499	2565554	S	465	909	1374	0.00010
Sphingobium_sp._YBL2	484429	S	215	1373	1588	0.00011
Sphingobium_sp._RSMS	520734	S	203	1160	1363	0.00010
Sphingobium_sp._LF-16	2185111	S	33	529	562	0.00004
Sphingobium_yanoikuyae	13690	S	2886	5490	8376	0.00061
Sphingobium_phenoxybenzoativorans	1592790	S	2020	835	2855	0.00021
Sphingobium_indicum	332055	S	1953	1534	3487	0.00025
Sphingobium_amiense	135719	S	1847	2299	4146	0.00030
Sphingobium_cloacae	120107	S	1699	2502	4201	0.00030
Sphingobium_xenophagum	121428	S	1479	974	2453	0.00018
Sphingobium_chlorophenolicum	46429	S	1420	651	2071	0.00015
Sphingobium_baderi	1332080	S	1305	1319	2624	0.00019
Sphingobium_herbicidovorans	76947	S	1236	1111	2347	0.00017
Sphingobium_fuliginis	336203	S	702	2873	3575	0.00026
Novosphingobium_sp._Gsoil_351	2675225	S	3824	337	4161	0.00030
Novosphingobium_sp._Sx8-5	2896849	S	3317	484	3801	0.00027
Novosphingobium_sp._EMRT-2	2571749	S	2678	1596	4274	0.00031
Novosphingobium_sp._P6W	1609758	S	2242	386	2628	0.00019
Novosphingobium_sp._ES2-1	2780074	S	1669	909	2578	0.00019
Novosphingobium_sp._THN1	1016987	S	1518	581	2099	0.00015
Novosphingobium_sp._PP1Y	702113	S	1048	1314	2362	0.00017
Novosphingobium_sp._KA1	164608	S	572	2857	3429	0.00025
Novosphingobium_resinovorum	158500	S	2819	1404	4223	0.00031
Novosphingobium_decolorationis	2698673	S	2258	1238	3496	0.00025
Novosphingobium_aromaticivorans	48935	S	2252	1054	3306	0.00024
Novosphingobium_ginsenosidimutans	1176536	S	1749	184	1933	0.00014
Novosphingobium_pentaromativorans	205844	S	1074	1950	3024	0.00022
Rhizorhabdus_wittichii	160791	S	6882	4144	11026	0.00080
Rhizorhabdus_dicambivorans	1850238	S	4082	3394	7476	0.00054
Rhizorhabdus_phycosphaerae	2711156	S	2957	382	3339	0.00024
Allosphingosinicella_indica	941907	S	9071	1147	10218	0.00074
Sphingosinithalassobacter_sp._CS137	2762748	S	3582	749	4331	0.00031
Sphingosinithalassobacter_tenebrarum	2711215	S	2408	742	3150	0.00023
Parasphingopyxis_algicola	2026624	S	3244	218	3462	0.00025
Parasphingopyxis_sp._CP4	2724527	S	847	39	886	0.00006
Sphingorhabdus_sp._YGSMI21	2077182	S	933	159	1092	0.00008
Sphingorhabdus_sp._SMR4y	2584094	S	858	150	1008	0.00007
Sphingorhabdus_sp._M41	1806885	S	707	93	800	0.00006
Sphingorhabdus_lacus	392610	S	549	24	573	0.00004
Sphingorhabdus_lutea	1913578	S	56	4	60	0.00000
Blastomonas_sp._RAC04	1842535	S	633	1001	1634	0.00012
Blastomonas_fulva	1550728	S	592	1198	1790	0.00013
Hankyongella_ginsenosidimutans	1763828	S	2428	475	2903	0.00021
Tardibacter_chloracetimidivorans	1921510	S	2298	1825	4123	0.00030
Citromicrobium_sp._JL477	1634516	S	1613	729	2342	0.00017
Novosphingopyxis_iocasae	2762729	S	1478	810	2288	0.00017
Parasphingorhabdus_halotolerans	2725558	S	327	13	340	0.00002
Parasphingorhabdus_sp._JHSY0214	2806553	S	279	21	300	0.00002
Parasphingorhabdus_litoris	394733	S	274	21	295	0.00002
Aquisediminimonas_profunda	1550733	S	802	32	834	0.00006
Erythrobacter_sp._HL-111	1798193	S	2201	421	2622	0.00019
Erythrobacter_sp._HKB08	2502843	S	1484	324	1808	0.00013
Erythrobacter_sp._JK5	2829500	S	1482	445	1927	0.00014
Erythrobacter_sp._SDW2	2907154	S	1478	388	1866	0.00013
Erythrobacter_sp._THAF29	2587851	S	837	194	1031	0.00007
Erythrobacter_sp._3-20A1M	2653850	S	770	1172	1942	0.00014
Erythrobacter_sp._A30-3	2785907	S	752	580	1332	0.00010
Erythrobacter_sp._LQ02-29	2920384	S	740	803	1543	0.00011
Erythrobacter_sp._KY5	2011159	S	713	56	769	0.00006
Erythrobacter_sp._SCSIO_43205	2779361	S	393	73	466	0.00003
Erythrobacter_litoralis	39960	S	2646	1126	3772	0.00027
Erythrobacter_mangrovi	2739433	S	1146	413	1559	0.00011
Erythrobacter_neustonensis	1112	S	1136	260	1396	0.00010
Erythrobacter_aureus	2182384	S	922	169	1091	0.00008
Porphyrobacter_sp._CACIAM_03H1	2003315	S	2188	632	2820	0.00020
Porphyrobacter_sp._LM_6	1896196	S	1242	433	1675	0.00012
Porphyrobacter_sp._HT-58-2	2023229	S	1127	264	1391	0.00010
Porphyrobacter_sp._GA68	2883480	S	1087	478	1565	0.00011
Qipengyuania_flava	192812	S	3143	1738	4881	0.00035
Qipengyuania_sediminis	1532023	S	1755	256	2011	0.00015
Qipengyuania_soli	2782568	S	1249	232	1481	0.00011
Qipengyuania_aurantiaca	2867233	S	1177	391	1568	0.00011
Qipengyuania_gelatinilytica	2867231	S	910	174	1084	0.00008
Qipengyuania_seohaensis	266951	S	778	166	944	0.00007
Qipengyuania_xiapuensis	2867236	S	552	561	1113	0.00008
Qipengyuania_psychrotolerans	2867238	S	550	72	622	0.00004
Qipengyuania_aquimaris	255984	S	499	512	1011	0.00007
Altererythrobacter_sp._B11	2060312	S	2342	1105	3447	0.00025
Altererythrobacter_sp._TH136	2067415	S	1783	339	2122	0.00015
Altererythrobacter_sp._BO-6	2604537	S	980	155	1135	0.00008
Altererythrobacter_sp._ZODW24	2185142	S	438	22	460	0.00003
Altererythrobacter_epoxidivorans	361183	S	815	231	1046	0.00008
Altererythrobacter_ishigakiensis	476157	S	337	26	363	0.00003
Tsuneonella_dongtanensis	692370	S	2245	464	2709	0.00020
Tsuneonella_amylolytica	2338327	S	2125	627	2752	0.00020
Tsuneonella_mangrovi	1982042	S	1511	238	1749	0.00013
Tsuneonella_flava	2055955	S	662	196	858	0.00006
Croceicoccus_sp._YJ47	2798724	S	1309	766	2075	0.00015
Croceicoccus_sp._Ery5	1703340	S	498	532	1030	0.00007
Croceicoccus_sp._Ery15	1703338	S	428	667	1095	0.00008
Croceicoccus_marinus	450378	S	2471	1313	3784	0.00027
Croceicoccus_naphthovorans	1348774	S	1064	1237	2301	0.00017
Pelagerythrobacter_marensis	543877	S	1357	192	1549	0.00011
Aurantiacibacter_gangjinensis	502682	S	851	88	939	0.00007
Aurantiacibacter_atlanticus	1648404	S	431	142	573	0.00004
Paraurantiacibacter_namhicola	645517	S	1229	163	1392	0.00010
Croceibacterium_atlanticum	1267766	S	1088	464	1552	0.00011
Sphingosinicella_sp._BN140058	1892855	S	8100	767	8867	0.00064
Sphingosinicella_flava	2771430	S	4290	647	4937	0.00036
Sphingosinicella_microcystinivorans	335406	S	2592	337	2929	0.00021
Polymorphobacter_sp._PAMC_29362	2835787	S	1464	994	2458	0.00018
Polymorphobacter_sp._PAMC_29334	2862331	S	1386	971	2357	0.00017
Sandaracinobacter_sp._M6	2759707	S	2188	160	2348	0.00017
Zymomonas_mobilis	542	S	132	96	228	0.00002
Azospirillum_brasilense	192	S	11522	10020	21542	0.00156
Azospirillum_sp._B510	137722	S	3160	1188	4348	0.00031
Azospirillum_sp._TSH100	652764	S	2635	1216	3851	0.00028
Azospirillum_sp._TSA2s	709810	S	2635	2002	4637	0.00034
Azospirillum_sp._TSH58	664962	S	2141	2823	4964	0.00036
Azospirillum_thermophilum	2202148	S	8493	1985	10478	0.00076
Azospirillum_thiophilum	528244	S	4139	1364	5503	0.00040
Azospirillum_ramasamyi	682998	S	2544	1467	4011	0.00029
Azospirillum_oryzae	286727	S	2047	1758	3805	0.00027
Azospirillum_lipoferum	193	S	2028	1491	3519	0.00025
Azospirillum_humicireducens	1226968	S	2019	1176	3195	0.00023
Azospirillum_baldaniorum	1064539	S	1274	2552	3826	0.00028
Skermanella_mucosa	1789672	S	4977	3371	8348	0.00060
Skermanella_sp._TT6	2775420	S	4791	4820	9611	0.00069
Skermanella_rosea	1817965	S	4784	4225	9009	0.00065
Skermanella_pratensis	2233999	S	3998	2170	6168	0.00045
Nitrospirillum_amazonense	28077	S	4578	560	5138	0.00037
Indioceanicola_profundi	2220096	S	3968	576	4544	0.00033
Niveispirillum_cyanobacteriorum	1612173	S	1882	213	2095	0.00015
Roseomonas_sp._OT10	2897332	S	9547	2375	11922	0.00086
Roseomonas_sp._S08	1750527	S	8810	561	9371	0.00068
Roseomonas_sp._FDAARGOS_362	2018065	S	605	2953	3558	0.00026
Roseomonas_gilardii	257708	S	6259	2761	9020	0.00065
Roseomonas_haemaphysalidis	2768162	S	5571	642	6213	0.00045
Roseomonas_marmotae	2768161	S	5220	592	5812	0.00042
Roseomonas_mucosa	207340	S	613	3491	4104	0.00030
Rhodovastum_atsumiense	504468	S	6792	694	7486	0.00054
Roseococcus_microcysteis	2771361	S	5775	540	6315	0.00046
Komagataeibacter_xylinus	28448	S	1236	2223	3459	0.00025
Komagataeibacter_saccharivorans	265959	S	457	169	626	0.00005
Komagataeibacter_europaeus	33995	S	373	193	566	0.00004
Komagataeibacter_nataicola	265960	S	355	168	523	0.00004
Komagataeibacter_oboediens	65958	S	353	175	528	0.00004
Komagataeibacter_medellinensis	1177712	S	311	264	575	0.00004
Komagataeibacter_rhaeticus	215221	S	17	299	316	0.00002
Acidiphilium_multivorum	62140	S	1024	4168	5192	0.00038
Acidiphilium_cryptum	524	S	228	1436	1664	0.00012
Sediminicoccus_rosea	1225128	S	3661	189	3850	0.00028
Acidibrevibacterium_fodinaquatile	1969806	S	2841	258	3099	0.00022
Lichenicola_cladoniae	1484109	S	2813	137	2950	0.00021
Acetobacter_aceti	435	S	996	373	1369	0.00010
Acetobacter_persici	1076596	S	250	35	285	0.00002
Acetobacter_sp._KACC_21233	2592655	S	240	51	291	0.00002
Acetobacter_ghanensis	431306	S	145	37	182	0.00001
Acetobacter_pasteurianus	438	S	125	225	350	0.00003
Acetobacter_orientalis	146474	S	72	10	82	0.00001
Acetobacter_ascendens	481146	S	68	78	146	0.00001
Acetobacter_tropicalis	104102	S	58	58	116	0.00001
Acetobacter_senegalensis	446692	S	56	61	117	0.00001
Acetobacter_oryzifermentans	1633874	S	19	166	185	0.00001
Acetobacter_oryzoeni	2500548	S	18	31	49	0.00000
Gluconacetobacter_diazotrophicus	33996	S	1810	389	2199	0.00016
Gluconobacter_oxydans	442	S	626	700	1326	0.00010
Gluconobacter_albidus	318683	S	296	54	350	0.00003
Gluconobacter_sphaericus	574987	S	199	48	247	0.00002
Gluconobacter_frateurii	38308	S	126	33	159	0.00001
Gluconobacter_thailandicus	257438	S	56	43	99	0.00001
Granulibacter_bethesdensis	364410	S	1134	102	1236	0.00009
Neoasaia_chiangmaiensis	320497	S	730	153	883	0.00006
Asaia_bogorensis	91915	S	711	125	836	0.00006
Kozakia_baliensis	153496	S	456	167	623	0.00005
Oecophyllibacter_saccharovorans	2558360	S	418	14	432	0.00003
Novacetimonas_hansenii	436	S	383	189	572	0.00004
Parasaccharibacter_sp._TMW_2.1888	2268025	S	19	100	119	0.00001
Parasaccharibacter_apium	1510841	S	18	91	109	0.00001
Swingsia_sp._F3b2	2558361	S	166	4	170	0.00001
Swingsia_samuiensis	1293412	S	13	2	15	0.00000
Entomobacter_blattae	2762277	S	74	5	79	0.00001
Neokomagataea_tanensis	661191	S	73	12	85	0.00001
Commensalibacter_sp._AMU001	2478912	S	10	27	37	0.00000
Bombella_sp._KACC_21507	2697033	S	23	2	25	0.00000
Hypericibacter_adhaerens	2602016	S	11050	2164	13214	0.00095
Hypericibacter_terrae	2602015	S	8662	1360	10022	0.00072
Magnetospirillum_sp._XM-1	1663591	S	2286	745	3031	0.00022
Magnetospirillum_sp._ME-1	1639348	S	2066	730	2796	0.00020
Magnetospirillum_gryphiswaldense	55518	S	2825	225396	228221	0.01649
Magnetospirillum_magneticum	84159	S	2243	245	2488	0.00018
Ferrovibrio_terrae	2594003	S	7995	520	8515	0.00062
Rhodospirillum_centenum	34018	S	4977	722	5699	0.00041
Rhodospirillum_rubrum	1085	S	2283	175	2458	0.00018
Tistrella_mobilis	171437	S	5119	2429	7548	0.00055
Defluviicoccus_vanus	111831	S	2802	255	3057	0.00022
Pararhodospirillum_photometricum	1084	S	1420	110	1530	0.00011
Haematospirillum_jordaniae	1549855	S	259	22	281	0.00002
Candidatus_Endolissoclinum_faulkneri	1263979	S	123	1	124	0.00001
Stella_humosa	94	S	11881	850	12731	0.00092
Elioraea_tepida	2843330	S	5121	264	5385	0.00039
Thalassospira_sp._A40-3	2785908	S	253	101	354	0.00003
Thalassospira_sp._B30-1	2785911	S	145	221	366	0.00003
Thalassospira_marina	2048283	S	334	21	355	0.00003
Thalassospira_indica	1891279	S	297	185	482	0.00003
Thalassospira_xiamenensis	220697	S	146	210	356	0.00003
Magnetospira_sp._QH-2	1288970	S	1090	37	1127	0.00008
Terasakiella_sp._SH-1	2560057	S	116	2	118	0.00001
Paracoccus_sp._MC1862	2760307	S	1666	190	1856	0.00013
Paracoccus_sp._AK26	2589076	S	1331	242	1573	0.00011
Paracoccus_sp._MA	2895796	S	1322	749	2071	0.00015
Paracoccus_sp._H4-D09	2812658	S	874	195	1069	0.00008
Paracoccus_sp._S8-55	2903900	S	766	110	876	0.00006
Paracoccus_sp._Arc7-R13	2500532	S	500	544	1044	0.00008
Paracoccus_sanguinis	1545044	S	2515	698	3213	0.00023
Paracoccus_yeei	147645	S	1731	2847	4578	0.00033
Paracoccus_liaowanqingii	2560053	S	1705	207	1912	0.00014
Paracoccus_denitrificans	266	S	1586	780	2366	0.00017
Paracoccus_zhejiangensis	1077935	S	1499	379	1878	0.00014
Paracoccus_aminovorans	34004	S	1476	447	1923	0.00014
Paracoccus_pantotrophus	82367	S	1431	861	2292	0.00017
Paracoccus_suum	2259340	S	1295	243	1538	0.00011
Paracoccus_jeotgali	2065379	S	1280	260	1540	0.00011
Paracoccus_contaminans	1945662	S	1207	290	1497	0.00011
Paracoccus_aminophilus	34003	S	998	105	1103	0.00008
Paracoccus_tegillarcae	1529068	S	642	40	682	0.00005
Paracoccus_kondratievae	135740	S	631	129	760	0.00005
Paracoccus_marcusii	59779	S	489	469	958	0.00007
Paracoccus_mutanolyticus	1499308	S	183	652	835	0.00006
Cereibacter_sphaeroides	1063	S	5298	2408	7706	0.00056
Cereibacter_azotoformans	43057	S	550	1953	2503	0.00018
Rhodobacter_sp._CZR27	2033869	S	2163	728	2891	0.00021
Rhodobacter_sp._N10	2807096	S	1623	206	1829	0.00013
Rhodobacter_sp._LPB0142	1850250	S	1472	1086	2558	0.00018
Rhodobacter_capsulatus	1061	S	1972	429	2401	0.00017
Rhodovulum_sp._P5	1564506	S	1076	125	1201	0.00009
Rhodovulum_sp._MB263	308754	S	969	441	1410	0.00010
Rhodovulum_sulfidophilum	35806	S	1621	1016	2637	0.00019
Polymorphum_gilvum	991904	S	3770	959	4729	0.00034
Paroceanicella_profunda	2579971	S	3683	1011	4694	0.00034
Pikeienuella_piscinae	2748098	S	2618	259	2877	0.00021
Pontivivens_ytuae	2789856	S	2414	193	2607	0.00019
Thioclava_electrotropha	1549850	S	1076	274	1350	0.00010
Thioclava_nitratireducens	1915078	S	905	317	1222	0.00009
Silicimonas_algicola	1826607	S	2162	136	2298	0.00017
Pelagovum_pacificum	2588711	S	1996	262	2258	0.00016
Frigidibacter_mobilis	1335048	S	1631	724	2355	0.00017
Brevirhabdus_pacifica	1267768	S	1368	675	2043	0.00015
Pukyongiella_litopenaei	2605946	S	1349	341	1690	0.00012
Fuscovulum_blasticum	1075	S	1203	163	1366	0.00010
Gymnodinialimonas_ceratoperidinii	2856823	S	1106	111	1217	0.00009
Haematobacter_massiliensis	195105	S	1072	447	1519	0.00011
Falsirhodobacter_sp._PG104	2692330	S	1053	161	1214	0.00009
Tabrizicola_piscis	2494374	S	977	95	1072	0.00008
Pseudopuniceibacterium_antarcticum	2613965	S	904	75	979	0.00007
Gemmobacter_aquarius	2169400	S	892	195	1087	0.00008
Pacificitalea_manganoxidans	1411902	S	874	202	1076	0.00008
Pseudooceanicola_algae	1537215	S	839	88	927	0.00007
Monaibacterium_sp._h42	2758038	S	784	192	976	0.00007
Roseicitreum_antarcticum	564137	S	782	43	825	0.00006
Tritonibacter_mobilis	379347	S	540	254	794	0.00006
Yoonia_vestfoldensis	245188	S	505	120	625	0.00005
Qingshengfaniella_alkalisoli	2599296	S	500	28	528	0.00004
Pseudohalocynthiibacter_aestuariivivens	1591409	S	483	101	584	0.00004
Rhodophyticola_sp._CCM32	2916397	S	480	15	495	0.00004
Rhodobaca_barguzinensis	441209	S	363	17	380	0.00003
Profundibacter_amoris	2171755	S	353	13	366	0.00003
Parasedimentitalea_marina	2483033	S	304	15	319	0.00002
Pseudorhodobacter_turbinis	2500533	S	291	19	310	0.00002
Aestuarium_zhoushanense	2820523	S	265	113	378	0.00003
Cognatishimia_activa	1715691	S	238	11	249	0.00002
Planktomarina_temperata	1284658	S	151	4	155	0.00001
Roseovarius_sp._SCSIO_43702	2823043	S	1711	137	1848	0.00013
Roseovarius_sp._THAF9	2587847	S	843	205	1048	0.00008
Roseovarius_sp._THAF8	2587846	S	353	551	904	0.00007
Roseovarius_sp._THAF27	2587850	S	342	570	912	0.00007
Roseovarius_sp._TM1035	391613	S	133	269	402	0.00003
Roseovarius_indicus	540747	S	2095	663	2758	0.00020
Roseovarius_faecimaris	2494550	S	811	35	846	0.00006
Roseovarius_mucosus	215743	S	163	333	496	0.00004
Sulfitobacter_sp._THAF37	2587855	S	841	352	1193	0.00009
Sulfitobacter_sp._JK7-1	2829501	S	817	45	862	0.00006
Sulfitobacter_sp._D7	1968541	S	426	161	587	0.00004
Sulfitobacter_sp._SK011	1389004	S	317	8	325	0.00002
Sulfitobacter_sp._JL08	2070369	S	315	7	322	0.00002
Sulfitobacter_sp._DSM_110093	2883127	S	268	80	348	0.00003
Sulfitobacter_sp._BSw21498	664426	S	224	34	258	0.00002
Sulfitobacter_sp._SK012	1389005	S	183	3	186	0.00001
Sulfitobacter_sp._SK025	1389011	S	89	187	276	0.00002
Sulfitobacter_sp._CB2047	1525218	S	67	190	257	0.00002
Sulfitobacter_sp._B30-2	2785912	S	64	141	205	0.00001
Sulfitobacter_alexandrii	1917485	S	1274	637	1911	0.00014
Sulfitobacter_mediterraneus	83219	S	541	55	596	0.00004
Sulfitobacter_indolifex	225422	S	355	80	435	0.00003
Sulfitobacter_dubius	218673	S	304	137	441	0.00003
Sulfitobacter_pontiacus	60137	S	133	305	438	0.00003
Salipiger_profundus	1229727	S	2343	1046	3389	0.00024
Salipiger_abyssi	1250539	S	1713	689	2402	0.00017
Salipiger_sp._CCB-MM3	1792508	S	1604	231	1835	0.00013
Roseivivax_sp._THAF30	2587852	S	1155	273	1428	0.00010
Roseivivax_sp._THAF197b	2588299	S	31	632	663	0.00005
Roseivivax_sp._THAF40	2587858	S	19	503	522	0.00004
Roseivivax_marinus	1379903	S	2255	365	2620	0.00019
Celeribacter_indicus	1208324	S	1861	925	2786	0.00020
Celeribacter_ethanolicus	1758178	S	654	234	888	0.00006
Celeribacter_baekdonensis	875171	S	328	90	418	0.00003
Celeribacter_marinus	1397108	S	232	8	240	0.00002
Phaeobacter_gallaeciensis	60890	S	885	1635	2520	0.00018
Phaeobacter_inhibens	221822	S	685	219	904	0.00007
Phaeobacter_piscinae	1580596	S	300	167	467	0.00003
Phaeobacter_porticola	1844006	S	182	37	219	0.00002
Phaeobacter_sp._LSS9	681157	S	41	33	74	0.00001
Leisingera_aquaemixtae	1396826	S	1091	206	1297	0.00009
Leisingera_sp._NJS204	2508307	S	177	283	460	0.00003
Leisingera_sp._NJS201	2508306	S	172	260	432	0.00003
Leisingera_methylohalidivorans	133924	S	645	151	796	0.00006
Ruegeria_sp._TM1040	292414	S	391	67	458	0.00003
Ruegeria_sp._THAF33	2587853	S	364	87	451	0.00003
Ruegeria_sp._SCSIO_43209	2793010	S	297	53	350	0.00003
Ruegeria_sp._AD91A	2293862	S	241	25	266	0.00002
Ruegeria_pomeroyi	89184	S	1116	205	1321	0.00010
Sagittula_sp._P11	2009329	S	2019	824	2843	0.00021
Sulfitobacter_pseudonitzschiae	1402135	S	1378	491	1869	0.00014
Pseudosulfitobacter_sp._DSM_107133	2883100	S	489	200	689	0.00005
Yangia_pacifica	311180	S	1971	336	2307	0.00017
Mameliella_alba	561184	S	1520	281	1801	0.00013
Ponticoccus_alexandrii	1943633	S	1481	225	1706	0.00012
Dinoroseobacter_shibae	215813	S	1295	469	1764	0.00013
Roseobacter_ponti	1891787	S	492	14	506	0.00004
Roseobacter_denitrificans	2434	S	336	54	390	0.00003
Roseobacter_litoralis	42443	S	296	49	345	0.00002
Ketogulonicigenium_vulgare	92945	S	592	108	700	0.00005
Ketogulonicigenium_robustum	92947	S	513	74	587	0.00004
Oceanicola_sp._D3	2587163	S	1075	56	1131	0.00008
Roseibacterium_elongatum	159346	S	1003	86	1089	0.00008
Octadecabacter_sp._SW4	2602067	S	374	54	428	0.00003
Octadecabacter_arcticus	53946	S	218	24	242	0.00002
Octadecabacter_antarcticus	1217908	S	204	18	222	0.00002
Octadecabacter_temperatus	1458307	S	161	3	164	0.00001
Actibacterium_sp._EMB200-NS6	1609966	S	990	484	1474	0.00011
Maribius_sp._THAF1	2587842	S	759	40	799	0.00006
Tateyamaria_omphalii	299262	S	738	24	762	0.00006
Thalassococcus_sp._S3	2017482	S	735	19	754	0.00005
Antarctobacter_heliothermus	74033	S	718	37	755	0.00005
Jannaschia_sp._CCS1	290400	S	679	18	697	0.00005
Thalassobius_gelatinovorus	53501	S	376	20	396	0.00003
Falsihalocynthiibacter_arcticus	1579316	S	166	5	171	0.00001
Caulobacter_segnis	88688	S	7378	2412	9790	0.00071
Caulobacter_sp._S6	2823693	S	4773	501	5274	0.00038
Caulobacter_sp._FWC26	69665	S	1935	722	2657	0.00019
Caulobacter_mirabilis	69666	S	4865	844	5709	0.00041
Caulobacter_vibrioides	155892	S	4053	3312	7365	0.00053
Caulobacter_flavus	1679497	S	3742	914	4656	0.00034
Caulobacter_rhizosphaerae	2010972	S	3245	796	4041	0.00029
Caulobacter_soli	2708539	S	2893	775	3668	0.00027
Caulobacter_henricii	69395	S	1520	226	1746	0.00013
Brevundimonas_sp._M20	2591463	S	2270	333	2603	0.00019
Brevundimonas_sp._PAMC22021	2861285	S	1854	391	2245	0.00016
Brevundimonas_sp._LM2	1938605	S	1825	299	2124	0.00015
Brevundimonas_sp._MF30-B	2561924	S	1788	269	2057	0.00015
Brevundimonas_sp._AJA228-03	2752515	S	1289	163	1452	0.00010
Brevundimonas_sp._SGAir0440	2579977	S	415	396	811	0.00006
Brevundimonas_sp._CS1	2813778	S	394	389	783	0.00006
Brevundimonas_sp._DS20	1532555	S	329	839	1168	0.00008
Brevundimonas_sp._'scallop'	2562582	S	324	568	892	0.00006
Brevundimonas_sp._GW460-12-10-14-LB2	1827469	S	319	555	874	0.00006
Brevundimonas_sp._Bb-A	2560058	S	316	674	990	0.00007
Brevundimonas_naejangsanensis	588932	S	3208	1058	4266	0.00031
Brevundimonas_albigilva	1312364	S	2223	1186	3409	0.00025
Brevundimonas_goettingensis	2774190	S	2030	303	2333	0.00017
Brevundimonas_subvibrioides	74313	S	1603	274	1877	0.00014
Brevundimonas_diminuta	293	S	1229	2272	3501	0.00025
Brevundimonas_pondensis	2774189	S	1228	361	1589	0.00011
Brevundimonas_vitisensis	2800818	S	1181	138	1319	0.00010
Brevundimonas_mediterranea	74329	S	1139	426	1565	0.00011
Brevundimonas_nasdae	172043	S	1001	650	1651	0.00012
Brevundimonas_vancanneytii	1325724	S	323	1223	1546	0.00011
Brevundimonas_vesicularis	41276	S	322	692	1014	0.00007
Phenylobacterium_zucineum	284016	S	13563	2680	16243	0.00117
Phenylobacterium_parvum	2201350	S	2939	314	3253	0.00024
Terricaulis_silvestris	2686094	S	6498	226	6724	0.00049
Asticcacaulis_excentricus	78587	S	1261	179	1440	0.00010
Asticcacaulis_sp._AND118	2840468	S	1034	139	1173	0.00008
Candidatus_Viadribacter_manganicus	1759059	S	3427	94	3521	0.00025
Hyphomonas_sp._CACIAM_19H1	1873716	S	969	145	1114	0.00008
Hyphomonas_sp._Mor2	1906738	S	526	11	537	0.00004
Hyphomonas_sp._KY3	2016196	S	486	55	541	0.00004
Hyphomonas_neptunium	81032	S	849	94	943	0.00007
Hirschia_baltica	2724	S	54	1	55	0.00000
Marinicauda_algicola	2029849	S	2789	478	3267	0.00024
Maricaulis_maris	74318	S	881	58	939	0.00007
Glycocaulis_alkaliphilus	1434191	S	881	47	928	0.00007
Hyphobacterium_sp._CCMP332	2749086	S	634	26	660	0.00005
Micavibrio_aeruginosavorus	349221	S	3977	59	4036	0.00029
Candidatus_Puniceispirillum_marinum	767892	S	90	2	92	0.00001
Aquisalinus_flavus	1526572	S	1211	58	1269	0.00009
Parvularcula_bermudensis	208216	S	467	56	523	0.00004
Anaplasma_ovis	142058	S	66	17	83	0.00001
Anaplasma_platys	949	S	22	4	26	0.00000
Anaplasma_marginale	770	S	16	43	59	0.00000
Anaplasma_phagocytophilum	948	S	10	3	13	0.00000
Wolbachia_endosymbiont_of_Oedothorax_gibbosus	931100	S	13	67	80	0.00001
Wolbachia_endosymbiont_of_Ctenocephalides_felis_wCfeT	2732593	S	10	1	11	0.00000
Ehrlichia_ruminantium	779	S	17	7	24	0.00000
Ehrlichia_canis	944	S	10	7	17	0.00000
Rickettsia_tillamookensis	2761623	S	101	45	146	0.00001
Rickettsia_conorii	781	S	12	31	43	0.00000
Rickettsia_amblyommatis	33989	S	10	10	20	0.00000
Rickettsia_endosymbiont_of_Oedothorax_gibbosus	931099	S	11	2	13	0.00000
Orientia_tsutsugamushi	784	S	24	1	25	0.00000
Candidatus_Phycorickettsia_trachydisci	2115978	S	68	3	71	0.00001
Candidatus_Midichloria_mitochondrii	234827	S	25	3	28	0.00000
Candidatus_Fokinia_solitaria	1802984	S	15	0	15	0.00000
Candidatus_Deianiraea_vastatrix	2163644	S	40	0	40	0.00000
Rickettsiales_endosymbiont_of_Stachyamoeba_lipophora	2486578	S	23	2	25	0.00000
Luteithermobacter_gelatinilyticus	2582913	S	433	77	510	0.00004
Paremcibacter_congregatus	2043170	S	337	10	347	0.00003
Candidatus_Hydrogenosomobacter_endosymbioticus	2558174	S	40	1	41	0.00000
Candidatus_Gromoviella_agglomerans	2806609	S	23	1	24	0.00000
endosymbiont_of_Acanthamoeba_sp._UWC8	86106	S	22	0	22	0.00000
Candidatus_Nesciobacter_abundans	2601668	S	13	2	15	0.00000
Candidatus_Paracaedibacter_acanthamoebae	91604	S	49	2	51	0.00000
Candidatus_Nucleicultrix_amoebiphila	1509244	S	48	2	50	0.00000
Magnetococcus_marinus	1124597	S	177	4	181	0.00001
Candidatus_Pelagibacter_sp._IMCC9063	1002672	S	13	2	15	0.00000
Candidatus_Pelagibacter_sp._RS40	1977865	S	12	12	24	0.00000
Candidatus_Fonsibacter_ubiquis	1925548	S	41	3	44	0.00000
Kordiimonas_pumila	2161677	S	86	1	87	0.00001
Burkholderia_multivorans	87883	S	4940	15005	19945	0.00144
Burkholderia_ubonensis	101571	S	4890	2710	7600	0.00055
Burkholderia_cenocepacia	95486	S	3791	19572	23363	0.00169
Burkholderia_cepacia	292	S	3236	4361	7597	0.00055
Burkholderia_pyrrocinia	60550	S	2126	1052	3178	0.00023
Burkholderia_stagnalis	1503054	S	1758	563	2321	0.00017
Burkholderia_contaminans	488447	S	1736	986	2722	0.00020
Burkholderia_ambifaria	152480	S	1658	2266	3924	0.00028
Burkholderia_anthina	179879	S	1514	1343	2857	0.00021
Burkholderia_stabilis	95485	S	1443	968	2411	0.00017
Burkholderia_lata	482957	S	1401	1113	2514	0.00018
Burkholderia_dolosa	152500	S	1342	6800	8142	0.00059
Burkholderia_territorii	1503055	S	1079	475	1554	0.00011
Burkholderia_vietnamiensis	60552	S	894	2228	3122	0.00023
Burkholderia_seminalis	488731	S	891	370	1261	0.00009
Burkholderia_metallica	488729	S	725	311	1036	0.00007
Burkholderia_diffusa	488732	S	560	249	809	0.00006
Burkholderia_pseudomultivorans	1207504	S	453	414	867	0.00006
Burkholderia_latens	488446	S	256	443	699	0.00005
Burkholderia_aenigmatica	2015348	S	228	446	674	0.00005
Burkholderia_pseudomallei	28450	S	2233	16358	18591	0.00134
Burkholderia_mayonis	1385591	S	1522	310	1832	0.00013
Burkholderia_thailandensis	57975	S	1439	1647	3086	0.00022
Burkholderia_oklahomensis	342113	S	1067	651	1718	0.00012
Burkholderia_savannae	1637837	S	245	210	455	0.00003
Burkholderia_sp._MSMB1588	1636423	S	105	224	329	0.00002
Burkholderia_sp._MSMB617WGS	1637831	S	67	113	180	0.00001
Burkholderia_mallei	13373	S	61	31959	32020	0.00231
Burkholderia_sp._DHOD12	2571746	S	2799	287	3086	0.00022
Burkholderia_sp._Bp7605	1740163	S	1387	194	1581	0.00011
Burkholderia_sp._NRF60-BP8	1637853	S	590	302	892	0.00006
Burkholderia_sp._JP2-270	2217913	S	562	338	900	0.00007
Burkholderia_sp._LA-2-3-30-S1-D2	1637862	S	542	288	830	0.00006
Burkholderia_sp._MSMB0856	1637869	S	502	291	793	0.00006
Burkholderia_sp._PAMC_26561	1795043	S	425	451	876	0.00006
Burkholderia_sp._MS455	2811788	S	398	267	665	0.00005
Burkholderia_sp._IDO3	1705310	S	247	356	603	0.00004
Burkholderia_sp._PAMC_28687	1795874	S	236	386	622	0.00004
Burkholderia_sp._KBS0801	1179675	S	108	216	324	0.00002
Burkholderia_sp._LAS2	2813843	S	99	467	566	0.00004
Burkholderia_sp._MBR-1	2732364	S	49	214	263	0.00002
Burkholderia_sp._KJ006	416344	S	48	322	370	0.00003
Burkholderia_sp._MS389	2811789	S	33	251	284	0.00002
Burkholderia_sp._B21-007	2890407	S	13	462	475	0.00003
Burkholderia_gladioli	28095	S	6243	2028	8271	0.00060
Burkholderia_glumae	337	S	2224	11661	13885	0.00100
Burkholderia_plantarii	41899	S	1626	589	2215	0.00016
Burkholderia_perseverans	2615214	S	1444	563	2007	0.00015
Cupriavidus_taiwanensis	164546	S	10896	7912	18808	0.00136
Cupriavidus_pauculus	82633	S	7862	3326	11188	0.00081
Cupriavidus_oxalaticus	96344	S	4518	1912	6430	0.00046
Cupriavidus_necator	106590	S	4470	3717	8187	0.00059
Cupriavidus_sp._EM10	2839983	S	1810	1000	2810	0.00020
Cupriavidus_sp._MP-37	2884455	S	1128	1025	2153	0.00016
Cupriavidus_sp._ISTL7	2771360	S	534	2929	3463	0.00025
Cupriavidus_sp._KK10	1478019	S	371	930	1301	0.00009
Cupriavidus_sp._USMAA2-4	876364	S	215	1346	1561	0.00011
Cupriavidus_sp._USMAHM13	1389192	S	215	1293	1508	0.00011
Cupriavidus_basilensis	68895	S	4268	2362	6630	0.00048
Cupriavidus_campinensis	151783	S	3383	1164	4547	0.00033
Cupriavidus_metallidurans	119219	S	2455	8044	10499	0.00076
Cupriavidus_gilardii	82541	S	2132	10044	12176	0.00088
Cupriavidus_pinatubonensis	248026	S	2086	350	2436	0.00018
Cupriavidus_neocaledonicus	1040979	S	858	919	1777	0.00013
Cupriavidus_nantongensis	1796606	S	759	1963	2722	0.00020
Cupriavidus_malaysiensis	367825	S	221	1232	1453	0.00011
Paraburkholderia_sp._SOS3	1926494	S	1987	286	2273	0.00016
Paraburkholderia_sp._PGU16	2735433	S	976	541	1517	0.00011
Paraburkholderia_sp._PGU19	2735434	S	797	687	1484	0.00011
Paraburkholderia_pallida	2547399	S	2773	500	3273	0.00024
Paraburkholderia_aromaticivorans	2026199	S	2455	1078	3533	0.00026
Paraburkholderia_caribensis	75105	S	2258	1699	3957	0.00029
Paraburkholderia_acidisoli	2571748	S	2193	390	2583	0.00019
Paraburkholderia_tropica	92647	S	2096	462	2558	0.00018
Paraburkholderia_acidiphila	2571747	S	1998	388	2386	0.00017
Paraburkholderia_edwinii	2861782	S	1835	247	2082	0.00015
Paraburkholderia_phytofirmans	261302	S	1833	752	2585	0.00019
Paraburkholderia_terricola	169427	S	1708	505	2213	0.00016
Paraburkholderia_atlantica	2654982	S	1694	407	2101	0.00015
Paraburkholderia_sprentiae	948107	S	1572	340	1912	0.00014
Paraburkholderia_phenoliruptrix	252970	S	1552	443	1995	0.00014
Paraburkholderia_phymatum	148447	S	1551	393	1944	0.00014
Paraburkholderia_graminis	60548	S	1417	344	1761	0.00013
Paraburkholderia_megapolitana	420953	S	1417	133	1550	0.00011
Paraburkholderia_fungorum	134537	S	1417	331	1748	0.00013
Paraburkholderia_caledonica	134536	S	1243	224	1467	0.00011
Paraburkholderia_caffeinilytica	1761016	S	1195	310	1505	0.00011
Paraburkholderia_terrae	311230	S	1182	1354	2536	0.00018
Paraburkholderia_ginsengisoli	311231	S	1171	353	1524	0.00011
Paraburkholderia_hospita	169430	S	1148	1311	2459	0.00018
Paraburkholderia_xenovorans	36873	S	1075	1404	2479	0.00018
Paraburkholderia_dokdonella	2211211	S	1001	264	1265	0.00009
Paraburkholderia_dioscoreae	2604047	S	717	479	1196	0.00009
Ralstonia_solanacearum	305	S	5533	10836	16369	0.00118
Ralstonia_insidiosa	190721	S	1532	1176	2708	0.00020
Ralstonia_mannitolilytica	105219	S	1099	1321	2420	0.00017
Ralstonia_sp._56D2	2842456	S	1020	161	1181	0.00009
blood_disease_bacterium_A2-HR_MARDI	1944648	S	15	808	823	0.00006
Ralstonia_pickettii	329	S	1005	465	1470	0.00011
Ralstonia_syzygii	28097	S	89	398	487	0.00004
Ralstonia_pseudosolanacearum	1310165	S	37	971	1008	0.00007
Pandoraea_pnomenusa	93220	S	2187	1106	3293	0.00024
Pandoraea_thiooxydans	445709	S	1855	156	2011	0.00015
Pandoraea_pulmonicola	93221	S	1720	380	2100	0.00015
Pandoraea_vervacti	656178	S	1225	359	1584	0.00011
Pandoraea_sp._XY-2	2518599	S	1184	644	1828	0.00013
Pandoraea_faecigallinarum	656179	S	1175	317	1492	0.00011
Pandoraea_norimbergensis	93219	S	1163	187	1350	0.00010
Pandoraea_apista	93218	S	960	553	1513	0.00011
Pandoraea_fibrosis	1891094	S	948	316	1264	0.00009
Pandoraea_oxalativorans	573737	S	894	419	1313	0.00009
Pandoraea_sputorum	93222	S	759	335	1094	0.00008
Caballeronia_sp._Lep1P3	2878150	S	1606	391	1997	0.00014
Caballeronia_sp._TF1N1	2878153	S	1394	166	1560	0.00011
Caballeronia_sp._SL2Y3	2878151	S	801	467	1268	0.00009
Caballeronia_sp._Sq4a	2878152	S	736	551	1287	0.00009
Caballeronia_sp._M1242	2814653	S	715	521	1236	0.00009
Caballeronia_sp._SBC2	2705547	S	85	740	825	0.00006
Caballeronia_sp._SBC1	2705548	S	71	864	935	0.00007
Caballeronia_zhejiangensis	871203	S	1898	462	2360	0.00017
Caballeronia_insecticola	758793	S	1692	368	2060	0.00015
Caballeronia_grimmiae	1071679	S	1488	801	2289	0.00017
Polynucleobacter_sp._MWH-UH24A	2689110	S	70	4	74	0.00001
Polynucleobacter_sp._MWH-CaK5	2689107	S	43	2	45	0.00000
Polynucleobacter_sp._MWH-P3-07-1	1743173	S	39	5	44	0.00000
Polynucleobacter_sp._LimPoW16	1743162	S	36	1	37	0.00000
Polynucleobacter_sp._MWH-Braz-FAM2G	1855883	S	34	4	38	0.00000
Polynucleobacter_sp._AP-Nino-20-G2	2576917	S	33	7	40	0.00000
Polynucleobacter_sp._MWH-Aus1W21	1855880	S	33	7	40	0.00000
Polynucleobacter_sp._MWH-UH21B	1743174	S	31	5	36	0.00000
Polynucleobacter_sp._MG-6-Vaara-E2	2576932	S	31	5	36	0.00000
Polynucleobacter_sp._VK25	1758398	S	31	7	38	0.00000
Polynucleobacter_sp._AP-Ainpum-60-G11	2576926	S	29	6	35	0.00000
Polynucleobacter_sp._AP-Kolm-20A-A1	2081041	S	28	15	43	0.00000
Polynucleobacter_sp._MWH-UH35A	1855619	S	27	4	31	0.00000
Polynucleobacter_sp._es-EL-1	1855652	S	26	4	30	0.00000
Polynucleobacter_sp._TSB-Sco08W16	1758374	S	25	3	28	0.00000
Polynucleobacter_sp._MWH-Spelu-300-X4	2689109	S	25	1	26	0.00000
Polynucleobacter_sp._MWH-UH25E	1855616	S	25	4	29	0.00000
Polynucleobacter_sp._AP-Titi-500A-B4	2576923	S	24	5	29	0.00000
Polynucleobacter_sp._JS-JIR-II-50	2576919	S	23	10	33	0.00000
Polynucleobacter_sp._MWH-S4W17	1855910	S	23	11	34	0.00000
Polynucleobacter_sp._es-MAR-2	1819725	S	22	4	26	0.00000
Polynucleobacter_sp._JS-Mosq-20-D10	2576922	S	21	7	28	0.00000
Polynucleobacter_sp._MWH-Svant-W18	1855909	S	19	3	22	0.00000
Polynucleobacter_sp._JS-JIR-II-b4	1758390	S	19	10	29	0.00000
Polynucleobacter_sp._JS-JIR-5-A7	1758395	S	17	45	62	0.00000
Polynucleobacter_sp._MG-Unter2-18	2081052	S	15	10	25	0.00000
Polynucleobacter_sp._AP-Sving-400A-A2	2081049	S	14	7	21	0.00000
Polynucleobacter_sp._AP-Melu-1000-A1	2081042	S	14	5	19	0.00000
Polynucleobacter_sp._Adler-ghost	2770234	S	13	5	18	0.00000
Polynucleobacter_sp._AP-Elch-400A-B2	2576930	S	12	5	17	0.00000
Polynucleobacter_sp._MWH-UH2A	1855617	S	12	2	14	0.00000
Polynucleobacter_sp._AP-Jannik-300A-C4	2576928	S	11	11	22	0.00000
Polynucleobacter_necessarius	576610	S	163	27	190	0.00001
Polynucleobacter_asymbioticus	576611	S	94	13	107	0.00001
Polynucleobacter_difficilis	556054	S	78	6	84	0.00001
Polynucleobacter_acidiphobus	556053	S	55	3	58	0.00000
Polynucleobacter_paneuropaeus	2527775	S	48	5	53	0.00000
Polynucleobacter_wuianus	1743168	S	22	6	28	0.00000
Polynucleobacter_duraquae	1835254	S	22	13	35	0.00000
Lautropia_mirabilis	47671	S	1577	310	1887	0.00014
Chitinimonas_arctica	2594795	S	959	83	1042	0.00008
Mycetohabitans_rhizoxinica	412963	S	955	68	1023	0.00007
Mycoavidus_sp._HKI	2840467	S	108	11	119	0.00001
Mycoavidus_sp._B2-EB	2651972	S	36	7	43	0.00000
Mycoavidus_cysteinexigens	1553431	S	78	9	87	0.00001
Limnobacter_sp._SAORIC-580	2732163	S	188	9	197	0.00001
Candidatus_Vallotia_cooleyia	1177211	S	41	5	46	0.00000
Candidatus_Vallotia_lariciata	2018052	S	36	15	51	0.00000
Candidatus_Vallotia_sp._(ex_Adelges_kitamiensis)	2864217	S	28	11	39	0.00000
Candidatus_Vallotia_tarda	1177213	S	27	5	32	0.00000
Ephemeroptericola_cinctiostellae	2268024	S	91	6	97	0.00001
Variovorax_sp._HW608	1034889	S	6426	1176	7602	0.00055
Variovorax_sp._PBS-H4	434008	S	3761	2537	6298	0.00046
Variovorax_sp._WDL1	207745	S	3361	5623	8984	0.00065
Variovorax_sp._PBL-H6	434009	S	3341	3315	6656	0.00048
Variovorax_sp._RA8	662548	S	3313	2745	6058	0.00044
Variovorax_sp._PAMC_28711	1795631	S	2647	487	3134	0.00023
Variovorax_sp._RKNM96	2681552	S	2513	1015	3528	0.00025
Variovorax_sp._PAMC26660	2762322	S	2088	558	2646	0.00019
Variovorax_sp._PAMC28562	2762323	S	2048	191	2239	0.00016
Variovorax_sp._SRS16	282217	S	1735	3942	5677	0.00041
Variovorax_sp._38R	2774875	S	1425	1886	3311	0.00024
Variovorax_sp._PBL-E5	434014	S	1412	3720	5132	0.00037
Variovorax_sp._PDNC026	2811425	S	55	2089	2144	0.00015
Variovorax_sp._PMC12	2126319	S	33	1610	1643	0.00012
Variovorax_paradoxus	34073	S	13298	12741	26039	0.00188
Variovorax_boronicumulans	436515	S	2068	1606	3674	0.00027
Hydrogenophaga_sp._PBC	795665	S	3899	4977	8876	0.00064
Hydrogenophaga_sp._YM1	2806262	S	3842	2149	5991	0.00043
Hydrogenophaga_sp._BA0156	2716225	S	3839	2978	6817	0.00049
Hydrogenophaga_sp._BPS33	2651974	S	2890	2460	5350	0.00039
Hydrogenophaga_sp._SL48	2806347	S	2433	646	3079	0.00022
Hydrogenophaga_sp._RAC07	1842537	S	1949	718	2667	0.00019
Hydrogenophaga_sp._PBL-H3	434010	S	1904	1897	3801	0.00027
Hydrogenophaga_sp._PAMC20947	2565558	S	948	70	1018	0.00007
Hydrogenophaga_sp._NH-16	2184519	S	911	2156	3067	0.00022
Hydrogenophaga_taeniospiralis	65656	S	2069	693	2762	0.00020
Hydrogenophaga_pseudoflava	47421	S	934	1723	2657	0.00019
Hydrogenophaga_crassostreae	1763535	S	837	58	895	0.00006
Acidovorax_sp._YS12	2738413	S	2066	1987	4053	0.00029
Acidovorax_sp._JMULE5	2518343	S	1603	487	2090	0.00015
Acidovorax_sp._KKS102	358220	S	1517	1216	2733	0.00020
Acidovorax_sp._RAC01	1842533	S	1434	1298	2732	0.00020
Acidovorax_sp._HDW3	2714923	S	1156	928	2084	0.00015
Acidovorax_sp._1608163	2478662	S	1027	239	1266	0.00009
Acidovorax_sp._T1	1858609	S	791	3210	4001	0.00029
Acidovorax_avenae	80867	S	4274	2836	7110	0.00051
Acidovorax_monticola	1926868	S	2652	1156	3808	0.00028
Acidovorax_antarcticus	2743470	S	2170	1851	4021	0.00029
Acidovorax_carolinensis	553814	S	1501	1337	2838	0.00021
Acidovorax_citrulli	80869	S	1236	1864	3100	0.00022
Acidovorax_cattleyae	80868	S	1034	763	1797	0.00013
Acidovorax_radicis	758826	S	1023	229	1252	0.00009
Ramlibacter_tataouinensis	94132	S	21121	9553	30674	0.00222
Comamonas_sp._NLF-7-7	2597701	S	1502	1282	2784	0.00020
Comamonas_sp._NLF-1-9	2853163	S	1221	788	2009	0.00015
Comamonas_sp._B21-038	2918299	S	838	222	1060	0.00008
Comamonas_sp._Y33R10-2	2853257	S	238	49	287	0.00002
Comamonas_serinivorans	1082851	S	1952	611	2563	0.00019
Comamonas_aquatica	225991	S	1934	2105	4039	0.00029
Comamonas_testosteroni	285	S	1138	1707	2845	0.00021
Comamonas_koreensis	160825	S	843	563	1406	0.00010
Comamonas_odontotermitis	379895	S	749	164	913	0.00007
Comamonas_piscis	1562974	S	635	133	768	0.00006
Comamonas_thiooxydans	363952	S	595	1334	1929	0.00014
Comamonas_kerstersii	225992	S	477	287	764	0.00006
Comamonas_fluminis	2796366	S	352	168	520	0.00004
Rhodoferax_sp._BAB1	2741720	S	2356	721	3077	0.00022
Rhodoferax_sp._AJA081-3	2752316	S	795	65	860	0.00006
Rhodoferax_sp._PAMC_29310	2822760	S	558	70	628	0.00005
Rhodoferax_sp._MIZ03	2798804	S	380	44	424	0.00003
Rhodoferax_koreense	1842727	S	3451	2021	5472	0.00040
Rhodoferax_sediminis	2509614	S	2546	434	2980	0.00022
Rhodoferax_ferrireducens	192843	S	1108	84	1192	0.00009
Rhodoferax_saidenbachensis	1484693	S	774	95	869	0.00006
Rhodoferax_antarcticus	81479	S	516	44	560	0.00004
Rhodoferax_aquaticus	2527691	S	317	35	352	0.00003
Schlegelella_thermodepolymerans	215580	S	6751	3605	10356	0.00075
Schlegelella_brevitalea	413882	S	5196	824	6020	0.00043
Diaphorobacter_sp._HDW4A	2714924	S	1320	1408	2728	0.00020
Diaphorobacter_sp._HDW4B	2714925	S	1135	158	1293	0.00009
Diaphorobacter_sp._MNS-0	2866628	S	155	1369	1524	0.00011
Diaphorobacter_sp._JS3051	2792224	S	122	2134	2256	0.00016
Diaphorobacter_sp._JS3050	2735554	S	121	1401	1522	0.00011
Diaphorobacter_ruginosibacter	1715720	S	1725	346	2071	0.00015
Diaphorobacter_aerolatus	1288495	S	1215	2101	3316	0.00024
Diaphorobacter_nitroreducens	164759	S	241	694	935	0.00007
[Acidovorax]_ebreus	721785	S	213	1333	1546	0.00011
Delftia_tsuruhatensis	180282	S	1707	5056	6763	0.00049
Delftia_acidovorans	80866	S	1289	2554	3843	0.00028
Delftia_lacustris	558537	S	512	3134	3646	0.00026
Delftia_sp._Cs1-4	742013	S	162	391	553	0.00004
Delftia_sp._HK171	1920191	S	113	316	429	0.00003
Delftia_sp._WY8	2708352	S	10	747	757	0.00005
Polaromonas_sp._JS666	296591	S	2875	2098	4973	0.00036
Polaromonas_naphthalenivorans	216465	S	1796	307	2103	0.00015
Polaromonas_vacuolata	37448	S	196	23	219	0.00002
Kinneretia_sp._DAIF2	2714952	S	4691	1873	6564	0.00047
Kinneretia_sp._XES5	2877940	S	1646	2315	3961	0.00029
Ottowia_sp._27C	2816950	S	2068	438	2506	0.00018
Ottowia_sp._oral_taxon_894	1658672	S	829	130	959	0.00007
Ottowia_oryzae	2109914	S	1588	385	1973	0.00014
Alicycliphilus_denitrificans	179636	S	4137	8228	12365	0.00089
Melaminivora_sp._SC2-9	2109913	S	1891	2407	4298	0.00031
Melaminivora_jejuensis	1267217	S	1466	1234	2700	0.00020
Serpentinimonas_maccroryi	1458426	S	1318	478	1796	0.00013
Serpentinimonas_raichei	1458425	S	993	400	1393	0.00010
Verminephrobacter_eiseniae	364317	S	1962	263	2225	0.00016
Hylemonella_gracilis	80880	S	1742	274	2016	0.00015
Pulveribacter_suum	2116657	S	1560	882	2442	0.00018
Simplicispira_suum	2109915	S	1218	499	1717	0.00012
Limnohabitans_sp._63ED37-2	1678128	S	609	70	679	0.00005
Limnohabitans_sp._103DPR2	1678129	S	179	14	193	0.00001
Curvibacter_sp._AEP1-3	1844971	S	622	48	670	0.00005
Candidatus_Symbiobacter_mobilis	1436290	S	609	23	632	0.00005
Massilia_sp._WG5	1707785	S	3973	1912	5885	0.00043
Massilia_sp._HC52	2852099	S	3468	1066	4534	0.00033
Massilia_sp._LPB0304	2769491	S	3266	907	4173	0.00030
Massilia_sp._DM-R-R2A-13	2899220	S	3038	755	3793	0.00027
Massilia_sp._YMA4	1593482	S	2642	1458	4100	0.00030
Massilia_sp._NP310	2861282	S	2551	1793	4344	0.00031
Massilia_sp._PAMC28688	2861283	S	1990	336	2326	0.00017
Massilia_sp._NR_4-1	1678028	S	425	1465	1890	0.00014
Massilia_sp._MB5	2919578	S	380	1355	1735	0.00013
Massilia_sp._Dwa41.01b	2709302	S	57	2069	2126	0.00015
Massilia_sp._Se16.2.3	2709303	S	39	1429	1468	0.00011
Massilia_violaceinigra	2045208	S	4492	1362	5854	0.00042
Massilia_putida	1141883	S	4267	1475	5742	0.00041
Massilia_flava	871742	S	4241	1124	5365	0.00039
Massilia_albidiflava	321983	S	2780	1179	3959	0.00029
Massilia_lutea	321985	S	2658	871	3529	0.00025
Massilia_umbonata	864828	S	2541	1088	3629	0.00026
Massilia_plicata	321984	S	2344	665	3009	0.00022
Massilia_armeniaca	2072590	S	2309	1287	3596	0.00026
Massilia_oculi	945844	S	2142	1444	3586	0.00026
Massilia_antarctica	2765360	S	1873	741	2614	0.00019
Duganella_sp._GN2-R2	2728020	S	3095	1435	4530	0.00033
Duganella_sp._AF9R3	2728021	S	2032	470	2502	0.00018
Herbaspirillum_robiniae	2014887	S	2264	950	3214	0.00023
Herbaspirillum_seropedicae	964	S	1623	812	2435	0.00018
Herbaspirillum_hiltneri	341045	S	1601	311	1912	0.00014
Herbaspirillum_frisingense	92645	S	1597	591	2188	0.00016
Herbaspirillum_rubrisubalbicans	80842	S	1467	775	2242	0.00016
Herbaspirillum_huttiense	863372	S	1035	488	1523	0.00011
Herbaspirillum_sp._meg3	2025949	S	995	131	1126	0.00008
Janthinobacterium_sp._17J80-10	2497863	S	1750	290	2040	0.00015
Janthinobacterium_sp._1_2014MBL_MicDiv	1644131	S	1321	525	1846	0.00013
Janthinobacterium_sp._Marseille	375286	S	620	177	797	0.00006
Janthinobacterium_sp._LM6	1938606	S	584	387	971	0.00007
Janthinobacterium_sp._PAMC25594	2861284	S	500	331	831	0.00006
Janthinobacterium_sp._HH102	1537274	S	241	409	650	0.00005
Janthinobacterium_sp._B9-8	1236179	S	112	35	147	0.00001
Janthinobacterium_agaricidamnosum	55508	S	1805	3102	4907	0.00035
Janthinobacterium_tructae	2590869	S	422	239	661	0.00005
Janthinobacterium_lividum	29581	S	420	463	883	0.00006
Janthinobacterium_svalbardensis	368607	S	398	219	617	0.00004
Collimonas_fungivorans	158899	S	2217	673	2890	0.00021
Collimonas_arenae	279058	S	1658	231	1889	0.00014
Collimonas_pratensis	279113	S	1482	325	1807	0.00013
Noviherbaspirillum_sp._UKPF54	2601898	S	4462	846	5308	0.00038
Undibacterium_sp._YM2	2058625	S	209	105	314	0.00002
Undibacterium_sp._KW1	2058624	S	162	81	243	0.00002
Undibacterium_parvum	401471	S	259	40	299	0.00002
Herminiimonas_arsenitoxidans	1809410	S	361	64	425	0.00003
Glaciimonas_sp._PAMC28666	2807626	S	271	19	290	0.00002
Oxalobacter_formigenes	847	S	150	15	165	0.00001
Achromobacter_xylosoxidans	85698	S	6705	11992	18697	0.00135
Achromobacter_sp._AONIH1	1758194	S	2067	2951	5018	0.00036
Achromobacter_sp._MFA1_R4	1881016	S	1958	612	2570	0.00019
Achromobacter_sp._77	2756133	S	377	915	1292	0.00009
Achromobacter_sp._B7	2282475	S	254	587	841	0.00006
Achromobacter_sp._ES-001	2860286	S	231	755	986	0.00007
Achromobacter_spanius	217203	S	3366	1485	4851	0.00035
Achromobacter_denitrificans	32002	S	3106	2374	5480	0.00040
Achromobacter_deleyi	1353891	S	2354	1722	4076	0.00029
Achromobacter_insolitus	217204	S	1618	478	2096	0.00015
Achromobacter_pestifer	1353889	S	1303	947	2250	0.00016
Achromobacter_mucicolens	1389922	S	738	1099	1837	0.00013
Achromobacter_ruhlandii	72557	S	35	1559	1594	0.00012
Bordetella_sp._H567	1697043	S	2072	268	2340	0.00017
Bordetella_sp._N	1746199	S	1976	246	2222	0.00016
Bordetella_genomosp._13	463040	S	3070	2457	5527	0.00040
Bordetella_bronchialis	463025	S	2938	428	3366	0.00024
Bordetella_petrii	94624	S	2508	3814	6322	0.00046
Bordetella_genomosp._8	1416806	S	2319	298	2617	0.00019
Bordetella_flabilis	463014	S	2243	208	2451	0.00018
Bordetella_genomosp._9	1416803	S	2078	591	2669	0.00019
Bordetella_hinzii	103855	S	1888	895	2783	0.00020
Bordetella_trematum	123899	S	1454	695	2149	0.00016
Bordetella_pseudohinzii	1331258	S	1109	538	1647	0.00012
Bordetella_bronchiseptica	518	S	1102	4246	5348	0.00039
Bordetella_holmesii	35814	S	724	255	979	0.00007
Bordetella_avium	521	S	620	89	709	0.00005
Bordetella_genomosp._6	463024	S	368	664	1032	0.00007
Bordetella_pertussis	520	S	234	8647	8881	0.00064
Bordetella_parapertussis	519	S	119	1296	1415	0.00010
Pigmentiphaga_sp._H8	2488560	S	3790	547	4337	0.00031
Pigmentiphaga_aceris	1940612	S	1069	84	1153	0.00008
Castellaniella_defragrans	75697	S	2540	1942	4482	0.00032
Orrella_dioscoreae	1851544	S	1984	785	2769	0.00020
Orrella_marina	2163011	S	294	54	348	0.00003
Orrella_sp._f23	2782176	S	132	8	140	0.00001
Alcaligenes_faecalis	511	S	571	507	1078	0.00008
Alcaligenes_sp._SORT26	2813780	S	117	22	139	0.00001
Alcaligenes_sp._DN25	1367435	S	21	46	67	0.00000
Alcaligenes_aquatilis	323284	S	81	295	376	0.00003
Alcaligenes_ammonioxydans	2582914	S	13	140	153	0.00001
Pusillimonas_thiosulfatoxidans	2028345	S	635	190	825	0.00006
Pusillimonas_sp._T7-7	1007105	S	400	70	470	0.00003
Pusillimonas_sp._DMV24BSW_D	2716226	S	161	12	173	0.00001
Paralcaligenes_sp._KSB-10	2901142	S	753	34	787	0.00006
Kerstersia_gyiorum	206506	S	626	147	773	0.00006
Advenella_kashmirensis	310575	S	296	15	311	0.00002
Advenella_mimigardefordensis	302406	S	239	12	251	0.00002
Oligella_ureolytica	90244	S	49	40	89	0.00001
Oligella_urethralis	90245	S	38	6	44	0.00000
Paenalcaligenes_hominis	643674	S	59	3	62	0.00000
Basilea_psittacipulmonis	1472345	S	25	2	27	0.00000
Pelistega_ratti	2652177	S	22	3	25	0.00000
Rhizobacter_sp._AJA081-3	2753607	S	6547	1917	8464	0.00061
Rhizobacter_gummiphilus	946333	S	6057	1372	7429	0.00054
Sphaerotilus_sp._FB-5	2914710	S	4018	2908	6926	0.00050
Sphaerotilus_natans	34103	S	3569	1603	5172	0.00037
Methylibium_sp._Pch-M	2082386	S	2172	2090	4262	0.00031
Methylibium_petroleiphilum	105560	S	2089	2202	4291	0.00031
Rubrivivax_gelatinosus	28068	S	6347	2275	8622	0.00062
Aquincola_tertiaricarbonis	391953	S	5455	2168	7623	0.00055
Mitsuaria_sp._7	1658665	S	4798	1094	5892	0.00043
Thiomonas_sp._X19	1050370	S	1841	684	2525	0.00018
Thiomonas_intermedia	926	S	1172	176	1348	0.00010
Thiomonas_arsenitoxydans	426114	S	431	755	1186	0.00009
Leptothrix_cholodnii	34029	S	4296	1567	5863	0.00042
Xylophilus_rhododendri	2697032	S	2998	995	3993	0.00029
Ideonella_dechloratans	36863	S	2464	1693	4157	0.00030
Tepidimonas_taiwanensis	307486	S	2329	961	3290	0.00024
Aquabacterium_olei	1296669	S	2106	636	2742	0.00020
Roseateles_depolymerans	76731	S	1996	438	2434	0.00018
Inhella_inkyongensis	392593	S	1471	267	1738	0.00013
Paucibacter_sp._KCTC_42545	1768242	S	1186	230	1416	0.00010
Candidatus_Ichthyocystis_hellenicum	1561003	S	17	0	17	0.00000
Sutterella_megalosphaeroides	2494234	S	713	145	858	0.00006
Sutterella_faecalis	2584944	S	520	89	609	0.00004
Sutterella_wadsworthensis	40545	S	226	32	258	0.00002
Turicimonas_muris	1796652	S	105	9	114	0.00001
Thauera_sp._MZ1T	85643	S	3429	3812	7241	0.00052
Thauera_sp._K11	2005884	S	3108	2046	5154	0.00037
Thauera_humireducens	1134435	S	2145	1382	3527	0.00025
Thauera_chlorobenzoica	96773	S	1761	1744	3505	0.00025
Thauera_aromatica	59405	S	1497	2272	3769	0.00027
Thauera_hydrothermalis	2184083	S	899	286	1185	0.00009
Azoarcus_sp._KH32C	748247	S	3598	717	4315	0.00031
Azoarcus_sp._DD4	2027405	S	2619	1847	4466	0.00032
Azoarcus_olearius	418699	S	2954	1189	4143	0.00030
Azoarcus_communis	41977	S	2131	905	3036	0.00022
Nitrogeniibacter_mangrovi	2016596	S	2690	614	3304	0.00024
Nitrogeniibacter_aestuarii	2815343	S	1212	143	1355	0.00010
Aromatoleum_petrolei	76116	S	3346	883	4229	0.00031
Aromatoleum_aromaticum	551760	S	2699	2026	4725	0.00034
Aromatoleum_bremense	76115	S	2466	1474	3940	0.00028
Aromatoleum_pumilum	2067960	S	2362	967	3329	0.00024
Azospira_restricta	404405	S	5712	3205	8917	0.00064
Azospira_inquinata	2785627	S	496	46	542	0.00004
Azospira_sp._I09	1765049	S	410	1292	1702	0.00012
Azospira_oryzae	146939	S	357	919	1276	0.00009
Niveibacterium_microcysteis	2811415	S	1986	313	2299	0.00017
Oryzomicrobium_terrae	1735038	S	1473	413	1886	0.00014
Rugosibacter_aromaticivorans	1565605	S	397	75	472	0.00003
Dechloromonas_denitrificans	281362	S	2136	569	2705	0.00020
Dechloromonas_sp._HYN0024	2231055	S	594	129	723	0.00005
Dechloromonas_sp._TW-R-39-2	2654218	S	340	160	500	0.00004
Ferribacterium_limneticum	76259	S	2731	500	3231	0.00023
Quatrionicoccus_australiensis	138118	S	1137	359	1496	0.00011
Fluviibacter_phosphoraccumulans	1751046	S	191	72	263	0.00002
Usitatibacter_rugosus	2732067	S	8896	1131	10027	0.00072
Usitatibacter_palustris	2732487	S	6985	945	7930	0.00057
Nitrosospira_multiformis	1231	S	6672	227	6899	0.00050
Nitrosospira_lacus	1288494	S	540	19	559	0.00004
Nitrosospira_sp._NRS527	155925	S	238	157	395	0.00003
Nitrosospira_briensis	35799	S	208	147	355	0.00003
Nitrosomonas_communis	44574	S	2877	71	2948	0.00021
Nitrosomonas_ureae	44577	S	259	8	267	0.00002
Nitrosomonas_europaea	915	S	156	24	180	0.00001
Nitrosomonas_eutropha	916	S	100	61	161	0.00001
Nitrosomonas_stercoris	1444684	S	45	27	72	0.00001
Denitratisoma_sp._DHT3	1981880	S	2101	1729	3830	0.00028
Denitratisoma_oestradiolicum	311182	S	1051	190	1241	0.00009
Sulfuritalea_hydrogenivorans	748811	S	2404	398	2802	0.00020
Methyloversatilis_sp._RAC08	1842540	S	2044	306	2350	0.00017
Sterolibacterium_denitrificans	157592	S	1606	504	2110	0.00015
Thiobacillus_denitrificans	36861	S	3059	669	3728	0.00027
Sulfuritortus_calidifontis	1914471	S	2210	1055	3265	0.00024
Sideroxydans_sp._MIZ01	2764705	S	1071	232	1303	0.00009
Sideroxydans_lithotrophicus	63745	S	840	132	972	0.00007
Ferrigenium_kumadai	1682490	S	1389	310	1699	0.00012
Candidatus_Nitrotoga_arctica	453162	S	196	73	269	0.00002
Candidatus_Nitrotoga_sp._AM1P	2559597	S	123	49	172	0.00001
Ferriphaselus_amnicola	1188319	S	412	59	471	0.00003
Gallionella_capsiferriformans	370405	S	323	31	354	0.00003
Sulfuriferula_plumbiphila	171865	S	953	179	1132	0.00008
Sulfuriferula_sp._AH1	1985873	S	473	101	574	0.00004
Sulfuriferula_nivalis	2675298	S	89	7	96	0.00001
Sulfurimicrobium_lacus	2715678	S	1511	215	1726	0.00012
Sulfuricella_denitrificans	649841	S	844	86	930	0.00007
Methylovorus_glucosotrophus	266009	S	144	126	270	0.00002
Methylovorus_sp._MP688	887061	S	119	115	234	0.00002
Methylobacillus_flagellatus	405	S	398	111	509	0.00004
Methylophilus_sp._TWE2	1662285	S	90	6	96	0.00001
Methylophilus_medardicus	2588534	S	86	7	93	0.00001
Candidatus_Methylopumilus_turicensis	1581680	S	37	5	42	0.00000
Candidatus_Methylopumilus_universalis	2588536	S	33	16	49	0.00000
Candidatus_Methylopumilus_planktonicus	1581557	S	21	11	32	0.00000
Candidatus_Methylopumilus_rimovensis	2588535	S	18	3	21	0.00000
Methylotenera_mobilis	359408	S	84	10	94	0.00001
Methylotenera_versatilis	1055487	S	29	3	32	0.00000
Methyloradius_palustris	2778876	S	93	8	101	0.00001
Chromobacterium_sp._ATCC_53434	2059672	S	1359	514	1873	0.00014
Chromobacterium_sp._Rain0013	2292447	S	257	326	583	0.00004
Chromobacterium_sp._Beijing	2735795	S	238	691	929	0.00007
Chromobacterium_vaccinii	1108595	S	1343	626	1969	0.00014
Chromobacterium_violaceum	536	S	1331	859	2190	0.00016
Chromobacterium_phragmitis	2202141	S	807	382	1189	0.00009
Chromobacterium_paludis	2605945	S	784	334	1118	0.00008
Chromobacterium_rhizoryzae	1778675	S	213	1148	1361	0.00010
Chromobacterium_haemolyticum	394935	S	135	905	1040	0.00008
Iodobacter_ciconiae	2496266	S	76	20	96	0.00001
Iodobacter_fluviatilis	537	S	52	16	68	0.00000
Jeongeupia_sp._USM3	1906741	S	1910	561	2471	0.00018
Jeongeupia_sp._HS-3	1009682	S	876	194	1070	0.00008
Paludibacterium_paludis	1225769	S	948	204	1152	0.00008
Paludibacterium_yongneupense	400061	S	877	136	1013	0.00007
Paludibacterium_sp._B53371	2806263	S	627	142	769	0.00006
Pseudogulbenkiania_sp._NH8B	748280	S	2045	750	2795	0.00020
Vogesella_sp._LIG4	1192162	S	1094	314	1408	0.00010
Vogesella_sp._XCS3	2877939	S	520	154	674	0.00005
Aquitalea_aquatilis	1537400	S	376	122	498	0.00004
Aquitalea_denitrificans	519081	S	229	116	345	0.00002
Aquitalea_sp._USM4	1590041	S	218	117	335	0.00002
Aquitalea_magnusonii	332411	S	214	120	334	0.00002
Microvirgula_aerodenitrificans	57480	S	1209	252	1461	0.00011
Laribacter_hongkongensis	168471	S	983	983	1966	0.00014
Aquaspirillum_sp._LM1	1938604	S	631	102	733	0.00005
Chitinibacter_bivalviorum	2739434	S	111	95	206	0.00001
Chitinibacter_fontanus	1737446	S	105	16	121	0.00001
Deefgea_sp._D25	2865840	S	69	11	80	0.00001
Deefgea_sp._D17	2739061	S	60	26	86	0.00001
Deefgea_sp._D13	2864875	S	54	20	74	0.00001
Neisseria_sp._KEM232	655307	S	231	29	260	0.00002
Neisseria_sp._oral_taxon_014	641148	S	130	47	177	0.00001
Neisseria_sp._ZJ785	2709396	S	75	8	83	0.00001
Neisseria_sp._Dent_CA1/247	2912675	S	51	17	68	0.00000
Neisseria_bacilliformis	267212	S	305	69	374	0.00003
Neisseria_shayeganii	607712	S	253	36	289	0.00002
Neisseria_meningitidis	487	S	229	1383	1612	0.00012
Neisseria_chenwenguii	1853278	S	226	28	254	0.00002
Neisseria_elongata	495	S	186	84	270	0.00002
Neisseria_dentiae	194197	S	175	21	196	0.00001
Neisseria_musculi	1815583	S	132	12	144	0.00001
Neisseria_gonorrhoeae	485	S	98	252	350	0.00003
Neisseria_lactamica	486	S	85	77	162	0.00001
Neisseria_animalis	492	S	84	12	96	0.00001
Neisseria_weaveri	28091	S	78	30	108	0.00001
Neisseria_brasiliensis	2666100	S	60	61	121	0.00001
Neisseria_canis	493	S	60	12	72	0.00001
Neisseria_animaloris	326522	S	57	10	67	0.00000
Neisseria_zalophi	640030	S	55	6	61	0.00000
Neisseria_wadsworthii	607711	S	52	9	61	0.00000
Neisseria_sicca	490	S	49	80	129	0.00001
Neisseria_weixii	1853276	S	49	5	54	0.00000
Neisseria_dumasiana	1931275	S	48	16	64	0.00000
Neisseria_mucosa	488	S	45	87	132	0.00001
Neisseria_arctica	1470200	S	39	4	43	0.00000
Neisseria_macacae	496	S	32	58	90	0.00001
Neisseria_zoodegmatis	326523	S	28	13	41	0.00000
Neisseria_cinerea	483	S	21	10	31	0.00000
Neisseria_subflava	28449	S	18	11	29	0.00000
Neisseria_flavescens	484	S	14	8	22	0.00000
Crenobacter_cavernae	2290923	S	2254	805	3059	0.00022
Chitinolyticbacter_meiyuanensis	682798	S	1582	212	1794	0.00013
Vitreoscilla_filiformis	63	S	629	126	755	0.00005
Vitreoscilla_massiliensis	1689272	S	73	19	92	0.00001
Kingella_potus	265175	S	174	23	197	0.00001
Kingella_denitrificans	502	S	121	79	200	0.00001
Kingella_oralis	505	S	115	18	133	0.00001
Kingella_kingae	504	S	44	7	51	0.00000
Eikenella_corrodens	539	S	217	148	365	0.00003
Eikenella_exigua	2528037	S	58	46	104	0.00001
Uruburuella_suis	252130	S	174	27	201	0.00001
Uruburuella_testudinis	1282863	S	150	29	179	0.00001
Paralysiella_testudinis	2809020	S	163	36	199	0.00001
Alysiella_crassa	153491	S	43	13	56	0.00000
Alysiella_filiformis	194196	S	23	7	30	0.00000
Conchiformibius_steedae	153493	S	66	11	77	0.00001
Neisseriaceae_bacterium_CCUG_44465	2917790	S	38	6	44	0.00000
Snodgrassella_alvi	1196083	S	38	13	51	0.00000
Morococcus_cerebrosus	1056807	S	31	132	163	0.00001
Aquella_oligotrophica	2067065	S	23	1	24	0.00000
Simonsiella_muelleri	72	S	19	3	22	0.00000
Casimicrobium_huifangae	2591109	S	1533	805	2338	0.00017
Candidatus_Kinetoplastibacterium_sorsogonicusi	1576550	S	11	2	13	0.00000
Lysobacter_sp._CECT_30171	2822368	S	5414	1412	6826	0.00049
Lysobacter_sp._KIS68-7	2904252	S	4757	991	5748	0.00042
Lysobacter_sp._5GHs7-4	2904253	S	4340	1413	5753	0.00042
Lysobacter_sp._TY2-98	2290922	S	4314	740	5054	0.00037
Lysobacter_sp._S4-A87	2925843	S	3986	1385	5371	0.00039
Lysobacter_sp._CW239	2762611	S	3247	1906	5153	0.00037
Lysobacter_sp._K5869	2820808	S	2478	1237	3715	0.00027
Lysobacter_sp._H21R4	2781021	S	758	1522	2280	0.00016
Lysobacter_sp._CJ11	2764185	S	453	42	495	0.00004
Lysobacter_sp._H23M47	2781024	S	380	1908	2288	0.00017
Lysobacter_sp._HDW10	2714936	S	313	93	406	0.00003
Lysobacter_soli	453783	S	16435	3653	20088	0.00145
Lysobacter_enzymogenes	69	S	10421	3986	14407	0.00104
Lysobacter_solisilvae_(ex_Woo_and_Kim_2022)	2865112	S	6909	2182	9091	0.00066
Lysobacter_capsici	435897	S	6203	6607	12810	0.00093
Lysobacter_solisilvae_(ex_Kim_et_al._2021)	2763317	S	5771	1247	7018	0.00051
Lysobacter_maris	1605891	S	4700	1220	5920	0.00043
Lysobacter_antibioticus	84531	S	4463	987	5450	0.00039
Lysobacter_arenosi	2795387	S	3840	1303	5143	0.00037
Lysobacter_lycopersici	1324796	S	3667	845	4512	0.00033
Lysobacter_alkalisoli	2591633	S	3543	684	4227	0.00031
Lysobacter_oculi	2698682	S	2653	785	3438	0.00025
Lysobacter_ciconiae	2781022	S	640	1174	1814	0.00013
Lysobacter_gummosus	262324	S	464	3849	4313	0.00031
Lysobacter_avium	2781023	S	355	1609	1964	0.00014
Stenotrophomonas_maltophilia	40324	S	8496	12996	21492	0.00155
Stenotrophomonas_sp._ESTM1D_MKCIP4_1	2072414	S	564	250	814	0.00006
Stenotrophomonas_sp._SAU14A_NAIMI4_5	2072413	S	512	346	858	0.00006
Stenotrophomonas_sp._ZAC14D2_NAIMI4_7	2072405	S	255	297	552	0.00004
Stenotrophomonas_sp._ZAC14A_NAIMI4_1	2072412	S	227	462	689	0.00005
Stenotrophomonas_sp._ZAC14D2_NAIMI4_6	2072406	S	171	363	534	0.00004
Stenotrophomonas_sp._YAU14D1_LEIMI4_1	2072407	S	168	314	482	0.00003
Stenotrophomonas_sp._YAU14A_MKIMI4_1	2072408	S	67	414	481	0.00003
Stenotrophomonas_sp._SAU14A_NAIMI4_8	2072409	S	66	408	474	0.00003
Stenotrophomonas_sp._LM091	1904944	S	1123	463	1586	0.00011
Stenotrophomonas_sp._169	2770322	S	983	173	1156	0.00008
Stenotrophomonas_sp._364	2691571	S	717	295	1012	0.00007
Stenotrophomonas_sp._NA06056	2742129	S	387	201	588	0.00004
Stenotrophomonas_sp._WZN-1	2005046	S	212	267	479	0.00003
Stenotrophomonas_sp._DR822	2871174	S	112	195	307	0.00002
Stenotrophomonas_sp._Pemsol	2040586	S	108	343	451	0.00003
Stenotrophomonas_sp._ASS1	2282124	S	68	332	400	0.00003
Stenotrophomonas_sp._SI-NJAU-1	2886359	S	60	278	338	0.00002
Stenotrophomonas_sp._CW117	2775920	S	60	1421	1481	0.00011
Stenotrophomonas_sp._pho	2211160	S	55	269	324	0.00002
Stenotrophomonas_sp._G4	2303750	S	53	238	291	0.00002
Stenotrophomonas_sp._MYb57	1827305	S	47	214	261	0.00002
Stenotrophomonas_sp._NY11291	2939415	S	34	401	435	0.00003
Stenotrophomonas_sp._SXG-1	2682487	S	31	371	402	0.00003
Stenotrophomonas_rhizophila	216778	S	3397	1079	4476	0.00032
Stenotrophomonas_acidaminiphila	128780	S	2137	5347	7484	0.00054
Stenotrophomonas_indicatrix	2045451	S	100	421	521	0.00004
Xanthomonas_translucens	343	S	3270	4412	7682	0.00056
Xanthomonas_campestris	339	S	2475	1870	4345	0.00031
Xanthomonas_sacchari	56458	S	1892	710	2602	0.00019
Xanthomonas_sp._SS	2724122	S	367	612	979	0.00007
Xanthomonas_sp._GW	2724121	S	327	471	798	0.00006
Xanthomonas_sp._SI	2724123	S	300	504	804	0.00006
Xanthomonas_sp._MLO165	2081477	S	95	152	247	0.00002
Xanthomonas_arboricola	56448	S	1410	1618	3028	0.00022
Xanthomonas_theicola	56464	S	1263	451	1714	0.00012
Xanthomonas_oryzae	347	S	1140	519	1659	0.00012
Xanthomonas_citri	346	S	992	7273	8265	0.00060
Xanthomonas_hyacinthi	56455	S	948	628	1576	0.00011
Xanthomonas_albilineans	29447	S	811	117	928	0.00007
Xanthomonas_vesicatoria	56460	S	767	483	1250	0.00009
Xanthomonas_hortorum	56454	S	731	599	1330	0.00010
Xanthomonas_fragariae	48664	S	708	157	865	0.00006
Xanthomonas_cucurbitae	56453	S	655	130	785	0.00006
Xanthomonas_vasicola	56459	S	511	205	716	0.00005
Xanthomonas_cassavae	56450	S	497	139	636	0.00005
Xanthomonas_axonopodis	53413	S	402	306	708	0.00005
Xanthomonas_euroxanthea	2259622	S	385	490	875	0.00006
Xanthomonas_perforans	442694	S	368	3955	4323	0.00031
Xanthomonas_hydrangeae	2775159	S	367	141	508	0.00004
Xanthomonas_euvesicatoria	456327	S	249	1715	1964	0.00014
Xanthomonas_phaseoli	1985254	S	235	727	962	0.00007
Luteimonas_sp._MC1750	2799326	S	2925	1168	4093	0.00030
Luteimonas_sp._S4-F44	2925842	S	2490	526	3016	0.00022
Luteimonas_sp._JM171	1896164	S	2487	548	3035	0.00022
Luteimonas_sp._MC1572	2799325	S	2283	1203	3486	0.00025
Luteimonas_sp._YGD11-2	2508168	S	2254	1043	3297	0.00024
Luteimonas_sp._D4P002	2901869	S	2161	616	2777	0.00020
Luteimonas_sp._MC1825	2761107	S	2039	1104	3143	0.00023
Luteimonas_granuli	1176533	S	2811	1054	3865	0.00028
Luteimonas_yindakuii	2565782	S	2139	892	3031	0.00022
Luteimonas_chenhongjianii	2006110	S	1870	436	2306	0.00017
Pseudoxanthomonas_suwonensis	314722	S	5763	3173	8936	0.00065
Pseudoxanthomonas_mexicana	128785	S	4875	5281	10156	0.00073
Pseudoxanthomonas_sp._X-1	2571115	S	2381	2313	4694	0.00034
Pseudoxanthomonas_sp._F37	2932492	S	114	4879	4993	0.00036
Pseudoxanthomonas_daejeonensis	266062	S	2058	550	2608	0.00019
Pseudoxanthomonas_spadix	415229	S	1555	623	2178	0.00016
Thermomonas_sp._XSG	2771436	S	2096	1011	3107	0.00022
Thermomonas_sp._HDW16	2714945	S	1421	426	1847	0.00013
Thermomonas_brevis	215691	S	2921	1320	4241	0.00031
Thermomonas_aquatica	2202149	S	2793	1615	4408	0.00032
Thermomonas_carbonis	1463158	S	1973	458	2431	0.00018
Arenimonas_daejeonensis	370777	S	5161	1145	6306	0.00046
Pseudolysobacter_antarcticus	2511995	S	1305	38	1343	0.00010
Xylella_fastidiosa	2371	S	216	45	261	0.00002
Xylella_taiwanensis	1444770	S	160	9	169	0.00001
Luteibacter_sp._321	2911537	S	1792	555	2347	0.00017
Luteibacter_sp._EIF3	2780091	S	1270	210	1480	0.00011
Luteibacter_sp._335	2911538	S	1101	250	1351	0.00010
Luteibacter_sp._353	2911539	S	1066	336	1402	0.00010
Luteibacter_pinisoli	2589080	S	1308	364	1672	0.00012
Luteibacter_rhizovicinus	242606	S	1296	194	1490	0.00011
Luteibacter_anthropi	564369	S	1092	213	1305	0.00009
Rhodanobacter_denitrificans	666685	S	2738	1166	3904	0.00028
Rhodanobacter_sp._FDAARGOS_1247	2778082	S	1663	617	2280	0.00016
Rhodanobacter_thiooxydans	416169	S	1549	780	2329	0.00017
Rhodanobacter_glycinis	582702	S	1193	239	1432	0.00010
Dyella_thiooxydans	445710	S	2120	723	2843	0.00021
Dyella_japonica	231455	S	1237	403	1640	0.00012
Dyella_telluris	2763498	S	1149	331	1480	0.00011
Dyella_terrae	522259	S	785	120	905	0.00007
Dyella_caseinilytica	1849581	S	689	58	747	0.00005
Dyella_sp._M7H15-1	2501295	S	464	51	515	0.00004
Frateuria_sp._5GH9-34	2898793	S	1993	691	2684	0.00019
Frateuria_sp._5GH9-11	1542730	S	1824	810	2634	0.00019
Frateuria_aurantia	81475	S	643	91	734	0.00005
Dokdonella_koreensis	323415	S	4113	779	4892	0.00035
Aerosticca_soli	2010829	S	2053	2949	5002	0.00036
Ahniella_affigens	2021234	S	1032	29	1061	0.00008
Pseudomonas_sp._LPB0260	2614442	S	1129	248	1377	0.00010
Pseudomonas_sp._ATCC_13867	1294143	S	1124	419	1543	0.00011
Pseudomonas_sp._TCU-HL1	1856685	S	1057	162	1219	0.00009
Pseudomonas_sp._SCB32	2653853	S	1026	233	1259	0.00009
Pseudomonas_sp._CC6-YY-74	1930532	S	1009	130	1139	0.00008
Pseudomonas_sp._DY-1	1755504	S	998	137	1135	0.00008
Pseudomonas_sp._PDNC002	2811422	S	986	241	1227	0.00009
Pseudomonas_sp._KNUC1026	2893890	S	863	89	952	0.00007
Pseudomonas_sp._MTM4	2705472	S	775	147	922	0.00007
Pseudomonas_sp._Ost2	2678260	S	754	119	873	0.00006
Pseudomonas_sp._ABC1	2748080	S	687	106	793	0.00006
Pseudomonas_sp._SK	2729423	S	663	632	1295	0.00009
Pseudomonas_sp._MM211	2866808	S	648	64	712	0.00005
Pseudomonas_sp._p1(2021b)	2874628	S	620	363	983	0.00007
Pseudomonas_sp._L5B5	2883205	S	603	118	721	0.00005
Pseudomonas_sp._StFLB209	1028989	S	588	163	751	0.00005
Pseudomonas_sp._Pc102	2678261	S	564	333	897	0.00006
Pseudomonas_sp._OIL-1	2706126	S	552	119	671	0.00005
Pseudomonas_sp._7SR1	1881017	S	544	108	652	0.00005
Pseudomonas_sp._B11D7D	2735906	S	502	105	607	0.00004
Pseudomonas_sp._CMR5c	658630	S	482	150	632	0.00005
Pseudomonas_sp._MSPm1	2726956	S	465	111	576	0.00004
Pseudomonas_sp._HN2-3	2886360	S	443	108	551	0.00004
Pseudomonas_sp._gcc21	2726989	S	434	209	643	0.00005
Pseudomonas_sp._MPC6	2498848	S	405	95	500	0.00004
Pseudomonas_sp._Marseille-Q3773	2866592	S	392	141	533	0.00004
Pseudomonas_sp._LAB-08	143813	S	382	77	459	0.00003
Pseudomonas_sp._HLS-6	2049589	S	358	117	475	0.00003
Pseudomonas_sp._S09G_359	2054919	S	351	93	444	0.00003
Pseudomonas_sp._Leaf58	1736226	S	342	71	413	0.00003
Pseudomonas_sp._15A4	2804761	S	332	93	425	0.00003
Pseudomonas_sp._DG56-2	2320270	S	329	39	368	0.00003
Pseudomonas_sp._URMO17WK12:I11	1283291	S	327	244	571	0.00004
Pseudomonas_sp._ADAK13	2730847	S	321	82	403	0.00003
Pseudomonas_sp._M1	95619	S	318	814	1132	0.00008
Pseudomonas_sp._ADPe	2774873	S	314	836	1150	0.00008
Pseudomonas_sp._S34	1573718	S	293	76	369	0.00003
Pseudomonas_sp._RtIB026	2749999	S	291	187	478	0.00003
Pseudomonas_sp._MM213	2866807	S	273	65	338	0.00002
Pseudomonas_sp._R5-89-07	658644	S	260	89	349	0.00003
Pseudomonas_sp._2hn	2866626	S	260	191	451	0.00003
Pseudomonas_sp._Tri1	2823875	S	257	68	325	0.00002
Pseudomonas_sp._S35	1573719	S	250	74	324	0.00002
Pseudomonas_sp._31-12	2201356	S	236	66	302	0.00002
Pseudomonas_sp._DTU12.3	2073078	S	234	65	299	0.00002
Pseudomonas_sp._RC3H12	2834406	S	232	155	387	0.00003
Pseudomonas_sp._NIBR-H-19	2901380	S	232	56	288	0.00002
Pseudomonas_sp._M30-35	1981174	S	226	14	240	0.00002
Pseudomonas_sp._Seg1	2678259	S	224	56	280	0.00002
Pseudomonas_sp._LG1E9	2219057	S	209	68	277	0.00002
Pseudomonas_sp._PP3	2815936	S	201	85	286	0.00002
Pseudomonas_sp._HN11	1344094	S	201	51	252	0.00002
Pseudomonas_sp._LS.1a	2920387	S	200	94	294	0.00002
Pseudomonas_sp._NS1(2017)	2025658	S	200	58	258	0.00002
Pseudomonas_sp._DR48	2871095	S	200	147	347	0.00003
Pseudomonas_sp._OE_28.3	2745519	S	200	53	253	0.00002
Pseudomonas_sp._HS6	2850559	S	196	58	254	0.00002
Pseudomonas_sp._ADAK18	2730848	S	196	38	234	0.00002
Pseudomonas_sp._DNDY-54	2870860	S	193	105	298	0.00002
Pseudomonas_sp._ACM7	2052956	S	185	36	221	0.00002
Pseudomonas_sp._R2A2	2213057	S	178	227	405	0.00003
Pseudomonas_sp._NIBRBAC000502773	2590776	S	174	99	273	0.00002
Pseudomonas_sp._SCA2728.1_7	2825975	S	168	101	269	0.00002
Pseudomonas_sp._MRSN12121	1611770	S	166	260	426	0.00003
Pseudomonas_sp._HS-18	2879114	S	161	365	526	0.00004
Pseudomonas_sp._14181154	2662033	S	159	193	352	0.00003
Pseudomonas_sp._St316	2678257	S	157	57	214	0.00002
Pseudomonas_sp._LPH1	1898684	S	156	158	314	0.00002
Pseudomonas_sp._R76	1573711	S	155	85	240	0.00002
Pseudomonas_sp._CYM-20-01	2870750	S	149	82	231	0.00002
Pseudomonas_sp._IzPS59	2774459	S	148	78	226	0.00002
Pseudomonas_sp._R84	1573712	S	136	70	206	0.00001
Pseudomonas_sp._CCOS_191	1649877	S	135	124	259	0.00002
Pseudomonas_sp._02C_26	2054914	S	128	315	443	0.00003
Pseudomonas_sp._LTJR-52	2479392	S	128	47	175	0.00001
Pseudomonas_sp._SK3(2021)	2841064	S	128	92	220	0.00002
Pseudomonas_sp._UW4	1207075	S	127	93	220	0.00002
Pseudomonas_sp._RBPA9	2746321	S	123	292	415	0.00003
Pseudomonas_sp._Z003-0.4C(8344-21)	1855380	S	122	96	218	0.00002
Pseudomonas_sp._AO-1	2855434	S	121	129	250	0.00002
Pseudomonas_sp._THAF7b	2587845	S	121	264	385	0.00003
Pseudomonas_sp._FIT81	2837969	S	119	78	197	0.00001
Pseudomonas_sp._phDV1	253237	S	113	428	541	0.00004
Pseudomonas_sp._S07E_245	2866278	S	112	292	404	0.00003
Pseudomonas_sp._SDM007	2812000	S	107	75	182	0.00001
Pseudomonas_sp._B10	118613	S	107	87	194	0.00001
Pseudomonas_sp._FGI182	1259844	S	101	125	226	0.00002
Pseudomonas_sp._Cab53	2678258	S	100	177	277	0.00002
Pseudomonas_sp._BIGb0427	2724470	S	98	245	343	0.00002
Pseudomonas_sp._Y5-11	2749808	S	90	305	395	0.00003
Pseudomonas_sp._3-2	2867408	S	84	123	207	0.00001
Pseudomonas_sp._SORT22	2813842	S	81	215	296	0.00002
Pseudomonas_sp._FDAARGOS_380	2018067	S	81	73	154	0.00001
Pseudomonas_sp._DR_5-09	1534110	S	79	121	200	0.00001
Pseudomonas_sp._09C_129	2054915	S	76	104	180	0.00001
Pseudomonas_sp._AN-B15	2697023	S	75	234	309	0.00002
Pseudomonas_sp._GR_6-02	1659194	S	74	203	277	0.00002
Pseudomonas_sp._ArH3a	2862945	S	74	206	280	0.00002
Pseudomonas_sp._MPFS	2795724	S	72	136	208	0.00002
Pseudomonas_sp._RU47	2005388	S	66	188	254	0.00002
Pseudomonas_sp._S150	2559074	S	65	113	178	0.00001
Pseudomonas_sp._ATCC_43928	676210	S	65	180	245	0.00002
Pseudomonas_sp._HN2	2884805	S	63	62	125	0.00001
Pseudomonas_sp._C27(2019)	2604941	S	62	10	72	0.00001
Pseudomonas_sp._SC3(2021)	2871493	S	62	74	136	0.00001
Pseudomonas_sp._PONIH3	1636610	S	60	366	426	0.00003
Pseudomonas_sp._St29	1500687	S	54	244	298	0.00002
Pseudomonas_sp._BIOMIG1BAC	1758730	S	54	192	246	0.00002
Pseudomonas_sp._MYb193	1827300	S	51	61	112	0.00001
Pseudomonas_sp._BC42	2933816	S	50	275	325	0.00002
Pseudomonas_sp._SWI36	2083052	S	50	156	206	0.00001
Pseudomonas_sp._J380	2605424	S	49	69	118	0.00001
Pseudomonas_sp._LBUM920	2126069	S	48	133	181	0.00001
Pseudomonas_sp._ADAK22	2730851	S	48	134	182	0.00001
Pseudomonas_sp._S49	1573720	S	46	132	178	0.00001
Pseudomonas_sp._CFSAN084952	2664899	S	42	138	180	0.00001
Pseudomonas_sp._A214	1855331	S	42	136	178	0.00001
Pseudomonas_sp._A2	107445	S	42	251	293	0.00002
Pseudomonas_sp._R3-18-08	1173283	S	41	131	172	0.00001
Pseudomonas_sp._Os17	1500686	S	41	225	266	0.00002
Pseudomonas_sp._R32	1573704	S	39	111	150	0.00001
Pseudomonas_sp._PS1(2021)	2866282	S	37	1198	1235	0.00009
Pseudomonas_sp._DR208	2870840	S	37	99	136	0.00001
Pseudomonas_sp._R1-43-08	1173270	S	35	227	262	0.00002
Pseudomonas_sp._HN8-3	2886361	S	34	75	109	0.00001
Pseudomonas_sp._Y39-6	2749807	S	34	122	156	0.00001
Pseudomonas_sp._CFA	2651048	S	33	173	206	0.00001
Pseudomonas_sp._MPDS	2762896	S	32	138	170	0.00001
Pseudomonas_sp._NC02	2067572	S	30	105	135	0.00001
Pseudomonas_sp._7-41	2898483	S	29	142	171	0.00001
Pseudomonas_sp._R4-39-08	1173288	S	29	187	216	0.00002
Pseudomonas_sp._Colony2	2861799	S	28	126	154	0.00001
Pseudomonas_sp._LG1D9	2083054	S	28	115	143	0.00001
Pseudomonas_sp._R2-37-08W	1173273	S	28	145	173	0.00001
Pseudomonas_sp._DTU12.1	2654238	S	28	123	151	0.00001
Pseudomonas_sp._SXM-1	2169583	S	28	92	120	0.00001
Pseudomonas_sp._SWI44	2083053	S	27	249	276	0.00002
Pseudomonas_sp._CIP-10	2892442	S	26	260	286	0.00002
Pseudomonas_sp._IAC-BECa141	2793103	S	25	57	82	0.00001
Pseudomonas_sp._B14-6	2738843	S	25	75	100	0.00001
Pseudomonas_sp._Eqa60	2799184	S	24	152	176	0.00001
Pseudomonas_sp._XWY-1	2069256	S	22	140	162	0.00001
Pseudomonas_sp._St290	1602166	S	21	90	111	0.00001
Pseudomonas_sp._LH1G9	2083055	S	21	80	101	0.00001
Pseudomonas_sp._SW-3	147212	S	21	87	108	0.00001
Pseudomonas_sp._TKP	1415630	S	21	80	101	0.00001
Pseudomonas_sp._So3.2b	2864101	S	20	71	91	0.00001
Pseudomonas_sp._R2-60-08W	1173280	S	20	153	173	0.00001
Pseudomonas_sp._TMW_2.1634	1886807	S	20	57	77	0.00001
Pseudomonas_sp._R4-35-07	658643	S	18	133	151	0.00001
Pseudomonas_sp._SWI7	2587597	S	18	125	143	0.00001
Pseudomonas_sp._IB20	1702250	S	18	116	134	0.00001
Pseudomonas_sp._VLB120	69328	S	17	259	276	0.00002
Pseudomonas_sp._BJP69	2597770	S	17	111	128	0.00001
Pseudomonas_sp._R11-23-07	658632	S	17	166	183	0.00001
Pseudomonas_sp._R3-52-08	1173284	S	16	106	122	0.00001
Pseudomonas_sp._R4-34-07	658642	S	16	101	117	0.00001
Pseudomonas_sp._OST1909	2777367	S	16	54	70	0.00001
Pseudomonas_sp._SK2	2841063	S	15	298	313	0.00002
Pseudomonas_sp._I3-I5	2926671	S	15	65	80	0.00001
Pseudomonas_sp._LTGT-11-2Z	2479393	S	14	423	437	0.00003
Pseudomonas_sp._St386	2678256	S	13	119	132	0.00001
Pseudomonas_sp._SWI6	2083051	S	12	219	231	0.00002
Pseudomonas_sp._R2-7-07	658641	S	11	113	124	0.00001
Pseudomonas_sp._BYT-1	2816906	S	11	102	113	0.00001
Pseudomonas_aeruginosa	287	S	6071	52122	58193	0.00420
Pseudomonas_mendocina	300	S	2999	1142	4141	0.00030
Pseudomonas_alcaligenes	43263	S	2522	1779	4301	0.00031
Pseudomonas_furukawaii	1149133	S	1632	522	2154	0.00016
Pseudomonas_oleovorans	301	S	297	894	1191	0.00009
Pseudomonas_resinovorans	53412	S	1473	341	1814	0.00013
Pseudomonas_multiresinivorans	95301	S	641	227	868	0.00006
Pseudomonas_nitroreducens	46680	S	194	434	628	0.00005
Pseudomonas_citronellolis	53408	S	676	1049	1725	0.00012
Pseudomonas_fluorescens	294	S	5529	4687	10216	0.00074
Pseudomonas_protegens	380021	S	1347	6401	7748	0.00056
Pseudomonas_orientalis	76758	S	962	270	1232	0.00009
Pseudomonas_azotoformans	47878	S	813	331	1144	0.00008
Pseudomonas_synxantha	47883	S	664	449	1113	0.00008
Pseudomonas_rhodesiae	76760	S	513	209	722	0.00005
Pseudomonas_tolaasii	29442	S	434	84	518	0.00004
Pseudomonas_poae	200451	S	431	224	655	0.00005
Pseudomonas_trivialis	200450	S	417	151	568	0.00004
Pseudomonas_mediterranea	183795	S	416	107	523	0.00004
Pseudomonas_corrugata	47879	S	362	80	442	0.00003
Pseudomonas_migulae	78543	S	347	194	541	0.00004
Pseudomonas_cedrina	651740	S	289	76	365	0.00003
Pseudomonas_mucidolens	46679	S	289	44	333	0.00002
Pseudomonas_congelans	200452	S	213	67	280	0.00002
Pseudomonas_brenneri	129817	S	201	79	280	0.00002
Pseudomonas_ogarae	1114970	S	158	121	279	0.00002
Pseudomonas_mandelii	75612	S	147	401	548	0.00004
Pseudomonas_veronii	76761	S	144	397	541	0.00004
Pseudomonas_libanensis	75588	S	126	140	266	0.00002
Pseudomonas_extremorientalis	169669	S	20	49	69	0.00001
Pseudomonas_stutzeri	316	S	10139	6923	17062	0.00123
Pseudomonas_chloritidismutans	203192	S	121	172	293	0.00002
Pseudomonas_balearica	74829	S	1629	2129	3758	0.00027
Pseudomonas_xanthomarina	271420	S	476	83	559	0.00004
Pseudomonas_luteola	47886	S	127	62	189	0.00001
Pseudomonas_putida	303	S	7231	9871	17102	0.00124
Pseudomonas_oryzihabitans	47885	S	2424	550	2974	0.00021
Pseudomonas_fulva	47880	S	1611	4448	6059	0.00044
Pseudomonas_plecoglossicida	70775	S	475	395	870	0.00006
Pseudomonas_mosselii	78327	S	250	477	727	0.00005
Pseudomonas_monteilii	76759	S	245	526	771	0.00006
Pseudomonas_sp._SGAir0191	2217867	S	105	69	174	0.00001
Pseudomonas_shirazica	1940636	S	21	291	312	0.00002
Pseudomonas_syringae	317	S	1630	6459	8089	0.00058
Pseudomonas_viridiflava	33069	S	1158	147	1305	0.00009
Pseudomonas_cichorii	36746	S	616	59	675	0.00005
Pseudomonas_asturiensis	1190415	S	413	45	458	0.00003
Pseudomonas_amygdali	47877	S	175	816	991	0.00007
Pseudomonas_savastanoi	29438	S	77	243	320	0.00002
Pseudomonas_syringae_group_genomosp._7	251699	S	308	40	348	0.00003
Pseudomonas_fuscovaginae	50340	S	185	112	297	0.00002
Pseudomonas_avellanae	46257	S	77	113	190	0.00001
Pseudomonas_coronafaciens	53409	S	70	202	272	0.00002
Pseudomonas_syringae_group_genomosp._3	251701	S	56	708	764	0.00006
Pseudomonas_sp._Lz4W	1206777	S	31	57	88	0.00001
Pseudomonas_tremae	200454	S	23	52	75	0.00001
Pseudomonas_chlororaphis	587753	S	3913	3788	7701	0.00056
Pseudomonas_lundensis	86185	S	351	47	398	0.00003
Pseudomonas_fragi	296	S	191	162	353	0.00003
Pseudomonas_otitidis	319939	S	2407	583	2990	0.00022
Pseudomonas_lalkuanensis	2604832	S	2378	477	2855	0.00021
Pseudomonas_knackmussii	65741	S	2103	1783	3886	0.00028
Pseudomonas_psychrotolerans	237610	S	2081	488	2569	0.00019
Pseudomonas_oryzae	1392877	S	1987	702	2689	0.00019
Pseudomonas_cavernae	2320867	S	1610	280	1890	0.00014
Pseudomonas_entomophila	312306	S	1548	710	2258	0.00016
Pseudomonas_guangdongensis	1245526	S	1305	470	1775	0.00013
Pseudomonas_campi	2731681	S	946	143	1089	0.00008
Pseudomonas_eucalypticola	2599595	S	828	114	942	0.00007
Pseudomonas_qingdaonensis	2056231	S	790	172	962	0.00007
Pseudomonas_parafulva	157782	S	741	223	964	0.00007
Pseudomonas_vanderleydeniana	2745495	S	694	103	797	0.00006
Pseudomonas_nanhaiensis	2830842	S	677	86	763	0.00006
Pseudomonas_rhizosphaerae	216142	S	655	87	742	0.00005
Pseudomonas_alkylphenolica	237609	S	641	134	775	0.00006
Pseudomonas_tohonis	2725477	S	622	525	1147	0.00008
Pseudomonas_saudiphocaensis	1499686	S	617	143	760	0.00005
Pseudomonas_cremoricolorata	157783	S	611	99	710	0.00005
Pseudomonas_zhaodongensis	1176257	S	605	285	890	0.00006
Pseudomonas_argentinensis	289370	S	594	144	738	0.00005
Pseudomonas_frederiksbergensis	104087	S	586	180	766	0.00006
Pseudomonas_brassicacearum	930166	S	585	1115	1700	0.00012
Pseudomonas_umsongensis	198618	S	547	92	639	0.00005
Pseudomonas_muyukensis	2842357	S	520	161	681	0.00005
Pseudomonas_pohangensis	364197	S	507	41	548	0.00004
Pseudomonas_palleroniana	191390	S	484	81	565	0.00004
Pseudomonas_phragmitis	1931241	S	479	42	521	0.00004
Pseudomonas_yamanorum	515393	S	479	110	589	0.00004
Pseudomonas_alvandae	2842348	S	467	77	544	0.00004
Pseudomonas_koreensis	198620	S	422	169	591	0.00004
Pseudomonas_xantholysinigenes	2745490	S	405	116	521	0.00004
Pseudomonas_marincola	437900	S	399	66	465	0.00003
Pseudomonas_vancouverensis	95300	S	395	65	460	0.00003
Pseudomonas_tructae	2518644	S	382	70	452	0.00003
Pseudomonas_silesiensis	1853130	S	366	81	447	0.00003
Pseudomonas_thivervalensis	86265	S	362	79	441	0.00003
Pseudomonas_prosekii	1148509	S	351	60	411	0.00003
Pseudomonas_xanthosomae	2842356	S	350	116	466	0.00003
Pseudomonas_fakonensis	2842355	S	348	114	462	0.00003
Pseudomonas_wenzhouensis	2906062	S	345	139	484	0.00004
Pseudomonas_sediminis	1691904	S	344	103	447	0.00003
Pseudomonas_hamedanensis	2745504	S	338	64	402	0.00003
Pseudomonas_extremaustralis	359110	S	336	77	413	0.00003
Pseudomonas_agarici	46677	S	323	16	339	0.00002
Pseudomonas_promysalinigenes	485898	S	322	52	374	0.00003
Pseudomonas_antarctica	219572	S	317	82	399	0.00003
Pseudomonas_granadensis	1421430	S	301	147	448	0.00003
Pseudomonas_toyotomiensis	554344	S	297	281	578	0.00004
Pseudomonas_asgharzadehiana	2842349	S	295	71	366	0.00003
Pseudomonas_arsenicoxydans	702115	S	294	64	358	0.00003
Pseudomonas_graminis	158627	S	283	81	364	0.00003
Pseudomonas_maumuensis	2842354	S	278	139	417	0.00003
Pseudomonas_simiae	321846	S	277	70	347	0.00003
Pseudomonas_anuradhapurensis	485870	S	262	240	502	0.00004
Pseudomonas_lurida	244566	S	260	60	320	0.00002
Pseudomonas_versuta	1788301	S	260	43	303	0.00002
Pseudomonas_viciae	2505979	S	254	63	317	0.00002
Pseudomonas_taetrolens	47884	S	245	33	278	0.00002
Pseudomonas_lini	163011	S	224	45	269	0.00002
Pseudomonas_alcaliphila	101564	S	205	232	437	0.00003
Pseudomonas_psychrophila	122355	S	204	29	233	0.00002
Pseudomonas_reinekei	395598	S	199	58	257	0.00002
Pseudomonas_kribbensis	1628086	S	194	190	384	0.00003
Pseudomonas_sihuiensis	1274359	S	186	254	440	0.00003
Pseudomonas_khazarica	2502979	S	179	226	405	0.00003
Pseudomonas_allokribbensis	2774460	S	177	71	248	0.00002
Pseudomonas_oryziphila	2894079	S	175	143	318	0.00002
Pseudomonas_chengduensis	489632	S	174	367	541	0.00004
Pseudomonas_tritici	2745518	S	159	51	210	0.00002
Pseudomonas_asplenii	53407	S	155	98	253	0.00002
Pseudomonas_gozinkensis	2774461	S	152	72	224	0.00002
Pseudomonas_kunmingensis	1211807	S	140	212	352	0.00003
Pseudomonas_moraviensis	321662	S	136	229	365	0.00003
Pseudomonas_atacamensis	2565368	S	131	130	261	0.00002
Pseudomonas_azerbaijanoriens	2842350	S	130	89	219	0.00002
Pseudomonas_germanica	2815720	S	112	62	174	0.00001
Pseudomonas_zeae	2745510	S	107	55	162	0.00001
Pseudomonas_zarinae	2745498	S	103	79	182	0.00001
Pseudomonas_tensinigenes	2745511	S	96	53	149	0.00001
Pseudomonas_iranensis	2745503	S	92	71	163	0.00001
Pseudomonas_sessilinigenes	658629	S	79	206	285	0.00002
Pseudomonas_monsensis	2745509	S	78	85	163	0.00001
Pseudomonas_soli	1306993	S	78	308	386	0.00003
Pseudomonas_lactis	1615674	S	78	58	136	0.00001
Pseudomonas_juntendi	2666183	S	76	711	787	0.00006
Pseudomonas_salmasensis	2745514	S	67	44	111	0.00001
Pseudomonas_donghuensis	1163398	S	63	180	243	0.00002
Pseudomonas_glycinae	1785145	S	47	85	132	0.00001
Pseudomonas_bijieensis	2681983	S	45	172	217	0.00002
Pseudomonas_taiwanensis	470150	S	31	395	426	0.00003
Pseudomonas_asiatica	2219225	S	29	165	194	0.00001
Pseudomonas_cerasi	1583341	S	28	60	88	0.00001
Pseudomonas_shahriarae	2745512	S	22	87	109	0.00001
Pseudomonas_rhizophila	2045200	S	22	58	80	0.00001
Candidatus_Pseudomonas_adelgestsugas	1302376	S	14	0	14	0.00000
Azotobacter_chroococcum	353	S	1911	1281	3192	0.00023
Azotobacter_vinelandii	354	S	1212	0	1212	0.00009
Azotobacter_salinestris	69964	S	1170	678	1848	0.00013
Halopseudomonas_xinjiangensis	487184	S	569	66	635	0.00005
Halopseudomonas_sp._RR6	2918528	S	478	82	560	0.00004
Halopseudomonas_sabulinigri	472181	S	475	48	523	0.00004
Halopseudomonas_aestusnigri	857252	S	424	328	752	0.00005
Halopseudomonas_litoralis	797277	S	375	105	480	0.00003
Halopseudomonas_salegens	1434072	S	304	25	329	0.00002
Permianibacter_aggregans	1510150	S	508	17	525	0.00004
Thiopseudomonas_alkaliphila	1697053	S	62	14	76	0.00001
Entomomonas_sp._F2A	2785331	S	13	1	14	0.00000
Marinobacter_sp._CA1	2817656	S	618	51	669	0.00005
Marinobacter_sp._Arc7-DN-1	2304594	S	377	56	433	0.00003
Marinobacter_sp._NP-4(2019)	2488665	S	328	66	394	0.00003
Marinobacter_sp._LPB0319	2769486	S	327	23	350	0.00003
Marinobacter_sp._LV10R510-11A	1415568	S	184	9	193	0.00001
Marinobacter_sp._LQ44	1749259	S	168	272	440	0.00003
Marinobacter_sp._JH2	2547598	S	139	43	182	0.00001
Marinobacter_sp._es.042	1761794	S	133	137	270	0.00002
Marinobacter_sp._CP1	1671721	S	123	252	375	0.00003
Marinobacter_sp._BSs20148	490759	S	102	66	168	0.00001
Marinobacter_fonticola	2603215	S	495	27	522	0.00004
Marinobacter_salarius	1420917	S	397	57	454	0.00003
Marinobacter_nauticus	2743	S	388	142	530	0.00004
Marinobacter_similis	1420916	S	293	28	321	0.00002
Marinobacter_salsuginis	418719	S	284	43	327	0.00002
Marinobacter_salinus	1874317	S	237	17	254	0.00002
Marinobacter_adhaerens	1033846	S	114	185	299	0.00002
Marinobacter_psychrophilus	330734	S	56	36	92	0.00001
Klebsiella_pneumoniae	573	S	741	35884	36625	0.00265
Klebsiella_quasipneumoniae	1463165	S	477	1696	2173	0.00016
Klebsiella_aerogenes	548	S	315	199	514	0.00004
Klebsiella_oxytoca	571	S	313	234	547	0.00004
Klebsiella_sp._A52	2834819	S	12	258	270	0.00002
Klebsiella_variicola	244366	S	216	970	1186	0.00009
Klebsiella_michiganensis	1134687	S	176	748	924	0.00007
Klebsiella_quasivariicola	2026240	S	87	104	191	0.00001
Klebsiella_huaxiensis	2153354	S	81	85	166	0.00001
Klebsiella_africana	2489010	S	73	49	122	0.00001
Klebsiella_grimontii	2058152	S	48	363	411	0.00003
Raoultella_sp._HC6	2923366	S	220	162	382	0.00003
Raoultella_planticola	575	S	157	176	333	0.00002
Raoultella_ornithinolytica	54291	S	118	972	1090	0.00008
Raoultella_terrigena	577	S	81	170	251	0.00002
Raoultella_electrica	1259973	S	75	205	280	0.00002
Enterobacter_cloacae	550	S	887	2138	3025	0.00022
Enterobacter_hormaechei	158836	S	263	4552	4815	0.00035
Enterobacter_asburiae	61645	S	230	1199	1429	0.00010
Enterobacter_cancerogenus	69218	S	221	86	307	0.00002
Enterobacter_roggenkampii	1812935	S	161	743	904	0.00007
Enterobacter_ludwigii	299767	S	112	303	415	0.00003
Enterobacter_chengduensis	2494701	S	98	76	174	0.00001
Enterobacter_cloacae_complex_sp.	2027919	S	34	984	1018	0.00007
Enterobacter_sp._BIDMC_29	1329841	S	30	115	145	0.00001
Enterobacter_kobei	208224	S	73	940	1013	0.00007
Enterobacter_chuandaensis	2497875	S	56	41	97	0.00001
Enterobacter_sichuanensis	2071710	S	53	55	108	0.00001
Enterobacter_sp._JUb54	2724468	S	219	50	269	0.00002
Enterobacter_sp._SA187	1914861	S	211	43	254	0.00002
Enterobacter_sp._E76	2596949	S	95	210	305	0.00002
Enterobacter_sp._RHBSTW-00994	2742676	S	74	21	95	0.00001
Enterobacter_sp._RHBSTW-00175	2742639	S	64	68	132	0.00001
Enterobacter_sp._Colony194	2866201	S	45	65	110	0.00001
Enterobacter_sp._JBIWA008	2831892	S	35	25	60	0.00000
Enterobacter_sp._JBIWA003	2831890	S	33	49	82	0.00001
Enterobacter_sp._JBIWA005	2831891	S	29	63	92	0.00001
Enterobacter_sp._SGAir0187	2836161	S	25	33	58	0.00000
Enterobacter_sp._E20	1560339	S	20	200	220	0.00002
Enterobacter_sp._SES19	2705458	S	13	14	27	0.00000
Enterobacter_sp._N18-03635	2500132	S	13	38	51	0.00000
Enterobacter_huaxiensis	2494702	S	128	43	171	0.00001
Enterobacter_mori	539813	S	92	135	227	0.00002
Enterobacter_oligotrophicus	2478464	S	75	26	101	0.00001
Enterobacter_bugandensis	881260	S	63	129	192	0.00001
Enterobacter_soli	885040	S	61	18	79	0.00001
Citrobacter_freundii	546	S	239	1218	1457	0.00011
Citrobacter_werkmanii	67827	S	50	138	188	0.00001
Citrobacter_braakii	57706	S	41	363	404	0.00003
Citrobacter_sedlakii	67826	S	34	118	152	0.00001
Citrobacter_freundii_complex_sp._CFNIH2	2066049	S	24	31	55	0.00000
Citrobacter_portucalensis	1639133	S	28	331	359	0.00003
Citrobacter_youngae	133448	S	15	54	69	0.00000
Citrobacter_sp._R56	1573676	S	92	33	125	0.00001
Citrobacter_sp._RHB25-C09	2742624	S	78	27	105	0.00001
Citrobacter_sp._BDA59-3	2781952	S	19	9	28	0.00000
Citrobacter_sp._MGH_55	1439319	S	10	67	77	0.00001
Citrobacter_rodentium	67825	S	190	0	190	0.00001
Citrobacter_amalonaticus	35703	S	133	716	849	0.00006
Citrobacter_farmeri	67824	S	127	72	199	0.00001
Citrobacter_koseri	545	S	75	116	191	0.00001
Citrobacter_tructae	2562449	S	48	25	73	0.00001
Citrobacter_pasteurii	1563222	S	46	44	90	0.00001
Citrobacter_arsenatis	2546350	S	30	12	42	0.00000
Citrobacter_cronae	1748967	S	11	99	110	0.00001
Cronobacter_universalis	535744	S	609	419	1028	0.00007
Cronobacter_sakazakii	28141	S	338	290	628	0.00005
Cronobacter_dublinensis	413497	S	268	96	364	0.00003
Cronobacter_condimenti	1163710	S	183	53	236	0.00002
Cronobacter_malonaticus	413503	S	91	120	211	0.00002
Cronobacter_muytjensii	413501	S	38	127	165	0.00001
Cronobacter_sp._JZ38	1906275	S	37	94	131	0.00001
Leclercia_adecarboxylata	83655	S	420	866	1286	0.00009
Leclercia_sp._29361	2714951	S	147	66	213	0.00002
Leclercia_sp._W17	2282309	S	33	101	134	0.00001
Leclercia_sp._J807	2681307	S	32	52	84	0.00001
Leclercia_sp._W6	2282310	S	22	45	67	0.00000
Leclercia_sp._119287	2681308	S	21	73	94	0.00001
Leclercia_sp._G3L	2898725	S	21	121	142	0.00001
Leclercia_pneumoniae	2815358	S	133	68	201	0.00001
Kosakonia_sp._SMBL-WEM22	2725560	S	138	63	201	0.00001
Kosakonia_sp._CCTCC_M2018092	2492396	S	74	71	145	0.00001
Kosakonia_sp._MUSA4	2067958	S	56	29	85	0.00001
Kosakonia_cowanii	208223	S	261	215	476	0.00003
Kosakonia_sacchari	1158459	S	193	94	287	0.00002
Kosakonia_radicincitans	283686	S	75	72	147	0.00001
Kosakonia_pseudosacchari	1646340	S	68	38	106	0.00001
Kosakonia_oryzae	497725	S	67	49	116	0.00001
Kosakonia_arachidis	551989	S	60	17	77	0.00001
Salmonella_enterica	28901	S	838	41944	42782	0.00309
Salmonella_bongori	54736	S	103	1317	1420	0.00010
Pluralibacter_gergoviae	61647	S	723	208	931	0.00007
[Enterobacter]_lignolyticus	1334193	S	330	94	424	0.00003
Escherichia_coli	562	S	556	21382	21938	0.00159
Escherichia_albertii	208962	S	102	92	194	0.00001
Escherichia_fergusonii	564	S	50	83	133	0.00001
Escherichia_marmotae	1499973	S	37	22	59	0.00000
Escherichia_sp._E4742	2044467	S	32	22	54	0.00000
Cedecea_neteri	158822	S	525	119	644	0.00005
Cedecea_lapagei	158823	S	128	36	164	0.00001
Cedecea_sp._FDAARGOS_727	2545798	S	115	25	140	0.00001
Lelliottia_amnigena	61646	S	362	113	475	0.00003
Lelliottia_sp._AC1	2067959	S	59	77	136	0.00001
Lelliottia_sp._WB101	2153385	S	42	64	106	0.00001
Kluyvera_ascorbata	51288	S	145	123	268	0.00002
Kluyvera_intermedia	61648	S	96	78	174	0.00001
Kluyvera_sp._CRP	2873269	S	24	67	91	0.00001
Kluyvera_genomosp._3	2774055	S	17	44	61	0.00000
Candidatus_Symbiopectobacterium_sp._SyEd1	2871826	S	117	16	133	0.00001
Candidatus_Hamiltonella_defensa	138072	S	35	8	43	0.00000
secondary_endosymbiont_of_Ctenarytaina_eucalypti	1199245	S	21	0	21	0.00000
Blochmannia_endosymbiont_of_Camponotus_sp.	700220	S	11	13	24	0.00000
Candidatus_Doolittlea_endobia	1778262	S	22	1	23	0.00000
Candidatus_Mikella_endobia	1778264	S	20	5	25	0.00000
Candidatus_Hoaglandella_endobia	1778263	S	16	1	17	0.00000
Candidatus_Tachikawaea_gelatinosa	1410383	S	10	2	12	0.00000
Jejubacter_calystegiae	2579935	S	270	33	303	0.00002
Pseudescherichia_vulneris	566	S	229	15	244	0.00002
Buttiauxella_agrestis	82977	S	87	18	105	0.00001
Buttiauxella_ferragutiae	82989	S	25	78	103	0.00001
Plesiomonas_shigelloides	703	S	184	65	249	0.00002
Shimwellia_blattae	563	S	180	40	220	0.00002
Atlantibacter_hermannii	565	S	174	41	215	0.00002
Yokenella_regensburgei	158877	S	147	69	216	0.00002
Scandinavium_goeteborgense	1851514	S	136	28	164	0.00001
Pseudocitrobacter_sp._G163CM	2891570	S	125	34	159	0.00001
Phytobacter_ursingii	1972431	S	94	144	238	0.00002
Candidatus_Moranella_endobia	1048758	S	32	0	32	0.00000
Shigella_boydii	621	S	12	223	235	0.00002
Shigella_flexneri	623	S	12	687	699	0.00005
Candidatus_Ishikawaella_capsulata	168169	S	14	1	15	0.00000
Serratia_marcescens	615	S	1323	3400	4723	0.00034
Serratia_plymuthica	82996	S	495	281	776	0.00006
Serratia_sp._ATCC_39006	104623	S	90	11	101	0.00001
Serratia_sp._FGI94	671990	S	76	89	165	0.00001
Serratia_sp._FDAARGOS_506	2420306	S	75	80	155	0.00001
Serratia_sp._1D1416	2447890	S	43	156	199	0.00001
Serratia_sp._MYb239	2033438	S	36	331	367	0.00003
Serratia_sp._P2ACOL2	2482769	S	21	70	91	0.00001
Serratia_sp._3ACOL1	2448483	S	20	31	51	0.00000
Serratia_sp._FS14	1327989	S	18	96	114	0.00001
Serratia_sp._JSRIV004	2831895	S	11	66	77	0.00001
Serratia_entomophila	42906	S	388	108	496	0.00004
Serratia_rubidaea	61652	S	337	418	755	0.00005
Serratia_odorifera	618	S	245	47	292	0.00002
Serratia_proteamaculans	28151	S	242	61	303	0.00002
Serratia_fonticola	47917	S	169	162	331	0.00002
Serratia_surfactantfaciens	2741499	S	157	99	256	0.00002
Serratia_liquefaciens	614	S	119	173	292	0.00002
Serratia_quinivorans	137545	S	113	47	160	0.00001
Serratia_rhizosphaerae	2597702	S	96	98	194	0.00001
Serratia_inhibens	2338073	S	90	53	143	0.00001
Serratia_symbiotica	138074	S	84	15	99	0.00001
Serratia_grimesii	82995	S	78	10	88	0.00001
Serratia_ureilytica	300181	S	46	651	697	0.00005
Serratia_ficaria	61651	S	28	139	167	0.00001
Serratia_nematodiphila	458197	S	10	107	117	0.00001
Rahnella_aquatilis	34038	S	198	298	496	0.00004
Rahnella_inusitata	58169	S	142	43	185	0.00001
Rahnella_victoriana	1510570	S	137	23	160	0.00001
Rahnella_sp._ERMR1:05	1805933	S	137	22	159	0.00001
Rahnella_aceris	2703885	S	23	52	75	0.00001
Yersinia_enterocolitica	630	S	81	58	139	0.00001
Yersinia_similis	367190	S	23	4	27	0.00000
Yersinia_pseudotuberculosis	633	S	20	121	141	0.00001
Yersinia_ruckeri	29486	S	62	13	75	0.00001
Yersinia_entomophaga	935293	S	48	9	57	0.00000
Yersinia_mollaretii	33060	S	38	9	47	0.00000
Yersinia_frederiksenii	29484	S	37	34	71	0.00001
Yersinia_canariae	2607663	S	32	12	44	0.00000
Yersinia_kristensenii	28152	S	31	89	120	0.00001
Yersinia_rohdei	29485	S	30	6	36	0.00000
Yersinia_aleksiciae	263819	S	29	8	37	0.00000
Yersinia_aldovae	29483	S	26	6	32	0.00000
Yersinia_intermedia	631	S	21	69	90	0.00001
Yersinia_hibernica	2339259	S	11	18	29	0.00000
Nissabacter_sp._SGAir0207	2126321	S	601	101	702	0.00005
Gibbsiella_quercinecans	929813	S	336	52	388	0.00003
Rouxiella_badensis	1646377	S	174	18	192	0.00001
Ewingella_americana	41202	S	168	27	195	0.00001
Chania_multitudinisentens	1639108	S	110	14	124	0.00001
Candidatus_Fukatsuia_symbiotica	1878942	S	27	1	28	0.00000
Pantoea_sp._Z09	2886821	S	494	169	663	0.00005
Pantoea_sp._SO10	2575375	S	227	47	274	0.00002
Pantoea_sp._MSR2	2052056	S	155	21	176	0.00001
Pantoea_sp._CCBC3-3-1	2490851	S	127	27	154	0.00001
Pantoea_sp._At-9b	592316	S	123	27	150	0.00001
Pantoea_sp._SM3640	2787629	S	18	119	137	0.00001
Pantoea_agglomerans	549	S	1050	332	1382	0.00010
Pantoea_dispersa	59814	S	850	244	1094	0.00008
Pantoea_deleyi	470932	S	284	70	354	0.00003
Pantoea_vagans	470934	S	280	465	745	0.00005
Pantoea_ananatis	553	S	275	104	379	0.00003
Pantoea_cypripedii	55209	S	181	11	192	0.00001
Pantoea_alhagi	1891675	S	154	52	206	0.00001
Pantoea_stewartii	66269	S	151	43	194	0.00001
Pantoea_rwandensis	1076550	S	112	26	138	0.00001
Pantoea_eucalypti	470933	S	13	84	97	0.00001
Erwinia_sp._E602	2675378	S	422	81	503	0.00004
Erwinia_sp._J780	2681984	S	82	16	98	0.00001
Erwinia_sp._Ejp617	215689	S	26	45	71	0.00001
Erwinia_sp._QL-Z3	2547962	S	26	75	101	0.00001
Erwinia_gerundensis	1619313	S	241	49	290	0.00002
Erwinia_persicina	55211	S	189	42	231	0.00002
Erwinia_rhapontici	55212	S	158	32	190	0.00001
Candidatus_Erwinia_haradaeae	1922217	S	107	2	109	0.00001
Erwinia_billingiae	182337	S	106	196	302	0.00002
Erwinia_tasmaniensis	338565	S	105	23	128	0.00001
Erwinia_tracheiphila	65700	S	102	15	117	0.00001
Erwinia_amylovora	552	S	100	54	154	0.00001
[Pantoea]_beijingensis	1324864	S	71	15	86	0.00001
Erwinia_pyrifoliae	79967	S	28	46	74	0.00001
Mixta_gaviniae	665914	S	325	135	460	0.00003
Mixta_calida	665913	S	244	142	386	0.00003
Mixta_theicola	1458355	S	225	77	302	0.00002
Mixta_sp._X22927	2872648	S	137	78	215	0.00002
Mixta_intestinalis	1615494	S	130	39	169	0.00001
Buchnera_aphidicola	9	S	178	25	203	0.00001
Tatumella_ptyseos	82987	S	63	12	75	0.00001
Tatumella_citrea	53336	S	48	8	56	0.00000
Wigglesworthia_glossinidia	51229	S	14	1	15	0.00000
Dickeya_dadantii	204038	S	351	183	534	0.00004
Dickeya_chrysanthemi	556	S	268	69	337	0.00002
Dickeya_zeae	204042	S	245	165	410	0.00003
Dickeya_dianthicola	204039	S	191	103	294	0.00002
Dickeya_fangzhongdai	1778540	S	114	279	393	0.00003
Dickeya_poaceiphila	568768	S	97	13	110	0.00001
Dickeya_sp._NCPPB_3274	568766	S	88	32	120	0.00001
Dickeya_solani	1089444	S	86	1045	1131	0.00008
Dickeya_parazeae	2893572	S	14	31	45	0.00000
Pectobacterium_carotovorum	554	S	156	346	502	0.00004
Pectobacterium_brasiliense	180957	S	133	156	289	0.00002
Pectobacterium_sp._LJ1	2878098	S	57	15	72	0.00001
Pectobacterium_sp._PL64	2738983	S	32	21	53	0.00000
Pectobacterium_polaris	2042057	S	79	57	136	0.00001
Pectobacterium_atrosepticum	29471	S	77	26	103	0.00001
Pectobacterium_parmentieri	1905730	S	59	20	79	0.00001
Pectobacterium_punjabense	2108399	S	48	12	60	0.00000
Pectobacterium_odoriferum	78398	S	46	34	80	0.00001
Pectobacterium_wasabiae	55208	S	43	13	56	0.00000
Pectobacterium_versatile	2488639	S	37	83	120	0.00001
Pectobacterium_quasiaquaticum	2774015	S	36	35	71	0.00001
Pectobacterium_aroidearum	1201031	S	18	28	46	0.00000
Pectobacterium_parvum	2778550	S	14	20	34	0.00000
Pectobacterium_aquaticum	2204145	S	10	12	22	0.00000
Brenneria_izadpanahii	2722756	S	226	260	486	0.00004
Brenneria_goodwinii	1109412	S	163	181	344	0.00002
Brenneria_rubrifaciens	55213	S	162	66	228	0.00002
Lonsdalea_populi	1172565	S	213	60	273	0.00002
Lonsdalea_britannica	1082704	S	176	47	223	0.00002
Musicola_paradisiaca	69223	S	266	15	281	0.00002
Edwardsiella_tarda	636	S	344	329	673	0.00005
Edwardsiella_hoshinae	93378	S	201	58	259	0.00002
Edwardsiella_ictaluri	67780	S	140	98	238	0.00002
Edwardsiella_piscicida	1263550	S	32	602	634	0.00005
Hafnia_alvei	569	S	87	111	198	0.00001
Hafnia_paralvei	546367	S	34	15	49	0.00000
Obesumbacterium_proteus	82983	S	25	21	46	0.00000
Morganella_morganii	582	S	349	340	689	0.00005
Providencia_rettgeri	587	S	83	127	210	0.00002
Providencia_alcalifaciens	126385	S	47	21	68	0.00000
Providencia_heimbachae	333962	S	17	7	24	0.00000
Providencia_rustigianii	158850	S	16	6	22	0.00000
Providencia_sp._R33	2828763	S	15	4	19	0.00000
Providencia_stuartii	588	S	12	79	91	0.00001
Xenorhabdus_bovienii	40576	S	87	19	106	0.00001
Xenorhabdus_doucetiae	351671	S	52	8	60	0.00000
Xenorhabdus_budapestensis	290110	S	34	4	38	0.00000
Xenorhabdus_nematophila	628	S	31	5	36	0.00000
Xenorhabdus_poinarii	40577	S	29	5	34	0.00000
Xenorhabdus_hominickii	351679	S	29	4	33	0.00000
Photorhabdus_thracensis	230089	S	96	16	112	0.00001
Photorhabdus_akhurstii	171438	S	37	6	43	0.00000
Photorhabdus_asymbiotica	291112	S	29	3	32	0.00000
Photorhabdus_laumondii	2218628	S	26	4	30	0.00000
Proteus_mirabilis	584	S	95	161	256	0.00002
Proteus_vulgaris	585	S	25	55	80	0.00001
Proteus_hauseri	183417	S	11	2	13	0.00000
Moellerella_wisconsensis	158849	S	19	16	35	0.00000
Sodalis_sp._dw_23	2697027	S	425	31	456	0.00003
Sodalis_endosymbiont_of_Henestaris_halophilus	1929246	S	17	0	17	0.00000
Sodalis_praecaptivus	1239307	S	208	145	353	0.00003
Sodalis_glossinidius	63612	S	166	25	191	0.00001
Candidatus_Sodalis_pierantonius	1486991	S	88	65	153	0.00001
Leminorella_richardii	158841	S	124	18	142	0.00001
Pragia_fontium	82985	S	39	5	44	0.00000
Jinshanibacter_zhutongyuii	2498113	S	36	5	41	0.00000
Limnobaculum_parvum	2172103	S	33	6	39	0.00000
Thioalkalivibrio_sulfidiphilus	1033854	S	1793	1186	2979	0.00022
Thioalkalivibrio_paradoxus	108010	S	1718	558	2276	0.00016
Thioalkalivibrio_nitratireducens	186931	S	1716	505	2221	0.00016
Thioalkalivibrio_versutus	106634	S	1291	192	1483	0.00011
Thioalkalivibrio_sp._K90mix	396595	S	1278	182	1460	0.00011
Spiribacter_sp._E85	2182432	S	3638	390	4028	0.00029
Spiribacter_sp._2438	2666185	S	680	74	754	0.00005
Spiribacter_curvatus	1335757	S	785	49	834	0.00006
Spiribacter_salinus	1335746	S	500	43	543	0.00004
Acidihalobacter_aeolianus	2792603	S	1469	226	1695	0.00012
Acidihalobacter_ferrooxydans	1765967	S	1126	129	1255	0.00009
Acidihalobacter_yilgarnensis	2819280	S	884	67	951	0.00007
Halorhodospira_halophila	1053	S	1648	218	1866	0.00013
Halorhodospira_halochloris	1052	S	276	14	290	0.00002
Alkalilimnicola_ehrlichii	351052	S	1719	252	1971	0.00014
Aquisalimonas_sp._2447	2740807	S	1567	125	1692	0.00012
Ectothiorhodospira_haloalkaliphila	421628	S	621	217	838	0.00006
Ectothiorhodospira_sp._BSL-9	1442136	S	613	204	817	0.00006
Ectothiorhodosinus_mongolicus	233100	S	205	15	220	0.00002
Candidatus_Thiodictyon_syntrophicum	1166950	S	2924	177	3101	0.00022
Allochromatium_vinosum	1049	S	1157	494	1651	0.00012
Allochromatium_tepidum	553982	S	1155	609	1764	0.00013
Thioflavicoccus_mobilis	80679	S	2689	275	2964	0.00021
Marichromatium_purpuratum	37487	S	2532	550	3082	0.00022
Thiocapsa_bogorovii	521689	S	1991	120	2111	0.00015
Thiocystis_violascens	73141	S	1433	136	1569	0.00011
Thermochromatium_tepidum	1050	S	985	256	1241	0.00009
Caldichromatium_japonicum	2699430	S	714	88	802	0.00006
Nitrosococcus_halophilus	133539	S	200	31	231	0.00002
Nitrosococcus_wardiae	1814290	S	192	28	220	0.00002
Nitrosococcus_oceani	1229	S	111	30	141	0.00001
Nitrosococcus_watsonii	473531	S	104	30	134	0.00001
Rheinheimera_sp._F8	1763998	S	110	6	116	0.00001
Rheinheimera_sp._D18	2545632	S	39	36	75	0.00001
Rheinheimera_mangrovi	2498451	S	58	5	63	0.00000
Candidatus_Nitrosacidococcus_tergens	553981	S	36	1	37	0.00000
Candidatus_Nitrosoglobus_terrae	1630141	S	30	2	32	0.00000
Wenzhouxiangella_marina	1579979	S	1664	126	1790	0.00013
Wenzhouxiangella_sp._AB-CW3	2771012	S	1064	56	1120	0.00008
Thiohalobacter_sp._COW1	2795687	S	435	946	1381	0.00010
Thiohalobacter_thiocyanaticus	585455	S	313	842	1155	0.00008
Guyparkeria_halophila	47960	S	1722	468	2190	0.00016
Sulfurivermis_fontis	1972068	S	1600	696	2296	0.00017
Halothiobacillus_sp._LS2	1860122	S	675	66	741	0.00005
Halothiobacillus_neapolitanus	927	S	211	24	235	0.00002
Woeseia_oceani	1548547	S	838	16	854	0.00006
Sulfuriflexus_mobilis	1811807	S	360	12	372	0.00003
Granulosicoccus_antarcticus	437505	S	327	6	333	0.00002
Halomonas_sp._THAF5a	2587844	S	1469	613	2082	0.00015
Halomonas_sp._1513	1883416	S	1051	261	1312	0.00009
Halomonas_sp._HG01	1609967	S	1011	462	1473	0.00011
Halomonas_sp._THAF12	2587849	S	989	646	1635	0.00012
Halomonas_sp._YLGW01	2773308	S	924	171	1095	0.00008
Halomonas_sp._MCCC_1A13316	2733487	S	863	126	989	0.00007
Halomonas_sp._JS92-SW72	2306583	S	860	995	1855	0.00013
Halomonas_sp._PGE1	2730360	S	655	937	1592	0.00012
Halomonas_sp._Y2R2	2562282	S	342	21	363	0.00003
Halomonas_sp._A40-4	2785909	S	272	79	351	0.00003
Halomonas_sp._SH5A2	2749040	S	224	43	267	0.00002
Halomonas_sp._R57-5	1610576	S	182	84	266	0.00002
Halomonas_sp._KO116	1504981	S	159	72	231	0.00002
Halomonas_sp._FeN2	2832500	S	152	74	226	0.00002
Halomonas_sp._18071143	2855441	S	145	358	503	0.00004
Halomonas_sp._GFAJ-1	1118153	S	101	21	122	0.00001
Halomonas_sp._SS10-MC5	2854257	S	96	972	1068	0.00008
Halomonas_sp._SF2003	2136172	S	95	406	501	0.00004
Halomonas_sp._NyZ770	2883106	S	94	445	539	0.00004
Halomonas_sp._hl-4	1761789	S	59	375	434	0.00003
Halomonas_sp._TD01	999141	S	50	29	79	0.00001
Halomonas_sp._HL-93	1666906	S	45	295	340	0.00002
Halomonas_sp._GT	1971364	S	34	26	60	0.00000
Halomonas_sp._N3-2A	2014541	S	28	39	67	0.00000
Halomonas_sp._A3H3	1346287	S	18	546	564	0.00004
Halomonas_beimenensis	475662	S	1677	367	2044	0.00015
Halomonas_aestuarii	1897729	S	1231	288	1519	0.00011
Halomonas_socia	1081866	S	1066	229	1295	0.00009
Halomonas_tianxiuensis	2497861	S	934	232	1166	0.00008
Halomonas_sulfidivorans	2733488	S	904	206	1110	0.00008
Halomonas_elongata	2746	S	860	98	958	0.00007
Halomonas_chromatireducens	507626	S	680	60	740	0.00005
Halomonas_subglaciescola	29571	S	487	60	547	0.00004
Halomonas_meridiana	29570	S	464	421	885	0.00006
Halomonas_huangheensis	1178482	S	393	25	418	0.00003
Halomonas_piezotolerans	2609667	S	270	165	435	0.00003
Halomonas_profundi	2852117	S	140	22	162	0.00001
Halomonas_sulfidoxydans	2733484	S	120	1195	1315	0.00010
Halomonas_titanicae	664683	S	105	602	707	0.00005
Halomonas_hydrothermalis	115561	S	86	283	369	0.00003
Halomonas_venusta	44935	S	56	80	136	0.00001
Halomonas_campaniensis	213554	S	17	91	108	0.00001
Cobetia_sp._L2A1	2686360	S	316	41	357	0.00003
Cobetia_sp._cqz5-12	2609415	S	196	258	454	0.00003
Cobetia_sp._4B	2758724	S	95	389	484	0.00004
Cobetia_sp._AM6	2661553	S	70	376	446	0.00003
Cobetia_pacifica	1055101	S	97	273	370	0.00003
Cobetia_amphilecti	1055104	S	75	436	511	0.00004
Cobetia_marina	28258	S	20	244	264	0.00002
Halotalea_alkalilenta	376489	S	1444	312	1756	0.00013
Salinicola_tamaricis	1771309	S	1374	171	1545	0.00011
Kushneria_phosphatilytica	657387	S	350	15	365	0.00003
Kushneria_konosiri	698828	S	324	62	386	0.00003
Kushneria_marisflavi	157779	S	312	58	370	0.00003
Chromohalobacter_salexigens	158080	S	1047	124	1171	0.00008
Pistricoccus_aurantiacus	1883414	S	754	56	810	0.00006
Zymobacter_palmae	33074	S	176	26	202	0.00001
Candidatus_Portiera_aleyrodidarum	91844	S	20	14	34	0.00000
Alcanivorax_sp._N3-2A	2014542	S	1152	1303	2455	0.00018
Alcanivorax_sp._NBRC_101098	1113728	S	16	230	246	0.00002
Alcanivorax_pacificus	1306787	S	838	334	1172	0.00008
Alcanivorax_xenomutans	1094342	S	499	271	770	0.00006
Alcanivorax_dieselolei	285091	S	489	161	650	0.00005
Ketobacter_alkanivorans	1917421	S	220	19	239	0.00002
Marinobacterium_aestuarii	1821621	S	610	52	662	0.00005
Marinobacterium_sediminicola	518898	S	260	38	298	0.00002
Marinobacterium_georgiense	48076	S	221	75	296	0.00002
Marinobacterium_sp._LSUCC0821	2668067	S	46	3	49	0.00000
Marinomonas_sp._A3A	2065312	S	29	4	33	0.00000
Marinomonas_sp._FW-1	2071621	S	21	5	26	0.00000
Marinomonas_sp._CT5	2066133	S	20	1	21	0.00000
Marinomonas_primoryensis	178399	S	46	6	52	0.00000
Marinomonas_posidonica	936476	S	44	6	50	0.00000
Marinomonas_profundi	2726122	S	42	12	54	0.00000
Marinomonas_algicola	2773454	S	35	7	42	0.00000
Marinomonas_mediterranea	119864	S	29	2	31	0.00000
Marinomonas_arctica	383750	S	26	5	31	0.00000
Marinomonas_foliarum	491950	S	20	6	26	0.00000
Venatorbacter_cucullus	2661630	S	190	51	241	0.00002
Thalassolituus_sp._C2-1	2597518	S	141	11	152	0.00001
Thalassolituus_oleivorans	187493	S	47	14	61	0.00000
Bacterioplanes_sanyensis	1249553	S	134	8	142	0.00001
Neptunomonas_concharum	1031538	S	45	6	51	0.00000
Neptunomonas_japonica	417574	S	44	5	49	0.00000
Neptunomonas_phycophila	1572645	S	24	3	27	0.00000
Nitrincola_iocasae	2614693	S	95	18	113	0.00001
Amphritea_japonica	452627	S	56	5	61	0.00000
Bermanella_marisrubri	207949	S	35	1	36	0.00000
Hahella_sp._KA22	1628392	S	333	52	385	0.00003
Hahella_chejuensis	158327	S	325	43	368	0.00003
Saccharospirillum_mangrovi	2161747	S	365	24	389	0.00003
Reinekea_forsetii	1336806	S	152	8	160	0.00001
Gynuella_sunshinyii	1445505	S	138	4	142	0.00001
Litoricola_lipolytica	418701	S	244	13	257	0.00002
Spartinivicinus_ruber	2683272	S	184	6	190	0.00001
Oleiphilus_messinensis	141451	S	96	8	104	0.00001
Endozoicomonas_montiporae	1027273	S	76	4	80	0.00001
Methylococcus_sp._EFPC2	2812648	S	1469	116	1585	0.00011
Methylococcus_sp._Mc7	2860258	S	1363	444	1807	0.00013
Methylococcus_capsulatus	414	S	1335	335	1670	0.00012
Methylococcus_geothermalis	2681310	S	1135	322	1457	0.00011
Methylomonas_sp._LL1	2785785	S	358	18	376	0.00003
Methylomonas_sp._DH-1	1727196	S	157	292	449	0.00003
Methylomonas_sp._EFPC1	2812647	S	142	80	222	0.00002
Methylomonas_sp._LW13	107637	S	131	69	200	0.00001
Methylomonas_koyamae	702114	S	381	382	763	0.00006
Methylomonas_rhizoryzae	2608981	S	368	16	384	0.00003
Methylomonas_denitrificans	1538553	S	343	25	368	0.00003
Methylomonas_methanica	421	S	288	16	304	0.00002
Methylomonas_paludis	1173101	S	97	4	101	0.00001
Methylomagnum_ishizawai	1760988	S	1709	84	1793	0.00013
Methylocaldum_marinum	1432792	S	1567	104	1671	0.00012
Methylogaea_oryzae	1295382	S	1375	120	1495	0.00011
Methylomicrobium_album	39775	S	1164	51	1215	0.00009
Methylomicrobium_sp._wino1	2049332	S	196	208	404	0.00003
Candidatus_Methylospira_mobilis	1808979	S	497	24	521	0.00004
Methylotuvimicrobium_buryatense	95641	S	101	135	236	0.00002
Methylotuvimicrobium_alcaliphilum	271065	S	101	159	260	0.00002
Methylovulum_psychrotolerans	1704499	S	172	4	176	0.00001
Methylobacter_sp._S3L5C	2839024	S	98	6	104	0.00001
Aeromonas_sp._FDAARGOS_1415	2778064	S	251	148	399	0.00003
Aeromonas_sp._CA23	2033032	S	203	95	298	0.00002
Aeromonas_sp._FDAARGOS_1409	2778058	S	103	157	260	0.00002
Aeromonas_sp._CU5	2033033	S	101	46	147	0.00001
Aeromonas_sp._ASNIH3	1636608	S	53	2678	2731	0.00020
Aeromonas_sp._1805	2560028	S	42	123	165	0.00001
Aeromonas_sp._FDAARGOS_1407	2778056	S	42	138	180	0.00001
Aeromonas_sp._ASNIH4	1636609	S	38	198	236	0.00002
Aeromonas_sp._FDAARGOS_1403	2778052	S	31	99	130	0.00001
Aeromonas_sp._FDAARGOS_1410	2778059	S	29	73	102	0.00001
Aeromonas_sp._FDAARGOS_1405	2778054	S	29	50	79	0.00001
Aeromonas_sp._2692-1	2560029	S	27	140	167	0.00001
Aeromonas_sp._ASNIH1	1636606	S	25	522	547	0.00004
Aeromonas_sp._FDAARGOS_1408	2778057	S	23	139	162	0.00001
Aeromonas_sp._FDAARGOS_1419	2778068	S	19	57	76	0.00001
Aeromonas_sp._FDAARGOS_1404	2778053	S	18	67	85	0.00001
Aeromonas_sp._ASNIH2	1636607	S	18	258	276	0.00002
Aeromonas_sp._FDAARGOS_1411	2778060	S	17	56	73	0.00001
Aeromonas_sp._FDAARGOS_1417	2778066	S	17	51	68	0.00000
Aeromonas_sp._FDAARGOS_1402	2778051	S	15	167	182	0.00001
Aeromonas_sp._FDAARGOS_1414	2778063	S	14	46	60	0.00000
Aeromonas_sp._ASNIH5	1758179	S	12	218	230	0.00002
Aeromonas_sp._FDAARGOS_1416	2778065	S	10	30	40	0.00000
Aeromonas_hydrophila	644	S	1211	2952	4163	0.00030
Aeromonas_veronii	654	S	822	1956	2778	0.00020
Aeromonas_media	651	S	613	1202	1815	0.00013
Aeromonas_schubertii	652	S	591	191	782	0.00006
Aeromonas_salmonicida	645	S	580	2786	3366	0.00024
Aeromonas_encheleia	73010	S	550	210	760	0.00005
Aeromonas_simiae	218936	S	527	571	1098	0.00008
Aeromonas_caviae	648	S	384	3324	3708	0.00027
Aeromonas_rivuli	648794	S	330	102	432	0.00003
Aeromonas_enteropelogenes	29489	S	309	269	578	0.00004
Aeromonas_dhakensis	196024	S	269	569	838	0.00006
Aeromonas_jandaei	650	S	214	230	444	0.00003
Aeromonas_sanarellii	633415	S	82	444	526	0.00004
Aeromonas_allosaccharophila	656	S	50	84	134	0.00001
Aeromonas_rivipollensis	948519	S	48	80	128	0.00001
Zobellella_denitrificans	347534	S	1281	316	1597	0.00012
Oceanimonas_sp._GK1	511062	S	462	103	565	0.00004
Dongshaea_marina	2047966	S	140	14	154	0.00001
Oceanisphaera_profunda	1416627	S	67	8	75	0.00001
Oceanisphaera_avium	1903694	S	36	5	41	0.00000
Tolumonas_auensis	43948	S	83	39	122	0.00001
Succinivibrio_dextrinosolvens	83771	S	26	1	27	0.00000
Cellvibrio_sp._PSBB006	1987723	S	4333	151	4484	0.00032
Cellvibrio_sp._PSBB023	1945512	S	351	44	395	0.00003
Cellvibrio_sp._KY-GH-1	2303332	S	349	35	384	0.00003
Cellvibrio_sp._KY-YJ-3	454662	S	279	53	332	0.00002
Cellvibrio_japonicus	155077	S	477	34	511	0.00004
Teredinibacter_turnerae	2426	S	222	11	233	0.00002
Teredinibacter_haidensis	2731755	S	91	10	101	0.00001
Teredinibacter_purpureus	2731756	S	57	5	62	0.00000
Simiduia_agarivorans	447471	S	322	17	339	0.00002
Saccharophagus_degradans	86304	S	89	3	92	0.00001
Marinagarivorans_sp._GE09	2721545	S	65	5	70	0.00001
Agarilytica_rhodophyticola	1737490	S	46	1	47	0.00000
Microbulbifer_sp._YPW16	2904242	S	695	70	765	0.00006
Microbulbifer_sp._SH-1	2681547	S	479	82	561	0.00004
Microbulbifer_sp._YPW1	2745199	S	386	77	463	0.00003
Microbulbifer_sp._ALW1	1516059	S	319	60	379	0.00003
Microbulbifer_sp._A4B17	359370	S	139	36	175	0.00001
Microbulbifer_sp._GL-2	2591606	S	117	22	139	0.00001
Microbulbifer_sp._THAF38	2587856	S	115	44	159	0.00001
Microbulbifer_aggregans	1769779	S	458	60	518	0.00004
Microbulbifer_celer	435905	S	370	50	420	0.00003
Microbulbifer_thermotolerans	252514	S	352	23	375	0.00003
Microbulbifer_hydrolyticus	48074	S	338	68	406	0.00003
Microbulbifer_elongatus	86173	S	309	56	365	0.00003
Microbulbifer_agarilyticus	260552	S	197	24	221	0.00002
Microbulbifer_variabilis	266805	S	79	32	111	0.00001
Kineobactrum_salinum	2708301	S	947	39	986	0.00007
Halioglobus_japonicus	930805	S	377	19	396	0.00003
Halioglobus_maricola	2601894	S	264	11	275	0.00002
Congregibacter_litoralis	393662	S	333	142	475	0.00003
Aequoribacter_fuscus	2518989	S	85	12	97	0.00001
Spongiibacter_nanhainus	2794344	S	305	37	342	0.00002
Spongiibacter_taiwanensis	1748242	S	293	15	308	0.00002
Spongiibacter_sp._IMCC21906	1620392	S	86	24	110	0.00001
Zhongshania_aliphaticivorans	1470434	S	100	7	107	0.00001
Oceanicoccus_sagamiensis	716816	S	85	1	86	0.00001
Solimonas_sp._K1W22B-7	2303331	S	6002	696	6698	0.00048
Flagellatimonas_centrodinii	2806210	S	1664	135	1799	0.00013
Sinimarinibacterium_sp._NLF-5-8	2698684	S	800	495	1295	0.00009
Steroidobacter_denitrificans	465721	S	5210	1632	6842	0.00049
Sulfurifustis_variabilis	1675686	S	7213	491	7704	0.00056
Sulfuricaulis_limicola	1620215	S	2495	205	2700	0.00020
Acidiferrobacter_sp._SPIII_3	1281578	S	806	215	1021	0.00007
Acidiferrobacter_thiooxydans	163359	S	597	161	758	0.00005
Shewanella_sp._FJAT-54031	2864209	S	58	96	154	0.00001
Shewanella_sp._FJAT-53764	2864207	S	57	98	155	0.00001
Shewanella_sp._FJAT-52076	2864202	S	49	74	123	0.00001
Shewanella_sp._FJAT-53555	2864204	S	44	42	86	0.00001
Shewanella_sp._FJAT-53532	2864203	S	41	77	118	0.00001
Shewanella_sp._KX20019	2803864	S	33	4	37	0.00000
Shewanella_sp._FJAT-53681	2864205	S	32	57	89	0.00001
Shewanella_sp._FJAT-51860	2864212	S	28	4	32	0.00000
Shewanella_sp._MR-4	60480	S	25	30	55	0.00000
Shewanella_sp._Scap07	2589987	S	25	3	28	0.00000
Shewanella_sp._SNU_WT4	2590015	S	24	6	30	0.00000
Shewanella_sp._FJAT-52072	2864213	S	23	33	56	0.00000
Shewanella_sp._Arc9-LZ	2698686	S	21	9	30	0.00000
Shewanella_sp._WE21	2029986	S	19	11	30	0.00000
Shewanella_sp._FJAT-53749	2864206	S	19	4	23	0.00000
Shewanella_sp._FJAT-53870	2864208	S	17	3	20	0.00000
Shewanella_sp._FJAT-51754	2864211	S	14	22	36	0.00000
Shewanella_sp._OM3-2	2908650	S	13	2	15	0.00000
Shewanella_sp._Pdp11	2059264	S	10	33	43	0.00000
Shewanella_khirikhana	1965282	S	178	31	209	0.00002
Shewanella_algae	38313	S	175	171	346	0.00003
Shewanella_cyperi	2814292	S	152	95	247	0.00002
Shewanella_litorisediminis	1173586	S	94	25	119	0.00001
Shewanella_putrefaciens	24	S	88	331	419	0.00003
Shewanella_glacialimarina	2590884	S	87	12	99	0.00001
Shewanella_marisflavi	260364	S	83	17	100	0.00001
Shewanella_baltica	62322	S	82	68	150	0.00001
Shewanella_sedimentimangrovi	2814293	S	77	67	144	0.00001
Shewanella_amazonensis	60478	S	63	17	80	0.00001
Shewanella_avicenniae	2814294	S	60	10	70	0.00001
Shewanella_dokdonensis	712036	S	58	6	64	0.00000
Shewanella_yunxiaonensis	2829809	S	57	9	66	0.00000
Shewanella_sediminis	271097	S	57	8	65	0.00000
Shewanella_violacea	60217	S	45	9	54	0.00000
Shewanella_benthica	43661	S	43	10	53	0.00000
Shewanella_loihica	359303	S	43	85	128	0.00001
Shewanella_psychropiezotolerans	2593655	S	39	8	47	0.00000
Shewanella_psychrophila	225848	S	37	5	42	0.00000
Shewanella_halifaxensis	271098	S	36	5	41	0.00000
Shewanella_oneidensis	70863	S	35	11	46	0.00000
Shewanella_pealeana	70864	S	32	6	38	0.00000
Shewanella_maritima	2520507	S	31	3	34	0.00000
Shewanella_denitrificans	192073	S	30	4	34	0.00000
Shewanella_woodyi	60961	S	29	3	32	0.00000
Shewanella_decolorationis	256839	S	28	36	64	0.00000
Shewanella_psychromarinicola	2487742	S	28	4	32	0.00000
Shewanella_chilikensis	558541	S	23	76	99	0.00001
Shewanella_donghaensis	238836	S	22	2	24	0.00000
Shewanella_indica	768528	S	21	34	55	0.00000
Shewanella_livingstonensis	150120	S	21	5	26	0.00000
Shewanella_xiamenensis	332186	S	21	124	145	0.00001
Shewanella_carassii	1987584	S	20	25	45	0.00000
Shewanella_piezotolerans	404011	S	16	1	17	0.00000
Shewanella_inventionis	1738770	S	14	7	21	0.00000
Shewanella_vesiculosa	518738	S	14	4	18	0.00000
Shewanella_frigidimarina	56812	S	14	8	22	0.00000
Shewanella_aestuarii	1028752	S	13	5	18	0.00000
Parashewanella_spongiae	342950	S	26	2	28	0.00000
Parashewanella_tropica	2547970	S	12	1	13	0.00000
Alteromonas_sp._RKMC-009	2267264	S	82	23	105	0.00001
Alteromonas_sp._BL110	1714845	S	17	25	42	0.00000
Alteromonas_sp._76-1	2358187	S	12	12	24	0.00000
Alteromonas_macleodii	28108	S	130	52	182	0.00001
Alteromonas_mediterranea	314275	S	43	13	56	0.00000
Alteromonas_pelagimontana	1858656	S	39	5	44	0.00000
Alteromonas_australica	589873	S	19	33	52	0.00000
Alteromonas_stellipolaris	233316	S	10	29	39	0.00000
Alteromonas_naphthalenivorans	715451	S	10	5	15	0.00000
Salinimonas_marina	2785918	S	71	8	79	0.00001
Salinimonas_lutimaris	914153	S	59	12	71	0.00001
Salinimonas_iocasae	2572577	S	54	12	66	0.00000
Salinimonas_sediminis	2303538	S	51	13	64	0.00000
Hydrocarboniclastica_marina	2259620	S	405	62	467	0.00003
Agarivorans_sp._TSD2052	2937286	S	28	4	32	0.00000
Agarivorans_gilvus	680279	S	33	3	36	0.00000
Agarivorans_aestuarii	1563703	S	19	10	29	0.00000
Agarivorans_albus	182262	S	11	13	24	0.00000
Saliniradius_amylolyticus	2183582	S	118	12	130	0.00001
Lacimicrobium_alkaliphilum	1526571	S	114	9	123	0.00001
Paraglaciecola_sp._L1A13	2686359	S	24	2	26	0.00000
Paraglaciecola_sp._L3A3	2686358	S	13	1	14	0.00000
Paraglaciecola_mesophila	197222	S	32	4	36	0.00000
Paraglaciecola_psychrophila	326544	S	23	2	25	0.00000
Paraneptunicella_aestuarii	2831148	S	44	2	46	0.00000
Glaciecola_nitratireducens	300231	S	40	3	43	0.00000
Catenovulum_sediminis	1740262	S	24	1	25	0.00000
Saccharobesus_litoralis	2172099	S	24	1	25	0.00000
Pseudoalteromonas_sp._R3	1709477	S	56	23	79	0.00001
Pseudoalteromonas_sp._A25	116092	S	14	11	25	0.00000
Pseudoalteromonas_rubra	43658	S	127	15	142	0.00001
Pseudoalteromonas_viridis	339617	S	86	26	112	0.00001
Pseudoalteromonas_luteoviolacea	43657	S	82	12	94	0.00001
Pseudoalteromonas_shioyasakiensis	1190813	S	39	16	55	0.00000
Pseudoalteromonas_piscicida	43662	S	38	35	73	0.00001
Pseudoalteromonas_xiamenensis	882626	S	32	3	35	0.00000
Pseudoalteromonas_spongiae	298657	S	30	7	37	0.00000
Pseudoalteromonas_ulvae	107327	S	26	1	27	0.00000
Pseudoalteromonas_tunicata	314281	S	21	3	24	0.00000
Pseudoalteromonas_prydzensis	182141	S	19	3	22	0.00000
Pseudoalteromonas_mariniglutinosa	206042	S	19	35	54	0.00000
Pseudoalteromonas_ruthenica	151081	S	17	17	34	0.00000
Pseudoalteromonas_espejiana	28107	S	15	3	18	0.00000
Pseudoalteromonas_translucida	166935	S	14	49	63	0.00000
Pseudoalteromonas_carrageenovora	227	S	12	3	15	0.00000
Pseudoalteromonas_piratica	1348114	S	12	1	13	0.00000
Pseudoalteromonas_donghaensis	621376	S	11	89	100	0.00001
Pseudoalteromonas_phenolica	161398	S	11	1	12	0.00000
Pseudoalteromonas_arctica	394751	S	10	6	16	0.00000
Pseudoalteromonas_agarivorans	176102	S	10	29	39	0.00000
Pseudoalteromonas_aliena	247523	S	10	3	13	0.00000
Psychrosphaera_ytuae	2820710	S	22	4	26	0.00000
Psychrosphaera_aestuarii	1266052	S	13	2	15	0.00000
Flocculibacter_collagenilyticus	2744479	S	15	1	16	0.00000
Ferrimonas_balearica	44012	S	451	62	513	0.00004
Ferrimonas_lipolytica	2724191	S	57	8	65	0.00000
Thalassotalea_sp._PS06	2594005	S	37	5	42	0.00000
Thalassotalea_sp._HSM_43	2552945	S	30	4	34	0.00000
Thalassotalea_sp._LPB0316	2769490	S	25	8	33	0.00000
Thalassotalea_crassostreae	1763536	S	18	3	21	0.00000
Colwellia_sp._20A7	2689569	S	20	2	22	0.00000
Colwellia_sp._PAMC_20917	1816218	S	16	1	17	0.00000
Colwellia_sp._Arc7-635	2497879	S	12	2	14	0.00000
Colwellia_sp._MT41	58049	S	11	1	12	0.00000
Cognaticolwellia_beringensis	1967665	S	17	3	20	0.00000
Litorilituus_sediminis	718192	S	12	1	13	0.00000
Idiomarina_sp._OT37-5b	2100422	S	73	21	94	0.00001
Idiomarina_sp._X4	2055892	S	17	19	36	0.00000
Idiomarina_loihiensis	135577	S	36	0	36	0.00000
Idiomarina_abyssalis	86102	S	24	5	29	0.00000
Idiomarina_piscisalsi	1096243	S	20	22	42	0.00000
Moritella_sp._24	2746230	S	13	22	35	0.00000
Moritella_yayanosii	69539	S	20	10	30	0.00000
Moritella_marina	90736	S	16	7	23	0.00000
Psychromonas_ingrahamii	357794	S	43	5	48	0.00000
Psychromonas_sp._CNPT3	314282	S	16	3	19	0.00000
Vibrio_parahaemolyticus	670	S	144	59	203	0.00001
Vibrio_harveyi	669	S	49	23	72	0.00001
Vibrio_alginolyticus	663	S	47	149	196	0.00001
Vibrio_owensii	696485	S	45	45	90	0.00001
Vibrio_diabolicus	50719	S	27	42	69	0.00000
Vibrio_campbellii	680	S	36	67	103	0.00001
Vibrio_natriegens	691	S	29	63	92	0.00001
Vibrio_rotiferianus	190895	S	23	12	35	0.00000
Vibrio_azureus	512649	S	21	3	24	0.00000
Vibrio_sp._OG9-811	2841925	S	113	22	135	0.00001
Vibrio_sp._B1FLJ16	2751178	S	42	11	53	0.00000
Vibrio_sp._HDW18	2714948	S	33	7	40	0.00000
Vibrio_sp._VB16	2785746	S	24	2	26	0.00000
Vibrio_sp._THAF190c	2587865	S	24	4	28	0.00000
Vibrio_sp._SCSIO_43132	2779363	S	19	16	35	0.00000
Vibrio_sp._ED004	2785124	S	17	12	29	0.00000
Vibrio_sp._Scap24	2589990	S	15	10	25	0.00000
Vibrio_sp._SS-MA-C1-2	2908646	S	11	2	13	0.00000
Vibrio_fluvialis	676	S	228	57	285	0.00002
Vibrio_furnissii	29494	S	213	91	304	0.00002
Vibrio_vulnificus	672	S	157	46	203	0.00001
Vibrio_sinaloensis	379097	S	53	9	62	0.00000
Vibrio_tubiashii	29498	S	38	13	51	0.00000
Vibrio_europaeus	300876	S	26	6	32	0.00000
Vibrio_navarrensis	29495	S	113	53	166	0.00001
Vibrio_cholerae	666	S	85	108	193	0.00001
Vibrio_mimicus	674	S	68	26	94	0.00001
Vibrio_anguillarum	55601	S	67	26	93	0.00001
Vibrio_nigripulchritudo	28173	S	55	25	80	0.00001
Vibrio_cyclitrophicus	47951	S	53	24	77	0.00001
Vibrio_alfacsensis	1074311	S	48	37	85	0.00001
Vibrio_coralliilyticus	190893	S	48	36	84	0.00001
Vibrio_breoganii	553239	S	40	5	45	0.00000
Vibrio_panuliri	1381081	S	40	6	46	0.00000
Vibrio_mediterranei	689	S	40	5	45	0.00000
Vibrio_penaeicida	104609	S	39	5	44	0.00000
Vibrio_gazogenes	687	S	39	6	45	0.00000
Vibrio_neptunius	170651	S	39	8	47	0.00000
Vibrio_scophthalmi	45658	S	36	8	44	0.00000
Vibrio_maritimus	990268	S	35	4	39	0.00000
Vibrio_algicola	2662262	S	34	6	40	0.00000
Vibrio_astriarenae	1481923	S	33	5	38	0.00000
Vibrio_tapetis	52443	S	32	2	34	0.00000
Vibrio_taketomensis	2572923	S	32	5	37	0.00000
Vibrio_splendidus	29497	S	30	16	46	0.00000
Vibrio_metoecus	1481663	S	29	17	46	0.00000
Vibrio_tritonius	1435069	S	28	4	32	0.00000
Vibrio_metschnikovii	28172	S	28	6	34	0.00000
Vibrio_zhugei	2479546	S	27	7	34	0.00000
Vibrio_cidicii	1763883	S	25	17	42	0.00000
Vibrio_spartinae	1918945	S	24	3	27	0.00000
Vibrio_cincinnatiensis	675	S	24	5	29	0.00000
Vibrio_ziniensis	2711221	S	24	3	27	0.00000
Vibrio_kanaloae	170673	S	23	8	31	0.00000
Vibrio_ponticus	265668	S	21	2	23	0.00000
Vibrio_crassostreae	246167	S	20	18	38	0.00000
Vibrio_aquimaris	2587862	S	19	2	21	0.00000
Vibrio_casei	673372	S	19	6	25	0.00000
Vibrio_chagasii	170679	S	17	4	21	0.00000
Vibrio_rumoiensis	76258	S	16	11	27	0.00000
Vibrio_aphrogenes	1891186	S	16	2	18	0.00000
Vibrio_gigantis	296199	S	14	6	20	0.00000
Vibrio_bathopelagicus	2777577	S	12	4	16	0.00000
Photobacterium_sp._GJ3	2829502	S	123	20	143	0.00001
Photobacterium_sp._TLY01	2907534	S	105	23	128	0.00001
Photobacterium_gaetbulicola	1295392	S	140	15	155	0.00001
Photobacterium_ganghwense	320778	S	123	34	157	0.00001
Photobacterium_damselae	38293	S	87	55	142	0.00001
Photobacterium_profundum	74109	S	24	3	27	0.00000
Salinivibrio_kushneri	1908198	S	77	14	91	0.00001
Salinivibrio_sp._YCSC6	2003370	S	15	33	48	0.00000
Salinivibrio_costicola	51367	S	12	27	39	0.00000
Grimontia_hollisae	673	S	98	15	113	0.00001
Thaumasiovibrio_subtropicus	1891207	S	37	5	42	0.00000
Aliivibrio_fischeri	668	S	14	4	18	0.00000
Paraphotobacterium_marinum	1755811	S	11	2	13	0.00000
Legionella_sp._PC1000	2746060	S	228	26	254	0.00002
Legionella_sp._MW5194	2662448	S	89	10	99	0.00001
Legionella_sp._PC997	2755562	S	53	6	59	0.00000
Legionella_pneumophila	446	S	261	126	387	0.00003
Legionella_anisa	28082	S	237	35	272	0.00002
Legionella_sainthelensi	28087	S	175	19	194	0.00001
Legionella_geestiana	45065	S	124	8	132	0.00001
Legionella_longbeachae	450	S	114	35	149	0.00001
Legionella_spiritensis	452	S	97	7	104	0.00001
Legionella_israelensis	454	S	67	3	70	0.00001
Legionella_lansingensis	45067	S	67	4	71	0.00001
Legionella_oakridgensis	29423	S	43	3	46	0.00000
Legionella_waltersii	66969	S	39	4	43	0.00000
Legionella_cherrii	28084	S	38	2	40	0.00000
Legionella_fallonii	96230	S	37	2	39	0.00000
Legionella_clemsonensis	1867846	S	33	3	36	0.00000
Legionella_antarctica	2708020	S	32	1	33	0.00000
Legionella_jordanis	456	S	30	3	33	0.00000
Legionella_hackeliae	449	S	23	2	25	0.00000
Legionella_adelaidensis	45056	S	22	1	23	0.00000
Fluoribacter_dumoffii	463	S	53	15	68	0.00000
Tatlockia_micdadei	451	S	38	2	40	0.00000
Aquicella_siphonis	254247	S	176	45	221	0.00002
Aquicella_lusitana	254246	S	167	45	212	0.00002
Coxiella_burnetii	777	S	152	39	191	0.00001
Coxiella_endosymbiont_of_Amblyomma_sculptum	2487929	S	49	14	63	0.00000
Coxiella_endosymbiont_of_Amblyomma_nuttalli	2749996	S	26	2	28	0.00000
Candidatus_Coxiella_mudrowiae	2054173	S	32	2	34	0.00000
Candidatus_Rickettsiella_viridis	676208	S	17	12	29	0.00000
Rickettsiella_endosymbiont_of_Dermanyssus_gallinae	2856608	S	16	10	26	0.00000
Immundisolibacter_cernigliae	1810504	S	2746	554	3300	0.00024
Acinetobacter_sp._WCHAc010034	1879049	S	156	81	237	0.00002
Acinetobacter_sp._10FS3-1	2563897	S	30	24	54	0.00000
Acinetobacter_sp._TTH0-4	1646498	S	28	7	35	0.00000
Acinetobacter_sp._CS-2	2798861	S	21	14	35	0.00000
Acinetobacter_sp._ASP199	2773709	S	17	10	27	0.00000
Acinetobacter_sp._TGL-Y2	1407071	S	15	1	16	0.00000
Acinetobacter_sp._Marseille-Q1620	2714110	S	14	1	15	0.00000
Acinetobacter_sp._LoGeW2-3	1808001	S	13	4	17	0.00000
Acinetobacter_sp._F9	2853158	S	10	6	16	0.00000
Acinetobacter_baumannii	470	S	283	1421	1704	0.00012
Acinetobacter_pittii	48296	S	31	52	83	0.00001
Acinetobacter_calcoaceticus	471	S	15	2	17	0.00000
Acinetobacter_seifertii	1530123	S	15	7	22	0.00000
Acinetobacter_nosocomialis	106654	S	12	5	17	0.00000
Acinetobacter_indicus	756892	S	81	74	155	0.00001
Acinetobacter_soli	487316	S	61	6	67	0.00000
Acinetobacter_johnsonii	40214	S	54	57	111	0.00001
Acinetobacter_lwoffii	28090	S	36	61	97	0.00001
Acinetobacter_radioresistens	40216	S	34	8	42	0.00000
Acinetobacter_bouvetii	202951	S	31	6	37	0.00000
Acinetobacter_schindleri	108981	S	29	29	58	0.00000
Acinetobacter_junii	40215	S	24	10	34	0.00000
Acinetobacter_cumulans	2136182	S	22	10	32	0.00000
Acinetobacter_haemolyticus	29430	S	20	12	32	0.00000
Acinetobacter_shaoyimingii	2715164	S	19	2	21	0.00000
Acinetobacter_variabilis	70346	S	19	29	48	0.00000
Acinetobacter_larvae	1789224	S	18	1	19	0.00000
Acinetobacter_tandoii	202954	S	16	1	17	0.00000
Acinetobacter_dispersus	70348	S	14	1	15	0.00000
Acinetobacter_gyllenbergii	134534	S	13	1	14	0.00000
Acinetobacter_guillouiae	106649	S	13	5	18	0.00000
Acinetobacter_baylyi	202950	S	12	1	13	0.00000
Acinetobacter_portensis	1839785	S	11	13	24	0.00000
Acinetobacter_defluvii	1871111	S	11	9	20	0.00000
Acinetobacter_pseudolwoffii	2053287	S	10	27	37	0.00000
Psychrobacter_sp._DAB_AL43B	1028416	S	22	7	29	0.00000
Psychrobacter_sp._28M-43	2772254	S	14	33	47	0.00000
Psychrobacter_sp._WY6	2708350	S	10	44	54	0.00000
Psychrobacter_arenosus	256326	S	32	3	35	0.00000
Psychrobacter_urativorans	45610	S	20	5	25	0.00000
Psychrobacter_cryohalolentis	330922	S	10	100	110	0.00001
Psychrobacter_sanguinis	861445	S	10	6	16	0.00000
Moraxella_osloensis	34062	S	77	13	90	0.00001
Moraxella_bovis	476	S	33	11	44	0.00000
Moraxella_bovoculi	386891	S	25	53	78	0.00001
Moraxella_catarrhalis	480	S	24	5	29	0.00000
Moraxella_cuniculi	34061	S	21	2	23	0.00000
Moraxella_sp._ZY201115	2904121	S	17	2	19	0.00000
Moraxella_nonliquefaciens	478	S	12	3	15	0.00000
Aquirhabdus_parva	2283318	S	73	3	76	0.00001
Candidatus_Endoriftia_persephone	393765	S	801	42	843	0.00006
Candidatus_Vesicomyosocius_sp._SY067_SCS001	2732590	S	14	13	27	0.00000
Bathymodiolus_thermophilus_thioautotrophic_gill_symbiont	2360	S	16	1	17	0.00000
Bathymodiolus_septemdierum_thioautotrophic_gill_symbiont	113267	S	12	2	14	0.00000
Sedimenticola_thiotaurini	1543721	S	551	25	576	0.00004
Candidatus_Reidiella_endopervernicosa	2738883	S	367	8	375	0.00003
Thiolapillus_brandeum	1076588	S	293	7	300	0.00002
Pseudohongiella_spirulinae	1249552	S	170	5	175	0.00001
Gallaecimonas_mangrovi	2291597	S	124	10	134	0.00001
Celerinatantimonas_diazotrophica	412034	S	36	3	39	0.00000
Candidatus_Thioglobus_autotrophicus	1705394	S	18	1	19	0.00000
Ignatzschineria_sp._HR5S32	2923279	S	23	2	25	0.00000
Candidatus_Pseudothioglobus_singularis	1427364	S	14	2	16	0.00000
endosymbiont_of_Sipalinus_gigas	1972134	S	10	4	14	0.00000
Thiomicrorhabdus_xiamenensis	2739063	S	95	6	101	0.00001
Thiomicrorhabdus_aquaedulcis	2211106	S	61	3	64	0.00000
Thiomicrorhabdus_sediminis	2580412	S	35	2	37	0.00000
Thiomicrorhabdus_indica	2267253	S	16	0	16	0.00000
Thiomicrorhabdus_sp._Am19	2791037	S	12	0	12	0.00000
Methylophaga_frappieri	754477	S	60	34	94	0.00001
Methylophaga_sp._TMB456	2881052	S	56	23	79	0.00001
Methylophaga_nitratireducenticrescens	754476	S	45	9	54	0.00000
Thiomicrospira_sp._S5	1803865	S	60	51	111	0.00001
Thiomicrospira_aerophila	92245	S	36	4	40	0.00000
Thiomicrospira_microaerophila	406020	S	35	5	40	0.00000
Thiomicrospira_cyclica	147268	S	22	1	23	0.00000
Hydrogenovibrio_thermophilus	265883	S	68	57	125	0.00001
Hydrogenovibrio_marinus	28885	S	33	1	34	0.00000
Hydrogenovibrio_crunogenus	39765	S	28	1	29	0.00000
Thiosulfatimonas_sediminis	2675054	S	56	4	60	0.00000
Piscirickettsia_salmonis	1238	S	54	4	58	0.00000
Thiosulfativibrio_zosterae	2675053	S	29	1	30	0.00000
Thiothrix_litoralis	2891210	S	208	16	224	0.00002
Thiothrix_subterranea	2735563	S	137	41	178	0.00001
Thiothrix_sp._CT3	96472	S	113	40	153	0.00001
Candidatus_Thiothrix_anitrata	2823902	S	84	53	137	0.00001
Thiothrix_unzii	111769	S	75	42	117	0.00001
Beggiatoa_leptomitoformis	288004	S	60	1	61	0.00000
Francisella_tularensis	263	S	19	38	57	0.00000
Francisella_frigiditurris	1542390	S	18	3	21	0.00000
Francisella_uliginis	573570	S	11	3	14	0.00000
Allofrancisella_guangzhouensis	594679	S	15	5	20	0.00000
Salinisphaera_sp._LB1	2183911	S	1644	74	1718	0.00012
endosymbiont_of_unidentified_scaly_snail_isolate_Monju	1248727	S	1507	140	1647	0.00012
Aggregatibacter_actinomycetemcomitans	714	S	64	11	75	0.00001
Aggregatibacter_aphrophilus	732	S	43	23	66	0.00000
Aggregatibacter_sp._2125159857	2820817	S	18	9	27	0.00000
Aggregatibacter_sp._Marseille-P9115	2866570	S	10	10	20	0.00000
Haemophilus_influenzae	727	S	42	24	66	0.00000
Haemophilus_parainfluenzae	729	S	41	15	56	0.00000
Haemophilus_parahaemolyticus	735	S	18	3	21	0.00000
Haemophilus_haemolyticus	726	S	16	6	22	0.00000
[Haemophilus]_ducreyi	730	S	11	6	17	0.00000
Actinobacillus_sp._GY-402	2774188	S	51	28	79	0.00001
Actinobacillus_pleuropneumoniae	715	S	21	80	101	0.00001
Actinobacillus_suis	716	S	13	5	18	0.00000
Mannheimia_granulomatis	85402	S	33	8	41	0.00000
Mannheimia_varigena	85404	S	27	28	55	0.00000
Mannheimia_haemolytica	75985	S	17	9	26	0.00000
Pasteurella_multocida	747	S	67	192	259	0.00002
Avibacterium_paragallinarum	728	S	28	10	38	0.00000
Avibacterium_volantium	762	S	20	8	28	0.00000
Glaesserella_parasuis	738	S	31	17	48	0.00000
Glaesserella_sp._15-184	2030797	S	18	5	23	0.00000
Rodentibacter_heylii	1906744	S	19	2	21	0.00000
Rodentibacter_haemolyticus	2778911	S	17	2	19	0.00000
Gallibacterium_anatis	750	S	26	8	34	0.00000
Bibersteinia_trehalosi	47735	S	14	4	18	0.00000
Histophilus_somni	731	S	12	4	16	0.00000
Frederiksenia_canicola	123824	S	12	3	15	0.00000
Cardiobacterium_hominis	2718	S	494	105	599	0.00004
Cardiobacterium_sp._Marseille-Q4385	2866573	S	273	52	325	0.00002
Suttonella_sp._R2A3	2908648	S	43	2	45	0.00000
Dichelobacter_nodosus	870	S	41	11	52	0.00000
Kangiella_koreensis	261964	S	53	7	60	0.00000
Kangiella_profundi	1561924	S	36	8	44	0.00000
Kangiella_geojedonensis	914150	S	27	2	29	0.00000
Kangiella_sediminilitoris	1144748	S	24	1	25	0.00000
Gilliamella_sp._ESL0441	2704654	S	12	10	22	0.00000
Gilliamella_sp._ESL0443	2704655	S	12	3	15	0.00000
Gilliamella_apicola	1196095	S	15	3	18	0.00000
Zophobihabitans_entericus	1635327	S	11	1	12	0.00000
Archangium_violaceum	83451	S	38744	4596	43340	0.00313
Archangium_gephyra	48	S	26447	3577	30024	0.00217
Cystobacter_fuscus	43	S	34458	5160	39618	0.00286
Stigmatella_aurantiaca	41	S	6872	448	7320	0.00053
Melittangium_boletus	83453	S	6706	949	7655	0.00055
Anaeromyxobacter_sp._Red232	2918170	S	18641	2062	20703	0.00150
Anaeromyxobacter_sp._Fw109-5	404589	S	15525	2090	17615	0.00127
Anaeromyxobacter_sp._Red630	2918171	S	11163	1529	12692	0.00092
Anaeromyxobacter_sp._K	447217	S	2843	5540	8383	0.00061
Anaeromyxobacter_dehalogenans	161493	S	9274	6423	15697	0.00113
Myxococcus_xanthus	34	S	7583	35031	42614	0.00308
Myxococcus_hansupus	1297742	S	4173	323	4496	0.00032
Myxococcus_stipitatus	83455	S	3513	352	3865	0.00028
Myxococcus_sp._SCHIC003	2813577	S	3094	313	3407	0.00025
Corallococcus_coralloides	184914	S	7233	2735	9968	0.00072
Corallococcus_macrosporus	35	S	4903	774	5677	0.00041
Corallococcus_sp._EGB	1521117	S	4307	1540	5847	0.00042
Pyxidicoccus_sp._SCPEA002	2813578	S	12250	545	12795	0.00092
Vulgatibacter_incomptus	1391653	S	5476	435	5911	0.00043
Sorangium_cellulosum	56	S	68985	8156	77141	0.00557
Polyangium_aurulentum	2567896	S	16587	1486	18073	0.00131
Chondromyces_crocatus	52	S	8674	384	9058	0.00065
Pajaroellobacter_abortibovis	1882918	S	114	3	117	0.00001
Sandaracinus_amylolyticus	927083	S	27022	1475	28497	0.00206
Labilithrix_luteola	1391654	S	9233	405	9638	0.00070
Haliangium_ochraceum	80816	S	11141	600	11741	0.00085
Geomonas_sp._RF6	2897342	S	2389	308	2697	0.00019
Geomonas_paludis	2740185	S	1738	883	2621	0.00019
Geomonas_nitrogeniifigens	2847991	S	1580	824	2404	0.00017
Geomonas_subterranea	2847989	S	1444	679	2123	0.00015
Geomonas_oryzisoli	2847992	S	1400	775	2175	0.00016
Geobacter_sp._FeAm09	2597769	S	1533	193	1726	0.00012
Geobacter_sp._SVR	2495594	S	1118	161	1279	0.00009
Geobacter_sp._DSM_9736	1277350	S	671	49	720	0.00005
Geobacter_sulfurreducens	35554	S	1822	438	2260	0.00016
Geobacter_pickeringii	345632	S	1712	440	2152	0.00016
Geobacter_metallireducens	28232	S	1068	251	1319	0.00010
Geobacter_benzoatilyticus	2815309	S	686	152	838	0.00006
Citrifermentans_bremense	60035	S	1444	584	2028	0.00015
Citrifermentans_bemidjiense	225194	S	1308	485	1793	0.00013
Geotalea_uraniireducens	351604	S	860	67	927	0.00007
Geotalea_daltonii	1203471	S	479	39	518	0.00004
Geoalkalibacter_subterraneus	483547	S	735	647	1382	0.00010
Trichlorobacter_lovleyi	313985	S	438	60	498	0.00004
Desulfuromonas_versatilis	2802975	S	2888	518	3406	0.00025
Desulfuromonas_sp._DDH964	1823759	S	1880	353	2233	0.00016
Desulfuromonas_sp._AOP6	1566351	S	585	67	652	0.00005
Desulfuromonas_soudanensis	1603606	S	1712	194	1906	0.00014
Pelobacter_propionicus	29543	S	1118	406	1524	0.00011
Syntrophotalea_acetylenica	29542	S	578	117	695	0.00005
Syntrophotalea_carbinolica	19	S	421	34	455	0.00003
Syntrophotalea_acetylenivorans	1842532	S	300	46	346	0.00003
Pseudodesulfovibrio_mercurii	641491	S	1333	311	1644	0.00012
Pseudodesulfovibrio_indicus	1716143	S	1220	253	1473	0.00011
Pseudodesulfovibrio_aespoeensis	182210	S	933	653	1586	0.00011
Pseudodesulfovibrio_cashew	2678688	S	794	154	948	0.00007
Pseudodesulfovibrio_sp._SF6	2810563	S	338	32	370	0.00003
Pseudodesulfovibrio_sp._zrk46	2725288	S	298	49	347	0.00003
Pseudodesulfovibrio_tunisiensis	463192	S	583	60	643	0.00005
Pseudodesulfovibrio_profundus	57320	S	206	203	409	0.00003
Pseudodesulfovibrio_piezophilus	879567	S	93	12	105	0.00001
Desulfovibrio_sp._IOR2	2583823	S	850	161	1011	0.00007
Desulfovibrio_sp._86	2666132	S	261	70	331	0.00002
Desulfovibrio_sp._G11	631220	S	208	163	371	0.00003
Desulfovibrio_vulgaris	881	S	1040	45	1085	0.00008
Desulfovibrio_sulfodismutans	63561	S	936	229	1165	0.00008
Desulfovibrio_desulfuricans	876	S	770	186	956	0.00007
Desulfovibrio_piger	901	S	699	144	843	0.00006
Desulfovibrio_fairfieldensis	44742	S	526	48	574	0.00004
Desulfovibrio_ferrophilus	241368	S	341	28	369	0.00003
Candidatus_Desulfovibrio_trichonymphae	1725232	S	115	10	125	0.00001
Solidesulfovibrio_carbinoliphilus	345370	S	1729	217	1946	0.00014
Solidesulfovibrio_magneticus	184917	S	733	437	1170	0.00008
Solidesulfovibrio_carbinolicus	296842	S	676	543	1219	0.00009
Oceanidesulfovibrio_marinus	370038	S	1724	108	1832	0.00013
Desulfolutivibrio_sulfoxidireducens	2773299	S	1301	345	1646	0.00012
Desulfocurvibacter_africanus	873	S	1274	97	1371	0.00010
Megalodesulfovibrio_gigas	879	S	914	45	959	0.00007
Oleidesulfovibrio_alaskensis	58180	S	322	443	765	0.00006
Maridesulfovibrio_salexigens	880	S	97	10	107	0.00001
Maridesulfovibrio_hydrothermalis	191026	S	69	7	76	0.00001
Paradesulfovibrio_bizertensis	376490	S	121	12	133	0.00001
Lawsonia_intracellularis	29546	S	45	0	45	0.00000
Desulfomicrobium_baculatum	899	S	850	70	920	0.00007
Desulfomicrobium_orale	132132	S	491	128	619	0.00004
Desulfohalobium_retbaense	45663	S	366	19	385	0.00003
Desulfosarcina_alkanivorans	571177	S	1077	449	1526	0.00011
Desulfosarcina_ovata	83564	S	979	48	1027	0.00007
Desulfosarcina_widdelii	947919	S	793	88	881	0.00006
Desulfococcus_multivorans	897	S	734	133	867	0.00006
Desulfatibacillum_aliphaticivorans	218208	S	575	18	593	0.00004
Desulfoluna_sp._ASN36	2810562	S	484	24	508	0.00004
Desulfobacter_hydrogenophilus	2291	S	140	25	165	0.00001
Desulfobacter_postgatei	2293	S	119	20	139	0.00001
Desulfonema_magnum	45655	S	190	4	194	0.00001
Desulfonema_limicola	45656	S	57	4	61	0.00000
Desulforapulum_autotrophicum	2296	S	191	20	211	0.00002
Desulfobacula_toluolica	28223	S	61	4	65	0.00000
Desulfobulbus_propionicus	894	S	828	47	875	0.00006
Desulfobulbus_oralis	1986146	S	621	134	755	0.00005
Desulfobulbus_oligotrophicus	1909699	S	169	143	312	0.00002
Desulfurivibrio_alkaliphilus	427923	S	668	32	700	0.00005
Desulfomarina_profundi	2772557	S	84	7	91	0.00001
Desulfosudis_oleivorans	181663	S	623	32	655	0.00005
Desulfosediminicola_ganghwensis	2569540	S	172	17	189	0.00001
Desulfosediminicola_flagellatus	2569541	S	77	6	83	0.00001
Desulfotalea_psychrophila	84980	S	89	14	103	0.00001
Desulfocapsa_sulfexigens	65555	S	51	2	53	0.00000
Persicimonas_caeni	2292766	S	4275	145	4420	0.00032
Bradymonas_sediminis	1548548	S	1415	110	1525	0.00011
Bradymonadales_bacterium_V1718	2600177	S	511	25	536	0.00004
Desulfarculus_baarsii	453230	S	2042	1187	3229	0.00023
Syntrophobacter_fumaroxidans	119484	S	1041	432	1473	0.00011
Desulfoglaeba_alkanexedens	361111	S	873	50	923	0.00007
Desulfomonile_tiedjei	2358	S	470	4	474	0.00003
Desulfobacca_acetoxidans	60893	S	386	10	396	0.00003
Syntrophus_aciditrophicus	316277	S	280	18	298	0.00002
Dissulfurimicrobium_hydrothermale	1750598	S	191	12	203	0.00001
Candidatus_Desulfofervidus_auxilii	1621989	S	184	4	188	0.00001
Hippea_maritima	84405	S	44	2	46	0.00000
Campylobacter_gracilis	824	S	120	8	128	0.00001
Campylobacter_showae	204	S	114	14	128	0.00001
Campylobacter_curvus	200	S	87	9	96	0.00001
Campylobacter_concisus	199	S	85	12	97	0.00001
Campylobacter_sp._19-13652	2840180	S	14	1	15	0.00000
Campylobacter_sp._CCUG_57310	2517362	S	13	5	18	0.00000
Campylobacter_rectus	203	S	59	10	69	0.00001
Campylobacter_jejuni	197	S	17	98	115	0.00001
Campylobacter_fetus	196	S	16	21	37	0.00000
Campylobacter_coli	195	S	14	16	30	0.00000
Campylobacter_hyointestinalis	198	S	13	6	19	0.00000
Campylobacter_blaseri	2042961	S	13	1	14	0.00000
Campylobacter_lanienae	75658	S	11	3	14	0.00000
Campylobacter_pinnipediorum	1965231	S	11	1	12	0.00000
Candidatus_Campylobacter_infans	2561898	S	10	1	11	0.00000
Sulfurimonas_sp._HSL-3221	2894755	S	458	39	497	0.00004
Sulfurimonas_sp._SWIR-19	2878390	S	50	43	93	0.00001
Sulfurimonas_sp._H1576	2672570	S	12	1	13	0.00000
Sulfurimonas_gotlandica	1176482	S	16	1	17	0.00000
Sulfurimonas_hydrogeniphila	2509341	S	15	4	19	0.00000
Sulfurimonas_paralvinellae	317658	S	14	2	16	0.00000
Sulfuricurvum_kujiense	148813	S	42	3	45	0.00000
Helicobacter_pylori	210	S	160	68	228	0.00002
Helicobacter_sp._NHP19-0003	2849641	S	37	12	49	0.00000
Helicobacter_sp._NHP19-0012	2849642	S	13	7	20	0.00000
Helicobacter_heilmannii	35817	S	20	13	33	0.00000
Helicobacter_cinaedi	213	S	17	8	25	0.00000
Helicobacter_felis	214	S	13	2	15	0.00000
Helicobacter_bilis	37372	S	10	7	17	0.00000
Helicobacter_suis	104628	S	10	4	14	0.00000
Wolinella_succinogenes	844	S	40	23	63	0.00000
Nitratifractor_salsuginis	269261	S	270	25	295	0.00002
Sulfurovum_sp._NBC37-1	387093	S	39	28	67	0.00000
Sulfurovum_sp._HSL1-3	2893889	S	33	10	43	0.00000
Sulfurovum_sp._XGS-02	2925411	S	12	1	13	0.00000
Sulfurovum_indicum	2779528	S	30	4	34	0.00000
Sulfurovum_lithotrophicum	206403	S	23	19	42	0.00000
Hydrogenimonas_urashimensis	2740515	S	215	24	239	0.00002
Arcobacter_sp._FWKO_B	2593672	S	11	7	18	0.00000
Aliarcobacter_butzleri	28197	S	12	32	44	0.00000
Pseudoarcobacter_acticola	1849015	S	10	8	18	0.00000
Sulfurospirillum_cavolei	366522	S	46	5	51	0.00000
Sulfurospirillum_sp._UCH001	1581011	S	10	9	19	0.00000
Sulfurospirillum_deleyianum	65553	S	17	2	19	0.00000
Sulfurospirillum_multivorans	66821	S	13	12	25	0.00000
Sulfurospirillum_halorespirans	194424	S	10	8	18	0.00000
Nitrosophilus_alvini	2714855	S	95	34	129	0.00001
Nitrosophilus_labii	2706014	S	25	19	44	0.00000
Nitratiruptor_sp._YY09-18	2724901	S	31	29	60	0.00000
Nitratiruptor_sp._SB155-2	387092	S	20	27	47	0.00000
Caminibacter_pacificus	1424653	S	32	23	55	0.00000
Caminibacter_mediatlanticus	291048	S	18	15	33	0.00000
Nautilia_profundicola	244787	S	15	9	24	0.00000
Nautilia_sp._PV-1	2579250	S	12	7	19	0.00000
Acidithiobacillus_caldus	33059	S	536	90	626	0.00005
Acidithiobacillus_ferrivorans	160808	S	358	79	437	0.00003
Acidithiobacillus_ferrooxidans	920	S	211	204	415	0.00003
Acidithiobacillus_ferriphilus	1689834	S	115	26	141	0.00001
Acidithiobacillus_thiooxidans	930	S	114	7	121	0.00001
Acidithiobacillus_ferridurans	1232575	S	16	154	170	0.00001
Acidithiobacillus_sp._'AMD_consortium'	2614801	S	10	151	161	0.00001
Bdellovibrio_bacteriovorus	959	S	312	41	353	0.00003
Bdellovibrio_sp._LBG001	2835041	S	68	8	76	0.00001
Bdellovibrio_sp._NC01	2220073	S	50	5	55	0.00000
Bdellovibrio_sp._ZAP7	2231053	S	40	13	53	0.00000
Bdellovibrio_sp._KM01	2748865	S	38	13	51	0.00000
Pseudobdellovibrio_exovorus	453816	S	65	4	69	0.00001
Bacteriovorax_stolpii	960	S	93	19	112	0.00001
Halobacteriovorax_marinus	97084	S	29	12	41	0.00000
Halobacteriovorax_sp._BALOs_7	2109558	S	20	5	25	0.00000
Silvanigrella_aquatica	1915309	S	18	3	21	0.00000
Fluviispira_sanaruensis	2493639	S	18	3	21	0.00000
Hydrogenophilus_thermoluteolus	297	S	612	127	739	0.00005
Mariprofundus_ferrinatatus	1921087	S	190	24	214	0.00002
Mariprofundus_aestuarium	1921086	S	124	18	142	0.00001
Gemmata_obscuriglobus	114	S	21330	3266	24596	0.00178
Gemmata_massiliana	1210884	S	8491	3779	12270	0.00089
Gemmata_sp._SH-PL17	1630693	S	7587	3805	11392	0.00082
Urbifossiella_limnaea	2528023	S	38685	3722	42407	0.00306
Frigoriglobus_tundricola	2774151	S	24102	4137	28239	0.00204
Limnoglobus_roseus	2598579	S	18845	971	19816	0.00143
Tuwongella_immobilis	692036	S	1600	77	1677	0.00012
Telmatocola_sphagniphila	1123043	S	1465	16	1481	0.00011
Lacipirellula_parvula	2650471	S	10732	1313	12045	0.00087
Lacipirellula_limnantheis	2528024	S	10637	1513	12150	0.00088
Pirellulimonas_nuda	2528009	S	6847	793	7640	0.00055
Botrimarina_mediterranea	2528022	S	6249	624	6873	0.00050
Aeoliella_mucimassa	2527972	S	2260	199	2459	0.00018
Adhaeretor_mobilis	1930276	S	1352	138	1490	0.00011
Bythopirellula_goksoeyrii	1400387	S	1224	93	1317	0.00010
Lignipirellula_cremea	2528010	S	4235	539	4774	0.00034
Stieleria_maiorica	2795974	S	1907	424	2331	0.00017
Stieleria_neptunia	2527979	S	1798	212	2010	0.00015
Rosistilla_oblonga	2527990	S	1096	527	1623	0.00012
Rosistilla_carotiformis	2528017	S	726	316	1042	0.00008
Rosistilla_ulvae	1930277	S	689	403	1092	0.00008
Anatilimnocola_aggregata	2528021	S	3273	404	3677	0.00027
Bremerella_volcania	2527984	S	2625	220	2845	0.00021
Pirellula_staleyi	125	S	1947	79	2026	0.00015
Pirellula_sp._SH-Sr6A	1632865	S	620	18	638	0.00005
Roseimaritima_ulvae	980254	S	1682	114	1796	0.00013
Roseimaritima_multifibrata	1930274	S	475	56	531	0.00004
Rubripirellula_lacrimiformis	1930273	S	906	197	1103	0.00008
Mariniblastus_fucicola	980251	S	603	12	615	0.00004
Aureliella_helgolandensis	2527968	S	593	51	644	0.00005
Rhodopirellula_baltica	265606	S	559	43	602	0.00004
Thermogutta_terrifontis	1331910	S	725	24	749	0.00005
Tautonia_plasticadhaerens	2527974	S	22717	2239	24956	0.00180
Aquisphaera_giovannonii	406548	S	15867	3067	18934	0.00137
Paludisphaera_borealis	1387353	S	9705	2449	12154	0.00088
Singulisphaera_acidiphila	466153	S	6979	1179	8158	0.00059
Isosphaera_pallida	128	S	1774	146	1920	0.00014
Planctomyces_sp._SH-PL62	1636152	S	9567	3992	13559	0.00098
Planctomyces_sp._SH-PL14	1632864	S	7702	554	8256	0.00060
Caulifigura_coniformis	2527983	S	6106	464	6570	0.00047
Gimesia_panareensis	2527978	S	1594	206	1800	0.00013
Gimesia_chilikensis	2605989	S	870	534	1404	0.00010
Gimesia_maris	122	S	610	101	711	0.00005
Gimesia_alba	2527973	S	382	72	454	0.00003
Gimesia_fumaroli	2527976	S	375	79	454	0.00003
Gimesia_algae	2527971	S	352	93	445	0.00003
Gimesia_benthica	2608982	S	274	389	663	0.00005
Gimesia_aquarii	2527964	S	263	19	282	0.00002
Maioricimonas_rarisocia	2528026	S	5159	760	5919	0.00043
Alienimonas_californiensis	2527989	S	4871	415	5286	0.00038
Symmachiella_dynata	2527995	S	1832	126	1958	0.00014
Rubinisphaera_brasiliensis	119	S	1112	128	1240	0.00009
Calycomorphotria_hydatis	2528027	S	1084	47	1131	0.00008
Fuerstiella_marisgermanici	1891926	S	1031	21	1052	0.00008
Planctopirus_limnophila	120	S	343	145	488	0.00004
Planctopirus_ephydatiae	2528019	S	337	152	489	0.00004
Crateriforma_conspicua	2527996	S	820	199	1019	0.00007
Polystyrenella_longa	2528007	S	367	37	404	0.00003
Thalassoglobus_polymorphus	2527994	S	364	22	386	0.00003
Humisphaera_borealis	2807512	S	7327	199	7526	0.00054
Phycisphaera_mikurensis	547188	S	3424	303	3727	0.00027
Mucisphaera_calidilacus	2527982	S	1676	102	1778	0.00013
Poriferisphaera_corsica	2528020	S	219	1	220	0.00002
Anaerohalosphaera_lusitana	1936003	S	306	12	318	0.00002
Limihaloglobus_sulfuriphilus	1851148	S	133	8	141	0.00001
Sedimentisphaera_salicampi	1941349	S	66	14	80	0.00001
Sedimentisphaera_cyanobacteriorum	1940790	S	38	45	83	0.00001
Candidatus_Kuenenia_stuttgartiensis	174633	S	127	0	127	0.00001
Candidatus_Uabimicrobium_amorphum	2596890	S	63	1	64	0.00000
Opitutus_terrae	107709	S	4796	225	5021	0.00036
Opitutus_sp._GAS368	1882749	S	4719	698	5417	0.00039
Lacunisphaera_limnophila	1838286	S	4622	647	5269	0.00038
Nibricoccus_aquaticus	2576891	S	2211	98	2309	0.00017
Oleiharenicola_sp._KSB-15	2862869	S	2072	110	2182	0.00016
Ereboglobus_luteus	1796921	S	1475	72	1547	0.00011
Ruficoccus_sp._ZRK36	2866311	S	753	116	869	0.00006
Coraliomargarita_akajimensis	395922	S	178	4	182	0.00001
Luteolibacter_luteus	2728835	S	2561	102	2663	0.00019
Luteolibacter_ambystomatis	2824561	S	1601	97	1698	0.00012
Verrucomicrobium_sp._GAS474	1882831	S	2243	235	2478	0.00018
Verrucomicrobium_spinosum	2736	S	1410	69	1479	0.00011
Roseimicrobium_sp._ORNL1	2711231	S	3586	106	3692	0.00027
Sulfuriroseicoccus_oceanibius	2707525	S	422	36	458	0.00003
Akkermansia_muciniphila	239935	S	851	90	941	0.00007
Akkermansia_glycaniphila	1679444	S	304	18	322	0.00002
Methylacidimicrobium_sp._AP8	2730359	S	605	85	690	0.00005
Methylacidimicrobium_sp._B4	2796139	S	507	95	602	0.00004
Methylacidiphilum_sp._IT6	2795386	S	17	1	18	0.00000
Methylacidiphilum_sp._IT5	2795384	S	11	23	34	0.00000
Methylacidiphilum_infernorum	511746	S	15	30	45	0.00000
Candidatus_Xiphinematobacter_sp._Idaho_Grape	1704307	S	81	5	86	0.00001
Kiritimatiella_glycovorans	1307763	S	902	1067	1969	0.00014
Tichowtungia_aerotolerans	2697043	S	298	12	310	0.00002
Candidatus_Protochlamydia_naegleriophila	389348	S	37	26	63	0.00000
Candidatus_Protochlamydia_amoebophila	362787	S	17	11	28	0.00000
Parachlamydia_acanthamoebae	83552	S	44	14	58	0.00000
Neochlamydia_sp._S13	1353976	S	32	6	38	0.00000
Candidatus_Rhabdochlamydia_oedothoracis	2720720	S	12	17	29	0.00000
Candidatus_Rhabdochlamydia_porcellionis	225148	S	10	18	28	0.00000
Waddlia_chondrophila	71667	S	49	9	58	0.00000
Simkania_negevensis	83561	S	34	3	37	0.00000
Chlamydia_trachomatis	813	S	12	50	62	0.00000
Candidatus_Velamenicoccus_archaeovorus	1930593	S	285	1	286	0.00002
Hymenobacter_sp._PAMC_26628	1484118	S	826	203	1029	0.00007
Hymenobacter_sp._5317J-9	2932250	S	817	190	1007	0.00007
Hymenobacter_sp._PAMC_26554	1484116	S	697	70	767	0.00006
Hymenobacter_sp._APR13	1356852	S	682	264	946	0.00007
Hymenobacter_sp._BRD128	2675878	S	669	90	759	0.00005
Hymenobacter_sp._5116S-27	2932249	S	502	76	578	0.00004
Hymenobacter_sp._5116S-3	2932248	S	487	71	558	0.00004
Hymenobacter_sp._BT18	2835648	S	432	55	487	0.00004
Hymenobacter_sp._NBH84	2596915	S	402	58	460	0.00003
Hymenobacter_sp._DG01	2584940	S	394	100	494	0.00004
Hymenobacter_sp._5413J-13	2932251	S	360	50	410	0.00003
Hymenobacter_sp._5420S-77	2932254	S	345	48	393	0.00003
Hymenobacter_sp._S2-20-2	2761579	S	340	51	391	0.00003
Hymenobacter_sp._DG25B	1385664	S	280	94	374	0.00003
Hymenobacter_sp._BRD67	2675877	S	258	250	508	0.00004
Hymenobacter_sp._DG25A	1385663	S	235	81	316	0.00002
Hymenobacter_sp._HDW8	2714932	S	124	403	527	0.00004
Hymenobacter_sp._5516S-25	2933777	S	123	453	576	0.00004
Hymenobacter_sp._5516J-16	2932253	S	115	449	564	0.00004
Hymenobacter_busanensis	2607656	S	849	94	943	0.00007
Hymenobacter_monticola	1705399	S	796	149	945	0.00007
Hymenobacter_sedentarius	1411621	S	690	106	796	0.00006
Hymenobacter_nivis	1850093	S	603	156	759	0.00005
Hymenobacter_jejuensis	2502781	S	548	43	591	0.00004
Hymenobacter_oligotrophus	2319843	S	546	61	607	0.00004
Hymenobacter_swuensis	1446467	S	372	83	455	0.00003
Hymenobacter_tibetensis	497967	S	342	53	395	0.00003
Hymenobacter_baengnokdamensis	2615203	S	306	333	639	0.00005
Hymenobacter_qilianensis	1385715	S	286	52	338	0.00002
Hymenobacter_radiodurans	2496028	S	136	462	598	0.00004
Pontibacter_russatus	2694929	S	1138	118	1256	0.00009
Pontibacter_actiniarum	323450	S	552	134	686	0.00005
Pontibacter_pudoricolor	2694930	S	550	66	616	0.00004
Pontibacter_akesuensis	388950	S	417	64	481	0.00003
Pontibacter_korlensis	400092	S	257	37	294	0.00002
Pontibacter_sp._SGAir0037	2571030	S	219	38	257	0.00002
Rufibacter_radiotolerans	1379910	S	307	34	341	0.00002
Rufibacter_sp._DG15C	1379909	S	184	108	292	0.00002
Rufibacter_tibetensis	512763	S	172	28	200	0.00001
Adhaeribacter_swui	2086471	S	164	25	189	0.00001
Adhaeribacter_radiodurans	2745197	S	112	14	126	0.00001
Nibribacter_ruber	2698458	S	158	93	251	0.00002
Spirosoma_sp._CJU-R4	2728024	S	458	35	493	0.00004
Spirosoma_sp._KUDC1026	2745947	S	329	29	358	0.00003
Spirosoma_sp._KCTC_42546	2520506	S	197	25	222	0.00002
Spirosoma_sp._RHs26	2898794	S	172	12	184	0.00001
Spirosoma_sp._KCTC_72228	2710596	S	140	18	158	0.00001
Spirosoma_rigui	564064	S	368	25	393	0.00003
Spirosoma_taeanense	2735870	S	357	31	388	0.00003
Spirosoma_montaniterrae	1178516	S	298	17	315	0.00002
Spirosoma_radiotolerans	1379870	S	206	14	220	0.00002
Spirosoma_aerolatum	1211326	S	205	9	214	0.00002
Spirosoma_pollinicola	2057025	S	186	21	207	0.00002
Spirosoma_endbachense	2666025	S	176	81	257	0.00002
Spirosoma_aureum	2692134	S	131	73	204	0.00001
Rhodocytophaga_rosea	2704465	S	171	5	176	0.00001
Aquirufa_sp._9H-EGSE	2696560	S	35	19	54	0.00000
Aquirufa_nivalisilvae	2516557	S	30	13	43	0.00000
Cytophaga_hutchinsonii	985	S	70	5	75	0.00001
Dyadobacter_fermentans	94254	S	1124	96	1220	0.00009
Dyadobacter_sp._LJ419	2906456	S	160	10	170	0.00001
Dyadobacter_sp._NIV53	2861765	S	80	4	84	0.00001
Dyadobacter_sandarakinus	2747268	S	223	19	242	0.00002
Fibrella_aestuarina	651143	S	662	55	717	0.00005
Fibrella_sp._ES10-3-2-2	1834519	S	296	22	318	0.00002
Runella_slithyformis	106	S	181	14	195	0.00001
Runella_rosea	2259595	S	138	13	151	0.00001
Runella_sp._SP2	2268026	S	117	6	123	0.00001
Larkinella_sp._IE-0392	2907205	S	196	13	209	0.00002
Leadbetterella_byssophila	316068	S	47	22	69	0.00000
Arcticibacterium_luteifluviistationis	1784714	S	29	1	30	0.00000
Chryseolinea_soli	2321403	S	1738	52	1790	0.00013
Fulvivirga_sp._SS9-22	2904245	S	84	9	93	0.00001
Fulvivirga_sp._SW1-E11	2904247	S	45	27	72	0.00001
Fulvivirga_sp._W9P-11	2904246	S	44	19	63	0.00000
Fulvivirga_lutea	2810512	S	57	8	65	0.00000
Echinicola_strongylocentroti	1795355	S	68	11	79	0.00001
Echinicola_sp._SCS_3-6	2859768	S	39	17	56	0.00000
Echinicola_sp._20G	2781961	S	25	3	28	0.00000
Echinicola_vietnamensis	390884	S	65	31	96	0.00001
Echinicola_rosea	1807691	S	63	27	90	0.00001
Echinicola_soli	2591634	S	43	4	47	0.00000
Algoriphagus_sp._Y33	2772483	S	69	6	75	0.00001
Algoriphagus_sp._NBT04N3	2705473	S	38	16	54	0.00000
Algoriphagus_sanaruensis	1727163	S	62	5	67	0.00000
Algoriphagus_machipongonensis	388413	S	36	2	38	0.00000
Cyclobacterium_amurskyense	320787	S	25	2	27	0.00000
Cyclobacterium_marinum	104	S	21	5	26	0.00000
Aquiflexum_balticum	280473	S	44	9	53	0.00000
Mongoliitalea_daihaiensis	2782006	S	41	5	46	0.00000
Belliella_baltica	232259	S	17	9	26	0.00000
Candidatus_Amoebophilus_asiaticus	281120	S	55	2	57	0.00000
Cardinium_endosymbiont_of_Oedothorax_gibbosus	931101	S	15	33	48	0.00000
Flammeovirga_yaeyamensis	367791	S	18	32	50	0.00000
Flammeovirga_pectinis	2494373	S	18	5	23	0.00000
Marivirga_tractuosa	1006	S	70	23	93	0.00001
Mangrovivirga_cuniculi	2715131	S	40	2	42	0.00000
Bernardetia_litoralis	999	S	30	2	32	0.00000
Pseudobacter_ginsenosidimutans	661488	S	3095	205	3300	0.00024
Chitinophaga_sp._XS-30	2604421	S	683	167	850	0.00006
Chitinophaga_sp._KRA15-503	2829818	S	233	93	326	0.00002
Chitinophaga_oryzae	2725414	S	490	70	560	0.00004
Chitinophaga_alhagiae	2203219	S	487	10	497	0.00004
Chitinophaga_filiformis	104663	S	270	41	311	0.00002
Chitinophaga_agri	2703787	S	170	43	213	0.00002
Chitinophaga_pinensis	79329	S	157	33	190	0.00001
Chitinophaga_caeni	2029983	S	129	19	148	0.00001
Niastella_koreensis	354356	S	1309	104	1413	0.00010
Flavisolibacter_tropicus	1492898	S	578	71	649	0.00005
Flavisolibacter_ginsenosidimutans	661481	S	546	27	573	0.00004
Pseudocnuella_soli	2502779	S	700	66	766	0.00006
Paraflavitalea_soli	2315862	S	590	34	624	0.00005
Flavihumibacter_sp._IMCC34838	2838156	S	352	26	378	0.00003
Flavihumibacter_sp._IMCC34837	2838157	S	217	12	229	0.00002
Niabella_ginsenosidivorans	1176587	S	229	17	246	0.00002
Niabella_soli	446683	S	205	18	223	0.00002
Arachidicoccus_sp._5GH13-10	2875539	S	85	12	97	0.00001
Arachidicoccus_sp._BS20	1850526	S	83	25	108	0.00001
Arachidicoccus_sp._B3-10	2545455	S	47	2	49	0.00000
Arachidicoccus_ginsenosidivorans	496057	S	47	6	53	0.00000
Arachidicoccus_soli	2341117	S	40	3	43	0.00000
Lacibacter_sp._S13-6-6	2760713	S	267	9	276	0.00002
Phnomibacter_ginsenosidimutans	2676868	S	266	25	291	0.00002
Filimonas_lacunae	477680	S	217	20	237	0.00002
Ferruginibacter_sp._KIS38-8	2875540	S	89	7	96	0.00001
Ferruginibacter_lapsinanis	563172	S	74	5	79	0.00001
Panacibacter_ginsenosidivorans	1813871	S	155	5	160	0.00001
Rhodocaloribacter_litoris	2558931	S	4931	537	5468	0.00040
Rhodothermus_marinus	29549	S	4137	245	4382	0.00032
Salinibacter_ruber	146919	S	2640	45	2685	0.00019
Alistipes_communis	2585118	S	615	428	1043	0.00008
Alistipes_dispar	2585119	S	532	67	599	0.00004
Alistipes_onderdonkii	328813	S	510	585	1095	0.00008
Alistipes_finegoldii	214856	S	441	410	851	0.00006
Alistipes_megaguti	2364787	S	417	48	465	0.00003
Alistipes_senegalensis	1288121	S	416	93	509	0.00004
Alistipes_shahii	328814	S	326	190	516	0.00004
Alistipes_sp._dk3624	2662363	S	311	64	375	0.00003
Alistipes_indistinctus	626932	S	277	54	331	0.00002
Prevotella_sp._E13-17	2913616	S	87	29	116	0.00001
Prevotella_sp._Rep29	2691580	S	62	8	70	0.00001
Prevotella_sp._oral_taxon_475	712471	S	58	5	63	0.00000
Prevotella_sp._E15-22	2937774	S	46	31	77	0.00001
Prevotella_sp._E2-28	2913620	S	32	17	49	0.00000
Prevotella_sp._E9-3	2913621	S	26	12	38	0.00000
Prevotella_dentalis	52227	S	209	42	251	0.00002
Prevotella_denticola	28129	S	95	28	123	0.00001
Prevotella_multiformis	282402	S	89	35	124	0.00001
Prevotella_intermedia	28131	S	71	31	102	0.00001
Prevotella_melaninogenica	28132	S	63	20	83	0.00001
Prevotella_ruminicola	839	S	51	1	52	0.00000
Prevotella_buccalis	28127	S	49	49	98	0.00001
Prevotella_copri	165179	S	43	19	62	0.00000
Prevotella_enoeca	76123	S	34	6	40	0.00000
Prevotella_nigrescens	28133	S	20	12	32	0.00000
Prevotella_veroralis	28137	S	18	3	21	0.00000
Prevotella_oris	28135	S	17	2	19	0.00000
Prevotella_jejuni	1177574	S	17	6	23	0.00000
Prevotella_bryantii	77095	S	16	1	17	0.00000
Prevotella_fusca	589436	S	14	2	16	0.00000
Pseudoprevotella_muciniphila	2133944	S	63	6	69	0.00001
Paraprevotella_xylaniphila	454155	S	55	44	99	0.00001
Bacteroides_sp._CBA7301	2715212	S	50	20	70	0.00001
Bacteroides_sp._M10	2763022	S	18	40	58	0.00000
Bacteroides_cellulosilyticus	246787	S	68	22	90	0.00001
Bacteroides_fragilis	817	S	62	101	163	0.00001
Bacteroides_eggerthii	28111	S	56	56	112	0.00001
Bacteroides_thetaiotaomicron	818	S	52	31	83	0.00001
Bacteroides_stercoris	46506	S	46	41	87	0.00001
Bacteroides_zoogleoformans	28119	S	40	9	49	0.00000
Bacteroides_salyersiae	291644	S	39	34	73	0.00001
Bacteroides_caccae	47678	S	34	9	43	0.00000
Bacteroides_heparinolyticus	28113	S	33	7	40	0.00000
Bacteroides_intestinalis	329854	S	32	5	37	0.00000
Bacteroides_xylanisolvens	371601	S	30	68	98	0.00001
Bacteroides_helcogenes	290053	S	28	1	29	0.00000
Bacteroides_uniformis	820	S	28	83	111	0.00001
Bacteroides_ovatus	28116	S	24	44	68	0.00000
Bacteroides_nordii	291645	S	21	14	35	0.00000
Bacteroides_faecis	674529	S	20	14	34	0.00000
Bacteroides_zhangwenhongii	2650157	S	20	12	32	0.00000
Bacteroides_luhongzhouii	2650158	S	12	5	17	0.00000
Bacteroides_coprosuis	151276	S	11	0	11	0.00000
Phocaeicola_salanitronis	376805	S	62	24	86	0.00001
Phocaeicola_dorei	357276	S	39	63	102	0.00001
Phocaeicola_coprophilus	387090	S	36	18	54	0.00000
Phocaeicola_vulgatus	821	S	27	29	56	0.00000
Tannerella_serpentiformis	712710	S	306	15	321	0.00002
Tannerella_forsythia	28112	S	76	6	82	0.00001
Parabacteroides_merdae	46503	S	88	89	177	0.00001
Parabacteroides_goldsteinii	328812	S	84	20	104	0.00001
Parabacteroides_johnsonii	387661	S	38	28	66	0.00000
Parabacteroides_distasonis	823	S	32	135	167	0.00001
Sodaliphilus_pleomorphus	2606626	S	250	113	363	0.00003
Duncaniella_dubosii	2518971	S	93	13	106	0.00001
Muribaculum_gordoncarteri	2530390	S	79	8	87	0.00001
Muribaculum_intestinale	1796646	S	73	7	80	0.00001
Porphyromonas_sp._oral_taxon_275	712435	S	268	24	292	0.00002
Porphyromonas_asaccharolytica	28123	S	86	6	92	0.00001
Porphyromonas_gingivalis	837	S	69	9	78	0.00001
Porphyromonas_cangingivalis	36874	S	37	4	41	0.00000
Porphyromonas_somerae	322095	S	28	6	34	0.00000
Porphyromonas_crevioricanis	393921	S	19	3	22	0.00000
Porphyromonas_endodontalis	28124	S	15	1	16	0.00000
Petrimonas_mucosa	1642646	S	117	7	124	0.00001
Proteiniphilum_saccharofermentans	1642647	S	48	3	51	0.00000
Proteiniphilum_sp._JNU-WLY501	2829812	S	35	1	36	0.00000
Barnesiella_viscericola	397865	S	116	138	254	0.00002
Coprobacter_secundus	1501392	S	19	15	34	0.00000
Butyricimonas_virosa	544645	S	29	9	38	0.00000
Butyricimonas_faecalis	2093856	S	27	31	58	0.00000
Odoribacter_splanchnicus	28118	S	46	6	52	0.00000
Salinivirga_cyanobacteriivorans	1307839	S	39	0	39	0.00000
Paludibacter_propionicigenes	185300	S	34	1	35	0.00000
Tenuifilum_thalassicum	2590900	S	33	0	33	0.00000
Draconibacterium_orientale	1168034	S	56	4	60	0.00000
Draconibacterium_halophilum	2706887	S	32	1	33	0.00000
Maribellus_comscasis	2681766	S	35	2	37	0.00000
Alkalitalea_saponilacus	889453	S	35	2	37	0.00000
Labilibaculum_antarcticum	1717717	S	33	2	35	0.00000
Flavobacterium_sp._HJ-32-4	1160795	S	201	14	215	0.00002
Flavobacterium_sp._MDT1-60	1979344	S	77	14	91	0.00001
Flavobacterium_sp._KSM-R2A25	2895947	S	69	17	86	0.00001
Flavobacterium_sp._CJ74	2294119	S	63	5	68	0.00000
Flavobacterium_sp._KSM-R2A30	2897181	S	55	17	72	0.00001
Flavobacterium_sp._KBS0721	1179672	S	42	11	53	0.00000
Flavobacterium_sp._CLA17	2724135	S	42	7	49	0.00000
Flavobacterium_sp._F-29	2893883	S	38	8	46	0.00000
Flavobacterium_sp._F-323	2893885	S	33	7	40	0.00000
Flavobacterium_sp._I3-2	2748319	S	32	44	76	0.00001
Flavobacterium_sp._B183	907046	S	32	6	38	0.00000
Flavobacterium_sp._IGB_4-14	1871076	S	31	2	33	0.00000
Flavobacterium_sp._KK2020170	2830782	S	31	9	40	0.00000
Flavobacterium_sp._F-70	2893884	S	27	5	32	0.00000
Flavobacterium_sp._140616W15	2478552	S	26	5	31	0.00000
Flavobacterium_sp._WSW3-B6	2856519	S	26	3	29	0.00000
Flavobacterium_sp._K5-23	2746225	S	26	6	32	0.00000
Flavobacterium_sp._SLB02	2665645	S	26	4	30	0.00000
Flavobacterium_sp._LPB0248	2614441	S	25	12	37	0.00000
Flavobacterium_sp._MMS21-Er5	2937442	S	24	9	33	0.00000
Flavobacterium_sp._M31R6	2739062	S	22	3	25	0.00000
Flavobacterium_sp._CECT_9288	2845819	S	22	19	41	0.00000
Flavobacterium_sp._CS20	2775246	S	22	10	32	0.00000
Flavobacterium_sp._Sr18	935222	S	21	3	24	0.00000
Flavobacterium_sp._GENT5	1751095	S	20	4	24	0.00000
Flavobacterium_sp._F-340	2893886	S	19	5	24	0.00000
Flavobacterium_sp._xlx-214	2654325	S	17	3	20	0.00000
Flavobacterium_sp._CHNK8	2871165	S	11	9	20	0.00000
Flavobacterium_sp._SHINM13	1751056	S	10	18	28	0.00000
Flavobacterium_album	2175091	S	126	9	135	0.00001
Flavobacterium_magnum	2162713	S	112	12	124	0.00001
Flavobacterium_oreochromis	2906078	S	90	35	125	0.00001
Flavobacterium_alkalisoli	2602769	S	77	6	83	0.00001
Flavobacterium_pallidum	2172098	S	75	7	82	0.00001
Flavobacterium_columnare	996	S	72	104	176	0.00001
Flavobacterium_covae	2906076	S	67	81	148	0.00001
Flavobacterium_davisii	2906077	S	55	22	77	0.00001
Flavobacterium_nackdongense	2547394	S	53	4	57	0.00000
Flavobacterium_psychrophilum	96345	S	52	10	62	0.00000
Flavobacterium_inviolabile	2748320	S	46	7	53	0.00000
Flavobacterium_commune	1306519	S	42	6	48	0.00000
Flavobacterium_gilvum	1492737	S	39	5	44	0.00000
Flavobacterium_enshiense	1341165	S	38	4	42	0.00000
Flavobacterium_sangjuense	2518177	S	38	4	42	0.00000
Flavobacterium_anhuiense	459526	S	37	13	50	0.00000
Flavobacterium_sediminilitoris	2024526	S	36	5	41	0.00000
Flavobacterium_fluviale	2249356	S	32	11	43	0.00000
Flavobacterium_endoglycinae	2816357	S	31	6	37	0.00000
Flavobacterium_jumunjinense	998845	S	31	5	36	0.00000
Flavobacterium_branchiophilum	55197	S	30	3	33	0.00000
Flavobacterium_johnsoniae	986	S	30	14	44	0.00000
Flavobacterium_haoranii	683124	S	30	12	42	0.00000
Flavobacterium_indicum	312277	S	28	4	32	0.00000
Flavobacterium_kingsejongi	1678728	S	27	4	31	0.00000
Flavobacterium_arcticum	1784713	S	24	2	26	0.00000
Flavobacterium_sediminis	2201181	S	22	19	41	0.00000
Flavobacterium_faecale	1355330	S	20	2	22	0.00000
Flavobacterium_crassostreae	1763534	S	16	4	20	0.00000
Flavobacterium_crocinum	2183896	S	15	4	19	0.00000
Flavobacterium_nitrogenifigens	1617283	S	15	7	22	0.00000
Muricauda_sp._SCSIO_65647	2908843	S	60	2	62	0.00000
Muricauda_sp._SCSIO_64092	2908842	S	49	1	50	0.00000
Muricauda_lutaonensis	516051	S	68	19	87	0.00001
Muricauda_aquimarina	254955	S	57	31	88	0.00001
Muricauda_ruestringensis	111501	S	54	4	58	0.00000
Muricauda_oceani	2698672	S	47	26	73	0.00001
Muricauda_aurantiaca	1383885	S	23	2	25	0.00000
Capnocytophaga_sp._oral_taxon_878	1316596	S	19	8	27	0.00000
Capnocytophaga_sp._oral_taxon_902	2748316	S	10	33	43	0.00000
Capnocytophaga_gingivalis	1017	S	44	6	50	0.00000
Capnocytophaga_haemolytica	45243	S	44	4	48	0.00000
Capnocytophaga_sputigena	1019	S	33	13	46	0.00000
Capnocytophaga_canimorsus	28188	S	28	8	36	0.00000
Capnocytophaga_ochracea	1018	S	17	31	48	0.00000
Capnocytophaga_endodontalis	2708117	S	10	6	16	0.00000
Robiginitalea_biformata	252307	S	269	17	286	0.00002
Gramella_sp._GC03-9	2920386	S	50	15	65	0.00000
Gramella_sp._MAR_2010_147	1250205	S	19	2	21	0.00000
Gramella_sp._MT6	2705471	S	16	2	18	0.00000
Gramella_flava	1486245	S	47	16	63	0.00000
Gramella_fulva	2126553	S	42	4	46	0.00000
Gramella_echinicola	279359	S	21	2	23	0.00000
Gramella_forsetii	411153	S	16	4	20	0.00000
Gramella_salexigens	1913577	S	15	1	16	0.00000
Nonlabens_sp._Hel1_33_55	1336802	S	20	4	24	0.00000
Nonlabens_sp._Ci31	2608253	S	18	7	25	0.00000
Nonlabens_spongiae	331648	S	29	17	46	0.00000
Nonlabens_ponticola	2496866	S	26	4	30	0.00000
Nonlabens_marinus	930802	S	20	9	29	0.00000
Nonlabens_dokdonensis	328515	S	14	4	18	0.00000
Polaribacter_sp._Hel1_33_78	1336804	S	15	9	24	0.00000
Polaribacter_sp._SM13	2818493	S	11	14	25	0.00000
Polaribacter_sp._G4M1	2808900	S	11	10	21	0.00000
Polaribacter_litorisediminis	1908341	S	11	4	15	0.00000
Antarcticibacterium_flavum	2058175	S	49	11	60	0.00000
Antarcticibacterium_sp._1MA-6-2	2908210	S	46	6	52	0.00000
Antarcticibacterium_arcticum	2585771	S	30	3	33	0.00000
Winogradskyella_sp._PC-19	754417	S	12	4	16	0.00000
Winogradskyella_sp._J14-2	1936080	S	12	1	13	0.00000
Winogradskyella_sp._MH6	2929510	S	10	1	11	0.00000
Winogradskyella_forsetii	2686077	S	22	9	31	0.00000
Winogradskyella_schleiferi	2686078	S	15	10	25	0.00000
Winogradskyella_sediminis	1382466	S	13	5	18	0.00000
Aequorivita_sublithincola	101385	S	38	35	73	0.00001
Aequorivita_sp._H23M31	2494375	S	24	10	34	0.00000
Tenacibaculum_sp._SZ-18	754423	S	11	10	21	0.00000
Tenacibaculum_jejuense	584609	S	16	1	17	0.00000
Tenacibaculum_singaporense	2358479	S	15	5	20	0.00000
Tenacibaculum_mesophilum	104268	S	14	6	20	0.00000
Tenacibaculum_dicentrarchi	669041	S	11	5	16	0.00000
Tenacibaculum_todarodis	1850252	S	11	4	15	0.00000
Sinomicrobium_sp._HD2P242	2900738	S	99	4	103	0.00001
Maribacter_sp._HTCC2170	313603	S	24	3	27	0.00000
Maribacter_sp._MJ134	2496865	S	18	3	21	0.00000
Maribacter_cobaltidurans	1178778	S	18	19	37	0.00000
Maribacter_hydrothermalis	1836467	S	15	8	23	0.00000
Kordia_antarctica	1218801	S	69	5	74	0.00001
Kordia_sp._SMS9	2282170	S	12	0	12	0.00000
Salegentibacter_mishustinae	270918	S	27	28	55	0.00000
Salegentibacter_sp._T436	1729720	S	23	26	49	0.00000
Salegentibacter_salegens	143223	S	22	3	25	0.00000
Formosa_sp._Hel1_33_131	1336794	S	13	1	14	0.00000
Formosa_sp._Hel3_A1_48	1336795	S	12	4	16	0.00000
Formosa_agariphila	320324	S	15	6	21	0.00000
Formosa_sediminum	2594004	S	14	5	19	0.00000
Aquimarina_sp._TRL1	2736252	S	23	2	25	0.00000
Aquimarina_sp._AD10	1714849	S	21	1	22	0.00000
Aquimarina_sp._AD1	1714848	S	14	1	15	0.00000
Aquimarina_sp._BL5	1714860	S	10	0	10	0.00000
Myroides_odoratus	256	S	13	21	34	0.00000
Cellulophaga_sp._HaHaR_3_176	1942464	S	10	10	20	0.00000
Cellulophaga_lytica	979	S	16	11	27	0.00000
Dokdonia_sp._Dokd-P16	2173169	S	12	20	32	0.00000
Leeuwenhoekiella_sp._ZYFB001	2719912	S	16	19	35	0.00000
Leeuwenhoekiella_palythoae	573501	S	10	14	24	0.00000
Zunongwangia_sp._SCSIO_43204	2779359	S	27	21	48	0.00000
Zunongwangia_profunda	398743	S	20	19	39	0.00000
Aggregatimonas_sangjinii	2583587	S	48	2	50	0.00000
Flagellimonas_sp._CMM7	2654676	S	27	2	29	0.00000
Flagellimonas_sp._HMM57	2905121	S	18	1	19	0.00000
Arenibacter_algicola	616991	S	43	16	59	0.00000
Zobellia_galactanivorans	63186	S	37	2	39	0.00000
Pukyongia_salina	2094025	S	34	2	36	0.00000
Algibacter_sp._L3A6	2686366	S	15	8	23	0.00000
Seonamhaeicola_sp._S2-3	1936081	S	17	4	21	0.00000
Seonamhaeicola_sp._ML3	2937786	S	15	1	16	0.00000
Muriicola_soli	2507538	S	31	2	33	0.00000
Mariniflexile_sp._TRM1-10	2027857	S	31	3	34	0.00000
Lutibacter_profundi	1622118	S	19	2	21	0.00000
Lacinutrix_sp._WUR7	2653681	S	10	3	13	0.00000
Euzebyella_marina	1761453	S	28	18	46	0.00000
Constantimarinum_furrinae	2562285	S	27	2	29	0.00000
Gilvibacter_sp._SZ-19	754429	S	26	3	29	0.00000
Tamlana_carrageenivorans	2069432	S	13	4	17	0.00000
Galbibacter_sp._BG1	1170699	S	21	2	23	0.00000
Sediminicola_sp._YIK13	1453352	S	21	2	23	0.00000
Flavivirga_eckloniae	1803846	S	21	2	23	0.00000
Bizionia_sp._M204	2675331	S	21	5	26	0.00000
Flavobacteriaceae_bacterium_10Alg115	2584122	S	20	1	21	0.00000
Zhouia_spongiae	2202721	S	20	5	25	0.00000
Mesoflavibacter_sp._SCSIO_43206	2779362	S	12	9	21	0.00000
Costertonia_aggregata	343403	S	15	3	18	0.00000
Urechidicola_croceus	1850246	S	14	8	22	0.00000
Aegicerativicinus_sediminis	2893202	S	14	0	14	0.00000
Gillisia_sp._Hel1_33_143	1336796	S	14	5	19	0.00000
Changchengzhania_lutea	2049305	S	12	1	13	0.00000
Amniculibacterium_sp._G2-70	2767188	S	11	12	23	0.00000
Marixanthomonas_sp._SCSIO_43207	2779360	S	10	3	13	0.00000
Wenyingzhuangia_fucanilytica	1790137	S	10	2	12	0.00000
Croceibacter_atlanticus	313588	S	10	2	12	0.00000
Chryseobacterium_sp._Y16C	2920939	S	84	59	143	0.00001
Chryseobacterium_sp._SC2-2	2929800	S	53	33	86	0.00001
Chryseobacterium_sp.	1871047	S	42	18	60	0.00000
Chryseobacterium_sp._6424	2039166	S	34	8	42	0.00000
Chryseobacterium_sp._C-17	2898076	S	29	15	44	0.00000
Chryseobacterium_sp._POL2	2713414	S	29	22	51	0.00000
Chryseobacterium_sp._G0201	2487065	S	28	7	35	0.00000
Chryseobacterium_sp._ZHDP1	2838877	S	27	24	51	0.00000
Chryseobacterium_sp._IHB_B_17019	1721091	S	22	4	26	0.00000
Chryseobacterium_sp._F4	2852098	S	22	1	23	0.00000
Chryseobacterium_sp._MEBOG07	2879939	S	21	6	27	0.00000
Chryseobacterium_sp._LJ668	2864040	S	19	3	22	0.00000
Chryseobacterium_sp._ADR-1	2929799	S	19	6	25	0.00000
Chryseobacterium_sp._cx-624	2758037	S	18	3	21	0.00000
Chryseobacterium_sp._DH-B6	2759528	S	18	8	26	0.00000
Chryseobacterium_sp._3008163	2478663	S	16	8	24	0.00000
Chryseobacterium_sp._MEBOG06	2879938	S	16	3	19	0.00000
Chryseobacterium_sp._SNU_WT5	2594269	S	14	5	19	0.00000
Chryseobacterium_sp._G0186	2487064	S	14	9	23	0.00000
Chryseobacterium_sp._T16E-39	2015076	S	14	1	15	0.00000
Chryseobacterium_sp._PCH239	2825845	S	12	8	20	0.00000
Chryseobacterium_gleum	250	S	95	129	224	0.00002
Chryseobacterium_indologenes	253	S	81	40	121	0.00001
Chryseobacterium_indoltheticum	254	S	58	13	71	0.00001
Chryseobacterium_taklimakanense	536441	S	48	28	76	0.00001
Chryseobacterium_shandongense	1493872	S	39	26	65	0.00000
Chryseobacterium_camelliae	1265445	S	38	25	63	0.00000
Chryseobacterium_arthrosphaerae	651561	S	36	20	56	0.00000
Chryseobacterium_balustinum	246	S	34	11	45	0.00000
Chryseobacterium_nepalense	1854498	S	29	4	33	0.00000
Chryseobacterium_cucumeris	1813611	S	29	15	44	0.00000
Chryseobacterium_gallinarum	1324352	S	27	10	37	0.00000
Chryseobacterium_aureum	2497456	S	23	5	28	0.00000
Chryseobacterium_daecheongense	192389	S	22	3	25	0.00000
Chryseobacterium_lactis	1241981	S	21	24	45	0.00000
Chryseobacterium_salivictor	2547600	S	21	2	23	0.00000
Chryseobacterium_glaciei	1685010	S	17	3	20	0.00000
Chryseobacterium_piperi	558152	S	16	1	17	0.00000
Chryseobacterium_manosquense	2754694	S	15	12	27	0.00000
Chryseobacterium_carnipullorum	1124835	S	14	5	19	0.00000
Chryseobacterium_nakagawai	1241982	S	11	17	28	0.00000
Chryseobacterium_bernardetii	1241978	S	11	90	101	0.00001
Kaistella_sp._97-N-M2	2908645	S	29	3	32	0.00000
Kaistella_sp._GW4-15	2878534	S	16	1	17	0.00000
Kaistella_daneshvariae	2487074	S	40	3	43	0.00000
Kaistella_jeonii	266749	S	26	1	27	0.00000
Kaistella_carnis	1241979	S	23	6	29	0.00000
Kaistella_flava_(ex_Peng_et_al._2021)	2038776	S	23	3	26	0.00000
Kaistella_antarctica	266748	S	22	2	24	0.00000
Candidatus_Kaistella_beijingensis	2820270	S	10	3	13	0.00000
Epilithonimonas_vandammei	2487072	S	24	37	61	0.00000
Epilithonimonas_zeae	1416779	S	16	1	17	0.00000
Elizabethkingia_anophelis	1117645	S	28	37	65	0.00000
Elizabethkingia_meningoseptica	238	S	22	1	23	0.00000
Elizabethkingia_sp._JS20170427COW	2583851	S	12	2	14	0.00000
Elizabethkingia_miricola	172045	S	13	8	21	0.00000
Cruoricaptor_ignavus	1118202	S	59	9	68	0.00000
Apibacter_raozihei	2500547	S	10	22	32	0.00000
Empedobacter_falsenii	343874	S	19	17	36	0.00000
Empedobacter_brevis	247	S	14	7	21	0.00000
Ornithobacterium_rhinotracheale	28251	S	37	29	66	0.00000
Cloacibacterium_caeni	2004710	S	17	18	35	0.00000
Cloacibacterium_normanense	237258	S	10	7	17	0.00000
Riemerella_anatipestifer	34085	S	31	13	44	0.00000
Weeksella_virosa	1014	S	16	7	23	0.00000
Bergeyella_cardium	1585976	S	15	3	18	0.00000
Blattabacterium_cuenoti	1653831	S	79	35	114	0.00001
Owenweeksia_hongkongensis	253245	S	41	5	46	0.00000
Croceimicrobium_hydrocarbonivorans	2761580	S	39	10	49	0.00000
Fluviicola_taffensis	191579	S	45	3	48	0.00000
Crocinitomix_sp._GM2_3_6_6	2862509	S	20	1	21	0.00000
Candidatus_Sulcia_muelleri	336810	S	22	6	28	0.00000
Mucilaginibacter_sp._14171R-50	2703789	S	127	7	134	0.00001
Mucilaginibacter_sp._SMC90	2929803	S	97	5	102	0.00001
Mucilaginibacter_sp._21P	2778902	S	80	4	84	0.00001
Mucilaginibacter_sp._F39-2	2728022	S	52	3	55	0.00000
Mucilaginibacter_mali	2740462	S	196	7	203	0.00001
Mucilaginibacter_ginsenosidivorans	398053	S	180	6	186	0.00001
Mucilaginibacter_daejeonensis	398049	S	152	9	161	0.00001
Mucilaginibacter_gotjawali	1550579	S	121	3	124	0.00001
Mucilaginibacter_paludis	423351	S	112	5	117	0.00001
Mucilaginibacter_celer	2305508	S	112	4	116	0.00001
Mucilaginibacter_ginsenosidivorax	862126	S	95	4	99	0.00001
Mucilaginibacter_ginkgonis	2682091	S	88	4	92	0.00001
Mucilaginibacter_xinganensis	1234841	S	87	4	91	0.00001
Mucilaginibacter_mallensis	652787	S	77	2	79	0.00001
Mucilaginibacter_rubeus	2027860	S	75	204	279	0.00002
Mucilaginibacter_gossypii	551996	S	44	36	80	0.00001
Sphingobacterium_sp._DR205	2713573	S	47	5	52	0.00000
Sphingobacterium_sp._CZ-2	2557994	S	38	10	48	0.00000
Sphingobacterium_sp._UDSM-2020	2795738	S	23	9	32	0.00000
Sphingobacterium_sp._dk4302	2662364	S	21	2	23	0.00000
Sphingobacterium_sp._PCS056	2931400	S	21	6	27	0.00000
Sphingobacterium_sp._ML3W	1538644	S	17	7	24	0.00000
Sphingobacterium_sp._SRCM116780	2907623	S	12	2	14	0.00000
Sphingobacterium_thalpophilum	259	S	174	192	366	0.00003
Sphingobacterium_spiritivorum	258	S	73	51	124	0.00001
Sphingobacterium_lactis	797291	S	56	48	104	0.00001
Sphingobacterium_hotanense	649196	S	52	16	68	0.00000
Sphingobacterium_mizutaii	1010	S	37	5	42	0.00000
Sphingobacterium_multivorum	28454	S	36	89	125	0.00001
Sphingobacterium_daejeonense	371142	S	33	9	42	0.00000
Sphingobacterium_psychroaquaticum	561061	S	31	6	37	0.00000
Sphingobacterium_paramultivorum	2886510	S	11	15	26	0.00000
Pedobacter_sp._KBS0701	2578106	S	40	12	52	0.00000
Pedobacter_sp._SW-16	2766984	S	40	7	47	0.00000
Pedobacter_sp._D749	2856523	S	40	12	52	0.00000
Pedobacter_sp._G11	2482728	S	39	5	44	0.00000
Pedobacter_sp._HDW13	2714940	S	38	5	43	0.00000
Pedobacter_sp._PACM_27299	1727164	S	36	5	41	0.00000
Pedobacter_sp._Q8-18	2895286	S	29	2	31	0.00000
Pedobacter_heparinus	984	S	80	7	87	0.00001
Pedobacter_endophyticus	2789740	S	58	6	64	0.00000
Pedobacter_schmidteae	2201271	S	56	5	61	0.00000
Pedobacter_steynii	430522	S	49	5	54	0.00000
Pedobacter_suwonensis	332999	S	43	9	52	0.00000
Pedobacter_roseus	336820	S	41	13	54	0.00000
Pedobacter_cryoconitis	188932	S	37	4	41	0.00000
Pedobacter_ginsengisoli	363852	S	28	3	31	0.00000
Pedobacter_aquae	2605747	S	24	2	26	0.00000
Olivibacter_sp._LS-1	2592345	S	302	15	317	0.00002
Olivibacter_sp._SDN3	2764720	S	40	5	45	0.00000
Anseongella_ginsenosidimutans	496056	S	240	9	249	0.00002
Solitalea_canadensis	995	S	55	7	62	0.00000
Solitalea_sp._S2-8	2911172	S	44	8	52	0.00000
Pseudopedobacter_saltans	151895	S	38	31	69	0.00000
Haliscomenobacter_hydrossis	2350	S	258	5	263	0.00002
Saprospira_grandis	1008	S	46	2	48	0.00000
Candidatus_Sulfidibacterium_hydrothermale	2875962	S	67	2	69	0.00001
Chlorobaculum_limnaeum	274537	S	725	120	845	0.00006
Chlorobaculum_tepidum	1097	S	437	125	562	0.00004
Chlorobaculum_parvum	274539	S	422	82	504	0.00004
Prosthecochloris_sp._GSB1	281093	S	376	27	403	0.00003
Prosthecochloris_sp._CIB_2401	1868325	S	121	33	154	0.00001
Prosthecochloris_sp._HL-130-GSB	1974213	S	106	21	127	0.00001
Prosthecochloris_aestuarii	1102	S	129	13	142	0.00001
Pelodictyon_luteolum	1100	S	349	62	411	0.00003
Pelodictyon_phaeoclathratiforme	34090	S	67	4	71	0.00001
Chlorobium_limicola	1092	S	143	9	152	0.00001
Chlorobium_phaeovibrioides	1094	S	90	19	109	0.00001
Chlorobium_phaeobacteroides	1096	S	80	9	89	0.00001
Chloroherpeton_thalassium	100716	S	174	3	177	0.00001
Candidatus_Cyclonatronum_proteinivorum	1457365	S	247	24	271	0.00002
Melioribacter_roseus	1134405	S	100	5	105	0.00001
Ignavibacterium_album	591197	S	96	6	102	0.00001
Gemmatirosa_kalamazoonesis	861299	S	47859	4795	52654	0.00380
Gemmatimonas_groenlandica	2732249	S	6253	797	7050	0.00051
Gemmatimonas_aurantiaca	173480	S	4837	552	5389	0.00039
Gemmatimonas_phototrophica	1379270	S	3945	612	4557	0.00033
Fibrobacter_succinogenes	833	S	153	3	156	0.00001
Candidatus_Cloacimonas_acidaminovorans	456827	S	69	1	70	0.00001
Luteitalea_sp._TBR-22	2802971	S	31191	5599	36790	0.00266
Luteitalea_pratensis	1855912	S	25549	2961	28510	0.00206
Granulicella_sp._WH15	2602070	S	2293	430	2723	0.00020
Granulicella_sp._5B5	1617967	S	1666	276	1942	0.00014
Granulicella_mallensis	940614	S	1500	188	1688	0.00012
Granulicella_tundricola	940615	S	1086	150	1236	0.00009
Terriglobus_roseus	392734	S	1743	389	2132	0.00015
Terriglobus_albidus	1592106	S	1381	135	1516	0.00011
Terriglobus_saanensis	870903	S	872	117	989	0.00007
Acidobacterium_capsulatum	33075	S	1820	220	2040	0.00015
Acidobacterium_sp._4Y35	2763107	S	1424	96	1520	0.00011
Candidatus_Koribacter_versatilis	658062	S	2525	87	2612	0.00019
Edaphobacter_sp._12200R-103	2703788	S	1272	218	1490	0.00011
Edaphobacter_sp._4G125	2763071	S	611	89	700	0.00005
Acidisarcina_polymorpha	2211140	S	1125	83	1208	0.00009
Paludibaculum_fermentans	1473598	S	5290	164	5454	0.00039
Chloracidobacterium_aggregatum	2851959	S	918	675	1593	0.00012
Chloracidobacterium_validum	2821543	S	739	14	753	0.00005
Chloracidobacterium_sp._D	2821536	S	73	305	378	0.00003
Chloracidobacterium_thermophilum	458033	S	68	262	330	0.00002
Sulfidibacter_corallicola	2818388	S	1953	49	2002	0.00014
Thermotomaculum_hydrothermale	981385	S	96	5	101	0.00001
Nitrospira_moscoviensis	42253	S	4939	433	5372	0.00039
Nitrospira_japonica	1325564	S	2987	356	3343	0.00024
Nitrospira_sp._KM1	1936990	S	2337	218	2555	0.00018
Candidatus_Nitrospira_inopinata	1715989	S	1819	158	1977	0.00014
Leptospirillum_ferrooxidans	180	S	107	2	109	0.00001
Leptospirillum_sp._Group_II_'CF-1'	1660083	S	55	109	164	0.00001
Leptospirillum_ferriphilum	178606	S	45	73	118	0.00001
Thermodesulfovibrio_yellowstonii	28262	S	105	3	108	0.00001
Dissulfurispira_thermophila	2715679	S	76	4	80	0.00001
Spirochaeta_thermophila	154	S	649	15	664	0.00005
Spirochaeta_africana	46355	S	181	10	191	0.00001
Sediminispirochaeta_smaragdinae	55206	S	90	2	92	0.00001
Salinispira_pacifica	1307761	S	83	2	85	0.00001
Oceanispirochaeta_crateris	2518645	S	34	1	35	0.00000
Thiospirochaeta_perfilievii	252967	S	15	1	16	0.00000
Treponema_brennaborense	81028	S	125	44	169	0.00001
Treponema_azotonutricium	150829	S	122	4	126	0.00001
Treponema_primitia	88058	S	119	6	125	0.00001
Treponema_sp._Marseille-Q4132	2766701	S	58	33	91	0.00001
Treponema_sp._OMZ_838	1539298	S	13	16	29	0.00000
Treponema_socranskii	53419	S	59	34	93	0.00001
Treponema_caldarium	215591	S	55	6	61	0.00000
Treponema_succinifaciens	167	S	38	30	68	0.00000
Treponema_parvum	138851	S	37	2	39	0.00000
Treponema_medium	58231	S	33	50	83	0.00001
Treponema_vincentii	69710	S	30	37	67	0.00000
Treponema_phagedenis	162	S	20	8	28	0.00000
Treponema_denticola	158	S	19	7	26	0.00000
Treponema_pedis	409322	S	14	3	17	0.00000
Treponema_peruense	2787628	S	11	1	12	0.00000
Sphaerochaeta_associata	1129264	S	91	12	103	0.00001
Sphaerochaeta_coccoides	273376	S	85	4	89	0.00001
Sphaerochaeta_globosa	1131703	S	60	9	69	0.00001
Sphaerochaeta_pleomorpha	1131707	S	33	5	38	0.00000
Breznakiella_homolactica	2798577	S	165	12	177	0.00001
Borrelia_coriaceae	144	S	10	91	101	0.00001
Leptospira_santarosai	28183	S	84	1	85	0.00001
Leptospira_kmetyi	408139	S	55	0	55	0.00000
Leptospira_tipperaryensis	2564040	S	41	0	41	0.00000
Leptospira_noguchii	28182	S	30	0	30	0.00000
Leptospira_kobayashii	1917830	S	29	0	29	0.00000
Leptospira_weilii	28184	S	28	0	28	0.00000
Leptospira_borgpetersenii	174	S	17	0	17	0.00000
Leptospira_mayottensis	1137606	S	15	0	15	0.00000
Leptospira_interrogans	173	S	10	105	115	0.00001
Turneriella_parva	29510	S	297	3	300	0.00002
Pyramidobacter_piscolens	638849	S	654	50	704	0.00005
Fretibacterium_fastidiosum	651822	S	548	8	556	0.00004
Aminomonas_paucivorans	81412	S	500	74	574	0.00004
Thermanaerovibrio_acidaminovorans	81462	S	251	100	351	0.00003
Thermanaerovibrio_velox	108007	S	152	40	192	0.00001
Cloacibacillus_porcorum	1197717	S	402	89	491	0.00004
Jonquetella_anthropi	428712	S	292	49	341	0.00002
Acetomicrobium_mobile	97477	S	122	4	126	0.00001
Aminobacterium_colombiense	81468	S	77	5	82	0.00001
Thermovirga_lienii	336261	S	53	47	100	0.00001
Candidatus_Bipolaricaulis_anaerobius	2026885	S	707	31	738	0.00005
Candidatus_Nanosynbacter_featherlites	2572088	S	45	22	67	0.00000
Candidatus_Nanosynbacter_lyticus	2093824	S	25	72	97	0.00001
Nanosynbacter_sp._HMT-352	2899133	S	25	76	101	0.00001
Candidatus_Nanosynbacter_sp._HMT352	2902423	S	10	39	49	0.00000
Candidatus_Saccharimonas_aalborgensis	1332188	S	103	1	104	0.00001
Candidatus_Babela_massiliensis	673862	S	65	1	66	0.00000
Candidatus_Chazhemtobacterium_aquaticus	2715735	S	54	0	54	0.00000
Candidatus_Absconditicoccus_praedator	2735562	S	47	0	47	0.00000
Thermotoga_caldifontis	1508419	S	100	182	282	0.00002
Thermotoga_profunda	1508420	S	11	5	16	0.00000
Pseudothermotoga_hypogea	57487	S	45	34	79	0.00001
Pseudothermotoga_thermarum	119394	S	15	7	22	0.00000
Fervidobacterium_pennivorans	93466	S	16	47	63	0.00000
Fervidobacterium_nodosum	2424	S	14	18	32	0.00000
Thermosipho_ferrireducens	2571116	S	20	16	36	0.00000
Kosmotoga_pacifica	1330330	S	26	81	107	0.00001
Kosmotoga_olearia	651457	S	14	41	55	0.00000
Mesotoga_infera	1236046	S	73	9	82	0.00001
Mesotoga_prima	1184387	S	32	5	37	0.00000
Defluviitoga_tunisiensis	1006576	S	19	34	53	0.00000
Tepiditoga_spiralis	2108365	S	17	5	22	0.00000
Athalassotoga_saccharophila	1441386	S	62	3	65	0.00000
Thermocrinis_minervae	381751	S	126	13	139	0.00001
Thermocrinis_albus	136094	S	19	1	20	0.00000
Thermocrinis_ruber	75906	S	11	1	12	0.00000
Hydrogenobacter_sp._T-8	1632019	S	95	24	119	0.00001
Hydrogenobacter_thermophilus	940	S	10	3	13	0.00000
Aquifex_aeolicus	63363	S	72	4	76	0.00001
Persephonella_marina	309805	S	66	7	73	0.00001
Sulfurihydrogenibium_azorense	309806	S	47	8	55	0.00000
Thermosulfidibacter_takaii	412593	S	113	4	117	0.00001
Thermovibrio_ammonificans	228745	S	86	26	112	0.00001
Desulfurobacterium_thermolithotrophum	64160	S	34	8	42	0.00000
Thermosulfurimonas_marina	2047767	S	189	34	223	0.00002
Thermosulfuriphilus_ammonigenes	1936021	S	130	7	137	0.00001
Thermodesulfatator_indicus	171695	S	83	15	98	0.00001
Thermodesulfobacterium_commune	1741	S	19	12	31	0.00000
Thermodesulfobacterium_sp._TA1	2234087	S	14	7	21	0.00000
Thermodesulfobacterium_geofontis	1295609	S	10	5	15	0.00000
Caldimicrobium_thiodismutans	1653476	S	21	5	26	0.00000
Caldithrix_abyssi	187145	S	319	3	322	0.00002
Geovibrio_thiophilus	139438	S	67	16	83	0.00001
Flexistipes_sinusarabici	2352	S	51	7	58	0.00000
Calditerrivibrio_nitroreducens	477976	S	42	7	49	0.00000
Denitrovibrio_acetiphilus	118000	S	36	6	42	0.00000
Deferribacter_desulfuricans	197162	S	27	6	33	0.00000
Mucispirillum_schaedleri	248039	S	19	2	21	0.00000
Desulfurispirillum_indicum	936456	S	263	124	387	0.00003
Pseudoleptotrichia_goodfellowii	157692	S	20	6	26	0.00000
Sebaldella_termitidis	826	S	19	1	20	0.00000
Fusobacterium_ulcerans	861	S	14	4	18	0.00000
Fusobacterium_gonidiaformans	849	S	11	6	17	0.00000
Fusobacterium_nucleatum	851	S	11	36	47	0.00000
Endomicrobium_proavitum	1408281	S	31	18	49	0.00000
Candidatus_Endomicrobium_trichonymphae	1408204	S	25	14	39	0.00000
Elusimicrobium_minutum	423605	S	87	0	87	0.00001
Coprothermobacter_proteolyticus	35786	S	129	28	157	0.00001
Caldisericum_exile	693075	S	112	0	112	0.00001
Dictyoglomus_thermophilum	14	S	15	83	98	0.00001
Atribacter_laminatus	2847778	S	77	2	79	0.00001
Fusarium_acuminatum	5515	S	3389	238	3627	0.00026
Fusarium_avenaceum	40199	S	101	5	106	0.00001
Fusarium_oxysporum	5507	S	963	487	1450	0.00010
Fusarium_longipes	694270	S	170	8	178	0.00001
Fusarium_sambucinum	5128	S	165	64	229	0.00002
Fusarium_poae	36050	S	117	38	155	0.00001
Fusarium_sporotrichioides	5514	S	107	9	116	0.00001
Fusarium_pseudograminearum	101028	S	88	32	120	0.00001
Fusarium_venenatum	56646	S	63	114	177	0.00001
Fusarium_graminearum	5518	S	38	127	165	0.00001
Fusarium_culmorum	5516	S	35	30	65	0.00000
Fusarium_decemcellulare	57161	S	514	12	526	0.00004
Fusarium_dimerum	57145	S	436	14	450	0.00003
Fusarium_nygamai	42673	S	108	42	150	0.00001
Fusarium_fujikuroi	5127	S	73	9	82	0.00001
Fusarium_pseudonygamai	47755	S	70	21	91	0.00001
Fusarium_thapsinum	120644	S	61	17	78	0.00001
Fusarium_verticillioides	117187	S	25	52	77	0.00001
Fusarium_equiseti	61235	S	161	36	197	0.00001
Fusarium_scirpi	2211609	S	151	30	181	0.00001
Fusarium_graminum	86546	S	92	19	111	0.00001
Fusarium_heterosporum	42747	S	84	17	101	0.00001
Fusarium_nelsonii	77846	S	98	21	119	0.00001
Fusarium_chlamydosporum	86545	S	80	16	96	0.00001
Fusarium_lateritium	5523	S	196	6	202	0.00001
Fusarium_musae	1042133	S	21	43	64	0.00000
Trichoderma_citrinoviride	58853	S	294	41	335	0.00002
Trichoderma_reesei	51453	S	280	30	310	0.00002
Trichoderma_pleuroti	500994	S	167	22	189	0.00001
Trichoderma_atroviride	63577	S	152	44	196	0.00001
Trichoderma_asperellum	101201	S	149	13	162	0.00001
Trichoderma_afroharzianum	1567482	S	141	39	180	0.00001
Trichoderma_hamatum	49224	S	136	13	149	0.00001
Trichoderma_erinaceum	202914	S	120	23	143	0.00001
Trichoderma_gamsii	398673	S	105	18	123	0.00001
Trichoderma_koningiopsis	337941	S	100	18	118	0.00001
Trichoderma_harzianum	5544	S	74	20	94	0.00001
Trichoderma_virens	29875	S	26	365	391	0.00003
Trichoderma_longibrachiatum	5548	S	24	330	354	0.00003
Trichoderma_koningii	97093	S	13	173	186	0.00001
Metarhizium_album	92629	S	374	13	387	0.00003
Metarhizium_guizhouense	169041	S	299	172	471	0.00003
Metarhizium_rileyi	1649241	S	253	38	291	0.00002
Metarhizium_acridum	92637	S	162	120	282	0.00002
Metarhizium_anisopliae	5530	S	103	161	264	0.00002
Metarhizium_majus	1650735	S	96	46	142	0.00001
Metarhizium_brunneum	500148	S	82	72	154	0.00001
Metarhizium_humberi	2596975	S	80	52	132	0.00001
Metarhizium_robertsii	568076	S	39	29	68	0.00000
Ustilaginoidea_virens	1159556	S	602	33	635	0.00005
Pochonia_chlamydosporia	280754	S	156	12	168	0.00001
Beauveria_felina	37994	S	600	35	635	0.00005
Beauveria_pseudobassiana	931006	S	247	36	283	0.00002
Beauveria_brongniartii	118266	S	197	49	246	0.00002
Beauveria_rudraprayagi	1481906	S	159	192	351	0.00003
Beauveria_bassiana	176275	S	117	149	266	0.00002
Cordyceps_fumosorosea	114497	S	735	54	789	0.00006
Purpureocillium_lilacinum	33203	S	925	75	1000	0.00007
Drechmeria_coniospora	98403	S	676	36	712	0.00005
Clonostachys_rosea	29856	S	341	27	368	0.00003
Colletotrichum_higginsianum	80884	S	985	234	1219	0.00009
Thermothielavioides_terrestris	2587410	S	1702	164	1866	0.00013
Thermothelomyces_thermophilus	78579	S	1568	110	1678	0.00012
Neurospora_crassa	5141	S	583	39	622	0.00004
Pyricularia_oryzae	318829	S	368	109	477	0.00003
Pyricularia_pennisetigena	1578925	S	333	58	391	0.00003
Pyricularia_grisea	148305	S	225	38	263	0.00002
Neopestalotiopsis_clavispora	289240	S	138	151	289	0.00002
Neopestalotiopsis_rosae	1562205	S	124	125	249	0.00002
Botrytis_cinerea	40559	S	155	1	156	0.00001
Aspergillus_chevalieri	182096	S	4030	324	4354	0.00031
Aspergillus_luchuensis	1069201	S	1624	93	1717	0.00012
Aspergillus_oryzae	5062	S	76	189	265	0.00002
Aspergillus_flavus	5059	S	23	62	85	0.00001
Aspergillus_puulaauensis	1220207	S	287	9	296	0.00002
Aspergillus_fumigatus	746128	S	230	9	239	0.00002
Penicillium_citrinum	5077	S	128	13	141	0.00001
Penicillium_aurantiogriseum	36655	S	117	45	162	0.00001
Penicillium_chrysogenum	5076	S	114	24	138	0.00001
Penicillium_expansum	27334	S	85	41	126	0.00001
Penicillium_digitatum	36651	S	82	19	101	0.00001
Penicillium_italicum	40296	S	71	31	102	0.00001
Paecilomyces_variotii	264951	S	119	13	132	0.00001
Paecilomyces_niveus	5093	S	116	7	123	0.00001
Talaromyces_rugulosus	121627	S	154	8	162	0.00001
Paraphaeosphaeria_minitans	565426	S	381	124	505	0.00004
Ampelomyces_quisqualis	50730	S	332	34	366	0.00003
Zymoseptoria_tritici	1047171	S	199	4	203	0.00001
Cercospora_beticola	122368	S	138	1	139	0.00001
Eremothecium_gossypii	33169	S	125	108	233	0.00002
Eremothecium_cymbalariae	45285	S	20	0	20	0.00000
Eremothecium_sinecaudum	45286	S	10	6	16	0.00000
Lachancea_thermotolerans	381046	S	67	4	71	0.00001
Naumovozyma_dairenensis	27289	S	41	1	42	0.00000
Naumovozyma_castellii	27288	S	24	1	25	0.00000
Tetrapisispora_phaffii	113608	S	29	0	29	0.00000
Tetrapisispora_blattae	1071379	S	20	1	21	0.00000
Saccharomyces_eubayanus	1080349	S	17	1	18	0.00000
Saccharomyces_cerevisiae	4932	S	15	4	19	0.00000
Kluyveromyces_marxianus	4911	S	27	8	35	0.00000
Kazachstania_naganishii	588726	S	30	1	31	0.00000
Torulaspora_globosa	48254	S	25	1	26	0.00000
[Candida]_glabrata	5478	S	23	1	24	0.00000
Zygosaccharomyces_rouxii	4956	S	20	1	21	0.00000
Zygotorulaspora_mrakii	42260	S	17	2	19	0.00000
Brettanomyces_nanus	13502	S	29	5	34	0.00000
Brettanomyces_bruxellensis	5007	S	24	2	26	0.00000
Ogataea_parapolymorpha	1005962	S	54	2	56	0.00000
Pichia_kudriavzevii	4909	S	21	1	22	0.00000
Yarrowia_lipolytica	4952	S	107	1	108	0.00001
Candida_dubliniensis	42374	S	38	2	40	0.00000
Candida_orthopsilosis	273371	S	21	0	21	0.00000
Candida_albicans	5476	S	19	1	20	0.00000
Debaryomyces_hansenii	4959	S	14	0	14	0.00000
Scheffersomyces_stipitis	4924	S	10	0	10	0.00000
Sugiyamaella_lignohabitans	796027	S	58	5	63	0.00000
Saccharomycodes_ludwigii	36035	S	18	2	20	0.00000
Komagataella_phaffii	460519	S	13	0	13	0.00000
Schizosaccharomyces_pombe	4896	S	65	1	66	0.00000
Pseudozyma_flocculosa	84751	S	1323	14	1337	0.00010
Sporisorium_graminicola	280036	S	313	55	368	0.00003
Ustilago_maydis	5270	S	288	8	296	0.00002
Malassezia_restricta	76775	S	125	24	149	0.00001
Phlebiopsis_gigantea	82310	S	351	4	355	0.00003
Rhizoctonia_solani	456999	S	80	5	85	0.00001
Marasmius_oreades	181124	S	65	3	68	0.00000
Cryptococcus_neoformans	5207	S	67	2	69	0.00001
Cryptococcus_gattii_VGI	37769	S	36	23	59	0.00000
Phytophthora_cinnamomi	4785	S	792	133	925	0.00007
Phytophthora_fragariae	53985	S	559	80	639	0.00005
Phytophthora_cryptogea	4786	S	388	32	420	0.00003
Phytophthora_infestans	4787	S	285	502	787	0.00006
Phytophthora_cactorum	29920	S	266	40	306	0.00002
Phytophthora_boehmeriae	109152	S	209	26	235	0.00002
Phytophthora_parasitica	4792	S	155	20	175	0.00001
Pythium_aphanidermatum	65070	S	557	14	571	0.00004
