name	taxonomy_id	taxonomy_lvl	kraken_assigned_reads	added_reads	new_est_reads	fraction_total_reads
Bradyrhizobium	374	G	930799	91326	1022125	0.03042
Nitrobacter	911	G	339270	32671	371941	0.01107
Rhodopseudomonas	1073	G	85071	18016	103087	0.00307
Afipia	1033	G	31812	7162	38974	0.00116
Tardiphaga	1395974	G	31540	2752	34292	0.00102
Variibacter	1649510	G	13708	676	14384	0.00043
Rhizobium	379	G	503503	172125	675628	0.02011
Neorhizobium	1525371	G	140727	22987	163714	0.00487
Agrobacterium	357	G	131484	36654	168138	0.00500
Pseudorhizobium	1903858	G	20786	2652	23438	0.00070
Shinella	323620	G	263902	119353	383255	0.01141
Sinorhizobium	28105	G	129796	42725	172521	0.00513
Ensifer	106591	G	82693	10168	92861	0.00276
Georhizobium	2661800	G	10793	1472	12265	0.00037
Ciceribacter	1648508	G	10663	1266	11929	0.00036
Peteryoungia	2853332	G	4723	499	5222	0.00016
Liberibacter	34019	G	526	32	558	0.00002
Mesorhizobium	68287	G	992030	120159	1112189	0.03310
Aminobacter	31988	G	142797	62954	205751	0.00612
Aquibium	2911176	G	59859	10004	69863	0.00208
Nitratireductor	245876	G	38038	3963	42001	0.00125
Phyllobacterium	28100	G	19490	1247	20737	0.00062
Hoeflea	274591	G	10745	637	11382	0.00034
Roseitalea	1915401	G	9976	1133	11109	0.00033
Oricola	1594166	G	8694	784	9478	0.00028
Salaquimonas	2712688	G	3314	91	3405	0.00010
Lentilitoribacter	1649463	G	324	3	327	0.00001
Devosia	46913	G	556180	30960	587140	0.01747
Youhaiella	1827478	G	21027	3557	24584	0.00073
Paradevosia	1573407	G	20960	5680	26640	0.00079
Pelagibacterium	1082930	G	9172	737	9909	0.00029
Maritalea	623276	G	1110	20	1130	0.00003
Methylobacterium	407	G	150561	18787	169348	0.00504
Microvirga	186650	G	102348	7535	109883	0.00327
Methylorubrum	2282523	G	36407	11785	48192	0.00143
Pseudolabrys	556257	G	130578	12890	143468	0.00427
Starkeya	152053	G	59438	12321	71759	0.00214
Xanthobacter	279	G	34804	5563	40367	0.00120
Ancylobacter	99	G	34049	8017	42066	0.00125
Labrys	204476	G	12140	788	12928	0.00038
Azorhizobium	6	G	10153	1403	11556	0.00034
Nordella	169055	G	168140	5849	173989	0.00518
Pseudorhodoplanes	1734920	G	46498	2180	48678	0.00145
Terrihabitans	2874214	G	19850	1412	21262	0.00063
Candidatus_Hodgkinia	573657	G	123	1	124	0.00000
Hyphomicrobium	81	G	65513	3412	68925	0.00205
Rhodoplanes	29407	G	31376	2031	33407	0.00099
Methyloceanibacter	1484898	G	18362	954	19316	0.00057
Aquabacter	45402	G	9322	1005	10327	0.00031
Methyloligella	1485594	G	9074	809	9883	0.00029
Caenibius	2827482	G	6984	2115	9099	0.00027
Rhodomicrobium	1068	G	6508	310	6818	0.00020
Filomicrobium	119044	G	5408	132	5540	0.00016
Bosea	85413	G	121995	12145	134140	0.00399
Aureimonas	414371	G	50702	7001	57703	0.00172
Martelella	293088	G	33752	4253	38005	0.00113
Aurantimonas	182269	G	14425	3066	17491	0.00052
Stappia	152161	G	20899	2566	23465	0.00070
Pannonibacter	227873	G	14082	6967	21049	0.00063
Roseibium	150830	G	12932	1256	14188	0.00042
Labrenzia	478070	G	8239	535	8774	0.00026
Pseudovibrio	258255	G	1910	55	1965	0.00006
Methylocystis	133	G	30337	1862	32199	0.00096
Methylosinus	425	G	13752	1539	15291	0.00046
Brucella	234	G	38515	17510	56025	0.00167
Pseudochrobactrum	354349	G	2813	384	3197	0.00010
Phreatobacter	1632780	G	39371	4241	43612	0.00130
Kaustia	2838250	G	14676	912	15588	0.00046
Parvibaculum	256616	G	8320	3727	12047	0.00036
Pyruvatibacter	1742974	G	4933	449	5382	0.00016
Candidatus_Phaeomarinobacter	1541445	G	2255	88	2343	0.00007
Chelatococcus	28209	G	28366	4158	32524	0.00097
Methylocella	120652	G	11210	704	11914	0.00035
Methylovirgula	1156568	G	9747	546	10293	0.00031
Beijerinckia	532	G	2843	160	3003	0.00009
Blastochloris	59282	G	21326	3160	24486	0.00073
Kaistia	166953	G	19781	3085	22866	0.00068
Acuticoccus	1904377	G	13354	885	14239	0.00042
Hartmannibacter	1572860	G	11009	1261	12270	0.00037
Breoghania	1406135	G	10327	865	11192	0.00033
Lichenihabitans	2723776	G	7425	211	7636	0.00023
Bartonella	773	G	2735	96	2831	0.00008
Cohaesibacter	655352	G	2159	50	2209	0.00007
Sphingopyxis	165697	G	711389	87430	798819	0.02377
Sphingobium	165695	G	566193	149463	715656	0.02130
Sphingomonas	13687	G	557136	50510	607646	0.01808
Novosphingobium	165696	G	105702	20322	126024	0.00375
Rhizorhabdus	1649486	G	43513	12382	55895	0.00166
Sphingosinithalassobacter	2676233	G	28889	3528	32417	0.00096
Allosphingosinicella	2823232	G	19769	1359	21128	0.00063
Blastomonas	150203	G	10942	1334	12276	0.00037
Sphingorhabdus	1434046	G	10119	309	10428	0.00031
Parasphingopyxis	1234545	G	9856	269	10125	0.00030
Tardibacter	2685927	G	6896	3026	9922	0.00030
Hankyongella	1763827	G	5718	637	6355	0.00019
Citromicrobium	72173	G	4915	1242	6157	0.00018
Novosphingopyxis	2709686	G	4122	1255	5377	0.00016
Parasphingorhabdus	2709685	G	2947	44	2991	0.00009
Aquisediminimonas	2676781	G	2506	49	2555	0.00008
Erythrobacter	1041	G	60202	11542	71744	0.00214
Porphyrobacter	1111	G	19524	3803	23327	0.00069
Qipengyuania	1855416	G	37367	6999	44366	0.00132
Tsuneonella	2800686	G	29104	3916	33020	0.00098
Altererythrobacter	361177	G	26394	5292	31686	0.00094
Croceicoccus	1295327	G	21743	9501	31244	0.00093
Pelagerythrobacter	2800685	G	5844	581	6425	0.00019
Croceibacterium	2676755	G	4710	1794	6504	0.00019
Aurantiacibacter	2800681	G	4550	656	5206	0.00015
Paraurantiacibacter	2800682	G	3652	326	3978	0.00012
Sphingosinicella	335405	G	117726	7911	125637	0.00374
Polymorphobacter	1508451	G	10577	234	10811	0.00032
Sandaracinobacter	56358	G	5670	216	5886	0.00018
Zymomonas	541	G	653	440	1093	0.00003
Ferrovibrio	1231242	G	97676	3938	101614	0.00302
Hypericibacter	2705399	G	36804	1416	38220	0.00114
Magnetospirillum	13134	G	23330	291657	314987	0.00937
Rhodospirillum	1081	G	14393	1010	15403	0.00046
Tistrella	171436	G	9867	2692	12559	0.00037
Defluviicoccus	111830	G	5294	297	5591	0.00017
Pararhodospirillum	1612157	G	3157	132	3289	0.00010
Haematospirillum	1804663	G	564	23	587	0.00002
Candidatus_Endolissoclinum	1263978	G	264	1	265	0.00001
Azospirillum	191	G	120642	10293	130935	0.00390
Skermanella	204447	G	36876	3499	40375	0.00120
Nitrospirillum	1543705	G	8851	717	9568	0.00028
Indioceanicola	2478349	G	8639	839	9478	0.00028
Niveispirillum	1543704	G	7473	567	8040	0.00024
Roseomonas	125216	G	65369	5651	71020	0.00211
Rhodovastum	504465	G	10289	585	10874	0.00032
Komagataeibacter	1434011	G	10043	3504	13547	0.00040
Roseococcus	35812	G	9611	544	10155	0.00030
Acidiphilium	522	G	7563	2525	10088	0.00030
Sediminicoccus	1706033	G	6727	211	6938	0.00021
Acetobacter	434	G	6448	1867	8315	0.00025
Acidibrevibacterium	2603324	G	5222	295	5517	0.00016
Lichenicola	2804525	G	4836	135	4971	0.00015
Gluconobacter	441	G	4125	706	4831	0.00014
Gluconacetobacter	89583	G	3717	539	4256	0.00013
Granulibacter	364409	G	2821	2176	4997	0.00015
Asaia	91914	G	1714	175	1889	0.00006
Neoasaia	320496	G	1424	205	1629	0.00005
Kozakia	153497	G	1073	278	1351	0.00004
Novacetimonas	2919364	G	1014	346	1360	0.00004
Oecophyllibacter	2791118	G	729	13	742	0.00002
Parasaccharibacter	1602345	G	559	14	573	0.00002
Swingsia	1649499	G	509	16	525	0.00002
Neokomagataea	1223423	G	193	18	211	0.00001
Commensalibacter	1079922	G	135	2	137	0.00000
Entomobacter	2811380	G	116	4	120	0.00000
Bombella	1654741	G	102	6	108	0.00000
Stella	93	G	30237	1314	31551	0.00094
Thalassospira	168934	G	5634	279	5913	0.00018
Magnetospira	1182780	G	2578	45	2623	0.00008
Elioraea	457933	G	7622	219	7841	0.00023
Terasakiella	196080	G	495	6	501	0.00001
Paracoccus	265	G	110020	16869	126889	0.00378
Rhodobacter	1060	G	41577	10048	51625	0.00154
Cereibacter	1653176	G	26457	7385	33842	0.00101
Tabrizicola	1443919	G	22561	2126	24687	0.00073
Rhodovulum	34008	G	13297	2927	16224	0.00048
Fuscovulum	2818469	G	12211	1613	13824	0.00041
Polymorphum	991903	G	9883	1808	11691	0.00035
Gemmobacter	204456	G	8807	1375	10182	0.00030
Frigidibacter	1775705	G	8489	3204	11693	0.00035
Paroceanicella	2683599	G	8434	2135	10569	0.00031
Thioclava	285107	G	7610	924	8534	0.00025
Haematobacter	366614	G	6306	2251	8557	0.00025
Silicimonas	1955420	G	6215	354	6569	0.00020
Pikeienuella	2831955	G	5945	460	6405	0.00019
Pontivivens	1844015	G	5797	372	6169	0.00018
Pelagovum	2795377	G	5530	639	6169	0.00018
Pukyongiella	2831925	G	4502	1163	5665	0.00017
Brevirhabdus	1855413	G	4298	2133	6431	0.00019
Falsirhodobacter	1434002	G	3911	545	4456	0.00013
Gymnodinialimonas	2937410	G	3328	304	3632	0.00011
Pseudopuniceibacterium	2613960	G	3181	247	3428	0.00010
Roseicitreum	1209946	G	3015	155	3170	0.00009
Pacificitalea	2846749	G	2864	676	3540	0.00011
Pseudooceanicola	1679449	G	2677	260	2937	0.00009
Yoonia	2211641	G	2482	614	3096	0.00009
Monaibacterium	2029873	G	2267	572	2839	0.00008
Tritonibacter	2083206	G	1868	923	2791	0.00008
Qingshengfaniella	2816884	G	1816	89	1905	0.00006
Rhodophyticola	2680018	G	1706	50	1756	0.00005
Rhodobaca	119541	G	1512	61	1573	0.00005
Profundibacter	2778525	G	1485	48	1533	0.00005
Pseudorhodobacter	238783	G	1461	89	1550	0.00005
Pseudohalocynthiibacter	1759417	G	1415	313	1728	0.00005
Parasedimentitalea	2738399	G	886	35	921	0.00003
Aestuarium	2820509	G	831	370	1201	0.00004
Cognatishimia	2211635	G	807	32	839	0.00002
Planktomarina	1284657	G	562	12	574	0.00002
Roseovarius	74030	G	23102	3667	26769	0.00080
Sulfitobacter	60136	G	22669	4595	27264	0.00081
Salipiger	263377	G	15538	5053	20591	0.00061
Roseivivax	93682	G	12479	1828	14307	0.00043
Celeribacter	875170	G	9788	3831	13619	0.00041
Phaeobacter	302485	G	9256	2789	12045	0.00036
Leisingera	191028	G	8029	1071	9100	0.00027
Ruegeria	97050	G	8014	1064	9078	0.00027
Pseudosulfitobacter	2854186	G	6991	2164	9155	0.00027
Sagittula	58842	G	5528	2492	8020	0.00024
Yangia	2919626	G	5281	837	6118	0.00018
Actibacterium	1433986	G	5036	2629	7665	0.00023
Ponticoccus	983507	G	4849	705	5554	0.00017
Mameliella	1434019	G	4575	900	5475	0.00016
Roseobacter	2433	G	3911	153	4064	0.00012
Dinoroseobacter	309512	G	3804	1526	5330	0.00016
Octadecabacter	53945	G	3640	267	3907	0.00012
Ketogulonicigenium	92944	G	3280	312	3592	0.00011
Oceanicola	252301	G	3242	150	3392	0.00010
Roseibacterium	159345	G	3058	229	3287	0.00010
Thalassococcus	436357	G	2427	58	2485	0.00007
Maribius	387095	G	2278	99	2377	0.00007
Antarctobacter	74032	G	2073	103	2176	0.00006
Tateyamaria	299261	G	1953	62	2015	0.00006
Jannaschia	188905	G	1910	47	1957	0.00006
Thalassobius	335927	G	1482	70	1552	0.00005
Falsihalocynthiibacter	2854182	G	667	18	685	0.00002
Brevundimonas	41275	G	143895	13106	157001	0.00467
Caulobacter	75	G	136296	13603	149899	0.00446
Phenylobacterium	20	G	122968	14758	137726	0.00410
Terricaulis	2768684	G	18048	401	18449	0.00055
Asticcacaulis	76890	G	12518	625	13143	0.00039
Candidatus_Viadribacter	2892997	G	10269	184	10453	0.00031
Hyphomonas	85	G	8265	258	8523	0.00025
Hirschia	2723	G	220	3	223	0.00001
Marinicauda	1649466	G	6313	750	7063	0.00021
Maricaulis	74317	G	2330	103	2433	0.00007
Glycocaulis	1433402	G	2146	82	2228	0.00007
Hyphobacterium	2004661	G	1791	40	1831	0.00005
Micavibrio	213485	G	5583	41	5624	0.00017
Candidatus_Puniceispirillum	767891	G	335	6	341	0.00001
Aquisalinus	1795639	G	2682	87	2769	0.00008
Parvularcula	208215	G	1023	88	1111	0.00003
Rickettsia	780	G	1165	55	1220	0.00004
Orientia	69474	G	97	5	102	0.00000
Candidatus_Sneabacter	2601645	G	56	5	61	0.00000
Candidatus_Phycorickettsia	2115980	G	137	7	144	0.00000
Wolbachia	953	G	498	10	508	0.00002
Anaplasma	768	G	440	28	468	0.00001
Ehrlichia	943	G	247	6	253	0.00001
Neorickettsia	33993	G	123	0	123	0.00000
Candidatus_Neoehrlichia	467749	G	32	2	34	0.00000
Candidatus_Midichloria	411566	G	93	15	108	0.00000
Candidatus_Fokinia	1802983	G	66	115	181	0.00001
Candidatus_Deianiraea	2603321	G	69	0	69	0.00000
Luteithermobacter	2813803	G	1118	91	1209	0.00004
Paremcibacter	2813804	G	1102	20	1122	0.00003
Candidatus_Nucleicultrix	1509243	G	486	16	502	0.00001
Candidatus_Hydrogenosomobacter	2654634	G	116	1	117	0.00000
Candidatus_Cytomitobacter	2601574	G	107	82	189	0.00001
Candidatus_Nesciobacter	2601651	G	52	9	61	0.00000
Candidatus_Gromoviella	2900571	G	43	1	44	0.00000
Candidatus_Paracaedibacter	1521255	G	283	11	294	0.00001
Candidatus_Pelagibacter	198251	G	593	21	614	0.00002
Candidatus_Fonsibacter	2045213	G	84	8	92	0.00000
Magnetococcus	162171	G	554	6	560	0.00002
Kordiimonas	288021	G	283	3	286	0.00001
Hydrogenophaga	47420	G	479378	151766	631144	0.01878
Acidovorax	12916	G	319074	70008	389082	0.01158
Variovorax	34072	G	174940	37359	212299	0.00632
Rhodoferax	28065	G	165337	26726	192063	0.00572
Comamonas	283	G	61138	21014	82152	0.00244
Ramlibacter	174951	G	47772	13296	61068	0.00182
Delftia	80865	G	34349	38582	72931	0.00217
Kinneretia	683756	G	31967	18677	50644	0.00151
Diaphorobacter	238749	G	27872	21098	48970	0.00146
Schlegelella	215579	G	24214	5146	29360	0.00087
Polaromonas	52972	G	22512	1262	23774	0.00071
Hylemonella	232523	G	19117	1877	20994	0.00062
Alicycliphilus	201096	G	16379	23247	39626	0.00118
Ottowia	219181	G	15161	1776	16937	0.00050
Melaminivora	1649468	G	10731	5922	16653	0.00050
Serpentinimonas	2490452	G	7644	1077	8721	0.00026
Verminephrobacter	364316	G	6128	504	6632	0.00020
Pulveribacter	2678886	G	4791	1675	6466	0.00019
Simplicispira	352450	G	4166	933	5099	0.00015
Limnohabitans	665874	G	3976	256	4232	0.00013
Curvibacter	281915	G	2886	138	3024	0.00009
Candidatus_Symbiobacter	1436289	G	1619	36	1655	0.00005
Burkholderia	32008	G	191898	149577	341475	0.01016
Cupriavidus	106589	G	191331	53495	244826	0.00729
Paraburkholderia	1822464	G	104210	7169	111379	0.00331
Ralstonia	48736	G	39946	12561	52507	0.00156
Pandoraea	93217	G	36342	3507	39849	0.00119
Caballeronia	1827195	G	28694	2206	30900	0.00092
Polynucleobacter	44013	G	9158	135	9293	0.00028
Limnobacter	131079	G	6914	198	7112	0.00021
Lautropia	47670	G	3612	418	4030	0.00012
Chitinimonas	240411	G	3224	172	3396	0.00010
Mycetohabitans	2571159	G	2059	83	2142	0.00006
Mycoavidus	1810868	G	1117	31	1148	0.00003
Candidatus_Vallotia	2018044	G	510	37	547	0.00002
Ephemeroptericola	2680021	G	416	16	432	0.00001
Massilia	149698	G	168948	22843	191791	0.00571
Duganella	75654	G	13237	3785	17022	0.00051
Herbaspirillum	963	G	44060	6418	50478	0.00150
Janthinobacterium	29580	G	38826	10309	49135	0.00146
Collimonas	202907	G	22279	2131	24410	0.00073
Noviherbaspirillum	1344552	G	15725	2219	17944	0.00053
Undibacterium	401469	G	4534	204	4738	0.00014
Herminiimonas	303379	G	2856	533	3389	0.00010
Glaciimonas	1229970	G	1538	80	1618	0.00005
Oxalobacter	846	G	887	54	941	0.00003
Achromobacter	222	G	103569	27634	131203	0.00390
Bordetella	517	G	77879	30595	108474	0.00323
Pigmentiphaga	152267	G	11891	930	12821	0.00038
Orrella	1921582	G	5863	1216	7079	0.00021
Alcaligenes	507	G	5752	941	6693	0.00020
Castellaniella	359336	G	5408	2461	7869	0.00023
Pusillimonas_(ex_Stolz_et_al._2005)	305976	G	4019	451	4470	0.00013
Advenella	290425	G	2196	43	2239	0.00007
Kerstersia	257820	G	2053	304	2357	0.00007
Paralcaligenes	1148163	G	1887	54	1941	0.00006
Oligella	90243	G	361	57	418	0.00001
Paenalcaligenes	1100891	G	221	7	228	0.00001
Taylorella	29574	G	145	7	152	0.00000
Basilea	1472344	G	133	7	140	0.00000
Pelistega	106146	G	107	9	116	0.00000
Rhizobacter	212743	G	57904	10774	68678	0.00204
Sphaerotilus	34102	G	19823	7321	27144	0.00081
Aquincola	391952	G	19416	5140	24556	0.00073
Methylibium	316612	G	16917	3857	20774	0.00062
Rubrivivax	28067	G	15386	3765	19151	0.00057
Thiomonas	32012	G	12284	1498	13782	0.00041
Leptothrix	88	G	10975	2836	13811	0.00041
Mitsuaria	65047	G	9190	1442	10632	0.00032
Ideonella	36862	G	7674	3490	11164	0.00033
Xylophilus	54066	G	7227	1548	8775	0.00026
Inhella	644355	G	5926	714	6640	0.00020
Aquabacterium	92793	G	5518	1117	6635	0.00020
Tepidimonas	114248	G	5470	1418	6888	0.00021
Roseateles	93681	G	5305	804	6109	0.00018
Paucibacter	318147	G	4235	559	4794	0.00014
Candidatus_Ichthyocystis	2929841	G	121	1	122	0.00000
Sutterella	40544	G	3291	178	3469	0.00010
Turicimonas	1918598	G	237	11	248	0.00001
Nitrosomonas	914	G	119940	3828	123768	0.00368
Nitrosospira	35798	G	14208	372	14580	0.00043
Methyloversatilis	378210	G	11090	1122	12212	0.00036
Denitratisoma	311181	G	8892	3188	12080	0.00036
Sulfuritalea	1054211	G	7432	952	8384	0.00025
Sterolibacterium	157591	G	4958	1002	5960	0.00018
Methylophilus	16	G	20495	869	21364	0.00064
Methylovorus	81682	G	2781	127	2908	0.00009
Methylobacillus	404	G	2121	375	2496	0.00007
Methylotenera	359407	G	1823	119	1942	0.00006
Candidatus_Methylopumilus	1679002	G	1434	85	1519	0.00005
Methyloradius	2872156	G	771	49	820	0.00002
Usitatibacter	2803845	G	26297	1472	27769	0.00083
Thiobacillus	919	G	18143	2640	20783	0.00062
Sulfuritortus	1938335	G	6288	2062	8350	0.00025
Sideroxydans	314343	G	6745	734	7479	0.00022
Ferrigenium	2249462	G	4163	697	4860	0.00014
Candidatus_Nitrotoga	453161	G	2052	103	2155	0.00006
Ferriphaselus	1443590	G	1919	208	2127	0.00006
Gallionella	96	G	1632	120	1752	0.00005
Sulfuriferula	1778653	G	8143	1003	9146	0.00027
Sulfurimicrobium	2772198	G	5108	516	5624	0.00017
Sulfuricella	935200	G	2912	203	3115	0.00009
Thauera	33057	G	34018	15220	49238	0.00147
Azoarcus	12960	G	27113	7215	34328	0.00102
Nitrogeniibacter	2891294	G	9388	1086	10474	0.00031
Aromatoleum	551759	G	24637	5747	30384	0.00090
Azospira	146937	G	18735	6507	25242	0.00075
Niveibacterium	1769726	G	4826	483	5309	0.00016
Oryzomicrobium	1911577	G	3551	768	4319	0.00013
Rugosibacter	1914449	G	1866	230	2096	0.00006
Dechloromonas	73029	G	9731	1409	11140	0.00033
Ferribacterium	88875	G	8120	1213	9333	0.00028
Quatrionicoccus	138117	G	3408	952	4360	0.00013
Fluviibacter	2808942	G	871	161	1032	0.00003
Chromobacterium	535	G	23654	4355	28009	0.00083
Iodobacter	32014	G	883	181	1064	0.00003
Jeongeupia	885864	G	7847	1124	8971	0.00027
Paludibacterium	400060	G	6261	840	7101	0.00021
Vogesella	57739	G	4521	974	5495	0.00016
Aquitalea	407217	G	4218	728	4946	0.00015
Pseudogulbenkiania	568394	G	3863	1110	4973	0.00015
Microvirgula	57479	G	3338	507	3845	0.00011
Laribacter	168470	G	2947	1734	4681	0.00014
Aquaspirillum	187	G	1840	217	2057	0.00006
Deefgea	400947	G	1156	109	1265	0.00004
Chitinibacter	230666	G	1137	316	1453	0.00004
Neisseria	482	G	13534	3129	16663	0.00050
Crenobacter	1654931	G	4747	1230	5977	0.00018
Eikenella	538	G	4068	1093	5161	0.00015
Chitinolyticbacter	1055692	G	3713	355	4068	0.00012
Vitreoscilla	59	G	2506	322	2828	0.00008
Kingella	32257	G	1896	377	2273	0.00007
Uruburuella	299568	G	1213	132	1345	0.00004
Paralysiella	2898489	G	644	104	748	0.00002
Alysiella	194195	G	341	63	404	0.00001
Conchiformibius	334107	G	319	390	709	0.00002
Snodgrassella	1193515	G	203	36	239	0.00001
Aquella	2593687	G	162	4	166	0.00000
Simonsiella	71	G	150	19	169	0.00001
Morococcus	212742	G	54	271	325	0.00001
Casimicrobium	2706000	G	3826	1212	5038	0.00015
Candidatus_Kinetoplastibacterium	33055	G	308	26	334	0.00001
Candidatus_Profftella	1381133	G	51	6	57	0.00000
Lysobacter	68	G	308723	41456	350179	0.01042
Pseudoxanthomonas	83618	G	132623	44432	177055	0.00527
Stenotrophomonas	40323	G	128316	47252	175568	0.00522
Xanthomonas	338	G	93211	38946	132157	0.00393
Luteimonas	83614	G	87575	13693	101268	0.00301
Thermomonas	141948	G	87209	19944	107153	0.00319
Arenimonas	490567	G	55964	8532	64496	0.00192
Pseudolysobacter	2709666	G	5587	100	5687	0.00017
Xylella	2370	G	1414	160	1574	0.00005
Dyella	231454	G	84945	14789	99734	0.00297
Rhodanobacter	75309	G	49726	7564	57290	0.00170
Luteibacter	242605	G	30850	2262	33112	0.00099
Frateuria	70411	G	16062	2766	18828	0.00056
Dokdonella	323413	G	14191	1640	15831	0.00047
Aerosticca	2707020	G	6673	5586	12259	0.00036
Ahniella	2233801	G	4443	73	4516	0.00013
Pseudomonas	286	G	613678	132665	746343	0.02221
Permianibacter	1649479	G	13511	243	13754	0.00041
Azotobacter	352	G	9457	12165	21622	0.00064
Halopseudomonas	2901189	G	8053	1174	9227	0.00027
Entomomonas	2758906	G	326	10	336	0.00001
Thiopseudomonas	1654787	G	301	42	343	0.00001
Marinobacter	2742	G	17083	1309	18392	0.00055
Cellvibrio	10	G	330537	6599	337136	0.01003
Teredinibacter	2425	G	1602	36	1638	0.00005
Simiduia	447467	G	1261	42	1303	0.00004
Saccharophagus	316625	G	425	7	432	0.00001
Marinagarivorans	1792291	G	353	15	368	0.00001
Agarilytica	2036021	G	273	3	276	0.00001
Microbulbifer	48073	G	14899	605	15504	0.00046
Kineobactrum	2678529	G	2213	66	2279	0.00007
Halioglobus	1217416	G	1888	48	1936	0.00006
Aequoribacter	2847769	G	1334	217	1551	0.00005
Congregibacter	393661	G	938	290	1228	0.00004
Spongiibacter	630749	G	2360	181	2541	0.00008
Zhongshania	1434050	G	610	35	645	0.00002
Oceanicoccus	1084558	G	399	5	404	0.00001
Klebsiella	570	G	16525	84744	101269	0.00301
Raoultella	160674	G	2882	1178	4060	0.00012
Enterobacter	547	G	16950	29262	46212	0.00138
Citrobacter	544	G	7259	5211	12470	0.00037
Kosakonia	1330547	G	3888	398	4286	0.00013
Cronobacter	413496	G	3774	606	4380	0.00013
Salmonella	590	G	3435	38440	41875	0.00125
Leclercia	83654	G	3058	1199	4257	0.00013
Escherichia	561	G	2853	25023	27876	0.00083
Pluralibacter	1330546	G	2095	394	2489	0.00007
Cedecea	158483	G	1835	185	2020	0.00006
Candidatus_Symbiopectobacterium	801	G	554	45	599	0.00002
Candidatus_Blochmannia	203804	G	432	9	441	0.00001
Candidatus_Hamiltonella	568987	G	141	167	308	0.00001
Candidatus_Mikella	1906660	G	77	7	84	0.00000
Candidatus_Hoaglandella	1906659	G	60	2	62	0.00000
Candidatus_Doolittlea	1906657	G	45	1	46	0.00000
Candidatus_Gullanella	1906661	G	45	1	46	0.00000
Candidatus_Tachikawaea	1682492	G	39	4	43	0.00000
Candidatus_Purcelliella	472825	G	30	1	31	0.00000
Candidatus_Annandia	1302410	G	27	27	54	0.00000
Lelliottia	1330545	G	1328	209	1537	0.00005
Kluyvera	579	G	1023	220	1243	0.00004
Plesiomonas	702	G	865	793	1658	0.00005
Buttiauxella	82976	G	553	50	603	0.00002
Jejubacter	2815296	G	550	41	591	0.00002
Atlantibacter	1903434	G	529	73	602	0.00002
Pseudescherichia	2055880	G	529	25	554	0.00002
Phytobacter	447792	G	403	472	875	0.00003
Yokenella	158876	G	379	94	473	0.00001
Shimwellia	1335483	G	370	45	415	0.00001
Scandinavium	2726810	G	369	44	413	0.00001
Pseudocitrobacter	1504576	G	338	53	391	0.00001
Candidatus_Profftia	1177214	G	139	4	143	0.00000
Candidatus_Riesia	401618	G	59	2	61	0.00000
Candidatus_Moranella	1048757	G	58	0	58	0.00000
Shigella	620	G	57	2660	2717	0.00008
Candidatus_Ishikawaella	409304	G	48	2	50	0.00000
Candidatus_Schneideria	1081630	G	25	0	25	0.00000
Serratia	613	G	24619	5845	30464	0.00091
Yersinia	629	G	3473	1871	5344	0.00016
Rahnella	34037	G	2522	486	3008	0.00009
Nissabacter	1964366	G	1181	131	1312	0.00004
Gibbsiella	929812	G	750	84	834	0.00002
Rouxiella	1565532	G	480	35	515	0.00002
Ewingella	41201	G	443	50	493	0.00001
Chania	1745211	G	385	34	419	0.00001
Candidatus_Fukatsuia	1927833	G	160	5	165	0.00000
Pantoea	53335	G	13106	1812	14918	0.00044
Erwinia	551	G	5658	677	6335	0.00019
Mixta	2100764	G	2780	682	3462	0.00010
Buchnera	32199	G	1289	95	1384	0.00004
Tatumella	82986	G	322	35	357	0.00001
Wigglesworthia	51228	G	30	1	31	0.00000
Pectobacterium	122277	G	7906	1266	9172	0.00027
Dickeya	204037	G	6960	1192	8152	0.00024
Brenneria	71655	G	2494	171	2665	0.00008
Lonsdalea	1082702	G	1067	124	1191	0.00004
Musicola	2884243	G	656	20	676	0.00002
Providencia	586	G	1892	748	2640	0.00008
Morganella	581	G	1514	634	2148	0.00006
Xenorhabdus	626	G	1150	93	1243	0.00004
Proteus	583	G	961	710	1671	0.00005
Photorhabdus	29487	G	529	28	557	0.00002
Arsenophonus	637	G	313	18	331	0.00001
Moellerella	158848	G	110	63	173	0.00001
Edwardsiella	635	G	3544	630	4174	0.00012
Hafnia	568	G	853	238	1091	0.00003
Obesumbacterium	82982	G	79	46	125	0.00000
Sodalis	84565	G	2716	125	2841	0.00008
Leminorella	82980	G	297	26	323	0.00001
Pragia	82984	G	234	24	258	0.00001
Jinshanibacter	2810357	G	151	26	177	0.00001
Limnobaculum	2172100	G	137	27	164	0.00000
Solimonas	413435	G	132325	9698	142023	0.00423
Flagellatimonas	2893022	G	17241	994	18235	0.00054
Sinimarinibacterium	1861863	G	13017	5668	18685	0.00056
Steroidobacter	469322	G	11720	2770	14490	0.00043
Thioalkalivibrio	106633	G	19659	3271	22930	0.00068
Spiribacter	1335745	G	11849	751	12600	0.00037
Acidihalobacter	1765964	G	8658	583	9241	0.00028
Aquisalimonas	406099	G	3791	259	4050	0.00012
Ectothiorhodospira	1051	G	3771	311	4082	0.00012
Halorhodospira	85108	G	3564	265	3829	0.00011
Alkalilimnicola	133193	G	3354	401	3755	0.00011
Ectothiorhodosinus	233099	G	767	48	815	0.00002
Rheinheimera	67575	G	19409	931	20340	0.00061
Allochromatium	85072	G	6332	1340	7672	0.00023
Thiodictyon	53392	G	5198	249	5447	0.00016
Thioflavicoccus	156885	G	4730	353	5083	0.00015
Marichromatium	85076	G	4656	786	5442	0.00016
Thiocapsa	1056	G	3770	183	3953	0.00012
Thiocystis	13724	G	3511	256	3767	0.00011
Nitrosococcus	1227	G	2549	55	2604	0.00008
Thermochromatium	85073	G	1776	412	2188	0.00007
Caldichromatium	2828366	G	1397	124	1521	0.00005
Candidatus_Nitrosoglobus	1980513	G	236	12	248	0.00001
Candidatus_Nitrosacidococcus	2796146	G	165	5	170	0.00001
Wenzhouxiangella	1676142	G	6479	273	6752	0.00020
Thiohalobacter	1273155	G	5933	717	6650	0.00020
Sulfurivermis	2034504	G	4301	1389	5690	0.00017
Guyparkeria	2035712	G	3460	608	4068	0.00012
Woeseia	1738655	G	2953	40	2993	0.00009
Halothiobacillus	109262	G	2874	203	3077	0.00009
Sulfuriflexus	1860077	G	1285	31	1316	0.00004
Granulosicoccus	437504	G	817	10	827	0.00002
Halomonas	2745	G	64678	7083	71761	0.00214
Chromohalobacter	42054	G	4437	357	4794	0.00014
Cobetia	204286	G	3866	2513	6379	0.00019
Halotalea	376488	G	3037	434	3471	0.00010
Salinicola	404432	G	2975	255	3230	0.00010
Kushneria	504090	G	2838	91	2929	0.00009
Pistricoccus	1897649	G	1635	81	1716	0.00005
Zymobacter	33073	G	641	65	706	0.00002
Candidatus_Portiera	235572	G	121	28	149	0.00000
Candidatus_Carsonella	114185	G	77	11	88	0.00000
Alcanivorax	59753	G	10624	2988	13612	0.00041
Ketobacter	2025617	G	741	71	812	0.00002
Marinobacterium	48075	G	3510	309	3819	0.00011
Marinomonas	28253	G	1994	139	2133	0.00006
Thalassolituus	187492	G	1165	135	1300	0.00004
Venatorbacter	2893036	G	951	167	1118	0.00003
Bacterioplanes	1537406	G	684	30	714	0.00002
Neptunomonas	75687	G	572	35	607	0.00002
Nitrincola	267849	G	338	53	391	0.00001
Amphritea	515417	G	272	14	286	0.00001
Bermanella	599651	G	187	5	192	0.00001
Saccharospirillum	231683	G	1565	77	1642	0.00005
Reinekea	230494	G	611	22	633	0.00002
Gynuella	1445504	G	606	15	621	0.00002
Hahella	158481	G	2297	71	2368	0.00007
Litoricola	418700	G	841	28	869	0.00003
Endozoicomonas	305899	G	549	24	573	0.00002
Oleiphilus	141450	G	379	32	411	0.00001
Spartinivicinus	2768738	G	222	4	226	0.00001
Methylococcus	413	G	13038	681	13719	0.00041
Methylomonas	416	G	11714	279	11993	0.00036
Methylomicrobium	39773	G	3963	721	4684	0.00014
Methylogaea	1295378	G	3630	206	3836	0.00011
Methylomagnum	1760987	G	3525	107	3632	0.00011
Methylocaldum	73778	G	2831	132	2963	0.00009
Candidatus_Methylospira	1808977	G	1563	47	1610	0.00005
Methylotuvimicrobium	2822410	G	1394	776	2170	0.00006
Methylovulum	762296	G	747	16	763	0.00002
Methylobacter	429	G	416	18	434	0.00001
Aeromonas	642	G	33375	25911	59286	0.00176
Zobellella	347533	G	2521	481	3002	0.00009
Oceanimonas	129577	G	1373	244	1617	0.00005
Oceanisphaera	225143	G	594	52	646	0.00002
Dongshaea	2802288	G	315	20	335	0.00001
Tolumonas	43947	G	295	101	396	0.00001
Succinivibrio	83770	G	166	4	170	0.00001
Shewanella	22	G	16712	2965	19677	0.00059
Parashewanella	2547964	G	333	22	355	0.00001
Alteromonas	226	G	2758	787	3545	0.00011
Salinimonas	288793	G	1259	176	1435	0.00004
Paraglaciecola	1621534	G	1016	60	1076	0.00003
Hydrocarboniclastica	2650549	G	937	96	1033	0.00003
Agarivorans	261825	G	753	59	812	0.00002
Lacimicrobium	1751872	G	580	30	610	0.00002
Saliniradius	2661818	G	421	30	451	0.00001
Paraneptunicella	2905123	G	204	9	213	0.00001
Saccharobesus	2894574	G	191	9	200	0.00001
Glaciecola	89404	G	180	10	190	0.00001
Catenovulum	1172191	G	164	9	173	0.00001
Pseudoalteromonas	53246	G	5910	644	6554	0.00020
Psychrosphaera	907197	G	206	22	228	0.00001
Flocculibacter	2834759	G	87	6	93	0.00000
Colwellia	28228	G	817	77	894	0.00003
Thalassotalea	1518149	G	746	79	825	0.00002
Cognaticolwellia	2848171	G	137	26	163	0.00000
Litorilituus	1407056	G	126	11	137	0.00000
Ferrimonas	44011	G	1541	152	1693	0.00005
Idiomarina	135575	G	1171	71	1242	0.00004
Moritella	58050	G	514	89	603	0.00002
Psychromonas	67572	G	352	29	381	0.00001
Legionella	445	G	26491	2513	29004	0.00086
Fluoribacter	461	G	604	237	841	0.00003
Tatlockia	465	G	437	15	452	0.00001
Aquicella	254245	G	2564	73	2637	0.00008
Coxiella	776	G	775	151	926	0.00003
Rickettsiella	59195	G	440	17	457	0.00001
Vibrio	662	G	14931	2454	17385	0.00052
Photobacterium	657	G	5897	1278	7175	0.00021
Salinivibrio	51366	G	442	35	477	0.00001
Grimontia	246861	G	369	37	406	0.00001
Aliivibrio	511678	G	231	42	273	0.00001
Thaumasiovibrio	2014233	G	142	15	157	0.00000
Enterovibrio	188143	G	77	0	77	0.00000
Paraphotobacterium	2042066	G	75	10	85	0.00000
Sulfurifustis	1692042	G	10337	453	10790	0.00032
Sulfuricaulis	1744881	G	5826	323	6149	0.00018
Acidiferrobacter	986106	G	3488	47	3535	0.00011
Acinetobacter	469	G	12376	7163	19539	0.00058
Psychrobacter	497	G	1739	77	1816	0.00005
Moraxella	475	G	1540	133	1673	0.00005
Aquirhabdus	2824158	G	257	7	264	0.00001
Immundisolibacter	1934947	G	12965	1572	14537	0.00043
Thiomicrorhabdus	2039723	G	1420	42	1462	0.00004
Methylophaga	40222	G	1254	234	1488	0.00004
Thiomicrospira	933	G	1239	226	1465	0.00004
Hydrogenovibrio	28884	G	697	279	976	0.00003
Cycloclasticus	34067	G	416	29	445	0.00001
Piscirickettsia	1237	G	388	18	406	0.00001
Thiosulfativibrio	2781120	G	205	6	211	0.00001
Thiosulfatimonas	2781121	G	192	8	200	0.00001
Thiothrix	1030	G	3227	57	3284	0.00010
Beggiatoa	1021	G	371	5	376	0.00001
Francisella	262	G	883	304	1187	0.00004
Allofrancisella	1869285	G	136	5	141	0.00000
Pasteurella	745	G	3581	4481	8062	0.00024
Haemophilus	724	G	1506	312	1818	0.00005
Aggregatibacter	416916	G	882	99	981	0.00003
Mannheimia	75984	G	838	106	944	0.00003
Actinobacillus	713	G	804	255	1059	0.00003
Avibacterium	292486	G	444	40	484	0.00001
Glaesserella	2094023	G	227	50	277	0.00001
Rodentibacter	1960084	G	181	12	193	0.00001
Basfia	697331	G	176	9	185	0.00001
Gallibacterium	155493	G	175	29	204	0.00001
Bibersteinia	476528	G	153	11	164	0.00000
Histophilus	214906	G	119	21	140	0.00000
Frederiksenia	1649317	G	73	11	84	0.00000
Bisgaardia	109471	G	64	5	69	0.00000
Otariodibacter	1249016	G	51	4	55	0.00000
Vespertiliibacter	1520333	G	49	5	54	0.00000
Candidatus_Endoriftia	393764	G	2073	425	2498	0.00007
Candidatus_Vesicomyosocius	2732587	G	134	5	139	0.00000
Candidatus_Ruthia	1541743	G	105	26	131	0.00000
Sedimenticola	349742	G	1208	37	1245	0.00004
Candidatus_Reidiella	2738850	G	1047	15	1062	0.00003
Thiolapillus	1608298	G	951	16	967	0.00003
Pseudohongiella	1524249	G	782	15	797	0.00002
Gallaecimonas	745410	G	539	29	568	0.00002
Candidatus_Thioglobus	655184	G	325	34	359	0.00001
Celerinatantimonas	412033	G	176	9	185	0.00001
Candidatus_Pseudothioglobus	2841677	G	117	36	153	0.00000
Ignatzschineria	112008	G	108	7	115	0.00000
Candidatus_Nardonella	204619	G	50	12	62	0.00000
Candidatus_Steffania	1076625	G	49	0	49	0.00000
Candidatus_Azoamicus	2817383	G	36	2	38	0.00000
Salinisphaera	180541	G	4126	3774	7900	0.00024
Cardiobacterium	2717	G	2101	190	2291	0.00007
Dichelobacter	869	G	274	50	324	0.00001
Suttonella	13275	G	223	8	231	0.00001
Kangiella	261963	G	937	43	980	0.00003
Gilliamella	1193503	G	358	74	432	0.00001
Zophobihabitans	2894762	G	121	10	131	0.00000
Frischella	1335631	G	79	25	104	0.00000
Archangium	47	G	98153	6975	105128	0.00313
Stigmatella	40	G	20736	966	21702	0.00065
Cystobacter	42	G	12464	2185	14649	0.00044
Melittangium	44	G	9405	1484	10889	0.00032
Myxococcus	32	G	36686	51648	88334	0.00263
Corallococcus	83461	G	32191	1463	33654	0.00100
Pyxidicoccus	224458	G	14426	350	14776	0.00044
Anaeromyxobacter	161492	G	59455	2350	61805	0.00184
Vulgatibacter	1524214	G	12086	512	12598	0.00037
Sorangium	39643	G	115349	10793	126142	0.00375
Polyangium	55	G	23178	1823	25001	0.00074
Chondromyces	50	G	15126	557	15683	0.00047
Pajaroellobacter	1882917	G	270	6	276	0.00001
Sandaracinus	1055688	G	76697	2701	79398	0.00236
Labilithrix	1524217	G	23723	834	24557	0.00073
Haliangium	162027	G	22839	727	23566	0.00070
Geomonas	2651583	G	12525	1640	14165	0.00042
Geobacter	28231	G	12110	968	13078	0.00039
Citrifermentans	2883512	G	4345	883	5228	0.00016
Geotalea	2910589	G	1965	100	2065	0.00006
Geoalkalibacter	392332	G	1096	708	1804	0.00005
Trichlorobacter	115782	G	758	89	847	0.00003
Desulfuromonas	890	G	10230	943	11173	0.00033
Pelobacter	18	G	1553	408	1961	0.00006
Syntrophotalea	2812025	G	2202	197	2399	0.00007
Pseudodesulfovibrio	2035811	G	9410	1420	10830	0.00032
Desulfovibrio	872	G	9161	919	10080	0.00030
Solidesulfovibrio	2910984	G	5234	430	5664	0.00017
Oceanidesulfovibrio	2905722	G	2402	118	2520	0.00008
Desulfocurvibacter	2582840	G	1902	102	2004	0.00006
Megalodesulfovibrio	2910978	G	1389	56	1445	0.00004
Desulfolutivibrio	2773294	G	1337	329	1666	0.00005
Oleidesulfovibrio	2909705	G	491	510	1001	0.00003
Maridesulfovibrio	2794998	G	316	21	337	0.00001
Paradesulfovibrio	2910986	G	309	22	331	0.00001
Lawsonia	41707	G	73	0	73	0.00000
Desulfomicrobium	898	G	2065	208	2273	0.00007
Desulfohalobium	45662	G	574	21	595	0.00002
Desulfosarcina	2299	G	4387	503	4890	0.00015
Desulfococcus	896	G	1163	166	1329	0.00004
Desulfatibacillum	218207	G	999	27	1026	0.00003
Desulfoluna	497721	G	868	36	904	0.00003
Desulfobacter	2289	G	727	71	798	0.00002
Desulfonema	45654	G	477	10	487	0.00001
Desulforapulum	2904687	G	281	29	310	0.00001
Desulfobacula	28222	G	198	14	212	0.00001
Desulfobulbus	893	G	2760	365	3125	0.00009
Desulfurivibrio	427922	G	976	34	1010	0.00003
Desulfomarina	2894767	G	183	12	195	0.00001
Desulfosediminicola	2886823	G	509	36	545	0.00002
Desulfocapsa	53318	G	215	8	223	0.00001
Desulfotalea	109168	G	168	20	188	0.00001
Desulfosudis	2904716	G	890	41	931	0.00003
Persicimonas	2766927	G	6945	165	7110	0.00021
Bradymonas	1779136	G	2448	1144	3592	0.00011
Desulfarculus	453229	G	2705	1127	3832	0.00011
Syntrophobacter	29526	G	1216	366	1582	0.00005
Desulfoglaeba	361106	G	1084	41	1125	0.00003
Syntrophus	43773	G	426	14	440	0.00001
Desulfobacca	60892	G	418	6	424	0.00001
Desulfomonile	2357	G	380	2	382	0.00001
Dissulfurimicrobium	1769732	G	249	8	257	0.00001
Candidatus_Desulfofervidus	1902583	G	68	0	68	0.00000
Hippea	84404	G	64	1	65	0.00000
Campylobacter	194	G	2643	271	2914	0.00009
Helicobacter	209	G	1413	413	1826	0.00005
Wolinella	843	G	73	3	76	0.00000
Sulfurimonas	202746	G	1374	67	1441	0.00004
Sulfuricurvum	286130	G	123	5	128	0.00000
Aliarcobacter	2321111	G	368	74	442	0.00001
Arcobacter	28196	G	223	191	414	0.00001
Malaciobacter	2321114	G	174	21	195	0.00001
Halarcobacter	2321115	G	96	6	102	0.00000
Poseidonibacter	2321187	G	55	54	109	0.00000
Pseudoarcobacter	2321113	G	41	7	48	0.00000
Sulfurovum	265570	G	499	35	534	0.00002
Nitratifractor	269260	G	414	21	435	0.00001
Sulfurospirillum	57665	G	540	13	553	0.00002
Hydrogenimonas	223785	G	435	22	457	0.00001
Nitratiruptor	269258	G	228	35	263	0.00001
Nitrosophilus	2795692	G	97	25	122	0.00000
Caminibacter	191301	G	126	20	146	0.00000
Nautilia	191291	G	93	8	101	0.00000
Bdellovibrio	958	G	4037	240	4277	0.00013
Pseudobdellovibrio	2862745	G	494	30	524	0.00002
Halobacteriovorax	1652133	G	241	39	280	0.00001
Bacteriovorax	146784	G	240	31	271	0.00001
Silvanigrella	2024975	G	122	21	143	0.00000
Fluviispira	2698753	G	107	18	125	0.00000
Acidithiobacillus	119977	G	5055	316	5371	0.00016
Hydrogenophilus	70774	G	1354	129	1483	0.00004
Mariprofundus	377315	G	931	14	945	0.00003
Streptomyces	1883	G	1831196	294513	2125709	0.06326
Kitasatospora	2063	G	18120	4243	22363	0.00067
Streptacidiphilus	228398	G	12201	2269	14470	0.00043
Yinghuangia	2805681	G	5869	629	6498	0.00019
Microbacterium	33882	G	484524	67289	551813	0.01642
Agromyces	33877	G	118102	22952	141054	0.00420
Protaetiibacter	2680004	G	95971	24057	120028	0.00357
Curtobacterium	2034	G	41480	6475	47955	0.00143
Leifsonia	110932	G	39655	37102	76757	0.00228
Rathayibacter	33886	G	39586	6904	46490	0.00138
Leucobacter	55968	G	31637	4164	35801	0.00107
Agrococcus	46352	G	30641	6601	37242	0.00111
Salinibacterium	235888	G	30478	4571	35049	0.00104
Clavibacter	1573	G	29224	17282	46506	0.00138
Microcella	337004	G	17415	4967	22382	0.00067
Cryobacterium	69578	G	12466	1383	13849	0.00041
Chryseoglobus	1331730	G	10291	1644	11935	0.00036
Frondihabitans	447237	G	10185	1326	11511	0.00034
Microterricola	518733	G	9824	2018	11842	0.00035
Plantibacter	190323	G	8576	837	9413	0.00028
Herbiconiux	881616	G	8097	1367	9464	0.00028
Cnuibacter	1759331	G	6756	1244	8000	0.00024
Amnibacterium	1029631	G	6580	1308	7888	0.00023
Subtercola	120212	G	6355	401	6756	0.00020
Frigoribacterium	96492	G	6175	1534	7709	0.00023
Mycetocola	76634	G	6052	565	6617	0.00020
Marisediminicola	1230698	G	5752	584	6336	0.00019
Diaminobutyricimonas	1433997	G	5613	868	6481	0.00019
Glaciihabitans	1649454	G	5368	352	5720	0.00017
Gryllotalpicola	1195526	G	5336	838	6174	0.00018
Humibacter	427753	G	5274	951	6225	0.00019
Agreia	110934	G	3297	326	3623	0.00011
Gulosibacter	256818	G	3014	687	3701	0.00011
Rhodoluna	529883	G	508	18	526	0.00002
Aquiluna	529881	G	384	14	398	0.00001
Aurantimicrobium	1705353	G	706	26	732	0.00002
Pseudoclavibacter	255204	G	705	96	801	0.00002
Pontimonas	1434032	G	409	13	422	0.00001
Arthrobacter	1663	G	66502	9371	75873	0.00226
Paenarthrobacter	1742992	G	25090	10102	35192	0.00105
Kocuria	57493	G	21147	4606	25753	0.00077
Pseudarthrobacter	1742993	G	11434	2743	14177	0.00042
Micrococcus	1269	G	8593	4041	12634	0.00038
Glutamicibacter	1742989	G	6666	1338	8004	0.00024
Sinomonas	596707	G	6194	1158	7352	0.00022
Rothia	32207	G	4856	1386	6242	0.00019
Citricoccus	169133	G	3153	616	3769	0.00011
Nesterenkonia	57494	G	1168	51	1219	0.00004
Paeniglutamicibacter	1742990	G	699	71	770	0.00002
Neomicrococcus	1868332	G	477	112	589	0.00002
Psychromicrobium	2078575	G	476	36	512	0.00002
Auritidibacter	1160973	G	448	33	481	0.00001
Renibacterium	1645	G	322	12	334	0.00001
Cellulomonas	1707	G	69760	17943	87703	0.00261
Actinotalea	458839	G	4952	1436	6388	0.00019
Oerskovia	162491	G	3966	997	4963	0.00015
Pseudactinotalea	1926259	G	3466	379	3845	0.00011
Paraoerskovia	665568	G	2574	515	3089	0.00009
Cellulosimicrobium	157920	G	52802	18117	70919	0.00211
Xylanimonas	186188	G	11062	2625	13687	0.00041
Isoptericola	254250	G	9370	3200	12570	0.00037
Brevibacterium	1696	G	60755	7521	68276	0.00203
Brachybacterium	43668	G	38894	4525	43419	0.00129
Dermabacter	36739	G	1726	711	2437	0.00007
Devriesea	472568	G	396	15	411	0.00001
Janibacter	53457	G	12275	2820	15095	0.00045
Phycicoccus	367298	G	9740	2135	11875	0.00035
Intrasporangium	53357	G	4618	902	5520	0.00016
Pedococcus	2805645	G	3939	901	4840	0.00014
Arsenicicoccus	267408	G	3906	1130	5036	0.00015
Tetrasphaera	99479	G	3064	617	3681	0.00011
Ornithinimicrobium	125287	G	16535	2667	19202	0.00057
Serinicoccus	265976	G	12142	2558	14700	0.00044
Georgenia	154116	G	22263	4815	27078	0.00081
Ruania	626119	G	15262	1316	16578	0.00049
Dermacoccus	57495	G	4734	1244	5978	0.00018
Luteipulveratus	745364	G	2976	308	3284	0.00010
Allobranchiibius	2040262	G	2601	424	3025	0.00009
Yimella	908935	G	1802	263	2065	0.00006
Beutenbergia	84756	G	5433	687	6120	0.00018
Miniimonas	947525	G	3921	1591	5512	0.00016
Pengzhenrongella	2888818	G	4829	1012	5841	0.00017
Luteimicrobium	754249	G	4239	1000	5239	0.00016
Sanguibacter	60919	G	6809	1533	8342	0.00025
Kytococcus	57499	G	2798	1636	4434	0.00013
Gephyromycinifex	2885697	G	1338	110	1448	0.00004
Austwickia	1184606	G	1035	56	1091	0.00003
Dermatophilus	1862	G	361	22	383	0.00001
Demequina	577469	G	1545	89	1634	0.00005
Jonesia	43673	G	195	24	219	0.00001
Tropheryma	2038	G	83	0	83	0.00000
Mycolicibacterium	1866885	G	278237	31564	309801	0.00922
Mycobacterium	1763	G	202878	46743	249621	0.00743
Mycolicibacter	1073531	G	24302	18423	42725	0.00127
Mycobacteroides	670516	G	9709	1412	11121	0.00033
Mycolicibacillus	2126281	G	2696	403	3099	0.00009
Hoyosella	697025	G	948	32	980	0.00003
Rhodococcus	1827	G	126731	29406	156137	0.00465
Nocardia	1817	G	84578	11183	95761	0.00285
Corynebacterium	1716	G	67510	9821	77331	0.00230
Gordonia	2053	G	44357	7269	51626	0.00154
Skermania	59613	G	2075	172	2247	0.00007
Tsukamurella	2060	G	13889	2567	16456	0.00049
Dietzia	37914	G	9321	1601	10922	0.00033
Tomitella	741759	G	4946	714	5660	0.00017
Segniliparus	286801	G	1200	46	1246	0.00004
Lawsonella	1847725	G	209	15	224	0.00001
Micromonospora	1873	G	525120	100353	625473	0.01861
Actinoplanes	1865	G	94316	9666	103982	0.00309
Plantactinospora	673534	G	78868	8515	87383	0.00260
Phytohabitans	907364	G	23190	1970	25160	0.00075
Couchioplanes	56433	G	18171	2754	20925	0.00062
Actinocatenispora	390988	G	11907	1026	12933	0.00038
Catellatospora	53365	G	11860	1710	13570	0.00040
Dactylosporangium	35753	G	11819	876	12695	0.00038
Polymorphospora	338583	G	9309	1234	10543	0.00031
Verrucosispora	84593	G	6082	2232	8314	0.00025
Natronosporangium	2920401	G	4475	204	4679	0.00014
Salinispora	168694	G	4149	390	4539	0.00014
Nocardioides	1839	G	602683	97641	700324	0.02084
Aeromicrobium	2040	G	33217	4849	38066	0.00113
Marmoricola	86795	G	7933	2453	10386	0.00031
Pimelobacter	2044	G	7765	2499	10264	0.00031
Friedmanniella	53387	G	4925	770	5695	0.00017
Mumia	1546255	G	4690	627	5317	0.00016
Micropruina	116071	G	2606	286	2892	0.00009
Tessaracoccus	72763	G	17295	4224	21519	0.00064
Microlunatus	29404	G	15884	1403	17287	0.00051
Brevilactibacter	2717325	G	6867	2036	8903	0.00026
Propionibacterium	1743	G	6234	1877	8111	0.00024
Acidipropionibacterium	1912215	G	5647	1649	7296	0.00022
Cutibacterium	1912216	G	4121	627	4748	0.00014
Auraticoccus	1278221	G	3897	530	4427	0.00013
Arachnia	2801844	G	2618	136	2754	0.00008
Raineyella	1911549	G	2268	217	2485	0.00007
Vaginimicrobium	2919589	G	101	26	127	0.00000
Kribbella	182639	G	11452	1299	12751	0.00038
Actinopolymorpha	117156	G	5855	489	6344	0.00019
Amycolatopsis	1813	G	112196	16748	128944	0.00384
Pseudonocardia	1847	G	83018	11309	94327	0.00281
Saccharomonospora	1851	G	56493	9057	65550	0.00195
Saccharopolyspora	1835	G	36398	6100	42498	0.00126
Saccharothrix	2071	G	21094	4662	25756	0.00077
Kutzneria	43356	G	12553	2002	14555	0.00043
Actinoalloteichus	65496	G	9807	701	10508	0.00031
Actinosynnema	40566	G	8176	1931	10107	0.00030
Lentzea	165301	G	6157	1004	7161	0.00021
Kibdelosporangium	2029	G	5594	525	6119	0.00018
Allosaccharopolyspora	2893576	G	5501	931	6432	0.00019
Allokutzneria	1137960	G	5454	1003	6457	0.00019
Alloactinosynnema	674734	G	4659	797	5456	0.00016
Prauserella	142577	G	3302	234	3536	0.00011
Nonomuraea	83681	G	115624	14994	130618	0.00389
Streptosporangium	2000	G	27523	4096	31619	0.00094
Thermobispora	147067	G	8825	1600	10425	0.00031
Actinomadura	1988	G	92049	12959	105008	0.00313
Thermomonospora	2019	G	11641	2591	14232	0.00042
Nocardiopsis	2013	G	38441	5545	43986	0.00131
Thermobifida	83677	G	8771	1300	10071	0.00030
Streptomonospora	104204	G	4477	630	5107	0.00015
Spiractinospora	2913367	G	2872	138	3010	0.00009
Blastococcus	38501	G	32656	7328	39984	0.00119
Modestobacter	88138	G	19567	4609	24176	0.00072
Geodermatophilus	1860	G	16276	4250	20526	0.00061
Actinomyces	1654	G	26340	2550	28890	0.00086
Schaalia	2529408	G	3601	467	4068	0.00012
Flaviflexus	1522056	G	2439	382	2821	0.00008
Trueperella	1069494	G	1725	365	2090	0.00006
Pauljensenia	2740557	G	893	256	1149	0.00003
Nanchangia	2888879	G	756	56	812	0.00002
Actinobaculum	76833	G	391	17	408	0.00001
Actinotignum	1653174	G	342	15	357	0.00001
Arcanobacterium	28263	G	310	56	366	0.00001
Changpingibacter	2912996	G	277	59	336	0.00001
Mobiluncus	2050	G	153	28	181	0.00001
Varibaculum	184869	G	116	23	139	0.00000
Boudabousia	2767318	G	75	3	78	0.00000
Fannyhessea	2767327	G	36	6	42	0.00000
Frankia	1854	G	27138	1843	28981	0.00086
Jiangella	281472	G	17239	2177	19416	0.00058
Bifidobacterium	1678	G	14880	3097	17977	0.00054
Parascardovia	196082	G	241	24	265	0.00001
Gardnerella	2701	G	147	29	176	0.00001
Scardovia	196081	G	68	14	82	0.00000
Nakamurella	53460	G	9562	870	10432	0.00031
Catenulispora	414878	G	6218	644	6862	0.00020
Actinopolyspora	1849	G	5555	398	5953	0.00018
Stackebrandtia	283810	G	3994	258	4252	0.00013
Natronoglycomyces	2838311	G	754	17	771	0.00002
Jatrophihabitans	1434010	G	4509	274	4783	0.00014
Kineococcus	33981	G	4178	816	4994	0.00015
Epidermidibacterium	2078948	G	2704	972	3676	0.00011
Acidothermus	28048	G	1350	42	1392	0.00004
Candidatus_Planktophila	622681	G	470	63	533	0.00002
Candidatus_Nanopelagicus	2039639	G	128	29	157	0.00000
Aquihabitans	1648491	G	62768	7699	70467	0.00210
Actinomarinicola	2789775	G	32399	4887	37286	0.00111
Iamia	467975	G	30174	3743	33917	0.00101
Ilumatobacter	682522	G	7675	316	7991	0.00024
Acidimicrobium	53634	G	1702	86	1788	0.00005
Conexibacter	191494	G	55398	5311	60709	0.00181
Miltoncostaea	2843200	G	41422	3496	44918	0.00134
Baekduia	2600304	G	17367	1948	19315	0.00057
Rubrobacter	42255	G	17075	424	17499	0.00052
Eggerthella	84111	G	3149	877	4026	0.00012
Gordonibacter	644652	G	1774	655	2429	0.00007
Adlercreutzia	447020	G	1385	277	1662	0.00005
Arabiibacter	2005386	G	1357	223	1580	0.00005
Raoultibacter	1926677	G	727	42	769	0.00002
Berryella	2815775	G	647	507	1154	0.00003
Slackia	84108	G	632	12	644	0.00002
Denitrobacterium	79603	G	374	106	480	0.00001
Cryptobacterium	84162	G	87	5	92	0.00000
Phoenicibacter	1981050	G	66	18	84	0.00000
Olsenella	133925	G	2270	294	2564	0.00008
Parolsenella	2082587	G	1592	414	2006	0.00006
Thermophilibacter	2847307	G	807	205	1012	0.00003
Parafannyhessea	2847312	G	798	315	1113	0.00003
Atopobium	1380	G	163	12	175	0.00001
Lancefieldella	2767353	G	49	3	52	0.00000
Collinsella	102106	G	2182	433	2615	0.00008
Coriobacterium	33870	G	389	8	397	0.00001
Egicoccus	1755825	G	4674	503	5177	0.00015
Euzebya	908623	G	4547	269	4816	0.00014
Egibacter	1747770	G	4042	168	4210	0.00013
Priestia	2800373	G	290372	130634	421006	0.01253
Bacillus	1386	G	129231	186236	315467	0.00939
Cytobacillus	2675230	G	91434	21697	113131	0.00337
Mesobacillus	2675231	G	77293	11995	89288	0.00266
Metabacillus	2675233	G	49729	9791	59520	0.00177
Halobacillus	45667	G	27492	1801	29293	0.00087
Lysinibacillus	400634	G	23606	4972	28578	0.00085
Virgibacillus	84406	G	22291	1800	24091	0.00072
Terribacillus	459532	G	15498	1293	16791	0.00050
Peribacillus	2675229	G	10103	2446	12549	0.00037
Oceanobacillus	182709	G	7661	584	8245	0.00025
Niallia	2837506	G	7173	1040	8213	0.00024
Gracilibacillus	74385	G	6812	374	7186	0.00021
Alkalihalobacillus	2675234	G	6150	727	6877	0.00020
Neobacillus	2675232	G	5877	1209	7086	0.00021
Anoxybacillus	150247	G	5782	886	6668	0.00020
Heyndrickxia	2837504	G	5763	1104	6867	0.00020
Geobacillus	129337	G	5229	988	6217	0.00019
Lentibacillus	175304	G	4325	158	4483	0.00013
Sutcliffiella	2837511	G	4118	767	4885	0.00015
Rossellomorea	2837508	G	4071	827	4898	0.00015
Parageobacillus	1906945	G	3067	497	3564	0.00011
Radiobacillus	2785518	G	2714	259	2973	0.00009
Psychrobacillus	1221880	G	2454	720	3174	0.00009
Salicibibacter	2685905	G	2313	65	2378	0.00007
Pontibacillus	289201	G	2054	149	2203	0.00007
Lederbergia	2804231	G	1982	273	2255	0.00007
Hydrogenibacillus	1609627	G	1782	158	1940	0.00006
Amphibacillus	29331	G	1773	197	1970	0.00006
Fictibacillus	1329200	G	1713	135	1848	0.00006
Weizmannia	2817139	G	1568	343	1911	0.00006
Gottfriedia	2837503	G	1381	220	1601	0.00005
Anaerobacillus	704093	G	1305	173	1478	0.00004
Sediminibacillus	482460	G	1259	121	1380	0.00004
Caldibacillus	1276290	G	1231	279	1510	0.00004
Paraliobacillus	200903	G	1219	117	1336	0.00004
Pradoshia	2651279	G	1077	175	1252	0.00004
Alkalihalophilus	2893060	G	983	102	1085	0.00003
Mangrovibacillus	2920444	G	945	275	1220	0.00004
Evansella	2837485	G	944	82	1026	0.00003
Salisediminibacterium	1434042	G	855	66	921	0.00003
Halalkalibacterium	2893055	G	832	308	1140	0.00003
Aeribacillus	1055323	G	797	293	1090	0.00003
Salimicrobium	351195	G	655	59	714	0.00002
Caldalkalibacillus	379065	G	401	44	445	0.00001
Paenibacillus	44249	G	113435	7297	120732	0.00359
Brevibacillus	55080	G	29233	3417	32650	0.00097
Cohnella	329857	G	7616	959	8575	0.00026
Thermobacillus	76632	G	3135	324	3459	0.00010
Aneurinibacillus	55079	G	1710	218	1928	0.00006
Saccharibacillus	456492	G	1700	129	1829	0.00005
Planococcus	1372	G	6967	1119	8086	0.00024
Sporosarcina	1569	G	6285	924	7209	0.00021
Solibacillus	648800	G	2404	654	3058	0.00009
Ureibacillus	160795	G	1386	871	2257	0.00007
Paenisporosarcina	651660	G	1209	316	1525	0.00005
Kurthia	1649	G	896	277	1173	0.00003
Jeotgalibacillus	157226	G	769	152	921	0.00003
Viridibacillus	496496	G	731	195	926	0.00003
Rummeliibacillus	648802	G	502	180	682	0.00002
Staphylococcus	1279	G	13001	22508	35509	0.00106
Mammaliicoccus	2803850	G	2500	853	3353	0.00010
Macrococcus	69965	G	1362	284	1646	0.00005
Salinicoccus	45669	G	1036	190	1226	0.00004
Jeotgalicoccus	227979	G	1011	95	1106	0.00003
Nosocomiicoccus	489909	G	462	48	510	0.00002
Abyssicoccus	1955413	G	221	54	275	0.00001
Tumebacillus	432330	G	5110	975	6085	0.00018
Alicyclobacillus	29330	G	3101	133	3234	0.00010
Kyrpidia	1129704	G	878	24	902	0.00003
Effusibacillus	1502725	G	404	34	438	0.00001
Listeria	1637	G	5589	6081	11670	0.00035
Brochothrix	2755	G	193	40	233	0.00001
Thermoactinomyces	2023	G	2025	244	2269	0.00007
Kroppenstedtia	1274351	G	1186	60	1246	0.00004
Staphylospora	2689589	G	651	62	713	0.00002
Novibacillus	1677050	G	640	51	691	0.00002
Polycladomyces	1348505	G	453	26	479	0.00001
Laceyella	292635	G	380	52	432	0.00001
Exiguobacterium	33986	G	2722	430	3152	0.00009
Gemella	1378	G	432	79	511	0.00002
Sporolactobacillus	2077	G	347	27	374	0.00001
Lactobacillus	1578	G	2165	808	2973	0.00009
Limosilactobacillus	2742598	G	1241	554	1795	0.00005
Weissella	46255	G	1218	190	1408	0.00004
Lacticaseibacillus	2759736	G	814	159	973	0.00003
Ligilactobacillus	2767887	G	721	256	977	0.00003
Leuconostoc	1243	G	518	69	587	0.00002
Levilactobacillus	2767886	G	509	111	620	0.00002
Lactiplantibacillus	2767842	G	478	133	611	0.00002
Companilactobacillus	2767879	G	455	39	494	0.00001
Pediococcus	1253	G	360	114	474	0.00001
Lentilactobacillus	2767893	G	345	72	417	0.00001
Latilactobacillus	2767885	G	317	77	394	0.00001
Schleiferilactobacillus	2767891	G	277	18	295	0.00001
Loigolactobacillus	2767889	G	267	120	387	0.00001
Liquorilactobacillus	2767888	G	235	81	316	0.00001
Oenococcus	46254	G	223	8	231	0.00001
Paucilactobacillus	2767890	G	163	50	213	0.00001
Fructilactobacillus	2767881	G	140	29	169	0.00001
Secundilactobacillus	2767892	G	138	38	176	0.00001
Apilactobacillus	2767877	G	108	10	118	0.00000
Furfurilactobacillus	2767882	G	103	13	116	0.00000
Amylolactobacillus	2767876	G	68	40	108	0.00000
Lapidilactobacillus	2767884	G	65	9	74	0.00000
Periweissella	2930384	G	60	4	64	0.00000
Bombilactobacillus	2767878	G	55	4	59	0.00000
Acetilactobacillus	2767874	G	37	0	37	0.00000
Enterococcus	1350	G	3948	8156	12104	0.00036
Vagococcus	2737	G	1052	387	1439	0.00004
Tetragenococcus	51668	G	311	60	371	0.00001
Melissococcus	33969	G	106	27	133	0.00000
Streptococcus	1301	G	4375	1883	6258	0.00019
Lactococcus	1357	G	771	357	1128	0.00003
Floricoccus	1930830	G	69	9	78	0.00000
Jeotgalibaca	1470540	G	1586	684	2270	0.00007
Carnobacterium	2747	G	851	164	1015	0.00003
Granulicatella	117563	G	168	157	325	0.00001
Dolosigranulum	29393	G	162	27	189	0.00001
Marinilactibacillus	191769	G	160	43	203	0.00001
Aerococcus	1375	G	794	257	1051	0.00003
Ignavigranum	89092	G	81	7	88	0.00000
Abiotrophia	46123	G	77	12	89	0.00000
Suicoccus	2689587	G	65	25	90	0.00000
Clostridium	1485	G	10327	1109	11436	0.00034
Alkaliphilus	114627	G	1427	129	1556	0.00005
Crassaminicella	1848399	G	346	38	384	0.00001
Hungatella	1649459	G	266	6	272	0.00001
Geosporobacter	390805	G	203	16	219	0.00001
Paraclostridium	1849822	G	119	27	146	0.00000
Serpentinicella	1890059	G	107	9	116	0.00000
Caloramator	44258	G	105	5	110	0.00000
Candidatus_Arthromitus	49082	G	74	4	78	0.00000
Hathewaya	1769729	G	69	10	79	0.00000
Sarcina	1266	G	66	13	79	0.00000
Faecalibacterium	216851	G	2437	1131	3568	0.00011
Dysosmobacter	2591381	G	1250	439	1689	0.00005
Flavonifractor	946234	G	1185	243	1428	0.00004
Ruminiclostridium	1508657	G	843	156	999	0.00003
Vescimonas	2892396	G	657	514	1171	0.00003
Ethanoligenens	253238	G	620	25	645	0.00002
Ruthenibacterium	1905344	G	598	130	728	0.00002
Anaerotruncus	244127	G	504	219	723	0.00002
Caproiciproducens	1738645	G	489	43	532	0.00002
Oscillibacter	459786	G	386	92	478	0.00001
Ruminococcus	1263	G	377	12	389	0.00001
Caproicibacter	2576755	G	329	15	344	0.00001
Acutalibacter	1918385	G	322	14	336	0.00001
Acetivibrio	35829	G	296	100	396	0.00001
Caproicibacterium	2834348	G	279	15	294	0.00001
Pusillibacter	2892397	G	259	120	379	0.00001
Solibaculum	2842531	G	187	124	311	0.00001
Pseudoclostridium	2304693	G	126	20	146	0.00000
Thermoclostridium	2304691	G	82	37	119	0.00000
Monoglobus	2039302	G	66	21	87	0.00000
Fastidiosipila	236752	G	52	22	74	0.00000
Mageeibacillus	1637257	G	51	34	85	0.00000
Anaerocolumna	1843210	G	2210	55	2265	0.00007
Lacrimispora	2719231	G	2019	85	2104	0.00006
Blautia	572511	G	993	333	1326	0.00004
Lachnoclostridium	1506553	G	895	1103	1998	0.00006
Roseburia	841	G	389	253	642	0.00002
Anaerostipes	207244	G	318	88	406	0.00001
Enterocloster	2719313	G	274	183	457	0.00001
Coprococcus	33042	G	266	147	413	0.00001
Butyrivibrio	830	G	224	15	239	0.00001
Mediterraneibacter	2316020	G	206	131	337	0.00001
Cellulosilyticum	698776	G	188	8	196	0.00001
Novisyntrophococcus	2888809	G	170	17	187	0.00001
Anaerobutyricum	2569097	G	167	52	219	0.00001
Anaerotignum	2039240	G	163	9	172	0.00001
Herbinix	1663717	G	117	49	166	0.00000
Sellimonas	1769710	G	71	24	95	0.00000
Tyzzerella	1506577	G	67	3	70	0.00000
Pseudobutyrivibrio	46205	G	66	2	68	0.00000
Lachnospira	28050	G	63	8	71	0.00000
Dorea	189330	G	58	52	110	0.00000
Lachnoanaerobaculum	1164882	G	55	7	62	0.00000
Faecalicatena	2005359	G	52	22	74	0.00000
Thermaerobacter	73918	G	6655	267	6922	0.00021
Aminipila	2060094	G	351	15	366	0.00001
Emergencia	1926556	G	262	54	316	0.00001
Mogibacterium	86331	G	68	8	76	0.00000
Intestinimonas	1392389	G	593	141	734	0.00002
Flintibacter	1918454	G	438	47	485	0.00001
Massilistercora	2717089	G	214	162	376	0.00001
Carboxydocella	178898	G	213	11	224	0.00001
Fenollaria	1686313	G	63	32	95	0.00000
Symbiobacterium	2733	G	4031	181	4212	0.00013
Candidatus_Desulforudis	471826	G	772	22	794	0.00002
Desulforamulus	2916693	G	664	122	786	0.00002
Acididesulfobacillus	2924872	G	313	7	320	0.00001
Candidatus_Formimonas	2840454	G	265	10	275	0.00001
Dehalobacterium	51514	G	181	26	207	0.00001
Thermanaerosceptrum	2651578	G	122	11	133	0.00000
Desulfofarcimen	2282742	G	119	7	126	0.00000
Desulfitobacterium	36853	G	675	95	770	0.00002
Desulfosporosinus	79206	G	631	44	675	0.00002
Dehalobacter	56112	G	215	53	268	0.00001
Syntrophobotulus	51196	G	169	7	176	0.00001
Romboutsia	1501226	G	550	128	678	0.00002
Clostridioides	1870884	G	351	445	796	0.00002
Peptoclostridium	1481960	G	149	16	165	0.00000
Terrisporobacter	1505652	G	138	13	151	0.00000
Paeniclostridium	1849828	G	127	22	149	0.00000
Tepidibacter	214904	G	92	10	102	0.00000
Acetoanaerobium	186831	G	76	4	80	0.00000
Peptacetobacter	2743582	G	55	9	64	0.00000
Filifactor	44259	G	41	34	75	0.00000
Eubacterium	1730	G	734	187	921	0.00003
Acetobacterium	33951	G	361	35	396	0.00001
Alkalibacter	274470	G	132	5	137	0.00000
Christensenella	990721	G	1139	276	1415	0.00004
Heliomicrobium	2831443	G	904	297	1201	0.00004
Heliorestis	79598	G	152	5	157	0.00000
Syntrophothermus	129001	G	168	11	179	0.00001
Candidatus_Contubernalis	338648	G	146	3	149	0.00000
Syntrophomonas	862	G	94	15	109	0.00000
Candidatus_Syntrophocurvum	2293313	G	85	17	102	0.00000
Desulfotomaculum	1562	G	444	155	599	0.00002
Desulfoscipio	2867376	G	309	14	323	0.00001
Vallitalea	1348611	G	183	4	187	0.00001
Petrocella	2603323	G	94	8	102	0.00000
Thermincola	278993	G	163	11	174	0.00001
Caloranaerobacter	171003	G	133	10	143	0.00000
Alkalicella	2838170	G	107	7	114	0.00000
Moorella	44260	G	1300	23	1323	0.00004
Ammonifex	42837	G	409	7	416	0.00001
Gelria	189326	G	1052	39	1091	0.00003
Thermacetogenium	140458	G	437	246	683	0.00002
Thermoanaerobacter	1754	G	276	49	325	0.00001
Carboxydothermus	129957	G	156	6	162	0.00000
Thermanaeromonas	202949	G	139	2	141	0.00000
Caldanaerobacter	249529	G	98	52	150	0.00000
Caldicellulosiruptor	44000	G	331	25	356	0.00001
Thermoanaerobacterium	28895	G	248	42	290	0.00001
Zhaonella	2748674	G	189	16	205	0.00001
Mahella	252965	G	123	34	157	0.00000
Thermodesulfobium	227388	G	82	0	82	0.00000
Halanaerobium	2330	G	171	10	181	0.00001
Iocasia	2899804	G	147	7	154	0.00000
Halothermothrix	32636	G	128	11	139	0.00000
Halobacteroides	42417	G	117	9	126	0.00000
Acetohalobium	28186	G	72	4	76	0.00000
Anoxybacter	1769008	G	122	10	132	0.00000
Biomaibacter	2770094	G	179	11	190	0.00001
Tepidanaerobacter	499228	G	98	4	102	0.00000
Thermosediminibacter	291988	G	184	7	191	0.00001
Natranaerobius	375928	G	105	3	108	0.00000
Natranaerofaba	2807497	G	91	1	92	0.00000
Koleobacter	2786989	G	121	7	128	0.00000
Selenomonas	970	G	3566	106	3672	0.00011
Megamonas	158846	G	163	9	172	0.00001
Pectinatus	864	G	76	2	78	0.00000
Pelosinus	365348	G	347	22	369	0.00001
Sporomusa	2375	G	336	24	360	0.00001
Methylomusa	2093783	G	254	10	264	0.00001
Megasphaera	906	G	1127	224	1351	0.00004
Veillonella	29465	G	346	25	371	0.00001
Dialister	39948	G	197	5	202	0.00001
Acidaminococcus	904	G	454	34	488	0.00001
Phascolarctobacterium	33024	G	357	63	420	0.00001
Limnochorda	1676651	G	2617	53	2670	0.00008
Schnuerera	2794837	G	422	36	458	0.00001
Tissierella	41273	G	213	27	240	0.00001
Keratinibaculum	1354809	G	140	29	169	0.00001
Gudongella	2692382	G	129	16	145	0.00000
Peptoniphilus	162289	G	295	69	364	0.00001
Anaerococcus	165779	G	150	78	228	0.00001
Murdochiella	1161127	G	132	83	215	0.00001
Finegoldia	150022	G	99	62	161	0.00000
Parvimonas	543311	G	88	79	167	0.00000
Miniphocaeibacter	2126548	G	50	1	51	0.00000
Helcococcus	31983	G	40	11	51	0.00000
Gottschalkia	1505664	G	364	21	385	0.00001
Ezakiella	1582879	G	173	186	359	0.00001
Sedimentibacter	190972	G	68	4	72	0.00000
Erysipelothrix	1647	G	423	78	501	0.00001
Erysipelatoclostridium	1505663	G	252	101	353	0.00001
Allobaculum	174708	G	247	12	259	0.00001
Faecalibaculum	1729679	G	189	14	203	0.00001
Faecalibacillus	2678885	G	87	42	129	0.00000
Bulleidia	118747	G	68	13	81	0.00000
Intestinibaculum	2679910	G	61	74	135	0.00000
Amedibacterium	2749267	G	58	54	112	0.00000
Longicatena	1918536	G	49	39	88	0.00000
Faecalitalea	1573534	G	44	53	97	0.00000
Turicibacter	191303	G	786	252	1038	0.00003
Ndongobacter	1930845	G	113	135	248	0.00001
Deinococcus	1298	G	35551	1175	36726	0.00109
Thermus	270	G	6189	355	6544	0.00019
Meiothermus	65551	G	3262	146	3408	0.00010
Oceanithermus	208447	G	3179	244	3423	0.00010
Marinithermus	186191	G	1778	300	2078	0.00006
Truepera	332248	G	4332	186	4518	0.00013
Synechococcus	1129	G	17053	1655	18708	0.00056
Dactylococcopsis	13034	G	69	33	102	0.00000
Cyanobium	167375	G	3294	755	4049	0.00012
Prochlorococcus	1218	G	480	24	504	0.00002
Parasynechococcus	2881427	G	270	87	357	0.00001
Acaryochloris	155977	G	450	12	462	0.00001
Synechocystis	1142	G	331	15	346	0.00001
Chamaesiphon	217161	G	242	16	258	0.00001
Nostoc	1177	G	3150	348	3498	0.00010
Anabaena	1163	G	260	1047	1307	0.00004
Cylindrospermum	56106	G	156	17	173	0.00001
Richelia	98443	G	78	9	87	0.00000
Trichormus	264688	G	61	13	74	0.00000
Calothrix	1186	G	1593	161	1754	0.00005
Sphaerospermopsis	752201	G	409	70	479	0.00001
Nodularia	159191	G	254	47	301	0.00001
Dolichospermum	748770	G	165	535	700	0.00002
Anabaenopsis	110103	G	141	59	200	0.00001
Cylindrospermopsis	77021	G	77	5	82	0.00000
Scytonema	1203	G	506	59	565	0.00002
Brasilonema	383614	G	157	14	171	0.00001
Fischerella	1190	G	347	51	398	0.00001
Tolypothrix	111782	G	304	68	372	0.00001
Rivularia	373984	G	151	9	160	0.00000
Leptolyngbya	47251	G	3312	166	3478	0.00010
Kovacikia	1874526	G	428	50	478	0.00001
Leptothermofonsia	2917830	G	331	34	365	0.00001
Leptodesmis	2664261	G	256	32	288	0.00001
Thermoleptolyngbya	2303528	G	626	34	660	0.00002
Thermosynechococcus	146785	G	541	54	595	0.00002
Halomicronema	170610	G	455	20	475	0.00001
Pseudanabaena	1152	G	306	15	321	0.00001
Moorena	1155738	G	606	17	623	0.00002
Oscillatoria	1158	G	435	151	586	0.00002
Geitlerinema	63132	G	847	146	993	0.00003
Allocoleopsis	2886347	G	181	23	204	0.00001
Oxynema	1492710	G	420	41	461	0.00001
Microcoleus	44471	G	286	118	404	0.00001
Planktothrix	54304	G	221	12	233	0.00001
Koinonema	2023214	G	325	21	346	0.00001
Crinalium	241421	G	185	28	213	0.00001
Limnospira	2596745	G	124	8	132	0.00000
Halothece	76023	G	176	72	248	0.00001
Euhalothece	65097	G	63	10	73	0.00000
Gloeothece	28070	G	200	16	216	0.00001
Crocosphaera	263510	G	96	12	108	0.00000
Rippkaea	2546365	G	96	14	110	0.00000
Candidatus_Atelocyanobacterium	1453359	G	49	13	62	0.00000
Microcystis	1125	G	615	215	830	0.00002
Geminocystis	669357	G	273	46	319	0.00001
Chondrocystis	268175	G	104	20	124	0.00000
Gloeocapsa	102231	G	99	13	112	0.00000
Cyanobacterium	102234	G	104	42	146	0.00000
Gloeobacter	33071	G	4012	99	4111	0.00012
Anthocerotibacter	2857076	G	350	14	364	0.00001
Chroococcidiopsis	54298	G	559	99	658	0.00002
Pleurocapsa	44474	G	208	28	236	0.00001
Stanieria	102115	G	191	24	215	0.00001
Gloeomargarita	1188227	G	172	7	179	0.00001
Thermostichus	2881385	G	112	95	207	0.00001
Sphaerobacter	2056	G	7515	478	7993	0.00024
Thermomicrobium	499	G	1764	47	1811	0.00005
Roseiflexus	120961	G	4044	234	4278	0.00013
Chloroflexus	1107	G	1742	76	1818	0.00005
Tepidiforma	2682228	G	5693	149	5842	0.00017
Candidatus_Promineofilum	1988031	G	4744	57	4801	0.00014
Caldilinea	233191	G	2966	200	3166	0.00009
Pelolinea	1649478	G	782	38	820	0.00002
Anaerolinea	233189	G	727	79	806	0.00002
Brevefilum	2019482	G	317	12	329	0.00001
Dehalogenimonas	670486	G	1020	34	1054	0.00003
Dehalococcoides	61434	G	612	25	637	0.00002
Phototrophicus	2922426	G	911	9	920	0.00003
Ktedonosporobacter	2692417	G	879	28	907	0.00003
Thermobaculum	262406	G	799	76	875	0.00003
Fimbriimonas	1005038	G	2343	6	2349	0.00007
Chthonomonas	1077265	G	555	2	557	0.00002
Mycoplasma	2093	G	652	174	826	0.00002
Mycoplasmopsis	2767358	G	298	43	341	0.00001
Mesomycoplasma	2923352	G	139	7	146	0.00000
Ureaplasma	2129	G	58	3	61	0.00000
Candidatus_Hepatoplasma	295595	G	33	1	34	0.00000
Spiroplasma	2132	G	544	28	572	0.00002
Mesoplasma	46239	G	86	24	110	0.00000
Entomoplasma	46238	G	22	7	29	0.00000
Williamsoniiplasma	2919614	G	41	7	48	0.00000
Candidatus_Phytoplasma	33926	G	132	5	137	0.00000
Acholeplasma	2147	G	97	4	101	0.00000
Alteracholeplasma	2903105	G	70	4	74	0.00000
Paracholeplasma	2903107	G	44	7	51	0.00000
Mariniplasma	2903100	G	35	1	36	0.00000
Haploplasma	2903106	G	32	5	37	0.00000
Metamycoplasma	2895509	G	128	35	163	0.00000
Malacoplasma	2791001	G	59	0	59	0.00000
Candidatus_Izimaplasma	1912503	G	48	0	48	0.00000
Lacunisphaera	1961799	G	248417	16292	264709	0.00788
Opitutus	178440	G	214743	11769	226512	0.00674
Nibricoccus	2576890	G	55103	1079	56182	0.00167
Oleiharenicola	2100741	G	21697	537	22234	0.00066
Ereboglobus	2028344	G	15769	339	16108	0.00048
Ruficoccus	2175957	G	2756	184	2940	0.00009
Coraliomargarita	442430	G	643	8	651	0.00002
Luteolibacter	518753	G	50181	1077	51258	0.00153
Verrucomicrobium	2735	G	10035	416	10451	0.00031
Roseimicrobium	1348508	G	8626	218	8844	0.00026
Sulfuriroseicoccus	2911469	G	1569	128	1697	0.00005
Akkermansia	239934	G	3731	178	3909	0.00012
Methylacidimicrobium	1541670	G	1746	47	1793	0.00005
Methylacidiphilum	511745	G	375	5	380	0.00001
Candidatus_Xiphinematobacter	134550	G	236	5	241	0.00001
Lacipirellula	2691417	G	144499	7530	152029	0.00452
Botrimarina	2795782	G	23212	1566	24778	0.00074
Pirellulimonas	2795783	G	12648	986	13634	0.00041
Aeoliella	2795781	G	8371	483	8854	0.00026
Adhaeretor	2862451	G	3166	225	3391	0.00010
Bythopirellula	1400386	G	2856	144	3000	0.00009
Rosistilla	2795779	G	8379	678	9057	0.00027
Stieleria	2795973	G	8363	1068	9431	0.00028
Lignipirellula	2795775	G	8002	1063	9065	0.00027
Anatilimnocola	2807414	G	7976	1083	9059	0.00027
Bremerella	2714594	G	7372	625	7997	0.00024
Pirellula	123	G	6477	214	6691	0.00020
Roseimaritima	1579506	G	5698	415	6113	0.00018
Rubripirellula	1579505	G	2172	508	2680	0.00008
Mariniblastus	2005380	G	1653	32	1685	0.00005
Rhodopirellula	265488	G	1544	119	1663	0.00005
Aureliella	2795605	G	1460	116	1576	0.00005
Thermogutta	1676125	G	1239	32	1271	0.00004
Planctomyces	118	G	42750	6551	49301	0.00147
Caulifigura	2795778	G	24546	1778	26324	0.00078
Gimesia	1649453	G	18130	1108	19238	0.00057
Maioricimonas	2795777	G	11214	1639	12853	0.00038
Alienimonas	2714737	G	7300	580	7880	0.00023
Symmachiella	2795780	G	5099	350	5449	0.00016
Planctopirus	1649480	G	4767	191	4958	0.00015
Rubinisphaera	1649490	G	3246	370	3616	0.00011
Fuerstiella	1936111	G	2984	59	3043	0.00009
Calycomorphotria	2795776	G	2749	115	2864	0.00009
Crateriforma	2714592	G	2286	590	2876	0.00009
Polystyrenella	2795774	G	1237	126	1363	0.00004
Thalassoglobus	2795865	G	1125	71	1196	0.00004
Gemmata	113	G	35040	3677	38717	0.00115
Urbifossiella	2807415	G	15695	1255	16950	0.00050
Frigoriglobus	2774146	G	11623	1704	13327	0.00040
Limnoglobus	2731450	G	9862	443	10305	0.00031
Tuwongella	2051044	G	1844	86	1930	0.00006
Telmatocola	1382832	G	1791	18	1809	0.00005
Tautonia	2680020	G	19897	1729	21626	0.00064
Aquisphaera	1511635	G	14533	2638	17171	0.00051
Paludisphaera	1763521	G	11151	2819	13970	0.00042
Singulisphaera	466152	G	7153	1218	8371	0.00025
Isosphaera	127	G	2463	204	2667	0.00008
Humisphaera	2807511	G	10587	214	10801	0.00032
Phycisphaera	666508	G	5997	436	6433	0.00019
Mucisphaera	2913022	G	3483	219	3702	0.00011
Poriferisphaera	2803301	G	501	5	506	0.00002
Anaerohalosphaera	2690159	G	574	22	596	0.00002
Limihaloglobus	2690160	G	278	21	299	0.00001
Sedimentisphaera	2483368	G	259	61	320	0.00001
Candidatus_Kuenenia	380738	G	233	0	233	0.00001
Candidatus_Uabimicrobium	2897349	G	209	3	212	0.00001
Candidatus_Protochlamydia	282132	G	1303	364	1667	0.00005
Parachlamydia	83551	G	842	252	1094	0.00003
Neochlamydia	112987	G	441	88	529	0.00002
Simkania	34093	G	1581	126	1707	0.00005
Candidatus_Rhabdochlamydia	292833	G	618	64	682	0.00002
Waddlia	71666	G	425	49	474	0.00001
Chlamydia	810	G	617	203	820	0.00002
Chlamydiifrater	2822114	G	57	3	60	0.00000
Kiritimatiella	1921784	G	1414	866	2280	0.00007
Tichowtungia	2907187	G	729	28	757	0.00002
Candidatus_Velamenicoccus	2789201	G	450	0	450	0.00001
Flavobacterium	237	G	333063	20983	354046	0.01054
Polaribacter	52959	G	3725	296	4021	0.00012
Muricauda	111500	G	2876	368	3244	0.00010
Capnocytophaga	1016	G	2682	264	2946	0.00009
Gramella	292691	G	2600	248	2848	0.00008
Winogradskyella	286104	G	1915	255	2170	0.00006
Tenacibaculum	104267	G	1603	170	1773	0.00005
Nonlabens	363408	G	1589	132	1721	0.00005
Maribacter	252356	G	1395	214	1609	0.00005
Myroides	76831	G	1321	373	1694	0.00005
Cellulophaga	104264	G	1308	141	1449	0.00004
Formosa	225842	G	1155	126	1281	0.00004
Antarcticibacterium	2058174	G	1103	98	1201	0.00004
Aquimarina	290174	G	1018	39	1057	0.00003
Aequorivita	153265	G	957	19	976	0.00003
Salegentibacter	143222	G	864	258	1122	0.00003
Robiginitalea	252306	G	854	36	890	0.00003
Kordia	221065	G	676	24	700	0.00002
Algibacter	261827	G	673	121	794	0.00002
Zunongwangia	417127	G	665	285	950	0.00003
Lutibacter	358023	G	657	41	698	0.00002
Lacinutrix	291183	G	653	96	749	0.00002
Mariniflexile	527198	G	628	35	663	0.00002
Sinomicrobium	1434045	G	590	14	604	0.00002
Dokdonia	326319	G	590	25	615	0.00002
Flagellimonas	444459	G	538	23	561	0.00002
Arenibacter	178469	G	522	99	621	0.00002
Leeuwenhoekiella	283735	G	518	63	581	0.00002
Seonamhaeicola	1649495	G	408	42	450	0.00001
Tamlana	393005	G	397	39	436	0.00001
Psychroflexus	83612	G	391	19	410	0.00001
Zobellia	112040	G	372	13	385	0.00001
Mesoflavibacter	444051	G	362	52	414	0.00001
Galbibacter	379068	G	352	27	379	0.00001
Olleya	336276	G	337	181	518	0.00002
Amniculibacterium	2715289	G	326	216	542	0.00002
Zhouia	561555	G	321	49	370	0.00001
Gilvibacter	379070	G	290	23	313	0.00001
Flavivirga	1209327	G	285	14	299	0.00001
Aggregatimonas	2913017	G	276	7	283	0.00001
Muriicola	762641	G	273	11	284	0.00001
Siansivirga	1204360	G	261	37	298	0.00001
Pukyongia	2831916	G	261	10	271	0.00001
Euzebyella	1287916	G	257	82	339	0.00001
Marixanthomonas	387658	G	254	45	299	0.00001
Gillisia	244698	G	252	50	302	0.00001
Changchengzhania	2049301	G	243	18	261	0.00001
Constantimarinum	2907134	G	243	13	256	0.00001
Sediminicola	389486	G	242	262	504	0.00002
Wenyingzhuangia	1518147	G	230	24	254	0.00001
Urechidicola	2700084	G	221	71	292	0.00001
Aegicerativicinus	2893197	G	219	9	228	0.00001
Sabulilitoribacter	1573059	G	216	29	245	0.00001
Bizionia	283785	G	199	28	227	0.00001
Oceanihabitans	2045416	G	187	48	235	0.00001
Costertonia	343334	G	185	24	209	0.00001
Croceibacter	216431	G	148	15	163	0.00000
Psychroserpens	49277	G	113	141	254	0.00001
Chryseobacterium	59732	G	22600	6668	29268	0.00087
Kaistella	2782231	G	1642	204	1846	0.00005
Epilithonimonas	2782229	G	634	626	1260	0.00004
Elizabethkingia	308865	G	1814	618	2432	0.00007
Empedobacter	59734	G	721	222	943	0.00003
Apibacter	1778601	G	478	34	512	0.00002
Cloacibacterium	501783	G	470	207	677	0.00002
Ornithobacterium	28250	G	404	298	702	0.00002
Riemerella	34084	G	321	103	424	0.00001
Cruoricaptor	1433995	G	299	40	339	0.00001
Faecalibacter	2766734	G	173	22	195	0.00001
Bergeyella	59735	G	148	20	168	0.00001
Weeksella	1013	G	146	63	209	0.00001
Fluviicola	332102	G	7070	295	7365	0.00022
Crocinitomix	246873	G	378	8	386	0.00001
Blattabacterium	34098	G	1375	79	1454	0.00004
Owenweeksia	267986	G	474	28	502	0.00001
Croceimicrobium	2828338	G	376	72	448	0.00001
Candidatus_Sulcia	336809	G	123	20	143	0.00000
Candidatus_Walczuchella	1940138	G	57	9	66	0.00000
Ichthyobacterium	1755829	G	90	1	91	0.00000
Panacibacter	1874621	G	59119	2534	61653	0.00183
Chitinophaga	79328	G	25715	1361	27076	0.00081
Niastella	354354	G	9851	995	10846	0.00032
Lacibacter	649461	G	8273	359	8632	0.00026
Flavihumibacter	1004301	G	8041	435	8476	0.00025
Flavisolibacter	398041	G	4803	361	5164	0.00015
Arachidicoccus	1769012	G	4756	579	5335	0.00016
Paraflavitalea	2698688	G	4677	343	5020	0.00015
Niabella	379899	G	4532	335	4867	0.00014
Pseudocnuella	2812019	G	3861	438	4299	0.00013
Pseudobacter	1860196	G	3836	318	4154	0.00012
Ferruginibacter	1004303	G	3480	194	3674	0.00011
Phnomibacter	2836216	G	3124	350	3474	0.00010
Filimonas	649460	G	2967	328	3295	0.00010
Hymenobacter	89966	G	39763	1744	41507	0.00124
Pontibacter	323449	G	10106	1096	11202	0.00033
Rufibacter	1379908	G	2376	584	2960	0.00009
Adhaeribacter	299566	G	1864	137	2001	0.00006
Nibribacter	1649474	G	577	367	944	0.00003
Dyadobacter	120831	G	8890	616	9506	0.00028
Runella	105	G	6834	293	7127	0.00021
Fibrella	861914	G	2851	244	3095	0.00009
Larkinella	332157	G	958	73	1031	0.00003
Arcticibacterium	2173039	G	678	44	722	0.00002
Leadbetterella	319458	G	656	312	968	0.00003
Spirosoma	107	G	13896	711	14607	0.00043
Cytophaga	978	G	2173	227	2400	0.00007
Rhodocytophaga	455076	G	1240	50	1290	0.00004
Aquirufa	2676247	G	751	137	888	0.00003
Chryseolinea	1433993	G	6763	224	6987	0.00021
Fulvivirga	396811	G	2402	146	2548	0.00008
Echinicola	390846	G	3021	611	3632	0.00011
Algoriphagus	246875	G	2175	342	2517	0.00007
Cyclobacterium	68288	G	714	92	806	0.00002
Aquiflexum	280472	G	679	134	813	0.00002
Belliella	232244	G	577	312	889	0.00003
Mongoliitalea	1511649	G	404	50	454	0.00001
Flammeovirga	59739	G	844	61	905	0.00003
Marivirga	869806	G	518	235	753	0.00002
Mangrovivirga	2858886	G	445	30	475	0.00001
Candidatus_Cardinium	273135	G	280	42	322	0.00001
Candidatus_Amoebophilus	281119	G	151	7	158	0.00000
Bernardetia	1937972	G	302	21	323	0.00001
Mucilaginibacter	423349	G	29838	3693	33531	0.00100
Pedobacter	84567	G	10520	591	11111	0.00033
Sphingobacterium	28453	G	7972	3290	11262	0.00034
Solitalea	929509	G	1315	73	1388	0.00004
Olivibacter	376469	G	1123	91	1214	0.00004
Anseongella	1773450	G	1066	32	1098	0.00003
Pseudopedobacter	1649482	G	550	422	972	0.00003
Alistipes	239759	G	7910	2484	10394	0.00031
Bacteroides	816	G	5615	2279	7894	0.00023
Phocaeicola	909656	G	909	405	1314	0.00004
Prevotella	838	G	5173	572	5745	0.00017
Paraprevotella	577309	G	259	208	467	0.00001
Pseudoprevotella	2884814	G	196	15	211	0.00001
Parabacteroides	375288	G	1378	769	2147	0.00006
Tannerella	195950	G	1019	52	1071	0.00003
Duncaniella	2518495	G	565	57	622	0.00002
Muribaculum	1918540	G	491	55	546	0.00002
Sodaliphilus	2815786	G	487	211	698	0.00002
Porphyromonas	836	G	1495	148	1643	0.00005
Proteiniphilum	294702	G	502	19	521	0.00002
Petrimonas	307628	G	383	13	396	0.00001
Dysgonomonas	156973	G	272	3	275	0.00001
Butyricimonas	574697	G	325	120	445	0.00001
Odoribacter	283168	G	223	32	255	0.00001
Barnesiella	397864	G	411	470	881	0.00003
Coprobacter	1348911	G	138	112	250	0.00001
Paludibacter	346096	G	290	6	296	0.00001
Tenuifilum	2760873	G	199	3	202	0.00001
Salinivirga	1970191	G	187	3	190	0.00001
Draconibacterium	1471399	G	891	30	921	0.00003
Maribellus	2678352	G	358	12	370	0.00001
Labilibaculum	2060722	G	278	14	292	0.00001
Alkalitalea	1193324	G	259	16	275	0.00001
Rhodocaloribacter	2893090	G	8650	685	9335	0.00028
Rhodothermus	29548	G	6202	254	6456	0.00019
Salinibacter	146918	G	4124	38	4162	0.00012
Haliscomenobacter	2349	G	2650	42	2692	0.00008
Saprospira	1007	G	336	13	349	0.00001
Candidatus_Sulfidibacterium	2923290	G	401	11	412	0.00001
Chlorobaculum	256319	G	2882	147	3029	0.00009
Pelodictyon	1099	G	770	95	865	0.00003
Chlorobium	1091	G	744	74	818	0.00002
Prosthecochloris	1101	G	1446	87	1533	0.00005
Chloroherpeton	100715	G	288	4	292	0.00001
Candidatus_Cyclonatronum	2489367	G	608	55	663	0.00002
Ignavibacterium	795750	G	241	29	270	0.00001
Melioribacter	1134403	G	232	23	255	0.00001
Gemmatirosa	1706036	G	71433	4619	76052	0.00226
Gemmatimonas	173479	G	34563	762	35325	0.00105
Fibrobacter	832	G	301	2	303	0.00001
Candidatus_Cloacimonas	456826	G	116	2	118	0.00000
Luteitalea	2004797	G	57768	1803	59571	0.00177
Granulicella	940557	G	8915	713	9628	0.00029
Terriglobus	392733	G	5665	559	6224	0.00019
Acidobacterium	33973	G	3852	254	4106	0.00012
Candidatus_Koribacter	658061	G	2684	67	2751	0.00008
Edaphobacter	388463	G	2211	220	2431	0.00007
Acidisarcina	2608728	G	1365	80	1445	0.00004
Paludibaculum	1649475	G	13447	259	13706	0.00041
Chloracidobacterium	458032	G	3580	70	3650	0.00011
Sulfidibacter	2915177	G	2765	30	2795	0.00008
Thermotomaculum	1172428	G	77	1	78	0.00000
Nitrospira	1234	G	28539	196	28735	0.00086
Leptospirillum	179	G	540	4	544	0.00002
Dissulfurispira	2811506	G	93	26	119	0.00000
Thermodesulfovibrio	28261	G	89	6	95	0.00000
Treponema	157	G	1992	196	2188	0.00007
Spirochaeta	146	G	965	16	981	0.00003
Salinispira	1616789	G	165	2	167	0.00000
Sediminispirochaeta	1911556	G	148	2	150	0.00000
Oceanispirochaeta	2035349	G	88	3	91	0.00000
Thiospirochaeta	2792240	G	45	1	46	0.00000
Sphaerochaeta	399320	G	491	12	503	0.00001
Borrelia	138	G	260	17	277	0.00001
Borreliella	64895	G	107	29	136	0.00000
Breznakiella	2845254	G	304	10	314	0.00001
Leptospira	171	G	2062	79	2141	0.00006
Turneriella	338321	G	1054	4	1058	0.00003
Brachyspira	29521	G	225	3	228	0.00001
Candidatus_Saccharimonas	1331051	G	1618	20	1638	0.00005
Candidatus_Nanosynbacter	2093823	G	1616	858	2474	0.00007
Candidatus_Minimicrobia	2905967	G	41	343	384	0.00001
Candidatus_Bipolaricaulis	2250122	G	603	11	614	0.00002
Candidatus_Babela	1551504	G	369	3	372	0.00001
Candidatus_Chazhemtobacterium	2715734	G	143	0	143	0.00000
Candidatus_Absconditicoccus	2900570	G	93	0	93	0.00000
Pyramidobacter	638847	G	804	34	838	0.00002
Fretibacterium	1434006	G	783	5	788	0.00002
Aminomonas	81411	G	723	63	786	0.00002
Cloacibacillus	508459	G	507	51	558	0.00002
Thermanaerovibrio	81461	G	496	66	562	0.00002
Jonquetella	428711	G	367	28	395	0.00001
Acetomicrobium	49894	G	90	1	91	0.00000
Aminobacterium	81466	G	55	2	57	0.00000
Thermovirga	336260	G	46	17	63	0.00000
Thermotoga	2335	G	340	34	374	0.00001
Pseudothermotoga	1643951	G	157	9	166	0.00000
Fervidobacterium	2422	G	156	39	195	0.00001
Thermosipho	2420	G	155	14	169	0.00001
Mesotoga	1184396	G	127	1	128	0.00000
Kosmotoga	651456	G	88	3	91	0.00000
Marinitoga	160798	G	61	1	62	0.00000
Tepiditoga	2778400	G	58	5	63	0.00000
Defluviitoga	1511648	G	49	35	84	0.00000
Petrotoga	28236	G	14	5	19	0.00000
Athalassotoga	1769718	G	67	1	68	0.00000
Fusobacterium	848	G	685	97	782	0.00002
Ilyobacter	167639	G	43	1	44	0.00000
Cetobacterium	180162	G	39	3	42	0.00000
Leptotrichia	32067	G	352	37	389	0.00001
Pseudoleptotrichia	2755140	G	56	3	59	0.00000
Sebaldella	32068	G	41	0	41	0.00000
Streptobacillus	34104	G	36	9	45	0.00000
Sneathia	168808	G	16	1	17	0.00000
Thermocrinis	75905	G	112	3	115	0.00000
Hydrogenobacter	939	G	89	2	91	0.00000
Aquifex	2713	G	68	1	69	0.00000
Hydrogenobaculum	168657	G	22	52	74	0.00000
Persephonella	182899	G	100	13	113	0.00000
Sulfurihydrogenibium	212790	G	61	11	72	0.00000
Thermosulfidibacter	412592	G	96	1	97	0.00000
Thermovibrio	171868	G	103	14	117	0.00000
Desulfurobacterium	64159	G	52	5	57	0.00000
Thermosulfurimonas	1522431	G	237	31	268	0.00001
Thermodesulfobacterium	1740	G	140	31	171	0.00001
Thermosulfuriphilus	2033601	G	139	4	143	0.00000
Thermodesulfatator	241192	G	81	10	91	0.00000
Caldimicrobium	444090	G	39	7	46	0.00000
Geovibrio	46200	G	165	29	194	0.00001
Flexistipes	2351	G	103	10	113	0.00000
Calditerrivibrio	545865	G	92	11	103	0.00000
Deferribacter	53572	G	81	12	93	0.00000
Denitrovibrio	117999	G	62	7	69	0.00000
Mucispirillum	248038	G	50	3	53	0.00000
Caldithrix	187144	G	578	2	580	0.00002
Desulfurispirillum	393029	G	516	111	627	0.00002
Elusimicrobium	423604	G	147	2	149	0.00000
Endomicrobium	1408194	G	116	2	118	0.00000
Caldisericum	693074	G	128	0	128	0.00000
Dictyoglomus	13	G	113	0	113	0.00000
Coprothermobacter	68335	G	96	8	104	0.00000
Atribacter	2847777	G	72	0	72	0.00000
Fusarium	5506	G	181691	8660	190351	0.00566
Metarhizium	5529	G	6254	287	6541	0.00019
Ustilaginoidea	124426	G	1224	18	1242	0.00004
Pochonia	243023	G	357	10	367	0.00001
Trichoderma	5543	G	7228	97	7325	0.00022
Beauveria	5581	G	5222	78	5300	0.00016
Cordyceps	45234	G	1164	63	1227	0.00004
Purpureocillium	1052105	G	1416	30	1446	0.00004
Drechmeria	98402	G	1232	20	1252	0.00004
Clonostachys	110564	G	600	11	611	0.00002
Colletotrichum	5455	G	1672	122	1794	0.00005
Thermothielavioides	2609811	G	1761	118	1879	0.00006
Thermothelomyces	1920207	G	1371	64	1435	0.00004
Neurospora	5140	G	897	42	939	0.00003
Pyricularia	48558	G	1794	8	1802	0.00005
Neopestalotiopsis	1562158	G	921	3	924	0.00003
Botrytis	33196	G	1086	3	1089	0.00003
Aspergillus	5052	G	4776	157	4933	0.00015
Penicillium	5073	G	1060	26	1086	0.00003
Paecilomyces	33202	G	567	13	580	0.00002
Talaromyces	5094	G	342	11	353	0.00001
Ampelomyces	50729	G	837	45	882	0.00003
Paraphaeosphaeria	125369	G	754	126	880	0.00003
Zymoseptoria	1047167	G	392	3	395	0.00001
Cercospora	29002	G	275	0	275	0.00001
Eremothecium	33170	G	373	205	578	0.00002
Naumovozyma	278028	G	338	25	363	0.00001
Tetrapisispora	113604	G	330	16	346	0.00001
Kluyveromyces	4910	G	261	30	291	0.00001
Saccharomyces	4930	G	219	18	237	0.00001
Kazachstania	71245	G	161	10	171	0.00001
Lachancea	300275	G	139	9	148	0.00000
Torulaspora	4948	G	115	10	125	0.00000
Zygosaccharomyces	4953	G	115	6	121	0.00000
Nakaseomyces	374468	G	103	7	110	0.00000
Zygotorulaspora	1196389	G	72	10	82	0.00000
Candida	1535326	G	631	13	644	0.00002
Scheffersomyces	766733	G	80	3	83	0.00000
Debaryomyces	4958	G	40	1	41	0.00000
Brettanomyces	13366	G	345	15	360	0.00001
Pichia	4919	G	203	15	218	0.00001
Ogataea	461281	G	108	5	113	0.00000
Yarrowia	4951	G	287	4	291	0.00001
Sugiyamaella	410829	G	234	15	249	0.00001
Saccharomycodes	36034	G	97	15	112	0.00000
Komagataella	460517	G	53	0	53	0.00000
Schizosaccharomyces	4895	G	438	7	445	0.00001
Pseudozyma	63298	G	2336	16	2352	0.00007
Sporisorium	63265	G	810	148	958	0.00003
Ustilago	5269	G	495	22	517	0.00002
Malassezia	55193	G	339	37	376	0.00001
Rhizoctonia	1322061	G	658	19	677	0.00002
Phlebiopsis	82309	G	552	7	559	0.00002
Marasmius	34448	G	232	12	244	0.00001
Cryptococcus	5206	G	385	19	404	0.00001
Encephalitozoon	6033	G	147	0	147	0.00000
Phytophthora	4783	G	21061	836	21897	0.00065
Pythium	4797	G	725	24	749	0.00002
