name	taxonomy_id	taxonomy_lvl	kraken_assigned_reads	added_reads	new_est_reads	fraction_total_reads
Bradyrhizobium_sp._200	2782665	S	5860	1380	7240	0.00060
Bradyrhizobium_sp._170	2782641	S	5208	1418	6626	0.00055
Bradyrhizobium_sp._CCBAU_051011	858422	S	4970	1026	5996	0.00050
Bradyrhizobium_sp._CCBAU_51753	1325100	S	4703	1089	5792	0.00048
Bradyrhizobium_sp._A19	2898149	S	3995	734	4729	0.00040
Bradyrhizobium_sp._ORS_278	114615	S	3959	951	4910	0.00041
Bradyrhizobium_sp._BTAi1	288000	S	3955	762	4717	0.00039
Bradyrhizobium_sp._ORS_285	115808	S	3904	927	4831	0.00040
Bradyrhizobium_sp._SK17	2057741	S	3117	1095	4212	0.00035
Bradyrhizobium_sp._186	2782654	S	2822	806	3628	0.00030
Bradyrhizobium_sp._CCBAU_53421	1325120	S	2611	874	3485	0.00029
Bradyrhizobium_sp._CCBAU_53338	1325111	S	2293	1021	3314	0.00028
Bradyrhizobium_sp._1(2017)	1404888	S	2242	748	2990	0.00025
Bradyrhizobium_sp._CCBAU_53340	1325112	S	2220	938	3158	0.00026
Bradyrhizobium_sp._195	2782662	S	2206	845	3051	0.00025
Bradyrhizobium_sp._CCBAU_53351	1325114	S	2099	1151	3250	0.00027
Bradyrhizobium_sp._6(2017)	1197460	S	1928	1030	2958	0.00025
Bradyrhizobium_sp._CCGE-LA001	1223566	S	1881	758	2639	0.00022
Bradyrhizobium_sp._S2-11-2	2840472	S	1593	1272	2865	0.00024
Bradyrhizobium_sp._CCBAU_51765	1325102	S	1520	1463	2983	0.00025
Bradyrhizobium_sp._S2-20-1	2840469	S	1495	1269	2764	0.00023
Bradyrhizobium_sp._I71	2590772	S	1493	1370	2863	0.00024
Bradyrhizobium_sp._41S5	1404443	S	1487	1098	2585	0.00022
Bradyrhizobium_sp._191	2782659	S	1486	1536	3022	0.00025
Bradyrhizobium_sp._S2-11-4	2840473	S	1392	1299	2691	0.00022
Bradyrhizobium_sp._C-145	574727	S	981	1073	2054	0.00017
Bradyrhizobium_sp.	376	S	803	2917	3720	0.00031
Bradyrhizobium_sp._4	2782678	S	571	1514	2085	0.00017
Bradyrhizobium_sp._144S4	2823807	S	568	1529	2097	0.00018
Bradyrhizobium_sp._40	2782674	S	566	1340	1906	0.00016
Bradyrhizobium_sp._323S2	1404649	S	519	1428	1947	0.00016
Bradyrhizobium_sp._192	2782660	S	438	1159	1597	0.00013
Bradyrhizobium_sp._LCT2	2493093	S	327	1012	1339	0.00011
Bradyrhizobium_sp._187	2782655	S	200	1045	1245	0.00010
Bradyrhizobium_sp._TM102	2599819	S	185	1374	1559	0.00013
Bradyrhizobium_sp._SG09	2599805	S	183	1426	1609	0.00013
Bradyrhizobium_sp._CW1	2782686	S	116	1881	1997	0.00017
Bradyrhizobium_sp._1S5	2816456	S	107	1260	1367	0.00011
Bradyrhizobium_sp._172	2782643	S	100	1276	1376	0.00011
Bradyrhizobium_sp._38S5	2819348	S	98	1254	1352	0.00011
Bradyrhizobium_sp._131	2782609	S	62	1062	1124	0.00009
Bradyrhizobium_sp._155	2782629	S	55	1038	1093	0.00009
Bradyrhizobium_sp._CCBAU_21365	1325083	S	15	809	824	0.00007
Bradyrhizobium_erythrophlei	1437360	S	12341	1085	13426	0.00112
Bradyrhizobium_diazoefficiens	1355477	S	9660	15929	25589	0.00214
Bradyrhizobium_icense	1274631	S	4963	765	5728	0.00048
Bradyrhizobium_paxllaeri	190148	S	4711	961	5672	0.00047
Bradyrhizobium_lablabi	722472	S	4130	5310	9440	0.00079
Bradyrhizobium_japonicum	375	S	3744	5944	9688	0.00081
Bradyrhizobium_oligotrophicum	44255	S	3688	691	4379	0.00037
Bradyrhizobium_canariense	255045	S	3542	6193	9735	0.00081
Bradyrhizobium_genosp._L	83637	S	3522	766	4288	0.00036
Bradyrhizobium_arachidis	858423	S	2928	919	3847	0.00032
Bradyrhizobium_guangdongense	1325090	S	2624	1063	3687	0.00031
Bradyrhizobium_vignae	1549949	S	2477	635	3112	0.00026
Bradyrhizobium_genosp._B	83627	S	2298	533	2831	0.00024
Bradyrhizobium_quebecense	2748629	S	2242	1396	3638	0.00030
Bradyrhizobium_cosmicum	1404864	S	2222	789	3011	0.00025
Bradyrhizobium_guangzhouense	1325095	S	2125	887	3012	0.00025
Bradyrhizobium_guangxiense	1325115	S	2112	1008	3120	0.00026
Bradyrhizobium_septentrionale	1404411	S	1803	1212	3015	0.00025
Bradyrhizobium_daqingense	993502	S	1648	980	2628	0.00022
Bradyrhizobium_betae	244734	S	1516	936	2452	0.00020
Bradyrhizobium_amphicarpaeae	1404768	S	1393	634	2027	0.00017
Bradyrhizobium_symbiodeficiens	1404367	S	1282	2129	3411	0.00029
Bradyrhizobium_zhanjiangense	1325107	S	942	1042	1984	0.00017
Bradyrhizobium_elkanii	29448	S	586	2589	3175	0.00027
Bradyrhizobium_ottawaense	931866	S	453	3132	3585	0.00030
Rhodopseudomonas_palustris	1076	S	14060	4975	19035	0.00159
Rhodopseudomonas_sp._SK50-23	340268	S	1941	412	2353	0.00020
Rhodopseudomonas_boonkerdii	475937	S	1906	534	2440	0.00020
Tardiphaga_sp._37S4	1404741	S	1031	744	1775	0.00015
Tardiphaga_sp._vice154	2592814	S	86	1501	1587	0.00013
Tardiphaga_sp._vice278	2592815	S	38	1043	1081	0.00009
Tardiphaga_sp._vice304	2592817	S	28	599	627	0.00005
Tardiphaga_robiniae	943830	S	1115	717	1832	0.00015
Nitrobacter_hamburgensis	912	S	2423	446	2869	0.00024
Nitrobacter_winogradskyi	913	S	1757	322	2079	0.00017
Afipia_carboxidovorans	40137	S	2508	651	3159	0.00026
Afipia_sp._GAS231	1882747	S	1787	1411	3198	0.00027
Variibacter_gotjawalensis	1333996	S	3838	321	4159	0.00035
Rhizobium_sp._WYJ-E13	2849093	S	2340	303	2643	0.00022
Rhizobium_sp._BG4	2613770	S	1883	366	2249	0.00019
Rhizobium_sp._NXC24	2048897	S	1484	217	1701	0.00014
Rhizobium_sp._WL3	2603277	S	1341	261	1602	0.00013
Rhizobium_sp._ACO-34A	1571470	S	1322	287	1609	0.00013
Rhizobium_sp._AB2/73	2795216	S	1110	587	1697	0.00014
Rhizobium_sp._SL42	2806346	S	1109	202	1311	0.00011
Rhizobium_sp._11515TR	2028343	S	988	219	1207	0.00010
Rhizobium_sp._NXC14	1981173	S	873	354	1227	0.00010
Rhizobium_sp._NZLR1	2731096	S	850	293	1143	0.00010
Rhizobium_sp._CIAT894	2020312	S	810	354	1164	0.00010
Rhizobium_sp._C104	2917727	S	702	380	1082	0.00009
Rhizobium_sp._NLR16a	2731112	S	689	302	991	0.00008
Rhizobium_sp._K102	2918527	S	602	407	1009	0.00008
Rhizobium_sp._L51/94	2819999	S	543	584	1127	0.00009
Rhizobium_sp._007	2785056	S	405	740	1145	0.00010
Rhizobium_sp._X9	2815360	S	341	744	1085	0.00009
Rhizobium_sp._Kim5	2020311	S	250	540	790	0.00007
Rhizobium_sp._IE4771	1301032	S	208	413	621	0.00005
Rhizobium_sp._TAL182	2020313	S	185	526	711	0.00006
Rhizobium_sp._NIBRBAC000502774	2590777	S	110	497	607	0.00005
Rhizobium_sp._ZX09	2291939	S	96	423	519	0.00004
Rhizobium_sp._Y9	1914541	S	88	345	433	0.00004
Rhizobium_sp._B230/85	2819994	S	59	531	590	0.00005
Rhizobium_sp._CCGE531	2364271	S	49	1469	1518	0.00013
Rhizobium_sp._N324	1703969	S	38	682	720	0.00006
Rhizobium_sp._T136	555319	S	20	580	600	0.00005
Rhizobium_sp._B21/90	2819993	S	16	469	485	0.00004
Rhizobium_sp._CCGE532	2364272	S	14	887	901	0.00008
Rhizobium_leguminosarum	384	S	7880	10641	18521	0.00155
Rhizobium_etli	29449	S	2307	2884	5191	0.00043
Rhizobium_pseudoryzae	379684	S	1666	364	2030	0.00017
Rhizobium_jaguaris	1312183	S	1647	214	1861	0.00016
Rhizobium_gallicum	56730	S	1420	1898	3318	0.00028
Rhizobium_phaseoli	396	S	1286	2711	3997	0.00033
Rhizobium_bangladeshense	1138189	S	1218	304	1522	0.00013
Rhizobium_rosettiformans	1368430	S	1048	494	1542	0.00013
Rhizobium_lentis	1138194	S	981	316	1297	0.00011
Rhizobium_tropici	398	S	978	268	1246	0.00010
Rhizobium_binae	1138190	S	854	330	1184	0.00010
Rhizobium_daejeonense	240521	S	806	271	1077	0.00009
Rhizobium_rhizoryzae	451876	S	752	103	855	0.00007
Rhizobium_pusense	648995	S	561	2283	2844	0.00024
Rhizobium_indicum	2583231	S	550	506	1056	0.00009
Rhizobium_acidisoli	1538158	S	440	378	818	0.00007
Rhizobium_oryzihabitans	2267833	S	283	395	678	0.00006
Rhizobium_hidalgonense	1538159	S	179	430	609	0.00005
Rhizobium_laguerreae	1076926	S	175	314	489	0.00004
Rhizobium_ruizarguesonis	2081791	S	136	1047	1183	0.00010
Rhizobium_favelukesii	348824	S	30	1052	1082	0.00009
Agrobacterium_tumefaciens	358	S	4154	3894	8048	0.00067
Agrobacterium_fabrum	1176649	S	472	588	1060	0.00009
Agrobacterium_fabacearum	1183401	S	68	934	1002	0.00008
Agrobacterium_vitis	373	S	2055	261	2316	0.00019
Agrobacterium_sp._T29	2580515	S	326	248	574	0.00005
Agrobacterium_sp._MA01	2664893	S	278	550	828	0.00007
Agrobacterium_sp._RAC06	1842536	S	267	539	806	0.00007
Agrobacterium_sp._CGMCC_11546	2579248	S	111	218	329	0.00003
Agrobacterium_sp._S7/73	2820002	S	59	312	371	0.00003
Agrobacterium_vaccinii	2735528	S	877	121	998	0.00008
Agrobacterium_larrymoorei	160699	S	576	99	675	0.00006
Agrobacterium_rubi	28099	S	531	152	683	0.00006
Agrobacterium_salinitolerans	1183413	S	422	156	578	0.00005
Agrobacterium_rhizogenes	359	S	400	919	1319	0.00011
Neorhizobium_galegae	399	S	5044	1481	6525	0.00055
Neorhizobium_sp._NCHU2750	1825976	S	1439	356	1795	0.00015
Neorhizobium_sp._SOG26	2060726	S	1425	306	1731	0.00014
Pseudorhizobium_flavum	1335061	S	1675	920	2595	0.00022
Pseudorhizobium_banfieldiae	1125847	S	1263	618	1881	0.00016
Sinorhizobium_meliloti	382	S	12805	7954	20759	0.00173
Sinorhizobium_fredii	380	S	6794	8933	15727	0.00131
Sinorhizobium_americanum	194963	S	2315	860	3175	0.00027
Sinorhizobium_medicae	110321	S	2135	303	2438	0.00020
Sinorhizobium_sp._BG8	2613773	S	1736	296	2032	0.00017
Sinorhizobium_sp._CCBAU_05631	794846	S	317	456	773	0.00006
Ensifer_adhaerens	106592	S	6507	3370	9877	0.00083
Ensifer_mexicanus	375549	S	3220	510	3730	0.00031
Ensifer_sp._PDNC004	2811423	S	1831	773	2604	0.00022
Ensifer_sp._T173	555315	S	296	1223	1519	0.00013
Ensifer_alkalisoli	1752398	S	2076	418	2494	0.00021
Ensifer_sojae	716925	S	1930	724	2654	0.00022
Shinella_sp._HZN7	879274	S	2992	2591	5583	0.00047
Shinella_sp._PSBB067	2715959	S	2371	1808	4179	0.00035
Shinella_sp._XGS7	2877941	S	2130	1768	3898	0.00033
Shinella_sp._H4-D48	2925841	S	954	379	1333	0.00011
Shinella_zoogloeoides	352475	S	2457	3452	5909	0.00049
Shinella_oryzae	2871820	S	1472	650	2122	0.00018
Georhizobium_profundi	2341112	S	1941	463	2404	0.00020
Ciceribacter_thiooxidans	1969821	S	1853	387	2240	0.00019
Peteryoungia_desertarenae	1813451	S	669	124	793	0.00007
Liberibacter_crescens	1273132	S	24	4	28	0.00000
Candidatus_Liberibacter_africanus	34020	S	16	22	38	0.00000
Candidatus_Liberibacter_asiaticus	34021	S	14	4	18	0.00000
Candidatus_Liberibacter_americanus	309868	S	13	2	15	0.00000
Mesorhizobium_sp._8	2584466	S	4617	1197	5814	0.00049
Mesorhizobium_sp._DCY119	2108445	S	3541	902	4443	0.00037
Mesorhizobium_sp._Pch-S	2082387	S	3085	456	3541	0.00030
Mesorhizobium_sp._B1-1-8	2589976	S	2487	684	3171	0.00026
Mesorhizobium_sp._J8	2777475	S	2473	874	3347	0.00028
Mesorhizobium_sp._M1B.F.Ca.ET.045.04.1.1	2493673	S	2465	1032	3497	0.00029
Mesorhizobium_sp._B2-1-1	2589974	S	2365	583	2948	0.00025
Mesorhizobium_sp._M1D.F.Ca.ET.043.01.1.1	2493669	S	2362	1556	3918	0.00033
Mesorhizobium_sp._M3A.F.Ca.ET.080.04.2.1	2493676	S	2329	773	3102	0.00026
Mesorhizobium_sp._B2-8-5	2589903	S	2227	807	3034	0.00025
Mesorhizobium_sp._M1A.F.Ca.IN.022.06.1.1	2493680	S	2223	782	3005	0.00025
Mesorhizobium_sp._L-2-11	2744521	S	2220	935	3155	0.00026
Mesorhizobium_sp._131-2-1	2744518	S	2211	1283	3494	0.00029
Mesorhizobium_sp._M1E.F.Ca.ET.045.02.1.1	2493672	S	2151	1177	3328	0.00028
Mesorhizobium_sp._M9A.F.Ca.ET.002.03.1.2	2493668	S	2078	1045	3123	0.00026
Mesorhizobium_sp._INR15	2654248	S	2078	324	2402	0.00020
Mesorhizobium_sp._M4B.F.Ca.ET.058.02.1.1	2493675	S	2061	953	3014	0.00025
Mesorhizobium_sp._PAMC28654	2880934	S	1943	397	2340	0.00020
Mesorhizobium_sp._M6A.T.Cr.TU.016.01.1.1	2493677	S	1869	684	2553	0.00021
Mesorhizobium_sp._B4-1-4	2589888	S	1729	455	2184	0.00018
Mesorhizobium_sp._B2-1-8	2589967	S	1561	524	2085	0.00017
Mesorhizobium_sp._M8A.F.Ca.ET.057.01.1.1	2493679	S	1399	586	1985	0.00017
Mesorhizobium_sp._M7D.F.Ca.US.005.01.1.1	2493678	S	1367	510	1877	0.00016
Mesorhizobium_sp._L-8-10	2744523	S	1283	4521	5804	0.00048
Mesorhizobium_sp._NZP2077	2483404	S	1245	451	1696	0.00014
Mesorhizobium_sp._M2A.F.Ca.ET.043.05.1.1	2493671	S	1204	1134	2338	0.00020
Mesorhizobium_sp._113-3-3	2744516	S	1184	717	1901	0.00016
Mesorhizobium_sp._NBSH29	2654249	S	1181	91	1272	0.00011
Mesorhizobium_sp._M7A.F.Ce.TU.012.03.2.1	2493681	S	1180	475	1655	0.00014
Mesorhizobium_sp._L-8-3	2744522	S	1122	4060	5182	0.00043
Mesorhizobium_sp._113-1-2	2744515	S	1047	566	1613	0.00013
Mesorhizobium_sp._AA22	1854057	S	954	659	1613	0.00013
Mesorhizobium_sp._113-3-9	2744517	S	876	722	1598	0.00013
Mesorhizobium_sp._NZP2298	2483403	S	876	575	1451	0.00012
Mesorhizobium_sp._M2A.F.Ca.ET.046.03.2.1	2493674	S	761	2256	3017	0.00025
Mesorhizobium_sp._M2A.F.Ca.ET.043.02.1.1	2493670	S	686	1934	2620	0.00022
Mesorhizobium_sp._WSM1497	278153	S	263	580	843	0.00007
Mesorhizobium_sp._131-3-5	2744520	S	162	550	712	0.00006
Mesorhizobium_sp._131-2-5	2744519	S	161	1195	1356	0.00011
Mesorhizobium_sp._NZP2234	2483402	S	134	526	660	0.00006
Mesorhizobium_terrae	2725666	S	2826	1025	3851	0.00032
Mesorhizobium_opportunistum	593909	S	2373	1051	3424	0.00029
Mesorhizobium_amorphae	71433	S	1962	514	2476	0.00021
Mesorhizobium_loti	381	S	1404	12383	13787	0.00115
Mesorhizobium_ciceri	39645	S	1388	3606	4994	0.00042
Mesorhizobium_australicum	536018	S	1314	446	1760	0.00015
Mesorhizobium_huakuii	28104	S	1209	1026	2235	0.00019
Mesorhizobium_erdmanii	1777866	S	1202	371	1573	0.00013
Mesorhizobium_japonicum	2066070	S	1014	829	1843	0.00015
Aquibium_microcysteis	675281	S	5451	1698	7149	0.00060
Aquibium_oceanicum	1670800	S	4163	1084	5247	0.00044
Aminobacter_sp._MSH1	374606	S	2979	1848	4827	0.00040
Aminobacter_sp._SR38	2774562	S	572	2394	2966	0.00025
Aminobacter_sp._MDW-2	2666139	S	352	1778	2130	0.00018
Aminobacter_aminovorans	83263	S	388	1385	1773	0.00015
Nitratireductor_sp._SY7	2599600	S	3453	714	4167	0.00035
Nitratireductor_sp._OM-1	1756988	S	1794	331	2125	0.00018
Nitratireductor_kimnyeongensis	430679	S	972	149	1121	0.00009
Phyllobacterium_sp._T1018	555316	S	1116	156	1272	0.00011
Phyllobacterium_sp._T1293	555317	S	509	67	576	0.00005
Phyllobacterium_sp._628	2718938	S	502	76	578	0.00005
Phyllobacterium_zundukense	1867719	S	1166	183	1349	0.00011
Roseitalea_porphyridii	1852022	S	2592	481	3073	0.00026
Hoeflea_sp._IMCC20628	1620421	S	1013	105	1118	0.00009
Hoeflea_phototrophica	244596	S	947	121	1068	0.00009
Oricola_thermophila	2742145	S	1864	279	2143	0.00018
Salaquimonas_pukyongi	2712698	S	814	38	852	0.00007
Lentilitoribacter_sp._Alg239-R112	2305987	S	54	1	55	0.00000
Methylobacterium_nodulans	114616	S	6513	905	7418	0.00062
Methylobacterium_sp._17Sr1-1	2202826	S	2803	1436	4239	0.00035
Methylobacterium_sp._WL1	2603276	S	2576	563	3139	0.00026
Methylobacterium_sp._C1	1479019	S	316	2466	2782	0.00023
Methylobacterium_sp._XJLW	739141	S	180	2419	2599	0.00022
Methylobacterium_aquaticum	270351	S	5391	2562	7953	0.00066
Methylobacterium_durans	2202825	S	4112	650	4762	0.00040
Methylobacterium_radiodurans	2202828	S	3704	987	4691	0.00039
Methylobacterium_currus	2051553	S	3618	1641	5259	0.00044
Methylobacterium_organophilum	410	S	3144	1848	4992	0.00042
Methylobacterium_terrae	2202827	S	2967	1481	4448	0.00037
Methylobacterium_mesophilicum	39956	S	2594	584	3178	0.00027
Methylobacterium_tardum	374432	S	2551	957	3508	0.00029
Methylobacterium_brachiatum	269660	S	2522	976	3498	0.00029
Methylobacterium_indicum	1775910	S	2447	1314	3761	0.00031
Methylobacterium_oryzae	334852	S	2119	2878	4997	0.00042
Methylobacterium_radiotolerans	31998	S	960	5542	6502	0.00054
Methylobacterium_phyllosphaerae	418223	S	406	1529	1935	0.00016
Microvirga_sp._VF16	2807101	S	15569	2565	18134	0.00151
Microvirga_sp._17_mud_1-3	2082949	S	5164	1162	6326	0.00053
Microvirga_ossetica	1882682	S	13116	2419	15535	0.00130
Microvirga_thermotolerans	2651334	S	6795	1964	8759	0.00073
Methylorubrum_populi	223967	S	5184	2554	7738	0.00065
Methylorubrum_extorquens	408	S	3748	6060	9808	0.00082
Methylorubrum_sp._B1-46	2897334	S	1794	793	2587	0.00022
Methylorubrum_zatmanii	29429	S	137	670	807	0.00007
Pseudolabrys_taiwanensis	331696	S	8009	1505	9514	0.00079
Pseudolabrys_sp._FHR47	2562284	S	7095	1428	8523	0.00071
Xanthobacter_dioxanivorans	2528964	S	4365	1603	5968	0.00050
Xanthobacter_sp._YC-JY1	2419844	S	1461	1523	2984	0.00025
Xanthobacter_autotrophicus	280	S	1407	1578	2985	0.00025
Starkeya_sp._ORNL1	2709380	S	4768	1063	5831	0.00049
Starkeya_novella	921	S	4586	1881	6467	0.00054
Ancylobacter_sp._TS-1	1850374	S	3084	1398	4482	0.00037
Ancylobacter_polymorphus	223390	S	2812	1483	4295	0.00036
Ancylobacter_pratisalsi	1745854	S	2358	586	2944	0.00025
Labrys_sp._KNU-23	2789216	S	3251	369	3620	0.00030
Azorhizobium_caulinodans	7	S	3127	728	3855	0.00032
Rhodoplanes_sp._Z2-YC6860	674703	S	13591	1501	15092	0.00126
Hyphomicrobium_denitrificans	53399	S	3401	465	3866	0.00032
Hyphomicrobium_nitrativorans	1427356	S	2956	285	3241	0.00027
Hyphomicrobium_sp._MC1	717785	S	1866	160	2026	0.00017
Methyloceanibacter_caenitepidi	1384459	S	1775	389	2164	0.00018
Methyloceanibacter_sp._wino2	2170729	S	1769	413	2182	0.00018
Aquabacter_sp._L1I39	2820278	S	2613	492	3105	0.00026
Methyloligella_sp._GL2	2742204	S	2545	344	2889	0.00024
Rhodomicrobium_vannielii	1069	S	2041	152	2193	0.00018
Caenibius_sp._WL	2872646	S	1105	216	1321	0.00011
Caenibius_tardaugens	169176	S	711	631	1342	0.00011
Candidatus_Filomicrobium_marinum	1608628	S	967	31	998	0.00008
Devosia_sp._A16	1736675	S	6325	787	7112	0.00059
Devosia_sp._I507	2083786	S	1888	499	2387	0.00020
Devosia_sp._JXJ_CY_41	2917991	S	1862	324	2186	0.00018
Devosia_sp._SL43	2806348	S	1817	318	2135	0.00018
Devosia_sp._1566	2499144	S	1667	174	1841	0.00015
Devosia_sp._MC521	2759954	S	636	96	732	0.00006
Devosia_salina	2860336	S	3065	897	3962	0.00033
Devosia_ginsengisoli	400770	S	2184	368	2552	0.00021
Devosia_oryziradicis	2801335	S	1770	299	2069	0.00017
Devosia_rhizoryzae	2774137	S	1750	181	1931	0.00016
Devosia_beringensis	2657486	S	1734	239	1973	0.00016
Youhaiella_tibetensis	1447062	S	2465	553	3018	0.00025
Paradevosia_shaoguanensis	1335043	S	2321	872	3193	0.00027
Pelagibacterium_halotolerans	531813	S	1270	152	1422	0.00012
Maritalea_myrionectae	454601	S	227	7	234	0.00002
Bosea_sp._Tri-49	1867715	S	4647	1172	5819	0.00049
Bosea_sp._RAC05	1842539	S	4341	1539	5880	0.00049
Bosea_sp._F3-2	2599640	S	4139	1448	5587	0.00047
Bosea_sp._AS-1	2015316	S	3439	1188	4627	0.00039
Bosea_sp._ANAM02	2020412	S	3340	1361	4701	0.00039
Bosea_sp._PAMC_26642	1792307	S	3018	701	3719	0.00031
Bosea_vaviloviae	1526658	S	3363	886	4249	0.00035
Aureimonas_sp._SA4125	2826993	S	3199	650	3849	0.00032
Aureimonas_sp._AU20	1349819	S	2740	434	3174	0.00027
Aureimonas_sp._OT7	2816454	S	1405	1278	2683	0.00022
Aureimonas_populi	1701758	S	2392	506	2898	0.00024
Aureimonas_mangrovi	2758041	S	2345	537	2882	0.00024
Aureimonas_altamirensis	370622	S	1367	504	1871	0.00016
Martelella_sp._AD-3	686597	S	787	2369	3156	0.00026
Martelella_mediterranea	293089	S	1419	561	1980	0.00017
Martelella_endophytica	1486262	S	1356	327	1683	0.00014
Martelella_lutilitoris	2583532	S	703	607	1310	0.00011
Aurantimonas_sp._HBX-1	2906072	S	4283	1408	5691	0.00048
Methylocystis_bryophila	655015	S	1966	217	2183	0.00018
Methylocystis_parvus	134	S	1903	245	2148	0.00018
Methylocystis_heyeri	391905	S	1702	204	1906	0.00016
Methylocystis_sp._SC2	187303	S	1190	329	1519	0.00013
Methylocystis_sp._SB2	743836	S	393	636	1029	0.00009
Methylocystis_rosea	173366	S	1283	1011	2294	0.00019
Methylosinus_trichosporium	426	S	2623	572	3195	0.00027
Methylosinus_sp._C49	2699395	S	2078	443	2521	0.00021
Nordella_sp._HKS_07	2712222	S	6599	402	7001	0.00058
Pseudorhodoplanes_sinuspersici	1235591	S	5606	466	6072	0.00051
Terrihabitans_soli	708113	S	3049	382	3431	0.00029
Candidatus_Hodgkinia_cicadicola	573658	S	41	0	41	0.00000
Stappia_indica	538381	S	4035	1044	5079	0.00042
Stappia_sp._ES.058	1881061	S	2046	275	2321	0.00019
Roseibium_aggregatum	187304	S	2222	330	2552	0.00021
Roseibium_alexandrii	388408	S	584	51	635	0.00005
Pannonibacter_phragmitetus	121719	S	2666	2110	4776	0.00040
Labrenzia_sp._VG12	2021862	S	1153	137	1290	0.00011
Labrenzia_sp._PHM005	2590016	S	487	37	524	0.00004
Labrenzia_sp._THAF82	2587861	S	472	29	501	0.00004
Pseudovibrio_brasiliensis	1898042	S	191	69	260	0.00002
Pseudovibrio_sp._FO-BEG1	911045	S	179	66	245	0.00002
Phreatobacter_stygius	1940610	S	5224	851	6075	0.00051
Phreatobacter_cathodiphilus	1868589	S	4943	1578	6521	0.00054
Phreatobacter_sp._NMCR1094	2570229	S	3167	642	3809	0.00032
Kaustia_mangrovi	2593653	S	5938	637	6575	0.00055
Parvibaculum_lavamentivorans	256618	S	2424	1549	3973	0.00033
Pyruvatibacter_mobilis	1712261	S	1746	234	1980	0.00017
Candidatus_Phaeomarinobacter_ectocarpi	1458461	S	661	34	695	0.00006
Chelatococcus_sp._CO-6	1702325	S	4752	2999	7751	0.00065
Chelatococcus_daeguensis	444444	S	2390	1470	3860	0.00032
Methylocella_silvestris	199596	S	1862	238	2100	0.00018
Methylocella_tundrae	227605	S	1620	175	1795	0.00015
Methylovirgula_ligni	569860	S	1559	207	1766	0.00015
Methylovirgula_sp._HY1	2822761	S	1296	84	1380	0.00012
Beijerinckia_indica	533	S	858	70	928	0.00008
Blastochloris_tepida	2233851	S	3717	1367	5084	0.00042
Blastochloris_viridis	1079	S	3252	948	4200	0.00035
Brucella_intermedia	94625	S	1418	270	1688	0.00014
Brucella_anthropi	529	S	898	8785	9683	0.00081
Brucella_sp._BTU1	2840456	S	125	28	153	0.00001
Brucella_sp._10RB9215	1149953	S	65	72	137	0.00001
Brucella_sp._09RB8910	1844051	S	55	59	114	0.00001
Brucella_sp._6810	2769351	S	38	62	100	0.00001
Brucella_sp._BO3	2691913	S	35	58	93	0.00001
Brucella_sp._09RB8471	1149952	S	32	60	92	0.00001
Brucella_sp._2280	2592625	S	30	59	89	0.00001
Brucella_sp._BO2	693750	S	28	63	91	0.00001
Brucella_sp._458	2821140	S	23	52	75	0.00001
[Ochrobactrum]_quorumnocens	271865	S	326	53	379	0.00003
Brucella_pseudogrignonensis	419475	S	223	83	306	0.00003
Brucella_pituitosa	571256	S	82	35	117	0.00001
Brucella_melitensis	29459	S	39	1195	1234	0.00010
Brucella_inopinata	1218315	S	36	48	84	0.00001
Brucella_ovis	236	S	16	58	74	0.00001
Brucella_abortus	235	S	13	518	531	0.00004
Pseudochrobactrum_sp._XF203	2879116	S	81	80	161	0.00001
Pseudochrobactrum_sp._Wa41.01b-1	2864102	S	77	84	161	0.00001
Pseudochrobactrum_algeriensis	2834768	S	87	91	178	0.00001
Acuticoccus_sp._I52.16.1	2928472	S	5117	598	5715	0.00048
Kaistia_sp._32K	2795690	S	4744	1307	6051	0.00051
Hartmannibacter_diazotrophicus	1482074	S	3168	636	3804	0.00032
Breoghania_sp._L-A4	2304600	S	2931	427	3358	0.00028
Lichenihabitans_psoromatis	2528642	S	948	494	1442	0.00012
Lichenihabitans_sp._PAMC28606	2880932	S	812	491	1303	0.00011
Cohaesibacter_sp._ES.047	1798205	S	527	22	549	0.00005
Bartonella_apis	1686310	S	189	12	201	0.00002
Bartonella_sp._HY038	2759660	S	49	9	58	0.00000
Bartonella_sp._46A	2893471	S	11	13	24	0.00000
Bartonella_ancashensis	1318743	S	24	4	28	0.00000
Bartonella_australis	388640	S	24	3	27	0.00000
Bartonella_birtlesii	111504	S	15	6	21	0.00000
Bartonella_quintana	803	S	14	3	17	0.00000
Bartonella_vinsonii	33047	S	13	10	23	0.00000
Bartonella_henselae	38323	S	11	4	15	0.00000
Bartonella_clarridgeiae	56426	S	11	8	19	0.00000
Bartonella_tribocorum	85701	S	10	38	48	0.00000
Sphingomonas_sp._S8-45	2938948	S	15695	2041	17736	0.00148
Sphingomonas_sp._HDW15A	2714942	S	14976	1261	16237	0.00136
Sphingomonas_sp._DM2-R-LB4	2899123	S	9944	3581	13525	0.00113
Sphingomonas_sp._MM-1	745310	S	6559	8613	15172	0.00127
Sphingomonas_sp._CL5.1	2653203	S	5819	2115	7934	0.00066
Sphingomonas_sp._AK-PDB1-5	2872652	S	5656	994	6650	0.00056
Sphingomonas_sp._Cra20	1327635	S	5352	944	6296	0.00053
Sphingomonas_sp._AP4-R1	2735134	S	5038	690	5728	0.00048
Sphingomonas_sp._LM7	1938607	S	4824	1181	6005	0.00050
Sphingomonas_sp._NBWT7	2596913	S	4388	1536	5924	0.00049
Sphingomonas_sp._S2-65	2903960	S	4247	909	5156	0.00043
Sphingomonas_sp._AAP5	1523415	S	4142	1183	5325	0.00044
Sphingomonas_sp._FARSPH	2219696	S	4053	3575	7628	0.00064
Sphingomonas_sp._KC8	1030157	S	3320	450	3770	0.00031
Sphingomonas_sp._PAMC26645	2565555	S	3097	1190	4287	0.00036
Sphingomonas_sp._HMP9	1517554	S	3089	1575	4664	0.00039
Sphingomonas_sp._HMP6	1517551	S	2723	607	3330	0.00028
Sphingomonas_sp._LK11	1390395	S	2694	3101	5795	0.00048
Sphingomonas_sp._NIC1	1961362	S	1811	6512	8323	0.00070
Sphingomonas_sp._IC081	304378	S	563	3781	4344	0.00036
Sphingomonas_lutea	1045317	S	28722	3945	32667	0.00273
Sphingomonas_sediminicola	386874	S	24416	2515	26931	0.00225
Sphingomonas_sabuli	2764186	S	23557	3060	26617	0.00222
Sphingomonas_daechungensis	1176646	S	22457	2339	24796	0.00207
Sphingomonas_xanthus	2594473	S	21327	5169	26496	0.00221
Sphingomonas_rhizophila	2071607	S	20371	5658	26029	0.00217
Sphingomonas_sinipercae	2714944	S	20135	2863	22998	0.00192
Sphingomonas_ginsengisoli_An_et_al._2013	363835	S	19975	2914	22889	0.00191
Sphingomonas_piscis	2714943	S	13551	1323	14874	0.00124
Sphingomonas_profundi	2681549	S	7226	1234	8460	0.00071
Sphingomonas_alpina	653931	S	7045	631	7676	0.00064
Sphingomonas_sanxanigenens	397260	S	6665	3472	10137	0.00085
Sphingomonas_changnyeongensis	2698679	S	5423	1112	6535	0.00055
Sphingomonas_koreensis	93064	S	5006	4130	9136	0.00076
Sphingomonas_taxi	1549858	S	4529	1546	6075	0.00051
Sphingomonas_hengshuiensis	1609977	S	4358	615	4973	0.00042
Sphingomonas_panacis	1560345	S	4050	640	4690	0.00039
Sphingomonas_panacisoli	1813879	S	3828	559	4387	0.00037
Sphingomonas_suaedae	2599297	S	3778	531	4309	0.00036
Sphingomonas_radiodurans	2890321	S	3707	523	4230	0.00035
Sphingomonas_insulae	424800	S	3008	943	3951	0.00033
Sphingomonas_aliaeris	2759526	S	2891	388	3279	0.00027
Sphingomonas_paucimobilis	13689	S	2852	2071	4923	0.00041
Sphingomonas_sanguinis	33051	S	2585	2599	5184	0.00043
Sphingomonas_melonis	152682	S	1930	7558	9488	0.00079
Sphingomonas_lacunae	2698828	S	1744	233	1977	0.00017
Sphingomonas_paeninsulae	2319844	S	1207	52	1259	0.00011
Sphingobium_sp._SYK-6	627192	S	3594	986	4580	0.00038
Sphingobium_sp._TKS	1315974	S	2125	3027	5152	0.00043
Sphingobium_sp._Cam5-1	2789327	S	2027	730	2757	0.00023
Sphingobium_sp._YG1	2082188	S	1969	836	2805	0.00023
Sphingobium_sp._CAP-1	2676077	S	1944	1164	3108	0.00026
Sphingobium_sp._EP60837	1855519	S	1849	506	2355	0.00020
Sphingobium_sp._RAC03	1843368	S	1755	309	2064	0.00017
Sphingobium_sp._SCG-1	2072936	S	1682	126	1808	0.00015
Sphingobium_sp._KCTC_72723	2733867	S	1454	244	1698	0.00014
Sphingobium_sp._MI1205	407020	S	1307	1812	3119	0.00026
Sphingobium_sp._PAMC28499	2565554	S	470	749	1219	0.00010
Sphingobium_sp._YBL2	484429	S	384	2146	2530	0.00021
Sphingobium_sp._RSMS	520734	S	274	1359	1633	0.00014
Sphingobium_sp._LF-16	2185111	S	35	440	475	0.00004
Sphingobium_fuliginis	336203	S	4415	9893	14308	0.00120
Sphingobium_yanoikuyae	13690	S	3329	5530	8859	0.00074
Sphingobium_phenoxybenzoativorans	1592790	S	2496	1068	3564	0.00030
Sphingobium_indicum	332055	S	2356	1732	4088	0.00034
Sphingobium_amiense	135719	S	2294	2932	5226	0.00044
Sphingobium_cloacae	120107	S	2141	3260	5401	0.00045
Sphingobium_xenophagum	121428	S	1884	1240	3124	0.00026
Sphingobium_baderi	1332080	S	1656	1685	3341	0.00028
Sphingobium_chlorophenolicum	46429	S	1649	751	2400	0.00020
Sphingobium_herbicidovorans	76947	S	1259	1046	2305	0.00019
Sphingopyxis_sp._QXT-31	1357916	S	3579	1112	4691	0.00039
Sphingopyxis_sp._BSN-002	2911495	S	3429	674	4103	0.00034
Sphingopyxis_sp._YF1	2482763	S	3341	829	4170	0.00035
Sphingopyxis_sp._PAMC25046	2565556	S	3124	1534	4658	0.00039
Sphingopyxis_sp._OPL5	2486273	S	3113	657	3770	0.00031
Sphingopyxis_sp._113P3	292913	S	2770	1157	3927	0.00033
Sphingopyxis_sp._FD7	1914525	S	2608	1156	3764	0.00031
Sphingopyxis_sp._EG6	1874061	S	2407	1273	3680	0.00031
Sphingopyxis_sp._MG	1866325	S	153	1505	1658	0.00014
Sphingopyxis_macrogoltabida	33050	S	5431	2816	8247	0.00069
Sphingopyxis_terrae	33052	S	3342	1858	5200	0.00043
Sphingopyxis_lindanitolerans	2054227	S	2748	1378	4126	0.00034
Sphingopyxis_fribergensis	1515612	S	2679	1135	3814	0.00032
Sphingopyxis_alaskensis	117207	S	2330	569	2899	0.00024
Sphingopyxis_granuli	267128	S	2276	6635	8911	0.00074
Novosphingobium_sp._ES2-1	2780074	S	6521	2886	9407	0.00079
Novosphingobium_sp._Gsoil_351	2675225	S	4916	418	5334	0.00045
Novosphingobium_sp._EMRT-2	2571749	S	4229	2530	6759	0.00056
Novosphingobium_sp._Sx8-5	2896849	S	3296	440	3736	0.00031
Novosphingobium_sp._P6W	1609758	S	2367	378	2745	0.00023
Novosphingobium_sp._THN1	1016987	S	2301	669	2970	0.00025
Novosphingobium_sp._PP1Y	702113	S	1247	1447	2694	0.00023
Novosphingobium_sp._KA1	164608	S	557	3039	3596	0.00030
Novosphingobium_resinovorum	158500	S	3054	1576	4630	0.00039
Novosphingobium_aromaticivorans	48935	S	2890	1348	4238	0.00035
Novosphingobium_decolorationis	2698673	S	2485	1382	3867	0.00032
Novosphingobium_ginsenosidimutans	1176536	S	2473	257	2730	0.00023
Novosphingobium_pentaromativorans	205844	S	1080	1888	2968	0.00025
Rhizorhabdus_wittichii	160791	S	8162	5141	13303	0.00111
Rhizorhabdus_dicambivorans	1850238	S	4809	4329	9138	0.00076
Rhizorhabdus_phycosphaerae	2711156	S	3769	499	4268	0.00036
Allosphingosinicella_indica	941907	S	9465	1195	10660	0.00089
Sphingosinithalassobacter_sp._CS137	2762748	S	4187	907	5094	0.00043
Sphingosinithalassobacter_tenebrarum	2711215	S	2831	902	3733	0.00031
Parasphingopyxis_algicola	2026624	S	3673	236	3909	0.00033
Parasphingopyxis_sp._CP4	2724527	S	1055	44	1099	0.00009
Sphingorhabdus_sp._YGSMI21	2077182	S	1204	213	1417	0.00012
Sphingorhabdus_sp._SMR4y	2584094	S	1079	195	1274	0.00011
Sphingorhabdus_sp._M41	1806885	S	795	106	901	0.00008
Sphingorhabdus_lacus	392610	S	749	33	782	0.00007
Sphingorhabdus_lutea	1913578	S	102	8	110	0.00001
Blastomonas_sp._RAC04	1842535	S	924	1359	2283	0.00019
Blastomonas_fulva	1550728	S	780	1497	2277	0.00019
Tardibacter_chloracetimidivorans	1921510	S	3111	2640	5751	0.00048
Hankyongella_ginsenosidimutans	1763828	S	2957	596	3553	0.00030
Citromicrobium_sp._JL477	1634516	S	2064	949	3013	0.00025
Novosphingopyxis_iocasae	2762729	S	1903	1059	2962	0.00025
Parasphingorhabdus_sp._JHSY0214	2806553	S	376	22	398	0.00003
Parasphingorhabdus_halotolerans	2725558	S	375	14	389	0.00003
Parasphingorhabdus_litoris	394733	S	318	19	337	0.00003
Aquisediminimonas_profunda	1550733	S	1077	41	1118	0.00009
Erythrobacter_sp._HL-111	1798193	S	2917	565	3482	0.00029
Erythrobacter_sp._JK5	2829500	S	2187	686	2873	0.00024
Erythrobacter_sp._SDW2	2907154	S	2158	570	2728	0.00023
Erythrobacter_sp._HKB08	2502843	S	2066	458	2524	0.00021
Erythrobacter_sp._THAF29	2587851	S	1250	301	1551	0.00013
Erythrobacter_sp._KY5	2011159	S	1002	78	1080	0.00009
Erythrobacter_sp._A30-3	2785907	S	947	757	1704	0.00014
Erythrobacter_sp._LQ02-29	2920384	S	944	1103	2047	0.00017
Erythrobacter_sp._3-20A1M	2653850	S	941	1530	2471	0.00021
Erythrobacter_sp._SCSIO_43205	2779361	S	494	95	589	0.00005
Erythrobacter_litoralis	39960	S	3701	1589	5290	0.00044
Erythrobacter_neustonensis	1112	S	2639	600	3239	0.00027
Erythrobacter_mangrovi	2739433	S	1428	536	1964	0.00016
Erythrobacter_aureus	2182384	S	1121	205	1326	0.00011
Porphyrobacter_sp._CACIAM_03H1	2003315	S	5397	1589	6986	0.00058
Porphyrobacter_sp._LM_6	1896196	S	4441	1607	6048	0.00051
Porphyrobacter_sp._HT-58-2	2023229	S	3805	916	4721	0.00039
Porphyrobacter_sp._GA68	2883480	S	1335	545	1880	0.00016
Qipengyuania_flava	192812	S	3871	2185	6056	0.00051
Qipengyuania_sediminis	1532023	S	2346	332	2678	0.00022
Qipengyuania_soli	2782568	S	1662	306	1968	0.00016
Qipengyuania_aurantiaca	2867233	S	1440	479	1919	0.00016
Qipengyuania_gelatinilytica	2867231	S	1138	218	1356	0.00011
Qipengyuania_seohaensis	266951	S	1011	220	1231	0.00010
Qipengyuania_xiapuensis	2867236	S	776	790	1566	0.00013
Qipengyuania_aquimaris	255984	S	732	755	1487	0.00012
Qipengyuania_psychrotolerans	2867238	S	645	81	726	0.00006
Altererythrobacter_sp._B11	2060312	S	3350	1621	4971	0.00042
Altererythrobacter_sp._TH136	2067415	S	2402	459	2861	0.00024
Altererythrobacter_sp._BO-6	2604537	S	1473	242	1715	0.00014
Altererythrobacter_sp._ZODW24	2185142	S	532	26	558	0.00005
Altererythrobacter_epoxidivorans	361183	S	1136	336	1472	0.00012
Altererythrobacter_ishigakiensis	476157	S	462	36	498	0.00004
Tsuneonella_dongtanensis	692370	S	2844	570	3414	0.00029
Tsuneonella_amylolytica	2338327	S	2809	819	3628	0.00030
Tsuneonella_mangrovi	1982042	S	1968	302	2270	0.00019
Tsuneonella_flava	2055955	S	814	246	1060	0.00009
Croceicoccus_sp._YJ47	2798724	S	1535	811	2346	0.00020
Croceicoccus_sp._Ery5	1703340	S	594	656	1250	0.00010
Croceicoccus_sp._Ery15	1703338	S	556	891	1447	0.00012
Croceicoccus_marinus	450378	S	2870	1554	4424	0.00037
Croceicoccus_naphthovorans	1348774	S	1292	1541	2833	0.00024
Pelagerythrobacter_marensis	543877	S	1682	238	1920	0.00016
Aurantiacibacter_gangjinensis	502682	S	1132	112	1244	0.00010
Aurantiacibacter_atlanticus	1648404	S	523	179	702	0.00006
Croceibacterium_atlanticum	1267766	S	1580	696	2276	0.00019
Paraurantiacibacter_namhicola	645517	S	1541	202	1743	0.00015
Sphingosinicella_sp._BN140058	1892855	S	8347	766	9113	0.00076
Sphingosinicella_flava	2771430	S	4325	640	4965	0.00041
Sphingosinicella_microcystinivorans	335406	S	3819	499	4318	0.00036
Polymorphobacter_sp._PAMC_29362	2835787	S	2122	1346	3468	0.00029
Polymorphobacter_sp._PAMC_29334	2862331	S	1982	1297	3279	0.00027
Sandaracinobacter_sp._M6	2759707	S	2694	194	2888	0.00024
Zymomonas_mobilis	542	S	167	129	296	0.00002
Azospirillum_sp._B510	137722	S	2599	1008	3607	0.00030
Azospirillum_sp._TSH100	652764	S	2234	1069	3303	0.00028
Azospirillum_sp._TSA2s	709810	S	2052	1643	3695	0.00031
Azospirillum_sp._TSH58	664962	S	1567	2183	3750	0.00031
Azospirillum_brasilense	192	S	8626	7885	16511	0.00138
Azospirillum_thermophilum	2202148	S	6616	1499	8115	0.00068
Azospirillum_thiophilum	528244	S	3436	1150	4586	0.00038
Azospirillum_ramasamyi	682998	S	2139	1270	3409	0.00028
Azospirillum_humicireducens	1226968	S	1764	1076	2840	0.00024
Azospirillum_lipoferum	193	S	1620	1246	2866	0.00024
Azospirillum_oryzae	286727	S	1530	1383	2913	0.00024
Azospirillum_baldaniorum	1064539	S	1064	2269	3333	0.00028
Skermanella_mucosa	1789672	S	3135	2330	5465	0.00046
Skermanella_sp._TT6	2775420	S	2829	3123	5952	0.00050
Skermanella_rosea	1817965	S	2714	2651	5365	0.00045
Skermanella_pratensis	2233999	S	2633	1551	4184	0.00035
Nitrospirillum_amazonense	28077	S	3779	442	4221	0.00035
Indioceanicola_profundi	2220096	S	3302	463	3765	0.00031
Niveispirillum_cyanobacteriorum	1612173	S	2098	234	2332	0.00019
Roseomonas_sp._OT10	2897332	S	5817	1456	7273	0.00061
Roseomonas_sp._S08	1750527	S	5385	320	5705	0.00048
Roseomonas_sp._FDAARGOS_362	2018065	S	378	2097	2475	0.00021
Roseomonas_gilardii	257708	S	4237	1957	6194	0.00052
Roseomonas_haemaphysalidis	2768162	S	3795	409	4204	0.00035
Roseomonas_marmotae	2768161	S	3412	365	3777	0.00032
Roseomonas_mucosa	207340	S	317	2049	2366	0.00020
Rhodovastum_atsumiense	504468	S	5161	485	5646	0.00047
Komagataeibacter_xylinus	28448	S	1084	1811	2895	0.00024
Komagataeibacter_saccharivorans	265959	S	514	169	683	0.00006
Komagataeibacter_oboediens	65958	S	340	153	493	0.00004
Komagataeibacter_nataicola	265960	S	304	132	436	0.00004
Komagataeibacter_medellinensis	1177712	S	291	219	510	0.00004
Komagataeibacter_europaeus	33995	S	269	126	395	0.00003
Komagataeibacter_rhaeticus	215221	S	19	326	345	0.00003
Roseococcus_microcysteis	2771361	S	3652	315	3967	0.00033
Acidiphilium_multivorum	62140	S	787	3039	3826	0.00032
Acidiphilium_cryptum	524	S	166	1007	1173	0.00010
Sediminicoccus_rosea	1225128	S	2557	122	2679	0.00022
Acidibrevibacterium_fodinaquatile	1969806	S	2401	200	2601	0.00022
Lichenicola_cladoniae	1484109	S	2382	107	2489	0.00021
Acetobacter_aceti	435	S	992	335	1327	0.00011
Acetobacter_persici	1076596	S	226	26	252	0.00002
Acetobacter_sp._KACC_21233	2592655	S	211	38	249	0.00002
Acetobacter_sp._JWB	2259883	S	10	469	479	0.00004
Acetobacter_ghanensis	431306	S	168	36	204	0.00002
Acetobacter_pasteurianus	438	S	109	95	204	0.00002
Acetobacter_senegalensis	446692	S	57	33	90	0.00001
Acetobacter_tropicalis	104102	S	56	26	82	0.00001
Acetobacter_orientalis	146474	S	51	6	57	0.00000
Acetobacter_ascendens	481146	S	46	39	85	0.00001
Acetobacter_oryzoeni	2500548	S	28	24	52	0.00000
Gluconobacter_oxydans	442	S	584	608	1192	0.00010
Gluconobacter_albidus	318683	S	273	46	319	0.00003
Gluconobacter_sphaericus	574987	S	233	51	284	0.00002
Gluconobacter_frateurii	38308	S	152	36	188	0.00002
Gluconobacter_thailandicus	257438	S	56	41	97	0.00001
Gluconacetobacter_diazotrophicus	33996	S	1449	276	1725	0.00014
Granulibacter_bethesdensis	364410	S	1021	88	1109	0.00009
Asaia_bogorensis	91915	S	678	107	785	0.00007
Neoasaia_chiangmaiensis	320497	S	676	124	800	0.00007
Kozakia_baliensis	153496	S	431	137	568	0.00005
Novacetimonas_hansenii	436	S	379	163	542	0.00005
Oecophyllibacter_saccharovorans	2558360	S	337	10	347	0.00003
Parasaccharibacter_sp._TMW_2.1888	2268025	S	17	107	124	0.00001
Parasaccharibacter_apium	1510841	S	14	86	100	0.00001
Swingsia_sp._F3b2	2558361	S	144	3	147	0.00001
Swingsia_samuiensis	1293412	S	24	3	27	0.00000
Neokomagataea_tanensis	661191	S	76	11	87	0.00001
Entomobacter_blattae	2762277	S	44	3	47	0.00000
Bombella_sp._KACC_21507	2697033	S	26	2	28	0.00000
Hypericibacter_adhaerens	2602016	S	11076	2157	13233	0.00111
Hypericibacter_terrae	2602015	S	8833	1370	10203	0.00085
Ferrovibrio_terrae	2594003	S	13880	876	14756	0.00123
Magnetospirillum_sp._XM-1	1663591	S	1970	622	2592	0.00022
Magnetospirillum_sp._ME-1	1639348	S	1730	594	2324	0.00019
Magnetospirillum_gryphiswaldense	55518	S	2468	167977	170445	0.01424
Magnetospirillum_magneticum	84159	S	2030	206	2236	0.00019
Rhodospirillum_centenum	34018	S	4404	620	5024	0.00042
Rhodospirillum_rubrum	1085	S	2024	235	2259	0.00019
Tistrella_mobilis	171437	S	4488	1697	6185	0.00052
Defluviicoccus_vanus	111831	S	2328	212	2540	0.00021
Pararhodospirillum_photometricum	1084	S	1445	106	1551	0.00013
Haematospirillum_jordaniae	1549855	S	239	19	258	0.00002
Candidatus_Endolissoclinum_faulkneri	1263979	S	110	0	110	0.00001
Stella_humosa	94	S	9722	666	10388	0.00087
Elioraea_tepida	2843330	S	4414	218	4632	0.00039
Thalassospira_sp._A40-3	2785908	S	208	95	303	0.00003
Thalassospira_sp._B30-1	2785911	S	144	249	393	0.00003
Thalassospira_marina	2048283	S	352	21	373	0.00003
Thalassospira_indica	1891279	S	233	154	387	0.00003
Thalassospira_xiamenensis	220697	S	115	191	306	0.00003
Magnetospira_sp._QH-2	1288970	S	988	31	1019	0.00009
Terasakiella_sp._SH-1	2560057	S	99	2	101	0.00001
Paracoccus_sp._MC1862	2760307	S	1619	186	1805	0.00015
Paracoccus_sp._MA	2895796	S	1269	730	1999	0.00017
Paracoccus_sp._AK26	2589076	S	1268	223	1491	0.00012
Paracoccus_sp._S8-55	2903900	S	748	104	852	0.00007
Paracoccus_sp._H4-D09	2812658	S	701	159	860	0.00007
Paracoccus_sp._Arc7-R13	2500532	S	530	588	1118	0.00009
Paracoccus_sanguinis	1545044	S	2418	688	3106	0.00026
Paracoccus_liaowanqingii	2560053	S	1605	198	1803	0.00015
Paracoccus_yeei	147645	S	1466	2483	3949	0.00033
Paracoccus_denitrificans	266	S	1421	702	2123	0.00018
Paracoccus_pantotrophus	82367	S	1373	828	2201	0.00018
Paracoccus_aminovorans	34004	S	1349	422	1771	0.00015
Paracoccus_zhejiangensis	1077935	S	1327	353	1680	0.00014
Paracoccus_suum	2259340	S	1282	254	1536	0.00013
Paracoccus_contaminans	1945662	S	1224	304	1528	0.00013
Paracoccus_jeotgali	2065379	S	1121	238	1359	0.00011
Paracoccus_aminophilus	34003	S	928	101	1029	0.00009
Paracoccus_tegillarcae	1529068	S	639	41	680	0.00006
Paracoccus_kondratievae	135740	S	563	119	682	0.00006
Paracoccus_marcusii	59779	S	451	438	889	0.00007
Paracoccus_mutanolyticus	1499308	S	195	707	902	0.00008
Cereibacter_sphaeroides	1063	S	5172	2206	7378	0.00062
Cereibacter_azotoformans	43057	S	523	1893	2416	0.00020
Rhodobacter_sp._CZR27	2033869	S	2081	742	2823	0.00024
Rhodobacter_sp._N10	2807096	S	1771	236	2007	0.00017
Rhodobacter_sp._LPB0142	1850250	S	1548	1095	2643	0.00022
Rhodobacter_capsulatus	1061	S	1808	400	2208	0.00018
Rhodovulum_sp._P5	1564506	S	989	120	1109	0.00009
Rhodovulum_sp._MB263	308754	S	936	402	1338	0.00011
Rhodovulum_sulfidophilum	35806	S	1499	978	2477	0.00021
Paroceanicella_profunda	2579971	S	3354	959	4313	0.00036
Polymorphum_gilvum	991904	S	3193	846	4039	0.00034
Pikeienuella_piscinae	2748098	S	2437	255	2692	0.00022
Thioclava_nitratireducens	1915078	S	969	342	1311	0.00011
Thioclava_electrotropha	1549850	S	927	240	1167	0.00010
Pontivivens_ytuae	2789856	S	2136	172	2308	0.00019
Silicimonas_algicola	1826607	S	2079	136	2215	0.00019
Pelagovum_pacificum	2588711	S	1910	262	2172	0.00018
Frigidibacter_mobilis	1335048	S	1553	690	2243	0.00019
Pukyongiella_litopenaei	2605946	S	1284	345	1629	0.00014
Tabrizicola_piscis	2494374	S	1280	127	1407	0.00012
Fuscovulum_blasticum	1075	S	1265	178	1443	0.00012
Brevirhabdus_pacifica	1267768	S	1253	648	1901	0.00016
Gymnodinialimonas_ceratoperidinii	2856823	S	1087	113	1200	0.00010
Haematobacter_massiliensis	195105	S	1066	470	1536	0.00013
Gemmobacter_aquarius	2169400	S	1012	205	1217	0.00010
Falsirhodobacter_sp._PG104	2692330	S	1001	157	1158	0.00010
Pseudopuniceibacterium_antarcticum	2613965	S	860	74	934	0.00008
Pacificitalea_manganoxidans	1411902	S	808	199	1007	0.00008
Monaibacterium_sp._h42	2758038	S	794	206	1000	0.00008
Pseudooceanicola_algae	1537215	S	793	86	879	0.00007
Roseicitreum_antarcticum	564137	S	700	40	740	0.00006
Yoonia_vestfoldensis	245188	S	513	129	642	0.00005
Tritonibacter_mobilis	379347	S	510	245	755	0.00006
Qingshengfaniella_alkalisoli	2599296	S	467	27	494	0.00004
Pseudohalocynthiibacter_aestuariivivens	1591409	S	463	104	567	0.00005
Rhodophyticola_sp._CCM32	2916397	S	426	14	440	0.00004
Rhodobaca_barguzinensis	441209	S	379	18	397	0.00003
Profundibacter_amoris	2171755	S	347	13	360	0.00003
Pseudorhodobacter_turbinis	2500533	S	307	21	328	0.00003
Parasedimentitalea_marina	2483033	S	259	12	271	0.00002
Aestuarium_zhoushanense	2820523	S	257	116	373	0.00003
Cognatishimia_activa	1715691	S	256	12	268	0.00002
Planktomarina_temperata	1284658	S	139	3	142	0.00001
Roseovarius_sp._SCSIO_43702	2823043	S	1669	140	1809	0.00015
Roseovarius_sp._THAF9	2587847	S	806	218	1024	0.00009
Roseovarius_sp._THAF8	2587846	S	303	517	820	0.00007
Roseovarius_sp._THAF27	2587850	S	303	554	857	0.00007
Roseovarius_sp._TM1035	391613	S	119	296	415	0.00003
Roseovarius_indicus	540747	S	1967	682	2649	0.00022
Roseovarius_faecimaris	2494550	S	758	35	793	0.00007
Roseovarius_mucosus	215743	S	118	294	412	0.00003
Sulfitobacter_sp._THAF37	2587855	S	842	382	1224	0.00010
Sulfitobacter_sp._JK7-1	2829501	S	776	45	821	0.00007
Sulfitobacter_sp._D7	1968541	S	362	149	511	0.00004
Sulfitobacter_sp._JL08	2070369	S	328	8	336	0.00003
Sulfitobacter_sp._SK011	1389004	S	302	8	310	0.00003
Sulfitobacter_sp._DSM_110093	2883127	S	233	69	302	0.00003
Sulfitobacter_sp._BSw21498	664426	S	196	33	229	0.00002
Sulfitobacter_sp._SK012	1389005	S	196	4	200	0.00002
Sulfitobacter_sp._SK025	1389011	S	91	198	289	0.00002
Sulfitobacter_sp._CB2047	1525218	S	62	176	238	0.00002
Sulfitobacter_sp._B30-2	2785912	S	37	83	120	0.00001
Sulfitobacter_alexandrii	1917485	S	1124	626	1750	0.00015
Sulfitobacter_mediterraneus	83219	S	576	63	639	0.00005
Sulfitobacter_indolifex	225422	S	368	86	454	0.00004
Sulfitobacter_dubius	218673	S	307	138	445	0.00004
Sulfitobacter_pontiacus	60137	S	139	302	441	0.00004
Salipiger_profundus	1229727	S	2218	1076	3294	0.00028
Salipiger_abyssi	1250539	S	1588	694	2282	0.00019
Salipiger_sp._CCB-MM3	1792508	S	1437	218	1655	0.00014
Roseivivax_sp._THAF30	2587852	S	1206	283	1489	0.00012
Roseivivax_sp._THAF197b	2588299	S	40	697	737	0.00006
Roseivivax_sp._THAF40	2587858	S	23	519	542	0.00005
Roseivivax_marinus	1379903	S	2119	366	2485	0.00021
Celeribacter_indicus	1208324	S	1785	951	2736	0.00023
Celeribacter_ethanolicus	1758178	S	634	237	871	0.00007
Celeribacter_baekdonensis	875171	S	280	81	361	0.00003
Celeribacter_marinus	1397108	S	192	7	199	0.00002
Phaeobacter_gallaeciensis	60890	S	765	340	1105	0.00009
Phaeobacter_inhibens	221822	S	611	251	862	0.00007
Phaeobacter_piscinae	1580596	S	281	235	516	0.00004
Phaeobacter_porticola	1844006	S	171	55	226	0.00002
Phaeobacter_sp._LSS9	681157	S	80	123	203	0.00002
Leisingera_aquaemixtae	1396826	S	927	183	1110	0.00009
Leisingera_sp._NJS204	2508307	S	167	274	441	0.00004
Leisingera_sp._NJS201	2508306	S	164	254	418	0.00003
Leisingera_methylohalidivorans	133924	S	589	145	734	0.00006
Ruegeria_sp._TM1040	292414	S	356	64	420	0.00004
Ruegeria_sp._THAF33	2587853	S	313	86	399	0.00003
Ruegeria_sp._SCSIO_43209	2793010	S	285	57	342	0.00003
Ruegeria_sp._AD91A	2293862	S	248	29	277	0.00002
Ruegeria_pomeroyi	89184	S	999	198	1197	0.00010
Yangia_pacifica	311180	S	1950	351	2301	0.00019
Sagittula_sp._P11	2009329	S	1841	841	2682	0.00022
Sulfitobacter_pseudonitzschiae	1402135	S	1182	457	1639	0.00014
Pseudosulfitobacter_sp._DSM_107133	2883100	S	475	212	687	0.00006
Ponticoccus_alexandrii	1943633	S	1402	227	1629	0.00014
Mameliella_alba	561184	S	1366	278	1644	0.00014
Dinoroseobacter_shibae	215813	S	1338	535	1873	0.00016
Roseobacter_ponti	1891787	S	495	14	509	0.00004
Roseobacter_denitrificans	2434	S	305	40	345	0.00003
Roseobacter_litoralis	42443	S	281	41	322	0.00003
Roseibacterium_elongatum	159346	S	1029	92	1121	0.00009
Ketogulonicigenium_vulgare	92945	S	546	101	647	0.00005
Ketogulonicigenium_robustum	92947	S	426	60	486	0.00004
Octadecabacter_sp._SW4	2602067	S	405	64	469	0.00004
Octadecabacter_arcticus	53946	S	214	20	234	0.00002
Octadecabacter_antarcticus	1217908	S	186	15	201	0.00002
Octadecabacter_temperatus	1458307	S	158	3	161	0.00001
Actibacterium_sp._EMB200-NS6	1609966	S	973	518	1491	0.00012
Oceanicola_sp._D3	2587163	S	946	51	997	0.00008
Maribius_sp._THAF1	2587842	S	695	37	732	0.00006
Thalassococcus_sp._S3	2017482	S	678	18	696	0.00006
Antarctobacter_heliothermus	74033	S	666	37	703	0.00006
Tateyamaria_omphalii	299262	S	633	22	655	0.00005
Jannaschia_sp._CCS1	290400	S	616	17	633	0.00005
Thalassobius_gelatinovorus	53501	S	377	21	398	0.00003
Falsihalocynthiibacter_arcticus	1579316	S	152	5	157	0.00001
Phenylobacterium_zucineum	284016	S	39808	7083	46891	0.00392
Phenylobacterium_parvum	2201350	S	3045	279	3324	0.00028
Caulobacter_segnis	88688	S	7271	3266	10537	0.00088
Caulobacter_sp._S6	2823693	S	5016	489	5505	0.00046
Caulobacter_sp._FWC26	69665	S	2046	836	2882	0.00024
Caulobacter_mirabilis	69666	S	5615	905	6520	0.00054
Caulobacter_vibrioides	155892	S	4393	1642	6035	0.00050
Caulobacter_flavus	1679497	S	4065	1012	5077	0.00042
Caulobacter_rhizosphaerae	2010972	S	3355	879	4234	0.00035
Caulobacter_soli	2708539	S	3003	861	3864	0.00032
Caulobacter_henricii	69395	S	1614	246	1860	0.00016
Brevundimonas_sp._M20	2591463	S	3008	404	3412	0.00029
Brevundimonas_sp._MF30-B	2561924	S	2066	286	2352	0.00020
Brevundimonas_sp._PAMC22021	2861285	S	1997	394	2391	0.00020
Brevundimonas_sp._LM2	1938605	S	1974	302	2276	0.00019
Brevundimonas_sp._AJA228-03	2752515	S	1355	160	1515	0.00013
Brevundimonas_sp._SGAir0440	2579977	S	437	397	834	0.00007
Brevundimonas_sp._DS20	1532555	S	431	995	1426	0.00012
Brevundimonas_sp._CS1	2813778	S	415	388	803	0.00007
Brevundimonas_sp._Bb-A	2560058	S	412	807	1219	0.00010
Brevundimonas_sp._'scallop'	2562582	S	323	542	865	0.00007
Brevundimonas_sp._GW460-12-10-14-LB2	1827469	S	320	525	845	0.00007
Brevundimonas_naejangsanensis	588932	S	3349	1042	4391	0.00037
Brevundimonas_goettingensis	2774190	S	2282	318	2600	0.00022
Brevundimonas_albigilva	1312364	S	2260	1157	3417	0.00029
Brevundimonas_subvibrioides	74313	S	1809	290	2099	0.00018
Brevundimonas_pondensis	2774189	S	1452	410	1862	0.00016
Brevundimonas_vitisensis	2800818	S	1426	155	1581	0.00013
Brevundimonas_diminuta	293	S	1342	2409	3751	0.00031
Brevundimonas_mediterranea	74329	S	1268	451	1719	0.00014
Brevundimonas_nasdae	172043	S	1090	667	1757	0.00015
Brevundimonas_vesicularis	41276	S	322	687	1009	0.00008
Brevundimonas_vancanneytii	1325724	S	318	1165	1483	0.00012
Terricaulis_silvestris	2686094	S	3856	132	3988	0.00033
Asticcacaulis_excentricus	78587	S	1097	174	1271	0.00011
Asticcacaulis_sp._AND118	2840468	S	985	152	1137	0.00010
Micavibrio_aeruginosavorus	349221	S	39465	540	40005	0.00334
Candidatus_Puniceispirillum_marinum	767892	S	84	2	86	0.00001
Hyphomonas_sp._CACIAM_19H1	1873716	S	876	123	999	0.00008
Hyphomonas_sp._Mor2	1906738	S	519	11	530	0.00004
Hyphomonas_sp._KY3	2016196	S	458	56	514	0.00004
Hyphomonas_neptunium	81032	S	783	79	862	0.00007
Candidatus_Viadribacter_manganicus	1759059	S	2020	55	2075	0.00017
Hirschia_baltica	2724	S	27	0	27	0.00000
Marinicauda_algicola	2029849	S	2621	476	3097	0.00026
Maricaulis_maris	74318	S	817	56	873	0.00007
Glycocaulis_alkaliphilus	1434191	S	744	42	786	0.00007
Hyphobacterium_sp._CCMP332	2749086	S	510	20	530	0.00004
Aquisalinus_flavus	1526572	S	1114	54	1168	0.00010
Parvularcula_bermudensis	208216	S	437	57	494	0.00004
Anaplasma_ovis	142058	S	124	18	142	0.00001
Anaplasma_platys	949	S	58	7	65	0.00001
Anaplasma_marginale	770	S	21	28	49	0.00000
Anaplasma_centrale	769	S	12	12	24	0.00000
Anaplasma_phagocytophilum	948	S	11	1	12	0.00000
Wolbachia_endosymbiont_of_Litomosoides_sigmodontis	80850	S	14	30	44	0.00000
Wolbachia_endosymbiont_of_Dirofilaria_(Dirofilaria)_immitis	1812115	S	10	12	22	0.00000
Ehrlichia_ruminantium	779	S	24	12	36	0.00000
Rickettsia_tillamookensis	2761623	S	69	24	93	0.00001
Rickettsia_conorii	781	S	12	35	47	0.00000
Rickettsia_endosymbiont_of_Oedothorax_gibbosus	931099	S	16	1	17	0.00000
Rickettsia_endosymbiont_of_Bemisia_tabaci	337479	S	10	8	18	0.00000
Rickettsia_typhi	785	S	10	3	13	0.00000
Orientia_tsutsugamushi	784	S	19	0	19	0.00000
Candidatus_Phycorickettsia_trachydisci	2115978	S	40	1	41	0.00000
Candidatus_Midichloria_mitochondrii	234827	S	29	1	30	0.00000
Candidatus_Fokinia_solitaria	1802984	S	14	0	14	0.00000
Rickettsiales_endosymbiont_of_Stachyamoeba_lipophora	2486578	S	25	1	26	0.00000
Candidatus_Deianiraea_vastatrix	2163644	S	14	0	14	0.00000
Paremcibacter_congregatus	2043170	S	367	10	377	0.00003
Luteithermobacter_gelatinilyticus	2582913	S	349	56	405	0.00003
Candidatus_Hydrogenosomobacter_endosymbioticus	2558174	S	40	0	40	0.00000
Candidatus_Cytomitobacter_indipagum	2601575	S	14	3	17	0.00000
Candidatus_Cytomitobacter_primus	2066024	S	10	2	12	0.00000
Candidatus_Gromoviella_agglomerans	2806609	S	24	0	24	0.00000
endosymbiont_of_Acanthamoeba_sp._UWC8	86106	S	20	0	20	0.00000
Candidatus_Nesciobacter_abundans	2601668	S	18	1	19	0.00000
Candidatus_Nucleicultrix_amoebiphila	1509244	S	96	4	100	0.00001
Candidatus_Paracaedibacter_acanthamoebae	91604	S	72	2	74	0.00001
Magnetococcus_marinus	1124597	S	184	4	188	0.00002
Candidatus_Fonsibacter_ubiquis	1925548	S	41	2	43	0.00000
Kordiimonas_pumila	2161677	S	81	1	82	0.00001
Variovorax_sp._HW608	1034889	S	9312	1576	10888	0.00091
Variovorax_sp._WDL1	207745	S	5319	7762	13081	0.00109
Variovorax_sp._PBS-H4	434008	S	5308	3297	8605	0.00072
Variovorax_sp._RA8	662548	S	5085	3924	9009	0.00075
Variovorax_sp._PBL-H6	434009	S	4721	4516	9237	0.00077
Variovorax_sp._PAMC_28711	1795631	S	3997	686	4683	0.00039
Variovorax_sp._RKNM96	2681552	S	3626	1455	5081	0.00042
Variovorax_sp._PAMC26660	2762322	S	3172	830	4002	0.00033
Variovorax_sp._PAMC28562	2762323	S	3131	271	3402	0.00028
Variovorax_sp._SRS16	282217	S	2439	5578	8017	0.00067
Variovorax_sp._38R	2774875	S	2077	2708	4785	0.00040
Variovorax_sp._PBL-E5	434014	S	2043	5416	7459	0.00062
Variovorax_sp._PDNC026	2811425	S	62	2469	2531	0.00021
Variovorax_sp._PMC12	2126319	S	42	2148	2190	0.00018
Variovorax_paradoxus	34073	S	19115	17190	36305	0.00303
Variovorax_boronicumulans	436515	S	2764	2158	4922	0.00041
Hydrogenophaga_sp._BA0156	2716225	S	13693	9639	23332	0.00195
Hydrogenophaga_sp._YM1	2806262	S	7950	4046	11996	0.00100
Hydrogenophaga_sp._PBC	795665	S	7562	8364	15926	0.00133
Hydrogenophaga_sp._BPS33	2651974	S	5443	4217	9660	0.00081
Hydrogenophaga_sp._SL48	2806347	S	5122	1255	6377	0.00053
Hydrogenophaga_sp._RAC07	1842537	S	4089	1387	5476	0.00046
Hydrogenophaga_sp._PBL-H3	434010	S	4013	3557	7570	0.00063
Hydrogenophaga_sp._NH-16	2184519	S	2472	5173	7645	0.00064
Hydrogenophaga_sp._PAMC20947	2565558	S	1852	125	1977	0.00017
Hydrogenophaga_taeniospiralis	65656	S	4620	1393	6013	0.00050
Hydrogenophaga_pseudoflava	47421	S	2406	3963	6369	0.00053
Hydrogenophaga_crassostreae	1763535	S	1605	102	1707	0.00014
Acidovorax_sp._YS12	2738413	S	3594	3046	6640	0.00055
Acidovorax_sp._RAC01	1842533	S	2629	2165	4794	0.00040
Acidovorax_sp._KKS102	358220	S	2511	1845	4356	0.00036
Acidovorax_sp._JMULE5	2518343	S	2410	769	3179	0.00027
Acidovorax_sp._HDW3	2714923	S	2166	1486	3652	0.00031
Acidovorax_sp._1608163	2478662	S	1797	424	2221	0.00019
Acidovorax_sp._T1	1858609	S	1532	5346	6878	0.00057
Acidovorax_monticola	1926868	S	8710	3668	12378	0.00103
Acidovorax_avenae	80867	S	6591	4684	11275	0.00094
Acidovorax_antarcticus	2743470	S	3531	2573	6104	0.00051
Acidovorax_carolinensis	553814	S	3094	2676	5770	0.00048
Acidovorax_citrulli	80869	S	2068	2816	4884	0.00041
Acidovorax_radicis	758826	S	1798	394	2192	0.00018
Acidovorax_cattleyae	80868	S	1613	1278	2891	0.00024
Rhodoferax_sp._BAB1	2741720	S	31142	8857	39999	0.00334
Rhodoferax_sp._AJA081-3	2752316	S	1662	120	1782	0.00015
Rhodoferax_sp._PAMC_29310	2822760	S	982	110	1092	0.00009
Rhodoferax_sp._MIZ03	2798804	S	816	81	897	0.00007
Rhodoferax_koreense	1842727	S	5584	2776	8360	0.00070
Rhodoferax_sediminis	2509614	S	4861	767	5628	0.00047
Rhodoferax_ferrireducens	192843	S	2153	146	2299	0.00019
Rhodoferax_saidenbachensis	1484693	S	1858	206	2064	0.00017
Rhodoferax_antarcticus	81479	S	998	77	1075	0.00009
Rhodoferax_aquaticus	2527691	S	612	62	674	0.00006
Ramlibacter_tataouinensis	94132	S	46460	20116	66576	0.00556
Comamonas_sp._NLF-7-7	2597701	S	2414	1956	4370	0.00037
Comamonas_sp._NLF-1-9	2853163	S	1994	1229	3223	0.00027
Comamonas_sp._B21-038	2918299	S	1246	293	1539	0.00013
Comamonas_sp._Y33R10-2	2853257	S	468	88	556	0.00005
Comamonas_aquatica	225991	S	3497	3307	6804	0.00057
Comamonas_serinivorans	1082851	S	2933	802	3735	0.00031
Comamonas_testosteroni	285	S	1864	2500	4364	0.00036
Comamonas_thiooxydans	363952	S	1637	3084	4721	0.00039
Comamonas_odontotermitis	379895	S	1139	221	1360	0.00011
Comamonas_koreensis	160825	S	1111	658	1769	0.00015
Comamonas_kerstersii	225992	S	926	482	1408	0.00012
Comamonas_piscis	1562974	S	916	171	1087	0.00009
Comamonas_fluminis	2796366	S	809	335	1144	0.00010
Diaphorobacter_sp._HDW4A	2714924	S	1840	1707	3547	0.00030
Diaphorobacter_sp._HDW4B	2714925	S	1744	225	1969	0.00016
Diaphorobacter_sp._MNS-0	2866628	S	369	2861	3230	0.00027
Diaphorobacter_sp._JS3051	2792224	S	334	5056	5390	0.00045
Diaphorobacter_sp._JS3050	2735554	S	274	2837	3111	0.00026
Diaphorobacter_ruginosibacter	1715720	S	2631	496	3127	0.00026
Diaphorobacter_aerolatus	1288495	S	1912	2752	4664	0.00039
Diaphorobacter_nitroreducens	164759	S	583	1504	2087	0.00017
[Acidovorax]_ebreus	721785	S	555	2982	3537	0.00030
Schlegelella_thermodepolymerans	215580	S	8021	3845	11866	0.00099
Schlegelella_brevitalea	413882	S	5644	809	6453	0.00054
Polaromonas_sp._JS666	296591	S	4513	3956	8469	0.00071
Polaromonas_naphthalenivorans	216465	S	3232	530	3762	0.00031
Polaromonas_vacuolata	37448	S	325	35	360	0.00003
Delftia_tsuruhatensis	180282	S	2608	6682	9290	0.00078
Delftia_acidovorans	80866	S	1840	3265	5105	0.00043
Delftia_lacustris	558537	S	1245	6659	7904	0.00066
Delftia_sp._Cs1-4	742013	S	208	459	667	0.00006
Delftia_sp._HK171	1920191	S	122	311	433	0.00004
Ottowia_sp._27C	2816950	S	3593	709	4302	0.00036
Ottowia_sp._oral_taxon_894	1658672	S	1310	183	1493	0.00012
Ottowia_oryzae	2109914	S	2841	655	3496	0.00029
Kinneretia_sp._DAIF2	2714952	S	5415	1901	7316	0.00061
Kinneretia_sp._XES5	2877940	S	1380	1501	2881	0.00024
Alicycliphilus_denitrificans	179636	S	6585	11050	17635	0.00147
Melaminivora_sp._SC2-9	2109913	S	3093	3507	6600	0.00055
Melaminivora_jejuensis	1267217	S	2496	1882	4378	0.00037
Hylemonella_gracilis	80880	S	5197	758	5955	0.00050
Serpentinimonas_maccroryi	1458426	S	2199	748	2947	0.00025
Serpentinimonas_raichei	1458425	S	1844	681	2525	0.00021
Verminephrobacter_eiseniae	364317	S	2798	347	3145	0.00026
Pulveribacter_suum	2116657	S	2652	1400	4052	0.00034
Simplicispira_suum	2109915	S	2137	795	2932	0.00024
Limnohabitans_sp._63ED37-2	1678128	S	1604	181	1785	0.00015
Limnohabitans_sp._103DPR2	1678129	S	417	32	449	0.00004
Curvibacter_sp._AEP1-3	1844971	S	1242	92	1334	0.00011
Candidatus_Symbiobacter_mobilis	1436290	S	708	24	732	0.00006
Burkholderia_ubonensis	101571	S	5305	3284	8589	0.00072
Burkholderia_multivorans	87883	S	5250	2174	7424	0.00062
Burkholderia_cenocepacia	95486	S	3904	11815	15719	0.00131
Burkholderia_cepacia	292	S	3237	9332	12569	0.00105
Burkholderia_pyrrocinia	60550	S	2092	1130	3222	0.00027
Burkholderia_contaminans	488447	S	1878	1157	3035	0.00025
Burkholderia_ambifaria	152480	S	1719	2242	3961	0.00033
Burkholderia_stagnalis	1503054	S	1622	537	2159	0.00018
Burkholderia_anthina	179879	S	1503	1304	2807	0.00023
Burkholderia_stabilis	95485	S	1430	975	2405	0.00020
Burkholderia_dolosa	152500	S	1429	7316	8745	0.00073
Burkholderia_lata	482957	S	1346	1199	2545	0.00021
Burkholderia_territorii	1503055	S	1322	624	1946	0.00016
Burkholderia_seminalis	488731	S	1069	488	1557	0.00013
Burkholderia_vietnamiensis	60552	S	933	2390	3323	0.00028
Burkholderia_metallica	488729	S	747	352	1099	0.00009
Burkholderia_diffusa	488732	S	556	269	825	0.00007
Burkholderia_pseudomultivorans	1207504	S	386	435	821	0.00007
Burkholderia_aenigmatica	2015348	S	248	517	765	0.00006
Burkholderia_latens	488446	S	240	540	780	0.00007
Burkholderia_pseudomallei	28450	S	2337	10135	12472	0.00104
Burkholderia_thailandensis	57975	S	1680	2732	4412	0.00037
Burkholderia_mayonis	1385591	S	1632	317	1949	0.00016
Burkholderia_oklahomensis	342113	S	1157	672	1829	0.00015
Burkholderia_savannae	1637837	S	266	220	486	0.00004
Burkholderia_sp._MSMB1588	1636423	S	110	240	350	0.00003
Burkholderia_mallei	13373	S	84	38073	38157	0.00319
Burkholderia_sp._MSMB617WGS	1637831	S	72	118	190	0.00002
Burkholderia_sp._DHOD12	2571746	S	2707	272	2979	0.00025
Burkholderia_sp._Bp7605	1740163	S	1573	205	1778	0.00015
Burkholderia_sp._NRF60-BP8	1637853	S	651	333	984	0.00008
Burkholderia_sp._LA-2-3-30-S1-D2	1637862	S	565	309	874	0.00007
Burkholderia_sp._JP2-270	2217913	S	541	334	875	0.00007
Burkholderia_sp._MSMB0856	1637869	S	538	321	859	0.00007
Burkholderia_sp._PAMC_26561	1795043	S	474	568	1042	0.00009
Burkholderia_sp._MS455	2811788	S	339	233	572	0.00005
Burkholderia_sp._PAMC_28687	1795874	S	260	480	740	0.00006
Burkholderia_sp._IDO3	1705310	S	247	354	601	0.00005
Burkholderia_sp._KBS0801	1179675	S	127	261	388	0.00003
Burkholderia_sp._LAS2	2813843	S	65	319	384	0.00003
Burkholderia_sp._MS389	2811789	S	44	349	393	0.00003
Burkholderia_sp._MBR-1	2732364	S	38	169	207	0.00002
Burkholderia_sp._KJ006	416344	S	25	172	197	0.00002
Burkholderia_sp._B21-007	2890407	S	10	393	403	0.00003
Burkholderia_gladioli	28095	S	6040	1820	7860	0.00066
Burkholderia_glumae	337	S	2452	21220	23672	0.00198
Burkholderia_plantarii	41899	S	1664	581	2245	0.00019
Burkholderia_perseverans	2615214	S	1407	528	1935	0.00016
Cupriavidus_taiwanensis	164546	S	37348	25693	63041	0.00527
Cupriavidus_pauculus	82633	S	9353	3409	12762	0.00107
Cupriavidus_oxalaticus	96344	S	5492	1954	7446	0.00062
Cupriavidus_necator	106590	S	5486	3765	9251	0.00077
Cupriavidus_sp._EM10	2839983	S	2132	1000	3132	0.00026
Cupriavidus_sp._MP-37	2884455	S	1336	999	2335	0.00020
Cupriavidus_sp._KK10	1478019	S	412	798	1210	0.00010
Cupriavidus_sp._ISTL7	2771360	S	377	1620	1997	0.00017
Cupriavidus_sp._USMAA2-4	876364	S	313	1593	1906	0.00016
Cupriavidus_sp._USMAHM13	1389192	S	232	1123	1355	0.00011
Cupriavidus_nantongensis	1796606	S	4862	10122	14984	0.00125
Cupriavidus_basilensis	68895	S	4666	2168	6834	0.00057
Cupriavidus_campinensis	151783	S	3883	1167	5050	0.00042
Cupriavidus_metallidurans	119219	S	3012	6823	9835	0.00082
Cupriavidus_pinatubonensis	248026	S	2576	383	2959	0.00025
Cupriavidus_gilardii	82541	S	1634	5867	7501	0.00063
Cupriavidus_neocaledonicus	1040979	S	989	844	1833	0.00015
Cupriavidus_malaysiensis	367825	S	185	801	986	0.00008
Paraburkholderia_sp._SOS3	1926494	S	2339	338	2677	0.00022
Paraburkholderia_sp._PGU16	2735433	S	1054	623	1677	0.00014
Paraburkholderia_sp._PGU19	2735434	S	876	805	1681	0.00014
Paraburkholderia_pallida	2547399	S	2880	510	3390	0.00028
Paraburkholderia_aromaticivorans	2026199	S	2617	1125	3742	0.00031
Paraburkholderia_caribensis	75105	S	2475	1923	4398	0.00037
Paraburkholderia_acidisoli	2571748	S	2465	432	2897	0.00024
Paraburkholderia_tropica	92647	S	2421	528	2949	0.00025
Paraburkholderia_acidiphila	2571747	S	2117	402	2519	0.00021
Paraburkholderia_edwinii	2861782	S	2081	280	2361	0.00020
Paraburkholderia_phytofirmans	261302	S	1906	824	2730	0.00023
Paraburkholderia_atlantica	2654982	S	1888	456	2344	0.00020
Paraburkholderia_terricola	169427	S	1837	542	2379	0.00020
Paraburkholderia_sprentiae	948107	S	1794	388	2182	0.00018
Paraburkholderia_fungorum	134537	S	1787	420	2207	0.00018
Paraburkholderia_phymatum	148447	S	1784	460	2244	0.00019
Paraburkholderia_phenoliruptrix	252970	S	1676	488	2164	0.00018
Paraburkholderia_megapolitana	420953	S	1614	147	1761	0.00015
Paraburkholderia_graminis	60548	S	1541	378	1919	0.00016
Paraburkholderia_ginsengisoli	311231	S	1381	418	1799	0.00015
Paraburkholderia_caledonica	134536	S	1351	242	1593	0.00013
Paraburkholderia_terrae	311230	S	1261	1520	2781	0.00023
Paraburkholderia_xenovorans	36873	S	1205	1459	2664	0.00022
Paraburkholderia_caffeinilytica	1761016	S	1199	317	1516	0.00013
Paraburkholderia_dokdonella	2211211	S	1156	303	1459	0.00012
Paraburkholderia_hospita	169430	S	1156	1380	2536	0.00021
Paraburkholderia_dioscoreae	2604047	S	719	500	1219	0.00010
Ralstonia_solanacearum	305	S	6172	12348	18520	0.00155
Ralstonia_insidiosa	190721	S	1831	1183	3014	0.00025
Ralstonia_mannitolilytica	105219	S	1336	1446	2782	0.00023
Ralstonia_pickettii	329	S	1212	535	1747	0.00015
Ralstonia_sp._56D2	2842456	S	1071	159	1230	0.00010
Ralstonia_syzygii	28097	S	96	353	449	0.00004
Ralstonia_pseudosolanacearum	1310165	S	44	1188	1232	0.00010
Pandoraea_pnomenusa	93220	S	2438	1104	3542	0.00030
Pandoraea_thiooxydans	445709	S	2263	174	2437	0.00020
Pandoraea_pulmonicola	93221	S	1906	417	2323	0.00019
Pandoraea_vervacti	656178	S	1419	426	1845	0.00015
Pandoraea_norimbergensis	93219	S	1406	223	1629	0.00014
Pandoraea_faecigallinarum	656179	S	1403	389	1792	0.00015
Pandoraea_sp._XY-2	2518599	S	1397	674	2071	0.00017
Pandoraea_apista	93218	S	1179	610	1789	0.00015
Pandoraea_fibrosis	1891094	S	999	345	1344	0.00011
Pandoraea_oxalativorans	573737	S	997	495	1492	0.00012
Pandoraea_sputorum	93222	S	919	428	1347	0.00011
Caballeronia_sp._Lep1P3	2878150	S	1761	391	2152	0.00018
Caballeronia_sp._TF1N1	2878153	S	1398	152	1550	0.00013
Caballeronia_sp._SL2Y3	2878151	S	940	506	1446	0.00012
Caballeronia_sp._Sq4a	2878152	S	854	590	1444	0.00012
Caballeronia_sp._M1242	2814653	S	797	537	1334	0.00011
Caballeronia_sp._SBC2	2705547	S	121	978	1099	0.00009
Caballeronia_sp._SBC1	2705548	S	82	927	1009	0.00008
Caballeronia_zhejiangensis	871203	S	4140	914	5054	0.00042
Caballeronia_insecticola	758793	S	1827	362	2189	0.00018
Caballeronia_grimmiae	1071679	S	1770	820	2590	0.00022
Polynucleobacter_acidiphobus	556053	S	6216	400	6616	0.00055
Polynucleobacter_sp._MWH-UH24A	2689110	S	951	55	1006	0.00008
Polynucleobacter_sp._MWH-Aus1W21	1855880	S	121	26	147	0.00001
Polynucleobacter_sp._AP-Nino-20-G2	2576917	S	85	18	103	0.00001
Polynucleobacter_sp._es-EL-1	1855652	S	74	11	85	0.00001
Polynucleobacter_sp._MWH-P3-07-1	1743173	S	66	9	75	0.00001
Polynucleobacter_sp._MWH-Spelu-300-X4	2689109	S	53	2	55	0.00000
Polynucleobacter_sp._MWH-Svant-W18	1855909	S	53	9	62	0.00001
Polynucleobacter_sp._es-MAR-2	1819725	S	48	10	58	0.00000
Polynucleobacter_sp._AP-Titi-500A-B4	2576923	S	47	9	56	0.00000
Polynucleobacter_sp._MWH-UH2A	1855617	S	47	9	56	0.00000
Polynucleobacter_sp._MWH-S4W17	1855910	S	46	24	70	0.00001
Polynucleobacter_sp._Adler-ghost	2770234	S	42	20	62	0.00001
Polynucleobacter_sp._LimPoW16	1743162	S	42	1	43	0.00000
Polynucleobacter_sp._MWH-CaK5	2689107	S	42	2	44	0.00000
Polynucleobacter_sp._MWH-Braz-FAM2G	1855883	S	39	4	43	0.00000
Polynucleobacter_sp._AP-Kolm-20A-A1	2081041	S	39	20	59	0.00000
Polynucleobacter_sp._AP-Ainpum-60-G11	2576926	S	39	9	48	0.00000
Polynucleobacter_sp._VK25	1758398	S	37	9	46	0.00000
Polynucleobacter_sp._JS-JIR-II-b4	1758390	S	33	18	51	0.00000
Polynucleobacter_sp._AP-Melu-1000-A1	2081042	S	33	13	46	0.00000
Polynucleobacter_sp._MWH-UH25E	1855616	S	32	6	38	0.00000
Polynucleobacter_sp._AP-Sving-400A-A2	2081049	S	31	16	47	0.00000
Polynucleobacter_sp._JS-JIR-II-50	2576919	S	30	14	44	0.00000
Polynucleobacter_sp._MWH-UH21B	1743174	S	28	5	33	0.00000
Polynucleobacter_sp._JS-Mosq-20-D10	2576922	S	28	10	38	0.00000
Polynucleobacter_sp._MWH-UH35A	1855619	S	28	4	32	0.00000
Polynucleobacter_sp._AM-7D1	2689102	S	26	29	55	0.00000
Polynucleobacter_sp._AP-Elch-400A-B2	2576930	S	25	11	36	0.00000
Polynucleobacter_sp._MG-6-Vaara-E2	2576932	S	24	4	28	0.00000
Polynucleobacter_sp._MG-Unter2-18	2081052	S	22	14	36	0.00000
Polynucleobacter_sp._JS-JIR-5-A7	1758395	S	20	57	77	0.00001
Polynucleobacter_sp._AP-Jannik-300A-C4	2576928	S	19	20	39	0.00000
Polynucleobacter_sp._TSB-Sco08W16	1758374	S	19	2	21	0.00000
Polynucleobacter_necessarius	576610	S	321	48	369	0.00003
Polynucleobacter_asymbioticus	576611	S	175	34	209	0.00002
Polynucleobacter_difficilis	556054	S	120	9	129	0.00001
Polynucleobacter_paneuropaeus	2527775	S	80	8	88	0.00001
Polynucleobacter_wuianus	1743168	S	44	11	55	0.00000
Polynucleobacter_duraquae	1835254	S	39	22	61	0.00001
Lautropia_mirabilis	47671	S	1791	310	2101	0.00018
Chitinimonas_arctica	2594795	S	1487	116	1603	0.00013
Mycetohabitans_rhizoxinica	412963	S	1107	71	1178	0.00010
Limnobacter_sp._SAORIC-580	2732163	S	529	24	553	0.00005
Mycoavidus_sp._HKI	2840467	S	109	9	118	0.00001
Mycoavidus_sp._B2-EB	2651972	S	65	14	79	0.00001
Mycoavidus_cysteinexigens	1553431	S	95	16	111	0.00001
Candidatus_Vallotia_cooleyia	1177211	S	50	5	55	0.00000
Candidatus_Vallotia_lariciata	2018052	S	40	13	53	0.00000
Candidatus_Vallotia_sp._(ex_Adelges_kitamiensis)	2864217	S	32	10	42	0.00000
Candidatus_Vallotia_tarda	1177213	S	29	4	33	0.00000
Ephemeroptericola_cinctiostellae	2268024	S	112	7	119	0.00001
Massilia_sp._WG5	1707785	S	4498	2160	6658	0.00056
Massilia_sp._LPB0304	2769491	S	3620	979	4599	0.00038
Massilia_sp._HC52	2852099	S	3316	997	4313	0.00036
Massilia_sp._DM-R-R2A-13	2899220	S	3106	742	3848	0.00032
Massilia_sp._NP310	2861282	S	2986	2151	5137	0.00043
Massilia_sp._YMA4	1593482	S	2502	1427	3929	0.00033
Massilia_sp._PAMC28688	2861283	S	2147	359	2506	0.00021
Massilia_sp._MB5	2919578	S	373	1443	1816	0.00015
Massilia_sp._NR_4-1	1678028	S	356	1330	1686	0.00014
Massilia_sp._Se16.2.3	2709303	S	52	2083	2135	0.00018
Massilia_sp._Dwa41.01b	2709302	S	50	1984	2034	0.00017
Massilia_putida	1141883	S	4707	1640	6347	0.00053
Massilia_violaceinigra	2045208	S	4593	1439	6032	0.00050
Massilia_flava	871742	S	4096	1075	5171	0.00043
Massilia_albidiflava	321983	S	2742	1188	3930	0.00033
Massilia_lutea	321985	S	2640	873	3513	0.00029
Massilia_umbonata	864828	S	2532	1102	3634	0.00030
Massilia_oculi	945844	S	2474	1744	4218	0.00035
Massilia_plicata	321984	S	2416	682	3098	0.00026
Massilia_armeniaca	2072590	S	2326	1345	3671	0.00031
Massilia_antarctica	2765360	S	2034	849	2883	0.00024
Duganella_sp._GN2-R2	2728020	S	3433	1564	4997	0.00042
Duganella_sp._AF9R3	2728021	S	1961	451	2412	0.00020
Herbaspirillum_robiniae	2014887	S	2643	1055	3698	0.00031
Herbaspirillum_frisingense	92645	S	1916	690	2606	0.00022
Herbaspirillum_seropedicae	964	S	1783	862	2645	0.00022
Herbaspirillum_hiltneri	341045	S	1736	326	2062	0.00017
Herbaspirillum_rubrisubalbicans	80842	S	1475	794	2269	0.00019
Herbaspirillum_huttiense	863372	S	1270	580	1850	0.00015
Herbaspirillum_sp._meg3	2025949	S	941	117	1058	0.00009
Janthinobacterium_sp._17J80-10	2497863	S	1851	292	2143	0.00018
Janthinobacterium_sp._1_2014MBL_MicDiv	1644131	S	1303	533	1836	0.00015
Janthinobacterium_sp._LM6	1938606	S	609	424	1033	0.00009
Janthinobacterium_sp._Marseille	375286	S	584	163	747	0.00006
Janthinobacterium_sp._PAMC25594	2861284	S	416	288	704	0.00006
Janthinobacterium_sp._HH102	1537274	S	263	459	722	0.00006
Janthinobacterium_sp._B9-8	1236179	S	180	55	235	0.00002
Janthinobacterium_agaricidamnosum	55508	S	1831	3215	5046	0.00042
Janthinobacterium_tructae	2590869	S	478	275	753	0.00006
Janthinobacterium_lividum	29581	S	447	504	951	0.00008
Janthinobacterium_svalbardensis	368607	S	434	243	677	0.00006
Collimonas_fungivorans	158899	S	2009	589	2598	0.00022
Collimonas_arenae	279058	S	1573	223	1796	0.00015
Collimonas_pratensis	279113	S	1479	337	1816	0.00015
Noviherbaspirillum_sp._UKPF54	2601898	S	4465	803	5268	0.00044
Undibacterium_sp._KW1	2058624	S	267	97	364	0.00003
Undibacterium_sp._YM2	2058625	S	223	81	304	0.00003
Undibacterium_parvum	401471	S	220	28	248	0.00002
Herminiimonas_arsenitoxidans	1809410	S	391	75	466	0.00004
Glaciimonas_sp._PAMC28666	2807626	S	262	18	280	0.00002
Oxalobacter_formigenes	847	S	236	21	257	0.00002
Achromobacter_sp._MFA1_R4	1881016	S	3313	986	4299	0.00036
Achromobacter_sp._AONIH1	1758194	S	2298	2665	4963	0.00041
Achromobacter_sp._77	2756133	S	781	1719	2500	0.00021
Achromobacter_sp._ES-001	2860286	S	250	835	1085	0.00009
Achromobacter_sp._B7	2282475	S	248	642	890	0.00007
Achromobacter_xylosoxidans	85698	S	7438	11640	19078	0.00159
Achromobacter_insolitus	217204	S	4312	1175	5487	0.00046
Achromobacter_spanius	217203	S	4291	1627	5918	0.00049
Achromobacter_denitrificans	32002	S	3263	2234	5497	0.00046
Achromobacter_deleyi	1353891	S	2332	1521	3853	0.00032
Achromobacter_mucicolens	1389922	S	1536	2068	3604	0.00030
Achromobacter_pestifer	1353889	S	1308	850	2158	0.00018
Achromobacter_ruhlandii	72557	S	25	997	1022	0.00009
Bordetella_sp._H567	1697043	S	2525	309	2834	0.00024
Bordetella_sp._N	1746199	S	2020	243	2263	0.00019
Bordetella_bronchialis	463025	S	3168	434	3602	0.00030
Bordetella_genomosp._13	463040	S	3051	2016	5067	0.00042
Bordetella_genomosp._8	1416806	S	2648	328	2976	0.00025
Bordetella_genomosp._9	1416803	S	2609	640	3249	0.00027
Bordetella_flabilis	463014	S	2432	213	2645	0.00022
Bordetella_hinzii	103855	S	2030	870	2900	0.00024
Bordetella_petrii	94624	S	1973	2511	4484	0.00037
Bordetella_trematum	123899	S	1521	634	2155	0.00018
Bordetella_bronchiseptica	518	S	1294	6240	7534	0.00063
Bordetella_pseudohinzii	1331258	S	1149	522	1671	0.00014
Bordetella_holmesii	35814	S	822	281	1103	0.00009
Bordetella_avium	521	S	802	107	909	0.00008
Bordetella_genomosp._6	463024	S	311	659	970	0.00008
Bordetella_pertussis	520	S	192	2102	2294	0.00019
Bordetella_parapertussis	519	S	119	1509	1628	0.00014
Pigmentiphaga_sp._H8	2488560	S	4418	592	5010	0.00042
Pigmentiphaga_aceris	1940612	S	1256	91	1347	0.00011
Castellaniella_defragrans	75697	S	2938	1832	4770	0.00040
Orrella_dioscoreae	1851544	S	2328	811	3139	0.00026
Orrella_marina	2163011	S	327	55	382	0.00003
Orrella_sp._f23	2782176	S	180	11	191	0.00002
Alcaligenes_faecalis	511	S	712	488	1200	0.00010
Alcaligenes_sp._SORT26	2813780	S	157	23	180	0.00002
Alcaligenes_sp._DN25	1367435	S	41	67	108	0.00001
Alcaligenes_aquatilis	323284	S	194	540	734	0.00006
Alcaligenes_ammonioxydans	2582914	S	20	169	189	0.00002
Pusillimonas_sp._T7-7	1007105	S	486	75	561	0.00005
Pusillimonas_sp._DMV24BSW_D	2716226	S	219	15	234	0.00002
Pusillimonas_thiosulfatoxidans	2028345	S	648	172	820	0.00007
Kerstersia_gyiorum	206506	S	757	157	914	0.00008
Advenella_mimigardefordensis	302406	S	373	44	417	0.00003
Advenella_kashmirensis	310575	S	316	39	355	0.00003
Paralcaligenes_sp._KSB-10	2901142	S	741	32	773	0.00006
Oligella_urethralis	90245	S	54	3	57	0.00000
Oligella_ureolytica	90244	S	44	29	73	0.00001
Paenalcaligenes_hominis	643674	S	60	3	63	0.00001
Taylorella_equigenitalis	29575	S	18	3	21	0.00000
Taylorella_asinigenitalis	84590	S	13	3	16	0.00000
Pelistega_ratti	2652177	S	28	4	32	0.00000
Basilea_psittacipulmonis	1472345	S	25	2	27	0.00000
Rhizobacter_sp._AJA081-3	2753607	S	8676	2419	11095	0.00093
Rhizobacter_gummiphilus	946333	S	6634	1408	8042	0.00067
Sphaerotilus_sp._FB-5	2914710	S	5041	3113	8154	0.00068
Sphaerotilus_natans	34103	S	4368	1854	6222	0.00052
Methylibium_petroleiphilum	105560	S	3159	3122	6281	0.00052
Methylibium_sp._Pch-M	2082386	S	3136	3000	6136	0.00051
Rubrivivax_gelatinosus	28068	S	7764	2594	10358	0.00087
Aquincola_tertiaricarbonis	391953	S	6812	2439	9251	0.00077
Thiomonas_sp._X19	1050370	S	2470	1001	3471	0.00029
Thiomonas_intermedia	926	S	1681	229	1910	0.00016
Thiomonas_arsenitoxydans	426114	S	548	897	1445	0.00012
Leptothrix_cholodnii	34029	S	5520	1902	7422	0.00062
Mitsuaria_sp._7	1658665	S	4433	941	5374	0.00045
Xylophilus_rhododendri	2697032	S	3762	1133	4895	0.00041
Tepidimonas_taiwanensis	307486	S	3705	1343	5048	0.00042
Ideonella_dechloratans	36863	S	3074	1908	4982	0.00042
Aquabacterium_olei	1296669	S	2517	702	3219	0.00027
Roseateles_depolymerans	76731	S	2092	426	2518	0.00021
Inhella_inkyongensis	392593	S	1718	288	2006	0.00017
Paucibacter_sp._KCTC_42545	1768242	S	1335	243	1578	0.00013
Candidatus_Ichthyocystis_hellenicum	1561003	S	36	0	36	0.00000
Sutterella_megalosphaeroides	2494234	S	890	153	1043	0.00009
Sutterella_faecalis	2584944	S	582	83	665	0.00006
Sutterella_wadsworthensis	40545	S	334	40	374	0.00003
Turicimonas_muris	1796652	S	130	9	139	0.00001
Thiobacillus_denitrificans	36861	S	95701	17367	113068	0.00945
Sulfuritortus_calidifontis	1914471	S	7859	3270	11129	0.00093
Nitrosomonas_communis	44574	S	21031	498	21529	0.00180
Nitrosomonas_ureae	44577	S	3334	103	3437	0.00029
Nitrosomonas_europaea	915	S	394	51	445	0.00004
Nitrosomonas_eutropha	916	S	306	160	466	0.00004
Nitrosomonas_stercoris	1444684	S	170	86	256	0.00002
Nitrosospira_multiformis	1231	S	2031	65	2096	0.00018
Nitrosospira_lacus	1288494	S	893	30	923	0.00008
Nitrosospira_briensis	35799	S	345	244	589	0.00005
Nitrosospira_sp._NRS527	155925	S	337	223	560	0.00005
Usitatibacter_rugosus	2732067	S	10853	1247	12100	0.00101
Usitatibacter_palustris	2732487	S	8810	1082	9892	0.00083
Denitratisoma_sp._DHT3	1981880	S	2940	2145	5085	0.00042
Denitratisoma_oestradiolicum	311182	S	1464	255	1719	0.00014
Methyloversatilis_sp._RAC08	1842540	S	4355	582	4937	0.00041
Sulfuritalea_hydrogenivorans	748811	S	3770	586	4356	0.00036
Sterolibacterium_denitrificans	157592	S	2525	657	3182	0.00027
Sulfuriferula_plumbiphila	171865	S	4701	778	5479	0.00046
Sulfuriferula_sp._AH1	1985873	S	1062	186	1248	0.00010
Sulfuriferula_nivalis	2675298	S	161	11	172	0.00001
Sulfurimicrobium_lacus	2715678	S	3552	426	3978	0.00033
Sulfuricella_denitrificans	649841	S	1665	143	1808	0.00015
Sideroxydans_sp._MIZ01	2764705	S	1899	386	2285	0.00019
Sideroxydans_lithotrophicus	63745	S	1691	256	1947	0.00016
Ferrigenium_kumadai	1682490	S	2846	556	3402	0.00028
Ferriphaselus_amnicola	1188319	S	924	116	1040	0.00009
Candidatus_Nitrotoga_arctica	453162	S	474	94	568	0.00005
Candidatus_Nitrotoga_sp._AM1P	2559597	S	249	53	302	0.00003
Gallionella_capsiferriformans	370405	S	791	65	856	0.00007
Methylotenera_mobilis	359408	S	2637	445	3082	0.00026
Methylotenera_versatilis	1055487	S	715	127	842	0.00007
Methylovorus_sp._MP688	887061	S	492	521	1013	0.00008
Methylovorus_glucosotrophus	266009	S	368	352	720	0.00006
Methylophilus_sp._TWE2	1662285	S	747	88	835	0.00007
Methylophilus_medardicus	2588534	S	433	66	499	0.00004
Methylobacillus_flagellatus	405	S	842	212	1054	0.00009
Candidatus_Methylopumilus_turicensis	1581680	S	254	52	306	0.00003
Candidatus_Methylopumilus_universalis	2588536	S	78	33	111	0.00001
Candidatus_Methylopumilus_planktonicus	1581557	S	40	18	58	0.00000
Candidatus_Methylopumilus_rimovensis	2588535	S	29	4	33	0.00000
Methyloradius_palustris	2778876	S	431	48	479	0.00004
Thauera_sp._MZ1T	85643	S	4781	4842	9623	0.00080
Thauera_sp._K11	2005884	S	4710	2938	7648	0.00064
Thauera_humireducens	1134435	S	3145	1867	5012	0.00042
Thauera_chlorobenzoica	96773	S	2391	2367	4758	0.00040
Thauera_aromatica	59405	S	1995	2767	4762	0.00040
Thauera_hydrothermalis	2184083	S	1351	386	1737	0.00015
Azoarcus_sp._KH32C	748247	S	4745	917	5662	0.00047
Azoarcus_sp._DD4	2027405	S	3652	2386	6038	0.00050
Azoarcus_olearius	418699	S	4325	1703	6028	0.00050
Azoarcus_communis	41977	S	3128	1154	4282	0.00036
Nitrogeniibacter_mangrovi	2016596	S	3469	767	4236	0.00035
Nitrogeniibacter_aestuarii	2815343	S	1621	186	1807	0.00015
Aromatoleum_petrolei	76116	S	5149	1379	6528	0.00055
Aromatoleum_aromaticum	551760	S	3613	2551	6164	0.00051
Aromatoleum_bremense	76115	S	3313	1893	5206	0.00043
Aromatoleum_pumilum	2067960	S	3261	1185	4446	0.00037
Azospira_restricta	404405	S	8090	4104	12194	0.00102
Azospira_inquinata	2785627	S	649	55	704	0.00006
Azospira_sp._I09	1765049	S	524	1461	1985	0.00017
Azospira_oryzae	146939	S	502	1204	1706	0.00014
Niveibacterium_microcysteis	2811415	S	2526	370	2896	0.00024
Oryzomicrobium_terrae	1735038	S	2020	563	2583	0.00022
Rugosibacter_aromaticivorans	1565605	S	1913	323	2236	0.00019
Dechloromonas_denitrificans	281362	S	2823	739	3562	0.00030
Dechloromonas_sp._HYN0024	2231055	S	1012	217	1229	0.00010
Dechloromonas_sp._TW-R-39-2	2654218	S	511	242	753	0.00006
Ferribacterium_limneticum	76259	S	4087	733	4820	0.00040
Quatrionicoccus_australiensis	138118	S	1823	579	2402	0.00020
Fluviibacter_phosphoraccumulans	1751046	S	298	99	397	0.00003
Chromobacterium_sp._ATCC_53434	2059672	S	1641	628	2269	0.00019
Chromobacterium_sp._Rain0013	2292447	S	352	469	821	0.00007
Chromobacterium_sp._Beijing	2735795	S	196	596	792	0.00007
Chromobacterium_violaceum	536	S	1576	1099	2675	0.00022
Chromobacterium_vaccinii	1108595	S	1536	726	2262	0.00019
Chromobacterium_phragmitis	2202141	S	1001	483	1484	0.00012
Chromobacterium_paludis	2605945	S	917	399	1316	0.00011
Chromobacterium_rhizoryzae	1778675	S	272	1512	1784	0.00015
Chromobacterium_haemolyticum	394935	S	149	1030	1179	0.00010
Iodobacter_ciconiae	2496266	S	120	34	154	0.00001
Iodobacter_fluviatilis	537	S	107	33	140	0.00001
Jeongeupia_sp._USM3	1906741	S	2794	774	3568	0.00030
Jeongeupia_sp._HS-3	1009682	S	1166	242	1408	0.00012
Paludibacterium_paludis	1225769	S	1355	286	1641	0.00014
Paludibacterium_yongneupense	400061	S	1107	167	1274	0.00011
Paludibacterium_sp._B53371	2806263	S	904	199	1103	0.00009
Pseudogulbenkiania_sp._NH8B	748280	S	2630	973	3603	0.00030
Vogesella_sp._LIG4	1192162	S	1422	437	1859	0.00016
Vogesella_sp._XCS3	2877939	S	691	215	906	0.00008
Aquitalea_aquatilis	1537400	S	522	175	697	0.00006
Aquitalea_denitrificans	519081	S	354	177	531	0.00004
Aquitalea_sp._USM4	1590041	S	337	179	516	0.00004
Aquitalea_magnusonii	332411	S	329	182	511	0.00004
Microvirgula_aerodenitrificans	57480	S	1688	340	2028	0.00017
Laribacter_hongkongensis	168471	S	1405	1256	2661	0.00022
Aquaspirillum_sp._LM1	1938604	S	874	137	1011	0.00008
Deefgea_sp._D25	2865840	S	122	20	142	0.00001
Deefgea_sp._D17	2739061	S	97	47	144	0.00001
Deefgea_sp._D13	2864875	S	62	26	88	0.00001
Chitinibacter_bivalviorum	2739434	S	156	117	273	0.00002
Chitinibacter_fontanus	1737446	S	144	22	166	0.00001
Neisseria_sp._KEM232	655307	S	271	39	310	0.00003
Neisseria_sp._oral_taxon_014	641148	S	151	66	217	0.00002
Neisseria_sp._ZJ785	2709396	S	99	12	111	0.00001
Neisseria_sp._Dent_CA1/247	2912675	S	35	16	51	0.00000
Neisseria_bacilliformis	267212	S	351	82	433	0.00004
Neisseria_elongata	495	S	307	156	463	0.00004
Neisseria_shayeganii	607712	S	242	36	278	0.00002
Neisseria_chenwenguii	1853278	S	217	27	244	0.00002
Neisseria_meningitidis	487	S	212	878	1090	0.00009
Neisseria_dentiae	194197	S	198	24	222	0.00002
Neisseria_musculi	1815583	S	163	15	178	0.00001
Neisseria_gonorrhoeae	485	S	119	296	415	0.00003
Neisseria_animalis	492	S	110	15	125	0.00001
Neisseria_sicca	490	S	102	207	309	0.00003
Neisseria_lactamica	486	S	95	138	233	0.00002
Neisseria_canis	493	S	94	23	117	0.00001
Neisseria_weaveri	28091	S	85	34	119	0.00001
Neisseria_animaloris	326522	S	76	17	93	0.00001
Neisseria_brasiliensis	2666100	S	71	65	136	0.00001
Neisseria_wadsworthii	607711	S	70	15	85	0.00001
Neisseria_zalophi	640030	S	61	6	67	0.00001
Neisseria_mucosa	488	S	60	129	189	0.00002
Neisseria_weixii	1853276	S	52	6	58	0.00000
Neisseria_dumasiana	1931275	S	46	19	65	0.00001
Neisseria_macacae	496	S	41	88	129	0.00001
Neisseria_arctica	1470200	S	38	3	41	0.00000
Neisseria_cinerea	483	S	35	21	56	0.00000
Neisseria_zoodegmatis	326523	S	31	20	51	0.00000
Neisseria_flavescens	484	S	31	23	54	0.00000
Neisseria_subflava	28449	S	25	19	44	0.00000
Crenobacter_cavernae	2290923	S	3071	1083	4154	0.00035
Chitinolyticbacter_meiyuanensis	682798	S	1901	245	2146	0.00018
Vitreoscilla_filiformis	63	S	761	143	904	0.00008
Vitreoscilla_massiliensis	1689272	S	122	41	163	0.00001
Kingella_potus	265175	S	252	33	285	0.00002
Kingella_denitrificans	502	S	181	111	292	0.00002
Kingella_oralis	505	S	148	23	171	0.00001
Kingella_kingae	504	S	75	12	87	0.00001
Eikenella_corrodens	539	S	329	232	561	0.00005
Eikenella_exigua	2528037	S	66	56	122	0.00001
Uruburuella_suis	252130	S	224	37	261	0.00002
Uruburuella_testudinis	1282863	S	163	31	194	0.00002
Paralysiella_testudinis	2809020	S	177	39	216	0.00002
Conchiformibius_steedae	153493	S	108	16	124	0.00001
Alysiella_crassa	153491	S	59	16	75	0.00001
Alysiella_filiformis	194196	S	38	10	48	0.00000
Snodgrassella_alvi	1196083	S	64	19	83	0.00001
Neisseriaceae_bacterium_CCUG_44465	2917790	S	57	9	66	0.00001
Aquella_oligotrophica	2067065	S	52	2	54	0.00000
Simonsiella_muelleri	72	S	37	6	43	0.00000
Morococcus_cerebrosus	1056807	S	36	181	217	0.00002
Casimicrobium_huifangae	2591109	S	1983	840	2823	0.00024
Candidatus_Kinetoplastibacterium_crithidii	33056	S	17	0	17	0.00000
Candidatus_Kinetoplastibacterium_sorsogonicusi	1576550	S	13	10	23	0.00000
Candidatus_Profftella_armatura	669502	S	18	5	23	0.00000
Pseudomonas_sp._13159349	2662034	S	4738	50691	55429	0.00463
Pseudomonas_sp._CC6-YY-74	1930532	S	2439	250	2689	0.00022
Pseudomonas_sp._LPB0260	2614442	S	2357	418	2775	0.00023
Pseudomonas_sp._TCU-HL1	1856685	S	2276	287	2563	0.00021
Pseudomonas_sp._DY-1	1755504	S	1829	205	2034	0.00017
Pseudomonas_sp._ATCC_13867	1294143	S	1785	539	2324	0.00019
Pseudomonas_sp._SCB32	2653853	S	1751	329	2080	0.00017
Pseudomonas_sp._PDNC002	2811422	S	1494	319	1813	0.00015
Pseudomonas_sp._A2	107445	S	1385	7010	8395	0.00070
Pseudomonas_sp._p1(2021b)	2874628	S	1280	618	1898	0.00016
Pseudomonas_sp._ABC1	2748080	S	1270	156	1426	0.00012
Pseudomonas_sp._KNUC1026	2893890	S	1224	100	1324	0.00011
Pseudomonas_sp._MM211	2866808	S	1172	95	1267	0.00011
Pseudomonas_sp._MTM4	2705472	S	1170	182	1352	0.00011
Pseudomonas_sp._BYT-1	2816906	S	1158	10183	11341	0.00095
Pseudomonas_sp._B11D7D	2735906	S	1128	209	1337	0.00011
Pseudomonas_sp._Pc102	2678261	S	966	559	1525	0.00013
Pseudomonas_sp._Ost2	2678260	S	961	132	1093	0.00009
Pseudomonas_sp._SK	2729423	S	922	854	1776	0.00015
Pseudomonas_sp._MSPm1	2726956	S	863	189	1052	0.00009
Pseudomonas_sp._StFLB209	1028989	S	836	188	1024	0.00009
Pseudomonas_sp._LS.1a	2920387	S	797	350	1147	0.00010
Pseudomonas_sp._Marseille-Q3773	2866592	S	744	240	984	0.00008
Pseudomonas_sp._7SR1	1881017	S	743	127	870	0.00007
Pseudomonas_sp._L5B5	2883205	S	721	123	844	0.00007
Pseudomonas_sp._ADPe	2774873	S	661	1582	2243	0.00019
Pseudomonas_sp._OIL-1	2706126	S	628	86	714	0.00006
Pseudomonas_sp._CMR5c	658630	S	611	170	781	0.00007
Pseudomonas_sp._HN2-3	2886360	S	611	131	742	0.00006
Pseudomonas_sp._Leaf58	1736226	S	595	110	705	0.00006
Pseudomonas_sp._HLS-6	2049589	S	585	159	744	0.00006
Pseudomonas_sp._M1	95619	S	574	1329	1903	0.00016
Pseudomonas_sp._gcc21	2726989	S	535	202	737	0.00006
Pseudomonas_sp._FGI182	1259844	S	505	618	1123	0.00009
Pseudomonas_sp._DG56-2	2320270	S	504	50	554	0.00005
Pseudomonas_sp._MPC6	2498848	S	504	109	613	0.00005
Pseudomonas_sp._M30-35	1981174	S	467	23	490	0.00004
Pseudomonas_sp._LAB-08	143813	S	452	82	534	0.00004
Pseudomonas_sp._15A4	2804761	S	424	117	541	0.00005
Pseudomonas_sp._URMO17WK12:I11	1283291	S	420	308	728	0.00006
Pseudomonas_sp._Tri1	2823875	S	380	97	477	0.00004
Pseudomonas_sp._S09G_359	2054919	S	368	90	458	0.00004
Pseudomonas_sp._LPH1	1898684	S	355	364	719	0.00006
Pseudomonas_sp._MM213	2866807	S	351	76	427	0.00004
Pseudomonas_sp._RtIB026	2749999	S	341	196	537	0.00004
Pseudomonas_sp._ADAK13	2730847	S	338	81	419	0.00004
Pseudomonas_sp._31-12	2201356	S	332	85	417	0.00003
Pseudomonas_sp._S34	1573718	S	322	75	397	0.00003
Pseudomonas_sp._ACM7	2052956	S	321	60	381	0.00003
Pseudomonas_sp._Seg1	2678259	S	307	70	377	0.00003
Pseudomonas_sp._DNDY-54	2870860	S	298	162	460	0.00004
Pseudomonas_sp._S35	1573719	S	291	77	368	0.00003
Pseudomonas_sp._R5-89-07	658644	S	280	85	365	0.00003
Pseudomonas_sp._DR48	2871095	S	272	187	459	0.00004
Pseudomonas_sp._NIBR-H-19	2901380	S	271	58	329	0.00003
Pseudomonas_sp._ADAK18	2730848	S	269	48	317	0.00003
Pseudomonas_sp._OE_28.3	2745519	S	268	65	333	0.00003
Pseudomonas_sp._LG1E9	2219057	S	266	79	345	0.00003
Pseudomonas_sp._CCOS_191	1649877	S	265	224	489	0.00004
Pseudomonas_sp._RC3H12	2834406	S	263	160	423	0.00004
Pseudomonas_sp._2hn	2866626	S	262	175	437	0.00004
Pseudomonas_sp._PP3	2815936	S	260	104	364	0.00003
Pseudomonas_sp._DTU12.3	2073078	S	249	62	311	0.00003
Pseudomonas_sp._14181154	2662033	S	247	269	516	0.00004
Pseudomonas_sp._MRSN12121	1611770	S	246	367	613	0.00005
Pseudomonas_sp._St316	2678257	S	244	87	331	0.00003
Pseudomonas_sp._HS6	2850559	S	235	69	304	0.00003
Pseudomonas_sp._phDV1	253237	S	230	760	990	0.00008
Pseudomonas_sp._HN11	1344094	S	227	54	281	0.00002
Pseudomonas_sp._NS1(2017)	2025658	S	220	63	283	0.00002
Pseudomonas_sp._AO-1	2855434	S	215	197	412	0.00003
Pseudomonas_sp._R2A2	2213057	S	211	256	467	0.00004
Pseudomonas_sp._RBPA9	2746321	S	205	491	696	0.00006
Pseudomonas_sp._HS-18	2879114	S	202	450	652	0.00005
Pseudomonas_sp._SDM007	2812000	S	196	117	313	0.00003
Pseudomonas_sp._SK3(2021)	2841064	S	191	137	328	0.00003
Pseudomonas_sp._R84	1573712	S	187	86	273	0.00002
Pseudomonas_sp._IzPS59	2774459	S	177	91	268	0.00002
Pseudomonas_sp._THAF7b	2587845	S	176	353	529	0.00004
Pseudomonas_sp._CYM-20-01	2870750	S	172	94	266	0.00002
Pseudomonas_sp._NIBRBAC000502773	2590776	S	170	95	265	0.00002
Pseudomonas_sp._R76	1573711	S	161	88	249	0.00002
Pseudomonas_sp._Z003-0.4C(8344-21)	1855380	S	160	128	288	0.00002
Pseudomonas_sp._LTJR-52	2479392	S	154	57	211	0.00002
Pseudomonas_sp._UW4	1207075	S	151	109	260	0.00002
Pseudomonas_sp._FIT81	2837969	S	148	96	244	0.00002
Pseudomonas_sp._02C_26	2054914	S	145	286	431	0.00004
Pseudomonas_sp._SCA2728.1_7	2825975	S	145	79	224	0.00002
Pseudomonas_sp._SORT22	2813842	S	125	271	396	0.00003
Pseudomonas_sp._BIGb0427	2724470	S	124	253	377	0.00003
Pseudomonas_sp._FDAARGOS_380	2018067	S	121	110	231	0.00002
Pseudomonas_sp._HN2	2884805	S	118	119	237	0.00002
Pseudomonas_sp._S07E_245	2866278	S	115	240	355	0.00003
Pseudomonas_sp._AN-B15	2697023	S	113	293	406	0.00003
Pseudomonas_sp._Y5-11	2749808	S	113	314	427	0.00004
Pseudomonas_sp._B10	118613	S	111	92	203	0.00002
Pseudomonas_sp._J380	2605424	S	102	133	235	0.00002
Pseudomonas_sp._VLB120	69328	S	101	1237	1338	0.00011
Pseudomonas_sp._09C_129	2054915	S	98	139	237	0.00002
Pseudomonas_sp._DR_5-09	1534110	S	98	140	238	0.00002
Pseudomonas_sp._MPFS	2795724	S	96	176	272	0.00002
Pseudomonas_sp._Cab53	2678258	S	95	174	269	0.00002
Pseudomonas_sp._SWI6	2083051	S	90	1322	1412	0.00012
Pseudomonas_sp._SWI44	2083053	S	87	647	734	0.00006
Pseudomonas_sp._MYb193	1827300	S	87	94	181	0.00002
Pseudomonas_sp._I3-I5	2926671	S	87	379	466	0.00004
Pseudomonas_sp._IAC-BECa141	2793103	S	85	203	288	0.00002
Pseudomonas_sp._C27(2019)	2604941	S	85	10	95	0.00001
Pseudomonas_sp._3-2	2867408	S	84	114	198	0.00002
Pseudomonas_sp._S150	2559074	S	82	147	229	0.00002
Pseudomonas_sp._ATCC_43928	676210	S	80	194	274	0.00002
Pseudomonas_sp._R32	1573704	S	79	234	313	0.00003
Pseudomonas_sp._MPDS	2762896	S	78	319	397	0.00003
Pseudomonas_sp._PONIH3	1636610	S	77	399	476	0.00004
Pseudomonas_sp._BJP69	2597770	S	77	470	547	0.00005
Pseudomonas_sp._ADAK22	2730851	S	76	175	251	0.00002
Pseudomonas_sp._BIOMIG1BAC	1758730	S	73	233	306	0.00003
Pseudomonas_sp._St29	1500687	S	72	273	345	0.00003
Pseudomonas_sp._A214	1855331	S	72	229	301	0.00003
Pseudomonas_sp._LBUM920	2126069	S	71	162	233	0.00002
Pseudomonas_sp._BC42	2933816	S	68	313	381	0.00003
Pseudomonas_sp._Os17	1500686	S	68	313	381	0.00003
Pseudomonas_sp._SC3(2021)	2871493	S	68	84	152	0.00001
Pseudomonas_sp._DR208	2870840	S	67	187	254	0.00002
Pseudomonas_sp._GR_6-02	1659194	S	60	144	204	0.00002
Pseudomonas_sp._CFA	2651048	S	58	285	343	0.00003
Pseudomonas_sp._CFSAN084952	2664899	S	57	196	253	0.00002
Pseudomonas_sp._LG1D9	2083054	S	56	189	245	0.00002
Pseudomonas_sp._PS1(2021)	2866282	S	55	1558	1613	0.00013
Pseudomonas_sp._ArH3a	2862945	S	54	125	179	0.00001
Pseudomonas_sp._S49	1573720	S	53	128	181	0.00002
Pseudomonas_sp._XWY-1	2069256	S	52	305	357	0.00003
Pseudomonas_sp._RU47	2005388	S	49	117	166	0.00001
Pseudomonas_sp._NC02	2067572	S	45	152	197	0.00002
Pseudomonas_sp._SWI36	2083052	S	43	130	173	0.00001
Pseudomonas_sp._St290	1602166	S	42	190	232	0.00002
Pseudomonas_sp._CIP-10	2892442	S	42	402	444	0.00004
Pseudomonas_sp._R3-18-08	1173283	S	39	103	142	0.00001
Pseudomonas_sp._SXM-1	2169583	S	36	114	150	0.00001
Pseudomonas_sp._R4-39-08	1173288	S	36	190	226	0.00002
Pseudomonas_sp._TKP	1415630	S	34	135	169	0.00001
Pseudomonas_sp._R4-35-07	658643	S	34	206	240	0.00002
Pseudomonas_sp._TMW_2.1634	1886807	S	34	100	134	0.00001
Pseudomonas_sp._Y39-6	2749807	S	33	123	156	0.00001
Pseudomonas_sp._R1-43-08	1173270	S	33	175	208	0.00002
Pseudomonas_sp._R4-34-07	658642	S	32	166	198	0.00002
Pseudomonas_sp._R2-37-08W	1173273	S	32	136	168	0.00001
Pseudomonas_sp._JS425	2829498	S	30	1070	1100	0.00009
Pseudomonas_sp._LTGT-11-2Z	2479393	S	29	815	844	0.00007
Pseudomonas_sp._DTU12.1	2654238	S	29	104	133	0.00001
Pseudomonas_sp._Eqa60	2799184	S	28	187	215	0.00002
Pseudomonas_sp._R3-52-08	1173284	S	28	153	181	0.00002
Pseudomonas_sp._SWI7	2587597	S	27	189	216	0.00002
Pseudomonas_sp._HN8-3	2886361	S	26	59	85	0.00001
Pseudomonas_sp._Colony2	2861799	S	25	108	133	0.00001
Pseudomonas_sp._So3.2b	2864101	S	25	94	119	0.00001
Pseudomonas_sp._OST1909	2777367	S	25	89	114	0.00001
Pseudomonas_sp._7-41	2898483	S	24	121	145	0.00001
Pseudomonas_sp._B14-6	2738843	S	23	71	94	0.00001
Pseudomonas_sp._KBS0802	2578115	S	22	9343	9365	0.00078
Pseudomonas_sp._SK2	2841063	S	21	335	356	0.00003
Pseudomonas_sp._SW-3	147212	S	21	90	111	0.00001
Pseudomonas_sp._IB20	1702250	S	19	101	120	0.00001
Pseudomonas_sp._JY-Q	1338689	S	19	171	190	0.00002
Pseudomonas_sp._R2-60-08W	1173280	S	18	112	130	0.00001
Pseudomonas_sp._R11-23-07	658632	S	16	128	144	0.00001
Pseudomonas_sp._LH1G9	2083055	S	15	59	74	0.00001
Pseudomonas_sp._KUIN-1	2609418	S	15	103	118	0.00001
Pseudomonas_sp._R2-7-07	658641	S	13	109	122	0.00001
Pseudomonas_sp._St386	2678256	S	11	107	118	0.00001
Pseudomonas_putida	303	S	29238	100978	130216	0.01088
Pseudomonas_fulva	47880	S	2486	6549	9035	0.00075
Pseudomonas_oryzihabitans	47885	S	2341	478	2819	0.00024
Pseudomonas_plecoglossicida	70775	S	1477	1144	2621	0.00022
Pseudomonas_shirazica	1940636	S	1104	13743	14847	0.00124
Pseudomonas_monteilii	76759	S	1004	6782	7786	0.00065
Pseudomonas_mosselii	78327	S	441	831	1272	0.00011
Pseudomonas_sp._SGAir0191	2217867	S	175	117	292	0.00002
Pseudomonas_aeruginosa	287	S	11270	76618	87888	0.00734
Pseudomonas_alcaligenes	43263	S	7465	4326	11791	0.00099
Pseudomonas_mendocina	300	S	6661	2296	8957	0.00075
Pseudomonas_furukawaii	1149133	S	2966	784	3750	0.00031
Pseudomonas_oleovorans	301	S	639	1762	2401	0.00020
Pseudomonas_resinovorans	53412	S	2518	496	3014	0.00025
Pseudomonas_citronellolis	53408	S	1409	2144	3553	0.00030
Pseudomonas_multiresinivorans	95301	S	907	295	1202	0.00010
Pseudomonas_nitroreducens	46680	S	292	595	887	0.00007
Pseudomonas_stutzeri	316	S	16394	9779	26173	0.00219
Pseudomonas_chloritidismutans	203192	S	171	237	408	0.00003
Pseudomonas_balearica	74829	S	2668	2846	5514	0.00046
Pseudomonas_xanthomarina	271420	S	722	114	836	0.00007
Pseudomonas_luteola	47886	S	190	89	279	0.00002
Pseudomonas_fluorescens	294	S	6711	5701	12412	0.00104
Pseudomonas_protegens	380021	S	1679	1613	3292	0.00028
Pseudomonas_orientalis	76758	S	1168	320	1488	0.00012
Pseudomonas_azotoformans	47878	S	808	334	1142	0.00010
Pseudomonas_synxantha	47883	S	752	567	1319	0.00011
Pseudomonas_rhodesiae	76760	S	598	211	809	0.00007
Pseudomonas_poae	200451	S	538	315	853	0.00007
Pseudomonas_mediterranea	183795	S	496	128	624	0.00005
Pseudomonas_tolaasii	29442	S	493	95	588	0.00005
Pseudomonas_corrugata	47879	S	487	106	593	0.00005
Pseudomonas_trivialis	200450	S	473	174	647	0.00005
Pseudomonas_mucidolens	46679	S	415	57	472	0.00004
Pseudomonas_cedrina	651740	S	372	98	470	0.00004
Pseudomonas_migulae	78543	S	351	179	530	0.00004
Pseudomonas_congelans	200452	S	276	86	362	0.00003
Pseudomonas_libanensis	75588	S	208	248	456	0.00004
Pseudomonas_veronii	76761	S	205	568	773	0.00006
Pseudomonas_brenneri	129817	S	201	75	276	0.00002
Pseudomonas_mandelii	75612	S	177	460	637	0.00005
Pseudomonas_ogarae	1114970	S	140	112	252	0.00002
Pseudomonas_extremorientalis	169669	S	22	57	79	0.00001
Pseudomonas_syringae	317	S	2258	16036	18294	0.00153
Pseudomonas_viridiflava	33069	S	1307	134	1441	0.00012
Pseudomonas_cichorii	36746	S	847	66	913	0.00008
Pseudomonas_amygdali	47877	S	597	1501	2098	0.00018
Pseudomonas_savastanoi	29438	S	105	416	521	0.00004
Pseudomonas_asturiensis	1190415	S	548	50	598	0.00005
Pseudomonas_syringae_group_genomosp._7	251699	S	365	53	418	0.00003
Pseudomonas_fuscovaginae	50340	S	228	141	369	0.00003
Pseudomonas_avellanae	46257	S	135	164	299	0.00002
Pseudomonas_coronafaciens	53409	S	72	137	209	0.00002
Pseudomonas_syringae_group_genomosp._3	251701	S	66	769	835	0.00007
Pseudomonas_sp._Lz4W	1206777	S	57	112	169	0.00001
Pseudomonas_tremae	200454	S	27	50	77	0.00001
Pseudomonas_asiatica	2219225	S	5242	31015	36257	0.00303
Pseudomonas_chlororaphis	587753	S	4125	4825	8950	0.00075
Pseudomonas_lundensis	86185	S	479	54	533	0.00004
Pseudomonas_fragi	296	S	239	199	438	0.00004
Pseudomonas_otitidis	319939	S	4515	904	5419	0.00045
Pseudomonas_lalkuanensis	2604832	S	3801	636	4437	0.00037
Pseudomonas_oryzae	1392877	S	3498	977	4475	0.00037
Pseudomonas_cavernae	2320867	S	3119	436	3555	0.00030
Pseudomonas_knackmussii	65741	S	2885	2062	4947	0.00041
Pseudomonas_psychrotolerans	237610	S	2802	582	3384	0.00028
Pseudomonas_campi	2731681	S	2220	273	2493	0.00021
Pseudomonas_guangdongensis	1245526	S	2000	566	2566	0.00021
Pseudomonas_entomophila	312306	S	1948	825	2773	0.00023
Pseudomonas_qingdaonensis	2056231	S	1160	213	1373	0.00011
Pseudomonas_parafulva	157782	S	1133	317	1450	0.00012
Pseudomonas_vanderleydeniana	2745495	S	982	127	1109	0.00009
Pseudomonas_saudiphocaensis	1499686	S	971	192	1163	0.00010
Pseudomonas_argentinensis	289370	S	920	201	1121	0.00009
Pseudomonas_pohangensis	364197	S	911	57	968	0.00008
Pseudomonas_eucalypticola	2599595	S	902	103	1005	0.00008
Pseudomonas_tohonis	2725477	S	868	686	1554	0.00013
Pseudomonas_nanhaiensis	2830842	S	854	76	930	0.00008
Pseudomonas_alkylphenolica	237609	S	804	143	947	0.00008
Pseudomonas_toyotomiensis	554344	S	800	761	1561	0.00013
Pseudomonas_cremoricolorata	157783	S	796	108	904	0.00008
Pseudomonas_rhizosphaerae	216142	S	785	84	869	0.00007
Pseudomonas_zhaodongensis	1176257	S	755	329	1084	0.00009
Pseudomonas_frederiksbergensis	104087	S	751	226	977	0.00008
Pseudomonas_marincola	437900	S	743	99	842	0.00007
Pseudomonas_wenzhouensis	2906062	S	686	240	926	0.00008
Pseudomonas_sediminis	1691904	S	684	191	875	0.00007
Pseudomonas_brassicacearum	930166	S	664	1377	2041	0.00017
Pseudomonas_yamanorum	515393	S	658	148	806	0.00007
Pseudomonas_phragmitis	1931241	S	653	44	697	0.00006
Pseudomonas_muyukensis	2842357	S	623	176	799	0.00007
Pseudomonas_xantholysinigenes	2745490	S	602	158	760	0.00006
Pseudomonas_umsongensis	198618	S	599	91	690	0.00006
Pseudomonas_alvandae	2842348	S	577	88	665	0.00006
Pseudomonas_koreensis	198620	S	547	218	765	0.00006
Pseudomonas_vancouverensis	95300	S	541	81	622	0.00005
Pseudomonas_fakonensis	2842355	S	511	158	669	0.00006
Pseudomonas_anuradhapurensis	485870	S	494	454	948	0.00008
Pseudomonas_promysalinigenes	485898	S	478	66	544	0.00005
Pseudomonas_xanthosomae	2842356	S	475	149	624	0.00005
Pseudomonas_palleroniana	191390	S	474	75	549	0.00005
Pseudomonas_tructae	2518644	S	469	76	545	0.00005
Pseudomonas_agarici	46677	S	438	20	458	0.00004
Pseudomonas_alcaliphila	101564	S	429	451	880	0.00007
Pseudomonas_hamedanensis	2745504	S	412	73	485	0.00004
Pseudomonas_thivervalensis	86265	S	405	89	494	0.00004
Pseudomonas_silesiensis	1853130	S	402	83	485	0.00004
Pseudomonas_oryziphila	2894079	S	390	317	707	0.00006
Pseudomonas_prosekii	1148509	S	381	60	441	0.00004
Pseudomonas_arsenicoxydans	702115	S	371	82	453	0.00004
Pseudomonas_antarctica	219572	S	366	92	458	0.00004
Pseudomonas_extremaustralis	359110	S	365	78	443	0.00004
Pseudomonas_granadensis	1421430	S	360	176	536	0.00004
Pseudomonas_asgharzadehiana	2842349	S	350	80	430	0.00004
Pseudomonas_khazarica	2502979	S	346	441	787	0.00007
Pseudomonas_graminis	158627	S	342	96	438	0.00004
Pseudomonas_taetrolens	47884	S	333	37	370	0.00003
Pseudomonas_sihuiensis	1274359	S	318	421	739	0.00006
Pseudomonas_maumuensis	2842354	S	308	148	456	0.00004
Pseudomonas_reinekei	395598	S	305	87	392	0.00003
Pseudomonas_viciae	2505979	S	304	74	378	0.00003
Pseudomonas_lini	163011	S	303	58	361	0.00003
Pseudomonas_simiae	321846	S	291	72	363	0.00003
Pseudomonas_lurida	244566	S	276	63	339	0.00003
Pseudomonas_versuta	1788301	S	262	38	300	0.00003
Pseudomonas_chengduensis	489632	S	244	452	696	0.00006
Pseudomonas_psychrophila	122355	S	240	29	269	0.00002
Pseudomonas_moraviensis	321662	S	235	379	614	0.00005
Pseudomonas_kribbensis	1628086	S	226	228	454	0.00004
Pseudomonas_kunmingensis	1211807	S	220	320	540	0.00005
Pseudomonas_gozinkensis	2774461	S	196	94	290	0.00002
Pseudomonas_allokribbensis	2774460	S	183	73	256	0.00002
Pseudomonas_tritici	2745518	S	179	57	236	0.00002
Pseudomonas_asplenii	53407	S	175	113	288	0.00002
Pseudomonas_atacamensis	2565368	S	169	175	344	0.00003
Pseudomonas_azerbaijanoriens	2842350	S	146	101	247	0.00002
Pseudomonas_juntendi	2666183	S	146	1203	1349	0.00011
Pseudomonas_tensinigenes	2745511	S	143	78	221	0.00002
Pseudomonas_zeae	2745510	S	141	74	215	0.00002
Pseudomonas_soli	1306993	S	133	476	609	0.00005
Pseudomonas_germanica	2815720	S	130	74	204	0.00002
Pseudomonas_zarinae	2745498	S	122	97	219	0.00002
Pseudomonas_iranensis	2745503	S	115	92	207	0.00002
Pseudomonas_lactis	1615674	S	82	63	145	0.00001
Pseudomonas_monsensis	2745509	S	76	87	163	0.00001
Pseudomonas_bijieensis	2681983	S	67	273	340	0.00003
Pseudomonas_donghuensis	1163398	S	65	192	257	0.00002
Pseudomonas_salmasensis	2745514	S	60	40	100	0.00001
Pseudomonas_sessilinigenes	658629	S	39	107	146	0.00001
Pseudomonas_rhizophila	2045200	S	36	103	139	0.00001
Pseudomonas_glycinae	1785145	S	32	60	92	0.00001
Pseudomonas_cerasi	1583341	S	24	53	77	0.00001
Candidatus_Pseudomonas_adelgestsugas	1302376	S	20	0	20	0.00000
Pseudomonas_shahriarae	2745512	S	18	75	93	0.00001
Pseudomonas_taiwanensis	470150	S	15	198	213	0.00002
Azotobacter_chroococcum	353	S	2050	1125	3175	0.00027
Azotobacter_salinestris	69964	S	1323	646	1969	0.00016
Azotobacter_vinelandii	354	S	1245	0	1245	0.00010
Halopseudomonas_xinjiangensis	487184	S	602	48	650	0.00005
Halopseudomonas_sp._RR6	2918528	S	501	62	563	0.00005
Halopseudomonas_sabulinigri	472181	S	494	36	530	0.00004
Halopseudomonas_aestusnigri	857252	S	491	273	764	0.00006
Halopseudomonas_litoralis	797277	S	353	70	423	0.00004
Halopseudomonas_salegens	1434072	S	290	18	308	0.00003
Permianibacter_aggregans	1510150	S	667	18	685	0.00006
Thiopseudomonas_alkaliphila	1697053	S	60	10	70	0.00001
Entomomonas_sp._F2A	2785331	S	29	1	30	0.00000
Entomomonas_moraniae	2213226	S	28	1	29	0.00000
Marinobacter_sp._CA1	2817656	S	548	35	583	0.00005
Marinobacter_sp._LPB0319	2769486	S	387	21	408	0.00003
Marinobacter_sp._NP-4(2019)	2488665	S	380	63	443	0.00004
Marinobacter_sp._Arc7-DN-1	2304594	S	319	40	359	0.00003
Marinobacter_sp._LQ44	1749259	S	162	234	396	0.00003
Marinobacter_sp._LV10R510-11A	1415568	S	154	5	159	0.00001
Marinobacter_sp._es.042	1761794	S	152	144	296	0.00002
Marinobacter_sp._JH2	2547598	S	144	35	179	0.00002
Marinobacter_sp._CP1	1671721	S	121	221	342	0.00003
Marinobacter_sp._BSs20148	490759	S	116	67	183	0.00002
Marinobacter_fonticola	2603215	S	431	18	449	0.00004
Marinobacter_salarius	1420917	S	406	47	453	0.00004
Marinobacter_nauticus	2743	S	367	100	467	0.00004
Marinobacter_similis	1420916	S	311	21	332	0.00003
Marinobacter_salsuginis	418719	S	271	35	306	0.00003
Marinobacter_salinus	1874317	S	255	14	269	0.00002
Marinobacter_adhaerens	1033846	S	83	160	243	0.00002
Marinobacter_psychrophilus	330734	S	66	38	104	0.00001
Lysobacter_sp._KIS68-7	2904252	S	9864	1823	11687	0.00098
Lysobacter_sp._TY2-98	2290922	S	7860	1168	9028	0.00075
Lysobacter_sp._5GHs7-4	2904253	S	7228	2163	9391	0.00078
Lysobacter_sp._CECT_30171	2822368	S	6628	1528	8156	0.00068
Lysobacter_sp._S4-A87	2925843	S	5897	1969	7866	0.00066
Lysobacter_sp._CW239	2762611	S	4560	2268	6828	0.00057
Lysobacter_sp._K5869	2820808	S	3099	1566	4665	0.00039
Lysobacter_sp._H21R4	2781021	S	933	2100	3033	0.00025
Lysobacter_sp._CJ11	2764185	S	652	61	713	0.00006
Lysobacter_sp._H23M47	2781024	S	532	3011	3543	0.00030
Lysobacter_sp._HDW10	2714936	S	405	109	514	0.00004
Lysobacter_solisilvae_(ex_Woo_and_Kim_2022)	2865112	S	22752	6256	29008	0.00242
Lysobacter_soli	453783	S	15994	3076	19070	0.00159
Lysobacter_solisilvae_(ex_Kim_et_al._2021)	2763317	S	14300	2666	16966	0.00142
Lysobacter_enzymogenes	69	S	13153	4814	17967	0.00150
Lysobacter_capsici	435897	S	7948	9178	17126	0.00143
Lysobacter_maris	1605891	S	6890	1545	8435	0.00070
Lysobacter_lycopersici	1324796	S	6266	1225	7491	0.00063
Lysobacter_arenosi	2795387	S	5848	1876	7724	0.00065
Lysobacter_antibioticus	84531	S	5476	1121	6597	0.00055
Lysobacter_alkalisoli	2591633	S	5306	878	6184	0.00052
Lysobacter_oculi	2698682	S	4281	1053	5334	0.00045
Lysobacter_ciconiae	2781022	S	939	1874	2813	0.00023
Lysobacter_gummosus	262324	S	572	5312	5884	0.00049
Lysobacter_avium	2781023	S	527	2660	3187	0.00027
Pseudoxanthomonas_mexicana	128785	S	28863	24243	53106	0.00444
Pseudoxanthomonas_suwonensis	314722	S	9026	4141	13167	0.00110
Pseudoxanthomonas_sp._X-1	2571115	S	3502	2666	6168	0.00052
Pseudoxanthomonas_sp._F37	2932492	S	932	29127	30059	0.00251
Pseudoxanthomonas_daejeonensis	266062	S	3702	811	4513	0.00038
Pseudoxanthomonas_spadix	415229	S	2331	738	3069	0.00026
Stenotrophomonas_maltophilia	40324	S	11040	15588	26628	0.00222
Stenotrophomonas_sp._ESTM1D_MKCIP4_1	2072414	S	764	305	1069	0.00009
Stenotrophomonas_sp._SAU14A_NAIMI4_5	2072413	S	694	426	1120	0.00009
Stenotrophomonas_sp._ZAC14D2_NAIMI4_7	2072405	S	393	427	820	0.00007
Stenotrophomonas_sp._ZAC14A_NAIMI4_1	2072412	S	260	497	757	0.00006
Stenotrophomonas_sp._YAU14D1_LEIMI4_1	2072407	S	233	408	641	0.00005
Stenotrophomonas_sp._ZAC14D2_NAIMI4_6	2072406	S	191	382	573	0.00005
Stenotrophomonas_sp._SAU14A_NAIMI4_8	2072409	S	92	540	632	0.00005
Stenotrophomonas_sp._YAU14A_MKIMI4_1	2072408	S	71	417	488	0.00004
Stenotrophomonas_sp._LM091	1904944	S	1502	525	2027	0.00017
Stenotrophomonas_sp._169	2770322	S	1413	210	1623	0.00014
Stenotrophomonas_sp._364	2691571	S	967	355	1322	0.00011
Stenotrophomonas_sp._NA06056	2742129	S	477	225	702	0.00006
Stenotrophomonas_sp._WZN-1	2005046	S	217	254	471	0.00004
Stenotrophomonas_sp._DR822	2871174	S	195	331	526	0.00004
Stenotrophomonas_sp._Pemsol	2040586	S	113	369	482	0.00004
Stenotrophomonas_sp._pho	2211160	S	106	491	597	0.00005
Stenotrophomonas_sp._CW117	2775920	S	88	1775	1863	0.00016
Stenotrophomonas_sp._MYb57	1827305	S	75	329	404	0.00003
Stenotrophomonas_sp._ASS1	2282124	S	62	288	350	0.00003
Stenotrophomonas_sp._G4	2303750	S	54	257	311	0.00003
Stenotrophomonas_sp._NY11291	2939415	S	48	511	559	0.00005
Stenotrophomonas_sp._SI-NJAU-1	2886359	S	44	215	259	0.00002
Stenotrophomonas_sp._SXG-1	2682487	S	38	432	470	0.00004
Stenotrophomonas_rhizophila	216778	S	4458	1215	5673	0.00047
Stenotrophomonas_acidaminiphila	128780	S	3217	7015	10232	0.00085
Stenotrophomonas_indicatrix	2045451	S	126	504	630	0.00005
Xanthomonas_translucens	343	S	3860	4194	8054	0.00067
Xanthomonas_campestris	339	S	3211	2837	6048	0.00051
Xanthomonas_sacchari	56458	S	2436	759	3195	0.00027
Xanthomonas_sp._GW	2724121	S	426	536	962	0.00008
Xanthomonas_sp._SS	2724122	S	416	608	1024	0.00009
Xanthomonas_sp._SI	2724123	S	342	504	846	0.00007
Xanthomonas_sp._MLO165	2081477	S	94	138	232	0.00002
Xanthomonas_arboricola	56448	S	1823	1820	3643	0.00030
Xanthomonas_theicola	56464	S	1623	483	2106	0.00018
Xanthomonas_oryzae	347	S	1248	467	1715	0.00014
Xanthomonas_citri	346	S	1113	5653	6766	0.00057
Xanthomonas_hyacinthi	56455	S	1105	605	1710	0.00014
Xanthomonas_albilineans	29447	S	1010	118	1128	0.00009
Xanthomonas_vesicatoria	56460	S	944	488	1432	0.00012
Xanthomonas_hortorum	56454	S	851	588	1439	0.00012
Xanthomonas_fragariae	48664	S	815	140	955	0.00008
Xanthomonas_cucurbitae	56453	S	813	137	950	0.00008
Xanthomonas_vasicola	56459	S	633	215	848	0.00007
Xanthomonas_cassavae	56450	S	604	146	750	0.00006
Xanthomonas_euroxanthea	2259622	S	473	553	1026	0.00009
Xanthomonas_axonopodis	53413	S	407	427	834	0.00007
Xanthomonas_hydrangeae	2775159	S	389	131	520	0.00004
Xanthomonas_phaseoli	1985254	S	292	643	935	0.00008
Xanthomonas_euvesicatoria	456327	S	227	5620	5847	0.00049
Xanthomonas_perforans	442694	S	32	1003	1035	0.00009
Luteimonas_sp._MC1750	2799326	S	3877	1344	5221	0.00044
Luteimonas_sp._S4-F44	2925842	S	3192	568	3760	0.00031
Luteimonas_sp._JM171	1896164	S	3126	572	3698	0.00031
Luteimonas_sp._MC1572	2799325	S	3049	1443	4492	0.00038
Luteimonas_sp._MC1825	2761107	S	2979	1451	4430	0.00037
Luteimonas_sp._YGD11-2	2508168	S	2950	1204	4154	0.00035
Luteimonas_sp._D4P002	2901869	S	2914	689	3603	0.00030
Luteimonas_granuli	1176533	S	4088	1303	5391	0.00045
Luteimonas_yindakuii	2565782	S	2712	1012	3724	0.00031
Luteimonas_chenhongjianii	2006110	S	2600	523	3123	0.00026
Thermomonas_sp._XSG	2771436	S	4828	1945	6773	0.00057
Thermomonas_sp._HDW16	2714945	S	2272	576	2848	0.00024
Thermomonas_brevis	215691	S	5644	2150	7794	0.00065
Thermomonas_aquatica	2202149	S	4523	2239	6762	0.00056
Thermomonas_carbonis	1463158	S	3275	632	3907	0.00033
Arenimonas_daejeonensis	370777	S	20100	3638	23738	0.00198
Pseudolysobacter_antarcticus	2511995	S	1472	35	1507	0.00013
Xylella_fastidiosa	2371	S	312	77	389	0.00003
Xylella_taiwanensis	1444770	S	171	8	179	0.00002
Luteibacter_sp._321	2911537	S	1847	507	2354	0.00020
Luteibacter_sp._EIF3	2780091	S	1432	221	1653	0.00014
Luteibacter_sp._335	2911538	S	1180	265	1445	0.00012
Luteibacter_sp._353	2911539	S	1088	318	1406	0.00012
Luteibacter_pinisoli	2589080	S	1540	399	1939	0.00016
Luteibacter_rhizovicinus	242606	S	1388	188	1576	0.00013
Luteibacter_anthropi	564369	S	1192	213	1405	0.00012
Rhodanobacter_denitrificans	666685	S	3114	1236	4350	0.00036
Rhodanobacter_thiooxydans	416169	S	1766	853	2619	0.00022
Rhodanobacter_sp._FDAARGOS_1247	2778082	S	1689	565	2254	0.00019
Rhodanobacter_glycinis	582702	S	1317	232	1549	0.00013
Dyella_thiooxydans	445710	S	2404	730	3134	0.00026
Dyella_japonica	231455	S	1272	405	1677	0.00014
Dyella_telluris	2763498	S	1173	329	1502	0.00013
Dyella_terrae	522259	S	975	141	1116	0.00009
Dyella_caseinilytica	1849581	S	739	55	794	0.00007
Dyella_sp._M7H15-1	2501295	S	460	43	503	0.00004
Frateuria_sp._5GH9-34	2898793	S	2409	805	3214	0.00027
Frateuria_sp._5GH9-11	1542730	S	2185	926	3111	0.00026
Frateuria_aurantia	81475	S	577	72	649	0.00005
Dokdonella_koreensis	323415	S	4690	729	5419	0.00045
Aerosticca_soli	2010829	S	2247	2540	4787	0.00040
Ahniella_affigens	2021234	S	1227	28	1255	0.00010
Enterobacter_cloacae	550	S	1106	1785	2891	0.00024
Enterobacter_hormaechei	158836	S	261	3785	4046	0.00034
Enterobacter_asburiae	61645	S	239	1123	1362	0.00011
Enterobacter_cancerogenus	69218	S	202	69	271	0.00002
Enterobacter_roggenkampii	1812935	S	149	624	773	0.00006
Enterobacter_chengduensis	2494701	S	109	76	185	0.00002
Enterobacter_chuandaensis	2497875	S	75	50	125	0.00001
Enterobacter_ludwigii	299767	S	74	186	260	0.00002
Enterobacter_sp._BIDMC_29	1329841	S	26	94	120	0.00001
Enterobacter_cloacae_complex_sp.	2027919	S	25	648	673	0.00006
Enterobacter_kobei	208224	S	58	671	729	0.00006
Enterobacter_sichuanensis	2071710	S	42	41	83	0.00001
Enterobacter_sp._SA187	1914861	S	185	32	217	0.00002
Enterobacter_sp._JUb54	2724468	S	161	32	193	0.00002
Enterobacter_sp._E76	2596949	S	89	166	255	0.00002
Enterobacter_sp._RHBSTW-00994	2742676	S	74	18	92	0.00001
Enterobacter_sp._RHBSTW-00175	2742639	S	58	52	110	0.00001
Enterobacter_sp._Colony194	2866201	S	39	53	92	0.00001
Enterobacter_sp._JBIWA008	2831892	S	37	25	62	0.00001
Enterobacter_sp._SES19	2705458	S	23	24	47	0.00000
Enterobacter_sp._SGAir0187	2836161	S	22	27	49	0.00000
Enterobacter_sp._JBIWA003	2831890	S	21	29	50	0.00000
Enterobacter_sp._JBIWA005	2831891	S	19	38	57	0.00000
Enterobacter_sp._N18-03635	2500132	S	19	51	70	0.00001
Enterobacter_sp._E20	1560339	S	15	136	151	0.00001
Enterobacter_sp._RHBSTW-00975	2742673	S	12	88	100	0.00001
Enterobacter_sp._18A13	2565914	S	11	51	62	0.00001
Enterobacter_huaxiensis	2494702	S	107	32	139	0.00001
Enterobacter_bugandensis	881260	S	73	135	208	0.00002
Enterobacter_oligotrophicus	2478464	S	72	22	94	0.00001
Enterobacter_mori	539813	S	71	94	165	0.00001
Enterobacter_soli	885040	S	66	17	83	0.00001
Klebsiella_pneumoniae	573	S	735	43068	43803	0.00366
Klebsiella_quasipneumoniae	1463165	S	481	1568	2049	0.00017
Klebsiella_sp._A52	2834819	S	24	308	332	0.00003
Klebsiella_oxytoca	571	S	319	206	525	0.00004
Klebsiella_aerogenes	548	S	270	146	416	0.00003
Klebsiella_variicola	244366	S	187	592	779	0.00007
Klebsiella_michiganensis	1134687	S	164	590	754	0.00006
Klebsiella_quasivariicola	2026240	S	84	86	170	0.00001
Klebsiella_africana	2489010	S	77	44	121	0.00001
Klebsiella_huaxiensis	2153354	S	63	57	120	0.00001
Klebsiella_grimontii	2058152	S	30	195	225	0.00002
Raoultella_sp._HC6	2923366	S	171	118	289	0.00002
Raoultella_planticola	575	S	123	124	247	0.00002
Raoultella_ornithinolytica	54291	S	102	793	895	0.00007
Raoultella_terrigena	577	S	63	132	195	0.00002
Raoultella_electrica	1259973	S	23	58	81	0.00001
Citrobacter_freundii	546	S	195	912	1107	0.00009
Citrobacter_werkmanii	67827	S	61	166	227	0.00002
Citrobacter_braakii	57706	S	47	427	474	0.00004
Citrobacter_portucalensis	1639133	S	30	329	359	0.00003
Citrobacter_freundii_complex_sp._CFNIH2	2066049	S	29	37	66	0.00001
Citrobacter_sedlakii	67826	S	29	87	116	0.00001
Citrobacter_sp._R56	1573676	S	113	34	147	0.00001
Citrobacter_sp._RHB25-C09	2742624	S	89	24	113	0.00001
Citrobacter_sp._BDA59-3	2781952	S	22	11	33	0.00000
Citrobacter_sp._MGH_55	1439319	S	17	79	96	0.00001
Citrobacter_rodentium	67825	S	146	0	146	0.00001
Citrobacter_farmeri	67824	S	136	68	204	0.00002
Citrobacter_amalonaticus	35703	S	97	526	623	0.00005
Citrobacter_koseri	545	S	64	97	161	0.00001
Citrobacter_tructae	2562449	S	59	27	86	0.00001
Citrobacter_pasteurii	1563222	S	39	36	75	0.00001
Citrobacter_arsenatis	2546350	S	27	10	37	0.00000
Citrobacter_cronae	1748967	S	10	90	100	0.00001
Cronobacter_sakazakii	28141	S	335	316	651	0.00005
Cronobacter_dublinensis	413497	S	203	78	281	0.00002
Cronobacter_condimenti	1163710	S	170	50	220	0.00002
Cronobacter_universalis	535744	S	151	115	266	0.00002
Cronobacter_malonaticus	413503	S	70	96	166	0.00001
Cronobacter_sp._JZ38	1906275	S	46	156	202	0.00002
Cronobacter_muytjensii	413501	S	23	99	122	0.00001
Leclercia_adecarboxylata	83655	S	424	698	1122	0.00009
Leclercia_sp._29361	2714951	S	116	44	160	0.00001
Leclercia_sp._J807	2681307	S	46	62	108	0.00001
Leclercia_sp._W6	2282310	S	39	66	105	0.00001
Leclercia_sp._W17	2282309	S	27	69	96	0.00001
Leclercia_sp._119287	2681308	S	22	61	83	0.00001
Leclercia_sp._G3L	2898725	S	20	97	117	0.00001
Leclercia_sp._Colony189	2681309	S	11	176	187	0.00002
Leclercia_pneumoniae	2815358	S	140	64	204	0.00002
Kosakonia_sp._SMBL-WEM22	2725560	S	144	77	221	0.00002
Kosakonia_sp._MUSA4	2067958	S	72	40	112	0.00001
Kosakonia_sp._CCTCC_M2018092	2492396	S	60	69	129	0.00001
Kosakonia_cowanii	208223	S	231	187	418	0.00003
Kosakonia_sacchari	1158459	S	178	80	258	0.00002
Kosakonia_oryzae	497725	S	86	65	151	0.00001
Kosakonia_radicincitans	283686	S	85	87	172	0.00001
Kosakonia_pseudosacchari	1646340	S	64	35	99	0.00001
Kosakonia_arachidis	551989	S	58	16	74	0.00001
Salmonella_enterica	28901	S	796	32008	32804	0.00274
Salmonella_bongori	54736	S	92	34	126	0.00001
Pluralibacter_gergoviae	61647	S	682	168	850	0.00007
[Enterobacter]_lignolyticus	1334193	S	365	87	452	0.00004
Escherichia_coli	562	S	574	9025	9599	0.00080
Escherichia_albertii	208962	S	115	97	212	0.00002
Escherichia_fergusonii	564	S	56	90	146	0.00001
Escherichia_marmotae	1499973	S	49	28	77	0.00001
Escherichia_sp._E4742	2044467	S	28	19	47	0.00000
Cedecea_neteri	158822	S	516	105	621	0.00005
Cedecea_lapagei	158823	S	167	44	211	0.00002
Cedecea_sp._FDAARGOS_727	2545798	S	100	20	120	0.00001
Lelliottia_amnigena	61646	S	325	85	410	0.00003
Lelliottia_sp._WB101	2153385	S	70	63	133	0.00001
Lelliottia_sp._AC1	2067959	S	46	32	78	0.00001
Kluyvera_ascorbata	51288	S	134	105	239	0.00002
Kluyvera_intermedia	61648	S	89	64	153	0.00001
Kluyvera_sp._CRP	2873269	S	25	64	89	0.00001
Kluyvera_genomosp._3	2774055	S	13	31	44	0.00000
Candidatus_Symbiopectobacterium_sp._SyEd1	2871826	S	111	12	123	0.00001
Blochmannia_endosymbiont_of_Camponotus_sp.	700220	S	22	10	32	0.00000
Blochmannia_endosymbiont_of_Colobopsis_nipponica	2681987	S	13	0	13	0.00000
Candidatus_Blochmannia_ocreatus	251538	S	10	0	10	0.00000
Candidatus_Hamiltonella_defensa	138072	S	27	1	28	0.00000
secondary_endosymbiont_of_Ctenarytaina_eucalypti	1199245	S	22	1	23	0.00000
Candidatus_Doolittlea_endobia	1778262	S	25	1	26	0.00000
Candidatus_Hoaglandella_endobia	1778263	S	13	1	14	0.00000
Atlantibacter_hermannii	565	S	261	52	313	0.00003
Plesiomonas_shigelloides	703	S	242	71	313	0.00003
Jejubacter_calystegiae	2579935	S	197	20	217	0.00002
Buttiauxella_agrestis	82977	S	99	20	119	0.00001
Buttiauxella_ferragutiae	82989	S	13	70	83	0.00001
Pseudescherichia_vulneris	566	S	177	10	187	0.00002
Yokenella_regensburgei	158877	S	161	67	228	0.00002
Shimwellia_blattae	563	S	150	28	178	0.00001
Scandinavium_goeteborgense	1851514	S	131	23	154	0.00001
Pseudocitrobacter_sp._G163CM	2891570	S	109	26	135	0.00001
Phytobacter_ursingii	1972431	S	78	97	175	0.00001
Shigella_boydii	621	S	21	376	397	0.00003
Shigella_flexneri	623	S	11	551	562	0.00005
Candidatus_Moranella_endobia	1048758	S	32	0	32	0.00000
Candidatus_Profftia_sp._(ex_Adelges_kitamiensis)	2864218	S	12	1	13	0.00000
Candidatus_Ishikawaella_capsulata	168169	S	19	1	20	0.00000
Serratia_marcescens	615	S	1216	2607	3823	0.00032
Serratia_sp._FDAARGOS_506	2420306	S	101	102	203	0.00002
Serratia_sp._FGI94	671990	S	76	86	162	0.00001
Serratia_sp._ATCC_39006	104623	S	68	6	74	0.00001
Serratia_sp._MYb239	2033438	S	59	526	585	0.00005
Serratia_sp._1D1416	2447890	S	32	113	145	0.00001
Serratia_sp._3ACOL1	2448483	S	18	27	45	0.00000
Serratia_sp._FS14	1327989	S	14	73	87	0.00001
Serratia_sp._LS-1	2485839	S	12	233	245	0.00002
Serratia_sp._JUb9	2724469	S	11	92	103	0.00001
Serratia_sp._P2ACOL2	2482769	S	10	32	42	0.00000
Serratia_plymuthica	82996	S	446	224	670	0.00006
Serratia_entomophila	42906	S	329	82	411	0.00003
Serratia_rubidaea	61652	S	303	363	666	0.00006
Serratia_odorifera	618	S	226	38	264	0.00002
Serratia_proteamaculans	28151	S	181	44	225	0.00002
Serratia_surfactantfaciens	2741499	S	169	103	272	0.00002
Serratia_fonticola	47917	S	168	156	324	0.00003
Serratia_liquefaciens	614	S	108	149	257	0.00002
Serratia_symbiotica	138074	S	104	16	120	0.00001
Serratia_grimesii	82995	S	97	11	108	0.00001
Serratia_quinivorans	137545	S	84	32	116	0.00001
Serratia_inhibens	2338073	S	62	35	97	0.00001
Serratia_rhizosphaerae	2597702	S	55	54	109	0.00001
Serratia_ureilytica	300181	S	45	624	669	0.00006
Serratia_ficaria	61651	S	19	92	111	0.00001
Yersinia_enterocolitica	630	S	97	68	165	0.00001
Yersinia_pseudotuberculosis	633	S	18	141	159	0.00001
Yersinia_similis	367190	S	15	2	17	0.00000
Yersinia_ruckeri	29486	S	55	10	65	0.00001
Yersinia_entomophaga	935293	S	46	8	54	0.00000
Yersinia_rohdei	29485	S	43	8	51	0.00000
Yersinia_mollaretii	33060	S	40	9	49	0.00000
Yersinia_kristensenii	28152	S	34	124	158	0.00001
Yersinia_aldovae	29483	S	29	6	35	0.00000
Yersinia_frederiksenii	29484	S	29	33	62	0.00001
Yersinia_aleksiciae	263819	S	28	7	35	0.00000
Yersinia_canariae	2607663	S	26	10	36	0.00000
Yersinia_intermedia	631	S	21	87	108	0.00001
Yersinia_hibernica	2339259	S	10	21	31	0.00000
Rahnella_aquatilis	34038	S	211	298	509	0.00004
Rahnella_victoriana	1510570	S	159	23	182	0.00002
Rahnella_sp._ERMR1:05	1805933	S	139	19	158	0.00001
Rahnella_inusitata	58169	S	119	32	151	0.00001
Rahnella_aceris	2703885	S	18	35	53	0.00000
Nissabacter_sp._SGAir0207	2126321	S	582	84	666	0.00006
Gibbsiella_quercinecans	929813	S	344	48	392	0.00003
Ewingella_americana	41202	S	239	34	273	0.00002
Rouxiella_badensis	1646377	S	165	15	180	0.00002
Chania_multitudinisentens	1639108	S	107	12	119	0.00001
Candidatus_Fukatsuia_symbiotica	1878942	S	28	1	29	0.00000
Pantoea_sp._Z09	2886821	S	366	116	482	0.00004
Pantoea_sp._SO10	2575375	S	224	41	265	0.00002
Pantoea_sp._MSR2	2052056	S	147	21	168	0.00001
Pantoea_sp._CCBC3-3-1	2490851	S	143	28	171	0.00001
Pantoea_sp._At-9b	592316	S	135	29	164	0.00001
Pantoea_sp._SM3640	2787629	S	10	80	90	0.00001
Pantoea_agglomerans	549	S	851	277	1128	0.00009
Pantoea_dispersa	59814	S	750	193	943	0.00008
Pantoea_ananatis	553	S	278	79	357	0.00003
Pantoea_vagans	470934	S	222	353	575	0.00005
Pantoea_deleyi	470932	S	215	51	266	0.00002
Pantoea_alhagi	1891675	S	164	55	219	0.00002
Pantoea_cypripedii	55209	S	156	10	166	0.00001
Pantoea_stewartii	66269	S	141	33	174	0.00001
Pantoea_rwandensis	1076550	S	97	21	118	0.00001
Pantoea_eucalypti	470933	S	16	128	144	0.00001
Candidatus_Pantoea_carbekii	1235990	S	14	1	15	0.00000
Erwinia_sp._E602	2675378	S	446	76	522	0.00004
Erwinia_sp._J780	2681984	S	76	13	89	0.00001
Erwinia_sp._QL-Z3	2547962	S	38	116	154	0.00001
Erwinia_sp._Ejp617	215689	S	20	36	56	0.00000
Erwinia_gerundensis	1619313	S	209	38	247	0.00002
Erwinia_persicina	55211	S	173	35	208	0.00002
Erwinia_rhapontici	55212	S	137	25	162	0.00001
Erwinia_tasmaniensis	338565	S	126	24	150	0.00001
Erwinia_billingiae	182337	S	113	209	322	0.00003
Erwinia_amylovora	552	S	107	51	158	0.00001
Candidatus_Erwinia_haradaeae	1922217	S	80	1	81	0.00001
[Pantoea]_beijingensis	1324864	S	59	10	69	0.00001
Erwinia_tracheiphila	65700	S	54	7	61	0.00001
Erwinia_pyrifoliae	79967	S	20	34	54	0.00000
Mixta_gaviniae	665914	S	300	120	420	0.00004
Mixta_calida	665913	S	251	141	392	0.00003
Mixta_theicola	1458355	S	199	67	266	0.00002
Mixta_sp._X22927	2872648	S	140	78	218	0.00002
Mixta_intestinalis	1615494	S	112	33	145	0.00001
Buchnera_aphidicola	9	S	171	20	191	0.00002
Tatumella_ptyseos	82987	S	73	11	84	0.00001
Tatumella_citrea	53336	S	58	7	65	0.00001
Wigglesworthia_glossinidia	51229	S	23	2	25	0.00000
Dickeya_dadantii	204038	S	314	178	492	0.00004
Dickeya_chrysanthemi	556	S	241	30	271	0.00002
Dickeya_zeae	204042	S	223	228	451	0.00004
Dickeya_dianthicola	204039	S	185	117	302	0.00003
Dickeya_fangzhongdai	1778540	S	112	468	580	0.00005
Dickeya_poaceiphila	568768	S	90	15	105	0.00001
Dickeya_sp._NCPPB_3274	568766	S	75	51	126	0.00001
Dickeya_solani	1089444	S	73	218	291	0.00002
Dickeya_oryzae	1240404	S	10	21	31	0.00000
Dickeya_parazeae	2893572	S	10	38	48	0.00000
Pectobacterium_carotovorum	554	S	182	407	589	0.00005
Pectobacterium_brasiliense	180957	S	134	141	275	0.00002
Pectobacterium_sp._LJ1	2878098	S	65	17	82	0.00001
Pectobacterium_sp._PL64	2738983	S	26	16	42	0.00000
Pectobacterium_parmentieri	1905730	S	71	28	99	0.00001
Pectobacterium_atrosepticum	29471	S	70	20	90	0.00001
Pectobacterium_polaris	2042057	S	63	40	103	0.00001
Pectobacterium_punjabense	2108399	S	60	13	73	0.00001
Pectobacterium_quasiaquaticum	2774015	S	54	47	101	0.00001
Pectobacterium_versatile	2488639	S	41	83	124	0.00001
Pectobacterium_wasabiae	55208	S	40	11	51	0.00000
Pectobacterium_odoriferum	78398	S	34	22	56	0.00000
Pectobacterium_aroidearum	1201031	S	17	23	40	0.00000
Brenneria_izadpanahii	2722756	S	207	266	473	0.00004
Brenneria_goodwinii	1109412	S	161	200	361	0.00003
Brenneria_rubrifaciens	55213	S	142	60	202	0.00002
Lonsdalea_populi	1172565	S	201	54	255	0.00002
Lonsdalea_britannica	1082704	S	176	43	219	0.00002
Musicola_paradisiaca	69223	S	254	0	254	0.00002
Edwardsiella_tarda	636	S	314	211	525	0.00004
Edwardsiella_hoshinae	93378	S	236	53	289	0.00002
Edwardsiella_ictaluri	67780	S	124	66	190	0.00002
Edwardsiella_piscicida	1263550	S	59	746	805	0.00007
Hafnia_alvei	569	S	85	104	189	0.00002
Hafnia_paralvei	546367	S	29	12	41	0.00000
Obesumbacterium_proteus	82983	S	25	18	43	0.00000
Morganella_morganii	582	S	413	374	787	0.00007
Providencia_rettgeri	587	S	97	144	241	0.00002
Providencia_alcalifaciens	126385	S	52	21	73	0.00001
Providencia_heimbachae	333962	S	24	8	32	0.00000
Providencia_sp._R33	2828763	S	20	3	23	0.00000
Providencia_rustigianii	158850	S	19	6	25	0.00000
Providencia_vermicola	333965	S	10	42	52	0.00000
Xenorhabdus_bovienii	40576	S	67	13	80	0.00001
Xenorhabdus_doucetiae	351671	S	52	6	58	0.00000
Xenorhabdus_nematophila	628	S	42	5	47	0.00000
Xenorhabdus_hominickii	351679	S	35	4	39	0.00000
Xenorhabdus_poinarii	40577	S	26	4	30	0.00000
Xenorhabdus_budapestensis	290110	S	19	2	21	0.00000
Photorhabdus_thracensis	230089	S	67	13	80	0.00001
Photorhabdus_akhurstii	171438	S	45	10	55	0.00000
Photorhabdus_laumondii	2218628	S	40	10	50	0.00000
Photorhabdus_asymbiotica	291112	S	17	2	19	0.00000
Proteus_vulgaris	585	S	39	80	119	0.00001
Proteus_mirabilis	584	S	30	40	70	0.00001
Proteus_hauseri	183417	S	17	3	20	0.00000
Proteus_sp._ZN5	2697019	S	10	22	32	0.00000
Arsenophonus_endosymbiont_of_Apis_mellifera	1541805	S	16	3	19	0.00000
Arsenophonus_endosymbiont_of_Aphis_craccivora	1231049	S	12	2	14	0.00000
Arsenophonus_nasoniae	638	S	15	3	18	0.00000
Moellerella_wisconsensis	158849	S	21	15	36	0.00000
Sodalis_sp._dw_23	2697027	S	403	24	427	0.00004
Sodalis_endosymbiont_of_Henestaris_halophilus	1929246	S	11	0	11	0.00000
Sodalis_praecaptivus	1239307	S	202	149	351	0.00003
Sodalis_glossinidius	63612	S	176	24	200	0.00002
Candidatus_Sodalis_pierantonius	1486991	S	68	54	122	0.00001
Leminorella_richardii	158841	S	139	17	156	0.00001
Pragia_fontium	82985	S	49	6	55	0.00000
Jinshanibacter_zhutongyuii	2498113	S	33	5	38	0.00000
Limnobaculum_parvum	2172103	S	32	6	38	0.00000
Thioalkalivibrio_sulfidiphilus	1033854	S	1926	1024	2950	0.00025
Thioalkalivibrio_nitratireducens	186931	S	1880	557	2437	0.00020
Thioalkalivibrio_paradoxus	108010	S	1842	599	2441	0.00020
Thioalkalivibrio_sp._K90mix	396595	S	1517	200	1717	0.00014
Thioalkalivibrio_versutus	106634	S	1507	207	1714	0.00014
Spiribacter_sp._E85	2182432	S	3410	327	3737	0.00031
Spiribacter_sp._2438	2666185	S	647	67	714	0.00006
Spiribacter_curvatus	1335757	S	792	46	838	0.00007
Spiribacter_salinus	1335746	S	470	38	508	0.00004
Acidihalobacter_aeolianus	2792603	S	1600	231	1831	0.00015
Acidihalobacter_ferrooxydans	1765967	S	1203	121	1324	0.00011
Acidihalobacter_yilgarnensis	2819280	S	954	71	1025	0.00009
Halorhodospira_halophila	1053	S	1516	188	1704	0.00014
Halorhodospira_halochloris	1052	S	260	13	273	0.00002
Alkalilimnicola_ehrlichii	351052	S	1600	215	1815	0.00015
Aquisalimonas_sp._2447	2740807	S	1585	116	1701	0.00014
Ectothiorhodospira_haloalkaliphila	421628	S	664	223	887	0.00007
Ectothiorhodospira_sp._BSL-9	1442136	S	605	195	800	0.00007
Ectothiorhodosinus_mongolicus	233100	S	191	13	204	0.00002
Allochromatium_vinosum	1049	S	1295	565	1860	0.00016
Allochromatium_tepidum	553982	S	1271	687	1958	0.00016
Candidatus_Thiodictyon_syntrophicum	1166950	S	2716	151	2867	0.00024
Marichromatium_purpuratum	37487	S	2606	526	3132	0.00026
Thioflavicoccus_mobilis	80679	S	2584	240	2824	0.00024
Thiocapsa_bogorovii	521689	S	1942	110	2052	0.00017
Thiocystis_violascens	73141	S	1557	138	1695	0.00014
Thermochromatium_tepidum	1050	S	917	246	1163	0.00010
Nitrosococcus_wardiae	1814290	S	187	28	215	0.00002
Nitrosococcus_halophilus	133539	S	172	27	199	0.00002
Nitrosococcus_oceani	1229	S	125	35	160	0.00001
Nitrosococcus_watsonii	473531	S	125	38	163	0.00001
Caldichromatium_japonicum	2699430	S	681	82	763	0.00006
Rheinheimera_sp._F8	1763998	S	91	5	96	0.00001
Rheinheimera_sp._D18	2545632	S	31	25	56	0.00000
Rheinheimera_mangrovi	2498451	S	56	6	62	0.00001
Candidatus_Nitrosacidococcus_tergens	553981	S	36	1	37	0.00000
Candidatus_Nitrosoglobus_terrae	1630141	S	28	1	29	0.00000
Thiohalobacter_sp._COW1	2795687	S	470	1152	1622	0.00014
Thiohalobacter_thiocyanaticus	585455	S	366	1114	1480	0.00012
Wenzhouxiangella_marina	1579979	S	1662	103	1765	0.00015
Wenzhouxiangella_sp._AB-CW3	2771012	S	1075	47	1122	0.00009
Sulfurivermis_fontis	1972068	S	2122	746	2868	0.00024
Guyparkeria_halophila	47960	S	1790	437	2227	0.00019
Halothiobacillus_sp._LS2	1860122	S	787	69	856	0.00007
Halothiobacillus_neapolitanus	927	S	318	32	350	0.00003
Woeseia_oceani	1548547	S	814	13	827	0.00007
Sulfuriflexus_mobilis	1811807	S	475	14	489	0.00004
Granulosicoccus_antarcticus	437505	S	258	4	262	0.00002
Halomonas_sp._THAF5a	2587844	S	1352	495	1847	0.00015
Halomonas_sp._1513	1883416	S	1002	211	1213	0.00010
Halomonas_sp._MCCC_1A13316	2733487	S	956	115	1071	0.00009
Halomonas_sp._THAF12	2587849	S	926	546	1472	0.00012
Halomonas_sp._HG01	1609967	S	916	382	1298	0.00011
Halomonas_sp._YLGW01	2773308	S	878	134	1012	0.00008
Halomonas_sp._JS92-SW72	2306583	S	765	835	1600	0.00013
Halomonas_sp._PGE1	2730360	S	620	825	1445	0.00012
Halomonas_sp._Y2R2	2562282	S	325	15	340	0.00003
Halomonas_sp._A40-4	2785909	S	243	60	303	0.00003
Halomonas_sp._SH5A2	2749040	S	199	31	230	0.00002
Halomonas_sp._KO116	1504981	S	180	72	252	0.00002
Halomonas_sp._R57-5	1610576	S	166	67	233	0.00002
Halomonas_sp._18071143	2855441	S	139	294	433	0.00004
Halomonas_sp._SS10-MC5	2854257	S	123	1113	1236	0.00010
Halomonas_sp._GFAJ-1	1118153	S	110	17	127	0.00001
Halomonas_sp._FeN2	2832500	S	99	42	141	0.00001
Halomonas_sp._NyZ770	2883106	S	96	402	498	0.00004
Halomonas_sp._SF2003	2136172	S	85	405	490	0.00004
Halomonas_sp._TD01	999141	S	69	35	104	0.00001
Halomonas_sp._HL-93	1666906	S	56	359	415	0.00003
Halomonas_sp._N3-2A	2014541	S	42	53	95	0.00001
Halomonas_sp._hl-4	1761789	S	41	255	296	0.00002
Halomonas_sp._GT	1971364	S	37	25	62	0.00001
Halomonas_sp._A3H3	1346287	S	16	436	452	0.00004
Halomonas_beimenensis	475662	S	1355	245	1600	0.00013
Halomonas_aestuarii	1897729	S	1188	232	1420	0.00012
Halomonas_socia	1081866	S	859	155	1014	0.00008
Halomonas_sulfidivorans	2733488	S	841	162	1003	0.00008
Halomonas_tianxiuensis	2497861	S	798	169	967	0.00008
Halomonas_elongata	2746	S	764	70	834	0.00007
Halomonas_chromatireducens	507626	S	721	52	773	0.00006
Halomonas_subglaciescola	29571	S	469	44	513	0.00004
Halomonas_meridiana	29570	S	430	318	748	0.00006
Halomonas_huangheensis	1178482	S	355	17	372	0.00003
Halomonas_piezotolerans	2609667	S	267	137	404	0.00003
Halomonas_profundi	2852117	S	130	16	146	0.00001
Halomonas_sulfidoxydans	2733484	S	117	1041	1158	0.00010
Halomonas_titanicae	664683	S	82	418	500	0.00004
Halomonas_hydrothermalis	115561	S	80	231	311	0.00003
Halomonas_venusta	44935	S	43	54	97	0.00001
Halomonas_campaniensis	213554	S	21	100	121	0.00001
Cobetia_sp._L2A1	2686360	S	350	41	391	0.00003
Cobetia_sp._cqz5-12	2609415	S	193	276	469	0.00004
Cobetia_sp._AM6	2661553	S	71	430	501	0.00004
Cobetia_sp._4B	2758724	S	67	302	369	0.00003
Cobetia_pacifica	1055101	S	100	350	450	0.00004
Cobetia_amphilecti	1055104	S	72	487	559	0.00005
Halotalea_alkalilenta	376489	S	1346	228	1574	0.00013
Salinicola_tamaricis	1771309	S	1298	134	1432	0.00012
Kushneria_phosphatilytica	657387	S	315	10	325	0.00003
Kushneria_konosiri	698828	S	290	58	348	0.00003
Kushneria_marisflavi	157779	S	281	54	335	0.00003
Chromohalobacter_salexigens	158080	S	897	89	986	0.00008
Pistricoccus_aurantiacus	1883414	S	694	41	735	0.00006
Zymobacter_palmae	33074	S	172	21	193	0.00002
Candidatus_Portiera_aleyrodidarum	91844	S	33	3	36	0.00000
Candidatus_Carsonella_ruddii	114186	S	12	11	23	0.00000
Alcanivorax_sp._N3-2A	2014542	S	1103	1118	2221	0.00019
Alcanivorax_sp._NBRC_101098	1113728	S	14	197	211	0.00002
Alcanivorax_pacificus	1306787	S	915	289	1204	0.00010
Alcanivorax_dieselolei	285091	S	439	137	576	0.00005
Alcanivorax_xenomutans	1094342	S	395	199	594	0.00005
Ketobacter_alkanivorans	1917421	S	162	12	174	0.00001
Marinobacterium_aestuarii	1821621	S	648	45	693	0.00006
Marinobacterium_sediminicola	518898	S	297	41	338	0.00003
Marinobacterium_georgiense	48076	S	238	70	308	0.00003
Marinobacterium_sp._LSUCC0821	2668067	S	52	3	55	0.00000
Marinomonas_sp._A3A	2065312	S	48	6	54	0.00000
Marinomonas_sp._CT5	2066133	S	42	3	45	0.00000
Marinomonas_sp._FW-1	2071621	S	26	6	32	0.00000
Marinomonas_primoryensis	178399	S	63	8	71	0.00001
Marinomonas_algicola	2773454	S	45	7	52	0.00000
Marinomonas_arctica	383750	S	39	8	47	0.00000
Marinomonas_mediterranea	119864	S	34	3	37	0.00000
Marinomonas_profundi	2726122	S	31	8	39	0.00000
Marinomonas_posidonica	936476	S	30	4	34	0.00000
Marinomonas_foliarum	491950	S	22	7	29	0.00000
Thalassolituus_sp._C2-1	2597518	S	158	12	170	0.00001
Thalassolituus_oleivorans	187493	S	62	13	75	0.00001
Venatorbacter_cucullus	2661630	S	170	41	211	0.00002
Neptunomonas_japonica	417574	S	56	3	59	0.00000
Neptunomonas_phycophila	1572645	S	47	3	50	0.00000
Neptunomonas_concharum	1031538	S	46	3	49	0.00000
Bacterioplanes_sanyensis	1249553	S	137	8	145	0.00001
Nitrincola_iocasae	2614693	S	135	20	155	0.00001
Amphritea_japonica	452627	S	77	6	83	0.00001
Bermanella_marisrubri	207949	S	51	2	53	0.00000
Hahella_chejuensis	158327	S	344	51	395	0.00003
Hahella_sp._KA22	1628392	S	323	54	377	0.00003
Saccharospirillum_mangrovi	2161747	S	378	20	398	0.00003
Reinekea_forsetii	1336806	S	203	9	212	0.00002
Gynuella_sunshinyii	1445505	S	114	3	117	0.00001
Litoricola_lipolytica	418701	S	237	10	247	0.00002
Endozoicomonas_montiporae	1027273	S	120	6	126	0.00001
Oleiphilus_messinensis	141451	S	93	6	99	0.00001
Spartinivicinus_ruber	2683272	S	59	1	60	0.00001
Methylococcus_sp._EFPC2	2812648	S	1520	94	1614	0.00013
Methylococcus_sp._Mc7	2860258	S	1308	393	1701	0.00014
Methylococcus_capsulatus	414	S	1269	300	1569	0.00013
Methylococcus_geothermalis	2681310	S	1114	290	1404	0.00012
Methylomonas_sp._LL1	2785785	S	400	17	417	0.00003
Methylomonas_sp._LW13	107637	S	226	117	343	0.00003
Methylomonas_sp._DH-1	1727196	S	209	339	548	0.00005
Methylomonas_sp._EFPC1	2812647	S	119	66	185	0.00002
Methylomonas_koyamae	702114	S	467	408	875	0.00007
Methylomonas_rhizoryzae	2608981	S	414	15	429	0.00004
Methylomonas_denitrificans	1538553	S	342	21	363	0.00003
Methylomonas_methanica	421	S	284	13	297	0.00002
Methylomonas_paludis	1173101	S	129	5	134	0.00001
Methylomagnum_ishizawai	1760988	S	1521	60	1581	0.00013
Methylomicrobium_album	39775	S	1284	48	1332	0.00011
Methylomicrobium_sp._wino1	2049332	S	210	191	401	0.00003
Methylocaldum_marinum	1432792	S	1479	76	1555	0.00013
Methylogaea_oryzae	1295382	S	1470	102	1572	0.00013
Candidatus_Methylospira_mobilis	1808979	S	553	21	574	0.00005
Methylotuvimicrobium_buryatense	95641	S	181	204	385	0.00003
Methylotuvimicrobium_alcaliphilum	271065	S	116	154	270	0.00002
Methylovulum_psychrotolerans	1704499	S	191	4	195	0.00002
Methylobacter_sp._S3L5C	2839024	S	106	6	112	0.00001
Aeromonas_sp._FDAARGOS_1415	2778064	S	303	154	457	0.00004
Aeromonas_sp._CA23	2033032	S	188	75	263	0.00002
Aeromonas_sp._FDAARGOS_1409	2778058	S	181	255	436	0.00004
Aeromonas_sp._CU5	2033033	S	114	44	158	0.00001
Aeromonas_sp._FDAARGOS_1407	2778056	S	45	133	178	0.00001
Aeromonas_sp._1805	2560028	S	36	99	135	0.00001
Aeromonas_sp._ASNIH4	1636609	S	35	155	190	0.00002
Aeromonas_sp._ASNIH3	1636608	S	31	1326	1357	0.00011
Aeromonas_sp._FDAARGOS_1403	2778052	S	31	93	124	0.00001
Aeromonas_sp._FDAARGOS_1405	2778054	S	30	48	78	0.00001
Aeromonas_sp._ASNIH1	1636606	S	28	494	522	0.00004
Aeromonas_sp._FDAARGOS_1410	2778059	S	22	51	73	0.00001
Aeromonas_sp._FDAARGOS_1404	2778053	S	21	72	93	0.00001
Aeromonas_sp._FDAARGOS_1416	2778065	S	21	60	81	0.00001
Aeromonas_sp._WP2-W18-CRE-05	2675707	S	20	710	730	0.00006
Aeromonas_sp._2692-1	2560029	S	19	90	109	0.00001
Aeromonas_sp._FDAARGOS_1414	2778063	S	18	56	74	0.00001
Aeromonas_sp._FDAARGOS_1419	2778068	S	17	48	65	0.00001
Aeromonas_sp._ASNIH2	1636607	S	17	207	224	0.00002
Aeromonas_sp._FDAARGOS_1417	2778066	S	16	45	61	0.00001
Aeromonas_sp._FDAARGOS_1402	2778051	S	12	119	131	0.00001
Aeromonas_sp._FDAARGOS_1411	2778060	S	11	34	45	0.00000
Aeromonas_sp._ASNIH5	1758179	S	11	168	179	0.00001
Aeromonas_sp._FDAARGOS_1408	2778057	S	10	56	66	0.00001
Aeromonas_hydrophila	644	S	1248	2671	3919	0.00033
Aeromonas_veronii	654	S	816	1711	2527	0.00021
Aeromonas_schubertii	652	S	584	152	736	0.00006
Aeromonas_media	651	S	545	963	1508	0.00013
Aeromonas_encheleia	73010	S	507	161	668	0.00006
Aeromonas_simiae	218936	S	467	431	898	0.00008
Aeromonas_salmonicida	645	S	459	389	848	0.00007
Aeromonas_caviae	648	S	371	2818	3189	0.00027
Aeromonas_rivuli	648794	S	307	77	384	0.00003
Aeromonas_enteropelogenes	29489	S	260	206	466	0.00004
Aeromonas_dhakensis	196024	S	245	484	729	0.00006
Aeromonas_jandaei	650	S	240	240	480	0.00004
Aeromonas_sanarellii	633415	S	92	404	496	0.00004
Aeromonas_rivipollensis	948519	S	49	76	125	0.00001
Aeromonas_allosaccharophila	656	S	31	47	78	0.00001
Zobellella_denitrificans	347534	S	1099	233	1332	0.00011
Oceanimonas_sp._GK1	511062	S	463	90	553	0.00005
Dongshaea_marina	2047966	S	133	11	144	0.00001
Oceanisphaera_profunda	1416627	S	88	10	98	0.00001
Oceanisphaera_avium	1903694	S	41	6	47	0.00000
Tolumonas_auensis	43948	S	111	41	152	0.00001
Succinivibrio_dextrinosolvens	83771	S	38	1	39	0.00000
Solimonas_sp._K1W22B-7	2303331	S	7610	710	8320	0.00070
Flagellatimonas_centrodinii	2806210	S	1579	103	1682	0.00014
Sinimarinibacterium_sp._NLF-5-8	2698684	S	869	413	1282	0.00011
Steroidobacter_denitrificans	465721	S	4253	984	5237	0.00044
Sulfurifustis_variabilis	1675686	S	6912	395	7307	0.00061
Sulfuricaulis_limicola	1620215	S	3301	225	3526	0.00029
Acidiferrobacter_sp._SPIII_3	1281578	S	1112	266	1378	0.00012
Acidiferrobacter_thiooxydans	163359	S	708	171	879	0.00007
Microbulbifer_sp._YPW16	2904242	S	567	51	618	0.00005
Microbulbifer_sp._SH-1	2681547	S	511	79	590	0.00005
Microbulbifer_sp._YPW1	2745199	S	352	64	416	0.00003
Microbulbifer_sp._ALW1	1516059	S	321	55	376	0.00003
Microbulbifer_sp._A4B17	359370	S	133	33	166	0.00001
Microbulbifer_sp._GL-2	2591606	S	126	22	148	0.00001
Microbulbifer_sp._THAF38	2587856	S	105	39	144	0.00001
Microbulbifer_aggregans	1769779	S	395	47	442	0.00004
Microbulbifer_hydrolyticus	48074	S	345	66	411	0.00003
Microbulbifer_elongatus	86173	S	333	56	389	0.00003
Microbulbifer_celer	435905	S	330	42	372	0.00003
Microbulbifer_thermotolerans	252514	S	329	19	348	0.00003
Microbulbifer_agarilyticus	260552	S	212	24	236	0.00002
Microbulbifer_variabilis	266805	S	80	32	112	0.00001
Cellvibrio_sp._PSBB006	1987723	S	309	10	319	0.00003
Cellvibrio_sp._KY-YJ-3	454662	S	223	34	257	0.00002
Cellvibrio_sp._PSBB023	1945512	S	206	21	227	0.00002
Cellvibrio_sp._KY-GH-1	2303332	S	206	18	224	0.00002
Cellvibrio_japonicus	155077	S	314	22	336	0.00003
Teredinibacter_turnerae	2426	S	184	7	191	0.00002
Teredinibacter_haidensis	2731755	S	74	5	79	0.00001
Teredinibacter_purpureus	2731756	S	60	2	62	0.00001
Simiduia_agarivorans	447471	S	279	13	292	0.00002
Saccharophagus_degradans	86304	S	71	2	73	0.00001
Marinagarivorans_sp._GE09	2721545	S	60	5	65	0.00001
Agarilytica_rhodophyticola	1737490	S	41	1	42	0.00000
Kineobactrum_salinum	2708301	S	846	28	874	0.00007
Halioglobus_japonicus	930805	S	327	15	342	0.00003
Halioglobus_maricola	2601894	S	243	9	252	0.00002
Congregibacter_litoralis	393662	S	371	131	502	0.00004
Aequoribacter_fuscus	2518989	S	104	10	114	0.00001
Spongiibacter_taiwanensis	1748242	S	299	11	310	0.00003
Spongiibacter_nanhainus	2794344	S	240	24	264	0.00002
Spongiibacter_sp._IMCC21906	1620392	S	110	26	136	0.00001
Zhongshania_aliphaticivorans	1470434	S	107	6	113	0.00001
Oceanicoccus_sagamiensis	716816	S	68	1	69	0.00001
Shewanella_sp._FJAT-53764	2864207	S	54	81	135	0.00001
Shewanella_sp._FJAT-54031	2864209	S	49	71	120	0.00001
Shewanella_sp._FJAT-53532	2864203	S	48	79	127	0.00001
Shewanella_sp._FJAT-52076	2864202	S	46	61	107	0.00001
Shewanella_sp._FJAT-51860	2864212	S	44	5	49	0.00000
Shewanella_sp._KX20019	2803864	S	44	4	48	0.00000
Shewanella_sp._SNU_WT4	2590015	S	44	9	53	0.00000
Shewanella_sp._FJAT-53555	2864204	S	43	36	79	0.00001
Shewanella_sp._FJAT-53681	2864205	S	39	61	100	0.00001
Shewanella_sp._FJAT-52072	2864213	S	37	47	84	0.00001
Shewanella_sp._WE21	2029986	S	37	18	55	0.00000
Shewanella_sp._Scap07	2589987	S	27	2	29	0.00000
Shewanella_sp._FJAT-53870	2864208	S	27	3	30	0.00000
Shewanella_sp._FJAT-53749	2864206	S	24	4	28	0.00000
Shewanella_sp._MR-4	60480	S	22	23	45	0.00000
Shewanella_sp._ANA-3	94122	S	20	50	70	0.00001
Shewanella_sp._OM3-2	2908650	S	14	1	15	0.00000
Shewanella_sp._Arc9-LZ	2698686	S	14	5	19	0.00000
Shewanella_sp._LZH-2	2806008	S	13	60	73	0.00001
Shewanella_sp._FJAT-51754	2864211	S	13	18	31	0.00000
Shewanella_sp._FJAT-51649	2864210	S	11	16	27	0.00000
Shewanella_algae	38313	S	187	155	342	0.00003
Shewanella_khirikhana	1965282	S	155	22	177	0.00001
Shewanella_cyperi	2814292	S	141	75	216	0.00002
Shewanella_sedimentimangrovi	2814293	S	119	90	209	0.00002
Shewanella_amazonensis	60478	S	103	24	127	0.00001
Shewanella_litorisediminis	1173586	S	99	22	121	0.00001
Shewanella_marisflavi	260364	S	93	15	108	0.00001
Shewanella_baltica	62322	S	83	67	150	0.00001
Shewanella_dokdonensis	712036	S	80	6	86	0.00001
Shewanella_yunxiaonensis	2829809	S	78	10	88	0.00001
Shewanella_putrefaciens	24	S	73	235	308	0.00003
Shewanella_psychrophila	225848	S	69	8	77	0.00001
Shewanella_avicenniae	2814294	S	64	8	72	0.00001
Shewanella_loihica	359303	S	63	108	171	0.00001
Shewanella_pealeana	70864	S	54	7	61	0.00001
Shewanella_maritima	2520507	S	53	4	57	0.00000
Shewanella_violacea	60217	S	51	7	58	0.00000
Shewanella_sediminis	271097	S	50	5	55	0.00000
Shewanella_psychropiezotolerans	2593655	S	47	7	54	0.00000
Shewanella_carassii	1987584	S	41	45	86	0.00001
Shewanella_benthica	43661	S	39	7	46	0.00000
Shewanella_halifaxensis	271098	S	37	4	41	0.00000
Shewanella_denitrificans	192073	S	35	4	39	0.00000
Shewanella_psychromarinicola	2487742	S	34	4	38	0.00000
Shewanella_decolorationis	256839	S	31	34	65	0.00001
Shewanella_livingstonensis	150120	S	29	5	34	0.00000
Shewanella_inventionis	1738770	S	25	8	33	0.00000
Shewanella_vesiculosa	518738	S	25	5	30	0.00000
Shewanella_aestuarii	1028752	S	24	7	31	0.00000
Shewanella_woodyi	60961	S	24	2	26	0.00000
Shewanella_indica	768528	S	24	34	58	0.00000
Shewanella_glacialimarina	2590884	S	24	2	26	0.00000
Shewanella_oneidensis	70863	S	23	6	29	0.00000
Shewanella_chilikensis	558541	S	22	59	81	0.00001
Shewanella_piezotolerans	404011	S	19	1	20	0.00000
Shewanella_xiamenensis	332186	S	18	91	109	0.00001
Shewanella_donghaensis	238836	S	14	1	15	0.00000
Shewanella_bicestrii	2018305	S	10	38	48	0.00000
Shewanella_polaris	2588449	S	10	20	30	0.00000
Shewanella_frigidimarina	56812	S	10	4	14	0.00000
Parashewanella_spongiae	342950	S	33	1	34	0.00000
Parashewanella_tropica	2547970	S	11	0	11	0.00000
Alteromonas_sp._RKMC-009	2267264	S	89	21	110	0.00001
Alteromonas_sp._BL110	1714845	S	28	37	65	0.00001
Alteromonas_macleodii	28108	S	117	34	151	0.00001
Alteromonas_mediterranea	314275	S	75	317	392	0.00003
Alteromonas_pelagimontana	1858656	S	58	5	63	0.00001
Alteromonas_australica	589873	S	29	37	66	0.00001
Salinimonas_lutimaris	914153	S	96	14	110	0.00001
Salinimonas_marina	2785918	S	70	6	76	0.00001
Salinimonas_iocasae	2572577	S	57	9	66	0.00001
Salinimonas_sediminis	2303538	S	52	10	62	0.00001
Hydrocarboniclastica_marina	2259620	S	406	50	456	0.00004
Paraglaciecola_sp._L1A13	2686359	S	37	3	40	0.00000
Paraglaciecola_sp._L3A3	2686358	S	22	1	23	0.00000
Paraglaciecola_psychrophila	326544	S	45	3	48	0.00000
Paraglaciecola_mesophila	197222	S	44	4	48	0.00000
Agarivorans_sp._TSD2052	2937286	S	30	3	33	0.00000
Agarivorans_sp._B2Z047	2652721	S	13	21	34	0.00000
Agarivorans_gilvus	680279	S	39	3	42	0.00000
Agarivorans_aestuarii	1563703	S	18	14	32	0.00000
Lacimicrobium_alkaliphilum	1526571	S	132	7	139	0.00001
Saliniradius_amylolyticus	2183582	S	123	9	132	0.00001
Paraneptunicella_aestuarii	2831148	S	50	2	52	0.00000
Glaciecola_nitratireducens	300231	S	38	2	40	0.00000
Catenovulum_sediminis	1740262	S	29	1	30	0.00000
Saccharobesus_litoralis	2172099	S	16	0	16	0.00000
Pseudoalteromonas_sp._R3	1709477	S	47	9	56	0.00000
Pseudoalteromonas_sp._A25	116092	S	30	5	35	0.00000
Pseudoalteromonas_sp._THAF3	2587843	S	18	28	46	0.00000
Pseudoalteromonas_sp._KAN5	2916633	S	11	74	85	0.00001
Pseudoalteromonas_rubra	43658	S	134	15	149	0.00001
Pseudoalteromonas_viridis	339617	S	59	15	74	0.00001
Pseudoalteromonas_luteoviolacea	43657	S	58	6	64	0.00001
Pseudoalteromonas_shioyasakiensis	1190813	S	57	21	78	0.00001
Pseudoalteromonas_piscicida	43662	S	42	56	98	0.00001
Pseudoalteromonas_mariniglutinosa	206042	S	35	103	138	0.00001
Pseudoalteromonas_xiamenensis	882626	S	32	2	34	0.00000
Pseudoalteromonas_tunicata	314281	S	27	3	30	0.00000
Pseudoalteromonas_ulvae	107327	S	23	1	24	0.00000
Pseudoalteromonas_prydzensis	182141	S	19	2	21	0.00000
Pseudoalteromonas_spongiae	298657	S	15	3	18	0.00000
Pseudoalteromonas_piratica	1348114	S	14	2	16	0.00000
Pseudoalteromonas_aliena	247523	S	14	5	19	0.00000
Pseudoalteromonas_agarivorans	176102	S	13	39	52	0.00000
Pseudoalteromonas_carrageenovora	227	S	12	4	16	0.00000
Pseudoalteromonas_phenolica	161398	S	11	17	28	0.00000
Pseudoalteromonas_espejiana	28107	S	11	3	14	0.00000
Psychrosphaera_aestuarii	1266052	S	14	3	17	0.00000
Psychrosphaera_ytuae	2820710	S	11	2	13	0.00000
Flocculibacter_collagenilyticus	2744479	S	18	1	19	0.00000
Ferrimonas_balearica	44012	S	446	46	492	0.00004
Ferrimonas_lipolytica	2724191	S	79	9	88	0.00001
Colwellia_sp._Arc7-635	2497879	S	33	4	37	0.00000
Colwellia_sp._Arc7-D	2161872	S	25	4	29	0.00000
Colwellia_sp._MT41	58049	S	19	2	21	0.00000
Colwellia_sp._20A7	2689569	S	18	2	20	0.00000
Colwellia_sp._PAMC_20917	1816218	S	17	1	18	0.00000
Colwellia_psychrerythraea	28229	S	15	2	17	0.00000
Thalassotalea_sp._HSM_43	2552945	S	33	4	37	0.00000
Thalassotalea_sp._PS06	2594005	S	31	3	34	0.00000
Thalassotalea_sp._LPB0316	2769490	S	15	3	18	0.00000
Thalassotalea_crassostreae	1763536	S	28	2	30	0.00000
Cognaticolwellia_beringensis	1967665	S	14	2	16	0.00000
Litorilituus_sediminis	718192	S	13	0	13	0.00000
Idiomarina_sp._OT37-5b	2100422	S	101	20	121	0.00001
Idiomarina_sp._X4	2055892	S	35	14	49	0.00000
Idiomarina_loihiensis	135577	S	48	0	48	0.00000
Idiomarina_abyssalis	86102	S	41	4	45	0.00000
Idiomarina_piscisalsi	1096243	S	21	8	29	0.00000
Moritella_sp._24	2746230	S	20	20	40	0.00000
Moritella_yayanosii	69539	S	29	7	36	0.00000
Moritella_marina	90736	S	20	4	24	0.00000
Psychromonas_ingrahamii	357794	S	61	9	70	0.00001
Vibrio_parahaemolyticus	670	S	122	65	187	0.00002
Vibrio_diabolicus	50719	S	26	42	68	0.00001
Vibrio_campbellii	680	S	41	81	122	0.00001
Vibrio_rotiferianus	190895	S	41	19	60	0.00001
Vibrio_harveyi	669	S	37	17	54	0.00000
Vibrio_owensii	696485	S	35	35	70	0.00001
Vibrio_alginolyticus	663	S	28	88	116	0.00001
Vibrio_natriegens	691	S	27	52	79	0.00001
Vibrio_azureus	512649	S	20	2	22	0.00000
Vibrio_jasicida	766224	S	20	45	65	0.00001
Vibrio_sp._OG9-811	2841925	S	100	15	115	0.00001
Vibrio_sp._B1FLJ16	2751178	S	66	14	80	0.00001
Vibrio_sp._HDW18	2714948	S	41	7	48	0.00000
Vibrio_sp._THAF190c	2587865	S	29	4	33	0.00000
Vibrio_sp._VB16	2785746	S	23	1	24	0.00000
Vibrio_sp._SS-MA-C1-2	2908646	S	17	2	19	0.00000
Vibrio_sp._ED004	2785124	S	15	13	28	0.00000
Vibrio_sp._SCSIO_43132	2779363	S	15	12	27	0.00000
Vibrio_fluvialis	676	S	221	47	268	0.00002
Vibrio_furnissii	29494	S	188	66	254	0.00002
Vibrio_vulnificus	672	S	171	43	214	0.00002
Vibrio_navarrensis	29495	S	103	44	147	0.00001
Vibrio_sinaloensis	379097	S	55	7	62	0.00001
Vibrio_tubiashii	29498	S	24	8	32	0.00000
Vibrio_europaeus	300876	S	18	4	22	0.00000
Vibrio_cholerae	666	S	100	119	219	0.00002
Vibrio_mimicus	674	S	88	30	118	0.00001
Vibrio_coralliilyticus	190893	S	63	50	113	0.00001
Vibrio_anguillarum	55601	S	56	21	77	0.00001
Vibrio_neptunius	170651	S	55	9	64	0.00001
Vibrio_cyclitrophicus	47951	S	52	22	74	0.00001
Vibrio_metoecus	1481663	S	47	26	73	0.00001
Vibrio_taketomensis	2572923	S	44	5	49	0.00000
Vibrio_alfacsensis	1074311	S	44	32	76	0.00001
Vibrio_spartinae	1918945	S	43	5	48	0.00000
Vibrio_mediterranei	689	S	43	4	47	0.00000
Vibrio_astriarenae	1481923	S	43	5	48	0.00000
Vibrio_breoganii	553239	S	42	4	46	0.00000
Vibrio_metschnikovii	28172	S	42	7	49	0.00000
Vibrio_tapetis	52443	S	36	2	38	0.00000
Vibrio_nigripulchritudo	28173	S	35	15	50	0.00000
Vibrio_ponticus	265668	S	35	3	38	0.00000
Vibrio_penaeicida	104609	S	32	4	36	0.00000
Vibrio_casei	673372	S	32	8	40	0.00000
Vibrio_gazogenes	687	S	31	4	35	0.00000
Vibrio_scophthalmi	45658	S	30	6	36	0.00000
Vibrio_panuliri	1381081	S	30	4	34	0.00000
Vibrio_maritimus	990268	S	29	3	32	0.00000
Vibrio_ziniensis	2711221	S	29	3	32	0.00000
Vibrio_splendidus	29497	S	28	14	42	0.00000
Vibrio_rumoiensis	76258	S	24	12	36	0.00000
Vibrio_zhugei	2479546	S	24	5	29	0.00000
Vibrio_chagasii	170679	S	24	5	29	0.00000
Vibrio_tritonius	1435069	S	23	2	25	0.00000
Vibrio_aquimaris	2587862	S	22	2	24	0.00000
Vibrio_cidicii	1763883	S	21	14	35	0.00000
Vibrio_bathopelagicus	2777577	S	20	7	27	0.00000
Vibrio_algicola	2662262	S	20	2	22	0.00000
Vibrio_crassostreae	246167	S	20	14	34	0.00000
Vibrio_kanaloae	170673	S	20	6	26	0.00000
Vibrio_gigantis	296199	S	19	8	27	0.00000
Vibrio_aphrogenes	1891186	S	15	1	16	0.00000
Vibrio_cincinnatiensis	675	S	15	3	18	0.00000
Vibrio_atlanticus	693153	S	14	7	21	0.00000
Vibrio_qinghaiensis	2025808	S	12	11	23	0.00000
Photobacterium_sp._GJ3	2829502	S	134	17	151	0.00001
Photobacterium_sp._TLY01	2907534	S	105	19	124	0.00001
Photobacterium_gaetbulicola	1295392	S	141	13	154	0.00001
Photobacterium_ganghwense	320778	S	120	31	151	0.00001
Photobacterium_damselae	38293	S	89	41	130	0.00001
Photobacterium_profundum	74109	S	19	2	21	0.00000
Grimontia_hollisae	673	S	149	19	168	0.00001
Salinivibrio_kushneri	1908198	S	73	13	86	0.00001
Salinivibrio_sp._YCSC6	2003370	S	12	48	60	0.00001
Aliivibrio_fischeri	668	S	22	8	30	0.00000
Aliivibrio_salmonicida	40269	S	15	9	24	0.00000
Thaumasiovibrio_subtropicus	1891207	S	33	4	37	0.00000
Candidatus_Enterovibrio_luxaltus	1927128	S	29	0	29	0.00000
Paraphotobacterium_marinum	1755811	S	11	1	12	0.00000
Acinetobacter_sp._WCHAc010034	1879049	S	200	77	277	0.00002
Acinetobacter_sp._CS-2	2798861	S	35	19	54	0.00000
Acinetobacter_sp._10FS3-1	2563897	S	25	18	43	0.00000
Acinetobacter_sp._TTH0-4	1646498	S	21	3	24	0.00000
Acinetobacter_sp._SCLZS86	2908637	S	18	26	44	0.00000
Acinetobacter_sp._NCu2D-2	1608473	S	17	4	21	0.00000
Acinetobacter_sp._LoGeW2-3	1808001	S	17	3	20	0.00000
Acinetobacter_sp._WCHAc010052	2004647	S	17	10	27	0.00000
Acinetobacter_sp._TGL-Y2	1407071	S	16	1	17	0.00000
Acinetobacter_sp._WCHA55	2004646	S	16	16	32	0.00000
Acinetobacter_sp._FDAARGOS_724	2545797	S	12	73	85	0.00001
Acinetobacter_sp._ASP199	2773709	S	10	4	14	0.00000
Acinetobacter_baumannii	470	S	134	715	849	0.00007
Acinetobacter_pittii	48296	S	32	58	90	0.00001
Acinetobacter_calcoaceticus	471	S	31	4	35	0.00000
Acinetobacter_seifertii	1530123	S	26	12	38	0.00000
Acinetobacter_nosocomialis	106654	S	13	7	20	0.00000
Acinetobacter_indicus	756892	S	115	95	210	0.00002
Acinetobacter_johnsonii	40214	S	56	51	107	0.00001
Acinetobacter_radioresistens	40216	S	48	7	55	0.00000
Acinetobacter_lwoffii	28090	S	46	73	119	0.00001
Acinetobacter_variabilis	70346	S	46	72	118	0.00001
Acinetobacter_haemolyticus	29430	S	42	23	65	0.00001
Acinetobacter_schindleri	108981	S	41	37	78	0.00001
Acinetobacter_bouvetii	202951	S	33	7	40	0.00000
Acinetobacter_larvae	1789224	S	31	2	33	0.00000
Acinetobacter_wuhouensis	1879050	S	29	13	42	0.00000
Acinetobacter_soli	487316	S	28	3	31	0.00000
Acinetobacter_shaoyimingii	2715164	S	27	2	29	0.00000
Acinetobacter_baylyi	202950	S	23	2	25	0.00000
Acinetobacter_junii	40215	S	22	9	31	0.00000
Acinetobacter_dispersus	70348	S	20	1	21	0.00000
Acinetobacter_wanghuae	2662362	S	20	2	22	0.00000
Acinetobacter_gyllenbergii	134534	S	20	1	21	0.00000
Acinetobacter_towneri	202956	S	19	47	66	0.00001
Acinetobacter_cumulans	2136182	S	18	6	24	0.00000
Acinetobacter_portensis	1839785	S	17	17	34	0.00000
Acinetobacter_lanii	2715163	S	16	1	17	0.00000
Acinetobacter_tandoii	202954	S	14	1	15	0.00000
Acinetobacter_equi	1324350	S	13	1	14	0.00000
Acinetobacter_guillouiae	106649	S	12	6	18	0.00000
Acinetobacter_defluvii	1871111	S	11	8	19	0.00000
Acinetobacter_piscicola	2006115	S	11	6	17	0.00000
Acinetobacter_chinensis	2004650	S	10	6	16	0.00000
Acinetobacter_venetianus	52133	S	10	2	12	0.00000
Acinetobacter_oleivorans	1148157	S	10	7	17	0.00000
Acinetobacter_bereziniae	106648	S	10	9	19	0.00000
Psychrobacter_sp._28M-43	2772254	S	26	11	37	0.00000
Psychrobacter_sp._DAB_AL43B	1028416	S	18	2	20	0.00000
Psychrobacter_sp._WY6	2708350	S	17	12	29	0.00000
Psychrobacter_sp._G	571800	S	14	43	57	0.00000
Psychrobacter_sp._P11F6	1699621	S	12	9	21	0.00000
Psychrobacter_sp._P2G3	1699622	S	12	25	37	0.00000
Psychrobacter_sp._P11G5	1699624	S	12	26	38	0.00000
Psychrobacter_sp._P11G3	1699623	S	11	4	15	0.00000
Psychrobacter_sp._KCTC_72983	2733866	S	11	27	38	0.00000
Psychrobacter_arenosus	256326	S	50	2	52	0.00000
Psychrobacter_urativorans	45610	S	28	3	31	0.00000
Psychrobacter_arcticus	334543	S	20	5	25	0.00000
Psychrobacter_cryohalolentis	330922	S	16	50	66	0.00001
Psychrobacter_sanguinis	861445	S	11	3	14	0.00000
Moraxella_osloensis	34062	S	113	19	132	0.00001
Moraxella_bovis	476	S	40	9	49	0.00000
Moraxella_cuniculi	34061	S	32	3	35	0.00000
Moraxella_bovoculi	386891	S	30	45	75	0.00001
Moraxella_sp._ZY201115	2904121	S	26	2	28	0.00000
Moraxella_catarrhalis	480	S	23	4	27	0.00000
Moraxella_nonliquefaciens	478	S	12	2	14	0.00000
Aquirhabdus_parva	2283318	S	95	4	99	0.00001
Immundisolibacter_cernigliae	1810504	S	2889	456	3345	0.00028
Candidatus_Endoriftia_persephone	393765	S	890	37	927	0.00008
Candidatus_Vesicomyosocius_sp._SY067_SCS001	2732590	S	21	33	54	0.00000
Bathymodiolus_septemdierum_thioautotrophic_gill_symbiont	113267	S	24	2	26	0.00000
Candidatus_Ruthia_magnifica	386487	S	11	1	12	0.00000
Candidatus_Ruthia_endofausta	2738852	S	11	3	14	0.00000
Bathymodiolus_thermophilus_thioautotrophic_gill_symbiont	2360	S	15	0	15	0.00000
Sedimenticola_thiotaurini	1543721	S	554	20	574	0.00005
Thiolapillus_brandeum	1076588	S	408	9	417	0.00003
Candidatus_Reidiella_endopervernicosa	2738883	S	386	7	393	0.00003
Pseudohongiella_spirulinae	1249552	S	194	4	198	0.00002
Gallaecimonas_mangrovi	2291597	S	107	7	114	0.00001
Celerinatantimonas_diazotrophica	412034	S	42	2	44	0.00000
Ignatzschineria_sp._HR5S32	2923279	S	33	2	35	0.00000
Candidatus_Thioglobus_autotrophicus	1705394	S	19	1	20	0.00000
Candidatus_Thioglobus_sp._NP1	2508687	S	12	2	14	0.00000
endosymbiont_of_Sipalinus_gigas	1972134	S	11	3	14	0.00000
Candidatus_Pseudothioglobus_singularis	1427364	S	14	4	18	0.00000
Legionella_pneumophila	446	S	309	124	433	0.00004
Legionella_sp._MW5194	2662448	S	91	16	107	0.00001
Legionella_sp._PC1000	2746060	S	84	13	97	0.00001
Legionella_sp._PC997	2755562	S	59	10	69	0.00001
Legionella_sainthelensi	28087	S	179	28	207	0.00002
Legionella_geestiana	45065	S	137	10	147	0.00001
Legionella_spiritensis	452	S	112	11	123	0.00001
Legionella_longbeachae	450	S	90	14	104	0.00001
Legionella_anisa	28082	S	80	19	99	0.00001
Legionella_israelensis	454	S	74	3	77	0.00001
Legionella_lansingensis	45067	S	60	3	63	0.00001
Legionella_antarctica	2708020	S	56	2	58	0.00000
Legionella_oakridgensis	29423	S	53	4	57	0.00000
Legionella_adelaidensis	45056	S	44	3	47	0.00000
Legionella_hackeliae	449	S	43	7	50	0.00000
Legionella_waltersii	66969	S	42	7	49	0.00000
Legionella_fallonii	96230	S	42	3	45	0.00000
Legionella_jordanis	456	S	40	4	44	0.00000
Legionella_clemsonensis	1867846	S	31	4	35	0.00000
Legionella_cherrii	28084	S	29	1	30	0.00000
Legionella_endosymbiont_of_Polyplax_serrata	2005262	S	10	0	10	0.00000
Fluoribacter_dumoffii	463	S	75	31	106	0.00001
Tatlockia_micdadei	451	S	55	2	57	0.00000
Aquicella_siphonis	254247	S	222	29	251	0.00002
Aquicella_lusitana	254246	S	145	21	166	0.00001
Coxiella_burnetii	777	S	151	48	199	0.00002
Coxiella_endosymbiont_of_Amblyomma_nuttalli	2749996	S	31	3	34	0.00000
Coxiella_endosymbiont_of_Amblyomma_sculptum	2487929	S	17	6	23	0.00000
Candidatus_Coxiella_mudrowiae	2054173	S	38	3	41	0.00000
Candidatus_Rickettsiella_viridis	676208	S	28	27	55	0.00000
Rickettsiella_endosymbiont_of_Dermanyssus_gallinae	2856608	S	15	12	27	0.00000
Thiomicrorhabdus_xiamenensis	2739063	S	105	5	110	0.00001
Thiomicrorhabdus_aquaedulcis	2211106	S	79	3	82	0.00001
Thiomicrorhabdus_sediminis	2580412	S	60	2	62	0.00001
Thiomicrorhabdus_sp._Am19	2791037	S	47	2	49	0.00000
Thiomicrorhabdus_indica	2267253	S	23	1	24	0.00000
Methylophaga_frappieri	754477	S	88	38	126	0.00001
Methylophaga_nitratireducenticrescens	754476	S	81	18	99	0.00001
Methylophaga_sp._TMB456	2881052	S	78	32	110	0.00001
Thiomicrospira_sp._S5	1803865	S	60	71	131	0.00001
Thiomicrospira_aerophila	92245	S	43	5	48	0.00000
Thiomicrospira_cyclica	147268	S	35	2	37	0.00000
Thiomicrospira_microaerophila	406020	S	30	4	34	0.00000
Hydrogenovibrio_thermophilus	265883	S	69	80	149	0.00001
Hydrogenovibrio_marinus	28885	S	38	1	39	0.00000
Hydrogenovibrio_crunogenus	39765	S	30	1	31	0.00000
Thiosulfatimonas_sediminis	2675054	S	78	4	82	0.00001
Thiosulfativibrio_zosterae	2675053	S	72	3	75	0.00001
Piscirickettsia_salmonis	1238	S	52	3	55	0.00000
Thiothrix_litoralis	2891210	S	310	22	332	0.00003
Thiothrix_subterranea	2735563	S	142	39	181	0.00002
Thiothrix_sp._CT3	96472	S	136	45	181	0.00002
Thiothrix_unzii	111769	S	98	52	150	0.00001
Candidatus_Thiothrix_anitrata	2823902	S	65	38	103	0.00001
Beggiatoa_leptomitoformis	288004	S	90	1	91	0.00001
Francisella_tularensis	263	S	33	25	58	0.00000
Francisella_sp._Scap27	2589986	S	12	15	27	0.00000
Francisella_frigiditurris	1542390	S	15	1	16	0.00000
Allofrancisella_guangzhouensis	594679	S	21	6	27	0.00000
endosymbiont_of_unidentified_scaly_snail_isolate_Monju	1248727	S	1644	120	1764	0.00015
Isorropodon_fossajaponicum_symbiont	883811	S	16	3	19	0.00000
Salinisphaera_sp._LB1	2183911	S	1423	53	1476	0.00012
Pasteurella_multocida	747	S	148	558	706	0.00006
Pasteurella_canis	753	S	11	2	13	0.00000
Haemophilus_parainfluenzae	729	S	86	28	114	0.00001
Haemophilus_influenzae	727	S	40	81	121	0.00001
Haemophilus_haemolyticus	726	S	14	4	18	0.00000
[Haemophilus]_ducreyi	730	S	13	6	19	0.00000
Haemophilus_parahaemolyticus	735	S	11	1	12	0.00000
Haemophilus_pittmaniae	249188	S	11	1	12	0.00000
Aggregatibacter_actinomycetemcomitans	714	S	61	28	89	0.00001
Aggregatibacter_aphrophilus	732	S	50	34	84	0.00001
Actinobacillus_sp._GY-402	2774188	S	50	23	73	0.00001
Actinobacillus_pleuropneumoniae	715	S	29	43	72	0.00001
Actinobacillus_delphinicola	51161	S	11	1	12	0.00000
Actinobacillus_indolicus	51049	S	10	8	18	0.00000
Actinobacillus_porcitonsillarum	189834	S	10	3	13	0.00000
Mannheimia_granulomatis	85402	S	33	7	40	0.00000
Mannheimia_haemolytica	75985	S	29	14	43	0.00000
Mannheimia_varigena	85404	S	18	24	42	0.00000
Glaesserella_parasuis	738	S	34	17	51	0.00000
Glaesserella_sp._15-184	2030797	S	22	5	27	0.00000
Avibacterium_paragallinarum	728	S	21	5	26	0.00000
Avibacterium_volantium	762	S	10	3	13	0.00000
Rodentibacter_haemolyticus	2778911	S	30	2	32	0.00000
Rodentibacter_heylii	1906744	S	20	1	21	0.00000
Gallibacterium_anatis	750	S	24	6	30	0.00000
Histophilus_somni	731	S	17	4	21	0.00000
Otariodibacter_oris	1032623	S	12	1	13	0.00000
Bisgaardia_hudsonensis	109472	S	11	1	12	0.00000
Frederiksenia_canicola	123824	S	10	2	12	0.00000
Cardiobacterium_hominis	2718	S	516	95	611	0.00005
Cardiobacterium_sp._Marseille-Q4385	2866573	S	341	58	399	0.00003
Suttonella_sp._R2A3	2908648	S	62	3	65	0.00001
Dichelobacter_nodosus	870	S	41	8	49	0.00000
Kangiella_profundi	1561924	S	58	13	71	0.00001
Kangiella_geojedonensis	914150	S	40	3	43	0.00000
Kangiella_koreensis	261964	S	39	6	45	0.00000
Kangiella_sediminilitoris	1144748	S	37	3	40	0.00000
Gilliamella_sp._ESL0405	2704653	S	22	2	24	0.00000
Gilliamella_sp._ESL0441	2704654	S	19	14	33	0.00000
Gilliamella_apicola	1196095	S	11	1	12	0.00000
Zophobihabitans_entericus	1635327	S	13	0	13	0.00000
Archangium_violaceum	83451	S	34301	4770	39071	0.00326
Archangium_gephyra	48	S	15602	2440	18042	0.00151
Stigmatella_aurantiaca	41	S	7460	429	7889	0.00066
Cystobacter_fuscus	43	S	7210	1416	8626	0.00072
Melittangium_boletus	83453	S	5126	922	6048	0.00051
Anaeromyxobacter_sp._Red232	2918170	S	14694	1590	16284	0.00136
Anaeromyxobacter_sp._Fw109-5	404589	S	12884	1690	14574	0.00122
Anaeromyxobacter_sp._Red630	2918171	S	9536	1225	10761	0.00090
Anaeromyxobacter_sp._K	447217	S	2359	4772	7131	0.00060
Anaeromyxobacter_dehalogenans	161493	S	8115	5817	13932	0.00116
Myxococcus_xanthus	34	S	6673	50679	57352	0.00479
Myxococcus_hansupus	1297742	S	3917	223	4140	0.00035
Myxococcus_stipitatus	83455	S	3430	227	3657	0.00031
Myxococcus_sp._SCHIC003	2813577	S	2755	185	2940	0.00025
Corallococcus_coralloides	184914	S	6763	2629	9392	0.00078
Corallococcus_macrosporus	35	S	4464	528	4992	0.00042
Corallococcus_sp._EGB	1521117	S	4082	1545	5627	0.00047
Pyxidicoccus_sp._SCPEA002	2813578	S	9877	341	10218	0.00085
Vulgatibacter_incomptus	1391653	S	5877	415	6292	0.00053
Sorangium_cellulosum	56	S	81690	9206	90896	0.00759
Polyangium_aurulentum	2567896	S	20438	1708	22146	0.00185
Chondromyces_crocatus	52	S	8177	337	8514	0.00071
Pajaroellobacter_abortibovis	1882918	S	136	3	139	0.00001
Sandaracinus_amylolyticus	927083	S	47115	2339	49454	0.00413
Labilithrix_luteola	1391654	S	11441	463	11904	0.00099
Haliangium_ochraceum	80816	S	16655	792	17447	0.00146
Geomonas_sp._RF6	2897342	S	2263	282	2545	0.00021
Geomonas_nitrogeniifigens	2847991	S	1573	819	2392	0.00020
Geomonas_paludis	2740185	S	1538	781	2319	0.00019
Geomonas_subterranea	2847989	S	1296	608	1904	0.00016
Geomonas_oryzisoli	2847992	S	1267	701	1968	0.00016
Geobacter_sp._FeAm09	2597769	S	1445	183	1628	0.00014
Geobacter_sp._SVR	2495594	S	1082	160	1242	0.00010
Geobacter_sp._DSM_9736	1277350	S	604	43	647	0.00005
Geobacter_sulfurreducens	35554	S	1608	364	1972	0.00016
Geobacter_pickeringii	345632	S	1584	422	2006	0.00017
Geobacter_metallireducens	28232	S	980	245	1225	0.00010
Geobacter_benzoatilyticus	2815309	S	659	155	814	0.00007
Citrifermentans_bremense	60035	S	1314	540	1854	0.00015
Citrifermentans_bemidjiense	225194	S	1265	478	1743	0.00015
Geotalea_uraniireducens	351604	S	800	56	856	0.00007
Geotalea_daltonii	1203471	S	464	35	499	0.00004
Geoalkalibacter_subterraneus	483547	S	703	558	1261	0.00011
Trichlorobacter_lovleyi	313985	S	372	51	423	0.00004
Desulfuromonas_versatilis	2802975	S	2467	456	2923	0.00024
Desulfuromonas_sp._DDH964	1823759	S	1730	312	2042	0.00017
Desulfuromonas_sp._AOP6	1566351	S	608	70	678	0.00006
Desulfuromonas_soudanensis	1603606	S	1586	187	1773	0.00015
Pelobacter_propionicus	29543	S	1032	341	1373	0.00011
Syntrophotalea_acetylenica	29542	S	498	90	588	0.00005
Syntrophotalea_carbinolica	19	S	378	29	407	0.00003
Syntrophotalea_acetylenivorans	1842532	S	343	45	388	0.00003
Desulfovibrio_sp._IOR2	2583823	S	712	140	852	0.00007
Desulfovibrio_sp._G11	631220	S	216	151	367	0.00003
Desulfovibrio_sp._86	2666132	S	214	51	265	0.00002
Desulfovibrio_vulgaris	881	S	954	26	980	0.00008
Desulfovibrio_sulfodismutans	63561	S	753	201	954	0.00008
Desulfovibrio_desulfuricans	876	S	711	155	866	0.00007
Desulfovibrio_piger	901	S	657	128	785	0.00007
Desulfovibrio_fairfieldensis	44742	S	571	50	621	0.00005
Desulfovibrio_ferrophilus	241368	S	360	29	389	0.00003
Candidatus_Desulfovibrio_trichonymphae	1725232	S	106	8	114	0.00001
Pseudodesulfovibrio_indicus	1716143	S	1084	255	1339	0.00011
Pseudodesulfovibrio_mercurii	641491	S	1015	264	1279	0.00011
Pseudodesulfovibrio_aespoeensis	182210	S	800	546	1346	0.00011
Pseudodesulfovibrio_cashew	2678688	S	611	129	740	0.00006
Pseudodesulfovibrio_sp._SF6	2810563	S	289	28	317	0.00003
Pseudodesulfovibrio_sp._zrk46	2725288	S	273	46	319	0.00003
Pseudodesulfovibrio_tunisiensis	463192	S	521	54	575	0.00005
Pseudodesulfovibrio_profundus	57320	S	205	196	401	0.00003
Pseudodesulfovibrio_piezophilus	879567	S	94	13	107	0.00001
Solidesulfovibrio_carbinoliphilus	345370	S	1435	181	1616	0.00014
Solidesulfovibrio_carbinolicus	296842	S	641	497	1138	0.00010
Solidesulfovibrio_magneticus	184917	S	592	349	941	0.00008
Oceanidesulfovibrio_marinus	370038	S	1561	98	1659	0.00014
Desulfocurvibacter_africanus	873	S	1220	91	1311	0.00011
Desulfolutivibrio_sulfoxidireducens	2773299	S	942	270	1212	0.00010
Megalodesulfovibrio_gigas	879	S	837	42	879	0.00007
Oleidesulfovibrio_alaskensis	58180	S	315	398	713	0.00006
Maridesulfovibrio_salexigens	880	S	84	9	93	0.00001
Maridesulfovibrio_hydrothermalis	191026	S	67	7	74	0.00001
Paradesulfovibrio_bizertensis	376490	S	133	13	146	0.00001
Lawsonia_intracellularis	29546	S	37	0	37	0.00000
Desulfomicrobium_baculatum	899	S	726	58	784	0.00007
Desulfomicrobium_orale	132132	S	405	98	503	0.00004
Desulfohalobium_retbaense	45663	S	319	15	334	0.00003
Desulfosarcina_ovata	83564	S	907	41	948	0.00008
Desulfosarcina_alkanivorans	571177	S	856	327	1183	0.00010
Desulfosarcina_widdelii	947919	S	735	77	812	0.00007
Desulfococcus_multivorans	897	S	706	123	829	0.00007
Desulfoluna_sp._ASN36	2810562	S	440	23	463	0.00004
Desulfatibacillum_aliphaticivorans	218208	S	396	13	409	0.00003
Desulfonema_magnum	45655	S	216	4	220	0.00002
Desulfonema_limicola	45656	S	44	2	46	0.00000
Desulfobacter_hydrogenophilus	2291	S	137	30	167	0.00001
Desulfobacter_postgatei	2293	S	89	18	107	0.00001
Desulforapulum_autotrophicum	2296	S	146	18	164	0.00001
Desulfobacula_toluolica	28223	S	45	4	49	0.00000
Desulfobulbus_propionicus	894	S	758	44	802	0.00007
Desulfobulbus_oralis	1986146	S	490	98	588	0.00005
Desulfobulbus_oligotrophicus	1909699	S	232	179	411	0.00003
Desulfurivibrio_alkaliphilus	427923	S	615	28	643	0.00005
Desulfomarina_profundi	2772557	S	89	7	96	0.00001
Desulfosudis_oleivorans	181663	S	584	29	613	0.00005
Desulfosediminicola_ganghwensis	2569540	S	161	17	178	0.00001
Desulfosediminicola_flagellatus	2569541	S	70	7	77	0.00001
Desulfotalea_psychrophila	84980	S	78	14	92	0.00001
Desulfocapsa_sulfexigens	65555	S	77	4	81	0.00001
Persicimonas_caeni	2292766	S	4142	129	4271	0.00036
Bradymonas_sediminis	1548548	S	1373	100	1473	0.00012
Bradymonadales_bacterium_V1718	2600177	S	515	25	540	0.00005
Syntrophobacter_fumaroxidans	119484	S	1070	395	1465	0.00012
Desulfoglaeba_alkanexedens	361111	S	940	45	985	0.00008
Desulfarculus_baarsii	453230	S	1640	854	2494	0.00021
Desulfomonile_tiedjei	2358	S	394	3	397	0.00003
Syntrophus_aciditrophicus	316277	S	328	19	347	0.00003
Desulfobacca_acetoxidans	60893	S	319	7	326	0.00003
Dissulfurimicrobium_hydrothermale	1750598	S	197	11	208	0.00002
Candidatus_Desulfofervidus_auxilii	1621989	S	112	2	114	0.00001
Hippea_maritima	84405	S	38	1	39	0.00000
Sulfurimonas_sp._HSL-3221	2894755	S	406	36	442	0.00004
Sulfurimonas_sp._B2	2590551	S	16	2	18	0.00000
Sulfurimonas_sp._H1576	2672570	S	16	1	17	0.00000
Sulfurimonas_sp._SWIR-19	2878390	S	16	42	58	0.00000
Sulfurimonas_paralvinellae	317658	S	20	3	23	0.00000
Sulfurimonas_lithotrophica	2590022	S	20	2	22	0.00000
Sulfurimonas_gotlandica	1176482	S	18	2	20	0.00000
Sulfurimonas_hydrogeniphila	2509341	S	17	12	29	0.00000
Candidatus_Sulfurimonas_baltica	2740404	S	10	3	13	0.00000
Sulfuricurvum_kujiense	148813	S	255	21	276	0.00002
Campylobacter_showae	204	S	132	11	143	0.00001
Campylobacter_gracilis	824	S	110	6	116	0.00001
Campylobacter_concisus	199	S	100	13	113	0.00001
Campylobacter_sp._19-13652	2840180	S	17	1	18	0.00000
Campylobacter_sp._CCUG_57310	2517362	S	10	3	13	0.00000
Campylobacter_sp._RM6914	1032243	S	10	1	11	0.00000
Campylobacter_curvus	200	S	58	5	63	0.00001
Campylobacter_rectus	203	S	46	6	52	0.00000
Campylobacter_fetus	196	S	13	3	16	0.00000
Campylobacter_mucosalis	202	S	13	1	14	0.00000
Campylobacter_jejuni	197	S	13	146	159	0.00001
Campylobacter_upsaliensis	28080	S	12	3	15	0.00000
Campylobacter_coli	195	S	11	8	19	0.00000
Campylobacter_geochelonis	1780362	S	10	0	10	0.00000
Helicobacter_pylori	210	S	128	52	180	0.00002
Helicobacter_sp._NHP19-0012	2849642	S	22	12	34	0.00000
Helicobacter_sp._NHP19-0003	2849641	S	16	5	21	0.00000
Helicobacter_bizzozeronii	56877	S	31	4	35	0.00000
Helicobacter_heilmannii	35817	S	24	12	36	0.00000
Helicobacter_canis	29419	S	21	7	28	0.00000
Helicobacter_himalayensis	1591088	S	19	2	21	0.00000
Helicobacter_cinaedi	213	S	15	6	21	0.00000
Helicobacter_enhydrae	222136	S	14	2	16	0.00000
Helicobacter_felis	214	S	10	1	11	0.00000
Helicobacter_typhlonius	76936	S	10	10	20	0.00000
Wolinella_succinogenes	844	S	58	18	76	0.00001
Nitratifractor_salsuginis	269261	S	222	16	238	0.00002
Sulfurovum_sp._NBC37-1	387093	S	58	25	83	0.00001
Sulfurovum_sp._HSL1-3	2893889	S	27	8	35	0.00000
Sulfurovum_sp._XGS-02	2925411	S	24	3	27	0.00000
Sulfurovum_indicum	2779528	S	27	3	30	0.00000
Sulfurovum_lithotrophicum	206403	S	22	11	33	0.00000
Hydrogenimonas_urashimensis	2740515	S	269	26	295	0.00002
Sulfurospirillum_sp._UCH001	1581011	S	10	34	44	0.00000
Sulfurospirillum_cavolei	366522	S	44	5	49	0.00000
Sulfurospirillum_halorespirans	194424	S	19	22	41	0.00000
Sulfurospirillum_deleyianum	65553	S	16	2	18	0.00000
Sulfurospirillum_barnesii	44674	S	13	1	14	0.00000
Arcobacter_sp._FWKO_B	2593672	S	13	15	28	0.00000
Halarcobacter_anaerophilus	877500	S	12	13	25	0.00000
Nitratiruptor_sp._YY09-18	2724901	S	24	25	49	0.00000
Nitratiruptor_sp._SB155-2	387092	S	22	38	60	0.00001
Nitrosophilus_alvini	2714855	S	55	12	67	0.00001
Nitrosophilus_labii	2706014	S	26	9	35	0.00000
Caminibacter_mediatlanticus	291048	S	30	15	45	0.00000
Caminibacter_pacificus	1424653	S	21	8	29	0.00000
Nautilia_profundicola	244787	S	20	14	34	0.00000
Nautilia_sp._PV-1	2579250	S	10	6	16	0.00000
Acidithiobacillus_ferrivorans	160808	S	853	124	977	0.00008
Acidithiobacillus_caldus	33059	S	598	66	664	0.00006
Acidithiobacillus_ferrooxidans	920	S	471	539	1010	0.00008
Acidithiobacillus_ferriphilus	1689834	S	142	13	155	0.00001
Acidithiobacillus_thiooxidans	930	S	139	5	144	0.00001
Acidithiobacillus_sp._'AMD_consortium'	2614801	S	38	180	218	0.00002
Acidithiobacillus_ferridurans	1232575	S	22	66	88	0.00001
Bdellovibrio_sp._LBG001	2835041	S	413	38	451	0.00004
Bdellovibrio_sp._NC01	2220073	S	353	33	386	0.00003
Bdellovibrio_sp._ZAP7	2231053	S	188	86	274	0.00002
Bdellovibrio_sp._KM01	2748865	S	168	80	248	0.00002
Bdellovibrio_bacteriovorus	959	S	813	79	892	0.00007
Pseudobdellovibrio_exovorus	453816	S	117	5	122	0.00001
Bacteriovorax_stolpii	960	S	106	24	130	0.00001
Halobacteriovorax_marinus	97084	S	46	20	66	0.00001
Halobacteriovorax_sp._BALOs_7	2109558	S	20	5	25	0.00000
Fluviispira_sanaruensis	2493639	S	37	7	44	0.00000
Silvanigrella_aquatica	1915309	S	17	3	20	0.00000
Hydrogenophilus_thermoluteolus	297	S	593	109	702	0.00006
Mariprofundus_ferrinatatus	1921087	S	220	16	236	0.00002
Mariprofundus_aestuarium	1921086	S	155	14	169	0.00001
Streptomyces_sp._WAC_01438	2203204	S	13504	5085	18589	0.00155
Streptomyces_sp._BJ20	2930049	S	7471	3354	10825	0.00090
Streptomyces_sp._SCSIO_64649	2878388	S	5655	1209	6864	0.00057
Streptomyces_sp._WAC_06738	2203210	S	5237	4889	10126	0.00085
Streptomyces_sp._NHF165	2175864	S	4452	896	5348	0.00045
Streptomyces_sp._SN-593	659352	S	4413	1212	5625	0.00047
Streptomyces_sp._CB01881	2078691	S	4154	930	5084	0.00042
Streptomyces_sp._CdTB01	1725411	S	4117	1309	5426	0.00045
Streptomyces_sp._MA3_2.13	2867410	S	3992	603	4595	0.00038
Streptomyces_sp._So13.3	2136173	S	3900	837	4737	0.00040
Streptomyces_sp._NA02950	2742137	S	3783	856	4639	0.00039
Streptomyces_sp._AMCC400023	2056258	S	3720	1615	5335	0.00045
Streptomyces_sp._ZYC-3	2797636	S	3695	816	4511	0.00038
Streptomyces_sp._ST1015	1848900	S	3484	817	4301	0.00036
Streptomyces_sp._3025	2923272	S	3366	689	4055	0.00034
Streptomyces_sp._SCUT-3	2684469	S	3346	1527	4873	0.00041
Streptomyces_sp._891-h	2720714	S	3325	695	4020	0.00034
Streptomyces_sp._Z423-1	2730915	S	3317	1075	4392	0.00037
Streptomyces_sp._P3	2135430	S	3225	900	4125	0.00034
Streptomyces_sp._HM190	2695266	S	3209	1129	4338	0.00036
Streptomyces_sp._BH-MK-02	2880933	S	3199	774	3973	0.00033
Streptomyces_sp._LRE541	2931983	S	2890	730	3620	0.00030
Streptomyces_sp._JB150	2714844	S	2731	1027	3758	0.00031
Streptomyces_sp._3214.6	1882757	S	2694	872	3566	0.00030
Streptomyces_sp._GMY02	1333528	S	2687	540	3227	0.00027
Streptomyces_sp._YIM_121038	2136401	S	2660	866	3526	0.00029
Streptomyces_sp._A2-16	2781734	S	2620	899	3519	0.00029
Streptomyces_sp._NA04227	2742136	S	2614	686	3300	0.00028
Streptomyces_sp._MST-110588	2833628	S	2576	715	3291	0.00027
Streptomyces_sp._CMB-StM0423	2059884	S	2549	1214	3763	0.00031
Streptomyces_sp._C8S0	2585716	S	2540	827	3367	0.00028
Streptomyces_sp._MBT27	1488356	S	2536	832	3368	0.00028
Streptomyces_sp._NEAU-sy36	2751189	S	2528	1045	3573	0.00030
Streptomyces_sp._MG28	2865673	S	2516	960	3476	0.00029
Streptomyces_sp._W1SF4	2305220	S	2494	989	3483	0.00029
Streptomyces_sp._SAT1	1849967	S	2485	1030	3515	0.00029
Streptomyces_sp._DSM_40868	2721173	S	2474	992	3466	0.00029
Streptomyces_sp._Go_40/10	2825844	S	2467	1175	3642	0.00030
Streptomyces_sp._GQFP	2907545	S	2440	467	2907	0.00024
Streptomyces_sp._GS7	2692234	S	2371	719	3090	0.00026
Streptomyces_sp._QHH-9511	2684468	S	2324	721	3045	0.00025
Streptomyces_sp._Go-475	2072505	S	2290	1148	3438	0.00029
Streptomyces_sp._RTd22	1841249	S	2273	961	3234	0.00027
Streptomyces_sp._Rer75	2750011	S	2224	1036	3260	0.00027
Streptomyces_sp._RPA4-2	2721244	S	2200	707	2907	0.00024
Streptomyces_sp._MG62	2838015	S	2117	862	2979	0.00025
Streptomyces_sp._BHT-5-2	2866715	S	2111	733	2844	0.00024
Streptomyces_sp._SYP-A7193	2662065	S	2099	1285	3384	0.00028
Streptomyces_sp._135	2838850	S	2009	715	2724	0.00023
Streptomyces_sp._SM18	1736046	S	1999	611	2610	0.00022
Streptomyces_sp._Tu_2975	2676871	S	1981	697	2678	0.00022
Streptomyces_sp._HSG2	2797167	S	1971	485	2456	0.00021
Streptomyces_sp._SirexAA-E	862751	S	1894	623	2517	0.00021
Streptomyces_sp._CNQ-509	444103	S	1893	1736	3629	0.00030
Streptomyces_sp._HP-A2021	2927875	S	1801	1056	2857	0.00024
Streptomyces_sp._fd1-xmd	1812480	S	1779	823	2602	0.00022
Streptomyces_sp._TN58	234612	S	1706	819	2525	0.00021
Streptomyces_sp._WAC_01529	2203205	S	1700	655	2355	0.00020
Streptomyces_sp._INR7	2607753	S	1646	867	2513	0.00021
Streptomyces_sp._jing01	2726118	S	1645	981	2626	0.00022
Streptomyces_sp._CB09001	2083284	S	1619	1103	2722	0.00023
Streptomyces_sp._S4.7	2705439	S	1572	568	2140	0.00018
Streptomyces_sp._CCM_MD2014	1561022	S	1391	1230	2621	0.00022
Streptomyces_sp._S1D4-11	2721246	S	1362	987	2349	0.00020
Streptomyces_sp._WY228	2855836	S	1296	727	2023	0.00017
Streptomyces_sp._SUK_48	2582831	S	1263	812	2075	0.00017
Streptomyces_sp._ADI95-16	1522758	S	1106	942	2048	0.00017
Streptomyces_sp._Mg1	465541	S	1101	998	2099	0.00018
Streptomyces_sp._YPW6	2840373	S	1091	592	1683	0.00014
Streptomyces_sp._HF10	2692233	S	1084	781	1865	0.00016
Streptomyces_sp._769	1262452	S	1002	778	1780	0.00015
Streptomyces_sp._AgN23	1188315	S	979	893	1872	0.00016
Streptomyces_sp._NA02536	2742133	S	909	2469	3378	0.00028
Streptomyces_sp._RPA4-5	2721245	S	882	591	1473	0.00012
Streptomyces_sp._2323.1	1938841	S	844	538	1382	0.00012
Streptomyces_sp._EAS-AB2608	2779671	S	811	1264	2075	0.00017
Streptomyces_sp._S063	2005885	S	810	578	1388	0.00012
Streptomyces_sp._S8	1837283	S	760	674	1434	0.00012
Streptomyces_sp._NEAU-S7GS2	2202000	S	729	609	1338	0.00011
Streptomyces_sp._3211	1964449	S	716	891	1607	0.00013
Streptomyces_sp._XC_2026	2782004	S	698	633	1331	0.00011
Streptomyces_sp._PBH53	1577075	S	651	944	1595	0.00013
Streptomyces_sp._WA6-1-16	2879427	S	643	664	1307	0.00011
Streptomyces_sp._ID38640	1265399	S	640	461	1101	0.00009
Streptomyces_sp._HNA39	2850561	S	618	721	1339	0.00011
Streptomyces_sp._Sge12	1972846	S	615	941	1556	0.00013
Streptomyces_sp._MOE7	1961713	S	585	725	1310	0.00011
Streptomyces_sp._11-1-2	1851167	S	574	1100	1674	0.00014
Streptomyces_sp._A144	2871487	S	567	2555	3122	0.00026
Streptomyces_sp._SS52	2563602	S	514	2431	2945	0.00025
Streptomyces_sp._RLB1-33	2721243	S	513	1523	2036	0.00017
Streptomyces_sp._SGAir0924	2109593	S	491	2405	2896	0.00024
Streptomyces_sp._CB00271	2750025	S	479	668	1147	0.00010
Streptomyces_sp._Tue_6075	1661694	S	468	546	1014	0.00008
Streptomyces_sp._CFMR_7	1649184	S	438	771	1209	0.00010
Streptomyces_sp._M56	1495638	S	395	1080	1475	0.00012
Streptomyces_sp._WAC00303	2933779	S	382	563	945	0.00008
Streptomyces_sp._CLI2509	1984801	S	375	1273	1648	0.00014
Streptomyces_sp._CB04723	2748873	S	318	584	902	0.00008
Streptomyces_sp._Tu6071	355249	S	313	948	1261	0.00011
Streptomyces_sp._VN1	1821625	S	313	1364	1677	0.00014
Streptomyces_sp._LBUM_1480	2609808	S	290	2997	3287	0.00027
Streptomyces_sp._V17-9	2831149	S	289	1350	1639	0.00014
Streptomyces_sp._M2	646637	S	284	1509	1793	0.00015
Streptomyces_sp._CB09030	2913412	S	278	959	1237	0.00010
Streptomyces_sp._endophyte_N2	2153485	S	275	818	1093	0.00009
Streptomyces_sp._BSE6.1	2605730	S	270	1202	1472	0.00012
Streptomyces_sp._PAMC_26508	1265601	S	254	899	1153	0.00010
Streptomyces_sp._CRSS-Y-16	2906474	S	254	1428	1682	0.00014
Streptomyces_sp._HU2014	2939414	S	251	889	1140	0.00010
Streptomyces_sp._NA03103	2742134	S	251	1597	1848	0.00015
Streptomyces_sp._WAC00288	2094021	S	225	968	1193	0.00010
Streptomyces_sp._S501	2420135	S	217	830	1047	0.00009
Streptomyces_sp._WA1-19	2884220	S	216	1188	1404	0.00012
Streptomyces_sp._KPB2	2305221	S	177	1424	1601	0.00013
Streptomyces_sp._S1A1-7	2594459	S	169	1596	1765	0.00015
Streptomyces_sp._A1-5	2738410	S	165	793	958	0.00008
Streptomyces_sp._R527F	1664033	S	162	953	1115	0.00009
Streptomyces_sp._2114.2	1881022	S	157	1003	1160	0.00010
Streptomyces_sp._GF20	2692235	S	138	798	936	0.00008
Streptomyces_sp._CA-256286	2801033	S	115	740	855	0.00007
Streptomyces_sp._NBU3104	2911367	S	107	723	830	0.00007
Streptomyces_sp._LBUM_1482	2609809	S	98	2597	2695	0.00023
Streptomyces_sp._FR-008	206662	S	97	815	912	0.00008
Streptomyces_sp._604F	1476754	S	87	786	873	0.00007
Streptomyces_sp._RLB3-6	2594457	S	85	2680	2765	0.00023
Streptomyces_sp._RLB3-17	2594455	S	85	1336	1421	0.00012
Streptomyces_sp._CC0208	2306165	S	82	2284	2366	0.00020
Streptomyces_sp._LBUM_1475	2609807	S	73	2269	2342	0.00020
Streptomyces_sp._S1D4-20	2594462	S	71	1940	2011	0.00017
Streptomyces_sp._OUCMDZ-3434	1535304	S	69	724	793	0.00007
Streptomyces_sp._GBA_94-10	1218177	S	69	881	950	0.00008
Streptomyces_sp._PLM4	2929798	S	66	561	627	0.00005
Streptomyces_sp._A10(2020)	2782013	S	66	793	859	0.00007
Streptomyces_sp._PVA_94-07	1225337	S	58	855	913	0.00008
Streptomyces_sp._S1D4-14	2594461	S	44	2887	2931	0.00024
Streptomyces_sp._S1D4-23	2594463	S	41	2206	2247	0.00019
Streptomyces_sp._RLB1-9	2594454	S	38	2104	2142	0.00018
Streptomyces_sp._ICC4	2099584	S	33	2217	2250	0.00019
Streptomyces_sp._ICC1	2099583	S	23	1335	1358	0.00011
Streptomyces_sp._SM17	565560	S	14	595	609	0.00005
Streptomyces_sp._HNM0561	2903099	S	10	2054	2064	0.00017
Streptomyces_venezuelae	54571	S	13958	5514	19472	0.00163
Streptomyces_hygroscopicus	1912	S	4211	5849	10060	0.00084
Streptomyces_rapamycinicus	1226757	S	3273	793	4066	0.00034
Streptomyces_yatensis	155177	S	1134	831	1965	0.00016
Streptomyces_violaceusniger	68280	S	1060	705	1765	0.00015
Streptomyces_malaysiensis	92644	S	275	828	1103	0.00009
Streptomyces_cadmiisoli	2184053	S	2944	758	3702	0.00031
Streptomyces_aurantiacus	47760	S	2457	604	3061	0.00026
Streptomyces_qaidamensis	1783515	S	1841	783	2624	0.00022
Streptomyces_alboniger	132473	S	1508	573	2081	0.00017
Streptomyces_koyangensis	188770	S	1082	1100	2182	0.00018
Streptomyces_calvus	67282	S	9599	3842	13441	0.00112
Streptomyces_chartreusis	1969	S	6147	2685	8832	0.00074
Streptomyces_capitiformicae	2014920	S	5708	927	6635	0.00055
Streptomyces_albus	1888	S	5586	2867	8453	0.00071
Streptomyces_griseus	1911	S	2231	1975	4206	0.00035
Streptomyces_sp._M54	2759525	S	209	539	748	0.00006
Streptomyces_anulatus	1892	S	1635	1706	3341	0.00028
Streptomyces_microflavus	1919	S	706	3109	3815	0.00032
Streptomyces_globisporus	1908	S	641	4662	5303	0.00044
Streptomyces_nigra	1827580	S	5445	2189	7634	0.00064
Streptomyces_armeniacus	83291	S	5385	823	6208	0.00052
Streptomyces_lydicus	47763	S	4689	3215	7904	0.00066
Streptomyces_formicae	1616117	S	4687	1528	6215	0.00052
Streptomyces_bathyalis	2710756	S	4390	773	5163	0.00043
Streptomyces_bingchenggensis	379067	S	4385	877	5262	0.00044
Streptomyces_buecherae	2763006	S	4255	1134	5389	0.00045
Streptomyces_harbinensis	1176198	S	4056	1174	5230	0.00044
Streptomyces_spectabilis	68270	S	3892	1299	5191	0.00043
Streptomyces_tsukubensis	83656	S	3860	873	4733	0.00040
Streptomyces_viridosporus	67581	S	3758	1570	5328	0.00045
Streptomyces_griseorubiginosus	67304	S	3738	1254	4992	0.00042
Streptomyces_tendae	1932	S	3616	1530	5146	0.00043
Streptomyces_niveus	193462	S	3598	1666	5264	0.00044
Streptomyces_cattleya	29303	S	3571	1093	4664	0.00039
Streptomyces_cyaneochromogenes	2496836	S	3479	1041	4520	0.00038
Streptomyces_seoulensis	73044	S	3462	1369	4831	0.00040
Streptomyces_davaonensis	348043	S	3179	908	4087	0.00034
Streptomyces_aquilus	2548456	S	3099	934	4033	0.00034
Streptomyces_ferrugineus	1413221	S	3079	1014	4093	0.00034
Streptomyces_xanthii	2768069	S	3064	958	4022	0.00034
Streptomyces_rimosus	1927	S	3003	1137	4140	0.00035
Streptomyces_roseirectus	2768066	S	2988	748	3736	0.00031
Streptomyces_lincolnensis	1915	S	2942	868	3810	0.00032
Streptomyces_xinghaiensis	1038928	S	2902	921	3823	0.00032
Streptomyces_lunaelactis	1535768	S	2834	618	3452	0.00029
Streptomyces_durmitorensis	319947	S	2814	625	3439	0.00029
Streptomyces_genisteinicus	2768068	S	2761	904	3665	0.00031
Streptomyces_liangshanensis	2717324	S	2726	714	3440	0.00029
Streptomyces_griseoviridis	45398	S	2707	897	3604	0.00030
Streptomyces_actuosus	1885	S	2700	1171	3871	0.00032
Streptomyces_albulus	68570	S	2697	848	3545	0.00030
Streptomyces_asoensis	249586	S	2655	806	3461	0.00029
Streptomyces_prasinus	67345	S	2647	890	3537	0.00030
Streptomyces_vietnamensis	362257	S	2639	911	3550	0.00030
Streptomyces_rectiverticillatus	173860	S	2630	879	3509	0.00029
Streptomyces_dengpaensis	2049881	S	2613	742	3355	0.00028
Streptomyces_griseochromogenes	68214	S	2588	734	3322	0.00028
Streptomyces_avermitilis	33903	S	2580	758	3338	0.00028
Streptomyces_luteoverticillatus	66425	S	2544	878	3422	0.00029
Streptomyces_alboflavus	67267	S	2543	726	3269	0.00027
Streptomyces_olivoreticuli	68246	S	2528	745	3273	0.00027
Streptomyces_ambofaciens	1889	S	2510	1619	4129	0.00034
Streptomyces_antibioticus	1890	S	2500	911	3411	0.00028
Streptomyces_aureoverticillatus	66871	S	2497	695	3192	0.00027
Streptomyces_clavuligerus	1901	S	2496	623	3119	0.00026
Streptomyces_griseocarneus	51201	S	2477	902	3379	0.00028
Streptomyces_phaeolivaceus	2653200	S	2460	690	3150	0.00026
Streptomyces_globosus	68209	S	2450	931	3381	0.00028
Streptomyces_paludis	2282738	S	2405	546	2951	0.00025
Streptomyces_exfoliatus	1905	S	2389	845	3234	0.00027
Streptomyces_nodosus	40318	S	2379	622	3001	0.00025
Streptomyces_deccanensis	424188	S	2359	988	3347	0.00028
Streptomyces_glaucescens	1907	S	2359	1042	3401	0.00028
Streptomyces_parvulus	146923	S	2320	1045	3365	0.00028
Streptomyces_ficellus	1977088	S	2314	860	3174	0.00027
Streptomyces_cyanogenus	80860	S	2283	1025	3308	0.00028
Streptomyces_lavendulae	1914	S	2282	820	3102	0.00026
Streptomyces_pactum	68249	S	2259	929	3188	0.00027
Streptomyces_galilaeus	33899	S	2212	758	2970	0.00025
Streptomyces_subrutilus	36818	S	2207	845	3052	0.00025
Streptomyces_peucetius	1950	S	2184	618	2802	0.00023
Streptomyces_atratus	1893	S	2158	454	2612	0.00022
Streptomyces_collinus	42684	S	2127	1500	3627	0.00030
Streptomyces_chromofuscus	42881	S	2088	823	2911	0.00024
Streptomyces_broussonetiae	2686304	S	2069	638	2707	0.00023
Streptomyces_katrae	68223	S	2048	795	2843	0.00024
Streptomyces_vinaceus	1960	S	2046	756	2802	0.00023
Streptomyces_pristinaespiralis	38300	S	2044	761	2805	0.00023
Streptomyces_hundungensis	1077946	S	2022	650	2672	0.00022
Streptomyces_incarnatus	665007	S	2013	606	2619	0.00022
Streptomyces_roseochromogenus	285450	S	1971	628	2599	0.00022
Streptomyces_tirandamycinicus	2174846	S	1955	672	2627	0.00022
Streptomyces_kanamyceticus	1967	S	1930	661	2591	0.00022
Streptomyces_fodineus	1904616	S	1905	685	2590	0.00022
Streptomyces_gilvosporeus	553510	S	1899	620	2519	0.00021
Streptomyces_nitrosporeus	28894	S	1853	542	2395	0.00020
Streptomyces_inhibens	2293571	S	1816	565	2381	0.00020
Streptomyces_spongiicola	1690221	S	1796	748	2544	0.00021
Streptomyces_gobiensis	2875706	S	1788	355	2143	0.00018
Streptomyces_gardneri	66892	S	1743	719	2462	0.00021
Streptomyces_rutgersensis	53451	S	1736	864	2600	0.00022
Streptomyces_dangxiongensis	1442032	S	1736	614	2350	0.00020
Streptomyces_angustmyceticus	285578	S	1732	724	2456	0.00021
Streptomyces_hawaiiensis	67305	S	1727	762	2489	0.00021
Streptomyces_mobaraensis	35621	S	1694	66111	67805	0.00566
Streptomyces_pratensis	1169025	S	1688	425	2113	0.00018
Streptomyces_pluripotens	1355015	S	1683	397	2080	0.00017
Streptomyces_finlayi	67296	S	1675	395	2070	0.00017
Streptomyces_coeruleorubidus	116188	S	1652	798	2450	0.00020
Streptomyces_qinzhouensis	2599401	S	1647	405	2052	0.00017
Streptomyces_fagopyri	2662397	S	1624	562	2186	0.00018
Streptomyces_huasconensis	1854574	S	1622	644	2266	0.00019
Streptomyces_nojiriensis	66374	S	1521	664	2185	0.00018
Streptomyces_tuirus	68278	S	1504	769	2273	0.00019
Streptomyces_leeuwenhoekii	1437453	S	1221	859	2080	0.00017
Streptomyces_cyaneogriseus	68192	S	1164	910	2074	0.00017
Streptomyces_decoyicus	249567	S	892	502	1394	0.00012
Streptomyces_antimycoticus	68175	S	806	828	1634	0.00014
Streptomyces_fungicidicus	68203	S	766	2246	3012	0.00025
Streptomyces_auratus	114687	S	764	512	1276	0.00011
Streptomyces_lydicamycinicus	1546107	S	744	450	1194	0.00010
Streptomyces_xiamenensis	408015	S	698	606	1304	0.00011
Streptomyces_platensis	58346	S	670	503	1173	0.00010
Streptomyces_coelicolor	1902	S	213	2028	2241	0.00019
Streptomyces_albidoflavus	1886	S	193	2919	3112	0.00026
Streptomyces_sampsonii	42239	S	122	989	1111	0.00009
Streptomyces_filamentosus	67294	S	459	582	1041	0.00009
Streptomyces_olivaceus	47716	S	451	1667	2118	0.00018
Streptomyces_alfalfae	1642299	S	422	2402	2824	0.00024
Streptomyces_cavourensis	67258	S	409	758	1167	0.00010
Streptomyces_californicus	67351	S	394	1296	1690	0.00014
Streptomyces_mirabilis	68239	S	313	1879	2192	0.00018
Streptomyces_murinus	33900	S	309	884	1193	0.00010
Streptomyces_fradiae	1906	S	302	4668	4970	0.00042
Streptomyces_autolyticus	75293	S	221	749	970	0.00008
Streptomyces_griseofuscus	146922	S	217	980	1197	0.00010
Streptomyces_lividans	1916	S	198	2122	2320	0.00019
Streptomyces_albireticuli	1940	S	182	776	958	0.00008
Streptomyces_noursei	1971	S	180	713	893	0.00007
Streptomyces_scabiei	1930	S	176	1560	1736	0.00015
Streptomyces_rubrolavendulae	285473	S	164	1207	1371	0.00011
Streptomyces_cinereoruber	67260	S	161	851	1012	0.00008
Streptomyces_violaceoruber	1935	S	123	546	669	0.00006
Streptomyces_rochei	1928	S	91	688	779	0.00007
Kitasatospora_sp._MMS16-BH015	2018025	S	2956	1046	4002	0.00033
Kitasatospora_sp._NA04385	2742135	S	2482	1417	3899	0.00033
Kitasatospora_setae	2066	S	2584	1427	4011	0.00034
Kitasatospora_aureofaciens	1894	S	2155	954	3109	0.00026
Kitasatospora_albolonga	68173	S	870	722	1592	0.00013
Streptacidiphilus_sp._P02-A3a	2704468	S	2803	916	3719	0.00031
Streptacidiphilus_sp._PB12-B1b	2705012	S	2412	1005	3417	0.00029
Streptacidiphilus_bronchialis	2126346	S	2460	855	3315	0.00028
Yinghuangia_sp._ASG_101	2896848	S	3686	674	4360	0.00036
Microbacterium_sp._No._7	1714373	S	2507	1120	3627	0.00030
Microbacterium_sp._4R-513	2567934	S	2405	442	2847	0.00024
Microbacterium_sp._JZ31	1906274	S	1892	531	2423	0.00020
Microbacterium_sp._10M-3C3	2483401	S	1822	542	2364	0.00020
Microbacterium_sp._SSW1-51	2851650	S	1499	372	1871	0.00016
Microbacterium_sp._ABRD_28	2268461	S	1454	198	1652	0.00014
Microbacterium_sp._YJN-G	2763257	S	1354	438	1792	0.00015
Microbacterium_sp._BH-3-3-3	1906742	S	1314	315	1629	0.00014
Microbacterium_sp._cx-55	2875948	S	1212	180	1392	0.00012
Microbacterium_sp._XT11	367477	S	1193	252	1445	0.00012
Microbacterium_sp._SSW1-36	2851648	S	1173	253	1426	0.00012
Microbacterium_sp._H1-D42	2925844	S	1167	194	1361	0.00011
Microbacterium_sp._NIBRBAC000506063	2734618	S	1160	479	1639	0.00014
Microbacterium_sp._LKL04	912630	S	1122	267	1389	0.00012
Microbacterium_sp._PM5	2014534	S	1106	204	1310	0.00011
Microbacterium_sp._A18JL241	2782166	S	1060	248	1308	0.00011
Microbacterium_sp._Y-01	2048898	S	967	376	1343	0.00011
Microbacterium_sp._1S1	2606451	S	894	372	1266	0.00011
Microbacterium_sp._CBA3102	2603598	S	856	205	1061	0.00009
Microbacterium_sp._TPU_3598	1938334	S	845	216	1061	0.00009
Microbacterium_sp._Nx66	2766784	S	716	450	1166	0.00010
Microbacterium_sp._RG1	2489212	S	506	367	873	0.00007
Microbacterium_sp._SGAir0570	2070348	S	311	1030	1341	0.00011
Microbacterium_sp._1.5R	1916917	S	198	665	863	0.00007
Microbacterium_sp._PAMC22086	2861281	S	167	330	497	0.00004
Microbacterium_sp._CGR1	1696072	S	163	568	731	0.00006
Microbacterium_sp._str._'China'	2103230	S	111	533	644	0.00005
Microbacterium_sp._PAMC_28756	1795053	S	64	939	1003	0.00008
Microbacterium_sp._KUDC0406	2909588	S	22	1708	1730	0.00014
Microbacterium_sp._Se5.02b	2864103	S	16	1256	1272	0.00011
Microbacterium_sp._PAMC21962	2861280	S	10	383	393	0.00003
Microbacterium_cremeum	2782169	S	5331	1139	6470	0.00054
Microbacterium_atlanticum	2782168	S	4809	1077	5886	0.00049
Microbacterium_hominis	162426	S	2663	6970	9633	0.00080
Microbacterium_foliorum	104336	S	2534	524	3058	0.00026
Microbacterium_oleivorans	273677	S	2524	495	3019	0.00025
Microbacterium_resistens	156977	S	1801	339	2140	0.00018
Microbacterium_lemovicicum	1072463	S	1747	400	2147	0.00018
Microbacterium_sediminis	904291	S	1645	753	2398	0.00020
Microbacterium_oryzae	743009	S	1533	468	2001	0.00017
Microbacterium_pygmaeum	370764	S	1508	190	1698	0.00014
Microbacterium_testaceum	2033	S	1421	259	1680	0.00014
Microbacterium_chocolatum	84292	S	1340	307	1647	0.00014
Microbacterium_wangchenii	2541726	S	1328	301	1629	0.00014
Microbacterium_caowuchunii	2614638	S	1282	248	1530	0.00013
Microbacterium_lushaniae	2614639	S	1273	294	1567	0.00013
Microbacterium_aurum	36805	S	1271	403	1674	0.00014
Microbacterium_luteum	2782167	S	1236	525	1761	0.00015
Microbacterium_protaetiae	2509458	S	1195	275	1470	0.00012
Microbacterium_oxydans	82380	S	1170	859	2029	0.00017
Microbacterium_esteraromaticum	57043	S	1158	259	1417	0.00012
Microbacterium_schleiferi	69362	S	909	322	1231	0.00010
Microbacterium_hydrocarbonoxydans	273678	S	862	154	1016	0.00008
Microbacterium_fandaimingii	2708079	S	520	45	565	0.00005
Microbacterium_chengjingii	2769067	S	490	27	517	0.00004
Microbacterium_binotii	462710	S	487	348	835	0.00007
Microbacterium_amylolyticum	936337	S	419	93	512	0.00004
Microbacterium_endophyticum	1526412	S	302	21	323	0.00003
Microbacterium_paludicola	300019	S	295	1021	1316	0.00011
Microbacterium_paraoxydans	199592	S	176	1121	1297	0.00011
Agromyces_flavus	589382	S	8529	2861	11390	0.00095
Agromyces_sp._H17E-10	2932244	S	2955	1021	3976	0.00033
Agromyces_sp._LHK192	2498704	S	2480	759	3239	0.00027
Agromyces_sp._CFWR-12	2929802	S	1931	1182	3113	0.00026
Agromyces_soli	659012	S	2607	999	3606	0.00030
Agromyces_marinus	1389020	S	2520	982	3502	0.00029
Agromyces_aureus	453304	S	2514	754	3268	0.00027
Agromyces_protaetiae	2509455	S	2026	615	2641	0.00022
Agromyces_badenianii	2080742	S	1788	619	2407	0.00020
Agromyces_archimandritae	2781962	S	1721	526	2247	0.00019
Agromyces_intestinalis	2592652	S	1667	968	2635	0.00022
Agromyces_laixinhei	2585717	S	1601	391	1992	0.00017
Curtobacterium_sp._BH-2-1-1	1905847	S	1203	420	1623	0.00014
Curtobacterium_sp._L6-1	2841594	S	1152	398	1550	0.00013
Curtobacterium_sp._MR_MD2014	1561023	S	914	446	1360	0.00011
Curtobacterium_sp._YC1	2795488	S	810	390	1200	0.00010
Curtobacterium_sp._TC1	2862880	S	762	410	1172	0.00010
Curtobacterium_sp._24E2	2804758	S	729	417	1146	0.00010
Curtobacterium_sp._SGAir0471	2070337	S	643	541	1184	0.00010
Curtobacterium_sp._TXMA1	2876939	S	575	501	1076	0.00009
Curtobacterium_sp._C1	2898151	S	216	689	905	0.00008
Curtobacterium_sp._Csp2	2495430	S	196	706	902	0.00008
Curtobacterium_sp._Csp1	2495429	S	39	919	958	0.00008
Curtobacterium_flaccumfaciens	2035	S	1811	877	2688	0.00022
Curtobacterium_luteum	33881	S	1092	413	1505	0.00013
Rathayibacter_sp._VKM_Ac-2759	2609252	S	1610	603	2213	0.00018
Rathayibacter_sp._VKM_Ac-2760	2609253	S	1468	800	2268	0.00019
Rathayibacter_sp._VKM_Ac-2804	2609257	S	1092	845	1937	0.00016
Rathayibacter_sp._VKM_Ac-2801	2609255	S	638	604	1242	0.00010
Rathayibacter_sp._VKM_Ac-2762	2609254	S	298	800	1098	0.00009
Rathayibacter_sp._VKM_Ac-2805	2609258	S	211	584	795	0.00007
Rathayibacter_festucae	110937	S	1504	1709	3213	0.00027
Rathayibacter_tanaceti	1671680	S	1053	290	1343	0.00011
Rathayibacter_tritici	33888	S	652	215	867	0.00007
Rathayibacter_iranicus	59737	S	635	92	727	0.00006
Rathayibacter_rathayi	33887	S	588	171	759	0.00006
Rathayibacter_toxicus	145458	S	240	23	263	0.00002
Leucobacter_sp._H25R-14	2932245	S	1250	223	1473	0.00012
Leucobacter_sp._NB_10	2873270	S	1185	355	1540	0.00013
Leucobacter_sp._Psy1	2875729	S	1099	147	1246	0.00010
Leucobacter_sp._CX169	2813744	S	781	219	1000	0.00008
Leucobacter_sp._H21R-36	2932246	S	426	1078	1504	0.00013
Leucobacter_sp._H21R-40	2932247	S	364	920	1284	0.00011
Leucobacter_muris	1935379	S	1289	493	1782	0.00015
Leucobacter_triazinivorans	1784719	S	1282	774	2056	0.00017
Leucobacter_luti	340320	S	472	49	521	0.00004
Leucobacter_viscericola	2714935	S	375	40	415	0.00003
Leucobacter_insecticola	2714934	S	330	30	360	0.00003
Leucobacter_coleopterorum	2714933	S	227	25	252	0.00002
Leucobacter_denitrificans	683042	S	225	37	262	0.00002
Agrococcus_sp._SGAir0287	2070347	S	1944	658	2602	0.00022
Agrococcus_sp._SCSIO52902	2933290	S	1918	1054	2972	0.00025
Agrococcus_sp._Marseille-Q4369	2810513	S	1840	724	2564	0.00021
Agrococcus_jejuensis	399736	S	2031	718	2749	0.00023
Agrococcus_carbonis	684552	S	1992	1027	3019	0.00025
Leifsonia_sp._ZF2019	2781978	S	1739	537	2276	0.00019
Leifsonia_sp._21MFCrub1.1	1798223	S	1498	2073	3571	0.00030
Leifsonia_sp._PS1209	2724914	S	1462	449	1911	0.00016
Leifsonia_shinshuensis	150026	S	2170	691	2861	0.00024
Leifsonia_xyli	1575	S	1279	194	1473	0.00012
Clavibacter_michiganensis	28447	S	6988	12459	19447	0.00162
Clavibacter_zhangzhiyongii	2768071	S	883	442	1325	0.00011
Clavibacter_sp._A6099	2860285	S	454	288	742	0.00006
Protaetiibacter_sp._SSC-01	2759943	S	1990	796	2786	0.00023
Protaetiibacter_intestinalis	2419774	S	1702	666	2368	0.00020
Protaetiibacter_larvae	2592654	S	1282	447	1729	0.00014
Salinibacterium_sp._ZJ450	2708338	S	1288	219	1507	0.00013
Salinibacterium_sp._ZJ70	2708084	S	1106	305	1411	0.00012
Salinibacterium_sp._dk2585	2603292	S	901	165	1066	0.00009
Salinibacterium_sp._UTAS2018	2508880	S	326	34	360	0.00003
Salinibacterium_sp._M195	2583374	S	290	36	326	0.00003
Salinibacterium_hongtaonis	2079791	S	412	48	460	0.00004
Cryobacterium_sp._LW097	1978566	S	985	228	1213	0.00010
Cryobacterium_sp._PAMC25264	2861288	S	494	302	796	0.00007
Cryobacterium_soli	2220095	S	700	371	1071	0.00009
Cryobacterium_arcticum	670052	S	556	425	981	0.00008
Frondihabitans_sp._PAMC_28766	1795630	S	1493	228	1721	0.00014
Frondihabitans_sp._762G35	1446794	S	1370	334	1704	0.00014
Microcella_flavibacter	1804990	S	1752	925	2677	0.00022
Microcella_alkaliphila	279828	S	1120	214	1334	0.00011
Microterricola_viridarii	412690	S	2658	721	3379	0.00028
Plantibacter_sp._PA-3-X8	2480625	S	446	476	922	0.00008
Plantibacter_sp._M259	2583822	S	436	451	887	0.00007
Plantibacter_flavus	150123	S	559	524	1083	0.00009
Cnuibacter_physcomitrellae	1619308	S	1905	456	2361	0.00020
Herbiconiux_sp._SALV-R1	2735133	S	1742	384	2126	0.00018
Mycetocola_sp._JXN-3	2116510	S	612	102	714	0.00006
Mycetocola_zhujimingii	2079792	S	588	77	665	0.00006
Mycetocola_spongiae	2859226	S	513	76	589	0.00005
Gryllotalpicola_protaetiae	2419771	S	1710	366	2076	0.00017
Chryseoglobus_sp._28M-23	2772253	S	360	674	1034	0.00009
Chryseoglobus_indicus	2750620	S	350	698	1048	0.00009
Subtercola_sp._AK-R2A1-2	2895559	S	983	102	1085	0.00009
Subtercola_sp._PAMC28395	2846775	S	639	71	710	0.00006
Frigoribacterium_sp._NBH87	2596916	S	1611	522	2133	0.00018
Amnibacterium_sp._L3-i23	2905871	S	1412	375	1787	0.00015
Humibacter_sp._WJ7-1	2599293	S	1366	335	1701	0.00014
Gulosibacter_sediminis	1729695	S	1238	403	1641	0.00014
Marisediminicola_antarctica	674079	S	1213	167	1380	0.00012
Diaminobutyricimonas_sp._LJ205	2683590	S	1034	215	1249	0.00010
Glaciihabitans_sp._INWT7	2596912	S	881	77	958	0.00008
Agreia_sp._COWG	2773266	S	866	115	981	0.00008
Aquiluna_borgnonia	2499157	S	164	21	185	0.00002
Candidatus_Aquiluna_sp._UB-MaderosW2red	1855377	S	74	6	80	0.00001
Rhodoluna_limnophila	232537	S	63	4	67	0.00001
Candidatus_Rhodoluna_planktonica	535712	S	54	3	57	0.00000
Rhodoluna_lacicola	529884	S	29	1	30	0.00000
Pseudoclavibacter_sp._Marseille-Q3772	2866588	S	228	50	278	0.00002
Aurantimicrobium_photophilum	1987356	S	64	5	69	0.00001
Aurantimicrobium_minutum	708131	S	45	9	54	0.00000
Aurantimicrobium_sp._MWH-Uga1	2079575	S	32	6	38	0.00000
Pontimonas_salivibrio	1159327	S	92	4	96	0.00001
Arthrobacter_sp._QXT-31	1357915	S	1717	559	2276	0.00019
Arthrobacter_sp._QL17	2895818	S	1193	313	1506	0.00013
Arthrobacter_sp._NicSoilB8	2830998	S	1042	321	1363	0.00011
Arthrobacter_sp._FW305-BF8	2879617	S	1028	331	1359	0.00011
Arthrobacter_sp._PM3	2017685	S	940	182	1122	0.00009
Arthrobacter_sp._NicSoilB4	2830997	S	866	322	1188	0.00010
Arthrobacter_sp._24S4-2	2575374	S	831	223	1054	0.00009
Arthrobacter_sp._PAMC25564	2565366	S	820	262	1082	0.00009
Arthrobacter_sp._KBS0702	2578107	S	807	381	1188	0.00010
Arthrobacter_sp._ERGS1:01	1704044	S	803	175	978	0.00008
Arthrobacter_sp._U41	1849032	S	797	271	1068	0.00009
Arthrobacter_sp._UKPF54-2	2600159	S	723	364	1087	0.00009
Arthrobacter_sp._PGP41	2079227	S	671	290	961	0.00008
Arthrobacter_sp._NicSoilC5	2831000	S	660	415	1075	0.00009
Arthrobacter_sp._FB24	290399	S	657	259	916	0.00008
Arthrobacter_sp._Helios	2828862	S	598	111	709	0.00006
Arthrobacter_sp._FW306-2-2C-D06B	2879618	S	565	128	693	0.00006
Arthrobacter_sp._PAMC25284	2861279	S	563	171	734	0.00006
Arthrobacter_sp._zg-Y462	2886936	S	484	111	595	0.00005
Arthrobacter_sp._PAMC_25486	1494608	S	476	87	563	0.00005
Arthrobacter_sp._zg-Y809	2886940	S	391	147	538	0.00004
Arthrobacter_sp._StoSoilB5	2830992	S	326	113	439	0.00004
Arthrobacter_sp._StoSoilB20	2830995	S	323	111	434	0.00004
Arthrobacter_sp._NtRootA1	2830983	S	298	112	410	0.00003
Arthrobacter_sp._D5-1	1477518	S	232	188	420	0.00004
Arthrobacter_sp._YN	2020486	S	225	117	342	0.00003
Arthrobacter_sp._C1-1	2813727	S	173	27	200	0.00002
Arthrobacter_sp._FW306-06-A	2879621	S	126	562	688	0.00006
Arthrobacter_sp._NicSoilB11	2830999	S	112	568	680	0.00006
Arthrobacter_sp._StoSoilB13	2830993	S	107	251	358	0.00003
Arthrobacter_sp._StoSoilA2	2830990	S	97	221	318	0.00003
Arthrobacter_sp._StoSoilB19	2830994	S	96	559	655	0.00005
Arthrobacter_sp._FW306-07-I	2879622	S	96	685	781	0.00007
Arthrobacter_sp._FW306-05-C	2879620	S	77	515	592	0.00005
Arthrobacter_sp._AQ5-05	2184581	S	22	363	385	0.00003
Arthrobacter_agilis	37921	S	2052	338	2390	0.00020
Arthrobacter_crystallopoietes	37928	S	1737	358	2095	0.00018
Arthrobacter_sulfonylureivorans	2486855	S	933	169	1102	0.00009
Arthrobacter_woluwensis	156980	S	921	237	1158	0.00010
Arthrobacter_dokdonellae	2211210	S	788	149	937	0.00008
Arthrobacter_jiangjiafuii	2817475	S	560	167	727	0.00006
Arthrobacter_alpinus	656366	S	501	720	1221	0.00010
Arthrobacter_sunyaminii	2816859	S	439	152	591	0.00005
Kocuria_rosea	1275	S	2039	710	2749	0.00023
Kocuria_flava	446860	S	1750	961	2711	0.00023
Kocuria_turfanensis	388357	S	1570	594	2164	0.00018
Kocuria_palustris	71999	S	969	425	1394	0.00012
Kocuria_rhizophila	72000	S	718	1104	1822	0.00015
Kocuria_varians	1272	S	575	439	1014	0.00008
Kocuria_sp._TGY1127_2	2711328	S	262	48	310	0.00003
Kocuria_sp._KD4	2719588	S	166	276	442	0.00004
Kocuria_sp._BT304	1702043	S	88	443	531	0.00004
Kocuria_indica	1049583	S	142	281	423	0.00004
Pseudarthrobacter_sp._BIM_B-2242	2772401	S	659	190	849	0.00007
Pseudarthrobacter_sp._L1SW	2851598	S	626	299	925	0.00008
Pseudarthrobacter_sp._SSS035	2931399	S	383	355	738	0.00006
Pseudarthrobacter_sp._NIBRBAC000502772	2590775	S	360	284	644	0.00005
Pseudarthrobacter_sp._NBSH8	2596911	S	328	139	467	0.00004
Pseudarthrobacter_sp._NIBRBAC000502771	2590774	S	160	547	707	0.00006
Pseudarthrobacter_sp._NIBRBAC000502770	2590785	S	150	454	604	0.00005
Pseudarthrobacter_chlorophenolicus	85085	S	646	271	917	0.00008
Pseudarthrobacter_phenanthrenivorans	361575	S	640	364	1004	0.00008
Pseudarthrobacter_equi	728066	S	552	241	793	0.00007
Pseudarthrobacter_psychrotolerans	2697569	S	480	217	697	0.00006
Pseudarthrobacter_sulfonivorans	121292	S	260	292	552	0.00005
Micrococcus_luteus	1270	S	2161	3935	6096	0.00051
Micrococcus_sp._KD337-16	2856555	S	951	641	1592	0.00013
Micrococcus_sp._KBS0714	1179670	S	34	294	328	0.00003
Micrococcus_yunnanensis	566027	S	24	194	218	0.00002
Sinomonas_atrocyanea	37927	S	1950	720	2670	0.00022
Sinomonas_sp._R1AF57	2020377	S	1711	448	2159	0.00018
Glutamicibacter_creatinolyticus	162496	S	620	163	783	0.00007
Glutamicibacter_protophormiae	37930	S	619	403	1022	0.00009
Glutamicibacter_halophytocola	1933880	S	344	69	413	0.00003
Glutamicibacter_mishrai	1775880	S	235	55	290	0.00002
Glutamicibacter_arilaitensis	256701	S	212	85	297	0.00002
Glutamicibacter_nicotianae	37929	S	195	549	744	0.00006
Glutamicibacter_sp._ZJUTW	1155384	S	56	223	279	0.00002
Rothia_kristinae	37923	S	1185	772	1957	0.00016
Rothia_mucilaginosa	43675	S	354	80	434	0.00004
Rothia_nasimurium	85336	S	152	77	229	0.00002
Rothia_aeria	172042	S	147	61	208	0.00002
Rothia_dentocariosa	2047	S	141	60	201	0.00002
Rothia_terrae	396015	S	55	25	80	0.00001
Rothia_amarae	169480	S	49	24	73	0.00001
Rothia_sp._ZJ932	2810516	S	39	6	45	0.00000
Paenarthrobacter_ureafaciens	37931	S	410	735	1145	0.00010
Paenarthrobacter_aurescens	43663	S	346	246	592	0.00005
Paenarthrobacter_sp._YJN-5	2735316	S	131	324	455	0.00004
Paenarthrobacter_sp._YJN-D	2735317	S	85	195	280	0.00002
Paenarthrobacter_nicotinovorans	29320	S	83	166	249	0.00002
Citricoccus_sp._SGAir0253	2567881	S	1628	512	2140	0.00018
Nesterenkonia_sp._NBAIMH1	2600320	S	583	43	626	0.00005
Paeniglutamicibacter_sp._Y32M11	2853258	S	328	58	386	0.00003
Psychromicrobium_lacuslunae	1618207	S	259	39	298	0.00002
Auritidibacter_sp._NML130574	2170745	S	186	22	208	0.00002
Neomicrococcus_aestuarii	556325	S	170	79	249	0.00002
Renibacterium_salmoninarum	1646	S	120	8	128	0.00001
Cellulomonas_sp._Y8	2591145	S	3532	1824	5356	0.00045
Cellulomonas_sp._H30R-01	2704467	S	3269	1512	4781	0.00040
Cellulomonas_sp._C5510	2871170	S	2485	1197	3682	0.00031
Cellulomonas_sp._JZ18	2654191	S	2467	1259	3726	0.00031
Cellulomonas_sp._zg-ZUI188	2819978	S	2078	702	2780	0.00023
Cellulomonas_sp._zg-ZUI222	2816956	S	2008	905	2913	0.00024
Cellulomonas_sp._zg-ZUI157	2819979	S	1989	824	2813	0.00024
Cellulomonas_sp._EW123	2608402	S	1901	1320	3221	0.00027
Cellulomonas_sp._PSBB021	2003551	S	1698	1591	3289	0.00027
Cellulomonas_fimi	1708	S	3193	3338	6531	0.00055
Cellulomonas_shaoxiangyii	2566013	S	2271	1116	3387	0.00028
Cellulomonas_iranensis	76862	S	2254	1239	3493	0.00029
Cellulomonas_flavigena	1711	S	2108	943	3051	0.00025
Cellulomonas_gilvus	11	S	1935	1003	2938	0.00025
Cellulomonas_taurus	2729175	S	1436	555	1991	0.00017
Actinotalea_sp._JY-7876	2758442	S	2586	1109	3695	0.00031
Oerskovia_sp._KBS0722	1179673	S	1817	693	2510	0.00021
Pseudactinotalea_sp._HY158	2654547	S	1779	313	2092	0.00017
Paraoerskovia_marina	545619	S	1376	429	1805	0.00015
Cellulosimicrobium_cellulans	1710	S	5286	6151	11437	0.00096
Cellulosimicrobium_sp._BI34T	2587808	S	2148	1145	3293	0.00028
Cellulosimicrobium_sp._JZ28	1906273	S	428	1080	1508	0.00013
Cellulosimicrobium_sp._72-3	2731680	S	226	1081	1307	0.00011
Cellulosimicrobium_sp._TH-20	1980001	S	221	1090	1311	0.00011
Xylanimonas_protaetiae	2509457	S	2073	1073	3146	0.00026
Xylanimonas_cellulosilytica	186189	S	1864	790	2654	0.00022
Xylanimonas_allomyrinae	2509459	S	1700	639	2339	0.00020
Isoptericola_variabilis	139208	S	2349	1479	3828	0.00032
Isoptericola_dokdonensis	372663	S	2152	1006	3158	0.00026
Janibacter_melonis	262209	S	2314	930	3244	0.00027
Janibacter_limosus	53458	S	1542	484	2026	0.00017
Janibacter_indicus	857417	S	823	1293	2116	0.00018
Janibacter_sp._YB324	2761047	S	519	1087	1606	0.00013
Phycicoccus_sp._HDW14	2714941	S	2961	1160	4121	0.00034
Phycicoccus_endophyticus	1690220	S	2488	865	3353	0.00028
Intrasporangium_calvum	53358	S	3135	963	4098	0.00034
Pedococcus_dokdonensis	443156	S	2725	938	3663	0.00031
Tetrasphaera_sp._HKS02	1813880	S	2315	704	3019	0.00025
Arsenicicoccus_sp._oral_taxon_190	1658671	S	2299	1047	3346	0.00028
Ornithinimicrobium_avium	2283195	S	2461	770	3231	0.00027
Ornithinimicrobium_sp._HY006	2508882	S	1680	662	2342	0.00020
Ornithinimicrobium_sp._INDO-MA30-4	2908651	S	360	76	436	0.00004
Ornithinimicrobium_flavum	1288636	S	1907	709	2616	0.00022
Ornithinimicrobium_ciconiae	2594265	S	1533	282	1815	0.00015
Ornithinimicrobium_pratense	2593973	S	1290	436	1726	0.00014
Serinicoccus_chungangensis	767452	S	1884	739	2623	0.00022
Serinicoccus_hydrothermalis	1758689	S	1644	843	2487	0.00021
Serinicoccus_profundi	1078471	S	1543	642	2185	0.00018
Serinicoccus_marinus	247333	S	1377	744	2121	0.00018
Brachybacterium_sp._CBA3105	2887346	S	1729	455	2184	0.00018
Brachybacterium_sp._SGAir0954	2571029	S	1670	526	2196	0.00018
Brachybacterium_sp._P6-10-X1	1903186	S	1362	271	1633	0.00014
Brachybacterium_saurashtrense	556288	S	1380	450	1830	0.00015
Brachybacterium_faecium	43669	S	1340	467	1807	0.00015
Brachybacterium_ginsengisoli	1331682	S	1311	438	1749	0.00015
Brachybacterium_vulturis	2017484	S	1019	424	1443	0.00012
Brachybacterium_avium	2017485	S	921	381	1302	0.00011
Dermabacter_vaginalis	1630135	S	475	372	847	0.00007
Dermabacter_jinjuensis	1667168	S	373	365	738	0.00006
Devriesea_agamarum	472569	S	232	15	247	0.00002
Brevibacterium_sp._CS2	2575923	S	1685	804	2489	0.00021
Brevibacterium_sp._SMBL_HHYL_HB1	2777556	S	604	160	764	0.00006
Brevibacterium_sp._HY170	2898795	S	303	104	407	0.00003
Brevibacterium_sp._'Marine'	2725563	S	269	207	476	0.00004
Brevibacterium_sp._W7.2	2823518	S	222	1250	1472	0.00012
Brevibacterium_casei	33889	S	1715	1379	3094	0.00026
Brevibacterium_luteolum	199591	S	925	440	1365	0.00011
Brevibacterium_linens	1703	S	787	548	1335	0.00011
Brevibacterium_oceani	358099	S	549	142	691	0.00006
Brevibacterium_atlanticum	2697563	S	547	134	681	0.00006
Brevibacterium_sandarakinum	629680	S	527	112	639	0.00005
Brevibacterium_aurantiacum	273384	S	509	393	902	0.00008
Brevibacterium_limosum	2697565	S	387	165	552	0.00005
Brevibacterium_siliguriense	1136497	S	297	101	398	0.00003
Brevibacterium_pigmentatum	1496080	S	229	196	425	0.00004
Georgenia_yuyongxinii	2589797	S	2618	772	3390	0.00028
Georgenia_sp._TF02-10	2917725	S	2503	1104	3607	0.00030
Georgenia_wutianyii	2585135	S	2315	964	3279	0.00027
Georgenia_faecalis	2483799	S	2126	707	2833	0.00024
Haloactinobacterium_kanbiaonis	2675754	S	2496	435	2931	0.00024
Ruania_sp._LR1S40	2897774	S	1418	363	1781	0.00015
Ruania_sp._M4N3S171	2897773	S	839	144	983	0.00008
Ruania_zhangjianzhongii	2603206	S	1438	175	1613	0.00013
Ruania_alkalisoli	2779775	S	1017	206	1223	0.00010
Dermacoccus_nishinomiyaensis	1274	S	1602	809	2411	0.00020
Dermacoccus_sp._PAMC28757	2762331	S	1049	445	1494	0.00012
Luteipulveratus_mongoliensis	571913	S	1976	327	2303	0.00019
Allobranchiibius_sp._GilTou73	2904523	S	1564	408	1972	0.00016
Yimella_sp._cx-51	2770551	S	950	225	1175	0.00010
Pengzhenrongella_sicca	2819238	S	2842	943	3785	0.00032
Luteimicrobium_xylanilyticum	1133546	S	2422	894	3316	0.00028
Beutenbergia_cavernae	84757	S	2991	596	3587	0.00030
Miniimonas_sp._S16	2171623	S	2177	1358	3535	0.00030
Sanguibacter_keddieii	60920	S	1795	636	2431	0.00020
Sanguibacter_sp._HDW7	2714931	S	1768	660	2428	0.00020
Gephyromycinifex_aptenodytis	2716227	S	828	114	942	0.00008
Austwickia_chelonae	100225	S	688	63	751	0.00006
Dermatophilus_congolensis	1863	S	177	19	196	0.00002
Kytococcus_sedentarius	1276	S	1497	644	2141	0.00018
Demequina_sp._TMPB413	2881056	S	624	59	683	0.00006
Jonesia_denitrificans	43674	S	128	26	154	0.00001
Tropheryma_whipplei	2039	S	63	0	63	0.00001
Micromonospora_echinaurantiaca	47857	S	37119	15972	53091	0.00443
Micromonospora_sp._WMMC415	2675222	S	10977	3735	14712	0.00123
Micromonospora_sp._WMMA2032	2039870	S	5746	3297	9043	0.00076
Micromonospora_sp._HM134	2583243	S	4070	1582	5652	0.00047
Micromonospora_sp._B006	2201999	S	3983	2610	6593	0.00055
Micromonospora_sp._L5	648999	S	423	3429	3852	0.00032
Micromonospora_terminaliae	1914461	S	16667	7533	24200	0.00202
Micromonospora_inositola	47865	S	16615	7321	23936	0.00200
Micromonospora_auratinigra	261654	S	15112	7044	22156	0.00185
Micromonospora_viridifaciens	1881	S	13131	5136	18267	0.00153
Micromonospora_narathiwatensis	299146	S	12882	5318	18200	0.00152
Micromonospora_purpureochromogenes	47872	S	7995	3788	11783	0.00098
Micromonospora_krabiensis	307121	S	6885	2172	9057	0.00076
Micromonospora_echinofusca	47858	S	6548	2724	9272	0.00077
Micromonospora_siamensis	299152	S	6463	2774	9237	0.00077
Micromonospora_carbonacea	47853	S	6155	2521	8676	0.00072
Micromonospora_coxensis	356852	S	6155	3051	9206	0.00077
Micromonospora_coriariae	285665	S	6108	1959	8067	0.00067
Micromonospora_ferruginea	2749844	S	5524	2815	8339	0.00070
Micromonospora_echinospora	1877	S	4682	1475	6157	0.00051
Micromonospora_sagamiensis	47875	S	4359	1499	5858	0.00049
Micromonospora_maris	1003110	S	3963	1081	5044	0.00042
Micromonospora_endophytica_(Xie_et_al._2001)_Li_et_al._2019	515350	S	3949	1047	4996	0.00042
Micromonospora_zamorensis	709883	S	3892	1128	5020	0.00042
Micromonospora_chokoriensis	356851	S	3817	1113	4930	0.00041
Micromonospora_rifamycinica	291594	S	3537	1405	4942	0.00041
Micromonospora_craniellae	2294034	S	2840	1292	4132	0.00035
Micromonospora_tulbaghiae	479978	S	2731	2386	5117	0.00043
Micromonospora_aurantiaca	47850	S	2696	13217	15913	0.00133
Actinoplanes_sp._L3-i22	2836373	S	7735	5470	13205	0.00110
Actinoplanes_sp._OR16	946334	S	6851	3269	10120	0.00085
Actinoplanes_sp._N902-109	649831	S	6516	1959	8475	0.00071
Actinoplanes_friuliensis	196914	S	6850	1134	7984	0.00067
Actinoplanes_missouriensis	1866	S	6106	2058	8164	0.00068
Actinoplanes_ianthinogenes	122358	S	6103	2521	8624	0.00072
Actinoplanes_derwentensis	113562	S	5748	919	6667	0.00056
Actinoplanes_teichomyceticus	1867	S	5488	2363	7851	0.00066
Catellatospora_sp._IY07-71	2728827	S	23256	5566	28822	0.00241
Phytohabitans_suffuscus	624315	S	10497	2637	13134	0.00110
Phytohabitans_flavus	1076124	S	8424	1623	10047	0.00084
Dactylosporangium_vinaceum	53362	S	12778	1569	14347	0.00120
Plantactinospora_sp._KBS50	2024580	S	4760	1135	5895	0.00049
Plantactinospora_sp._BC1	2108470	S	1140	3185	4325	0.00036
Plantactinospora_sp._BB1	2071627	S	1117	3088	4205	0.00035
Actinocatenispora_thailandica	227318	S	4022	1206	5228	0.00044
Actinocatenispora_sera	390989	S	3773	1194	4967	0.00041
Couchioplanes_caeruleus	56438	S	7265	1768	9033	0.00075
Polymorphospora_rubra	338584	S	5876	1263	7139	0.00060
Natronosporangium_hydrolyticum	2811111	S	3284	254	3538	0.00030
Verrucosispora_sp._NA02020	2742132	S	2351	1286	3637	0.00030
Salinispora_tropica	168695	S	2060	315	2375	0.00020
Mycolicibacterium_fortuitum	1766	S	6205	2480	8685	0.00073
Mycolicibacterium_neoaurum	1795	S	4147	877	5024	0.00042
Mycolicibacterium_litorale	758802	S	3716	1005	4721	0.00039
Mycolicibacterium_smegmatis	1772	S	3049	1975	5024	0.00042
Mycolicibacterium_rutilum	370526	S	2800	810	3610	0.00030
Mycolicibacterium_sp._YH-1	2908837	S	1761	1008	2769	0.00023
Mycolicibacterium_mageritense	53462	S	2371	392	2763	0.00023
Mycolicibacterium_celeriflavum	1249101	S	2273	431	2704	0.00023
Mycolicibacterium_moriokaense	39691	S	2199	269	2468	0.00021
Mycolicibacterium_phlei	1771	S	2163	727	2890	0.00024
Mycolicibacterium_rhodesiae	36814	S	2154	345	2499	0.00021
Mycolicibacterium_madagascariense	212765	S	2111	322	2433	0.00020
Mycolicibacterium_arabiense	1286181	S	2083	322	2405	0.00020
Mycolicibacterium_hassiacum	46351	S	2082	563	2645	0.00022
Mycolicibacterium_sediminis	1286180	S	2060	374	2434	0.00020
Mycolicibacterium_chubuense	1800	S	2044	449	2493	0.00021
Mycolicibacterium_vaccae	1810	S	2030	401	2431	0.00020
Mycolicibacterium_gadium	1794	S	1987	263	2250	0.00019
Mycolicibacterium_parafortuitum	39692	S	1972	395	2367	0.00020
Mycolicibacterium_pulveris	36813	S	1966	327	2293	0.00019
Mycolicibacterium_chitae	1792	S	1936	461	2397	0.00020
Mycolicibacterium_psychrotolerans	216929	S	1834	407	2241	0.00019
Mycolicibacterium_gilvum	1804	S	1802	633	2435	0.00020
Mycolicibacterium_monacense	85693	S	1781	558	2339	0.00020
Mycolicibacterium_poriferae	39694	S	1679	347	2026	0.00017
Mycolicibacterium_thermoresistibile	1797	S	1638	364	2002	0.00017
Mycolicibacterium_boenickei	146017	S	1633	2104	3737	0.00031
Mycolicibacterium_duvalii	39688	S	1630	318	1948	0.00016
Mycolicibacterium_fluoranthenivorans	258505	S	1622	212	1834	0.00015
Mycolicibacterium_tokaiense	39695	S	1575	248	1823	0.00015
Mycolicibacterium_aurum	1791	S	1565	206	1771	0.00015
Mycolicibacterium_phocaicum	319706	S	1500	762	2262	0.00019
Mycolicibacterium_fallax	1793	S	1466	576	2042	0.00017
Mycolicibacterium_baixiangningiae	2761578	S	1462	236	1698	0.00014
Mycolicibacterium_confluentis	28047	S	1451	220	1671	0.00014
Mycolicibacterium_aichiense	1799	S	1295	219	1514	0.00013
Mycolicibacterium_insubricum	444597	S	1269	349	1618	0.00014
Mycolicibacterium_austroafricanum	39687	S	1221	4597	5818	0.00049
Mycolicibacterium_anyangense	1431246	S	1214	197	1411	0.00012
Mycolicibacterium_mengxianglii	2736649	S	1181	128	1309	0.00011
Mycolicibacterium_helvum	1534349	S	1130	135	1265	0.00011
Mycolicibacterium_alvei	67081	S	1126	294	1420	0.00012
Mycobacterium_doricum	126673	S	1025	233	1258	0.00011
Mycolicibacterium_mucogenicum	56689	S	971	390	1361	0.00011
Mycolicibacterium_sarraceniae	1534348	S	792	101	893	0.00007
Mycolicibacterium_septicum	98668	S	740	485	1225	0.00010
Mycolicibacterium_farcinogenes	1802	S	538	1635	2173	0.00018
Mycolicibacterium_vanbaalenii	110539	S	197	3088	3285	0.00027
Mycolicibacterium_nivoides	2487344	S	170	770	940	0.00008
Mycobacterium_sp._JS623	212767	S	4560	382	4942	0.00041
Mycobacterium_sp._IDR2000157661	2867005	S	1962	351	2313	0.00019
Mycobacterium_sp._YC-RL4	1682113	S	1296	444	1740	0.00015
Mycobacterium_sp._DL592	2675524	S	1236	199	1435	0.00012
Mycobacterium_sp._MS1601	1936029	S	1204	168	1372	0.00011
Mycobacterium_sp._EPa45	1545728	S	1185	198	1383	0.00012
Mycobacterium_sp._DL440	2675523	S	1000	210	1210	0.00010
Mycobacterium_sp._TY59	2775496	S	804	148	952	0.00008
Mycobacterium_sp._WY10	1920667	S	210	712	922	0.00008
Mycobacterium_sp._PYR15	2051552	S	83	826	909	0.00008
Mycobacterium_sp._20KCMC460	2903536	S	46	1013	1059	0.00009
Mycobacterium_sp._MOTT36Y	1168287	S	30	461	491	0.00004
Mycobacterium_sp._IWGMT90018-18076	2871094	S	11	439	450	0.00004
Mycobacterium_saskatchewanense	220927	S	1561	304	1865	0.00016
Mycobacterium_parmense	185642	S	1372	275	1647	0.00014
Mycobacterium_kubicae	120959	S	1203	212	1415	0.00012
Mycobacterium_shigaense	722731	S	1060	152	1212	0.00010
Mycobacterium_simiae	1784	S	1053	93	1146	0.00010
Mycobacterium_lentiflavum	141349	S	1028	237	1265	0.00011
Mycobacterium_florentinum	292462	S	997	217	1214	0.00010
Mycobacterium_stomatepiae	470076	S	946	184	1130	0.00009
Mycobacterium_heidelbergense	53376	S	944	236	1180	0.00010
Mycobacterium_goodii	134601	S	7668	2579	10247	0.00086
Mycobacterium_avium	1764	S	2122	1746	3868	0.00032
Mycobacterium_intracellulare	1767	S	992	5801	6793	0.00057
Mycobacterium_mantenii	560555	S	923	120	1043	0.00009
Mycobacterium_colombiense	339268	S	898	163	1061	0.00009
Mycobacterium_marseillense	701042	S	876	218	1094	0.00009
Mycobacterium_paraintracellulare	1138383	S	226	1825	2051	0.00017
Mycobacterium_grossiae	1552759	S	2174	636	2810	0.00023
Mycobacterium_rufum	318424	S	1920	547	2467	0.00021
Mycobacterium_dioxanotrophicus	482462	S	1751	408	2159	0.00018
Mycobacterium_holsaticum	152142	S	1749	271	2020	0.00017
Mycobacterium_frederiksbergense	117567	S	1501	442	1943	0.00016
Mycobacterium_branderi	43348	S	1496	182	1678	0.00014
Mycobacterium_canettii	78331	S	516	339	855	0.00007
Mycobacterium_tuberculosis	1773	S	313	10591	10904	0.00091
Mycobacterium_diernhoferi	1801	S	1441	284	1725	0.00014
Mycobacterium_conspicuum	44010	S	1352	172	1524	0.00013
Mycobacterium_paragordonae	1389713	S	1311	162	1473	0.00012
Mycobacterium_gordonae	1778	S	1238	103	1341	0.00011
Mycobacterium_cookii	1775	S	1169	119	1288	0.00011
Mycobacterium_paraterrae	577492	S	1111	122	1233	0.00010
Mycobacterium_koreense	1069220	S	1093	308	1401	0.00012
Mycobacterium_noviomagense	459858	S	1046	86	1132	0.00009
Mycobacterium_shinjukuense	398694	S	983	102	1085	0.00009
Mycobacterium_vicinigordonae	1719132	S	940	51	991	0.00008
Mycobacterium_riyadhense	486698	S	937	41	978	0.00008
Mycobacterium_lacus	169765	S	932	71	1003	0.00008
Mycobacterium_paraseoulense	590652	S	926	206	1132	0.00009
Mycobacterium_kansasii	1768	S	895	93	988	0.00008
Mycobacterium_heckeshornense	110505	S	894	74	968	0.00008
Mycobacterium_virginiense	1795032	S	893	226	1119	0.00009
Mycobacterium_malmoense	1780	S	878	147	1025	0.00009
Mycobacterium_xenopi	1789	S	871	106	977	0.00008
Mycobacterium_ostraviense	2738409	S	805	90	895	0.00007
Mycobacterium_seoulense	386911	S	778	201	979	0.00008
Mycobacterium_crocinum	388459	S	722	446	1168	0.00010
Mycobacterium_spongiae	886343	S	709	20	729	0.00006
Mycobacterium_basiliense	2094119	S	703	26	729	0.00006
Mycobacterium_haemophilum	29311	S	475	24	499	0.00004
Mycobacterium_marinum	1781	S	213	981	1194	0.00010
Mycobacterium_senegalense	1796	S	207	1020	1227	0.00010
Mycobacterium_leprae	1769	S	129	3	132	0.00001
Mycobacterium_lepromatosis	480418	S	128	3	131	0.00001
Mycobacterium_novum	2492438	S	101	1244	1345	0.00011
Mycobacterium_ulcerans	1809	S	79	425	504	0.00004
Mycobacterium_shottsii	133549	S	71	154	225	0.00002
Mycobacterium_pallens	370524	S	64	713	777	0.00006
Mycobacterium_pseudoshottsii	265949	S	19	143	162	0.00001
Mycolicibacter_sp._MYC340	2855503	S	701	175	876	0.00007
Mycolicibacter_sp._MYC098	2872309	S	696	176	872	0.00007
Mycolicibacter_sp._MYC017	2875777	S	430	342	772	0.00006
Mycolicibacter_sp._MYC101	2872311	S	132	543	675	0.00006
Mycolicibacter_sp._MYC123	2855502	S	128	536	664	0.00006
Mycolicibacter_hiberniae	29314	S	896	192	1088	0.00009
Mycolicibacter_terrae	1788	S	843	260	1103	0.00009
Mycolicibacter_minnesotensis	1118379	S	620	109	729	0.00006
Mycolicibacter_sinensis	875328	S	117	1177	1294	0.00011
Mycobacteroides_abscessus	36809	S	1453	1197	2650	0.00022
Mycobacteroides_chelonae	1774	S	921	323	1244	0.00010
Mycobacteroides_immunogenum	83262	S	570	127	697	0.00006
Mycobacteroides_saopaulense	1578165	S	560	88	648	0.00005
Mycobacteroides_salmoniphilum	404941	S	493	59	552	0.00005
[Mycobacterium]_stephanolepidis	1520670	S	255	96	351	0.00003
Mycolicibacillus_parakoreensis	1069221	S	1180	332	1512	0.00013
Hoyosella_subflava	639313	S	541	32	573	0.00005
Nocardia_asteroides	1824	S	8806	3212	12018	0.00100
Nocardia_brasiliensis	37326	S	4990	1452	6442	0.00054
Nocardia_cyriacigeorgica	135487	S	3933	1823	5756	0.00048
Nocardia_farcinica	37329	S	3421	2417	5838	0.00049
Nocardia_terpenica	455432	S	3374	649	4023	0.00034
Nocardia_huaxiensis	2755382	S	2215	466	2681	0.00022
Nocardia_arthritidis	228602	S	2089	282	2371	0.00020
Nocardia_wallacei	480035	S	2062	623	2685	0.00022
Nocardia_yamanashiensis	209247	S	1792	383	2175	0.00018
Nocardia_gipuzkoensis	2749991	S	1792	694	2486	0.00021
Nocardia_otitidiscaviarum	1823	S	1781	378	2159	0.00018
Nocardia_sp._CS682	1047172	S	1774	453	2227	0.00019
Nocardia_nova	37330	S	1734	261	1995	0.00017
Nocardia_tengchongensis	2055889	S	1726	459	2185	0.00018
Nocardia_yunnanensis	2382165	S	1688	438	2126	0.00018
Nocardia_seriolae	37332	S	1574	452	2026	0.00017
Nocardia_mangyaensis	2213200	S	1561	444	2005	0.00017
Nocardia_iowensis	204891	S	1547	356	1903	0.00016
Rhodococcus_sp._X156	2499145	S	2102	804	2906	0.00024
Rhodococcus_sp._MTM3W5.2	1805827	S	1874	490	2364	0.00020
Rhodococcus_sp._SGAir0479	2567884	S	1569	500	2069	0.00017
Rhodococcus_sp._W8901	2742603	S	1524	440	1964	0.00016
Rhodococcus_sp._PBTS_1	1653478	S	1408	400	1808	0.00015
Rhodococcus_sp._ABRD24	2507582	S	992	192	1184	0.00010
Rhodococcus_sp._R79	2811421	S	951	630	1581	0.00013
Rhodococcus_sp._USK10	2789739	S	731	507	1238	0.00010
Rhodococcus_sp._B7740	1564114	S	727	108	835	0.00007
Rhodococcus_sp._WMMA185	679318	S	634	89	723	0.00006
Rhodococcus_sp._RDE2	2885078	S	611	592	1203	0.00010
Rhodococcus_sp._P1Y	1302308	S	597	60	657	0.00005
Rhodococcus_sp._WAY2	2663121	S	480	446	926	0.00008
Rhodococcus_sp._USK13	2806442	S	419	315	734	0.00006
Rhodococcus_sp._WB9	2594007	S	273	359	632	0.00005
Rhodococcus_sp._M8	1925550	S	219	667	886	0.00007
Rhodococcus_sp._DMU1	2722825	S	213	782	995	0.00008
Rhodococcus_sp._ZPP	2749906	S	196	582	778	0.00007
Rhodococcus_sp._S2-17	1990687	S	189	583	772	0.00006
Rhodococcus_sp._WB1	1033922	S	88	737	825	0.00007
Rhodococcus_sp._21391	2683591	S	83	372	455	0.00004
Rhodococcus_sp._P-2	2795031	S	81	95	176	0.00001
Rhodococcus_sp._p52	935199	S	76	401	477	0.00004
Rhodococcus_sp._2G	1570939	S	74	296	370	0.00003
Rhodococcus_sp._DMF-1	2907624	S	54	417	471	0.00004
Rhodococcus_sp._PSBB049	2812863	S	54	758	812	0.00007
Rhodococcus_sp._YL-1	1045808	S	45	190	235	0.00002
Rhodococcus_sp._LW-XY12	2856851	S	44	385	429	0.00004
Rhodococcus_sp._008	1723645	S	40	236	276	0.00002
Rhodococcus_sp._AQ5-07	2054902	S	39	131	170	0.00001
Rhodococcus_sp._BH4	1807790	S	24	150	174	0.00001
Rhodococcus_sp._NJ-530	2490853	S	22	121	143	0.00001
Rhodococcus_sp._H-CA8f	1727214	S	14	58	72	0.00001
Rhodococcus_sp._C1	644410	S	12	135	147	0.00001
Rhodococcus_opacus	37919	S	4421	4414	8835	0.00074
Rhodococcus_equi	43767	S	2486	977	3463	0.00029
Rhodococcus_rhodochrous	1829	S	2015	1179	3194	0.00027
Rhodococcus_fascians	1828	S	1934	454	2388	0.00020
Rhodococcus_triatomae	300028	S	1285	395	1680	0.00014
Rhodococcus_coprophilus	38310	S	1081	206	1287	0.00011
Rhodococcus_koreensis	99653	S	1076	323	1399	0.00012
Rhodococcus_jostii	132919	S	874	361	1235	0.00010
Rhodococcus_ruber	1830	S	853	2703	3556	0.00030
Rhodococcus_pyridinivorans	103816	S	841	3209	4050	0.00034
Rhodococcus_erythropolis	1833	S	323	1383	1706	0.00014
Rhodococcus_qingshengii	334542	S	279	1454	1733	0.00014
Rhodococcus_globerulus	33008	S	611	75	686	0.00006
Rhodococcus_aetherivorans	191292	S	202	1817	2019	0.00017
Corynebacterium_cyclohexanicum	322009	S	1577	668	2245	0.00019
Corynebacterium_frankenforstense	1230998	S	1168	361	1529	0.00013
Corynebacterium_sphenisci	191493	S	1161	358	1519	0.00013
Corynebacterium_bovis	36808	S	1117	256	1373	0.00011
Corynebacterium_xerosis	1725	S	1105	623	1728	0.00014
Corynebacterium_freneyi	134034	S	896	356	1252	0.00010
Corynebacterium_halotolerans	225326	S	834	196	1030	0.00009
Corynebacterium_sp._CNCTC7651	2815361	S	362	71	433	0.00004
Corynebacterium_sp._NML98-0116	702967	S	240	89	329	0.00003
Corynebacterium_sp._FDAARGOS_1242	2778078	S	51	133	184	0.00002
Corynebacterium_sp._1864	2820399	S	51	108	159	0.00001
Corynebacterium_sp._4H37-19	2684405	S	38	3	41	0.00000
Corynebacterium_sp._sy039	2599641	S	21	2	23	0.00000
Corynebacterium_nuruki	1032851	S	754	182	936	0.00008
Corynebacterium_maris	575200	S	720	118	838	0.00007
Corynebacterium_vitaeruminis	38305	S	719	216	935	0.00008
Corynebacterium_timonense	441500	S	651	159	810	0.00007
Corynebacterium_humireducens	1223514	S	642	189	831	0.00007
Corynebacterium_variabile	1727	S	611	363	974	0.00008
Corynebacterium_doosanense	1121358	S	577	279	856	0.00007
Corynebacterium_liangguodongii	2079535	S	542	123	665	0.00006
Corynebacterium_marinum	349751	S	540	209	749	0.00006
Corynebacterium_yudongzhengii	2080740	S	511	97	608	0.00005
Corynebacterium_provencense	1737425	S	498	116	614	0.00005
Corynebacterium_mycetoides	38302	S	490	238	728	0.00006
Corynebacterium_comes	2675218	S	466	118	584	0.00005
Corynebacterium_terpenotabidum	89154	S	464	134	598	0.00005
Corynebacterium_uterequi	1072256	S	463	80	543	0.00005
Corynebacterium_jeikeium	38289	S	446	1152	1598	0.00013
Corynebacterium_urealyticum	43771	S	430	420	850	0.00007
Corynebacterium_imitans	156978	S	429	257	686	0.00006
Corynebacterium_sanguinis	2594913	S	425	292	717	0.00006
Corynebacterium_atypicum	191610	S	420	128	548	0.00005
Corynebacterium_glyciniphilum	1404244	S	416	53	469	0.00004
Corynebacterium_ureicelerivorans	401472	S	391	131	522	0.00004
Corynebacterium_falsenii	108486	S	360	156	516	0.00004
Corynebacterium_lujinxingii	2763010	S	353	122	475	0.00004
Corynebacterium_qintianiae	2709392	S	338	95	433	0.00004
Corynebacterium_uberis	2883169	S	308	38	346	0.00003
Corynebacterium_glaucum	187491	S	306	67	373	0.00003
Corynebacterium_efficiens	152794	S	305	57	362	0.00003
Corynebacterium_genitalium	38288	S	298	67	365	0.00003
Corynebacterium_aurimucosum	169292	S	289	135	424	0.00004
Corynebacterium_matruchotii	43768	S	270	20	290	0.00002
Corynebacterium_kroppenstedtii	161879	S	269	27	296	0.00002
Corynebacterium_testudinoris	136857	S	267	55	322	0.00003
Corynebacterium_glucuronolyticum	39791	S	257	62	319	0.00003
Corynebacterium_coyleae	53374	S	255	66	321	0.00003
Corynebacterium_striatum	43770	S	250	213	463	0.00004
Corynebacterium_incognita	2754725	S	249	58	307	0.00003
Corynebacterium_lactis	1231000	S	243	39	282	0.00002
Corynebacterium_aquilae	203263	S	233	36	269	0.00002
Corynebacterium_zhongnanshanii	2768834	S	231	32	263	0.00002
Corynebacterium_renale	1724	S	224	26	250	0.00002
Corynebacterium_tuberculostearicum	38304	S	215	131	346	0.00003
Corynebacterium_occultum	2675219	S	198	35	233	0.00002
Corynebacterium_riegelii	156976	S	196	52	248	0.00002
Corynebacterium_flavescens	28028	S	182	53	235	0.00002
Corynebacterium_urogenitale	2487892	S	180	33	213	0.00002
Corynebacterium_endometrii	2488819	S	169	33	202	0.00002
Corynebacterium_kalinowskii	2675216	S	164	78	242	0.00002
Corynebacterium_camporealensis	161896	S	157	41	198	0.00002
Corynebacterium_lizhenjunii	2709394	S	153	26	179	0.00001
Corynebacterium_simulans	146827	S	151	117	268	0.00002
Corynebacterium_minutissimum	38301	S	137	141	278	0.00002
Corynebacterium_epidermidicanis	1050174	S	136	23	159	0.00001
Corynebacterium_singulare	161899	S	126	107	233	0.00002
Corynebacterium_cystitidis	35757	S	123	8	131	0.00001
Corynebacterium_gerontici	2079234	S	121	25	146	0.00001
Corynebacterium_propinquum	43769	S	110	47	157	0.00001
Corynebacterium_macginleyi	38290	S	108	26	134	0.00001
Corynebacterium_phocae	161895	S	103	14	117	0.00001
Corynebacterium_pseudodiphtheriticum	37637	S	98	32	130	0.00001
Corynebacterium_resistens	258224	S	95	56	151	0.00001
Corynebacterium_pelargi	1471400	S	94	32	126	0.00001
Corynebacterium_diphtheriae	1717	S	92	108	200	0.00002
Corynebacterium_ulcerans	65058	S	88	55	143	0.00001
Corynebacterium_kefirresidentii	1979527	S	86	58	144	0.00001
Corynebacterium_pseudopelargi	2080757	S	86	31	117	0.00001
Corynebacterium_argentoratense	42817	S	83	18	101	0.00001
Corynebacterium_deserti	1408191	S	80	30	110	0.00001
Corynebacterium_ammoniagenes	1697	S	77	17	94	0.00001
Corynebacterium_choanae	1862358	S	76	8	84	0.00001
Corynebacterium_casei	160386	S	76	95	171	0.00001
Corynebacterium_pseudotuberculosis	1719	S	75	17	92	0.00001
Corynebacterium_accolens	38284	S	64	159	223	0.00002
Corynebacterium_glutamicum	1718	S	63	893	956	0.00008
Corynebacterium_anserum	2684406	S	59	7	66	0.00001
Corynebacterium_stationis	1705	S	57	15	72	0.00001
Corynebacterium_amycolatum	43765	S	56	431	487	0.00004
Corynebacterium_segmentosum	43990	S	55	137	192	0.00002
Corynebacterium_mustelae	571915	S	54	4	58	0.00000
Corynebacterium_rouxii	2719119	S	52	32	84	0.00001
Corynebacterium_hindlerae	699041	S	40	80	120	0.00001
Corynebacterium_suranareeae	2506452	S	38	11	49	0.00000
Corynebacterium_callunae	1721	S	38	13	51	0.00000
Corynebacterium_crudilactis	1652495	S	34	38	72	0.00001
Corynebacterium_silvaticum	2320431	S	33	14	47	0.00000
Corynebacterium_kutscheri	35755	S	18	2	20	0.00000
Gordonia_sp._PP30	2935861	S	1398	412	1810	0.00015
Gordonia_sp._KTR9	337191	S	1050	221	1271	0.00011
Gordonia_sp._YC-JH1	2059875	S	1039	751	1790	0.00015
Gordonia_sp._PDNC005	2811424	S	801	128	929	0.00008
Gordonia_sp._WA4-43	2878678	S	194	651	845	0.00007
Gordonia_sp._JH63	2698900	S	158	482	640	0.00005
Gordonia_sp._135	2676309	S	67	421	488	0.00004
Gordonia_sp._1D	1737359	S	49	687	736	0.00006
Gordonia_polyisoprenivorans	84595	S	2080	439	2519	0.00021
Gordonia_terrae	2055	S	1798	1001	2799	0.00023
Gordonia_insulae	2420509	S	1328	195	1523	0.00013
Gordonia_phthalatica	1136941	S	1204	513	1717	0.00014
Gordonia_iterans	1004901	S	1191	423	1614	0.00013
Gordonia_jinghuaiqii	2758710	S	1169	241	1410	0.00012
Gordonia_amarae	36821	S	1136	240	1376	0.00011
Gordonia_bronchialis	2054	S	1080	2163	3243	0.00027
Gordonia_rubripertincta	36822	S	1007	591	1598	0.00013
Gordonia_pseudoamarae	2831662	S	908	180	1088	0.00009
Gordonia_otitidis	249058	S	857	148	1005	0.00008
Gordonia_zhaorongruii	2597659	S	734	142	876	0.00007
Gordonia_alkanivorans	84096	S	266	929	1195	0.00010
Gordonia_amicalis	89053	S	191	1293	1484	0.00012
Gordonia_hongkongensis	1701090	S	170	500	670	0.00006
Skermania_piniformis	39122	S	1261	165	1426	0.00012
Tsukamurella_paurometabola	2061	S	4535	2450	6985	0.00058
Tsukamurella_tyrosinosolvens	57704	S	2054	894	2948	0.00025
Tsukamurella_sp._PLM1	2929795	S	1479	486	1965	0.00016
Tsukamurella_pulmonis	47312	S	1435	519	1954	0.00016
Dietzia_sp._oral_taxon_368	712270	S	829	1619	2448	0.00020
Dietzia_lutea	546160	S	970	569	1539	0.00013
Dietzia_psychralcaliphila	139021	S	892	268	1160	0.00010
Dietzia_timorensis	499555	S	774	446	1220	0.00010
Tomitella_gaofuii	2760083	S	1361	456	1817	0.00015
Tomitella_fengzijianii	2597660	S	1284	465	1749	0.00015
Segniliparus_rotundus	286802	S	792	50	842	0.00007
Lawsonella_clevelandensis	1528099	S	123	15	138	0.00001
Amycolatopsis_sp._DSM_110486	2865832	S	5333	1205	6538	0.00055
Amycolatopsis_sp._WQ_127309	2932773	S	4912	1561	6473	0.00054
Amycolatopsis_sp._FDAARGOS_1241	2778070	S	4818	1185	6003	0.00050
Amycolatopsis_sp._CA-230715	2745196	S	4372	770	5142	0.00043
Amycolatopsis_sp._Hca4	2742131	S	4187	1752	5939	0.00050
Amycolatopsis_sp._YIM_10	2653857	S	3859	1301	5160	0.00043
Amycolatopsis_sp._FU40	2914159	S	2697	1285	3982	0.00033
Amycolatopsis_sp._AA4	1896961	S	2337	1297	3634	0.00030
Amycolatopsis_sp._BJA-103	1911175	S	2016	921	2937	0.00025
Amycolatopsis_sp._TNS106	2861750	S	1647	1102	2749	0.00023
Amycolatopsis_sp._EV170708-02-1	2919322	S	1297	1470	2767	0.00023
Amycolatopsis_acidiphila	715473	S	5237	1297	6534	0.00055
Amycolatopsis_pretoriensis	218821	S	4140	1539	5679	0.00047
Amycolatopsis_mediterranei	33910	S	3885	3283	7168	0.00060
Amycolatopsis_thermalba	944492	S	3795	1832	5627	0.00047
Amycolatopsis_albispora	1804986	S	3691	2434	6125	0.00051
Amycolatopsis_methanolica	1814	S	3646	1662	5308	0.00044
Amycolatopsis_keratiniphila	129921	S	2051	1967	4018	0.00034
Amycolatopsis_japonica	208439	S	1010	1096	2106	0.00018
Amycolatopsis_aidingensis	2842453	S	3255	446	3701	0.00031
Amycolatopsis_orientalis	31958	S	2272	898	3170	0.00026
Pseudonocardia_sp._DSM_110487	2865833	S	31304	5111	36415	0.00304
Pseudonocardia_sp._CGMCC_4.1532	2761535	S	4863	2967	7830	0.00065
Pseudonocardia_sp._HH130630-07	1690815	S	3846	1273	5119	0.00043
Pseudonocardia_sp._AL041005-10	445576	S	3221	1312	4533	0.00038
Pseudonocardia_sp._HH130629-09	1641402	S	2445	1138	3583	0.00030
Pseudonocardia_sp._EC080625-04	1096868	S	68	1720	1788	0.00015
Pseudonocardia_sp._EC080610-09	1688404	S	24	1898	1922	0.00016
Pseudonocardia_sp._EC080619-01	1096856	S	10	2325	2335	0.00020
Pseudonocardia_dioxanivorans	240495	S	7454	2314	9768	0.00082
Pseudonocardia_broussonetiae	2736640	S	6976	2570	9546	0.00080
Pseudonocardia_autotrophica	2074	S	3992	1232	5224	0.00044
Pseudonocardia_abyssalis	2792008	S	3827	2097	5924	0.00049
Allokutzneria_albata	211114	S	32581	9026	41607	0.00348
Saccharopolyspora_erythraea	1836	S	9069	2998	12067	0.00101
Saccharopolyspora_gregorii	33914	S	3500	820	4320	0.00036
Saccharopolyspora_spinosa	60894	S	2257	1557	3814	0.00032
Saccharopolyspora_pogona	333966	S	1602	2033	3635	0.00030
Saccharopolyspora_sp._ASAGF58	2719023	S	1234	1737	2971	0.00025
Saccharothrix_syringae	103733	S	5718	2229	7947	0.00066
Saccharothrix_sp._6-C	2781735	S	4975	1893	6868	0.00057
Saccharothrix_espanaensis	103731	S	4509	1493	6002	0.00050
Saccharomonospora_cyanea	40989	S	2959	1139	4098	0.00034
Saccharomonospora_marina	632569	S	2668	695	3363	0.00028
Saccharomonospora_azurea	40988	S	1968	633	2601	0.00022
Saccharomonospora_xinjiangensis	75294	S	1459	274	1733	0.00014
Saccharomonospora_glauca	40990	S	1291	496	1787	0.00015
Saccharomonospora_viridis	1852	S	1231	213	1444	0.00012
Kutzneria_sp._CA-103260	2802641	S	5350	1337	6687	0.00056
Kutzneria_albida	43357	S	3943	1055	4998	0.00042
Lentzea_guizhouensis	1586287	S	7208	1739	8947	0.00075
Actinoalloteichus_hoggarensis	1470176	S	2085	322	2407	0.00020
Actinoalloteichus_hymeniacidonis	340345	S	1473	163	1636	0.00014
Actinoalloteichus_sp._GBA129-24	1612551	S	104	1197	1301	0.00011
Actinoalloteichus_fjordicus	1612552	S	87	1209	1296	0.00011
Actinosynnema_pretiosum	42197	S	1745	3836	5581	0.00047
Actinosynnema_mirum	40567	S	146	1570	1716	0.00014
Kibdelosporangium_phytohabitans	860235	S	5399	750	6149	0.00051
Alloactinosynnema_sp._L-07	1653480	S	3644	928	4572	0.00038
Prauserella_marina	530584	S	2509	259	2768	0.00023
Allosaccharopolyspora_coralli	2665642	S	2013	495	2508	0.00021
Nocardioides_sp._G188	2849501	S	8916	3324	12240	0.00102
Nocardioides_sp._JS614	196162	S	5995	2117	8112	0.00068
Nocardioides_sp._LMS-CY	2840457	S	5762	2252	8014	0.00067
Nocardioides_sp._TF02-7	2917724	S	5168	2026	7194	0.00060
Nocardioides_sp._HDW12B	2714939	S	4903	1953	6856	0.00057
Nocardioides_sp._W7	2931390	S	4259	1714	5973	0.00050
Nocardioides_sp._SCSIO_67246	2872154	S	4202	1333	5535	0.00046
Nocardioides_sp._zg-579	2663857	S	4098	2461	6559	0.00055
Nocardioides_sp._zg-1228	2763008	S	4025	2096	6121	0.00051
Nocardioides_sp._S5	2017486	S	4020	2383	6403	0.00053
Nocardioides_sp._S-1144	2582905	S	3893	1792	5685	0.00047
Nocardioides_sp._cx-173	2898796	S	3799	1553	5352	0.00045
Nocardioides_sp._InS609-2	2760705	S	3489	961	4450	0.00037
Nocardioides_sp._603	2483798	S	3386	1863	5249	0.00044
Nocardioides_sp._MC1495	2736757	S	3209	1364	4573	0.00038
Nocardioides_sp._CF8	110319	S	3145	1532	4677	0.00039
Nocardioides_sp._JQ2195	2592334	S	2834	713	3547	0.00030
Nocardioides_sp._zg-536	2803858	S	2760	1431	4191	0.00035
Nocardioides_sp._WS12	2486272	S	2425	512	2937	0.00025
Nocardioides_sp._dk884	2662361	S	2380	2854	5234	0.00044
Nocardioides_sp._Kera_G14	2884264	S	2251	570	2821	0.00024
Nocardioides_sp._ZJ1313	2685869	S	2229	2691	4920	0.00041
Nocardioides_mesophilus	433659	S	8513	3131	11644	0.00097
Nocardioides_ungokensis	1643322	S	5046	2119	7165	0.00060
Nocardioides_anomalus	2712223	S	4751	1732	6483	0.00054
Nocardioides_euryhalodurans	2518370	S	4528	1670	6198	0.00052
Nocardioides_humi	449461	S	4516	1789	6305	0.00053
Nocardioides_okcheonensis	2894081	S	4095	2236	6331	0.00053
Nocardioides_cynanchi	2558918	S	3998	1145	5143	0.00043
Nocardioides_aromaticivorans	200618	S	3882	1761	5643	0.00047
Nocardioides_rotundus	1774216	S	3662	1715	5377	0.00045
Nocardioides_dongkuii	2760089	S	3623	2136	5759	0.00048
Nocardioides_aquaticus	160826	S	3339	1233	4572	0.00038
Nocardioides_marinisabuli	419476	S	3328	2194	5522	0.00046
Nocardioides_dokdonensis	450734	S	3097	1704	4801	0.00040
Nocardioides_seonyuensis	2518371	S	2820	907	3727	0.00031
Nocardioides_sambongensis	2589074	S	2774	964	3738	0.00031
Nocardioides_panacisoli	627624	S	2671	801	3472	0.00029
Nocardioides_piscis	2714938	S	2453	1092	3545	0.00030
Nocardioides_houyundeii	2045452	S	2397	881	3278	0.00027
Nocardioides_daphniae	402297	S	2040	1116	3156	0.00026
Nocardioides_jishulii	2575440	S	1647	719	2366	0.00020
Nocardioides_baekrokdamisoli	1804624	S	1213	186	1399	0.00012
Nocardioides_yefusunii	2500546	S	1171	414	1585	0.00013
Aeromicrobium_sp._Leaf245	1736306	S	1919	714	2633	0.00022
Aeromicrobium_sp._zg-629	2663859	S	1492	587	2079	0.00017
Aeromicrobium_sp._A1-2	2107713	S	1394	238	1632	0.00014
Aeromicrobium_erythreum	2041	S	2132	767	2899	0.00024
Aeromicrobium_choanae	1736691	S	2121	761	2882	0.00024
Aeromicrobium_chenweiae	2079793	S	1979	790	2769	0.00023
Aeromicrobium_marinum	219314	S	1782	473	2255	0.00019
Aeromicrobium_yanjiei	2662028	S	1748	646	2394	0.00020
Pimelobacter_simplex	2045	S	3659	1663	5322	0.00044
Marmoricola_scoriae	642780	S	3216	1489	4705	0.00039
Friedmanniella_luteola	546871	S	3180	801	3981	0.00033
Mumia_sp._ZJ1417	2708082	S	2563	552	3115	0.00026
Micropruina_glycogenica	75385	S	1500	271	1771	0.00015
Microlunatus_sagamiharensis	546874	S	3100	885	3985	0.00033
Microlunatus_soli	630515	S	2047	245	2292	0.00019
Microlunatus_phosphovorus	29405	S	1848	270	2118	0.00018
Microlunatus_elymi	2596828	S	1833	241	2074	0.00017
Microlunatus_sp._Gsoil_973	2672569	S	1577	147	1724	0.00014
Tessaracoccus_sp._J1M15	2829499	S	1388	470	1858	0.00016
Tessaracoccus_sp._MC1865	2760310	S	1199	346	1545	0.00013
Tessaracoccus_defluvii	1285901	S	1381	964	2345	0.00020
Tessaracoccus_aquimaris	1332264	S	1296	685	1981	0.00017
Tessaracoccus_flavescens	399497	S	1101	929	2030	0.00017
Tessaracoccus_flavus	1610493	S	1070	790	1860	0.00016
Tessaracoccus_timonensis	2161816	S	696	328	1024	0.00009
Brevilactibacter_coleopterorum	2714937	S	2093	1130	3223	0.00027
Brevilactibacter_sp._MC1595	2819349	S	1945	916	2861	0.00024
Acidipropionibacterium_jensenii	1749	S	1313	984	2297	0.00019
Acidipropionibacterium_acidipropionici	1748	S	1249	854	2103	0.00018
Acidipropionibacterium_virtanenii	2057246	S	792	188	980	0.00008
Propionibacterium_acidifaciens	556499	S	1357	380	1737	0.00015
Propionibacterium_australiense	119981	S	941	193	1134	0.00009
Propionibacterium_freudenreichii	1744	S	938	834	1772	0.00015
Auraticoccus_monumenti	675864	S	2513	565	3078	0.00026
Cutibacterium_avidum	33010	S	672	231	903	0.00008
Cutibacterium_granulosum	33011	S	421	102	523	0.00004
Cutibacterium_acnes	1747	S	352	440	792	0.00007
Cutibacterium_modestum	2559073	S	190	32	222	0.00002
Raineyella_fluvialis	2662261	S	1571	256	1827	0.00015
Arachnia_propionica	1750	S	945	127	1072	0.00009
Arachnia_rubra	1547448	S	532	66	598	0.00005
Vaginimicrobium_propionicum	1871034	S	66	31	97	0.00001
Kribbella_flavida	182640	S	5482	1504	6986	0.00058
Kribbella_qitaiheensis	1544730	S	4249	783	5032	0.00042
Actinopolymorpha_singaporensis	117157	S	5340	740	6080	0.00051
Nonomuraea_nitratireducens	2656914	S	15007	3666	18673	0.00156
Nonomuraea_sp._ATCC_55076	1909395	S	13042	4529	17571	0.00147
Nonomuraea_gerenzanensis	93944	S	12266	4445	16711	0.00140
Nonomuraea_coxensis	404386	S	10167	3356	13523	0.00113
Streptosporangium_roseum	2001	S	6207	1990	8197	0.00068
Streptosporangium_sp._'caverna'	2202249	S	5730	1453	7183	0.00060
Thermobispora_bispora	2006	S	4024	1089	5113	0.00043
Actinomadura_sp._WMMB_499	1219491	S	15174	4228	19402	0.00162
Actinomadura_sp._NAK00032	2742128	S	7428	3023	10451	0.00087
Actinomadura_sp._WMMA1423	2591108	S	6599	2261	8860	0.00074
Actinomadura_madurae	1993	S	12818	4407	17225	0.00144
Actinomadura_verrucosospora	46165	S	7222	2533	9755	0.00081
Actinomadura_graeca	2750812	S	5840	1570	7410	0.00062
Thermomonospora_amylolytica	1411117	S	4924	2125	7049	0.00059
Thermomonospora_curvata	2020	S	3125	1064	4189	0.00035
Nocardiopsis_sp._MT53	2865672	S	3005	823	3828	0.00032
Nocardiopsis_sp._HDS12	2831968	S	1259	938	2197	0.00018
Nocardiopsis_dassonvillei	2014	S	2846	2682	5528	0.00046
Nocardiopsis_gilva	280236	S	2388	566	2954	0.00025
Nocardiopsis_alba	53437	S	1711	361	2072	0.00017
Thermobifida_halotolerans	483545	S	1813	670	2483	0.00021
Thermobifida_alba	53522	S	1687	759	2446	0.00020
Thermobifida_fusca	2021	S	979	194	1173	0.00010
Streptomonospora_litoralis	2498135	S	2699	624	3323	0.00028
Spiractinospora_alimapuensis	2820884	S	1960	154	2114	0.00018
Blastococcus_sp._PRF04-17	2933797	S	8519	3372	11891	0.00099
Blastococcus_saxobsidens	138336	S	7017	2482	9499	0.00079
Modestobacter_marinus	477641	S	6726	2669	9395	0.00078
Modestobacter_sp._L9-4	2851567	S	4133	1810	5943	0.00050
Geodermatophilus_obscurus	1861	S	8731	3421	12152	0.00102
Actinomyces_sp._oral_taxon_414	712122	S	969	225	1194	0.00010
Actinomyces_sp._MAS-1	2755559	S	710	156	866	0.00007
Actinomyces_sp._Z16	2079536	S	535	197	732	0.00006
Actinomyces_sp._Chiba101	1851395	S	505	246	751	0.00006
Actinomyces_sp._432	2057798	S	461	109	570	0.00005
Actinomyces_sp._oral_taxon_171	706438	S	258	210	468	0.00004
Actinomyces_sp._oral_taxon_169	712116	S	157	281	438	0.00004
Actinomyces_sp._oral_taxon_897	2081702	S	105	334	439	0.00004
Actinomyces_sp._HMT897	2789424	S	100	312	412	0.00003
Actinomyces_sp._HMT_175	2789425	S	94	377	471	0.00004
Actinomyces_sp._zg-332	2708340	S	11	2	13	0.00000
Actinomyces_radicidentis	111015	S	1173	563	1736	0.00015
Actinomyces_howellii	52771	S	1014	180	1194	0.00010
Actinomyces_slackii	52774	S	711	134	845	0.00007
Actinomyces_respiraculi	2744574	S	592	158	750	0.00006
Actinomyces_procaprae	2560010	S	580	218	798	0.00007
Actinomyces_faecalis	2722820	S	536	87	623	0.00005
Actinomyces_weissii	675090	S	459	102	561	0.00005
Actinomyces_qiguomingii	2057800	S	458	67	525	0.00004
Actinomyces_viscosus	1656	S	431	187	618	0.00005
Actinomyces_naeslundii	1655	S	389	231	620	0.00005
Actinomyces_oris	544580	S	373	1040	1413	0.00012
Actinomyces_wuliandei	2057743	S	355	98	453	0.00004
Actinomyces_marmotae	2737173	S	351	201	552	0.00005
Actinomyces_gaoshouyii	1960083	S	291	154	445	0.00004
Actinomyces_lilanjuaniae	2321394	S	280	70	350	0.00003
Actinomyces_trachealis	2763540	S	228	47	275	0.00002
Actinomyces_pacaensis	1852377	S	89	12	101	0.00001
Schaalia_sp._19OD2882	2794089	S	451	71	522	0.00004
Schaalia_sp._JY-X169	2758572	S	166	7	173	0.00001
Schaalia_sp._ZJ405	2709403	S	141	15	156	0.00001
Schaalia_odontolytica	1660	S	649	177	826	0.00007
Schaalia_meyeri	52773	S	394	81	475	0.00004
Schaalia_cardiffensis	181487	S	215	36	251	0.00002
Schaalia_turicensis	131111	S	89	98	187	0.00002
Flaviflexus_salsibiostraticola	1282737	S	620	194	814	0.00007
Flaviflexus_sp._dk850	2758573	S	343	138	481	0.00004
Flaviflexus_ciconiae	2496867	S	285	43	328	0.00003
Trueperella_pecoris	2733571	S	495	158	653	0.00005
Trueperella_pyogenes	1661	S	397	263	660	0.00006
Trueperella_bialowiezensis	312285	S	223	13	236	0.00002
Pauljensenia_hongkongensis	178339	S	656	269	925	0.00008
Nanchangia_anserum	2692125	S	526	67	593	0.00005
Actinobaculum_sp._313	2495645	S	220	14	234	0.00002
Actinotignum_schaalii	59505	S	195	15	210	0.00002
Arcanobacterium_haemolyticum	28264	S	54	29	83	0.00001
Arcanobacterium_phocisimile	1302235	S	42	15	57	0.00000
Arcanobacterium_phocae	131112	S	37	13	50	0.00000
Arcanobacterium_sp._2701	2722751	S	28	8	36	0.00000
Changpingibacter_yushuensis	2758440	S	136	46	182	0.00002
Mobiluncus_curtisii	2051	S	118	39	157	0.00001
Varibaculum_sp._EMRHCC_39	2811781	S	60	21	81	0.00001
Fannyhessea_vaginae	82135	S	49	18	67	0.00001
Boudabousia_tangfeifanii	1912795	S	47	4	51	0.00000
Frankia_inefficax	298654	S	5789	814	6603	0.00055
Frankia_sp._QA3	710111	S	2322	1081	3403	0.00028
Frankia_sp._ArI3	1858	S	1810	1323	3133	0.00026
Candidatus_Frankia_datiscae	2716812	S	2578	378	2956	0.00025
Frankia_casuarinae	106370	S	2196	276	2472	0.00021
Frankia_alni	1859	S	2030	1558	3588	0.00030
Jiangella_sp._DSM_45060	1798224	S	9829	3041	12870	0.00108
Jiangella_alkaliphila	419479	S	6329	1876	8205	0.00069
Bifidobacterium_choerinum	35760	S	817	391	1208	0.00010
Bifidobacterium_scardovii	158787	S	737	66	803	0.00007
Bifidobacterium_pseudolongum	1694	S	733	280	1013	0.00008
Bifidobacterium_longum	216816	S	638	874	1512	0.00013
Bifidobacterium_bifidum	1681	S	478	215	693	0.00006
Bifidobacterium_pullorum	78448	S	424	170	594	0.00005
Bifidobacterium_animalis	28025	S	384	442	826	0.00007
Bifidobacterium_subtile	77635	S	369	70	439	0.00004
Bifidobacterium_asteroides	1684	S	354	162	516	0.00004
Bifidobacterium_adolescentis	1680	S	321	52	373	0.00003
Bifidobacterium_lemurum	1603886	S	245	31	276	0.00002
Bifidobacterium_eulemuris	1765219	S	242	28	270	0.00002
Bifidobacterium_breve	1685	S	216	1855	2071	0.00017
Bifidobacterium_actinocoloniiforme	638619	S	208	7	215	0.00002
Bifidobacterium_thermophilum	33905	S	202	50	252	0.00002
Bifidobacterium_angulatum	1683	S	199	46	245	0.00002
Bifidobacterium_dentium	1689	S	187	10	197	0.00002
Bifidobacterium_catenulatum	1686	S	127	95	222	0.00002
Bifidobacterium_pseudocatenulatum	28026	S	114	36	150	0.00001
Bifidobacterium_imperatoris	2020965	S	62	16	78	0.00001
Bifidobacterium_saguini	762210	S	48	9	57	0.00000
Bifidobacterium_indicum	1691	S	34	16	50	0.00000
Bifidobacterium_coryneforme	1687	S	25	12	37	0.00000
Parascardovia_denticolens	78258	S	159	36	195	0.00002
Gardnerella_vaginalis	2702	S	22	33	55	0.00000
Scardovia_inopinata	78259	S	27	13	40	0.00000
Nakamurella_multipartita	53461	S	3012	678	3690	0.00031
Nakamurella_panacisegetis	1090615	S	1713	288	2001	0.00017
Nakamurella_sp._PAMC28650	2762325	S	1585	205	1790	0.00015
Nakamurella_antarctica	1902245	S	354	32	386	0.00003
Catenulispora_acidiphila	304895	S	4210	731	4941	0.00041
Stackebrandtia_nassauensis	283811	S	2819	306	3125	0.00026
Natronoglycomyces_albus	2811108	S	467	19	486	0.00004
Jatrophihabitans_telluris	2038343	S	1625	170	1795	0.00015
Jatrophihabitans_sp._GAS493	1907575	S	1584	177	1761	0.00015
Kineococcus_radiotolerans	131568	S	2405	794	3199	0.00027
Epidermidibacterium_keratini	1891644	S	1651	962	2613	0.00022
Actinopolyspora_erythraea	414996	S	1644	199	1843	0.00015
Acidothermus_cellulolyticus	28049	S	1200	69	1269	0.00011
Candidatus_Planktophila_lacus	1884913	S	54	16	70	0.00001
Candidatus_Planktophila_versatilis	1884905	S	42	18	60	0.00001
Candidatus_Planktophila_sulfonica	1884904	S	37	21	58	0.00000
Candidatus_Planktophila_limnetica	573600	S	24	9	33	0.00000
Candidatus_Planktophila_dulcis	1884914	S	13	18	31	0.00000
Candidatus_Planktophila_vernalis	1884907	S	12	5	17	0.00000
Candidatus_Nanopelagicus_hibericus	1884915	S	19	29	48	0.00000
Conexibacter_sp._SYSU_D00693	2812560	S	24046	6750	30796	0.00257
Conexibacter_sp._S30A1	2937800	S	7087	861	7948	0.00066
Conexibacter_sp._DBS9H8	2937801	S	6892	757	7649	0.00064
Conexibacter_woesei	191495	S	31104	6334	37438	0.00313
Miltoncostaea_marina	2843215	S	10820	3115	13935	0.00116
Miltoncostaea_oceani	2843216	S	9864	1698	11562	0.00097
Rubrobacter_xylanophilus	49319	S	10942	1587	12529	0.00105
Rubrobacter_tropicus	2653851	S	8784	749	9533	0.00080
Rubrobacter_marinus	2653852	S	7144	736	7880	0.00066
Rubrobacter_radiotolerans	42256	S	2764	424	3188	0.00027
Rubrobacter_indicoceani	2051957	S	1544	142	1686	0.00014
Baekduia_soli	496014	S	19688	3871	23559	0.00197
Aquihabitans_sp._Kera_3	2884263	S	8272	1531	9803	0.00082
Aquihabitans_sp._G128	2849779	S	7808	1770	9578	0.00080
Iamia_sp._SCSIO_61187	2722752	S	9256	1673	10929	0.00091
Actinomarinicola_tropica	2789776	S	8825	1963	10788	0.00090
Ilumatobacter_coccineus	467094	S	3795	266	4061	0.00034
Acidimicrobium_ferrooxidans	53635	S	1281	112	1393	0.00012
Eggerthella_lenta	84112	S	842	722	1564	0.00013
Eggerthella_guodeyinii	2690837	S	782	406	1188	0.00010
Eggerthella_sp._YY7918	502558	S	193	95	288	0.00002
Gordonibacter_urolithinfaciens	1335613	S	449	374	823	0.00007
Gordonibacter_pamelaeae	471189	S	428	499	927	0.00008
Adlercreutzia_equolifaciens	446660	S	407	260	667	0.00006
Adlercreutzia_hattorii	2707299	S	228	334	562	0.00005
Arabiibacter_massiliensis	1870985	S	950	228	1178	0.00010
Raoultibacter_timonensis	1907662	S	555	49	604	0.00005
Berryella_intestinalis	1531429	S	508	681	1189	0.00010
Slackia_heliotrinireducens	84110	S	354	12	366	0.00003
Denitrobacterium_detoxificans	79604	S	294	142	436	0.00004
Phoenicibacter_congonensis	1944646	S	65	34	99	0.00001
Cryptobacterium_curtum	84163	S	48	6	54	0.00000
Olsenella_timonensis	1805478	S	838	289	1127	0.00009
Olsenella_uli	133926	S	483	58	541	0.00005
Olsenella_sp._oral_taxon_807	712411	S	393	27	420	0.00004
Parolsenella_catena	2003188	S	458	288	746	0.00006
Parolsenella_massiliensis	1871022	S	440	258	698	0.00006
Parafannyhessea_umbonata	604330	S	613	423	1036	0.00009
Thermophilibacter_immobilis	2779519	S	599	292	891	0.00007
Atopobium_sp._oral_taxon_416	712157	S	150	18	168	0.00001
Lancefieldella_parvula	1382	S	34	4	38	0.00000
Collinsella_aerofaciens	74426	S	773	490	1263	0.00011
Collinsella_stercoris	147206	S	556	114	670	0.00006
Collinsella_sp._zg1085	2844380	S	31	1	32	0.00000
Coriobacterium_glomerans	33871	S	367	13	380	0.00003
Egicoccus_halophilus	1670830	S	3799	721	4520	0.00038
Egibacter_rhizosphaerae	1670831	S	3481	256	3737	0.00031
Euzebya_pacifica	1608957	S	3466	364	3830	0.00032
Priestia_megaterium	1404	S	14671	16871	31542	0.00263
Priestia_filamentosa	1402861	S	3071	458	3529	0.00029
Priestia_aryabhattai	412384	S	252	1363	1615	0.00013
Priestia_flexa	86664	S	197	70	267	0.00002
Priestia_koreensis	284581	S	149	58	207	0.00002
Priestia_sp._J2	2886505	S	36	320	356	0.00003
Bacillus_sp._S3	486398	S	821	266	1087	0.00009
Bacillus_sp._Y1	352858	S	635	270	905	0.00008
Bacillus_sp._1NLA3E	666686	S	383	151	534	0.00004
Bacillus_sp._FJAT-18017	1705566	S	291	87	378	0.00003
Bacillus_sp._JY-23	2933872	S	216	94	310	0.00003
Bacillus_sp._PAMC26568	2760090	S	146	16	162	0.00001
Bacillus_sp._NSP9.1	1071078	S	122	11	133	0.00001
Bacillus_sp._FJAT-42376	2014076	S	111	46	157	0.00001
Bacillus_sp._FJAT-22090	1581038	S	109	36	145	0.00001
Bacillus_sp._OxB-1	98228	S	102	29	131	0.00001
Bacillus_sp._THAF10	2587848	S	101	37	138	0.00001
Bacillus_sp._KH172YL63	2709784	S	88	34	122	0.00001
Bacillus_sp._SB49	1071080	S	80	16	96	0.00001
Bacillus_sp._WP8	756828	S	74	108	182	0.00002
Bacillus_sp._M4U3P1	2592382	S	58	9	67	0.00001
Bacillus_sp._N1-1	2682541	S	48	28	76	0.00001
Bacillus_sp._Cs-700	2589818	S	37	23	60	0.00001
Bacillus_sp._N447-1	2789208	S	17	198	215	0.00002
Bacillus_sp._NP247	2846779	S	16	26	42	0.00000
Bacillus_sp._BD59S	2499213	S	14	23	37	0.00000
Bacillus_sp._N3536	2666127	S	12	19	31	0.00000
Bacillus_sp._JS	1127744	S	11	153	164	0.00001
Bacillus_subtilis	1423	S	819	15883	16702	0.00140
Bacillus_velezensis	492670	S	218	4294	4512	0.00038
Bacillus_amyloliquefaciens	1390	S	94	5066	5160	0.00043
Bacillus_siamensis	659243	S	17	57	74	0.00001
Bacillus_paralicheniformis	1648923	S	274	195	469	0.00004
Bacillus_vallismortis	72361	S	93	123	216	0.00002
Bacillus_mojavensis	72360	S	45	60	105	0.00001
Bacillus_halotolerans	260554	S	18	52	70	0.00001
Bacillus_atrophaeus	1452	S	48	74	122	0.00001
Bacillus_tequilensis	227866	S	43	42	85	0.00001
Bacillus_licheniformis	1402	S	29	298	327	0.00003
Bacillus_pseudomycoides	64104	S	393	195	588	0.00005
Bacillus_cereus	1396	S	374	8766	9140	0.00076
Bacillus_mycoides	1405	S	227	377	604	0.00005
Bacillus_thuringiensis	1428	S	192	6724	6916	0.00058
Bacillus_cytotoxicus	580165	S	176	129	305	0.00003
Bacillus_luti	2026191	S	39	45	84	0.00001
Bacillus_wiedmannii	1890302	S	35	62	97	0.00001
Bacillus_anthracis	1392	S	29	5218	5247	0.00044
Bacillus_nitratireducens	2026193	S	25	48	73	0.00001
Bacillus_toyonensis	155322	S	15	197	212	0.00002
Bacillus_paranthracis	2026186	S	14	381	395	0.00003
Bacillus_safensis	561879	S	502	843	1345	0.00011
Bacillus_dafuensis	1742359	S	338	140	478	0.00004
[Brevibacterium]_frigoritolerans	450367	S	287	118	405	0.00003
Bacillus_altitudinis	293387	S	248	1122	1370	0.00011
Bacillus_methanolicus	1471	S	261	149	410	0.00003
Bacillus_glycinifermentans	1664069	S	204	73	277	0.00002
Bacillus_infantis	324767	S	184	58	242	0.00002
Bacillus_pumilus	1408	S	156	164	320	0.00003
Bacillus_badius	1455	S	145	69	214	0.00002
Bacillus_gobiensis	1441095	S	140	46	186	0.00002
Bacillus_aquiflavi	2672567	S	131	40	171	0.00001
Bacillus_weihaiensis	1547283	S	125	48	173	0.00001
Bacillus_smithii	1479	S	87	61	148	0.00001
Bacillus_fonticola	2728853	S	68	21	89	0.00001
Bacillus_shivajii	1983719	S	67	12	79	0.00001
Bacillus_cabrialesii	2487276	S	65	68	133	0.00001
Bacillus_rugosus	2715209	S	49	54	103	0.00001
Cytobacillus_oceanisediminis	665099	S	2711	1422	4133	0.00035
Cytobacillus_firmus	1399	S	364	188	552	0.00005
Cytobacillus_ciccensis	1670641	S	312	131	443	0.00004
Cytobacillus_gottheilii	859144	S	239	89	328	0.00003
Cytobacillus_kochii	859143	S	176	61	237	0.00002
Cytobacillus_sp._CY-G	2901381	S	163	65	228	0.00002
Peribacillus_asahii	228899	S	1466	842	2308	0.00019
Peribacillus_simplex	1478	S	318	221	539	0.00005
Peribacillus_butanolivorans	421767	S	244	97	341	0.00003
Peribacillus_psychrosaccharolyticus	1407	S	120	48	168	0.00001
Peribacillus_muralis	264697	S	93	25	118	0.00001
Metabacillus_sp._KUDC1714	2745198	S	653	257	910	0.00008
Metabacillus_sp._cB07	2806989	S	129	55	184	0.00002
Metabacillus_sp._B2-18	2897333	S	65	115	180	0.00002
Metabacillus_sediminilitoris	2567941	S	763	324	1087	0.00009
Metabacillus_dongyingensis	2874282	S	218	86	304	0.00003
Metabacillus_litoralis	152268	S	114	131	245	0.00002
Metabacillus_endolithicus	1535204	S	67	98	165	0.00001
Geobacillus_subterraneus	129338	S	342	293	635	0.00005
Geobacillus_genomosp._3	1921421	S	200	76	276	0.00002
Geobacillus_stearothermophilus	1422	S	188	318	506	0.00004
Geobacillus_sp._46C-IIa	1963025	S	92	53	145	0.00001
Geobacillus_sp._C56-T3	691437	S	19	97	116	0.00001
Geobacillus_sp._Y412MC52	550542	S	17	71	88	0.00001
Geobacillus_sp._GHH01	1233873	S	12	146	158	0.00001
Geobacillus_thermocatenulatus	33938	S	53	67	120	0.00001
Geobacillus_thermoleovorans	33941	S	18	248	266	0.00002
Geobacillus_thermodenitrificans	33940	S	29	226	255	0.00002
Neobacillus_drentensis	220684	S	1413	704	2117	0.00018
Neobacillus_mesonae	1193713	S	509	194	703	0.00006
Alkalihalobacillus_clausii	79880	S	1614	433	2047	0.00017
Alkalihalobacillus_krulwichiae	199441	S	91	31	122	0.00001
Alkalihalobacillus_sp._LMS39	2924032	S	71	17	88	0.00001
Alkalihalobacillus_lehensis	300825	S	62	24	86	0.00001
Alkalihalobacillus_miscanthi	2598861	S	40	16	56	0.00000
Hydrogenibacillus_sp._N12	2866627	S	1343	219	1562	0.00013
Anoxybacillus_sediminis	2613334	S	612	175	787	0.00007
Anoxybacillus_sp._PDR2	1636720	S	22	109	131	0.00001
Anoxybacillus_amylolyticus	294699	S	106	32	138	0.00001
Anoxybacillus_caldiproteolyticus	247480	S	99	27	126	0.00001
Anoxybacillus_flavithermus	33934	S	96	139	235	0.00002
Mesobacillus_foraminis	279826	S	471	142	613	0.00005
Mesobacillus_jeotgali	129985	S	290	145	435	0.00004
Mesobacillus_sp._S13	2880221	S	256	140	396	0.00003
Lysinibacillus_sp._SGAir0095	2070463	S	146	70	216	0.00002
Lysinibacillus_sp._YS11	2072025	S	107	180	287	0.00002
Lysinibacillus_sp._PLM2	2929796	S	76	36	112	0.00001
Lysinibacillus_sp._Ag94	2936682	S	56	5	61	0.00001
Lysinibacillus_sp._CD3-6	2892541	S	51	21	72	0.00001
Lysinibacillus_sp._2017	2169540	S	33	18	51	0.00000
Lysinibacillus_sp._ACHW1.5	2913506	S	24	35	59	0.00001
Lysinibacillus_timonensis	2086577	S	107	64	171	0.00001
Lysinibacillus_fusiformis	28031	S	86	60	146	0.00001
Lysinibacillus_agricola	2590012	S	73	22	95	0.00001
Lysinibacillus_parviboronicapiens	436516	S	52	20	72	0.00001
Lysinibacillus_sphaericus	1421	S	43	37	80	0.00001
Lysinibacillus_capsici	2115968	S	28	34	62	0.00001
Fictibacillus_arsenicus	255247	S	572	122	694	0.00006
Fictibacillus_phosphorivorans	1221500	S	91	18	109	0.00001
Niallia_sp._Man26	2912824	S	299	79	378	0.00003
Niallia_circulans	1397	S	296	97	393	0.00003
Terribacillus_goriensis	386490	S	484	97	581	0.00005
Terribacillus_aidingensis	586416	S	63	13	76	0.00001
Parageobacillus_caldoxylosilyticus	81408	S	102	54	156	0.00001
Parageobacillus_genomosp._1	1295642	S	91	44	135	0.00001
Parageobacillus_thermoglucosidasius	1426	S	85	64	149	0.00001
Parageobacillus_toebii	153151	S	78	54	132	0.00001
Parageobacillus_sp._KH3-4	2916802	S	50	27	77	0.00001
Virgibacillus_sp._NKC19-16	2831673	S	57	5	62	0.00001
Virgibacillus_sp._Bac332	2419842	S	50	7	57	0.00000
Virgibacillus_sp._MSP4-1	2700081	S	49	11	60	0.00001
Virgibacillus_sp._SK37	403957	S	28	32	60	0.00001
Virgibacillus_sp._Bac330	2419841	S	14	18	32	0.00000
Virgibacillus_necropolis	163877	S	83	13	96	0.00001
Virgibacillus_halodenitrificans	1482	S	51	41	92	0.00001
Virgibacillus_phasianinus	2017483	S	50	8	58	0.00000
Virgibacillus_dokdonensis	302167	S	16	22	38	0.00000
Rossellomorea_marisflavi	189381	S	394	173	567	0.00005
Rossellomorea_vietnamensis	218284	S	95	42	137	0.00001
Oceanobacillus_kimchii	746691	S	247	33	280	0.00002
Oceanobacillus_zhaokaii	2052660	S	140	31	171	0.00001
Oceanobacillus_iheyensis	182710	S	79	19	98	0.00001
Halobacillus_sp._SSTM10-2	2932258	S	71	15	86	0.00001
Halobacillus_sp._SSHM10-5	2932259	S	65	15	80	0.00001
Halobacillus_sp._SSBR10-3	2932257	S	57	9	66	0.00001
Halobacillus_mangrovi	402384	S	62	12	74	0.00001
Halobacillus_halophilus	1570	S	49	8	57	0.00000
Halobacillus_litoralis	45668	S	45	9	54	0.00000
Salicibibacter_halophilus	2502791	S	103	26	129	0.00001
Salicibibacter_kimchii	2099786	S	76	7	83	0.00001
Salicibibacter_cibarius	2743000	S	60	13	73	0.00001
Salicibibacter_cibi	2743001	S	57	8	65	0.00001
Heyndrickxia_oleronia	38875	S	183	80	263	0.00002
Heyndrickxia_vini	1476025	S	112	37	149	0.00001
Weizmannia_coagulans	1398	S	298	161	459	0.00004
Gottfriedia_acidiceleris	371036	S	288	96	384	0.00003
Sutcliffiella_horikoshii	79883	S	174	52	226	0.00002
Sutcliffiella_cohnii	33932	S	110	53	163	0.00001
Gracilibacillus_sp._SSPM10-3	2932255	S	51	18	69	0.00001
Gracilibacillus_sp._SSWR10-1	2932256	S	47	16	63	0.00001
Gracilibacillus_salitolerans	2663022	S	107	18	125	0.00001
Salisediminibacterium_selenitireducens	85683	S	107	20	127	0.00001
Salisediminibacterium_beveridgei	632773	S	61	11	72	0.00001
Psychrobacillus_glaciei	2283160	S	90	39	129	0.00001
Psychrobacillus_sp._INOP01	2829187	S	67	27	94	0.00001
Psychrobacillus_sp._AK_1817	2303505	S	10	15	25	0.00000
Lederbergia_lenta	1467	S	122	35	157	0.00001
Radiobacillus_sp._80	2844358	S	62	14	76	0.00001
Radiobacillus_deserti	2594883	S	53	12	65	0.00001
Pontibacillus_sp._HMF3514	2692425	S	58	9	67	0.00001
Pontibacillus_sp._ALD_SL1	2777185	S	54	7	61	0.00001
Lentibacillus_sp._CBA3610	2518176	S	55	5	60	0.00001
Lentibacillus_amyloliquefaciens	1472767	S	52	7	59	0.00000
Anaerobacillus_isosaccharinicus	1532552	S	106	28	134	0.00001
Caldibacillus_thermoamylovorans	35841	S	98	41	139	0.00001
Aeribacillus_pallidus	33936	S	90	55	145	0.00001
Caldalkalibacillus_thermarum	296745	S	86	19	105	0.00001
Pradoshia_sp._D12	2651284	S	84	28	112	0.00001
Sediminibacillus_sp._DP4-553-S	2729421	S	82	16	98	0.00001
Alkalihalophilus_pseudofirmus	79885	S	78	16	94	0.00001
Halalkalibacterium_halodurans	86665	S	74	52	126	0.00001
Evansella_cellulosilytica	1413	S	66	11	77	0.00001
Paraliobacillus_zengyii	2213194	S	61	12	73	0.00001
Mangrovibacillus_cuniculi	2593652	S	59	35	94	0.00001
Salimicrobium_jeotgali	1230341	S	55	10	65	0.00001
Amphibacillus_xylanus	1449	S	23	5	28	0.00000
Paenibacillus_sp._B01	2660554	S	1585	546	2131	0.00018
Paenibacillus_sp._RUD330	2023772	S	887	107	994	0.00008
Paenibacillus_sp._32O-W	1695218	S	816	91	907	0.00008
Paenibacillus_sp._H1-7	2282849	S	467	48	515	0.00004
Paenibacillus_sp._R14(2021)	2859228	S	390	61	451	0.00004
Paenibacillus_sp._DCT19	2211212	S	382	71	453	0.00004
Paenibacillus_sp._Y412MC10	481743	S	370	703	1073	0.00009
Paenibacillus_sp._JNUCC-32	2777984	S	333	672	1005	0.00008
Paenibacillus_sp._sptzw28	715179	S	331	33	364	0.00003
Paenibacillus_sp._URB8-2	2741301	S	241	62	303	0.00003
Paenibacillus_sp._YPD9-1	2908839	S	236	33	269	0.00002
Paenibacillus_sp._BIHB4019	1870819	S	232	20	252	0.00002
Paenibacillus_sp._JZ16	1906272	S	204	53	257	0.00002
Paenibacillus_sp._PK3_47	2072642	S	197	30	227	0.00002
Paenibacillus_sp._FSL_R7-0273	1536772	S	187	32	219	0.00002
Paenibacillus_sp._HWE-109	1306526	S	181	17	198	0.00002
Paenibacillus_sp._PAMC21692	2762320	S	154	136	290	0.00002
Paenibacillus_sp._FSL_H7-0357	1536774	S	153	22	175	0.00001
Paenibacillus_sp._FSL_R7-0331	1536773	S	148	26	174	0.00001
Paenibacillus_sp._CAA11	1532905	S	123	27	150	0.00001
Paenibacillus_sp._FSL_R5-0912	1536771	S	109	54	163	0.00001
Paenibacillus_sp._YPG26	2878915	S	104	23	127	0.00001
Paenibacillus_sp._481	2835869	S	93	10	103	0.00001
Paenibacillus_sp._JNUCC-31	2777983	S	88	25	113	0.00001
Paenibacillus_sp._E222	2748863	S	87	31	118	0.00001
Paenibacillus_sp._FSL_P4-0081	1536769	S	86	47	133	0.00001
Paenibacillus_sp._19GGS1-52	2758563	S	77	8	85	0.00001
Paenibacillus_sp._IHB_B_3084	867076	S	53	32	85	0.00001
Paenibacillus_sp._N3/727	2925845	S	45	57	102	0.00001
Paenibacillus_sp._IHBB_10380	1566358	S	42	8	50	0.00000
Paenibacillus_sp._FSL_H7-0737	1536775	S	39	12	51	0.00000
Paenibacillus_sp._FSL_R5-0345	1536770	S	27	7	34	0.00000
Paenibacillus_sp._Cedars	1980674	S	16	96	112	0.00001
Paenibacillus_sp._S02	2823904	S	10	83	93	0.00001
Paenibacillus_mucilaginosus	61624	S	1551	125	1676	0.00014
Paenibacillus_albicereus	2726185	S	1251	394	1645	0.00014
Paenibacillus_lycopersici	2704462	S	968	132	1100	0.00009
Paenibacillus_rhizovicinus	2704463	S	634	94	728	0.00006
Paenibacillus_cellulositrophicus	562959	S	624	70	694	0.00006
Paenibacillus_konkukensis	2020716	S	524	65	589	0.00005
Paenibacillus_macerans	44252	S	501	52	553	0.00005
Paenibacillus_beijingensis	1126833	S	501	64	565	0.00005
Paenibacillus_dendritiformis	130049	S	497	93	590	0.00005
Paenibacillus_cellulosilyticus	375489	S	494	71	565	0.00005
Paenibacillus_chitinolyticus	79263	S	407	57	464	0.00004
Paenibacillus_thiaminolyticus	49283	S	387	73	460	0.00004
Paenibacillus_stellifer	169760	S	381	76	457	0.00004
Paenibacillus_durus	44251	S	353	144	497	0.00004
Paenibacillus_ihbetae	1870820	S	348	54	402	0.00003
Paenibacillus_sabinae	365617	S	336	91	427	0.00004
Paenibacillus_albus	2495582	S	278	42	320	0.00003
Paenibacillus_donghaensis	414771	S	255	30	285	0.00002
Paenibacillus_polymyxa	1406	S	226	853	1079	0.00009
Paenibacillus_riograndensis	483937	S	96	79	175	0.00001
Paenibacillus_sonchi	373687	S	69	112	181	0.00002
Paenibacillus_naphthalenovorans	162209	S	222	35	257	0.00002
Paenibacillus_protaetiae	2509456	S	216	35	251	0.00002
Paenibacillus_azoreducens	116718	S	214	28	242	0.00002
Paenibacillus_lautus	1401	S	212	275	487	0.00004
Paenibacillus_xylanilyticus	248903	S	188	43	231	0.00002
Paenibacillus_tritici	1873425	S	186	31	217	0.00002
Paenibacillus_agaridevorans	171404	S	171	211	382	0.00003
Paenibacillus_algicola	2565926	S	163	30	193	0.00002
Paenibacillus_physcomitrellae	1619311	S	160	59	219	0.00002
Paenibacillus_borealis	160799	S	156	58	214	0.00002
Paenibacillus_sophorae	1333845	S	155	59	214	0.00002
Paenibacillus_barcinonensis	198119	S	150	28	178	0.00001
Paenibacillus_swuensis	1178515	S	148	23	171	0.00001
Paenibacillus_guangzhouensis	1473112	S	145	16	161	0.00001
Paenibacillus_yonginensis	1462996	S	133	64	197	0.00002
Paenibacillus_kribbensis	172713	S	126	51	177	0.00001
Paenibacillus_baekrokdamisoli	1712516	S	126	15	141	0.00001
Paenibacillus_psychroresistens	1778678	S	121	7	128	0.00001
Paenibacillus_alvei	44250	S	118	17	135	0.00001
Paenibacillus_tianjinensis	2810347	S	117	22	139	0.00001
Paenibacillus_lutimineralis	2707005	S	117	18	135	0.00001
Paenibacillus_lentus	1338368	S	113	13	126	0.00001
Paenibacillus_graminis	189425	S	112	62	174	0.00001
Paenibacillus_bovis	1616788	S	103	15	118	0.00001
Paenibacillus_larvae	1464	S	96	10	106	0.00001
Paenibacillus_jilunlii	682956	S	95	68	163	0.00001
Paenibacillus_odorifer	189426	S	82	16	98	0.00001
Paenibacillus_pabuli	1472	S	75	29	104	0.00001
Paenibacillus_brasilensis	128574	S	74	36	110	0.00001
Paenibacillus_crassostreae	1763538	S	65	12	77	0.00001
Paenibacillus_terrae	159743	S	62	32	94	0.00001
Paenibacillus_antarcticus	253703	S	55	9	64	0.00001
Paenibacillus_xylanexedens	528191	S	47	35	82	0.00001
Paenibacillus_uliginis	683737	S	44	50	94	0.00001
Paenibacillus_glucanolyticus	59843	S	30	189	219	0.00002
Paenibacillus_peoriae	59893	S	21	127	148	0.00001
Brevibacillus_choshinensis	54911	S	630	161	791	0.00007
Brevibacillus_marinus	2496837	S	597	111	708	0.00006
Brevibacillus_agri	51101	S	466	127	593	0.00005
Brevibacillus_composti	2796470	S	403	113	516	0.00004
Brevibacillus_sp._MMS20-4M-10-Y	2895522	S	275	42	317	0.00003
Brevibacillus_sp._HD3.3A	2738979	S	39	154	193	0.00002
Brevibacillus_sp._DP1.3A	2738867	S	37	32	69	0.00001
Brevibacillus_brevis	1393	S	287	154	441	0.00004
Brevibacillus_laterosporus	1465	S	148	222	370	0.00003
Brevibacillus_parabrevis	54914	S	49	200	249	0.00002
Brevibacillus_formosus	54913	S	34	28	62	0.00001
Cohnella_sp._LGH	1619153	S	485	203	688	0.00006
Cohnella_sp._MFER-1	2728023	S	270	43	313	0.00003
Cohnella_candidum	2674991	S	750	109	859	0.00007
Cohnella_cholangitidis	2598458	S	255	52	307	0.00003
Cohnella_abietis	2507935	S	64	8	72	0.00001
Thermobacillus_composti	377615	S	1355	223	1578	0.00013
Saccharibacillus_brassicae	2583377	S	879	121	1000	0.00008
Aneurinibacillus_soli	1500254	S	204	222	426	0.00004
Alicyclobacillus_acidocaldarius	405212	S	1602	147	1749	0.00015
Alicyclobacillus_mengziensis	2931921	S	180	13	193	0.00002
Alicyclobacillus_acidoterrestris	1450	S	171	29	200	0.00002
Alicyclobacillus_sp._SO9	2665646	S	101	7	108	0.00001
Alicyclobacillus_sp._TC	2606450	S	35	4	39	0.00000
Tumebacillus_avium	1903704	S	939	475	1414	0.00012
Tumebacillus_algifaecis	1214604	S	371	158	529	0.00004
Kyrpidia_spormannii	2055160	S	214	120	334	0.00003
Kyrpidia_tusciae	33943	S	166	131	297	0.00002
Effusibacillus_dendaii	2743772	S	131	20	151	0.00001
Polycladomyces_abyssicola	1125966	S	869	97	966	0.00008
Staphylospora_marina	2490858	S	403	75	478	0.00004
Kroppenstedtia_eburnea	714067	S	273	35	308	0.00003
Kroppenstedtia_pulmonis	1380685	S	60	6	66	0.00001
Novibacillus_thermophilus	1471761	S	207	32	239	0.00002
Laceyella_sacchari	37482	S	132	35	167	0.00001
Thermoactinomyces_vulgaris	2026	S	92	21	113	0.00001
Planococcus_sp._MB-3u-03	2058136	S	69	60	129	0.00001
Planococcus_sp._107-1	2908840	S	47	25	72	0.00001
Planococcus_sp._PAMC_21323	1526927	S	14	7	21	0.00000
Planococcus_lenghuensis	2213202	S	128	31	159	0.00001
Planococcus_maritimus	192421	S	115	58	173	0.00001
Planococcus_plakortidis	1038856	S	112	81	193	0.00002
Planococcus_glaciei	459472	S	108	37	145	0.00001
Planococcus_rifietoensis	200991	S	77	69	146	0.00001
Planococcus_halotolerans	2233542	S	75	27	102	0.00001
Planococcus_massiliensis	1499687	S	62	17	79	0.00001
Planococcus_antarcticus	161360	S	59	21	80	0.00001
Planococcus_donghaensis	414778	S	33	22	55	0.00000
Planococcus_versutus	1302659	S	30	16	46	0.00000
Planococcus_halocryophilus	1215089	S	17	10	27	0.00000
Sporosarcina_sp._Te-1	2818390	S	64	17	81	0.00001
Sporosarcina_sp._PTS2304	2283194	S	37	12	49	0.00000
Sporosarcina_sp._Marseille-Q4063	2810514	S	35	7	42	0.00000
Sporosarcina_sp._resist	2762563	S	16	31	47	0.00000
Sporosarcina_sp._P33	1930764	S	13	35	48	0.00000
Sporosarcina_sp._P37	1930546	S	11	27	38	0.00000
Sporosarcina_ureae	1571	S	103	32	135	0.00001
Sporosarcina_pasteurii	1474	S	27	8	35	0.00000
Sporosarcina_ureilytica	298596	S	24	8	32	0.00000
Sporosarcina_psychrophila	1476	S	14	32	46	0.00000
Solibacillus_silvestris	76853	S	113	52	165	0.00001
Solibacillus_sp._R5-41	2048654	S	42	22	64	0.00001
Ureibacillus_thermophilus	367743	S	36	25	61	0.00001
Ureibacillus_thermosphaericus	51173	S	33	49	82	0.00001
Paenisporosarcina_antarctica	417367	S	39	13	52	0.00000
Paenisporosarcina_cavernae	2320858	S	21	14	35	0.00000
Jeotgalibacillus_malaysiensis	1508404	S	53	20	73	0.00001
Kurthia_sp._11kri321	1750719	S	27	16	43	0.00000
Kurthia_zopfii	1650	S	23	12	35	0.00000
Rummeliibacillus_stabekisii	241244	S	37	21	58	0.00000
Viridibacillus_sp._JNUCC-6	2779527	S	36	15	51	0.00000
Staphylococcus_aureus	1280	S	77	454	531	0.00004
Staphylococcus_epidermidis	1282	S	43	750	793	0.00007
Staphylococcus_hominis	1290	S	26	17	43	0.00000
Staphylococcus_pseudintermedius	283734	S	13	13	26	0.00000
Staphylococcus_delphini	53344	S	11	9	20	0.00000
Staphylococcus_sp._17KM0847	2583989	S	10	5	15	0.00000
Staphylococcus_pseudoxylosus	2282419	S	19	11	30	0.00000
Staphylococcus_haemolyticus	1283	S	16	17	33	0.00000
Staphylococcus_edaphicus	1955013	S	15	5	20	0.00000
Staphylococcus_lutrae	155085	S	15	7	22	0.00000
Staphylococcus_gallinarum	1293	S	14	1	15	0.00000
Staphylococcus_nepalensis	214473	S	14	5	19	0.00000
Staphylococcus_xylosus	1288	S	13	6	19	0.00000
Staphylococcus_simiae	308354	S	13	7	20	0.00000
Staphylococcus_cohnii	29382	S	13	12	25	0.00000
Staphylococcus_lugdunensis	28035	S	12	5	17	0.00000
Staphylococcus_pettenkoferi	170573	S	12	3	15	0.00000
Staphylococcus_capitis	29388	S	12	11	23	0.00000
Staphylococcus_succinus	61015	S	12	4	16	0.00000
Staphylococcus_chromogenes	46126	S	12	6	18	0.00000
Staphylococcus_caprae	29380	S	11	7	18	0.00000
Staphylococcus_simulans	1286	S	11	4	15	0.00000
Staphylococcus_hyicus	1284	S	11	5	16	0.00000
Staphylococcus_carnosus	1281	S	10	4	14	0.00000
Staphylococcus_felis	46127	S	10	4	14	0.00000
Macrococcus_brunensis	198483	S	21	7	28	0.00000
Macrococcus_armenti	2875764	S	19	11	30	0.00000
Macrococcus_canis	1855823	S	13	7	20	0.00000
Macrococcus_caseolyticus	69966	S	11	29	40	0.00000
Jeotgalicoccus_saudimassiliensis	1461582	S	38	3	41	0.00000
Jeotgalicoccus_sp._WY2	2708346	S	24	5	29	0.00000
Jeotgalicoccus_sp._ATCC_8456	946435	S	10	1	11	0.00000
Mammaliicoccus_sciuri	1296	S	34	27	61	0.00001
Mammaliicoccus_lentus	42858	S	12	10	22	0.00000
Mammaliicoccus_stepanovicii	643214	S	10	4	14	0.00000
Salinicoccus_halodurans	407035	S	58	19	77	0.00001
Abyssicoccus_albus	1817405	S	22	7	29	0.00000
Nosocomiicoccus_ampullae	489910	S	14	2	16	0.00000
Exiguobacterium_mexicanum	340146	S	200	86	286	0.00002
Exiguobacterium_alkaliphilum	1428684	S	179	73	252	0.00002
Exiguobacterium_sp._N4-1P	2051906	S	40	27	67	0.00001
Exiguobacterium_sp._Helios	2735868	S	38	21	59	0.00000
Exiguobacterium_sp._AT1b	360911	S	30	31	61	0.00001
Exiguobacterium_sp._PFWT01	2829816	S	23	25	48	0.00000
Exiguobacterium_acetylicum	41170	S	66	146	212	0.00002
Exiguobacterium_antarcticum	132920	S	53	22	75	0.00001
Exiguobacterium_sibiricum	332410	S	42	25	67	0.00001
Listeria_monocytogenes	1639	S	44	42	86	0.00001
Listeria_innocua	1642	S	41	54	95	0.00001
Listeria_weihenstephanensis	1006155	S	25	6	31	0.00000
Listeria_grayi	1641	S	24	7	31	0.00000
Listeria_marthii	529731	S	21	11	32	0.00000
Listeria_ivanovii	1638	S	19	6	25	0.00000
Listeria_sp._PSOL-1	1844999	S	17	5	22	0.00000
Listeria_welshimeri	1643	S	10	12	22	0.00000
Brochothrix_thermosphacta	2756	S	37	14	51	0.00000
Sporolactobacillus_terrae	269673	S	76	12	88	0.00001
Limosilactobacillus_fermentum	1613	S	151	134	285	0.00002
Limosilactobacillus_pontis	35787	S	109	72	181	0.00002
Limosilactobacillus_mucosae	97478	S	52	36	88	0.00001
Limosilactobacillus_reuteri	1598	S	41	97	138	0.00001
Limosilactobacillus_panis	47493	S	28	13	41	0.00000
Limosilactobacillus_vaginalis	1633	S	17	9	26	0.00000
Limosilactobacillus_gastricus	227942	S	10	4	14	0.00000
Lactobacillus_delbrueckii	1584	S	132	366	498	0.00004
Lactobacillus_amylovorus	1604	S	17	24	41	0.00000
Lactobacillus_panisapium	2012495	S	16	3	19	0.00000
Lactobacillus_iners	147802	S	13	19	32	0.00000
Lactobacillus_apis	303541	S	12	3	15	0.00000
Lactobacillus_ultunensis	227945	S	11	5	16	0.00000
Levilactobacillus_zymae	267363	S	112	41	153	0.00001
Levilactobacillus_brevis	1580	S	92	37	129	0.00001
Levilactobacillus_suantsaii	2292255	S	35	15	50	0.00000
Levilactobacillus_koreensis	637971	S	24	4	28	0.00000
Lacticaseibacillus_casei	1582	S	39	19	58	0.00000
Lacticaseibacillus_rhamnosus	47715	S	39	8	47	0.00000
Lacticaseibacillus_paracasei	1597	S	27	83	110	0.00001
Lacticaseibacillus_manihotivorans	88233	S	22	8	30	0.00000
Lacticaseibacillus_chiayiensis	2100821	S	21	4	25	0.00000
Lacticaseibacillus_zeae	57037	S	17	10	27	0.00000
Lactiplantibacillus_pentosus	1589	S	56	18	74	0.00001
Lactiplantibacillus_plantarum	1590	S	32	31	63	0.00001
Lactiplantibacillus_paraplantarum	60520	S	20	7	27	0.00000
Weissella_cibaria	137591	S	23	24	47	0.00000
Weissella_confusa	1583	S	16	18	34	0.00000
Weissella_coleopterorum	2714949	S	13	8	21	0.00000
Leuconostoc_lactis	1246	S	20	47	67	0.00001
Leuconostoc_gelidum	1244	S	16	1	17	0.00000
Leuconostoc_mesenteroides	1245	S	11	22	33	0.00000
Schleiferilactobacillus_harbinensis	304207	S	112	14	126	0.00001
Ligilactobacillus_ruminis	1623	S	30	11	41	0.00000
Ligilactobacillus_salivarius	1624	S	19	15	34	0.00000
Ligilactobacillus_agilis	1601	S	16	12	28	0.00000
Ligilactobacillus_animalis	1605	S	16	16	32	0.00000
Lentilactobacillus_parabuchneri	152331	S	20	7	27	0.00000
Lentilactobacillus_buchneri	1581	S	17	6	23	0.00000
Lentilactobacillus_curieae	1138822	S	12	3	15	0.00000
Lentilactobacillus_hilgardii	1588	S	11	3	14	0.00000
Lentilactobacillus_kefiri	33962	S	11	4	15	0.00000
Latilactobacillus_sakei	1599	S	24	31	55	0.00000
Latilactobacillus_fuchuensis	164393	S	13	0	13	0.00000
Latilactobacillus_curvatus	28038	S	12	7	19	0.00000
Latilactobacillus_graminis	60519	S	11	4	15	0.00000
Companilactobacillus_heilongjiangensis	1074467	S	18	9	27	0.00000
Pediococcus_acidilactici	1254	S	20	11	31	0.00000
Pediococcus_pentosaceus	1255	S	14	8	22	0.00000
Pediococcus_damnosus	51663	S	13	8	21	0.00000
Oenococcus_kitaharae	336988	S	18	1	19	0.00000
Oenococcus_oeni	1247	S	14	4	18	0.00000
Loigolactobacillus_coryniformis	1610	S	22	21	43	0.00000
Loigolactobacillus_bifermentans	1607	S	12	4	16	0.00000
Loigolactobacillus_backii	375175	S	12	7	19	0.00000
Secundilactobacillus_paracollinoides	240427	S	33	15	48	0.00000
Secundilactobacillus_malefermentans	176292	S	10	5	15	0.00000
Periweissella_cryptocerci	2506420	S	17	2	19	0.00000
Acetilactobacillus_jinshanensis	1720083	S	17	0	17	0.00000
Furfurilactobacillus_rossiae	231049	S	14	2	16	0.00000
Amylolactobacillus_amylophilus	1603	S	11	11	22	0.00000
Lapidilactobacillus_dextrinicus	51664	S	10	3	13	0.00000
Streptococcus_sp._HKU75	2781599	S	17	5	22	0.00000
Streptococcus_suis	1307	S	43	85	128	0.00001
Streptococcus_sanguinis	1305	S	42	13	55	0.00000
Streptococcus_dysgalactiae	1334	S	27	83	110	0.00001
Streptococcus_equi	1336	S	10	3	13	0.00000
Streptococcus_oralis	1303	S	24	37	61	0.00001
Streptococcus_merionis	400065	S	24	3	27	0.00000
Streptococcus_pyogenes	1314	S	21	323	344	0.00003
Streptococcus_cristatus	45634	S	20	27	47	0.00000
Streptococcus_mitis	28037	S	17	16	33	0.00000
Streptococcus_sobrinus	1310	S	16	3	19	0.00000
Streptococcus_gordonii	1302	S	15	6	21	0.00000
Streptococcus_thermophilus	1308	S	15	376	391	0.00003
Streptococcus_ratti	1341	S	15	2	17	0.00000
Streptococcus_ferus	1345	S	14	3	17	0.00000
Streptococcus_equinus	1335	S	12	10	22	0.00000
Streptococcus_chenjunshii	2173853	S	12	1	13	0.00000
Streptococcus_pseudoporcinus	361101	S	12	14	26	0.00000
Streptococcus_halichoeri	254785	S	11	16	27	0.00000
Streptococcus_mutans	1309	S	10	2	12	0.00000
Streptococcus_iniae	1346	S	10	3	13	0.00000
Lactococcus_raffinolactis	1366	S	33	17	50	0.00000
Lactococcus_lactis	1358	S	23	43	66	0.00001
Lactococcus_cremoris	1359	S	21	26	47	0.00000
Lactococcus_garvieae	1363	S	15	26	41	0.00000
Enterococcus_avium	33945	S	30	19	49	0.00000
Enterococcus_gilvus	160453	S	29	14	43	0.00000
Enterococcus_faecalis	1351	S	28	34	62	0.00001
Enterococcus_casseliflavus	37734	S	23	73	96	0.00001
Enterococcus_faecium	1352	S	22	176	198	0.00002
Enterococcus_mundtii	53346	S	17	8	25	0.00000
Enterococcus_wangshanyuanii	2005703	S	15	2	17	0.00000
Enterococcus_rotai	118060	S	15	0	15	0.00000
Enterococcus_raffinosus	71452	S	13	8	21	0.00000
Enterococcus_cecorum	44008	S	13	11	24	0.00000
Enterococcus_hirae	1354	S	13	12	25	0.00000
Enterococcus_durans	53345	S	11	13	24	0.00000
Vagococcus_lutrae	81947	S	19	39	58	0.00000
Vagococcus_coleopterorum	2714946	S	14	6	20	0.00000
Vagococcus_zengguangii	2571750	S	10	9	19	0.00000
Tetragenococcus_halophilus	51669	S	13	16	29	0.00000
Jeotgalibaca_sp._MA1X17-3	2908211	S	26	7	33	0.00000
Jeotgalibaca_dankookensis	708126	S	19	6	25	0.00000
Jeotgalibaca_porci	1868793	S	17	15	32	0.00000
Jeotgalibaca_ciconiae	2496265	S	15	10	25	0.00000
Carnobacterium_maltaromaticum	2751	S	17	14	31	0.00000
Carnobacterium_divergens	2748	S	16	9	25	0.00000
Dolosigranulum_pigrum	29394	S	38	14	52	0.00000
Marinilactibacillus_sp._15R	1911586	S	29	13	42	0.00000
Granulicatella_elegans	137732	S	12	36	48	0.00000
Granulicatella_adiacens	46124	S	10	5	15	0.00000
Aerococcus_sanguinicola	119206	S	31	34	65	0.00001
Aerococcus_urinae	1376	S	21	30	51	0.00000
Aerococcus_urinaehominis	128944	S	11	9	20	0.00000
Suicoccus_acidiformans	2036206	S	15	10	25	0.00000
Abiotrophia_defectiva	46125	S	11	3	14	0.00000
Ignavigranum_ruoffiae	89093	S	11	1	12	0.00000
Thermaerobacter_sp._FW80	2546351	S	2098	452	2550	0.00021
Thermaerobacter_sp._PB12/4term	2293838	S	1444	363	1807	0.00015
Thermaerobacter_marianensis	73919	S	1645	394	2039	0.00017
Intestinimonas_butyriciproducens	1297617	S	353	152	505	0.00004
Emergencia_timonensis	1776384	S	156	66	222	0.00002
Aminipila_luticellarii	2507160	S	53	4	57	0.00000
Aminipila_terrae	2697030	S	29	2	31	0.00000
Aminipila_butyrica	433296	S	26	2	28	0.00000
Flintibacter_sp._KGMB00164	2610895	S	225	31	256	0.00002
Massilistercora_timonensis	2086584	S	110	134	244	0.00002
Carboxydocella_thermautotrophica	178899	S	108	12	120	0.00001
Faecalibacterium_prausnitzii	853	S	1200	1282	2482	0.00021
Dysosmobacter_sp._Marseille-Q4140	2830675	S	462	224	686	0.00006
Dysosmobacter_welbionis	2093857	S	313	250	563	0.00005
Flavonifractor_plautii	292800	S	789	230	1019	0.00009
Vescimonas_coprocola	2714355	S	245	248	493	0.00004
Vescimonas_fastidiosa	2714353	S	143	274	417	0.00003
Ethanoligenens_harbinense	253239	S	402	24	426	0.00004
Ruthenibacterium_lactatiformans	1550024	S	350	123	473	0.00004
Caproiciproducens_sp._NJN-50	2507162	S	335	49	384	0.00003
Anaerotruncus_colihominis	169435	S	282	164	446	0.00004
Oscillibacter_sp._NSJ-62	2763056	S	279	96	375	0.00003
Acutalibacter_muris	1796620	S	211	11	222	0.00002
Ruminococcus_champanellensis	1161942	S	114	7	121	0.00001
Ruminococcus_albus	1264	S	39	1	40	0.00000
Ruminococcus_bovis	2564099	S	27	4	31	0.00000
Ruminococcus_bicirculans	1160721	S	20	5	25	0.00000
Caproicibacter_fermentans	2576756	S	187	12	199	0.00002
Pusillibacter_faecalis	2714358	S	172	133	305	0.00003
Caproicibacterium_lactatifermentans	2666138	S	69	8	77	0.00001
Caproicibacterium_amylolyticum	2766537	S	54	4	58	0.00000
Solibaculum_mannosilyticum	2780922	S	116	134	250	0.00002
Acetivibrio_saccincola	1677857	S	25	22	47	0.00000
Acetivibrio_clariflavus	288965	S	24	21	45	0.00000
Acetivibrio_thermocellus	1515	S	19	4	23	0.00000
Monoglobus_pectinilyticus	1981510	S	40	24	64	0.00001
Ruminiclostridium_cellulolyticum	1521	S	20	5	25	0.00000
Ruminiclostridium_herbifermentans	2488810	S	19	6	25	0.00000
Thermoclostridium_stercorarium	1510	S	25	5	30	0.00000
Pseudoclostridium_thermosuccinogenes	84032	S	25	6	31	0.00000
Mageeibacillus_indolicus	884684	S	25	36	61	0.00001
Fastidiosipila_sanguinis	236753	S	18	14	32	0.00000
Symbiobacterium_thermophilum	2734	S	2346	229	2575	0.00022
Clostridium_sp._SY8519	1042156	S	71	24	95	0.00001
Clostridium_sp._C5S11	704125	S	61	8	69	0.00001
Clostridium_sp._M62/1	411486	S	59	85	144	0.00001
Clostridium_sp._DL-VIII	641107	S	39	8	47	0.00000
Clostridium_sp._BNL1100	755731	S	26	2	28	0.00000
Clostridium_sp._JN-1	2483110	S	22	3	25	0.00000
Clostridium_sp._JN-9	2507159	S	21	3	24	0.00000
Clostridium_sp._'deep_sea'	2779445	S	15	0	15	0.00000
Clostridium_sp._MD294	97138	S	13	0	13	0.00000
Clostridium_sp._C1	1155388	S	13	14	27	0.00000
Clostridium_sp._AWRP	2212991	S	12	6	18	0.00000
Clostridium_pasteurianum	1501	S	117	22	139	0.00001
Clostridium_botulinum	1491	S	92	115	207	0.00002
Clostridium_saccharoperbutylacetonicum	36745	S	74	17	91	0.00001
Clostridium_perfringens	1502	S	55	18	73	0.00001
Clostridium_beijerinckii	1520	S	45	114	159	0.00001
Clostridium_argentinense	29341	S	43	7	50	0.00000
Clostridium_cellulovorans	1493	S	38	6	44	0.00000
Clostridium_butyricum	1492	S	34	7	41	0.00000
Clostridium_baratii	1561	S	30	9	39	0.00000
Clostridium_saccharobutylicum	169679	S	30	6	36	0.00000
Clostridium_kluyveri	1534	S	29	2	31	0.00000
Clostridium_thermarum	1716543	S	28	17	45	0.00000
Clostridium_cadaveris	1529	S	24	6	30	0.00000
Clostridium_intestinale	36845	S	24	3	27	0.00000
Clostridium_tetani	1513	S	23	6	29	0.00000
Clostridium_sporogenes	1509	S	21	124	145	0.00001
Clostridium_estertheticum	238834	S	20	4	24	0.00000
Clostridium_manihotivorum	2320868	S	20	2	22	0.00000
Clostridium_gasigenes	94869	S	19	3	22	0.00000
Clostridium_tyrobutyricum	1519	S	19	1	20	0.00000
Clostridium_acetobutylicum	1488	S	18	0	18	0.00000
Clostridium_aceticum	84022	S	18	2	20	0.00000
Clostridium_carboxidivorans	217159	S	16	4	20	0.00000
Clostridium_formicaceticum	1497	S	14	3	17	0.00000
Clostridium_isatidis	182773	S	13	6	19	0.00000
Clostridium_drakei	332101	S	11	8	19	0.00000
Clostridium_bornimense	1216932	S	10	4	14	0.00000
Clostridium_chauvoei	46867	S	10	3	13	0.00000
Clostridium_novyi	1542	S	10	66	76	0.00001
Hungatella_hathewayi	154046	S	137	5	142	0.00001
Alkaliphilus_sp._B6464	2731219	S	39	12	51	0.00000
Alkaliphilus_oremlandii	461876	S	30	9	39	0.00000
Alkaliphilus_metalliredigens	208226	S	27	6	33	0.00000
Geosporobacter_ferrireducens	1424294	S	43	8	51	0.00000
Paraclostridium_bifermentans	1490	S	41	12	53	0.00000
Crassaminicella_profunda	1286698	S	16	3	19	0.00000
Crassaminicella_thermophila	2599308	S	13	4	17	0.00000
Crassaminicella_sp._143-21	2855394	S	10	3	13	0.00000
Caloramator_sp._E03	2576307	S	20	2	22	0.00000
Serpentinicella_alkaliphila	1734049	S	18	3	21	0.00000
Hathewaya_histolytica	1498	S	15	7	22	0.00000
Sarcina_sp._JB2	2726954	S	10	6	16	0.00000
[Clostridium]_scindens	29347	S	103	49	152	0.00001
Lachnoclostridium_phocaeense	1871021	S	100	104	204	0.00002
[Clostridium]_hylemonae	89153	S	93	28	121	0.00001
Lachnoclostridium_sp._YL32	1834196	S	17	23	40	0.00000
Lachnoclostridium_phytofermentans	66219	S	11	0	11	0.00000
Blautia_producta	33035	S	76	16	92	0.00001
Blautia_sp._NBRC_113351	2877527	S	48	65	113	0.00001
Blautia_sp._SC05B48	2479767	S	18	55	73	0.00001
Blautia_pseudococcoides	1796616	S	38	5	43	0.00000
Blautia_liquoris	2779518	S	20	1	21	0.00000
Blautia_hansenii	1322	S	15	10	25	0.00000
Blautia_obeum	40520	S	13	13	26	0.00000
Blautia_argi	1912897	S	13	14	27	0.00000
Lachnospiraceae_bacterium_NSJ-29	2763667	S	79	28	107	0.00001
Lachnospiraceae_bacterium_sunii_NSJ-8	2763672	S	56	49	105	0.00001
Lachnospiraceae_bacterium_NSJ-38	2763669	S	51	24	75	0.00001
Lachnospiraceae_bacterium_NSJ-4	2763670	S	21	23	44	0.00000
Anaerocolumna_cellulosilytica	433286	S	75	5	80	0.00001
Anaerocolumna_chitinilytica	1727145	S	49	2	51	0.00000
Anaerocolumna_sedimenticola	2696063	S	45	4	49	0.00000
Enterocloster_bolteae	208479	S	102	35	137	0.00001
Enterocloster_clostridioformis	1531	S	20	54	74	0.00001
Roseburia_hominis	301301	S	68	79	147	0.00001
Roseburia_intestinalis	166486	S	25	31	56	0.00000
Roseburia_sp._NSJ-69	2763062	S	18	6	24	0.00000
Anaerostipes_caccae	105841	S	38	15	53	0.00000
Anaerostipes_hadrus	649756	S	24	25	49	0.00000
Anaerostipes_rhamnosivorans	1229621	S	23	14	37	0.00000
Lacrimispora_sphenoides	29370	S	53	4	57	0.00000
Lacrimispora_saccharolytica	84030	S	39	6	45	0.00000
Coprococcus_comes	410072	S	45	55	100	0.00001
Coprococcus_eutactus	33043	S	19	22	41	0.00000
Coprococcus_catus	116085	S	15	9	24	0.00000
Butyrivibrio_fibrisolvens	831	S	39	14	53	0.00000
Anaerotignum_propionicum	28446	S	55	5	60	0.00001
[Ruminococcus]_gnavus	33038	S	30	23	53	0.00000
[Ruminococcus]_torques	33039	S	13	12	25	0.00000
Novisyntrophococcus_fermenticellae	2068655	S	36	4	40	0.00000
Herbinix_luporum	1679721	S	31	22	53	0.00000
Sellimonas_intestinalis	1653434	S	29	18	47	0.00000
Anaerobutyricum_hallii	39488	S	27	10	37	0.00000
Faecalicatena_sp._Marseille-Q4148	2823316	S	20	11	31	0.00000
Lachnospira_eligens	39485	S	18	3	21	0.00000
Dorea_longicatena	88431	S	16	17	33	0.00000
Lachnoanaerobaculum_umeaense	617123	S	13	3	16	0.00000
[Clostridium]_colinum	36835	S	10	1	11	0.00000
Pseudobutyrivibrio_xylanivorans	185007	S	10	0	10	0.00000
Candidatus_Desulforudis_audaxviator	471827	S	626	39	665	0.00006
Desulforamulus_ferrireducens	1833852	S	103	74	177	0.00001
Desulforamulus_ruminis	1564	S	100	20	120	0.00001
Desulforamulus_reducens	59610	S	37	9	46	0.00000
Acididesulfobacillus_acetoxydans	1561005	S	203	9	212	0.00002
Candidatus_Formimonas_warabiya	1761012	S	107	13	120	0.00001
Thermanaerosceptrum_fracticalcis	1712410	S	67	13	80	0.00001
Desulfofarcimen_acetoxidans	58138	S	47	7	54	0.00000
Dehalobacterium_formicoaceticum	51515	S	43	11	54	0.00000
Christensenella_sp._Marseille-P3954	2086585	S	615	317	932	0.00008
Christensenella_minuta	626937	S	141	45	186	0.00002
Desulfitobacterium_hafniense	49338	S	100	13	113	0.00001
Desulfitobacterium_dehalogenans	36854	S	40	10	50	0.00000
Desulfitobacterium_metallireducens	142877	S	37	10	47	0.00000
Desulfitobacterium_dichloroeliminans	233055	S	25	27	52	0.00000
Desulfosporosinus_youngiae	339862	S	50	15	65	0.00001
Desulfosporosinus_orientis	1563	S	49	9	58	0.00000
Desulfosporosinus_meridiei	79209	S	35	11	46	0.00000
Desulfosporosinus_acidiphilus	885581	S	33	6	39	0.00000
Dehalobacter_restrictus	55583	S	31	70	101	0.00001
Syntrophobotulus_glycolicus	51197	S	61	5	66	0.00001
Heliomicrobium_modesticaldum	35701	S	567	325	892	0.00007
Heliorestis_convoluta	356322	S	33	2	35	0.00000
Eubacterium_limosum	1736	S	93	70	163	0.00001
Eubacterium_sp._c-25	2841037	S	27	15	42	0.00000
Eubacterium_sp._MSJ-33	2841528	S	22	14	36	0.00000
Eubacterium_sp._NSJ-61	2764325	S	12	22	34	0.00000
Eubacterium_callanderi	53442	S	45	25	70	0.00001
Eubacterium_maltosivorans	2041044	S	40	137	177	0.00001
Acetobacterium_wieringae	52694	S	40	47	87	0.00001
Acetobacterium_sp._KB-1	2184575	S	34	33	67	0.00001
Alkalibacter_sp._ES005	2815577	S	74	5	79	0.00001
Peptoclostridium_acidaminophilum	1731	S	66	12	78	0.00001
Clostridioides_difficile	1496	S	38	892	930	0.00008
Romboutsia_hominis	1507512	S	17	5	22	0.00000
Romboutsia_sp._CE17	2724150	S	16	5	21	0.00000
Romboutsia_ilealis	1115758	S	12	4	16	0.00000
Terrisporobacter_sp._MCA3	2813371	S	40	5	45	0.00000
Paeniclostridium_sordellii	1505	S	25	5	30	0.00000
Tepidibacter_sp._8C15b	2925782	S	16	3	19	0.00000
Acetoanaerobium_sticklandii	1511	S	11	1	12	0.00000
Syntrophothermus_lipocalidus	86170	S	111	9	120	0.00001
Syntrophomonas_wolfei	863	S	49	8	57	0.00000
Candidatus_Contubernalis_alkalaceticum	338645	S	39	2	41	0.00000
Candidatus_Syntrophocurvum_alkaliphilum	2293317	S	15	3	18	0.00000
Desulfoscipio_gibsoniae	102134	S	151	13	164	0.00001
Thermincola_potens	863643	S	81	7	88	0.00001
Desulfotomaculum_nigrificans	1565	S	78	33	111	0.00001
Caloranaerobacter_azorensis	116090	S	69	10	79	0.00001
Vallitalea_pronyensis	1348613	S	22	1	23	0.00000
Vallitalea_guaymasensis	1185412	S	12	0	12	0.00000
Petrocella_atlantisensis	2173034	S	15	2	17	0.00000
Alkalicella_caledoniensis	2731377	S	23	3	26	0.00000
Moorella_sp._Hama-1	2138101	S	354	63	417	0.00003
Moorella_thermoacetica	1525	S	323	48	371	0.00003
Moorella_glycerini	55779	S	235	20	255	0.00002
Ammonifex_degensii	42838	S	374	15	389	0.00003
Gelria_sp._Kuro-4	2796927	S	830	66	896	0.00007
Thermacetogenium_phaeum	85874	S	335	340	675	0.00006
Carboxydothermus_hydrogenoformans	129958	S	128	11	139	0.00001
Thermoanaerobacter_mathranii	583357	S	35	79	114	0.00001
Thermoanaerobacter_kivui	2325	S	13	10	23	0.00000
Thermanaeromonas_toyohensis	161154	S	65	2	67	0.00001
Caldanaerobacter_subterraneus	911092	S	48	52	100	0.00001
Caldicellulosiruptor_changbaiensis	1222016	S	17	36	53	0.00000
Caldicellulosiruptor_owensensis	55205	S	10	9	19	0.00000
Caldicellulosiruptor_acetigenus	301953	S	10	5	15	0.00000
Thermoanaerobacterium_thermosaccharolyticum	1517	S	24	50	74	0.00001
Mahella_australiensis	252966	S	75	40	115	0.00001
Zhaonella_formicivorans	2528593	S	75	12	87	0.00001
Iocasia_fonsfrigidae	2682810	S	57	6	63	0.00001
Halothermothrix_orenii	31909	S	53	8	61	0.00001
Halanaerobium_praevalens	2331	S	15	11	26	0.00000
Halanaerobium_hydrogeniformans	656519	S	13	7	20	0.00000
Halobacteroides_halobius	42422	S	60	15	75	0.00001
Acetohalobium_arabaticum	28187	S	14	2	16	0.00000
Anoxybacter_fermentans	1323375	S	73	20	93	0.00001
Biomaibacter_acetigenes	2316383	S	102	10	112	0.00001
Tepidanaerobacter_acetatoxydans	499229	S	38	2	40	0.00000
Thermosediminibacter_oceani	291990	S	139	12	151	0.00001
Natranaerofaba_carboxydovora	2742683	S	71	3	74	0.00001
Natranaerobius_thermophilus	375929	S	42	3	45	0.00000
Koleobacter_methoxysyntrophicus	2751313	S	102	11	113	0.00001
Selenomonas_sp._oral_taxon_126	712528	S	385	99	484	0.00004
Selenomonas_sp._oral_taxon_920	1884263	S	242	54	296	0.00002
Selenomonas_sp._oral_taxon_478	712538	S	129	188	317	0.00003
Selenomonas_sp._oral_taxon_136	713030	S	90	123	213	0.00002
Selenomonas_sputigena	69823	S	740	60	800	0.00007
Selenomonas_timonae	2754044	S	294	131	425	0.00004
Selenomonas_ruminantium	971	S	154	14	168	0.00001
Pectinatus_frisingensis	865	S	11	0	11	0.00000
Sporomusa_termitida	2377	S	117	15	132	0.00001
Pelosinus_fermentans	365349	S	44	6	50	0.00000
Pelosinus_sp._UFO1	484770	S	37	8	45	0.00000
Methylomusa_anaerophila	1930071	S	75	5	80	0.00001
Megasphaera_elsdenii	907	S	246	103	349	0.00003
Megasphaera_stantonii	2144175	S	225	135	360	0.00003
Megasphaera_massiliensis	1232428	S	98	35	133	0.00001
Dialister_pneumosintes	39950	S	16	65	81	0.00001
Veillonella_atypica	39777	S	16	10	26	0.00000
Veillonella_rodentium	248315	S	15	5	20	0.00000
Veillonella_parvula	29466	S	14	11	25	0.00000
Acidaminococcus_fermentans	905	S	171	24	195	0.00002
Acidaminococcus_intestini	187327	S	49	9	58	0.00000
Phascolarctobacterium_faecium	33025	S	45	4	49	0.00000
Phascolarctobacterium_succinatutens	626940	S	41	83	124	0.00001
Phascolarctobacterium_sp._Marseille-Q4147	2823317	S	30	16	46	0.00000
Limnochorda_pilosa	1555112	S	2316	106	2422	0.00020
Peptoniphilus_ivorii	54006	S	116	32	148	0.00001
Peptoniphilus_harei	54005	S	25	27	52	0.00000
Murdochiella_vaginalis	1852373	S	65	78	143	0.00001
Anaerococcus_mediterraneensis	1870984	S	20	62	82	0.00001
Parvimonas_micra	33033	S	14	26	40	0.00000
Miniphocaeibacter_halophilus	2931922	S	10	0	10	0.00000
Gudongella_oleilytica	1582259	S	22	5	27	0.00000
Tissierella_sp._JN-28	2507161	S	19	4	23	0.00000
Schnuerera_ultunensis	45497	S	17	5	22	0.00000
Keratinibaculum_paraultunense	1278232	S	11	7	18	0.00000
Gottschalkia_acidurici	1556	S	70	8	78	0.00001
Ezakiella_coagulans	46507	S	48	138	186	0.00002
Ezakiella_massiliensis	1852374	S	17	11	28	0.00000
Sedimentibacter_sp._zth1	2816908	S	22	2	24	0.00000
Allobaculum_sp._Allo2	2853432	S	59	13	72	0.00001
Allobaculum_mucolyticum	2834459	S	42	11	53	0.00000
Faecalibaculum_rodentium	1702221	S	100	26	126	0.00001
[Clostridium]_innocuum	1522	S	54	56	110	0.00001
Erysipelatoclostridium_ramosum	1547	S	14	8	22	0.00000
Erysipelothrix_sp._HDW6B	2714929	S	10	10	20	0.00000
Erysipelothrix_larvae	1514105	S	14	8	22	0.00000
Intestinibaculum_porci	2487118	S	22	9	31	0.00000
Bulleidia_sp._zg-1006	2806552	S	14	5	19	0.00000
Turicibacter_sp._H121	1712675	S	13	20	33	0.00000
Turicibacter_sp._TJ11	2806443	S	10	13	23	0.00000
Ndongobacter_massiliensis	1871025	S	75	74	149	0.00001
endosymbiont_'TC1'_of_Trimyema_compressum	243899	S	45	2	47	0.00000
Deinococcus_sp._NW-56	2080419	S	1172	183	1355	0.00011
Deinococcus_sp._TS-293	2737050	S	978	113	1091	0.00009
Deinococcus_sp._KNUC1210	2917691	S	764	35	799	0.00007
Deinococcus_sp._AJ005	2652443	S	557	52	609	0.00005
Deinococcus_sp._QL22	2939437	S	361	33	394	0.00003
Deinococcus_maricopensis	309887	S	1494	154	1648	0.00014
Deinococcus_ficus	317577	S	1394	149	1543	0.00013
Deinococcus_gobiensis	502394	S	1368	205	1573	0.00013
Deinococcus_metallilatus	1211322	S	1325	169	1494	0.00012
Deinococcus_actinosclerus	1768108	S	1274	846	2120	0.00018
Deinococcus_irradiatisoli	2202254	S	980	100	1080	0.00009
Deinococcus_peraridilitoris	432329	S	942	53	995	0.00008
Deinococcus_wulumuqiensis	980427	S	887	366	1253	0.00010
Deinococcus_radiopugnans	57497	S	787	107	894	0.00007
Deinococcus_soli_(ex_Cha_et_al._2016)	1309411	S	718	741	1459	0.00012
Deinococcus_radiodurans	1299	S	697	730	1427	0.00012
Deinococcus_geothermalis	68909	S	670	116	786	0.00007
Deinococcus_deserti	310783	S	508	40	548	0.00005
Deinococcus_psychrotolerans	2489213	S	497	15	512	0.00004
Deinococcus_proteolyticus	55148	S	450	108	558	0.00005
Deinococcus_radiophilus	32062	S	255	57	312	0.00003
Deinococcus_puniceus	1182568	S	165	28	193	0.00002
Thermus_thermophilus	274	S	826	939	1765	0.00015
Thermus_oshimai	56957	S	453	91	544	0.00005
Thermus_sp._CCB_US3_UF1	1111069	S	337	52	389	0.00003
Thermus_sp._NEB1569	2918899	S	76	136	212	0.00002
Thermus_aquaticus	271	S	333	51	384	0.00003
Thermus_brockianus	56956	S	317	64	381	0.00003
Thermus_caldilimi	2483360	S	160	41	201	0.00002
Thermus_scotoductus	37636	S	95	145	240	0.00002
Thermus_parvatiensis	456163	S	53	258	311	0.00003
Meiothermus_silvanus	52022	S	718	119	837	0.00007
Meiothermus_taiwanensis	172827	S	558	209	767	0.00006
Meiothermus_ruber	277	S	513	202	715	0.00006
Oceanithermus_profundus	187137	S	2115	261	2376	0.00020
Marinithermus_hydrothermalis	186192	S	1440	260	1700	0.00014
Truepera_radiovictrix	332249	S	1769	118	1887	0.00016
Sphaerobacter_thermophilus	2057	S	6423	469	6892	0.00058
Thermomicrobium_roseum	500	S	1461	37	1498	0.00013
Roseiflexus_sp._RS-1	357808	S	2361	468	2829	0.00024
Roseiflexus_castenholzii	120962	S	2194	453	2647	0.00022
Chloroflexus_aurantiacus	1108	S	887	147	1034	0.00009
Chloroflexus_aggregans	152260	S	680	160	840	0.00007
Tepidiforma_bonchosmolovskayae	2601677	S	4696	225	4921	0.00041
Candidatus_Promineofilum_breve	1806508	S	3805	87	3892	0.00033
Anaerolinea_thermophila	167964	S	1458	162	1620	0.00014
Pelolinea_submarina	913107	S	983	51	1034	0.00009
Brevefilum_fermentans	1986204	S	416	16	432	0.00004
Caldilinea_aerophila	133453	S	1882	151	2033	0.00017
Dehalogenimonas_formicexedens	1839801	S	415	101	516	0.00004
Dehalogenimonas_sp._GP	1536648	S	277	67	344	0.00003
Dehalococcoides_mccartyi	61435	S	95	250	345	0.00003
Phototrophicus_methaneseepsis	2710758	S	931	12	943	0.00008
Ktedonosporobacter_rubrisoli	2509675	S	891	33	924	0.00008
Thermobaculum_terrenum	166501	S	701	129	830	0.00007
Synechococcus_sp._CBW1004	1353136	S	671	178	849	0.00007
Synechococcus_sp._RSCCF101	2511069	S	582	138	720	0.00006
Synechococcus_sp._CBW1107	2789857	S	556	111	667	0.00006
Synechococcus_sp._JA-3-3Ab	321327	S	362	91	453	0.00004
Synechococcus_sp._CB0101	232348	S	356	80	436	0.00004
Synechococcus_sp._CBW1108	1353147	S	349	50	399	0.00003
Synechococcus_sp._SynAce01	1916956	S	331	37	368	0.00003
Synechococcus_sp._NB0720_10	2907159	S	274	73	347	0.00003
Synechococcus_sp._PCC_7336	195250	S	254	9	263	0.00002
Synechococcus_sp._LTW-R	2751170	S	247	62	309	0.00003
Synechococcus_sp._JA-2-3B'a(2-13)	321332	S	217	50	267	0.00002
Synechococcus_sp._LA31	2741953	S	215	49	264	0.00002
Synechococcus_sp._RS9909	221352	S	215	81	296	0.00002
Synechococcus_sp._WH_8101	59932	S	182	63	245	0.00002
Synechococcus_sp._KORDI-100	1280380	S	168	12	180	0.00002
Synechococcus_sp._A10-1-5-1	2936507	S	160	37	197	0.00002
Synechococcus_sp._HK01-R	2751171	S	150	26	176	0.00001
Synechococcus_sp._Minos11	221341	S	141	10	151	0.00001
Synechococcus_sp._NOUM97013	1442555	S	115	18	133	0.00001
Synechococcus_sp._BMK-MC-1	1442551	S	109	44	153	0.00001
Synechococcus_sp._PROS-U-1	1400866	S	105	19	124	0.00001
Synechococcus_sp._KORDI-52	585425	S	101	32	133	0.00001
Synechococcus_sp._PCC_6312	195253	S	98	5	103	0.00001
Synechococcus_sp._KORDI-49	585423	S	95	93	188	0.00002
Synechococcus_sp._PROS-7-1	1442556	S	91	40	131	0.00001
Synechococcus_sp._BIOS-E4-1	1400864	S	86	9	95	0.00001
Synechococcus_sp._MEDNS5	1442554	S	75	24	99	0.00001
Synechococcus_sp._CC9902	316279	S	72	7	79	0.00001
Synechococcus_sp._A15-62	1050657	S	72	50	122	0.00001
Synechococcus_sp._MIT_S9220	166309	S	71	10	81	0.00001
Synechococcus_sp._CBW1006	1353138	S	62	450	512	0.00004
Synechococcus_sp._BIOS-U3-1	1400865	S	62	7	69	0.00001
Synechococcus_sp._A15-127	1050624	S	62	60	122	0.00001
Synechococcus_sp._CBW1002	1353134	S	61	504	565	0.00005
Synechococcus_sp._PCC_7003	374981	S	61	19	80	0.00001
Synechococcus_sp._NIES-970	1827144	S	57	11	68	0.00001
Synechococcus_sp._A15-44	1050646	S	48	83	131	0.00001
Synechococcus_sp._ROS8604	1442557	S	47	12	59	0.00000
Synechococcus_sp._WH_8109	166314	S	46	34	80	0.00001
Synechococcus_sp._RS9907	221350	S	41	93	134	0.00001
Synechococcus_sp._RS9902	221345	S	39	77	116	0.00001
Synechococcus_sp._PROS-9-1	1968775	S	35	8	43	0.00000
Synechococcus_sp._WH_8020	32052	S	35	6	41	0.00000
Synechococcus_sp._TAK9802	1442558	S	34	80	114	0.00001
Synechococcus_sp._M16.1	1442553	S	33	95	128	0.00001
Synechococcus_sp._PCC_7502	1173263	S	33	2	35	0.00000
Synechococcus_sp._PCC_11901	2579791	S	19	88	107	0.00001
Synechococcus_sp._MVIR-18-1	1386941	S	18	30	48	0.00000
Synechococcus_sp._CC9311	64471	S	17	4	21	0.00000
Synechococcus_sp._SYN20	1050714	S	14	20	34	0.00000
Synechococcus_sp._A18-25c	1866938	S	13	92	105	0.00001
Synechococcus_elongatus	32046	S	339	15	354	0.00003
Dactylococcopsis_salina	292566	S	42	18	60	0.00001
Cyanobium_sp._NIES-981	1851505	S	596	195	791	0.00007
Cyanobium_sp._NS01	261284	S	536	197	733	0.00006
Cyanobium_gracile	59930	S	781	170	951	0.00008
Parasynechococcus_marenigrum	2881428	S	180	55	235	0.00002
Prochlorococcus_marinus	1219	S	96	21	117	0.00001
Acaryochloris_marina	155978	S	111	47	158	0.00001
Acaryochloris_sp._'Moss_Beach'	2740837	S	15	38	53	0.00000
Chamaesiphon_minutus	1173032	S	171	11	182	0.00002
Synechocystis_sp._PCC_6714	1147	S	33	14	47	0.00000
Synechocystis_sp._CACIAM_05	1933929	S	10	92	102	0.00001
Nostoc_sp._NIES-4103	2005458	S	310	65	375	0.00003
Nostoc_sp._UHCC_0702	2814655	S	166	32	198	0.00002
Nostoc_sp._C052	2576902	S	105	26	131	0.00001
Nostoc_sp._MS1	2764711	S	91	25	116	0.00001
Nostoc_sp._TCL26-01	2576904	S	86	12	98	0.00001
Nostoc_sp._ATCC_53789	76335	S	85	121	206	0.00002
Nostoc_sp._CENA543	1869241	S	85	13	98	0.00001
Nostoc_sp._'Lobaria_pulmonaria_(5183)_cyanobiont'	1618022	S	84	18	102	0.00001
Nostoc_sp._PCC_7524	28072	S	78	15	93	0.00001
Nostoc_sp._UHCC_0870	2914041	S	74	23	97	0.00001
Nostoc_sp._'Peltigera_membranacea_cyanobiont'_N6	1261031	S	68	20	88	0.00001
Nostoc_sp._PCC_7107	317936	S	45	22	67	0.00001
Nostoc_sp._TCL240-02	2572090	S	38	20	58	0.00000
Nostoc_sp._C057	2576903	S	36	53	89	0.00001
Nostoc_sp._NIES-2111	1973475	S	28	59	87	0.00001
Nostoc_sp._NIES-3756	1751286	S	25	63	88	0.00001
Nostoc_linckia	92942	S	779	179	958	0.00008
Nostoc_edaphicum	264686	S	100	28	128	0.00001
Nostoc_sphaeroides	446679	S	93	59	152	0.00001
Nostoc_flagelliforme	1306274	S	76	28	104	0.00001
Nostoc_piscinale	224012	S	70	30	100	0.00001
Nostoc_commune	1178	S	55	18	73	0.00001
Nostoc_punctiforme	272131	S	54	38	92	0.00001
Anabaena_sp._WA102	1647413	S	48	93	141	0.00001
Anabaena_sp._90	46234	S	20	166	186	0.00002
Anabaena_cylindrica	1165	S	59	16	75	0.00001
Cylindrospermum_stagnale	142864	S	103	32	135	0.00001
Trichormus_azollae	1164	S	30	5	35	0.00000
Richelia_sinica	1357545	S	35	6	41	0.00000
Calothrix_sp._NIES-3974	2005462	S	163	14	177	0.00001
Calothrix_sp._PCC_7716	2853227	S	105	66	171	0.00001
Calothrix_sp._PCC_7507	99598	S	90	20	110	0.00001
Calothrix_sp._NIES-2100	1954172	S	86	53	139	0.00001
Calothrix_sp._PCC_6303	1170562	S	77	22	99	0.00001
Calothrix_sp._336/3	1337936	S	66	18	84	0.00001
Calothrix_sp._NIES-2098	1954171	S	57	33	90	0.00001
Calothrix_parasitica	1973486	S	108	6	114	0.00001
Calothrix_brevissima	938406	S	90	38	128	0.00001
Sphaerospermopsis_torques-reginae	984207	S	92	27	119	0.00001
Sphaerospermopsis_kisseleviana	289435	S	85	26	111	0.00001
Nodularia_sphaerocarpa	137816	S	66	17	83	0.00001
Nodularia_spumigena	70799	S	51	11	62	0.00001
Dolichospermum_compactum	136073	S	48	63	111	0.00001
Dolichospermum_flos-aquae	1166	S	16	138	154	0.00001
Dolichospermum_sp._UHCC_0315A	1914871	S	12	87	99	0.00001
Anabaenopsis_circularis	109266	S	45	28	73	0.00001
Anabaenopsis_elenkinii	156213	S	18	2	20	0.00000
Scytonema_sp._NIES-4073	2005464	S	176	75	251	0.00002
Scytonema_sp._HK-05	1137095	S	143	52	195	0.00002
Brasilonema_sennae	1397703	S	98	10	108	0.00001
Tolypothrix_sp._PCC_7910	2099387	S	104	26	130	0.00001
Tolypothrix_tenuis	457083	S	72	27	99	0.00001
Fischerella_sp._NIES-4106	2005456	S	75	10	85	0.00001
Fischerella_sp._NIES-3754	1752063	S	73	16	89	0.00001
Rivularia_sp._PCC_7116	373994	S	51	3	54	0.00000
Leptolyngbya_sp._7M	2812896	S	1570	110	1680	0.00014
Leptolyngbya_sp._BL0902	1115757	S	277	19	296	0.00002
Leptolyngbya_sp._NIES-3755	1752064	S	67	10	77	0.00001
Leptolyngbya_sp._PCC_7376	111781	S	30	3	33	0.00000
Leptolyngbya_boryana	1184	S	95	0	95	0.00001
Kovacikia_minuta	2931930	S	346	37	383	0.00003
Leptothermofonsia_sichuanensis	2917832	S	182	17	199	0.00002
Leptodesmis_sichuanensis	2906798	S	179	20	199	0.00002
Thermoleptolyngbya_sp._PKUAC-SCTB121	2811482	S	28	409	437	0.00004
Thermosynechococcus_sp._NK55a	1394889	S	65	25	90	0.00001
Thermosynechococcus_sp._TA-1	2813673	S	30	37	67	0.00001
Thermosynechococcus_sp._CL-1	2583530	S	19	24	43	0.00000
Thermosynechococcus_vestitus	146786	S	104	31	135	0.00001
Halomicronema_hongdechloris	1209493	S	269	12	281	0.00002
Pseudanabaena_sp._ABRG5-3	685565	S	140	9	149	0.00001
Pseudanabaena_sp._PCC_7367	82654	S	86	3	89	0.00001
Gloeobacter_kilaueensis	1416614	S	1023	31	1054	0.00009
Gloeobacter_morelensis	2907343	S	767	327	1094	0.00009
Gloeobacter_violaceus	33072	S	656	307	963	0.00008
Anthocerotibacter_panamensis	2857077	S	278	9	287	0.00002
Moorena_producens	1155739	S	499	14	513	0.00004
Oscillatoria_nigro-viridis	482564	S	161	73	234	0.00002
Oscillatoria_acuminata	118323	S	89	6	95	0.00001
Geitlerinema_sp._PCC_7407	1173025	S	572	95	667	0.00006
Allocoleopsis_franciscana	2886352	S	128	15	143	0.00001
Oxynema_aestuarii	2874213	S	217	21	238	0.00002
Microcoleus_vaginatus	119532	S	123	35	158	0.00001
Planktothrix_agardhii	1160	S	22	18	40	0.00000
Planktothrix_rubescens	59512	S	17	9	26	0.00000
[Phormidium]_sp._ETS-05	222819	S	161	10	171	0.00001
Crinalium_epipsammum	241425	S	61	9	70	0.00001
Limnospira_indica	147322	S	26	41	67	0.00001
Microcystis_aeruginosa	1126	S	136	175	311	0.00003
Microcystis_sp._MC19	1967666	S	19	13	32	0.00000
Gloeothece_citriformis	2546356	S	43	5	48	0.00000
Gloeothece_verrucosa	2546359	S	39	4	43	0.00000
Halothece_sp._PCC_7418	65093	S	51	18	69	0.00001
Euhalothece_natronophila	577489	S	15	2	17	0.00000
Rippkaea_orientalis	2546366	S	45	5	50	0.00000
Crocosphaera_subtropica	2546360	S	38	3	41	0.00000
Geminocystis_herdmanii	669359	S	56	12	68	0.00001
Geminocystis_sp._NIES-3708	1615909	S	17	3	20	0.00000
Geminocystis_sp._NIES-3709	1617448	S	17	3	20	0.00000
Gloeocapsa_sp._PCC_7428	1173026	S	57	6	63	0.00001
Chondrocystis_sp._NIES-4102	2005460	S	35	6	41	0.00000
Cyanobacterium_aponinum	379064	S	46	11	57	0.00000
Chroococcidiopsis_sp._CCMEE_29	155894	S	207	41	248	0.00002
Chroococcidiopsis_sp._CCNUC1	2653189	S	54	78	132	0.00001
Chroococcidiopsis_thermalis	54299	S	70	110	180	0.00002
Pleurocapsa_sp._PCC_7327	118163	S	127	16	143	0.00001
Stanieria_sp._NIES-3757	1807358	S	30	17	47	0.00000
Stanieria_cyanosphaera	102116	S	16	6	22	0.00000
Gloeomargarita_lithophora	1188228	S	131	5	136	0.00001
Thermostichus_lividus	33070	S	55	8	63	0.00001
cyanobacterium_endosymbiont_of_Epithemia_turgida	718217	S	16	3	19	0.00000
Fimbriimonas_ginsengisoli	1005039	S	2233	13	2246	0.00019
Chthonomonas_calidirosea	454171	S	712	6	718	0.00006
Mycoplasma_sp._SG1	2810348	S	10	0	10	0.00000
Mycoplasma_genitalium	2097	S	12	0	12	0.00000
Mesomycoplasma_mobile	2118	S	11	49	60	0.00001
Candidatus_Hepatoplasma_crinochetorum	295596	S	10	5	15	0.00000
Alteracholeplasma_palmae	38986	S	33	6	39	0.00000
Paracholeplasma_brassicae	61635	S	12	4	16	0.00000
Williamsoniiplasma_somnilux	215578	S	14	16	30	0.00000
Malacoplasma_iowae	2116	S	11	6	17	0.00000
Candidatus_Izimaplasma_sp._HR1	1541959	S	17	2	19	0.00000
Gemmata_obscuriglobus	114	S	15086	2610	17696	0.00148
Gemmata_massiliana	1210884	S	6093	2746	8839	0.00074
Gemmata_sp._SH-PL17	1630693	S	5683	2887	8570	0.00072
Urbifossiella_limnaea	2528023	S	28295	2820	31115	0.00260
Frigoriglobus_tundricola	2774151	S	17262	3040	20302	0.00170
Limnoglobus_roseus	2598579	S	13521	729	14250	0.00119
Tuwongella_immobilis	692036	S	1392	72	1464	0.00012
Telmatocola_sphagniphila	1123043	S	1147	13	1160	0.00010
Lacipirellula_parvula	2650471	S	10273	1363	11636	0.00097
Lacipirellula_limnantheis	2528024	S	9906	1527	11433	0.00096
Pirellulimonas_nuda	2528009	S	6174	767	6941	0.00058
Botrimarina_mediterranea	2528022	S	5665	607	6272	0.00052
Aeoliella_mucimassa	2527972	S	2169	206	2375	0.00020
Adhaeretor_mobilis	1930276	S	1291	144	1435	0.00012
Bythopirellula_goksoeyrii	1400387	S	1195	99	1294	0.00011
Anatilimnocola_aggregata	2528021	S	3884	481	4365	0.00036
Lignipirellula_cremea	2528010	S	3760	482	4242	0.00035
Stieleria_neptunia	2527979	S	1712	235	1947	0.00016
Stieleria_maiorica	2795974	S	1564	392	1956	0.00016
Rosistilla_oblonga	2527990	S	990	525	1515	0.00013
Rosistilla_carotiformis	2528017	S	688	326	1014	0.00008
Rosistilla_ulvae	1930277	S	603	393	996	0.00008
Pirellula_staleyi	125	S	1869	83	1952	0.00016
Pirellula_sp._SH-Sr6A	1632865	S	913	29	942	0.00008
Bremerella_volcania	2527984	S	2520	225	2745	0.00023
Roseimaritima_ulvae	980254	S	1467	112	1579	0.00013
Roseimaritima_multifibrata	1930274	S	422	56	478	0.00004
Rubripirellula_lacrimiformis	1930273	S	826	187	1013	0.00008
Mariniblastus_fucicola	980251	S	608	14	622	0.00005
Aureliella_helgolandensis	2527968	S	554	50	604	0.00005
Rhodopirellula_baltica	265606	S	514	43	557	0.00005
Thermogutta_terrifontis	1331910	S	656	23	679	0.00006
Planctomyces_sp._SH-PL62	1636152	S	7404	3478	10882	0.00091
Planctomyces_sp._SH-PL14	1632864	S	6859	517	7376	0.00062
Caulifigura_coniformis	2527983	S	5523	430	5953	0.00050
Gimesia_panareensis	2527978	S	1424	187	1611	0.00013
Gimesia_chilikensis	2605989	S	775	485	1260	0.00011
Gimesia_maris	122	S	535	90	625	0.00005
Gimesia_algae	2527971	S	383	104	487	0.00004
Gimesia_alba	2527973	S	361	69	430	0.00004
Gimesia_fumaroli	2527976	S	315	68	383	0.00003
Gimesia_benthica	2608982	S	233	337	570	0.00005
Gimesia_aquarii	2527964	S	210	16	226	0.00002
Maioricimonas_rarisocia	2528026	S	4568	683	5251	0.00044
Alienimonas_californiensis	2527989	S	4139	362	4501	0.00038
Symmachiella_dynata	2527995	S	1731	121	1852	0.00015
Rubinisphaera_brasiliensis	119	S	1032	122	1154	0.00010
Calycomorphotria_hydatis	2528027	S	959	42	1001	0.00008
Fuerstiella_marisgermanici	1891926	S	943	20	963	0.00008
Planctopirus_ephydatiae	2528019	S	353	148	501	0.00004
Planctopirus_limnophila	120	S	327	128	455	0.00004
Crateriforma_conspicua	2527996	S	777	215	992	0.00008
Polystyrenella_longa	2528007	S	346	36	382	0.00003
Thalassoglobus_polymorphus	2527994	S	302	20	322	0.00003
Tautonia_plasticadhaerens	2527974	S	12969	1338	14307	0.00120
Aquisphaera_giovannonii	406548	S	12141	2513	14654	0.00122
Paludisphaera_borealis	1387353	S	7457	2048	9505	0.00079
Singulisphaera_acidiphila	466153	S	5442	1001	6443	0.00054
Isosphaera_pallida	128	S	1474	131	1605	0.00013
Humisphaera_borealis	2807512	S	7250	207	7457	0.00062
Phycisphaera_mikurensis	547188	S	3083	288	3371	0.00028
Mucisphaera_calidilacus	2527982	S	1463	100	1563	0.00013
Poriferisphaera_corsica	2528020	S	177	1	178	0.00001
Anaerohalosphaera_lusitana	1936003	S	273	5	278	0.00002
Limihaloglobus_sulfuriphilus	1851148	S	118	4	122	0.00001
Sedimentisphaera_cyanobacteriorum	1940790	S	53	73	126	0.00001
Sedimentisphaera_salicampi	1941349	S	31	8	39	0.00000
Candidatus_Kuenenia_stuttgartiensis	174633	S	112	0	112	0.00001
Candidatus_Uabimicrobium_amorphum	2596890	S	102	2	104	0.00001
Opitutus_terrae	107709	S	5677	283	5960	0.00050
Opitutus_sp._GAS368	1882749	S	4479	714	5193	0.00043
Lacunisphaera_limnophila	1838286	S	3787	578	4365	0.00036
Oleiharenicola_sp._KSB-15	2862869	S	2764	157	2921	0.00024
Nibricoccus_aquaticus	2576891	S	2757	131	2888	0.00024
Ereboglobus_luteus	1796921	S	1565	81	1646	0.00014
Ruficoccus_sp._ZRK36	2866311	S	740	109	849	0.00007
Coraliomargarita_akajimensis	395922	S	171	5	176	0.00001
Verrucomicrobium_sp._GAS474	1882831	S	2206	243	2449	0.00020
Verrucomicrobium_spinosum	2736	S	1412	76	1488	0.00012
Luteolibacter_luteus	2728835	S	1704	83	1787	0.00015
Luteolibacter_ambystomatis	2824561	S	1591	113	1704	0.00014
Roseimicrobium_sp._ORNL1	2711231	S	3115	101	3216	0.00027
Sulfuriroseicoccus_oceanibius	2707525	S	410	39	449	0.00004
Akkermansia_muciniphila	239935	S	785	91	876	0.00007
Akkermansia_glycaniphila	1679444	S	300	22	322	0.00003
Methylacidimicrobium_sp._AP8	2730359	S	517	84	601	0.00005
Methylacidimicrobium_sp._B4	2796139	S	437	92	529	0.00004
Methylacidiphilum_kamchatkense	431057	S	23	1	24	0.00000
Methylacidiphilum_sp._IT6	2795386	S	15	1	16	0.00000
Methylacidiphilum_infernorum	511746	S	10	50	60	0.00001
Candidatus_Xiphinematobacter_sp._Idaho_Grape	1704307	S	100	7	107	0.00001
Kiritimatiella_glycovorans	1307763	S	714	934	1648	0.00014
Tichowtungia_aerotolerans	2697043	S	254	10	264	0.00002
Candidatus_Protochlamydia_naegleriophila	389348	S	43	25	68	0.00001
Candidatus_Protochlamydia_amoebophila	362787	S	13	7	20	0.00000
Neochlamydia_sp._S13	1353976	S	29	5	34	0.00000
Parachlamydia_acanthamoebae	83552	S	27	8	35	0.00000
Candidatus_Rhabdochlamydia_porcellionis	225148	S	15	19	34	0.00000
Candidatus_Rhabdochlamydia_oedothoracis	2720720	S	14	13	27	0.00000
Waddlia_chondrophila	71667	S	35	6	41	0.00000
Simkania_negevensis	83561	S	18	1	19	0.00000
Chlamydia_trachomatis	813	S	14	17	31	0.00000
Candidatus_Velamenicoccus_archaeovorus	1930593	S	177	0	177	0.00001
Gemmatirosa_kalamazoonesis	861299	S	72576	6850	79426	0.00663
Gemmatimonas_groenlandica	2732249	S	9434	1161	10595	0.00089
Gemmatimonas_aurantiaca	173480	S	7294	802	8096	0.00068
Gemmatimonas_phototrophica	1379270	S	6095	913	7008	0.00059
Hymenobacter_sp._PAMC_26628	1484118	S	782	193	975	0.00008
Hymenobacter_sp._5317J-9	2932250	S	777	186	963	0.00008
Hymenobacter_sp._APR13	1356852	S	641	278	919	0.00008
Hymenobacter_sp._PAMC_26554	1484116	S	632	64	696	0.00006
Hymenobacter_sp._BRD128	2675878	S	565	78	643	0.00005
Hymenobacter_sp._BT18	2835648	S	442	59	501	0.00004
Hymenobacter_sp._5116S-3	2932248	S	422	70	492	0.00004
Hymenobacter_sp._5116S-27	2932249	S	406	69	475	0.00004
Hymenobacter_sp._NBH84	2596915	S	364	58	422	0.00004
Hymenobacter_sp._DG01	2584940	S	354	105	459	0.00004
Hymenobacter_sp._5413J-13	2932251	S	340	53	393	0.00003
Hymenobacter_sp._5420S-77	2932254	S	324	44	368	0.00003
Hymenobacter_sp._BRD67	2675877	S	295	285	580	0.00005
Hymenobacter_sp._S2-20-2	2761579	S	290	46	336	0.00003
Hymenobacter_sp._DG25B	1385664	S	286	116	402	0.00003
Hymenobacter_sp._DG25A	1385663	S	208	87	295	0.00002
Hymenobacter_sp._HDW8	2714932	S	131	423	554	0.00005
Hymenobacter_sp._5516J-16	2932253	S	90	443	533	0.00004
Hymenobacter_sp._5516S-25	2933777	S	89	413	502	0.00004
Hymenobacter_monticola	1705399	S	781	144	925	0.00008
Hymenobacter_busanensis	2607656	S	747	81	828	0.00007
Hymenobacter_sedentarius	1411621	S	630	94	724	0.00006
Hymenobacter_oligotrophus	2319843	S	510	55	565	0.00005
Hymenobacter_nivis	1850093	S	498	127	625	0.00005
Hymenobacter_jejuensis	2502781	S	463	35	498	0.00004
Hymenobacter_swuensis	1446467	S	354	78	432	0.00004
Hymenobacter_tibetensis	497967	S	307	47	354	0.00003
Hymenobacter_baengnokdamensis	2615203	S	256	276	532	0.00004
Hymenobacter_qilianensis	1385715	S	230	41	271	0.00002
Hymenobacter_radiodurans	2496028	S	136	459	595	0.00005
Pontibacter_pudoricolor	2694930	S	1707	205	1912	0.00016
Pontibacter_russatus	2694929	S	1030	109	1139	0.00010
Pontibacter_actiniarum	323450	S	670	168	838	0.00007
Pontibacter_akesuensis	388950	S	503	78	581	0.00005
Pontibacter_korlensis	400092	S	300	44	344	0.00003
Pontibacter_sp._SGAir0037	2571030	S	267	48	315	0.00003
Rufibacter_radiotolerans	1379910	S	287	38	325	0.00003
Rufibacter_tibetensis	512763	S	205	38	243	0.00002
Rufibacter_sp._DG15C	1379909	S	176	105	281	0.00002
Adhaeribacter_swui	2086471	S	168	29	197	0.00002
Adhaeribacter_radiodurans	2745197	S	117	17	134	0.00001
Nibribacter_ruber	2698458	S	201	117	318	0.00003
Dyadobacter_fermentans	94254	S	1759	140	1899	0.00016
Dyadobacter_sp._LJ419	2906456	S	188	12	200	0.00002
Dyadobacter_sp._NIV53	2861765	S	100	6	106	0.00001
Dyadobacter_sandarakinus	2747268	S	232	19	251	0.00002
Fibrella_aestuarina	651143	S	598	46	644	0.00005
Fibrella_sp._ES10-3-2-2	1834519	S	263	18	281	0.00002
Runella_slithyformis	106	S	219	19	238	0.00002
Runella_sp._SP2	2268026	S	192	10	202	0.00002
Runella_rosea	2259595	S	162	16	178	0.00001
Larkinella_sp._IE-0392	2907205	S	142	8	150	0.00001
Leadbetterella_byssophila	316068	S	54	29	83	0.00001
Arcticibacterium_luteifluviistationis	1784714	S	35	2	37	0.00000
Spirosoma_sp._CJU-R4	2728024	S	414	30	444	0.00004
Spirosoma_sp._KUDC1026	2745947	S	271	23	294	0.00002
Spirosoma_sp._RHs26	2898794	S	184	12	196	0.00002
Spirosoma_sp._KCTC_42546	2520506	S	179	21	200	0.00002
Spirosoma_sp._KCTC_72228	2710596	S	141	16	157	0.00001
Spirosoma_rigui	564064	S	356	24	380	0.00003
Spirosoma_taeanense	2735870	S	314	27	341	0.00003
Spirosoma_montaniterrae	1178516	S	267	15	282	0.00002
Spirosoma_radiotolerans	1379870	S	169	12	181	0.00002
Spirosoma_endbachense	2666025	S	164	84	248	0.00002
Spirosoma_aerolatum	1211326	S	161	7	168	0.00001
Spirosoma_pollinicola	2057025	S	158	17	175	0.00001
Spirosoma_aureum	2692134	S	109	67	176	0.00001
Rhodocytophaga_rosea	2704465	S	155	5	160	0.00001
Cytophaga_hutchinsonii	985	S	82	6	88	0.00001
Aquirufa_sp._9H-EGSE	2696560	S	46	15	61	0.00001
Aquirufa_nivalisilvae	2516557	S	22	5	27	0.00000
Chryseolinea_soli	2321403	S	1004	27	1031	0.00009
Fulvivirga_sp._SS9-22	2904245	S	85	7	92	0.00001
Fulvivirga_sp._W9P-11	2904246	S	64	21	85	0.00001
Fulvivirga_sp._SW1-E11	2904247	S	48	22	70	0.00001
Fulvivirga_lutea	2810512	S	65	7	72	0.00001
Echinicola_sp._20G	2781961	S	40	4	44	0.00000
Echinicola_sp._SCS_3-6	2859768	S	40	15	55	0.00000
Echinicola_vietnamensis	390884	S	68	33	101	0.00001
Echinicola_strongylocentroti	1795355	S	68	11	79	0.00001
Echinicola_soli	2591634	S	60	5	65	0.00001
Echinicola_rosea	1807691	S	57	24	81	0.00001
Algoriphagus_sp._Y33	2772483	S	62	4	66	0.00001
Algoriphagus_sp._NBT04N3	2705473	S	44	12	56	0.00000
Algoriphagus_sanaruensis	1727163	S	95	9	104	0.00001
Algoriphagus_machipongonensis	388413	S	27	1	28	0.00000
Aquiflexum_balticum	280473	S	66	9	75	0.00001
Cyclobacterium_amurskyense	320787	S	31	4	35	0.00000
Cyclobacterium_marinum	104	S	24	6	30	0.00000
Mongoliitalea_daihaiensis	2782006	S	44	4	48	0.00000
Belliella_baltica	232259	S	43	19	62	0.00001
Candidatus_Amoebophilus_asiaticus	281120	S	53	3	56	0.00000
Cardinium_endosymbiont_of_Oedothorax_gibbosus	931101	S	11	18	29	0.00000
Candidatus_Cardinium_hertigii	247481	S	13	1	14	0.00000
Flammeovirga_pectinis	2494373	S	15	6	21	0.00000
Flammeovirga_kamogawensis	373891	S	14	5	19	0.00000
Flammeovirga_yaeyamensis	367791	S	11	35	46	0.00000
Mangrovivirga_cuniculi	2715131	S	60	4	64	0.00001
Marivirga_tractuosa	1006	S	53	16	69	0.00001
Bernardetia_litoralis	999	S	33	2	35	0.00000
Chitinophaga_sp._XS-30	2604421	S	478	191	669	0.00006
Chitinophaga_sp._KRA15-503	2829818	S	308	180	488	0.00004
Chitinophaga_oryzae	2725414	S	510	77	587	0.00005
Chitinophaga_filiformis	104663	S	429	70	499	0.00004
Chitinophaga_alhagiae	2203219	S	278	5	283	0.00002
Chitinophaga_pinensis	79329	S	224	46	270	0.00002
Chitinophaga_agri	2703787	S	223	57	280	0.00002
Chitinophaga_caeni	2029983	S	158	28	186	0.00002
Flavisolibacter_tropicus	1492898	S	1276	229	1505	0.00013
Flavisolibacter_ginsenosidimutans	661481	S	928	67	995	0.00008
Pseudocnuella_soli	2502779	S	1322	187	1509	0.00013
Niastella_koreensis	354356	S	1245	154	1399	0.00012
Flavihumibacter_sp._IMCC34838	2838156	S	660	66	726	0.00006
Flavihumibacter_sp._IMCC34837	2838157	S	436	34	470	0.00004
Paraflavitalea_soli	2315862	S	683	61	744	0.00006
Niabella_ginsenosidivorans	1176587	S	339	41	380	0.00003
Niabella_soli	446683	S	285	41	326	0.00003
Pseudobacter_ginsenosidimutans	661488	S	602	61	663	0.00006
Lacibacter_sp._S13-6-6	2760713	S	587	31	618	0.00005
Arachidicoccus_sp._BS20	1850526	S	118	46	164	0.00001
Arachidicoccus_sp._5GH13-10	2875539	S	109	22	131	0.00001
Arachidicoccus_sp._B3-10	2545455	S	60	5	65	0.00001
Arachidicoccus_ginsenosidivorans	496057	S	106	20	126	0.00001
Arachidicoccus_soli	2341117	S	79	10	89	0.00001
Phnomibacter_ginsenosidimutans	2676868	S	384	53	437	0.00004
Ferruginibacter_sp._KIS38-8	2875540	S	211	22	233	0.00002
Ferruginibacter_lapsinanis	563172	S	156	16	172	0.00001
Panacibacter_ginsenosidivorans	1813871	S	348	18	366	0.00003
Filimonas_lacunae	477680	S	324	45	369	0.00003
Rhodocaloribacter_litoris	2558931	S	4541	482	5023	0.00042
Rhodothermus_marinus	29549	S	3802	220	4022	0.00034
Salinibacter_ruber	146919	S	2522	40	2562	0.00021
Flavobacterium_sp._HJ-32-4	1160795	S	132	9	141	0.00001
Flavobacterium_sp._CJ74	2294119	S	57	4	61	0.00001
Flavobacterium_sp._IGB_4-14	1871076	S	52	5	57	0.00000
Flavobacterium_sp._CLA17	2724135	S	47	7	54	0.00000
Flavobacterium_sp._I3-2	2748319	S	33	60	93	0.00001
Flavobacterium_sp._MDT1-60	1979344	S	33	5	38	0.00000
Flavobacterium_sp._B183	907046	S	32	6	38	0.00000
Flavobacterium_sp._F-29	2893883	S	32	7	39	0.00000
Flavobacterium_sp._CS20	2775246	S	29	14	43	0.00000
Flavobacterium_sp._Sr18	935222	S	28	4	32	0.00000
Flavobacterium_sp._KSM-R2A25	2895947	S	28	7	35	0.00000
Flavobacterium_sp._K5-23	2746225	S	28	6	34	0.00000
Flavobacterium_sp._M31R6	2739062	S	28	4	32	0.00000
Flavobacterium_sp._LPB0248	2614441	S	28	12	40	0.00000
Flavobacterium_sp._F-70	2893884	S	26	5	31	0.00000
Flavobacterium_sp._MMS21-Er5	2937442	S	23	8	31	0.00000
Flavobacterium_sp._F-340	2893886	S	23	7	30	0.00000
Flavobacterium_sp._F-323	2893885	S	22	4	26	0.00000
Flavobacterium_sp._CHNK8	2871165	S	22	16	38	0.00000
Flavobacterium_sp._WSW3-B6	2856519	S	20	2	22	0.00000
Flavobacterium_sp._KK2020170	2830782	S	19	5	24	0.00000
Flavobacterium_sp._CECT_9288	2845819	S	16	12	28	0.00000
Flavobacterium_sp._KBS0721	1179672	S	16	4	20	0.00000
Flavobacterium_sp._xlx-214	2654325	S	16	3	19	0.00000
Flavobacterium_sp._GENT11	1751100	S	14	24	38	0.00000
Flavobacterium_sp._140616W15	2478552	S	14	3	17	0.00000
Flavobacterium_sp._SLB02	2665645	S	12	1	13	0.00000
Flavobacterium_sp._KSM-R2A30	2897181	S	12	3	15	0.00000
Flavobacterium_sp._GENT5	1751095	S	11	2	13	0.00000
Flavobacterium_anhuiense	459526	S	390	135	525	0.00004
Flavobacterium_album	2175091	S	101	8	109	0.00001
Flavobacterium_pallidum	2172098	S	98	10	108	0.00001
Flavobacterium_magnum	2162713	S	95	10	105	0.00001
Flavobacterium_enshiense	1341165	S	78	9	87	0.00001
Flavobacterium_nackdongense	2547394	S	56	5	61	0.00001
Flavobacterium_kingsejongi	1678728	S	48	7	55	0.00000
Flavobacterium_inviolabile	2748320	S	43	7	50	0.00000
Flavobacterium_sangjuense	2518177	S	43	4	47	0.00000
Flavobacterium_johnsoniae	986	S	43	23	66	0.00001
Flavobacterium_commune	1306519	S	41	6	47	0.00000
Flavobacterium_endoglycinae	2816357	S	36	7	43	0.00000
Flavobacterium_nitrogenifigens	1617283	S	34	15	49	0.00000
Flavobacterium_alkalisoli	2602769	S	32	3	35	0.00000
Flavobacterium_branchiophilum	55197	S	31	3	34	0.00000
Flavobacterium_psychrophilum	96345	S	29	6	35	0.00000
Flavobacterium_indicum	312277	S	28	4	32	0.00000
Flavobacterium_gilvum	1492737	S	27	4	31	0.00000
Flavobacterium_sediminis	2201181	S	27	32	59	0.00001
Flavobacterium_faecale	1355330	S	26	3	29	0.00000
Flavobacterium_fluviale	2249356	S	26	9	35	0.00000
Flavobacterium_crocinum	2183896	S	23	6	29	0.00000
Flavobacterium_sediminilitoris	2024526	S	21	3	24	0.00000
Flavobacterium_crassostreae	1763534	S	19	5	24	0.00000
Flavobacterium_haoranii	683124	S	17	7	24	0.00000
Flavobacterium_jumunjinense	998845	S	15	2	17	0.00000
Flavobacterium_columnare	996	S	15	15	30	0.00000
Flavobacterium_oreochromis	2906078	S	13	5	18	0.00000
Flavobacterium_arcticum	1784713	S	12	1	13	0.00000
Capnocytophaga_haemolytica	45243	S	71	7	78	0.00001
Capnocytophaga_sp._oral_taxon_878	1316596	S	19	20	39	0.00000
Capnocytophaga_sp._FDAARGOS_737	2545799	S	11	15	26	0.00000
Capnocytophaga_gingivalis	1017	S	69	10	79	0.00001
Capnocytophaga_sputigena	1019	S	47	21	68	0.00001
Capnocytophaga_stomatis	1848904	S	31	9	40	0.00000
Capnocytophaga_canimorsus	28188	S	30	11	41	0.00000
Capnocytophaga_leadbetteri	327575	S	19	14	33	0.00000
Capnocytophaga_cynodegmi	28189	S	14	4	18	0.00000
Capnocytophaga_endodontalis	2708117	S	12	7	19	0.00000
Capnocytophaga_ochracea	1018	S	11	20	31	0.00000
Muricauda_sp._SCSIO_65647	2908843	S	63	2	65	0.00001
Muricauda_sp._SCSIO_64092	2908842	S	53	2	55	0.00000
Muricauda_aquimarina	254955	S	80	46	126	0.00001
Muricauda_ruestringensis	111501	S	65	5	70	0.00001
Muricauda_lutaonensis	516051	S	61	17	78	0.00001
Muricauda_oceani	2698672	S	41	23	64	0.00001
Muricauda_aurantiaca	1383885	S	34	3	37	0.00000
Gramella_fulva	2126553	S	87	9	96	0.00001
Gramella_sp._GC03-9	2920386	S	39	13	52	0.00000
Gramella_sp._MT6	2705471	S	20	3	23	0.00000
Gramella_sp._MAR_2010_147	1250205	S	15	2	17	0.00000
Gramella_flava	1486245	S	64	25	89	0.00001
Gramella_echinicola	279359	S	27	4	31	0.00000
Gramella_salexigens	1913577	S	26	3	29	0.00000
Gramella_forsetii	411153	S	23	7	30	0.00000
Robiginitalea_biformata	252307	S	278	18	296	0.00002
Polaribacter_sp._G4M1	2808900	S	15	2	17	0.00000
Polaribacter_sp._ALD11	2058137	S	15	5	20	0.00000
Polaribacter_sp._SM13	2818493	S	14	3	17	0.00000
Polaribacter_sp._L12M9	2738844	S	13	7	20	0.00000
Polaribacter_sp._SA4-10	754397	S	11	2	13	0.00000
Polaribacter_sp._Hel1_33_78	1336804	S	11	2	13	0.00000
Polaribacter_sp._KT_15	1896175	S	11	36	47	0.00000
Polaribacter_sp._NJDZ03	2855841	S	10	8	18	0.00000
Polaribacter_vadi	1774273	S	18	3	21	0.00000
Polaribacter_litorisediminis	1908341	S	16	2	18	0.00000
Polaribacter_sejongensis	985043	S	14	11	25	0.00000
Polaribacter_reichenbachii	996801	S	10	1	11	0.00000
Nonlabens_sp._Hel1_33_55	1336802	S	29	6	35	0.00000
Nonlabens_sp._Ci31	2608253	S	23	8	31	0.00000
Nonlabens_sp._MB-3u-79	2058134	S	15	6	21	0.00000
Nonlabens_ponticola	2496866	S	21	3	24	0.00000
Nonlabens_spongiae	331648	S	18	10	28	0.00000
Nonlabens_dokdonensis	328515	S	16	4	20	0.00000
Nonlabens_marinus	930802	S	16	7	23	0.00000
Winogradskyella_sp._J14-2	1936080	S	24	5	29	0.00000
Winogradskyella_sp._MH6	2929510	S	22	5	27	0.00000
Winogradskyella_sp._HaHa_3_26	2749995	S	10	6	16	0.00000
Winogradskyella_forsetii	2686077	S	35	16	51	0.00000
Winogradskyella_sediminis	1382466	S	17	7	24	0.00000
Winogradskyella_schleiferi	2686078	S	15	11	26	0.00000
Winogradskyella_helgolandensis	2697010	S	11	3	14	0.00000
Aequorivita_sublithincola	101385	S	52	33	85	0.00001
Aequorivita_sp._H23M31	2494375	S	31	9	40	0.00000
Antarcticibacterium_arcticum	2585771	S	42	7	49	0.00000
Antarcticibacterium_flavum	2058175	S	35	9	44	0.00000
Antarcticibacterium_sp._1MA-6-2	2908210	S	35	5	40	0.00000
Maribacter_sp._HTCC2170	313603	S	22	3	25	0.00000
Maribacter_sp._MJ134	2496865	S	19	4	23	0.00000
Maribacter_cobaltidurans	1178778	S	29	33	62	0.00001
Maribacter_hydrothermalis	1836467	S	15	12	27	0.00000
Myroides_odoratus	256	S	25	13	38	0.00000
Myroides_fluvii	2572594	S	24	16	40	0.00000
Myroides_phaeus	702745	S	10	10	20	0.00000
Salegentibacter_salegens	143223	S	34	5	39	0.00000
Salegentibacter_mishustinae	270918	S	30	32	62	0.00001
Salegentibacter_sp._T436	1729720	S	29	34	63	0.00001
Kordia_antarctica	1218801	S	70	6	76	0.00001
Kordia_sp._SMS9	2282170	S	27	1	28	0.00000
Sinomicrobium_sp._HD2P242	2900738	S	94	4	98	0.00001
Tenacibaculum_sp._SZ-18	754423	S	13	13	26	0.00000
Tenacibaculum_mesophilum	104268	S	14	12	26	0.00000
Tenacibaculum_jejuense	584609	S	11	1	12	0.00000
Tenacibaculum_dicentrarchi	669041	S	10	5	15	0.00000
Formosa_sp._Hel1_33_131	1336794	S	20	2	22	0.00000
Formosa_sp._Hel3_A1_48	1336795	S	17	5	22	0.00000
Formosa_sp._Hel1_31_208	1798225	S	15	2	17	0.00000
Formosa_agariphila	320324	S	13	6	19	0.00000
Aquimarina_sp._AD1	1714848	S	24	2	26	0.00000
Aquimarina_sp._AD10	1714849	S	24	1	25	0.00000
Aquimarina_sp._BL5	1714860	S	17	1	18	0.00000
Aquimarina_sp._TRL1	2736252	S	15	1	16	0.00000
Cellulophaga_sp._HaHaR_3_176	1942464	S	14	3	17	0.00000
Cellulophaga_sp._L1A9	2686362	S	12	7	19	0.00000
Cellulophaga_lytica	979	S	16	7	23	0.00000
Cellulophaga_baltica	76594	S	14	6	20	0.00000
Cellulophaga_algicola	59600	S	13	3	16	0.00000
Flagellimonas_sp._HMM57	2905121	S	36	3	39	0.00000
Flagellimonas_sp._CMM7	2654676	S	33	2	35	0.00000
Zunongwangia_sp._SCSIO_43204	2779359	S	35	29	64	0.00001
Zunongwangia_profunda	398743	S	29	29	58	0.00000
Dokdonia_sp._4H-3-7-5	983548	S	12	27	39	0.00000
Muriicola_soli	2507538	S	48	3	51	0.00000
Lutibacter_sp._A64	2918526	S	14	3	17	0.00000
Lutibacter_sp._A80	2918453	S	11	2	13	0.00000
Lutibacter_profundi	1622118	S	19	2	21	0.00000
Lacinutrix_sp._Bg11-31	2057808	S	17	4	21	0.00000
Lacinutrix_sp._WUR7	2653681	S	11	3	14	0.00000
Lacinutrix_venerupis	1486034	S	11	3	14	0.00000
Leeuwenhoekiella_sp._ZYFB001	2719912	S	15	13	28	0.00000
Leeuwenhoekiella_palythoae	573501	S	13	14	27	0.00000
Aggregatimonas_sangjinii	2583587	S	41	2	43	0.00000
Zobellia_galactanivorans	63186	S	40	3	43	0.00000
Algibacter_sp._L3A6	2686366	S	11	7	18	0.00000
Algibacter_alginicilyticus	1736674	S	16	5	21	0.00000
Constantimarinum_furrinae	2562285	S	37	4	41	0.00000
Costertonia_aggregata	343403	S	36	9	45	0.00000
Mariniflexile_sp._TRM1-10	2027857	S	36	4	40	0.00000
Pukyongia_salina	2094025	S	36	2	38	0.00000
Psychroflexus_sp._ALD_RP9	2777186	S	18	2	20	0.00000
Psychroflexus_torquis	57029	S	17	1	18	0.00000
Zhouia_spongiae	2202721	S	34	9	43	0.00000
Tamlana_carrageenivorans	2069432	S	17	7	24	0.00000
Tamlana_sp._s12	1630406	S	11	5	16	0.00000
Galbibacter_sp._BG1	1170699	S	33	4	37	0.00000
Euzebyella_marina	1761453	S	29	19	48	0.00000
Changchengzhania_lutea	2049305	S	29	4	33	0.00000
Seonamhaeicola_sp._ML3	2937786	S	19	2	21	0.00000
Arenibacter_algicola	616991	S	27	10	37	0.00000
Gilvibacter_sp._SZ-19	754429	S	27	4	31	0.00000
Gillisia_sp._Hel1_33_143	1336796	S	26	10	36	0.00000
Amniculibacterium_sp._G2-70	2767188	S	25	39	64	0.00001
Oceanihabitans_sp._IOP_32	2529032	S	25	12	37	0.00000
Aegicerativicinus_sediminis	2893202	S	24	1	25	0.00000
Mesoflavibacter_sp._SCSIO_43206	2779362	S	12	16	28	0.00000
Sediminicola_sp._YIK13	1453352	S	19	2	21	0.00000
Croceibacter_atlanticus	313588	S	18	3	21	0.00000
Marixanthomonas_sp._SCSIO_43207	2779360	S	18	6	24	0.00000
Flavobacteriaceae_bacterium_10Alg115	2584122	S	17	1	18	0.00000
Siansivirga_zeaxanthinifaciens	762954	S	16	4	20	0.00000
Bizionia_sp._M204	2675331	S	16	4	20	0.00000
Urechidicola_croceus	1850246	S	15	9	24	0.00000
Wenyingzhuangia_fucanilytica	1790137	S	14	2	16	0.00000
Flavivirga_eckloniae	1803846	S	14	1	15	0.00000
Sabulilitoribacter_sp._BrNp1-15	2916754	S	11	3	14	0.00000
Chryseobacterium_sp._6424	2039166	S	53	18	71	0.00001
Chryseobacterium_sp._SC2-2	2929800	S	43	31	74	0.00001
Chryseobacterium_sp.	1871047	S	43	22	65	0.00001
Chryseobacterium_sp._Y16C	2920939	S	41	38	79	0.00001
Chryseobacterium_sp._F4	2852098	S	38	3	41	0.00000
Chryseobacterium_sp._G0201	2487065	S	36	13	49	0.00000
Chryseobacterium_sp._ZHDP1	2838877	S	33	38	71	0.00001
Chryseobacterium_sp._3008163	2478663	S	32	19	51	0.00000
Chryseobacterium_sp._cx-624	2758037	S	27	6	33	0.00000
Chryseobacterium_sp._IHB_B_17019	1721091	S	24	5	29	0.00000
Chryseobacterium_sp._C-17	2898076	S	22	12	34	0.00000
Chryseobacterium_sp._G0186	2487064	S	20	18	38	0.00000
Chryseobacterium_sp._MEBOG06	2879938	S	20	6	26	0.00000
Chryseobacterium_sp._DH-B6	2759528	S	19	11	30	0.00000
Chryseobacterium_sp._MEBOG07	2879939	S	19	7	26	0.00000
Chryseobacterium_sp._ADR-1	2929799	S	19	8	27	0.00000
Chryseobacterium_sp._SNU_WT5	2594269	S	18	8	26	0.00000
Chryseobacterium_sp._POL2	2713414	S	18	16	34	0.00000
Chryseobacterium_sp._T16E-39	2015076	S	17	2	19	0.00000
Chryseobacterium_sp._StRB126	878220	S	16	6	22	0.00000
Chryseobacterium_sp._LJ668	2864040	S	12	2	14	0.00000
Chryseobacterium_sp._PCH239	2825845	S	11	11	22	0.00000
Chryseobacterium_sp._G0162	2487063	S	11	16	27	0.00000
Chryseobacterium_indologenes	253	S	77	50	127	0.00001
Chryseobacterium_taklimakanense	536441	S	67	50	117	0.00001
Chryseobacterium_arthrosphaerae	651561	S	45	33	78	0.00001
Chryseobacterium_gleum	250	S	44	79	123	0.00001
Chryseobacterium_shandongense	1493872	S	43	37	80	0.00001
Chryseobacterium_camelliae	1265445	S	40	32	72	0.00001
Chryseobacterium_salivictor	2547600	S	36	6	42	0.00000
Chryseobacterium_indoltheticum	254	S	33	11	44	0.00000
Chryseobacterium_daecheongense	192389	S	31	7	38	0.00000
Chryseobacterium_nepalense	1854498	S	31	6	37	0.00000
Chryseobacterium_lactis	1241981	S	29	42	71	0.00001
Chryseobacterium_manosquense	2754694	S	26	28	54	0.00000
Chryseobacterium_aureum	2497456	S	23	7	30	0.00000
Chryseobacterium_balustinum	246	S	22	10	32	0.00000
Chryseobacterium_gallinarum	1324352	S	22	10	32	0.00000
Chryseobacterium_nakagawai	1241982	S	21	45	66	0.00001
Chryseobacterium_cucumeris	1813611	S	19	15	34	0.00000
Chryseobacterium_carnipullorum	1124835	S	17	8	25	0.00000
Chryseobacterium_piperi	558152	S	15	2	17	0.00000
Chryseobacterium_glaciei	1685010	S	14	4	18	0.00000
Chryseobacterium_joostei	112234	S	11	5	16	0.00000
Kaistella_sp._97-N-M2	2908645	S	64	9	73	0.00001
Kaistella_sp._GW4-15	2878534	S	21	2	23	0.00000
Kaistella_daneshvariae	2487074	S	37	4	41	0.00000
Kaistella_jeonii	266749	S	31	2	33	0.00000
Kaistella_carnis	1241979	S	27	11	38	0.00000
Candidatus_Kaistella_beijingensis	2820270	S	25	12	37	0.00000
Kaistella_antarctica	266748	S	24	3	27	0.00000
Kaistella_flava_(ex_Peng_et_al._2021)	2038776	S	13	2	15	0.00000
Epilithonimonas_zeae	1416779	S	25	5	30	0.00000
Epilithonimonas_vandammei	2487072	S	22	47	69	0.00001
Elizabethkingia_meningoseptica	238	S	32	3	35	0.00000
Elizabethkingia_anophelis	1117645	S	29	71	100	0.00001
Elizabethkingia_sp._JS20170427COW	2583851	S	16	3	19	0.00000
Elizabethkingia_miricola	172045	S	14	16	30	0.00000
Cruoricaptor_ignavus	1118202	S	73	13	86	0.00001
Apibacter_raozihei	2500547	S	24	15	39	0.00000
Empedobacter_brevis	247	S	28	16	44	0.00000
Empedobacter_stercoris	1628248	S	16	8	24	0.00000
Empedobacter_falsenii	343874	S	10	10	20	0.00000
Riemerella_anatipestifer	34085	S	54	27	81	0.00001
Cloacibacterium_caeni	2004710	S	22	35	57	0.00000
Ornithobacterium_rhinotracheale	28251	S	40	38	78	0.00001
Bergeyella_cardium	1585976	S	34	9	43	0.00000
Weeksella_virosa	1014	S	16	9	25	0.00000
Faecalibacter_bovis	2898187	S	14	3	17	0.00000
Blattabacterium_cuenoti	1653831	S	112	38	150	0.00001
Fluviicola_taffensis	191579	S	94	7	101	0.00001
Crocinitomix_sp._GM2_3_6_6	2862509	S	48	1	49	0.00000
Croceimicrobium_hydrocarbonivorans	2761580	S	51	14	65	0.00001
Owenweeksia_hongkongensis	253245	S	46	5	51	0.00000
Candidatus_Sulcia_muelleri	336810	S	14	6	20	0.00000
Candidatus_Walczuchella_monophlebidarum	1415657	S	14	3	17	0.00000
Ichthyobacterium_seriolicida	242600	S	14	0	14	0.00000
Alistipes_communis	2585118	S	476	391	867	0.00007
Alistipes_onderdonkii	328813	S	467	612	1079	0.00009
Alistipes_dispar	2585119	S	430	55	485	0.00004
Alistipes_senegalensis	1288121	S	417	97	514	0.00004
Alistipes_megaguti	2364787	S	390	46	436	0.00004
Alistipes_finegoldii	214856	S	369	374	743	0.00006
Alistipes_sp._dk3624	2662363	S	351	83	434	0.00004
Alistipes_shahii	328814	S	314	194	508	0.00004
Alistipes_indistinctus	626932	S	262	60	322	0.00003
Prevotella_sp._E13-17	2913616	S	64	18	82	0.00001
Prevotella_sp._Rep29	2691580	S	63	10	73	0.00001
Prevotella_sp._oral_taxon_475	712471	S	54	5	59	0.00000
Prevotella_sp._E15-22	2937774	S	44	25	69	0.00001
Prevotella_sp._E2-28	2913620	S	41	19	60	0.00001
Prevotella_sp._E9-3	2913621	S	39	17	56	0.00000
Prevotella_sp._oral_taxon_299	652716	S	12	1	13	0.00000
Prevotella_dentalis	52227	S	221	46	267	0.00002
Prevotella_denticola	28129	S	88	31	119	0.00001
Prevotella_melaninogenica	28132	S	76	29	105	0.00001
Prevotella_multiformis	282402	S	66	30	96	0.00001
Prevotella_intermedia	28131	S	58	29	87	0.00001
Prevotella_buccalis	28127	S	51	61	112	0.00001
Prevotella_copri	165179	S	43	22	65	0.00001
Prevotella_ruminicola	839	S	42	1	43	0.00000
Prevotella_enoeca	76123	S	31	6	37	0.00000
Prevotella_fusca	589436	S	24	5	29	0.00000
Prevotella_histicola	470565	S	19	3	22	0.00000
Prevotella_nigrescens	28133	S	19	11	30	0.00000
Prevotella_jejuni	1177574	S	18	7	25	0.00000
Prevotella_bryantii	77095	S	17	1	18	0.00000
Prevotella_oris	28135	S	17	2	19	0.00000
Prevotella_herbatica	2801997	S	16	0	16	0.00000
Prevotella_veroralis	28137	S	10	2	12	0.00000
Paraprevotella_xylaniphila	454155	S	55	53	108	0.00001
Pseudoprevotella_muciniphila	2133944	S	43	6	49	0.00000
Bacteroides_fragilis	817	S	76	126	202	0.00002
Bacteroides_sp._CBA7301	2715212	S	44	11	55	0.00000
Bacteroides_sp._M10	2763022	S	13	27	40	0.00000
Bacteroides_cellulosilyticus	246787	S	64	23	87	0.00001
Bacteroides_stercoris	46506	S	54	57	111	0.00001
Bacteroides_thetaiotaomicron	818	S	53	35	88	0.00001
Bacteroides_helcogenes	290053	S	52	2	54	0.00000
Bacteroides_eggerthii	28111	S	49	56	105	0.00001
Bacteroides_salyersiae	291644	S	45	46	91	0.00001
Bacteroides_zoogleoformans	28119	S	43	10	53	0.00000
Bacteroides_heparinolyticus	28113	S	42	10	52	0.00000
Bacteroides_uniformis	820	S	39	119	158	0.00001
Bacteroides_xylanisolvens	371601	S	33	95	128	0.00001
Bacteroides_coprosuis	151276	S	31	2	33	0.00000
Bacteroides_nordii	291645	S	30	24	54	0.00000
Bacteroides_faecis	674529	S	29	24	53	0.00000
Bacteroides_intestinalis	329854	S	28	5	33	0.00000
Bacteroides_caccae	47678	S	27	6	33	0.00000
Bacteroides_luhongzhouii	2650158	S	24	10	34	0.00000
Bacteroides_zhangwenhongii	2650157	S	20	13	33	0.00000
Bacteroides_ovatus	28116	S	16	31	47	0.00000
Bacteroides_caecimuris	1796613	S	15	21	36	0.00000
Phocaeicola_salanitronis	376805	S	93	43	136	0.00001
Phocaeicola_coprophilus	387090	S	67	38	105	0.00001
Phocaeicola_vulgatus	821	S	22	32	54	0.00000
Phocaeicola_dorei	357276	S	17	30	47	0.00000
Tannerella_serpentiformis	712710	S	321	16	337	0.00003
Tannerella_forsythia	28112	S	74	5	79	0.00001
Parabacteroides_goldsteinii	328812	S	101	27	128	0.00001
Parabacteroides_merdae	46503	S	70	84	154	0.00001
Parabacteroides_distasonis	823	S	43	165	208	0.00002
Parabacteroides_johnsonii	387661	S	36	32	68	0.00001
Sodaliphilus_pleomorphus	2606626	S	239	129	368	0.00003
Duncaniella_dubosii	2518971	S	57	12	69	0.00001
Muribaculum_intestinale	1796646	S	82	8	90	0.00001
Muribaculum_gordoncarteri	2530390	S	70	8	78	0.00001
Porphyromonas_sp._oral_taxon_275	712435	S	260	27	287	0.00002
Porphyromonas_asaccharolytica	28123	S	91	7	98	0.00001
Porphyromonas_gingivalis	837	S	81	13	94	0.00001
Porphyromonas_cangingivalis	36874	S	45	7	52	0.00000
Porphyromonas_somerae	322095	S	27	7	34	0.00000
Porphyromonas_crevioricanis	393921	S	22	5	27	0.00000
Porphyromonas_endodontalis	28124	S	14	1	15	0.00000
Petrimonas_mucosa	1642646	S	126	4	130	0.00001
Proteiniphilum_saccharofermentans	1642647	S	63	3	66	0.00001
Proteiniphilum_sp._JNU-WLY501	2829812	S	24	0	24	0.00000
Dysgonomonas_sp._HDW5B	2714927	S	13	14	27	0.00000
Butyricimonas_faecalis	2093856	S	43	44	87	0.00001
Butyricimonas_virosa	544645	S	39	7	46	0.00000
Odoribacter_splanchnicus	28118	S	56	6	62	0.00001
Barnesiella_viscericola	397865	S	118	167	285	0.00002
Coprobacter_secundus	1501392	S	27	26	53	0.00000
Paludibacter_propionicigenes	185300	S	49	1	50	0.00000
Salinivirga_cyanobacteriivorans	1307839	S	33	0	33	0.00000
Tenuifilum_thalassicum	2590900	S	31	0	31	0.00000
Draconibacterium_orientale	1168034	S	94	11	105	0.00001
Draconibacterium_halophilum	2706887	S	40	4	44	0.00000
Maribellus_comscasis	2681766	S	52	2	54	0.00000
Alkalitalea_saponilacus	889453	S	43	5	48	0.00000
Labilibaculum_antarcticum	1717717	S	33	3	36	0.00000
Mucilaginibacter_sp._14171R-50	2703789	S	140	7	147	0.00001
Mucilaginibacter_sp._SMC90	2929803	S	112	7	119	0.00001
Mucilaginibacter_sp._21P	2778902	S	93	5	98	0.00001
Mucilaginibacter_sp._F39-2	2728022	S	71	5	76	0.00001
Mucilaginibacter_daejeonensis	398049	S	221	14	235	0.00002
Mucilaginibacter_mali	2740462	S	184	7	191	0.00002
Mucilaginibacter_ginsenosidivorans	398053	S	171	6	177	0.00001
Mucilaginibacter_gotjawali	1550579	S	163	5	168	0.00001
Mucilaginibacter_paludis	423351	S	126	7	133	0.00001
Mucilaginibacter_ginsenosidivorax	862126	S	125	5	130	0.00001
Mucilaginibacter_celer	2305508	S	120	5	125	0.00001
Mucilaginibacter_xinganensis	1234841	S	114	6	120	0.00001
Mucilaginibacter_ginkgonis	2682091	S	108	5	113	0.00001
Mucilaginibacter_rubeus	2027860	S	93	276	369	0.00003
Mucilaginibacter_mallensis	652787	S	85	3	88	0.00001
Mucilaginibacter_gossypii	551996	S	47	42	89	0.00001
Sphingobacterium_mizutaii	1010	S	550	99	649	0.00005
Sphingobacterium_sp._DR205	2713573	S	92	12	104	0.00001
Sphingobacterium_sp._dk4302	2662364	S	35	4	39	0.00000
Sphingobacterium_sp._CZ-2	2557994	S	33	11	44	0.00000
Sphingobacterium_sp._SRCM116780	2907623	S	33	7	40	0.00000
Sphingobacterium_sp._UDSM-2020	2795738	S	27	12	39	0.00000
Sphingobacterium_sp._ML3W	1538644	S	26	11	37	0.00000
Sphingobacterium_sp._PCS056	2931400	S	19	5	24	0.00000
Sphingobacterium_spiritivorum	258	S	115	97	212	0.00002
Sphingobacterium_thalpophilum	259	S	97	129	226	0.00002
Sphingobacterium_hotanense	649196	S	60	22	82	0.00001
Sphingobacterium_lactis	797291	S	54	55	109	0.00001
Sphingobacterium_multivorum	28454	S	46	143	189	0.00002
Sphingobacterium_psychroaquaticum	561061	S	33	7	40	0.00000
Sphingobacterium_daejeonense	371142	S	27	9	36	0.00000
Pedobacter_sp._KBS0701	2578106	S	61	22	83	0.00001
Pedobacter_sp._HDW13	2714940	S	58	8	66	0.00001
Pedobacter_sp._PACM_27299	1727164	S	57	10	67	0.00001
Pedobacter_sp._D749	2856523	S	56	21	77	0.00001
Pedobacter_sp._G11	2482728	S	51	8	59	0.00000
Pedobacter_sp._Q8-18	2895286	S	43	4	47	0.00000
Pedobacter_sp._SW-16	2766984	S	37	8	45	0.00000
Pedobacter_aquae	2605747	S	174	20	194	0.00002
Pedobacter_heparinus	984	S	98	10	108	0.00001
Pedobacter_steynii	430522	S	73	8	81	0.00001
Pedobacter_schmidteae	2201271	S	71	7	78	0.00001
Pedobacter_endophyticus	2789740	S	67	7	74	0.00001
Pedobacter_suwonensis	332999	S	55	14	69	0.00001
Pedobacter_cryoconitis	188932	S	48	5	53	0.00000
Pedobacter_roseus	336820	S	45	16	61	0.00001
Pedobacter_ginsengisoli	363852	S	44	6	50	0.00000
Anseongella_ginsenosidimutans	496056	S	185	8	193	0.00002
Solitalea_canadensis	995	S	92	12	104	0.00001
Solitalea_sp._S2-8	2911172	S	56	9	65	0.00001
Olivibacter_sp._LS-1	2592345	S	64	4	68	0.00001
Olivibacter_sp._SDN3	2764720	S	55	9	64	0.00001
Pseudopedobacter_saltans	151895	S	49	47	96	0.00001
Haliscomenobacter_hydrossis	2350	S	233	4	237	0.00002
Saprospira_grandis	1008	S	61	2	63	0.00001
Candidatus_Sulfidibacterium_hydrothermale	2875962	S	87	3	90	0.00001
Chlorobaculum_limnaeum	274537	S	734	128	862	0.00007
Chlorobaculum_parvum	274539	S	421	87	508	0.00004
Chlorobaculum_tepidum	1097	S	374	112	486	0.00004
Pelodictyon_luteolum	1100	S	321	51	372	0.00003
Pelodictyon_phaeoclathratiforme	34090	S	77	4	81	0.00001
Chlorobium_limicola	1092	S	157	12	169	0.00001
Chlorobium_phaeobacteroides	1096	S	86	10	96	0.00001
Chlorobium_phaeovibrioides	1094	S	73	14	87	0.00001
Prosthecochloris_sp._GSB1	281093	S	320	22	342	0.00003
Prosthecochloris_sp._CIB_2401	1868325	S	119	30	149	0.00001
Prosthecochloris_sp._HL-130-GSB	1974213	S	82	14	96	0.00001
Prosthecochloris_aestuarii	1102	S	95	9	104	0.00001
Chloroherpeton_thalassium	100716	S	162	3	165	0.00001
Candidatus_Cyclonatronum_proteinivorum	1457365	S	234	23	257	0.00002
Melioribacter_roseus	1134405	S	84	10	94	0.00001
Ignavibacterium_album	591197	S	66	9	75	0.00001
Fibrobacter_succinogenes	833	S	128	2	130	0.00001
Candidatus_Cloacimonas_acidaminovorans	456827	S	63	1	64	0.00001
Luteitalea_sp._TBR-22	2802971	S	32525	5577	38102	0.00318
Luteitalea_pratensis	1855912	S	25995	2891	28886	0.00241
Granulicella_sp._WH15	2602070	S	1965	356	2321	0.00019
Granulicella_sp._5B5	1617967	S	1621	267	1888	0.00016
Granulicella_mallensis	940614	S	1391	165	1556	0.00013
Granulicella_tundricola	940615	S	1106	144	1250	0.00010
Terriglobus_roseus	392734	S	1776	401	2177	0.00018
Terriglobus_albidus	1592106	S	1350	134	1484	0.00012
Terriglobus_saanensis	870903	S	912	128	1040	0.00009
Acidobacterium_capsulatum	33075	S	1770	211	1981	0.00017
Acidobacterium_sp._4Y35	2763107	S	1482	99	1581	0.00013
Candidatus_Koribacter_versatilis	658062	S	2643	89	2732	0.00023
Edaphobacter_sp._12200R-103	2703788	S	1097	212	1309	0.00011
Edaphobacter_sp._4G125	2763071	S	654	108	762	0.00006
Acidisarcina_polymorpha	2211140	S	1188	88	1276	0.00011
Paludibaculum_fermentans	1473598	S	4739	125	4864	0.00041
Chloracidobacterium_aggregatum	2851959	S	872	510	1382	0.00012
Chloracidobacterium_validum	2821543	S	738	13	751	0.00006
Chloracidobacterium_sp._D	2821536	S	91	373	464	0.00004
Chloracidobacterium_thermophilum	458033	S	57	215	272	0.00002
Sulfidibacter_corallicola	2818388	S	1827	33	1860	0.00016
Thermotomaculum_hydrothermale	981385	S	70	3	73	0.00001
Nitrospira_moscoviensis	42253	S	6459	621	7080	0.00059
Nitrospira_japonica	1325564	S	3225	433	3658	0.00031
Nitrospira_sp._KM1	1936990	S	2546	270	2816	0.00024
Candidatus_Nitrospira_inopinata	1715989	S	2145	206	2351	0.00020
Leptospirillum_ferrooxidans	180	S	114	2	116	0.00001
Leptospirillum_ferriphilum	178606	S	40	94	134	0.00001
Leptospirillum_sp._Group_II_'CF-1'	1660083	S	39	114	153	0.00001
Dissulfurispira_thermophila	2715679	S	233	8	241	0.00002
Thermodesulfovibrio_yellowstonii	28262	S	116	2	118	0.00001
Spirochaeta_thermophila	154	S	527	11	538	0.00004
Spirochaeta_africana	46355	S	168	7	175	0.00001
Sediminispirochaeta_smaragdinae	55206	S	97	3	100	0.00001
Salinispira_pacifica	1307761	S	64	1	65	0.00001
Oceanispirochaeta_crateris	2518645	S	28	1	29	0.00000
Treponema_brennaborense	81028	S	118	38	156	0.00001
Treponema_azotonutricium	150829	S	113	4	117	0.00001
Treponema_primitia	88058	S	65	3	68	0.00001
Treponema_sp._Marseille-Q4132	2766701	S	45	25	70	0.00001
Treponema_sp._OMZ_838	1539298	S	18	21	39	0.00000
Treponema_socranskii	53419	S	58	32	90	0.00001
Treponema_caldarium	215591	S	56	6	62	0.00001
Treponema_succinifaciens	167	S	45	33	78	0.00001
Treponema_parvum	138851	S	45	2	47	0.00000
Treponema_vincentii	69710	S	41	50	91	0.00001
Treponema_phagedenis	162	S	21	8	29	0.00000
Treponema_peruense	2787628	S	19	2	21	0.00000
Treponema_medium	58231	S	18	27	45	0.00000
Treponema_pedis	409322	S	18	4	22	0.00000
Treponema_denticola	158	S	15	4	19	0.00000
Sphaerochaeta_coccoides	273376	S	79	3	82	0.00001
Sphaerochaeta_associata	1129264	S	75	10	85	0.00001
Sphaerochaeta_pleomorpha	1131707	S	42	6	48	0.00000
Sphaerochaeta_globosa	1131703	S	38	5	43	0.00000
Breznakiella_homolactica	2798577	S	108	8	116	0.00001
Leptospira_biflexa	172	S	92	110	202	0.00002
Leptospira_santarosai	28183	S	73	9	82	0.00001
Leptospira_weilii	28184	S	65	18	83	0.00001
Leptospira_kmetyi	408139	S	57	3	60	0.00001
Leptospira_tipperaryensis	2564040	S	41	1	42	0.00000
Leptospira_kobayashii	1917830	S	28	0	28	0.00000
Leptospira_mayottensis	1137606	S	25	8	33	0.00000
Leptospira_borgpetersenii	174	S	20	6	26	0.00000
Leptospira_noguchii	28182	S	19	3	22	0.00000
Turneriella_parva	29510	S	460	4	464	0.00004
Fretibacterium_fastidiosum	651822	S	475	6	481	0.00004
Pyramidobacter_piscolens	638849	S	474	29	503	0.00004
Aminomonas_paucivorans	81412	S	440	51	491	0.00004
Thermanaerovibrio_acidaminovorans	81462	S	206	70	276	0.00002
Thermanaerovibrio_velox	108007	S	129	28	157	0.00001
Cloacibacillus_porcorum	1197717	S	342	67	409	0.00003
Jonquetella_anthropi	428712	S	266	39	305	0.00003
Aminobacterium_colombiense	81468	S	72	4	76	0.00001
Acetomicrobium_mobile	97477	S	68	2	70	0.00001
Thermovirga_lienii	336261	S	34	27	61	0.00001
Candidatus_Nanosynbacter_featherlites	2572088	S	96	55	151	0.00001
Candidatus_Nanosynbacter_lyticus	2093824	S	46	150	196	0.00002
Nanosynbacter_sp._HMT-352	2899133	S	28	100	128	0.00001
Candidatus_Saccharimonas_aalborgensis	1332188	S	150	2	152	0.00001
Candidatus_Bipolaricaulis_anaerobius	2026885	S	592	24	616	0.00005
Candidatus_Absconditicoccus_praedator	2735562	S	69	0	69	0.00001
Candidatus_Babela_massiliensis	673862	S	66	1	67	0.00001
Candidatus_Chazhemtobacterium_aquaticus	2715735	S	40	0	40	0.00000
Thermotoga_caldifontis	1508419	S	114	135	249	0.00002
Thermotoga_profunda	1508420	S	10	4	14	0.00000
Pseudothermotoga_hypogea	57487	S	57	29	86	0.00001
Pseudothermotoga_thermarum	119394	S	10	2	12	0.00000
Fervidobacterium_pennivorans	93466	S	11	41	52	0.00000
Fervidobacterium_nodosum	2424	S	10	11	21	0.00000
Thermosipho_ferrireducens	2571116	S	31	13	44	0.00000
Mesotoga_infera	1236046	S	49	8	57	0.00000
Mesotoga_prima	1184387	S	29	5	34	0.00000
Kosmotoga_pacifica	1330330	S	19	16	35	0.00000
Kosmotoga_olearia	651457	S	12	10	22	0.00000
Defluviitoga_tunisiensis	1006576	S	10	21	31	0.00000
Athalassotoga_saccharophila	1441386	S	43	2	45	0.00000
Thermocrinis_minervae	381751	S	73	12	85	0.00001
Thermocrinis_albus	136094	S	22	3	25	0.00000
Thermocrinis_ruber	75906	S	15	2	17	0.00000
Hydrogenobacter_sp._T-8	1632019	S	41	19	60	0.00001
Hydrogenobacter_thermophilus	940	S	26	15	41	0.00000
Aquifex_aeolicus	63363	S	43	3	46	0.00000
Sulfurihydrogenibium_azorense	309806	S	57	15	72	0.00001
Persephonella_marina	309805	S	56	9	65	0.00001
Thermosulfidibacter_takaii	412593	S	78	3	81	0.00001
Thermovibrio_ammonificans	228745	S	102	18	120	0.00001
Desulfurobacterium_thermolithotrophum	64160	S	28	4	32	0.00000
Thermosulfurimonas_marina	2047767	S	174	35	209	0.00002
Thermosulfuriphilus_ammonigenes	1936021	S	102	5	107	0.00001
Thermodesulfatator_indicus	171695	S	68	13	81	0.00001
Thermodesulfobacterium_commune	1741	S	18	11	29	0.00000
Thermodesulfobacterium_sp._TA1	2234087	S	12	6	18	0.00000
Caldimicrobium_thiodismutans	1653476	S	20	5	25	0.00000
Caldithrix_abyssi	187145	S	324	3	327	0.00003
Geovibrio_thiophilus	139438	S	75	22	97	0.00001
Flexistipes_sinusarabici	2352	S	59	10	69	0.00001
Calditerrivibrio_nitroreducens	477976	S	45	9	54	0.00000
Mucispirillum_schaedleri	248039	S	31	4	35	0.00000
Denitrovibrio_acetiphilus	118000	S	26	5	31	0.00000
Deferribacter_desulfuricans	197162	S	21	5	26	0.00000
Desulfurispirillum_indicum	936456	S	245	117	362	0.00003
Fusobacterium_ulcerans	861	S	28	6	34	0.00000
Fusobacterium_nucleatum	851	S	14	34	48	0.00000
Fusobacterium_gonidiaformans	849	S	13	5	18	0.00000
Ilyobacter_polytropus	167642	S	10	1	11	0.00000
Pseudoleptotrichia_goodfellowii	157692	S	23	1	24	0.00000
Sebaldella_termitidis	826	S	13	0	13	0.00000
Endomicrobium_proavitum	1408281	S	44	22	66	0.00001
Candidatus_Endomicrobium_trichonymphae	1408204	S	18	8	26	0.00000
Elusimicrobium_minutum	423605	S	75	1	76	0.00001
Caldisericum_exile	693075	S	123	0	123	0.00001
Dictyoglomus_turgidum	513050	S	12	94	106	0.00001
Coprothermobacter_proteolyticus	35786	S	88	17	105	0.00001
Atribacter_laminatus	2847778	S	60	1	61	0.00001
Fusarium_acuminatum	5515	S	1936	130	2066	0.00017
Fusarium_avenaceum	40199	S	55	2	57	0.00000
Fusarium_sambucinum	5128	S	80	22	102	0.00001
Fusarium_longipes	694270	S	76	3	79	0.00001
Fusarium_pseudograminearum	101028	S	66	14	80	0.00001
Fusarium_poae	36050	S	57	16	73	0.00001
Fusarium_sporotrichioides	5514	S	43	2	45	0.00000
Fusarium_venenatum	56646	S	29	47	76	0.00001
Fusarium_graminearum	5518	S	28	81	109	0.00001
Fusarium_culmorum	5516	S	25	12	37	0.00000
Fusarium_dimerum	57145	S	201	6	207	0.00002
Fusarium_pseudonygamai	47755	S	46	13	59	0.00000
Fusarium_thapsinum	120644	S	41	10	51	0.00000
Fusarium_fujikuroi	5127	S	39	5	44	0.00000
Fusarium_nygamai	42673	S	35	12	47	0.00000
Fusarium_verticillioides	117187	S	26	55	81	0.00001
Fusarium_decemcellulare	57161	S	189	4	193	0.00002
Fusarium_graminum	86546	S	84	11	95	0.00001
Fusarium_heterosporum	42747	S	69	9	78	0.00001
Fusarium_scirpi	2211609	S	53	14	67	0.00001
Fusarium_equiseti	61235	S	41	12	53	0.00000
Fusarium_lateritium	5523	S	92	3	95	0.00001
Fusarium_chlamydosporum	86545	S	39	5	44	0.00000
Fusarium_nelsonii	77846	S	38	5	43	0.00000
Fusarium_oxysporum	5507	S	76	34	110	0.00001
Fusarium_musae	1042133	S	18	37	55	0.00000
Metarhizium_guizhouense	169041	S	407	148	555	0.00005
Metarhizium_album	92629	S	279	9	288	0.00002
Metarhizium_rileyi	1649241	S	221	35	256	0.00002
Metarhizium_acridum	92637	S	160	110	270	0.00002
Metarhizium_anisopliae	5530	S	102	120	222	0.00002
Metarhizium_majus	1650735	S	99	30	129	0.00001
Metarhizium_humberi	2596975	S	60	24	84	0.00001
Metarhizium_brunneum	500148	S	57	31	88	0.00001
Metarhizium_robertsii	568076	S	44	20	64	0.00001
Ustilaginoidea_virens	1159556	S	483	25	508	0.00004
Pochonia_chlamydosporia	280754	S	111	7	118	0.00001
Trichoderma_citrinoviride	58853	S	194	20	214	0.00002
Trichoderma_reesei	51453	S	179	15	194	0.00002
Trichoderma_erinaceum	202914	S	170	23	193	0.00002
Trichoderma_pleuroti	500994	S	137	13	150	0.00001
Trichoderma_atroviride	63577	S	134	30	164	0.00001
Trichoderma_afroharzianum	1567482	S	113	20	133	0.00001
Trichoderma_asperellum	101201	S	98	6	104	0.00001
Trichoderma_gamsii	398673	S	82	10	92	0.00001
Trichoderma_hamatum	49224	S	81	6	87	0.00001
Trichoderma_harzianum	5544	S	74	13	87	0.00001
Trichoderma_koningiopsis	337941	S	62	8	70	0.00001
Trichoderma_longibrachiatum	5548	S	19	163	182	0.00002
Trichoderma_virens	29875	S	15	129	144	0.00001
Trichoderma_koningii	97093	S	14	114	128	0.00001
Trichoderma_viride	5547	S	11	124	135	0.00001
Beauveria_felina	37994	S	352	20	372	0.00003
Beauveria_pseudobassiana	931006	S	263	34	297	0.00002
Beauveria_rudraprayagi	1481906	S	164	168	332	0.00003
Beauveria_brongniartii	118266	S	128	28	156	0.00001
Beauveria_bassiana	176275	S	62	66	128	0.00001
Cordyceps_fumosorosea	114497	S	512	35	547	0.00005
Purpureocillium_lilacinum	33203	S	687	56	743	0.00006
Drechmeria_coniospora	98403	S	493	26	519	0.00004
Clonostachys_rosea	29856	S	215	17	232	0.00002
Colletotrichum_higginsianum	80884	S	735	154	889	0.00007
Thermothielavioides_terrestris	2587410	S	827	46	873	0.00007
Thermothelomyces_thermophilus	78579	S	687	28	715	0.00006
Neurospora_crassa	5141	S	182	7	189	0.00002
Pyricularia_oryzae	318829	S	253	56	309	0.00003
Pyricularia_pennisetigena	1578925	S	243	31	274	0.00002
Pyricularia_grisea	148305	S	202	25	227	0.00002
Neopestalotiopsis_rosae	1562205	S	99	88	187	0.00002
Neopestalotiopsis_clavispora	289240	S	90	87	177	0.00001
Botrytis_cinerea	40559	S	190	1	191	0.00002
Aspergillus_chevalieri	182096	S	1203	90	1293	0.00011
Aspergillus_oryzae	5062	S	77	211	288	0.00002
Aspergillus_flavus	5059	S	48	141	189	0.00002
Aspergillus_luchuensis	1069201	S	441	24	465	0.00004
Aspergillus_fumigatus	746128	S	121	4	125	0.00001
Aspergillus_puulaauensis	1220207	S	114	3	117	0.00001
Penicillium_aurantiogriseum	36655	S	79	17	96	0.00001
Penicillium_chrysogenum	5076	S	74	8	82	0.00001
Penicillium_expansum	27334	S	67	16	83	0.00001
Penicillium_citrinum	5077	S	56	6	62	0.00001
Penicillium_italicum	40296	S	46	10	56	0.00000
Penicillium_digitatum	36651	S	31	3	34	0.00000
Paecilomyces_niveus	5093	S	92	2	94	0.00001
Paecilomyces_variotii	264951	S	63	3	66	0.00001
Talaromyces_rugulosus	121627	S	120	6	126	0.00001
Paraphaeosphaeria_minitans	565426	S	278	92	370	0.00003
Ampelomyces_quisqualis	50730	S	203	22	225	0.00002
Zymoseptoria_tritici	1047171	S	155	2	157	0.00001
Cercospora_beticola	122368	S	80	0	80	0.00001
Eremothecium_gossypii	33169	S	92	60	152	0.00001
Eremothecium_cymbalariae	45285	S	14	0	14	0.00000
Saccharomyces_eubayanus	1080349	S	42	1	43	0.00000
Saccharomyces_cerevisiae	4932	S	13	1	14	0.00000
Saccharomyces_paradoxus	27291	S	12	0	12	0.00000
Lachancea_thermotolerans	381046	S	44	2	46	0.00000
Naumovozyma_dairenensis	27289	S	23	0	23	0.00000
Naumovozyma_castellii	27288	S	19	1	20	0.00000
Tetrapisispora_blattae	1071379	S	25	1	26	0.00000
Tetrapisispora_phaffii	113608	S	11	0	11	0.00000
Kluyveromyces_marxianus	4911	S	28	3	31	0.00000
Kazachstania_naganishii	588726	S	22	0	22	0.00000
[Candida]_glabrata	5478	S	25	0	25	0.00000
Torulaspora_globosa	48254	S	16	0	16	0.00000
Zygotorulaspora_mrakii	42260	S	17	1	18	0.00000
Zygosaccharomyces_rouxii	4956	S	11	0	11	0.00000
Ogataea_parapolymorpha	1005962	S	41	1	42	0.00000
Brettanomyces_nanus	13502	S	17	2	19	0.00000
Brettanomyces_bruxellensis	5007	S	11	0	11	0.00000
Pichia_kudriavzevii	4909	S	18	0	18	0.00000
Candida_dubliniensis	42374	S	37	1	38	0.00000
Candida_orthopsilosis	273371	S	16	0	16	0.00000
Candida_albicans	5476	S	13	0	13	0.00000
Scheffersomyces_stipitis	4924	S	13	0	13	0.00000
Yarrowia_lipolytica	4952	S	68	0	68	0.00001
Sugiyamaella_lignohabitans	796027	S	41	3	44	0.00000
Saccharomycodes_ludwigii	36035	S	13	1	14	0.00000
Schizosaccharomyces_pombe	4896	S	32	1	33	0.00000
Pseudozyma_flocculosa	84751	S	1023	11	1034	0.00009
Ustilago_maydis	5270	S	324	10	334	0.00003
Sporisorium_graminicola	280036	S	255	46	301	0.00003
Malassezia_restricta	76775	S	76	15	91	0.00001
Phlebiopsis_gigantea	82310	S	286	2	288	0.00002
Rhizoctonia_solani	456999	S	63	3	66	0.00001
Marasmius_oreades	181124	S	57	3	60	0.00001
Cryptococcus_neoformans	5207	S	66	5	71	0.00001
Cryptococcus_gattii_VGI	37769	S	33	30	63	0.00001
Phytophthora_cinnamomi	4785	S	649	119	768	0.00006
Phytophthora_fragariae	53985	S	447	69	516	0.00004
Phytophthora_cryptogea	4786	S	319	28	347	0.00003
Phytophthora_infestans	4787	S	238	347	585	0.00005
Phytophthora_cactorum	29920	S	185	30	215	0.00002
Phytophthora_boehmeriae	109152	S	159	20	179	0.00002
Phytophthora_parasitica	4792	S	122	17	139	0.00001
Pythium_aphanidermatum	65070	S	265	5	270	0.00002
