name	taxonomy_id	taxonomy_lvl	kraken_assigned_reads	added_reads	new_est_reads	fraction_total_reads
Bradyrhizobium	374	G	122046	18655	140701	0.03343
Rhodopseudomonas	1073	G	9885	3135	13020	0.00309
Nitrobacter	911	G	3550	506	4056	0.00096
Tardiphaga	1395974	G	3396	448	3844	0.00091
Afipia	1033	G	2797	1184	3981	0.00095
Variibacter	1649510	G	2245	184	2429	0.00058
Mesorhizobium	68287	G	66959	13208	80167	0.01905
Aquibium	2911176	G	3004	727	3731	0.00089
Aminobacter	31988	G	2024	1336	3360	0.00080
Nitratireductor	245876	G	2024	305	2329	0.00055
Phyllobacterium	28100	G	1142	117	1259	0.00030
Roseitalea	1915401	G	899	155	1054	0.00025
Hoeflea	274591	G	692	67	759	0.00018
Oricola	1594166	G	657	92	749	0.00018
Salaquimonas	2712688	G	288	13	301	0.00007
Rhizobium	379	G	25692	6098	31790	0.00755
Agrobacterium	357	G	4898	1822	6720	0.00160
Neorhizobium	1525371	G	2597	659	3256	0.00077
Pseudorhizobium	1903858	G	816	178	994	0.00024
Sinorhizobium	28105	G	5524	2426	7950	0.00189
Ensifer	106591	G	4896	1063	5959	0.00142
Shinella	323620	G	4107	3320	7427	0.00176
Ciceribacter	1648508	G	649	144	793	0.00019
Georhizobium	2661800	G	595	140	735	0.00017
Peteryoungia	2853332	G	197	40	237	0.00006
Liberibacter	34019	G	23	27	50	0.00001
Methylobacterium	407	G	25169	4679	29848	0.00709
Microvirga	186650	G	7942	1036	8978	0.00213
Methylorubrum	2282523	G	5112	2241	7353	0.00175
Pseudolabrys	556257	G	24064	3923	27987	0.00665
Xanthobacter	279	G	3782	962	4744	0.00113
Starkeya	152053	G	3564	1042	4606	0.00109
Ancylobacter	99	G	3316	1280	4596	0.00109
Labrys	204476	G	1289	143	1432	0.00034
Azorhizobium	6	G	1198	280	1478	0.00035
Rhodoplanes	29407	G	20123	2103	22226	0.00528
Hyphomicrobium	81	G	3345	226	3571	0.00085
Methyloceanibacter	1484898	G	1312	87	1399	0.00033
Aquabacter	45402	G	980	176	1156	0.00027
Rhodomicrobium	1068	G	826	56	882	0.00021
Methyloligella	1485594	G	776	95	871	0.00021
Caenibius	2827482	G	631	309	940	0.00022
Filomicrobium	119044	G	303	8	311	0.00007
Devosia	46913	G	11571	998	12569	0.00299
Youhaiella	1827478	G	1279	319	1598	0.00038
Paradevosia	1573407	G	1239	519	1758	0.00042
Pelagibacterium	1082930	G	520	63	583	0.00014
Maritalea	623276	G	101	3	104	0.00002
Bosea	85413	G	10463	1722	12185	0.00289
Aureimonas	414371	G	4815	1057	5872	0.00140
Martelella	293088	G	2564	492	3056	0.00073
Aurantimonas	182269	G	1315	431	1746	0.00041
Methylocystis	133	G	4385	416	4801	0.00114
Methylosinus	425	G	1993	315	2308	0.00055
Pseudorhodoplanes	1734920	G	2838	226	3064	0.00073
Nordella	169055	G	1901	113	2014	0.00048
Terrihabitans	2874214	G	1315	160	1475	0.00035
Phreatobacter	1632780	G	5246	962	6208	0.00148
Stappia	152161	G	2051	421	2472	0.00059
Roseibium	150830	G	968	134	1102	0.00026
Pannonibacter	227873	G	953	740	1693	0.00040
Labrenzia	478070	G	748	69	817	0.00019
Pseudovibrio	258255	G	161	8	169	0.00004
Kaustia	2838250	G	1587	168	1755	0.00042
Parvibaculum	256616	G	984	756	1740	0.00041
Pyruvatibacter	1742974	G	740	106	846	0.00020
Candidatus_Phaeomarinobacter	1541445	G	211	12	223	0.00005
Blastochloris	59282	G	3240	828	4068	0.00097
Methylocella	120652	G	1435	139	1574	0.00037
Methylovirgula	1156568	G	1297	112	1409	0.00033
Beijerinckia	532	G	335	27	362	0.00009
Chelatococcus	28209	G	2888	703	3591	0.00085
Kaistia	166953	G	1731	463	2194	0.00052
Brucella	234	G	1561	1113	2674	0.00064
Pseudochrobactrum	354349	G	143	24	167	0.00004
Acuticoccus	1904377	G	1634	190	1824	0.00043
Hartmannibacter	1572860	G	1078	209	1287	0.00031
Breoghania	1406135	G	1009	144	1153	0.00027
Lichenihabitans	2723776	G	987	50	1037	0.00025
Cohaesibacter	655352	G	184	7	191	0.00005
Bartonella	773	G	172	10	182	0.00004
Sphingomonas	13687	G	162898	20212	183110	0.04350
Sphingobium	165695	G	19485	10426	29911	0.00711
Sphingopyxis	165697	G	18736	4172	22908	0.00544
Novosphingobium	165696	G	11146	4381	15527	0.00369
Rhizorhabdus	1649486	G	6013	3220	9233	0.00219
Allosphingosinicella	2823232	G	3075	412	3487	0.00083
Sphingosinithalassobacter	2676233	G	2633	662	3295	0.00078
Parasphingopyxis	1234545	G	1686	89	1775	0.00042
Sphingorhabdus	1434046	G	1257	81	1338	0.00032
Blastomonas	150203	G	1194	243	1437	0.00034
Hankyongella	1763827	G	873	186	1059	0.00025
Tardibacter	2685927	G	870	783	1653	0.00039
Novosphingopyxis	2709686	G	664	387	1051	0.00025
Citromicrobium	72173	G	611	295	906	0.00022
Aquisediminimonas	2676781	G	420	16	436	0.00010
Parasphingorhabdus	2709685	G	353	10	363	0.00009
Erythrobacter	1041	G	7605	2109	9714	0.00231
Porphyrobacter	1111	G	2183	623	2806	0.00067
Qipengyuania	1855416	G	4941	1387	6328	0.00150
Tsuneonella	2800686	G	3220	690	3910	0.00093
Altererythrobacter	361177	G	3050	837	3887	0.00092
Croceicoccus	1295327	G	2548	1644	4192	0.00100
Aurantiacibacter	2800681	G	562	98	660	0.00016
Paraurantiacibacter	2800682	G	481	67	548	0.00013
Pelagerythrobacter	2800685	G	452	67	519	0.00012
Croceibacterium	2676755	G	438	206	644	0.00015
Sphingosinicella	335405	G	5648	628	6276	0.00149
Polymorphobacter	1508451	G	1905	84	1989	0.00047
Sandaracinobacter	56358	G	783	60	843	0.00020
Zymomonas	541	G	64	49	113	0.00003
Azospirillum	191	G	16691	2222	18913	0.00449
Skermanella	204447	G	5409	809	6218	0.00148
Nitrospirillum	1543705	G	1440	180	1620	0.00039
Indioceanicola	2478349	G	1080	160	1240	0.00029
Niveispirillum	1543704	G	618	73	691	0.00016
Roseomonas	125216	G	10848	1624	12472	0.00296
Rhodovastum	504465	G	2136	214	2350	0.00056
Komagataeibacter	1434011	G	1642	733	2375	0.00056
Roseococcus	35812	G	1436	134	1570	0.00037
Acidiphilium	522	G	1415	686	2101	0.00050
Lichenicola	2804525	G	947	45	992	0.00024
Sediminicoccus	1706033	G	939	48	987	0.00023
Acidibrevibacterium	2603324	G	928	88	1016	0.00024
Acetobacter	434	G	796	301	1097	0.00026
Gluconacetobacter	89583	G	611	128	739	0.00018
Gluconobacter	441	G	597	150	747	0.00018
Granulibacter	364409	G	396	35	431	0.00010
Asaia	91914	G	284	48	332	0.00008
Neoasaia	320496	G	241	48	289	0.00007
Kozakia	153497	G	172	60	232	0.00006
Novacetimonas	2919364	G	146	72	218	0.00005
Oecophyllibacter	2791118	G	118	3	121	0.00003
Parasaccharibacter	1602345	G	98	4	102	0.00002
Swingsia	1649499	G	66	3	69	0.00002
Neokomagataea	1223423	G	31	5	36	0.00001
Entomobacter	2811380	G	15	1	16	0.00000
Hypericibacter	2705399	G	6275	407	6682	0.00159
Magnetospirillum	13134	G	3386	61028	64414	0.01530
Rhodospirillum	1081	G	2078	258	2336	0.00055
Tistrella	171436	G	1480	714	2194	0.00052
Ferrovibrio	1231242	G	1408	97	1505	0.00036
Defluviicoccus	111830	G	747	72	819	0.00019
Pararhodospirillum	1612157	G	471	36	507	0.00012
Haematospirillum	1804663	G	54	4	58	0.00001
Candidatus_Endolissoclinum	1263978	G	25	0	25	0.00001
Stella	93	G	3514	263	3777	0.00090
Elioraea	457933	G	1491	77	1568	0.00037
Thalassospira	168934	G	561	44	605	0.00014
Magnetospira	1182780	G	273	9	282	0.00007
Terasakiella	196080	G	40	0	40	0.00001
Caulobacter	75	G	29190	3791	32981	0.00784
Phenylobacterium	20	G	19573	3689	23262	0.00553
Brevundimonas	41275	G	16750	2510	19260	0.00458
Terricaulis	2768684	G	2085	78	2163	0.00051
Asticcacaulis	76890	G	1175	95	1270	0.00030
Paracoccus	265	G	8566	1773	10339	0.00246
Cereibacter	1653176	G	2176	706	2882	0.00068
Rhodobacter	1060	G	2032	678	2710	0.00064
Rhodovulum	34008	G	1185	242	1427	0.00034
Polymorphum	991903	G	1020	282	1302	0.00031
Paroceanicella	2683599	G	997	275	1272	0.00030
Thioclava	285107	G	723	95	818	0.00019
Pikeienuella	2831955	G	652	69	721	0.00017
Pontivivens	1844015	G	611	48	659	0.00016
Silicimonas	1955420	G	604	38	642	0.00015
Pelagovum	2795377	G	500	67	567	0.00013
Frigidibacter	1775705	G	458	209	667	0.00016
Pukyongiella	2831925	G	420	106	526	0.00012
Brevirhabdus	1855413	G	413	202	615	0.00015
Falsirhodobacter	1434002	G	328	49	377	0.00009
Fuscovulum	2818469	G	322	43	365	0.00009
Gymnodinialimonas	2937410	G	318	32	350	0.00008
Haematobacter	366614	G	305	135	440	0.00010
Gemmobacter	204456	G	288	61	349	0.00008
Pacificitalea	2846749	G	281	64	345	0.00008
Pseudopuniceibacterium	2613960	G	267	22	289	0.00007
Pseudooceanicola	1679449	G	238	24	262	0.00006
Roseicitreum	1209946	G	232	12	244	0.00006
Tabrizicola	1443919	G	221	21	242	0.00006
Monaibacterium	2029873	G	215	52	267	0.00006
Tritonibacter	2083206	G	163	77	240	0.00006
Yoonia	2211641	G	156	36	192	0.00005
Qingshengfaniella	2816884	G	132	7	139	0.00003
Pseudohalocynthiibacter	1759417	G	128	26	154	0.00004
Rhodophyticola	2680018	G	123	3	126	0.00003
Profundibacter	2778525	G	115	4	119	0.00003
Pseudorhodobacter	238783	G	99	6	105	0.00003
Rhodobaca	119541	G	92	4	96	0.00002
Cognatishimia	2211635	G	68	3	71	0.00002
Aestuarium	2820509	G	66	28	94	0.00002
Parasedimentitalea	2738399	G	62	3	65	0.00002
Planktomarina	1284657	G	49	1	50	0.00001
Roseovarius	74030	G	2093	339	2432	0.00058
Sulfitobacter	60136	G	2022	414	2436	0.00058
Salipiger	263377	G	1507	524	2031	0.00048
Roseivivax	93682	G	1314	197	1511	0.00036
Celeribacter	875170	G	929	373	1302	0.00031
Leisingera	191028	G	756	108	864	0.00021
Phaeobacter	302485	G	724	161	885	0.00021
Ruegeria	97050	G	711	104	815	0.00019
Sagittula	58842	G	567	251	818	0.00019
Yangia	2919626	G	562	100	662	0.00016
Pseudosulfitobacter	2854186	G	530	153	683	0.00016
Ponticoccus	983507	G	374	59	433	0.00010
Roseobacter	2433	G	366	22	388	0.00009
Dinoroseobacter	309512	G	362	138	500	0.00012
Mameliella	1434019	G	361	71	432	0.00010
Oceanicola	252301	G	319	17	336	0.00008
Octadecabacter	53945	G	314	22	336	0.00008
Ketogulonicigenium	92944	G	308	102	410	0.00010
Roseibacterium	159345	G	293	26	319	0.00008
Actibacterium	1433986	G	279	141	420	0.00010
Maribius	387095	G	228	12	240	0.00006
Tateyamaria	299261	G	203	7	210	0.00005
Thalassococcus	436357	G	197	5	202	0.00005
Jannaschia	188905	G	191	5	196	0.00005
Antarctobacter	74032	G	169	9	178	0.00004
Thalassobius	335927	G	113	6	119	0.00003
Falsihalocynthiibacter	2854182	G	44	1	45	0.00001
Hyphomonas	85	G	1084	53	1137	0.00027
Candidatus_Viadribacter	2892997	G	895	25	920	0.00022
Hirschia	2723	G	20	0	20	0.00000
Marinicauda	1649466	G	931	170	1101	0.00026
Glycocaulis	1433402	G	313	16	329	0.00008
Maricaulis	74317	G	293	19	312	0.00007
Hyphobacterium	2004661	G	241	9	250	0.00006
Aquisalinus	1795639	G	375	18	393	0.00009
Parvularcula	208215	G	131	17	148	0.00004
Luteithermobacter	2813803	G	154	26	180	0.00004
Paremcibacter	2813804	G	138	4	142	0.00003
Anaplasma	768	G	35	9	44	0.00001
Wolbachia	953	G	31	1	32	0.00001
Ehrlichia	943	G	17	3	20	0.00000
Neorickettsia	33993	G	14	0	14	0.00000
Rickettsia	780	G	73	6	79	0.00002
Candidatus_Midichloria	411566	G	12	1	13	0.00000
Micavibrio	213485	G	189	2	191	0.00005
Candidatus_Puniceispirillum	767891	G	34	1	35	0.00001
Candidatus_Cytomitobacter	2601574	G	13	2	15	0.00000
Candidatus_Hydrogenosomobacter	2654634	G	10	6	16	0.00000
Candidatus_Nucleicultrix	1509243	G	23	1	24	0.00001
Candidatus_Paracaedibacter	1521255	G	17	0	17	0.00000
Candidatus_Fonsibacter	2045213	G	35	0	35	0.00001
Candidatus_Pelagibacter	198251	G	34	0	34	0.00001
Magnetococcus	162171	G	68	1	69	0.00002
Kordiimonas	288021	G	27	0	27	0.00001
Paraburkholderia	1822464	G	43949	4711	48660	0.01156
Burkholderia	32008	G	40792	34044	74836	0.01778
Cupriavidus	106589	G	23566	7816	31382	0.00746
Caballeronia	1827195	G	7050	891	7941	0.00189
Ralstonia	48736	G	6204	2968	9172	0.00218
Pandoraea	93217	G	5827	982	6809	0.00162
Lautropia	47670	G	465	93	558	0.00013
Polynucleobacter	44013	G	464	13	477	0.00011
Mycetohabitans	2571159	G	369	26	395	0.00009
Chitinimonas	240411	G	330	29	359	0.00009
Mycoavidus	1810868	G	73	3	76	0.00002
Limnobacter	131079	G	62	3	65	0.00002
Candidatus_Vallotia	2018044	G	55	7	62	0.00001
Ephemeroptericola	2680021	G	34	2	36	0.00001
Variovorax	34072	G	22990	8681	31671	0.00752
Hydrogenophaga	47420	G	9217	4550	13767	0.00327
Acidovorax	12916	G	8242	4595	12837	0.00305
Ramlibacter	174951	G	6298	2895	9193	0.00218
Comamonas	283	G	4681	2251	6932	0.00165
Rhodoferax	28065	G	4377	1165	5542	0.00132
Schlegelella	215579	G	3629	1311	4940	0.00117
Diaphorobacter	238749	G	2719	3189	5908	0.00140
Delftia	80865	G	2251	2735	4986	0.00118
Kinneretia	683756	G	1983	1238	3221	0.00077
Polaromonas	52972	G	1976	153	2129	0.00051
Ottowia	219181	G	1542	305	1847	0.00044
Alicycliphilus	201096	G	1412	2708	4120	0.00098
Melaminivora	1649468	G	1162	1175	2337	0.00056
Serpentinimonas	2490452	G	818	211	1029	0.00024
Verminephrobacter	364316	G	565	79	644	0.00015
Hylemonella	232523	G	529	88	617	0.00015
Pulveribacter	2678886	G	519	311	830	0.00020
Simplicispira	352450	G	359	148	507	0.00012
Limnohabitans	665874	G	252	27	279	0.00007
Candidatus_Symbiobacter	1436289	G	190	7	197	0.00005
Curvibacter	281915	G	143	11	154	0.00004
Massilia	149698	G	23092	4410	27502	0.00653
Duganella	75654	G	1860	647	2507	0.00060
Herbaspirillum	963	G	3489	727	4216	0.00100
Janthinobacterium	29580	G	3382	732	4114	0.00098
Collimonas	202907	G	1481	180	1661	0.00039
Noviherbaspirillum	1344552	G	1123	212	1335	0.00032
Undibacterium	401469	G	168	11	179	0.00004
Herminiimonas	303379	G	88	14	102	0.00002
Glaciimonas	1229970	G	79	5	84	0.00002
Oxalobacter	846	G	43	4	47	0.00001
Bordetella	517	G	12447	4717	17164	0.00408
Achromobacter	222	G	11221	5552	16773	0.00399
Pigmentiphaga	152267	G	1720	231	1951	0.00046
Orrella	1921582	G	875	320	1195	0.00028
Castellaniella	359336	G	848	667	1515	0.00036
Alcaligenes	507	G	382	117	499	0.00012
Pusillimonas_(ex_Stolz_et_al._2005)	305976	G	322	69	391	0.00009
Paralcaligenes	1148163	G	221	10	231	0.00005
Kerstersia	257820	G	188	46	234	0.00006
Advenella	290425	G	162	5	167	0.00004
Paenalcaligenes	1100891	G	22	1	23	0.00001
Oligella	90243	G	21	6	27	0.00001
Pelistega	106146	G	14	2	16	0.00000
Rhizobacter	212743	G	4066	1076	5142	0.00122
Sphaerotilus	34102	G	2712	1609	4321	0.00103
Methylibium	316612	G	2633	897	3530	0.00084
Rubrivivax	28067	G	2118	789	2907	0.00069
Aquincola	391952	G	1799	746	2545	0.00060
Mitsuaria	65047	G	1797	427	2224	0.00053
Thiomonas	32012	G	1589	114	1703	0.00040
Leptothrix	88	G	1290	493	1783	0.00042
Xylophilus	54066	G	1018	358	1376	0.00033
Ideonella	36862	G	810	588	1398	0.00033
Tepidimonas	114248	G	784	335	1119	0.00027
Roseateles	93681	G	673	154	827	0.00020
Aquabacterium	92793	G	668	212	880	0.00021
Inhella	644355	G	450	85	535	0.00013
Paucibacter	318147	G	346	70	416	0.00010
Candidatus_Ichthyocystis	2929841	G	11	0	11	0.00000
Sutterella	40544	G	586	57	643	0.00015
Turicimonas	1918598	G	22	1	23	0.00001
Usitatibacter	2803845	G	20672	1790	22462	0.00534
Denitratisoma	311181	G	1152	661	1813	0.00043
Sulfuritalea	1054211	G	989	167	1156	0.00027
Methyloversatilis	378210	G	711	109	820	0.00019
Sterolibacterium	157591	G	526	168	694	0.00017
Thiobacillus	919	G	1232	269	1501	0.00036
Sulfuritortus	1938335	G	725	356	1081	0.00026
Sulfuriferula	1778653	G	912	176	1088	0.00026
Sulfurimicrobium	2772198	G	559	80	639	0.00015
Sulfuricella	935200	G	238	24	262	0.00006
Sideroxydans	314343	G	750	113	863	0.00021
Ferrigenium	2249462	G	540	123	663	0.00016
Ferriphaselus	1443590	G	152	22	174	0.00004
Gallionella	96	G	92	9	101	0.00002
Candidatus_Nitrotoga	453161	G	89	5	94	0.00002
Nitrosospira	35798	G	488	15	503	0.00012
Nitrosomonas	914	G	180	29	209	0.00005
Methylovorus	81682	G	189	15	204	0.00005
Methylobacillus	404	G	162	45	207	0.00005
Candidatus_Methylopumilus	1679002	G	81	6	87	0.00002
Methylophilus	16	G	63	4	67	0.00002
Methyloradius	2872156	G	41	3	44	0.00001
Methylotenera	359407	G	24	2	26	0.00001
Thauera	33057	G	4965	3503	8468	0.00201
Azoarcus	12960	G	4002	1433	5435	0.00129
Nitrogeniibacter	2891294	G	1263	228	1491	0.00035
Aromatoleum	551759	G	4030	1310	5340	0.00127
Azospira	146937	G	2897	1520	4417	0.00105
Niveibacterium	1769726	G	689	110	799	0.00019
Oryzomicrobium	1911577	G	538	156	694	0.00016
Rugosibacter	1914449	G	150	29	179	0.00004
Dechloromonas	73029	G	1014	199	1213	0.00029
Ferribacterium	88875	G	826	161	987	0.00023
Quatrionicoccus	138117	G	418	143	561	0.00013
Fluviibacter	2808942	G	56	20	76	0.00002
Chromobacterium	535	G	3275	794	4069	0.00097
Iodobacter	32014	G	45	13	58	0.00001
Jeongeupia	885864	G	1005	212	1217	0.00029
Paludibacterium	400060	G	813	153	966	0.00023
Pseudogulbenkiania	568394	G	683	258	941	0.00022
Vogesella	57739	G	596	166	762	0.00018
Microvirgula	57479	G	404	86	490	0.00012
Aquitalea	407217	G	352	75	427	0.00010
Laribacter	168470	G	303	299	602	0.00014
Aquaspirillum	187	G	200	33	233	0.00006
Deefgea	400947	G	83	11	94	0.00002
Chitinibacter	230666	G	68	27	95	0.00002
Neisseria	482	G	1155	551	1706	0.00041
Crenobacter	1654931	G	883	322	1205	0.00029
Chitinolyticbacter	1055692	G	539	74	613	0.00015
Vitreoscilla	59	G	242	47	289	0.00007
Eikenella	538	G	152	44	196	0.00005
Kingella	32257	G	147	46	193	0.00005
Uruburuella	299568	G	125	21	146	0.00003
Paralysiella	2898489	G	52	12	64	0.00002
Alysiella	194195	G	28	22	50	0.00001
Conchiformibius	334107	G	12	2	14	0.00000
Snodgrassella	1193515	G	10	3	13	0.00000
Casimicrobium	2706000	G	572	308	880	0.00021
Candidatus_Kinetoplastibacterium	33055	G	18	1	19	0.00000
Lysobacter	68	G	28137	5538	33675	0.00800
Xanthomonas	338	G	10187	7008	17195	0.00409
Stenotrophomonas	40323	G	9702	4663	14365	0.00341
Luteimonas	83614	G	7864	1780	9644	0.00229
Pseudoxanthomonas	83618	G	5196	2581	7777	0.00185
Thermomonas	141948	G	3904	1232	5136	0.00122
Arenimonas	490567	G	974	220	1194	0.00028
Pseudolysobacter	2709666	G	703	20	723	0.00017
Xylella	2370	G	113	21	134	0.00003
Frateuria	70411	G	6324	1807	8131	0.00193
Luteibacter	242605	G	5225	624	5849	0.00139
Rhodanobacter	75309	G	4869	1125	5994	0.00142
Dyella	231454	G	4253	749	5002	0.00119
Dokdonella	323413	G	2165	411	2576	0.00061
Aerosticca	2707020	G	1099	1583	2682	0.00064
Ahniella	2233801	G	380	10	390	0.00009
Pseudomonas	286	G	61838	19749	81587	0.01938
Azotobacter	352	G	1339	281	1620	0.00039
Halopseudomonas	2901189	G	692	142	834	0.00020
Permianibacter	1649479	G	128	4	132	0.00003
Thiopseudomonas	1654787	G	18	4	22	0.00001
Entomomonas	2758906	G	12	0	12	0.00000
Marinobacter	2742	G	1407	134	1541	0.00037
Enterobacter	547	G	2244	3504	5748	0.00137
Klebsiella	570	G	1481	18187	19668	0.00467
Raoultella	160674	G	427	344	771	0.00018
Citrobacter	544	G	717	682	1399	0.00033
Cronobacter	413496	G	534	130	664	0.00016
Leclercia	83654	G	443	233	676	0.00016
Kosakonia	1330547	G	415	68	483	0.00011
Salmonella	590	G	341	7478	7819	0.00186
Pluralibacter	1330546	G	301	82	383	0.00009
Escherichia	561	G	227	2485	2712	0.00064
Cedecea	158483	G	193	29	222	0.00005
Lelliottia	1330545	G	160	38	198	0.00005
Kluyvera	579	G	109	31	140	0.00003
Candidatus_Symbiopectobacterium	801	G	37	13	50	0.00001
Pseudescherichia	2055880	G	70	4	74	0.00002
Atlantibacter	1903434	G	67	15	82	0.00002
Jejubacter	2815296	G	58	6	64	0.00002
Plesiomonas	702	G	57	19	76	0.00002
Buttiauxella	82976	G	55	8	63	0.00002
Yokenella	158876	G	44	19	63	0.00002
Shimwellia	1335483	G	44	9	53	0.00001
Phytobacter	447792	G	38	63	101	0.00002
Scandinavium	2726810	G	38	7	45	0.00001
Pseudocitrobacter	1504576	G	37	9	46	0.00001
Shigella	620	G	14	612	626	0.00015
Serratia	613	G	2417	680	3097	0.00074
Rahnella	34037	G	285	83	368	0.00009
Yersinia	629	G	203	103	306	0.00007
Nissabacter	1964366	G	191	30	221	0.00005
Gibbsiella	929812	G	92	14	106	0.00003
Ewingella	41201	G	63	9	72	0.00002
Rouxiella	1565532	G	45	4	49	0.00001
Chania	1745211	G	21	2	23	0.00001
Pantoea	53335	G	1471	295	1766	0.00042
Erwinia	551	G	637	113	750	0.00018
Mixta	2100764	G	339	105	444	0.00011
Buchnera	32199	G	38	5	43	0.00001
Tatumella	82986	G	28	4	32	0.00001
Dickeya	204037	G	676	136	812	0.00019
Pectobacterium	122277	G	398	82	480	0.00011
Brenneria	71655	G	304	24	328	0.00008
Lonsdalea	1082702	G	147	23	170	0.00004
Musicola	2884243	G	74	0	74	0.00002
Edwardsiella	635	G	429	94	523	0.00012
Hafnia	568	G	46	19	65	0.00002
Obesumbacterium	82982	G	12	7	19	0.00000
Morganella	581	G	120	105	225	0.00005
Xenorhabdus	626	G	75	10	85	0.00002
Providencia	586	G	71	37	108	0.00003
Proteus	583	G	44	70	114	0.00003
Photorhabdus	29487	G	32	2	34	0.00001
Arsenophonus	637	G	16	1	17	0.00000
Sodalis	84565	G	338	25	363	0.00009
Leminorella	82980	G	34	6	40	0.00001
Thioalkalivibrio	106633	G	2302	423	2725	0.00065
Spiribacter	1335745	G	1487	106	1593	0.00038
Acidihalobacter	1765964	G	969	82	1051	0.00025
Alkalilimnicola	133193	G	533	68	601	0.00014
Halorhodospira	85108	G	448	38	486	0.00012
Aquisalimonas	406099	G	434	30	464	0.00011
Ectothiorhodospira	1051	G	383	36	419	0.00010
Ectothiorhodosinus	233099	G	55	3	58	0.00001
Allochromatium	85072	G	830	212	1042	0.00025
Marichromatium	85076	G	765	155	920	0.00022
Thiodictyon	53392	G	726	40	766	0.00018
Thioflavicoccus	156885	G	702	67	769	0.00018
Thiocapsa	1056	G	534	30	564	0.00013
Thiocystis	13724	G	371	34	405	0.00010
Thermochromatium	85073	G	257	68	325	0.00008
Nitrosococcus	1227	G	180	5	185	0.00004
Caldichromatium	2828366	G	164	19	183	0.00004
Rheinheimera	67575	G	50	9	59	0.00001
Wenzhouxiangella	1676142	G	731	36	767	0.00018
Thiohalobacter	1273155	G	608	64	672	0.00016
Guyparkeria	2035712	G	487	115	602	0.00014
Sulfurivermis	2034504	G	465	186	651	0.00015
Halothiobacillus	109262	G	346	29	375	0.00009
Woeseia	1738655	G	173	2	175	0.00004
Granulosicoccus	437504	G	67	1	68	0.00002
Sulfuriflexus	1860077	G	62	1	63	0.00002
Halomonas	2745	G	7080	1007	8087	0.00192
Cobetia	204286	G	457	350	807	0.00019
Salinicola	404432	G	434	50	484	0.00012
Halotalea	376488	G	386	80	466	0.00011
Chromohalobacter	42054	G	320	35	355	0.00008
Kushneria	504090	G	282	13	295	0.00007
Pistricoccus	1897649	G	211	14	225	0.00005
Zymobacter	33073	G	41	5	46	0.00001
Alcanivorax	59753	G	911	437	1348	0.00032
Ketobacter	2025617	G	40	3	43	0.00001
Marinobacterium	48075	G	308	46	354	0.00008
Marinomonas	28253	G	90	10	100	0.00002
Thalassolituus	187492	G	57	10	67	0.00002
Bacterioplanes	1537406	G	42	3	45	0.00001
Venatorbacter	2893036	G	28	8	36	0.00001
Nitrincola	267849	G	26	5	31	0.00001
Neptunomonas	75687	G	19	1	20	0.00000
Amphritea	515417	G	16	1	17	0.00000
Hahella	158481	G	216	8	224	0.00005
Saccharospirillum	231683	G	110	6	116	0.00003
Reinekea	230494	G	53	2	55	0.00001
Gynuella	1445504	G	29	0	29	0.00001
Litoricola	418700	G	84	4	88	0.00002
Spartinivicinus	2768738	G	40	1	41	0.00001
Endozoicomonas	305899	G	19	1	20	0.00000
Oleiphilus	141450	G	18	1	19	0.00000
Methylococcus	413	G	1564	121	1685	0.00040
Methylomonas	416	G	845	28	873	0.00021
Methylomagnum	1760987	G	465	21	486	0.00012
Methylocaldum	73778	G	410	25	435	0.00010
Methylomicrobium	39773	G	386	66	452	0.00011
Methylogaea	1295378	G	367	30	397	0.00009
Candidatus_Methylospira	1808977	G	124	5	129	0.00003
Methylotuvimicrobium	2822410	G	88	51	139	0.00003
Methylovulum	762296	G	42	1	43	0.00001
Methylobacter	429	G	15	0	15	0.00000
Aeromonas	642	G	3832	2797	6629	0.00157
Zobellella	347533	G	313	75	388	0.00009
Oceanimonas	129577	G	135	29	164	0.00004
Dongshaea	2802288	G	38	3	41	0.00001
Oceanisphaera	225143	G	24	2	26	0.00001
Tolumonas	43947	G	22	10	32	0.00001
Succinivibrio	83770	G	15	0	15	0.00000
Solimonas	413435	G	2346	258	2604	0.00062
Flagellatimonas	2893022	G	575	40	615	0.00015
Sinimarinibacterium	1861863	G	249	147	396	0.00009
Steroidobacter	469322	G	809	243	1052	0.00025
Sulfurifustis	1692042	G	2001	130	2131	0.00051
Sulfuricaulis	1744881	G	819	64	883	0.00021
Acidiferrobacter	986106	G	502	10	512	0.00012
Shewanella	22	G	1068	196	1264	0.00030
Alteromonas	226	G	133	28	161	0.00004
Salinimonas	288793	G	80	12	92	0.00002
Hydrocarboniclastica	2650549	G	105	15	120	0.00003
Paraglaciecola	1621534	G	44	3	47	0.00001
Agarivorans	261825	G	43	4	47	0.00001
Saliniradius	2661818	G	32	2	34	0.00001
Lacimicrobium	1751872	G	28	1	29	0.00001
Paraneptunicella	2905123	G	20	1	21	0.00001
Glaciecola	89404	G	10	0	10	0.00000
Pseudoalteromonas	53246	G	298	47	345	0.00008
Psychrosphaera	907197	G	10	1	11	0.00000
Ferrimonas	44011	G	148	18	166	0.00004
Idiomarina	135575	G	71	7	78	0.00002
Colwellia	28228	G	36	4	40	0.00001
Thalassotalea	1518149	G	21	2	23	0.00001
Psychromonas	67572	G	24	2	26	0.00001
Moritella	58050	G	15	2	17	0.00000
Microbulbifer	48073	G	1125	63	1188	0.00028
Kineobactrum	2678529	G	238	8	246	0.00006
Halioglobus	1217416	G	171	5	176	0.00004
Congregibacter	393661	G	99	37	136	0.00003
Aequoribacter	2847769	G	25	3	28	0.00001
Cellvibrio	10	G	215	8	223	0.00005
Teredinibacter	2425	G	73	2	75	0.00002
Simiduia	447467	G	70	3	73	0.00002
Saccharophagus	316625	G	14	0	14	0.00000
Agarilytica	2036021	G	12	0	12	0.00000
Marinagarivorans	1792291	G	11	0	11	0.00000
Spongiibacter	630749	G	150	13	163	0.00004
Zhongshania	1434050	G	23	1	24	0.00001
Oceanicoccus	1084558	G	16	0	16	0.00000
Vibrio	662	G	928	340	1268	0.00030
Photobacterium	657	G	190	41	231	0.00006
Grimontia	246861	G	34	4	38	0.00001
Salinivibrio	51366	G	33	3	36	0.00001
Thaumasiovibrio	2014233	G	11	1	12	0.00000
Legionella	445	G	424	33	457	0.00011
Fluoribacter	461	G	21	2	23	0.00001
Aquicella	254245	G	274	6	280	0.00007
Coxiella	776	G	73	11	84	0.00002
Rickettsiella	59195	G	14	0	14	0.00000
Immundisolibacter	1934947	G	770	153	923	0.00022
Candidatus_Endoriftia	393764	G	261	12	273	0.00007
Sedimenticola	349742	G	125	5	130	0.00003
Candidatus_Reidiella	2738850	G	93	2	95	0.00002
Thiolapillus	1608298	G	79	1	80	0.00002
Pseudohongiella	1524249	G	40	1	41	0.00001
Gallaecimonas	745410	G	31	2	33	0.00001
Celerinatantimonas	412033	G	12	0	12	0.00000
Acinetobacter	469	G	457	230	687	0.00016
Psychrobacter	497	G	96	4	100	0.00002
Moraxella	475	G	70	6	76	0.00002
Aquirhabdus	2824158	G	23	1	24	0.00001
Methylophaga	40222	G	55	15	70	0.00002
Thiomicrorhabdus	2039723	G	54	2	56	0.00001
Thiomicrospira	933	G	46	13	59	0.00001
Hydrogenovibrio	28884	G	39	18	57	0.00001
Piscirickettsia	1237	G	20	1	21	0.00001
Cycloclasticus	34067	G	13	0	13	0.00000
Thiothrix	1030	G	213	6	219	0.00005
Beggiatoa	1021	G	14	0	14	0.00000
Francisella	262	G	35	1	36	0.00001
Pasteurella	745	G	227	489	716	0.00017
Haemophilus	724	G	45	11	56	0.00001
Aggregatibacter	416916	G	45	7	52	0.00001
Actinobacillus	713	G	33	14	47	0.00001
Mannheimia	75984	G	27	6	33	0.00001
Avibacterium	292486	G	18	2	20	0.00000
Rodentibacter	1960084	G	16	1	17	0.00000
Glaesserella	2094023	G	15	9	24	0.00001
Basfia	697331	G	11	0	11	0.00000
Salinisphaera	180541	G	478	441	919	0.00022
Cardiobacterium	2717	G	264	40	304	0.00007
Suttonella	13275	G	17	1	18	0.00000
Kangiella	261963	G	44	3	47	0.00001
Myxococcus	32	G	6132	36565	42697	0.01014
Corallococcus	83461	G	6106	296	6402	0.00152
Pyxidicoccus	224458	G	3446	93	3539	0.00084
Anaeromyxobacter	161492	G	16225	1010	17235	0.00409
Archangium	47	G	7079	734	7813	0.00186
Stigmatella	40	G	2178	114	2292	0.00054
Cystobacter	42	G	1824	467	2291	0.00054
Melittangium	44	G	1317	302	1619	0.00038
Vulgatibacter	1524214	G	1720	108	1828	0.00043
Sorangium	39643	G	18441	2013	20454	0.00486
Polyangium	55	G	4909	452	5361	0.00127
Chondromyces	50	G	2404	113	2517	0.00060
Pajaroellobacter	1882917	G	30	1	31	0.00001
Sandaracinus	1055688	G	9558	487	10045	0.00239
Labilithrix	1524217	G	3687	166	3853	0.00092
Haliangium	162027	G	4087	167	4254	0.00101
Geomonas	2651583	G	2939	455	3394	0.00081
Geobacter	28231	G	2350	242	2592	0.00062
Citrifermentans	2883512	G	896	213	1109	0.00026
Geotalea	2910589	G	282	18	300	0.00007
Geoalkalibacter	392332	G	198	99	297	0.00007
Trichlorobacter	115782	G	121	16	137	0.00003
Desulfuromonas	890	G	1877	210	2087	0.00050
Pelobacter	18	G	301	109	410	0.00010
Syntrophotalea	2812025	G	365	40	405	0.00010
Pseudodesulfovibrio	2035811	G	1597	233	1830	0.00043
Desulfovibrio	872	G	1536	203	1739	0.00041
Solidesulfovibrio	2910984	G	999	103	1102	0.00026
Oceanidesulfovibrio	2905722	G	402	24	426	0.00010
Desulfocurvibacter	2582840	G	315	23	338	0.00008
Desulfolutivibrio	2773294	G	283	77	360	0.00009
Megalodesulfovibrio	2910978	G	235	11	246	0.00006
Oleidesulfovibrio	2909705	G	80	70	150	0.00004
Maridesulfovibrio	2794998	G	69	6	75	0.00002
Paradesulfovibrio	2910986	G	41	3	44	0.00001
Desulfomicrobium	898	G	310	30	340	0.00008
Desulfohalobium	45662	G	78	3	81	0.00002
Desulfosarcina	2299	G	762	66	828	0.00020
Desulfococcus	896	G	206	27	233	0.00006
Desulfoluna	497721	G	139	5	144	0.00003
Desulfatibacillum	218207	G	132	3	135	0.00003
Desulfonema	45654	G	59	1	60	0.00001
Desulfobacter	2289	G	57	3	60	0.00001
Desulforapulum	2904687	G	32	2	34	0.00001
Desulfobacula	28222	G	21	1	22	0.00001
Desulfobulbus	893	G	439	51	490	0.00012
Desulfurivibrio	427922	G	193	9	202	0.00005
Desulfomarina	2894767	G	14	1	15	0.00000
Desulfosudis	2904716	G	173	9	182	0.00004
Desulfosediminicola	2886823	G	72	6	78	0.00002
Desulfotalea	109168	G	19	2	21	0.00001
Desulfocapsa	53318	G	13	0	13	0.00000
Persicimonas	2766927	G	1187	30	1217	0.00029
Bradymonas	1779136	G	393	220	613	0.00015
Syntrophobacter	29526	G	280	61	341	0.00008
Desulfoglaeba	361106	G	230	9	239	0.00006
Desulfarculus	453229	G	457	145	602	0.00014
Syntrophus	43773	G	95	5	100	0.00002
Desulfomonile	2357	G	84	0	84	0.00002
Desulfobacca	60892	G	82	1	83	0.00002
Dissulfurimicrobium	1769732	G	55	2	57	0.00001
Candidatus_Desulfofervidus	1902583	G	19	0	19	0.00000
Hippea	84404	G	12	0	12	0.00000
Campylobacter	194	G	235	27	262	0.00006
Sulfurimonas	202746	G	163	14	177	0.00004
Sulfuricurvum	286130	G	12	0	12	0.00000
Helicobacter	209	G	134	10	144	0.00003
Wolinella	843	G	10	1	11	0.00000
Nitratifractor	269260	G	65	6	71	0.00002
Sulfurovum	265570	G	41	6	47	0.00001
Hydrogenimonas	223785	G	71	8	79	0.00002
Arcobacter	28196	G	12	9	21	0.00001
Aliarcobacter	2321111	G	12	6	18	0.00000
Sulfurospirillum	57665	G	42	2	44	0.00001
Nitratiruptor	269258	G	26	4	30	0.00001
Nitrosophilus	2795692	G	15	6	21	0.00001
Caminibacter	191301	G	23	8	31	0.00001
Nautilia	191291	G	10	1	11	0.00000
Acidithiobacillus	119977	G	498	54	552	0.00013
Bdellovibrio	958	G	226	12	238	0.00006
Pseudobdellovibrio	2862745	G	21	1	22	0.00001
Halobacteriovorax	1652133	G	10	5	15	0.00000
Hydrogenophilus	70774	G	166	32	198	0.00005
Mariprofundus	377315	G	122	3	125	0.00003
Streptomyces	1883	G	347006	84864	431870	0.10261
Kitasatospora	2063	G	5677	2167	7844	0.00186
Streptacidiphilus	228398	G	4073	1269	5342	0.00127
Yinghuangia	2805681	G	1552	277	1829	0.00043
Micromonospora	1873	G	147942	41014	188956	0.04489
Actinoplanes	1865	G	30299	5752	36051	0.00857
Phytohabitans	907364	G	10881	1515	12396	0.00295
Plantactinospora	673534	G	7752	1377	9129	0.00217
Dactylosporangium	35753	G	6264	768	7032	0.00167
Actinocatenispora	390988	G	5253	713	5966	0.00142
Catellatospora	53365	G	4774	1142	5916	0.00141
Couchioplanes	56433	G	4600	1162	5762	0.00137
Polymorphospora	338583	G	3415	756	4171	0.00099
Natronosporangium	2920401	G	1846	140	1986	0.00047
Verrucosispora	84593	G	1334	831	2165	0.00051
Salinispora	168694	G	1239	197	1436	0.00034
Microbacterium	33882	G	28820	5661	34481	0.00819
Agromyces	33877	G	8514	2330	10844	0.00258
Leifsonia	110932	G	5929	1036	6965	0.00165
Curtobacterium	2034	G	5630	1328	6958	0.00165
Rathayibacter	33886	G	5008	1321	6329	0.00150
Leucobacter	55968	G	4291	875	5166	0.00123
Agrococcus	46352	G	3914	1189	5103	0.00121
Clavibacter	1573	G	3900	3975	7875	0.00187
Protaetiibacter	2680004	G	1966	656	2622	0.00062
Salinibacterium	235888	G	1489	270	1759	0.00042
Cryobacterium	69578	G	1396	225	1621	0.00039
Frondihabitans	447237	G	1206	219	1425	0.00034
Microterricola	518733	G	1047	291	1338	0.00032
Microcella	337004	G	979	389	1368	0.00033
Plantibacter	190323	G	940	137	1077	0.00026
Gryllotalpicola	1195526	G	743	162	905	0.00022
Herbiconiux	881616	G	719	163	882	0.00021
Cnuibacter	1759331	G	701	173	874	0.00021
Mycetocola	76634	G	675	92	767	0.00018
Humibacter	427753	G	648	164	812	0.00019
Subtercola	120212	G	604	55	659	0.00016
Frigoribacterium	96492	G	587	196	783	0.00019
Chryseoglobus	1331730	G	544	116	660	0.00016
Amnibacterium	1029631	G	532	145	677	0.00016
Diaminobutyricimonas	1433997	G	446	94	540	0.00013
Marisediminicola	1230698	G	444	62	506	0.00012
Gulosibacter	256818	G	413	135	548	0.00013
Agreia	110934	G	335	45	380	0.00009
Glaciihabitans	1649454	G	330	29	359	0.00009
Aquiluna	529881	G	53	3	56	0.00001
Rhodoluna	529883	G	49	2	51	0.00001
Pseudoclavibacter	255204	G	78	16	94	0.00002
Aurantimicrobium	1705353	G	55	2	57	0.00001
Pontimonas	1434032	G	15	0	15	0.00000
Arthrobacter	1663	G	12203	2987	15190	0.00361
Kocuria	57493	G	4049	1377	5426	0.00129
Pseudarthrobacter	1742993	G	2359	895	3254	0.00077
Micrococcus	1269	G	1892	1645	3537	0.00084
Sinomonas	596707	G	1545	465	2010	0.00048
Glutamicibacter	1742989	G	1042	401	1443	0.00034
Rothia	32207	G	836	409	1245	0.00030
Citricoccus	169133	G	694	216	910	0.00022
Paenarthrobacter	1742992	G	631	400	1031	0.00025
Nesterenkonia	57494	G	230	16	246	0.00006
Paeniglutamicibacter	1742990	G	118	20	138	0.00003
Psychromicrobium	2078575	G	91	13	104	0.00002
Neomicrococcus	1868332	G	72	33	105	0.00003
Auritidibacter	1160973	G	50	5	55	0.00001
Renibacterium	1645	G	44	2	46	0.00001
Cellulomonas	1707	G	14447	6168	20615	0.00490
Actinotalea	458839	G	997	456	1453	0.00035
Oerskovia	162491	G	692	276	968	0.00023
Pseudactinotalea	1926259	G	652	114	766	0.00018
Paraoerskovia	665568	G	515	165	680	0.00016
Janibacter	53457	G	2751	991	3742	0.00089
Phycicoccus	367298	G	2329	796	3125	0.00074
Pedococcus	2805645	G	1297	452	1749	0.00042
Intrasporangium	53357	G	1168	354	1522	0.00036
Tetrasphaera	99479	G	1123	345	1468	0.00035
Arsenicicoccus	267408	G	933	429	1362	0.00032
Cellulosimicrobium	157920	G	4065	1943	6008	0.00143
Xylanimonas	186188	G	2289	901	3190	0.00076
Isoptericola	254250	G	1706	949	2655	0.00063
Ornithinimicrobium	125287	G	4021	976	4997	0.00119
Serinicoccus	265976	G	2873	896	3769	0.00090
Brachybacterium	43668	G	4726	919	5645	0.00134
Dermabacter	36739	G	359	239	598	0.00014
Devriesea	472568	G	102	6	108	0.00003
Brevibacterium	1696	G	4676	1091	5767	0.00137
Georgenia	154116	G	3740	1318	5058	0.00120
Ruania	626119	G	2961	422	3383	0.00080
Dermacoccus	57495	G	1055	436	1491	0.00035
Luteipulveratus	745364	G	766	125	891	0.00021
Allobranchiibius	2040262	G	689	177	866	0.00021
Yimella	908935	G	396	92	488	0.00012
Pengzhenrongella	2888818	G	1174	393	1567	0.00037
Luteimicrobium	754249	G	956	357	1313	0.00031
Beutenbergia	84756	G	1141	232	1373	0.00033
Miniimonas	947525	G	973	627	1600	0.00038
Sanguibacter	60919	G	1395	507	1902	0.00045
Kytococcus	57499	G	674	293	967	0.00023
Gephyromycinifex	2885697	G	286	41	327	0.00008
Austwickia	1184606	G	271	26	297	0.00007
Dermatophilus	1862	G	72	7	79	0.00002
Demequina	577469	G	223	20	243	0.00006
Jonesia	43673	G	40	8	48	0.00001
Tropheryma	2038	G	11	0	11	0.00000
Mycolicibacterium	1866885	G	32870	6410	39280	0.00933
Mycobacterium	1763	G	32714	13290	46004	0.01093
Mycolicibacter	1073531	G	2497	1090	3587	0.00085
Mycobacteroides	670516	G	1811	1565	3376	0.00080
Mycolicibacillus	2126281	G	502	143	645	0.00015
Hoyosella	697025	G	225	13	238	0.00006
Nocardia	1817	G	21647	4136	25783	0.00613
Rhodococcus	1827	G	20424	7898	28322	0.00673
Corynebacterium	1716	G	12918	3315	16233	0.00386
Gordonia	2053	G	10138	2428	12566	0.00299
Skermania	59613	G	548	67	615	0.00015
Tsukamurella	2060	G	3181	881	4062	0.00097
Dietzia	37914	G	2031	732	2763	0.00066
Tomitella	741759	G	1194	271	1465	0.00035
Segniliparus	286801	G	369	22	391	0.00009
Lawsonella	1847725	G	32	3	35	0.00001
Amycolatopsis	1813	G	45009	9642	54651	0.01298
Pseudonocardia	1847	G	24076	5206	29282	0.00696
Lentzea	165301	G	7439	1792	9231	0.00219
Saccharopolyspora	1835	G	7295	1972	9267	0.00220
Saccharothrix	2071	G	6984	2249	9233	0.00219
Kutzneria	43356	G	6433	1541	7974	0.00189
Saccharomonospora	1851	G	4402	899	5301	0.00126
Kibdelosporangium	2029	G	2696	374	3070	0.00073
Actinoalloteichus	65496	G	2516	269	2785	0.00066
Actinosynnema	40566	G	2429	772	3201	0.00076
Allokutzneria	1137960	G	2000	552	2552	0.00061
Alloactinosynnema	674734	G	1353	344	1697	0.00040
Prauserella	142577	G	829	85	914	0.00022
Allosaccharopolyspora	2893576	G	672	165	837	0.00020
Nocardioides	1839	G	63195	16201	79396	0.01886
Aeromicrobium	2040	G	6485	1497	7982	0.00190
Friedmanniella	53387	G	1498	372	1870	0.00044
Pimelobacter	2044	G	1487	680	2167	0.00052
Marmoricola	86795	G	1437	663	2100	0.00050
Mumia	1546255	G	960	203	1163	0.00028
Micropruina	116071	G	573	102	675	0.00016
Microlunatus	29404	G	4844	659	5503	0.00131
Tessaracoccus	72763	G	3895	3550	7445	0.00177
Brevilactibacter	2717325	G	1658	744	2402	0.00057
Acidipropionibacterium	1912215	G	1414	577	1991	0.00047
Propionibacterium	1743	G	1340	586	1926	0.00046
Auraticoccus	1278221	G	1005	218	1223	0.00029
Cutibacterium	1912216	G	720	203	923	0.00022
Raineyella	1911549	G	691	107	798	0.00019
Arachnia	2801844	G	664	56	720	0.00017
Vaginimicrobium	2919589	G	19	8	27	0.00001
Kribbella	182639	G	5408	1003	6411	0.00152
Actinopolymorpha	117156	G	1873	253	2126	0.00051
Nonomuraea	83681	G	22079	4390	26469	0.00629
Streptosporangium	2000	G	7120	1602	8722	0.00207
Thermobispora	147067	G	2451	699	3150	0.00075
Actinomadura	1988	G	26266	5923	32189	0.00765
Thermomonospora	2019	G	4951	1741	6692	0.00159
Nocardiopsis	2013	G	5369	1151	6520	0.00155
Thermobifida	83677	G	2442	587	3029	0.00072
Streptomonospora	104204	G	1311	308	1619	0.00038
Spiractinospora	2913367	G	771	60	831	0.00020
Blastococcus	38501	G	6215	2158	8373	0.00199
Modestobacter	88138	G	5427	1981	7408	0.00176
Geodermatophilus	1860	G	3679	1456	5135	0.00122
Frankia	1854	G	10260	1112	11372	0.00270
Actinomyces	1654	G	6106	922	7028	0.00167
Schaalia	2529408	G	731	134	865	0.00021
Flaviflexus	1522056	G	428	113	541	0.00013
Trueperella	1069494	G	421	130	551	0.00013
Pauljensenia	2740557	G	249	100	349	0.00008
Nanchangia	2888879	G	192	23	215	0.00005
Actinotignum	1653174	G	85	6	91	0.00002
Actinobaculum	76833	G	81	5	86	0.00002
Changpingibacter	2912996	G	61	20	81	0.00002
Arcanobacterium	28263	G	41	10	51	0.00001
Mobiluncus	2050	G	32	10	42	0.00001
Boudabousia	2767318	G	17	1	18	0.00000
Varibaculum	184869	G	14	4	18	0.00000
Fannyhessea	2767327	G	11	3	14	0.00000
Jiangella	281472	G	5641	1140	6781	0.00161
Bifidobacterium	1678	G	3286	853	4139	0.00098
Parascardovia	196082	G	55	9	64	0.00002
Gardnerella	2701	G	15	14	29	0.00001
Nakamurella	53460	G	3326	501	3827	0.00091
Catenulispora	414878	G	2207	374	2581	0.00061
Jatrophihabitans	1434010	G	1864	185	2049	0.00049
Stackebrandtia	283810	G	1248	131	1379	0.00033
Natronoglycomyces	2838311	G	230	8	238	0.00006
Kineococcus	33981	G	1116	357	1473	0.00035
Epidermidibacterium	2078948	G	740	425	1165	0.00028
Actinopolyspora	1849	G	632	74	706	0.00017
Acidothermus	28048	G	554	30	584	0.00014
Candidatus_Planktophila	622681	G	93	5	98	0.00002
Candidatus_Nanopelagicus	2039639	G	46	10	56	0.00001
Conexibacter	191494	G	26553	4089	30642	0.00728
Miltoncostaea	2843200	G	6708	893	7601	0.00181
Baekduia	2600304	G	10330	1823	12153	0.00289
Rubrobacter	42255	G	8565	387	8952	0.00213
Aquihabitans	1648491	G	6787	1154	7941	0.00189
Actinomarinicola	2789775	G	3072	615	3687	0.00088
Iamia	467975	G	2913	472	3385	0.00080
Ilumatobacter	682522	G	1130	70	1200	0.00029
Acidimicrobium	53634	G	486	38	524	0.00012
Eggerthella	84111	G	778	265	1043	0.00025
Gordonibacter	644652	G	394	186	580	0.00014
Arabiibacter	2005386	G	346	73	419	0.00010
Adlercreutzia	447020	G	322	66	388	0.00009
Berryella	2815775	G	181	214	395	0.00009
Raoultibacter	1926677	G	160	13	173	0.00004
Slackia	84108	G	122	3	125	0.00003
Denitrobacterium	79603	G	64	27	91	0.00002
Cryptobacterium	84162	G	14	1	15	0.00000
Phoenicibacter	1981050	G	11	4	15	0.00000
Olsenella	133925	G	535	98	633	0.00015
Parolsenella	2082587	G	342	122	464	0.00011
Parafannyhessea	2847312	G	190	112	302	0.00007
Thermophilibacter	2847307	G	184	67	251	0.00006
Atopobium	1380	G	47	5	52	0.00001
Collinsella	102106	G	471	135	606	0.00014
Coriobacterium	33870	G	101	3	104	0.00002
Egicoccus	1755825	G	1535	256	1791	0.00043
Egibacter	1747770	G	1376	89	1465	0.00035
Euzebya	908623	G	1373	125	1498	0.00036
Thermoactinomyces	2023	G	29511	4750	34261	0.00814
Kroppenstedtia	1274351	G	3064	222	3286	0.00078
Laceyella	292635	G	2014	368	2382	0.00057
Polycladomyces	1348505	G	1289	91	1380	0.00033
Staphylospora	2689589	G	286	36	322	0.00008
Novibacillus	1677050	G	154	18	172	0.00004
Priestia	2800373	G	7765	6975	14740	0.00350
Bacillus	1386	G	6476	18468	24944	0.00593
Parageobacillus	1906945	G	3094	876	3970	0.00094
Anoxybacillus	150247	G	2609	562	3171	0.00075
Neobacillus	2675232	G	1460	620	2080	0.00049
Geobacillus	129337	G	1091	554	1645	0.00039
Cytobacillus	2675230	G	945	401	1346	0.00032
Metabacillus	2675233	G	643	241	884	0.00021
Aeribacillus	1055323	G	550	217	767	0.00018
Mesobacillus	2675231	G	512	143	655	0.00016
Hydrogenibacillus	1609627	G	470	49	519	0.00012
Peribacillus	2675229	G	467	203	670	0.00016
Alkalihalobacillus	2675234	G	432	83	515	0.00012
Lysinibacillus	400634	G	325	98	423	0.00010
Caldibacillus	1276290	G	286	95	381	0.00009
Oceanobacillus	182709	G	274	31	305	0.00007
Niallia	2837506	G	239	61	300	0.00007
Heyndrickxia	2837504	G	193	66	259	0.00006
Virgibacillus	84406	G	157	19	176	0.00004
Terribacillus	459532	G	124	19	143	0.00003
Weizmannia	2817139	G	121	60	181	0.00004
Rossellomorea	2837508	G	105	42	147	0.00004
Halobacillus	45667	G	103	13	116	0.00003
Fictibacillus	1329200	G	102	15	117	0.00003
Salicibibacter	2685905	G	100	5	105	0.00002
Sutcliffiella	2837511	G	96	34	130	0.00003
Salisediminibacterium	1434042	G	82	10	92	0.00002
Caldalkalibacillus	379065	G	74	14	88	0.00002
Gottfriedia	2837503	G	72	22	94	0.00002
Psychrobacillus	1221880	G	58	20	78	0.00002
Gracilibacillus	74385	G	52	5	57	0.00001
Lentibacillus	175304	G	41	2	43	0.00001
Halalkalibacterium	2893055	G	34	23	57	0.00001
Radiobacillus	2785518	G	31	5	36	0.00001
Lederbergia	2804231	G	31	8	39	0.00001
Pradoshia	2651279	G	30	9	39	0.00001
Pontibacillus	289201	G	30	3	33	0.00001
Evansella	2837485	G	25	3	28	0.00001
Anaerobacillus	704093	G	24	5	29	0.00001
Sediminibacillus	482460	G	24	4	28	0.00001
Salimicrobium	351195	G	21	3	24	0.00001
Alkalihalophilus	2893060	G	17	3	20	0.00000
Mangrovibacillus	2920444	G	13	7	20	0.00000
Amphibacillus	29331	G	11	2	13	0.00000
Paraliobacillus	200903	G	10	1	11	0.00000
Paenibacillus	44249	G	13929	1217	15146	0.00360
Brevibacillus	55080	G	2956	481	3437	0.00082
Thermobacillus	76632	G	1708	204	1912	0.00045
Cohnella	329857	G	1185	144	1329	0.00032
Saccharibacillus	456492	G	305	32	337	0.00008
Aneurinibacillus	55079	G	201	46	247	0.00006
Alicyclobacillus	29330	G	967	65	1032	0.00025
Tumebacillus	432330	G	594	192	786	0.00019
Kyrpidia	1129704	G	318	16	334	0.00008
Effusibacillus	1502725	G	57	7	64	0.00002
Planococcus	1372	G	388	105	493	0.00012
Sporosarcina	1569	G	135	27	162	0.00004
Ureibacillus	160795	G	66	36	102	0.00002
Solibacillus	648800	G	31	11	42	0.00001
Rummeliibacillus	648802	G	24	11	35	0.00001
Paenisporosarcina	651660	G	22	9	31	0.00001
Kurthia	1649	G	20	7	27	0.00001
Jeotgalibacillus	157226	G	17	5	22	0.00001
Viridibacillus	496496	G	13	4	17	0.00000
Staphylococcus	1279	G	239	420	659	0.00016
Macrococcus	69965	G	30	8	38	0.00001
Jeotgalicoccus	227979	G	28	3	31	0.00001
Mammaliicoccus	2803850	G	15	8	23	0.00001
Salinicoccus	45669	G	10	3	13	0.00000
Exiguobacterium	33986	G	315	85	400	0.00010
Gemella	1378	G	11	2	13	0.00000
Listeria	1637	G	98	31	129	0.00003
Sporolactobacillus	2077	G	44	6	50	0.00001
Limosilactobacillus	2742598	G	119	71	190	0.00005
Lactobacillus	1578	G	110	95	205	0.00005
Levilactobacillus	2767886	G	88	24	112	0.00003
Lacticaseibacillus	2759736	G	81	19	100	0.00002
Schleiferilactobacillus	2767891	G	36	3	39	0.00001
Leuconostoc	1243	G	30	7	37	0.00001
Lactiplantibacillus	2767842	G	30	10	40	0.00001
Weissella	46255	G	27	5	32	0.00001
Loigolactobacillus	2767889	G	26	12	38	0.00001
Ligilactobacillus	2767887	G	22	13	35	0.00001
Secundilactobacillus	2767892	G	17	5	22	0.00001
Companilactobacillus	2767879	G	17	1	18	0.00000
Liquorilactobacillus	2767888	G	15	9	24	0.00001
Lentilactobacillus	2767893	G	13	3	16	0.00000
Latilactobacillus	2767885	G	12	3	15	0.00000
Pediococcus	1253	G	10	4	14	0.00000
Periweissella	2930384	G	10	1	11	0.00000
Amylolactobacillus	2767876	G	10	8	18	0.00000
Oenococcus	46254	G	10	0	10	0.00000
Streptococcus	1301	G	254	458	712	0.00017
Lactococcus	1357	G	43	86	129	0.00003
Enterococcus	1350	G	107	106	213	0.00005
Vagococcus	2737	G	28	14	42	0.00001
Carnobacterium	2747	G	24	6	30	0.00001
Jeotgalibaca	1470540	G	18	6	24	0.00001
Dolosigranulum	29393	G	10	2	12	0.00000
Aerococcus	1375	G	28	12	40	0.00001
Pseudoclostridium	2304693	G	473	106	579	0.00014
Faecalibacterium	216851	G	393	225	618	0.00015
Dysosmobacter	2591381	G	278	105	383	0.00009
Flavonifractor	946234	G	241	57	298	0.00007
Ethanoligenens	253238	G	130	6	136	0.00003
Vescimonas	2892396	G	108	105	213	0.00005
Acetivibrio	35829	G	104	56	160	0.00004
Anaerotruncus	244127	G	101	49	150	0.00004
Acutalibacter	1918385	G	94	4	98	0.00002
Caproiciproducens	1738645	G	92	10	102	0.00002
Ruthenibacterium	1905344	G	89	22	111	0.00003
Oscillibacter	459786	G	84	26	110	0.00003
Caproicibacter	2576755	G	67	3	70	0.00002
Ruminococcus	1263	G	53	1	54	0.00001
Pusillibacter	2892397	G	47	28	75	0.00002
Solibaculum	2842531	G	36	29	65	0.00002
Caproicibacterium	2834348	G	25	1	26	0.00001
Thermoclostridium	2304691	G	20	6	26	0.00001
Ruminiclostridium	1508657	G	17	3	20	0.00000
Mageeibacillus	1637257	G	11	14	25	0.00001
Thermaerobacter	73918	G	1972	138	2110	0.00050
Intestinimonas	1392389	G	134	48	182	0.00004
Flintibacter	1918454	G	91	12	103	0.00002
Aminipila	2060094	G	39	3	42	0.00001
Mogibacterium	86331	G	20	1	21	0.00001
Emergencia	1926556	G	19	6	25	0.00001
Massilistercora	2717089	G	43	40	83	0.00002
Carboxydocella	178898	G	37	3	40	0.00001
Symbiobacterium	2733	G	1209	96	1305	0.00031
Lachnoclostridium	1506553	G	117	61	178	0.00004
Anaerocolumna	1843210	G	100	4	104	0.00002
Blautia	572511	G	69	127	196	0.00005
Roseburia	841	G	54	45	99	0.00002
Enterocloster	2719313	G	43	16	59	0.00001
Butyrivibrio	830	G	29	4	33	0.00001
Coprococcus	33042	G	26	15	41	0.00001
Anaerostipes	207244	G	23	6	29	0.00001
Lacrimispora	2719231	G	23	2	25	0.00001
Herbinix	1663717	G	21	13	34	0.00001
Anaerotignum	2039240	G	13	1	14	0.00000
Clostridium	1485	G	422	92	514	0.00012
Hungatella	1649459	G	52	2	54	0.00001
Alkaliphilus	114627	G	23	4	27	0.00001
Geosporobacter	390805	G	20	3	23	0.00001
Crassaminicella	1848399	G	14	2	16	0.00000
Candidatus_Desulforudis	471826	G	203	12	215	0.00005
Desulforamulus	2916693	G	97	23	120	0.00003
Acididesulfobacillus	2924872	G	60	2	62	0.00001
Candidatus_Formimonas	2840454	G	42	2	44	0.00001
Thermanaerosceptrum	2651578	G	28	3	31	0.00001
Dehalobacterium	51514	G	22	3	25	0.00001
Desulfofarcimen	2282742	G	15	1	16	0.00000
Christensenella	990721	G	236	100	336	0.00008
Heliomicrobium	2831443	G	213	86	299	0.00007
Heliorestis	79598	G	10	0	10	0.00000
Desulfitobacterium	36853	G	72	9	81	0.00002
Desulfosporosinus	79206	G	69	6	75	0.00002
Dehalobacter	56112	G	39	9	48	0.00001
Syntrophobotulus	51196	G	21	1	22	0.00001
Eubacterium	1730	G	98	15	113	0.00003
Acetobacterium	33951	G	80	10	90	0.00002
Alkalibacter	274470	G	15	0	15	0.00000
Syntrophothermus	129001	G	45	5	50	0.00001
Candidatus_Contubernalis	338648	G	13	0	13	0.00000
Syntrophomonas	862	G	12	3	15	0.00000
Clostridioides	1870884	G	17	8	25	0.00001
Peptoclostridium	1481960	G	15	2	17	0.00000
Romboutsia	1501226	G	10	7	17	0.00000
Desulfoscipio	2867376	G	36	2	38	0.00001
Thermincola	278993	G	25	2	27	0.00001
Desulfotomaculum	1562	G	24	9	33	0.00001
Vallitalea	1348611	G	12	0	12	0.00000
Caloranaerobacter	171003	G	13	1	14	0.00000
Moorella	44260	G	342	11	353	0.00008
Ammonifex	42837	G	110	3	113	0.00003
Gelria	189326	G	247	17	264	0.00006
Thermacetogenium	140458	G	157	125	282	0.00007
Carboxydothermus	129957	G	59	5	64	0.00002
Thermoanaerobacter	1754	G	20	7	27	0.00001
Thermanaeromonas	202949	G	19	0	19	0.00000
Caldicellulosiruptor	44000	G	50	7	57	0.00001
Thermoanaerobacterium	28895	G	27	16	43	0.00001
Mahella	252965	G	31	14	45	0.00001
Zhaonella	2748674	G	19	2	21	0.00001
Thermodesulfobium	227388	G	16	0	16	0.00000
Halothermothrix	32636	G	16	4	20	0.00000
Iocasia	2899804	G	14	3	17	0.00000
Anoxybacter	1769008	G	18	15	33	0.00001
Thermosediminibacter	291988	G	58	3	61	0.00001
Biomaibacter	2770094	G	28	2	30	0.00001
Natranaerofaba	2807497	G	12	1	13	0.00000
Koleobacter	2786989	G	11	0	11	0.00000
Selenomonas	970	G	841	38	879	0.00021
Megamonas	158846	G	12	0	12	0.00000
Sporomusa	2375	G	48	5	53	0.00001
Methylomusa	2093783	G	29	1	30	0.00001
Pelosinus	365348	G	21	1	22	0.00001
Megasphaera	906	G	190	65	255	0.00006
Veillonella	29465	G	28	3	31	0.00001
Dialister	39948	G	27	1	28	0.00001
Acidaminococcus	904	G	64	7	71	0.00002
Phascolarctobacterium	33024	G	53	30	83	0.00002
Limnochorda	1676651	G	718	26	744	0.00018
Peptoniphilus	162289	G	48	11	59	0.00001
Murdochiella	1161127	G	23	16	39	0.00001
Anaerococcus	165779	G	12	11	23	0.00001
Tissierella	41273	G	13	2	15	0.00000
Schnuerera	2794837	G	11	3	14	0.00000
Gottschalkia	1505664	G	17	1	18	0.00000
Ezakiella	1582879	G	23	34	57	0.00001
Allobaculum	174708	G	50	7	57	0.00001
Faecalibaculum	1729679	G	29	6	35	0.00001
Erysipelothrix	1647	G	16	1	17	0.00000
Turicibacter	191303	G	13	4	17	0.00000
Ndongobacter	1930845	G	27	29	56	0.00001
Sphaerobacter	2056	G	5721	253	5974	0.00142
Thermomicrobium	499	G	461	6	467	0.00011
Roseiflexus	120961	G	1280	63	1343	0.00032
Chloroflexus	1107	G	394	15	409	0.00010
Tepidiforma	2682228	G	988	37	1025	0.00024
Candidatus_Promineofilum	1988031	G	903	16	919	0.00022
Anaerolinea	233189	G	217	19	236	0.00006
Pelolinea	1649478	G	168	7	175	0.00004
Brevefilum	2019482	G	73	2	75	0.00002
Caldilinea	233191	G	469	21	490	0.00012
Dehalogenimonas	670486	G	233	4	237	0.00006
Dehalococcoides	61434	G	100	2	102	0.00002
Ktedonosporobacter	2692417	G	238	5	243	0.00006
Thermobaculum	262406	G	203	24	227	0.00005
Phototrophicus	2922426	G	140	1	141	0.00003
Deinococcus	1298	G	7190	525	7715	0.00183
Thermus	270	G	1291	97	1388	0.00033
Meiothermus	65551	G	761	44	805	0.00019
Oceanithermus	208447	G	702	71	773	0.00018
Marinithermus	186191	G	424	74	498	0.00012
Truepera	332248	G	584	30	614	0.00015
Synechococcus	1129	G	3063	308	3371	0.00080
Dactylococcopsis	13034	G	18	6	24	0.00001
Cyanobium	167375	G	664	145	809	0.00019
Parasynechococcus	2881427	G	61	18	79	0.00002
Prochlorococcus	1218	G	32	1	33	0.00001
Acaryochloris	155977	G	52	2	54	0.00001
Synechocystis	1142	G	35	2	37	0.00001
Chamaesiphon	217161	G	34	1	35	0.00001
Nostoc	1177	G	472	72	544	0.00013
Anabaena	1163	G	48	170	218	0.00005
Cylindrospermum	56106	G	16	1	17	0.00000
Richelia	98443	G	10	1	11	0.00000
Calothrix	1186	G	286	28	314	0.00007
Scytonema	1203	G	114	18	132	0.00003
Brasilonema	383614	G	27	2	29	0.00001
Sphaerospermopsis	752201	G	50	8	58	0.00001
Nodularia	159191	G	37	2	39	0.00001
Anabaenopsis	110103	G	20	11	31	0.00001
Dolichospermum	748770	G	19	50	69	0.00002
Fischerella	1190	G	56	8	64	0.00002
Tolypothrix	111782	G	36	7	43	0.00001
Rivularia	373984	G	17	1	18	0.00000
Leptolyngbya	47251	G	808	51	859	0.00020
Kovacikia	1874526	G	60	5	65	0.00002
Leptothermofonsia	2917830	G	45	3	48	0.00001
Leptodesmis	2664261	G	42	3	45	0.00001
Thermoleptolyngbya	2303528	G	147	16	163	0.00004
Halomicronema	170610	G	48	1	49	0.00001
Thermosynechococcus	146785	G	44	4	48	0.00001
Pseudanabaena	1152	G	32	1	33	0.00001
Gloeobacter	33071	G	927	22	949	0.00023
Anthocerotibacter	2857076	G	74	2	76	0.00002
Geitlerinema	63132	G	159	23	182	0.00004
Allocoleopsis	2886347	G	33	3	36	0.00001
Moorena	1155738	G	128	3	131	0.00003
Oscillatoria	1158	G	60	17	77	0.00002
Oxynema	1492710	G	79	7	86	0.00002
Microcoleus	44471	G	40	18	58	0.00001
Planktothrix	54304	G	14	1	15	0.00000
Koinonema	2023214	G	41	2	43	0.00001
Crinalium	241421	G	11	1	12	0.00000
Gloeothece	28070	G	27	1	28	0.00001
Halothece	76023	G	17	5	22	0.00001
Crocosphaera	263510	G	20	1	21	0.00001
Rippkaea	2546365	G	12	1	13	0.00000
Microcystis	1125	G	63	19	82	0.00002
Gloeocapsa	102231	G	24	2	26	0.00001
Geminocystis	669357	G	15	1	16	0.00000
Cyanobacterium	102234	G	10	2	12	0.00000
Chroococcidiopsis	54298	G	100	14	114	0.00003
Pleurocapsa	44474	G	35	3	38	0.00001
Gloeomargarita	1188227	G	19	8	27	0.00001
Fimbriimonas	1005038	G	764	4	768	0.00018
Chthonomonas	1077265	G	131	1	132	0.00003
Mycoplasma	2093	G	52	25	77	0.00002
Mycoplasmopsis	2767358	G	31	17	48	0.00001
Candidatus_Phytoplasma	33926	G	19	2	21	0.00001
Alteracholeplasma	2903105	G	13	2	15	0.00000
Spiroplasma	2132	G	27	1	28	0.00001
Gemmatirosa	1706036	G	76781	6405	83186	0.01976
Gemmatimonas	173479	G	16473	396	16869	0.00401
Hymenobacter	89966	G	5580	240	5820	0.00138
Pontibacter	323449	G	624	60	684	0.00016
Rufibacter	1379908	G	190	39	229	0.00005
Adhaeribacter	299566	G	88	5	93	0.00002
Nibribacter	1649474	G	56	27	83	0.00002
Spirosoma	107	G	1115	53	1168	0.00028
Rhodocytophaga	455076	G	40	1	41	0.00001
Aquirufa	2676247	G	29	3	32	0.00001
Cytophaga	978	G	27	2	29	0.00001
Dyadobacter	120831	G	324	18	342	0.00008
Fibrella	861914	G	259	16	275	0.00007
Runella	105	G	152	4	156	0.00004
Larkinella	332157	G	58	3	61	0.00001
Leadbetterella	319458	G	12	6	18	0.00000
Arcticibacterium	2173039	G	10	0	10	0.00000
Chryseolinea	1433993	G	495	17	512	0.00012
Fulvivirga	396811	G	92	5	97	0.00002
Echinicola	390846	G	109	16	125	0.00003
Algoriphagus	246875	G	60	6	66	0.00002
Aquiflexum	280472	G	22	3	25	0.00001
Cyclobacterium	68288	G	15	1	16	0.00000
Mongoliitalea	1511649	G	12	1	13	0.00000
Flammeovirga	59739	G	29	2	31	0.00001
Marivirga	869806	G	16	5	21	0.00001
Candidatus_Cardinium	273135	G	10	6	16	0.00000
Mangrovivirga	2858886	G	11	0	11	0.00000
Niastella	354354	G	1405	127	1532	0.00036
Chitinophaga	79328	G	1173	66	1239	0.00029
Flavisolibacter	398041	G	668	43	711	0.00017
Panacibacter	1874621	G	450	18	468	0.00011
Paraflavitalea	2698688	G	432	28	460	0.00011
Niabella	379899	G	251	16	267	0.00006
Pseudocnuella	2812019	G	234	24	258	0.00006
Arachidicoccus	1769012	G	233	39	272	0.00006
Pseudobacter	1860196	G	231	17	248	0.00006
Ferruginibacter	1004303	G	225	11	236	0.00006
Flavihumibacter	1004301	G	223	11	234	0.00006
Lacibacter	649461	G	204	8	212	0.00005
Filimonas	649460	G	105	11	116	0.00003
Phnomibacter	2836216	G	100	10	110	0.00003
Flavobacterium	237	G	1037	137	1174	0.00028
Capnocytophaga	1016	G	111	12	123	0.00003
Polaribacter	52959	G	87	14	101	0.00002
Muricauda	111500	G	87	21	108	0.00003
Gramella	292691	G	78	13	91	0.00002
Robiginitalea	252306	G	75	4	79	0.00002
Winogradskyella	286104	G	59	15	74	0.00002
Nonlabens	363408	G	57	12	69	0.00002
Tenacibaculum	104267	G	43	10	53	0.00001
Antarcticibacterium	2058174	G	35	5	40	0.00001
Formosa	225842	G	33	7	40	0.00001
Sinomicrobium	1434045	G	32	1	33	0.00001
Maribacter	252356	G	32	7	39	0.00001
Salegentibacter	143222	G	29	16	45	0.00001
Aequorivita	153265	G	29	0	29	0.00001
Cellulophaga	104264	G	25	5	30	0.00001
Myroides	76831	G	21	5	26	0.00001
Aquimarina	290174	G	20	1	21	0.00001
Algibacter	261827	G	18	6	24	0.00001
Flagellimonas	444459	G	18	1	19	0.00000
Kordia	221065	G	17	1	18	0.00000
Zobellia	112040	G	17	1	18	0.00000
Zunongwangia	417127	G	17	13	30	0.00001
Leeuwenhoekiella	283735	G	15	2	17	0.00000
Euzebyella	1287916	G	15	9	24	0.00001
Arenibacter	178469	G	15	5	20	0.00000
Zhouia	561555	G	14	3	17	0.00000
Constantimarinum	2907134	G	14	1	15	0.00000
Galbibacter	379068	G	14	1	15	0.00000
Amniculibacterium	2715289	G	13	17	30	0.00001
Tamlana	393005	G	13	2	15	0.00000
Aggregatimonas	2913017	G	13	14	27	0.00001
Wenyingzhuangia	1518147	G	11	2	13	0.00000
Lutibacter	358023	G	11	1	12	0.00000
Pukyongia	2831916	G	10	0	10	0.00000
Aegicerativicinus	2893197	G	10	0	10	0.00000
Costertonia	343334	G	10	2	12	0.00000
Dokdonia	326319	G	10	0	10	0.00000
Lacinutrix	291183	G	10	3	13	0.00000
Chryseobacterium	59732	G	539	163	702	0.00017
Kaistella	2782231	G	62	7	69	0.00002
Epilithonimonas	2782229	G	15	12	27	0.00001
Elizabethkingia	308865	G	73	19	92	0.00002
Cruoricaptor	1433995	G	37	5	42	0.00001
Ornithobacterium	28250	G	20	17	37	0.00001
Apibacter	1778601	G	18	2	20	0.00000
Empedobacter	59734	G	12	7	19	0.00000
Fluviicola	332102	G	85	5	90	0.00002
Owenweeksia	267986	G	18	0	18	0.00000
Croceimicrobium	2828338	G	14	2	16	0.00000
Blattabacterium	34098	G	27	2	29	0.00001
Rhodocaloribacter	2893090	G	1449	144	1593	0.00038
Rhodothermus	29548	G	1244	66	1310	0.00031
Salinibacter	146918	G	788	12	800	0.00019
Alistipes	239759	G	1408	479	1887	0.00045
Prevotella	838	G	448	48	496	0.00012
Paraprevotella	577309	G	13	11	24	0.00001
Pseudoprevotella	2884814	G	12	0	12	0.00000
Bacteroides	816	G	334	146	480	0.00011
Phocaeicola	909656	G	74	37	111	0.00003
Tannerella	195950	G	128	8	136	0.00003
Parabacteroides	375288	G	113	70	183	0.00004
Porphyromonas	836	G	177	16	193	0.00005
Sodaliphilus	2815786	G	76	37	113	0.00003
Duncaniella	2518495	G	59	2	61	0.00001
Muribaculum	1918540	G	37	4	41	0.00001
Proteiniphilum	294702	G	26	1	27	0.00001
Petrimonas	307628	G	22	2	24	0.00001
Barnesiella	397864	G	45	58	103	0.00002
Butyricimonas	574697	G	16	5	21	0.00001
Odoribacter	283168	G	15	21	36	0.00001
Paludibacter	346096	G	19	0	19	0.00000
Tenuifilum	2760873	G	11	0	11	0.00000
Draconibacterium	1471399	G	33	1	34	0.00001
Maribellus	2678352	G	11	0	11	0.00000
Alkalitalea	1193324	G	12	0	12	0.00000
Mucilaginibacter	423349	G	1040	74	1114	0.00026
Pedobacter	84567	G	398	25	423	0.00010
Sphingobacterium	28453	G	353	169	522	0.00012
Olivibacter	376469	G	282	14	296	0.00007
Anseongella	1773450	G	73	2	75	0.00002
Solitalea	929509	G	57	4	61	0.00001
Pseudopedobacter	1649482	G	17	14	31	0.00001
Haliscomenobacter	2349	G	81	1	82	0.00002
Saprospira	1007	G	16	0	16	0.00000
Candidatus_Sulfidibacterium	2923290	G	32	1	33	0.00001
Chlorobaculum	256319	G	607	41	648	0.00015
Pelodictyon	1099	G	142	22	164	0.00004
Chlorobium	1091	G	77	7	84	0.00002
Prosthecochloris	1101	G	191	14	205	0.00005
Chloroherpeton	100715	G	46	0	46	0.00001
Candidatus_Cyclonatronum	2489367	G	89	8	97	0.00002
Melioribacter	1134403	G	27	2	29	0.00001
Ignavibacterium	795750	G	19	2	21	0.00001
Candidatus_Cloacimonas	456826	G	56	1	57	0.00001
Fibrobacter	832	G	26	0	26	0.00001
Gemmata	113	G	9542	903	10445	0.00248
Urbifossiella	2807415	G	7127	576	7703	0.00183
Frigoriglobus	2774146	G	5349	764	6113	0.00145
Limnoglobus	2731450	G	3133	134	3267	0.00078
Tuwongella	2051044	G	292	11	303	0.00007
Telmatocola	1382832	G	234	2	236	0.00006
Aquisphaera	1511635	G	3953	630	4583	0.00109
Tautonia	2680020	G	3360	277	3637	0.00086
Paludisphaera	1763521	G	2575	526	3101	0.00074
Singulisphaera	466152	G	2490	340	2830	0.00067
Isosphaera	127	G	376	25	401	0.00010
Planctomyces	118	G	3805	850	4655	0.00111
Caulifigura	2795778	G	2482	160	2642	0.00063
Gimesia	1649453	G	1143	61	1204	0.00029
Maioricimonas	2795777	G	937	117	1054	0.00025
Alienimonas	2714737	G	927	67	994	0.00024
Symmachiella	2795780	G	318	18	336	0.00008
Planctopirus	1649480	G	199	7	206	0.00005
Fuerstiella	1936111	G	189	3	192	0.00005
Rubinisphaera	1649490	G	182	18	200	0.00005
Calycomorphotria	2795776	G	179	6	185	0.00004
Crateriforma	2714592	G	153	28	181	0.00004
Thalassoglobus	2795865	G	65	3	68	0.00002
Polystyrenella	2795774	G	50	4	54	0.00001
Lacipirellula	2691417	G	1831	117	1948	0.00046
Pirellulimonas	2795783	G	999	101	1100	0.00026
Botrimarina	2795782	G	914	80	994	0.00024
Aeoliella	2795781	G	340	26	366	0.00009
Adhaeretor	2862451	G	174	15	189	0.00005
Bythopirellula	1400386	G	110	7	117	0.00003
Stieleria	2795973	G	699	70	769	0.00018
Rosistilla	2795779	G	662	43	705	0.00017
Lignipirellula	2795775	G	645	66	711	0.00017
Anatilimnocola	2807414	G	548	53	601	0.00014
Bremerella	2714594	G	453	30	483	0.00011
Pirellula	123	G	408	12	420	0.00010
Roseimaritima	1579506	G	358	21	379	0.00009
Rubripirellula	1579505	G	164	28	192	0.00005
Mariniblastus	2005380	G	133	2	135	0.00003
Aureliella	2795605	G	123	8	131	0.00003
Rhodopirellula	265488	G	119	7	126	0.00003
Thermogutta	1676125	G	136	3	139	0.00003
Humisphaera	2807511	G	1502	35	1537	0.00037
Phycisphaera	666508	G	866	67	933	0.00022
Mucisphaera	2913022	G	382	20	402	0.00010
Poriferisphaera	2803301	G	53	0	53	0.00001
Anaerohalosphaera	2690159	G	87	3	90	0.00002
Limihaloglobus	2690160	G	42	2	44	0.00001
Sedimentisphaera	2483368	G	30	13	43	0.00001
Candidatus_Kuenenia	380738	G	26	0	26	0.00001
Candidatus_Uabimicrobium	2897349	G	19	0	19	0.00000
Opitutus	178440	G	4638	395	5033	0.00120
Lacunisphaera	1961799	G	1379	218	1597	0.00038
Oleiharenicola	2100741	G	1142	68	1210	0.00029
Nibricoccus	2576890	G	935	46	981	0.00023
Ereboglobus	2028344	G	726	38	764	0.00018
Ruficoccus	2175957	G	218	32	250	0.00006
Coraliomargarita	442430	G	52	1	53	0.00001
Verrucomicrobium	2735	G	1098	97	1195	0.00028
Luteolibacter	518753	G	783	32	815	0.00019
Roseimicrobium	1348508	G	505	20	525	0.00012
Sulfuriroseicoccus	2911469	G	118	14	132	0.00003
Akkermansia	239934	G	342	32	374	0.00009
Methylacidimicrobium	1541670	G	388	35	423	0.00010
Methylacidiphilum	511745	G	41	1	42	0.00001
Candidatus_Xiphinematobacter	134550	G	28	2	30	0.00001
Kiritimatiella	1921784	G	228	264	492	0.00012
Tichowtungia	2907187	G	97	3	100	0.00002
Candidatus_Protochlamydia	282132	G	31	5	36	0.00001
Neochlamydia	112987	G	19	3	22	0.00001
Parachlamydia	83551	G	16	4	20	0.00000
Candidatus_Rhabdochlamydia	292833	G	33	2	35	0.00001
Waddlia	71666	G	17	2	19	0.00000
Simkania	34093	G	16	1	17	0.00000
Chlamydia	810	G	26	18	44	0.00001
Candidatus_Velamenicoccus	2789201	G	66	0	66	0.00002
Luteitalea	2004797	G	15574	896	16470	0.00391
Granulicella	940557	G	3200	301	3501	0.00083
Edaphobacter	388463	G	2577	303	2880	0.00068
Terriglobus	392733	G	2126	233	2359	0.00056
Acidobacterium	33973	G	1680	126	1806	0.00043
Candidatus_Koribacter	658061	G	1479	46	1525	0.00036
Acidisarcina	2608728	G	577	38	615	0.00015
Paludibaculum	1649475	G	2008	49	2057	0.00049
Chloracidobacterium	458032	G	902	24	926	0.00022
Sulfidibacter	2915177	G	571	12	583	0.00014
Nitrospira	1234	G	3665	54	3719	0.00088
Leptospirillum	179	G	71	0	71	0.00002
Dissulfurispira	2811506	G	31	0	31	0.00001
Thermodesulfovibrio	28261	G	16	0	16	0.00000
Treponema	157	G	268	39	307	0.00007
Spirochaeta	146	G	214	9	223	0.00005
Sediminispirochaeta	1911556	G	21	1	22	0.00001
Salinispira	1616789	G	19	1	20	0.00000
Sphaerochaeta	399320	G	80	7	87	0.00002
Breznakiella	2845254	G	36	6	42	0.00001
Borrelia	138	G	11	19	30	0.00001
Leptospira	171	G	138	13	151	0.00004
Turneriella	338321	G	77	0	77	0.00002
Pyramidobacter	638847	G	182	10	192	0.00005
Fretibacterium	1434006	G	145	2	147	0.00003
Aminomonas	81411	G	141	14	155	0.00004
Cloacibacillus	508459	G	126	24	150	0.00004
Thermanaerovibrio	81461	G	92	16	108	0.00003
Jonquetella	428711	G	68	10	78	0.00002
Aminobacterium	81466	G	24	1	25	0.00001
Acetomicrobium	49894	G	20	0	20	0.00000
Thermovirga	336260	G	14	11	25	0.00001
Candidatus_Nanosynbacter	2093823	G	118	92	210	0.00005
Candidatus_Saccharimonas	1331051	G	76	1	77	0.00002
Candidatus_Bipolaricaulis	2250122	G	172	7	179	0.00004
Candidatus_Chazhemtobacterium	2715734	G	16	0	16	0.00000
Candidatus_Babela	1551504	G	13	0	13	0.00000
Candidatus_Absconditicoccus	2900570	G	12	0	12	0.00000
Thermotoga	2335	G	81	9	90	0.00002
Pseudothermotoga	1643951	G	22	1	23	0.00001
Thermosipho	2420	G	17	6	23	0.00001
Fervidobacterium	2422	G	13	7	20	0.00000
Kosmotoga	651456	G	21	0	21	0.00001
Mesotoga	1184396	G	21	0	21	0.00001
Thermocrinis	75905	G	22	9	31	0.00001
Thermosulfidibacter	412592	G	30	0	30	0.00001
Persephonella	182899	G	13	1	14	0.00000
Sulfurihydrogenibium	212790	G	12	2	14	0.00000
Thermovibrio	171868	G	25	2	27	0.00001
Thermosulfurimonas	1522431	G	49	8	57	0.00001
Thermosulfuriphilus	2033601	G	24	1	25	0.00001
Thermodesulfatator	241192	G	23	4	27	0.00001
Caldithrix	187144	G	96	0	96	0.00002
Geovibrio	46200	G	19	4	23	0.00001
Flexistipes	2351	G	17	2	19	0.00000
Deferribacter	53572	G	11	2	13	0.00000
Denitrovibrio	117999	G	11	1	12	0.00000
Desulfurispirillum	393029	G	70	32	102	0.00002
Leptotrichia	32067	G	32	6	38	0.00001
Fusobacterium	848	G	25	4	29	0.00001
Elusimicrobium	423604	G	31	0	31	0.00001
Endomicrobium	1408194	G	21	0	21	0.00001
Coprothermobacter	68335	G	26	5	31	0.00001
Dictyoglomus	13	G	22	0	22	0.00001
Caldisericum	693074	G	20	0	20	0.00000
Atribacter	2847777	G	10	0	10	0.00000
Fusarium	5506	G	2928	252	3180	0.00076
Trichoderma	5543	G	1108	29	1137	0.00027
Beauveria	5581	G	605	10	615	0.00015
Cordyceps	45234	G	202	7	209	0.00005
Metarhizium	5529	G	541	43	584	0.00014
Ustilaginoidea	124426	G	149	4	153	0.00004
Pochonia	243023	G	47	2	49	0.00001
Purpureocillium	1052105	G	260	8	268	0.00006
Drechmeria	98402	G	157	3	160	0.00004
Clonostachys	110564	G	75	2	77	0.00002
Colletotrichum	5455	G	228	34	262	0.00006
Thermothielavioides	2609811	G	403	30	433	0.00010
Thermothelomyces	1920207	G	346	18	364	0.00009
Neurospora	5140	G	183	11	194	0.00005
Pyricularia	48558	G	281	1	282	0.00007
Neopestalotiopsis	1562158	G	134	1	135	0.00003
Botrytis	33196	G	33	0	33	0.00001
Aspergillus	5052	G	6006	175	6181	0.00147
Penicillium	5073	G	181	3	184	0.00004
Paecilomyces	33202	G	45	0	45	0.00001
Talaromyces	5094	G	39	1	40	0.00001
Paraphaeosphaeria	125369	G	103	22	125	0.00003
Ampelomyces	50729	G	54	3	57	0.00001
Zymoseptoria	1047167	G	53	0	53	0.00001
Cercospora	29002	G	43	0	43	0.00001
Eremothecium	33170	G	31	22	53	0.00001
Saccharomyces	4930	G	18	1	19	0.00000
Tetrapisispora	113604	G	17	0	17	0.00000
Lachancea	300275	G	16	1	17	0.00000
Kazachstania	71245	G	15	0	15	0.00000
Kluyveromyces	4910	G	14	1	15	0.00000
Ogataea	461281	G	17	0	17	0.00000
Brettanomyces	13366	G	13	0	13	0.00000
Yarrowia	4951	G	29	0	29	0.00001
Candida	1535326	G	23	0	23	0.00001
Sugiyamaella	410829	G	10	0	10	0.00000
Pseudozyma	63298	G	356	3	359	0.00009
Ustilago	5269	G	108	2	110	0.00003
Sporisorium	63265	G	84	12	96	0.00002
Malassezia	55193	G	35	6	41	0.00001
Phlebiopsis	82309	G	102	0	102	0.00002
Rhizoctonia	1322061	G	32	1	33	0.00001
Marasmius	34448	G	16	0	16	0.00000
Cryptococcus	5206	G	23	6	29	0.00001
Phytophthora	4783	G	860	135	995	0.00024
Pythium	4797	G	130	3	133	0.00003
