name	taxonomy_id	taxonomy_lvl	kraken_assigned_reads	added_reads	new_est_reads	fraction_total_reads
Bradyrhizobium	374	G	671911	83155	755066	0.04073
Rhodopseudomonas	1073	G	40468	10676	51144	0.00276
Nitrobacter	911	G	19951	2387	22338	0.00121
Tardiphaga	1395974	G	14425	1635	16060	0.00087
Afipia	1033	G	10949	4087	15036	0.00081
Variibacter	1649510	G	9988	737	10725	0.00058
Mesorhizobium	68287	G	268038	49684	317722	0.01714
Aquibium	2911176	G	17998	4394	22392	0.00121
Aminobacter	31988	G	15429	10160	25589	0.00138
Nitratireductor	245876	G	12192	1877	14069	0.00076
Phyllobacterium	28100	G	6512	648	7160	0.00039
Roseitalea	1915401	G	4514	766	5280	0.00028
Hoeflea	274591	G	3815	352	4167	0.00022
Oricola	1594166	G	3478	475	3953	0.00021
Salaquimonas	2712688	G	1467	64	1531	0.00008
Lentilitoribacter	1649463	G	77	1	78	0.00000
Rhizobium	379	G	127044	54540	181584	0.00980
Agrobacterium	357	G	25991	8583	34574	0.00187
Neorhizobium	1525371	G	14648	3312	17960	0.00097
Pseudorhizobium	1903858	G	4601	831	5432	0.00029
Sinorhizobium	28105	G	55891	34791	90682	0.00489
Ensifer	106591	G	33844	5941	39785	0.00215
Shinella	323620	G	21895	14712	36607	0.00197
Georhizobium	2661800	G	3750	779	4529	0.00024
Ciceribacter	1648508	G	3047	552	3599	0.00019
Peteryoungia	2853332	G	1128	179	1307	0.00007
Liberibacter	34019	G	120	77	197	0.00001
Methylobacterium	407	G	117431	20966	138397	0.00747
Microvirga	186650	G	79312	8902	88214	0.00476
Methylorubrum	2282523	G	24559	10388	34947	0.00189
Pseudolabrys	556257	G	46814	6991	53805	0.00290
Starkeya	152053	G	17145	4530	21675	0.00117
Xanthobacter	279	G	16712	3845	20557	0.00111
Ancylobacter	99	G	15539	5421	20960	0.00113
Labrys	204476	G	5943	608	6551	0.00035
Azorhizobium	6	G	5345	1143	6488	0.00035
Rhodoplanes	29407	G	57384	5598	62982	0.00340
Hyphomicrobium	81	G	20601	1460	22061	0.00119
Methyloceanibacter	1484898	G	9124	649	9773	0.00053
Methyloligella	1485594	G	6192	780	6972	0.00038
Aquabacter	45402	G	4554	751	5305	0.00029
Rhodomicrobium	1068	G	3986	279	4265	0.00023
Caenibius	2827482	G	2397	1066	3463	0.00019
Filomicrobium	119044	G	2091	65	2156	0.00012
Devosia	46913	G	47128	3753	50881	0.00274
Youhaiella	1827478	G	4627	1058	5685	0.00031
Paradevosia	1573407	G	4424	1704	6128	0.00033
Pelagibacterium	1082930	G	2286	382	2668	0.00014
Maritalea	623276	G	431	14	445	0.00002
Bosea	85413	G	58026	8849	66875	0.00361
Aureimonas	414371	G	24739	5006	29745	0.00160
Martelella	293088	G	12110	2211	14321	0.00077
Aurantimonas	182269	G	7378	2215	9593	0.00052
Pseudorhodoplanes	1734920	G	14146	1032	15178	0.00082
Nordella	169055	G	13226	734	13960	0.00075
Terrihabitans	2874214	G	4221	480	4701	0.00025
Candidatus_Hodgkinia	573657	G	28	0	28	0.00000
Methylocystis	133	G	18402	1603	20005	0.00108
Methylosinus	425	G	8734	1290	10024	0.00054
Stappia	152161	G	10603	2006	12609	0.00068
Roseibium	150830	G	5100	690	5790	0.00031
Pannonibacter	227873	G	4751	3320	8071	0.00044
Labrenzia	478070	G	4060	382	4442	0.00024
Pseudovibrio	258255	G	920	46	966	0.00005
Phreatobacter	1632780	G	25249	4269	29518	0.00159
Kaustia	2838250	G	9212	892	10104	0.00055
Parvibaculum	256616	G	3690	2669	6359	0.00034
Pyruvatibacter	1742974	G	2556	315	2871	0.00015
Candidatus_Phaeomarinobacter	1541445	G	1032	49	1081	0.00006
Chelatococcus	28209	G	15258	3360	18618	0.00100
Blastochloris	59282	G	14100	3282	17382	0.00094
Methylocella	120652	G	6361	573	6934	0.00037
Methylovirgula	1156568	G	5443	453	5896	0.00032
Beijerinckia	532	G	1500	115	1615	0.00009
Kaistia	166953	G	9480	2322	11802	0.00064
Brucella	234	G	7939	4208	12147	0.00066
Pseudochrobactrum	354349	G	789	143	932	0.00005
Acuticoccus	1904377	G	8285	895	9180	0.00050
Breoghania	1406135	G	5359	705	6064	0.00033
Hartmannibacter	1572860	G	5296	940	6236	0.00034
Lichenihabitans	2723776	G	4742	219	4961	0.00027
Cohaesibacter	655352	G	974	39	1013	0.00005
Bartonella	773	G	875	53	928	0.00005
Sphingomonas	13687	G	400940	51354	452294	0.02440
Sphingobium	165695	G	56868	28412	85280	0.00460
Sphingopyxis	165697	G	55331	12037	67368	0.00363
Novosphingobium	165696	G	41319	14853	56172	0.00303
Rhizorhabdus	1649486	G	18414	9333	27747	0.00150
Allosphingosinicella	2823232	G	10333	1324	11657	0.00063
Sphingosinithalassobacter	2676233	G	7675	1933	9608	0.00052
Parasphingopyxis	1234545	G	5283	264	5547	0.00030
Sphingorhabdus	1434046	G	4681	293	4974	0.00027
Blastomonas	150203	G	4215	730	4945	0.00027
Hankyongella	1763827	G	3114	636	3750	0.00020
Tardibacter	2685927	G	2835	2363	5198	0.00028
Citromicrobium	72173	G	2400	1160	3560	0.00019
Novosphingopyxis	2709686	G	2119	1240	3359	0.00018
Parasphingorhabdus	2709685	G	1370	41	1411	0.00008
Aquisediminimonas	2676781	G	1342	52	1394	0.00008
Erythrobacter	1041	G	28858	7791	36649	0.00198
Porphyrobacter	1111	G	8487	2425	10912	0.00059
Qipengyuania	1855416	G	18584	5068	23652	0.00128
Tsuneonella	2800686	G	11440	2345	13785	0.00074
Altererythrobacter	361177	G	11234	3151	14385	0.00078
Croceicoccus	1295327	G	9318	5874	15192	0.00082
Aurantiacibacter	2800681	G	2193	381	2574	0.00014
Pelagerythrobacter	2800685	G	2110	303	2413	0.00013
Paraurantiacibacter	2800682	G	2019	270	2289	0.00012
Croceibacterium	2676755	G	1940	862	2802	0.00015
Sphingosinicella	335405	G	18728	2025	20753	0.00112
Polymorphobacter	1508451	G	6395	257	6652	0.00036
Sandaracinobacter	56358	G	2916	206	3122	0.00017
Zymomonas	541	G	223	182	405	0.00002
Skermanella	204447	G	81660	12547	94207	0.00508
Azospirillum	191	G	76982	9372	86354	0.00466
Nitrospirillum	1543705	G	5350	582	5932	0.00032
Indioceanicola	2478349	G	4708	599	5307	0.00029
Niveispirillum	1543704	G	2403	252	2655	0.00014
Roseomonas	125216	G	47188	6505	53693	0.00290
Rhodovastum	504465	G	8309	789	9098	0.00049
Komagataeibacter	1434011	G	6141	2633	8774	0.00047
Roseococcus	35812	G	5874	513	6387	0.00034
Acidiphilium	522	G	5467	2793	8260	0.00045
Sediminicoccus	1706033	G	4526	218	4744	0.00026
Lichenicola	2804525	G	3667	167	3834	0.00021
Acidibrevibacterium	2603324	G	3517	311	3828	0.00021
Acetobacter	434	G	3266	1008	4274	0.00023
Gluconobacter	441	G	2464	576	3040	0.00016
Gluconacetobacter	89583	G	2358	456	2814	0.00015
Granulibacter	364409	G	1551	126	1677	0.00009
Asaia	91914	G	1038	163	1201	0.00006
Neoasaia	320496	G	985	184	1169	0.00006
Kozakia	153497	G	671	217	888	0.00005
Novacetimonas	2919364	G	614	271	885	0.00005
Oecophyllibacter	2791118	G	460	14	474	0.00003
Parasaccharibacter	1602345	G	334	13	347	0.00002
Swingsia	1649499	G	277	10	287	0.00002
Neokomagataea	1223423	G	122	18	140	0.00001
Commensalibacter	1079922	G	55	1	56	0.00000
Entomobacter	2811380	G	54	3	57	0.00000
Bombella	1654741	G	23	2	25	0.00000
Hypericibacter	2705399	G	24776	1500	26276	0.00142
Magnetospirillum	13134	G	14151	268699	282850	0.01526
Ferrovibrio	1231242	G	10447	669	11116	0.00060
Rhodospirillum	1081	G	8773	1013	9786	0.00053
Tistrella	171436	G	6099	2813	8912	0.00048
Defluviicoccus	111830	G	3315	296	3611	0.00019
Pararhodospirillum	1612157	G	1964	144	2108	0.00011
Haematospirillum	1804663	G	343	27	370	0.00002
Candidatus_Endolissoclinum	1263978	G	186	1	187	0.00001
Stella	93	G	14423	1004	15427	0.00083
Elioraea	457933	G	6103	300	6403	0.00035
Thalassospira	168934	G	2494	207	2701	0.00015
Magnetospira	1182780	G	1374	44	1418	0.00008
Terasakiella	196080	G	168	3	171	0.00001
Paracoccus	265	G	48197	8144	56341	0.00304
Cereibacter	1653176	G	11873	3591	15464	0.00083
Rhodobacter	1060	G	11607	3717	15324	0.00083
Rhodovulum	34008	G	6644	1346	7990	0.00043
Paroceanicella	2683599	G	5893	1292	7185	0.00039
Polymorphum	991903	G	5339	1373	6712	0.00036
Pikeienuella	2831955	G	4381	428	4809	0.00026
Pontivivens	1844015	G	3978	296	4274	0.00023
Silicimonas	1955420	G	3340	196	3536	0.00019
Thioclava	285107	G	3285	391	3676	0.00020
Pelagovum	2795377	G	3074	370	3444	0.00019
Frigidibacter	1775705	G	2554	1049	3603	0.00019
Pukyongiella	2831925	G	2244	435	2679	0.00014
Brevirhabdus	1855413	G	2186	770	2956	0.00016
Gymnodinialimonas	2937410	G	1825	157	1982	0.00011
Haematobacter	366614	G	1740	704	2444	0.00013
Fuscovulum	2818469	G	1660	220	1880	0.00010
Tabrizicola	1443919	G	1572	152	1724	0.00009
Pseudopuniceibacterium	2613960	G	1508	109	1617	0.00009
Falsirhodobacter	1434002	G	1495	218	1713	0.00009
Pacificitalea	2846749	G	1379	247	1626	0.00009
Gemmobacter	204456	G	1338	276	1614	0.00009
Pseudooceanicola	1679449	G	1332	123	1455	0.00008
Monaibacterium	2029873	G	1304	233	1537	0.00008
Roseicitreum	1209946	G	1124	55	1179	0.00006
Tritonibacter	2083206	G	892	279	1171	0.00006
Rhodophyticola	2680018	G	800	22	822	0.00004
Qingshengfaniella	2816884	G	793	38	831	0.00004
Yoonia	2211641	G	733	113	846	0.00005
Pseudohalocynthiibacter	1759417	G	676	95	771	0.00004
Rhodobaca	119541	G	597	26	623	0.00003
Profundibacter	2778525	G	572	18	590	0.00003
Pseudorhodobacter	238783	G	483	27	510	0.00003
Parasedimentitalea	2738399	G	467	18	485	0.00003
Cognatishimia	2211635	G	406	15	421	0.00002
Aestuarium	2820509	G	403	119	522	0.00003
Planktomarina	1284657	G	248	5	253	0.00001
Roseovarius	74030	G	11923	1153	13076	0.00071
Sulfitobacter	60136	G	11220	1291	12511	0.00067
Salipiger	263377	G	8614	1902	10516	0.00057
Roseivivax	93682	G	7170	653	7823	0.00042
Celeribacter	875170	G	4676	1155	5831	0.00031
Phaeobacter	302485	G	4020	534	4554	0.00025
Leisingera	191028	G	3849	342	4191	0.00023
Ruegeria	97050	G	3591	355	3946	0.00021
Sagittula	58842	G	3166	765	3931	0.00021
Yangia	2919626	G	3088	371	3459	0.00019
Pseudosulfitobacter	2854186	G	2978	448	3426	0.00018
Ponticoccus	983507	G	2244	238	2482	0.00013
Mameliella	1434019	G	2151	244	2395	0.00013
Dinoroseobacter	309512	G	2072	13513	15585	0.00084
Roseobacter	2433	G	1976	39	2015	0.00011
Oceanicola	252301	G	1690	66	1756	0.00009
Ketogulonicigenium	92944	G	1647	150	1797	0.00010
Actibacterium	1433986	G	1614	476	2090	0.00011
Octadecabacter	53945	G	1598	69	1667	0.00009
Roseibacterium	159345	G	1561	101	1662	0.00009
Maribius	387095	G	1260	52	1312	0.00007
Thalassococcus	436357	G	1103	21	1124	0.00006
Tateyamaria	299261	G	1091	25	1116	0.00006
Antarctobacter	74032	G	975	35	1010	0.00005
Jannaschia	188905	G	944	19	963	0.00005
Thalassobius	335927	G	648	26	674	0.00004
Falsihalocynthiibacter	2854182	G	243	5	248	0.00001
Caulobacter	75	G	48727	6191	54918	0.00296
Brevundimonas	41275	G	39687	5848	45535	0.00246
Phenylobacterium	20	G	17504	3004	20508	0.00111
Terricaulis	2768684	G	10557	368	10925	0.00059
Asticcacaulis	76890	G	3352	270	3622	0.00020
Candidatus_Viadribacter	2892997	G	5087	138	5225	0.00028
Hyphomonas	85	G	4269	200	4469	0.00024
Hirschia	2723	G	91	2	93	0.00001
Marinicauda	1649466	G	3624	623	4247	0.00023
Maricaulis	74317	G	1286	82	1368	0.00007
Glycocaulis	1433402	G	1175	61	1236	0.00007
Hyphobacterium	2004661	G	1014	40	1054	0.00006
Aquisalinus	1795639	G	1587	73	1660	0.00009
Parvularcula	208215	G	590	71	661	0.00004
Anaplasma	768	G	293	33	326	0.00002
Wolbachia	953	G	172	7	179	0.00001
Ehrlichia	943	G	70	5	75	0.00000
Neorickettsia	33993	G	53	0	53	0.00000
Candidatus_Neoehrlichia	467749	G	19	5	24	0.00000
Rickettsia	780	G	405	25	430	0.00002
Orientia	69474	G	32	1	33	0.00000
Candidatus_Sneabacter	2601645	G	16	1	17	0.00000
Candidatus_Phycorickettsia	2115980	G	48	3	51	0.00000
Candidatus_Midichloria	411566	G	51	4	55	0.00000
Candidatus_Fokinia	1802983	G	29	47	76	0.00000
Candidatus_Deianiraea	2603321	G	24	0	24	0.00000
Micavibrio	213485	G	883	10	893	0.00005
Candidatus_Puniceispirillum	767891	G	175	5	180	0.00001
Paremcibacter	2813804	G	529	16	545	0.00003
Luteithermobacter	2813803	G	486	80	566	0.00003
Candidatus_Cytomitobacter	2601574	G	55	58	113	0.00001
Candidatus_Hydrogenosomobacter	2654634	G	49	0	49	0.00000
Candidatus_Gromoviella	2900571	G	24	0	24	0.00000
Candidatus_Nesciobacter	2601651	G	18	1	19	0.00000
Candidatus_Nucleicultrix	1509243	G	107	4	111	0.00001
Candidatus_Paracaedibacter	1521255	G	86	2	88	0.00000
Magnetococcus	162171	G	319	7	326	0.00002
Candidatus_Pelagibacter	198251	G	125	4	129	0.00001
Candidatus_Fonsibacter	2045213	G	53	4	57	0.00000
Kordiimonas	288021	G	143	2	145	0.00001
Burkholderia	32008	G	156084	128747	284831	0.01537
Cupriavidus	106589	G	96371	32612	128983	0.00696
Paraburkholderia	1822464	G	84301	9861	94162	0.00508
Ralstonia	48736	G	26320	13553	39873	0.00215
Pandoraea	93217	G	25773	4333	30106	0.00162
Caballeronia	1827195	G	23469	3096	26565	0.00143
Lautropia	47670	G	2900	584	3484	0.00019
Polynucleobacter	44013	G	2606	74	2680	0.00014
Chitinimonas	240411	G	1653	148	1801	0.00010
Mycetohabitans	2571159	G	1556	112	1668	0.00009
Mycoavidus	1810868	G	452	22	474	0.00003
Limnobacter	131079	G	271	13	284	0.00002
Candidatus_Vallotia	2018044	G	265	33	298	0.00002
Ephemeroptericola	2680021	G	153	10	163	0.00001
Variovorax	34072	G	127966	51446	179412	0.00968
Hydrogenophaga	47420	G	46976	23017	69993	0.00378
Acidovorax	12916	G	39168	23036	62204	0.00336
Ramlibacter	174951	G	29501	13219	42720	0.00230
Comamonas	283	G	23267	13163	36430	0.00197
Rhodoferax	28065	G	21589	5597	27186	0.00147
Schlegelella	215579	G	17563	6340	23903	0.00129
Polaromonas	52972	G	13143	1404	14547	0.00078
Diaphorobacter	238749	G	13041	14095	27136	0.00146
Delftia	80865	G	10637	11851	22488	0.00121
Kinneretia	683756	G	9413	5948	15361	0.00083
Ottowia	219181	G	7224	1427	8651	0.00047
Alicycliphilus	201096	G	6112	11837	17949	0.00097
Melaminivora	1649468	G	5403	5354	10757	0.00058
Serpentinimonas	2490452	G	4224	1081	5305	0.00029
Verminephrobacter	364316	G	3246	453	3699	0.00020
Hylemonella	232523	G	2728	453	3181	0.00017
Pulveribacter	2678886	G	2462	1455	3917	0.00021
Simplicispira	352450	G	2001	809	2810	0.00015
Limnohabitans	665874	G	1467	161	1628	0.00009
Candidatus_Symbiobacter	1436289	G	965	38	1003	0.00005
Curvibacter	281915	G	957	78	1035	0.00006
Massilia	149698	G	85359	16517	101876	0.00550
Duganella	75654	G	7210	2788	9998	0.00054
Herbaspirillum	963	G	16349	3468	19817	0.00107
Janthinobacterium	29580	G	15369	3524	18893	0.00102
Collimonas	202907	G	6941	913	7854	0.00042
Noviherbaspirillum	1344552	G	4299	846	5145	0.00028
Undibacterium	401469	G	887	63	950	0.00005
Glaciimonas	1229970	G	395	28	423	0.00002
Herminiimonas	303379	G	354	65	419	0.00002
Oxalobacter	846	G	252	25	277	0.00001
Achromobacter	222	G	62728	29450	92178	0.00497
Bordetella	517	G	49005	24954	73959	0.00399
Pigmentiphaga	152267	G	8031	1059	9090	0.00049
Castellaniella	359336	G	3998	3053	7051	0.00038
Orrella	1921582	G	3967	1421	5388	0.00029
Alcaligenes	507	G	2442	630	3072	0.00017
Pusillimonas_(ex_Stolz_et_al._2005)	305976	G	2147	451	2598	0.00014
Paralcaligenes	1148163	G	1191	56	1247	0.00007
Kerstersia	257820	G	1016	247	1263	0.00007
Advenella	290425	G	920	31	951	0.00005
Oligella	90243	G	186	61	247	0.00001
Paenalcaligenes	1100891	G	95	5	100	0.00001
Taylorella	29574	G	39	3	42	0.00000
Pelistega	106146	G	37	6	43	0.00000
Basilea	1472344	G	33	3	36	0.00000
Rhizobacter	212743	G	23181	6434	29615	0.00160
Sphaerotilus	34102	G	12706	7563	20269	0.00109
Methylibium	316612	G	12058	4232	16290	0.00088
Rubrivivax	28067	G	11118	4319	15437	0.00083
Aquincola	391952	G	8846	3772	12618	0.00068
Thiomonas	32012	G	7952	971	8923	0.00048
Leptothrix	88	G	7584	3051	10635	0.00057
Mitsuaria	65047	G	6792	1686	8478	0.00046
Xylophilus	54066	G	4559	1649	6208	0.00033
Ideonella	36862	G	4020	3004	7024	0.00038
Tepidimonas	114248	G	3971	1710	5681	0.00031
Aquabacterium	92793	G	3260	1072	4332	0.00023
Roseateles	93681	G	3057	731	3788	0.00020
Inhella	644355	G	2246	440	2686	0.00014
Paucibacter	318147	G	1861	394	2255	0.00012
Candidatus_Ichthyocystis	2929841	G	60	1	61	0.00000
Sutterella	40544	G	2623	266	2889	0.00016
Turicimonas	1918598	G	141	12	153	0.00001
Usitatibacter	2803845	G	42903	3767	46670	0.00252
Nitrosospira	35798	G	14832	487	15319	0.00083
Nitrosomonas	914	G	11431	400	11831	0.00064
Denitratisoma	311181	G	5166	2979	8145	0.00044
Sulfuritalea	1054211	G	4197	720	4917	0.00027
Methyloversatilis	378210	G	3635	567	4202	0.00023
Sterolibacterium	157591	G	2550	809	3359	0.00018
Thiobacillus	919	G	5023	1122	6145	0.00033
Sulfuritortus	1938335	G	3591	1801	5392	0.00029
Sideroxydans	314343	G	3659	574	4233	0.00023
Ferrigenium	2249462	G	2396	572	2968	0.00016
Ferriphaselus	1443590	G	840	129	969	0.00005
Candidatus_Nitrotoga	453161	G	728	47	775	0.00004
Gallionella	96	G	523	53	576	0.00003
Sulfurimicrobium	2772198	G	2517	363	2880	0.00016
Sulfuriferula	1778653	G	2515	473	2988	0.00016
Sulfuricella	935200	G	1370	137	1507	0.00008
Methylovorus	81682	G	709	53	762	0.00004
Methylobacillus	404	G	634	175	809	0.00004
Methylophilus	16	G	354	25	379	0.00002
Methylotenera	359407	G	222	20	242	0.00001
Candidatus_Methylopumilus	1679002	G	196	17	213	0.00001
Methyloradius	2872156	G	132	11	143	0.00001
Thauera	33057	G	22672	15814	38486	0.00208
Azoarcus	12960	G	18548	6758	25306	0.00137
Nitrogeniibacter	2891294	G	6020	1087	7107	0.00038
Aromatoleum	551759	G	19174	6316	25490	0.00138
Azospira	146937	G	12938	6727	19665	0.00106
Niveibacterium	1769726	G	3272	522	3794	0.00020
Oryzomicrobium	1911577	G	2457	712	3169	0.00017
Rugosibacter	1914449	G	662	131	793	0.00004
Dechloromonas	73029	G	5121	958	6079	0.00033
Ferribacterium	88875	G	4520	835	5355	0.00029
Quatrionicoccus	138117	G	2031	661	2692	0.00015
Fluviibacter	2808942	G	328	116	444	0.00002
Chromobacterium	535	G	14660	3646	18306	0.00099
Iodobacter	32014	G	244	76	320	0.00002
Jeongeupia	885864	G	4788	1005	5793	0.00031
Paludibacterium	400060	G	4029	776	4805	0.00026
Pseudogulbenkiania	568394	G	2795	1074	3869	0.00021
Vogesella	57739	G	2566	729	3295	0.00018
Aquitalea	407217	G	2085	445	2530	0.00014
Microvirgula	57479	G	1907	414	2321	0.00013
Laribacter	168470	G	1550	1519	3069	0.00017
Aquaspirillum	187	G	967	163	1130	0.00006
Chitinibacter	230666	G	340	145	485	0.00003
Deefgea	400947	G	316	46	362	0.00002
Neisseria	482	G	5986	2481	8467	0.00046
Crenobacter	1654931	G	3611	1357	4968	0.00027
Chitinolyticbacter	1055692	G	2421	343	2764	0.00015
Vitreoscilla	59	G	1244	258	1502	0.00008
Kingella	32257	G	814	252	1066	0.00006
Eikenella	538	G	653	167	820	0.00004
Uruburuella	299568	G	588	94	682	0.00004
Paralysiella	2898489	G	268	65	333	0.00002
Alysiella	194195	G	129	24	153	0.00001
Conchiformibius	334107	G	96	98	194	0.00001
Aquella	2593687	G	49	2	51	0.00000
Snodgrassella	1193515	G	45	14	59	0.00000
Morococcus	212742	G	22	122	144	0.00001
Simonsiella	71	G	21	4	25	0.00000
Casimicrobium	2706000	G	2896	1520	4416	0.00024
Candidatus_Kinetoplastibacterium	33055	G	72	7	79	0.00000
Candidatus_Profftella	1381133	G	16	3	19	0.00000
Lysobacter	68	G	155080	27833	182913	0.00987
Xanthomonas	338	G	44252	27727	71979	0.00388
Stenotrophomonas	40323	G	43780	20034	63814	0.00344
Luteimonas	83614	G	33691	7573	41264	0.00223
Pseudoxanthomonas	83618	G	23748	11346	35094	0.00189
Thermomonas	141948	G	14637	4441	19078	0.00103
Arenimonas	490567	G	5143	1139	6282	0.00034
Pseudolysobacter	2709666	G	2315	65	2380	0.00013
Xylella	2370	G	638	116	754	0.00004
Rhodanobacter	75309	G	17993	4342	22335	0.00120
Luteibacter	242605	G	16291	1942	18233	0.00098
Dyella	231454	G	12036	2185	14221	0.00077
Frateuria	70411	G	9492	2652	12144	0.00066
Dokdonella	323413	G	6765	1283	8048	0.00043
Aerosticca	2707020	G	3230	4519	7749	0.00042
Ahniella	2233801	G	1795	49	1844	0.00010
Pseudomonas	286	G	303468	101125	404593	0.02183
Azotobacter	352	G	6234	6178	12412	0.00067
Halopseudomonas	2901189	G	3806	699	4505	0.00024
Permianibacter	1649479	G	826	25	851	0.00005
Thiopseudomonas	1654787	G	77	16	93	0.00001
Entomomonas	2758906	G	41	2	43	0.00000
Marinobacter	2742	G	8103	791	8894	0.00048
Klebsiella	570	G	7173	62261	69434	0.00375
Raoultella	160674	G	1891	1108	2999	0.00016
Enterobacter	547	G	8520	13272	21792	0.00118
Citrobacter	544	G	3688	3658	7346	0.00040
Cronobacter	413496	G	2227	535	2762	0.00015
Leclercia	83654	G	2122	1198	3320	0.00018
Kosakonia	1330547	G	2079	361	2440	0.00013
Salmonella	590	G	1755	72202	73957	0.00399
Pluralibacter	1330546	G	1571	405	1976	0.00011
Escherichia	561	G	1256	20815	22071	0.00119
Cedecea	158483	G	1212	180	1392	0.00008
Lelliottia	1330545	G	844	193	1037	0.00006
Kluyvera	579	G	594	187	781	0.00004
Candidatus_Symbiopectobacterium	801	G	195	24	219	0.00001
Candidatus_Blochmannia	203804	G	116	4	120	0.00001
Candidatus_Hamiltonella	568987	G	55	58	113	0.00001
Candidatus_Doolittlea	1906657	G	24	1	25	0.00000
Candidatus_Hoaglandella	1906659	G	17	1	18	0.00000
Candidatus_Mikella	1906660	G	14	4	18	0.00000
Candidatus_Tachikawaea	1682492	G	13	2	15	0.00000
Candidatus_Gullanella	1906661	G	12	0	12	0.00000
Jejubacter	2815296	G	329	36	365	0.00002
Pseudescherichia	2055880	G	314	19	333	0.00002
Plesiomonas	702	G	298	97	395	0.00002
Shimwellia	1335483	G	271	54	325	0.00002
Buttiauxella	82976	G	267	33	300	0.00002
Yokenella	158876	G	261	111	372	0.00002
Atlantibacter	1903434	G	257	55	312	0.00002
Scandinavium	2726810	G	209	39	248	0.00001
Pseudocitrobacter	1504576	G	193	48	241	0.00001
Phytobacter	447792	G	166	350	516	0.00003
Shigella	620	G	61	3478	3539	0.00019
Candidatus_Moranella	1048757	G	32	0	32	0.00000
Candidatus_Profftia	1177214	G	30	1	31	0.00000
Candidatus_Ishikawaella	409304	G	23	1	24	0.00000
Candidatus_Schneideria	1081630	G	12	0	12	0.00000
Serratia	613	G	12093	3262	15355	0.00083
Rahnella	34037	G	1209	317	1526	0.00008
Yersinia	629	G	1179	5414	6593	0.00036
Nissabacter	1964366	G	826	127	953	0.00005
Gibbsiella	929812	G	455	65	520	0.00003
Rouxiella	1565532	G	267	25	292	0.00002
Ewingella	41201	G	249	37	286	0.00002
Chania	1745211	G	153	18	171	0.00001
Candidatus_Fukatsuia	1927833	G	35	2	37	0.00000
Pantoea	53335	G	7318	1365	8683	0.00047
Erwinia	551	G	3060	524	3584	0.00019
Mixta	2100764	G	1729	528	2257	0.00012
Buchnera	32199	G	293	36	329	0.00002
Tatumella	82986	G	144	23	167	0.00001
Wigglesworthia	51228	G	11	1	12	0.00000
Dickeya	204037	G	3431	868	4299	0.00023
Pectobacterium	122277	G	2242	418	2660	0.00014
Brenneria	71655	G	1431	108	1539	0.00008
Lonsdalea	1082702	G	635	101	736	0.00004
Musicola	2884243	G	404	0	404	0.00002
Edwardsiella	635	G	2154	1026	3180	0.00017
Hafnia	568	G	257	85	342	0.00002
Obesumbacterium	82982	G	42	32	74	0.00000
Morganella	581	G	581	549	1130	0.00006
Providencia	586	G	459	199	658	0.00004
Xenorhabdus	626	G	363	46	409	0.00002
Proteus	583	G	237	252	489	0.00003
Photorhabdus	29487	G	211	17	228	0.00001
Arsenophonus	637	G	83	8	91	0.00000
Moellerella	158848	G	27	20	47	0.00000
Sodalis	84565	G	1623	110	1733	0.00009
Leminorella	82980	G	171	23	194	0.00001
Pragia	82984	G	49	7	56	0.00000
Limnobaculum	2172100	G	46	10	56	0.00000
Jinshanibacter	2810357	G	37	7	44	0.00000
Thioalkalivibrio	106633	G	12471	2498	14969	0.00081
Spiribacter	1335745	G	8396	682	9078	0.00049
Acidihalobacter	1765964	G	5259	483	5742	0.00031
Halorhodospira	85108	G	2701	251	2952	0.00016
Aquisalimonas	406099	G	2375	196	2571	0.00014
Alkalilimnicola	133193	G	2309	342	2651	0.00014
Ectothiorhodospira	1051	G	1966	213	2179	0.00012
Ectothiorhodosinus	233099	G	339	26	365	0.00002
Allochromatium	85072	G	4213	1064	5277	0.00028
Thiodictyon	53392	G	3793	224	4017	0.00022
Thioflavicoccus	156885	G	3788	375	4163	0.00022
Marichromatium	85076	G	3449	734	4183	0.00023
Thiocapsa	1056	G	2959	175	3134	0.00017
Thiocystis	13724	G	2077	194	2271	0.00012
Thermochromatium	85073	G	1370	369	1739	0.00009
Nitrosococcus	1227	G	1013	30	1043	0.00006
Caldichromatium	2828366	G	976	119	1095	0.00006
Rheinheimera	67575	G	281	55	336	0.00002
Candidatus_Nitrosacidococcus	2796146	G	71	3	74	0.00000
Candidatus_Nitrosoglobus	1980513	G	38	2	40	0.00000
Wenzhouxiangella	1676142	G	4103	221	4324	0.00023
Thiohalobacter	1273155	G	3199	422	3621	0.00020
Guyparkeria	2035712	G	2432	618	3050	0.00016
Sulfurivermis	2034504	G	2277	952	3229	0.00017
Woeseia	1738655	G	1693	31	1724	0.00009
Halothiobacillus	109262	G	1498	131	1629	0.00009
Sulfuriflexus	1860077	G	521	17	538	0.00003
Granulosicoccus	437504	G	460	8	468	0.00003
Halomonas	2745	G	38174	5711	43885	0.00237
Cobetia	204286	G	2357	1655	4012	0.00022
Halotalea	376488	G	2135	438	2573	0.00014
Salinicola	404432	G	1917	224	2141	0.00012
Kushneria	504090	G	1550	72	1622	0.00009
Chromohalobacter	42054	G	1460	161	1621	0.00009
Pistricoccus	1897649	G	977	66	1043	0.00006
Zymobacter	33073	G	278	38	316	0.00002
Candidatus_Portiera	235572	G	57	7	64	0.00000
Candidatus_Carsonella	114185	G	27	7	34	0.00000
Alcanivorax	59753	G	5022	2349	7371	0.00040
Ketobacter	2025617	G	253	21	274	0.00001
Marinobacterium	48075	G	1699	204	1903	0.00010
Marinomonas	28253	G	515	56	571	0.00003
Thalassolituus	187492	G	351	43	394	0.00002
Venatorbacter	2893036	G	240	58	298	0.00002
Bacterioplanes	1537406	G	181	10	191	0.00001
Neptunomonas	75687	G	158	12	170	0.00001
Nitrincola	267849	G	129	23	152	0.00001
Amphritea	515417	G	107	9	116	0.00001
Bermanella	599651	G	70	3	73	0.00000
Hahella	158481	G	1156	46	1202	0.00006
Saccharospirillum	231683	G	550	34	584	0.00003
Reinekea	230494	G	261	14	275	0.00001
Gynuella	1445504	G	186	5	191	0.00001
Litoricola	418700	G	409	20	429	0.00002
Spartinivicinus	2768738	G	165	5	170	0.00001
Oleiphilus	141450	G	158	12	170	0.00001
Endozoicomonas	305899	G	148	8	156	0.00001
Methylococcus	413	G	8349	621	8970	0.00048
Methylomonas	416	G	4842	161	5003	0.00027
Methylocaldum	73778	G	2443	151	2594	0.00014
Methylomicrobium	39773	G	2321	413	2734	0.00015
Methylomagnum	1760987	G	2285	103	2388	0.00013
Methylogaea	1295378	G	2071	166	2237	0.00012
Candidatus_Methylospira	1808977	G	735	32	767	0.00004
Methylotuvimicrobium	2822410	G	575	319	894	0.00005
Methylovulum	762296	G	306	8	314	0.00002
Methylobacter	429	G	128	8	136	0.00001
Aeromonas	642	G	19687	16297	35984	0.00194
Zobellella	347533	G	1415	329	1744	0.00009
Oceanimonas	129577	G	680	143	823	0.00004
Dongshaea	2802288	G	192	18	210	0.00001
Oceanisphaera	225143	G	152	18	170	0.00001
Tolumonas	43947	G	121	54	175	0.00001
Succinivibrio	83770	G	53	2	55	0.00000
Solimonas	413435	G	7193	803	7996	0.00043
Flagellatimonas	2893022	G	2259	179	2438	0.00013
Sinimarinibacterium	1861863	G	1121	660	1781	0.00010
Steroidobacter	469322	G	8398	2514	10912	0.00059
Sulfurifustis	1692042	G	9232	605	9837	0.00053
Sulfuricaulis	1744881	G	3980	317	4297	0.00023
Acidiferrobacter	986106	G	2506	49	2555	0.00014
Microbulbifer	48073	G	6687	396	7083	0.00038
Cellvibrio	10	G	2766	89	2855	0.00015
Simiduia	447467	G	436	22	458	0.00002
Teredinibacter	2425	G	426	17	443	0.00002
Marinagarivorans	1792291	G	87	6	93	0.00001
Saccharophagus	316625	G	73	2	75	0.00000
Agarilytica	2036021	G	45	1	46	0.00000
Kineobactrum	2678529	G	1326	52	1378	0.00007
Halioglobus	1217416	G	1149	39	1188	0.00006
Congregibacter	393661	G	553	230	783	0.00004
Aequoribacter	2847769	G	174	23	197	0.00001
Spongiibacter	630749	G	960	88	1048	0.00006
Zhongshania	1434050	G	190	12	202	0.00001
Oceanicoccus	1084558	G	114	2	116	0.00001
Shewanella	22	G	6137	1148	7285	0.00039
Parashewanella	2547964	G	44	3	47	0.00000
Alteromonas	226	G	814	141	955	0.00005
Salinimonas	288793	G	432	69	501	0.00003
Hydrocarboniclastica	2650549	G	621	88	709	0.00004
Lacimicrobium	1751872	G	206	13	219	0.00001
Saliniradius	2661818	G	204	18	222	0.00001
Agarivorans	261825	G	195	18	213	0.00001
Paraglaciecola	1621534	G	164	11	175	0.00001
Paraneptunicella	2905123	G	80	4	84	0.00000
Glaciecola	89404	G	55	3	58	0.00000
Catenovulum	1172191	G	40	2	42	0.00000
Saccharobesus	2894574	G	39	2	41	0.00000
Pseudoalteromonas	53246	G	1671	214	1885	0.00010
Psychrosphaera	907197	G	54	6	60	0.00000
Flocculibacter	2834759	G	29	2	31	0.00000
Ferrimonas	44011	G	751	93	844	0.00005
Thalassotalea	1518149	G	173	20	193	0.00001
Colwellia	28228	G	162	19	181	0.00001
Litorilituus	1407056	G	35	3	38	0.00000
Cognaticolwellia	2848171	G	24	5	29	0.00000
Idiomarina	135575	G	333	33	366	0.00002
Moritella	58050	G	129	26	155	0.00001
Psychromonas	67572	G	98	9	107	0.00001
Vibrio	662	G	5521	1426	6947	0.00037
Photobacterium	657	G	924	179	1103	0.00006
Salinivibrio	51366	G	243	29	272	0.00001
Grimontia	246861	G	123	16	139	0.00001
Thaumasiovibrio	2014233	G	71	9	80	0.00000
Aliivibrio	511678	G	49	11	60	0.00000
Enterovibrio	188143	G	17	0	17	0.00000
Paraphotobacterium	2042066	G	15	2	17	0.00000
Acinetobacter	469	G	2859	1889	4748	0.00026
Psychrobacter	497	G	629	31	660	0.00004
Moraxella	475	G	424	45	469	0.00003
Aquirhabdus	2824158	G	118	5	123	0.00001
Immundisolibacter	1934947	G	4041	781	4822	0.00026
Legionella	445	G	2566	224	2790	0.00015
Fluoribacter	461	G	68	24	92	0.00000
Tatlockia	465	G	64	3	67	0.00000
Aquicella	254245	G	605	11	616	0.00003
Coxiella	776	G	374	91	465	0.00003
Rickettsiella	59195	G	104	3	107	0.00001
Candidatus_Endoriftia	393764	G	1067	55	1122	0.00006
Candidatus_Vesicomyosocius	2732587	G	41	39	80	0.00000
Candidatus_Ruthia	1541743	G	22	24	46	0.00000
Sedimenticola	349742	G	737	35	772	0.00004
Candidatus_Reidiella	2738850	G	516	11	527	0.00003
Thiolapillus	1608298	G	494	13	507	0.00003
Pseudohongiella	1524249	G	301	8	309	0.00002
Gallaecimonas	745410	G	195	15	210	0.00001
Candidatus_Thioglobus	655184	G	54	10	64	0.00000
Ignatzschineria	112008	G	50	4	54	0.00000
Celerinatantimonas	412033	G	40	3	43	0.00000
Candidatus_Nardonella	204619	G	21	7	28	0.00000
Candidatus_Steffania	1076625	G	16	0	16	0.00000
Candidatus_Pseudothioglobus	2841677	G	15	6	21	0.00000
Thiomicrorhabdus	2039723	G	317	15	332	0.00002
Methylophaga	40222	G	296	79	375	0.00002
Thiomicrospira	933	G	237	67	304	0.00002
Hydrogenovibrio	28884	G	191	91	282	0.00002
Cycloclasticus	34067	G	97	12	109	0.00001
Piscirickettsia	1237	G	81	5	86	0.00000
Thiosulfatimonas	2781121	G	81	5	86	0.00000
Thiosulfativibrio	2781120	G	47	2	49	0.00000
Thiothrix	1030	G	1127	32	1159	0.00006
Beggiatoa	1021	G	101	1	102	0.00001
Francisella	262	G	199	73	272	0.00001
Allofrancisella	1869285	G	59	4	63	0.00000
Salinisphaera	180541	G	2533	2467	5000	0.00027
Haemophilus	724	G	279	123	402	0.00002
Aggregatibacter	416916	G	237	94	331	0.00002
Actinobacillus	713	G	213	118	331	0.00002
Mannheimia	75984	G	212	51	263	0.00001
Pasteurella	745	G	175	741	916	0.00005
Avibacterium	292486	G	107	16	123	0.00001
Glaesserella	2094023	G	74	45	119	0.00001
Rodentibacter	1960084	G	66	7	73	0.00000
Basfia	697331	G	46	3	49	0.00000
Histophilus	214906	G	37	11	48	0.00000
Gallibacterium	155493	G	31	9	40	0.00000
Frederiksenia	1649317	G	25	6	31	0.00000
Otariodibacter	1249016	G	22	3	25	0.00000
Bibersteinia	476528	G	21	2	23	0.00000
Bisgaardia	109471	G	18	2	20	0.00000
Cardiobacterium	2717	G	1343	195	1538	0.00008
Suttonella	13275	G	88	4	92	0.00001
Dichelobacter	869	G	59	17	76	0.00000
Kangiella	261963	G	247	15	262	0.00001
Gilliamella	1193503	G	73	16	89	0.00000
Frischella	1335631	G	22	5	27	0.00000
Zophobihabitans	2894762	G	18	1	19	0.00000
Archangium	47	G	53721	5258	58979	0.00318
Cystobacter	42	G	18961	4241	23202	0.00125
Stigmatella	40	G	10937	786	11723	0.00063
Melittangium	44	G	7861	1610	9471	0.00051
Myxococcus	32	G	32711	51404	84115	0.00454
Corallococcus	83461	G	29194	2290	31484	0.00170
Pyxidicoccus	224458	G	15026	644	15670	0.00085
Anaeromyxobacter	161492	G	68557	4909	73466	0.00396
Vulgatibacter	1524214	G	8323	640	8963	0.00048
Sorangium	39643	G	101638	13017	114655	0.00619
Polyangium	55	G	24088	2383	26471	0.00143
Chondromyces	50	G	11689	556	12245	0.00066
Pajaroellobacter	1882917	G	232	7	239	0.00001
Sandaracinus	1055688	G	41568	2312	43880	0.00237
Labilithrix	1524217	G	16020	764	16784	0.00091
Haliangium	162027	G	18967	1009	19976	0.00108
Geomonas	2651583	G	13747	2332	16079	0.00087
Geobacter	28231	G	12123	1350	13473	0.00073
Citrifermentans	2883512	G	4004	1036	5040	0.00027
Geotalea	2910589	G	1840	128	1968	0.00011
Geoalkalibacter	392332	G	978	861	1839	0.00010
Trichlorobacter	115782	G	607	87	694	0.00004
Desulfuromonas	890	G	10150	1311	11461	0.00062
Pelobacter	18	G	1568	576	2144	0.00012
Syntrophotalea	2812025	G	1907	229	2136	0.00012
Pseudodesulfovibrio	2035811	G	8495	1674	10169	0.00055
Desulfovibrio	872	G	8338	1112	9450	0.00051
Solidesulfovibrio	2910984	G	5186	537	5723	0.00031
Oceanidesulfovibrio	2905722	G	2321	144	2465	0.00013
Desulfocurvibacter	2582840	G	1770	130	1900	0.00010
Desulfolutivibrio	2773294	G	1572	430	2002	0.00011
Megalodesulfovibrio	2910978	G	1238	61	1299	0.00007
Oleidesulfovibrio	2909705	G	432	594	1026	0.00006
Maridesulfovibrio	2794998	G	263	24	287	0.00002
Paradesulfovibrio	2910986	G	214	21	235	0.00001
Lawsonia	41707	G	42	0	42	0.00000
Desulfomicrobium	898	G	1838	225	2063	0.00011
Desulfohalobium	45662	G	518	25	543	0.00003
Desulfosarcina	2299	G	3969	603	4572	0.00025
Desulfococcus	896	G	990	197	1187	0.00006
Desulfatibacillum	218207	G	827	31	858	0.00005
Desulfoluna	497721	G	703	41	744	0.00004
Desulfonema	45654	G	384	10	394	0.00002
Desulfobacter	2289	G	355	41	396	0.00002
Desulforapulum	2904687	G	273	37	310	0.00002
Desulfobacula	28222	G	65	6	71	0.00000
Desulfobulbus	893	G	2312	439	2751	0.00015
Desulfurivibrio	427922	G	888	45	933	0.00005
Desulfomarina	2894767	G	113	11	124	0.00001
Desulfosudis	2904716	G	921	61	982	0.00005
Desulfosediminicola	2886823	G	343	38	381	0.00002
Desulfotalea	109168	G	117	22	139	0.00001
Desulfocapsa	53318	G	84	5	89	0.00000
Persicimonas	2766927	G	6323	212	6535	0.00035
Bradymonas	1779136	G	2114	1037	3151	0.00017
Syntrophobacter	29526	G	1571	642	2213	0.00012
Desulfoglaeba	361106	G	1402	68	1470	0.00008
Desulfarculus	453229	G	2578	1489	4067	0.00022
Desulfomonile	2357	G	562	6	568	0.00003
Desulfobacca	60892	G	493	13	506	0.00003
Syntrophus	43773	G	395	24	419	0.00002
Dissulfurimicrobium	1769732	G	251	15	266	0.00001
Candidatus_Desulfofervidus	1902583	G	153	3	156	0.00001
Hippea	84404	G	46	2	48	0.00000
Campylobacter	194	G	1243	131	1374	0.00007
Sulfurimonas	202746	G	832	71	903	0.00005
Sulfuricurvum	286130	G	69	4	73	0.00000
Helicobacter	209	G	755	81	836	0.00005
Wolinella	843	G	48	16	64	0.00000
Nitratifractor	269260	G	385	28	413	0.00002
Sulfurovum	265570	G	251	26	277	0.00001
Hydrogenimonas	223785	G	383	38	421	0.00002
Sulfurospirillum	57665	G	247	13	260	0.00001
Arcobacter	28196	G	57	32	89	0.00000
Aliarcobacter	2321111	G	56	19	75	0.00000
Malaciobacter	2321114	G	45	10	55	0.00000
Halarcobacter	2321115	G	14	1	15	0.00000
Pseudoarcobacter	2321113	G	13	4	17	0.00000
Nitratiruptor	269258	G	130	23	153	0.00001
Nitrosophilus	2795692	G	101	37	138	0.00001
Caminibacter	191301	G	82	24	106	0.00001
Nautilia	191291	G	40	12	52	0.00000
Acidithiobacillus	119977	G	2747	258	3005	0.00016
Bdellovibrio	958	G	960	58	1018	0.00005
Pseudobdellovibrio	2862745	G	79	4	83	0.00000
Bacteriovorax	146784	G	100	33	133	0.00001
Halobacteriovorax	1652133	G	68	36	104	0.00001
Fluviispira	2698753	G	45	12	57	0.00000
Silvanigrella	2024975	G	36	10	46	0.00000
Hydrogenophilus	70774	G	1007	193	1200	0.00006
Mariprofundus	377315	G	497	14	511	0.00003
Streptomyces	1883	G	1327068	304404	1631472	0.08801
Kitasatospora	2063	G	21365	7437	28802	0.00155
Streptacidiphilus	228398	G	14561	4117	18678	0.00101
Yinghuangia	2805681	G	6669	1066	7735	0.00042
Microbacterium	33882	G	162566	28360	190926	0.01030
Agromyces	33877	G	84100	20396	104496	0.00564
Curtobacterium	2034	G	25883	5416	31299	0.00169
Rathayibacter	33886	G	24062	5598	29660	0.00160
Leucobacter	55968	G	20179	3741	23920	0.00129
Agrococcus	46352	G	19163	5380	24543	0.00132
Leifsonia	110932	G	18910	6863	25773	0.00139
Clavibacter	1573	G	17929	13325	31254	0.00169
Protaetiibacter	2680004	G	9560	2896	12456	0.00067
Salinibacterium	235888	G	8659	1415	10074	0.00054
Cryobacterium	69578	G	7041	1005	8046	0.00043
Microterricola	518733	G	5379	1358	6737	0.00036
Frondihabitans	447237	G	5355	866	6221	0.00034
Plantibacter	190323	G	4710	614	5324	0.00029
Microcella	337004	G	4604	1637	6241	0.00034
Herbiconiux	881616	G	3477	715	4192	0.00023
Cnuibacter	1759331	G	3443	766	4209	0.00023
Mycetocola	76634	G	3247	414	3661	0.00020
Subtercola	120212	G	3234	271	3505	0.00019
Frigoribacterium	96492	G	3100	935	4035	0.00022
Gryllotalpicola	1195526	G	3020	597	3617	0.00020
Chryseoglobus	1331730	G	2713	514	3227	0.00017
Humibacter	427753	G	2627	594	3221	0.00017
Amnibacterium	1029631	G	2586	636	3222	0.00017
Diaminobutyricimonas	1433997	G	2373	455	2828	0.00015
Marisediminicola	1230698	G	2294	291	2585	0.00014
Gulosibacter	256818	G	2107	616	2723	0.00015
Glaciihabitans	1649454	G	1768	144	1912	0.00010
Agreia	110934	G	1524	188	1712	0.00009
Aquiluna	529881	G	323	16	339	0.00002
Rhodoluna	529883	G	299	16	315	0.00002
Pseudoclavibacter	255204	G	438	83	521	0.00003
Aurantimicrobium	1705353	G	313	16	329	0.00002
Pontimonas	1434032	G	162	7	169	0.00001
Arthrobacter	1663	G	153846	32408	186254	0.01005
Kocuria	57493	G	29252	8580	37832	0.00204
Pseudarthrobacter	1742993	G	25070	7718	32788	0.00177
Micrococcus	1269	G	8646	6716	15362	0.00083
Sinomonas	596707	G	7224	1865	9089	0.00049
Glutamicibacter	1742989	G	6175	2004	8179	0.00044
Paenarthrobacter	1742992	G	5197	2862	8059	0.00043
Citricoccus	169133	G	4422	1197	5619	0.00030
Rothia	32207	G	4006	1672	5678	0.00031
Nesterenkonia	57494	G	1170	76	1246	0.00007
Paeniglutamicibacter	1742990	G	802	126	928	0.00005
Psychromicrobium	2078575	G	522	73	595	0.00003
Neomicrococcus	1868332	G	447	198	645	0.00003
Auritidibacter	1160973	G	357	37	394	0.00002
Renibacterium	1645	G	286	17	303	0.00002
Cellulomonas	1707	G	71355	25742	97097	0.00524
Actinotalea	458839	G	4961	1920	6881	0.00037
Oerskovia	162491	G	3872	1326	5198	0.00028
Pseudactinotalea	1926259	G	3226	497	3723	0.00020
Paraoerskovia	665568	G	2571	713	3284	0.00018
Phycicoccus	367298	G	14505	4399	18904	0.00102
Janibacter	53457	G	14472	4487	18959	0.00102
Intrasporangium	53357	G	11278	3092	14370	0.00078
Pedococcus	2805645	G	7843	2487	10330	0.00056
Tetrasphaera	99479	G	6065	1700	7765	0.00042
Arsenicicoccus	267408	G	4588	1860	6448	0.00035
Cellulosimicrobium	157920	G	29200	13759	42959	0.00232
Xylanimonas	186188	G	10801	3660	14461	0.00078
Isoptericola	254250	G	8685	4160	12845	0.00069
Ornithinimicrobium	125287	G	20274	4471	24745	0.00133
Serinicoccus	265976	G	14154	4046	18200	0.00098
Brevibacterium	1696	G	23123	4803	27926	0.00151
Brachybacterium	43668	G	20712	3528	24240	0.00131
Dermabacter	36739	G	1604	951	2555	0.00014
Devriesea	472568	G	361	21	382	0.00002
Georgenia	154116	G	18941	5809	24750	0.00134
Dermacoccus	57495	G	5371	1979	7350	0.00040
Luteipulveratus	745364	G	4180	620	4800	0.00026
Allobranchiibius	2040262	G	3330	776	4106	0.00022
Yimella	908935	G	2285	484	2769	0.00015
Ruania	626119	G	14573	1832	16405	0.00089
Pengzhenrongella	2888818	G	5546	1632	7178	0.00039
Luteimicrobium	754249	G	4095	1337	5432	0.00029
Beutenbergia	84756	G	5501	978	6479	0.00035
Miniimonas	947525	G	3867	2153	6020	0.00032
Sanguibacter	60919	G	6512	2077	8589	0.00046
Gephyromycinifex	2885697	G	1741	213	1954	0.00011
Austwickia	1184606	G	1338	109	1447	0.00008
Dermatophilus	1862	G	360	34	394	0.00002
Kytococcus	57499	G	2924	1722	4646	0.00025
Demequina	577469	G	1210	99	1309	0.00007
Jonesia	43673	G	200	37	237	0.00001
Tropheryma	2038	G	102	0	102	0.00001
Mycolicibacterium	1866885	G	200830	37986	238816	0.01288
Mycobacterium	1763	G	165477	40182	205659	0.01109
Mycolicibacter	1073531	G	15223	6185	21408	0.00115
Mycobacteroides	670516	G	9412	3745	13157	0.00071
Mycolicibacillus	2126281	G	2414	663	3077	0.00017
Hoyosella	697025	G	1133	61	1194	0.00006
Rhodococcus	1827	G	118289	31915	150204	0.00810
Nocardia	1817	G	95715	17577	113292	0.00611
Corynebacterium	1716	G	61613	17165	78778	0.00425
Gordonia	2053	G	50105	11367	61472	0.00332
Skermania	59613	G	2409	297	2706	0.00015
Tsukamurella	2060	G	15121	3955	19076	0.00103
Dietzia	37914	G	9461	2130	11591	0.00063
Tomitella	741759	G	5566	1190	6756	0.00036
Segniliparus	286801	G	1397	79	1476	0.00008
Lawsonella	1847725	G	224	25	249	0.00001
Nocardioides	1839	G	542606	121415	664021	0.03582
Aeromicrobium	2040	G	35570	7257	42827	0.00231
Marmoricola	86795	G	9506	3868	13374	0.00072
Friedmanniella	53387	G	9119	1954	11073	0.00060
Pimelobacter	2044	G	7499	3040	10539	0.00057
Mumia	1546255	G	5414	1010	6424	0.00035
Micropruina	116071	G	3129	484	3613	0.00019
Microlunatus	29404	G	27381	3266	30647	0.00165
Tessaracoccus	72763	G	18881	8831	27712	0.00150
Brevilactibacter	2717325	G	7619	3138	10757	0.00058
Acidipropionibacterium	1912215	G	6470	2575	9045	0.00049
Propionibacterium	1743	G	6208	2150	8358	0.00045
Auraticoccus	1278221	G	5214	997	6211	0.00034
Cutibacterium	1912216	G	3306	8732	12038	0.00065
Raineyella	1911549	G	3065	428	3493	0.00019
Arachnia	2801844	G	3016	230	3246	0.00018
Vaginimicrobium	2919589	G	115	44	159	0.00001
Kribbella	182639	G	25077	3975	29052	0.00157
Actinopolymorpha	117156	G	7806	922	8728	0.00047
Micromonospora	1873	G	245708	65974	311682	0.01681
Actinoplanes	1865	G	195519	33628	229147	0.01236
Phytohabitans	907364	G	31955	4377	36332	0.00196
Couchioplanes	56433	G	31807	8486	40293	0.00217
Plantactinospora	673534	G	26027	4888	30915	0.00167
Dactylosporangium	35753	G	21320	2472	23792	0.00128
Catellatospora	53365	G	20499	4710	25209	0.00136
Actinocatenispora	390988	G	16603	2124	18727	0.00101
Polymorphospora	338583	G	11589	2683	14272	0.00077
Natronosporangium	2920401	G	6257	443	6700	0.00036
Verrucosispora	84593	G	4610	3784	8394	0.00045
Salinispora	168694	G	3615	636	4251	0.00023
Pseudonocardia	1847	G	193866	36599	230465	0.01243
Amycolatopsis	1813	G	160980	31129	192109	0.01036
Saccharopolyspora	1835	G	34768	8333	43101	0.00233
Saccharothrix	2071	G	30844	9274	40118	0.00216
Lentzea	165301	G	24663	5566	30229	0.00163
Saccharomonospora	1851	G	23576	4341	27917	0.00151
Kutzneria	43356	G	18419	4071	22490	0.00121
Kibdelosporangium	2029	G	12420	1602	14022	0.00076
Allokutzneria	1137960	G	11044	2818	13862	0.00075
Actinoalloteichus	65496	G	10882	1040	11922	0.00064
Actinosynnema	40566	G	10463	3111	13574	0.00073
Alloactinosynnema	674734	G	6366	1507	7873	0.00042
Prauserella	142577	G	3771	369	4140	0.00022
Allosaccharopolyspora	2893576	G	3386	788	4174	0.00023
Geodermatophilus	1860	G	152954	50022	202976	0.01095
Blastococcus	38501	G	122608	36099	158707	0.00856
Modestobacter	88138	G	64742	19975	84717	0.00457
Nonomuraea	83681	G	61411	10589	72000	0.00388
Streptosporangium	2000	G	47488	10006	57494	0.00310
Thermobispora	147067	G	6574	1590	8164	0.00044
Actinomadura	1988	G	90079	17720	107799	0.00582
Thermomonospora	2019	G	13863	4272	18135	0.00098
Nocardiopsis	2013	G	34502	8059	42561	0.00230
Thermobifida	83677	G	10089	2040	12129	0.00065
Streptomonospora	104204	G	4773	943	5716	0.00031
Spiractinospora	2913367	G	3451	233	3684	0.00020
Actinomyces	1654	G	27023	3694	30717	0.00166
Schaalia	2529408	G	3740	710	4450	0.00024
Flaviflexus	1522056	G	2295	550	2845	0.00015
Trueperella	1069494	G	1961	594	2555	0.00014
Pauljensenia	2740557	G	952	349	1301	0.00007
Nanchangia	2888879	G	918	103	1021	0.00006
Actinobaculum	76833	G	423	25	448	0.00002
Actinotignum	1653174	G	358	25	383	0.00002
Arcanobacterium	28263	G	306	79	385	0.00002
Changpingibacter	2912996	G	273	80	353	0.00002
Mobiluncus	2050	G	169	50	219	0.00001
Varibaculum	184869	G	92	28	120	0.00001
Boudabousia	2767318	G	88	7	95	0.00001
Fannyhessea	2767327	G	50	14	64	0.00000
Frankia	1854	G	36793	3618	40411	0.00218
Jiangella	281472	G	23165	4115	27280	0.00147
Nakamurella	53460	G	16924	2364	19288	0.00104
Bifidobacterium	1678	G	14675	4140	18815	0.00102
Parascardovia	196082	G	259	44	303	0.00002
Gardnerella	2701	G	79	32	111	0.00001
Scardovia	196081	G	47	17	64	0.00000
Catenulispora	414878	G	7850	1176	9026	0.00049
Jatrophihabitans	1434010	G	6682	601	7283	0.00039
Stackebrandtia	283810	G	5373	502	5875	0.00032
Natronoglycomyces	2838311	G	871	31	902	0.00005
Kineococcus	33981	G	5101	1448	6549	0.00035
Epidermidibacterium	2078948	G	3273	1631	4904	0.00026
Actinopolyspora	1849	G	2681	281	2962	0.00016
Acidothermus	28048	G	2162	111	2273	0.00012
Candidatus_Planktophila	622681	G	410	66	476	0.00003
Candidatus_Nanopelagicus	2039639	G	81	22	103	0.00001
Conexibacter	191494	G	124603	17831	142434	0.00768
Miltoncostaea	2843200	G	34888	4425	39313	0.00212
Rubrobacter	42255	G	86219	3436	89655	0.00484
Baekduia	2600304	G	36635	6068	42703	0.00230
Aquihabitans	1648491	G	36596	6160	42756	0.00231
Iamia	467975	G	20742	3329	24071	0.00130
Actinomarinicola	2789775	G	18779	3737	22516	0.00121
Ilumatobacter	682522	G	9359	593	9952	0.00054
Acidimicrobium	53634	G	2276	183	2459	0.00013
Eggerthella	84111	G	3438	1248	4686	0.00025
Gordonibacter	644652	G	1744	859	2603	0.00014
Adlercreutzia	447020	G	1577	399	1976	0.00011
Arabiibacter	2005386	G	1415	314	1729	0.00009
Raoultibacter	1926677	G	787	65	852	0.00005
Berryella	2815775	G	706	778	1484	0.00008
Slackia	84108	G	508	16	524	0.00003
Denitrobacterium	79603	G	389	162	551	0.00003
Phoenicibacter	1981050	G	76	33	109	0.00001
Cryptobacterium	84162	G	61	6	67	0.00000
Olsenella	133925	G	2668	516	3184	0.00017
Parolsenella	2082587	G	1546	552	2098	0.00011
Parafannyhessea	2847312	G	931	563	1494	0.00008
Thermophilibacter	2847307	G	849	332	1181	0.00006
Atopobium	1380	G	216	23	239	0.00001
Lancefieldella	2767353	G	57	5	62	0.00000
Collinsella	102106	G	2275	649	2924	0.00016
Coriobacterium	33870	G	589	21	610	0.00003
Egicoccus	1755825	G	6183	962	7145	0.00039
Euzebya	908623	G	6123	522	6645	0.00036
Egibacter	1747770	G	5902	357	6259	0.00034
Priestia	2800373	G	69035	52585	121620	0.00656
Bacillus	1386	G	26586	38771	65357	0.00353
Metabacillus	2675233	G	18229	6351	24580	0.00133
Cytobacillus	2675230	G	3918	1645	5563	0.00030
Peribacillus	2675229	G	3667	1846	5513	0.00030
Geobacillus	129337	G	3168	893	4061	0.00022
Terribacillus	459532	G	2429	375	2804	0.00015
Hydrogenibacillus	1609627	G	2218	262	2480	0.00013
Anoxybacillus	150247	G	1803	407	2210	0.00012
Lysinibacillus	400634	G	1649	529	2178	0.00012
Neobacillus	2675232	G	1493	599	2092	0.00011
Mesobacillus	2675231	G	1255	360	1615	0.00009
Virgibacillus	84406	G	1122	152	1274	0.00007
Alkalihalobacillus	2675234	G	1108	216	1324	0.00007
Oceanobacillus	182709	G	972	109	1081	0.00006
Psychrobacillus	1221880	G	934	320	1254	0.00007
Rossellomorea	2837508	G	830	330	1160	0.00006
Parageobacillus	1906945	G	742	196	938	0.00005
Halobacillus	45667	G	653	80	733	0.00004
Niallia	2837506	G	622	165	787	0.00004
Salicibibacter	2685905	G	503	27	530	0.00003
Sutcliffiella	2837511	G	458	162	620	0.00003
Weizmannia	2817139	G	450	215	665	0.00004
Gracilibacillus	74385	G	386	37	423	0.00002
Heyndrickxia	2837504	G	363	119	482	0.00003
Salisediminibacterium	1434042	G	351	48	399	0.00002
Fictibacillus	1329200	G	296	44	340	0.00002
Lentibacillus	175304	G	221	14	235	0.00001
Caldibacillus	1276290	G	198	67	265	0.00001
Radiobacillus	2785518	G	174	31	205	0.00001
Aeribacillus	1055323	G	172	73	245	0.00001
Gottfriedia	2837503	G	170	52	222	0.00001
Anaerobacillus	704093	G	163	38	201	0.00001
Lederbergia	2804231	G	161	42	203	0.00001
Caldalkalibacillus	379065	G	160	30	190	0.00001
Pontibacillus	289201	G	153	19	172	0.00001
Alkalihalophilus	2893060	G	137	24	161	0.00001
Salimicrobium	351195	G	124	19	143	0.00001
Pradoshia	2651279	G	123	38	161	0.00001
Halalkalibacterium	2893055	G	122	89	211	0.00001
Sediminibacillus	482460	G	117	20	137	0.00001
Evansella	2837485	G	101	15	116	0.00001
Amphibacillus	29331	G	93	17	110	0.00001
Paraliobacillus	200903	G	90	15	105	0.00001
Mangrovibacillus	2920444	G	77	43	120	0.00001
Paenibacillus	44249	G	44666	4402	49068	0.00265
Brevibacillus	55080	G	4536	768	5304	0.00029
Cohnella	329857	G	3032	480	3512	0.00019
Thermobacillus	76632	G	2234	314	2548	0.00014
Saccharibacillus	456492	G	1366	159	1525	0.00008
Aneurinibacillus	55079	G	357	66	423	0.00002
Alicyclobacillus	29330	G	3155	229	3384	0.00018
Tumebacillus	432330	G	2510	820	3330	0.00018
Kyrpidia	1129704	G	911	47	958	0.00005
Effusibacillus	1502725	G	190	24	214	0.00001
Novibacillus	1677050	G	2142	272	2414	0.00013
Kroppenstedtia	1274351	G	898	73	971	0.00005
Thermoactinomyces	2023	G	743	140	883	0.00005
Staphylospora	2689589	G	585	89	674	0.00004
Polycladomyces	1348505	G	392	34	426	0.00002
Laceyella	292635	G	242	53	295	0.00002
Planococcus	1372	G	2054	545	2599	0.00014
Sporosarcina	1569	G	788	169	957	0.00005
Solibacillus	648800	G	572	216	788	0.00004
Ureibacillus	160795	G	190	141	331	0.00002
Paenisporosarcina	651660	G	159	60	219	0.00001
Jeotgalibacillus	157226	G	93	31	124	0.00001
Kurthia	1649	G	68	31	99	0.00001
Viridibacillus	496496	G	61	22	83	0.00000
Rummeliibacillus	648802	G	39	20	59	0.00000
Staphylococcus	1279	G	1141	5732	6873	0.00037
Mammaliicoccus	2803850	G	192	105	297	0.00002
Macrococcus	69965	G	169	52	221	0.00001
Jeotgalicoccus	227979	G	156	18	174	0.00001
Salinicoccus	45669	G	77	24	101	0.00001
Nosocomiicoccus	489909	G	32	5	37	0.00000
Abyssicoccus	1955413	G	16	4	20	0.00000
Exiguobacterium	33986	G	1284	334	1618	0.00009
Gemella	1378	G	75	22	97	0.00001
Listeria	1637	G	433	4146	4579	0.00025
Brochothrix	2755	G	59	18	77	0.00000
Sporolactobacillus	2077	G	158	22	180	0.00001
Limosilactobacillus	2742598	G	579	369	948	0.00005
Lactobacillus	1578	G	445	444	889	0.00005
Levilactobacillus	2767886	G	426	119	545	0.00003
Lacticaseibacillus	2759736	G	407	94	501	0.00003
Lactiplantibacillus	2767842	G	203	84	287	0.00002
Schleiferilactobacillus	2767891	G	189	20	209	0.00001
Weissella	46255	G	181	40	221	0.00001
Leuconostoc	1243	G	161	24	185	0.00001
Lentilactobacillus	2767893	G	139	41	180	0.00001
Ligilactobacillus	2767887	G	137	78	215	0.00001
Oenococcus	46254	G	137	7	144	0.00001
Companilactobacillus	2767879	G	89	11	100	0.00001
Loigolactobacillus	2767889	G	84	52	136	0.00001
Latilactobacillus	2767885	G	79	26	105	0.00001
Pediococcus	1253	G	78	35	113	0.00001
Secundilactobacillus	2767892	G	73	25	98	0.00001
Furfurilactobacillus	2767882	G	43	7	50	0.00000
Liquorilactobacillus	2767888	G	34	16	50	0.00000
Periweissella	2930384	G	32	3	35	0.00000
Fructilactobacillus	2767881	G	30	6	36	0.00000
Paucilactobacillus	2767890	G	29	12	41	0.00000
Amylolactobacillus	2767876	G	21	17	38	0.00000
Acetilactobacillus	2767874	G	18	0	18	0.00000
Lapidilactobacillus	2767884	G	12	3	15	0.00000
Bombilactobacillus	2767878	G	12	1	13	0.00000
Apilactobacillus	2767877	G	12	1	13	0.00000
Streptococcus	1301	G	1170	2642	3812	0.00021
Lactococcus	1357	G	190	116	306	0.00002
Floricoccus	1930830	G	11	2	13	0.00000
Enterococcus	1350	G	543	926	1469	0.00008
Vagococcus	2737	G	119	86	205	0.00001
Tetragenococcus	51668	G	80	20	100	0.00001
Jeotgalibaca	1470540	G	148	61	209	0.00001
Carnobacterium	2747	G	129	31	160	0.00001
Dolosigranulum	29393	G	64	17	81	0.00000
Marinilactibacillus	191769	G	23	7	30	0.00000
Granulicatella	117563	G	22	25	47	0.00000
Aerococcus	1375	G	239	65	304	0.00002
Suicoccus	2689587	G	27	16	43	0.00000
Abiotrophia	46123	G	22	6	28	0.00000
Ignavigranum	89092	G	12	1	13	0.00000
Faecalibacterium	216851	G	2039	1283	3322	0.00018
Dysosmobacter	2591381	G	1336	559	1895	0.00010
Flavonifractor	946234	G	1074	267	1341	0.00007
Vescimonas	2892396	G	577	574	1151	0.00006
Ethanoligenens	253238	G	533	28	561	0.00003
Ruthenibacterium	1905344	G	503	139	642	0.00003
Caproiciproducens	1738645	G	440	52	492	0.00003
Oscillibacter	459786	G	420	131	551	0.00003
Anaerotruncus	244127	G	418	218	636	0.00003
Caproicibacter	2576755	G	315	18	333	0.00002
Acutalibacter	1918385	G	295	14	309	0.00002
Acetivibrio	35829	G	261	144	405	0.00002
Ruminococcus	1263	G	259	9	268	0.00001
Pusillibacter	2892397	G	226	145	371	0.00002
Caproicibacterium	2834348	G	199	14	213	0.00001
Solibaculum	2842531	G	153	135	288	0.00002
Thermoclostridium	2304691	G	75	48	123	0.00001
Ruminiclostridium	1508657	G	71	17	88	0.00000
Pseudoclostridium	2304693	G	69	16	85	0.00000
Mageeibacillus	1637257	G	36	46	82	0.00000
Monoglobus	2039302	G	26	12	38	0.00000
Fastidiosipila	236752	G	23	12	35	0.00000
Thermaerobacter	73918	G	8086	577	8663	0.00047
Intestinimonas	1392389	G	500	180	680	0.00004
Aminipila	2060094	G	165	12	177	0.00001
Emergencia	1926556	G	162	53	215	0.00001
Mogibacterium	86331	G	49	8	57	0.00000
Flintibacter	1918454	G	374	44	418	0.00002
Massilistercora	2717089	G	177	170	347	0.00002
Carboxydocella	178898	G	144	14	158	0.00001
Fenollaria	1686313	G	23	16	39	0.00000
Clostridium	1485	G	2579	547	3126	0.00017
Alkaliphilus	114627	G	236	39	275	0.00001
Hungatella	1649459	G	197	7	204	0.00001
Crassaminicella	1848399	G	86	17	103	0.00001
Paraclostridium	1849822	G	47	13	60	0.00000
Geosporobacter	390805	G	45	7	52	0.00000
Candidatus_Arthromitus	49082	G	38	1	39	0.00000
Caloramator	44258	G	32	3	35	0.00000
Serpentinicella	1890059	G	28	4	32	0.00000
Hathewaya	1769729	G	19	6	25	0.00000
Symbiobacterium	2733	G	3249	263	3512	0.00019
Lachnoclostridium	1506553	G	520	277	797	0.00004
Blautia	572511	G	426	702	1128	0.00006
Anaerocolumna	1843210	G	232	8	240	0.00001
Roseburia	841	G	207	165	372	0.00002
Enterocloster	2719313	G	199	127	326	0.00002
Coprococcus	33042	G	141	111	252	0.00001
Lacrimispora	2719231	G	137	9	146	0.00001
Anaerostipes	207244	G	118	48	166	0.00001
Butyrivibrio	830	G	104	11	115	0.00001
Herbinix	1663717	G	92	59	151	0.00001
Mediterraneibacter	2316020	G	71	53	124	0.00001
Anaerotignum	2039240	G	66	6	72	0.00000
Sellimonas	1769710	G	50	26	76	0.00000
Anaerobutyricum	2569097	G	44	16	60	0.00000
Novisyntrophococcus	2888809	G	40	5	45	0.00000
Cellulosilyticum	698776	G	39	2	41	0.00000
Dorea	189330	G	30	30	60	0.00000
Lachnospira	28050	G	24	4	28	0.00000
Lachnoanaerobaculum	1164882	G	21	5	26	0.00000
Pseudobutyrivibrio	46205	G	20	1	21	0.00000
Faecalicatena	2005359	G	18	8	26	0.00000
Candidatus_Desulforudis	471826	G	867	49	916	0.00005
Desulforamulus	2916693	G	403	97	500	0.00003
Acididesulfobacillus	2924872	G	300	11	311	0.00002
Candidatus_Formimonas	2840454	G	183	11	194	0.00001
Desulfofarcimen	2282742	G	99	11	110	0.00001
Thermanaerosceptrum	2651578	G	99	14	113	0.00001
Dehalobacterium	51514	G	90	16	106	0.00001
Christensenella	990721	G	1025	440	1465	0.00008
Heliomicrobium	2831443	G	921	430	1351	0.00007
Heliorestis	79598	G	56	3	59	0.00000
Desulfosporosinus	79206	G	343	37	380	0.00002
Desulfitobacterium	36853	G	327	76	403	0.00002
Dehalobacter	56112	G	129	27	156	0.00001
Syntrophobotulus	51196	G	71	5	76	0.00000
Eubacterium	1730	G	472	103	575	0.00003
Acetobacterium	33951	G	286	37	323	0.00002
Alkalibacter	274470	G	91	5	96	0.00001
Romboutsia	1501226	G	366	132	498	0.00003
Clostridioides	1870884	G	96	398	494	0.00003
Peptoclostridium	1481960	G	76	12	88	0.00000
Terrisporobacter	1505652	G	68	10	78	0.00000
Paeniclostridium	1849828	G	55	12	67	0.00000
Tepidibacter	214904	G	26	5	31	0.00000
Filifactor	44259	G	22	28	50	0.00000
Acetoanaerobium	186831	G	21	1	22	0.00000
Peptacetobacter	2743582	G	17	4	21	0.00000
Syntrophothermus	129001	G	156	12	168	0.00001
Syntrophomonas	862	G	82	13	95	0.00001
Candidatus_Contubernalis	338648	G	66	3	69	0.00000
Candidatus_Syntrophocurvum	2293313	G	22	4	26	0.00000
Desulfoscipio	2867376	G	211	16	227	0.00001
Desulfotomaculum	1562	G	118	48	166	0.00001
Thermincola	278993	G	103	8	111	0.00001
Vallitalea	1348611	G	63	2	65	0.00000
Petrocella	2603323	G	37	5	42	0.00000
Caloranaerobacter	171003	G	81	10	91	0.00000
Alkalicella	2838170	G	39	5	44	0.00000
Moorella	44260	G	1300	43	1343	0.00007
Ammonifex	42837	G	525	18	543	0.00003
Gelria	189326	G	1113	77	1190	0.00006
Thermacetogenium	140458	G	447	393	840	0.00005
Carboxydothermus	129957	G	183	14	197	0.00001
Thermoanaerobacter	1754	G	182	44	226	0.00001
Thermanaeromonas	202949	G	139	4	143	0.00001
Caldanaerobacter	249529	G	66	62	128	0.00001
Caldicellulosiruptor	44000	G	163	25	188	0.00001
Thermoanaerobacterium	28895	G	117	30	147	0.00001
Zhaonella	2748674	G	127	18	145	0.00001
Mahella	252965	G	96	47	143	0.00001
Thermodesulfobium	227388	G	81	1	82	0.00000
Iocasia	2899804	G	156	12	168	0.00001
Halothermothrix	32636	G	82	10	92	0.00000
Halanaerobium	2330	G	57	6	63	0.00000
Anoxybacter	1769008	G	148	31	179	0.00001
Halobacteroides	42417	G	63	10	73	0.00000
Acetohalobium	28186	G	23	2	25	0.00000
Thermosediminibacter	291988	G	206	17	223	0.00001
Biomaibacter	2770094	G	114	6	120	0.00001
Tepidanaerobacter	499228	G	46	1	47	0.00000
Natranaerofaba	2807497	G	69	4	73	0.00000
Natranaerobius	375928	G	48	11	59	0.00000
Koleobacter	2786989	G	95	8	103	0.00001
Selenomonas	970	G	3678	200	3878	0.00021
Megamonas	158846	G	65	4	69	0.00000
Pectinatus	864	G	31	1	32	0.00000
Sporomusa	2375	G	196	21	217	0.00001
Methylomusa	2093783	G	131	7	138	0.00001
Pelosinus	365348	G	112	10	122	0.00001
Megasphaera	906	G	1014	358	1372	0.00007
Dialister	39948	G	159	7	166	0.00001
Veillonella	29465	G	101	10	111	0.00001
Acidaminococcus	904	G	310	37	347	0.00002
Phascolarctobacterium	33024	G	212	67	279	0.00002
Limnochorda	1676651	G	3228	122	3350	0.00018
Turicibacter	191303	G	1339	924	2263	0.00012
Allobaculum	174708	G	160	20	180	0.00001
Faecalibaculum	1729679	G	148	29	177	0.00001
Erysipelothrix	1647	G	87	19	106	0.00001
Erysipelatoclostridium	1505663	G	80	55	135	0.00001
Intestinibaculum	2679910	G	35	14	49	0.00000
Bulleidia	118747	G	26	9	35	0.00000
Faecalibacillus	2678885	G	23	22	45	0.00000
Longicatena	1918536	G	17	25	42	0.00000
Faecalitalea	1573534	G	12	20	32	0.00000
Peptoniphilus	162289	G	235	70	305	0.00002
Murdochiella	1161127	G	105	90	195	0.00001
Anaerococcus	165779	G	73	47	120	0.00001
Helcococcus	31983	G	19	7	26	0.00000
Finegoldia	150022	G	19	18	37	0.00000
Parvimonas	543311	G	18	29	47	0.00000
Miniphocaeibacter	2126548	G	14	0	14	0.00000
Schnuerera	2794837	G	154	16	170	0.00001
Gudongella	2692382	G	60	10	70	0.00000
Keratinibaculum	1354809	G	43	13	56	0.00000
Tissierella	41273	G	41	7	48	0.00000
Gottschalkia	1505664	G	116	11	127	0.00001
Ezakiella	1582879	G	173	346	519	0.00003
Sedimentibacter	190972	G	31	3	34	0.00000
Ndongobacter	1930845	G	144	140	284	0.00002
Deinococcus	1298	G	31460	1738	33198	0.00179
Thermus	270	G	5691	446	6137	0.00033
Oceanithermus	208447	G	3082	330	3412	0.00018
Meiothermus	65551	G	2879	186	3065	0.00017
Marinithermus	186191	G	1826	331	2157	0.00012
Truepera	332248	G	2555	144	2699	0.00015
Synechococcus	1129	G	15629	1578	17207	0.00093
Dactylococcopsis	13034	G	83	33	116	0.00001
Cyanobium	167375	G	3190	698	3888	0.00021
Parasynechococcus	2881427	G	242	69	311	0.00002
Prochlorococcus	1218	G	212	12	224	0.00001
Acaryochloris	155977	G	242	6	248	0.00001
Chamaesiphon	217161	G	222	12	234	0.00001
Synechocystis	1142	G	216	10	226	0.00001
Nostoc	1177	G	2571	411	2982	0.00016
Anabaena	1163	G	252	925	1177	0.00006
Cylindrospermum	56106	G	104	10	114	0.00001
Trichormus	264688	G	66	21	87	0.00000
Richelia	98443	G	34	3	37	0.00000
Calothrix	1186	G	1457	127	1584	0.00009
Sphaerospermopsis	752201	G	229	38	267	0.00001
Nodularia	159191	G	203	23	226	0.00001
Dolichospermum	748770	G	143	414	557	0.00003
Anabaenopsis	110103	G	71	29	100	0.00001
Cylindrospermopsis	77021	G	19	2	21	0.00000
Scytonema	1203	G	516	75	591	0.00003
Brasilonema	383614	G	110	12	122	0.00001
Fischerella	1190	G	274	36	310	0.00002
Tolypothrix	111782	G	222	42	264	0.00001
Rivularia	373984	G	73	4	77	0.00000
Leptolyngbya	47251	G	3488	221	3709	0.00020
Kovacikia	1874526	G	441	42	483	0.00003
Leptothermofonsia	2917830	G	272	20	292	0.00002
Leptodesmis	2664261	G	242	21	263	0.00001
Thermoleptolyngbya	2303528	G	648	57	705	0.00004
Halomicronema	170610	G	379	15	394	0.00002
Thermosynechococcus	146785	G	379	36	415	0.00002
Pseudanabaena	1152	G	212	9	221	0.00001
Gloeobacter	33071	G	4592	99	4691	0.00025
Anthocerotibacter	2857076	G	357	9	366	0.00002
Moorena	1155738	G	587	15	602	0.00003
Oscillatoria	1158	G	383	106	489	0.00003
Geitlerinema	63132	G	796	118	914	0.00005
Allocoleopsis	2886347	G	155	16	171	0.00001
Oxynema	1492710	G	337	28	365	0.00002
Microcoleus	44471	G	241	64	305	0.00002
Planktothrix	54304	G	84	7	91	0.00000
Koinonema	2023214	G	243	13	256	0.00001
Crinalium	241421	G	89	11	100	0.00001
Limnospira	2596745	G	42	1	43	0.00000
Microcystis	1125	G	474	155	629	0.00003
Gloeothece	28070	G	128	8	136	0.00001
Halothece	76023	G	56	18	74	0.00000
Euhalothece	65097	G	28	3	31	0.00000
Crocosphaera	263510	G	74	7	81	0.00000
Rippkaea	2546365	G	72	8	80	0.00000
Candidatus_Atelocyanobacterium	1453359	G	18	3	21	0.00000
Geminocystis	669357	G	152	17	169	0.00001
Gloeocapsa	102231	G	140	15	155	0.00001
Chondrocystis	268175	G	48	7	55	0.00000
Cyanobacterium	102234	G	42	10	52	0.00000
Chroococcidiopsis	54298	G	527	78	605	0.00003
Pleurocapsa	44474	G	151	17	168	0.00001
Stanieria	102115	G	75	6	81	0.00000
Gloeomargarita	1188227	G	129	4	133	0.00001
Thermostichus	2881385	G	94	51	145	0.00001
Sphaerobacter	2056	G	8082	504	8586	0.00046
Thermomicrobium	499	G	1894	39	1933	0.00010
Tepidiforma	2682228	G	6433	268	6701	0.00036
Roseiflexus	120961	G	4441	252	4693	0.00025
Chloroflexus	1107	G	1652	70	1722	0.00009
Candidatus_Promineofilum	1988031	G	4628	91	4719	0.00025
Caldilinea	233191	G	2632	187	2819	0.00015
Anaerolinea	233189	G	975	98	1073	0.00006
Pelolinea	1649478	G	910	42	952	0.00005
Brevefilum	2019482	G	360	13	373	0.00002
Dehalogenimonas	670486	G	1127	51	1178	0.00006
Dehalococcoides	61434	G	431	15	446	0.00002
Ktedonosporobacter	2692417	G	951	31	982	0.00005
Thermobaculum	262406	G	853	117	970	0.00005
Phototrophicus	2922426	G	803	9	812	0.00004
Fimbriimonas	1005038	G	2592	14	2606	0.00014
Chthonomonas	1077265	G	589	4	593	0.00003
Mycoplasma	2093	G	181	60	241	0.00001
Mycoplasmopsis	2767358	G	84	50	134	0.00001
Mesomycoplasma	2923352	G	25	4	29	0.00000
Candidatus_Hepatoplasma	295595	G	11	0	11	0.00000
Spiroplasma	2132	G	138	9	147	0.00001
Mesoplasma	46239	G	35	12	47	0.00000
Williamsoniiplasma	2919614	G	14	4	18	0.00000
Candidatus_Phytoplasma	33926	G	52	4	56	0.00000
Acholeplasma	2147	G	35	3	38	0.00000
Paracholeplasma	2903107	G	34	13	47	0.00000
Alteracholeplasma	2903105	G	26	4	30	0.00000
Haploplasma	2903106	G	11	4	15	0.00000
Metamycoplasma	2895509	G	41	19	60	0.00000
Malacoplasma	2791001	G	15	0	15	0.00000
Candidatus_Izimaplasma	1912503	G	16	0	16	0.00000
Gemmata	113	G	78382	7676	86058	0.00464
Urbifossiella	2807415	G	63180	5723	68903	0.00372
Frigoriglobus	2774146	G	43553	7092	50645	0.00273
Limnoglobus	2731450	G	30190	1472	31662	0.00171
Tuwongella	2051044	G	2995	135	3130	0.00017
Telmatocola	1382832	G	2497	26	2523	0.00014
Lacipirellula	2691417	G	39686	3165	42851	0.00231
Pirellulimonas	2795783	G	12699	1604	14303	0.00077
Botrimarina	2795782	G	11471	1246	12717	0.00069
Aeoliella	2795781	G	4695	459	5154	0.00028
Adhaeretor	2862451	G	2735	317	3052	0.00016
Bythopirellula	1400386	G	2625	225	2850	0.00015
Anatilimnocola	2807414	G	9223	1184	10407	0.00056
Lignipirellula	2795775	G	8850	1196	10046	0.00054
Stieleria	2795973	G	7626	967	8593	0.00046
Rosistilla	2795779	G	7042	592	7634	0.00041
Pirellula	123	G	5829	227	6056	0.00033
Bremerella	2714594	G	5743	490	6233	0.00034
Roseimaritima	1579506	G	4374	330	4704	0.00025
Rubripirellula	1579505	G	1839	408	2247	0.00012
Mariniblastus	2005380	G	1361	29	1390	0.00008
Rhodopirellula	265488	G	1317	104	1421	0.00008
Aureliella	2795605	G	1270	119	1389	0.00007
Thermogutta	1676125	G	1401	51	1452	0.00008
Tautonia	2680020	G	46285	4249	50534	0.00273
Aquisphaera	1511635	G	28464	5157	33621	0.00181
Paludisphaera	1763521	G	19615	4645	24260	0.00131
Singulisphaera	466152	G	17203	2726	19929	0.00108
Isosphaera	127	G	3218	249	3467	0.00019
Planctomyces	118	G	31536	7987	39523	0.00213
Caulifigura	2795778	G	12025	879	12904	0.00070
Gimesia	1649453	G	11317	684	12001	0.00065
Maioricimonas	2795777	G	9591	1369	10960	0.00059
Alienimonas	2714737	G	7488	611	8099	0.00044
Symmachiella	2795780	G	3818	256	4074	0.00022
Rubinisphaera	1649490	G	2093	234	2327	0.00013
Fuerstiella	1936111	G	2082	41	2123	0.00011
Planctopirus	1649480	G	2041	91	2132	0.00012
Calycomorphotria	2795776	G	1947	82	2029	0.00011
Crateriforma	2714592	G	1765	402	2167	0.00012
Polystyrenella	2795774	G	799	79	878	0.00005
Thalassoglobus	2795865	G	691	41	732	0.00004
Humisphaera	2807511	G	12903	342	13245	0.00071
Phycisphaera	666508	G	4650	401	5051	0.00027
Mucisphaera	2913022	G	2600	161	2761	0.00015
Poriferisphaera	2803301	G	305	2	307	0.00002
Limihaloglobus	2690160	G	241	15	256	0.00001
Sedimentisphaera	2483368	G	201	74	275	0.00001
Anaerohalosphaera	2690159	G	435	17	452	0.00002
Candidatus_Kuenenia	380738	G	214	1	215	0.00001
Candidatus_Uabimicrobium	2897349	G	147	2	149	0.00001
Opitutus	178440	G	15403	1347	16750	0.00090
Lacunisphaera	1961799	G	6654	920	7574	0.00041
Oleiharenicola	2100741	G	3440	179	3619	0.00020
Nibricoccus	2576890	G	3275	144	3419	0.00018
Ereboglobus	2028344	G	2162	106	2268	0.00012
Ruficoccus	2175957	G	1061	149	1210	0.00007
Coraliomargarita	442430	G	240	5	245	0.00001
Verrucomicrobium	2735	G	5653	447	6100	0.00033
Roseimicrobium	1348508	G	4953	162	5115	0.00028
Luteolibacter	518753	G	4927	177	5104	0.00028
Sulfuriroseicoccus	2911469	G	728	71	799	0.00004
Akkermansia	239934	G	1843	125	1968	0.00011
Methylacidimicrobium	1541670	G	1774	161	1935	0.00010
Candidatus_Xiphinematobacter	134550	G	209	15	224	0.00001
Methylacidiphilum	511745	G	173	6	179	0.00001
Kiritimatiella	1921784	G	1278	1585	2863	0.00015
Tichowtungia	2907187	G	475	16	491	0.00003
Candidatus_Protochlamydia	282132	G	108	24	132	0.00001
Parachlamydia	83551	G	58	14	72	0.00000
Neochlamydia	112987	G	48	8	56	0.00000
Waddlia	71666	G	58	8	66	0.00000
Candidatus_Rhabdochlamydia	292833	G	53	5	58	0.00000
Simkania	34093	G	41	3	44	0.00000
Chlamydia	810	G	130	20	150	0.00001
Chlamydiifrater	2822114	G	16	2	18	0.00000
Candidatus_Velamenicoccus	2789201	G	408	1	409	0.00002
Hymenobacter	89966	G	24023	1077	25100	0.00135
Pontibacter	323449	G	5720	584	6304	0.00034
Rufibacter	1379908	G	1014	238	1252	0.00007
Adhaeribacter	299566	G	621	43	664	0.00004
Nibribacter	1649474	G	277	151	428	0.00002
Spirosoma	107	G	5491	274	5765	0.00031
Rhodocytophaga	455076	G	431	15	446	0.00002
Aquirufa	2676247	G	141	19	160	0.00001
Cytophaga	978	G	128	11	139	0.00001
Chryseolinea	1433993	G	4252	123	4375	0.00024
Fulvivirga	396811	G	672	35	707	0.00004
Dyadobacter	120831	G	1736	125	1861	0.00010
Fibrella	861914	G	1421	108	1529	0.00008
Runella	105	G	838	35	873	0.00005
Larkinella	332157	G	290	21	311	0.00002
Leadbetterella	319458	G	100	55	155	0.00001
Arcticibacterium	2173039	G	72	5	77	0.00000
Echinicola	390846	G	662	104	766	0.00004
Algoriphagus	246875	G	398	51	449	0.00002
Cyclobacterium	68288	G	149	18	167	0.00001
Aquiflexum	280472	G	128	19	147	0.00001
Mongoliitalea	1511649	G	99	10	109	0.00001
Belliella	232244	G	75	35	110	0.00001
Flammeovirga	59739	G	147	10	157	0.00001
Candidatus_Amoebophilus	281119	G	85	4	89	0.00000
Candidatus_Cardinium	273135	G	45	14	59	0.00000
Mangrovivirga	2858886	G	110	7	117	0.00001
Marivirga	869806	G	95	33	128	0.00001
Bernardetia	1937972	G	52	4	56	0.00000
Chitinophaga	79328	G	3632	209	3841	0.00021
Niastella	354354	G	3390	354	3744	0.00020
Flavisolibacter	398041	G	1800	161	1961	0.00011
Paraflavitalea	2698688	G	1131	86	1217	0.00007
Flavihumibacter	1004301	G	1114	63	1177	0.00006
Lacibacter	649461	G	955	43	998	0.00005
Niabella	379899	G	937	71	1008	0.00005
Pseudocnuella	2812019	G	894	108	1002	0.00005
Pseudobacter	1860196	G	810	70	880	0.00005
Arachidicoccus	1769012	G	745	105	850	0.00005
Panacibacter	1874621	G	701	32	733	0.00004
Ferruginibacter	1004303	G	621	37	658	0.00004
Phnomibacter	2836216	G	422	51	473	0.00003
Filimonas	649460	G	368	43	411	0.00002
Flavobacterium	237	G	4220	526	4746	0.00026
Muricauda	111500	G	644	121	765	0.00004
Gramella	292691	G	595	94	689	0.00004
Capnocytophaga	1016	G	587	80	667	0.00004
Mariniflexile	527198	G	433	40	473	0.00003
Polaribacter	52959	G	393	58	451	0.00002
Robiginitalea	252306	G	364	22	386	0.00002
Nonlabens	363408	G	299	43	342	0.00002
Winogradskyella	286104	G	263	58	321	0.00002
Antarcticibacterium	2058174	G	228	33	261	0.00001
Maribacter	252356	G	214	59	273	0.00001
Aequorivita	153265	G	212	8	220	0.00001
Tenacibaculum	104267	G	199	36	235	0.00001
Myroides	76831	G	178	45	223	0.00001
Formosa	225842	G	170	31	201	0.00001
Cellulophaga	104264	G	163	36	199	0.00001
Salegentibacter	143222	G	148	70	218	0.00001
Sinomicrobium	1434045	G	143	5	148	0.00001
Dokdonia	326319	G	128	9	137	0.00001
Kordia	221065	G	126	8	134	0.00001
Aquimarina	290174	G	125	8	133	0.00001
Zunongwangia	417127	G	100	68	168	0.00001
Flagellimonas	444459	G	99	7	106	0.00001
Aggregatimonas	2913017	G	93	4	97	0.00001
Zobellia	112040	G	83	5	88	0.00000
Leeuwenhoekiella	283735	G	82	19	101	0.00001
Lacinutrix	291183	G	76	19	95	0.00001
Arenibacter	178469	G	76	23	99	0.00001
Lutibacter	358023	G	74	7	81	0.00000
Algibacter	261827	G	70	21	91	0.00000
Zhouia	561555	G	69	16	85	0.00000
Seonamhaeicola	1649495	G	66	10	76	0.00000
Pukyongia	2831916	G	63	4	67	0.00000
Psychroflexus	83612	G	62	5	67	0.00000
Gilvibacter	379070	G	57	7	64	0.00000
Galbibacter	379068	G	54	6	60	0.00000
Euzebyella	1287916	G	54	27	81	0.00000
Tamlana	393005	G	53	9	62	0.00000
Constantimarinum	2907134	G	52	4	56	0.00000
Sediminicola	389486	G	52	5	57	0.00000
Costertonia	343334	G	47	9	56	0.00000
Aegicerativicinus	2893197	G	47	3	50	0.00000
Muriicola	762641	G	42	2	44	0.00000
Siansivirga	1204360	G	40	9	49	0.00000
Flavivirga	1209327	G	39	44	83	0.00000
Changchengzhania	2049301	G	38	4	42	0.00000
Amniculibacterium	2715289	G	35	49	84	0.00000
Wenyingzhuangia	1518147	G	31	5	36	0.00000
Gillisia	244698	G	31	10	41	0.00000
Croceibacter	216431	G	31	5	36	0.00000
Mesoflavibacter	444051	G	30	3	33	0.00000
Bizionia	283785	G	29	6	35	0.00000
Oceanihabitans	2045416	G	28	11	39	0.00000
Urechidicola	2700084	G	28	14	42	0.00000
Olleya	336276	G	27	21	48	0.00000
Marixanthomonas	387658	G	22	6	28	0.00000
Sabulilitoribacter	1573059	G	16	3	19	0.00000
Chryseobacterium	59732	G	2387	792	3179	0.00017
Kaistella	2782231	G	407	58	465	0.00003
Epilithonimonas	2782229	G	93	112	205	0.00001
Elizabethkingia	308865	G	302	85	387	0.00002
Cruoricaptor	1433995	G	103	17	120	0.00001
Empedobacter	59734	G	93	50	143	0.00001
Apibacter	1778601	G	78	11	89	0.00000
Ornithobacterium	28250	G	68	61	129	0.00001
Cloacibacterium	501783	G	61	46	107	0.00001
Riemerella	34084	G	52	24	76	0.00000
Weeksella	1013	G	32	17	49	0.00000
Bergeyella	59735	G	31	8	39	0.00000
Faecalibacter	2766734	G	24	4	28	0.00000
Fluviicola	332102	G	223	15	238	0.00001
Crocinitomix	246873	G	49	1	50	0.00000
Blattabacterium	34098	G	260	27	287	0.00002
Owenweeksia	267986	G	86	9	95	0.00001
Croceimicrobium	2828338	G	59	15	74	0.00000
Candidatus_Sulcia	336809	G	36	11	47	0.00000
Candidatus_Walczuchella	1940138	G	23	4	27	0.00000
Ichthyobacterium	1755829	G	23	0	23	0.00000
Alistipes	239759	G	5978	2061	8039	0.00043
Prevotella	838	G	2118	272	2390	0.00013
Paraprevotella	577309	G	76	69	145	0.00001
Pseudoprevotella	2884814	G	63	6	69	0.00000
Bacteroides	816	G	1809	775	2584	0.00014
Phocaeicola	909656	G	290	152	442	0.00002
Tannerella	195950	G	578	32	610	0.00003
Parabacteroides	375288	G	521	389	910	0.00005
Sodaliphilus	2815786	G	422	216	638	0.00003
Duncaniella	2518495	G	309	12	321	0.00002
Muribaculum	1918540	G	268	29	297	0.00002
Porphyromonas	836	G	793	89	882	0.00005
Petrimonas	307628	G	180	10	190	0.00001
Proteiniphilum	294702	G	167	8	175	0.00001
Dysgonomonas	156973	G	35	0	35	0.00000
Barnesiella	397864	G	240	320	560	0.00003
Coprobacter	1348911	G	28	26	54	0.00000
Butyricimonas	574697	G	112	57	169	0.00001
Odoribacter	283168	G	54	7	61	0.00000
Paludibacter	346096	G	78	2	80	0.00000
Salinivirga	1970191	G	52	1	53	0.00000
Tenuifilum	2760873	G	49	1	50	0.00000
Draconibacterium	1471399	G	189	9	198	0.00001
Maribellus	2678352	G	72	3	75	0.00000
Alkalitalea	1193324	G	63	5	68	0.00000
Labilibaculum	2060722	G	63	4	67	0.00000
Rhodocaloribacter	2893090	G	5973	610	6583	0.00036
Rhodothermus	29548	G	5154	287	5441	0.00029
Salinibacter	146918	G	3219	52	3271	0.00018
Mucilaginibacter	423349	G	3713	271	3984	0.00021
Pedobacter	84567	G	1758	130	1888	0.00010
Sphingobacterium	28453	G	1319	613	1932	0.00010
Anseongella	1773450	G	732	31	763	0.00004
Solitalea	929509	G	238	18	256	0.00001
Olivibacter	376469	G	236	23	259	0.00001
Pseudopedobacter	1649482	G	63	57	120	0.00001
Haliscomenobacter	2349	G	385	5	390	0.00002
Saprospira	1007	G	68	1	69	0.00000
Candidatus_Sulfidibacterium	2923290	G	123	4	127	0.00001
Chlorobaculum	256319	G	2586	178	2764	0.00015
Pelodictyon	1099	G	643	86	729	0.00004
Chlorobium	1091	G	485	53	538	0.00003
Prosthecochloris	1101	G	1096	80	1176	0.00006
Chloroherpeton	100715	G	250	5	255	0.00001
Candidatus_Cyclonatronum	2489367	G	375	43	418	0.00002
Melioribacter	1134403	G	141	11	152	0.00001
Ignavibacterium	795750	G	96	9	105	0.00001
Gemmatirosa	1706036	G	63494	6132	69626	0.00376
Gemmatimonas	173479	G	27291	784	28075	0.00151
Fibrobacter	832	G	189	3	192	0.00001
Candidatus_Cloacimonas	456826	G	68	1	69	0.00000
Luteitalea	2004797	G	168643	8452	177095	0.00955
Granulicella	940557	G	11876	1347	13223	0.00071
Terriglobus	392733	G	7982	1071	9053	0.00049
Acidobacterium	33973	G	6102	568	6670	0.00036
Candidatus_Koribacter	658061	G	4871	178	5049	0.00027
Edaphobacter	388463	G	3341	470	3811	0.00021
Acidisarcina	2608728	G	2221	183	2404	0.00013
Paludibaculum	1649475	G	9813	310	10123	0.00055
Chloracidobacterium	458032	G	4617	104	4721	0.00025
Sulfidibacter	2915177	G	2895	55	2950	0.00016
Thermotomaculum	1172428	G	100	4	104	0.00001
Nitrospira	1234	G	15368	212	15580	0.00084
Leptospirillum	179	G	508	6	514	0.00003
Dissulfurispira	2811506	G	119	9	128	0.00001
Thermodesulfovibrio	28261	G	96	3	99	0.00001
Treponema	157	G	1360	158	1518	0.00008
Spirochaeta	146	G	1006	36	1042	0.00006
Salinispira	1616789	G	148	6	154	0.00001
Sediminispirochaeta	1911556	G	87	3	90	0.00000
Oceanispirochaeta	2035349	G	36	2	38	0.00000
Thiospirochaeta	2792240	G	16	1	17	0.00000
Sphaerochaeta	399320	G	375	23	398	0.00002
Breznakiella	2845254	G	202	18	220	0.00001
Borrelia	138	G	78	35	113	0.00001
Borreliella	64895	G	17	21	38	0.00000
Leptospira	171	G	653	63	716	0.00004
Turneriella	338321	G	494	4	498	0.00003
Brachyspira	29521	G	71	1	72	0.00000
Pyramidobacter	638847	G	837	46	883	0.00005
Fretibacterium	1434006	G	688	9	697	0.00004
Aminomonas	81411	G	680	67	747	0.00004
Cloacibacillus	508459	G	575	109	684	0.00004
Thermanaerovibrio	81461	G	543	97	640	0.00003
Jonquetella	428711	G	349	50	399	0.00002
Aminobacterium	81466	G	102	5	107	0.00001
Acetomicrobium	49894	G	101	2	103	0.00001
Thermovirga	336260	G	67	52	119	0.00001
Candidatus_Bipolaricaulis	2250122	G	883	35	918	0.00005
Candidatus_Nanosynbacter	2093823	G	190	68	258	0.00001
Candidatus_Saccharimonas	1331051	G	93	0	93	0.00001
Candidatus_Minimicrobia	2905967	G	15	56	71	0.00000
Candidatus_Babela	1551504	G	160	3	163	0.00001
Candidatus_Absconditicoccus	2900570	G	88	1	89	0.00000
Candidatus_Chazhemtobacterium	2715734	G	52	0	52	0.00000
Thermotoga	2335	G	377	67	444	0.00002
Pseudothermotoga	1643951	G	133	2	135	0.00001
Fervidobacterium	2422	G	86	20	106	0.00001
Thermosipho	2420	G	71	6	77	0.00000
Mesotoga	1184396	G	114	7	121	0.00001
Kosmotoga	651456	G	105	5	110	0.00001
Marinitoga	160798	G	56	3	59	0.00000
Defluviitoga	1511648	G	23	31	54	0.00000
Tepiditoga	2778400	G	23	2	25	0.00000
Petrotoga	28236	G	17	9	26	0.00000
Athalassotoga	1769718	G	63	1	64	0.00000
Thermocrinis	75905	G	165	8	173	0.00001
Hydrogenobacter	939	G	82	3	85	0.00000
Aquifex	2713	G	50	1	51	0.00000
Hydrogenobaculum	168657	G	21	35	56	0.00000
Persephonella	182899	G	122	7	129	0.00001
Sulfurihydrogenibium	212790	G	108	11	119	0.00001
Thermosulfidibacter	412592	G	104	2	106	0.00001
Thermovibrio	171868	G	135	17	152	0.00001
Desulfurobacterium	64159	G	50	5	55	0.00000
Thermosulfurimonas	1522431	G	255	38	293	0.00002
Thermosulfuriphilus	2033601	G	132	6	138	0.00001
Thermodesulfatator	241192	G	94	14	108	0.00001
Thermodesulfobacterium	1740	G	58	11	69	0.00000
Caldimicrobium	444090	G	23	4	27	0.00000
Geovibrio	46200	G	103	28	131	0.00001
Flexistipes	2351	G	81	13	94	0.00001
Mucispirillum	248038	G	65	8	73	0.00000
Calditerrivibrio	545865	G	59	11	70	0.00000
Deferribacter	53572	G	51	12	63	0.00000
Denitrovibrio	117999	G	37	6	43	0.00000
Caldithrix	187144	G	438	4	442	0.00002
Fusobacterium	848	G	194	48	242	0.00001
Ilyobacter	167639	G	23	1	24	0.00000
Cetobacterium	180162	G	11	1	12	0.00000
Leptotrichia	32067	G	113	20	133	0.00001
Sebaldella	32068	G	27	1	28	0.00000
Pseudoleptotrichia	2755140	G	11	1	12	0.00000
Desulfurispirillum	393029	G	397	177	574	0.00003
Elusimicrobium	423604	G	169	2	171	0.00001
Endomicrobium	1408194	G	123	1	124	0.00001
Coprothermobacter	68335	G	140	27	167	0.00001
Caldisericum	693074	G	123	0	123	0.00001
Dictyoglomus	13	G	94	0	94	0.00001
Atribacter	2847777	G	66	1	67	0.00000
Fusarium	5506	G	46854	2792	49646	0.00268
Metarhizium	5529	G	3973	521	4494	0.00024
Ustilaginoidea	124426	G	1016	49	1065	0.00006
Pochonia	243023	G	391	28	419	0.00002
Trichoderma	5543	G	4775	213	4988	0.00027
Beauveria	5581	G	2529	98	2627	0.00014
Cordyceps	45234	G	1046	77	1123	0.00006
Purpureocillium	1052105	G	1316	92	1408	0.00008
Drechmeria	98402	G	1176	54	1230	0.00007
Clonostachys	110564	G	562	39	601	0.00003
Colletotrichum	5455	G	1533	327	1860	0.00010
Thermothelomyces	1920207	G	2931	195	3126	0.00017
Thermothielavioides	2609811	G	2726	252	2978	0.00016
Neurospora	5140	G	1170	80	1250	0.00007
Pyricularia	48558	G	1595	16	1611	0.00009
Neopestalotiopsis	1562158	G	887	12	899	0.00005
Botrytis	33196	G	378	2	380	0.00002
Aspergillus	5052	G	17183	552	17735	0.00096
Penicillium	5073	G	8783	248	9031	0.00049
Paecilomyces	33202	G	438	11	449	0.00002
Talaromyces	5094	G	263	13	276	0.00001
Paraphaeosphaeria	125369	G	754	213	967	0.00005
Ampelomyces	50729	G	597	53	650	0.00004
Zymoseptoria	1047167	G	276	7	283	0.00002
Cercospora	29002	G	219	2	221	0.00001
Eremothecium	33170	G	249	160	409	0.00002
Saccharomyces	4930	G	116	8	124	0.00001
Lachancea	300275	G	101	6	107	0.00001
Naumovozyma	278028	G	98	6	104	0.00001
Tetrapisispora	113604	G	91	3	94	0.00001
Kluyveromyces	4910	G	72	7	79	0.00000
Kazachstania	71245	G	71	3	74	0.00000
Nakaseomyces	374468	G	62	3	65	0.00000
Torulaspora	4948	G	58	4	62	0.00000
Zygosaccharomyces	4953	G	40	2	42	0.00000
Zygotorulaspora	1196389	G	35	4	39	0.00000
Candida	1535326	G	235	5	240	0.00001
Scheffersomyces	766733	G	35	1	36	0.00000
Debaryomyces	4958	G	17	0	17	0.00000
Brettanomyces	13366	G	117	7	124	0.00001
Ogataea	461281	G	80	4	84	0.00000
Pichia	4919	G	46	3	49	0.00000
Yarrowia	4951	G	154	2	156	0.00001
Sugiyamaella	410829	G	93	7	100	0.00001
Saccharomycodes	36034	G	33	5	38	0.00000
Komagataella	460517	G	13	0	13	0.00000
Schizosaccharomyces	4895	G	83	2	85	0.00000
Pseudozyma	63298	G	1809	16	1825	0.00010
Ustilago	5269	G	512	17	529	0.00003
Sporisorium	63265	G	454	80	534	0.00003
Malassezia	55193	G	216	36	252	0.00001
Phlebiopsis	82309	G	526	7	533	0.00003
Rhizoctonia	1322061	G	130	6	136	0.00001
Marasmius	34448	G	140	8	148	0.00001
Cryptococcus	5206	G	210	26	236	0.00001
Encephalitozoon	6033	G	38	0	38	0.00000
Phytophthora	4783	G	4331	798	5129	0.00028
Pythium	4797	G	517	19	536	0.00003
