name	taxonomy_id	taxonomy_lvl	kraken_assigned_reads	added_reads	new_est_reads	fraction_total_reads
Bradyrhizobium	374	G	763494	64744	828238	0.05914
Rhodopseudomonas	1073	G	30249	5713	35962	0.00257
Nitrobacter	911	G	14281	1213	15494	0.00111
Tardiphaga	1395974	G	10918	800	11718	0.00084
Afipia	1033	G	9315	2016	11331	0.00081
Variibacter	1649510	G	6807	336	7143	0.00051
Rhizobium	379	G	148979	20477	169456	0.01210
Agrobacterium	357	G	23043	6538	29581	0.00211
Neorhizobium	1525371	G	16088	2577	18665	0.00133
Pseudorhizobium	1903858	G	8349	1262	9611	0.00069
Sinorhizobium	28105	G	99722	40310	140032	0.01000
Ensifer	106591	G	54864	6494	61358	0.00438
Shinella	323620	G	24545	11226	35771	0.00255
Ciceribacter	1648508	G	2224	261	2485	0.00018
Georhizobium	2661800	G	2111	283	2394	0.00017
Peteryoungia	2853332	G	808	83	891	0.00006
Liberibacter	34019	G	80	11	91	0.00001
Mesorhizobium	68287	G	277566	33601	311167	0.02222
Aminobacter	31988	G	14719	6933	21652	0.00155
Aquibium	2911176	G	14036	2463	16499	0.00118
Nitratireductor	245876	G	9058	978	10036	0.00072
Phyllobacterium	28100	G	4799	323	5122	0.00037
Roseitalea	1915401	G	2769	328	3097	0.00022
Hoeflea	274591	G	2528	156	2684	0.00019
Oricola	1594166	G	2224	211	2435	0.00017
Salaquimonas	2712688	G	878	26	904	0.00006
Lentilitoribacter	1649463	G	58	0	58	0.00000
Methylobacterium	407	G	68094	9120	77214	0.00551
Microvirga	186650	G	65378	4917	70295	0.00502
Methylorubrum	2282523	G	14996	5091	20087	0.00143
Brucella	234	G	126821	54800	181621	0.01297
Pseudochrobactrum	354349	G	2380	310	2690	0.00019
Pseudolabrys	556257	G	35623	3419	39042	0.00279
Starkeya	152053	G	10379	2014	12393	0.00088
Xanthobacter	279	G	9577	1677	11254	0.00080
Ancylobacter	99	G	9518	2496	12014	0.00086
Labrys	204476	G	3757	255	4012	0.00029
Azorhizobium	6	G	3260	485	3745	0.00027
Devosia	46913	G	60891	3656	64547	0.00461
Youhaiella	1827478	G	4362	877	5239	0.00037
Paradevosia	1573407	G	4162	1301	5463	0.00039
Pelagibacterium	1082930	G	1624	135	1759	0.00013
Maritalea	623276	G	332	8	340	0.00002
Rhodoplanes	29407	G	34059	2125	36184	0.00258
Hyphomicrobium	81	G	12622	618	13240	0.00095
Methyloceanibacter	1484898	G	3650	196	3846	0.00027
Aquabacter	45402	G	2782	289	3071	0.00022
Methyloligella	1485594	G	2602	231	2833	0.00020
Caenibius	2827482	G	2164	759	2923	0.00021
Rhodomicrobium	1068	G	2154	108	2262	0.00016
Filomicrobium	119044	G	1152	27	1179	0.00008
Bosea	85413	G	58493	6113	64606	0.00461
Aureimonas	414371	G	14689	2107	16796	0.00120
Martelella	293088	G	7873	1037	8910	0.00064
Aurantimonas	182269	G	4175	888	5063	0.00036
Pseudorhodoplanes	1734920	G	10996	505	11501	0.00082
Nordella	169055	G	9677	348	10025	0.00072
Terrihabitans	2874214	G	2695	196	2891	0.00021
Candidatus_Hodgkinia	573657	G	24	0	24	0.00000
Methylocystis	133	G	10545	661	11206	0.00080
Methylosinus	425	G	5042	559	5601	0.00040
Stappia	152161	G	5980	770	6750	0.00048
Pannonibacter	227873	G	3202	1514	4716	0.00034
Roseibium	150830	G	3081	322	3403	0.00024
Labrenzia	478070	G	2419	179	2598	0.00019
Pseudovibrio	258255	G	534	20	554	0.00004
Phreatobacter	1632780	G	15141	1665	16806	0.00120
Kaustia	2838250	G	4694	306	5000	0.00036
Parvibaculum	256616	G	2391	1221	3612	0.00026
Pyruvatibacter	1742974	G	1576	162	1738	0.00012
Candidatus_Phaeomarinobacter	1541445	G	687	32	719	0.00005
Chelatococcus	28209	G	9236	1332	10568	0.00075
Blastochloris	59282	G	7939	1220	9159	0.00065
Methylocella	120652	G	3758	250	4008	0.00029
Methylovirgula	1156568	G	3017	174	3191	0.00023
Beijerinckia	532	G	896	56	952	0.00007
Kaistia	166953	G	5407	859	6266	0.00045
Acuticoccus	1904377	G	4299	320	4619	0.00033
Hartmannibacter	1572860	G	3264	372	3636	0.00026
Breoghania	1406135	G	3043	266	3309	0.00024
Lichenihabitans	2723776	G	2774	88	2862	0.00020
Bartonella	773	G	634	30	664	0.00005
Cohaesibacter	655352	G	574	16	590	0.00004
Sphingomonas	13687	G	359064	37729	396793	0.02833
Sphingopyxis	165697	G	137870	23519	161389	0.01152
Sphingobium	165695	G	60715	25150	85865	0.00613
Novosphingobium	165696	G	46086	13330	59416	0.00424
Rhizorhabdus	1649486	G	17499	7500	24999	0.00179
Allosphingosinicella	2823232	G	9161	955	10116	0.00072
Sphingosinithalassobacter	2676233	G	6586	1356	7942	0.00057
Parasphingopyxis	1234545	G	4411	177	4588	0.00033
Sphingorhabdus	1434046	G	4242	216	4458	0.00032
Blastomonas	150203	G	3845	531	4376	0.00031
Citromicrobium	72173	G	2462	971	3433	0.00025
Tardibacter	2685927	G	2240	1573	3813	0.00027
Hankyongella	1763827	G	2118	353	2471	0.00018
Novosphingopyxis	2709686	G	1833	876	2709	0.00019
Aquisediminimonas	2676781	G	1123	35	1158	0.00008
Parasphingorhabdus	2709685	G	1107	27	1134	0.00008
Erythrobacter	1041	G	31564	7747	39311	0.00281
Porphyrobacter	1111	G	9305	2330	11635	0.00083
Qipengyuania	1855416	G	19597	4799	24396	0.00174
Altererythrobacter	361177	G	15763	4407	20170	0.00144
Tsuneonella	2800686	G	14837	2639	17476	0.00125
Croceicoccus	1295327	G	9077	5168	14245	0.00102
Croceibacterium	2676755	G	2953	1324	4277	0.00031
Aurantiacibacter	2800681	G	2487	396	2883	0.00021
Pelagerythrobacter	2800685	G	2371	308	2679	0.00019
Paraurantiacibacter	2800682	G	2271	268	2539	0.00018
Sphingosinicella	335405	G	16810	1468	18278	0.00131
Polymorphobacter	1508451	G	4167	145	4312	0.00031
Sandaracinobacter	56358	G	2003	119	2122	0.00015
Zymomonas	541	G	157	104	261	0.00002
Azospirillum	191	G	42244	4270	46514	0.00332
Skermanella	204447	G	22892	2809	25701	0.00184
Nitrospirillum	1543705	G	3488	327	3815	0.00027
Indioceanicola	2478349	G	2500	280	2780	0.00020
Niveispirillum	1543704	G	1639	144	1783	0.00013
Roseomonas	125216	G	29435	3231	32666	0.00233
Rhodovastum	504465	G	5098	394	5492	0.00039
Komagataeibacter	1434011	G	3775	1564	5339	0.00038
Roseococcus	35812	G	3625	268	3893	0.00028
Acidiphilium	522	G	3079	1156	4235	0.00030
Sediminicoccus	1706033	G	2906	119	3025	0.00022
Lichenicola	2804525	G	2283	86	2369	0.00017
Acetobacter	434	G	2062	649	2711	0.00019
Acidibrevibacterium	2603324	G	2034	140	2174	0.00016
Gluconobacter	441	G	1625	357	1982	0.00014
Gluconacetobacter	89583	G	1457	261	1718	0.00012
Granulibacter	364409	G	1033	73	1106	0.00008
Asaia	91914	G	683	93	776	0.00006
Neoasaia	320496	G	640	114	754	0.00005
Kozakia	153497	G	408	128	536	0.00004
Novacetimonas	2919364	G	379	160	539	0.00004
Oecophyllibacter	2791118	G	255	6	261	0.00002
Parasaccharibacter	1602345	G	197	9	206	0.00001
Swingsia	1649499	G	175	7	182	0.00001
Neokomagataea	1223423	G	74	9	83	0.00001
Entomobacter	2811380	G	47	2	49	0.00000
Commensalibacter	1079922	G	34	0	34	0.00000
Bombella	1654741	G	12	1	13	0.00000
Hypericibacter	2705399	G	14755	707	15462	0.00110
Magnetospirillum	13134	G	8257	123356	131613	0.00940
Ferrovibrio	1231242	G	7838	391	8229	0.00059
Rhodospirillum	1081	G	4792	442	5234	0.00037
Tistrella	171436	G	3470	1145	4615	0.00033
Defluviicoccus	111830	G	1651	117	1768	0.00013
Pararhodospirillum	1612157	G	952	56	1008	0.00007
Haematospirillum	1804663	G	176	11	187	0.00001
Candidatus_Endolissoclinum	1263978	G	86	0	86	0.00001
Stella	93	G	8441	462	8903	0.00064
Elioraea	457933	G	3092	122	3214	0.00023
Thalassospira	168934	G	1503	98	1601	0.00011
Magnetospira	1182780	G	678	17	695	0.00005
Terasakiella	196080	G	96	1	97	0.00001
Paracoccus	265	G	25203	4117	29320	0.00209
Cereibacter	1653176	G	5838	1527	7365	0.00053
Rhodobacter	1060	G	5760	1603	7363	0.00053
Rhodovulum	34008	G	3157	709	3866	0.00028
Polymorphum	991903	G	2782	576	3358	0.00024
Paroceanicella	2683599	G	2662	665	3327	0.00024
Thioclava	285107	G	1854	218	2072	0.00015
Pikeienuella	2831955	G	1844	154	1998	0.00014
Pontivivens	1844015	G	1706	117	1823	0.00013
Silicimonas	1955420	G	1657	93	1750	0.00013
Pelagovum	2795377	G	1509	176	1685	0.00012
Frigidibacter	1775705	G	1286	488	1774	0.00013
Pukyongiella	2831925	G	1145	275	1420	0.00010
Brevirhabdus	1855413	G	1091	509	1600	0.00011
Fuscovulum	2818469	G	1004	125	1129	0.00008
Haematobacter	366614	G	923	334	1257	0.00009
Gymnodinialimonas	2937410	G	880	79	959	0.00007
Pseudopuniceibacterium	2613960	G	845	64	909	0.00006
Falsirhodobacter	1434002	G	838	115	953	0.00007
Pacificitalea	2846749	G	819	180	999	0.00007
Gemmobacter	204456	G	809	142	951	0.00007
Tabrizicola	1443919	G	798	70	868	0.00006
Pseudooceanicola	1679449	G	667	63	730	0.00005
Monaibacterium	2029873	G	642	151	793	0.00006
Roseicitreum	1209946	G	609	30	639	0.00005
Tritonibacter	2083206	G	519	232	751	0.00005
Yoonia	2211641	G	421	96	517	0.00004
Qingshengfaniella	2816884	G	421	21	442	0.00003
Rhodophyticola	2680018	G	345	9	354	0.00003
Pseudohalocynthiibacter	1759417	G	342	69	411	0.00003
Rhodobaca	119541	G	332	13	345	0.00002
Profundibacter	2778525	G	321	10	331	0.00002
Pseudorhodobacter	238783	G	289	17	306	0.00002
Parasedimentitalea	2738399	G	251	10	261	0.00002
Cognatishimia	2211635	G	229	9	238	0.00002
Aestuarium	2820509	G	228	94	322	0.00002
Planktomarina	1284657	G	151	3	154	0.00001
Roseovarius	74030	G	6138	869	7007	0.00050
Sulfitobacter	60136	G	6104	1091	7195	0.00051
Salipiger	263377	G	4396	1285	5681	0.00041
Roseivivax	93682	G	3519	516	4035	0.00029
Celeribacter	875170	G	2548	897	3445	0.00025
Phaeobacter	302485	G	2365	1331	3696	0.00026
Leisingera	191028	G	2089	244	2333	0.00017
Ruegeria	97050	G	2074	273	2347	0.00017
Pseudosulfitobacter	2854186	G	1792	471	2263	0.00016
Sagittula	58842	G	1550	592	2142	0.00015
Yangia	2919626	G	1488	224	1712	0.00012
Ponticoccus	983507	G	1246	170	1416	0.00010
Roseobacter	2433	G	1105	26	1131	0.00008
Mameliella	1434019	G	1069	183	1252	0.00009
Dinoroseobacter	309512	G	1007	347	1354	0.00010
Ketogulonicigenium	92944	G	985	98	1083	0.00008
Octadecabacter	53945	G	974	58	1032	0.00007
Oceanicola	252301	G	893	40	933	0.00007
Roseibacterium	159345	G	886	67	953	0.00007
Actibacterium	1433986	G	836	388	1224	0.00009
Maribius	387095	G	638	29	667	0.00005
Thalassococcus	436357	G	608	14	622	0.00004
Antarctobacter	74032	G	550	26	576	0.00004
Tateyamaria	299261	G	546	16	562	0.00004
Jannaschia	188905	G	495	12	507	0.00004
Thalassobius	335927	G	345	16	361	0.00003
Falsihalocynthiibacter	2854182	G	132	3	135	0.00001
Caulobacter	75	G	48632	5282	53914	0.00385
Brevundimonas	41275	G	44784	5439	50223	0.00359
Phenylobacterium	20	G	22489	3281	25770	0.00184
Terricaulis	2768684	G	4435	122	4557	0.00033
Asticcacaulis	76890	G	2658	172	2830	0.00020
Hyphomonas	85	G	2701	104	2805	0.00020
Candidatus_Viadribacter	2892997	G	2589	56	2645	0.00019
Hirschia	2723	G	66	1	67	0.00000
Marinicauda	1649466	G	2004	284	2288	0.00016
Maricaulis	74317	G	873	48	921	0.00007
Glycocaulis	1433402	G	719	33	752	0.00005
Hyphobacterium	2004661	G	637	20	657	0.00005
Aquisalinus	1795639	G	1065	39	1104	0.00008
Parvularcula	208215	G	311	30	341	0.00002
Anaplasma	768	G	127	18	145	0.00001
Wolbachia	953	G	99	3	102	0.00001
Ehrlichia	943	G	33	4	37	0.00000
Neorickettsia	33993	G	30	0	30	0.00000
Rickettsia	780	G	201	23	224	0.00002
Orientia	69474	G	18	0	18	0.00000
Candidatus_Sneabacter	2601645	G	13	0	13	0.00000
Candidatus_Phycorickettsia	2115980	G	13	0	13	0.00000
Candidatus_Fokinia	1802983	G	26	2	28	0.00000
Candidatus_Deianiraea	2603321	G	24	0	24	0.00000
Micavibrio	213485	G	566	5	571	0.00004
Candidatus_Puniceispirillum	767891	G	99	2	101	0.00001
Paremcibacter	2813804	G	329	7	336	0.00002
Luteithermobacter	2813803	G	298	81	379	0.00003
Candidatus_Cytomitobacter	2601574	G	38	2	40	0.00000
Candidatus_Nesciobacter	2601651	G	20	1	21	0.00000
Candidatus_Hydrogenosomobacter	2654634	G	20	0	20	0.00000
Candidatus_Paracaedibacter	1521255	G	66	2	68	0.00000
Candidatus_Nucleicultrix	1509243	G	58	2	60	0.00000
Magnetococcus	162171	G	160	3	163	0.00001
Candidatus_Pelagibacter	198251	G	70	1	71	0.00001
Candidatus_Fonsibacter	2045213	G	44	1	45	0.00000
Kordiimonas	288021	G	95	1	96	0.00001
Lysobacter	68	G	283760	35145	318905	0.02277
Pseudoxanthomonas	83618	G	166600	46181	212781	0.01519
Stenotrophomonas	40323	G	138236	52345	190581	0.01361
Xanthomonas	338	G	61788	22101	83889	0.00599
Luteimonas	83614	G	54386	8412	62798	0.00448
Thermomonas	141948	G	37612	8230	45842	0.00327
Arenimonas	490567	G	11355	1731	13086	0.00093
Pseudolysobacter	2709666	G	2774	58	2832	0.00020
Xylella	2370	G	504	41	545	0.00004
Rhodanobacter	75309	G	59300	9862	69162	0.00494
Luteibacter	242605	G	50331	5541	55872	0.00399
Frateuria	70411	G	34928	6630	41558	0.00297
Dyella	231454	G	19296	2257	21553	0.00154
Dokdonella	323413	G	9766	1235	11001	0.00079
Aerosticca	2707020	G	4078	3945	8023	0.00057
Ahniella	2233801	G	1780	35	1815	0.00013
Pseudomonas	286	G	269582	84961	354543	0.02532
Azotobacter	352	G	3572	552	4124	0.00029
Halopseudomonas	2901189	G	2735	426	3161	0.00023
Permianibacter	1649479	G	695	17	712	0.00005
Thiopseudomonas	1654787	G	84	14	98	0.00001
Entomomonas	2758906	G	37	1	38	0.00000
Marinobacter	2742	G	5661	404	6065	0.00043
Klebsiella	570	G	5933	33681	39614	0.00283
Raoultella	160674	G	1086	567	1653	0.00012
Enterobacter	547	G	5915	6742	12657	0.00090
Citrobacter	544	G	2487	2549	5036	0.00036
Cronobacter	413496	G	1522	292	1814	0.00013
Kosakonia	1330547	G	1405	211	1616	0.00012
Leclercia	83654	G	1312	612	1924	0.00014
Salmonella	590	G	1079	25357	26436	0.00189
Pluralibacter	1330546	G	883	198	1081	0.00008
Escherichia	561	G	833	11034	11867	0.00085
Cedecea	158483	G	826	104	930	0.00007
Lelliottia	1330545	G	508	99	607	0.00004
Kluyvera	579	G	405	111	516	0.00004
Candidatus_Symbiopectobacterium	801	G	105	11	116	0.00001
Candidatus_Blochmannia	203804	G	94	3	97	0.00001
Candidatus_Hamiltonella	568987	G	40	35	75	0.00001
Candidatus_Doolittlea	1906657	G	18	1	19	0.00000
Candidatus_Hoaglandella	1906659	G	13	1	14	0.00000
Buttiauxella	82976	G	233	29	262	0.00002
Plesiomonas	702	G	208	55	263	0.00002
Jejubacter	2815296	G	197	18	215	0.00002
Pseudescherichia	2055880	G	194	11	205	0.00001
Atlantibacter	1903434	G	191	35	226	0.00002
Pseudocitrobacter	1504576	G	173	37	210	0.00002
Shimwellia	1335483	G	145	24	169	0.00001
Scandinavium	2726810	G	142	22	164	0.00001
Yokenella	158876	G	126	45	171	0.00001
Phytobacter	447792	G	115	238	353	0.00003
Candidatus_Profftia	1177214	G	28	0	28	0.00000
Shigella	620	G	19	658	677	0.00005
Candidatus_Moranella	1048757	G	19	0	19	0.00000
Candidatus_Schneideria	1081630	G	11	0	11	0.00000
Serratia	613	G	7773	1788	9561	0.00068
Rahnella	34037	G	932	215	1147	0.00008
Yersinia	629	G	853	499	1352	0.00010
Nissabacter	1964366	G	532	72	604	0.00004
Gibbsiella	929812	G	293	39	332	0.00002
Ewingella	41201	G	191	26	217	0.00002
Rouxiella	1565532	G	171	15	186	0.00001
Chania	1745211	G	92	10	102	0.00001
Candidatus_Fukatsuia	1927833	G	34	1	35	0.00000
Pantoea	53335	G	4921	806	5727	0.00041
Erwinia	551	G	1987	302	2289	0.00016
Mixta	2100764	G	1037	311	1348	0.00010
Buchnera	32199	G	213	21	234	0.00002
Tatumella	82986	G	95	13	108	0.00001
Dickeya	204037	G	2202	388	2590	0.00018
Pectobacterium	122277	G	1444	245	1689	0.00012
Brenneria	71655	G	949	76	1025	0.00007
Lonsdalea	1082702	G	414	59	473	0.00003
Musicola	2884243	G	204	43	247	0.00002
Morganella	581	G	454	369	823	0.00006
Providencia	586	G	410	172	582	0.00004
Xenorhabdus	626	G	270	29	299	0.00002
Photorhabdus	29487	G	213	13	226	0.00002
Proteus	583	G	137	172	309	0.00002
Arsenophonus	637	G	64	4	68	0.00000
Moellerella	158848	G	29	17	46	0.00000
Edwardsiella	635	G	1243	272	1515	0.00011
Hafnia	568	G	190	59	249	0.00002
Obesumbacterium	82982	G	26	15	41	0.00000
Sodalis	84565	G	1031	58	1089	0.00008
Leminorella	82980	G	100	13	113	0.00001
Pragia	82984	G	37	7	44	0.00000
Limnobaculum	2172100	G	21	13	34	0.00000
Jinshanibacter	2810357	G	21	11	32	0.00000
Thioalkalivibrio	106633	G	8295	1607	9902	0.00071
Spiribacter	1335745	G	5179	403	5582	0.00040
Acidihalobacter	1765964	G	3735	304	4039	0.00029
Halorhodospira	85108	G	1755	162	1917	0.00014
Ectothiorhodospira	1051	G	1563	164	1727	0.00012
Aquisalimonas	406099	G	1476	123	1599	0.00011
Alkalilimnicola	133193	G	1380	204	1584	0.00011
Ectothiorhodosinus	233099	G	243	19	262	0.00002
Allochromatium	85072	G	2685	609	3294	0.00024
Thiodictyon	53392	G	2104	116	2220	0.00016
Thioflavicoccus	156885	G	2057	183	2240	0.00016
Marichromatium	85076	G	2031	398	2429	0.00017
Thiocapsa	1056	G	1748	96	1844	0.00013
Thiocystis	13724	G	1301	109	1410	0.00010
Thermochromatium	85073	G	836	211	1047	0.00007
Caldichromatium	2828366	G	556	61	617	0.00004
Nitrosococcus	1227	G	535	14	549	0.00004
Rheinheimera	67575	G	188	24	212	0.00002
Candidatus_Nitrosoglobus	1980513	G	51	3	54	0.00000
Candidatus_Nitrosacidococcus	2796146	G	37	1	38	0.00000
Wenzhouxiangella	1676142	G	2766	138	2904	0.00021
Thiohalobacter	1273155	G	2276	299	2575	0.00018
Sulfurivermis	2034504	G	1722	617	2339	0.00017
Guyparkeria	2035712	G	1546	358	1904	0.00014
Woeseia	1738655	G	1284	21	1305	0.00009
Halothiobacillus	109262	G	1121	89	1210	0.00009
Sulfuriflexus	1860077	G	423	12	435	0.00003
Granulosicoccus	437504	G	327	5	332	0.00002
Halomonas	2745	G	23103	2944	26047	0.00186
Cobetia	204286	G	1504	1103	2607	0.00019
Halotalea	376488	G	1314	213	1527	0.00011
Salinicola	404432	G	1142	113	1255	0.00009
Kushneria	504090	G	1063	42	1105	0.00008
Chromohalobacter	42054	G	973	91	1064	0.00008
Pistricoccus	1897649	G	614	35	649	0.00005
Zymobacter	33073	G	204	23	227	0.00002
Candidatus_Portiera	235572	G	48	79	127	0.00001
Alcanivorax	59753	G	3542	1383	4925	0.00035
Ketobacter	2025617	G	189	16	205	0.00001
Marinobacterium	48075	G	1205	128	1333	0.00010
Marinomonas	28253	G	408	38	446	0.00003
Thalassolituus	187492	G	234	30	264	0.00002
Venatorbacter	2893036	G	210	46	256	0.00002
Bacterioplanes	1537406	G	172	9	181	0.00001
Nitrincola	267849	G	112	18	130	0.00001
Neptunomonas	75687	G	102	7	109	0.00001
Amphritea	515417	G	64	4	68	0.00000
Bermanella	599651	G	53	2	55	0.00000
Saccharospirillum	231683	G	496	25	521	0.00004
Reinekea	230494	G	211	9	220	0.00002
Gynuella	1445504	G	143	3	146	0.00001
Hahella	158481	G	714	23	737	0.00005
Litoricola	418700	G	307	12	319	0.00002
Oleiphilus	141450	G	116	9	125	0.00001
Endozoicomonas	305899	G	91	4	95	0.00001
Spartinivicinus	2768738	G	39	1	40	0.00000
Steroidobacter	469322	G	9994	2417	12411	0.00089
Solimonas	413435	G	4285	370	4655	0.00033
Flagellatimonas	2893022	G	1480	96	1576	0.00011
Sinimarinibacterium	1861863	G	814	385	1199	0.00009
Methylococcus	413	G	5438	325	5763	0.00041
Methylomonas	416	G	3353	95	3448	0.00025
Methylomicrobium	39773	G	1469	262	1731	0.00012
Methylomagnum	1760987	G	1453	54	1507	0.00011
Methylogaea	1295378	G	1418	94	1512	0.00011
Methylocaldum	73778	G	1215	62	1277	0.00009
Candidatus_Methylospira	1808977	G	497	18	515	0.00004
Methylotuvimicrobium	2822410	G	372	227	599	0.00004
Methylovulum	762296	G	197	4	201	0.00001
Methylobacter	429	G	89	4	93	0.00001
Aeromonas	642	G	13675	10024	23699	0.00169
Zobellella	347533	G	884	194	1078	0.00008
Oceanimonas	129577	G	448	91	539	0.00004
Oceanisphaera	225143	G	128	13	141	0.00001
Dongshaea	2802288	G	109	8	117	0.00001
Tolumonas	43947	G	96	36	132	0.00001
Succinivibrio	83770	G	32	1	33	0.00000
Microbulbifer	48073	G	5084	259	5343	0.00038
Cellvibrio	10	G	1651	58	1709	0.00012
Simiduia	447467	G	407	20	427	0.00003
Teredinibacter	2425	G	346	19	365	0.00003
Saccharophagus	316625	G	72	2	74	0.00001
Marinagarivorans	1792291	G	65	7	72	0.00001
Agarilytica	2036021	G	48	1	49	0.00000
Kineobactrum	2678529	G	886	30	916	0.00007
Halioglobus	1217416	G	775	23	798	0.00006
Congregibacter	393661	G	393	138	531	0.00004
Aequoribacter	2847769	G	105	12	117	0.00001
Spongiibacter	630749	G	732	67	799	0.00006
Zhongshania	1434050	G	135	12	147	0.00001
Oceanicoccus	1084558	G	91	1	92	0.00001
Shewanella	22	G	4317	687	5004	0.00036
Parashewanella	2547964	G	44	3	47	0.00000
Alteromonas	226	G	620	135	755	0.00005
Salinimonas	288793	G	315	51	366	0.00003
Hydrocarboniclastica	2650549	G	414	49	463	0.00003
Paraglaciecola	1621534	G	143	11	154	0.00001
Lacimicrobium	1751872	G	141	9	150	0.00001
Agarivorans	261825	G	121	10	131	0.00001
Saliniradius	2661818	G	103	9	112	0.00001
Paraneptunicella	2905123	G	57	3	60	0.00000
Glaciecola	89404	G	36	2	38	0.00000
Saccharobesus	2894574	G	27	1	28	0.00000
Catenovulum	1172191	G	25	1	26	0.00000
Pseudoalteromonas	53246	G	1273	150	1423	0.00010
Psychrosphaera	907197	G	42	4	46	0.00000
Flocculibacter	2834759	G	30	2	32	0.00000
Ferrimonas	44011	G	533	58	591	0.00004
Colwellia	28228	G	152	17	169	0.00001
Thalassotalea	1518149	G	121	14	135	0.00001
Cognaticolwellia	2848171	G	27	6	33	0.00000
Litorilituus	1407056	G	18	1	19	0.00000
Idiomarina	135575	G	236	20	256	0.00002
Moritella	58050	G	113	21	134	0.00001
Psychromonas	67572	G	71	6	77	0.00001
Sulfurifustis	1692042	G	4779	267	5046	0.00036
Sulfuricaulis	1744881	G	2526	173	2699	0.00019
Acidiferrobacter	986106	G	1574	26	1600	0.00011
Vibrio	662	G	4039	724	4763	0.00034
Photobacterium	657	G	648	103	751	0.00005
Salinivibrio	51366	G	153	15	168	0.00001
Grimontia	246861	G	86	9	95	0.00001
Thaumasiovibrio	2014233	G	53	6	59	0.00000
Aliivibrio	511678	G	33	7	40	0.00000
Paraphotobacterium	2042066	G	11	1	12	0.00000
Acinetobacter	469	G	2412	2140	4552	0.00033
Psychrobacter	497	G	411	19	430	0.00003
Moraxella	475	G	292	30	322	0.00002
Aquirhabdus	2824158	G	100	3	103	0.00001
Candidatus_Endoriftia	393764	G	733	33	766	0.00005
Candidatus_Vesicomyosocius	2732587	G	36	43	79	0.00001
Candidatus_Ruthia	1541743	G	19	4	23	0.00000
Sedimenticola	349742	G	494	21	515	0.00004
Candidatus_Reidiella	2738850	G	451	8	459	0.00003
Thiolapillus	1608298	G	376	8	384	0.00003
Pseudohongiella	1524249	G	216	5	221	0.00002
Gallaecimonas	745410	G	132	8	140	0.00001
Candidatus_Thioglobus	655184	G	48	9	57	0.00000
Ignatzschineria	112008	G	35	2	37	0.00000
Celerinatantimonas	412033	G	30	1	31	0.00000
Candidatus_Pseudothioglobus	2841677	G	29	11	40	0.00000
Candidatus_Nardonella	204619	G	14	4	18	0.00000
Candidatus_Steffania	1076625	G	13	0	13	0.00000
Legionella	445	G	1565	121	1686	0.00012
Tatlockia	465	G	54	2	56	0.00000
Fluoribacter	461	G	45	4	49	0.00000
Aquicella	254245	G	512	14	526	0.00004
Coxiella	776	G	278	37	315	0.00002
Rickettsiella	59195	G	105	4	109	0.00001
Immundisolibacter	1934947	G	2413	349	2762	0.00020
Thiomicrospira	933	G	245	67	312	0.00002
Thiomicrorhabdus	2039723	G	233	9	242	0.00002
Methylophaga	40222	G	215	44	259	0.00002
Hydrogenovibrio	28884	G	140	61	201	0.00001
Piscirickettsia	1237	G	74	4	78	0.00001
Thiosulfativibrio	2781120	G	56	2	58	0.00000
Cycloclasticus	34067	G	54	3	57	0.00000
Thiosulfatimonas	2781121	G	52	2	54	0.00000
Thiothrix	1030	G	887	20	907	0.00006
Beggiatoa	1021	G	60	1	61	0.00000
Francisella	262	G	172	11	183	0.00001
Allofrancisella	1869285	G	38	3	41	0.00000
Salinisphaera	180541	G	1735	1645	3380	0.00024
Haemophilus	724	G	200	49	249	0.00002
Pasteurella	745	G	193	536	729	0.00005
Aggregatibacter	416916	G	179	28	207	0.00001
Actinobacillus	713	G	154	57	211	0.00002
Mannheimia	75984	G	151	31	182	0.00001
Avibacterium	292486	G	66	8	74	0.00001
Basfia	697331	G	50	3	53	0.00000
Glaesserella	2094023	G	42	11	53	0.00000
Rodentibacter	1960084	G	39	3	42	0.00000
Histophilus	214906	G	27	6	33	0.00000
Gallibacterium	155493	G	24	5	29	0.00000
Frederiksenia	1649317	G	24	4	28	0.00000
Bibersteinia	476528	G	18	5	23	0.00000
Bisgaardia	109471	G	12	1	13	0.00000
Otariodibacter	1249016	G	11	1	12	0.00000
Vespertiliibacter	1520333	G	10	1	11	0.00000
Cardiobacterium	2717	G	829	93	922	0.00007
Suttonella	13275	G	51	2	53	0.00000
Dichelobacter	869	G	48	9	57	0.00000
Kangiella	261963	G	176	9	185	0.00001
Gilliamella	1193503	G	62	11	73	0.00001
Zophobihabitans	2894762	G	35	2	37	0.00000
Frischella	1335631	G	11	2	13	0.00000
Variovorax	34072	G	129715	40127	169842	0.01213
Hydrogenophaga	47420	G	46855	19072	65927	0.00471
Acidovorax	12916	G	45142	21327	66469	0.00475
Ramlibacter	174951	G	38078	15043	53121	0.00379
Rhodoferax	28065	G	21383	4532	25915	0.00185
Comamonas	283	G	20741	7966	28707	0.00205
Schlegelella	215579	G	16519	4753	21272	0.00152
Polaromonas	52972	G	12217	806	13023	0.00093
Diaphorobacter	238749	G	11644	10621	22265	0.00159
Delftia	80865	G	9796	8718	18514	0.00132
Kinneretia	683756	G	9172	4252	13424	0.00096
Ottowia	219181	G	6864	1143	8007	0.00057
Alicycliphilus	201096	G	5099	7442	12541	0.00090
Melaminivora	1649468	G	4847	3873	8720	0.00062
Hylemonella	232523	G	3099	430	3529	0.00025
Serpentinimonas	2490452	G	3041	617	3658	0.00026
Verminephrobacter	364316	G	2618	312	2930	0.00021
Pulveribacter	2678886	G	2202	1139	3341	0.00024
Simplicispira	352450	G	1831	622	2453	0.00018
Limnohabitans	665874	G	1359	129	1488	0.00011
Curvibacter	281915	G	964	68	1032	0.00007
Candidatus_Symbiobacter	1436289	G	583	17	600	0.00004
Burkholderia	32008	G	96760	91172	187932	0.01342
Cupriavidus	106589	G	61890	16206	78096	0.00558
Paraburkholderia	1822464	G	57375	5202	62577	0.00447
Ralstonia	48736	G	17595	14545	32140	0.00230
Pandoraea	93217	G	16518	2101	18619	0.00133
Caballeronia	1827195	G	16252	1725	17977	0.00128
Lautropia	47670	G	2013	307	2320	0.00017
Polynucleobacter	44013	G	1901	40	1941	0.00014
Chitinimonas	240411	G	1180	79	1259	0.00009
Mycetohabitans	2571159	G	986	55	1041	0.00007
Mycoavidus	1810868	G	351	12	363	0.00003
Limnobacter	131079	G	241	9	250	0.00002
Candidatus_Vallotia	2018044	G	188	17	205	0.00001
Ephemeroptericola	2680021	G	119	6	125	0.00001
Achromobacter	222	G	116825	27975	144800	0.01034
Bordetella	517	G	32348	9459	41807	0.00299
Pigmentiphaga	152267	G	4917	467	5384	0.00038
Castellaniella	359336	G	2514	1356	3870	0.00028
Alcaligenes	507	G	2482	499	2981	0.00021
Orrella	1921582	G	2431	599	3030	0.00022
Pusillimonas_(ex_Stolz_et_al._2005)	305976	G	1379	218	1597	0.00011
Paralcaligenes	1148163	G	786	26	812	0.00006
Kerstersia	257820	G	755	130	885	0.00006
Advenella	290425	G	670	17	687	0.00005
Oligella	90243	G	100	23	123	0.00001
Paenalcaligenes	1100891	G	64	2	66	0.00000
Taylorella	29574	G	47	39	86	0.00001
Basilea	1472344	G	31	2	33	0.00000
Pelistega	106146	G	19	2	21	0.00000
Massilia	149698	G	75159	10994	86153	0.00615
Duganella	75654	G	6950	1977	8927	0.00064
Herbaspirillum	963	G	12481	1960	14441	0.00103
Janthinobacterium	29580	G	11847	5203	17050	0.00122
Collimonas	202907	G	5043	478	5521	0.00039
Noviherbaspirillum	1344552	G	3140	450	3590	0.00026
Undibacterium	401469	G	697	35	732	0.00005
Herminiimonas	303379	G	321	39	360	0.00003
Glaciimonas	1229970	G	310	16	326	0.00002
Oxalobacter	846	G	154	11	165	0.00001
Rhizobacter	212743	G	23935	5411	29346	0.00210
Sphaerotilus	34102	G	10678	4964	15642	0.00112
Rubrivivax	28067	G	10577	3391	13968	0.00100
Methylibium	316612	G	10064	2798	12862	0.00092
Aquincola	391952	G	8400	2862	11262	0.00080
Mitsuaria	65047	G	7056	1448	8504	0.00061
Leptothrix	88	G	6549	2204	8753	0.00063
Thiomonas	32012	G	5301	303	5604	0.00040
Ideonella	36862	G	4017	2361	6378	0.00046
Xylophilus	54066	G	3776	1063	4839	0.00035
Roseateles	93681	G	2935	575	3510	0.00025
Aquabacterium	92793	G	2778	730	3508	0.00025
Tepidimonas	114248	G	2775	905	3680	0.00026
Inhella	644355	G	1934	301	2235	0.00016
Paucibacter	318147	G	1862	309	2171	0.00016
Candidatus_Ichthyocystis	2929841	G	34	0	34	0.00000
Sutterella	40544	G	1551	129	1680	0.00012
Turicimonas	1918598	G	93	6	99	0.00001
Usitatibacter	2803845	G	28001	1881	29882	0.00213
Nitrosospira	35798	G	10882	292	11174	0.00080
Nitrosomonas	914	G	6263	184	6447	0.00046
Denitratisoma	311181	G	2753	1170	3923	0.00028
Sulfuritalea	1054211	G	2271	308	2579	0.00018
Methyloversatilis	378210	G	2042	240	2282	0.00016
Sterolibacterium	157591	G	1438	334	1772	0.00013
Sideroxydans	314343	G	2075	269	2344	0.00017
Ferrigenium	2249462	G	1423	279	1702	0.00012
Ferriphaselus	1443590	G	491	63	554	0.00004
Candidatus_Nitrotoga	453161	G	438	25	463	0.00003
Gallionella	96	G	324	28	352	0.00003
Thiobacillus	919	G	2727	482	3209	0.00023
Sulfuritortus	1938335	G	1852	700	2552	0.00018
Sulfuriferula	1778653	G	1572	219	1791	0.00013
Sulfurimicrobium	2772198	G	1474	165	1639	0.00012
Sulfuricella	935200	G	777	61	838	0.00006
Methylovorus	81682	G	513	34	547	0.00004
Methylobacillus	404	G	448	95	543	0.00004
Methylophilus	16	G	358	22	380	0.00003
Methylotenera	359407	G	174	15	189	0.00001
Candidatus_Methylopumilus	1679002	G	135	10	145	0.00001
Methyloradius	2872156	G	107	8	115	0.00001
Thauera	33057	G	12753	6859	19612	0.00140
Azoarcus	12960	G	11302	3225	14527	0.00104
Nitrogeniibacter	2891294	G	3545	493	4038	0.00029
Aromatoleum	551759	G	10555	2787	13342	0.00095
Azospira	146937	G	6982	2828	9810	0.00070
Niveibacterium	1769726	G	1912	240	2152	0.00015
Oryzomicrobium	1911577	G	1384	350	1734	0.00012
Rugosibacter	1914449	G	444	64	508	0.00004
Dechloromonas	73029	G	3247	513	3760	0.00027
Ferribacterium	88875	G	2863	447	3310	0.00024
Quatrionicoccus	138117	G	1187	336	1523	0.00011
Fluviibacter	2808942	G	241	67	308	0.00002
Chromobacterium	535	G	8891	1794	10685	0.00076
Iodobacter	32014	G	169	39	208	0.00001
Jeongeupia	885864	G	2777	455	3232	0.00023
Paludibacterium	400060	G	2368	367	2735	0.00020
Vogesella	57739	G	1715	391	2106	0.00015
Pseudogulbenkiania	568394	G	1588	491	2079	0.00015
Aquitalea	407217	G	1417	248	1665	0.00012
Microvirgula	57479	G	1174	199	1373	0.00010
Laribacter	168470	G	1001	758	1759	0.00013
Aquaspirillum	187	G	594	78	672	0.00005
Chitinibacter	230666	G	247	89	336	0.00002
Deefgea	400947	G	217	25	242	0.00002
Neisseria	482	G	3680	1823	5503	0.00039
Crenobacter	1654931	G	2127	627	2754	0.00020
Chitinolyticbacter	1055692	G	1441	156	1597	0.00011
Vitreoscilla	59	G	890	134	1024	0.00007
Kingella	32257	G	452	107	559	0.00004
Eikenella	538	G	441	96	537	0.00004
Uruburuella	299568	G	349	42	391	0.00003
Paralysiella	2898489	G	168	31	199	0.00001
Conchiformibius	334107	G	80	10	90	0.00001
Alysiella	194195	G	77	62	139	0.00001
Aquella	2593687	G	45	1	46	0.00000
Snodgrassella	1193515	G	43	10	53	0.00000
Morococcus	212742	G	21	85	106	0.00001
Simonsiella	71	G	16	2	18	0.00000
Casimicrobium	2706000	G	1709	637	2346	0.00017
Candidatus_Kinetoplastibacterium	33055	G	55	6	61	0.00000
Candidatus_Profftella	1381133	G	16	5	21	0.00000
Sorangium	39643	G	126053	14184	140237	0.01001
Polyangium	55	G	18940	1432	20372	0.00145
Chondromyces	50	G	9130	331	9461	0.00068
Pajaroellobacter	1882917	G	262	6	268	0.00002
Sandaracinus	1055688	G	31454	1402	32856	0.00235
Labilithrix	1524217	G	17590	657	18247	0.00130
Archangium	47	G	41130	3920	45050	0.00322
Stigmatella	40	G	5831	428	6259	0.00045
Cystobacter	42	G	5622	1237	6859	0.00049
Melittangium	44	G	4289	862	5151	0.00037
Corallococcus	83461	G	18002	1426	19428	0.00139
Myxococcus	32	G	17884	21179	39063	0.00279
Pyxidicoccus	224458	G	8046	339	8385	0.00060
Anaeromyxobacter	161492	G	33718	2011	35729	0.00255
Vulgatibacter	1524214	G	4477	293	4770	0.00034
Haliangium	162027	G	12888	592	13480	0.00096
Geomonas	2651583	G	7047	1076	8123	0.00058
Geobacter	28231	G	5649	550	6199	0.00044
Citrifermentans	2883512	G	2143	496	2639	0.00019
Geotalea	2910589	G	781	48	829	0.00006
Geoalkalibacter	392332	G	549	491	1040	0.00007
Trichlorobacter	115782	G	335	43	378	0.00003
Desulfuromonas	890	G	4536	529	5065	0.00036
Pelobacter	18	G	722	214	936	0.00007
Syntrophotalea	2812025	G	967	103	1070	0.00008
Desulfovibrio	872	G	4032	496	4528	0.00032
Pseudodesulfovibrio	2035811	G	3950	739	4689	0.00033
Solidesulfovibrio	2910984	G	2359	229	2588	0.00018
Oceanidesulfovibrio	2905722	G	1058	62	1120	0.00008
Desulfocurvibacter	2582840	G	861	58	919	0.00007
Desulfolutivibrio	2773294	G	706	192	898	0.00006
Megalodesulfovibrio	2910978	G	637	30	667	0.00005
Oleidesulfovibrio	2909705	G	228	317	545	0.00004
Maridesulfovibrio	2794998	G	127	11	138	0.00001
Paradesulfovibrio	2910986	G	98	9	107	0.00001
Lawsonia	41707	G	36	0	36	0.00000
Desulfomicrobium	898	G	870	108	978	0.00007
Desulfohalobium	45662	G	186	8	194	0.00001
Desulfosarcina	2299	G	1807	272	2079	0.00015
Desulfococcus	896	G	421	76	497	0.00004
Desulfatibacillum	218207	G	383	13	396	0.00003
Desulfoluna	497721	G	374	19	393	0.00003
Desulfonema	45654	G	187	4	191	0.00001
Desulfobacter	2289	G	170	18	188	0.00001
Desulforapulum	2904687	G	116	13	129	0.00001
Desulfobacula	28222	G	39	3	42	0.00000
Desulfobulbus	893	G	1113	208	1321	0.00009
Desulfurivibrio	427922	G	405	23	428	0.00003
Desulfomarina	2894767	G	88	9	97	0.00001
Desulfosudis	2904716	G	382	29	411	0.00003
Desulfosediminicola	2886823	G	177	19	196	0.00001
Desulfotalea	109168	G	66	12	78	0.00001
Desulfocapsa	53318	G	52	3	55	0.00000
Persicimonas	2766927	G	3241	100	3341	0.00024
Bradymonas	1779136	G	1040	511	1551	0.00011
Syntrophobacter	29526	G	734	308	1042	0.00007
Desulfoglaeba	361106	G	576	24	600	0.00004
Desulfarculus	453229	G	1144	676	1820	0.00013
Desulfobacca	60892	G	233	6	239	0.00002
Desulfomonile	2357	G	214	3	217	0.00002
Syntrophus	43773	G	200	10	210	0.00002
Dissulfurimicrobium	1769732	G	99	5	104	0.00001
Candidatus_Desulfofervidus	1902583	G	38	0	38	0.00000
Hippea	84404	G	20	0	20	0.00000
Campylobacter	194	G	721	93	814	0.00006
Sulfurimonas	202746	G	443	30	473	0.00003
Sulfuricurvum	286130	G	49	3	52	0.00000
Helicobacter	209	G	365	26	391	0.00003
Wolinella	843	G	28	3	31	0.00000
Nitratifractor	269260	G	168	8	176	0.00001
Sulfurovum	265570	G	167	13	180	0.00001
Arcobacter	28196	G	49	27	76	0.00001
Aliarcobacter	2321111	G	49	13	62	0.00000
Malaciobacter	2321114	G	28	4	32	0.00000
Pseudoarcobacter	2321113	G	18	4	22	0.00000
Halarcobacter	2321115	G	10	1	11	0.00000
Hydrogenimonas	223785	G	181	13	194	0.00001
Sulfurospirillum	57665	G	140	5	145	0.00001
Nitratiruptor	269258	G	53	11	64	0.00000
Nitrosophilus	2795692	G	29	14	43	0.00000
Nautilia	191291	G	35	6	41	0.00000
Caminibacter	191301	G	35	5	40	0.00000
Acidithiobacillus	119977	G	1563	114	1677	0.00012
Bdellovibrio	958	G	780	56	836	0.00006
Pseudobdellovibrio	2862745	G	112	7	119	0.00001
Bacteriovorax	146784	G	71	16	87	0.00001
Halobacteriovorax	1652133	G	53	18	71	0.00001
Fluviispira	2698753	G	22	13	35	0.00000
Silvanigrella	2024975	G	19	11	30	0.00000
Hydrogenophilus	70774	G	487	74	561	0.00004
Mariprofundus	377315	G	320	7	327	0.00002
Streptomyces	1883	G	824989	167945	992934	0.07090
Yinghuangia	2805681	G	15589	2071	17660	0.00126
Kitasatospora	2063	G	11600	3403	15003	0.00107
Streptacidiphilus	228398	G	7813	1852	9665	0.00069
Mycolicibacterium	1866885	G	309827	46121	355948	0.02542
Mycobacterium	1763	G	144338	24550	168888	0.01206
Mycolicibacter	1073531	G	9842	1814	11656	0.00083
Mycobacteroides	670516	G	6302	1081	7383	0.00053
Mycolicibacillus	2126281	G	1125	175	1300	0.00009
Hoyosella	697025	G	566	24	590	0.00004
Rhodococcus	1827	G	67783	14113	81896	0.00585
Nocardia	1817	G	47803	6813	54616	0.00390
Corynebacterium	1716	G	28754	5672	34426	0.00246
Gordonia	2053	G	23786	5177	28963	0.00207
Skermania	59613	G	1144	102	1246	0.00009
Tsukamurella	2060	G	7354	1459	8813	0.00063
Dietzia	37914	G	4565	879	5444	0.00039
Tomitella	741759	G	2724	450	3174	0.00023
Segniliparus	286801	G	600	26	626	0.00004
Lawsonella	1847725	G	108	9	117	0.00001
Microbacterium	33882	G	119250	18376	137626	0.00983
Agromyces	33877	G	34236	7567	41803	0.00299
Curtobacterium	2034	G	14718	2756	17474	0.00125
Rathayibacter	33886	G	13105	2726	15831	0.00113
Protaetiibacter	2680004	G	12938	3598	16536	0.00118
Leifsonia	110932	G	12072	6424	18496	0.00132
Agrococcus	46352	G	10542	2592	13134	0.00094
Leucobacter	55968	G	10184	1632	11816	0.00084
Clavibacter	1573	G	9807	5055	14862	0.00106
Salinibacterium	235888	G	6102	955	7057	0.00050
Cryobacterium	69578	G	3962	502	4464	0.00032
Frondihabitans	447237	G	3083	455	3538	0.00025
Microcella	337004	G	3077	986	4063	0.00029
Microterricola	518733	G	3059	708	3767	0.00027
Plantibacter	190323	G	2692	306	2998	0.00021
Herbiconiux	881616	G	2022	382	2404	0.00017
Cnuibacter	1759331	G	1969	403	2372	0.00017
Subtercola	120212	G	1767	132	1899	0.00014
Frigoribacterium	96492	G	1756	487	2243	0.00016
Mycetocola	76634	G	1755	197	1952	0.00014
Gryllotalpicola	1195526	G	1739	311	2050	0.00015
Chryseoglobus	1331730	G	1699	305	2004	0.00014
Humibacter	427753	G	1621	327	1948	0.00014
Amnibacterium	1029631	G	1560	348	1908	0.00014
Marisediminicola	1230698	G	1353	156	1509	0.00011
Diaminobutyricimonas	1433997	G	1213	211	1424	0.00010
Gulosibacter	256818	G	1124	290	1414	0.00010
Glaciihabitans	1649454	G	1122	83	1205	0.00009
Agreia	110934	G	939	106	1045	0.00007
Rhodoluna	529883	G	180	8	188	0.00001
Aquiluna	529881	G	142	7	149	0.00001
Pseudoclavibacter	255204	G	223	35	258	0.00002
Aurantimicrobium	1705353	G	192	8	200	0.00001
Pontimonas	1434032	G	97	3	100	0.00001
Arthrobacter	1663	G	51205	10127	61332	0.00438
Kocuria	57493	G	11263	2713	13976	0.00100
Pseudarthrobacter	1742993	G	9778	2799	12577	0.00090
Micrococcus	1269	G	4100	2620	6720	0.00048
Paenarthrobacter	1742992	G	3340	1640	4980	0.00036
Sinomonas	596707	G	3241	692	3933	0.00028
Glutamicibacter	1742989	G	2924	797	3721	0.00027
Citricoccus	169133	G	2431	550	2981	0.00021
Rothia	32207	G	1896	671	2567	0.00018
Nesterenkonia	57494	G	553	29	582	0.00004
Paeniglutamicibacter	1742990	G	295	38	333	0.00002
Neomicrococcus	1868332	G	208	76	284	0.00002
Psychromicrobium	2078575	G	197	23	220	0.00002
Auritidibacter	1160973	G	154	13	167	0.00001
Renibacterium	1645	G	133	6	139	0.00001
Cellulomonas	1707	G	42768	12268	55036	0.00393
Actinotalea	458839	G	2585	844	3429	0.00024
Oerskovia	162491	G	1869	535	2404	0.00017
Pseudactinotalea	1926259	G	1517	193	1710	0.00012
Paraoerskovia	665568	G	1211	279	1490	0.00011
Cellulosimicrobium	157920	G	38110	16655	54765	0.00391
Xylanimonas	186188	G	5577	1518	7095	0.00051
Isoptericola	254250	G	4645	1769	6414	0.00046
Janibacter	53457	G	7560	1939	9499	0.00068
Phycicoccus	367298	G	7351	1880	9231	0.00066
Pedococcus	2805645	G	6836	1861	8697	0.00062
Tetrasphaera	99479	G	4488	1080	5568	0.00040
Intrasporangium	53357	G	3460	796	4256	0.00030
Arsenicicoccus	267408	G	2361	796	3157	0.00023
Ornithinimicrobium	125287	G	9750	1828	11578	0.00083
Serinicoccus	265976	G	7070	1723	8793	0.00063
Brachybacterium	43668	G	10058	1419	11477	0.00082
Dermabacter	36739	G	863	426	1289	0.00009
Devriesea	472568	G	170	8	178	0.00001
Brevibacterium	1696	G	10830	1886	12716	0.00091
Georgenia	154116	G	10269	2586	12855	0.00092
Dermacoccus	57495	G	2902	884	3786	0.00027
Luteipulveratus	745364	G	2252	275	2527	0.00018
Allobranchiibius	2040262	G	1841	354	2195	0.00016
Yimella	908935	G	1179	206	1385	0.00010
Ruania	626119	G	7109	731	7840	0.00056
Pengzhenrongella	2888818	G	2688	651	3339	0.00024
Luteimicrobium	754249	G	2201	591	2792	0.00020
Beutenbergia	84756	G	2771	403	3174	0.00023
Miniimonas	947525	G	1961	894	2855	0.00020
Sanguibacter	60919	G	3361	879	4240	0.00030
Gephyromycinifex	2885697	G	785	76	861	0.00006
Austwickia	1184606	G	609	39	648	0.00005
Dermatophilus	1862	G	157	12	169	0.00001
Kytococcus	57499	G	1466	960	2426	0.00017
Demequina	577469	G	752	51	803	0.00006
Jonesia	43673	G	100	15	115	0.00001
Tropheryma	2038	G	34	0	34	0.00000
Micromonospora	1873	G	182880	41965	224845	0.01606
Actinoplanes	1865	G	135618	22492	158110	0.01129
Plantactinospora	673534	G	22323	3721	26044	0.00186
Dactylosporangium	35753	G	21423	2052	23475	0.00168
Couchioplanes	56433	G	20671	4552	25223	0.00180
Phytohabitans	907364	G	19306	2189	21495	0.00153
Catellatospora	53365	G	18972	3603	22575	0.00161
Actinocatenispora	390988	G	9645	1030	10675	0.00076
Polymorphospora	338583	G	6827	1305	8132	0.00058
Natronosporangium	2920401	G	3176	186	3362	0.00024
Verrucosispora	84593	G	2929	1982	4911	0.00035
Salinispora	168694	G	2034	295	2329	0.00017
Nocardioides	1839	G	315248	59237	374485	0.02674
Aeromicrobium	2040	G	20513	3468	23981	0.00171
Pimelobacter	2044	G	5129	1793	6922	0.00049
Marmoricola	86795	G	4918	1703	6621	0.00047
Friedmanniella	53387	G	3511	636	4147	0.00030
Mumia	1546255	G	2927	457	3384	0.00024
Micropruina	116071	G	1321	171	1492	0.00011
Microlunatus	29404	G	11358	1115	12473	0.00089
Tessaracoccus	72763	G	8627	1561	10188	0.00073
Brevilactibacter	2717325	G	3484	1223	4707	0.00034
Acidipropionibacterium	1912215	G	2843	983	3826	0.00027
Propionibacterium	1743	G	2625	765	3390	0.00024
Auraticoccus	1278221	G	2174	352	2526	0.00018
Arachnia	2801844	G	1373	87	1460	0.00010
Cutibacterium	1912216	G	1323	350	1673	0.00012
Raineyella	1911549	G	1239	146	1385	0.00010
Vaginimicrobium	2919589	G	47	15	62	0.00000
Kribbella	182639	G	15132	2017	17149	0.00122
Actinopolymorpha	117156	G	3822	377	4199	0.00030
Actinomadura	1988	G	207410	35581	242991	0.01735
Thermomonospora	2019	G	7786	1772	9558	0.00068
Nonomuraea	83681	G	94979	13633	108612	0.00776
Streptosporangium	2000	G	16668	2570	19238	0.00137
Thermobispora	147067	G	3242	614	3856	0.00028
Nocardiopsis	2013	G	9969	1714	11683	0.00083
Thermobifida	83677	G	4447	782	5229	0.00037
Streptomonospora	104204	G	2146	377	2523	0.00018
Spiractinospora	2913367	G	1467	84	1551	0.00011
Amycolatopsis	1813	G	90385	18038	108423	0.00774
Pseudonocardia	1847	G	74473	11811	86284	0.00616
Saccharothrix	2071	G	15459	3954	19413	0.00139
Saccharopolyspora	1835	G	13236	2733	15969	0.00114
Lentzea	165301	G	11675	2228	13903	0.00099
Saccharomonospora	1851	G	10617	1690	12307	0.00088
Kutzneria	43356	G	8640	1610	10250	0.00073
Allokutzneria	1137960	G	5568	1196	6764	0.00048
Actinosynnema	40566	G	5155	1337	6492	0.00046
Actinoalloteichus	65496	G	5109	434	5543	0.00040
Kibdelosporangium	2029	G	4366	475	4841	0.00035
Alloactinosynnema	674734	G	3094	618	3712	0.00027
Prauserella	142577	G	1807	150	1957	0.00014
Allosaccharopolyspora	2893576	G	1519	300	1819	0.00013
Blastococcus	38501	G	54807	14046	68853	0.00492
Geodermatophilus	1860	G	40395	11782	52177	0.00373
Modestobacter	88138	G	39427	10593	50020	0.00357
Actinomyces	1654	G	12188	1457	13645	0.00097
Schaalia	2529408	G	1697	292	1989	0.00014
Flaviflexus	1522056	G	1000	200	1200	0.00009
Trueperella	1069494	G	889	227	1116	0.00008
Pauljensenia	2740557	G	440	145	585	0.00004
Nanchangia	2888879	G	438	42	480	0.00003
Actinobaculum	76833	G	194	10	204	0.00001
Arcanobacterium	28263	G	158	33	191	0.00001
Actinotignum	1653174	G	149	8	157	0.00001
Changpingibacter	2912996	G	96	23	119	0.00001
Mobiluncus	2050	G	94	24	118	0.00001
Varibaculum	184869	G	51	13	64	0.00000
Boudabousia	2767318	G	50	3	53	0.00000
Fannyhessea	2767327	G	10	2	12	0.00000
Frankia	1854	G	16769	1374	18143	0.00130
Jiangella	281472	G	13117	1972	15089	0.00108
Bifidobacterium	1678	G	7025	1511	8536	0.00061
Parascardovia	196082	G	122	17	139	0.00001
Gardnerella	2701	G	43	9	52	0.00000
Scardovia	196081	G	17	5	22	0.00000
Nakamurella	53460	G	6467	713	7180	0.00051
Catenulispora	414878	G	3957	490	4447	0.00032
Jatrophihabitans	1434010	G	3234	239	3473	0.00025
Stackebrandtia	283810	G	2415	187	2602	0.00019
Natronoglycomyces	2838311	G	423	12	435	0.00003
Kineococcus	33981	G	2541	597	3138	0.00022
Epidermidibacterium	2078948	G	1609	663	2272	0.00016
Actinopolyspora	1849	G	1217	105	1322	0.00009
Acidothermus	28048	G	800	34	834	0.00006
Candidatus_Planktophila	622681	G	229	35	264	0.00002
Candidatus_Nanopelagicus	2039639	G	44	13	57	0.00000
Conexibacter	191494	G	67288	8104	75392	0.00538
Miltoncostaea	2843200	G	12666	1321	13987	0.00100
Aquihabitans	1648491	G	22063	3143	25206	0.00180
Iamia	467975	G	12844	1763	14607	0.00104
Actinomarinicola	2789775	G	10869	1843	12712	0.00091
Ilumatobacter	682522	G	5099	267	5366	0.00038
Acidimicrobium	53634	G	1008	67	1075	0.00008
Baekduia	2600304	G	20180	2727	22907	0.00164
Rubrobacter	42255	G	19537	650	20187	0.00144
Eggerthella	84111	G	1540	429	1969	0.00014
Gordonibacter	644652	G	807	332	1139	0.00008
Adlercreutzia	447020	G	642	130	772	0.00006
Arabiibacter	2005386	G	614	107	721	0.00005
Raoultibacter	1926677	G	425	29	454	0.00003
Berryella	2815775	G	272	245	517	0.00004
Slackia	84108	G	224	5	229	0.00002
Denitrobacterium	79603	G	211	72	283	0.00002
Cryptobacterium	84162	G	29	2	31	0.00000
Phoenicibacter	1981050	G	26	9	35	0.00000
Olsenella	133925	G	1032	168	1200	0.00009
Parolsenella	2082587	G	657	199	856	0.00006
Parafannyhessea	2847312	G	394	200	594	0.00004
Thermophilibacter	2847307	G	372	125	497	0.00004
Atopobium	1380	G	90	8	98	0.00001
Lancefieldella	2767353	G	29	2	31	0.00000
Collinsella	102106	G	1026	254	1280	0.00009
Coriobacterium	33870	G	224	6	230	0.00002
Euzebya	908623	G	2431	165	2596	0.00019
Egicoccus	1755825	G	2278	286	2564	0.00018
Egibacter	1747770	G	2220	107	2327	0.00017
Bacillus	1386	G	5886	12459	18345	0.00131
Priestia	2800373	G	4489	3634	8123	0.00058
Peribacillus	2675229	G	4113	1816	5929	0.00042
Cytobacillus	2675230	G	1490	472	1962	0.00014
Geobacillus	129337	G	1386	335	1721	0.00012
Oceanobacillus	182709	G	1168	88	1256	0.00009
Alkalihalobacillus	2675234	G	956	167	1123	0.00008
Hydrogenibacillus	1609627	G	778	93	871	0.00006
Anoxybacillus	150247	G	696	151	847	0.00006
Neobacillus	2675232	G	682	250	932	0.00007
Lysinibacillus	400634	G	630	186	816	0.00006
Metabacillus	2675233	G	444	142	586	0.00004
Mesobacillus	2675231	G	309	79	388	0.00003
Parageobacillus	1906945	G	286	68	354	0.00003
Virgibacillus	84406	G	257	31	288	0.00002
Niallia	2837506	G	217	50	267	0.00002
Weizmannia	2817139	G	209	84	293	0.00002
Rossellomorea	2837508	G	207	70	277	0.00002
Salicibibacter	2685905	G	205	9	214	0.00002
Sutcliffiella	2837511	G	192	59	251	0.00002
Heyndrickxia	2837504	G	188	58	246	0.00002
Psychrobacillus	1221880	G	172	101	273	0.00002
Halobacillus	45667	G	159	18	177	0.00001
Caldibacillus	1276290	G	146	49	195	0.00001
Salisediminibacterium	1434042	G	138	16	154	0.00001
Terribacillus	459532	G	118	15	133	0.00001
Alkalihalophilus	2893060	G	102	16	118	0.00001
Lentibacillus	175304	G	97	5	102	0.00001
Gracilibacillus	74385	G	91	8	99	0.00001
Caldalkalibacillus	379065	G	68	11	79	0.00001
Fictibacillus	1329200	G	65	8	73	0.00001
Anaerobacillus	704093	G	61	12	73	0.00001
Lederbergia	2804231	G	55	12	67	0.00000
Halalkalibacterium	2893055	G	54	35	89	0.00001
Pontibacillus	289201	G	53	5	58	0.00000
Gottfriedia	2837503	G	51	13	64	0.00000
Aeribacillus	1055323	G	50	24	74	0.00001
Salimicrobium	351195	G	49	6	55	0.00000
Mangrovibacillus	2920444	G	36	17	53	0.00000
Pradoshia	2651279	G	36	9	45	0.00000
Sediminibacillus	482460	G	29	4	33	0.00000
Radiobacillus	2785518	G	28	4	32	0.00000
Paraliobacillus	200903	G	26	4	30	0.00000
Amphibacillus	29331	G	23	3	26	0.00000
Evansella	2837485	G	22	2	24	0.00000
Paenibacillus	44249	G	19087	1616	20703	0.00148
Brevibacillus	55080	G	2014	316	2330	0.00017
Cohnella	329857	G	1437	204	1641	0.00012
Thermobacillus	76632	G	971	127	1098	0.00008
Saccharibacillus	456492	G	706	73	779	0.00006
Aneurinibacillus	55079	G	147	27	174	0.00001
Planococcus	1372	G	1652	406	2058	0.00015
Solibacillus	648800	G	1046	366	1412	0.00010
Sporosarcina	1569	G	328	61	389	0.00003
Ureibacillus	160795	G	132	114	246	0.00002
Paenisporosarcina	651660	G	47	15	62	0.00000
Kurthia	1649	G	38	13	51	0.00000
Rummeliibacillus	648802	G	38	15	53	0.00000
Jeotgalibacillus	157226	G	34	10	44	0.00000
Viridibacillus	496496	G	21	6	27	0.00000
Tumebacillus	432330	G	1500	426	1926	0.00014
Alicyclobacillus	29330	G	1278	78	1356	0.00010
Kyrpidia	1129704	G	343	14	357	0.00003
Effusibacillus	1502725	G	92	10	102	0.00001
Novibacillus	1677050	G	556	67	623	0.00004
Kroppenstedtia	1274351	G	239	19	258	0.00002
Staphylospora	2689589	G	225	33	258	0.00002
Thermoactinomyces	2023	G	172	31	203	0.00001
Polycladomyces	1348505	G	127	11	138	0.00001
Laceyella	292635	G	123	26	149	0.00001
Staphylococcus	1279	G	539	4447	4986	0.00036
Macrococcus	69965	G	76	19	95	0.00001
Jeotgalicoccus	227979	G	69	7	76	0.00001
Salinicoccus	45669	G	36	9	45	0.00000
Mammaliicoccus	2803850	G	36	15	51	0.00000
Nosocomiicoccus	489909	G	13	1	14	0.00000
Exiguobacterium	33986	G	583	146	729	0.00005
Gemella	1378	G	37	11	48	0.00000
Listeria	1637	G	166	1002	1168	0.00008
Brochothrix	2755	G	23	6	29	0.00000
Sporolactobacillus	2077	G	66	8	74	0.00001
Lactobacillus	1578	G	271	251	522	0.00004
Limosilactobacillus	2742598	G	258	120	378	0.00003
Levilactobacillus	2767886	G	205	38	243	0.00002
Lacticaseibacillus	2759736	G	195	39	234	0.00002
Weissella	46255	G	114	22	136	0.00001
Lactiplantibacillus	2767842	G	109	258	367	0.00003
Schleiferilactobacillus	2767891	G	87	7	94	0.00001
Leuconostoc	1243	G	86	9	95	0.00001
Ligilactobacillus	2767887	G	73	28	101	0.00001
Lentilactobacillus	2767893	G	51	10	61	0.00000
Oenococcus	46254	G	49	1	50	0.00000
Loigolactobacillus	2767889	G	45	14	59	0.00000
Latilactobacillus	2767885	G	43	10	53	0.00000
Secundilactobacillus	2767892	G	41	9	50	0.00000
Pediococcus	1253	G	35	9	44	0.00000
Companilactobacillus	2767879	G	35	3	38	0.00000
Furfurilactobacillus	2767882	G	26	2	28	0.00000
Acetilactobacillus	2767874	G	23	0	23	0.00000
Liquorilactobacillus	2767888	G	21	8	29	0.00000
Periweissella	2930384	G	19	1	20	0.00000
Fructilactobacillus	2767881	G	16	3	19	0.00000
Paucilactobacillus	2767890	G	15	4	19	0.00000
Streptococcus	1301	G	703	894	1597	0.00011
Lactococcus	1357	G	99	92	191	0.00001
Floricoccus	1930830	G	11	2	13	0.00000
Enterococcus	1350	G	271	762	1033	0.00007
Vagococcus	2737	G	80	40	120	0.00001
Tetragenococcus	51668	G	30	6	36	0.00000
Jeotgalibaca	1470540	G	65	21	86	0.00001
Carnobacterium	2747	G	51	11	62	0.00000
Dolosigranulum	29393	G	33	8	41	0.00000
Aerococcus	1375	G	92	22	114	0.00001
Suicoccus	2689587	G	17	9	26	0.00000
Abiotrophia	46123	G	16	3	19	0.00000
Ignavigranum	89092	G	10	1	11	0.00000
Faecalibacterium	216851	G	980	531	1511	0.00011
Flavonifractor	946234	G	511	114	625	0.00004
Dysosmobacter	2591381	G	494	193	687	0.00005
Ethanoligenens	253238	G	294	14	308	0.00002
Vescimonas	2892396	G	261	241	502	0.00004
Ruthenibacterium	1905344	G	238	58	296	0.00002
Caproiciproducens	1738645	G	197	21	218	0.00002
Anaerotruncus	244127	G	173	82	255	0.00002
Ruminococcus	1263	G	158	5	163	0.00001
Caproicibacter	2576755	G	149	7	156	0.00001
Oscillibacter	459786	G	146	40	186	0.00001
Acutalibacter	1918385	G	107	4	111	0.00001
Pusillibacter	2892397	G	101	57	158	0.00001
Solibaculum	2842531	G	87	69	156	0.00001
Acetivibrio	35829	G	86	28	114	0.00001
Caproicibacterium	2834348	G	73	4	77	0.00001
Pseudoclostridium	2304693	G	26	5	31	0.00000
Ruminiclostridium	1508657	G	24	4	28	0.00000
Thermoclostridium	2304691	G	23	1	24	0.00000
Mageeibacillus	1637257	G	20	21	41	0.00000
Fastidiosipila	236752	G	15	7	22	0.00000
Monoglobus	2039302	G	12	5	17	0.00000
Thermaerobacter	73918	G	2887	174	3061	0.00022
Intestinimonas	1392389	G	229	70	299	0.00002
Aminipila	2060094	G	92	5	97	0.00001
Emergencia	1926556	G	62	17	79	0.00001
Mogibacterium	86331	G	15	1	16	0.00000
Flintibacter	1918454	G	151	15	166	0.00001
Massilistercora	2717089	G	66	56	122	0.00001
Carboxydocella	178898	G	56	4	60	0.00000
Fenollaria	1686313	G	14	9	23	0.00000
Clostridium	1485	G	2678	406	3084	0.00022
Paraclostridium	1849822	G	205	51	256	0.00002
Hungatella	1649459	G	102	3	105	0.00001
Alkaliphilus	114627	G	85	10	95	0.00001
Crassaminicella	1848399	G	46	6	52	0.00000
Geosporobacter	390805	G	23	2	25	0.00000
Sarcina	1266	G	21	6	27	0.00000
Candidatus_Arthromitus	49082	G	20	0	20	0.00000
Caloramator	44258	G	19	1	20	0.00000
Serpentinicella	1890059	G	13	1	14	0.00000
Romboutsia	1501226	G	2401	696	3097	0.00022
Paeniclostridium	1849828	G	241	45	286	0.00002
Clostridioides	1870884	G	209	1051	1260	0.00009
Terrisporobacter	1505652	G	93	11	104	0.00001
Acetoanaerobium	186831	G	41	3	44	0.00000
Peptacetobacter	2743582	G	33	6	39	0.00000
Tepidibacter	214904	G	28	4	32	0.00000
Peptoclostridium	1481960	G	26	3	29	0.00000
Lachnoclostridium	1506553	G	265	128	393	0.00003
Blautia	572511	G	221	299	520	0.00004
Roseburia	841	G	105	77	182	0.00001
Enterocloster	2719313	G	101	60	161	0.00001
Anaerostipes	207244	G	86	28	114	0.00001
Anaerocolumna	1843210	G	75	2	77	0.00001
Butyrivibrio	830	G	69	7	76	0.00001
Lacrimispora	2719231	G	65	3	68	0.00000
Coprococcus	33042	G	56	37	93	0.00001
Cellulosilyticum	698776	G	51	3	54	0.00000
Mediterraneibacter	2316020	G	38	35	73	0.00001
Sellimonas	1769710	G	34	15	49	0.00000
Novisyntrophococcus	2888809	G	33	3	36	0.00000
Anaerobutyricum	2569097	G	30	9	39	0.00000
Anaerotignum	2039240	G	29	2	31	0.00000
Dorea	189330	G	23	20	43	0.00000
Faecalicatena	2005359	G	18	7	25	0.00000
Lachnospira	28050	G	18	2	20	0.00000
Herbinix	1663717	G	15	7	22	0.00000
Pseudobutyrivibrio	46205	G	15	0	15	0.00000
Lachnoanaerobaculum	1164882	G	14	3	17	0.00000
Symbiobacterium	2733	G	1144	77	1221	0.00009
Candidatus_Desulforudis	471826	G	322	13	335	0.00002
Desulforamulus	2916693	G	168	29	197	0.00001
Acididesulfobacillus	2924872	G	126	4	130	0.00001
Thermanaerosceptrum	2651578	G	72	9	81	0.00001
Candidatus_Formimonas	2840454	G	64	4	68	0.00000
Desulfofarcimen	2282742	G	42	4	46	0.00000
Dehalobacterium	51514	G	25	4	29	0.00000
Christensenella	990721	G	472	166	638	0.00005
Desulfitobacterium	36853	G	154	33	187	0.00001
Desulfosporosinus	79206	G	137	13	150	0.00001
Dehalobacter	56112	G	80	7	87	0.00001
Syntrophobotulus	51196	G	31	1	32	0.00000
Heliomicrobium	2831443	G	370	118	488	0.00003
Heliorestis	79598	G	42	1	43	0.00000
Eubacterium	1730	G	228	52	280	0.00002
Acetobacterium	33951	G	117	13	130	0.00001
Alkalibacter	274470	G	51	2	53	0.00000
Syntrophothermus	129001	G	47	3	50	0.00000
Candidatus_Contubernalis	338648	G	41	1	42	0.00000
Syntrophomonas	862	G	39	5	44	0.00000
Candidatus_Syntrophocurvum	2293313	G	11	2	13	0.00000
Desulfoscipio	2867376	G	96	6	102	0.00001
Thermincola	278993	G	53	3	56	0.00000
Vallitalea	1348611	G	23	0	23	0.00000
Petrocella	2603323	G	19	2	21	0.00000
Desulfotomaculum	1562	G	38	13	51	0.00000
Caloranaerobacter	171003	G	37	4	41	0.00000
Alkalicella	2838170	G	17	1	18	0.00000
Moorella	44260	G	535	15	550	0.00004
Ammonifex	42837	G	193	5	198	0.00001
Gelria	189326	G	451	26	477	0.00003
Thermacetogenium	140458	G	138	87	225	0.00002
Carboxydothermus	129957	G	82	6	88	0.00001
Thermoanaerobacter	1754	G	45	12	57	0.00000
Thermanaeromonas	202949	G	43	1	44	0.00000
Caldanaerobacter	249529	G	18	22	40	0.00000
Thermoanaerobacterium	28895	G	70	15	85	0.00001
Caldicellulosiruptor	44000	G	65	8	73	0.00001
Zhaonella	2748674	G	47	5	52	0.00000
Mahella	252965	G	46	17	63	0.00000
Thermodesulfobium	227388	G	35	0	35	0.00000
Iocasia	2899804	G	42	3	45	0.00000
Halanaerobium	2330	G	37	4	41	0.00000
Halothermothrix	32636	G	31	4	35	0.00000
Anoxybacter	1769008	G	44	7	51	0.00000
Acetohalobium	28186	G	15	1	16	0.00000
Halobacteroides	42417	G	15	2	17	0.00000
Thermosediminibacter	291988	G	89	5	94	0.00001
Biomaibacter	2770094	G	55	2	57	0.00000
Tepidanaerobacter	499228	G	17	0	17	0.00000
Natranaerofaba	2807497	G	22	0	22	0.00000
Natranaerobius	375928	G	21	0	21	0.00000
Koleobacter	2786989	G	36	2	38	0.00000
Turicibacter	191303	G	2903	1570	4473	0.00032
Allobaculum	174708	G	85	8	93	0.00001
Faecalibaculum	1729679	G	79	11	90	0.00001
Erysipelatoclostridium	1505663	G	56	31	87	0.00001
Erysipelothrix	1647	G	43	7	50	0.00000
Bulleidia	118747	G	18	5	23	0.00000
Intestinibaculum	2679910	G	16	5	21	0.00000
Faecalibacillus	2678885	G	10	7	17	0.00000
Selenomonas	970	G	1581	68	1649	0.00012
Megamonas	158846	G	22	2	24	0.00000
Pectinatus	864	G	15	0	15	0.00000
Sporomusa	2375	G	92	10	102	0.00001
Methylomusa	2093783	G	66	4	70	0.00001
Pelosinus	365348	G	60	6	66	0.00000
Megasphaera	906	G	482	147	629	0.00004
Dialister	39948	G	71	2	73	0.00001
Veillonella	29465	G	54	5	59	0.00000
Acidaminococcus	904	G	149	10	159	0.00001
Phascolarctobacterium	33024	G	135	34	169	0.00001
Limnochorda	1676651	G	1124	36	1160	0.00008
Peptoniphilus	162289	G	84	20	104	0.00001
Murdochiella	1161127	G	36	27	63	0.00000
Anaerococcus	165779	G	26	16	42	0.00000
Finegoldia	150022	G	15	9	24	0.00000
Helcococcus	31983	G	11	3	14	0.00000
Parvimonas	543311	G	11	15	26	0.00000
Schnuerera	2794837	G	42	3	45	0.00000
Gudongella	2692382	G	19	3	22	0.00000
Tissierella	41273	G	16	2	18	0.00000
Keratinibaculum	1354809	G	11	3	14	0.00000
Gottschalkia	1505664	G	30	2	32	0.00000
Ezakiella	1582879	G	92	154	246	0.00002
Sedimentibacter	190972	G	21	1	22	0.00000
Ndongobacter	1930845	G	49	53	102	0.00001
Synechococcus	1129	G	6956	664	7620	0.00054
Dactylococcopsis	13034	G	42	16	58	0.00000
Cyanobium	167375	G	1425	311	1736	0.00012
Prochlorococcus	1218	G	119	5	124	0.00001
Parasynechococcus	2881427	G	111	33	144	0.00001
Acaryochloris	155977	G	116	3	119	0.00001
Chamaesiphon	217161	G	113	6	119	0.00001
Synechocystis	1142	G	104	4	108	0.00001
Nostoc	1177	G	1216	195	1411	0.00010
Anabaena	1163	G	142	559	701	0.00005
Cylindrospermum	56106	G	48	4	52	0.00000
Trichormus	264688	G	46	4	50	0.00000
Richelia	98443	G	25	2	27	0.00000
Calothrix	1186	G	731	62	793	0.00006
Sphaerospermopsis	752201	G	119	16	135	0.00001
Nodularia	159191	G	89	8	97	0.00001
Dolichospermum	748770	G	70	206	276	0.00002
Anabaenopsis	110103	G	49	20	69	0.00000
Cylindrospermopsis	77021	G	17	2	19	0.00000
Scytonema	1203	G	211	28	239	0.00002
Brasilonema	383614	G	54	5	59	0.00000
Fischerella	1190	G	121	14	135	0.00001
Tolypothrix	111782	G	99	18	117	0.00001
Rivularia	373984	G	39	2	41	0.00000
Leptolyngbya	47251	G	2481	140	2621	0.00019
Kovacikia	1874526	G	227	21	248	0.00002
Leptothermofonsia	2917830	G	138	12	150	0.00001
Leptodesmis	2664261	G	94	10	104	0.00001
Thermoleptolyngbya	2303528	G	319	18	337	0.00002
Thermosynechococcus	146785	G	180	16	196	0.00001
Halomicronema	170610	G	154	6	160	0.00001
Pseudanabaena	1152	G	112	5	117	0.00001
Gloeobacter	33071	G	2031	46	2077	0.00015
Anthocerotibacter	2857076	G	162	5	167	0.00001
Moorena	1155738	G	251	6	257	0.00002
Oscillatoria	1158	G	213	59	272	0.00002
Geitlerinema	63132	G	354	50	404	0.00003
Allocoleopsis	2886347	G	112	11	123	0.00001
Oxynema	1492710	G	173	14	187	0.00001
Microcoleus	44471	G	135	44	179	0.00001
Planktothrix	54304	G	43	6	49	0.00000
Koinonema	2023214	G	108	5	113	0.00001
Crinalium	241421	G	46	5	51	0.00000
Limnospira	2596745	G	24	1	25	0.00000
Microcystis	1125	G	215	54	269	0.00002
Gloeothece	28070	G	72	4	76	0.00001
Rippkaea	2546365	G	38	5	43	0.00000
Halothece	76023	G	25	8	33	0.00000
Euhalothece	65097	G	11	1	12	0.00000
Crocosphaera	263510	G	28	3	31	0.00000
Candidatus_Atelocyanobacterium	1453359	G	10	2	12	0.00000
Geminocystis	669357	G	79	10	89	0.00001
Gloeocapsa	102231	G	52	5	57	0.00000
Chondrocystis	268175	G	27	4	31	0.00000
Cyanobacterium	102234	G	30	8	38	0.00000
Chroococcidiopsis	54298	G	278	39	317	0.00002
Pleurocapsa	44474	G	89	9	98	0.00001
Stanieria	102115	G	48	4	52	0.00000
Gloeomargarita	1188227	G	58	2	60	0.00000
Thermostichus	2881385	G	45	27	72	0.00001
Deinococcus	1298	G	14749	765	15514	0.00111
Thermus	270	G	2026	133	2159	0.00015
Oceanithermus	208447	G	1199	106	1305	0.00009
Meiothermus	65551	G	1197	66	1263	0.00009
Marinithermus	186191	G	687	109	796	0.00006
Truepera	332248	G	1140	51	1191	0.00009
Sphaerobacter	2056	G	3045	187	3232	0.00023
Thermomicrobium	499	G	724	16	740	0.00005
Roseiflexus	120961	G	2525	148	2673	0.00019
Chloroflexus	1107	G	876	38	914	0.00007
Tepidiforma	2682228	G	2624	95	2719	0.00019
Candidatus_Promineofilum	1988031	G	1855	31	1886	0.00013
Caldilinea	233191	G	1188	82	1270	0.00009
Anaerolinea	233189	G	450	60	510	0.00004
Pelolinea	1649478	G	379	24	403	0.00003
Brevefilum	2019482	G	180	9	189	0.00001
Dehalogenimonas	670486	G	418	15	433	0.00003
Dehalococcoides	61434	G	221	6	227	0.00002
Phototrophicus	2922426	G	601	6	607	0.00004
Ktedonosporobacter	2692417	G	402	13	415	0.00003
Thermobaculum	262406	G	333	41	374	0.00003
Fimbriimonas	1005038	G	1218	5	1223	0.00009
Chthonomonas	1077265	G	230	1	231	0.00002
Mycoplasma	2093	G	103	22	125	0.00001
Mycoplasmopsis	2767358	G	62	20	82	0.00001
Mesomycoplasma	2923352	G	19	1	20	0.00000
Spiroplasma	2132	G	79	8	87	0.00001
Mesoplasma	46239	G	18	10	28	0.00000
Williamsoniiplasma	2919614	G	14	5	19	0.00000
Candidatus_Phytoplasma	33926	G	36	4	40	0.00000
Alteracholeplasma	2903105	G	16	4	20	0.00000
Metamycoplasma	2895509	G	24	19	43	0.00000
Candidatus_Izimaplasma	1912503	G	12	0	12	0.00000
Gemmata	113	G	47963	3765	51728	0.00369
Urbifossiella	2807415	G	47725	3537	51262	0.00366
Frigoriglobus	2774146	G	25200	3465	28665	0.00205
Limnoglobus	2731450	G	14963	600	15563	0.00111
Tuwongella	2051044	G	1314	46	1360	0.00010
Telmatocola	1382832	G	1131	9	1140	0.00008
Lacipirellula	2691417	G	41734	2638	44372	0.00317
Botrimarina	2795782	G	7128	617	7745	0.00055
Pirellulimonas	2795783	G	6499	659	7158	0.00051
Aeoliella	2795781	G	2668	207	2875	0.00021
Adhaeretor	2862451	G	1516	143	1659	0.00012
Bythopirellula	1400386	G	1484	101	1585	0.00011
Anatilimnocola	2807414	G	7580	899	8479	0.00061
Lignipirellula	2795775	G	4936	613	5549	0.00040
Rosistilla	2795779	G	4293	313	4606	0.00033
Pirellula	123	G	4263	137	4400	0.00031
Stieleria	2795973	G	4254	439	4693	0.00034
Bremerella	2714594	G	3742	271	4013	0.00029
Roseimaritima	1579506	G	2470	162	2632	0.00019
Rubripirellula	1579505	G	1099	215	1314	0.00009
Rhodopirellula	265488	G	890	58	948	0.00007
Aureliella	2795605	G	828	67	895	0.00006
Mariniblastus	2005380	G	825	14	839	0.00006
Thermogutta	1676125	G	636	19	655	0.00005
Tautonia	2680020	G	34270	2486	36756	0.00262
Aquisphaera	1511635	G	18166	2588	20754	0.00148
Paludisphaera	1763521	G	16586	3062	19648	0.00140
Singulisphaera	466152	G	14961	1844	16805	0.00120
Isosphaera	127	G	1705	103	1808	0.00013
Planctomyces	118	G	25243	5160	30403	0.00217
Caulifigura	2795778	G	18181	1111	19292	0.00138
Gimesia	1649453	G	6692	349	7041	0.00050
Maioricimonas	2795777	G	5338	648	5986	0.00043
Alienimonas	2714737	G	4067	275	4342	0.00031
Symmachiella	2795780	G	2060	117	2177	0.00016
Rubinisphaera	1649490	G	1340	125	1465	0.00010
Calycomorphotria	2795776	G	1315	47	1362	0.00010
Planctopirus	1649480	G	1278	45	1323	0.00009
Fuerstiella	1936111	G	1188	20	1208	0.00009
Crateriforma	2714592	G	1015	173	1188	0.00008
Polystyrenella	2795774	G	449	37	486	0.00003
Thalassoglobus	2795865	G	394	19	413	0.00003
Humisphaera	2807511	G	8671	184	8855	0.00063
Phycisphaera	666508	G	2421	171	2592	0.00019
Mucisphaera	2913022	G	1313	69	1382	0.00010
Poriferisphaera	2803301	G	188	1	189	0.00001
Sedimentisphaera	2483368	G	110	47	157	0.00001
Limihaloglobus	2690160	G	98	7	105	0.00001
Anaerohalosphaera	2690159	G	202	8	210	0.00002
Candidatus_Kuenenia	380738	G	76	0	76	0.00001
Candidatus_Uabimicrobium	2897349	G	61	0	61	0.00000
Roseimicrobium	1348508	G	40208	702	40910	0.00292
Luteolibacter	518753	G	4914	111	5025	0.00036
Verrucomicrobium	2735	G	4404	216	4620	0.00033
Sulfuriroseicoccus	2911469	G	423	21	444	0.00003
Akkermansia	239934	G	1025	54	1079	0.00008
Opitutus	178440	G	10943	910	11853	0.00085
Lacunisphaera	1961799	G	5342	711	6053	0.00043
Nibricoccus	2576890	G	3904	160	4064	0.00029
Oleiharenicola	2100741	G	2944	147	3091	0.00022
Ereboglobus	2028344	G	1505	66	1571	0.00011
Ruficoccus	2175957	G	616	73	689	0.00005
Coraliomargarita	442430	G	177	4	181	0.00001
Methylacidimicrobium	1541670	G	797	54	851	0.00006
Candidatus_Xiphinematobacter	134550	G	129	7	136	0.00001
Methylacidiphilum	511745	G	97	2	99	0.00001
Kiritimatiella	1921784	G	552	621	1173	0.00008
Tichowtungia	2907187	G	255	7	262	0.00002
Candidatus_Protochlamydia	282132	G	57	12	69	0.00000
Parachlamydia	83551	G	28	6	34	0.00000
Neochlamydia	112987	G	15	2	17	0.00000
Waddlia	71666	G	25	2	27	0.00000
Candidatus_Rhabdochlamydia	292833	G	24	2	26	0.00000
Simkania	34093	G	17	1	18	0.00000
Chlamydia	810	G	79	30	109	0.00001
Candidatus_Velamenicoccus	2789201	G	161	0	161	0.00001
Chitinophaga	79328	G	27086	1266	28352	0.00202
Niastella	354354	G	5763	518	6281	0.00045
Flavisolibacter	398041	G	2355	170	2525	0.00018
Pseudobacter	1860196	G	2127	159	2286	0.00016
Flavihumibacter	1004301	G	1683	83	1766	0.00013
Niabella	379899	G	1574	105	1679	0.00012
Arachidicoccus	1769012	G	1505	191	1696	0.00012
Paraflavitalea	2698688	G	1477	97	1574	0.00011
Pseudocnuella	2812019	G	1360	143	1503	0.00011
Ferruginibacter	1004303	G	1124	59	1183	0.00008
Panacibacter	1874621	G	891	36	927	0.00007
Lacibacter	649461	G	814	32	846	0.00006
Filimonas	649460	G	743	76	819	0.00006
Phnomibacter	2836216	G	639	68	707	0.00005
Hymenobacter	89966	G	16522	749	17271	0.00123
Pontibacter	323449	G	5102	542	5644	0.00040
Rufibacter	1379908	G	1161	267	1428	0.00010
Adhaeribacter	299566	G	913	67	980	0.00007
Nibribacter	1649474	G	268	146	414	0.00003
Dyadobacter	120831	G	5455	374	5829	0.00042
Fibrella	861914	G	1061	85	1146	0.00008
Runella	105	G	814	31	845	0.00006
Larkinella	332157	G	334	24	358	0.00003
Leadbetterella	319458	G	160	87	247	0.00002
Arcticibacterium	2173039	G	98	6	104	0.00001
Chryseolinea	1433993	G	6141	206	6347	0.00045
Fulvivirga	396811	G	744	45	789	0.00006
Spirosoma	107	G	4788	251	5039	0.00036
Rhodocytophaga	455076	G	652	25	677	0.00005
Cytophaga	978	G	281	27	308	0.00002
Aquirufa	2676247	G	185	31	216	0.00002
Echinicola	390846	G	813	150	963	0.00007
Algoriphagus	246875	G	684	84	768	0.00005
Cyclobacterium	68288	G	209	26	235	0.00002
Aquiflexum	280472	G	171	26	197	0.00001
Belliella	232244	G	107	52	159	0.00001
Mongoliitalea	1511649	G	106	12	118	0.00001
Flammeovirga	59739	G	230	17	247	0.00002
Mangrovivirga	2858886	G	163	12	175	0.00001
Candidatus_Amoebophilus	281119	G	67	6	73	0.00001
Candidatus_Cardinium	273135	G	60	16	76	0.00001
Marivirga	869806	G	123	51	174	0.00001
Bernardetia	1937972	G	70	5	75	0.00001
Flavobacterium	237	G	16788	1793	18581	0.00133
Muricauda	111500	G	890	247	1137	0.00008
Gramella	292691	G	764	132	896	0.00006
Capnocytophaga	1016	G	713	105	818	0.00006
Polaribacter	52959	G	687	107	794	0.00006
Nonlabens	363408	G	440	70	510	0.00004
Winogradskyella	286104	G	415	107	522	0.00004
Myroides	76831	G	377	137	514	0.00004
Maribacter	252356	G	312	83	395	0.00003
Antarcticibacterium	2058174	G	307	44	351	0.00003
Aequorivita	153265	G	286	11	297	0.00002
Tenacibaculum	104267	G	279	52	331	0.00002
Cellulophaga	104264	G	275	54	329	0.00002
Robiginitalea	252306	G	237	14	251	0.00002
Salegentibacter	143222	G	237	130	367	0.00003
Sinomicrobium	1434045	G	227	9	236	0.00002
Formosa	225842	G	223	45	268	0.00002
Aquimarina	290174	G	202	14	216	0.00002
Dokdonia	326319	G	157	13	170	0.00001
Kordia	221065	G	151	10	161	0.00001
Zunongwangia	417127	G	150	124	274	0.00002
Lutibacter	358023	G	131	14	145	0.00001
Leeuwenhoekiella	283735	G	130	31	161	0.00001
Lacinutrix	291183	G	127	35	162	0.00001
Flagellimonas	444459	G	125	10	135	0.00001
Algibacter	261827	G	124	44	168	0.00001
Seonamhaeicola	1649495	G	98	18	116	0.00001
Zhouia	561555	G	96	26	122	0.00001
Pukyongia	2831916	G	95	6	101	0.00001
Euzebyella	1287916	G	90	56	146	0.00001
Muriicola	762641	G	90	6	96	0.00001
Sediminicola	389486	G	90	9	99	0.00001
Constantimarinum	2907134	G	82	8	90	0.00001
Zobellia	112040	G	80	5	85	0.00001
Arenibacter	178469	G	80	29	109	0.00001
Aggregatimonas	2913017	G	79	3	82	0.00001
Gilvibacter	379070	G	77	11	88	0.00001
Tamlana	393005	G	77	13	90	0.00001
Psychroflexus	83612	G	74	6	80	0.00001
Costertonia	343334	G	74	18	92	0.00001
Mesoflavibacter	444051	G	73	23	96	0.00001
Mariniflexile	527198	G	70	7	77	0.00001
Gillisia	244698	G	66	25	91	0.00001
Olleya	336276	G	65	65	130	0.00001
Galbibacter	379068	G	61	7	68	0.00000
Marixanthomonas	387658	G	57	19	76	0.00001
Bizionia	283785	G	55	13	68	0.00000
Amniculibacterium	2715289	G	54	60	114	0.00001
Changchengzhania	2049301	G	52	7	59	0.00000
Aegicerativicinus	2893197	G	51	3	54	0.00000
Flavivirga	1209327	G	50	4	54	0.00000
Urechidicola	2700084	G	49	82	131	0.00001
Oceanihabitans	2045416	G	42	19	61	0.00000
Siansivirga	1204360	G	41	11	52	0.00000
Croceibacter	216431	G	40	8	48	0.00000
Sabulilitoribacter	1573059	G	37	9	46	0.00000
Wenyingzhuangia	1518147	G	31	6	37	0.00000
Psychroserpens	49277	G	24	59	83	0.00001
Chryseobacterium	59732	G	5377	1954	7331	0.00052
Kaistella	2782231	G	505	73	578	0.00004
Epilithonimonas	2782229	G	154	167	321	0.00002
Elizabethkingia	308865	G	756	819	1575	0.00011
Empedobacter	59734	G	288	159	447	0.00003
Apibacter	1778601	G	136	18	154	0.00001
Cruoricaptor	1433995	G	100	20	120	0.00001
Ornithobacterium	28250	G	97	91	188	0.00001
Cloacibacterium	501783	G	88	55	143	0.00001
Riemerella	34084	G	71	32	103	0.00001
Weeksella	1013	G	39	22	61	0.00000
Bergeyella	59735	G	39	8	47	0.00000
Faecalibacter	2766734	G	24	4	28	0.00000
Fluviicola	332102	G	252	16	268	0.00002
Crocinitomix	246873	G	73	2	75	0.00001
Blattabacterium	34098	G	258	24	282	0.00002
Owenweeksia	267986	G	119	14	133	0.00001
Croceimicrobium	2828338	G	86	24	110	0.00001
Candidatus_Sulcia	336809	G	30	7	37	0.00000
Candidatus_Walczuchella	1940138	G	19	1	20	0.00000
Ichthyobacterium	1755829	G	18	0	18	0.00000
Mucilaginibacter	423349	G	15510	1946	17456	0.00125
Pedobacter	84567	G	6263	410	6673	0.00048
Sphingobacterium	28453	G	2588	1222	3810	0.00027
Olivibacter	376469	G	403	36	439	0.00003
Solitalea	929509	G	377	25	402	0.00003
Anseongella	1773450	G	325	12	337	0.00002
Pseudopedobacter	1649482	G	132	120	252	0.00002
Alistipes	239759	G	3233	1230	4463	0.00032
Bacteroides	816	G	1710	861	2571	0.00018
Phocaeicola	909656	G	275	156	431	0.00003
Prevotella	838	G	1627	209	1836	0.00013
Pseudoprevotella	2884814	G	89	8	97	0.00001
Paraprevotella	577309	G	76	73	149	0.00001
Parabacteroides	375288	G	501	335	836	0.00006
Tannerella	195950	G	347	21	368	0.00003
Sodaliphilus	2815786	G	219	117	336	0.00002
Duncaniella	2518495	G	190	5	195	0.00001
Muribaculum	1918540	G	179	17	196	0.00001
Porphyromonas	836	G	515	59	574	0.00004
Proteiniphilum	294702	G	158	8	166	0.00001
Petrimonas	307628	G	122	7	129	0.00001
Dysgonomonas	156973	G	76	1	77	0.00001
Barnesiella	397864	G	153	214	367	0.00003
Coprobacter	1348911	G	33	32	65	0.00000
Butyricimonas	574697	G	98	42	140	0.00001
Odoribacter	283168	G	77	12	89	0.00001
Paludibacter	346096	G	82	2	84	0.00001
Tenuifilum	2760873	G	55	1	56	0.00000
Salinivirga	1970191	G	48	1	49	0.00000
Draconibacterium	1471399	G	227	7	234	0.00002
Maribellus	2678352	G	105	2	107	0.00001
Alkalitalea	1193324	G	82	7	89	0.00001
Labilibaculum	2060722	G	61	4	65	0.00000
Rhodocaloribacter	2893090	G	2361	203	2564	0.00018
Rhodothermus	29548	G	2279	109	2388	0.00017
Salinibacter	146918	G	1380	19	1399	0.00010
Haliscomenobacter	2349	G	389	6	395	0.00003
Saprospira	1007	G	82	3	85	0.00001
Candidatus_Sulfidibacterium	2923290	G	160	6	166	0.00001
Chlorobaculum	256319	G	1310	82	1392	0.00010
Pelodictyon	1099	G	302	38	340	0.00002
Chlorobium	1091	G	263	25	288	0.00002
Prosthecochloris	1101	G	516	38	554	0.00004
Chloroherpeton	100715	G	102	1	103	0.00001
Candidatus_Cyclonatronum	2489367	G	197	19	216	0.00002
Melioribacter	1134403	G	90	5	95	0.00001
Ignavibacterium	795750	G	57	4	61	0.00000
Gemmatirosa	1706036	G	40740	3247	43987	0.00314
Gemmatimonas	173479	G	15216	361	15577	0.00111
Fibrobacter	832	G	123	1	124	0.00001
Candidatus_Cloacimonas	456826	G	26	0	26	0.00000
Luteitalea	2004797	G	82397	3455	85852	0.00613
Granulicella	940557	G	5117	486	5603	0.00040
Terriglobus	392733	G	3541	389	3930	0.00028
Edaphobacter	388463	G	2551	310	2861	0.00020
Acidobacterium	33973	G	2439	189	2628	0.00019
Candidatus_Koribacter	658061	G	1765	53	1818	0.00013
Acidisarcina	2608728	G	875	60	935	0.00007
Paludibaculum	1649475	G	4668	121	4789	0.00034
Chloracidobacterium	458032	G	1881	40	1921	0.00014
Sulfidibacter	2915177	G	1386	24	1410	0.00010
Thermotomaculum	1172428	G	51	2	53	0.00000
Nitrospira	1234	G	4975	59	5034	0.00036
Leptospirillum	179	G	200	2	202	0.00001
Dissulfurispira	2811506	G	50	3	53	0.00000
Thermodesulfovibrio	28261	G	35	0	35	0.00000
Treponema	157	G	724	84	808	0.00006
Spirochaeta	146	G	456	10	466	0.00003
Salinispira	1616789	G	64	1	65	0.00000
Sediminispirochaeta	1911556	G	50	0	50	0.00000
Oceanispirochaeta	2035349	G	24	0	24	0.00000
Sphaerochaeta	399320	G	202	6	208	0.00001
Breznakiella	2845254	G	102	4	106	0.00001
Borrelia	138	G	40	6	46	0.00000
Borreliella	64895	G	12	15	27	0.00000
Leptospira	171	G	362	50	412	0.00003
Turneriella	338321	G	280	1	281	0.00002
Brachyspira	29521	G	41	0	41	0.00000
Pyramidobacter	638847	G	333	13	346	0.00002
Fretibacterium	1434006	G	300	3	303	0.00002
Aminomonas	81411	G	234	15	249	0.00002
Cloacibacillus	508459	G	226	34	260	0.00002
Jonquetella	428711	G	184	21	205	0.00001
Thermanaerovibrio	81461	G	175	24	199	0.00001
Aminobacterium	81466	G	40	1	41	0.00000
Acetomicrobium	49894	G	36	0	36	0.00000
Thermovirga	336260	G	28	17	45	0.00000
Candidatus_Nanosynbacter	2093823	G	292	179	471	0.00003
Candidatus_Saccharimonas	1331051	G	216	2	218	0.00002
Candidatus_Bipolaricaulis	2250122	G	261	8	269	0.00002
Candidatus_Babela	1551504	G	54	0	54	0.00000
Candidatus_Chazhemtobacterium	2715734	G	41	0	41	0.00000
Candidatus_Absconditicoccus	2900570	G	24	0	24	0.00000
Thermotoga	2335	G	154	12	166	0.00001
Pseudothermotoga	1643951	G	52	2	54	0.00000
Fervidobacterium	2422	G	35	3	38	0.00000
Thermosipho	2420	G	30	3	33	0.00000
Mesotoga	1184396	G	62	2	64	0.00000
Kosmotoga	651456	G	17	1	18	0.00000
Marinitoga	160798	G	29	0	29	0.00000
Defluviitoga	1511648	G	10	11	21	0.00000
Athalassotoga	1769718	G	34	0	34	0.00000
Thermocrinis	75905	G	45	11	56	0.00000
Hydrogenobacter	939	G	38	6	44	0.00000
Aquifex	2713	G	20	2	22	0.00000
Persephonella	182899	G	39	3	42	0.00000
Sulfurihydrogenibium	212790	G	32	5	37	0.00000
Thermosulfidibacter	412592	G	51	1	52	0.00000
Thermovibrio	171868	G	33	4	37	0.00000
Desulfurobacterium	64159	G	12	1	13	0.00000
Fusobacterium	848	G	150	23	173	0.00001
Ilyobacter	167639	G	10	0	10	0.00000
Leptotrichia	32067	G	64	17	81	0.00001
Sebaldella	32068	G	13	0	13	0.00000
Thermosulfurimonas	1522431	G	102	9	111	0.00001
Thermodesulfatator	241192	G	44	4	48	0.00000
Thermosulfuriphilus	2033601	G	39	1	40	0.00000
Thermodesulfobacterium	1740	G	23	3	26	0.00000
Geovibrio	46200	G	57	16	73	0.00001
Flexistipes	2351	G	38	6	44	0.00000
Denitrovibrio	117999	G	25	5	30	0.00000
Calditerrivibrio	545865	G	19	3	22	0.00000
Mucispirillum	248038	G	18	2	20	0.00000
Deferribacter	53572	G	12	3	15	0.00000
Desulfurispirillum	393029	G	196	71	267	0.00002
Caldithrix	187144	G	196	1	197	0.00001
Endomicrobium	1408194	G	66	0	66	0.00000
Elusimicrobium	423604	G	64	0	64	0.00000
Caldisericum	693074	G	68	0	68	0.00000
Dictyoglomus	13	G	34	0	34	0.00000
Coprothermobacter	68335	G	34	5	39	0.00000
Atribacter	2847777	G	24	0	24	0.00000
Fusarium	5506	G	33839	2254	36093	0.00258
Pochonia	243023	G	7377	245	7622	0.00054
Metarhizium	5529	G	5037	415	5452	0.00039
Ustilaginoidea	124426	G	702	27	729	0.00005
Trichoderma	5543	G	4966	167	5133	0.00037
Purpureocillium	1052105	G	2246	111	2357	0.00017
Drechmeria	98402	G	750	26	776	0.00006
Beauveria	5581	G	1711	56	1767	0.00013
Cordyceps	45234	G	699	53	752	0.00005
Clonostachys	110564	G	538	29	567	0.00004
Colletotrichum	5455	G	945	187	1132	0.00008
Thermothelomyces	1920207	G	6616	445	7061	0.00050
Thermothielavioides	2609811	G	6002	552	6554	0.00047
Neurospora	5140	G	2041	131	2172	0.00016
Pyricularia	48558	G	1074	9	1083	0.00008
Neopestalotiopsis	1562158	G	750	6	756	0.00005
Botrytis	33196	G	244	1	245	0.00002
Aspergillus	5052	G	1017	86	1103	0.00008
Penicillium	5073	G	1007	66	1073	0.00008
Paecilomyces	33202	G	283	17	300	0.00002
Talaromyces	5094	G	151	14	165	0.00001
Ampelomyces	50729	G	497	61	558	0.00004
Paraphaeosphaeria	125369	G	401	163	564	0.00004
Zymoseptoria	1047167	G	202	5	207	0.00001
Cercospora	29002	G	188	2	190	0.00001
Eremothecium	33170	G	97	90	187	0.00001
Saccharomyces	4930	G	61	7	68	0.00000
Naumovozyma	278028	G	58	6	64	0.00000
Tetrapisispora	113604	G	54	3	57	0.00000
Kluyveromyces	4910	G	42	6	48	0.00000
Kazachstania	71245	G	39	3	42	0.00000
Lachancea	300275	G	36	3	39	0.00000
Zygotorulaspora	1196389	G	33	6	39	0.00000
Torulaspora	4948	G	28	3	31	0.00000
Nakaseomyces	374468	G	22	2	24	0.00000
Zygosaccharomyces	4953	G	17	1	18	0.00000
Brettanomyces	13366	G	88	7	95	0.00001
Pichia	4919	G	44	5	49	0.00000
Ogataea	461281	G	29	2	31	0.00000
Candida	1535326	G	107	4	111	0.00001
Scheffersomyces	766733	G	20	1	21	0.00000
Sugiyamaella	410829	G	101	10	111	0.00001
Yarrowia	4951	G	88	2	90	0.00001
Saccharomycodes	36034	G	16	4	20	0.00000
Schizosaccharomyces	4895	G	36	0	36	0.00000
Pseudozyma	63298	G	867	8	875	0.00006
Ustilago	5269	G	281	9	290	0.00002
Sporisorium	63265	G	260	44	304	0.00002
Malassezia	55193	G	92	19	111	0.00001
Phlebiopsis	82309	G	264	9	273	0.00002
Rhizoctonia	1322061	G	97	7	104	0.00001
Marasmius	34448	G	108	10	118	0.00001
Cryptococcus	5206	G	105	9	114	0.00001
Encephalitozoon	6033	G	28	0	28	0.00000
Phytophthora	4783	G	2282	424	2706	0.00019
Pythium	4797	G	264	8	272	0.00002
