name	taxonomy_id	taxonomy_lvl	kraken_assigned_reads	added_reads	new_est_reads	fraction_total_reads
Bradyrhizobium_sp._200	2782665	S	61707	10666	72373	0.00519
Bradyrhizobium_sp._170	2782641	S	50973	10123	61096	0.00438
Bradyrhizobium_sp._CCBAU_051011	858422	S	45423	6877	52300	0.00375
Bradyrhizobium_sp._CCBAU_51765	1325102	S	39247	27729	66976	0.00480
Bradyrhizobium_sp._191	2782659	S	16662	12673	29335	0.00210
Bradyrhizobium_sp._CCBAU_51753	1325100	S	15931	2793	18724	0.00134
Bradyrhizobium_sp._I71	2590772	S	14982	10127	25109	0.00180
Bradyrhizobium_sp._CCBAU_53351	1325114	S	14633	5934	20567	0.00147
Bradyrhizobium_sp._195	2782662	S	10913	3100	14013	0.00100
Bradyrhizobium_sp._1(2017)	1404888	S	10897	2734	13631	0.00098
Bradyrhizobium_sp._CCGE-LA001	1223566	S	9933	2976	12909	0.00093
Bradyrhizobium_sp._SK17	2057741	S	9773	2672	12445	0.00089
Bradyrhizobium_sp._186	2782654	S	9722	2060	11782	0.00084
Bradyrhizobium_sp._BTAi1	288000	S	9609	1443	11052	0.00079
Bradyrhizobium_sp._ORS_278	114615	S	9587	1791	11378	0.00082
Bradyrhizobium_sp._A19	2898149	S	9539	1365	10904	0.00078
Bradyrhizobium_sp._ORS_285	115808	S	9484	1733	11217	0.00080
Bradyrhizobium_sp._CCBAU_53421	1325120	S	8080	2021	10101	0.00072
Bradyrhizobium_sp._CCBAU_53340	1325112	S	7876	2460	10336	0.00074
Bradyrhizobium_sp._CCBAU_53338	1325111	S	7468	2456	9924	0.00071
Bradyrhizobium_sp._6(2017)	1197460	S	6141	2408	8549	0.00061
Bradyrhizobium_sp._S2-11-2	2840472	S	5463	3192	8655	0.00062
Bradyrhizobium_sp._S2-11-4	2840473	S	4602	3136	7738	0.00055
Bradyrhizobium_sp._41S5	1404443	S	4564	2471	7035	0.00050
Bradyrhizobium_sp._S2-20-1	2840469	S	4500	2788	7288	0.00052
Bradyrhizobium_sp._C-145	574727	S	3713	2957	6670	0.00048
Bradyrhizobium_sp.	376	S	2452	6452	8904	0.00064
Bradyrhizobium_sp._40	2782674	S	1876	3238	5114	0.00037
Bradyrhizobium_sp._144S4	2823807	S	1777	3468	5245	0.00038
Bradyrhizobium_sp._4	2782678	S	1682	3250	4932	0.00035
Bradyrhizobium_sp._323S2	1404649	S	1667	3325	4992	0.00036
Bradyrhizobium_sp._192	2782660	S	1529	2941	4470	0.00032
Bradyrhizobium_sp._LCT2	2493093	S	1034	2319	3353	0.00024
Bradyrhizobium_sp._SG09	2599805	S	784	4431	5215	0.00037
Bradyrhizobium_sp._TM102	2599819	S	779	4200	4979	0.00036
Bradyrhizobium_sp._187	2782655	S	587	2225	2812	0.00020
Bradyrhizobium_sp._1S5	2816456	S	260	2216	2476	0.00018
Bradyrhizobium_sp._172	2782643	S	252	2332	2584	0.00019
Bradyrhizobium_sp._CW1	2782686	S	220	2587	2807	0.00020
Bradyrhizobium_sp._38S5	2819348	S	206	1911	2117	0.00015
Bradyrhizobium_sp._155	2782629	S	201	2754	2955	0.00021
Bradyrhizobium_sp._131	2782609	S	190	2359	2549	0.00018
Bradyrhizobium_sp._CCBAU_21365	1325083	S	26	1014	1040	0.00007
Bradyrhizobium_paxllaeri	190148	S	39503	5908	45411	0.00326
Bradyrhizobium_icense	1274631	S	36014	4155	40169	0.00288
Bradyrhizobium_erythrophlei	1437360	S	31195	2086	33281	0.00239
Bradyrhizobium_diazoefficiens	1355477	S	30199	37319	67518	0.00484
Bradyrhizobium_guangxiense	1325115	S	13728	4850	18578	0.00133
Bradyrhizobium_lablabi	722472	S	10926	9711	20637	0.00148
Bradyrhizobium_japonicum	375	S	10221	12778	22999	0.00165
Bradyrhizobium_genosp._L	83637	S	10111	1670	11781	0.00084
Bradyrhizobium_vignae	1549949	S	9787	1894	11681	0.00084
Bradyrhizobium_canariense	255045	S	9647	12208	21855	0.00157
Bradyrhizobium_arachidis	858423	S	9522	2222	11744	0.00084
Bradyrhizobium_oligotrophicum	44255	S	7965	1163	9128	0.00065
Bradyrhizobium_guangdongense	1325090	S	6972	2114	9086	0.00065
Bradyrhizobium_daqingense	993502	S	6937	3049	9986	0.00072
Bradyrhizobium_cosmicum	1404864	S	6696	1777	8473	0.00061
Bradyrhizobium_genosp._B	83627	S	6343	1112	7455	0.00053
Bradyrhizobium_guangzhouense	1325095	S	6016	1858	7874	0.00056
Bradyrhizobium_quebecense	2748629	S	5900	2695	8595	0.00062
Bradyrhizobium_septentrionale	1404411	S	4946	2431	7377	0.00053
Bradyrhizobium_amphicarpaeae	1404768	S	4836	1633	6469	0.00046
Bradyrhizobium_betae	244734	S	4169	1863	6032	0.00043
Bradyrhizobium_symbiodeficiens	1404367	S	4161	5031	9192	0.00066
Bradyrhizobium_zhanjiangense	1325107	S	3081	2483	5564	0.00040
Bradyrhizobium_elkanii	29448	S	1587	4393	5980	0.00043
Bradyrhizobium_ottawaense	931866	S	1427	6960	8387	0.00060
Rhodopseudomonas_palustris	1076	S	24380	7544	31924	0.00229
Rhodopseudomonas_sp._SK50-23	340268	S	3451	599	4050	0.00029
Rhodopseudomonas_boonkerdii	475937	S	3378	710	4088	0.00029
Tardiphaga_sp._37S4	1404741	S	1924	1363	3287	0.00024
Tardiphaga_sp._vice154	2592814	S	125	2113	2238	0.00016
Tardiphaga_sp._vice278	2592815	S	82	2186	2268	0.00016
Tardiphaga_sp._vice304	2592817	S	46	955	1001	0.00007
Tardiphaga_sp._vice352	2592816	S	18	597	615	0.00004
Tardiphaga_robiniae	943830	S	2027	1284	3311	0.00024
Afipia_sp._GAS231	1882747	S	4739	2194	6933	0.00050
Afipia_carboxidovorans	40137	S	4326	1772	6098	0.00044
Nitrobacter_hamburgensis	912	S	5294	749	6043	0.00043
Nitrobacter_winogradskyi	913	S	2712	410	3122	0.00022
Variibacter_gotjawalensis	1333996	S	7147	489	7636	0.00055
Rhizobium_sp._AB2/73	2795216	S	25030	8214	33244	0.00238
Rhizobium_sp._WYJ-E13	2849093	S	8746	957	9703	0.00070
Rhizobium_sp._BG4	2613770	S	2879	476	3355	0.00024
Rhizobium_sp._11515TR	2028343	S	2230	397	2627	0.00019
Rhizobium_sp._NXC24	2048897	S	1971	239	2210	0.00016
Rhizobium_sp._NXC14	1981173	S	1970	616	2586	0.00019
Rhizobium_sp._ACO-34A	1571470	S	1474	269	1743	0.00012
Rhizobium_sp._WL3	2603277	S	1418	221	1639	0.00012
Rhizobium_sp._SL42	2806346	S	1411	222	1633	0.00012
Rhizobium_sp._NLR16a	2731112	S	1166	388	1554	0.00011
Rhizobium_sp._NZLR1	2731096	S	1131	303	1434	0.00010
Rhizobium_sp._CIAT894	2020312	S	1119	378	1497	0.00011
Rhizobium_sp._C104	2917727	S	889	367	1256	0.00009
Rhizobium_sp._K102	2918527	S	843	433	1276	0.00009
Rhizobium_sp._L51/94	2819999	S	660	558	1218	0.00009
Rhizobium_sp._X9	2815360	S	385	614	999	0.00007
Rhizobium_sp._007	2785056	S	382	507	889	0.00006
Rhizobium_sp._TAL182	2020313	S	375	782	1157	0.00008
Rhizobium_sp._IE4771	1301032	S	361	530	891	0.00006
Rhizobium_sp._Y9	1914541	S	330	869	1199	0.00009
Rhizobium_sp._Kim5	2020311	S	301	481	782	0.00006
Rhizobium_sp._ZX09	2291939	S	183	604	787	0.00006
Rhizobium_sp._NIBRBAC000502774	2590777	S	149	292	441	0.00003
Rhizobium_sp._B230/85	2819994	S	72	501	573	0.00004
Rhizobium_sp._CCGE531	2364271	S	64	1480	1544	0.00011
Rhizobium_sp._N324	1703969	S	41	565	606	0.00004
Rhizobium_sp._T136	555319	S	35	747	782	0.00006
Rhizobium_sp._CCGE532	2364272	S	28	1368	1396	0.00010
Rhizobium_sp._B21/90	2819993	S	16	361	377	0.00003
Rhizobium_leguminosarum	384	S	10453	18286	28739	0.00206
Rhizobium_etli	29449	S	3062	2730	5792	0.00042
Rhizobium_jaguaris	1312183	S	2436	264	2700	0.00019
Rhizobium_pseudoryzae	379684	S	1907	347	2254	0.00016
Rhizobium_bangladeshense	1138189	S	1873	369	2242	0.00016
Rhizobium_phaseoli	396	S	1681	2615	4296	0.00031
Rhizobium_gallicum	56730	S	1629	1625	3254	0.00023
Rhizobium_tropici	398	S	1493	319	1812	0.00013
Rhizobium_lentis	1138194	S	1465	369	1834	0.00013
Rhizobium_pusense	648995	S	1459	4239	5698	0.00041
Rhizobium_binae	1138190	S	1279	378	1657	0.00012
Rhizobium_rosettiformans	1368430	S	1071	374	1445	0.00010
Rhizobium_daejeonense	240521	S	1014	311	1325	0.00010
Rhizobium_rhizoryzae	451876	S	869	105	974	0.00007
Rhizobium_indicum	2583231	S	754	507	1261	0.00009
Rhizobium_acidisoli	1538158	S	610	386	996	0.00007
Rhizobium_oryzihabitans	2267833	S	383	377	760	0.00005
Rhizobium_hidalgonense	1538159	S	272	471	743	0.00005
Rhizobium_laguerreae	1076926	S	248	321	569	0.00004
Rhizobium_ruizarguesonis	2081791	S	189	1043	1232	0.00009
Rhizobium_favelukesii	348824	S	24	611	635	0.00005
Agrobacterium_tumefaciens	358	S	5638	5851	11489	0.00082
Agrobacterium_fabrum	1176649	S	524	510	1034	0.00007
Agrobacterium_fabacearum	1183401	S	113	807	920	0.00007
Agrobacterium_vitis	373	S	2665	285	2950	0.00021
Agrobacterium_sp._T29	2580515	S	494	276	770	0.00006
Agrobacterium_sp._RAC06	1842536	S	293	531	824	0.00006
Agrobacterium_sp._MA01	2664893	S	262	465	727	0.00005
Agrobacterium_sp._CGMCC_11546	2579248	S	134	206	340	0.00002
Agrobacterium_sp._S7/73	2820002	S	98	289	387	0.00003
Agrobacterium_vaccinii	2735528	S	1014	119	1133	0.00008
Agrobacterium_larrymoorei	160699	S	740	113	853	0.00006
Agrobacterium_rubi	28099	S	686	165	851	0.00006
Agrobacterium_salinitolerans	1183413	S	607	162	769	0.00006
Agrobacterium_rhizogenes	359	S	534	966	1500	0.00011
Neorhizobium_galegae	399	S	7536	1821	9357	0.00067
Neorhizobium_sp._SOG26	2060726	S	1830	329	2159	0.00015
Neorhizobium_sp._NCHU2750	1825976	S	1659	290	1949	0.00014
Pseudorhizobium_banfieldiae	1125847	S	1039	539	1578	0.00011
Pseudorhizobium_flavum	1335061	S	1026	574	1600	0.00011
Sinorhizobium_fredii	380	S	6204	8005	14209	0.00102
Sinorhizobium_meliloti	382	S	5847	3530	9377	0.00067
Sinorhizobium_americanum	194963	S	2297	783	3080	0.00022
Sinorhizobium_sp._BG8	2613773	S	1993	309	2302	0.00017
Sinorhizobium_sp._CCBAU_05631	794846	S	282	407	689	0.00005
Sinorhizobium_medicae	110321	S	1855	235	2090	0.00015
Ensifer_adhaerens	106592	S	6815	3386	10201	0.00073
Ensifer_mexicanus	375549	S	3249	464	3713	0.00027
Ensifer_sp._PDNC004	2811423	S	1777	708	2485	0.00018
Ensifer_sp._T173	555315	S	330	1364	1694	0.00012
Ensifer_alkalisoli	1752398	S	2025	375	2400	0.00017
Ensifer_sojae	716925	S	1878	698	2576	0.00018
Shinella_sp._HZN7	879274	S	3023	2457	5480	0.00039
Shinella_sp._XGS7	2877941	S	2683	2381	5064	0.00036
Shinella_sp._PSBB067	2715959	S	2560	1835	4395	0.00032
Shinella_sp._H4-D48	2925841	S	1137	420	1557	0.00011
Shinella_zoogloeoides	352475	S	2610	3414	6024	0.00043
Shinella_oryzae	2871820	S	1961	809	2770	0.00020
Ciceribacter_thiooxidans	1969821	S	2223	419	2642	0.00019
Georhizobium_profundi	2341112	S	1910	379	2289	0.00016
Peteryoungia_desertarenae	1813451	S	697	120	817	0.00006
Liberibacter_crescens	1273132	S	30	95	125	0.00001
Candidatus_Liberibacter_africanus	34020	S	18	8	26	0.00000
Candidatus_Liberibacter_americanus	309868	S	15	2	17	0.00000
Candidatus_Liberibacter_asiaticus	34021	S	11	2	13	0.00000
Mesorhizobium_sp._M2A.F.Ca.ET.043.05.1.1	2493671	S	12865	7625	20490	0.00147
Mesorhizobium_sp._J8	2777475	S	10083	2533	12616	0.00090
Mesorhizobium_sp._B2-8-5	2589903	S	6977	1811	8788	0.00063
Mesorhizobium_sp._M2A.F.Ca.ET.046.03.2.1	2493674	S	4933	8615	13548	0.00097
Mesorhizobium_sp._8	2584466	S	4740	987	5727	0.00041
Mesorhizobium_sp._M2A.F.Ca.ET.043.02.1.1	2493670	S	4676	7788	12464	0.00089
Mesorhizobium_sp._M1B.F.Ca.ET.045.04.1.1	2493673	S	4673	1374	6047	0.00043
Mesorhizobium_sp._M1E.F.Ca.ET.045.02.1.1	2493672	S	4218	1576	5794	0.00042
Mesorhizobium_sp._Pch-S	2082387	S	4135	497	4632	0.00033
Mesorhizobium_sp._M1D.F.Ca.ET.043.01.1.1	2493669	S	3899	1720	5619	0.00040
Mesorhizobium_sp._B1-1-8	2589976	S	3657	743	4400	0.00032
Mesorhizobium_sp._M3A.F.Ca.ET.080.04.2.1	2493676	S	3418	832	4250	0.00030
Mesorhizobium_sp._M1A.F.Ca.IN.022.06.1.1	2493680	S	3400	838	4238	0.00030
Mesorhizobium_sp._B2-1-1	2589974	S	2924	557	3481	0.00025
Mesorhizobium_sp._DCY119	2108445	S	2898	585	3483	0.00025
Mesorhizobium_sp._131-2-1	2744518	S	2811	1142	3953	0.00028
Mesorhizobium_sp._M4B.F.Ca.ET.058.02.1.1	2493675	S	2629	864	3493	0.00025
Mesorhizobium_sp._INR15	2654248	S	2538	307	2845	0.00020
Mesorhizobium_sp._PAMC28654	2880934	S	2527	395	2922	0.00021
Mesorhizobium_sp._M9A.F.Ca.ET.002.03.1.2	2493668	S	2231	772	3003	0.00022
Mesorhizobium_sp._L-2-11	2744521	S	2156	666	2822	0.00020
Mesorhizobium_sp._B2-1-8	2589967	S	2023	498	2521	0.00018
Mesorhizobium_sp._M6A.T.Cr.TU.016.01.1.1	2493677	S	2003	534	2537	0.00018
Mesorhizobium_sp._B4-1-4	2589888	S	2001	402	2403	0.00017
Mesorhizobium_sp._M7D.F.Ca.US.005.01.1.1	2493678	S	1759	506	2265	0.00016
Mesorhizobium_sp._M8A.F.Ca.ET.057.01.1.1	2493679	S	1703	505	2208	0.00016
Mesorhizobium_sp._113-3-3	2744516	S	1552	683	2235	0.00016
Mesorhizobium_sp._NZP2077	2483404	S	1551	422	1973	0.00014
Mesorhizobium_sp._113-1-2	2744515	S	1497	603	2100	0.00015
Mesorhizobium_sp._M7A.F.Ce.TU.012.03.2.1	2493681	S	1432	440	1872	0.00013
Mesorhizobium_sp._113-3-9	2744517	S	1176	673	1849	0.00013
Mesorhizobium_sp._NZP2298	2483403	S	1150	535	1685	0.00012
Mesorhizobium_sp._L-8-10	2744523	S	1110	2237	3347	0.00024
Mesorhizobium_sp._NBSH29	2654249	S	1082	67	1149	0.00008
Mesorhizobium_sp._L-8-3	2744522	S	1068	2214	3282	0.00024
Mesorhizobium_sp._AA22	1854057	S	924	503	1427	0.00010
Mesorhizobium_sp._WSM1497	278153	S	364	699	1063	0.00008
Mesorhizobium_sp._131-3-5	2744520	S	194	561	755	0.00005
Mesorhizobium_sp._NZP2234	2483402	S	154	516	670	0.00005
Mesorhizobium_sp._131-2-5	2744519	S	134	829	963	0.00007
Mesorhizobium_terrae	2725666	S	3122	897	4019	0.00029
Mesorhizobium_opportunistum	593909	S	2924	1108	4032	0.00029
Mesorhizobium_amorphae	71433	S	2338	500	2838	0.00020
Mesorhizobium_loti	381	S	1781	13997	15778	0.00113
Mesorhizobium_australicum	536018	S	1526	438	1964	0.00014
Mesorhizobium_ciceri	39645	S	1517	3677	5194	0.00037
Mesorhizobium_huakuii	28104	S	1466	945	2411	0.00017
Mesorhizobium_erdmanii	1777866	S	1427	370	1797	0.00013
Mesorhizobium_japonicum	2066070	S	1242	846	2088	0.00015
Aquibium_microcysteis	675281	S	5195	1318	6513	0.00047
Aquibium_oceanicum	1670800	S	3896	825	4721	0.00034
Aminobacter_sp._MSH1	374606	S	2640	1460	4100	0.00029
Aminobacter_sp._SR38	2774562	S	626	2562	3188	0.00023
Aminobacter_sp._MDW-2	2666139	S	355	1650	2005	0.00014
Aminobacter_aminovorans	83263	S	403	1342	1745	0.00013
Nitratireductor_sp._SY7	2599600	S	3345	561	3906	0.00028
Nitratireductor_sp._OM-1	1756988	S	1706	268	1974	0.00014
Nitratireductor_kimnyeongensis	430679	S	1102	148	1250	0.00009
Phyllobacterium_sp._T1018	555316	S	1302	146	1448	0.00010
Phyllobacterium_sp._628	2718938	S	652	84	736	0.00005
Phyllobacterium_sp._T1293	555317	S	586	67	653	0.00005
Phyllobacterium_zundukense	1867719	S	1200	144	1344	0.00010
Roseitalea_porphyridii	1852022	S	2779	426	3205	0.00023
Hoeflea_sp._IMCC20628	1620421	S	1211	106	1317	0.00009
Hoeflea_phototrophica	244596	S	1083	117	1200	0.00009
Oricola_thermophila	2742145	S	2041	253	2294	0.00016
Salaquimonas_pukyongi	2712698	S	840	34	874	0.00006
Lentilitoribacter_sp._Alg239-R112	2305987	S	71	1	72	0.00001
Methylobacterium_nodulans	114616	S	9652	1196	10848	0.00078
Methylobacterium_sp._17Sr1-1	2202826	S	3610	1707	5317	0.00038
Methylobacterium_sp._WL1	2603276	S	3429	690	4119	0.00030
Methylobacterium_sp._C1	1479019	S	541	4027	4568	0.00033
Methylobacterium_sp._XJLW	739141	S	233	2986	3219	0.00023
Methylobacterium_aquaticum	270351	S	7287	3192	10479	0.00075
Methylobacterium_durans	2202825	S	5421	762	6183	0.00044
Methylobacterium_radiodurans	2202828	S	4960	1192	6152	0.00044
Methylobacterium_currus	2051553	S	4864	2031	6895	0.00049
Methylobacterium_organophilum	410	S	3910	2172	6082	0.00044
Methylobacterium_terrae	2202827	S	3747	1722	5469	0.00039
Methylobacterium_mesophilicum	39956	S	3540	731	4271	0.00031
Methylobacterium_tardum	374432	S	3415	1190	4605	0.00033
Methylobacterium_brachiatum	269660	S	3340	1202	4542	0.00033
Methylobacterium_indicum	1775910	S	3182	1576	4758	0.00034
Methylobacterium_oryzae	334852	S	3100	3719	6819	0.00049
Methylobacterium_radiotolerans	31998	S	1500	7954	9454	0.00068
Methylobacterium_phyllosphaerae	418223	S	491	1758	2249	0.00016
Microvirga_sp._VF16	2807101	S	15827	2391	18218	0.00131
Microvirga_sp._17_mud_1-3	2082949	S	5759	1175	6934	0.00050
Microvirga_ossetica	1882682	S	13995	2389	16384	0.00117
Microvirga_thermotolerans	2651334	S	7352	1944	9296	0.00067
Methylorubrum_populi	223967	S	6451	2901	9352	0.00067
Methylorubrum_extorquens	408	S	4902	7637	12539	0.00090
Methylorubrum_sp._B1-46	2897334	S	2565	1068	3633	0.00026
Methylorubrum_zatmanii	29429	S	157	761	918	0.00007
Rhodoplanes_sp._Z2-YC6860	674703	S	68426	6069	74495	0.00534
Hyphomicrobium_denitrificans	53399	S	7532	679	8211	0.00059
Hyphomicrobium_sp._MC1	717785	S	3516	216	3732	0.00027
Hyphomicrobium_nitrativorans	1427356	S	3332	256	3588	0.00026
Methyloceanibacter_sp._wino2	2170729	S	2122	435	2557	0.00018
Methyloceanibacter_caenitepidi	1384459	S	2028	389	2417	0.00017
Aquabacter_sp._L1I39	2820278	S	3241	491	3732	0.00027
Methyloligella_sp._GL2	2742204	S	2981	325	3306	0.00024
Rhodomicrobium_vannielii	1069	S	2688	166	2854	0.00020
Caenibius_sp._WL	2872646	S	1067	206	1273	0.00009
Caenibius_tardaugens	169176	S	762	613	1375	0.00010
Candidatus_Filomicrobium_marinum	1608628	S	1104	27	1131	0.00008
Pseudolabrys_taiwanensis	331696	S	20516	3265	23781	0.00171
Pseudolabrys_sp._FHR47	2562284	S	13144	2232	15376	0.00110
Starkeya_sp._ORNL1	2709380	S	7806	1493	9299	0.00067
Starkeya_novella	921	S	7145	2569	9714	0.00070
Xanthobacter_dioxanivorans	2528964	S	5725	1940	7665	0.00055
Xanthobacter_sp._YC-JY1	2419844	S	1917	1967	3884	0.00028
Xanthobacter_autotrophicus	280	S	1791	1994	3785	0.00027
Ancylobacter_sp._TS-1	1850374	S	3914	1573	5487	0.00039
Ancylobacter_polymorphus	223390	S	3873	1882	5755	0.00041
Ancylobacter_pratisalsi	1745854	S	3050	659	3709	0.00027
Labrys_sp._KNU-23	2789216	S	7573	726	8299	0.00060
Azorhizobium_caulinodans	7	S	4105	819	4924	0.00035
Bosea_sp._AS-1	2015316	S	6780	2066	8846	0.00063
Bosea_sp._Tri-49	1867715	S	6664	1453	8117	0.00058
Bosea_sp._F3-2	2599640	S	6092	1876	7968	0.00057
Bosea_sp._RAC05	1842539	S	5335	1636	6971	0.00050
Bosea_sp._ANAM02	2020412	S	5066	1820	6886	0.00049
Bosea_sp._PAMC_26642	1792307	S	4128	835	4963	0.00036
Bosea_vaviloviae	1526658	S	4833	1099	5932	0.00043
Devosia_sp._A16	1736675	S	7206	832	8038	0.00058
Devosia_sp._1566	2499144	S	1865	198	2063	0.00015
Devosia_sp._JXJ_CY_41	2917991	S	1863	338	2201	0.00016
Devosia_sp._SL43	2806348	S	1788	327	2115	0.00015
Devosia_sp._I507	2083786	S	1293	390	1683	0.00012
Devosia_sp._MC521	2759954	S	653	104	757	0.00005
Devosia_ginsengisoli	400770	S	2034	363	2397	0.00017
Devosia_beringensis	2657486	S	1985	286	2271	0.00016
Devosia_salina	2860336	S	1908	632	2540	0.00018
Devosia_oryziradicis	2801335	S	1876	340	2216	0.00016
Devosia_rhizoryzae	2774137	S	1670	171	1841	0.00013
Youhaiella_tibetensis	1447062	S	2835	653	3488	0.00025
Paradevosia_shaoguanensis	1335043	S	2773	1035	3808	0.00027
Pelagibacterium_halotolerans	531813	S	1361	147	1508	0.00011
Maritalea_myrionectae	454601	S	315	10	325	0.00002
Aureimonas_sp._SA4125	2826993	S	3485	608	4093	0.00029
Aureimonas_sp._AU20	1349819	S	3202	434	3636	0.00026
Aureimonas_sp._OT7	2816454	S	1614	1325	2939	0.00021
Aureimonas_populi	1701758	S	2652	484	3136	0.00022
Aureimonas_mangrovi	2758041	S	2464	490	2954	0.00021
Aureimonas_altamirensis	370622	S	1650	570	2220	0.00016
Martelella_sp._AD-3	686597	S	976	2675	3651	0.00026
Martelella_mediterranea	293089	S	1811	622	2433	0.00017
Martelella_endophytica	1486262	S	1578	321	1899	0.00014
Martelella_lutilitoris	2583532	S	913	743	1656	0.00012
Aurantimonas_sp._HBX-1	2906072	S	4253	1193	5446	0.00039
Nordella_sp._HKS_07	2712222	S	12154	622	12776	0.00092
Pseudorhodoplanes_sinuspersici	1235591	S	9094	613	9707	0.00070
Terrihabitans_soli	708113	S	2456	256	2712	0.00019
Candidatus_Hodgkinia_cicadicola	573658	S	33	0	33	0.00000
Methylocystis_bryophila	655015	S	2691	257	2948	0.00021
Methylocystis_parvus	134	S	2548	284	2832	0.00020
Methylocystis_heyeri	391905	S	2451	258	2709	0.00019
Methylocystis_sp._SC2	187303	S	1612	446	2058	0.00015
Methylocystis_sp._SB2	743836	S	544	905	1449	0.00010
Methylocystis_rosea	173366	S	1679	1321	3000	0.00022
Methylosinus_trichosporium	426	S	3424	651	4075	0.00029
Methylosinus_sp._C49	2699395	S	2765	513	3278	0.00024
Phreatobacter_stygius	1940610	S	7091	998	8089	0.00058
Phreatobacter_cathodiphilus	1868589	S	6057	1688	7745	0.00056
Phreatobacter_sp._NMCR1094	2570229	S	4508	806	5314	0.00038
Stappia_indica	538381	S	4344	974	5318	0.00038
Stappia_sp._ES.058	1881061	S	2336	279	2615	0.00019
Roseibium_aggregatum	187304	S	2450	343	2793	0.00020
Roseibium_alexandrii	388408	S	722	69	791	0.00006
Pannonibacter_phragmitetus	121719	S	3136	2052	5188	0.00037
Labrenzia_sp._VG12	2021862	S	1369	162	1531	0.00011
Labrenzia_sp._THAF82	2587861	S	612	39	651	0.00005
Labrenzia_sp._PHM005	2590016	S	602	48	650	0.00005
Pseudovibrio_sp._FO-BEG1	911045	S	247	98	345	0.00002
Pseudovibrio_brasiliensis	1898042	S	224	87	311	0.00002
Kaustia_mangrovi	2593653	S	5824	529	6353	0.00046
Parvibaculum_lavamentivorans	256618	S	2818	1865	4683	0.00034
Pyruvatibacter_mobilis	1712261	S	1905	228	2133	0.00015
Candidatus_Phaeomarinobacter_ectocarpi	1458461	S	726	35	761	0.00005
Blastochloris_tepida	2233851	S	5399	1766	7165	0.00051
Blastochloris_viridis	1079	S	4580	1220	5800	0.00042
Methylocella_silvestris	199596	S	2550	276	2826	0.00020
Methylocella_tundrae	227605	S	2301	212	2513	0.00018
Methylovirgula_ligni	569860	S	2290	242	2532	0.00018
Methylovirgula_sp._HY1	2822761	S	1771	93	1864	0.00013
Beijerinckia_indica	533	S	1117	80	1197	0.00009
Chelatococcus_sp._CO-6	1702325	S	5071	3002	8073	0.00058
Chelatococcus_daeguensis	444444	S	2670	1600	4270	0.00031
Brucella_intermedia	94625	S	1263	200	1463	0.00010
Brucella_anthropi	529	S	1047	580	1627	0.00012
Brucella_sp._BTU1	2840456	S	165	30	195	0.00001
Brucella_sp._10RB9215	1149953	S	79	73	152	0.00001
Brucella_sp._09RB8910	1844051	S	69	61	130	0.00001
Brucella_sp._6810	2769351	S	63	86	149	0.00001
Brucella_sp._2280	2592625	S	58	98	156	0.00001
Brucella_sp._BO3	2691913	S	36	50	86	0.00001
Brucella_sp._09RB8471	1149952	S	31	48	79	0.00001
Brucella_sp._BO2	693750	S	29	56	85	0.00001
Brucella_sp._458	2821140	S	26	48	74	0.00001
[Ochrobactrum]_quorumnocens	271865	S	412	55	467	0.00003
Brucella_pseudogrignonensis	419475	S	331	101	432	0.00003
Brucella_pituitosa	571256	S	131	45	176	0.00001
Brucella_melitensis	29459	S	35	1034	1069	0.00008
Brucella_suis	29461	S	27	907	934	0.00007
Brucella_inopinata	1218315	S	27	28	55	0.00000
Brucella_abortus	235	S	21	646	667	0.00005
Pseudochrobactrum_sp._XF203	2879116	S	108	90	198	0.00001
Pseudochrobactrum_sp._Wa41.01b-1	2864102	S	93	85	178	0.00001
Pseudochrobactrum_algeriensis	2834768	S	109	96	205	0.00001
Acuticoccus_sp._I52.16.1	2928472	S	5743	588	6331	0.00045
Kaistia_sp._32K	2795690	S	5403	1236	6639	0.00048
Hartmannibacter_diazotrophicus	1482074	S	3558	587	4145	0.00030
Lichenihabitans_psoromatis	2528642	S	1178	661	1839	0.00013
Lichenihabitans_sp._PAMC28606	2880932	S	1111	724	1835	0.00013
Breoghania_sp._L-A4	2304600	S	3243	399	3642	0.00026
Cohaesibacter_sp._ES.047	1798205	S	689	26	715	0.00005
Bartonella_apis	1686310	S	234	13	247	0.00002
Bartonella_sp._HY038	2759660	S	80	15	95	0.00001
Bartonella_sp._46A	2893471	S	17	22	39	0.00000
Bartonella_australis	388640	S	26	3	29	0.00000
Bartonella_vinsonii	33047	S	25	14	39	0.00000
Bartonella_quintana	803	S	23	7	30	0.00000
Bartonella_ancashensis	1318743	S	18	2	20	0.00000
Bartonella_clarridgeiae	56426	S	14	8	22	0.00000
Bartonella_tribocorum	85701	S	13	39	52	0.00000
Bartonella_birtlesii	111504	S	13	4	17	0.00000
Bartonella_bacilliformis	774	S	13	2	15	0.00000
Bartonella_schoenbuchensis	165694	S	10	8	18	0.00000
Sphingomonas_sp._S8-45	2938948	S	10800	1366	12166	0.00087
Sphingomonas_sp._HDW15A	2714942	S	9792	813	10605	0.00076
Sphingomonas_sp._DM2-R-LB4	2899123	S	8653	3056	11709	0.00084
Sphingomonas_sp._AK-PDB1-5	2872652	S	5498	934	6432	0.00046
Sphingomonas_sp._CL5.1	2653203	S	5373	1841	7214	0.00052
Sphingomonas_sp._Cra20	1327635	S	5276	888	6164	0.00044
Sphingomonas_sp._MM-1	745310	S	4917	6120	11037	0.00079
Sphingomonas_sp._LM7	1938607	S	4891	1142	6033	0.00043
Sphingomonas_sp._AP4-R1	2735134	S	4487	592	5079	0.00036
Sphingomonas_sp._S2-65	2903960	S	4132	861	4993	0.00036
Sphingomonas_sp._AAP5	1523415	S	3971	1076	5047	0.00036
Sphingomonas_sp._NBWT7	2596913	S	3963	1359	5322	0.00038
Sphingomonas_sp._FARSPH	2219696	S	3711	3188	6899	0.00049
Sphingomonas_sp._PAMC26645	2565555	S	3081	1114	4195	0.00030
Sphingomonas_sp._HMP9	1517554	S	2927	1405	4332	0.00031
Sphingomonas_sp._HMP6	1517551	S	2638	558	3196	0.00023
Sphingomonas_sp._KC8	1030157	S	2559	335	2894	0.00021
Sphingomonas_sp._LK11	1390395	S	1915	2140	4055	0.00029
Sphingomonas_sp._NIC1	1961362	S	1611	5628	7239	0.00052
Sphingomonas_sp._IC081	304378	S	504	2986	3490	0.00025
Sphingomonas_lutea	1045317	S	33219	4484	37703	0.00270
Sphingomonas_sediminicola	386874	S	32503	3298	35801	0.00257
Sphingomonas_daechungensis	1176646	S	26225	2685	28910	0.00207
Sphingomonas_sabuli	2764186	S	18687	2386	21073	0.00151
Sphingomonas_sinipercae	2714944	S	17894	2504	20398	0.00146
Sphingomonas_ginsengisoli_An_et_al._2013	363835	S	16516	2361	18877	0.00135
Sphingomonas_rhizophila	2071607	S	12427	3370	15797	0.00113
Sphingomonas_piscis	2714943	S	12271	1177	13448	0.00096
Sphingomonas_xanthus	2594473	S	9692	2302	11994	0.00086
Sphingomonas_alpina	653931	S	6641	580	7221	0.00052
Sphingomonas_profundi	2681549	S	5945	991	6936	0.00050
Sphingomonas_sanxanigenens	397260	S	5854	2837	8691	0.00062
Sphingomonas_hengshuiensis	1609977	S	4552	626	5178	0.00037
Sphingomonas_changnyeongensis	2698679	S	4409	880	5289	0.00038
Sphingomonas_koreensis	93064	S	4327	3393	7720	0.00055
Sphingomonas_taxi	1549858	S	4211	1406	5617	0.00040
Sphingomonas_panacis	1560345	S	4151	642	4793	0.00034
Sphingomonas_panacisoli	1813879	S	3940	561	4501	0.00032
Sphingomonas_suaedae	2599297	S	3264	445	3709	0.00027
Sphingomonas_radiodurans	2890321	S	3241	450	3691	0.00026
Sphingomonas_aliaeris	2759526	S	2801	365	3166	0.00023
Sphingomonas_insulae	424800	S	2625	806	3431	0.00025
Sphingomonas_paucimobilis	13689	S	2493	1743	4236	0.00030
Sphingomonas_sanguinis	33051	S	1962	1927	3889	0.00028
Sphingomonas_melonis	152682	S	1893	7824	9717	0.00070
Sphingomonas_lacunae	2698828	S	1296	174	1470	0.00011
Sphingomonas_paeninsulae	2319844	S	1140	50	1190	0.00009
Sphingobium_sp._TKS	1315974	S	3827	5260	9087	0.00065
Sphingobium_sp._SYK-6	627192	S	3455	889	4344	0.00031
Sphingobium_sp._CAP-1	2676077	S	2118	1208	3326	0.00024
Sphingobium_sp._YG1	2082188	S	2072	820	2892	0.00021
Sphingobium_sp._EP60837	1855519	S	1935	514	2449	0.00018
Sphingobium_sp._Cam5-1	2789327	S	1877	628	2505	0.00018
Sphingobium_sp._RAC03	1843368	S	1732	302	2034	0.00015
Sphingobium_sp._SCG-1	2072936	S	1701	126	1827	0.00013
Sphingobium_sp._KCTC_72723	2733867	S	1484	245	1729	0.00012
Sphingobium_sp._MI1205	407020	S	1398	1842	3240	0.00023
Sphingobium_sp._YBL2	484429	S	690	3653	4343	0.00031
Sphingobium_sp._PAMC28499	2565554	S	550	866	1416	0.00010
Sphingobium_sp._RSMS	520734	S	465	2179	2644	0.00019
Sphingobium_sp._LF-16	2185111	S	48	599	647	0.00005
Sphingobium_indicum	332055	S	6625	4410	11035	0.00079
Sphingobium_yanoikuyae	13690	S	3316	5380	8696	0.00062
Sphingobium_chlorophenolicum	46429	S	3152	1336	4488	0.00032
Sphingobium_amiense	135719	S	2353	2767	5120	0.00037
Sphingobium_phenoxybenzoativorans	1592790	S	2226	871	3097	0.00022
Sphingobium_fuliginis	336203	S	2111	6323	8434	0.00060
Sphingobium_cloacae	120107	S	2007	2801	4808	0.00034
Sphingobium_xenophagum	121428	S	1725	1059	2784	0.00020
Sphingobium_baderi	1332080	S	1684	1602	3286	0.00024
Sphingobium_herbicidovorans	76947	S	1308	1082	2390	0.00017
Sphingopyxis_sp._YF1	2482763	S	2903	695	3598	0.00026
Sphingopyxis_sp._QXT-31	1357916	S	2851	841	3692	0.00026
Sphingopyxis_sp._OPL5	2486273	S	2575	518	3093	0.00022
Sphingopyxis_sp._113P3	292913	S	2469	959	3428	0.00025
Sphingopyxis_sp._PAMC25046	2565556	S	2464	1174	3638	0.00026
Sphingopyxis_sp._BSN-002	2911495	S	2397	450	2847	0.00020
Sphingopyxis_sp._FD7	1914525	S	1976	843	2819	0.00020
Sphingopyxis_sp._EG6	1874061	S	1858	956	2814	0.00020
Sphingopyxis_sp._MG	1866325	S	120	1180	1300	0.00009
Sphingopyxis_macrogoltabida	33050	S	4632	2317	6949	0.00050
Sphingopyxis_terrae	33052	S	2695	1481	4176	0.00030
Sphingopyxis_lindanitolerans	2054227	S	2337	1109	3446	0.00025
Sphingopyxis_fribergensis	1515612	S	2204	895	3099	0.00022
Sphingopyxis_alaskensis	117207	S	1918	455	2373	0.00017
Sphingopyxis_granuli	267128	S	1877	5424	7301	0.00052
Novosphingobium_sp._Gsoil_351	2675225	S	3789	322	4111	0.00029
Novosphingobium_sp._Sx8-5	2896849	S	3242	453	3695	0.00026
Novosphingobium_sp._EMRT-2	2571749	S	2901	1662	4563	0.00033
Novosphingobium_sp._P6W	1609758	S	2357	386	2743	0.00020
Novosphingobium_sp._THN1	1016987	S	1928	680	2608	0.00019
Novosphingobium_sp._ES2-1	2780074	S	1762	895	2657	0.00019
Novosphingobium_sp._PP1Y	702113	S	1028	1268	2296	0.00016
Novosphingobium_sp._KA1	164608	S	609	2937	3546	0.00025
Novosphingobium_resinovorum	158500	S	3012	1455	4467	0.00032
Novosphingobium_decolorationis	2698673	S	2468	1315	3783	0.00027
Novosphingobium_aromaticivorans	48935	S	2431	1110	3541	0.00025
Novosphingobium_ginsenosidimutans	1176536	S	1965	202	2167	0.00016
Novosphingobium_pentaromativorans	205844	S	981	1774	2755	0.00020
Rhizorhabdus_wittichii	160791	S	7023	4069	11092	0.00080
Rhizorhabdus_dicambivorans	1850238	S	4765	3845	8610	0.00062
Rhizorhabdus_phycosphaerae	2711156	S	3202	399	3601	0.00026
Sphingosinithalassobacter_sp._CS137	2762748	S	3576	736	4312	0.00031
Sphingosinithalassobacter_tenebrarum	2711215	S	2649	826	3475	0.00025
Allosphingosinicella_indica	941907	S	6073	742	6815	0.00049
Parasphingopyxis_algicola	2026624	S	3115	205	3320	0.00024
Parasphingopyxis_sp._CP4	2724527	S	892	40	932	0.00007
Sphingorhabdus_sp._YGSMI21	2077182	S	950	151	1101	0.00008
Sphingorhabdus_sp._SMR4y	2584094	S	830	135	965	0.00007
Sphingorhabdus_sp._M41	1806885	S	726	90	816	0.00006
Sphingorhabdus_lacus	392610	S	633	29	662	0.00005
Sphingorhabdus_lutea	1913578	S	104	8	112	0.00001
Blastomonas_sp._RAC04	1842535	S	776	1125	1901	0.00014
Blastomonas_fulva	1550728	S	621	1160	1781	0.00013
Hankyongella_ginsenosidimutans	1763828	S	2524	484	3008	0.00022
Tardibacter_chloracetimidivorans	1921510	S	2183	1671	3854	0.00028
Citromicrobium_sp._JL477	1634516	S	1672	771	2443	0.00018
Novosphingopyxis_iocasae	2762729	S	1589	889	2478	0.00018
Aquisediminimonas_profunda	1550733	S	1026	39	1065	0.00008
Parasphingorhabdus_halotolerans	2725558	S	349	14	363	0.00003
Parasphingorhabdus_sp._JHSY0214	2806553	S	319	28	347	0.00002
Parasphingorhabdus_litoris	394733	S	300	27	327	0.00002
Erythrobacter_sp._HL-111	1798193	S	2216	420	2636	0.00019
Erythrobacter_sp._HKB08	2502843	S	1775	387	2162	0.00016
Erythrobacter_sp._JK5	2829500	S	1686	499	2185	0.00016
Erythrobacter_sp._SDW2	2907154	S	1557	409	1966	0.00014
Erythrobacter_sp._THAF29	2587851	S	1002	233	1235	0.00009
Erythrobacter_sp._KY5	2011159	S	843	65	908	0.00007
Erythrobacter_sp._3-20A1M	2653850	S	829	1304	2133	0.00015
Erythrobacter_sp._A30-3	2785907	S	808	639	1447	0.00010
Erythrobacter_sp._LQ02-29	2920384	S	768	861	1629	0.00012
Erythrobacter_sp._SCSIO_43205	2779361	S	440	83	523	0.00004
Erythrobacter_litoralis	39960	S	2957	1266	4223	0.00030
Erythrobacter_neustonensis	1112	S	1300	298	1598	0.00011
Erythrobacter_mangrovi	2739433	S	1289	456	1745	0.00013
Erythrobacter_aureus	2182384	S	968	174	1142	0.00008
Porphyrobacter_sp._CACIAM_03H1	2003315	S	2328	679	3007	0.00022
Porphyrobacter_sp._LM_6	1896196	S	1359	475	1834	0.00013
Porphyrobacter_sp._GA68	2883480	S	1113	476	1589	0.00011
Porphyrobacter_sp._HT-58-2	2023229	S	1102	260	1362	0.00010
Qipengyuania_flava	192812	S	3331	1878	5209	0.00037
Qipengyuania_sediminis	1532023	S	2010	286	2296	0.00016
Qipengyuania_soli	2782568	S	1417	262	1679	0.00012
Qipengyuania_aurantiaca	2867233	S	1215	407	1622	0.00012
Qipengyuania_gelatinilytica	2867231	S	1017	199	1216	0.00009
Qipengyuania_seohaensis	266951	S	833	180	1013	0.00007
Qipengyuania_aquimaris	255984	S	635	714	1349	0.00010
Qipengyuania_psychrotolerans	2867238	S	635	81	716	0.00005
Qipengyuania_xiapuensis	2867236	S	560	624	1184	0.00008
Altererythrobacter_sp._B11	2060312	S	2641	1254	3895	0.00028
Altererythrobacter_sp._TH136	2067415	S	2003	367	2370	0.00017
Altererythrobacter_sp._BO-6	2604537	S	1073	161	1234	0.00009
Altererythrobacter_sp._ZODW24	2185142	S	510	24	534	0.00004
Altererythrobacter_epoxidivorans	361183	S	945	269	1214	0.00009
Altererythrobacter_ishigakiensis	476157	S	440	33	473	0.00003
Tsuneonella_amylolytica	2338327	S	2459	716	3175	0.00023
Tsuneonella_dongtanensis	692370	S	2223	444	2667	0.00019
Tsuneonella_mangrovi	1982042	S	1853	284	2137	0.00015
Tsuneonella_flava	2055955	S	779	234	1013	0.00007
Croceicoccus_sp._YJ47	2798724	S	1497	839	2336	0.00017
Croceicoccus_sp._Ery5	1703340	S	555	624	1179	0.00008
Croceicoccus_sp._Ery15	1703338	S	414	675	1089	0.00008
Croceicoccus_marinus	450378	S	2602	1401	4003	0.00029
Croceicoccus_naphthovorans	1348774	S	1140	1359	2499	0.00018
Aurantiacibacter_gangjinensis	502682	S	1023	100	1123	0.00008
Aurantiacibacter_atlanticus	1648404	S	531	178	709	0.00005
Pelagerythrobacter_marensis	543877	S	1330	187	1517	0.00011
Paraurantiacibacter_namhicola	645517	S	1298	169	1467	0.00011
Croceibacterium_atlanticum	1267766	S	1276	551	1827	0.00013
Sphingosinicella_sp._BN140058	1892855	S	6536	598	7134	0.00051
Sphingosinicella_flava	2771430	S	3057	447	3504	0.00025
Sphingosinicella_microcystinivorans	335406	S	2762	356	3118	0.00022
Polymorphobacter_sp._PAMC_29362	2835787	S	1677	1137	2814	0.00020
Polymorphobacter_sp._PAMC_29334	2862331	S	1590	1112	2702	0.00019
Sandaracinobacter_sp._M6	2759707	S	2319	164	2483	0.00018
Zymomonas_mobilis	542	S	192	162	354	0.00003
Azospirillum_sp._TSA2s	709810	S	3906	2792	6698	0.00048
Azospirillum_sp._B510	137722	S	3172	1124	4296	0.00031
Azospirillum_sp._TSH100	652764	S	3008	1309	4317	0.00031
Azospirillum_sp._TSH58	664962	S	1981	2451	4432	0.00032
Azospirillum_brasilense	192	S	10888	8883	19771	0.00142
Azospirillum_thermophilum	2202148	S	7854	1712	9566	0.00069
Azospirillum_thiophilum	528244	S	4006	1236	5242	0.00038
Azospirillum_ramasamyi	682998	S	2761	1491	4252	0.00030
Azospirillum_oryzae	286727	S	2356	1898	4254	0.00031
Azospirillum_humicireducens	1226968	S	2233	1219	3452	0.00025
Azospirillum_lipoferum	193	S	2058	1419	3477	0.00025
Azospirillum_baldaniorum	1064539	S	1291	2428	3719	0.00027
Skermanella_mucosa	1789672	S	4066	2794	6860	0.00049
Skermanella_sp._TT6	2775420	S	3941	3989	7930	0.00057
Skermanella_rosea	1817965	S	3522	3173	6695	0.00048
Skermanella_pratensis	2233999	S	3359	1837	5196	0.00037
Nitrospirillum_amazonense	28077	S	4864	554	5418	0.00039
Indioceanicola_profundi	2220096	S	3554	481	4035	0.00029
Niveispirillum_cyanobacteriorum	1612173	S	1778	189	1967	0.00014
Roseomonas_sp._OT10	2897332	S	7496	1754	9250	0.00066
Roseomonas_sp._S08	1750527	S	6720	398	7118	0.00051
Roseomonas_sp._FDAARGOS_362	2018065	S	566	2804	3370	0.00024
Roseomonas_gilardii	257708	S	5300	2307	7607	0.00055
Roseomonas_haemaphysalidis	2768162	S	4872	526	5398	0.00039
Roseomonas_marmotae	2768161	S	4313	460	4773	0.00034
Roseomonas_mucosa	207340	S	424	2450	2874	0.00021
Rhodovastum_atsumiense	504468	S	7024	671	7695	0.00055
Komagataeibacter_xylinus	28448	S	1374	2305	3679	0.00026
Komagataeibacter_saccharivorans	265959	S	552	186	738	0.00005
Komagataeibacter_nataicola	265960	S	402	177	579	0.00004
Komagataeibacter_oboediens	65958	S	388	178	566	0.00004
Komagataeibacter_medellinensis	1177712	S	338	259	597	0.00004
Komagataeibacter_europaeus	33995	S	304	145	449	0.00003
Komagataeibacter_rhaeticus	215221	S	27	459	486	0.00003
Acidiphilium_multivorum	62140	S	976	4063	5039	0.00036
Acidiphilium_cryptum	524	S	219	1407	1626	0.00012
Roseococcus_microcysteis	2771361	S	4471	387	4858	0.00035
Sediminicoccus_rosea	1225128	S	3456	165	3621	0.00026
Lichenicola_cladoniae	1484109	S	3038	138	3176	0.00023
Acidibrevibacterium_fodinaquatile	1969806	S	3015	253	3268	0.00023
Acetobacter_aceti	435	S	1174	412	1586	0.00011
Acetobacter_persici	1076596	S	283	38	321	0.00002
Acetobacter_sp._KACC_21233	2592655	S	252	50	302	0.00002
Acetobacter_ghanensis	431306	S	187	44	231	0.00002
Acetobacter_pasteurianus	438	S	107	200	307	0.00002
Acetobacter_orientalis	146474	S	76	10	86	0.00001
Acetobacter_senegalensis	446692	S	67	99	166	0.00001
Acetobacter_tropicalis	104102	S	60	86	146	0.00001
Acetobacter_ascendens	481146	S	55	67	122	0.00001
Acetobacter_oryzoeni	2500548	S	37	90	127	0.00001
Gluconobacter_oxydans	442	S	735	684	1419	0.00010
Gluconobacter_albidus	318683	S	376	62	438	0.00003
Gluconobacter_sphaericus	574987	S	255	54	309	0.00002
Gluconobacter_frateurii	38308	S	152	36	188	0.00001
Gluconobacter_thailandicus	257438	S	65	42	107	0.00001
Gluconacetobacter_diazotrophicus	33996	S	1944	379	2323	0.00017
Granulibacter_bethesdensis	364410	S	1397	114	1511	0.00011
Asaia_bogorensis	91915	S	904	145	1049	0.00008
Neoasaia_chiangmaiensis	320497	S	797	151	948	0.00007
Kozakia_baliensis	153496	S	584	192	776	0.00006
Novacetimonas_hansenii	436	S	495	209	704	0.00005
Oecophyllibacter_saccharovorans	2558360	S	393	12	405	0.00003
Parasaccharibacter_sp._TMW_2.1888	2268025	S	21	113	134	0.00001
Parasaccharibacter_apium	1510841	S	20	104	124	0.00001
Swingsia_sp._F3b2	2558361	S	190	4	194	0.00001
Swingsia_samuiensis	1293412	S	28	4	32	0.00000
Neokomagataea_tanensis	661191	S	91	14	105	0.00001
Entomobacter_blattae	2762277	S	59	4	63	0.00000
Bombella_sp._KACC_21507	2697033	S	30	3	33	0.00000
Hypericibacter_adhaerens	2602016	S	12291	2219	14510	0.00104
Hypericibacter_terrae	2602015	S	9905	1424	11329	0.00081
Magnetospirillum_sp._XM-1	1663591	S	2513	846	3359	0.00024
Magnetospirillum_sp._ME-1	1639348	S	2156	788	2944	0.00021
Magnetospirillum_gryphiswaldense	55518	S	2831	220256	223087	0.01600
Magnetospirillum_magneticum	84159	S	2419	247	2666	0.00019
Rhodospirillum_centenum	34018	S	4780	651	5431	0.00039
Rhodospirillum_rubrum	1085	S	2317	168	2485	0.00018
Ferrovibrio_terrae	2594003	S	5884	360	6244	0.00045
Tistrella_mobilis	171437	S	4598	1947	6545	0.00047
Defluviicoccus_vanus	111831	S	2599	225	2824	0.00020
Pararhodospirillum_photometricum	1084	S	1503	109	1612	0.00012
Haematospirillum_jordaniae	1549855	S	246	20	266	0.00002
Candidatus_Endolissoclinum_faulkneri	1263979	S	127	1	128	0.00001
Stella_humosa	94	S	11294	756	12050	0.00086
Elioraea_tepida	2843330	S	4892	237	5129	0.00037
Thalassospira_sp._A40-3	2785908	S	290	108	398	0.00003
Thalassospira_sp._B30-1	2785911	S	173	244	417	0.00003
Thalassospira_marina	2048283	S	424	25	449	0.00003
Thalassospira_indica	1891279	S	292	169	461	0.00003
Thalassospira_xiamenensis	220697	S	163	218	381	0.00003
Magnetospira_sp._QH-2	1288970	S	1012	32	1044	0.00007
Terasakiella_sp._SH-1	2560057	S	121	2	123	0.00001
Paracoccus_sp._MC1862	2760307	S	1601	172	1773	0.00013
Paracoccus_sp._MA	2895796	S	1372	733	2105	0.00015
Paracoccus_sp._AK26	2589076	S	1290	218	1508	0.00011
Paracoccus_sp._S8-55	2903900	S	785	105	890	0.00006
Paracoccus_sp._H4-D09	2812658	S	784	165	949	0.00007
Paracoccus_sp._Arc7-R13	2500532	S	511	524	1035	0.00007
Paracoccus_sanguinis	1545044	S	2446	643	3089	0.00022
Paracoccus_yeei	147645	S	1668	2600	4268	0.00031
Paracoccus_liaowanqingii	2560053	S	1563	179	1742	0.00012
Paracoccus_denitrificans	266	S	1554	1532	3086	0.00022
Paracoccus_zhejiangensis	1077935	S	1506	361	1867	0.00013
Paracoccus_aminovorans	34004	S	1405	404	1809	0.00013
Paracoccus_suum	2259340	S	1371	246	1617	0.00012
Paracoccus_pantotrophus	82367	S	1322	749	2071	0.00015
Paracoccus_jeotgali	2065379	S	1215	235	1450	0.00010
Paracoccus_contaminans	1945662	S	1177	268	1445	0.00010
Paracoccus_aminophilus	34003	S	1165	116	1281	0.00009
Paracoccus_tegillarcae	1529068	S	638	38	676	0.00005
Paracoccus_kondratievae	135740	S	617	120	737	0.00005
Paracoccus_marcusii	59779	S	486	439	925	0.00007
Paracoccus_mutanolyticus	1499308	S	185	621	806	0.00006
Cereibacter_sphaeroides	1063	S	5168	2065	7233	0.00052
Cereibacter_azotoformans	43057	S	505	1825	2330	0.00017
Rhodobacter_sp._CZR27	2033869	S	2165	701	2866	0.00021
Rhodobacter_sp._N10	2807096	S	1707	209	1916	0.00014
Rhodobacter_sp._LPB0142	1850250	S	1592	1099	2691	0.00019
Rhodobacter_capsulatus	1061	S	2034	425	2459	0.00018
Rhodovulum_sp._P5	1564506	S	1079	117	1196	0.00009
Rhodovulum_sp._MB263	308754	S	918	343	1261	0.00009
Rhodovulum_sulfidophilum	35806	S	1606	1079	2685	0.00019
Paroceanicella_profunda	2579971	S	3563	914	4477	0.00032
Polymorphum_gilvum	991904	S	3486	851	4337	0.00031
Thioclava_nitratireducens	1915078	S	1056	373	1429	0.00010
Thioclava_electrotropha	1549850	S	1043	276	1319	0.00009
Pikeienuella_piscinae	2748098	S	2417	229	2646	0.00019
Pontivivens_ytuae	2789856	S	2310	174	2484	0.00018
Silicimonas_algicola	1826607	S	2013	120	2133	0.00015
Pelagovum_pacificum	2588711	S	1974	246	2220	0.00016
Frigidibacter_mobilis	1335048	S	1643	682	2325	0.00017
Pukyongiella_litopenaei	2605946	S	1370	323	1693	0.00012
Brevirhabdus_pacifica	1267768	S	1352	617	1969	0.00014
Fuscovulum_blasticum	1075	S	1282	165	1447	0.00010
Gymnodinialimonas_ceratoperidinii	2856823	S	1200	113	1313	0.00009
Haematobacter_massiliensis	195105	S	1097	437	1534	0.00011
Falsirhodobacter_sp._PG104	2692330	S	1078	156	1234	0.00009
Tabrizicola_piscis	2494374	S	1074	99	1173	0.00008
Gemmobacter_aquarius	2169400	S	1006	204	1210	0.00009
Pseudopuniceibacterium_antarcticum	2613965	S	971	76	1047	0.00008
Pacificitalea_manganoxidans	1411902	S	900	195	1095	0.00008
Pseudooceanicola_algae	1537215	S	879	86	965	0.00007
Monaibacterium_sp._h42	2758038	S	748	170	918	0.00007
Roseicitreum_antarcticum	564137	S	716	37	753	0.00005
Tritonibacter_mobilis	379347	S	585	252	837	0.00006
Qingshengfaniella_alkalisoli	2599296	S	535	28	563	0.00004
Yoonia_vestfoldensis	245188	S	526	115	641	0.00005
Pseudohalocynthiibacter_aestuariivivens	1591409	S	479	93	572	0.00004
Rhodophyticola_sp._CCM32	2916397	S	457	13	470	0.00003
Profundibacter_amoris	2171755	S	354	12	366	0.00003
Rhodobaca_barguzinensis	441209	S	352	15	367	0.00003
Pseudorhodobacter_turbinis	2500533	S	315	20	335	0.00002
Cognatishimia_activa	1715691	S	284	12	296	0.00002
Aestuarium_zhoushanense	2820523	S	279	110	389	0.00003
Parasedimentitalea_marina	2483033	S	275	12	287	0.00002
Planktomarina_temperata	1284658	S	185	4	189	0.00001
Roseovarius_sp._SCSIO_43702	2823043	S	1636	122	1758	0.00013
Roseovarius_sp._THAF9	2587847	S	850	199	1049	0.00008
Roseovarius_sp._THAF8	2587846	S	323	560	883	0.00006
Roseovarius_sp._THAF27	2587850	S	317	582	899	0.00006
Roseovarius_sp._TM1035	391613	S	153	290	443	0.00003
Roseovarius_indicus	540747	S	2017	584	2601	0.00019
Roseovarius_faecimaris	2494550	S	893	36	929	0.00007
Roseovarius_mucosus	215743	S	181	346	527	0.00004
Sulfitobacter_sp._JK7-1	2829501	S	858	44	902	0.00006
Sulfitobacter_sp._THAF37	2587855	S	854	329	1183	0.00008
Sulfitobacter_sp._D7	1968541	S	426	153	579	0.00004
Sulfitobacter_sp._JL08	2070369	S	393	8	401	0.00003
Sulfitobacter_sp._SK011	1389004	S	348	8	356	0.00003
Sulfitobacter_sp._DSM_110093	2883127	S	283	82	365	0.00003
Sulfitobacter_sp._SK012	1389005	S	248	4	252	0.00002
Sulfitobacter_sp._BSw21498	664426	S	243	34	277	0.00002
Sulfitobacter_sp._SK025	1389011	S	82	168	250	0.00002
Sulfitobacter_sp._CB2047	1525218	S	74	205	279	0.00002
Sulfitobacter_sp._B30-2	2785912	S	58	129	187	0.00001
Sulfitobacter_alexandrii	1917485	S	1253	569	1822	0.00013
Sulfitobacter_mediterraneus	83219	S	616	58	674	0.00005
Sulfitobacter_indolifex	225422	S	388	80	468	0.00003
Sulfitobacter_dubius	218673	S	314	131	445	0.00003
Sulfitobacter_pontiacus	60137	S	150	320	470	0.00003
Salipiger_profundus	1229727	S	2437	998	3435	0.00025
Salipiger_abyssi	1250539	S	1763	655	2418	0.00017
Salipiger_sp._CCB-MM3	1792508	S	1544	204	1748	0.00013
Roseivivax_sp._THAF30	2587852	S	1231	256	1487	0.00011
Roseivivax_sp._THAF197b	2588299	S	33	537	570	0.00004
Roseivivax_sp._THAF40	2587858	S	29	612	641	0.00005
Roseivivax_marinus	1379903	S	2272	348	2620	0.00019
Celeribacter_indicus	1208324	S	1843	834	2677	0.00019
Celeribacter_ethanolicus	1758178	S	756	244	1000	0.00007
Celeribacter_baekdonensis	875171	S	379	95	474	0.00003
Celeribacter_marinus	1397108	S	239	7	246	0.00002
Phaeobacter_gallaeciensis	60890	S	864	2527	3391	0.00024
Phaeobacter_inhibens	221822	S	687	188	875	0.00006
Phaeobacter_piscinae	1580596	S	331	148	479	0.00003
Phaeobacter_porticola	1844006	S	207	33	240	0.00002
Phaeobacter_sp._LSS9	681157	S	68	40	108	0.00001
Ruegeria_sp._TM1040	292414	S	440	70	510	0.00004
Ruegeria_sp._THAF33	2587853	S	358	96	454	0.00003
Ruegeria_sp._SCSIO_43209	2793010	S	335	64	399	0.00003
Ruegeria_sp._AD91A	2293862	S	234	29	263	0.00002
Ruegeria_pomeroyi	89184	S	1103	184	1287	0.00009
Leisingera_aquaemixtae	1396826	S	942	166	1108	0.00008
Leisingera_sp._NJS201	2508306	S	240	331	571	0.00004
Leisingera_sp._NJS204	2508307	S	183	266	449	0.00003
Leisingera_methylohalidivorans	133924	S	563	125	688	0.00005
Yangia_pacifica	311180	S	2066	323	2389	0.00017
Sulfitobacter_pseudonitzschiae	1402135	S	1395	452	1847	0.00013
Pseudosulfitobacter_sp._DSM_107133	2883100	S	527	196	723	0.00005
Sagittula_sp._P11	2009329	S	2040	756	2796	0.00020
Ponticoccus_alexandrii	1943633	S	1483	207	1690	0.00012
Mameliella_alba	561184	S	1434	241	1675	0.00012
Roseobacter_ponti	1891787	S	547	13	560	0.00004
Roseobacter_denitrificans	2434	S	393	46	439	0.00003
Roseobacter_litoralis	42443	S	370	46	416	0.00003
Dinoroseobacter_shibae	215813	S	1344	442	1786	0.00013
Ketogulonicigenium_vulgare	92945	S	667	81	748	0.00005
Ketogulonicigenium_robustum	92947	S	558	70	628	0.00005
Actibacterium_sp._EMB200-NS6	1609966	S	1141	509	1650	0.00012
Roseibacterium_elongatum	159346	S	1134	90	1224	0.00009
Octadecabacter_sp._SW4	2602067	S	458	61	519	0.00004
Octadecabacter_arcticus	53946	S	254	33	287	0.00002
Octadecabacter_antarcticus	1217908	S	218	23	241	0.00002
Octadecabacter_temperatus	1458307	S	142	2	144	0.00001
Oceanicola_sp._D3	2587163	S	1074	52	1126	0.00008
Maribius_sp._THAF1	2587842	S	841	41	882	0.00006
Thalassococcus_sp._S3	2017482	S	733	17	750	0.00005
Antarctobacter_heliothermus	74033	S	700	33	733	0.00005
Tateyamaria_omphalii	299262	S	695	21	716	0.00005
Jannaschia_sp._CCS1	290400	S	665	17	682	0.00005
Thalassobius_gelatinovorus	53501	S	411	20	431	0.00003
Falsihalocynthiibacter_arcticus	1579316	S	188	5	193	0.00001
Caulobacter_segnis	88688	S	10972	3392	14364	0.00103
Caulobacter_sp._S6	2823693	S	7145	721	7866	0.00056
Caulobacter_sp._FWC26	69665	S	2606	1005	3611	0.00026
Caulobacter_mirabilis	69666	S	6172	1050	7222	0.00052
Caulobacter_vibrioides	155892	S	5359	3913	9272	0.00066
Caulobacter_flavus	1679497	S	5148	1276	6424	0.00046
Caulobacter_rhizosphaerae	2010972	S	4598	1167	5765	0.00041
Caulobacter_soli	2708539	S	4175	1158	5333	0.00038
Caulobacter_henricii	69395	S	1953	296	2249	0.00016
Brevundimonas_sp._M20	2591463	S	1848	263	2111	0.00015
Brevundimonas_sp._MF30-B	2561924	S	1700	248	1948	0.00014
Brevundimonas_sp._PAMC22021	2861285	S	1693	348	2041	0.00015
Brevundimonas_sp._LM2	1938605	S	1651	264	1915	0.00014
Brevundimonas_sp._AJA228-03	2752515	S	1361	167	1528	0.00011
Brevundimonas_sp._CS1	2813778	S	443	432	875	0.00006
Brevundimonas_sp._SGAir0440	2579977	S	399	377	776	0.00006
Brevundimonas_sp._GW460-12-10-14-LB2	1827469	S	364	623	987	0.00007
Brevundimonas_sp._Bb-A	2560058	S	340	715	1055	0.00008
Brevundimonas_sp._DS20	1532555	S	333	829	1162	0.00008
Brevundimonas_sp._'scallop'	2562582	S	328	569	897	0.00006
Brevundimonas_naejangsanensis	588932	S	2976	963	3939	0.00028
Brevundimonas_albigilva	1312364	S	2033	1050	3083	0.00022
Brevundimonas_goettingensis	2774190	S	2032	296	2328	0.00017
Brevundimonas_subvibrioides	74313	S	1694	283	1977	0.00014
Brevundimonas_diminuta	293	S	1296	2374	3670	0.00026
Brevundimonas_pondensis	2774189	S	1232	354	1586	0.00011
Brevundimonas_vitisensis	2800818	S	1219	138	1357	0.00010
Brevundimonas_mediterranea	74329	S	1167	430	1597	0.00011
Brevundimonas_nasdae	172043	S	1014	630	1644	0.00012
Brevundimonas_vesicularis	41276	S	349	738	1087	0.00008
Brevundimonas_vancanneytii	1325724	S	328	1233	1561	0.00011
Phenylobacterium_zucineum	284016	S	23257	4458	27715	0.00199
Phenylobacterium_parvum	2201350	S	4237	439	4676	0.00034
Asticcacaulis_excentricus	78587	S	1453	218	1671	0.00012
Asticcacaulis_sp._AND118	2840468	S	1192	171	1363	0.00010
Terricaulis_silvestris	2686094	S	2683	89	2772	0.00020
Marinicauda_algicola	2029849	S	2567	429	2996	0.00021
Maricaulis_maris	74318	S	936	60	996	0.00007
Glycocaulis_alkaliphilus	1434191	S	858	45	903	0.00006
Hyphobacterium_sp._CCMP332	2749086	S	670	27	697	0.00005
Hyphomonas_sp._CACIAM_19H1	1873716	S	913	145	1058	0.00008
Hyphomonas_sp._Mor2	1906738	S	582	12	594	0.00004
Hyphomonas_sp._KY3	2016196	S	529	60	589	0.00004
Hyphomonas_neptunium	81032	S	803	97	900	0.00006
Candidatus_Viadribacter_manganicus	1759059	S	1592	40	1632	0.00012
Hirschia_baltica	2724	S	46	0	46	0.00000
Aquisalinus_flavus	1526572	S	1145	51	1196	0.00009
Parvularcula_bermudensis	208216	S	481	55	536	0.00004
Anaplasma_ovis	142058	S	46	16	62	0.00000
Anaplasma_platys	949	S	20	5	25	0.00000
Anaplasma_phagocytophilum	948	S	20	5	25	0.00000
Anaplasma_marginale	770	S	19	54	73	0.00001
Wolbachia_endosymbiont_of_Cimex_lectularius	246273	S	10	55	65	0.00000
Ehrlichia_ruminantium	779	S	25	10	35	0.00000
Ehrlichia_canis	944	S	10	6	16	0.00000
Neorickettsia_helminthoeca	33994	S	12	12	24	0.00000
Rickettsia_tillamookensis	2761623	S	45	57	102	0.00001
Rickettsia_endosymbiont_of_Oedothorax_gibbosus	931099	S	37	8	45	0.00000
Rickettsia_endosymbiont_of_Bemisia_tabaci	337479	S	11	18	29	0.00000
Orientia_tsutsugamushi	784	S	22	1	23	0.00000
Candidatus_Sneabacter_namystus	2601646	S	14	2	16	0.00000
Candidatus_Phycorickettsia_trachydisci	2115978	S	51	4	55	0.00000
Candidatus_Midichloria_mitochondrii	234827	S	30	3	33	0.00000
Candidatus_Fokinia_solitaria	1802984	S	25	0	25	0.00000
Rickettsiales_endosymbiont_of_Stachyamoeba_lipophora	2486578	S	26	4	30	0.00000
Candidatus_Deianiraea_vastatrix	2163644	S	12	0	12	0.00000
Luteithermobacter_gelatinilyticus	2582913	S	401	68	469	0.00003
Paremcibacter_congregatus	2043170	S	343	11	354	0.00003
Micavibrio_aeruginosavorus	349221	S	587	7	594	0.00004
Candidatus_Puniceispirillum_marinum	767892	S	114	3	117	0.00001
endosymbiont_of_Acanthamoeba_sp._UWC8	86106	S	71	1	72	0.00001
Candidatus_Cytomitobacter_primus	2066024	S	24	3	27	0.00000
Candidatus_Cytomitobacter_indipagum	2601575	S	18	3	21	0.00000
Candidatus_Hydrogenosomobacter_endosymbioticus	2558174	S	45	0	45	0.00000
Candidatus_Gromoviella_agglomerans	2806609	S	30	1	31	0.00000
Candidatus_Nesciobacter_abundans	2601668	S	14	1	15	0.00000
Candidatus_Paracaedibacter_acanthamoebae	91604	S	88	4	92	0.00001
Candidatus_Nucleicultrix_amoebiphila	1509244	S	76	3	79	0.00001
Magnetococcus_marinus	1124597	S	228	5	233	0.00002
Candidatus_Pelagibacter_sp._RS40	1977865	S	21	4	25	0.00000
Candidatus_Pelagibacter_sp._IMCC9063	1002672	S	14	0	14	0.00000
Candidatus_Pelagibacter_sp._HIMB1321	1388755	S	14	4	18	0.00000
Candidatus_Pelagibacter_giovannonii	2563896	S	11	7	18	0.00000
Candidatus_Fonsibacter_ubiquis	1925548	S	43	2	45	0.00000
Kordiimonas_pumila	2161677	S	99	1	100	0.00001
Variovorax_sp._HW608	1034889	S	15147	2693	17840	0.00128
Variovorax_sp._PBS-H4	434008	S	7622	4998	12620	0.00090
Variovorax_sp._PBL-H6	434009	S	7357	7287	14644	0.00105
Variovorax_sp._RA8	662548	S	7070	5692	12762	0.00092
Variovorax_sp._WDL1	207745	S	6707	10618	17325	0.00124
Variovorax_sp._PAMC_28711	1795631	S	6278	1132	7410	0.00053
Variovorax_sp._RKNM96	2681552	S	5527	2264	7791	0.00056
Variovorax_sp._PAMC26660	2762322	S	4708	1270	5978	0.00043
Variovorax_sp._PAMC28562	2762323	S	4457	403	4860	0.00035
Variovorax_sp._SRS16	282217	S	3333	7818	11151	0.00080
Variovorax_sp._38R	2774875	S	3080	4073	7153	0.00051
Variovorax_sp._PBL-E5	434014	S	2932	7972	10904	0.00078
Variovorax_sp._PDNC026	2811425	S	109	4402	4511	0.00032
Variovorax_sp._PMC12	2126319	S	47	2438	2485	0.00018
Variovorax_paradoxus	34073	S	28410	26756	55166	0.00396
Variovorax_boronicumulans	436515	S	4327	3418	7745	0.00056
Ramlibacter_tataouinensis	94132	S	62089	26668	88757	0.00636
Hydrogenophaga_sp._BA0156	2716225	S	7614	5844	13458	0.00097
Hydrogenophaga_sp._YM1	2806262	S	6505	3687	10192	0.00073
Hydrogenophaga_sp._PBC	795665	S	5950	7222	13172	0.00094
Hydrogenophaga_sp._BPS33	2651974	S	5446	4458	9904	0.00071
Hydrogenophaga_sp._SL48	2806347	S	4837	1303	6140	0.00044
Hydrogenophaga_sp._RAC07	1842537	S	3784	1491	5275	0.00038
Hydrogenophaga_sp._PBL-H3	434010	S	3573	3499	7072	0.00051
Hydrogenophaga_sp._NH-16	2184519	S	1775	4400	6175	0.00044
Hydrogenophaga_sp._PAMC20947	2565558	S	1599	117	1716	0.00012
Hydrogenophaga_taeniospiralis	65656	S	4263	1409	5672	0.00041
Hydrogenophaga_pseudoflava	47421	S	1717	3399	5116	0.00037
Hydrogenophaga_crassostreae	1763535	S	1482	101	1583	0.00011
Acidovorax_sp._YS12	2738413	S	4081	3776	7857	0.00056
Acidovorax_sp._RAC01	1842533	S	2676	2325	5001	0.00036
Acidovorax_sp._KKS102	358220	S	2442	1909	4351	0.00031
Acidovorax_sp._JMULE5	2518343	S	2201	697	2898	0.00021
Acidovorax_sp._HDW3	2714923	S	2058	1548	3606	0.00026
Acidovorax_sp._1608163	2478662	S	1859	443	2302	0.00017
Acidovorax_sp._T1	1858609	S	1425	5348	6773	0.00049
Acidovorax_avenae	80867	S	7756	5023	12779	0.00092
Acidovorax_monticola	1926868	S	5508	2439	7947	0.00057
Acidovorax_antarcticus	2743470	S	4244	3381	7625	0.00055
Acidovorax_carolinensis	553814	S	2873	2561	5434	0.00039
Acidovorax_citrulli	80869	S	2361	6566	8927	0.00064
Acidovorax_cattleyae	80868	S	1994	1418	3412	0.00024
Acidovorax_radicis	758826	S	1771	389	2160	0.00015
Rhodoferax_sp._BAB1	2741720	S	5488	1673	7161	0.00051
Rhodoferax_sp._AJA081-3	2752316	S	1443	113	1556	0.00011
Rhodoferax_sp._PAMC_29310	2822760	S	860	102	962	0.00007
Rhodoferax_sp._MIZ03	2798804	S	709	77	786	0.00006
Rhodoferax_koreense	1842727	S	7346	4017	11363	0.00081
Rhodoferax_sediminis	2509614	S	6028	1020	7048	0.00051
Rhodoferax_ferrireducens	192843	S	2108	154	2262	0.00016
Rhodoferax_saidenbachensis	1484693	S	1617	195	1812	0.00013
Rhodoferax_antarcticus	81479	S	900	74	974	0.00007
Rhodoferax_aquaticus	2527691	S	520	56	576	0.00004
Comamonas_sp._NLF-7-7	2597701	S	2782	2349	5131	0.00037
Comamonas_sp._NLF-1-9	2853163	S	2418	1509	3927	0.00028
Comamonas_sp._B21-038	2918299	S	1299	361	1660	0.00012
Comamonas_sp._Y33R10-2	2853257	S	391	78	469	0.00003
Comamonas_serinivorans	1082851	S	3365	1001	4366	0.00031
Comamonas_aquatica	225991	S	3277	3381	6658	0.00048
Comamonas_testosteroni	285	S	1925	2991	4916	0.00035
Comamonas_odontotermitis	379895	S	1331	282	1613	0.00012
Comamonas_koreensis	160825	S	1294	849	2143	0.00015
Comamonas_piscis	1562974	S	1027	224	1251	0.00009
Comamonas_thiooxydans	363952	S	895	2162	3057	0.00022
Comamonas_kerstersii	225992	S	763	431	1194	0.00009
Comamonas_fluminis	2796366	S	685	310	995	0.00007
Schlegelella_thermodepolymerans	215580	S	10775	5478	16253	0.00117
Schlegelella_brevitalea	413882	S	8127	1232	9359	0.00067
Diaphorobacter_sp._HDW4B	2714925	S	2331	324	2655	0.00019
Diaphorobacter_sp._HDW4A	2714924	S	2312	2307	4619	0.00033
Diaphorobacter_sp._JS3051	2792224	S	279	4749	5028	0.00036
Diaphorobacter_sp._MNS-0	2866628	S	276	2484	2760	0.00020
Diaphorobacter_sp._JS3050	2735554	S	181	2120	2301	0.00017
Diaphorobacter_ruginosibacter	1715720	S	3186	641	3827	0.00027
Diaphorobacter_aerolatus	1288495	S	2351	3739	6090	0.00044
[Acidovorax]_ebreus	721785	S	401	2488	2889	0.00021
Diaphorobacter_nitroreducens	164759	S	385	1184	1569	0.00011
Polaromonas_sp._JS666	296591	S	4741	4761	9502	0.00068
Polaromonas_naphthalenivorans	216465	S	3570	593	4163	0.00030
Polaromonas_vacuolata	37448	S	359	40	399	0.00003
Delftia_tsuruhatensis	180282	S	2808	7931	10739	0.00077
Delftia_acidovorans	80866	S	2164	6800	8964	0.00064
Delftia_lacustris	558537	S	781	4552	5333	0.00038
Delftia_sp._Cs1-4	742013	S	267	646	913	0.00007
Delftia_sp._HK171	1920191	S	139	388	527	0.00004
Kinneretia_sp._DAIF2	2714952	S	8036	2987	11023	0.00079
Kinneretia_sp._XES5	2877940	S	1628	2029	3657	0.00026
Ottowia_sp._27C	2816950	S	4118	893	5011	0.00036
Ottowia_sp._oral_taxon_894	1658672	S	1506	236	1742	0.00012
Ottowia_oryzae	2109914	S	3251	794	4045	0.00029
Alicycliphilus_denitrificans	179636	S	7932	13396	21328	0.00153
Melaminivora_sp._SC2-9	2109913	S	3452	4274	7726	0.00055
Melaminivora_jejuensis	1267217	S	2710	2249	4959	0.00036
Serpentinimonas_maccroryi	1458426	S	1933	665	2598	0.00019
Serpentinimonas_raichei	1458425	S	1751	663	2414	0.00017
Hylemonella_gracilis	80880	S	3626	560	4186	0.00030
Verminephrobacter_eiseniae	364317	S	3241	432	3673	0.00026
Pulveribacter_suum	2116657	S	3072	1755	4827	0.00035
Simplicispira_suum	2109915	S	2260	900	3160	0.00023
Limnohabitans_sp._63ED37-2	1678128	S	1124	130	1254	0.00009
Limnohabitans_sp._103DPR2	1678129	S	361	28	389	0.00003
Curvibacter_sp._AEP1-3	1844971	S	1058	83	1141	0.00008
Candidatus_Symbiobacter_mobilis	1436290	S	875	32	907	0.00007
Burkholderia_anthina	179879	S	28167	20174	48341	0.00347
Burkholderia_cenocepacia	95486	S	7922	15908	23830	0.00171
Burkholderia_multivorans	87883	S	7723	39027	46750	0.00335
Burkholderia_cepacia	292	S	7062	4461	11523	0.00083
Burkholderia_ubonensis	101571	S	6924	3501	10425	0.00075
Burkholderia_pyrrocinia	60550	S	3122	1254	4376	0.00031
Burkholderia_contaminans	488447	S	2736	1395	4131	0.00030
Burkholderia_ambifaria	152480	S	2594	2972	5566	0.00040
Burkholderia_stagnalis	1503054	S	2360	697	3057	0.00022
Burkholderia_dolosa	152500	S	2323	818	3141	0.00023
Burkholderia_lata	482957	S	2060	1474	3534	0.00025
Burkholderia_stabilis	95485	S	2035	1190	3225	0.00023
Burkholderia_territorii	1503055	S	1733	640	2373	0.00017
Burkholderia_vietnamiensis	60552	S	1549	76491	78040	0.00560
Burkholderia_seminalis	488731	S	1490	537	2027	0.00015
Burkholderia_metallica	488729	S	1099	413	1512	0.00011
Burkholderia_diffusa	488732	S	772	287	1059	0.00008
Burkholderia_pseudomultivorans	1207504	S	597	510	1107	0.00008
Burkholderia_latens	488446	S	374	607	981	0.00007
Burkholderia_aenigmatica	2015348	S	309	549	858	0.00006
Burkholderia_pseudomallei	28450	S	3109	15644	18753	0.00134
Burkholderia_mayonis	1385591	S	2420	502	2922	0.00021
Burkholderia_thailandensis	57975	S	2363	3133	5496	0.00039
Burkholderia_oklahomensis	342113	S	1523	585	2108	0.00015
Burkholderia_savannae	1637837	S	392	449	841	0.00006
Burkholderia_sp._MSMB1588	1636423	S	143	207	350	0.00003
Burkholderia_sp._MSMB617WGS	1637831	S	142	333	475	0.00003
Burkholderia_mallei	13373	S	87	2646	2733	0.00020
Burkholderia_sp._DHOD12	2571746	S	3967	404	4371	0.00031
Burkholderia_sp._Bp7605	1740163	S	2243	292	2535	0.00018
Burkholderia_sp._NRF60-BP8	1637853	S	917	350	1267	0.00009
Burkholderia_sp._MSMB0856	1637869	S	723	324	1047	0.00008
Burkholderia_sp._LA-2-3-30-S1-D2	1637862	S	700	292	992	0.00007
Burkholderia_sp._JP2-270	2217913	S	693	302	995	0.00007
Burkholderia_sp._PAMC_26561	1795043	S	614	561	1175	0.00008
Burkholderia_sp._MS455	2811788	S	492	240	732	0.00005
Burkholderia_sp._PAMC_28687	1795874	S	418	586	1004	0.00007
Burkholderia_sp._IDO3	1705310	S	402	401	803	0.00006
Burkholderia_sp._LAS2	2813843	S	182	552	734	0.00005
Burkholderia_sp._KBS0801	1179675	S	171	217	388	0.00003
Burkholderia_sp._MS389	2811789	S	136	657	793	0.00006
Burkholderia_sp._MBR-1	2732364	S	69	195	264	0.00002
Burkholderia_sp._KJ006	416344	S	60	256	316	0.00002
Burkholderia_sp._B21-005	2890406	S	15	506	521	0.00004
Burkholderia_sp._B21-007	2890407	S	12	342	354	0.00003
Burkholderia_gladioli	28095	S	8356	2425	10781	0.00077
Burkholderia_glumae	337	S	3107	934	4041	0.00029
Burkholderia_plantarii	41899	S	2107	610	2717	0.00019
Burkholderia_perseverans	2615214	S	1818	560	2378	0.00017
Cupriavidus_pauculus	82633	S	16260	6759	23019	0.00165
Cupriavidus_taiwanensis	164546	S	13566	11258	24824	0.00178
Cupriavidus_oxalaticus	96344	S	6104	2637	8741	0.00063
Cupriavidus_basilensis	68895	S	6083	3138	9221	0.00066
Cupriavidus_necator	106590	S	5680	4885	10565	0.00076
Cupriavidus_sp._EM10	2839983	S	2816	1620	4436	0.00032
Cupriavidus_sp._MP-37	2884455	S	1127	1177	2304	0.00017
Cupriavidus_sp._KK10	1478019	S	496	1575	2071	0.00015
Cupriavidus_sp._ISTL7	2771360	S	337	2282	2619	0.00019
Cupriavidus_sp._USMAA2-4	876364	S	334	2365	2699	0.00019
Cupriavidus_sp._USMAHM13	1389192	S	220	1634	1854	0.00013
Cupriavidus_campinensis	151783	S	5279	1868	7147	0.00051
Cupriavidus_metallidurans	119219	S	3922	2390	6312	0.00045
Cupriavidus_pinatubonensis	248026	S	3395	566	3961	0.00028
Cupriavidus_gilardii	82541	S	1305	6701	8006	0.00057
Cupriavidus_neocaledonicus	1040979	S	1082	1378	2460	0.00018
Cupriavidus_nantongensis	1796606	S	978	2547	3525	0.00025
Cupriavidus_malaysiensis	367825	S	292	2050	2342	0.00017
Paraburkholderia_sp._SOS3	1926494	S	3570	522	4092	0.00029
Paraburkholderia_sp._PGU16	2735433	S	1611	926	2537	0.00018
Paraburkholderia_sp._PGU19	2735434	S	1170	1050	2220	0.00016
Paraburkholderia_caribensis	75105	S	4580	3313	7893	0.00057
Paraburkholderia_pallida	2547399	S	4134	747	4881	0.00035
Paraburkholderia_aromaticivorans	2026199	S	3613	1595	5208	0.00037
Paraburkholderia_acidisoli	2571748	S	3363	602	3965	0.00028
Paraburkholderia_tropica	92647	S	3214	715	3929	0.00028
Paraburkholderia_acidiphila	2571747	S	3024	587	3611	0.00026
Paraburkholderia_edwinii	2861782	S	2934	401	3335	0.00024
Paraburkholderia_terricola	169427	S	2692	807	3499	0.00025
Paraburkholderia_phytofirmans	261302	S	2638	1134	3772	0.00027
Paraburkholderia_atlantica	2654982	S	2619	641	3260	0.00023
Paraburkholderia_phymatum	148447	S	2416	628	3044	0.00022
Paraburkholderia_phenoliruptrix	252970	S	2413	708	3121	0.00022
Paraburkholderia_sprentiae	948107	S	2395	526	2921	0.00021
Paraburkholderia_graminis	60548	S	2276	565	2841	0.00020
Paraburkholderia_megapolitana	420953	S	2226	208	2434	0.00017
Paraburkholderia_fungorum	134537	S	2034	484	2518	0.00018
Paraburkholderia_ginsengisoli	311231	S	1952	599	2551	0.00018
Paraburkholderia_terrae	311230	S	1930	2314	4244	0.00030
Paraburkholderia_caledonica	134536	S	1915	348	2263	0.00016
Paraburkholderia_hospita	169430	S	1589	1892	3481	0.00025
Paraburkholderia_dokdonella	2211211	S	1586	423	2009	0.00014
Paraburkholderia_caffeinilytica	1761016	S	1550	413	1963	0.00014
Paraburkholderia_xenovorans	36873	S	1500	1899	3399	0.00024
Paraburkholderia_dioscoreae	2604047	S	1074	747	1821	0.00013
Ralstonia_solanacearum	305	S	7328	15081	22409	0.00161
Ralstonia_pickettii	329	S	2832	1316	4148	0.00030
Ralstonia_sp._56D2	2842456	S	2766	426	3192	0.00023
Ralstonia_insidiosa	190721	S	2406	1703	4109	0.00029
Ralstonia_mannitolilytica	105219	S	1911	2215	4126	0.00030
Ralstonia_syzygii	28097	S	108	391	499	0.00004
Ralstonia_pseudosolanacearum	1310165	S	57	1592	1649	0.00012
Pandoraea_pnomenusa	93220	S	3157	1524	4681	0.00034
Pandoraea_pulmonicola	93221	S	2551	585	3136	0.00022
Pandoraea_thiooxydans	445709	S	2453	197	2650	0.00019
Pandoraea_sp._XY-2	2518599	S	1760	916	2676	0.00019
Pandoraea_norimbergensis	93219	S	1696	282	1978	0.00014
Pandoraea_vervacti	656178	S	1688	530	2218	0.00016
Pandoraea_faecigallinarum	656179	S	1676	488	2164	0.00016
Pandoraea_apista	93218	S	1466	830	2296	0.00016
Pandoraea_fibrosis	1891094	S	1361	493	1854	0.00013
Pandoraea_oxalativorans	573737	S	1179	614	1793	0.00013
Pandoraea_sputorum	93222	S	1074	524	1598	0.00011
Caballeronia_sp._Lep1P3	2878150	S	2629	630	3259	0.00023
Caballeronia_sp._TF1N1	2878153	S	2134	248	2382	0.00017
Caballeronia_sp._SL2Y3	2878151	S	1306	768	2074	0.00015
Caballeronia_sp._Sq4a	2878152	S	1147	869	2016	0.00014
Caballeronia_sp._M1242	2814653	S	1127	832	1959	0.00014
Caballeronia_sp._SBC2	2705547	S	124	1111	1235	0.00009
Caballeronia_sp._SBC1	2705548	S	108	1352	1460	0.00010
Caballeronia_zhejiangensis	871203	S	4136	987	5123	0.00037
Caballeronia_insecticola	758793	S	2642	565	3207	0.00023
Caballeronia_grimmiae	1071679	S	2351	1190	3541	0.00025
Polynucleobacter_sp._LimPoW16	1743162	S	50	2	52	0.00000
Polynucleobacter_sp._AP-Ainpum-60-G11	2576926	S	48	11	59	0.00000
Polynucleobacter_sp._MWH-P3-07-1	1743173	S	47	6	53	0.00000
Polynucleobacter_sp._MWH-UH35A	1855619	S	46	7	53	0.00000
Polynucleobacter_sp._MWH-UH24A	2689110	S	43	2	45	0.00000
Polynucleobacter_sp._MWH-Svant-W18	1855909	S	42	7	49	0.00000
Polynucleobacter_sp._AP-Kolm-20A-A1	2081041	S	41	23	64	0.00000
Polynucleobacter_sp._MWH-CaK5	2689107	S	40	2	42	0.00000
Polynucleobacter_sp._AP-Nino-20-G2	2576917	S	39	9	48	0.00000
Polynucleobacter_sp._MWH-UH2A	1855617	S	38	7	45	0.00000
Polynucleobacter_sp._JS-Mosq-20-D10	2576922	S	36	12	48	0.00000
Polynucleobacter_sp._TSB-Sco08W16	1758374	S	35	5	40	0.00000
Polynucleobacter_sp._MWH-Spelu-300-X4	2689109	S	34	1	35	0.00000
Polynucleobacter_sp._es-MAR-2	1819725	S	33	6	39	0.00000
Polynucleobacter_sp._AP-Sving-400A-A2	2081049	S	33	16	49	0.00000
Polynucleobacter_sp._MWH-UH21B	1743174	S	31	5	36	0.00000
Polynucleobacter_sp._VK25	1758398	S	30	6	36	0.00000
Polynucleobacter_sp._es-EL-1	1855652	S	29	4	33	0.00000
Polynucleobacter_sp._AP-Titi-500A-B4	2576923	S	27	5	32	0.00000
Polynucleobacter_sp._MWH-Braz-FAM2G	1855883	S	25	2	27	0.00000
Polynucleobacter_sp._MG-Unter2-18	2081052	S	25	17	42	0.00000
Polynucleobacter_sp._MWH-Aus1W21	1855880	S	25	5	30	0.00000
Polynucleobacter_sp._AP-Elch-400A-B2	2576930	S	25	10	35	0.00000
Polynucleobacter_sp._JS-JIR-II-b4	1758390	S	24	12	36	0.00000
Polynucleobacter_sp._Adler-ghost	2770234	S	24	10	34	0.00000
Polynucleobacter_sp._AP-Melu-1000-A1	2081042	S	23	8	31	0.00000
Polynucleobacter_sp._MWH-S4W17	1855910	S	22	10	32	0.00000
Polynucleobacter_sp._JS-JIR-II-50	2576919	S	21	9	30	0.00000
Polynucleobacter_sp._AM-7D1	2689102	S	19	18	37	0.00000
Polynucleobacter_sp._MWH-UH25E	1855616	S	19	3	22	0.00000
Polynucleobacter_sp._MG-6-Vaara-E2	2576932	S	17	3	20	0.00000
Polynucleobacter_sp._JS-JIR-5-A7	1758395	S	16	38	54	0.00000
Polynucleobacter_sp._UB-Siik-W21	1855646	S	13	31	44	0.00000
Polynucleobacter_sp._AP-Jannik-300A-C4	2576928	S	12	11	23	0.00000
Polynucleobacter_necessarius	576610	S	258	44	302	0.00002
Polynucleobacter_asymbioticus	576611	S	143	23	166	0.00001
Polynucleobacter_difficilis	556054	S	112	9	121	0.00001
Polynucleobacter_acidiphobus	556053	S	80	5	85	0.00001
Polynucleobacter_paneuropaeus	2527775	S	47	5	52	0.00000
Polynucleobacter_duraquae	1835254	S	29	18	47	0.00000
Polynucleobacter_wuianus	1743168	S	27	7	34	0.00000
Lautropia_mirabilis	47671	S	2022	367	2389	0.00017
Chitinimonas_arctica	2594795	S	1526	122	1648	0.00012
Mycetohabitans_rhizoxinica	412963	S	1484	100	1584	0.00011
Mycoavidus_sp._HKI	2840467	S	152	14	166	0.00001
Mycoavidus_sp._B2-EB	2651972	S	65	14	79	0.00001
Mycoavidus_cysteinexigens	1553431	S	100	15	115	0.00001
Limnobacter_sp._SAORIC-580	2732163	S	230	11	241	0.00002
Candidatus_Vallotia_cooleyia	1177211	S	55	6	61	0.00000
Candidatus_Vallotia_lariciata	2018052	S	50	19	69	0.00000
Candidatus_Vallotia_tarda	1177213	S	44	7	51	0.00000
Candidatus_Vallotia_sp._(ex_Adelges_kitamiensis)	2864217	S	36	13	49	0.00000
Ephemeroptericola_cinctiostellae	2268024	S	119	7	126	0.00001
Achromobacter_xylosoxidans	85698	S	36313	51934	88247	0.00633
Achromobacter_sp._AONIH1	1758194	S	2710	3362	6072	0.00044
Achromobacter_sp._MFA1_R4	1881016	S	2194	527	2721	0.00020
Achromobacter_sp._77	2756133	S	571	768	1339	0.00010
Achromobacter_sp._B7	2282475	S	312	818	1130	0.00008
Achromobacter_sp._ES-001	2860286	S	270	923	1193	0.00009
Achromobacter_spanius	217203	S	4648	1630	6278	0.00045
Achromobacter_denitrificans	32002	S	4237	2368	6605	0.00047
Achromobacter_deleyi	1353891	S	3006	1561	4567	0.00033
Achromobacter_insolitus	217204	S	2356	526	2882	0.00021
Achromobacter_pestifer	1353889	S	1567	887	2454	0.00018
Achromobacter_mucicolens	1389922	S	817	665	1482	0.00011
Achromobacter_ruhlandii	72557	S	45	1128	1173	0.00008
Bordetella_sp._H567	1697043	S	3188	392	3580	0.00026
Bordetella_sp._N	1746199	S	2674	298	2972	0.00021
Bordetella_bronchialis	463025	S	4549	607	5156	0.00037
Bordetella_genomosp._8	1416806	S	4007	473	4480	0.00032
Bordetella_genomosp._13	463040	S	3551	2512	6063	0.00043
Bordetella_flabilis	463014	S	3042	255	3297	0.00024
Bordetella_genomosp._9	1416803	S	3000	766	3766	0.00027
Bordetella_hinzii	103855	S	2435	1065	3500	0.00025
Bordetella_petrii	94624	S	2345	3169	5514	0.00040
Bordetella_trematum	123899	S	1861	794	2655	0.00019
Bordetella_bronchiseptica	518	S	1382	6839	8221	0.00059
Bordetella_pseudohinzii	1331258	S	1370	615	1985	0.00014
Bordetella_holmesii	35814	S	861	286	1147	0.00008
Bordetella_avium	521	S	805	90	895	0.00006
Bordetella_genomosp._6	463024	S	429	947	1376	0.00010
Bordetella_pertussis	520	S	241	2737	2978	0.00021
Bordetella_parapertussis	519	S	135	1629	1764	0.00013
Pigmentiphaga_sp._H8	2488560	S	5480	702	6182	0.00044
Pigmentiphaga_aceris	1940612	S	1538	108	1646	0.00012
Orrella_dioscoreae	1851544	S	2771	969	3740	0.00027
Orrella_marina	2163011	S	340	65	405	0.00003
Orrella_sp._f23	2782176	S	177	13	190	0.00001
Castellaniella_defragrans	75697	S	3308	2238	5546	0.00040
Alcaligenes_faecalis	511	S	603	577	1180	0.00008
Alcaligenes_sp._SORT26	2813780	S	176	36	212	0.00002
Alcaligenes_sp._DN25	1367435	S	37	92	129	0.00001
Alcaligenes_aquatilis	323284	S	105	404	509	0.00004
Alcaligenes_ammonioxydans	2582914	S	11	129	140	0.00001
Pusillimonas_thiosulfatoxidans	2028345	S	733	205	938	0.00007
Pusillimonas_sp._T7-7	1007105	S	457	72	529	0.00004
Pusillimonas_sp._DMV24BSW_D	2716226	S	244	17	261	0.00002
Paralcaligenes_sp._KSB-10	2901142	S	1018	41	1059	0.00008
Kerstersia_gyiorum	206506	S	839	175	1014	0.00007
Advenella_mimigardefordensis	302406	S	397	22	419	0.00003
Advenella_kashmirensis	310575	S	363	20	383	0.00003
Oligella_urethralis	90245	S	79	4	83	0.00001
Oligella_ureolytica	90244	S	57	38	95	0.00001
Paenalcaligenes_hominis	643674	S	86	4	90	0.00001
Taylorella_asinigenitalis	84590	S	20	5	25	0.00000
Taylorella_equigenitalis	29575	S	15	2	17	0.00000
Pelistega_ratti	2652177	S	40	6	46	0.00000
Basilea_psittacipulmonis	1472345	S	33	3	36	0.00000
Massilia_sp._WG5	1707785	S	5955	2845	8800	0.00063
Massilia_sp._HC52	2852099	S	4761	1411	6172	0.00044
Massilia_sp._DM-R-R2A-13	2899220	S	4347	1036	5383	0.00039
Massilia_sp._LPB0304	2769491	S	4066	1089	5155	0.00037
Massilia_sp._YMA4	1593482	S	3260	1845	5105	0.00037
Massilia_sp._NP310	2861282	S	2991	2153	5144	0.00037
Massilia_sp._PAMC28688	2861283	S	2434	399	2833	0.00020
Massilia_sp._NR_4-1	1678028	S	478	1737	2215	0.00016
Massilia_sp._MB5	2919578	S	478	1797	2275	0.00016
Massilia_sp._Se16.2.3	2709303	S	58	2256	2314	0.00017
Massilia_sp._Dwa41.01b	2709302	S	56	2157	2213	0.00016
Massilia_putida	1141883	S	7490	2594	10084	0.00072
Massilia_flava	871742	S	5825	1524	7349	0.00053
Massilia_violaceinigra	2045208	S	5538	1706	7244	0.00052
Massilia_albidiflava	321983	S	3487	1503	4990	0.00036
Massilia_lutea	321985	S	3398	1119	4517	0.00032
Massilia_umbonata	864828	S	3314	1436	4750	0.00034
Massilia_plicata	321984	S	3281	921	4202	0.00030
Massilia_armeniaca	2072590	S	3193	1830	5023	0.00036
Massilia_oculi	945844	S	2434	1701	4135	0.00030
Massilia_antarctica	2765360	S	2302	945	3247	0.00023
Duganella_sp._GN2-R2	2728020	S	4349	1963	6312	0.00045
Duganella_sp._AF9R3	2728021	S	2825	633	3458	0.00025
Herbaspirillum_seropedicae	964	S	3022	1257	4279	0.00031
Herbaspirillum_robiniae	2014887	S	2938	1132	4070	0.00029
Herbaspirillum_frisingense	92645	S	1912	634	2546	0.00018
Herbaspirillum_hiltneri	341045	S	1887	339	2226	0.00016
Herbaspirillum_rubrisubalbicans	80842	S	1731	850	2581	0.00019
Herbaspirillum_huttiense	863372	S	1376	581	1957	0.00014
Herbaspirillum_sp._meg3	2025949	S	1033	125	1158	0.00008
Janthinobacterium_sp._17J80-10	2497863	S	1614	251	1865	0.00013
Janthinobacterium_sp._1_2014MBL_MicDiv	1644131	S	1460	587	2047	0.00015
Janthinobacterium_sp._LM6	1938606	S	713	494	1207	0.00009
Janthinobacterium_sp._PAMC25594	2861284	S	560	385	945	0.00007
Janthinobacterium_sp._Marseille	375286	S	476	128	604	0.00004
Janthinobacterium_sp._HH102	1537274	S	302	528	830	0.00006
Janthinobacterium_sp._B9-8	1236179	S	140	41	181	0.00001
Janthinobacterium_agaricidamnosum	55508	S	2304	3997	6301	0.00045
Janthinobacterium_tructae	2590869	S	565	320	885	0.00006
Janthinobacterium_lividum	29581	S	522	582	1104	0.00008
Janthinobacterium_svalbardensis	368607	S	492	271	763	0.00005
Collimonas_fungivorans	158899	S	2159	613	2772	0.00020
Collimonas_arenae	279058	S	1726	233	1959	0.00014
Collimonas_pratensis	279113	S	1567	335	1902	0.00014
Noviherbaspirillum_sp._UKPF54	2601898	S	4978	885	5863	0.00042
Undibacterium_sp._YM2	2058625	S	225	81	306	0.00002
Undibacterium_sp._KW1	2058624	S	189	68	257	0.00002
Undibacterium_parvum	401471	S	268	36	304	0.00002
Herminiimonas_arsenitoxidans	1809410	S	316	55	371	0.00003
Glaciimonas_sp._PAMC28666	2807626	S	311	20	331	0.00002
Oxalobacter_formigenes	847	S	210	20	230	0.00002
Rhizobacter_sp._AJA081-3	2753607	S	15350	4445	19795	0.00142
Rhizobacter_gummiphilus	946333	S	11319	2491	13810	0.00099
Sphaerotilus_sp._FB-5	2914710	S	7588	5102	12690	0.00091
Sphaerotilus_natans	34103	S	6452	2839	9291	0.00067
Methylibium_sp._Pch-M	2082386	S	4048	4084	8132	0.00058
Methylibium_petroleiphilum	105560	S	3772	3994	7766	0.00056
Rubrivivax_gelatinosus	28068	S	12046	4210	16256	0.00117
Aquincola_tertiaricarbonis	391953	S	9838	3733	13571	0.00097
Leptothrix_cholodnii	34029	S	8375	3012	11387	0.00082
Mitsuaria_sp._7	1658665	S	7725	1720	9445	0.00068
Thiomonas_sp._X19	1050370	S	2628	970	3598	0.00026
Thiomonas_intermedia	926	S	1665	245	1910	0.00014
Thiomonas_arsenitoxydans	426114	S	586	1086	1672	0.00012
Xylophilus_rhododendri	2697032	S	5232	1630	6862	0.00049
Ideonella_dechloratans	36863	S	5020	3264	8284	0.00059
Tepidimonas_taiwanensis	307486	S	4033	1542	5575	0.00040
Roseateles_depolymerans	76731	S	3463	739	4202	0.00030
Aquabacterium_olei	1296669	S	3415	987	4402	0.00032
Inhella_inkyongensis	392593	S	2260	392	2652	0.00019
Paucibacter_sp._KCTC_42545	1768242	S	1887	349	2236	0.00016
Candidatus_Ichthyocystis_hellenicum	1561003	S	24	0	24	0.00000
Sutterella_megalosphaeroides	2494234	S	1137	237	1374	0.00010
Sutterella_faecalis	2584944	S	784	140	924	0.00007
Sutterella_wadsworthensis	40545	S	297	45	342	0.00002
Turicimonas_muris	1796652	S	128	10	138	0.00001
Azoarcus_sp._KH32C	748247	S	10753	2046	12799	0.00092
Azoarcus_sp._DD4	2027405	S	3571	2422	5993	0.00043
Azoarcus_olearius	418699	S	4463	1793	6256	0.00045
Azoarcus_communis	41977	S	3251	1271	4522	0.00032
Thauera_sp._MZ1T	85643	S	4931	5126	10057	0.00072
Thauera_sp._K11	2005884	S	4673	2933	7606	0.00055
Thauera_humireducens	1134435	S	2993	1816	4809	0.00034
Thauera_chlorobenzoica	96773	S	2303	2225	4528	0.00032
Thauera_aromatica	59405	S	2176	3103	5279	0.00038
Thauera_hydrothermalis	2184083	S	1308	385	1693	0.00012
Nitrogeniibacter_mangrovi	2016596	S	3548	783	4331	0.00031
Nitrogeniibacter_aestuarii	2815343	S	1595	183	1778	0.00013
Aromatoleum_petrolei	76116	S	6432	1672	8104	0.00058
Aromatoleum_aromaticum	551760	S	4049	2887	6936	0.00050
Aromatoleum_bremense	76115	S	3415	2009	5424	0.00039
Aromatoleum_pumilum	2067960	S	3007	1143	4150	0.00030
Azospira_restricta	404405	S	8511	4472	12983	0.00093
Azospira_inquinata	2785627	S	797	70	867	0.00006
Azospira_oryzae	146939	S	571	1438	2009	0.00014
Azospira_sp._I09	1765049	S	555	1662	2217	0.00016
Niveibacterium_microcysteis	2811415	S	3175	472	3647	0.00026
Oryzomicrobium_terrae	1735038	S	2129	587	2716	0.00019
Rugosibacter_aromaticivorans	1565605	S	556	97	653	0.00005
Dechloromonas_denitrificans	281362	S	3446	937	4383	0.00031
Dechloromonas_sp._HYN0024	2231055	S	975	226	1201	0.00009
Dechloromonas_sp._TW-R-39-2	2654218	S	537	262	799	0.00006
Ferribacterium_limneticum	76259	S	4612	879	5491	0.00039
Quatrionicoccus_australiensis	138118	S	2011	665	2676	0.00019
Fluviibacter_phosphoraccumulans	1751046	S	254	89	343	0.00002
Usitatibacter_rugosus	2732067	S	23411	2763	26174	0.00188
Usitatibacter_palustris	2732487	S	18140	2278	20418	0.00146
Denitratisoma_sp._DHT3	1981880	S	2615	1992	4607	0.00033
Denitratisoma_oestradiolicum	311182	S	1373	240	1613	0.00012
Sulfuritalea_hydrogenivorans	748811	S	3659	563	4222	0.00030
Methyloversatilis_sp._RAC08	1842540	S	2966	411	3377	0.00024
Sterolibacterium_denitrificans	157592	S	2198	625	2823	0.00020
Nitrosospira_multiformis	1231	S	6078	189	6267	0.00045
Nitrosospira_lacus	1288494	S	662	22	684	0.00005
Nitrosospira_sp._NRS527	155925	S	297	205	502	0.00004
Nitrosospira_briensis	35799	S	249	184	433	0.00003
Nitrosomonas_communis	44574	S	1153	42	1195	0.00009
Nitrosomonas_ureae	44577	S	284	9	293	0.00002
Nitrosomonas_europaea	915	S	209	35	244	0.00002
Nitrosomonas_eutropha	916	S	149	94	243	0.00002
Nitrosomonas_stercoris	1444684	S	55	33	88	0.00001
Ferrigenium_kumadai	1682490	S	3531	749	4280	0.00031
Sideroxydans_sp._MIZ01	2764705	S	1797	409	2206	0.00016
Sideroxydans_lithotrophicus	63745	S	1344	227	1571	0.00011
Ferriphaselus_amnicola	1188319	S	721	99	820	0.00006
Candidatus_Nitrotoga_arctica	453162	S	243	80	323	0.00002
Candidatus_Nitrotoga_sp._AM1P	2559597	S	184	65	249	0.00002
Gallionella_capsiferriformans	370405	S	468	43	511	0.00004
Thiobacillus_denitrificans	36861	S	4416	892	5308	0.00038
Sulfuritortus_calidifontis	1914471	S	2936	1294	4230	0.00030
Sulfurimicrobium_lacus	2715678	S	2236	294	2530	0.00018
Sulfuriferula_plumbiphila	171865	S	1256	226	1482	0.00011
Sulfuriferula_sp._AH1	1985873	S	610	126	736	0.00005
Sulfuriferula_nivalis	2675298	S	106	9	115	0.00001
Sulfuricella_denitrificans	649841	S	1049	99	1148	0.00008
Methylovorus_sp._MP688	887061	S	164	157	321	0.00002
Methylovorus_glucosotrophus	266009	S	161	140	301	0.00002
Methylobacillus_flagellatus	405	S	510	127	637	0.00005
Methylophilus_sp._TWE2	1662285	S	120	9	129	0.00001
Methylophilus_medardicus	2588534	S	99	9	108	0.00001
Candidatus_Methylopumilus_universalis	2588536	S	60	18	78	0.00001
Candidatus_Methylopumilus_turicensis	1581680	S	39	5	44	0.00000
Candidatus_Methylopumilus_planktonicus	1581557	S	34	11	45	0.00000
Candidatus_Methylopumilus_rimovensis	2588535	S	12	1	13	0.00000
Methylotenera_mobilis	359408	S	108	11	119	0.00001
Methylotenera_versatilis	1055487	S	53	6	59	0.00000
Methyloradius_palustris	2778876	S	86	7	93	0.00001
Chromobacterium_sp._ATCC_53434	2059672	S	1691	617	2308	0.00017
Chromobacterium_sp._Rain0013	2292447	S	294	396	690	0.00005
Chromobacterium_sp._Beijing	2735795	S	240	748	988	0.00007
Chromobacterium_vaccinii	1108595	S	1698	782	2480	0.00018
Chromobacterium_violaceum	536	S	1630	1048	2678	0.00019
Chromobacterium_phragmitis	2202141	S	1052	495	1547	0.00011
Chromobacterium_paludis	2605945	S	1007	418	1425	0.00010
Chromobacterium_rhizoryzae	1778675	S	282	1632	1914	0.00014
Chromobacterium_haemolyticum	394935	S	137	990	1127	0.00008
Iodobacter_fluviatilis	537	S	118	36	154	0.00001
Iodobacter_ciconiae	2496266	S	118	32	150	0.00001
Pseudogulbenkiania_sp._NH8B	748280	S	6879	2342	9221	0.00066
Jeongeupia_sp._USM3	1906741	S	2853	776	3629	0.00026
Jeongeupia_sp._HS-3	1009682	S	1123	230	1353	0.00010
Paludibacterium_paludis	1225769	S	1247	249	1496	0.00011
Paludibacterium_yongneupense	400061	S	1119	160	1279	0.00009
Paludibacterium_sp._B53371	2806263	S	831	172	1003	0.00007
Vogesella_sp._LIG4	1192162	S	1501	398	1899	0.00014
Vogesella_sp._XCS3	2877939	S	694	192	886	0.00006
Microvirgula_aerodenitrificans	57480	S	1765	339	2104	0.00015
Aquitalea_aquatilis	1537400	S	532	164	696	0.00005
Aquitalea_magnusonii	332411	S	307	169	476	0.00003
Aquitalea_sp._USM4	1590041	S	306	161	467	0.00003
Aquitalea_denitrificans	519081	S	280	139	419	0.00003
Laribacter_hongkongensis	168471	S	1206	1098	2304	0.00017
Aquaspirillum_sp._LM1	1938604	S	787	118	905	0.00006
Chitinibacter_bivalviorum	2739434	S	157	125	282	0.00002
Chitinibacter_fontanus	1737446	S	131	20	151	0.00001
Deefgea_sp._D17	2739061	S	106	34	140	0.00001
Deefgea_sp._D25	2865840	S	88	12	100	0.00001
Deefgea_sp._D13	2864875	S	77	21	98	0.00001
Neisseria_sp._KEM232	655307	S	291	43	334	0.00002
Neisseria_sp._oral_taxon_014	641148	S	139	61	200	0.00001
Neisseria_sp._ZJ785	2709396	S	86	10	96	0.00001
Neisseria_sp._Dent_CA1/247	2912675	S	57	28	85	0.00001
Neisseria_bacilliformis	267212	S	341	81	422	0.00003
Neisseria_shayeganii	607712	S	284	42	326	0.00002
Neisseria_chenwenguii	1853278	S	269	34	303	0.00002
Neisseria_elongata	495	S	249	540	789	0.00006
Neisseria_meningitidis	487	S	229	1050	1279	0.00009
Neisseria_dentiae	194197	S	229	28	257	0.00002
Neisseria_musculi	1815583	S	186	17	203	0.00001
Neisseria_animalis	492	S	145	21	166	0.00001
Neisseria_weaveri	28091	S	100	41	141	0.00001
Neisseria_gonorrhoeae	485	S	97	172	269	0.00002
Neisseria_sicca	490	S	96	191	287	0.00002
Neisseria_brasiliensis	2666100	S	93	90	183	0.00001
Neisseria_dumasiana	1931275	S	84	36	120	0.00001
Neisseria_weixii	1853276	S	83	10	93	0.00001
Neisseria_animaloris	326522	S	80	18	98	0.00001
Neisseria_lactamica	486	S	75	89	164	0.00001
Neisseria_canis	493	S	64	16	80	0.00001
Neisseria_mucosa	488	S	61	133	194	0.00001
Neisseria_zalophi	640030	S	58	6	64	0.00000
Neisseria_wadsworthii	607711	S	46	10	56	0.00000
Neisseria_cinerea	483	S	44	27	71	0.00001
Neisseria_arctica	1470200	S	39	4	43	0.00000
Neisseria_zoodegmatis	326523	S	32	22	54	0.00000
Neisseria_macacae	496	S	31	67	98	0.00001
Neisseria_flavescens	484	S	30	24	54	0.00000
Neisseria_subflava	28449	S	20	16	36	0.00000
Crenobacter_cavernae	2290923	S	2948	999	3947	0.00028
Chitinolyticbacter_meiyuanensis	682798	S	1965	248	2213	0.00016
Vitreoscilla_filiformis	63	S	957	180	1137	0.00008
Vitreoscilla_massiliensis	1689272	S	118	53	171	0.00001
Kingella_potus	265175	S	261	35	296	0.00002
Kingella_denitrificans	502	S	192	123	315	0.00002
Kingella_oralis	505	S	143	22	165	0.00001
Kingella_kingae	504	S	54	8	62	0.00000
Eikenella_corrodens	539	S	306	208	514	0.00004
Eikenella_exigua	2528037	S	86	67	153	0.00001
Uruburuella_suis	252130	S	255	37	292	0.00002
Uruburuella_testudinis	1282863	S	219	38	257	0.00002
Paralysiella_testudinis	2809020	S	204	44	248	0.00002
Alysiella_crassa	153491	S	63	19	82	0.00001
Alysiella_filiformis	194196	S	48	15	63	0.00000
Conchiformibius_steedae	153493	S	82	12	94	0.00001
Neisseriaceae_bacterium_CCUG_44465	2917790	S	79	12	91	0.00001
Aquella_oligotrophica	2067065	S	60	2	62	0.00000
Snodgrassella_alvi	1196083	S	37	11	48	0.00000
Morococcus_cerebrosus	1056807	S	34	168	202	0.00001
Simonsiella_muelleri	72	S	23	4	27	0.00000
Casimicrobium_huifangae	2591109	S	2702	1270	3972	0.00028
Candidatus_Kinetoplastibacterium_crithidii	33056	S	12	0	12	0.00000
Candidatus_Profftella_armatura	669502	S	10	7	17	0.00000
Lysobacter_sp._KIS68-7	2904252	S	4745	989	5734	0.00041
Lysobacter_sp._TY2-98	2290922	S	4603	782	5385	0.00039
Lysobacter_sp._S4-A87	2925843	S	3060	1071	4131	0.00030
Lysobacter_sp._5GHs7-4	2904253	S	3031	992	4023	0.00029
Lysobacter_sp._CECT_30171	2822368	S	2539	659	3198	0.00023
Lysobacter_sp._K5869	2820808	S	2080	1046	3126	0.00022
Lysobacter_sp._CW239	2762611	S	1895	1075	2970	0.00021
Lysobacter_sp._CJ11	2764185	S	633	51	684	0.00005
Lysobacter_sp._H21R4	2781021	S	583	1121	1704	0.00012
Lysobacter_sp._HDW10	2714936	S	372	101	473	0.00003
Lysobacter_sp._H23M47	2781024	S	313	1539	1852	0.00013
Lysobacter_soli	453783	S	14073	3184	17257	0.00124
Lysobacter_enzymogenes	69	S	8486	3309	11795	0.00085
Lysobacter_capsici	435897	S	5455	5903	11358	0.00081
Lysobacter_solisilvae_(ex_Woo_and_Kim_2022)	2865112	S	5021	1626	6647	0.00048
Lysobacter_solisilvae_(ex_Kim_et_al._2021)	2763317	S	3803	834	4637	0.00033
Lysobacter_antibioticus	84531	S	3281	740	4021	0.00029
Lysobacter_lycopersici	1324796	S	3042	716	3758	0.00027
Lysobacter_arenosi	2795387	S	3011	1046	4057	0.00029
Lysobacter_maris	1605891	S	2756	732	3488	0.00025
Lysobacter_alkalisoli	2591633	S	2208	434	2642	0.00019
Lysobacter_oculi	2698682	S	2086	630	2716	0.00019
Lysobacter_ciconiae	2781022	S	546	1016	1562	0.00011
Lysobacter_gummosus	262324	S	391	3290	3681	0.00026
Lysobacter_avium	2781023	S	299	1373	1672	0.00012
Stenotrophomonas_maltophilia	40324	S	9755	14510	24265	0.00174
Stenotrophomonas_sp._ESTM1D_MKCIP4_1	2072414	S	655	283	938	0.00007
Stenotrophomonas_sp._SAU14A_NAIMI4_5	2072413	S	547	358	905	0.00006
Stenotrophomonas_sp._ZAC14D2_NAIMI4_7	2072405	S	271	298	569	0.00004
Stenotrophomonas_sp._ZAC14A_NAIMI4_1	2072412	S	218	414	632	0.00005
Stenotrophomonas_sp._YAU14D1_LEIMI4_1	2072407	S	215	375	590	0.00004
Stenotrophomonas_sp._ZAC14D2_NAIMI4_6	2072406	S	166	328	494	0.00004
Stenotrophomonas_sp._YAU14A_MKIMI4_1	2072408	S	64	365	429	0.00003
Stenotrophomonas_sp._SAU14A_NAIMI4_8	2072409	S	64	365	429	0.00003
Stenotrophomonas_sp._LM091	1904944	S	1129	474	1603	0.00011
Stenotrophomonas_sp._169	2770322	S	1000	179	1179	0.00008
Stenotrophomonas_sp._364	2691571	S	782	324	1106	0.00008
Stenotrophomonas_sp._NA06056	2742129	S	413	213	626	0.00004
Stenotrophomonas_sp._WZN-1	2005046	S	238	297	535	0.00004
Stenotrophomonas_sp._DR822	2871174	S	138	237	375	0.00003
Stenotrophomonas_sp._Pemsol	2040586	S	106	327	433	0.00003
Stenotrophomonas_sp._pho	2211160	S	93	437	530	0.00004
Stenotrophomonas_sp._SI-NJAU-1	2886359	S	65	291	356	0.00003
Stenotrophomonas_sp._MYb57	1827305	S	61	274	335	0.00002
Stenotrophomonas_sp._G4	2303750	S	61	265	326	0.00002
Stenotrophomonas_sp._CW117	2775920	S	54	1227	1281	0.00009
Stenotrophomonas_sp._ASS1	2282124	S	52	250	302	0.00002
Stenotrophomonas_sp._NY11291	2939415	S	42	475	517	0.00004
Stenotrophomonas_sp._SXG-1	2682487	S	24	281	305	0.00002
Stenotrophomonas_rhizophila	216778	S	3441	1119	4560	0.00033
Stenotrophomonas_acidaminiphila	128780	S	1956	4791	6747	0.00048
Stenotrophomonas_indicatrix	2045451	S	127	527	654	0.00005
Xanthomonas_translucens	343	S	3630	5242	8872	0.00064
Xanthomonas_campestris	339	S	2879	3424	6303	0.00045
Xanthomonas_sp._GW	2724121	S	387	551	938	0.00007
Xanthomonas_sp._SI	2724123	S	380	632	1012	0.00007
Xanthomonas_sp._SS	2724122	S	332	547	879	0.00006
Xanthomonas_sp._MLO165	2081477	S	90	128	218	0.00002
Xanthomonas_sacchari	56458	S	1961	757	2718	0.00019
Xanthomonas_arboricola	56448	S	1589	1745	3334	0.00024
Xanthomonas_oryzae	347	S	1330	740	2070	0.00015
Xanthomonas_theicola	56464	S	1279	461	1740	0.00012
Xanthomonas_citri	346	S	1087	8972	10059	0.00072
Xanthomonas_hyacinthi	56455	S	904	579	1483	0.00011
Xanthomonas_albilineans	29447	S	882	147	1029	0.00007
Xanthomonas_hortorum	56454	S	819	638	1457	0.00010
Xanthomonas_vesicatoria	56460	S	813	470	1283	0.00009
Xanthomonas_fragariae	48664	S	791	179	970	0.00007
Xanthomonas_cucurbitae	56453	S	718	141	859	0.00006
Xanthomonas_vasicola	56459	S	551	228	779	0.00006
Xanthomonas_cassavae	56450	S	541	142	683	0.00005
Xanthomonas_euroxanthea	2259622	S	431	489	920	0.00007
Xanthomonas_hydrangeae	2775159	S	407	145	552	0.00004
Xanthomonas_axonopodis	53413	S	398	274	672	0.00005
Xanthomonas_phaseoli	1985254	S	299	649	948	0.00007
Xanthomonas_euvesicatoria	456327	S	207	3908	4115	0.00030
Xanthomonas_perforans	442694	S	32	934	966	0.00007
Luteimonas_sp._S4-F44	2925842	S	2408	509	2917	0.00021
Luteimonas_sp._MC1750	2799326	S	2395	952	3347	0.00024
Luteimonas_sp._D4P002	2901869	S	2253	629	2882	0.00021
Luteimonas_sp._MC1572	2799325	S	1976	988	2964	0.00021
Luteimonas_sp._JM171	1896164	S	1913	419	2332	0.00017
Luteimonas_sp._YGD11-2	2508168	S	1895	881	2776	0.00020
Luteimonas_sp._MC1825	2761107	S	1835	939	2774	0.00020
Luteimonas_granuli	1176533	S	2457	936	3393	0.00024
Luteimonas_yindakuii	2565782	S	1884	790	2674	0.00019
Luteimonas_chenhongjianii	2006110	S	1853	437	2290	0.00016
Pseudoxanthomonas_suwonensis	314722	S	4841	2808	7649	0.00055
Pseudoxanthomonas_mexicana	128785	S	3827	4853	8680	0.00062
Pseudoxanthomonas_sp._X-1	2571115	S	2502	2282	4784	0.00034
Pseudoxanthomonas_sp._F37	2932492	S	22	1298	1320	0.00009
Pseudoxanthomonas_daejeonensis	266062	S	1989	563	2552	0.00018
Pseudoxanthomonas_spadix	415229	S	1428	587	2015	0.00014
Thermomonas_sp._XSG	2771436	S	1776	864	2640	0.00019
Thermomonas_sp._HDW16	2714945	S	1231	371	1602	0.00011
Thermomonas_brevis	215691	S	2523	1141	3664	0.00026
Thermomonas_aquatica	2202149	S	2197	1269	3466	0.00025
Thermomonas_carbonis	1463158	S	1964	466	2430	0.00017
Arenimonas_daejeonensis	370777	S	3230	729	3959	0.00028
Pseudolysobacter_antarcticus	2511995	S	2292	67	2359	0.00017
Xylella_fastidiosa	2371	S	288	62	350	0.00003
Xylella_taiwanensis	1444770	S	173	9	182	0.00001
Rhodanobacter_denitrificans	666685	S	6631	2563	9194	0.00066
Rhodanobacter_thiooxydans	416169	S	5101	2200	7301	0.00052
Rhodanobacter_sp._FDAARGOS_1247	2778082	S	2830	1002	3832	0.00027
Rhodanobacter_glycinis	582702	S	1942	383	2325	0.00017
Luteibacter_sp._321	2911537	S	2726	840	3566	0.00026
Luteibacter_sp._EIF3	2780091	S	2115	358	2473	0.00018
Luteibacter_sp._335	2911538	S	1756	419	2175	0.00016
Luteibacter_sp._353	2911539	S	1596	508	2104	0.00015
Luteibacter_rhizovicinus	242606	S	2126	320	2446	0.00018
Luteibacter_pinisoli	2589080	S	1916	537	2453	0.00018
Luteibacter_anthropi	564369	S	1506	294	1800	0.00013
Dyella_thiooxydans	445710	S	3184	1080	4264	0.00031
Dyella_japonica	231455	S	1976	665	2641	0.00019
Dyella_telluris	2763498	S	1758	524	2282	0.00016
Dyella_terrae	522259	S	1393	218	1611	0.00012
Dyella_caseinilytica	1849581	S	1082	91	1173	0.00008
Dyella_sp._M7H15-1	2501295	S	697	76	773	0.00006
Frateuria_sp._5GH9-34	2898793	S	3252	1163	4415	0.00032
Frateuria_sp._5GH9-11	1542730	S	2944	1332	4276	0.00031
Frateuria_aurantia	81475	S	850	119	969	0.00007
Dokdonella_koreensis	323415	S	6475	1252	7727	0.00055
Aerosticca_soli	2010829	S	2823	3671	6494	0.00047
Ahniella_affigens	2021234	S	1624	45	1669	0.00012
Pseudomonas_sp._SCB32	2653853	S	1312	289	1601	0.00011
Pseudomonas_sp._PDNC002	2811422	S	1214	303	1517	0.00011
Pseudomonas_sp._ATCC_13867	1294143	S	1192	425	1617	0.00012
Pseudomonas_sp._KNUC1026	2893890	S	1135	113	1248	0.00009
Pseudomonas_sp._TCU-HL1	1856685	S	991	148	1139	0.00008
Pseudomonas_sp._LPB0260	2614442	S	858	181	1039	0.00007
Pseudomonas_sp._CC6-YY-74	1930532	S	847	105	952	0.00007
Pseudomonas_sp._DY-1	1755504	S	838	112	950	0.00007
Pseudomonas_sp._Ost2	2678260	S	825	133	958	0.00007
Pseudomonas_sp._MTM4	2705472	S	717	135	852	0.00006
Pseudomonas_sp._MM211	2866808	S	682	66	748	0.00005
Pseudomonas_sp._ABC1	2748080	S	663	99	762	0.00005
Pseudomonas_sp._7SR1	1881017	S	627	125	752	0.00005
Pseudomonas_sp._p1(2021b)	2874628	S	618	351	969	0.00007
Pseudomonas_sp._StFLB209	1028989	S	590	154	744	0.00005
Pseudomonas_sp._Pc102	2678261	S	577	383	960	0.00007
Pseudomonas_sp._L5B5	2883205	S	575	114	689	0.00005
Pseudomonas_sp._OIL-1	2706126	S	525	109	634	0.00005
Pseudomonas_sp._CMR5c	658630	S	479	152	631	0.00005
Pseudomonas_sp._MPC6	2498848	S	478	119	597	0.00004
Pseudomonas_sp._LAB-08	143813	S	478	100	578	0.00004
Pseudomonas_sp._HN2-3	2886360	S	476	120	596	0.00004
Pseudomonas_sp._Marseille-Q3773	2866592	S	438	163	601	0.00004
Pseudomonas_sp._B11D7D	2735906	S	431	93	524	0.00004
Pseudomonas_sp._gcc21	2726989	S	425	195	620	0.00004
Pseudomonas_sp._MSPm1	2726956	S	419	107	526	0.00004
Pseudomonas_sp._DG56-2	2320270	S	407	48	455	0.00003
Pseudomonas_sp._Leaf58	1736226	S	406	87	493	0.00004
Pseudomonas_sp._MM213	2866807	S	401	100	501	0.00004
Pseudomonas_sp._15A4	2804761	S	367	116	483	0.00003
Pseudomonas_sp._LS.1a	2920387	S	362	182	544	0.00004
Pseudomonas_sp._HLS-6	2049589	S	351	112	463	0.00003
Pseudomonas_sp._S34	1573718	S	345	93	438	0.00003
Pseudomonas_sp._URMO17WK12:I11	1283291	S	338	281	619	0.00004
Pseudomonas_sp._S09G_359	2054919	S	335	94	429	0.00003
Pseudomonas_sp._ADPe	2774873	S	332	905	1237	0.00009
Pseudomonas_sp._ADAK13	2730847	S	325	89	414	0.00003
Pseudomonas_sp._DTU12.3	2073078	S	320	92	412	0.00003
Pseudomonas_sp._Seg1	2678259	S	303	80	383	0.00003
Pseudomonas_sp._OE_28.3	2745519	S	300	84	384	0.00003
Pseudomonas_sp._M1	95619	S	298	787	1085	0.00008
Pseudomonas_sp._31-12	2201356	S	287	84	371	0.00003
Pseudomonas_sp._RtIB026	2749999	S	285	187	472	0.00003
Pseudomonas_sp._NIBR-H-19	2901380	S	281	69	350	0.00003
Pseudomonas_sp._Tri1	2823875	S	278	81	359	0.00003
Pseudomonas_sp._S35	1573719	S	269	83	352	0.00003
Pseudomonas_sp._RC3H12	2834406	S	269	186	455	0.00003
Pseudomonas_sp._2hn	2866626	S	260	198	458	0.00003
Pseudomonas_sp._DR48	2871095	S	259	192	451	0.00003
Pseudomonas_sp._R5-89-07	658644	S	257	89	346	0.00002
Pseudomonas_sp._ACM7	2052956	S	253	54	307	0.00002
Pseudomonas_sp._LG1E9	2219057	S	251	84	335	0.00002
Pseudomonas_sp._NS1(2017)	2025658	S	245	79	324	0.00002
Pseudomonas_sp._HS6	2850559	S	243	81	324	0.00002
Pseudomonas_sp._SK	2729423	S	239	252	491	0.00004
Pseudomonas_sp._PP3	2815936	S	239	107	346	0.00002
Pseudomonas_sp._ADAK18	2730848	S	229	47	276	0.00002
Pseudomonas_sp._DNDY-54	2870860	S	220	138	358	0.00003
Pseudomonas_sp._HN11	1344094	S	214	58	272	0.00002
Pseudomonas_sp._R84	1573712	S	210	109	319	0.00002
Pseudomonas_sp._M30-35	1981174	S	204	12	216	0.00002
Pseudomonas_sp._St316	2678257	S	204	83	287	0.00002
Pseudomonas_sp._FGI182	1259844	S	204	285	489	0.00004
Pseudomonas_sp._R2A2	2213057	S	201	278	479	0.00003
Pseudomonas_sp._IzPS59	2774459	S	198	116	314	0.00002
Pseudomonas_sp._HS-18	2879114	S	198	504	702	0.00005
Pseudomonas_sp._NIBRBAC000502773	2590776	S	196	126	322	0.00002
Pseudomonas_sp._MRSN12121	1611770	S	188	324	512	0.00004
Pseudomonas_sp._14181154	2662033	S	182	231	413	0.00003
Pseudomonas_sp._CCOS_191	1649877	S	177	170	347	0.00002
Pseudomonas_sp._SCA2728.1_7	2825975	S	175	107	282	0.00002
Pseudomonas_sp._R76	1573711	S	171	106	277	0.00002
Pseudomonas_sp._UW4	1207075	S	159	132	291	0.00002
Pseudomonas_sp._SDM007	2812000	S	158	107	265	0.00002
Pseudomonas_sp._FIT81	2837969	S	157	116	273	0.00002
Pseudomonas_sp._AO-1	2855434	S	148	153	301	0.00002
Pseudomonas_sp._SK3(2021)	2841064	S	145	119	264	0.00002
Pseudomonas_sp._LPH1	1898684	S	144	169	313	0.00002
Pseudomonas_sp._RBPA9	2746321	S	135	371	506	0.00004
Pseudomonas_sp._CYM-20-01	2870750	S	133	82	215	0.00002
Pseudomonas_sp._SORT22	2813842	S	132	316	448	0.00003
Pseudomonas_sp._Z003-0.4C(8344-21)	1855380	S	122	111	233	0.00002
Pseudomonas_sp._02C_26	2054914	S	118	256	374	0.00003
Pseudomonas_sp._BIGb0427	2724470	S	107	241	348	0.00002
Pseudomonas_sp._HN2	2884805	S	106	122	228	0.00002
Pseudomonas_sp._SC3(2021)	2871493	S	104	146	250	0.00002
Pseudomonas_sp._3-2	2867408	S	104	158	262	0.00002
Pseudomonas_sp._S07E_245	2866278	S	103	237	340	0.00002
Pseudomonas_sp._B10	118613	S	102	96	198	0.00001
Pseudomonas_sp._Cab53	2678258	S	101	210	311	0.00002
Pseudomonas_sp._LTJR-52	2479392	S	100	42	142	0.00001
Pseudomonas_sp._phDV1	253237	S	98	373	471	0.00003
Pseudomonas_sp._THAF7b	2587845	S	94	217	311	0.00002
Pseudomonas_sp._09C_129	2054915	S	93	150	243	0.00002
Pseudomonas_sp._MPFS	2795724	S	92	190	282	0.00002
Pseudomonas_sp._ADAK22	2730851	S	87	220	307	0.00002
Pseudomonas_sp._DR_5-09	1534110	S	86	138	224	0.00002
Pseudomonas_sp._C27(2019)	2604941	S	82	12	94	0.00001
Pseudomonas_sp._A2	107445	S	78	469	547	0.00004
Pseudomonas_sp._FDAARGOS_380	2018067	S	77	79	156	0.00001
Pseudomonas_sp._AN-B15	2697023	S	75	218	293	0.00002
Pseudomonas_sp._Y5-11	2749808	S	72	225	297	0.00002
Pseudomonas_sp._RU47	2005388	S	72	190	262	0.00002
Pseudomonas_sp._J380	2605424	S	71	103	174	0.00001
Pseudomonas_sp._BIOMIG1BAC	1758730	S	66	249	315	0.00002
Pseudomonas_sp._LG1D9	2083054	S	66	246	312	0.00002
Pseudomonas_sp._GR_6-02	1659194	S	65	173	238	0.00002
Pseudomonas_sp._PONIH3	1636610	S	65	388	453	0.00003
Pseudomonas_sp._ATCC_43928	676210	S	64	172	236	0.00002
Pseudomonas_sp._ArH3a	2862945	S	61	156	217	0.00002
Pseudomonas_sp._MYb193	1827300	S	59	71	130	0.00001
Pseudomonas_sp._LBUM920	2126069	S	59	148	207	0.00001
Pseudomonas_sp._S150	2559074	S	58	118	176	0.00001
Pseudomonas_sp._St29	1500687	S	55	231	286	0.00002
Pseudomonas_sp._R3-18-08	1173283	S	54	157	211	0.00002
Pseudomonas_sp._DR208	2870840	S	53	167	220	0.00002
Pseudomonas_sp._CFA	2651048	S	53	292	345	0.00002
Pseudomonas_sp._S49	1573720	S	50	133	183	0.00001
Pseudomonas_sp._SWI44	2083053	S	48	392	440	0.00003
Pseudomonas_sp._R1-43-08	1173270	S	47	275	322	0.00002
Pseudomonas_sp._R32	1573704	S	40	135	175	0.00001
Pseudomonas_sp._B14-6	2738843	S	39	137	176	0.00001
Pseudomonas_sp._HN8-3	2886361	S	38	98	136	0.00001
Pseudomonas_sp._R11-23-07	658632	S	37	326	363	0.00003
Pseudomonas_sp._R4-39-08	1173288	S	37	215	252	0.00002
Pseudomonas_sp._BYT-1	2816906	S	37	366	403	0.00003
Pseudomonas_sp._BC42	2933816	S	36	183	219	0.00002
Pseudomonas_sp._SWI36	2083052	S	35	119	154	0.00001
Pseudomonas_sp._Y39-6	2749807	S	35	147	182	0.00001
Pseudomonas_sp._R4-34-07	658642	S	34	194	228	0.00002
Pseudomonas_sp._NC02	2067572	S	34	129	163	0.00001
Pseudomonas_sp._SXM-1	2169583	S	33	117	150	0.00001
Pseudomonas_sp._XWY-1	2069256	S	33	217	250	0.00002
Pseudomonas_sp._IAC-BECa141	2793103	S	33	89	122	0.00001
Pseudomonas_sp._R3-52-08	1173284	S	32	192	224	0.00002
Pseudomonas_sp._Os17	1500686	S	32	163	195	0.00001
Pseudomonas_sp._CFSAN084952	2664899	S	32	125	157	0.00001
Pseudomonas_sp._BJP69	2597770	S	31	214	245	0.00002
Pseudomonas_sp._TKP	1415630	S	30	137	167	0.00001
Pseudomonas_sp._DTU12.1	2654238	S	30	119	149	0.00001
Pseudomonas_sp._SWI6	2083051	S	30	484	514	0.00004
Pseudomonas_sp._LH1G9	2083055	S	30	135	165	0.00001
Pseudomonas_sp._IB20	1702250	S	29	171	200	0.00001
Pseudomonas_sp._R2-37-08W	1173273	S	29	135	164	0.00001
Pseudomonas_sp._7-41	2898483	S	29	166	195	0.00001
Pseudomonas_sp._R2-60-08W	1173280	S	28	192	220	0.00002
Pseudomonas_sp._PS1(2021)	2866282	S	27	886	913	0.00007
Pseudomonas_sp._So3.2b	2864101	S	27	115	142	0.00001
Pseudomonas_sp._OST1909	2777367	S	26	105	131	0.00001
Pseudomonas_sp._Colony2	2861799	S	25	121	146	0.00001
Pseudomonas_sp._VLB120	69328	S	25	341	366	0.00003
Pseudomonas_sp._MPDS	2762896	S	24	111	135	0.00001
Pseudomonas_sp._SW-3	147212	S	23	111	134	0.00001
Pseudomonas_sp._St290	1602166	S	21	107	128	0.00001
Pseudomonas_sp._R2-7-07	658641	S	21	195	216	0.00002
Pseudomonas_sp._CIP-10	2892442	S	20	216	236	0.00002
Pseudomonas_sp._R4-35-07	658643	S	18	120	138	0.00001
Pseudomonas_sp._A214	1855331	S	16	57	73	0.00001
Pseudomonas_sp._I3-I5	2926671	S	16	79	95	0.00001
Pseudomonas_sp._13159349	2662034	S	15	183	198	0.00001
Pseudomonas_sp._Eqa60	2799184	S	15	114	129	0.00001
Pseudomonas_sp._SK2	2841063	S	14	245	259	0.00002
Pseudomonas_sp._TMW_2.1634	1886807	S	14	47	61	0.00000
Pseudomonas_sp._St386	2678256	S	13	143	156	0.00001
Pseudomonas_sp._SWI7	2587597	S	13	103	116	0.00001
Pseudomonas_sp._JY-Q	1338689	S	13	132	145	0.00001
Pseudomonas_fluorescens	294	S	6419	6226	12645	0.00091
Pseudomonas_protegens	380021	S	1399	1515	2914	0.00021
Pseudomonas_orientalis	76758	S	1004	307	1311	0.00009
Pseudomonas_azotoformans	47878	S	778	359	1137	0.00008
Pseudomonas_synxantha	47883	S	681	534	1215	0.00009
Pseudomonas_poae	200451	S	552	325	877	0.00006
Pseudomonas_rhodesiae	76760	S	533	217	750	0.00005
Pseudomonas_trivialis	200450	S	508	204	712	0.00005
Pseudomonas_mediterranea	183795	S	471	131	602	0.00004
Pseudomonas_tolaasii	29442	S	465	100	565	0.00004
Pseudomonas_corrugata	47879	S	434	102	536	0.00004
Pseudomonas_migulae	78543	S	376	211	587	0.00004
Pseudomonas_mucidolens	46679	S	360	57	417	0.00003
Pseudomonas_cedrina	651740	S	355	103	458	0.00003
Pseudomonas_congelans	200452	S	306	110	416	0.00003
Pseudomonas_brenneri	129817	S	234	96	330	0.00002
Pseudomonas_libanensis	75588	S	159	200	359	0.00003
Pseudomonas_mandelii	75612	S	146	496	642	0.00005
Pseudomonas_veronii	76761	S	126	400	526	0.00004
Pseudomonas_ogarae	1114970	S	121	109	230	0.00002
Pseudomonas_extremorientalis	169669	S	38	112	150	0.00001
Pseudomonas_aeruginosa	287	S	5767	45293	51060	0.00366
Pseudomonas_mendocina	300	S	2365	916	3281	0.00024
Pseudomonas_alcaligenes	43263	S	2017	1333	3350	0.00024
Pseudomonas_furukawaii	1149133	S	1465	439	1904	0.00014
Pseudomonas_oleovorans	301	S	267	892	1159	0.00008
Pseudomonas_resinovorans	53412	S	1411	325	1736	0.00012
Pseudomonas_multiresinivorans	95301	S	783	287	1070	0.00008
Pseudomonas_nitroreducens	46680	S	194	449	643	0.00005
Pseudomonas_citronellolis	53408	S	692	1177	1869	0.00013
Pseudomonas_putida	303	S	8444	12317	20761	0.00149
Pseudomonas_oryzihabitans	47885	S	2290	554	2844	0.00020
Pseudomonas_fulva	47880	S	1545	4562	6107	0.00044
Pseudomonas_plecoglossicida	70775	S	532	467	999	0.00007
Pseudomonas_monteilii	76759	S	299	818	1117	0.00008
Pseudomonas_mosselii	78327	S	288	558	846	0.00006
Pseudomonas_sp._SGAir0191	2217867	S	151	115	266	0.00002
Pseudomonas_shirazica	1940636	S	23	329	352	0.00003
Pseudomonas_stutzeri	316	S	9592	6557	16149	0.00116
Pseudomonas_chloritidismutans	203192	S	120	176	296	0.00002
Pseudomonas_balearica	74829	S	1669	2052	3721	0.00027
Pseudomonas_xanthomarina	271420	S	496	87	583	0.00004
Pseudomonas_luteola	47886	S	138	73	211	0.00002
Pseudomonas_syringae	317	S	1921	7917	9838	0.00071
Pseudomonas_viridiflava	33069	S	1264	164	1428	0.00010
Pseudomonas_cichorii	36746	S	737	70	807	0.00006
Pseudomonas_asturiensis	1190415	S	441	49	490	0.00004
Pseudomonas_syringae_group_genomosp._7	251699	S	391	49	440	0.00003
Pseudomonas_amygdali	47877	S	206	1031	1237	0.00009
Pseudomonas_savastanoi	29438	S	62	322	384	0.00003
Pseudomonas_fuscovaginae	50340	S	205	145	350	0.00003
Pseudomonas_avellanae	46257	S	195	307	502	0.00004
Pseudomonas_coronafaciens	53409	S	76	204	280	0.00002
Pseudomonas_syringae_group_genomosp._3	251701	S	45	601	646	0.00005
Pseudomonas_sp._Lz4W	1206777	S	35	78	113	0.00001
Pseudomonas_tremae	200454	S	33	80	113	0.00001
Pseudomonas_chlororaphis	587753	S	3569	4420	7989	0.00057
Pseudomonas_lundensis	86185	S	379	50	429	0.00003
Pseudomonas_fragi	296	S	220	210	430	0.00003
Pseudomonas_otitidis	319939	S	2531	604	3135	0.00022
Pseudomonas_knackmussii	65741	S	2229	1904	4133	0.00030
Pseudomonas_psychrotolerans	237610	S	2179	537	2716	0.00019
Pseudomonas_oryzae	1392877	S	2096	699	2795	0.00020
Pseudomonas_entomophila	312306	S	1644	822	2466	0.00018
Pseudomonas_cavernae	2320867	S	1368	230	1598	0.00011
Pseudomonas_guangdongensis	1245526	S	1274	435	1709	0.00012
Pseudomonas_lalkuanensis	2604832	S	1221	242	1463	0.00010
Pseudomonas_parafulva	157782	S	917	297	1214	0.00009
Pseudomonas_eucalypticola	2599595	S	879	120	999	0.00007
Pseudomonas_qingdaonensis	2056231	S	864	188	1052	0.00008
Pseudomonas_nanhaiensis	2830842	S	848	98	946	0.00007
Pseudomonas_campi	2731681	S	818	122	940	0.00007
Pseudomonas_vanderleydeniana	2745495	S	777	118	895	0.00006
Pseudomonas_cremoricolorata	157783	S	775	124	899	0.00006
Pseudomonas_alkylphenolica	237609	S	699	148	847	0.00006
Pseudomonas_rhizosphaerae	216142	S	669	86	755	0.00005
Pseudomonas_brassicacearum	930166	S	642	1468	2110	0.00015
Pseudomonas_argentinensis	289370	S	624	160	784	0.00006
Pseudomonas_zhaodongensis	1176257	S	615	311	926	0.00007
Pseudomonas_frederiksbergensis	104087	S	602	208	810	0.00006
Pseudomonas_umsongensis	198618	S	576	102	678	0.00005
Pseudomonas_tohonis	2725477	S	563	507	1070	0.00008
Pseudomonas_saudiphocaensis	1499686	S	556	122	678	0.00005
Pseudomonas_muyukensis	2842357	S	545	180	725	0.00005
Pseudomonas_yamanorum	515393	S	541	139	680	0.00005
Pseudomonas_vancouverensis	95300	S	529	93	622	0.00004
Pseudomonas_alvandae	2842348	S	522	93	615	0.00004
Pseudomonas_pohangensis	364197	S	520	40	560	0.00004
Pseudomonas_palleroniana	191390	S	505	92	597	0.00004
Pseudomonas_phragmitis	1931241	S	467	39	506	0.00004
Pseudomonas_fakonensis	2842355	S	452	162	614	0.00004
Pseudomonas_tructae	2518644	S	450	86	536	0.00004
Pseudomonas_marincola	437900	S	448	71	519	0.00004
Pseudomonas_koreensis	198620	S	439	201	640	0.00005
Pseudomonas_xantholysinigenes	2745490	S	431	132	563	0.00004
Pseudomonas_xanthosomae	2842356	S	412	150	562	0.00004
Pseudomonas_prosekii	1148509	S	408	75	483	0.00003
Pseudomonas_silesiensis	1853130	S	405	97	502	0.00004
Pseudomonas_hamedanensis	2745504	S	397	82	479	0.00003
Pseudomonas_antarctica	219572	S	378	110	488	0.00004
Pseudomonas_promysalinigenes	485898	S	370	61	431	0.00003
Pseudomonas_agarici	46677	S	359	19	378	0.00003
Pseudomonas_arsenicoxydans	702115	S	348	88	436	0.00003
Pseudomonas_thivervalensis	86265	S	346	87	433	0.00003
Pseudomonas_extremaustralis	359110	S	340	85	425	0.00003
Pseudomonas_graminis	158627	S	326	106	432	0.00003
Pseudomonas_granadensis	1421430	S	317	178	495	0.00004
Pseudomonas_lurida	244566	S	317	83	400	0.00003
Pseudomonas_asgharzadehiana	2842349	S	300	79	379	0.00003
Pseudomonas_sediminis	1691904	S	298	96	394	0.00003
Pseudomonas_wenzhouensis	2906062	S	287	122	409	0.00003
Pseudomonas_viciae	2505979	S	265	74	339	0.00002
Pseudomonas_simiae	321846	S	264	75	339	0.00002
Pseudomonas_maumuensis	2842354	S	258	143	401	0.00003
Pseudomonas_lini	163011	S	258	57	315	0.00002
Pseudomonas_taetrolens	47884	S	248	33	281	0.00002
Pseudomonas_versuta	1788301	S	248	42	290	0.00002
Pseudomonas_allokribbensis	2774460	S	232	106	338	0.00002
Pseudomonas_reinekei	395598	S	224	73	297	0.00002
Pseudomonas_psychrophila	122355	S	216	31	247	0.00002
Pseudomonas_kribbensis	1628086	S	213	245	458	0.00003
Pseudomonas_toyotomiensis	554344	S	199	217	416	0.00003
Pseudomonas_oryziphila	2894079	S	186	173	359	0.00003
Pseudomonas_moraviensis	321662	S	186	336	522	0.00004
Pseudomonas_anuradhapurensis	485870	S	186	196	382	0.00003
Pseudomonas_gozinkensis	2774461	S	186	102	288	0.00002
Pseudomonas_chengduensis	489632	S	184	400	584	0.00004
Pseudomonas_alcaliphila	101564	S	171	208	379	0.00003
Pseudomonas_tensinigenes	2745511	S	170	106	276	0.00002
Pseudomonas_asplenii	53407	S	163	120	283	0.00002
Pseudomonas_atacamensis	2565368	S	162	191	353	0.00003
Pseudomonas_sihuiensis	1274359	S	158	240	398	0.00003
Pseudomonas_kunmingensis	1211807	S	157	266	423	0.00003
Pseudomonas_germanica	2815720	S	154	100	254	0.00002
Pseudomonas_azerbaijanoriens	2842350	S	152	120	272	0.00002
Pseudomonas_tritici	2745518	S	149	55	204	0.00001
Pseudomonas_zeae	2745510	S	148	89	237	0.00002
Pseudomonas_khazarica	2502979	S	123	180	303	0.00002
Pseudomonas_zarinae	2745498	S	110	99	209	0.00002
Pseudomonas_monsensis	2745509	S	106	138	244	0.00002
Pseudomonas_iranensis	2745503	S	101	92	193	0.00001
Pseudomonas_salmasensis	2745514	S	83	64	147	0.00001
Pseudomonas_lactis	1615674	S	81	71	152	0.00001
Pseudomonas_glycinae	1785145	S	68	146	214	0.00002
Pseudomonas_juntendi	2666183	S	61	574	635	0.00005
Pseudomonas_asiatica	2219225	S	56	377	433	0.00003
Pseudomonas_soli	1306993	S	54	222	276	0.00002
Pseudomonas_sessilinigenes	658629	S	49	153	202	0.00001
Pseudomonas_cerasi	1583341	S	48	121	169	0.00001
Pseudomonas_bijieensis	2681983	S	45	208	253	0.00002
Pseudomonas_rhizophila	2045200	S	42	136	178	0.00001
Pseudomonas_donghuensis	1163398	S	32	108	140	0.00001
Candidatus_Pseudomonas_adelgestsugas	1302376	S	22	0	22	0.00000
Pseudomonas_shahriarae	2745512	S	19	90	109	0.00001
Pseudomonas_taiwanensis	470150	S	16	239	255	0.00002
Azotobacter_chroococcum	353	S	2171	969	3140	0.00023
Azotobacter_vinelandii	354	S	1330	4771	6101	0.00044
Azotobacter_salinestris	69964	S	1254	421	1675	0.00012
Halopseudomonas_xinjiangensis	487184	S	584	56	640	0.00005
Halopseudomonas_aestusnigri	857252	S	518	363	881	0.00006
Halopseudomonas_sabulinigri	472181	S	501	43	544	0.00004
Halopseudomonas_sp._RR6	2918528	S	467	65	532	0.00004
Halopseudomonas_litoralis	797277	S	388	90	478	0.00003
Halopseudomonas_salegens	1434072	S	255	19	274	0.00002
Permianibacter_aggregans	1510150	S	600	18	618	0.00004
Thiopseudomonas_alkaliphila	1697053	S	75	16	91	0.00001
Entomomonas_moraniae	2213226	S	35	1	36	0.00000
Entomomonas_sp._F2A	2785331	S	19	1	20	0.00000
Marinobacter_sp._CA1	2817656	S	676	55	731	0.00005
Marinobacter_sp._Arc7-DN-1	2304594	S	436	63	499	0.00004
Marinobacter_sp._NP-4(2019)	2488665	S	423	83	506	0.00004
Marinobacter_sp._LPB0319	2769486	S	370	25	395	0.00003
Marinobacter_sp._LV10R510-11A	1415568	S	200	9	209	0.00002
Marinobacter_sp._LQ44	1749259	S	188	303	491	0.00004
Marinobacter_sp._CP1	1671721	S	150	297	447	0.00003
Marinobacter_sp._JH2	2547598	S	146	46	192	0.00001
Marinobacter_sp._es.042	1761794	S	145	143	288	0.00002
Marinobacter_sp._BSs20148	490759	S	127	78	205	0.00001
Marinobacter_fonticola	2603215	S	543	29	572	0.00004
Marinobacter_nauticus	2743	S	479	169	648	0.00005
Marinobacter_salarius	1420917	S	417	57	474	0.00003
Marinobacter_similis	1420916	S	369	36	405	0.00003
Marinobacter_salsuginis	418719	S	340	50	390	0.00003
Marinobacter_salinus	1874317	S	260	17	277	0.00002
Marinobacter_adhaerens	1033846	S	104	203	307	0.00002
Marinobacter_psychrophilus	330734	S	77	47	124	0.00001
Enterobacter_cloacae	550	S	1164	3525	4689	0.00034
Enterobacter_hormaechei	158836	S	337	13692	14029	0.00101
Enterobacter_cancerogenus	69218	S	321	115	436	0.00003
Enterobacter_asburiae	61645	S	287	1261	1548	0.00011
Enterobacter_roggenkampii	1812935	S	212	810	1022	0.00007
Enterobacter_ludwigii	299767	S	126	254	380	0.00003
Enterobacter_chuandaensis	2497875	S	116	73	189	0.00001
Enterobacter_chengduensis	2494701	S	106	74	180	0.00001
Enterobacter_cloacae_complex_sp.	2027919	S	36	876	912	0.00007
Enterobacter_sp._BIDMC_29	1329841	S	27	74	101	0.00001
Enterobacter_kobei	208224	S	81	900	981	0.00007
Enterobacter_sichuanensis	2071710	S	51	38	89	0.00001
Enterobacter_sp._SA187	1914861	S	257	50	307	0.00002
Enterobacter_sp._JUb54	2724468	S	220	48	268	0.00002
Enterobacter_sp._E76	2596949	S	119	250	369	0.00003
Enterobacter_sp._RHBSTW-00994	2742676	S	92	25	117	0.00001
Enterobacter_sp._RHBSTW-00175	2742639	S	74	73	147	0.00001
Enterobacter_sp._Colony194	2866201	S	60	90	150	0.00001
Enterobacter_sp._SGAir0187	2836161	S	56	65	121	0.00001
Enterobacter_sp._JBIWA008	2831892	S	51	31	82	0.00001
Enterobacter_sp._SES19	2705458	S	35	27	62	0.00000
Enterobacter_sp._JBIWA003	2831890	S	27	34	61	0.00000
Enterobacter_sp._N18-03635	2500132	S	22	54	76	0.00001
Enterobacter_sp._E20	1560339	S	18	146	164	0.00001
Enterobacter_sp._JBIWA005	2831891	S	16	29	45	0.00000
Enterobacter_sp._DNB-S2	2720029	S	14	55	69	0.00001
Enterobacter_bugandensis	881260	S	382	656	1038	0.00007
Enterobacter_huaxiensis	2494702	S	157	48	205	0.00001
Enterobacter_mori	539813	S	135	160	295	0.00002
Enterobacter_soli	885040	S	100	26	126	0.00001
Enterobacter_oligotrophicus	2478464	S	75	23	98	0.00001
Klebsiella_pneumoniae	573	S	923	45120	46043	0.00330
Klebsiella_quasipneumoniae	1463165	S	578	2574	3152	0.00023
Klebsiella_oxytoca	571	S	444	315	759	0.00005
Klebsiella_aerogenes	548	S	390	234	624	0.00004
Klebsiella_sp._A52	2834819	S	13	342	355	0.00003
Klebsiella_variicola	244366	S	262	1045	1307	0.00009
Klebsiella_michiganensis	1134687	S	247	992	1239	0.00009
Klebsiella_quasivariicola	2026240	S	120	138	258	0.00002
Klebsiella_africana	2489010	S	92	60	152	0.00001
Klebsiella_huaxiensis	2153354	S	87	87	174	0.00001
Klebsiella_grimontii	2058152	S	51	366	417	0.00003
Raoultella_sp._HC6	2923366	S	237	183	420	0.00003
Raoultella_planticola	575	S	183	206	389	0.00003
Raoultella_terrigena	577	S	114	271	385	0.00003
Raoultella_ornithinolytica	54291	S	114	994	1108	0.00008
Raoultella_electrica	1259973	S	62	179	241	0.00002
Citrobacter_freundii	546	S	296	1510	1806	0.00013
Citrobacter_werkmanii	67827	S	54	152	206	0.00001
Citrobacter_freundii_complex_sp._CFNIH2	2066049	S	32	43	75	0.00001
Citrobacter_braakii	57706	S	38	358	396	0.00003
Citrobacter_portucalensis	1639133	S	36	427	463	0.00003
Citrobacter_sedlakii	67826	S	29	101	130	0.00001
Citrobacter_sp._RHB25-C09	2742624	S	121	33	154	0.00001
Citrobacter_sp._R56	1573676	S	100	32	132	0.00001
Citrobacter_sp._BDA59-3	2781952	S	33	16	49	0.00000
Citrobacter_sp._MGH_55	1439319	S	18	65	83	0.00001
Citrobacter_sp._RHB35-C21	2742626	S	11	122	133	0.00001
Citrobacter_rodentium	67825	S	247	0	247	0.00002
Citrobacter_farmeri	67824	S	162	88	250	0.00002
Citrobacter_amalonaticus	35703	S	147	831	978	0.00007
Citrobacter_tructae	2562449	S	97	49	146	0.00001
Citrobacter_koseri	545	S	92	146	238	0.00002
Citrobacter_pasteurii	1563222	S	51	50	101	0.00001
Citrobacter_arsenatis	2546350	S	42	17	59	0.00000
Citrobacter_cronae	1748967	S	17	160	177	0.00001
Cronobacter_sakazakii	28141	S	428	368	796	0.00006
Cronobacter_dublinensis	413497	S	331	128	459	0.00003
Cronobacter_universalis	535744	S	207	158	365	0.00003
Cronobacter_condimenti	1163710	S	200	61	261	0.00002
Cronobacter_malonaticus	413503	S	134	202	336	0.00002
Cronobacter_sp._JZ38	1906275	S	44	138	182	0.00001
Cronobacter_muytjensii	413501	S	36	147	183	0.00001
Kosakonia_sacchari	1158459	S	346	164	510	0.00004
Kosakonia_sp._SMBL-WEM22	2725560	S	162	78	240	0.00002
Kosakonia_sp._CCTCC_M2018092	2492396	S	89	91	180	0.00001
Kosakonia_sp._MUSA4	2067958	S	76	40	116	0.00001
Kosakonia_cowanii	208223	S	323	253	576	0.00004
Kosakonia_pseudosacchari	1646340	S	137	76	213	0.00002
Kosakonia_radicincitans	283686	S	134	120	254	0.00002
Kosakonia_arachidis	551989	S	107	30	137	0.00001
Kosakonia_oryzae	497725	S	78	57	135	0.00001
Leclercia_adecarboxylata	83655	S	533	1044	1577	0.00011
Leclercia_sp._29361	2714951	S	190	82	272	0.00002
Leclercia_sp._J807	2681307	S	46	72	118	0.00001
Leclercia_sp._W17	2282309	S	33	97	130	0.00001
Leclercia_sp._W6	2282310	S	30	59	89	0.00001
Leclercia_sp._G3L	2898725	S	20	110	130	0.00001
Leclercia_sp._119287	2681308	S	16	53	69	0.00000
Leclercia_pneumoniae	2815358	S	224	110	334	0.00002
Salmonella_enterica	28901	S	1145	39978	41123	0.00295
Salmonella_bongori	54736	S	108	31	139	0.00001
Pluralibacter_gergoviae	61647	S	858	237	1095	0.00008
[Enterobacter]_lignolyticus	1334193	S	452	125	577	0.00004
Escherichia_coli	562	S	732	22406	23138	0.00166
Escherichia_albertii	208962	S	120	163	283	0.00002
Escherichia_fergusonii	564	S	77	125	202	0.00001
Escherichia_marmotae	1499973	S	62	36	98	0.00001
Escherichia_sp._E4742	2044467	S	40	27	67	0.00000
Cedecea_neteri	158822	S	632	143	775	0.00006
Cedecea_sp._FDAARGOS_727	2545798	S	196	43	239	0.00002
Cedecea_lapagei	158823	S	170	49	219	0.00002
Lelliottia_amnigena	61646	S	477	140	617	0.00004
Lelliottia_sp._AC1	2067959	S	58	66	124	0.00001
Lelliottia_sp._WB101	2153385	S	58	78	136	0.00001
Kluyvera_ascorbata	51288	S	159	142	301	0.00002
Kluyvera_intermedia	61648	S	99	77	176	0.00001
Kluyvera_sp._CRP	2873269	S	20	59	79	0.00001
Kluyvera_genomosp._3	2774055	S	15	42	57	0.00000
Candidatus_Symbiopectobacterium_sp._SyEd1	2871826	S	183	23	206	0.00001
Blochmannia_endosymbiont_of_Colobopsis_nipponica	2681987	S	21	1	22	0.00000
Blochmannia_endosymbiont_of_Camponotus_sp.	700220	S	12	7	19	0.00000
Candidatus_Blochmannia_vicinus	251540	S	10	3	13	0.00000
Candidatus_Hamiltonella_defensa	138072	S	35	2	37	0.00000
secondary_endosymbiont_of_Ctenarytaina_eucalypti	1199245	S	22	0	22	0.00000
Candidatus_Doolittlea_endobia	1778262	S	21	1	22	0.00000
Candidatus_Hoaglandella_endobia	1778263	S	17	0	17	0.00000
Candidatus_Purcelliella_pentastirinorum	472834	S	14	1	15	0.00000
Candidatus_Mikella_endobia	1778264	S	14	1	15	0.00000
Jejubacter_calystegiae	2579935	S	314	36	350	0.00003
Atlantibacter_hermannii	565	S	267	60	327	0.00002
Pseudescherichia_vulneris	566	S	260	17	277	0.00002
Shimwellia_blattae	563	S	250	52	302	0.00002
Plesiomonas_shigelloides	703	S	242	82	324	0.00002
Buttiauxella_agrestis	82977	S	95	18	113	0.00001
Buttiauxella_sp._3AFRM03	2479367	S	24	59	83	0.00001
Buttiauxella_ferragutiae	82989	S	17	46	63	0.00000
Yokenella_regensburgei	158877	S	205	91	296	0.00002
Scandinavium_goeteborgense	1851514	S	205	40	245	0.00002
Phytobacter_ursingii	1972431	S	127	174	301	0.00002
Phytobacter_diazotrophicus	395631	S	14	101	115	0.00001
Phytobacter_sp._SCO41	1756993	S	14	23	37	0.00000
Pseudocitrobacter_sp._G163CM	2891570	S	157	40	197	0.00001
Shigella_flexneri	623	S	34	1813	1847	0.00013
Shigella_boydii	621	S	22	399	421	0.00003
Candidatus_Moranella_endobia	1048758	S	29	0	29	0.00000
Candidatus_Ishikawaella_capsulata	168169	S	13	0	13	0.00000
Candidatus_Schneideria_nysicola	1081631	S	11	0	11	0.00000
Serratia_marcescens	615	S	1490	3523	5013	0.00036
Serratia_plymuthica	82996	S	578	325	903	0.00006
Serratia_sp._ATCC_39006	104623	S	114	13	127	0.00001
Serratia_sp._FDAARGOS_506	2420306	S	109	121	230	0.00002
Serratia_sp._FGI94	671990	S	95	117	212	0.00002
Serratia_sp._1D1416	2447890	S	38	145	183	0.00001
Serratia_sp._3ACOL1	2448483	S	32	53	85	0.00001
Serratia_sp._FS14	1327989	S	29	163	192	0.00001
Serratia_sp._P2ACOL2	2482769	S	28	98	126	0.00001
Serratia_sp._MYb239	2033438	S	16	164	180	0.00001
Serratia_entomophila	42906	S	378	105	483	0.00003
Serratia_rubidaea	61652	S	340	439	779	0.00006
Serratia_odorifera	618	S	298	55	353	0.00003
Serratia_proteamaculans	28151	S	253	66	319	0.00002
Serratia_fonticola	47917	S	212	212	424	0.00003
Serratia_surfactantfaciens	2741499	S	196	129	325	0.00002
Serratia_liquefaciens	614	S	152	282	434	0.00003
Serratia_quinivorans	137545	S	132	56	188	0.00001
Serratia_grimesii	82995	S	123	16	139	0.00001
Serratia_symbiotica	138074	S	104	17	121	0.00001
Serratia_inhibens	2338073	S	80	49	129	0.00001
Serratia_ureilytica	300181	S	74	1103	1177	0.00008
Serratia_rhizosphaerae	2597702	S	72	76	148	0.00001
Serratia_ficaria	61651	S	20	104	124	0.00001
Serratia_nematodiphila	458197	S	12	135	147	0.00001
Rahnella_aquatilis	34038	S	253	372	625	0.00004
Rahnella_victoriana	1510570	S	201	33	234	0.00002
Rahnella_inusitata	58169	S	193	56	249	0.00002
Rahnella_sp._ERMR1:05	1805933	S	165	26	191	0.00001
Rahnella_aceris	2703885	S	27	61	88	0.00001
Yersinia_enterocolitica	630	S	124	134	258	0.00002
Yersinia_pestis	632	S	25	1667	1692	0.00012
Yersinia_similis	367190	S	19	3	22	0.00000
Yersinia_pseudotuberculosis	633	S	12	10	22	0.00000
Yersinia_ruckeri	29486	S	73	14	87	0.00001
Yersinia_entomophaga	935293	S	56	10	66	0.00000
Yersinia_mollaretii	33060	S	52	11	63	0.00000
Yersinia_aldovae	29483	S	46	9	55	0.00000
Yersinia_frederiksenii	29484	S	42	32	74	0.00001
Yersinia_rohdei	29485	S	41	8	49	0.00000
Yersinia_kristensenii	28152	S	39	93	132	0.00001
Yersinia_aleksiciae	263819	S	36	8	44	0.00000
Yersinia_canariae	2607663	S	34	12	46	0.00000
Yersinia_intermedia	631	S	20	54	74	0.00001
Yersinia_massiliensis	419257	S	10	26	36	0.00000
Yersinia_hibernica	2339259	S	10	14	24	0.00000
Nissabacter_sp._SGAir0207	2126321	S	644	103	747	0.00005
Gibbsiella_quercinecans	929813	S	396	59	455	0.00003
Rouxiella_badensis	1646377	S	262	26	288	0.00002
Ewingella_americana	41202	S	205	32	237	0.00002
Chania_multitudinisentens	1639108	S	157	19	176	0.00001
Candidatus_Fukatsuia_symbiotica	1878942	S	47	3	50	0.00000
Pantoea_sp._Z09	2886821	S	538	185	723	0.00005
Pantoea_sp._SO10	2575375	S	237	47	284	0.00002
Pantoea_sp._At-9b	592316	S	204	47	251	0.00002
Pantoea_sp._MSR2	2052056	S	198	29	227	0.00002
Pantoea_sp._CCBC3-3-1	2490851	S	156	31	187	0.00001
Pantoea_sp._SM3640	2787629	S	12	101	113	0.00001
Pantoea_agglomerans	549	S	1280	441	1721	0.00012
Pantoea_dispersa	59814	S	1145	323	1468	0.00011
Pantoea_vagans	470934	S	315	529	844	0.00006
Pantoea_deleyi	470932	S	310	79	389	0.00003
Pantoea_ananatis	553	S	289	96	385	0.00003
Pantoea_alhagi	1891675	S	213	66	279	0.00002
Pantoea_stewartii	66269	S	211	56	267	0.00002
Pantoea_cypripedii	55209	S	200	13	213	0.00002
Pantoea_rwandensis	1076550	S	126	29	155	0.00001
Candidatus_Pantoea_carbekii	1235990	S	11	1	12	0.00000
Pantoea_eucalypti	470933	S	10	83	93	0.00001
Erwinia_sp._E602	2675378	S	525	96	621	0.00004
Erwinia_sp._J780	2681984	S	137	26	163	0.00001
Erwinia_sp._Ejp617	215689	S	31	55	86	0.00001
Erwinia_sp._QL-Z3	2547962	S	20	60	80	0.00001
Erwinia_gerundensis	1619313	S	299	57	356	0.00003
Erwinia_persicina	55211	S	229	48	277	0.00002
Erwinia_rhapontici	55212	S	185	36	221	0.00002
Erwinia_tasmaniensis	338565	S	170	35	205	0.00001
Erwinia_amylovora	552	S	152	87	239	0.00002
Erwinia_billingiae	182337	S	109	222	331	0.00002
Candidatus_Erwinia_haradaeae	1922217	S	92	2	94	0.00001
[Pantoea]_beijingensis	1324864	S	81	15	96	0.00001
Erwinia_tracheiphila	65700	S	75	10	85	0.00001
Erwinia_pyrifoliae	79967	S	41	70	111	0.00001
Mixta_gaviniae	665914	S	391	155	546	0.00004
Mixta_calida	665913	S	296	164	460	0.00003
Mixta_theicola	1458355	S	256	84	340	0.00002
Mixta_sp._X22927	2872648	S	167	89	256	0.00002
Mixta_intestinalis	1615494	S	165	48	213	0.00002
Buchnera_aphidicola	9	S	246	31	277	0.00002
Tatumella_ptyseos	82987	S	96	17	113	0.00001
Tatumella_citrea	53336	S	61	9	70	0.00001
Wigglesworthia_glossinidia	51229	S	13	1	14	0.00000
Dickeya_dadantii	204038	S	409	262	671	0.00005
Dickeya_chrysanthemi	556	S	271	43	314	0.00002
Dickeya_zeae	204042	S	271	295	566	0.00004
Dickeya_dianthicola	204039	S	268	202	470	0.00003
Dickeya_fangzhongdai	1778540	S	138	631	769	0.00006
Dickeya_solani	1089444	S	123	265	388	0.00003
Dickeya_poaceiphila	568768	S	120	22	142	0.00001
Dickeya_sp._NCPPB_3274	568766	S	106	78	184	0.00001
Dickeya_oryzae	1240404	S	15	34	49	0.00000
Pectobacterium_brasiliense	180957	S	205	252	457	0.00003
Pectobacterium_carotovorum	554	S	187	425	612	0.00004
Pectobacterium_sp._LJ1	2878098	S	85	24	109	0.00001
Pectobacterium_sp._PL64	2738983	S	36	25	61	0.00000
Pectobacterium_atrosepticum	29471	S	107	39	146	0.00001
Pectobacterium_polaris	2042057	S	88	66	154	0.00001
Pectobacterium_parmentieri	1905730	S	84	33	117	0.00001
Pectobacterium_punjabense	2108399	S	59	15	74	0.00001
Pectobacterium_wasabiae	55208	S	45	14	59	0.00000
Pectobacterium_versatile	2488639	S	43	101	144	0.00001
Pectobacterium_odoriferum	78398	S	40	31	71	0.00001
Pectobacterium_aroidearum	1201031	S	29	47	76	0.00001
Pectobacterium_quasiaquaticum	2774015	S	25	25	50	0.00000
Pectobacterium_parvum	2778550	S	20	29	49	0.00000
Pectobacterium_aquaticum	2204145	S	17	22	39	0.00000
Brenneria_izadpanahii	2722756	S	260	300	560	0.00004
Brenneria_goodwinii	1109412	S	225	251	476	0.00003
Brenneria_rubrifaciens	55213	S	198	81	279	0.00002
Lonsdalea_populi	1172565	S	274	75	349	0.00003
Lonsdalea_britannica	1082704	S	234	59	293	0.00002
Musicola_paradisiaca	69223	S	340	40	380	0.00003
Edwardsiella_tarda	636	S	397	306	703	0.00005
Edwardsiella_hoshinae	93378	S	256	65	321	0.00002
Edwardsiella_ictaluri	67780	S	144	90	234	0.00002
Edwardsiella_piscicida	1263550	S	52	851	903	0.00006
Hafnia_alvei	569	S	113	136	249	0.00002
Hafnia_paralvei	546367	S	44	19	63	0.00000
Obesumbacterium_proteus	82983	S	52	39	91	0.00001
Morganella_morganii	582	S	421	319	740	0.00005
Providencia_rettgeri	587	S	77	145	222	0.00002
Providencia_alcalifaciens	126385	S	69	31	100	0.00001
Providencia_heimbachae	333962	S	28	11	39	0.00000
Providencia_rustigianii	158850	S	24	9	33	0.00000
Providencia_sneebia	516075	S	20	1	21	0.00000
Providencia_sp._R33	2828763	S	16	3	19	0.00000
Providencia_stuartii	588	S	11	77	88	0.00001
Xenorhabdus_bovienii	40576	S	104	25	129	0.00001
Xenorhabdus_doucetiae	351671	S	88	14	102	0.00001
Xenorhabdus_nematophila	628	S	51	9	60	0.00000
Xenorhabdus_budapestensis	290110	S	40	5	45	0.00000
Xenorhabdus_poinarii	40577	S	29	6	35	0.00000
Xenorhabdus_hominickii	351679	S	22	3	25	0.00000
Proteus_mirabilis	584	S	76	141	217	0.00002
Proteus_vulgaris	585	S	33	76	109	0.00001
Proteus_penneri	102862	S	18	20	38	0.00000
Proteus_hauseri	183417	S	13	2	15	0.00000
Photorhabdus_thracensis	230089	S	72	16	88	0.00001
Photorhabdus_akhurstii	171438	S	40	10	50	0.00000
Photorhabdus_laumondii	2218628	S	32	9	41	0.00000
Photorhabdus_asymbiotica	291112	S	30	4	34	0.00000
Arsenophonus_endosymbiont_of_Apis_mellifera	1541805	S	20	7	27	0.00000
Arsenophonus_endosymbiont_of_Aphis_craccivora	1231049	S	13	3	16	0.00000
Arsenophonus_endosymbiont_of_Aleurodicus_dispersus	235559	S	11	0	11	0.00000
Arsenophonus_nasoniae	638	S	13	4	17	0.00000
Moellerella_wisconsensis	158849	S	27	21	48	0.00000
Sodalis_sp._dw_23	2697027	S	527	36	563	0.00004
Sodalis_endosymbiont_of_Henestaris_halophilus	1929246	S	16	0	16	0.00000
Sodalis_praecaptivus	1239307	S	235	165	400	0.00003
Sodalis_glossinidius	63612	S	192	28	220	0.00002
Candidatus_Sodalis_pierantonius	1486991	S	94	71	165	0.00001
Leminorella_richardii	158841	S	142	20	162	0.00001
Pragia_fontium	82985	S	56	8	64	0.00000
Limnobaculum_parvum	2172103	S	25	6	31	0.00000
Jinshanibacter_zhutongyuii	2498113	S	24	5	29	0.00000
Thioalkalivibrio_sulfidiphilus	1033854	S	2119	1351	3470	0.00025
Thioalkalivibrio_nitratireducens	186931	S	2033	553	2586	0.00019
Thioalkalivibrio_paradoxus	108010	S	2031	609	2640	0.00019
Thioalkalivibrio_versutus	106634	S	1429	197	1626	0.00012
Thioalkalivibrio_sp._K90mix	396595	S	1424	189	1613	0.00012
Spiribacter_sp._E85	2182432	S	3700	368	4068	0.00029
Spiribacter_sp._2438	2666185	S	739	74	813	0.00006
Spiribacter_curvatus	1335757	S	899	52	951	0.00007
Spiribacter_salinus	1335746	S	630	50	680	0.00005
Acidihalobacter_aeolianus	2792603	S	1608	229	1837	0.00013
Acidihalobacter_ferrooxydans	1765967	S	1456	154	1610	0.00012
Acidihalobacter_yilgarnensis	2819280	S	992	69	1061	0.00008
Halorhodospira_halophila	1053	S	1736	215	1951	0.00014
Halorhodospira_halochloris	1052	S	249	12	261	0.00002
Aquisalimonas_sp._2447	2740807	S	1858	141	1999	0.00014
Alkalilimnicola_ehrlichii	351052	S	1741	241	1982	0.00014
Ectothiorhodospira_haloalkaliphila	421628	S	695	243	938	0.00007
Ectothiorhodospira_sp._BSL-9	1442136	S	650	217	867	0.00006
Ectothiorhodosinus_mongolicus	233100	S	232	17	249	0.00002
Allochromatium_tepidum	553982	S	1478	794	2272	0.00016
Allochromatium_vinosum	1049	S	1406	611	2017	0.00014
Candidatus_Thiodictyon_syntrophicum	1166950	S	3221	185	3406	0.00024
Thioflavicoccus_mobilis	80679	S	2833	276	3109	0.00022
Marichromatium_purpuratum	37487	S	2617	545	3162	0.00023
Thiocapsa_bogorovii	521689	S	2267	132	2399	0.00017
Thiocystis_violascens	73141	S	1748	161	1909	0.00014
Thermochromatium_tepidum	1050	S	1055	278	1333	0.00010
Caldichromatium_japonicum	2699430	S	805	98	903	0.00006
Nitrosococcus_halophilus	133539	S	190	24	214	0.00002
Nitrosococcus_wardiae	1814290	S	176	21	197	0.00001
Nitrosococcus_oceani	1229	S	138	31	169	0.00001
Nitrosococcus_watsonii	473531	S	127	31	158	0.00001
Rheinheimera_sp._F8	1763998	S	165	8	173	0.00001
Rheinheimera_sp._D18	2545632	S	26	23	49	0.00000
Rheinheimera_mangrovi	2498451	S	96	9	105	0.00001
Candidatus_Nitrosacidococcus_tergens	553981	S	36	1	37	0.00000
Candidatus_Nitrosoglobus_terrae	1630141	S	28	2	30	0.00000
Wenzhouxiangella_marina	1579979	S	1948	134	2082	0.00015
Wenzhouxiangella_sp._AB-CW3	2771012	S	1140	55	1195	0.00009
Thiohalobacter_sp._COW1	2795687	S	425	925	1350	0.00010
Thiohalobacter_thiocyanaticus	585455	S	392	1056	1448	0.00010
Guyparkeria_halophila	47960	S	1923	487	2410	0.00017
Sulfurivermis_fontis	1972068	S	1843	745	2588	0.00019
Halothiobacillus_sp._LS2	1860122	S	893	92	985	0.00007
Halothiobacillus_neapolitanus	927	S	307	37	344	0.00002
Woeseia_oceani	1548547	S	1092	20	1112	0.00008
Sulfuriflexus_mobilis	1811807	S	379	12	391	0.00003
Granulosicoccus_antarcticus	437505	S	337	6	343	0.00002
Halomonas_sp._THAF5a	2587844	S	1431	575	2006	0.00014
Halomonas_sp._1513	1883416	S	1098	252	1350	0.00010
Halomonas_sp._THAF12	2587849	S	989	659	1648	0.00012
Halomonas_sp._YLGW01	2773308	S	987	175	1162	0.00008
Halomonas_sp._HG01	1609967	S	964	453	1417	0.00010
Halomonas_sp._MCCC_1A13316	2733487	S	921	124	1045	0.00007
Halomonas_sp._JS92-SW72	2306583	S	883	1091	1974	0.00014
Halomonas_sp._PGE1	2730360	S	614	918	1532	0.00011
Halomonas_sp._Y2R2	2562282	S	360	20	380	0.00003
Halomonas_sp._A40-4	2785909	S	274	75	349	0.00003
Halomonas_sp._SH5A2	2749040	S	244	45	289	0.00002
Halomonas_sp._R57-5	1610576	S	170	72	242	0.00002
Halomonas_sp._KO116	1504981	S	164	70	234	0.00002
Halomonas_sp._FeN2	2832500	S	146	64	210	0.00002
Halomonas_sp._GFAJ-1	1118153	S	144	27	171	0.00001
Halomonas_sp._18071143	2855441	S	143	324	467	0.00003
Halomonas_sp._SS10-MC5	2854257	S	126	1086	1212	0.00009
Halomonas_sp._SF2003	2136172	S	100	485	585	0.00004
Halomonas_sp._NyZ770	2883106	S	98	411	509	0.00004
Halomonas_sp._TD01	999141	S	58	32	90	0.00001
Halomonas_sp._HL-93	1666906	S	47	336	383	0.00003
Halomonas_sp._hl-4	1761789	S	44	305	349	0.00003
Halomonas_sp._GT	1971364	S	38	28	66	0.00000
Halomonas_sp._N3-2A	2014541	S	30	37	67	0.00000
Halomonas_sp._A3H3	1346287	S	18	463	481	0.00003
Halomonas_beimenensis	475662	S	1530	310	1840	0.00013
Halomonas_aestuarii	1897729	S	1205	259	1464	0.00011
Halomonas_socia	1081866	S	1086	211	1297	0.00009
Halomonas_sulfidivorans	2733488	S	1013	209	1222	0.00009
Halomonas_tianxiuensis	2497861	S	946	210	1156	0.00008
Halomonas_elongata	2746	S	825	87	912	0.00007
Halomonas_chromatireducens	507626	S	724	59	783	0.00006
Halomonas_meridiana	29570	S	538	448	986	0.00007
Halomonas_subglaciescola	29571	S	489	56	545	0.00004
Halomonas_huangheensis	1178482	S	414	24	438	0.00003
Halomonas_piezotolerans	2609667	S	294	157	451	0.00003
Halomonas_sulfidoxydans	2733484	S	167	1416	1583	0.00011
Halomonas_profundi	2852117	S	151	22	173	0.00001
Halomonas_titanicae	664683	S	117	572	689	0.00005
Halomonas_hydrothermalis	115561	S	95	268	363	0.00003
Halomonas_venusta	44935	S	76	93	169	0.00001
Halomonas_campaniensis	213554	S	35	159	194	0.00001
Cobetia_sp._L2A1	2686360	S	343	44	387	0.00003
Cobetia_sp._cqz5-12	2609415	S	216	309	525	0.00004
Cobetia_sp._AM6	2661553	S	82	482	564	0.00004
Cobetia_sp._4B	2758724	S	74	331	405	0.00003
Cobetia_pacifica	1055101	S	126	373	499	0.00004
Cobetia_amphilecti	1055104	S	68	434	502	0.00004
Cobetia_marina	28258	S	18	231	249	0.00002
Halotalea_alkalilenta	376489	S	1577	323	1900	0.00014
Salinicola_tamaricis	1771309	S	1424	173	1597	0.00011
Kushneria_phosphatilytica	657387	S	388	16	404	0.00003
Kushneria_konosiri	698828	S	368	81	449	0.00003
Kushneria_marisflavi	157779	S	317	68	385	0.00003
Chromohalobacter_salexigens	158080	S	1174	135	1309	0.00009
Pistricoccus_aurantiacus	1883414	S	745	53	798	0.00006
Zymobacter_palmae	33074	S	213	30	243	0.00002
Candidatus_Portiera_aleyrodidarum	91844	S	33	35	68	0.00000
Candidatus_Carsonella_ruddii	114186	S	20	8	28	0.00000
Alcanivorax_sp._N3-2A	2014542	S	1165	1246	2411	0.00017
Alcanivorax_pacificus	1306787	S	1053	417	1470	0.00011
Alcanivorax_xenomutans	1094342	S	528	291	819	0.00006
Alcanivorax_dieselolei	285091	S	527	181	708	0.00005
Alcanivorax_borkumensis	59754	S	15	220	235	0.00002
Ketobacter_alkanivorans	1917421	S	195	16	211	0.00002
Marinobacterium_aestuarii	1821621	S	676	55	731	0.00005
Marinobacterium_sediminicola	518898	S	301	45	346	0.00002
Marinobacterium_georgiense	48076	S	283	94	377	0.00003
Marinobacterium_sp._LSUCC0821	2668067	S	46	3	49	0.00000
Marinomonas_sp._CT5	2066133	S	46	4	50	0.00000
Marinomonas_sp._A3A	2065312	S	34	4	38	0.00000
Marinomonas_sp._FW-1	2071621	S	19	4	23	0.00000
Marinomonas_primoryensis	178399	S	59	8	67	0.00000
Marinomonas_profundi	2726122	S	44	14	58	0.00000
Marinomonas_arctica	383750	S	41	9	50	0.00000
Marinomonas_posidonica	936476	S	35	5	40	0.00000
Marinomonas_mediterranea	119864	S	34	3	37	0.00000
Marinomonas_algicola	2773454	S	26	5	31	0.00000
Marinomonas_foliarum	491950	S	25	9	34	0.00000
Thalassolituus_sp._C2-1	2597518	S	150	11	161	0.00001
Thalassolituus_oleivorans	187493	S	93	26	119	0.00001
Venatorbacter_cucullus	2661630	S	176	46	222	0.00002
Bacterioplanes_sanyensis	1249553	S	159	10	169	0.00001
Neptunomonas_concharum	1031538	S	51	4	55	0.00000
Neptunomonas_phycophila	1572645	S	49	4	53	0.00000
Neptunomonas_japonica	417574	S	40	3	43	0.00000
Nitrincola_iocasae	2614693	S	92	18	110	0.00001
Amphritea_japonica	452627	S	92	8	100	0.00001
Bermanella_marisrubri	207949	S	36	1	37	0.00000
Hahella_sp._KA22	1628392	S	383	67	450	0.00003
Hahella_chejuensis	158327	S	379	57	436	0.00003
Saccharospirillum_mangrovi	2161747	S	500	32	532	0.00004
Reinekea_forsetii	1336806	S	186	10	196	0.00001
Gynuella_sunshinyii	1445505	S	151	4	155	0.00001
Litoricola_lipolytica	418701	S	253	13	266	0.00002
Oleiphilus_messinensis	141451	S	105	8	113	0.00001
Endozoicomonas_montiporae	1027273	S	102	6	108	0.00001
Spartinivicinus_ruber	2683272	S	40	1	41	0.00000
Methylococcus_sp._EFPC2	2812648	S	1783	129	1912	0.00014
Methylococcus_sp._Mc7	2860258	S	1505	510	2015	0.00014
Methylococcus_capsulatus	414	S	1415	361	1776	0.00013
Methylococcus_geothermalis	2681310	S	1269	370	1639	0.00012
Methylomonas_sp._LL1	2785785	S	517	24	541	0.00004
Methylomonas_sp._LW13	107637	S	223	129	352	0.00003
Methylomonas_sp._EFPC1	2812647	S	190	117	307	0.00002
Methylomonas_sp._DH-1	1727196	S	167	323	490	0.00004
Methylomonas_koyamae	702114	S	504	525	1029	0.00007
Methylomonas_rhizoryzae	2608981	S	441	18	459	0.00003
Methylomonas_denitrificans	1538553	S	391	27	418	0.00003
Methylomonas_methanica	421	S	372	19	391	0.00003
Methylomonas_paludis	1173101	S	120	5	125	0.00001
Methylomagnum_ishizawai	1760988	S	1869	83	1952	0.00014
Methylomicrobium_album	39775	S	1530	63	1593	0.00011
Methylomicrobium_sp._wino1	2049332	S	317	249	566	0.00004
Methylocaldum_marinum	1432792	S	1766	111	1877	0.00013
Methylogaea_oryzae	1295382	S	1710	136	1846	0.00013
Candidatus_Methylospira_mobilis	1808979	S	568	24	592	0.00004
Methylotuvimicrobium_buryatense	95641	S	164	173	337	0.00002
Methylotuvimicrobium_alcaliphilum	271065	S	144	178	322	0.00002
Methylovulum_psychrotolerans	1704499	S	261	7	268	0.00002
Methylobacter_sp._S3L5C	2839024	S	107	6	113	0.00001
Aeromonas_sp._FDAARGOS_1415	2778064	S	274	157	431	0.00003
Aeromonas_sp._CA23	2033032	S	252	114	366	0.00003
Aeromonas_sp._FDAARGOS_1409	2778058	S	147	211	358	0.00003
Aeromonas_sp._CU5	2033033	S	120	52	172	0.00001
Aeromonas_sp._1805	2560028	S	45	123	168	0.00001
Aeromonas_sp._FDAARGOS_1410	2778059	S	42	98	140	0.00001
Aeromonas_sp._FDAARGOS_1407	2778056	S	38	118	156	0.00001
Aeromonas_sp._ASNIH4	1636609	S	33	162	195	0.00001
Aeromonas_sp._FDAARGOS_1405	2778054	S	30	49	79	0.00001
Aeromonas_sp._ASNIH1	1636606	S	28	550	578	0.00004
Aeromonas_sp._FDAARGOS_1402	2778051	S	27	283	310	0.00002
Aeromonas_sp._FDAARGOS_1417	2778066	S	27	76	103	0.00001
Aeromonas_sp._FDAARGOS_1403	2778052	S	26	77	103	0.00001
Aeromonas_sp._FDAARGOS_1408	2778057	S	25	140	165	0.00001
Aeromonas_sp._ASNIH5	1758179	S	23	391	414	0.00003
Aeromonas_sp._FDAARGOS_1404	2778053	S	22	77	99	0.00001
Aeromonas_sp._FDAARGOS_1416	2778065	S	20	57	77	0.00001
Aeromonas_sp._ASNIH2	1636607	S	20	278	298	0.00002
Aeromonas_sp._FDAARGOS_1411	2778060	S	19	59	78	0.00001
Aeromonas_sp._FDAARGOS_1419	2778068	S	19	54	73	0.00001
Aeromonas_sp._FDAARGOS_1414	2778063	S	18	56	74	0.00001
Aeromonas_sp._2692-1	2560029	S	18	87	105	0.00001
Aeromonas_sp._FDAARGOS_1406	2778055	S	12	117	129	0.00001
Aeromonas_sp._WP2-W18-CRE-05	2675707	S	10	404	414	0.00003
Aeromonas_sp._ASNIH3	1636608	S	10	499	509	0.00004
Aeromonas_hydrophila	644	S	1351	5571	6922	0.00050
Aeromonas_veronii	654	S	866	1959	2825	0.00020
Aeromonas_media	651	S	653	1383	2036	0.00015
Aeromonas_schubertii	652	S	647	205	852	0.00006
Aeromonas_encheleia	73010	S	620	229	849	0.00006
Aeromonas_salmonicida	645	S	576	722	1298	0.00009
Aeromonas_simiae	218936	S	558	580	1138	0.00008
Aeromonas_caviae	648	S	441	3583	4024	0.00029
Aeromonas_enteropelogenes	29489	S	364	296	660	0.00005
Aeromonas_rivuli	648794	S	336	101	437	0.00003
Aeromonas_dhakensis	196024	S	296	579	875	0.00006
Aeromonas_jandaei	650	S	264	264	528	0.00004
Aeromonas_sanarellii	633415	S	89	475	564	0.00004
Aeromonas_rivipollensis	948519	S	64	99	163	0.00001
Aeromonas_allosaccharophila	656	S	54	86	140	0.00001
Zobellella_denitrificans	347534	S	1088	264	1352	0.00010
Oceanimonas_sp._GK1	511062	S	505	112	617	0.00004
Dongshaea_marina	2047966	S	185	18	203	0.00001
Oceanisphaera_profunda	1416627	S	93	12	105	0.00001
Oceanisphaera_avium	1903694	S	47	7	54	0.00000
Tolumonas_auensis	43948	S	125	58	183	0.00001
Succinivibrio_dextrinosolvens	83771	S	48	2	50	0.00000
Solimonas_sp._K1W22B-7	2303331	S	5721	615	6336	0.00045
Flagellatimonas_centrodinii	2806210	S	1580	119	1699	0.00012
Sinimarinibacterium_sp._NLF-5-8	2698684	S	898	539	1437	0.00010
Steroidobacter_denitrificans	465721	S	7876	2419	10295	0.00074
Sulfurifustis_variabilis	1675686	S	7563	512	8075	0.00058
Sulfuricaulis_limicola	1620215	S	3236	266	3502	0.00025
Acidiferrobacter_sp._SPIII_3	1281578	S	905	261	1166	0.00008
Acidiferrobacter_thiooxydans	163359	S	754	219	973	0.00007
Shewanella_sp._FJAT-53555	2864204	S	68	60	128	0.00001
Shewanella_sp._FJAT-54031	2864209	S	63	97	160	0.00001
Shewanella_sp._FJAT-53764	2864207	S	61	97	158	0.00001
Shewanella_sp._FJAT-52076	2864202	S	57	80	137	0.00001
Shewanella_sp._FJAT-51860	2864212	S	51	8	59	0.00000
Shewanella_sp._FJAT-52072	2864213	S	48	64	112	0.00001
Shewanella_sp._FJAT-53681	2864205	S	37	61	98	0.00001
Shewanella_sp._Scap07	2589987	S	37	4	41	0.00000
Shewanella_sp._KX20019	2803864	S	37	4	41	0.00000
Shewanella_sp._FJAT-53749	2864206	S	36	7	43	0.00000
Shewanella_sp._SNU_WT4	2590015	S	35	9	44	0.00000
Shewanella_sp._FJAT-53532	2864203	S	35	61	96	0.00001
Shewanella_sp._WE21	2029986	S	35	19	54	0.00000
Shewanella_sp._FJAT-53870	2864208	S	34	5	39	0.00000
Shewanella_sp._FJAT-51754	2864211	S	23	34	57	0.00000
Shewanella_sp._Arc9-LZ	2698686	S	20	8	28	0.00000
Shewanella_sp._ANA-3	94122	S	18	50	68	0.00000
Shewanella_sp._OM3-2	2908650	S	16	2	18	0.00000
Shewanella_sp._MR-4	60480	S	14	15	29	0.00000
Shewanella_sp._MEBiC00475	2575361	S	12	24	36	0.00000
Shewanella_sp._FJAT-51649	2864210	S	12	18	30	0.00000
Shewanella_algae	38313	S	201	186	387	0.00003
Shewanella_khirikhana	1965282	S	194	31	225	0.00002
Shewanella_cyperi	2814292	S	183	105	288	0.00002
Shewanella_litorisediminis	1173586	S	144	36	180	0.00001
Shewanella_baltica	62322	S	122	146	268	0.00002
Shewanella_marisflavi	260364	S	120	24	144	0.00001
Shewanella_putrefaciens	24	S	114	402	516	0.00004
Shewanella_sedimentimangrovi	2814293	S	101	81	182	0.00001
Shewanella_amazonensis	60478	S	94	25	119	0.00001
Shewanella_dokdonensis	712036	S	92	9	101	0.00001
Shewanella_avicenniae	2814294	S	77	13	90	0.00001
Shewanella_sediminis	271097	S	73	9	82	0.00001
Shewanella_yunxiaonensis	2829809	S	65	10	75	0.00001
Shewanella_loihica	359303	S	65	118	183	0.00001
Shewanella_benthica	43661	S	64	14	78	0.00001
Shewanella_denitrificans	192073	S	57	8	65	0.00000
Shewanella_woodyi	60961	S	50	5	55	0.00000
Shewanella_pealeana	70864	S	49	8	57	0.00000
Shewanella_psychropiezotolerans	2593655	S	47	9	56	0.00000
Shewanella_oneidensis	70863	S	46	14	60	0.00000
Shewanella_psychrophila	225848	S	43	6	49	0.00000
Shewanella_halifaxensis	271098	S	41	5	46	0.00000
Shewanella_violacea	60217	S	41	7	48	0.00000
Shewanella_maritima	2520507	S	41	4	45	0.00000
Shewanella_xiamenensis	332186	S	37	205	242	0.00002
Shewanella_piezotolerans	404011	S	32	3	35	0.00000
Shewanella_glacialimarina	2590884	S	32	4	36	0.00000
Shewanella_carassii	1987584	S	30	35	65	0.00000
Shewanella_psychromarinicola	2487742	S	30	4	34	0.00000
Shewanella_vesiculosa	518738	S	30	8	38	0.00000
Shewanella_decolorationis	256839	S	27	33	60	0.00000
Shewanella_inventionis	1738770	S	25	12	37	0.00000
Shewanella_livingstonensis	150120	S	22	5	27	0.00000
Shewanella_indica	768528	S	20	30	50	0.00000
Shewanella_chilikensis	558541	S	20	62	82	0.00001
Shewanella_donghaensis	238836	S	20	2	22	0.00000
Shewanella_frigidimarina	56812	S	16	9	25	0.00000
Shewanella_aestuarii	1028752	S	12	4	16	0.00000
Parashewanella_spongiae	342950	S	32	2	34	0.00000
Parashewanella_tropica	2547970	S	14	1	15	0.00000
Alteromonas_sp._RKMC-009	2267264	S	124	15	139	0.00001
Alteromonas_sp._BL110	1714845	S	21	3	24	0.00000
Alteromonas_sp._RW2A1	1917158	S	18	87	105	0.00001
Alteromonas_sp._76-1	2358187	S	16	4	20	0.00000
Alteromonas_sp._MB-3u-76	2058133	S	10	31	41	0.00000
Alteromonas_macleodii	28108	S	147	51	198	0.00001
Alteromonas_mediterranea	314275	S	91	45	136	0.00001
Alteromonas_pelagimontana	1858656	S	83	11	94	0.00001
Alteromonas_australica	589873	S	31	40	71	0.00001
Alteromonas_naphthalenivorans	715451	S	20	9	29	0.00000
Alteromonas_stellipolaris	233316	S	10	21	31	0.00000
Salinimonas_marina	2785918	S	101	10	111	0.00001
Salinimonas_lutimaris	914153	S	86	16	102	0.00001
Salinimonas_iocasae	2572577	S	78	16	94	0.00001
Salinimonas_sediminis	2303538	S	59	14	73	0.00001
Hydrocarboniclastica_marina	2259620	S	458	70	528	0.00004
Lacimicrobium_alkaliphilum	1526571	S	171	12	183	0.00001
Paraglaciecola_sp._L1A13	2686359	S	42	3	45	0.00000
Paraglaciecola_sp._L3A3	2686358	S	22	1	23	0.00000
Paraglaciecola_mesophila	197222	S	41	4	45	0.00000
Paraglaciecola_psychrophila	326544	S	34	2	36	0.00000
Saliniradius_amylolyticus	2183582	S	124	11	135	0.00001
Agarivorans_gilvus	680279	S	40	4	44	0.00000
Agarivorans_sp._TSD2052	2937286	S	27	3	30	0.00000
Agarivorans_sp._B2Z047	2652721	S	12	15	27	0.00000
Agarivorans_aestuarii	1563703	S	14	8	22	0.00000
Paraneptunicella_aestuarii	2831148	S	65	3	68	0.00000
Glaciecola_nitratireducens	300231	S	54	3	57	0.00000
Catenovulum_sediminis	1740262	S	45	3	48	0.00000
Saccharobesus_litoralis	2172099	S	39	2	41	0.00000
Pseudoalteromonas_sp._R3	1709477	S	61	11	72	0.00001
Pseudoalteromonas_sp._A25	116092	S	38	5	43	0.00000
Pseudoalteromonas_sp._THAF3	2587843	S	16	23	39	0.00000
Pseudoalteromonas_sp._GCY	2003316	S	13	24	37	0.00000
Pseudoalteromonas_sp._KAN5	2916633	S	10	55	65	0.00000
Pseudoalteromonas_rubra	43658	S	181	24	205	0.00001
Pseudoalteromonas_viridis	339617	S	87	29	116	0.00001
Pseudoalteromonas_luteoviolacea	43657	S	80	12	92	0.00001
Pseudoalteromonas_piscicida	43662	S	45	58	103	0.00001
Pseudoalteromonas_shioyasakiensis	1190813	S	43	20	63	0.00000
Pseudoalteromonas_xiamenensis	882626	S	40	4	44	0.00000
Pseudoalteromonas_prydzensis	182141	S	40	7	47	0.00000
Pseudoalteromonas_spongiae	298657	S	39	10	49	0.00000
Pseudoalteromonas_tunicata	314281	S	36	5	41	0.00000
Pseudoalteromonas_phenolica	161398	S	29	24	53	0.00000
Pseudoalteromonas_carrageenovora	227	S	26	10	36	0.00000
Pseudoalteromonas_piratica	1348114	S	24	4	28	0.00000
Pseudoalteromonas_agarivorans	176102	S	21	89	110	0.00001
Pseudoalteromonas_aliena	247523	S	21	11	32	0.00000
Pseudoalteromonas_mariniglutinosa	206042	S	19	52	71	0.00001
Pseudoalteromonas_ulvae	107327	S	19	1	20	0.00000
Pseudoalteromonas_espejiana	28107	S	16	4	20	0.00000
Pseudoalteromonas_translucida	166935	S	13	62	75	0.00001
Pseudoalteromonas_arctica	394751	S	13	11	24	0.00000
Pseudoalteromonas_ruthenica	151081	S	11	15	26	0.00000
Psychrosphaera_ytuae	2820710	S	21	6	27	0.00000
Psychrosphaera_aestuarii	1266052	S	18	4	22	0.00000
Flocculibacter_collagenilyticus	2744479	S	22	2	24	0.00000
Ferrimonas_balearica	44012	S	554	73	627	0.00005
Ferrimonas_lipolytica	2724191	S	96	14	110	0.00001
Thalassotalea_sp._PS06	2594005	S	47	7	54	0.00000
Thalassotalea_sp._HSM_43	2552945	S	41	7	48	0.00000
Thalassotalea_sp._LPB0316	2769490	S	32	10	42	0.00000
Thalassotalea_crassostreae	1763536	S	21	3	24	0.00000
Colwellia_sp._Arc7-635	2497879	S	36	5	41	0.00000
Colwellia_sp._PAMC_20917	1816218	S	31	2	33	0.00000
Colwellia_sp._MT41	58049	S	17	2	19	0.00000
Colwellia_sp._20A7	2689569	S	16	1	17	0.00000
Colwellia_sp._Arc7-D	2161872	S	15	2	17	0.00000
Colwellia_psychrerythraea	28229	S	19	1	20	0.00000
Cognaticolwellia_beringensis	1967665	S	20	3	23	0.00000
Litorilituus_sediminis	718192	S	18	1	19	0.00000
Idiomarina_sp._OT37-5b	2100422	S	91	21	112	0.00001
Idiomarina_sp._X4	2055892	S	46	28	74	0.00001
Idiomarina_abyssalis	86102	S	52	7	59	0.00000
Idiomarina_loihiensis	135577	S	43	0	43	0.00000
Idiomarina_piscisalsi	1096243	S	16	9	25	0.00000
Moritella_yayanosii	69539	S	46	15	61	0.00000
Moritella_sp._24	2746230	S	19	18	37	0.00000
Moritella_marina	90736	S	18	5	23	0.00000
Psychromonas_ingrahamii	357794	S	60	8	68	0.00000
Psychromonas_sp._CNPT3	314282	S	18	4	22	0.00000
Microbulbifer_sp._YPW16	2904242	S	706	68	774	0.00006
Microbulbifer_sp._SH-1	2681547	S	615	102	717	0.00005
Microbulbifer_sp._YPW1	2745199	S	378	72	450	0.00003
Microbulbifer_sp._ALW1	1516059	S	316	58	374	0.00003
Microbulbifer_sp._THAF38	2587856	S	136	50	186	0.00001
Microbulbifer_sp._GL-2	2591606	S	116	22	138	0.00001
Microbulbifer_sp._A4B17	359370	S	96	25	121	0.00001
Microbulbifer_hydrolyticus	48074	S	406	75	481	0.00003
Microbulbifer_aggregans	1769779	S	397	48	445	0.00003
Microbulbifer_celer	435905	S	384	48	432	0.00003
Microbulbifer_thermotolerans	252514	S	364	22	386	0.00003
Microbulbifer_elongatus	86173	S	345	56	401	0.00003
Microbulbifer_agarilyticus	260552	S	231	26	257	0.00002
Microbulbifer_variabilis	266805	S	99	36	135	0.00001
Kineobactrum_salinum	2708301	S	949	36	985	0.00007
Halioglobus_japonicus	930805	S	389	18	407	0.00003
Halioglobus_maricola	2601894	S	317	12	329	0.00002
Congregibacter_litoralis	393662	S	389	146	535	0.00004
Aequoribacter_fuscus	2518989	S	130	16	146	0.00001
Cellvibrio_sp._PSBB006	1987723	S	256	8	264	0.00002
Cellvibrio_sp._PSBB023	1945512	S	218	20	238	0.00002
Cellvibrio_sp._KY-GH-1	2303332	S	207	14	221	0.00002
Cellvibrio_sp._KY-YJ-3	454662	S	203	26	229	0.00002
Cellvibrio_japonicus	155077	S	233	15	248	0.00002
Teredinibacter_turnerae	2426	S	227	9	236	0.00002
Teredinibacter_haidensis	2731755	S	98	5	103	0.00001
Teredinibacter_purpureus	2731756	S	70	2	72	0.00001
Simiduia_agarivorans	447471	S	380	19	399	0.00003
Saccharophagus_degradans	86304	S	77	2	79	0.00001
Agarilytica_rhodophyticola	1737490	S	70	1	71	0.00001
Marinagarivorans_sp._GE09	2721545	S	51	3	54	0.00000
Spongiibacter_taiwanensis	1748242	S	282	12	294	0.00002
Spongiibacter_nanhainus	2794344	S	258	26	284	0.00002
Spongiibacter_sp._IMCC21906	1620392	S	90	23	113	0.00001
Zhongshania_aliphaticivorans	1470434	S	160	12	172	0.00001
Oceanicoccus_sagamiensis	716816	S	85	1	86	0.00001
Vibrio_parahaemolyticus	670	S	177	65	242	0.00002
Vibrio_harveyi	669	S	60	29	89	0.00001
Vibrio_campbellii	680	S	53	112	165	0.00001
Vibrio_owensii	696485	S	46	47	93	0.00001
Vibrio_diabolicus	50719	S	31	44	75	0.00001
Vibrio_alginolyticus	663	S	43	139	182	0.00001
Vibrio_rotiferianus	190895	S	34	18	52	0.00000
Vibrio_azureus	512649	S	34	5	39	0.00000
Vibrio_natriegens	691	S	26	58	84	0.00001
Vibrio_jasicida	766224	S	10	23	33	0.00000
Vibrio_sp._OG9-811	2841925	S	121	22	143	0.00001
Vibrio_sp._THAF190c	2587865	S	43	7	50	0.00000
Vibrio_sp._HDW18	2714948	S	38	8	46	0.00000
Vibrio_sp._B1FLJ16	2751178	S	37	10	47	0.00000
Vibrio_sp._VB16	2785746	S	33	3	36	0.00000
Vibrio_sp._Scap24	2589990	S	28	19	47	0.00000
Vibrio_sp._SS-MA-C1-2	2908646	S	22	4	26	0.00000
Vibrio_sp._SCSIO_43132	2779363	S	22	19	41	0.00000
Vibrio_sp._ED004	2785124	S	18	14	32	0.00000
Vibrio_sp._B1REV9	2751179	S	14	15	29	0.00000
Vibrio_sp._B1FIG11	2751177	S	11	47	58	0.00000
Vibrio_sp._B1ASS3	2751176	S	11	22	33	0.00000
Vibrio_fluvialis	676	S	259	64	323	0.00002
Vibrio_furnissii	29494	S	224	100	324	0.00002
Vibrio_vulnificus	672	S	222	57	279	0.00002
Vibrio_sinaloensis	379097	S	74	12	86	0.00001
Vibrio_europaeus	300876	S	34	25	59	0.00000
Vibrio_tubiashii	29498	S	26	23	49	0.00000
Vibrio_anguillarum	55601	S	117	47	164	0.00001
Vibrio_cholerae	666	S	111	183	294	0.00002
Vibrio_navarrensis	29495	S	105	49	154	0.00001
Vibrio_mimicus	674	S	92	35	127	0.00001
Vibrio_cyclitrophicus	47951	S	75	34	109	0.00001
Vibrio_coralliilyticus	190893	S	66	46	112	0.00001
Vibrio_tapetis	52443	S	59	5	64	0.00000
Vibrio_nigripulchritudo	28173	S	59	27	86	0.00001
Vibrio_spartinae	1918945	S	56	7	63	0.00000
Vibrio_mediterranei	689	S	56	6	62	0.00000
Vibrio_taketomensis	2572923	S	54	8	62	0.00000
Vibrio_splendidus	29497	S	53	28	81	0.00001
Vibrio_metschnikovii	28172	S	53	11	64	0.00000
Vibrio_zhugei	2479546	S	52	15	67	0.00000
Vibrio_scophthalmi	45658	S	49	11	60	0.00000
Vibrio_cincinnatiensis	675	S	47	11	58	0.00000
Vibrio_metoecus	1481663	S	47	28	75	0.00001
Vibrio_algicola	2662262	S	45	8	53	0.00000
Vibrio_gazogenes	687	S	45	6	51	0.00000
Vibrio_neptunius	170651	S	44	9	53	0.00000
Vibrio_panuliri	1381081	S	41	6	47	0.00000
Vibrio_breoganii	553239	S	40	4	44	0.00000
Vibrio_penaeicida	104609	S	39	5	44	0.00000
Vibrio_ponticus	265668	S	39	4	43	0.00000
Vibrio_astriarenae	1481923	S	38	5	43	0.00000
Vibrio_maritimus	990268	S	36	4	40	0.00000
Vibrio_alfacsensis	1074311	S	35	27	62	0.00000
Vibrio_ziniensis	2711221	S	32	4	36	0.00000
Vibrio_rumoiensis	76258	S	32	22	54	0.00000
Vibrio_tritonius	1435069	S	29	4	33	0.00000
Vibrio_cidicii	1763883	S	28	20	48	0.00000
Vibrio_crassostreae	246167	S	28	20	48	0.00000
Vibrio_atlanticus	693153	S	26	13	39	0.00000
Vibrio_casei	673372	S	24	8	32	0.00000
Vibrio_gigantis	296199	S	23	10	33	0.00000
Vibrio_bathopelagicus	2777577	S	21	8	29	0.00000
Vibrio_chagasii	170679	S	21	5	26	0.00000
Vibrio_aphrogenes	1891186	S	21	3	24	0.00000
Vibrio_kanaloae	170673	S	20	7	27	0.00000
Vibrio_aquimaris	2587862	S	20	2	22	0.00000
Vibrio_qinghaiensis	2025808	S	12	12	24	0.00000
Photobacterium_sp._GJ3	2829502	S	130	19	149	0.00001
Photobacterium_sp._TLY01	2907534	S	119	24	143	0.00001
Photobacterium_gaetbulicola	1295392	S	167	18	185	0.00001
Photobacterium_ganghwense	320778	S	131	35	166	0.00001
Photobacterium_damselae	38293	S	92	48	140	0.00001
Photobacterium_profundum	74109	S	26	3	29	0.00000
Salinivibrio_kushneri	1908198	S	72	12	84	0.00001
Salinivibrio_costicola	51367	S	18	38	56	0.00000
Salinivibrio_sp._YCSC6	2003370	S	17	36	53	0.00000
Grimontia_hollisae	673	S	119	17	136	0.00001
Thaumasiovibrio_subtropicus	1891207	S	70	10	80	0.00001
Aliivibrio_fischeri	668	S	27	4	31	0.00000
Aliivibrio_salmonicida	40269	S	17	7	24	0.00000
Paraphotobacterium_marinum	1755811	S	12	2	14	0.00000
Candidatus_Enterovibrio_luxaltus	1927128	S	11	0	11	0.00000
Acinetobacter_baumannii	470	S	590	2677	3267	0.00023
Acinetobacter_pittii	48296	S	147	198	345	0.00002
Acinetobacter_calcoaceticus	471	S	35	4	39	0.00000
Acinetobacter_seifertii	1530123	S	27	11	38	0.00000
Acinetobacter_nosocomialis	106654	S	14	6	20	0.00000
Acinetobacter_lactucae	1785128	S	10	7	17	0.00000
Acinetobacter_sp._WCHAc010034	1879049	S	153	67	220	0.00002
Acinetobacter_sp._LoGeW2-3	1808001	S	31	4	35	0.00000
Acinetobacter_sp._TGL-Y2	1407071	S	29	2	31	0.00000
Acinetobacter_sp._CS-2	2798861	S	24	13	37	0.00000
Acinetobacter_sp._10FS3-1	2563897	S	24	16	40	0.00000
Acinetobacter_sp._Marseille-Q1620	2714110	S	18	1	19	0.00000
Acinetobacter_sp._TTH0-4	1646498	S	17	2	19	0.00000
Acinetobacter_sp._ASP199	2773709	S	13	4	17	0.00000
Acinetobacter_sp._PK01	2930198	S	12	20	32	0.00000
Acinetobacter_sp._WCHAc010052	2004647	S	12	6	18	0.00000
Acinetobacter_sp._SCLZS86	2908637	S	10	12	22	0.00000
Acinetobacter_sp._YH12138	2601122	S	10	19	29	0.00000
Acinetobacter_indicus	756892	S	90	77	167	0.00001
Acinetobacter_johnsonii	40214	S	67	67	134	0.00001
Acinetobacter_soli	487316	S	62	6	68	0.00000
Acinetobacter_schindleri	108981	S	62	57	119	0.00001
Acinetobacter_lwoffii	28090	S	51	62	113	0.00001
Acinetobacter_junii	40215	S	37	15	52	0.00000
Acinetobacter_cumulans	2136182	S	36	16	52	0.00000
Acinetobacter_radioresistens	40216	S	35	5	40	0.00000
Acinetobacter_haemolyticus	29430	S	34	18	52	0.00000
Acinetobacter_tandoii	202954	S	31	2	33	0.00000
Acinetobacter_bereziniae	106648	S	30	20	50	0.00000
Acinetobacter_larvae	1789224	S	29	2	31	0.00000
Acinetobacter_variabilis	70346	S	28	37	65	0.00000
Acinetobacter_wuhouensis	1879050	S	27	14	41	0.00000
Acinetobacter_bouvetii	202951	S	26	4	30	0.00000
Acinetobacter_lanii	2715163	S	21	2	23	0.00000
Acinetobacter_equi	1324350	S	20	2	22	0.00000
Acinetobacter_towneri	202956	S	19	41	60	0.00000
Acinetobacter_piscicola	2006115	S	17	10	27	0.00000
Acinetobacter_baylyi	202950	S	16	1	17	0.00000
Acinetobacter_wanghuae	2662362	S	16	1	17	0.00000
Acinetobacter_guillouiae	106649	S	13	3	16	0.00000
Acinetobacter_dispersus	70348	S	13	1	14	0.00000
Acinetobacter_gyllenbergii	134534	S	12	0	12	0.00000
Acinetobacter_defluvii	1871111	S	12	9	21	0.00000
Acinetobacter_venetianus	52133	S	11	2	13	0.00000
Acinetobacter_shaoyimingii	2715164	S	11	1	12	0.00000
Acinetobacter_chinensis	2004650	S	10	7	17	0.00000
Psychrobacter_sp._DAB_AL43B	1028416	S	35	6	41	0.00000
Psychrobacter_sp._P11F6	1699621	S	15	12	27	0.00000
Psychrobacter_sp._P11G3	1699623	S	13	6	19	0.00000
Psychrobacter_sp._AntiMn-1	1720344	S	11	80	91	0.00001
Psychrobacter_sp._WY6	2708350	S	11	8	19	0.00000
Psychrobacter_arenosus	256326	S	44	3	47	0.00000
Psychrobacter_sanguinis	861445	S	31	12	43	0.00000
Psychrobacter_arcticus	334543	S	20	7	27	0.00000
Psychrobacter_cryohalolentis	330922	S	16	86	102	0.00001
Psychrobacter_urativorans	45610	S	15	2	17	0.00000
Moraxella_osloensis	34062	S	123	17	140	0.00001
Moraxella_cuniculi	34061	S	36	3	39	0.00000
Moraxella_catarrhalis	480	S	34	5	39	0.00000
Moraxella_bovoculi	386891	S	31	28	59	0.00000
Moraxella_sp._ZY201115	2904121	S	28	2	30	0.00000
Moraxella_bovis	476	S	27	4	31	0.00000
Moraxella_nonliquefaciens	478	S	27	4	31	0.00000
Moraxella_ovis	29433	S	11	18	29	0.00000
Aquirhabdus_parva	2283318	S	100	4	104	0.00001
Legionella_sp._PC1000	2746060	S	128	23	151	0.00001
Legionella_sp._MW5194	2662448	S	107	21	128	0.00001
Legionella_sp._PC997	2755562	S	86	16	102	0.00001
Legionella_pneumophila	446	S	244	84	328	0.00002
Legionella_anisa	28082	S	173	45	218	0.00002
Legionella_geestiana	45065	S	167	14	181	0.00001
Legionella_spiritensis	452	S	108	11	119	0.00001
Legionella_waltersii	66969	S	96	18	114	0.00001
Legionella_longbeachae	450	S	94	16	110	0.00001
Legionella_cherrii	28084	S	93	6	99	0.00001
Legionella_sainthelensi	28087	S	91	15	106	0.00001
Legionella_israelensis	454	S	81	4	85	0.00001
Legionella_oakridgensis	29423	S	64	6	70	0.00001
Legionella_antarctica	2708020	S	63	3	66	0.00000
Legionella_fallonii	96230	S	61	5	66	0.00000
Legionella_hackeliae	449	S	61	11	72	0.00001
Legionella_lansingensis	45067	S	54	3	57	0.00000
Legionella_clemsonensis	1867846	S	47	7	54	0.00000
Legionella_jordanis	456	S	45	6	51	0.00000
Legionella_adelaidensis	45056	S	36	3	39	0.00000
Fluoribacter_dumoffii	463	S	75	37	112	0.00001
Tatlockia_micdadei	451	S	38	2	40	0.00000
Aquicella_siphonis	254247	S	319	43	362	0.00003
Aquicella_lusitana	254246	S	295	44	339	0.00002
Coxiella_burnetii	777	S	195	68	263	0.00002
Candidatus_Coxiella_mudrowiae	2054173	S	63	6	69	0.00001
Coxiella_endosymbiont_of_Amblyomma_nuttalli	2749996	S	32	3	35	0.00000
Coxiella_endosymbiont_of_Amblyomma_sculptum	2487929	S	20	8	28	0.00000
Candidatus_Rickettsiella_viridis	676208	S	39	17	56	0.00000
Rickettsiella_endosymbiont_of_Dermanyssus_gallinae	2856608	S	30	11	41	0.00000
Immundisolibacter_cernigliae	1810504	S	3087	574	3661	0.00026
Candidatus_Endoriftia_persephone	393765	S	958	47	1005	0.00007
Candidatus_Vesicomyosocius_sp._SY067_SCS001	2732590	S	10	7	17	0.00000
Bathymodiolus_thermophilus_thioautotrophic_gill_symbiont	2360	S	16	1	17	0.00000
Bathymodiolus_septemdierum_thioautotrophic_gill_symbiont	113267	S	16	3	19	0.00000
Sedimenticola_thiotaurini	1543721	S	591	25	616	0.00004
Candidatus_Reidiella_endopervernicosa	2738883	S	474	10	484	0.00003
Thiolapillus_brandeum	1076588	S	363	9	372	0.00003
Pseudohongiella_spirulinae	1249552	S	229	6	235	0.00002
Gallaecimonas_mangrovi	2291597	S	146	12	158	0.00001
Celerinatantimonas_diazotrophica	412034	S	60	5	65	0.00000
Ignatzschineria_sp._HR5S32	2923279	S	34	3	37	0.00000
Candidatus_Thioglobus_autotrophicus	1705394	S	18	1	19	0.00000
Candidatus_Thioglobus_sp._NP1	2508687	S	13	2	15	0.00000
Candidatus_Pseudothioglobus_singularis	1427364	S	22	7	29	0.00000
Candidatus_Steffania_adelgidicola	1076626	S	17	0	17	0.00000
Thiomicrorhabdus_xiamenensis	2739063	S	114	8	122	0.00001
Thiomicrorhabdus_aquaedulcis	2211106	S	63	3	66	0.00000
Thiomicrorhabdus_sediminis	2580412	S	55	3	58	0.00000
Thiomicrorhabdus_sp._Am19	2791037	S	35	2	37	0.00000
Thiomicrorhabdus_indica	2267253	S	22	1	23	0.00000
Thiomicrospira_sp._S5	1803865	S	69	59	128	0.00001
Thiomicrospira_microaerophila	406020	S	62	11	73	0.00001
Thiomicrospira_aerophila	92245	S	49	7	56	0.00000
Thiomicrospira_cyclica	147268	S	44	3	47	0.00000
Methylophaga_nitratireducenticrescens	754476	S	76	23	99	0.00001
Methylophaga_frappieri	754477	S	70	40	110	0.00001
Methylophaga_sp._TMB456	2881052	S	52	27	79	0.00001
Hydrogenovibrio_thermophilus	265883	S	82	70	152	0.00001
Hydrogenovibrio_marinus	28885	S	40	2	42	0.00000
Hydrogenovibrio_crunogenus	39765	S	24	1	25	0.00000
Thiosulfatimonas_sediminis	2675054	S	81	5	86	0.00001
Piscirickettsia_salmonis	1238	S	69	6	75	0.00001
Thiosulfativibrio_zosterae	2675053	S	42	2	44	0.00000
Thiothrix_litoralis	2891210	S	241	18	259	0.00002
Thiothrix_subterranea	2735563	S	182	52	234	0.00002
Thiothrix_sp._CT3	96472	S	161	55	216	0.00002
Thiothrix_unzii	111769	S	104	56	160	0.00001
Candidatus_Thiothrix_anitrata	2823902	S	96	58	154	0.00001
Beggiatoa_leptomitoformis	288004	S	100	3	103	0.00001
Francisella_tularensis	263	S	25	30	55	0.00000
Francisella_frigiditurris	1542390	S	21	2	23	0.00000
Francisella_philomiragia	28110	S	12	18	30	0.00000
Allofrancisella_guangzhouensis	594679	S	14	6	20	0.00000
Salinisphaera_sp._LB1	2183911	S	1900	81	1981	0.00014
endosymbiont_of_unidentified_scaly_snail_isolate_Monju	1248727	S	1704	151	1855	0.00013
Isorropodon_fossajaponicum_symbiont	883811	S	10	1	11	0.00000
Aggregatibacter_actinomycetemcomitans	714	S	96	22	118	0.00001
Aggregatibacter_aphrophilus	732	S	55	34	89	0.00001
Aggregatibacter_sp._2125159857	2820817	S	13	9	22	0.00000
Aggregatibacter_sp._oral_taxon_513	712150	S	10	17	27	0.00000
Haemophilus_parainfluenzae	729	S	77	29	106	0.00001
Haemophilus_influenzae	727	S	48	37	85	0.00001
Haemophilus_haemolyticus	726	S	26	12	38	0.00000
Haemophilus_pittmaniae	249188	S	25	5	30	0.00000
Haemophilus_parahaemolyticus	735	S	15	3	18	0.00000
[Haemophilus]_ducreyi	730	S	14	7	21	0.00000
Pasteurella_multocida	747	S	129	401	530	0.00004
Pasteurella_canis	753	S	15	3	18	0.00000
Pasteurella_atlantica	2827233	S	13	1	14	0.00000
Actinobacillus_sp._GY-402	2774188	S	85	45	130	0.00001
Actinobacillus_pleuropneumoniae	715	S	23	63	86	0.00001
Actinobacillus_lignieresii	720	S	18	8	26	0.00000
Actinobacillus_indolicus	51049	S	15	14	29	0.00000
Actinobacillus_porcitonsillarum	189834	S	15	6	21	0.00000
Actinobacillus_equuli	718	S	12	2	14	0.00000
Mannheimia_granulomatis	85402	S	48	8	56	0.00000
Mannheimia_haemolytica	75985	S	38	12	50	0.00000
Mannheimia_varigena	85404	S	27	9	36	0.00000
Mannheimia_ovis	2679994	S	13	20	33	0.00000
Mannheimia_sp._USDA-ARS-USMARC-1261	1432056	S	10	6	16	0.00000
Avibacterium_paragallinarum	728	S	26	7	33	0.00000
Avibacterium_sp._20-132	2911526	S	10	5	15	0.00000
Avibacterium_volantium	762	S	13	3	16	0.00000
Glaesserella_parasuis	738	S	34	25	59	0.00000
Glaesserella_sp._15-184	2030797	S	20	5	25	0.00000
Rodentibacter_haemolyticus	2778911	S	23	3	26	0.00000
Rodentibacter_heylii	1906744	S	18	2	20	0.00000
Histophilus_somni	731	S	30	10	40	0.00000
Gallibacterium_anatis	750	S	22	7	29	0.00000
Frederiksenia_canicola	123824	S	22	5	27	0.00000
Bibersteinia_trehalosi	47735	S	17	5	22	0.00000
Otariodibacter_oris	1032623	S	15	2	17	0.00000
Bisgaardia_hudsonensis	109472	S	13	2	15	0.00000
Cardiobacterium_hominis	2718	S	558	107	665	0.00005
Cardiobacterium_sp._Marseille-Q4385	2866573	S	398	68	466	0.00003
Suttonella_sp._R2A3	2908648	S	80	4	84	0.00001
Dichelobacter_nodosus	870	S	56	12	68	0.00000
Kangiella_koreensis	261964	S	54	6	60	0.00000
Kangiella_profundi	1561924	S	53	10	63	0.00000
Kangiella_sediminilitoris	1144748	S	32	2	34	0.00000
Kangiella_geojedonensis	914150	S	31	2	33	0.00000
Gilliamella_sp._ESL0443	2704655	S	11	3	14	0.00000
Gilliamella_sp._ESL0441	2704654	S	10	8	18	0.00000
Gilliamella_apicola	1196095	S	28	6	34	0.00000
Zophobihabitans_entericus	1635327	S	18	1	19	0.00000
Frischella_perrara	1267021	S	10	2	12	0.00000
Anaeromyxobacter_sp._Red232	2918170	S	69231	6826	76057	0.00545
Anaeromyxobacter_sp._Fw109-5	404589	S	47132	5681	52813	0.00379
Anaeromyxobacter_sp._Red630	2918171	S	30381	3697	34078	0.00244
Anaeromyxobacter_sp._K	447217	S	7003	11657	18660	0.00134
Anaeromyxobacter_dehalogenans	161493	S	24540	14172	38712	0.00278
Pyxidicoccus_sp._SCPEA002	2813578	S	34156	1060	35216	0.00253
Myxococcus_xanthus	34	S	10054	117192	127246	0.00912
Myxococcus_hansupus	1297742	S	6049	302	6351	0.00046
Myxococcus_stipitatus	83455	S	5370	285	5655	0.00041
Myxococcus_sp._SCHIC003	2813577	S	4543	249	4792	0.00034
Corallococcus_coralloides	184914	S	11044	4189	15233	0.00109
Corallococcus_macrosporus	35	S	7238	733	7971	0.00057
Corallococcus_sp._EGB	1521117	S	6274	2296	8570	0.00061
Archangium_violaceum	83451	S	43346	6551	49897	0.00358
Archangium_gephyra	48	S	17836	3093	20929	0.00150
Cystobacter_fuscus	43	S	12818	2692	15510	0.00111
Stigmatella_aurantiaca	41	S	9470	503	9973	0.00072
Melittangium_boletus	83453	S	7300	1393	8693	0.00062
Vulgatibacter_incomptus	1391653	S	8066	549	8615	0.00062
Sorangium_cellulosum	56	S	133410	15443	148853	0.01067
Polyangium_aurulentum	2567896	S	35550	3267	38817	0.00278
Chondromyces_crocatus	52	S	15324	710	16034	0.00115
Pajaroellobacter_abortibovis	1882918	S	251	8	259	0.00002
Sandaracinus_amylolyticus	927083	S	44574	2292	46866	0.00336
Labilithrix_luteola	1391654	S	22605	991	23596	0.00169
Haliangium_ochraceum	80816	S	22964	1026	23990	0.00172
Geomonas_sp._RF6	2897342	S	5016	587	5603	0.00040
Geomonas_paludis	2740185	S	4503	2085	6588	0.00047
Geomonas_nitrogeniifigens	2847991	S	3442	1641	5083	0.00036
Geomonas_subterranea	2847989	S	3074	1319	4393	0.00032
Geomonas_oryzisoli	2847992	S	2952	1488	4440	0.00032
Geobacter_sp._FeAm09	2597769	S	2894	380	3274	0.00023
Geobacter_sp._SVR	2495594	S	2120	312	2432	0.00017
Geobacter_sp._DSM_9736	1277350	S	1249	86	1335	0.00010
Geobacter_pickeringii	345632	S	3022	737	3759	0.00027
Geobacter_sulfurreducens	35554	S	2891	551	3442	0.00025
Geobacter_metallireducens	28232	S	1888	427	2315	0.00017
Geobacter_benzoatilyticus	2815309	S	1180	250	1430	0.00010
Citrifermentans_bremense	60035	S	2899	1117	4016	0.00029
Citrifermentans_bemidjiense	225194	S	2864	1017	3881	0.00028
Geotalea_uraniireducens	351604	S	1598	113	1711	0.00012
Geotalea_daltonii	1203471	S	934	70	1004	0.00007
Geoalkalibacter_subterraneus	483547	S	964	624	1588	0.00011
Trichlorobacter_lovleyi	313985	S	708	90	798	0.00006
Desulfuromonas_versatilis	2802975	S	3474	606	4080	0.00029
Desulfuromonas_sp._DDH964	1823759	S	2440	406	2846	0.00020
Desulfuromonas_sp._AOP6	1566351	S	801	90	891	0.00006
Desulfuromonas_soudanensis	1603606	S	2109	237	2346	0.00017
Pelobacter_propionicus	29543	S	1745	582	2327	0.00017
Syntrophotalea_acetylenica	29542	S	683	127	810	0.00006
Syntrophotalea_carbinolica	19	S	571	41	612	0.00004
Syntrophotalea_acetylenivorans	1842532	S	419	58	477	0.00003
Pseudodesulfovibrio_indicus	1716143	S	1474	333	1807	0.00013
Pseudodesulfovibrio_mercurii	641491	S	1420	356	1776	0.00013
Pseudodesulfovibrio_aespoeensis	182210	S	1047	631	1678	0.00012
Pseudodesulfovibrio_cashew	2678688	S	857	175	1032	0.00007
Pseudodesulfovibrio_sp._SF6	2810563	S	416	43	459	0.00003
Pseudodesulfovibrio_sp._zrk46	2725288	S	370	65	435	0.00003
Pseudodesulfovibrio_tunisiensis	463192	S	724	74	798	0.00006
Pseudodesulfovibrio_profundus	57320	S	276	229	505	0.00004
Pseudodesulfovibrio_piezophilus	879567	S	112	15	127	0.00001
Desulfovibrio_sp._IOR2	2583823	S	986	192	1178	0.00008
Desulfovibrio_sp._86	2666132	S	387	101	488	0.00003
Desulfovibrio_sp._G11	631220	S	248	192	440	0.00003
Desulfovibrio_vulgaris	881	S	1301	73	1374	0.00010
Desulfovibrio_sulfodismutans	63561	S	1094	286	1380	0.00010
Desulfovibrio_desulfuricans	876	S	887	206	1093	0.00008
Desulfovibrio_piger	901	S	789	156	945	0.00007
Desulfovibrio_fairfieldensis	44742	S	704	63	767	0.00006
Desulfovibrio_ferrophilus	241368	S	428	32	460	0.00003
Candidatus_Desulfovibrio_trichonymphae	1725232	S	136	11	147	0.00001
Solidesulfovibrio_carbinoliphilus	345370	S	2004	249	2253	0.00016
Solidesulfovibrio_magneticus	184917	S	864	519	1383	0.00010
Solidesulfovibrio_carbinolicus	296842	S	836	664	1500	0.00011
Oceanidesulfovibrio_marinus	370038	S	1977	121	2098	0.00015
Desulfocurvibacter_africanus	873	S	1616	119	1735	0.00012
Desulfolutivibrio_sulfoxidireducens	2773299	S	1357	378	1735	0.00012
Megalodesulfovibrio_gigas	879	S	1145	57	1202	0.00009
Oleidesulfovibrio_alaskensis	58180	S	360	386	746	0.00005
Maridesulfovibrio_salexigens	880	S	110	14	124	0.00001
Maridesulfovibrio_hydrothermalis	191026	S	84	11	95	0.00001
Paradesulfovibrio_bizertensis	376490	S	179	16	195	0.00001
Lawsonia_intracellularis	29546	S	45	0	45	0.00000
Desulfomicrobium_baculatum	899	S	1013	85	1098	0.00008
Desulfomicrobium_orale	132132	S	515	109	624	0.00004
Desulfohalobium_retbaense	45663	S	360	16	376	0.00003
Desulfosarcina_ovata	83564	S	1166	55	1221	0.00009
Desulfosarcina_alkanivorans	571177	S	1056	371	1427	0.00010
Desulfosarcina_widdelii	947919	S	967	102	1069	0.00008
Desulfococcus_multivorans	897	S	806	137	943	0.00007
Desulfatibacillum_aliphaticivorans	218208	S	728	25	753	0.00005
Desulfoluna_sp._ASN36	2810562	S	616	33	649	0.00005
Desulfonema_magnum	45655	S	255	8	263	0.00002
Desulfonema_limicola	45656	S	74	6	80	0.00001
Desulfobacter_postgatei	2293	S	154	30	184	0.00001
Desulfobacter_hydrogenophilus	2291	S	125	26	151	0.00001
Desulforapulum_autotrophicum	2296	S	242	29	271	0.00002
Desulfobacula_toluolica	28223	S	66	5	71	0.00001
Desulfobulbus_propionicus	894	S	1012	59	1071	0.00008
Desulfobulbus_oralis	1986146	S	714	119	833	0.00006
Desulfobulbus_oligotrophicus	1909699	S	203	130	333	0.00002
Desulfurivibrio_alkaliphilus	427923	S	712	36	748	0.00005
Desulfomarina_profundi	2772557	S	72	7	79	0.00001
Desulfosudis_oleivorans	181663	S	770	56	826	0.00006
Desulfosediminicola_ganghwensis	2569540	S	177	25	202	0.00001
Desulfosediminicola_flagellatus	2569541	S	91	12	103	0.00001
Desulfotalea_psychrophila	84980	S	88	18	106	0.00001
Desulfocapsa_sulfexigens	65555	S	65	4	69	0.00000
Persicimonas_caeni	2292766	S	5776	175	5951	0.00043
Bradymonas_sediminis	1548548	S	1895	129	2024	0.00015
Bradymonadales_bacterium_V1718	2600177	S	708	29	737	0.00005
Syntrophobacter_fumaroxidans	119484	S	1463	435	1898	0.00014
Desulfoglaeba_alkanexedens	361111	S	1186	55	1241	0.00009
Desulfarculus_baarsii	453230	S	2200	923	3123	0.00022
Desulfomonile_tiedjei	2358	S	447	3	450	0.00003
Desulfobacca_acetoxidans	60893	S	447	9	456	0.00003
Syntrophus_aciditrophicus	316277	S	429	25	454	0.00003
Dissulfurimicrobium_hydrothermale	1750598	S	238	13	251	0.00002
Candidatus_Desulfofervidus_auxilii	1621989	S	109	2	111	0.00001
Hippea_maritima	84405	S	73	3	76	0.00001
Campylobacter_showae	204	S	136	11	147	0.00001
Campylobacter_concisus	199	S	119	14	133	0.00001
Campylobacter_curvus	200	S	111	9	120	0.00001
Campylobacter_gracilis	824	S	108	6	114	0.00001
Campylobacter_sp._19-13652	2840180	S	21	2	23	0.00000
Campylobacter_sp._CCUG_57310	2517362	S	18	6	24	0.00000
Campylobacter_sp._RM6914	1032243	S	14	1	15	0.00000
Campylobacter_rectus	203	S	59	8	67	0.00000
Candidatus_Campylobacter_infans	2561898	S	20	2	22	0.00000
Campylobacter_iguaniorum	1244531	S	14	1	15	0.00000
Campylobacter_hominis	76517	S	14	5	19	0.00000
Campylobacter_fetus	196	S	13	10	23	0.00000
Campylobacter_geochelonis	1780362	S	13	1	14	0.00000
Campylobacter_cuniculorum	374106	S	13	1	14	0.00000
Campylobacter_coli	195	S	12	11	23	0.00000
Campylobacter_mucosalis	202	S	12	0	12	0.00000
Campylobacter_hyointestinalis	198	S	12	2	14	0.00000
Campylobacter_jejuni	197	S	11	167	178	0.00001
Campylobacter_pinnipediorum	1965231	S	11	1	12	0.00000
Campylobacter_ureolyticus	827	S	10	3	13	0.00000
Sulfurimonas_sp._HSL-3221	2894755	S	543	44	587	0.00004
Sulfurimonas_sp._B2	2590551	S	14	2	16	0.00000
Sulfurimonas_paralvinellae	317658	S	23	5	28	0.00000
Sulfurimonas_gotlandica	1176482	S	13	2	15	0.00000
Sulfurimonas_hydrogeniphila	2509341	S	11	21	32	0.00000
Sulfurimonas_lithotrophica	2590022	S	11	1	12	0.00000
Sulfuricurvum_kujiense	148813	S	65	3	68	0.00000
Helicobacter_pylori	210	S	144	73	217	0.00002
Helicobacter_sp._NHP19-0012	2849642	S	34	18	52	0.00000
Helicobacter_sp._NHP19-0003	2849641	S	28	8	36	0.00000
Helicobacter_cinaedi	213	S	32	14	46	0.00000
Helicobacter_heilmannii	35817	S	30	19	49	0.00000
Helicobacter_bizzozeronii	56877	S	25	4	29	0.00000
Helicobacter_himalayensis	1591088	S	20	3	23	0.00000
Helicobacter_canis	29419	S	19	7	26	0.00000
Helicobacter_typhlonius	76936	S	16	20	36	0.00000
Helicobacter_mustelae	217	S	15	4	19	0.00000
Helicobacter_felis	214	S	13	2	15	0.00000
Wolinella_succinogenes	844	S	55	22	77	0.00001
Nitratifractor_salsuginis	269261	S	304	19	323	0.00002
Sulfurovum_sp._HSL1-3	2893889	S	44	10	54	0.00000
Sulfurovum_sp._NBC37-1	387093	S	38	9	47	0.00000
Sulfurovum_sp._XGS-02	2925411	S	21	2	23	0.00000
Sulfurovum_indicum	2779528	S	46	4	50	0.00000
Sulfurovum_lithotrophicum	206403	S	42	12	54	0.00000
Hydrogenimonas_urashimensis	2740515	S	300	27	327	0.00002
Sulfurospirillum_cavolei	366522	S	61	5	66	0.00000
Sulfurospirillum_multivorans	66821	S	24	18	42	0.00000
Sulfurospirillum_barnesii	44674	S	15	1	16	0.00000
Sulfurospirillum_halorespirans	194424	S	13	9	22	0.00000
Arcobacter_sp._FWKO_B	2593672	S	18	11	29	0.00000
Aliarcobacter_cryaerophilus	28198	S	10	18	28	0.00000
Pseudoarcobacter_acticola	1849015	S	11	21	32	0.00000
Nitratiruptor_sp._YY09-18	2724901	S	30	25	55	0.00000
Nitratiruptor_sp._SB155-2	387092	S	23	30	53	0.00000
Nitrosophilus_alvini	2714855	S	27	9	36	0.00000
Nitrosophilus_labii	2706014	S	24	11	35	0.00000
Caminibacter_mediatlanticus	291048	S	36	20	56	0.00000
Caminibacter_pacificus	1424653	S	15	7	22	0.00000
Nautilia_sp._PV-1	2579250	S	17	9	26	0.00000
Nautilia_profundicola	244787	S	13	8	21	0.00000
Acidithiobacillus_caldus	33059	S	552	79	631	0.00005
Acidithiobacillus_ferrivorans	160808	S	342	69	411	0.00003
Acidithiobacillus_ferrooxidans	920	S	260	289	549	0.00004
Acidithiobacillus_thiooxidans	930	S	166	10	176	0.00001
Acidithiobacillus_ferriphilus	1689834	S	158	34	192	0.00001
Acidithiobacillus_ferridurans	1232575	S	19	178	197	0.00001
Acidithiobacillus_sp._'AMD_consortium'	2614801	S	10	147	157	0.00001
Bdellovibrio_bacteriovorus	959	S	499	77	576	0.00004
Bdellovibrio_sp._LBG001	2835041	S	86	14	100	0.00001
Bdellovibrio_sp._NC01	2220073	S	78	11	89	0.00001
Bdellovibrio_sp._ZAP7	2231053	S	68	43	111	0.00001
Bdellovibrio_sp._KM01	2748865	S	40	26	66	0.00000
Pseudobdellovibrio_exovorus	453816	S	76	6	82	0.00001
Bacteriovorax_stolpii	960	S	70	8	78	0.00001
Halobacteriovorax_marinus	97084	S	32	8	40	0.00000
Halobacteriovorax_sp._BALOs_7	2109558	S	16	2	18	0.00000
Fluviispira_sanaruensis	2493639	S	35	13	48	0.00000
Silvanigrella_aquatica	1915309	S	22	8	30	0.00000
Hydrogenophilus_thermoluteolus	297	S	793	153	946	0.00007
Mariprofundus_ferrinatatus	1921087	S	274	26	300	0.00002
Mariprofundus_aestuarium	1921086	S	155	17	172	0.00001
Streptomyces_sp._CdTB01	1725411	S	8197	2598	10795	0.00077
Streptomyces_sp._3214.6	1882757	S	7831	2524	10355	0.00074
Streptomyces_sp._SN-593	659352	S	5177	1423	6600	0.00047
Streptomyces_sp._SCSIO_64649	2878388	S	5157	1098	6255	0.00045
Streptomyces_sp._A2-16	2781734	S	5009	1701	6710	0.00048
Streptomyces_sp._CB01881	2078691	S	4966	1105	6071	0.00044
Streptomyces_sp._BJ20	2930049	S	4878	2180	7058	0.00051
Streptomyces_sp._HM190	2695266	S	4715	1654	6369	0.00046
Streptomyces_sp._jing01	2726118	S	4260	2510	6770	0.00049
Streptomyces_sp._So13.3	2136173	S	4246	913	5159	0.00037
Streptomyces_sp._P3	2135430	S	4230	1177	5407	0.00039
Streptomyces_sp._ST1015	1848900	S	3979	930	4909	0.00035
Streptomyces_sp._MA3_2.13	2867410	S	3951	596	4547	0.00033
Streptomyces_sp._NHF165	2175864	S	3804	764	4568	0.00033
Streptomyces_sp._ZYC-3	2797636	S	3719	818	4537	0.00033
Streptomyces_sp._WAC_01438	2203204	S	3666	1374	5040	0.00036
Streptomyces_sp._BH-MK-02	2880933	S	3561	860	4421	0.00032
Streptomyces_sp._Z423-1	2730915	S	3512	1129	4641	0.00033
Streptomyces_sp._DSM_40868	2721173	S	3417	1365	4782	0.00034
Streptomyces_sp._SCUT-3	2684469	S	3266	1491	4757	0.00034
Streptomyces_sp._3025	2923272	S	3152	644	3796	0.00027
Streptomyces_sp._LRE541	2931983	S	3144	791	3935	0.00028
Streptomyces_sp._NA02950	2742137	S	3142	708	3850	0.00028
Streptomyces_sp._Go_40/10	2825844	S	3091	1466	4557	0.00033
Streptomyces_sp._YIM_121038	2136401	S	3087	993	4080	0.00029
Streptomyces_sp._NEAU-sy36	2751189	S	3016	1241	4257	0.00031
Streptomyces_sp._SAT1	1849967	S	3009	1245	4254	0.00031
Streptomyces_sp._W1SF4	2305220	S	2841	1121	3962	0.00028
Streptomyces_sp._MBT27	1488356	S	2767	905	3672	0.00026
Streptomyces_sp._GQFP	2907545	S	2765	528	3293	0.00024
Streptomyces_sp._GMY02	1333528	S	2764	554	3318	0.00024
Streptomyces_sp._891-h	2720714	S	2739	572	3311	0.00024
Streptomyces_sp._C8S0	2585716	S	2696	876	3572	0.00026
Streptomyces_sp._JB150	2714844	S	2609	973	3582	0.00026
Streptomyces_sp._AMCC400023	2056258	S	2606	1118	3724	0.00027
Streptomyces_sp._RPA4-2	2721244	S	2577	820	3397	0.00024
Streptomyces_sp._MST-110588	2833628	S	2576	712	3288	0.00024
Streptomyces_sp._MG28	2865673	S	2549	966	3515	0.00025
Streptomyces_sp._QHH-9511	2684468	S	2536	781	3317	0.00024
Streptomyces_sp._NA04227	2742136	S	2525	661	3186	0.00023
Streptomyces_sp._Go-475	2072505	S	2496	1239	3735	0.00027
Streptomyces_sp._GS7	2692234	S	2484	749	3233	0.00023
Streptomyces_sp._BHT-5-2	2866715	S	2420	835	3255	0.00023
Streptomyces_sp._RTd22	1841249	S	2415	1040	3455	0.00025
Streptomyces_sp._MG62	2838015	S	2403	971	3374	0.00024
Streptomyces_sp._135	2838850	S	2296	808	3104	0.00022
Streptomyces_sp._SM18	1736046	S	2203	671	2874	0.00021
Streptomyces_sp._Rer75	2750011	S	2185	1036	3221	0.00023
Streptomyces_sp._CMB-StM0423	2059884	S	2174	1058	3232	0.00023
Streptomyces_sp._SirexAA-E	862751	S	2085	683	2768	0.00020
Streptomyces_sp._fd1-xmd	1812480	S	2051	950	3001	0.00022
Streptomyces_sp._HSG2	2797167	S	2020	497	2517	0.00018
Streptomyces_sp._Tu_2975	2676871	S	2001	696	2697	0.00019
Streptomyces_sp._HP-A2021	2927875	S	1931	1116	3047	0.00022
Streptomyces_sp._INR7	2607753	S	1892	1000	2892	0.00021
Streptomyces_sp._SYP-A7193	2662065	S	1819	1114	2933	0.00021
Streptomyces_sp._WAC_01529	2203205	S	1817	692	2509	0.00018
Streptomyces_sp._TN58	234612	S	1729	833	2562	0.00018
Streptomyces_sp._S4.7	2705439	S	1683	599	2282	0.00016
Streptomyces_sp._SUK_48	2582831	S	1535	981	2516	0.00018
Streptomyces_sp._S1D4-11	2721246	S	1499	1077	2576	0.00018
Streptomyces_sp._WAC_06738	2203210	S	1462	1407	2869	0.00021
Streptomyces_sp._CB09001	2083284	S	1411	952	2363	0.00017
Streptomyces_sp._WY228	2855836	S	1355	745	2100	0.00015
Streptomyces_sp._CNQ-509	444103	S	1335	1262	2597	0.00019
Streptomyces_sp._ADI95-16	1522758	S	1289	1121	2410	0.00017
Streptomyces_sp._HF10	2692233	S	1261	902	2163	0.00016
Streptomyces_sp._YPW6	2840373	S	1238	661	1899	0.00014
Streptomyces_sp._Mg1	465541	S	1207	1117	2324	0.00017
Streptomyces_sp._CCM_MD2014	1561022	S	1182	1055	2237	0.00016
Streptomyces_sp._EAS-AB2608	2779671	S	1060	1687	2747	0.00020
Streptomyces_sp._769	1262452	S	1012	767	1779	0.00013
Streptomyces_sp._AgN23	1188315	S	993	876	1869	0.00013
Streptomyces_sp._RPA4-5	2721245	S	965	628	1593	0.00011
Streptomyces_sp._PBH53	1577075	S	917	1359	2276	0.00016
Streptomyces_sp._2323.1	1938841	S	902	559	1461	0.00010
Streptomyces_sp._S8	1837283	S	872	758	1630	0.00012
Streptomyces_sp._3211	1964449	S	830	1055	1885	0.00014
Streptomyces_sp._S063	2005885	S	806	564	1370	0.00010
Streptomyces_sp._WA6-1-16	2879427	S	733	741	1474	0.00011
Streptomyces_sp._NEAU-S7GS2	2202000	S	730	598	1328	0.00010
Streptomyces_sp._XC_2026	2782004	S	690	605	1295	0.00009
Streptomyces_sp._ID38640	1265399	S	685	483	1168	0.00008
Streptomyces_sp._HNA39	2850561	S	681	778	1459	0.00010
Streptomyces_sp._Sge12	1972846	S	654	1022	1676	0.00012
Streptomyces_sp._RLB1-33	2721243	S	619	1777	2396	0.00017
Streptomyces_sp._MOE7	1961713	S	617	740	1357	0.00010
Streptomyces_sp._11-1-2	1851167	S	534	983	1517	0.00011
Streptomyces_sp._NA02536	2742133	S	525	1377	1902	0.00014
Streptomyces_sp._Tue_6075	1661694	S	506	576	1082	0.00008
Streptomyces_sp._CFMR_7	1649184	S	506	864	1370	0.00010
Streptomyces_sp._CB00271	2750025	S	500	674	1174	0.00008
Streptomyces_sp._CLI2509	1984801	S	462	1626	2088	0.00015
Streptomyces_sp._M56	1495638	S	421	1102	1523	0.00011
Streptomyces_sp._WAC00303	2933779	S	415	591	1006	0.00007
Streptomyces_sp._CB04723	2748873	S	397	703	1100	0.00008
Streptomyces_sp._Tu6071	355249	S	374	1175	1549	0.00011
Streptomyces_sp._CRSS-Y-16	2906474	S	359	2090	2449	0.00018
Streptomyces_sp._M2	646637	S	345	1898	2243	0.00016
Streptomyces_sp._SGAir0924	2109593	S	325	1638	1963	0.00014
Streptomyces_sp._A144	2871487	S	322	1493	1815	0.00013
Streptomyces_sp._endophyte_N2	2153485	S	313	900	1213	0.00009
Streptomyces_sp._HU2014	2939414	S	306	1043	1349	0.00010
Streptomyces_sp._VN1	1821625	S	299	1255	1554	0.00011
Streptomyces_sp._CB09030	2913412	S	291	967	1258	0.00009
Streptomyces_sp._V17-9	2831149	S	290	1391	1681	0.00012
Streptomyces_sp._PAMC_26508	1265601	S	283	1036	1319	0.00009
Streptomyces_sp._SS52	2563602	S	282	1372	1654	0.00012
Streptomyces_sp._WA1-19	2884220	S	263	1398	1661	0.00012
Streptomyces_sp._S501	2420135	S	261	1033	1294	0.00009
Streptomyces_sp._NA03103	2742134	S	246	1610	1856	0.00013
Streptomyces_sp._BSE6.1	2605730	S	239	1094	1333	0.00010
Streptomyces_sp._WAC00288	2094021	S	237	981	1218	0.00009
Streptomyces_sp._LBUM_1480	2609808	S	186	1852	2038	0.00015
Streptomyces_sp._R527F	1664033	S	173	976	1149	0.00008
Streptomyces_sp._A1-5	2738410	S	166	768	934	0.00007
Streptomyces_sp._2114.2	1881022	S	164	1009	1173	0.00008
Streptomyces_sp._S1A1-7	2594459	S	160	1558	1718	0.00012
Streptomyces_sp._GF20	2692235	S	157	881	1038	0.00007
Streptomyces_sp._CC0208	2306165	S	154	4106	4260	0.00031
Streptomyces_sp._CA-256286	2801033	S	137	843	980	0.00007
Streptomyces_sp._KPB2	2305221	S	134	1109	1243	0.00009
Streptomyces_sp._NBU3104	2911367	S	129	846	975	0.00007
Streptomyces_sp._LBUM_1482	2609809	S	111	2859	2970	0.00021
Streptomyces_sp._FR-008	206662	S	107	872	979	0.00007
Streptomyces_sp._604F	1476754	S	105	961	1066	0.00008
Streptomyces_sp._RLB3-17	2594455	S	101	1638	1739	0.00012
Streptomyces_sp._RLB3-6	2594457	S	101	3290	3391	0.00024
Streptomyces_sp._PLM4	2929798	S	96	791	887	0.00006
Streptomyces_sp._S1D4-14	2594461	S	89	6032	6121	0.00044
Streptomyces_sp._OUCMDZ-3434	1535304	S	73	776	849	0.00006
Streptomyces_sp._A10(2020)	2782013	S	71	826	897	0.00006
Streptomyces_sp._S1D4-20	2594462	S	69	1947	2016	0.00014
Streptomyces_sp._GBA_94-10	1218177	S	69	892	961	0.00007
Streptomyces_sp._LBUM_1475	2609807	S	68	2054	2122	0.00015
Streptomyces_sp._PVA_94-07	1225337	S	53	792	845	0.00006
Streptomyces_sp._RLB1-9	2594454	S	42	2402	2444	0.00018
Streptomyces_sp._S1D4-23	2594463	S	40	2222	2262	0.00016
Streptomyces_sp._ICC4	2099584	S	24	1678	1702	0.00012
Streptomyces_sp._ICC1	2099583	S	14	846	860	0.00006
Streptomyces_sp._SM17	565560	S	12	491	503	0.00004
Streptomyces_hygroscopicus	1912	S	11316	16197	27513	0.00197
Streptomyces_rapamycinicus	1226757	S	2998	693	3691	0.00026
Streptomyces_violaceusniger	68280	S	1192	736	1928	0.00014
Streptomyces_yatensis	155177	S	1102	755	1857	0.00013
Streptomyces_malaysiensis	92644	S	311	894	1205	0.00009
Streptomyces_venezuelae	54571	S	16215	6966	23181	0.00166
Streptomyces_nigra	1827580	S	14320	5714	20034	0.00144
Streptomyces_cadmiisoli	2184053	S	3278	844	4122	0.00030
Streptomyces_aurantiacus	47760	S	2541	624	3165	0.00023
Streptomyces_qaidamensis	1783515	S	2004	843	2847	0.00020
Streptomyces_alboniger	132473	S	1626	610	2236	0.00016
Streptomyces_koyangensis	188770	S	1192	1185	2377	0.00017
Streptomyces_aquilus	2548456	S	7825	2337	10162	0.00073
Streptomyces_calvus	67282	S	7117	2812	9929	0.00071
Streptomyces_chartreusis	1969	S	6407	2769	9176	0.00066
Streptomyces_griseus	1911	S	2503	2195	4698	0.00034
Streptomyces_sp._M54	2759525	S	207	512	719	0.00005
Streptomyces_anulatus	1892	S	1847	1863	3710	0.00027
Streptomyces_microflavus	1919	S	864	3650	4514	0.00032
Streptomyces_globisporus	1908	S	723	5071	5794	0.00042
Streptomyces_harbinensis	1176198	S	5994	1725	7719	0.00055
Streptomyces_griseorubiginosus	67304	S	5788	1920	7708	0.00055
Streptomyces_albus	1888	S	5675	2854	8529	0.00061
Streptomyces_vietnamensis	362257	S	5436	1856	7292	0.00052
Streptomyces_formicae	1616117	S	5016	1614	6630	0.00048
Streptomyces_lydicus	47763	S	4986	3325	8311	0.00060
Streptomyces_buecherae	2763006	S	4423	1176	5599	0.00040
Streptomyces_bingchenggensis	379067	S	4420	881	5301	0.00038
Streptomyces_tsukubensis	83656	S	4275	1565	5840	0.00042
Streptomyces_spectabilis	68270	S	4183	1379	5562	0.00040
Streptomyces_cyaneochromogenes	2496836	S	4157	1229	5386	0.00039
Streptomyces_armeniacus	83291	S	4079	623	4702	0.00034
Streptomyces_niveus	193462	S	3961	1793	5754	0.00041
Streptomyces_cattleya	29303	S	3861	1181	5042	0.00036
Streptomyces_seoulensis	73044	S	3848	1513	5361	0.00038
Streptomyces_capitiformicae	2014920	S	3787	604	4391	0.00031
Streptomyces_ferrugineus	1413221	S	3772	1226	4998	0.00036
Streptomyces_roseirectus	2768066	S	3770	938	4708	0.00034
Streptomyces_prasinus	67345	S	3750	1251	5001	0.00036
Streptomyces_actuosus	1885	S	3662	1577	5239	0.00038
Streptomyces_lincolnensis	1915	S	3516	1027	4543	0.00033
Streptomyces_viridosporus	67581	S	3444	1420	4864	0.00035
Streptomyces_bathyalis	2710756	S	3438	603	4041	0.00029
Streptomyces_griseochromogenes	68214	S	3397	954	4351	0.00031
Streptomyces_xanthii	2768069	S	3351	1044	4395	0.00032
Streptomyces_davaonensis	348043	S	3350	948	4298	0.00031
Streptomyces_asoensis	249586	S	3326	1000	4326	0.00031
Streptomyces_globosus	68209	S	3274	1238	4512	0.00032
Streptomyces_rimosus	1927	S	3219	5402	8621	0.00062
Streptomyces_griseoviridis	45398	S	3078	1015	4093	0.00029
Streptomyces_genisteinicus	2768068	S	3019	984	4003	0.00029
Streptomyces_cyanogenus	80860	S	3015	1334	4349	0.00031
Streptomyces_xinghaiensis	1038928	S	2992	949	3941	0.00028
Streptomyces_antibioticus	1890	S	2990	1081	4071	0.00029
Streptomyces_durmitorensis	319947	S	2975	656	3631	0.00026
Streptomyces_liangshanensis	2717324	S	2895	756	3651	0.00026
Streptomyces_albulus	68570	S	2883	897	3780	0.00027
Streptomyces_alboflavus	67267	S	2828	800	3628	0.00026
Streptomyces_collinus	42684	S	2783	1946	4729	0.00034
Streptomyces_luteoverticillatus	66425	S	2782	957	3739	0.00027
Streptomyces_tendae	1932	S	2768	1158	3926	0.00028
Streptomyces_avermitilis	33903	S	2765	806	3571	0.00026
Streptomyces_aureoverticillatus	66871	S	2729	752	3481	0.00025
Streptomyces_griseocarneus	51201	S	2720	987	3707	0.00027
Streptomyces_rectiverticillatus	173860	S	2704	900	3604	0.00026
Streptomyces_broussonetiae	2686304	S	2692	822	3514	0.00025
Streptomyces_olivoreticuli	68246	S	2681	786	3467	0.00025
Streptomyces_paludis	2282738	S	2671	603	3274	0.00023
Streptomyces_dengpaensis	2049881	S	2653	747	3400	0.00024
Streptomyces_lunaelactis	1535768	S	2648	572	3220	0.00023
Streptomyces_exfoliatus	1905	S	2647	927	3574	0.00026
Streptomyces_clavuligerus	1901	S	2635	657	3292	0.00024
Streptomyces_incarnatus	665007	S	2615	771	3386	0.00024
Streptomyces_nodosus	40318	S	2611	680	3291	0.00024
Streptomyces_fodineus	1904616	S	2581	916	3497	0.00025
Streptomyces_ficellus	1977088	S	2581	953	3534	0.00025
Streptomyces_phaeolivaceus	2653200	S	2554	705	3259	0.00023
Streptomyces_lavendulae	1914	S	2513	893	3406	0.00024
Streptomyces_galilaeus	33899	S	2502	852	3354	0.00024
Streptomyces_glaucescens	1907	S	2476	1085	3561	0.00026
Streptomyces_atratus	1893	S	2473	516	2989	0.00021
Streptomyces_roseochromogenus	285450	S	2465	777	3242	0.00023
Streptomyces_subrutilus	36818	S	2429	922	3351	0.00024
Streptomyces_parvulus	146923	S	2415	1077	3492	0.00025
Streptomyces_vinaceus	1960	S	2415	882	3297	0.00024
Streptomyces_dangxiongensis	1442032	S	2413	846	3259	0.00023
Streptomyces_peucetius	1950	S	2360	663	3023	0.00022
Streptomyces_ambofaciens	1889	S	2339	1424	3763	0.00027
Streptomyces_katrae	68223	S	2315	891	3206	0.00023
Streptomyces_chromofuscus	42881	S	2273	887	3160	0.00023
Streptomyces_hundungensis	1077946	S	2270	725	2995	0.00021
Streptomyces_gardneri	66892	S	2232	902	3134	0.00022
Streptomyces_kanamyceticus	1967	S	2165	728	2893	0.00021
Streptomyces_pactum	68249	S	2123	862	2985	0.00021
Streptomyces_mobaraensis	35621	S	2072	77642	79714	0.00572
Streptomyces_pristinaespiralis	38300	S	2053	809	2862	0.00021
Streptomyces_tirandamycinicus	2174846	S	2045	695	2740	0.00020
Streptomyces_gilvosporeus	553510	S	2030	659	2689	0.00019
Streptomyces_inhibens	2293571	S	2020	619	2639	0.00019
Streptomyces_deccanensis	424188	S	2007	822	2829	0.00020
Streptomyces_pluripotens	1355015	S	1979	464	2443	0.00018
Streptomyces_nitrosporeus	28894	S	1918	556	2474	0.00018
Streptomyces_fagopyri	2662397	S	1900	648	2548	0.00018
Streptomyces_pratensis	1169025	S	1892	470	2362	0.00017
Streptomyces_angustmyceticus	285578	S	1878	773	2651	0.00019
Streptomyces_spongiicola	1690221	S	1862	773	2635	0.00019
Streptomyces_finlayi	67296	S	1859	434	2293	0.00016
Streptomyces_huasconensis	1854574	S	1829	716	2545	0.00018
Streptomyces_hawaiiensis	67305	S	1778	770	2548	0.00018
Streptomyces_coeruleorubidus	116188	S	1774	839	2613	0.00019
Streptomyces_rutgersensis	53451	S	1743	859	2602	0.00019
Streptomyces_nojiriensis	66374	S	1723	738	2461	0.00018
Streptomyces_qinzhouensis	2599401	S	1676	408	2084	0.00015
Streptomyces_tuirus	68278	S	1626	819	2445	0.00018
Streptomyces_gobiensis	2875706	S	1619	319	1938	0.00014
Streptomyces_lydicamycinicus	1546107	S	1364	803	2167	0.00016
Streptomyces_leeuwenhoekii	1437453	S	1358	933	2291	0.00016
Streptomyces_cyaneogriseus	68192	S	1210	925	2135	0.00015
Streptomyces_decoyicus	249567	S	1003	549	1552	0.00011
Streptomyces_auratus	114687	S	941	613	1554	0.00011
Streptomyces_antimycoticus	68175	S	845	837	1682	0.00012
Streptomyces_xiamenensis	408015	S	771	647	1418	0.00010
Streptomyces_platensis	58346	S	749	545	1294	0.00009
Streptomyces_coelicolor	1902	S	233	2105	2338	0.00017
Streptomyces_albidoflavus	1886	S	221	3226	3447	0.00025
Streptomyces_sampsonii	42239	S	149	1164	1313	0.00009
Streptomyces_cavourensis	67258	S	498	888	1386	0.00010
Streptomyces_fungicidicus	68203	S	483	1368	1851	0.00013
Streptomyces_filamentosus	67294	S	460	562	1022	0.00007
Streptomyces_alfalfae	1642299	S	450	2459	2909	0.00021
Streptomyces_olivaceus	47716	S	436	1552	1988	0.00014
Streptomyces_californicus	67351	S	432	1365	1797	0.00013
Streptomyces_mirabilis	68239	S	333	1914	2247	0.00016
Streptomyces_fradiae	1906	S	326	4730	5056	0.00036
Streptomyces_griseofuscus	146922	S	306	1327	1633	0.00012
Streptomyces_autolyticus	75293	S	276	896	1172	0.00008
Streptomyces_murinus	33900	S	269	742	1011	0.00007
Streptomyces_albireticuli	1940	S	266	1091	1357	0.00010
Streptomyces_noursei	1971	S	240	913	1153	0.00008
Streptomyces_scabiei	1930	S	205	1739	1944	0.00014
Streptomyces_cinereoruber	67260	S	193	982	1175	0.00008
Streptomyces_lividans	1916	S	172	2112	2284	0.00016
Streptomyces_rubrolavendulae	285473	S	148	1049	1197	0.00009
Streptomyces_violaceoruber	1935	S	138	589	727	0.00005
Streptomyces_rochei	1928	S	115	836	951	0.00007
Streptomyces_violascens	67381	S	11	1049	1060	0.00008
Kitasatospora_sp._MMS16-BH015	2018025	S	3775	1340	5115	0.00037
Kitasatospora_sp._NA04385	2742135	S	3097	1787	4884	0.00035
Kitasatospora_setae	2066	S	3184	1769	4953	0.00036
Kitasatospora_aureofaciens	1894	S	2669	1177	3846	0.00028
Kitasatospora_albolonga	68173	S	986	787	1773	0.00013
Streptacidiphilus_sp._P02-A3a	2704468	S	3395	1126	4521	0.00032
Streptacidiphilus_sp._PB12-B1b	2705012	S	2923	1237	4160	0.00030
Streptacidiphilus_bronchialis	2126346	S	3158	1094	4252	0.00030
Yinghuangia_sp._ASG_101	2896848	S	4301	788	5089	0.00036
Microbacterium_sp._No._7	1714373	S	2636	1213	3849	0.00028
Microbacterium_sp._4R-513	2567934	S	2434	463	2897	0.00021
Microbacterium_sp._JZ31	1906274	S	2000	579	2579	0.00018
Microbacterium_sp._10M-3C3	2483401	S	1991	627	2618	0.00019
Microbacterium_sp._SSW1-51	2851650	S	1618	419	2037	0.00015
Microbacterium_sp._YJN-G	2763257	S	1490	499	1989	0.00014
Microbacterium_sp._ABRD_28	2268461	S	1438	203	1641	0.00012
Microbacterium_sp._BH-3-3-3	1906742	S	1397	346	1743	0.00013
Microbacterium_sp._XT11	367477	S	1340	294	1634	0.00012
Microbacterium_sp._NIBRBAC000506063	2734618	S	1267	533	1800	0.00013
Microbacterium_sp._SSW1-36	2851648	S	1241	279	1520	0.00011
Microbacterium_sp._H1-D42	2925844	S	1195	205	1400	0.00010
Microbacterium_sp._cx-55	2875948	S	1193	183	1376	0.00010
Microbacterium_sp._LKL04	912630	S	1187	292	1479	0.00011
Microbacterium_sp._PM5	2014534	S	1118	213	1331	0.00010
Microbacterium_sp._Y-01	2048898	S	1105	447	1552	0.00011
Microbacterium_sp._A18JL241	2782166	S	1074	260	1334	0.00010
Microbacterium_sp._CBA3102	2603598	S	910	227	1137	0.00008
Microbacterium_sp._1S1	2606451	S	905	396	1301	0.00009
Microbacterium_sp._TPU_3598	1938334	S	853	228	1081	0.00008
Microbacterium_sp._Nx66	2766784	S	714	471	1185	0.00009
Microbacterium_sp._RG1	2489212	S	672	494	1166	0.00008
Microbacterium_sp._SGAir0570	2070348	S	267	890	1157	0.00008
Microbacterium_sp._1.5R	1916917	S	226	865	1091	0.00008
Microbacterium_sp._PAMC22086	2861281	S	217	437	654	0.00005
Microbacterium_sp._CGR1	1696072	S	202	801	1003	0.00007
Microbacterium_sp._str._'China'	2103230	S	129	634	763	0.00005
Microbacterium_sp._PAMC_28756	1795053	S	72	1069	1141	0.00008
Microbacterium_sp._Se63.02b	2709304	S	15	1398	1413	0.00010
Microbacterium_sp._PAMC21962	2861280	S	14	539	553	0.00004
Microbacterium_sp._Se5.02b	2864103	S	14	1261	1275	0.00009
Microbacterium_foliorum	104336	S	2814	595	3409	0.00024
Microbacterium_hominis	162426	S	2620	6913	9533	0.00068
Microbacterium_oleivorans	273677	S	2569	518	3087	0.00022
Microbacterium_cremeum	2782169	S	2483	545	3028	0.00022
Microbacterium_atlanticum	2782168	S	2308	530	2838	0.00020
Microbacterium_resistens	156977	S	1857	357	2214	0.00016
Microbacterium_lemovicicum	1072463	S	1819	430	2249	0.00016
Microbacterium_sediminis	904291	S	1746	821	2567	0.00018
Microbacterium_testaceum	2033	S	1623	305	1928	0.00014
Microbacterium_oryzae	743009	S	1523	475	1998	0.00014
Microbacterium_pygmaeum	370764	S	1495	194	1689	0.00012
Microbacterium_caowuchunii	2614638	S	1427	284	1711	0.00012
Microbacterium_wangchenii	2541726	S	1410	327	1737	0.00012
Microbacterium_protaetiae	2509458	S	1408	330	1738	0.00012
Microbacterium_lushaniae	2614639	S	1393	329	1722	0.00012
Microbacterium_luteum	2782167	S	1332	573	1905	0.00014
Microbacterium_aurum	36805	S	1327	431	1758	0.00013
Microbacterium_oxydans	82380	S	1262	939	2201	0.00016
Microbacterium_chocolatum	84292	S	1231	289	1520	0.00011
Microbacterium_esteraromaticum	57043	S	1163	266	1429	0.00010
Microbacterium_hydrocarbonoxydans	273678	S	993	182	1175	0.00008
Microbacterium_schleiferi	69362	S	885	318	1203	0.00009
Microbacterium_fandaimingii	2708079	S	679	60	739	0.00005
Microbacterium_binotii	462710	S	615	444	1059	0.00008
Microbacterium_chengjingii	2769067	S	498	27	525	0.00004
Microbacterium_amylolyticum	936337	S	474	107	581	0.00004
Microbacterium_endophyticum	1526412	S	316	23	339	0.00002
Microbacterium_paludicola	300019	S	251	874	1125	0.00008
Microbacterium_paraoxydans	199592	S	180	1153	1333	0.00010
Agromyces_sp._H17E-10	2932244	S	2811	1003	3814	0.00027
Agromyces_sp._LHK192	2498704	S	2457	777	3234	0.00023
Agromyces_sp._CFWR-12	2929802	S	1882	1166	3048	0.00022
Agromyces_flavus	589382	S	4238	1469	5707	0.00041
Agromyces_soli	659012	S	2471	984	3455	0.00025
Agromyces_aureus	453304	S	2306	716	3022	0.00022
Agromyces_protaetiae	2509455	S	1965	615	2580	0.00019
Agromyces_marinus	1389020	S	1964	789	2753	0.00020
Agromyces_archimandritae	2781962	S	1832	579	2411	0.00017
Agromyces_intestinalis	2592652	S	1774	1045	2819	0.00020
Agromyces_badenianii	2080742	S	1604	574	2178	0.00016
Agromyces_laixinhei	2585717	S	1594	401	1995	0.00014
Curtobacterium_sp._BH-2-1-1	1905847	S	1494	533	2027	0.00015
Curtobacterium_sp._L6-1	2841594	S	1259	444	1703	0.00012
Curtobacterium_sp._MR_MD2014	1561023	S	1064	525	1589	0.00011
Curtobacterium_sp._YC1	2795488	S	1006	495	1501	0.00011
Curtobacterium_sp._TC1	2862880	S	919	498	1417	0.00010
Curtobacterium_sp._24E2	2804758	S	841	484	1325	0.00010
Curtobacterium_sp._SGAir0471	2070337	S	702	587	1289	0.00009
Curtobacterium_sp._TXMA1	2876939	S	662	573	1235	0.00009
Curtobacterium_sp._Csp2	2495430	S	267	938	1205	0.00009
Curtobacterium_sp._C1	2898151	S	261	812	1073	0.00008
Curtobacterium_sp._Csp1	2495429	S	51	1166	1217	0.00009
Curtobacterium_flaccumfaciens	2035	S	2028	1009	3037	0.00022
Curtobacterium_luteum	33881	S	1375	535	1910	0.00014
Rathayibacter_sp._VKM_Ac-2759	2609252	S	1879	719	2598	0.00019
Rathayibacter_sp._VKM_Ac-2760	2609253	S	1717	930	2647	0.00019
Rathayibacter_sp._VKM_Ac-2804	2609257	S	1176	888	2064	0.00015
Rathayibacter_sp._VKM_Ac-2801	2609255	S	722	685	1407	0.00010
Rathayibacter_sp._VKM_Ac-2762	2609254	S	337	907	1244	0.00009
Rathayibacter_sp._VKM_Ac-2805	2609258	S	281	779	1060	0.00008
Rathayibacter_festucae	110937	S	1813	2020	3833	0.00027
Rathayibacter_tanaceti	1671680	S	1009	281	1290	0.00009
Rathayibacter_iranicus	59737	S	716	104	820	0.00006
Rathayibacter_tritici	33888	S	708	229	937	0.00007
Rathayibacter_rathayi	33887	S	636	182	818	0.00006
Rathayibacter_toxicus	145458	S	256	24	280	0.00002
Leifsonia_sp._ZF2019	2781978	S	2180	661	2841	0.00020
Leifsonia_sp._21MFCrub1.1	1798223	S	2140	2619	4759	0.00034
Leifsonia_sp._PS1209	2724914	S	1906	576	2482	0.00018
Leifsonia_shinshuensis	150026	S	2602	837	3439	0.00025
Leifsonia_xyli	1575	S	1558	241	1799	0.00013
Leucobacter_sp._H25R-14	2932245	S	1335	242	1577	0.00011
Leucobacter_sp._NB_10	2873270	S	1315	398	1713	0.00012
Leucobacter_sp._Psy1	2875729	S	1090	149	1239	0.00009
Leucobacter_sp._CX169	2813744	S	895	259	1154	0.00008
Leucobacter_sp._H21R-36	2932246	S	437	1172	1609	0.00012
Leucobacter_sp._H21R-40	2932247	S	347	931	1278	0.00009
Leucobacter_triazinivorans	1784719	S	1415	868	2283	0.00016
Leucobacter_muris	1935379	S	1409	546	1955	0.00014
Leucobacter_luti	340320	S	515	53	568	0.00004
Leucobacter_viscericola	2714935	S	408	43	451	0.00003
Leucobacter_insecticola	2714934	S	398	37	435	0.00003
Leucobacter_coleopterorum	2714933	S	285	31	316	0.00002
Leucobacter_denitrificans	683042	S	278	46	324	0.00002
Clavibacter_michiganensis	28447	S	8211	9369	17580	0.00126
Clavibacter_zhangzhiyongii	2768071	S	1101	597	1698	0.00012
Clavibacter_sp._A6099	2860285	S	541	389	930	0.00007
Agrococcus_sp._SGAir0287	2070347	S	2243	782	3025	0.00022
Agrococcus_sp._SCSIO52902	2933290	S	2006	1136	3142	0.00023
Agrococcus_sp._Marseille-Q4369	2810513	S	2004	816	2820	0.00020
Agrococcus_jejuensis	399736	S	2271	826	3097	0.00022
Agrococcus_carbonis	684552	S	2067	1092	3159	0.00023
Protaetiibacter_sp._SSC-01	2759943	S	1920	806	2726	0.00020
Protaetiibacter_intestinalis	2419774	S	1867	764	2631	0.00019
Protaetiibacter_larvae	2592654	S	1369	498	1867	0.00013
Salinibacterium_sp._ZJ70	2708084	S	1301	376	1677	0.00012
Salinibacterium_sp._ZJ450	2708338	S	1203	212	1415	0.00010
Salinibacterium_sp._dk2585	2603292	S	961	186	1147	0.00008
Salinibacterium_sp._UTAS2018	2508880	S	387	38	425	0.00003
Salinibacterium_sp._M195	2583374	S	293	35	328	0.00002
Salinibacterium_hongtaonis	2079791	S	509	63	572	0.00004
Cryobacterium_sp._LW097	1978566	S	1028	250	1278	0.00009
Cryobacterium_sp._PAMC25264	2861288	S	544	364	908	0.00007
Cryobacterium_soli	2220095	S	755	432	1187	0.00009
Cryobacterium_arcticum	670052	S	591	491	1082	0.00008
Frondihabitans_sp._PAMC_28766	1795630	S	1746	268	2014	0.00014
Frondihabitans_sp._762G35	1446794	S	1564	384	1948	0.00014
Microcella_flavibacter	1804990	S	1805	999	2804	0.00020
Microcella_alkaliphila	279828	S	1109	223	1332	0.00010
Microterricola_viridarii	412690	S	2934	829	3763	0.00027
Plantibacter_sp._PA-3-X8	2480625	S	551	517	1068	0.00008
Plantibacter_sp._M259	2583822	S	525	477	1002	0.00007
Plantibacter_flavus	150123	S	604	523	1127	0.00008
Cnuibacter_physcomitrellae	1619308	S	2280	569	2849	0.00020
Gryllotalpicola_protaetiae	2419771	S	2040	453	2493	0.00018
Herbiconiux_sp._SALV-R1	2735133	S	1952	450	2402	0.00017
Subtercola_sp._AK-R2A1-2	2895559	S	1198	126	1324	0.00009
Subtercola_sp._PAMC28395	2846775	S	713	80	793	0.00006
Frigoribacterium_sp._NBH87	2596916	S	1916	648	2564	0.00018
Mycetocola_zhujimingii	2079792	S	713	96	809	0.00006
Mycetocola_sp._JXN-3	2116510	S	659	109	768	0.00006
Mycetocola_spongiae	2859226	S	527	76	603	0.00004
Humibacter_sp._WJ7-1	2599293	S	1659	420	2079	0.00015
Chryseoglobus_sp._28M-23	2772253	S	334	730	1064	0.00008
Chryseoglobus_indicus	2750620	S	266	614	880	0.00006
Amnibacterium_sp._L3-i23	2905871	S	1529	422	1951	0.00014
Gulosibacter_sediminis	1729695	S	1367	456	1823	0.00013
Marisediminicola_antarctica	674079	S	1259	179	1438	0.00010
Glaciihabitans_sp._INWT7	2596912	S	1063	97	1160	0.00008
Diaminobutyricimonas_sp._LJ205	2683590	S	1047	225	1272	0.00009
Agreia_sp._COWG	2773266	S	991	137	1128	0.00008
Aquiluna_borgnonia	2499157	S	93	9	102	0.00001
Candidatus_Aquiluna_sp._UB-MaderosW2red	1855377	S	72	4	76	0.00001
Rhodoluna_limnophila	232537	S	70	8	78	0.00001
Candidatus_Rhodoluna_planktonica	535712	S	49	3	52	0.00000
Rhodoluna_lacicola	529884	S	42	5	47	0.00000
Pseudoclavibacter_sp._Marseille-Q3772	2866588	S	246	54	300	0.00002
Aurantimicrobium_photophilum	1987356	S	104	8	112	0.00001
Aurantimicrobium_minutum	708131	S	47	8	55	0.00000
Aurantimicrobium_sp._MWH-Uga1	2079575	S	44	8	52	0.00000
Pontimonas_salivibrio	1159327	S	95	5	100	0.00001
Arthrobacter_sp._QXT-31	1357915	S	1490	484	1974	0.00014
Arthrobacter_sp._QL17	2895818	S	1302	338	1640	0.00012
Arthrobacter_sp._PM3	2017685	S	1080	208	1288	0.00009
Arthrobacter_sp._NicSoilB8	2830998	S	1023	315	1338	0.00010
Arthrobacter_sp._FW305-BF8	2879617	S	952	307	1259	0.00009
Arthrobacter_sp._NicSoilC5	2831000	S	914	574	1488	0.00011
Arthrobacter_sp._ERGS1:01	1704044	S	910	197	1107	0.00008
Arthrobacter_sp._24S4-2	2575374	S	878	235	1113	0.00008
Arthrobacter_sp._KBS0702	2578107	S	844	397	1241	0.00009
Arthrobacter_sp._UKPF54-2	2600159	S	843	422	1265	0.00009
Arthrobacter_sp._PAMC25564	2565366	S	843	270	1113	0.00008
Arthrobacter_sp._U41	1849032	S	837	284	1121	0.00008
Arthrobacter_sp._FB24	290399	S	776	306	1082	0.00008
Arthrobacter_sp._NicSoilB4	2830997	S	766	284	1050	0.00008
Arthrobacter_sp._Helios	2828862	S	687	127	814	0.00006
Arthrobacter_sp._FW306-2-2C-D06B	2879618	S	636	144	780	0.00006
Arthrobacter_sp._PGP41	2079227	S	616	267	883	0.00006
Arthrobacter_sp._PAMC25284	2861279	S	571	173	744	0.00005
Arthrobacter_sp._PAMC_25486	1494608	S	512	93	605	0.00004
Arthrobacter_sp._zg-Y462	2886936	S	501	115	616	0.00004
Arthrobacter_sp._zg-Y809	2886940	S	434	155	589	0.00004
Arthrobacter_sp._StoSoilB5	2830992	S	390	135	525	0.00004
Arthrobacter_sp._StoSoilB20	2830995	S	380	130	510	0.00004
Arthrobacter_sp._NtRootA1	2830983	S	301	112	413	0.00003
Arthrobacter_sp._YN	2020486	S	275	141	416	0.00003
Arthrobacter_sp._D5-1	1477518	S	265	214	479	0.00003
Arthrobacter_sp._C1-1	2813727	S	227	35	262	0.00002
Arthrobacter_sp._FW306-06-A	2879621	S	142	610	752	0.00005
Arthrobacter_sp._StoSoilB19	2830994	S	129	724	853	0.00006
Arthrobacter_sp._NicSoilB11	2830999	S	125	611	736	0.00005
Arthrobacter_sp._StoSoilA2	2830990	S	122	268	390	0.00003
Arthrobacter_sp._FW306-05-C	2879620	S	121	779	900	0.00006
Arthrobacter_sp._FW306-07-I	2879622	S	115	790	905	0.00006
Arthrobacter_sp._StoSoilB13	2830993	S	102	230	332	0.00002
Arthrobacter_sp._AQ5-05	2184581	S	24	347	371	0.00003
Arthrobacter_agilis	37921	S	2175	354	2529	0.00018
Arthrobacter_crystallopoietes	37928	S	1673	342	2015	0.00014
Arthrobacter_woluwensis	156980	S	1049	269	1318	0.00009
Arthrobacter_sulfonylureivorans	2486855	S	994	179	1173	0.00008
Arthrobacter_dokdonellae	2211210	S	924	173	1097	0.00008
Arthrobacter_jiangjiafuii	2817475	S	723	211	934	0.00007
Arthrobacter_alpinus	656366	S	608	778	1386	0.00010
Arthrobacter_sunyaminii	2816859	S	457	151	608	0.00004
Kocuria_rosea	1275	S	2074	714	2788	0.00020
Kocuria_flava	446860	S	1786	975	2761	0.00020
Kocuria_turfanensis	388357	S	1692	631	2323	0.00017
Kocuria_palustris	71999	S	1062	466	1528	0.00011
Kocuria_rhizophila	72000	S	791	1163	1954	0.00014
Kocuria_varians	1272	S	701	530	1231	0.00009
Kocuria_sp._TGY1127_2	2711328	S	320	59	379	0.00003
Kocuria_sp._KD4	2719588	S	194	306	500	0.00004
Kocuria_sp._BT304	1702043	S	81	389	470	0.00003
Kocuria_indica	1049583	S	171	324	495	0.00004
Pseudarthrobacter_sp._L1SW	2851598	S	605	291	896	0.00006
Pseudarthrobacter_sp._BIM_B-2242	2772401	S	598	174	772	0.00006
Pseudarthrobacter_sp._NIBRBAC000502772	2590775	S	388	314	702	0.00005
Pseudarthrobacter_sp._NBSH8	2596911	S	335	144	479	0.00003
Pseudarthrobacter_sp._SSS035	2931399	S	307	293	600	0.00004
Pseudarthrobacter_sp._NIBRBAC000502770	2590785	S	182	579	761	0.00005
Pseudarthrobacter_sp._NIBRBAC000502771	2590774	S	179	642	821	0.00006
Pseudarthrobacter_chlorophenolicus	85085	S	645	273	918	0.00007
Pseudarthrobacter_phenanthrenivorans	361575	S	591	338	929	0.00007
Pseudarthrobacter_equi	728066	S	538	238	776	0.00006
Pseudarthrobacter_psychrotolerans	2697569	S	469	215	684	0.00005
Pseudarthrobacter_sulfonivorans	121292	S	277	318	595	0.00004
Micrococcus_luteus	1270	S	2362	4077	6439	0.00046
Micrococcus_sp._KD337-16	2856555	S	1025	702	1727	0.00012
Micrococcus_sp._KBS0714	1179670	S	43	399	442	0.00003
Micrococcus_yunnanensis	566027	S	29	253	282	0.00002
Sinomonas_atrocyanea	37927	S	2184	806	2990	0.00021
Sinomonas_sp._R1AF57	2020377	S	2005	526	2531	0.00018
Glutamicibacter_protophormiae	37930	S	675	452	1127	0.00008
Glutamicibacter_creatinolyticus	162496	S	672	178	850	0.00006
Glutamicibacter_halophytocola	1933880	S	373	77	450	0.00003
Glutamicibacter_mishrai	1775880	S	301	74	375	0.00003
Glutamicibacter_arilaitensis	256701	S	264	108	372	0.00003
Glutamicibacter_nicotianae	37929	S	197	617	814	0.00006
Glutamicibacter_sp._ZJUTW	1155384	S	75	338	413	0.00003
Rothia_kristinae	37923	S	1238	807	2045	0.00015
Rothia_mucilaginosa	43675	S	353	77	430	0.00003
Rothia_nasimurium	85336	S	180	94	274	0.00002
Rothia_dentocariosa	2047	S	134	54	188	0.00001
Rothia_aeria	172042	S	124	49	173	0.00001
Rothia_terrae	396015	S	85	39	124	0.00001
Rothia_amarae	169480	S	77	38	115	0.00001
Rothia_sp._ZJ932	2810516	S	51	8	59	0.00000
Paenarthrobacter_ureafaciens	37931	S	479	875	1354	0.00010
Paenarthrobacter_aurescens	43663	S	393	284	677	0.00005
Paenarthrobacter_sp._YJN-5	2735316	S	151	379	530	0.00004
Paenarthrobacter_sp._YJN-D	2735317	S	73	169	242	0.00002
Paenarthrobacter_nicotinovorans	29320	S	100	203	303	0.00002
Citricoccus_sp._SGAir0253	2567881	S	1662	523	2185	0.00016
Nesterenkonia_sp._NBAIMH1	2600320	S	643	48	691	0.00005
Paeniglutamicibacter_sp._Y32M11	2853258	S	391	70	461	0.00003
Psychromicrobium_lacuslunae	1618207	S	251	38	289	0.00002
Neomicrococcus_aestuarii	556325	S	201	96	297	0.00002
Auritidibacter_sp._NML130574	2170745	S	188	22	210	0.00002
Renibacterium_salmoninarum	1646	S	158	10	168	0.00001
Cellulomonas_sp._H30R-01	2704467	S	4115	1931	6046	0.00043
Cellulomonas_sp._Y8	2591145	S	3822	1985	5807	0.00042
Cellulomonas_sp._JZ18	2654191	S	2871	1481	4352	0.00031
Cellulomonas_sp._C5510	2871170	S	2813	1363	4176	0.00030
Cellulomonas_sp._zg-ZUI188	2819978	S	2701	919	3620	0.00026
Cellulomonas_sp._zg-ZUI222	2816956	S	2346	1067	3413	0.00024
Cellulomonas_sp._zg-ZUI157	2819979	S	2336	977	3313	0.00024
Cellulomonas_sp._EW123	2608402	S	2263	1571	3834	0.00027
Cellulomonas_sp._PSBB021	2003551	S	2126	1995	4121	0.00030
Cellulomonas_fimi	1708	S	3353	2928	6281	0.00045
Cellulomonas_iranensis	76862	S	2652	1482	4134	0.00030
Cellulomonas_flavigena	1711	S	2516	1145	3661	0.00026
Cellulomonas_shaoxiangyii	2566013	S	2500	1246	3746	0.00027
Cellulomonas_gilvus	11	S	2288	1202	3490	0.00025
Cellulomonas_taurus	2729175	S	1611	626	2237	0.00016
Actinotalea_sp._JY-7876	2758442	S	2808	1221	4029	0.00029
Oerskovia_sp._KBS0722	1179673	S	2125	817	2942	0.00021
Pseudactinotalea_sp._HY158	2654547	S	1940	340	2280	0.00016
Paraoerskovia_marina	545619	S	1486	466	1952	0.00014
Janibacter_melonis	262209	S	2726	1107	3833	0.00027
Janibacter_limosus	53458	S	1852	587	2439	0.00017
Janibacter_indicus	857417	S	957	1555	2512	0.00018
Janibacter_sp._YB324	2761047	S	610	1326	1936	0.00014
Phycicoccus_sp._HDW14	2714941	S	3807	1499	5306	0.00038
Phycicoccus_endophyticus	1690220	S	2951	1028	3979	0.00029
Pedococcus_dokdonensis	443156	S	4227	1481	5708	0.00041
Intrasporangium_calvum	53358	S	3749	1173	4922	0.00035
Tetrasphaera_sp._HKS02	1813880	S	3368	1041	4409	0.00032
Arsenicicoccus_sp._oral_taxon_190	1658671	S	2631	1206	3837	0.00028
Cellulosimicrobium_cellulans	1710	S	4758	5721	10479	0.00075
Cellulosimicrobium_sp._BI34T	2587808	S	2099	1135	3234	0.00023
Cellulosimicrobium_sp._JZ28	1906273	S	466	1221	1687	0.00012
Cellulosimicrobium_sp._72-3	2731680	S	225	1118	1343	0.00010
Cellulosimicrobium_sp._TH-20	1980001	S	206	1057	1263	0.00009
Xylanimonas_protaetiae	2509457	S	2617	1362	3979	0.00029
Xylanimonas_cellulosilytica	186189	S	2143	912	3055	0.00022
Xylanimonas_allomyrinae	2509459	S	2078	784	2862	0.00021
Isoptericola_variabilis	139208	S	2722	1717	4439	0.00032
Isoptericola_dokdonensis	372663	S	2268	1060	3328	0.00024
Ornithinimicrobium_avium	2283195	S	2608	812	3420	0.00025
Ornithinimicrobium_sp._HY006	2508882	S	1839	693	2532	0.00018
Ornithinimicrobium_sp._INDO-MA30-4	2908651	S	376	79	455	0.00003
Ornithinimicrobium_flavum	1288636	S	2055	761	2816	0.00020
Ornithinimicrobium_ciconiae	2594265	S	1590	291	1881	0.00013
Ornithinimicrobium_pratense	2593973	S	1228	394	1622	0.00012
Serinicoccus_chungangensis	767452	S	1892	745	2637	0.00019
Serinicoccus_hydrothermalis	1758689	S	1828	928	2756	0.00020
Serinicoccus_profundi	1078471	S	1639	686	2325	0.00017
Serinicoccus_marinus	247333	S	1511	804	2315	0.00017
Brachybacterium_sp._CBA3105	2887346	S	1981	534	2515	0.00018
Brachybacterium_sp._SGAir0954	2571029	S	1824	589	2413	0.00017
Brachybacterium_sp._P6-10-X1	1903186	S	1531	308	1839	0.00013
Brachybacterium_ginsengisoli	1331682	S	1547	512	2059	0.00015
Brachybacterium_saurashtrense	556288	S	1536	497	2033	0.00015
Brachybacterium_faecium	43669	S	1455	503	1958	0.00014
Brachybacterium_vulturis	2017484	S	1046	428	1474	0.00011
Brachybacterium_avium	2017485	S	965	393	1358	0.00010
Dermabacter_vaginalis	1630135	S	558	444	1002	0.00007
Dermabacter_jinjuensis	1667168	S	462	459	921	0.00007
Devriesea_agamarum	472569	S	259	17	276	0.00002
Brevibacterium_sp._CS2	2575923	S	1665	798	2463	0.00018
Brevibacterium_sp._SMBL_HHYL_HB1	2777556	S	841	221	1062	0.00008
Brevibacterium_sp._'Marine'	2725563	S	313	234	547	0.00004
Brevibacterium_sp._HY170	2898795	S	297	100	397	0.00003
Brevibacterium_sp._W7.2	2823518	S	235	1295	1530	0.00011
Brevibacterium_casei	33889	S	1852	1464	3316	0.00024
Brevibacterium_luteolum	199591	S	970	463	1433	0.00010
Brevibacterium_linens	1703	S	942	641	1583	0.00011
Brevibacterium_aurantiacum	273384	S	625	478	1103	0.00008
Brevibacterium_atlanticum	2697563	S	595	142	737	0.00005
Brevibacterium_sandarakinum	629680	S	591	123	714	0.00005
Brevibacterium_oceani	358099	S	529	134	663	0.00005
Brevibacterium_limosum	2697565	S	420	176	596	0.00004
Brevibacterium_siliguriense	1136497	S	375	124	499	0.00004
Brevibacterium_pigmentatum	1496080	S	255	213	468	0.00003
Georgenia_wutianyii	2585135	S	2565	1059	3624	0.00026
Georgenia_yuyongxinii	2589797	S	2561	750	3311	0.00024
Georgenia_sp._TF02-10	2917725	S	2559	1124	3683	0.00026
Georgenia_faecalis	2483799	S	2239	739	2978	0.00021
Dermacoccus_nishinomiyaensis	1274	S	1939	963	2902	0.00021
Dermacoccus_sp._PAMC28757	2762331	S	1281	532	1813	0.00013
Luteipulveratus_mongoliensis	571913	S	2328	383	2711	0.00019
Allobranchiibius_sp._GilTou73	2904523	S	1827	474	2301	0.00017
Yimella_sp._cx-51	2770551	S	1173	277	1450	0.00010
Haloactinobacterium_kanbiaonis	2675754	S	2715	470	3185	0.00023
Ruania_sp._LR1S40	2897774	S	1445	350	1795	0.00013
Ruania_sp._M4N3S171	2897773	S	957	141	1098	0.00008
Ruania_zhangjianzhongii	2603206	S	1656	198	1854	0.00013
Ruania_alkalisoli	2779775	S	1135	202	1337	0.00010
Pengzhenrongella_sicca	2819238	S	3330	1109	4439	0.00032
Luteimicrobium_xylanilyticum	1133546	S	2904	1075	3979	0.00029
Beutenbergia_cavernae	84757	S	3427	690	4117	0.00030
Miniimonas_sp._S16	2171623	S	2379	1493	3872	0.00028
Sanguibacter_keddieii	60920	S	2123	754	2877	0.00021
Sanguibacter_sp._HDW7	2714931	S	1993	744	2737	0.00020
Gephyromycinifex_aptenodytis	2716227	S	958	132	1090	0.00008
Austwickia_chelonae	100225	S	802	74	876	0.00006
Dermatophilus_congolensis	1863	S	222	24	246	0.00002
Kytococcus_sedentarius	1276	S	1623	701	2324	0.00017
Demequina_sp._TMPB413	2881056	S	766	72	838	0.00006
Jonesia_denitrificans	43674	S	127	26	153	0.00001
Tropheryma_whipplei	2039	S	45	0	45	0.00000
Mycolicibacterium_smegmatis	1772	S	8286	4734	13020	0.00093
Mycolicibacterium_rhodesiae	36814	S	5529	858	6387	0.00046
Mycolicibacterium_litorale	758802	S	4376	1152	5528	0.00040
Mycolicibacterium_neoaurum	1795	S	4157	952	5109	0.00037
Mycolicibacterium_parafortuitum	39692	S	3888	766	4654	0.00033
Mycolicibacterium_fortuitum	1766	S	3482	1221	4703	0.00034
Mycolicibacterium_tokaiense	39695	S	3378	517	3895	0.00028
Mycolicibacterium_mageritense	53462	S	3323	529	3852	0.00028
Mycolicibacterium_rutilum	370526	S	3307	927	4234	0.00030
Mycolicibacterium_sp._YH-1	2908837	S	1946	1183	3129	0.00022
Mycolicibacterium_madagascariense	212765	S	2652	399	3051	0.00022
Mycolicibacterium_moriokaense	39691	S	2597	311	2908	0.00021
Mycolicibacterium_phlei	1771	S	2590	855	3445	0.00025
Mycolicibacterium_gadium	1794	S	2567	331	2898	0.00021
Mycolicibacterium_fluoranthenivorans	258505	S	2551	325	2876	0.00021
Mycolicibacterium_arabiense	1286181	S	2532	386	2918	0.00021
Mycolicibacterium_sediminis	1286180	S	2519	449	2968	0.00021
Mycolicibacterium_psychrotolerans	216929	S	2430	523	2953	0.00021
Mycolicibacterium_chubuense	1800	S	2429	512	2941	0.00021
Mycolicibacterium_hassiacum	46351	S	2316	619	2935	0.00021
Mycolicibacterium_vaccae	1810	S	2315	448	2763	0.00020
Mycolicibacterium_celeriflavum	1249101	S	2231	404	2635	0.00019
Mycolicibacterium_pulveris	36813	S	2222	361	2583	0.00019
Mycolicibacterium_monacense	85693	S	2098	850	2948	0.00021
Mycolicibacterium_chitae	1792	S	2077	486	2563	0.00018
Mycolicibacterium_poriferae	39694	S	2015	405	2420	0.00017
Mycolicibacterium_phocaicum	319706	S	2014	1025	3039	0.00022
Mycolicibacterium_duvalii	39688	S	2013	388	2401	0.00017
Mycolicibacterium_aurum	1791	S	1958	253	2211	0.00016
Mycolicibacterium_thermoresistibile	1797	S	1957	429	2386	0.00017
Mycolicibacterium_gilvum	1804	S	1921	645	2566	0.00018
Mycolicibacterium_baixiangningiae	2761578	S	1888	302	2190	0.00016
Mycolicibacterium_boenickei	146017	S	1819	2401	4220	0.00030
Mycolicibacterium_confluentis	28047	S	1785	267	2052	0.00015
Mycolicibacterium_fallax	1793	S	1729	656	2385	0.00017
Mycolicibacterium_aichiense	1799	S	1678	273	1951	0.00014
Mycolicibacterium_anyangense	1431246	S	1574	249	1823	0.00013
Mycolicibacterium_insubricum	444597	S	1484	392	1876	0.00013
Mycolicibacterium_mengxianglii	2736649	S	1482	157	1639	0.00012
Mycolicibacterium_helvum	1534349	S	1409	165	1574	0.00011
Mycolicibacterium_austroafricanum	39687	S	1403	5477	6880	0.00049
Mycobacterium_doricum	126673	S	1222	275	1497	0.00011
Mycolicibacterium_alvei	67081	S	1131	283	1414	0.00010
Mycolicibacterium_mucogenicum	56689	S	1124	457	1581	0.00011
Mycolicibacterium_sarraceniae	1534348	S	1013	127	1140	0.00008
Mycolicibacterium_septicum	98668	S	725	480	1205	0.00009
Mycolicibacterium_farcinogenes	1802	S	566	1534	2100	0.00015
Mycolicibacterium_vanbaalenii	110539	S	207	3152	3359	0.00024
Mycolicibacterium_nivoides	2487344	S	202	948	1150	0.00008
Mycobacterium_sp._JS623	212767	S	9387	757	10144	0.00073
Mycobacterium_sp._IDR2000157661	2867005	S	2066	349	2415	0.00017
Mycobacterium_sp._MS1601	1936029	S	1716	227	1943	0.00014
Mycobacterium_sp._EPa45	1545728	S	1700	263	1963	0.00014
Mycobacterium_sp._YC-RL4	1682113	S	1550	498	2048	0.00015
Mycobacterium_sp._DL592	2675524	S	1505	233	1738	0.00012
Mycobacterium_sp._TY59	2775496	S	1081	166	1247	0.00009
Mycobacterium_sp._DL440	2675523	S	1067	206	1273	0.00009
Mycobacterium_sp._WY10	1920667	S	560	1333	1893	0.00014
Mycobacterium_sp._PYR15	2051552	S	180	1233	1413	0.00010
Mycobacterium_sp._20KCMC460	2903536	S	65	1224	1289	0.00009
Mycobacterium_sp._MOTT36Y	1168287	S	40	404	444	0.00003
Mycobacterium_sp._IWGMT90018-18076	2871094	S	15	513	528	0.00004
Mycobacterium_saskatchewanense	220927	S	1895	371	2266	0.00016
Mycobacterium_parmense	185642	S	1775	309	2084	0.00015
Mycobacterium_kubicae	120959	S	1573	228	1801	0.00013
Mycobacterium_shigaense	722731	S	1336	190	1526	0.00011
Mycobacterium_simiae	1784	S	1275	110	1385	0.00010
Mycobacterium_stomatepiae	470076	S	1223	247	1470	0.00011
Mycobacterium_florentinum	292462	S	1209	271	1480	0.00011
Mycobacterium_heidelbergense	53376	S	1199	267	1466	0.00011
Mycobacterium_lentiflavum	141349	S	1104	256	1360	0.00010
Mycobacterium_avium	1764	S	2932	2275	5207	0.00037
Mycobacterium_marseillense	701042	S	1902	396	2298	0.00016
Mycobacterium_intracellulare	1767	S	1451	11495	12946	0.00093
Mycobacterium_mantenii	560555	S	1417	163	1580	0.00011
Mycobacterium_colombiense	339268	S	1409	225	1634	0.00012
Mycobacterium_paraintracellulare	1138383	S	336	1797	2133	0.00015
Mycobacterium_goodii	134601	S	10771	3323	14094	0.00101
Mycobacterium_rufum	318424	S	4260	1144	5404	0.00039
Mycobacterium_grossiae	1552759	S	2725	761	3486	0.00025
Mycobacterium_paragordonae	1389713	S	2188	238	2426	0.00017
Mycobacterium_dioxanotrophicus	482462	S	2095	456	2551	0.00018
Mycobacterium_holsaticum	152142	S	2063	304	2367	0.00017
Mycobacterium_crocinum	388459	S	1995	927	2922	0.00021
Mycobacterium_branderi	43348	S	1836	208	2044	0.00015
Mycobacterium_diernhoferi	1801	S	1729	325	2054	0.00015
Mycobacterium_frederiksbergense	117567	S	1621	438	2059	0.00015
Mycobacterium_conspicuum	44010	S	1598	182	1780	0.00013
Mycobacterium_gordonae	1778	S	1541	117	1658	0.00012
Mycobacterium_canettii	78331	S	480	322	802	0.00006
Mycobacterium_tuberculosis	1773	S	334	19081	19415	0.00139
Mycobacterium_paraterrae	577492	S	1351	139	1490	0.00011
Mycobacterium_cookii	1775	S	1326	129	1455	0.00010
Mycobacterium_koreense	1069220	S	1250	332	1582	0.00011
Mycobacterium_noviomagense	459858	S	1173	91	1264	0.00009
Mycobacterium_riyadhense	486698	S	1153	47	1200	0.00009
Mycobacterium_heckeshornense	110505	S	1134	83	1217	0.00009
Mycobacterium_vicinigordonae	1719132	S	1125	58	1183	0.00008
Mycobacterium_kansasii	1768	S	1098	94	1192	0.00009
Mycobacterium_shinjukuense	398694	S	1070	99	1169	0.00008
Mycobacterium_seoulense	386911	S	1068	223	1291	0.00009
Mycobacterium_paraseoulense	590652	S	1042	186	1228	0.00009
Mycobacterium_lacus	169765	S	1038	73	1111	0.00008
Mycobacterium_malmoense	1780	S	1032	150	1182	0.00008
Mycobacterium_virginiense	1795032	S	1023	240	1263	0.00009
Mycobacterium_xenopi	1789	S	955	99	1054	0.00008
Mycobacterium_ostraviense	2738409	S	948	82	1030	0.00007
Mycobacterium_basiliense	2094119	S	916	32	948	0.00007
Mycobacterium_spongiae	886343	S	801	22	823	0.00006
Mycobacterium_haemophilum	29311	S	583	28	611	0.00004
Mycobacterium_marinum	1781	S	261	778	1039	0.00007
Mycobacterium_senegalense	1796	S	250	1092	1342	0.00010
Mycobacterium_pallens	370524	S	163	1229	1392	0.00010
Mycobacterium_leprae	1769	S	140	3	143	0.00001
Mycobacterium_lepromatosis	480418	S	130	3	133	0.00001
Mycobacterium_novum	2492438	S	110	1202	1312	0.00009
Mycobacterium_ulcerans	1809	S	94	382	476	0.00003
Mycobacterium_shottsii	133549	S	60	82	142	0.00001
Mycobacterium_pseudoshottsii	265949	S	28	133	161	0.00001
Mycolicibacter_sp._MYC340	2855503	S	870	212	1082	0.00008
Mycolicibacter_sp._MYC098	2872309	S	857	213	1070	0.00008
Mycolicibacter_sp._MYC017	2875777	S	489	381	870	0.00006
Mycolicibacter_sp._MYC123	2855502	S	154	636	790	0.00006
Mycolicibacter_sp._MYC101	2872311	S	141	576	717	0.00005
Mycolicibacter_terrae	1788	S	1052	313	1365	0.00010
Mycolicibacter_hiberniae	29314	S	1004	212	1216	0.00009
Mycolicibacter_minnesotensis	1118379	S	966	167	1133	0.00008
Mycolicibacter_sinensis	875328	S	146	1305	1451	0.00010
Mycobacteroides_abscessus	36809	S	1674	1434	3108	0.00022
Mycobacteroides_chelonae	1774	S	1090	365	1455	0.00010
Mycobacteroides_immunogenum	83262	S	693	148	841	0.00006
Mycobacteroides_saopaulense	1578165	S	690	108	798	0.00006
Mycobacteroides_salmoniphilum	404941	S	492	58	550	0.00004
[Mycobacterium]_stephanolepidis	1520670	S	304	116	420	0.00003
Mycolicibacillus_parakoreensis	1069221	S	1401	371	1772	0.00013
Hoyosella_subflava	639313	S	735	44	779	0.00006
Nocardia_asteroides	1824	S	10740	3901	14641	0.00105
Nocardia_brasiliensis	37326	S	5952	1726	7678	0.00055
Nocardia_cyriacigeorgica	135487	S	4081	1843	5924	0.00042
Nocardia_terpenica	455432	S	3965	760	4725	0.00034
Nocardia_farcinica	37329	S	3223	2161	5384	0.00039
Nocardia_gipuzkoensis	2749991	S	2772	1068	3840	0.00028
Nocardia_arthritidis	228602	S	2494	334	2828	0.00020
Nocardia_wallacei	480035	S	2404	724	3128	0.00022
Nocardia_huaxiensis	2755382	S	2390	500	2890	0.00021
Nocardia_yamanashiensis	209247	S	2382	506	2888	0.00021
Nocardia_nova	37330	S	2123	318	2441	0.00018
Nocardia_otitidiscaviarum	1823	S	2076	438	2514	0.00018
Nocardia_yunnanensis	2382165	S	2055	531	2586	0.00019
Nocardia_sp._CS682	1047172	S	2036	518	2554	0.00018
Nocardia_tengchongensis	2055889	S	2029	538	2567	0.00018
Nocardia_seriolae	37332	S	1991	569	2560	0.00018
Nocardia_iowensis	204891	S	1884	432	2316	0.00017
Nocardia_mangyaensis	2213200	S	1803	511	2314	0.00017
Rhodococcus_sp._X156	2499145	S	2242	856	3098	0.00022
Rhodococcus_sp._MTM3W5.2	1805827	S	2050	533	2583	0.00019
Rhodococcus_sp._SGAir0479	2567884	S	1813	576	2389	0.00017
Rhodococcus_sp._W8901	2742603	S	1805	518	2323	0.00017
Rhodococcus_sp._PBTS_1	1653478	S	1718	485	2203	0.00016
Rhodococcus_sp._ABRD24	2507582	S	1069	206	1275	0.00009
Rhodococcus_sp._R79	2811421	S	1067	697	1764	0.00013
Rhodococcus_sp._B7740	1564114	S	850	126	976	0.00007
Rhodococcus_sp._P1Y	1302308	S	821	82	903	0.00006
Rhodococcus_sp._USK10	2789739	S	761	522	1283	0.00009
Rhodococcus_sp._WMMA185	679318	S	707	98	805	0.00006
Rhodococcus_sp._WAY2	2663121	S	553	496	1049	0.00008
Rhodococcus_sp._USK13	2806442	S	514	373	887	0.00006
Rhodococcus_sp._RDE2	2885078	S	483	480	963	0.00007
Rhodococcus_sp._WB9	2594007	S	285	390	675	0.00005
Rhodococcus_sp._ZPP	2749906	S	278	793	1071	0.00008
Rhodococcus_sp._S2-17	1990687	S	268	794	1062	0.00008
Rhodococcus_sp._DMU1	2722825	S	216	822	1038	0.00007
Rhodococcus_sp._M8	1925550	S	215	677	892	0.00006
Rhodococcus_sp._WB1	1033922	S	112	973	1085	0.00008
Rhodococcus_sp._P-2	2795031	S	104	128	232	0.00002
Rhodococcus_sp._21391	2683591	S	94	441	535	0.00004
Rhodococcus_sp._2G	1570939	S	85	350	435	0.00003
Rhodococcus_sp._DMF-1	2907624	S	59	475	534	0.00004
Rhodococcus_sp._LW-XY12	2856851	S	57	509	566	0.00004
Rhodococcus_sp._p52	935199	S	53	289	342	0.00002
Rhodococcus_sp._YL-1	1045808	S	48	213	261	0.00002
Rhodococcus_sp._AQ5-07	2054902	S	45	158	203	0.00001
Rhodococcus_sp._PSBB049	2812863	S	43	629	672	0.00005
Rhodococcus_sp._NJ-530	2490853	S	42	243	285	0.00002
Rhodococcus_sp._008	1723645	S	28	174	202	0.00001
Rhodococcus_sp._H-CA8f	1727214	S	27	119	146	0.00001
Rhodococcus_sp._BH4	1807790	S	22	145	167	0.00001
Rhodococcus_sp._C1	644410	S	20	238	258	0.00002
Rhodococcus_opacus	37919	S	4821	4989	9810	0.00070
Rhodococcus_equi	43767	S	3076	1162	4238	0.00030
Rhodococcus_fascians	1828	S	2339	555	2894	0.00021
Rhodococcus_rhodochrous	1829	S	1717	1027	2744	0.00020
Rhodococcus_triatomae	300028	S	1472	457	1929	0.00014
Rhodococcus_koreensis	99653	S	1255	388	1643	0.00012
Rhodococcus_coprophilus	38310	S	1189	226	1415	0.00010
Rhodococcus_jostii	132919	S	879	375	1254	0.00009
Rhodococcus_qingshengii	334542	S	404	2227	2631	0.00019
Rhodococcus_erythropolis	1833	S	341	1468	1809	0.00013
Rhodococcus_ruber	1830	S	814	2670	3484	0.00025
Rhodococcus_pyridinivorans	103816	S	811	3139	3950	0.00028
Rhodococcus_globerulus	33008	S	673	83	756	0.00005
Rhodococcus_aetherivorans	191292	S	228	2135	2363	0.00017
Corynebacterium_cyclohexanicum	322009	S	1801	766	2567	0.00018
Corynebacterium_sphenisci	191493	S	1304	400	1704	0.00012
Corynebacterium_frankenforstense	1230998	S	1298	397	1695	0.00012
Corynebacterium_xerosis	1725	S	1286	722	2008	0.00014
Corynebacterium_bovis	36808	S	1111	254	1365	0.00010
Corynebacterium_freneyi	134034	S	958	376	1334	0.00010
Corynebacterium_halotolerans	225326	S	928	216	1144	0.00008
Corynebacterium_sp._CNCTC7651	2815361	S	396	77	473	0.00003
Corynebacterium_sp._NML98-0116	702967	S	311	114	425	0.00003
Corynebacterium_sp._1864	2820399	S	62	126	188	0.00001
Corynebacterium_sp._4H37-19	2684405	S	57	5	62	0.00000
Corynebacterium_sp._FDAARGOS_1242	2778078	S	47	119	166	0.00001
Corynebacterium_sp._sy039	2599641	S	21	2	23	0.00000
Corynebacterium_nuruki	1032851	S	876	209	1085	0.00008
Corynebacterium_vitaeruminis	38305	S	776	232	1008	0.00007
Corynebacterium_maris	575200	S	737	120	857	0.00006
Corynebacterium_timonense	441500	S	736	179	915	0.00007
Corynebacterium_humireducens	1223514	S	733	214	947	0.00007
Corynebacterium_doosanense	1121358	S	693	335	1028	0.00007
Corynebacterium_yudongzhengii	2080740	S	637	120	757	0.00005
Corynebacterium_variabile	1727	S	632	375	1007	0.00007
Corynebacterium_mycetoides	38302	S	614	295	909	0.00007
Corynebacterium_liangguodongii	2079535	S	611	137	748	0.00005
Corynebacterium_marinum	349751	S	600	228	828	0.00006
Corynebacterium_terpenotabidum	89154	S	536	152	688	0.00005
Corynebacterium_glyciniphilum	1404244	S	518	65	583	0.00004
Corynebacterium_uterequi	1072256	S	517	89	606	0.00004
Corynebacterium_comes	2675218	S	515	128	643	0.00005
Corynebacterium_atypicum	191610	S	509	155	664	0.00005
Corynebacterium_provencense	1737425	S	500	115	615	0.00004
Corynebacterium_imitans	156978	S	488	296	784	0.00006
Corynebacterium_jeikeium	38289	S	479	1200	1679	0.00012
Corynebacterium_sanguinis	2594913	S	447	305	752	0.00005
Corynebacterium_uberis	2883169	S	447	55	502	0.00004
Corynebacterium_ureicelerivorans	401472	S	446	148	594	0.00004
Corynebacterium_urealyticum	43771	S	441	434	875	0.00006
Corynebacterium_lujinxingii	2763010	S	412	141	553	0.00004
Corynebacterium_falsenii	108486	S	397	172	569	0.00004
Corynebacterium_qintianiae	2709392	S	395	109	504	0.00004
Corynebacterium_glucuronolyticum	39791	S	367	88	455	0.00003
Corynebacterium_glaucum	187491	S	334	72	406	0.00003
Corynebacterium_coyleae	53374	S	332	84	416	0.00003
Corynebacterium_efficiens	152794	S	329	61	390	0.00003
Corynebacterium_genitalium	38288	S	321	72	393	0.00003
Corynebacterium_testudinoris	136857	S	313	64	377	0.00003
Corynebacterium_striatum	43770	S	302	256	558	0.00004
Corynebacterium_kroppenstedtii	161879	S	300	30	330	0.00002
Corynebacterium_aurimucosum	169292	S	289	134	423	0.00003
Corynebacterium_tuberculostearicum	38304	S	289	176	465	0.00003
Corynebacterium_lactis	1231000	S	286	46	332	0.00002
Corynebacterium_incognita	2754725	S	278	64	342	0.00002
Corynebacterium_aquilae	203263	S	262	40	302	0.00002
Corynebacterium_endometrii	2488819	S	251	49	300	0.00002
Corynebacterium_occultum	2675219	S	246	43	289	0.00002
Corynebacterium_riegelii	156976	S	241	63	304	0.00002
Corynebacterium_matruchotii	43768	S	232	17	249	0.00002
Corynebacterium_zhongnanshanii	2768834	S	225	31	256	0.00002
Corynebacterium_renale	1724	S	220	26	246	0.00002
Corynebacterium_urogenitale	2487892	S	212	39	251	0.00002
Corynebacterium_epidermidicanis	1050174	S	208	36	244	0.00002
Corynebacterium_flavescens	28028	S	197	57	254	0.00002
Corynebacterium_kalinowskii	2675216	S	193	94	287	0.00002
Corynebacterium_lizhenjunii	2709394	S	188	32	220	0.00002
Corynebacterium_simulans	146827	S	180	137	317	0.00002
Corynebacterium_propinquum	43769	S	179	77	256	0.00002
Corynebacterium_camporealensis	161896	S	172	44	216	0.00002
Corynebacterium_singulare	161899	S	166	141	307	0.00002
Corynebacterium_cystitidis	35757	S	164	10	174	0.00001
Corynebacterium_gerontici	2079234	S	151	31	182	0.00001
Corynebacterium_minutissimum	38301	S	146	146	292	0.00002
Corynebacterium_diphtheriae	1717	S	129	169	298	0.00002
Corynebacterium_macginleyi	38290	S	120	29	149	0.00001
Corynebacterium_stationis	1705	S	119	30	149	0.00001
Corynebacterium_phocae	161895	S	115	16	131	0.00001
Corynebacterium_kefirresidentii	1979527	S	111	75	186	0.00001
Corynebacterium_choanae	1862358	S	110	11	121	0.00001
Corynebacterium_resistens	258224	S	101	59	160	0.00001
Corynebacterium_ulcerans	65058	S	98	70	168	0.00001
Corynebacterium_pelargi	1471400	S	95	32	127	0.00001
Corynebacterium_pseudodiphtheriticum	37637	S	95	31	126	0.00001
Corynebacterium_ammoniagenes	1697	S	87	19	106	0.00001
Corynebacterium_mustelae	571915	S	87	7	94	0.00001
Corynebacterium_casei	160386	S	86	107	193	0.00001
Corynebacterium_argentoratense	42817	S	84	18	102	0.00001
Corynebacterium_glutamicum	1718	S	84	1158	1242	0.00009
Corynebacterium_deserti	1408191	S	83	30	113	0.00001
Corynebacterium_pseudopelargi	2080757	S	82	29	111	0.00001
Corynebacterium_segmentosum	43990	S	77	184	261	0.00002
Corynebacterium_accolens	38284	S	73	175	248	0.00002
Corynebacterium_anserum	2684406	S	65	8	73	0.00001
Corynebacterium_amycolatum	43765	S	60	448	508	0.00004
Corynebacterium_hindlerae	699041	S	59	114	173	0.00001
Corynebacterium_pseudotuberculosis	1719	S	57	13	70	0.00001
Corynebacterium_suranareeae	2506452	S	56	16	72	0.00001
Corynebacterium_rouxii	2719119	S	42	25	67	0.00000
Corynebacterium_silvaticum	2320431	S	42	18	60	0.00000
Corynebacterium_crudilactis	1652495	S	42	47	89	0.00001
Corynebacterium_callunae	1721	S	41	14	55	0.00000
Corynebacterium_kutscheri	35755	S	14	2	16	0.00000
Gordonia_sp._PP30	2935861	S	1747	510	2257	0.00016
Gordonia_sp._YC-JH1	2059875	S	1252	885	2137	0.00015
Gordonia_sp._KTR9	337191	S	1224	254	1478	0.00011
Gordonia_sp._PDNC005	2811424	S	998	157	1155	0.00008
Gordonia_sp._WA4-43	2878678	S	276	916	1192	0.00009
Gordonia_sp._JH63	2698900	S	214	642	856	0.00006
Gordonia_sp._135	2676309	S	115	717	832	0.00006
Gordonia_sp._1D	1737359	S	48	666	714	0.00005
Gordonia_polyisoprenivorans	84595	S	2653	547	3200	0.00023
Gordonia_terrae	2055	S	2202	1211	3413	0.00024
Gordonia_insulae	2420509	S	1607	233	1840	0.00013
Gordonia_phthalatica	1136941	S	1484	628	2112	0.00015
Gordonia_jinghuaiqii	2758710	S	1417	289	1706	0.00012
Gordonia_amarae	36821	S	1384	287	1671	0.00012
Gordonia_bronchialis	2054	S	1354	326	1680	0.00012
Gordonia_iterans	1004901	S	1227	428	1655	0.00012
Gordonia_rubripertincta	36822	S	1207	699	1906	0.00014
Gordonia_otitidis	249058	S	1079	184	1263	0.00009
Gordonia_pseudoamarae	2831662	S	1016	198	1214	0.00009
Gordonia_zhaorongruii	2597659	S	803	154	957	0.00007
Gordonia_alkanivorans	84096	S	336	1161	1497	0.00011
Gordonia_amicalis	89053	S	246	1648	1894	0.00014
Gordonia_hongkongensis	1701090	S	209	609	818	0.00006
Skermania_piniformis	39122	S	1392	174	1566	0.00011
Tsukamurella_paurometabola	2061	S	2902	1506	4408	0.00032
Tsukamurella_tyrosinosolvens	57704	S	2452	1150	3602	0.00026
Tsukamurella_pulmonis	47312	S	1796	680	2476	0.00018
Tsukamurella_sp._PLM1	2929795	S	1651	571	2222	0.00016
Dietzia_sp._oral_taxon_368	712270	S	971	1699	2670	0.00019
Dietzia_lutea	546160	S	1029	599	1628	0.00012
Dietzia_psychralcaliphila	139021	S	995	296	1291	0.00009
Dietzia_timorensis	499555	S	888	500	1388	0.00010
Tomitella_gaofuii	2760083	S	1680	533	2213	0.00016
Tomitella_fengzijianii	2597660	S	1514	519	2033	0.00015
Segniliparus_rotundus	286802	S	888	56	944	0.00007
Lawsonella_clevelandensis	1528099	S	112	14	126	0.00001
Micromonospora_sp._WMMC415	2675222	S	5532	2264	7796	0.00056
Micromonospora_sp._HM134	2583243	S	4324	2072	6396	0.00046
Micromonospora_sp._WMMA2032	2039870	S	3852	2702	6554	0.00047
Micromonospora_sp._B006	2201999	S	3222	2646	5868	0.00042
Micromonospora_sp._L5	648999	S	340	3714	4054	0.00029
Micromonospora_carbonacea	47853	S	7305	3547	10852	0.00078
Micromonospora_echinaurantiaca	47857	S	6475	3400	9875	0.00071
Micromonospora_krabiensis	307121	S	6314	2376	8690	0.00062
Micromonospora_terminaliae	1914461	S	6050	3304	9354	0.00067
Micromonospora_inositola	47865	S	5006	2672	7678	0.00055
Micromonospora_echinofusca	47858	S	4986	2474	7460	0.00053
Micromonospora_auratinigra	261654	S	4742	2695	7437	0.00053
Micromonospora_viridifaciens	1881	S	4720	2232	6952	0.00050
Micromonospora_echinospora	1877	S	4622	1754	6376	0.00046
Micromonospora_purpureochromogenes	47872	S	4545	2605	7150	0.00051
Micromonospora_coriariae	285665	S	4501	1743	6244	0.00045
Micromonospora_siamensis	299152	S	4452	2310	6762	0.00048
Micromonospora_ferruginea	2749844	S	4424	2754	7178	0.00051
Micromonospora_maris	1003110	S	4347	1454	5801	0.00042
Micromonospora_coxensis	356852	S	4322	2596	6918	0.00050
Micromonospora_narathiwatensis	299146	S	4064	2056	6120	0.00044
Micromonospora_sagamiensis	47875	S	3952	1642	5594	0.00040
Micromonospora_endophytica_(Xie_et_al._2001)_Li_et_al._2019	515350	S	3908	1303	5211	0.00037
Micromonospora_zamorensis	709883	S	3908	1360	5268	0.00038
Micromonospora_chokoriensis	356851	S	3728	1310	5038	0.00036
Micromonospora_rifamycinica	291594	S	3685	1784	5469	0.00039
Micromonospora_craniellae	2294034	S	2912	1979	4891	0.00035
Micromonospora_tulbaghiae	479978	S	2316	2616	4932	0.00035
Micromonospora_aurantiaca	47850	S	1808	12804	14612	0.00105
Actinoplanes_sp._L3-i22	2836373	S	17828	12871	30699	0.00220
Actinoplanes_sp._N902-109	649831	S	15459	5060	20519	0.00147
Actinoplanes_sp._OR16	946334	S	13570	6761	20331	0.00146
Actinoplanes_ianthinogenes	122358	S	14634	6535	21169	0.00152
Actinoplanes_friuliensis	196914	S	13860	2566	16426	0.00118
Actinoplanes_teichomyceticus	1867	S	12698	5968	18666	0.00134
Actinoplanes_missouriensis	1866	S	11643	4241	15884	0.00114
Actinoplanes_derwentensis	113562	S	9997	1726	11723	0.00084
Dactylosporangium_vinaceum	53362	S	28527	3768	32295	0.00232
Phytohabitans_suffuscus	624315	S	11643	3329	14972	0.00107
Phytohabitans_flavus	1076124	S	9361	2046	11407	0.00082
Couchioplanes_caeruleus	56438	S	18304	5384	23688	0.00170
Plantactinospora_sp._KBS50	2024580	S	6926	1983	8909	0.00064
Plantactinospora_sp._BC1	2108470	S	1356	4239	5595	0.00040
Plantactinospora_sp._BB1	2071627	S	1250	3865	5115	0.00037
Catellatospora_sp._IY07-71	2728827	S	12824	3342	16166	0.00116
Actinocatenispora_thailandica	227318	S	4994	1574	6568	0.00047
Actinocatenispora_sera	390989	S	4907	1631	6538	0.00047
Polymorphospora_rubra	338584	S	7170	1836	9006	0.00065
Natronosporangium_hydrolyticum	2811111	S	3870	313	4183	0.00030
Verrucosispora_sp._NA02020	2742132	S	2772	2370	5142	0.00037
Salinispora_tropica	168695	S	2313	442	2755	0.00020
Nocardioides_sp._G188	2849501	S	8017	2958	10975	0.00079
Nocardioides_sp._JS614	196162	S	6506	2251	8757	0.00063
Nocardioides_sp._LMS-CY	2840457	S	6267	2407	8674	0.00062
Nocardioides_sp._HDW12B	2714939	S	5321	2102	7423	0.00053
Nocardioides_sp._TF02-7	2917724	S	5063	1960	7023	0.00050
Nocardioides_sp._zg-1228	2763008	S	4689	2393	7082	0.00051
Nocardioides_sp._S-1144	2582905	S	4425	2002	6427	0.00046
Nocardioides_sp._zg-579	2663857	S	4386	2576	6962	0.00050
Nocardioides_sp._S5	2017486	S	4339	2512	6851	0.00049
Nocardioides_sp._W7	2931390	S	4337	1710	6047	0.00043
Nocardioides_sp._cx-173	2898796	S	4040	1621	5661	0.00041
Nocardioides_sp._SCSIO_67246	2872154	S	3483	1089	4572	0.00033
Nocardioides_sp._InS609-2	2760705	S	3479	944	4423	0.00032
Nocardioides_sp._603	2483798	S	3428	1847	5275	0.00038
Nocardioides_sp._MC1495	2736757	S	3236	1352	4588	0.00033
Nocardioides_sp._CF8	110319	S	3005	1432	4437	0.00032
Nocardioides_sp._zg-536	2803858	S	2896	1475	4371	0.00031
Nocardioides_sp._JQ2195	2592334	S	2863	711	3574	0.00026
Nocardioides_sp._WS12	2486272	S	2728	568	3296	0.00024
Nocardioides_sp._Kera_G14	2884264	S	2565	645	3210	0.00023
Nocardioides_sp._dk884	2662361	S	2483	2807	5290	0.00038
Nocardioides_sp._ZJ1313	2685869	S	2470	2809	5279	0.00038
Nocardioides_mesophilus	433659	S	7086	2587	9673	0.00069
Nocardioides_anomalus	2712223	S	6494	2345	8839	0.00063
Nocardioides_ungokensis	1643322	S	5273	2187	7460	0.00053
Nocardioides_cynanchi	2558918	S	5263	1496	6759	0.00048
Nocardioides_okcheonensis	2894081	S	4626	2492	7118	0.00051
Nocardioides_humi	449461	S	4577	1788	6365	0.00046
Nocardioides_aromaticivorans	200618	S	4426	1980	6406	0.00046
Nocardioides_euryhalodurans	2518370	S	4231	1543	5774	0.00041
Nocardioides_dongkuii	2760089	S	3872	2251	6123	0.00044
Nocardioides_aquaticus	160826	S	3437	1254	4691	0.00034
Nocardioides_rotundus	1774216	S	3358	1558	4916	0.00035
Nocardioides_marinisabuli	419476	S	3101	2013	5114	0.00037
Nocardioides_sambongensis	2589074	S	3045	1047	4092	0.00029
Nocardioides_dokdonensis	450734	S	3019	1630	4649	0.00033
Nocardioides_seonyuensis	2518371	S	2722	863	3585	0.00026
Nocardioides_panacisoli	627624	S	2587	770	3357	0.00024
Nocardioides_houyundeii	2045452	S	2497	908	3405	0.00024
Nocardioides_piscis	2714938	S	2457	1070	3527	0.00025
Nocardioides_daphniae	402297	S	2080	1123	3203	0.00023
Nocardioides_jishulii	2575440	S	1762	757	2519	0.00018
Nocardioides_yefusunii	2500546	S	1384	486	1870	0.00013
Nocardioides_baekrokdamisoli	1804624	S	1335	204	1539	0.00011
Aeromicrobium_sp._Leaf245	1736306	S	2077	772	2849	0.00020
Aeromicrobium_sp._zg-629	2663859	S	1808	710	2518	0.00018
Aeromicrobium_sp._A1-2	2107713	S	1543	263	1806	0.00013
Aeromicrobium_erythreum	2041	S	2571	924	3495	0.00025
Aeromicrobium_choanae	1736691	S	2247	808	3055	0.00022
Aeromicrobium_chenweiae	2079793	S	2139	855	2994	0.00021
Aeromicrobium_yanjiei	2662028	S	1896	701	2597	0.00019
Aeromicrobium_marinum	219314	S	1871	497	2368	0.00017
Pimelobacter_simplex	2045	S	4135	1863	5998	0.00043
Friedmanniella_luteola	546871	S	3845	958	4803	0.00034
Marmoricola_scoriae	642780	S	3686	1697	5383	0.00039
Mumia_sp._ZJ1417	2708082	S	2908	625	3533	0.00025
Micropruina_glycogenica	75385	S	1835	329	2164	0.00016
Microlunatus_sagamiharensis	546874	S	3549	1000	4549	0.00033
Microlunatus_soli	630515	S	2409	280	2689	0.00019
Microlunatus_phosphovorus	29405	S	2376	344	2720	0.00020
Microlunatus_elymi	2596828	S	2148	273	2421	0.00017
Microlunatus_sp._Gsoil_973	2672569	S	2027	183	2210	0.00016
Tessaracoccus_sp._J1M15	2829499	S	1617	550	2167	0.00016
Tessaracoccus_sp._MC1865	2760310	S	1268	370	1638	0.00012
Tessaracoccus_defluvii	1285901	S	1700	1203	2903	0.00021
Tessaracoccus_aquimaris	1332264	S	1498	800	2298	0.00016
Tessaracoccus_flavescens	399497	S	1290	1103	2393	0.00017
Tessaracoccus_flavus	1610493	S	1227	923	2150	0.00015
Tessaracoccus_timonensis	2161816	S	806	388	1194	0.00009
Brevilactibacter_coleopterorum	2714937	S	2441	1325	3766	0.00027
Brevilactibacter_sp._MC1595	2819349	S	2307	1093	3400	0.00024
Propionibacterium_acidifaciens	556499	S	1533	384	1917	0.00014
Propionibacterium_australiense	119981	S	1195	219	1414	0.00010
Propionibacterium_freudenreichii	1744	S	1082	848	1930	0.00014
Acidipropionibacterium_acidipropionici	1748	S	1362	986	2348	0.00017
Acidipropionibacterium_jensenii	1749	S	1323	977	2300	0.00016
Acidipropionibacterium_virtanenii	2057246	S	888	199	1087	0.00008
Auraticoccus_monumenti	675864	S	2611	584	3195	0.00023
Cutibacterium_avidum	33010	S	811	274	1085	0.00008
Cutibacterium_granulosum	33011	S	465	119	584	0.00004
Cutibacterium_acnes	1747	S	346	226	572	0.00004
Cutibacterium_modestum	2559073	S	181	34	215	0.00002
Arachnia_propionica	1750	S	1158	152	1310	0.00009
Arachnia_rubra	1547448	S	656	77	733	0.00005
Raineyella_fluvialis	2662261	S	1840	298	2138	0.00015
Vaginimicrobium_propionicum	1871034	S	80	36	116	0.00001
Kribbella_flavida	182640	S	9249	2499	11748	0.00084
Kribbella_qitaiheensis	1544730	S	7000	1268	8268	0.00059
Actinopolymorpha_singaporensis	117157	S	4325	597	4922	0.00035
Amycolatopsis_sp._Hca4	2742131	S	8807	3280	12087	0.00087
Amycolatopsis_sp._WQ_127309	2932773	S	7483	2221	9704	0.00070
Amycolatopsis_sp._DSM_110486	2865832	S	6227	1372	7599	0.00054
Amycolatopsis_sp._FDAARGOS_1241	2778070	S	5655	1360	7015	0.00050
Amycolatopsis_sp._CA-230715	2745196	S	5287	916	6203	0.00044
Amycolatopsis_sp._YIM_10	2653857	S	4444	1362	5806	0.00042
Amycolatopsis_sp._FU40	2914159	S	3356	1558	4914	0.00035
Amycolatopsis_sp._AA4	1896961	S	2878	1557	4435	0.00032
Amycolatopsis_sp._BJA-103	1911175	S	2433	955	3388	0.00024
Amycolatopsis_sp._TNS106	2861750	S	2000	1122	3122	0.00022
Amycolatopsis_sp._EV170708-02-1	2919322	S	1566	1389	2955	0.00021
Amycolatopsis_mediterranei	33910	S	8219	13772	21991	0.00158
Amycolatopsis_pretoriensis	218821	S	7300	2392	9692	0.00069
Amycolatopsis_acidiphila	715473	S	5862	1419	7281	0.00052
Amycolatopsis_methanolica	1814	S	4712	1946	6658	0.00048
Amycolatopsis_thermalba	944492	S	4317	1893	6210	0.00045
Amycolatopsis_keratiniphila	129921	S	2484	1898	4382	0.00031
Amycolatopsis_japonica	208439	S	1294	1133	2427	0.00017
Amycolatopsis_albispora	1804986	S	4033	2507	6540	0.00047
Amycolatopsis_aidingensis	2842453	S	3567	483	4050	0.00029
Amycolatopsis_orientalis	31958	S	2733	892	3625	0.00026
Pseudonocardia_sp._DSM_110487	2865833	S	15083	2483	17566	0.00126
Pseudonocardia_sp._CGMCC_4.1532	2761535	S	5498	3377	8875	0.00064
Pseudonocardia_sp._HH130630-07	1690815	S	3914	1662	5576	0.00040
Pseudonocardia_sp._AL041005-10	445576	S	3585	1735	5320	0.00038
Pseudonocardia_sp._HH130629-09	1641402	S	2822	1794	4616	0.00033
Pseudonocardia_sp._EC080625-04	1096868	S	66	3194	3260	0.00023
Pseudonocardia_sp._EC080610-09	1688404	S	11	1674	1685	0.00012
Pseudonocardia_dioxanivorans	240495	S	8517	2655	11172	0.00080
Pseudonocardia_broussonetiae	2736640	S	7470	2763	10233	0.00073
Pseudonocardia_autotrophica	2074	S	4422	1371	5793	0.00042
Pseudonocardia_abyssalis	2792008	S	4160	2286	6446	0.00046
Saccharothrix_sp._6-C	2781735	S	8269	3159	11428	0.00082
Saccharothrix_syringae	103733	S	7329	2871	10200	0.00073
Saccharothrix_espanaensis	103731	S	5546	1844	7390	0.00053
Saccharopolyspora_erythraea	1836	S	7175	3108	10283	0.00074
Saccharopolyspora_gregorii	33914	S	2869	669	3538	0.00025
Saccharopolyspora_spinosa	60894	S	1958	1248	3206	0.00023
Saccharopolyspora_pogona	333966	S	1406	1599	3005	0.00022
Saccharopolyspora_sp._ASAGF58	2719023	S	1007	1269	2276	0.00016
Saccharomonospora_marina	632569	S	2732	711	3443	0.00025
Saccharomonospora_azurea	40988	S	2064	701	2765	0.00020
Saccharomonospora_cyanea	40989	S	1813	732	2545	0.00018
Saccharomonospora_xinjiangensis	75294	S	1563	300	1863	0.00013
Saccharomonospora_glauca	40990	S	1415	578	1993	0.00014
Saccharomonospora_viridis	1852	S	1277	226	1503	0.00011
Kutzneria_sp._CA-103260	2802641	S	6595	1644	8239	0.00059
Kutzneria_albida	43357	S	4633	1236	5869	0.00042
Lentzea_guizhouensis	1586287	S	9883	2387	12270	0.00088
Actinosynnema_pretiosum	42197	S	2136	4560	6696	0.00048
Actinosynnema_mirum	40567	S	197	2036	2233	0.00016
Actinoalloteichus_hoggarensis	1470176	S	2224	349	2573	0.00018
Actinoalloteichus_hymeniacidonis	340345	S	1764	197	1961	0.00014
Actinoalloteichus_sp._GBA129-24	1612551	S	107	1369	1476	0.00011
Actinoalloteichus_fjordicus	1612552	S	79	1221	1300	0.00009
Allokutzneria_albata	211114	S	6417	1783	8200	0.00059
Kibdelosporangium_phytohabitans	860235	S	5539	771	6310	0.00045
Alloactinosynnema_sp._L-07	1653480	S	4243	1084	5327	0.00038
Prauserella_marina	530584	S	2435	250	2685	0.00019
Allosaccharopolyspora_coralli	2665642	S	1968	483	2451	0.00018
Nonomuraea_sp._ATCC_55076	1909395	S	11251	4133	15384	0.00110
Nonomuraea_nitratireducens	2656914	S	11156	2835	13991	0.00100
Nonomuraea_gerenzanensis	93944	S	10046	3857	13903	0.00100
Nonomuraea_coxensis	404386	S	9667	3315	12982	0.00093
Streptosporangium_roseum	2001	S	6595	2202	8797	0.00063
Streptosporangium_sp._'caverna'	2202249	S	6201	1635	7836	0.00056
Thermobispora_bispora	2006	S	4930	1376	6306	0.00045
Actinomadura_sp._NAK00032	2742128	S	8059	3516	11575	0.00083
Actinomadura_sp._WMMA1423	2591108	S	6624	2433	9057	0.00065
Actinomadura_sp._WMMB_499	1219491	S	6175	1804	7979	0.00057
Actinomadura_madurae	1993	S	8106	3069	11175	0.00080
Actinomadura_verrucosospora	46165	S	7538	2861	10399	0.00075
Actinomadura_graeca	2750812	S	5567	1602	7169	0.00051
Thermomonospora_amylolytica	1411117	S	5035	2257	7292	0.00052
Thermomonospora_curvata	2020	S	3371	1182	4553	0.00033
Nocardiopsis_sp._MT53	2865672	S	3275	925	4200	0.00030
Nocardiopsis_sp._HDS12	2831968	S	980	1000	1980	0.00014
Nocardiopsis_gilva	280236	S	2440	585	3025	0.00022
Nocardiopsis_dassonvillei	2014	S	2307	1976	4283	0.00031
Nocardiopsis_alba	53437	S	1668	362	2030	0.00015
Thermobifida_alba	53522	S	1850	839	2689	0.00019
Thermobifida_halotolerans	483545	S	1849	689	2538	0.00018
Thermobifida_fusca	2021	S	1060	210	1270	0.00009
Streptomonospora_litoralis	2498135	S	2874	665	3539	0.00025
Spiractinospora_alimapuensis	2820884	S	1982	157	2139	0.00015
Blastococcus_sp._PRF04-17	2933797	S	7947	3180	11127	0.00080
Blastococcus_saxobsidens	138336	S	6676	2386	9062	0.00065
Modestobacter_marinus	477641	S	6997	2827	9824	0.00070
Modestobacter_sp._L9-4	2851567	S	4387	1958	6345	0.00045
Geodermatophilus_obscurus	1861	S	8311	3274	11585	0.00083
Actinomyces_sp._oral_taxon_414	712122	S	1104	260	1364	0.00010
Actinomyces_sp._MAS-1	2755559	S	755	168	923	0.00007
Actinomyces_sp._Z16	2079536	S	565	213	778	0.00006
Actinomyces_sp._Chiba101	1851395	S	550	273	823	0.00006
Actinomyces_sp._432	2057798	S	462	112	574	0.00004
Actinomyces_sp._oral_taxon_171	706438	S	270	226	496	0.00004
Actinomyces_sp._oral_taxon_169	712116	S	141	262	403	0.00003
Actinomyces_sp._oral_taxon_897	2081702	S	114	402	516	0.00004
Actinomyces_sp._HMT897	2789424	S	108	373	481	0.00003
Actinomyces_sp._HMT_175	2789425	S	94	391	485	0.00003
Actinomyces_sp._zg-332	2708340	S	16	3	19	0.00000
Actinomyces_radicidentis	111015	S	1328	642	1970	0.00014
Actinomyces_howellii	52771	S	1050	187	1237	0.00009
Actinomyces_slackii	52774	S	791	150	941	0.00007
Actinomyces_respiraculi	2744574	S	700	189	889	0.00006
Actinomyces_procaprae	2560010	S	635	244	879	0.00006
Actinomyces_qiguomingii	2057800	S	527	78	605	0.00004
Actinomyces_weissii	675090	S	521	116	637	0.00005
Actinomyces_faecalis	2722820	S	514	84	598	0.00004
Actinomyces_viscosus	1656	S	470	208	678	0.00005
Actinomyces_naeslundii	1655	S	414	250	664	0.00005
Actinomyces_oris	544580	S	396	1094	1490	0.00011
Actinomyces_gaoshouyii	1960083	S	381	207	588	0.00004
Actinomyces_marmotae	2737173	S	372	218	590	0.00004
Actinomyces_wuliandei	2057743	S	364	102	466	0.00003
Actinomyces_lilanjuaniae	2321394	S	327	84	411	0.00003
Actinomyces_trachealis	2763540	S	252	53	305	0.00002
Actinomyces_pacaensis	1852377	S	138	19	157	0.00001
Schaalia_sp._19OD2882	2794089	S	497	76	573	0.00004
Schaalia_sp._JY-X169	2758572	S	186	8	194	0.00001
Schaalia_sp._ZJ405	2709403	S	158	16	174	0.00001
Schaalia_odontolytica	1660	S	753	204	957	0.00007
Schaalia_meyeri	52773	S	396	81	477	0.00003
Schaalia_cardiffensis	181487	S	227	38	265	0.00002
Schaalia_turicensis	131111	S	109	122	231	0.00002
Flaviflexus_salsibiostraticola	1282737	S	761	236	997	0.00007
Flaviflexus_sp._dk850	2758573	S	397	162	559	0.00004
Flaviflexus_ciconiae	2496867	S	288	43	331	0.00002
Trueperella_pecoris	2733571	S	593	192	785	0.00006
Trueperella_pyogenes	1661	S	396	259	655	0.00005
Trueperella_bialowiezensis	312285	S	270	16	286	0.00002
Pauljensenia_hongkongensis	178339	S	692	286	978	0.00007
Nanchangia_anserum	2692125	S	638	81	719	0.00005
Actinobaculum_sp._313	2495645	S	267	17	284	0.00002
Actinotignum_schaalii	59505	S	252	19	271	0.00002
Arcanobacterium_haemolyticum	28264	S	100	53	153	0.00001
Arcanobacterium_phocisimile	1302235	S	51	14	65	0.00000
Arcanobacterium_phocae	131112	S	38	11	49	0.00000
Arcanobacterium_sp._2701	2722751	S	29	7	36	0.00000
Mobiluncus_curtisii	2051	S	178	59	237	0.00002
Changpingibacter_yushuensis	2758440	S	163	56	219	0.00002
Varibaculum_sp._EMRHCC_39	2811781	S	59	20	79	0.00001
Boudabousia_tangfeifanii	1912795	S	58	5	63	0.00000
Fannyhessea_vaginae	82135	S	49	17	66	0.00000
Frankia_inefficax	298654	S	6747	950	7697	0.00055
Frankia_sp._QA3	710111	S	2639	1182	3821	0.00027
Frankia_sp._ArI3	1858	S	2082	1455	3537	0.00025
Candidatus_Frankia_datiscae	2716812	S	2839	442	3281	0.00024
Frankia_alni	1859	S	2404	1752	4156	0.00030
Frankia_casuarinae	106370	S	2351	292	2643	0.00019
Jiangella_sp._DSM_45060	1798224	S	6082	2080	8162	0.00059
Jiangella_alkaliphila	419479	S	5827	1912	7739	0.00055
Bifidobacterium_pseudolongum	1694	S	934	394	1328	0.00010
Bifidobacterium_choerinum	35760	S	925	450	1375	0.00010
Bifidobacterium_longum	216816	S	821	1413	2234	0.00016
Bifidobacterium_scardovii	158787	S	811	87	898	0.00006
Bifidobacterium_bifidum	1681	S	571	277	848	0.00006
Bifidobacterium_pullorum	78448	S	523	230	753	0.00005
Bifidobacterium_animalis	28025	S	484	570	1054	0.00008
Bifidobacterium_subtile	77635	S	402	70	472	0.00003
Bifidobacterium_asteroides	1684	S	377	12	389	0.00003
Bifidobacterium_adolescentis	1680	S	374	107	481	0.00003
Bifidobacterium_breve	1685	S	305	355	660	0.00005
Bifidobacterium_lemurum	1603886	S	284	76	360	0.00003
Bifidobacterium_dentium	1689	S	282	23	305	0.00002
Bifidobacterium_eulemuris	1765219	S	276	72	348	0.00002
Bifidobacterium_thermophilum	33905	S	253	63	316	0.00002
Bifidobacterium_actinocoloniiforme	638619	S	252	9	261	0.00002
Bifidobacterium_angulatum	1683	S	237	71	308	0.00002
Bifidobacterium_catenulatum	1686	S	194	300	494	0.00004
Bifidobacterium_pseudocatenulatum	28026	S	157	114	271	0.00002
Bifidobacterium_imperatoris	2020965	S	76	46	122	0.00001
Bifidobacterium_saguini	762210	S	62	34	96	0.00001
Bifidobacterium_coryneforme	1687	S	43	63	106	0.00001
Bifidobacterium_indicum	1691	S	24	35	59	0.00000
Parascardovia_denticolens	78258	S	175	36	211	0.00002
Gardnerella_vaginalis	2702	S	31	57	88	0.00001
Scardovia_inopinata	78259	S	35	15	50	0.00000
Nakamurella_multipartita	53461	S	3449	777	4226	0.00030
Nakamurella_sp._PAMC28650	2762325	S	1962	245	2207	0.00016
Nakamurella_panacisegetis	1090615	S	1937	315	2252	0.00016
Nakamurella_antarctica	1902245	S	407	35	442	0.00003
Catenulispora_acidiphila	304895	S	5447	952	6399	0.00046
Jatrophihabitans_sp._GAS493	1907575	S	1955	217	2172	0.00016
Jatrophihabitans_telluris	2038343	S	1946	205	2151	0.00015
Stackebrandtia_nassauensis	283811	S	3056	333	3389	0.00024
Natronoglycomyces_albus	2811108	S	497	20	517	0.00004
Kineococcus_radiotolerans	131568	S	2948	975	3923	0.00028
Epidermidibacterium_keratini	1891644	S	1874	1102	2976	0.00021
Actinopolyspora_erythraea	414996	S	1490	181	1671	0.00012
Acidothermus_cellulolyticus	28049	S	1246	71	1317	0.00009
Candidatus_Planktophila_versatilis	1884905	S	78	21	99	0.00001
Candidatus_Planktophila_lacus	1884913	S	76	14	90	0.00001
Candidatus_Planktophila_sulfonica	1884904	S	40	15	55	0.00000
Candidatus_Planktophila_dulcis	1884914	S	31	24	55	0.00000
Candidatus_Planktophila_vernalis	1884907	S	25	6	31	0.00000
Candidatus_Planktophila_limnetica	573600	S	21	4	25	0.00000
Candidatus_Nanopelagicus_hibericus	1884915	S	22	20	42	0.00000
Candidatus_Nanopelagicus_abundans	1884916	S	15	11	26	0.00000
Conexibacter_sp._SYSU_D00693	2812560	S	24113	6431	30544	0.00219
Conexibacter_sp._S30A1	2937800	S	6570	752	7322	0.00053
Conexibacter_sp._DBS9H8	2937801	S	6316	655	6971	0.00050
Conexibacter_woesei	191495	S	28495	5574	34069	0.00244
Miltoncostaea_marina	2843215	S	9215	2500	11715	0.00084
Miltoncostaea_oceani	2843216	S	8588	1393	9981	0.00072
Rubrobacter_xylanophilus	49319	S	8144	1116	9260	0.00066
Rubrobacter_tropicus	2653851	S	5917	468	6385	0.00046
Rubrobacter_marinus	2653852	S	5863	556	6419	0.00046
Rubrobacter_radiotolerans	42256	S	2448	343	2791	0.00020
Rubrobacter_indicoceani	2051957	S	1420	119	1539	0.00011
Baekduia_soli	496014	S	22238	4150	26388	0.00189
Aquihabitans_sp._Kera_3	2884263	S	10478	1846	12324	0.00088
Aquihabitans_sp._G128	2849779	S	8225	1778	10003	0.00072
Actinomarinicola_tropica	2789776	S	9245	1944	11189	0.00080
Iamia_sp._SCSIO_61187	2722752	S	8818	1508	10326	0.00074
Ilumatobacter_coccineus	467094	S	4331	279	4610	0.00033
Acidimicrobium_ferrooxidans	53635	S	1524	122	1646	0.00012
Eggerthella_lenta	84112	S	1029	710	1739	0.00012
Eggerthella_guodeyinii	2690837	S	1012	511	1523	0.00011
Eggerthella_sp._YY7918	502558	S	321	144	465	0.00003
Gordonibacter_pamelaeae	471189	S	568	602	1170	0.00008
Gordonibacter_urolithinfaciens	1335613	S	547	436	983	0.00007
Adlercreutzia_equolifaciens	446660	S	457	290	747	0.00005
Adlercreutzia_hattorii	2707299	S	290	377	667	0.00005
Arabiibacter_massiliensis	1870985	S	1098	230	1328	0.00010
Raoultibacter_timonensis	1907662	S	651	56	707	0.00005
Berryella_intestinalis	1531429	S	528	664	1192	0.00009
Slackia_heliotrinireducens	84110	S	426	14	440	0.00003
Denitrobacterium_detoxificans	79604	S	296	137	433	0.00003
Phoenicibacter_congonensis	1944646	S	70	34	104	0.00001
Cryptobacterium_curtum	84163	S	55	6	61	0.00000
Olsenella_timonensis	1805478	S	931	315	1246	0.00009
Olsenella_uli	133926	S	500	59	559	0.00004
Olsenella_sp._oral_taxon_807	712411	S	390	26	416	0.00003
Parolsenella_massiliensis	1871022	S	509	295	804	0.00006
Parolsenella_catena	2003188	S	459	285	744	0.00005
Parafannyhessea_umbonata	604330	S	655	435	1090	0.00008
Thermophilibacter_immobilis	2779519	S	651	293	944	0.00007
Atopobium_sp._oral_taxon_416	712157	S	170	20	190	0.00001
Lancefieldella_parvula	1382	S	36	4	40	0.00000
Collinsella_aerofaciens	74426	S	893	507	1400	0.00010
Collinsella_stercoris	147206	S	549	83	632	0.00005
Collinsella_sp._zg1085	2844380	S	42	2	44	0.00000
Coriobacterium_glomerans	33871	S	423	14	437	0.00003
Egicoccus_halophilus	1670830	S	3682	633	4315	0.00031
Egibacter_rhizosphaerae	1670831	S	3548	233	3781	0.00027
Euzebya_pacifica	1608957	S	3345	308	3653	0.00026
Priestia_megaterium	1404	S	17163	19823	36986	0.00265
Priestia_filamentosa	1402861	S	469	68	537	0.00004
Priestia_aryabhattai	412384	S	436	1967	2403	0.00017
Priestia_flexa	86664	S	148	52	200	0.00001
Priestia_koreensis	284581	S	106	41	147	0.00001
Priestia_sp._J2	2886505	S	53	381	434	0.00003
Bacillus_pseudomycoides	64104	S	1905	965	2870	0.00021
Bacillus_cereus	1396	S	802	15346	16148	0.00116
Bacillus_mycoides	1405	S	706	1194	1900	0.00014
Bacillus_cytotoxicus	580165	S	474	347	821	0.00006
Bacillus_thuringiensis	1428	S	344	13492	13836	0.00099
Bacillus_wiedmannii	1890302	S	113	201	314	0.00002
Bacillus_luti	2026191	S	75	86	161	0.00001
Bacillus_nitratireducens	2026193	S	44	86	130	0.00001
Bacillus_toyonensis	155322	S	42	413	455	0.00003
Bacillus_anthracis	1392	S	31	1002	1033	0.00007
Bacillus_sp._ABP14	1892404	S	13	86	99	0.00001
Bacillus_paranthracis	2026186	S	20	541	561	0.00004
Bacillus_tropicus	2026188	S	12	439	451	0.00003
Bacillus_albus	2026189	S	11	55	66	0.00000
Bacillus_sp._1NLA3E	666686	S	463	183	646	0.00005
Bacillus_sp._S3	486398	S	344	111	455	0.00003
Bacillus_sp._Y1	352858	S	246	105	351	0.00003
Bacillus_sp._FJAT-18017	1705566	S	216	65	281	0.00002
Bacillus_sp._JY-23	2933872	S	212	92	304	0.00002
Bacillus_sp._KH172YL63	2709784	S	124	48	172	0.00001
Bacillus_sp._NSP9.1	1071078	S	118	10	128	0.00001
Bacillus_sp._OxB-1	98228	S	101	28	129	0.00001
Bacillus_sp._FJAT-42376	2014076	S	86	36	122	0.00001
Bacillus_sp._WP8	756828	S	84	129	213	0.00002
Bacillus_sp._PAMC26568	2760090	S	68	7	75	0.00001
Bacillus_sp._SB49	1071080	S	57	11	68	0.00000
Bacillus_sp._FJAT-22090	1581038	S	57	18	75	0.00001
Bacillus_sp._THAF10	2587848	S	52	19	71	0.00001
Bacillus_sp._M4U3P1	2592382	S	49	7	56	0.00000
Bacillus_sp._N1-1	2682541	S	31	29	60	0.00000
Bacillus_sp._Cs-700	2589818	S	27	27	54	0.00000
Bacillus_sp._NP247	2846779	S	25	40	65	0.00000
Bacillus_sp._PGP15	2933563	S	22	115	137	0.00001
Bacillus_sp._ZJS3	2928154	S	22	61	83	0.00001
Bacillus_sp._N5-665	2925318	S	17	38	55	0.00000
Bacillus_sp._BD59S	2499213	S	15	27	42	0.00000
Bacillus_sp._N3536	2666127	S	14	18	32	0.00000
Bacillus_sp._ms-22	2683680	S	10	36	46	0.00000
Bacillus_velezensis	492670	S	112	2397	2509	0.00018
Bacillus_amyloliquefaciens	1390	S	59	1140	1199	0.00009
Bacillus_siamensis	659243	S	18	60	78	0.00001
Bacillus_subtilis	1423	S	221	12509	12730	0.00091
Bacillus_paralicheniformis	1648923	S	152	111	263	0.00002
Bacillus_mojavensis	72360	S	50	64	114	0.00001
Bacillus_halotolerans	260554	S	21	57	78	0.00001
Bacillus_vallismortis	72361	S	56	75	131	0.00001
Bacillus_atrophaeus	1452	S	52	103	155	0.00001
Bacillus_tequilensis	227866	S	44	44	88	0.00001
Bacillus_licheniformis	1402	S	31	478	509	0.00004
Bacillus_altitudinis	293387	S	298	1321	1619	0.00012
Bacillus_dafuensis	1742359	S	212	87	299	0.00002
Bacillus_glycinifermentans	1664069	S	206	75	281	0.00002
Bacillus_safensis	561879	S	201	311	512	0.00004
[Brevibacterium]_frigoritolerans	450367	S	193	75	268	0.00002
Bacillus_infantis	324767	S	184	58	242	0.00002
Bacillus_pumilus	1408	S	153	161	314	0.00002
Bacillus_methanolicus	1471	S	130	67	197	0.00001
Bacillus_badius	1455	S	122	56	178	0.00001
Bacillus_gobiensis	1441095	S	89	29	118	0.00001
Bacillus_aquiflavi	2672567	S	75	22	97	0.00001
Bacillus_fonticola	2728853	S	74	23	97	0.00001
Bacillus_smithii	1479	S	71	46	117	0.00001
Bacillus_weihaiensis	1547283	S	61	23	84	0.00001
Bacillus_shivajii	1983719	S	49	8	57	0.00000
Bacillus_rugosus	2715209	S	30	33	63	0.00000
Bacillus_cabrialesii	2487276	S	26	27	53	0.00000
Cytobacillus_oceanisediminis	665099	S	2838	1585	4423	0.00032
Cytobacillus_firmus	1399	S	294	146	440	0.00003
Cytobacillus_gottheilii	859144	S	230	85	315	0.00002
Cytobacillus_ciccensis	1670641	S	164	68	232	0.00002
Cytobacillus_kochii	859143	S	88	30	118	0.00001
Cytobacillus_sp._CY-G	2901381	S	77	30	107	0.00001
Geobacillus_subterraneus	129338	S	478	369	847	0.00006
Geobacillus_genomosp._3	1921421	S	241	85	326	0.00002
Geobacillus_stearothermophilus	1422	S	195	292	487	0.00003
Geobacillus_sp._46C-IIa	1963025	S	116	61	177	0.00001
Geobacillus_sp._JS12	1813182	S	24	87	111	0.00001
Geobacillus_sp._Y412MC52	550542	S	13	49	62	0.00000
Geobacillus_sp._C56-T3	691437	S	10	46	56	0.00000
Geobacillus_thermocatenulatus	33938	S	80	91	171	0.00001
Geobacillus_thermoleovorans	33941	S	35	417	452	0.00003
Geobacillus_kaustophilus	1462	S	13	140	153	0.00001
[Bacillus]_caldolyticus	1394	S	10	122	132	0.00001
Geobacillus_thermodenitrificans	33940	S	16	122	138	0.00001
Geobacillus_zalihae	213419	S	13	99	112	0.00001
Hydrogenibacillus_sp._N12	2866627	S	1620	241	1861	0.00013
Peribacillus_asahii	228899	S	813	460	1273	0.00009
Peribacillus_simplex	1478	S	161	97	258	0.00002
Peribacillus_butanolivorans	421767	S	112	42	154	0.00001
Peribacillus_muralis	264697	S	83	22	105	0.00001
Peribacillus_psychrosaccharolyticus	1407	S	59	23	82	0.00001
Anoxybacillus_sediminis	2613334	S	750	201	951	0.00007
Anoxybacillus_amylolyticus	294699	S	108	26	134	0.00001
Anoxybacillus_sp._PDR2	1636720	S	11	79	90	0.00001
Anoxybacillus_flavithermus	33934	S	73	62	135	0.00001
Anoxybacillus_caldiproteolyticus	247480	S	62	15	77	0.00001
Anoxybacillus_kamchatkensis	196180	S	12	67	79	0.00001
Metabacillus_sp._KUDC1714	2745198	S	236	92	328	0.00002
Metabacillus_sp._cB07	2806989	S	137	58	195	0.00001
Metabacillus_sp._B2-18	2897333	S	35	55	90	0.00001
Metabacillus_sediminilitoris	2567941	S	369	155	524	0.00004
Metabacillus_dongyingensis	2874282	S	121	47	168	0.00001
Metabacillus_litoralis	152268	S	67	70	137	0.00001
Metabacillus_endolithicus	1535204	S	30	39	69	0.00000
Neobacillus_drentensis	220684	S	571	280	851	0.00006
Neobacillus_mesonae	1193713	S	232	87	319	0.00002
Terribacillus_goriensis	386490	S	603	115	718	0.00005
Terribacillus_aidingensis	586416	S	52	10	62	0.00000
Mesobacillus_foraminis	279826	S	342	103	445	0.00003
Mesobacillus_jeotgali	129985	S	141	67	208	0.00001
Mesobacillus_sp._S13	2880221	S	125	65	190	0.00001
Lysinibacillus_sp._SGAir0095	2070463	S	95	44	139	0.00001
Lysinibacillus_sp._Ag94	2936682	S	53	5	58	0.00000
Lysinibacillus_sp._PLM2	2929796	S	47	21	68	0.00000
Lysinibacillus_sp._CD3-6	2892541	S	38	16	54	0.00000
Lysinibacillus_sp._YS11	2072025	S	26	67	93	0.00001
Lysinibacillus_sp._2017	2169540	S	17	9	26	0.00000
Lysinibacillus_timonensis	2086577	S	63	37	100	0.00001
Lysinibacillus_agricola	2590012	S	45	14	59	0.00000
Lysinibacillus_fusiformis	28031	S	41	40	81	0.00001
Lysinibacillus_parviboronicapiens	436516	S	39	15	54	0.00000
Lysinibacillus_sphaericus	1421	S	26	30	56	0.00000
Lysinibacillus_capsici	2115968	S	14	24	38	0.00000
Niallia_circulans	1397	S	335	107	442	0.00003
Niallia_sp._Man26	2912824	S	270	68	338	0.00002
Alkalihalobacillus_clausii	79880	S	220	57	277	0.00002
Alkalihalobacillus_lehensis	300825	S	218	51	269	0.00002
Alkalihalobacillus_miscanthi	2598861	S	59	15	74	0.00001
Alkalihalobacillus_sp._LMS39	2924032	S	54	13	67	0.00000
Alkalihalobacillus_krulwichiae	199441	S	38	13	51	0.00000
Parageobacillus_thermoglucosidasius	1426	S	131	77	208	0.00001
Parageobacillus_genomosp._1	1295642	S	96	40	136	0.00001
Parageobacillus_caldoxylosilyticus	81408	S	94	44	138	0.00001
Parageobacillus_toebii	153151	S	81	44	125	0.00001
Parageobacillus_sp._KH3-4	2916802	S	72	35	107	0.00001
Rossellomorea_marisflavi	189381	S	322	140	462	0.00003
Rossellomorea_vietnamensis	218284	S	78	34	112	0.00001
Virgibacillus_sp._NKC19-16	2831673	S	50	4	54	0.00000
Virgibacillus_sp._Bac332	2419842	S	34	4	38	0.00000
Virgibacillus_sp._MSP4-1	2700081	S	34	8	42	0.00000
Virgibacillus_sp._SK37	403957	S	18	19	37	0.00000
Virgibacillus_sp._Bac330	2419841	S	17	20	37	0.00000
Virgibacillus_phasianinus	2017483	S	36	5	41	0.00000
Virgibacillus_necropolis	163877	S	32	5	37	0.00000
Virgibacillus_halodenitrificans	1482	S	19	14	33	0.00000
Virgibacillus_dokdonensis	302167	S	10	12	22	0.00000
Salicibibacter_kimchii	2099786	S	74	7	81	0.00001
Salicibibacter_cibarius	2743000	S	72	17	89	0.00001
Salicibibacter_halophilus	2502791	S	70	19	89	0.00001
Salicibibacter_cibi	2743001	S	52	8	60	0.00000
Weizmannia_coagulans	1398	S	288	135	423	0.00003
Halobacillus_sp._SSBR10-3	2932257	S	62	8	70	0.00001
Halobacillus_sp._SSTM10-2	2932258	S	50	9	59	0.00000
Halobacillus_sp._SSHM10-5	2932259	S	42	8	50	0.00000
Halobacillus_halophilus	1570	S	48	86	134	0.00001
Halobacillus_mangrovi	402384	S	43	6	49	0.00000
Halobacillus_litoralis	45668	S	33	5	38	0.00000
Salisediminibacterium_selenitireducens	85683	S	140	22	162	0.00001
Salisediminibacterium_beveridgei	632773	S	103	16	119	0.00001
Fictibacillus_arsenicus	255247	S	119	21	140	0.00001
Fictibacillus_phosphorivorans	1221500	S	79	13	92	0.00001
Sutcliffiella_horikoshii	79883	S	128	39	167	0.00001
Sutcliffiella_cohnii	33932	S	62	30	92	0.00001
Gottfriedia_acidiceleris	371036	S	179	60	239	0.00002
Heyndrickxia_oleronia	38875	S	67	30	97	0.00001
Heyndrickxia_vini	1476025	S	66	23	89	0.00001
Oceanobacillus_zhaokaii	2052660	S	75	16	91	0.00001
Oceanobacillus_kimchii	746691	S	23	4	27	0.00000
Oceanobacillus_iheyensis	182710	S	22	6	28	0.00000
Lentibacillus_amyloliquefaciens	1472767	S	58	7	65	0.00000
Lentibacillus_sp._CBA3610	2518176	S	57	4	61	0.00000
Caldalkalibacillus_thermarum	296745	S	107	22	129	0.00001
Gracilibacillus_sp._SSPM10-3	2932255	S	31	5	36	0.00000
Gracilibacillus_sp._SSWR10-1	2932256	S	27	4	31	0.00000
Gracilibacillus_salitolerans	2663022	S	47	5	52	0.00000
Psychrobacillus_sp._INOP01	2829187	S	46	16	62	0.00000
Psychrobacillus_glaciei	2283160	S	43	16	59	0.00000
Caldibacillus_thermoamylovorans	35841	S	85	33	118	0.00001
Pontibacillus_sp._ALD_SL1	2777185	S	47	7	54	0.00000
Pontibacillus_sp._HMF3514	2692425	S	31	5	36	0.00000
Aeribacillus_pallidus	33936	S	73	40	113	0.00001
Lederbergia_lenta	1467	S	69	19	88	0.00001
Sediminibacillus_sp._DP4-553-S	2729421	S	68	13	81	0.00001
Anaerobacillus_isosaccharinicus	1532552	S	64	16	80	0.00001
Salimicrobium_jeotgali	1230341	S	62	10	72	0.00001
Pradoshia_sp._D12	2651284	S	61	20	81	0.00001
Halalkalibacterium_halodurans	86665	S	56	38	94	0.00001
Alkalihalophilus_pseudofirmus	79885	S	54	10	64	0.00000
Mangrovibacillus_cuniculi	2593652	S	49	29	78	0.00001
Evansella_cellulosilytica	1413	S	46	7	53	0.00000
Radiobacillus_deserti	2594883	S	20	4	24	0.00000
Radiobacillus_sp._80	2844358	S	20	4	24	0.00000
Paraliobacillus_zengyii	2213194	S	23	4	27	0.00000
Amphibacillus_xylanus	1449	S	23	4	27	0.00000
Paenibacillus_sp._B01	2660554	S	1799	657	2456	0.00018
Paenibacillus_sp._RUD330	2023772	S	1021	122	1143	0.00008
Paenibacillus_sp._32O-W	1695218	S	837	89	926	0.00007
Paenibacillus_sp._H1-7	2282849	S	463	47	510	0.00004
Paenibacillus_sp._R14(2021)	2859228	S	440	69	509	0.00004
Paenibacillus_sp._sptzw28	715179	S	313	31	344	0.00002
Paenibacillus_sp._URB8-2	2741301	S	285	79	364	0.00003
Paenibacillus_sp._BIHB4019	1870819	S	278	24	302	0.00002
Paenibacillus_sp._FSL_R7-0273	1536772	S	257	50	307	0.00002
Paenibacillus_sp._HWE-109	1306526	S	230	21	251	0.00002
Paenibacillus_sp._YPD9-1	2908839	S	226	31	257	0.00002
Paenibacillus_sp._CAA11	1532905	S	226	49	275	0.00002
Paenibacillus_sp._JZ16	1906272	S	225	65	290	0.00002
Paenibacillus_sp._PK3_47	2072642	S	217	34	251	0.00002
Paenibacillus_sp._FSL_R7-0331	1536773	S	216	43	259	0.00002
Paenibacillus_sp._FSL_H7-0357	1536774	S	204	32	236	0.00002
Paenibacillus_sp._Y412MC10	481743	S	203	494	697	0.00005
Paenibacillus_sp._PAMC21692	2762320	S	193	202	395	0.00003
Paenibacillus_sp._JNUCC-32	2777984	S	170	439	609	0.00004
Paenibacillus_sp._FSL_R5-0912	1536771	S	106	65	171	0.00001
Paenibacillus_sp._YPG26	2878915	S	103	23	126	0.00001
Paenibacillus_sp._19GGS1-52	2758563	S	99	11	110	0.00001
Paenibacillus_sp._FSL_P4-0081	1536769	S	93	64	157	0.00001
Paenibacillus_sp._DCT19	2211212	S	84	16	100	0.00001
Paenibacillus_sp._IHB_B_3084	867076	S	81	56	137	0.00001
Paenibacillus_sp._JNUCC-31	2777983	S	80	26	106	0.00001
Paenibacillus_sp._481	2835869	S	78	8	86	0.00001
Paenibacillus_sp._FSL_R5-0345	1536770	S	51	17	68	0.00000
Paenibacillus_sp._E222	2748863	S	48	20	68	0.00000
Paenibacillus_sp._IHBB_10380	1566358	S	48	10	58	0.00000
Paenibacillus_sp._FSL_H7-0737	1536775	S	39	14	53	0.00000
Paenibacillus_sp._N3/727	2925845	S	38	56	94	0.00001
Paenibacillus_sp._Cedars	1980674	S	29	210	239	0.00002
Paenibacillus_mucilaginosus	61624	S	1759	138	1897	0.00014
Paenibacillus_albicereus	2726185	S	1557	530	2087	0.00015
Paenibacillus_lycopersici	2704462	S	1232	168	1400	0.00010
Paenibacillus_cellulositrophicus	562959	S	884	99	983	0.00007
Paenibacillus_macerans	44252	S	700	71	771	0.00006
Paenibacillus_rhizovicinus	2704463	S	695	103	798	0.00006
Paenibacillus_beijingensis	1126833	S	635	81	716	0.00005
Paenibacillus_konkukensis	2020716	S	601	73	674	0.00005
Paenibacillus_dendritiformis	130049	S	578	119	697	0.00005
Paenibacillus_thiaminolyticus	49283	S	529	108	637	0.00005
Paenibacillus_chitinolyticus	79263	S	464	63	527	0.00004
Paenibacillus_stellifer	169760	S	445	91	536	0.00004
Paenibacillus_ihbetae	1870820	S	409	66	475	0.00003
Paenibacillus_cellulosilyticus	375489	S	406	57	463	0.00003
Paenibacillus_durus	44251	S	360	159	519	0.00004
Paenibacillus_sabinae	365617	S	316	93	409	0.00003
Paenibacillus_xylanilyticus	248903	S	308	74	382	0.00003
Paenibacillus_barcinonensis	198119	S	304	59	363	0.00003
Paenibacillus_donghaensis	414771	S	295	36	331	0.00002
Paenibacillus_albus	2495582	S	292	43	335	0.00002
Paenibacillus_naphthalenovorans	162209	S	264	41	305	0.00002
Paenibacillus_riograndensis	483937	S	100	83	183	0.00001
Paenibacillus_sonchi	373687	S	97	162	259	0.00002
Paenibacillus_tritici	1873425	S	231	41	272	0.00002
Paenibacillus_protaetiae	2509456	S	223	36	259	0.00002
Paenibacillus_swuensis	1178515	S	221	34	255	0.00002
Paenibacillus_azoreducens	116718	S	209	28	237	0.00002
Paenibacillus_agaridevorans	171404	S	208	281	489	0.00004
Paenibacillus_algicola	2565926	S	206	37	243	0.00002
Paenibacillus_polymyxa	1406	S	197	795	992	0.00007
Paenibacillus_lautus	1401	S	190	292	482	0.00003
Paenibacillus_yonginensis	1462996	S	184	96	280	0.00002
Paenibacillus_sophorae	1333845	S	184	79	263	0.00002
Paenibacillus_physcomitrellae	1619311	S	182	75	257	0.00002
Paenibacillus_tianjinensis	2810347	S	171	34	205	0.00001
Paenibacillus_borealis	160799	S	168	72	240	0.00002
Paenibacillus_guangzhouensis	1473112	S	165	18	183	0.00001
Paenibacillus_alvei	44250	S	148	21	169	0.00001
Paenibacillus_lentus	1338368	S	126	14	140	0.00001
Paenibacillus_jilunlii	682956	S	125	105	230	0.00002
Paenibacillus_lutimineralis	2707005	S	123	18	141	0.00001
Paenibacillus_graminis	189425	S	122	78	200	0.00001
Paenibacillus_psychroresistens	1778678	S	112	7	119	0.00001
Paenibacillus_baekrokdamisoli	1712516	S	110	13	123	0.00001
Paenibacillus_bovis	1616788	S	110	16	126	0.00001
Paenibacillus_kribbensis	172713	S	91	41	132	0.00001
Paenibacillus_larvae	1464	S	89	6	95	0.00001
Paenibacillus_pabuli	1472	S	89	39	128	0.00001
Paenibacillus_odorifer	189426	S	84	18	102	0.00001
Paenibacillus_brasilensis	128574	S	74	41	115	0.00001
Paenibacillus_terrae	159743	S	71	42	113	0.00001
Paenibacillus_crassostreae	1763538	S	45	8	53	0.00000
Paenibacillus_uliginis	683737	S	38	51	89	0.00001
Paenibacillus_antarcticus	253703	S	35	6	41	0.00000
Paenibacillus_xylanexedens	528191	S	33	28	61	0.00000
Paenibacillus_peoriae	59893	S	26	187	213	0.00002
Paenibacillus_glucanolyticus	59843	S	21	156	177	0.00001
Brevibacillus_marinus	2496837	S	697	123	820	0.00006
Brevibacillus_agri	51101	S	575	153	728	0.00005
Brevibacillus_composti	2796470	S	459	123	582	0.00004
Brevibacillus_sp._MMS20-4M-10-Y	2895522	S	304	44	348	0.00002
Brevibacillus_sp._HD3.3A	2738979	S	49	230	279	0.00002
Brevibacillus_sp._DP1.3A	2738867	S	28	27	55	0.00000
Brevibacillus_brevis	1393	S	321	194	515	0.00004
Brevibacillus_choshinensis	54911	S	285	70	355	0.00003
Brevibacillus_laterosporus	1465	S	121	197	318	0.00002
Brevibacillus_formosus	54913	S	43	40	83	0.00001
Brevibacillus_parabrevis	54914	S	27	131	158	0.00001
Cohnella_sp._LGH	1619153	S	627	239	866	0.00006
Cohnella_sp._MFER-1	2728023	S	319	46	365	0.00003
Cohnella_candidum	2674991	S	929	127	1056	0.00008
Cohnella_cholangitidis	2598458	S	274	51	325	0.00002
Cohnella_abietis	2507935	S	75	9	84	0.00001
Thermobacillus_composti	377615	S	1685	258	1943	0.00014
Saccharibacillus_brassicae	2583377	S	1065	138	1203	0.00009
Aneurinibacillus_soli	1500254	S	161	189	350	0.00003
Alicyclobacillus_acidocaldarius	405212	S	1895	176	2071	0.00015
Alicyclobacillus_mengziensis	2931921	S	225	16	241	0.00002
Alicyclobacillus_acidoterrestris	1450	S	224	38	262	0.00002
Alicyclobacillus_sp._SO9	2665646	S	122	10	132	0.00001
Alicyclobacillus_sp._TC	2606450	S	45	6	51	0.00000
Tumebacillus_avium	1903704	S	1340	620	1960	0.00014
Tumebacillus_algifaecis	1214604	S	588	229	817	0.00006
Kyrpidia_spormannii	2055160	S	324	162	486	0.00003
Kyrpidia_tusciae	33943	S	191	134	325	0.00002
Effusibacillus_dendaii	2743772	S	152	21	173	0.00001
Planococcus_plakortidis	1038856	S	185	117	302	0.00002
Planococcus_sp._MB-3u-03	2058136	S	78	53	131	0.00001
Planococcus_sp._107-1	2908840	S	56	26	82	0.00001
Planococcus_sp._PAMC_21323	1526927	S	25	12	37	0.00000
Planococcus_lenghuensis	2213202	S	142	34	176	0.00001
Planococcus_maritimus	192421	S	137	64	201	0.00001
Planococcus_glaciei	459472	S	129	43	172	0.00001
Planococcus_rifietoensis	200991	S	96	70	166	0.00001
Planococcus_massiliensis	1499687	S	78	18	96	0.00001
Planococcus_halotolerans	2233542	S	70	24	94	0.00001
Planococcus_antarcticus	161360	S	38	13	51	0.00000
Planococcus_versutus	1302659	S	20	10	30	0.00000
Planococcus_halocryophilus	1215089	S	16	8	24	0.00000
Planococcus_donghaensis	414778	S	15	9	24	0.00000
Planococcus_kocurii	1374	S	10	32	42	0.00000
Sporosarcina_sp._Marseille-Q4063	2810514	S	110	22	132	0.00001
Sporosarcina_sp._Te-1	2818390	S	54	14	68	0.00000
Sporosarcina_sp._PTS2304	2283194	S	25	8	33	0.00000
Sporosarcina_sp._P37	1930546	S	14	53	67	0.00000
Sporosarcina_sp._resist	2762563	S	13	61	74	0.00001
Sporosarcina_ureae	1571	S	116	37	153	0.00001
Sporosarcina_pasteurii	1474	S	25	9	34	0.00000
Sporosarcina_ureilytica	298596	S	22	8	30	0.00000
Solibacillus_silvestris	76853	S	85	37	122	0.00001
Solibacillus_sp._R5-41	2048654	S	37	18	55	0.00000
Ureibacillus_thermosphaericus	51173	S	49	68	117	0.00001
Ureibacillus_thermophilus	367743	S	36	23	59	0.00000
Jeotgalibacillus_malaysiensis	1508404	S	56	21	77	0.00001
Paenisporosarcina_cavernae	2320858	S	27	17	44	0.00000
Paenisporosarcina_antarctica	417367	S	24	8	32	0.00000
Viridibacillus_sp._JNUCC-6	2779527	S	37	15	52	0.00000
Kurthia_sp._11kri321	1750719	S	22	14	36	0.00000
Kurthia_zopfii	1650	S	11	6	17	0.00000
Rummeliibacillus_stabekisii	241244	S	32	18	50	0.00000
Staphylospora_marina	2490858	S	433	79	512	0.00004
Kroppenstedtia_eburnea	714067	S	302	33	335	0.00002
Kroppenstedtia_pulmonis	1380685	S	79	6	85	0.00001
Polycladomyces_abyssicola	1125966	S	278	30	308	0.00002
Novibacillus_thermophilus	1471761	S	257	38	295	0.00002
Laceyella_sacchari	37482	S	193	50	243	0.00002
Thermoactinomyces_vulgaris	2026	S	131	29	160	0.00001
Exiguobacterium_alkaliphilum	1428684	S	265	96	361	0.00003
Exiguobacterium_sp._Helios	2735868	S	50	23	73	0.00001
Exiguobacterium_sp._N4-1P	2051906	S	49	33	82	0.00001
Exiguobacterium_sp._PFWT01	2829816	S	29	36	65	0.00000
Exiguobacterium_sp._AT1b	360911	S	24	29	53	0.00000
Exiguobacterium_sp._MH3	1399115	S	19	26	45	0.00000
Exiguobacterium_mexicanum	340146	S	179	69	248	0.00002
Exiguobacterium_acetylicum	41170	S	102	165	267	0.00002
Exiguobacterium_sibiricum	332410	S	55	27	82	0.00001
Exiguobacterium_antarcticum	132920	S	54	20	74	0.00001
Gemella_morbillorum	29391	S	10	18	28	0.00000
Staphylococcus_aureus	1280	S	71	4412	4483	0.00032
Staphylococcus_epidermidis	1282	S	44	38	82	0.00001
Staphylococcus_pseudintermedius	283734	S	18	45	63	0.00000
Staphylococcus_haemolyticus	1283	S	21	22	43	0.00000
Staphylococcus_lugdunensis	28035	S	21	10	31	0.00000
Staphylococcus_schleiferi	1295	S	20	30	50	0.00000
Staphylococcus_pettenkoferi	170573	S	18	4	22	0.00000
Staphylococcus_capitis	29388	S	17	17	34	0.00000
Staphylococcus_lutrae	155085	S	15	6	21	0.00000
Staphylococcus_simiae	308354	S	14	8	22	0.00000
Staphylococcus_muscae	1294	S	13	6	19	0.00000
Staphylococcus_felis	46127	S	13	6	19	0.00000
Staphylococcus_simulans	1286	S	11	4	15	0.00000
Staphylococcus_warneri	1292	S	11	14	25	0.00000
Staphylococcus_arlettae	29378	S	10	7	17	0.00000
Staphylococcus_edaphicus	1955013	S	10	3	13	0.00000
Staphylococcus_hominis	1290	S	10	9	19	0.00000
Macrococcus_brunensis	198483	S	34	11	45	0.00000
Macrococcus_canis	1855823	S	21	10	31	0.00000
Macrococcus_armenti	2875764	S	16	8	24	0.00000
Macrococcus_caseolyticus	69966	S	10	29	39	0.00000
Jeotgalicoccus_sp._WY2	2708346	S	23	5	28	0.00000
Jeotgalicoccus_saudimassiliensis	1461582	S	26	4	30	0.00000
Mammaliicoccus_sciuri	1296	S	24	16	40	0.00000
Salinicoccus_halodurans	407035	S	40	12	52	0.00000
Abyssicoccus_albus	1817405	S	13	3	16	0.00000
Nosocomiicoccus_ampullae	489910	S	12	2	14	0.00000
Listeria_monocytogenes	1639	S	69	44	113	0.00001
Listeria_weihenstephanensis	1006155	S	30	7	37	0.00000
Listeria_innocua	1642	S	24	35	59	0.00000
Listeria_grayi	1641	S	23	7	30	0.00000
Listeria_seeligeri	1640	S	16	9	25	0.00000
Listeria_marthii	529731	S	16	9	25	0.00000
Listeria_sp._PSOL-1	1844999	S	14	4	18	0.00000
Brochothrix_thermosphacta	2756	S	35	12	47	0.00000
Sporolactobacillus_terrae	269673	S	113	17	130	0.00001
Limosilactobacillus_fermentum	1613	S	155	131	286	0.00002
Limosilactobacillus_pontis	35787	S	111	67	178	0.00001
Limosilactobacillus_mucosae	97478	S	88	51	139	0.00001
Limosilactobacillus_reuteri	1598	S	42	44	86	0.00001
Limosilactobacillus_panis	47493	S	41	18	59	0.00000
Levilactobacillus_zymae	267363	S	158	57	215	0.00002
Levilactobacillus_brevis	1580	S	88	35	123	0.00001
Levilactobacillus_suantsaii	2292255	S	56	26	82	0.00001
Levilactobacillus_koreensis	637971	S	32	6	38	0.00000
Lactobacillus_delbrueckii	1584	S	137	449	586	0.00004
Lactobacillus_sp._3B(2020)	2695882	S	12	4	16	0.00000
Lactobacillus_panisapium	2012495	S	16	3	19	0.00000
Lactobacillus_kullabergensis	1218493	S	13	2	15	0.00000
Lactobacillus_kefiranofaciens	267818	S	12	13	25	0.00000
Lactobacillus_johnsonii	33959	S	11	9	20	0.00000
Lactobacillus_crispatus	47770	S	11	7	18	0.00000
Lactobacillus_jensenii	109790	S	11	30	41	0.00000
Lactobacillus_apis	303541	S	10	2	12	0.00000
Lacticaseibacillus_casei	1582	S	60	29	89	0.00001
Lacticaseibacillus_rhamnosus	47715	S	48	10	58	0.00000
Lacticaseibacillus_manihotivorans	88233	S	46	15	61	0.00000
Lacticaseibacillus_paracasei	1597	S	31	72	103	0.00001
Lacticaseibacillus_zeae	57037	S	24	14	38	0.00000
Lacticaseibacillus_chiayiensis	2100821	S	22	4	26	0.00000
Schleiferilactobacillus_harbinensis	304207	S	152	18	170	0.00001
Lactiplantibacillus_pentosus	1589	S	61	19	80	0.00001
Lactiplantibacillus_plantarum	1590	S	55	41	96	0.00001
Lactiplantibacillus_paraplantarum	60520	S	11	3	14	0.00000
Ligilactobacillus_ruminis	1623	S	64	24	88	0.00001
Ligilactobacillus_agilis	1601	S	16	11	27	0.00000
Ligilactobacillus_animalis	1605	S	13	16	29	0.00000
Ligilactobacillus_salivarius	1624	S	12	15	27	0.00000
Leuconostoc_lactis	1246	S	39	47	86	0.00001
Leuconostoc_mesenteroides	1245	S	16	19	35	0.00000
Leuconostoc_gelidum	1244	S	12	2	14	0.00000
Weissella_cibaria	137591	S	23	15	38	0.00000
Weissella_confusa	1583	S	21	14	35	0.00000
Weissella_soli	155866	S	12	3	15	0.00000
Weissella_paramesenteroides	1249	S	10	9	19	0.00000
Lentilactobacillus_parabuchneri	152331	S	22	7	29	0.00000
Lentilactobacillus_buchneri	1581	S	21	10	31	0.00000
Lentilactobacillus_hilgardii	1588	S	16	4	20	0.00000
Loigolactobacillus_coryniformis	1610	S	33	33	66	0.00000
Loigolactobacillus_bifermentans	1607	S	23	6	29	0.00000
Loigolactobacillus_backii	375175	S	17	9	26	0.00000
Pediococcus_acidilactici	1254	S	34	17	51	0.00000
Pediococcus_damnosus	51663	S	17	8	25	0.00000
Oenococcus_kitaharae	336988	S	36	4	40	0.00000
Oenococcus_sicerae	2203724	S	10	0	10	0.00000
Latilactobacillus_sakei	1599	S	28	12	40	0.00000
Latilactobacillus_curvatus	28038	S	15	8	23	0.00000
Secundilactobacillus_paracollinoides	240427	S	43	19	62	0.00000
Furfurilactobacillus_rossiae	231049	S	37	7	44	0.00000
Liquorilactobacillus_nagelii	82688	S	14	7	21	0.00000
Liquorilactobacillus_mali	1618	S	11	7	18	0.00000
Periweissella_cryptocerci	2506420	S	21	2	23	0.00000
Amylolactobacillus_amylophilus	1603	S	21	20	41	0.00000
Apilactobacillus_kunkeei	148814	S	13	2	15	0.00000
Lapidilactobacillus_dextrinicus	51664	S	13	3	16	0.00000
Acetilactobacillus_jinshanensis	1720083	S	11	0	11	0.00000
Streptococcus_sp._HKU75	2781599	S	25	9	34	0.00000
Streptococcus_suis	1307	S	67	178	245	0.00002
Streptococcus_sanguinis	1305	S	61	20	81	0.00001
Streptococcus_oralis	1303	S	38	52	90	0.00001
Streptococcus_cristatus	45634	S	33	50	83	0.00001
Streptococcus_thermophilus	1308	S	24	409	433	0.00003
Streptococcus_equi	1336	S	15	6	21	0.00000
Streptococcus_sobrinus	1310	S	21	4	25	0.00000
Streptococcus_pyogenes	1314	S	21	49	70	0.00001
Streptococcus_gordonii	1302	S	19	8	27	0.00000
Streptococcus_merionis	400065	S	19	2	21	0.00000
Streptococcus_salivarius	1304	S	18	30	48	0.00000
Streptococcus_anginosus	1328	S	12	32	44	0.00000
Streptococcus_ratti	1341	S	15	2	17	0.00000
Streptococcus_ferus	1345	S	15	3	18	0.00000
Streptococcus_chenjunshii	2173853	S	14	1	15	0.00000
Streptococcus_mitis	28037	S	14	14	28	0.00000
Streptococcus_pantholopis	1811193	S	13	1	14	0.00000
Streptococcus_pseudoporcinus	361101	S	11	13	24	0.00000
Streptococcus_respiraculi	2021971	S	11	3	14	0.00000
Streptococcus_halotolerans	1814128	S	10	2	12	0.00000
Streptococcus_equinus	1335	S	10	9	19	0.00000
Streptococcus_uberis	1349	S	10	3	13	0.00000
Streptococcus_infantis	68892	S	10	5	15	0.00000
Streptococcus_pluranimalium	82348	S	10	5	15	0.00000
Lactococcus_raffinolactis	1366	S	20	11	31	0.00000
Lactococcus_garvieae	1363	S	19	36	55	0.00000
Lactococcus_lactis	1358	S	16	40	56	0.00000
Lactococcus_protaetiae	2592653	S	14	4	18	0.00000
Lactococcus_cremoris	1359	S	13	16	29	0.00000
Floricoccus_penangensis	1859475	S	17	4	21	0.00000
Enterococcus_avium	33945	S	42	24	66	0.00000
Enterococcus_faecium	1352	S	36	474	510	0.00004
Enterococcus_raffinosus	71452	S	31	19	50	0.00000
Enterococcus_gilvus	160453	S	28	13	41	0.00000
Enterococcus_casseliflavus	37734	S	26	46	72	0.00001
Enterococcus_cecorum	44008	S	24	20	44	0.00000
Enterococcus_faecalis	1351	S	24	37	61	0.00000
Enterococcus_durans	53345	S	21	22	43	0.00000
Enterococcus_mundtii	53346	S	21	9	30	0.00000
Enterococcus_hirae	1354	S	12	10	22	0.00000
Enterococcus_rotai	118060	S	11	0	11	0.00000
Enterococcus_thailandicus	417368	S	11	5	16	0.00000
Enterococcus_wangshanyuanii	2005703	S	10	1	11	0.00000
Vagococcus_lutrae	81947	S	26	58	84	0.00001
Vagococcus_penaei	633807	S	12	13	25	0.00000
Tetragenococcus_halophilus	51669	S	33	21	54	0.00000
Tetragenococcus_osmophilus	526944	S	11	8	19	0.00000
Tetragenococcus_koreensis	290335	S	10	5	15	0.00000
Melissococcus_plutonius	33970	S	11	2	13	0.00000
Aerococcus_sanguinicola	119206	S	42	9	51	0.00000
Aerococcus_urinae	1376	S	22	8	30	0.00000
Aerococcus_christensenii	87541	S	17	27	44	0.00000
Aerococcus_urinaeequi	51665	S	16	73	89	0.00001
Aerococcus_urinaehominis	128944	S	14	2	16	0.00000
Abiotrophia_defectiva	46125	S	30	9	39	0.00000
Ignavigranum_ruoffiae	89093	S	13	2	15	0.00000
Suicoccus_acidiformans	2036206	S	11	7	18	0.00000
Jeotgalibaca_sp._MA1X17-3	2908211	S	11	3	14	0.00000
Jeotgalibaca_dankookensis	708126	S	15	6	21	0.00000
Jeotgalibaca_porci	1868793	S	13	14	27	0.00000
Jeotgalibaca_ciconiae	2496265	S	10	12	22	0.00000
Carnobacterium_maltaromaticum	2751	S	23	9	32	0.00000
Carnobacterium_divergens	2748	S	12	3	15	0.00000
Carnobacterium_inhibens	147709	S	11	10	21	0.00000
Dolosigranulum_pigrum	29394	S	32	11	43	0.00000
Granulicatella_adiacens	46124	S	12	7	19	0.00000
Marinilactibacillus_sp._15R	1911586	S	18	8	26	0.00000
Faecalibacterium_prausnitzii	853	S	1375	1441	2816	0.00020
Dysosmobacter_sp._Marseille-Q4140	2830675	S	561	266	827	0.00006
Dysosmobacter_welbionis	2093857	S	427	338	765	0.00005
Flavonifractor_plautii	292800	S	851	242	1093	0.00008
Ethanoligenens_harbinense	253239	S	478	28	506	0.00004
Vescimonas_coprocola	2714355	S	258	243	501	0.00004
Vescimonas_fastidiosa	2714353	S	173	296	469	0.00003
Ruthenibacterium_lactatiformans	1550024	S	413	135	548	0.00004
Anaerotruncus_colihominis	169435	S	365	214	579	0.00004
Caproiciproducens_sp._NJN-50	2507162	S	343	48	391	0.00003
Oscillibacter_sp._NSJ-62	2763056	S	293	101	394	0.00003
Caproicibacter_fermentans	2576756	S	241	15	256	0.00002
Acutalibacter_muris	1796620	S	209	11	220	0.00002
Ruminococcus_champanellensis	1161942	S	112	9	121	0.00001
Ruminococcus_albus	1264	S	41	1	42	0.00000
Ruminococcus_bicirculans	1160721	S	23	6	29	0.00000
Ruminococcus_bovis	2564099	S	18	2	20	0.00000
Pusillibacter_faecalis	2714358	S	198	146	344	0.00002
Solibaculum_mannosilyticum	2780922	S	173	184	357	0.00003
Caproicibacterium_amylolyticum	2766537	S	86	7	93	0.00001
Caproicibacterium_lactatifermentans	2666138	S	66	9	75	0.00001
Acetivibrio_thermocellus	1515	S	42	0	42	0.00000
Acetivibrio_clariflavus	288965	S	36	24	60	0.00000
Acetivibrio_saccincola	1677857	S	22	13	35	0.00000
Pseudoclostridium_thermosuccinogenes	84032	S	55	14	69	0.00000
Thermoclostridium_stercorarium	1510	S	46	5	51	0.00000
Ruminiclostridium_cellulolyticum	1521	S	28	6	34	0.00000
Ruminiclostridium_herbifermentans	2488810	S	18	4	22	0.00000
Mageeibacillus_indolicus	884684	S	39	55	94	0.00001
Monoglobus_pectinilyticus	1981510	S	26	14	40	0.00000
Fastidiosipila_sanguinis	236753	S	18	12	30	0.00000
Thermaerobacter_sp._FW80	2546351	S	2014	421	2435	0.00017
Thermaerobacter_sp._PB12/4term	2293838	S	1466	368	1834	0.00013
Thermaerobacter_marianensis	73919	S	1638	426	2064	0.00015
Intestinimonas_butyriciproducens	1297617	S	373	153	526	0.00004
Aminipila_luticellarii	2507160	S	67	7	74	0.00001
Aminipila_butyrica	433296	S	50	5	55	0.00000
Aminipila_terrae	2697030	S	40	4	44	0.00000
Emergencia_timonensis	1776384	S	102	40	142	0.00001
Mogibacterium_pumilum	86332	S	11	6	17	0.00000
Mogibacterium_diversum	114527	S	10	7	17	0.00000
Flintibacter_sp._KGMB00164	2610895	S	263	35	298	0.00002
Massilistercora_timonensis	2086584	S	139	158	297	0.00002
Carboxydocella_thermautotrophica	178899	S	105	11	116	0.00001
Clostridium_sp._DL-VIII	641107	S	292	42	334	0.00002
Clostridium_sp._C5S11	704125	S	229	24	253	0.00002
Clostridium_sp._SY8519	1042156	S	100	32	132	0.00001
Clostridium_sp._M62/1	411486	S	84	116	200	0.00001
Clostridium_sp._JN-9	2507159	S	67	9	76	0.00001
Clostridium_sp._JN-1	2483110	S	65	8	73	0.00001
Clostridium_sp._BNL1100	755731	S	54	6	60	0.00000
Clostridium_sp._BJN0001	2930219	S	32	7	39	0.00000
Clostridium_sp._AWRP	2212991	S	20	24	44	0.00000
Clostridium_sp._MD294	97138	S	13	0	13	0.00000
Clostridium_sp._'deep_sea'	2779445	S	11	0	11	0.00000
Clostridium_tetani	1513	S	478	47	525	0.00004
Clostridium_beijerinckii	1520	S	375	442	817	0.00006
Clostridium_botulinum	1491	S	311	183	494	0.00004
Clostridium_saccharoperbutylacetonicum	36745	S	215	30	245	0.00002
Clostridium_perfringens	1502	S	166	38	204	0.00001
Clostridium_thermarum	1716543	S	157	88	245	0.00002
Clostridium_saccharobutylicum	169679	S	149	901	1050	0.00008
Clostridium_manihotivorum	2320868	S	129	11	140	0.00001
Clostridium_pasteurianum	1501	S	115	15	130	0.00001
Clostridium_cellulovorans	1493	S	114	16	130	0.00001
Clostridium_intestinale	36845	S	99	10	109	0.00001
Clostridium_argentinense	29341	S	91	10	101	0.00001
Clostridium_carboxidivorans	217159	S	90	16	106	0.00001
Clostridium_butyricum	1492	S	84	11	95	0.00001
Clostridium_baratii	1561	S	74	14	88	0.00001
Clostridium_kluyveri	1534	S	67	4	71	0.00001
Clostridium_cadaveris	1529	S	50	11	61	0.00000
Clostridium_tyrobutyricum	1519	S	48	3	51	0.00000
Clostridium_estertheticum	238834	S	46	6	52	0.00000
Clostridium_fermenticellae	2068654	S	45	4	49	0.00000
Clostridium_gasigenes	94869	S	45	6	51	0.00000
Clostridium_scatologenes	1548	S	44	29	73	0.00001
Clostridium_sporogenes	1509	S	42	158	200	0.00001
Clostridium_bornimense	1216932	S	37	12	49	0.00000
Clostridium_taeniosporum	394958	S	35	4	39	0.00000
Clostridium_isatidis	182773	S	34	13	47	0.00000
Clostridium_drakei	332101	S	30	14	44	0.00000
Clostridium_acetobutylicum	1488	S	28	1	29	0.00000
Clostridium_novyi	1542	S	25	102	127	0.00001
Clostridium_chauvoei	46867	S	24	4	28	0.00000
Clostridium_aceticum	84022	S	24	1	25	0.00000
Clostridium_septicum	1504	S	23	4	27	0.00000
Clostridium_formicaceticum	1497	S	18	2	20	0.00000
Clostridium_diolis	223919	S	17	133	150	0.00001
Clostridium_cochlearium	1494	S	16	4	20	0.00000
Hungatella_hathewayi	154046	S	182	6	188	0.00001
Alkaliphilus_sp._B6464	2731219	S	40	12	52	0.00000
Alkaliphilus_metalliredigens	208226	S	31	6	37	0.00000
Alkaliphilus_oremlandii	461876	S	20	7	27	0.00000
Crassaminicella_thermophila	2599308	S	23	7	30	0.00000
Crassaminicella_profunda	1286698	S	17	3	20	0.00000
Crassaminicella_sp._143-21	2855394	S	15	7	22	0.00000
Caloramator_sp._E03	2576307	S	44	3	47	0.00000
Geosporobacter_ferrireducens	1424294	S	32	3	35	0.00000
Paraclostridium_bifermentans	1490	S	28	8	36	0.00000
Hathewaya_histolytica	1498	S	20	3	23	0.00000
Serpentinicella_alkaliphila	1734049	S	20	2	22	0.00000
Sarcina_sp._JB2	2726954	S	15	3	18	0.00000
Symbiobacterium_thermophilum	2734	S	2516	231	2747	0.00020
[Clostridium]_hylemonae	89153	S	130	38	168	0.00001
[Clostridium]_scindens	29347	S	120	53	173	0.00001
Lachnoclostridium_phocaeense	1871021	S	113	108	221	0.00002
Lachnoclostridium_phytofermentans	66219	S	33	1	34	0.00000
Lachnoclostridium_sp._YL32	1834196	S	32	44	76	0.00001
Blautia_producta	33035	S	93	18	111	0.00001
Blautia_sp._NBRC_113351	2877527	S	65	78	143	0.00001
Blautia_sp._SC05B48	2479767	S	19	51	70	0.00001
Blautia_pseudococcoides	1796616	S	45	6	51	0.00000
Blautia_liquoris	2779518	S	36	2	38	0.00000
Blautia_obeum	40520	S	23	22	45	0.00000
Blautia_hansenii	1322	S	19	13	32	0.00000
Blautia_argi	1912897	S	19	18	37	0.00000
Blautia_massiliensis	1737424	S	14	28	42	0.00000
Lachnospiraceae_bacterium_NSJ-29	2763667	S	81	26	107	0.00001
Lachnospiraceae_bacterium_NSJ-38	2763669	S	69	30	99	0.00001
Lachnospiraceae_bacterium_sunii_NSJ-8	2763672	S	49	41	90	0.00001
Lachnospiraceae_bacterium_NSJ-4	2763670	S	24	26	50	0.00000
Anaerocolumna_cellulosilytica	433286	S	76	4	80	0.00001
Anaerocolumna_chitinilytica	1727145	S	62	2	64	0.00000
Anaerocolumna_sedimenticola	2696063	S	53	3	56	0.00000
Roseburia_hominis	301301	S	103	118	221	0.00002
Roseburia_intestinalis	166486	S	31	42	73	0.00001
Roseburia_sp._NSJ-69	2763062	S	12	6	18	0.00000
Enterocloster_bolteae	208479	S	128	43	171	0.00001
Enterocloster_clostridioformis	1531	S	25	68	93	0.00001
Anaerostipes_caccae	105841	S	50	11	61	0.00000
Anaerostipes_rhamnosivorans	1229621	S	49	23	72	0.00001
Anaerostipes_hadrus	649756	S	16	16	32	0.00000
Coprococcus_comes	410072	S	41	47	88	0.00001
Coprococcus_catus	116085	S	36	21	57	0.00000
Coprococcus_sp._ART55/1	751585	S	11	11	22	0.00000
Coprococcus_eutactus	33043	S	10	11	21	0.00000
Lacrimispora_sphenoides	29370	S	47	5	52	0.00000
Lacrimispora_saccharolytica	84030	S	42	8	50	0.00000
Butyrivibrio_fibrisolvens	831	S	46	14	60	0.00000
Butyrivibrio_hungatei	185008	S	13	3	16	0.00000
Butyrivibrio_proteoclasticus	43305	S	10	2	12	0.00000
[Ruminococcus]_gnavus	33038	S	44	49	93	0.00001
[Ruminococcus]_torques	33039	S	19	17	36	0.00000
Anaerotignum_propionicum	28446	S	57	5	62	0.00000
Sellimonas_intestinalis	1653434	S	52	31	83	0.00001
Novisyntrophococcus_fermenticellae	2068655	S	34	4	38	0.00000
Cellulosilyticum_lentocellum	29360	S	13	22	35	0.00000
Herbinix_luporum	1679721	S	26	18	44	0.00000
Dorea_longicatena	88431	S	26	26	52	0.00000
Anaerobutyricum_hallii	39488	S	23	8	31	0.00000
Lachnospira_eligens	39485	S	22	4	26	0.00000
Faecalicatena_sp._Marseille-Q4148	2823316	S	18	9	27	0.00000
Pseudobutyrivibrio_xylanivorans	185007	S	16	1	17	0.00000
Lachnoanaerobaculum_umeaense	617123	S	11	3	14	0.00000
Candidatus_Desulforudis_audaxviator	471827	S	629	34	663	0.00005
Desulforamulus_ruminis	1564	S	133	21	154	0.00001
Desulforamulus_ferrireducens	1833852	S	99	68	167	0.00001
Desulforamulus_reducens	59610	S	65	16	81	0.00001
Acididesulfobacillus_acetoxydans	1561005	S	237	10	247	0.00002
Candidatus_Formimonas_warabiya	1761012	S	170	11	181	0.00001
Thermanaerosceptrum_fracticalcis	1712410	S	103	16	119	0.00001
Desulfofarcimen_acetoxidans	58138	S	99	12	111	0.00001
Dehalobacterium_formicoaceticum	51515	S	39	7	46	0.00000
Christensenella_sp._Marseille-P3954	2086585	S	677	351	1028	0.00007
Christensenella_minuta	626937	S	214	65	279	0.00002
Heliomicrobium_modesticaldum	35701	S	721	367	1088	0.00008
Heliorestis_convoluta	356322	S	49	3	52	0.00000
Desulfitobacterium_hafniense	49338	S	130	20	150	0.00001
Desulfitobacterium_dehalogenans	36854	S	61	12	73	0.00001
Desulfitobacterium_dichloroeliminans	233055	S	39	34	73	0.00001
Desulfitobacterium_metallireducens	142877	S	32	7	39	0.00000
Desulfosporosinus_youngiae	339862	S	79	19	98	0.00001
Desulfosporosinus_orientis	1563	S	52	9	61	0.00000
Desulfosporosinus_acidiphilus	885581	S	45	7	52	0.00000
Desulfosporosinus_meridiei	79209	S	39	11	50	0.00000
Dehalobacter_restrictus	55583	S	30	57	87	0.00001
Syntrophobotulus_glycolicus	51197	S	60	4	64	0.00000
Eubacterium_limosum	1736	S	93	89	182	0.00001
Eubacterium_sp._MSJ-33	2841528	S	32	21	53	0.00000
Eubacterium_sp._c-25	2841037	S	29	16	45	0.00000
Eubacterium_sp._NSJ-61	2764325	S	15	25	40	0.00000
Eubacterium_callanderi	53442	S	44	32	76	0.00001
Eubacterium_maltosivorans	2041044	S	28	115	143	0.00001
Acetobacterium_wieringae	52694	S	62	43	105	0.00001
Acetobacterium_sp._KB-1	2184575	S	56	25	81	0.00001
Acetobacterium_woodii	33952	S	24	7	31	0.00000
Alkalibacter_sp._ES005	2815577	S	63	4	67	0.00000
Peptoclostridium_acidaminophilum	1731	S	55	10	65	0.00000
Terrisporobacter_sp._MCA3	2813371	S	54	15	69	0.00001
Clostridioides_difficile	1496	S	26	32	58	0.00000
Romboutsia_hominis	1507512	S	16	9	25	0.00000
Romboutsia_sp._CE17	2724150	S	16	12	28	0.00000
Tepidibacter_sp._8C15b	2925782	S	33	7	40	0.00000
Paeniclostridium_sordellii	1505	S	23	7	30	0.00000
Acetoanaerobium_sticklandii	1511	S	18	2	20	0.00000
Peptacetobacter_hiranonis	89152	S	13	5	18	0.00000
Filifactor_alocis	143361	S	11	16	27	0.00000
Syntrophothermus_lipocalidus	86170	S	117	13	130	0.00001
Syntrophomonas_wolfei	863	S	54	14	68	0.00000
Candidatus_Contubernalis_alkalaceticum	338645	S	46	2	48	0.00000
Candidatus_Syntrophocurvum_alkaliphilum	2293317	S	12	4	16	0.00000
Desulfoscipio_gibsoniae	102134	S	141	12	153	0.00001
Desulfotomaculum_nigrificans	1565	S	96	42	138	0.00001
Vallitalea_pronyensis	1348613	S	31	6	37	0.00000
Vallitalea_guaymasensis	1185412	S	17	4	21	0.00000
Petrocella_atlantisensis	2173034	S	37	6	43	0.00000
Thermincola_potens	863643	S	77	7	84	0.00001
Caloranaerobacter_azorensis	116090	S	48	7	55	0.00000
Alkalicella_caledoniensis	2731377	S	15	2	17	0.00000
Moorella_sp._Hama-1	2138101	S	362	85	447	0.00003
Moorella_thermoacetica	1525	S	323	61	384	0.00003
Moorella_glycerini	55779	S	282	31	313	0.00002
Ammonifex_degensii	42838	S	435	16	451	0.00003
Gelria_sp._Kuro-4	2796927	S	907	70	977	0.00007
Thermacetogenium_phaeum	85874	S	327	302	629	0.00005
Carboxydothermus_hydrogenoformans	129958	S	121	11	132	0.00001
Thermoanaerobacter_mathranii	583357	S	18	67	85	0.00001
Thermoanaerobacter_kivui	2325	S	14	16	30	0.00000
Thermanaeromonas_toyohensis	161154	S	80	2	82	0.00001
Caldanaerobacter_subterraneus	911092	S	46	65	111	0.00001
Caldicellulosiruptor_changbaiensis	1222016	S	11	66	77	0.00001
Thermoanaerobacterium_thermosaccharolyticum	1517	S	29	55	84	0.00001
Thermoanaerobacterium_sp._RBIITD	1550240	S	20	18	38	0.00000
Mahella_australiensis	252966	S	140	72	212	0.00002
Zhaonella_formicivorans	2528593	S	90	14	104	0.00001
Thermodesulfobium_acidiphilum	1794699	S	16	35	51	0.00000
Iocasia_fonsfrigidae	2682810	S	67	11	78	0.00001
Halanaerobium_hydrogeniformans	656519	S	17	9	26	0.00000
Halanaerobium_praevalens	2331	S	15	11	26	0.00000
Halothermothrix_orenii	31909	S	24	7	31	0.00000
Anoxybacter_fermentans	1323375	S	101	30	131	0.00001
Halobacteroides_halobius	42422	S	53	14	67	0.00000
Acetohalobium_arabaticum	28187	S	19	3	22	0.00000
Thermosediminibacter_oceani	291990	S	141	11	152	0.00001
Biomaibacter_acetigenes	2316383	S	90	6	96	0.00001
Tepidanaerobacter_acetatoxydans	499229	S	38	1	39	0.00000
Koleobacter_methoxysyntrophicus	2751313	S	94	8	102	0.00001
Natranaerofaba_carboxydovora	2742683	S	55	2	57	0.00000
Natranaerobius_thermophilus	375929	S	23	2	25	0.00000
Selenomonas_sp._oral_taxon_126	712528	S	488	125	613	0.00004
Selenomonas_sp._oral_taxon_920	1884263	S	331	72	403	0.00003
Selenomonas_sp._oral_taxon_478	712538	S	169	219	388	0.00003
Selenomonas_sp._oral_taxon_136	713030	S	139	170	309	0.00002
Selenomonas_sputigena	69823	S	803	64	867	0.00006
Selenomonas_timonae	2754044	S	311	139	450	0.00003
Selenomonas_ruminantium	971	S	134	12	146	0.00001
Megamonas_funiformis	437897	S	13	5	18	0.00000
Megamonas_hypermegale	158847	S	10	6	16	0.00000
Pectinatus_frisingensis	865	S	29	1	30	0.00000
Sporomusa_termitida	2377	S	160	23	183	0.00001
Pelosinus_sp._UFO1	484770	S	85	25	110	0.00001
Pelosinus_fermentans	365349	S	56	9	65	0.00000
Methylomusa_anaerophila	1930071	S	128	9	137	0.00001
Megasphaera_elsdenii	907	S	304	144	448	0.00003
Megasphaera_stantonii	2144175	S	261	157	418	0.00003
Megasphaera_massiliensis	1232428	S	131	50	181	0.00001
Dialister_pneumosintes	39950	S	11	91	102	0.00001
Veillonella_rodentium	248315	S	20	8	28	0.00000
Veillonella_parvula	29466	S	11	9	20	0.00000
Veillonella_atypica	39777	S	11	7	18	0.00000
Acidaminococcus_fermentans	905	S	212	38	250	0.00002
Acidaminococcus_intestini	187327	S	81	6	87	0.00001
Phascolarctobacterium_faecium	33025	S	76	8	84	0.00001
Phascolarctobacterium_succinatutens	626940	S	43	102	145	0.00001
Phascolarctobacterium_sp._Marseille-Q4147	2823317	S	32	21	53	0.00000
Limnochorda_pilosa	1555112	S	2286	99	2385	0.00017
Peptoniphilus_ivorii	54006	S	128	31	159	0.00001
Peptoniphilus_harei	54005	S	10	10	20	0.00000
Murdochiella_vaginalis	1852373	S	77	82	159	0.00001
Anaerococcus_mediterraneensis	1870984	S	17	33	50	0.00000
Parvimonas_micra	33033	S	19	34	53	0.00000
Finegoldia_magna	1260	S	13	12	25	0.00000
Helcococcus_kunzii	40091	S	10	4	14	0.00000
Tissierella_sp._JN-28	2507161	S	30	6	36	0.00000
Gudongella_oleilytica	1582259	S	26	5	31	0.00000
Schnuerera_ultunensis	45497	S	22	6	28	0.00000
Keratinibaculum_paraultunense	1278232	S	14	7	21	0.00000
Gottschalkia_acidurici	1556	S	37	4	41	0.00000
Ezakiella_coagulans	46507	S	102	273	375	0.00003
Ezakiella_massiliensis	1852374	S	22	13	35	0.00000
Sedimentibacter_sp._zth1	2816908	S	56	7	63	0.00000
Allobaculum_sp._Allo2	2853432	S	83	10	93	0.00001
Allobaculum_mucolyticum	2834459	S	71	9	80	0.00001
Faecalibaculum_rodentium	1702221	S	112	19	131	0.00001
[Clostridium]_innocuum	1522	S	55	48	103	0.00001
Erysipelatoclostridium_ramosum	1547	S	12	5	17	0.00000
Erysipelothrix_larvae	1514105	S	15	11	26	0.00000
Bulleidia_sp._zg-1006	2806552	S	36	14	50	0.00000
Intestinibaculum_porci	2487118	S	29	12	41	0.00000
Faecalibacillus_intestinalis	1982626	S	15	14	29	0.00000
Longicatena_caecimuris	1796635	S	11	16	27	0.00000
Amedibacterium_intestinale	2583452	S	10	17	27	0.00000
Ndongobacter_massiliensis	1871025	S	99	88	187	0.00001
endosymbiont_'TC1'_of_Trimyema_compressum	243899	S	34	2	36	0.00000
Synechococcus_sp._CBW1004	1353136	S	898	218	1116	0.00008
Synechococcus_sp._RSCCF101	2511069	S	733	165	898	0.00006
Synechococcus_sp._CBW1107	2789857	S	584	107	691	0.00005
Synechococcus_sp._JA-3-3Ab	321327	S	438	97	535	0.00004
Synechococcus_sp._SynAce01	1916956	S	424	46	470	0.00003
Synechococcus_sp._CBW1108	1353147	S	377	49	426	0.00003
Synechococcus_sp._CB0101	232348	S	358	74	432	0.00003
Synechococcus_sp._NB0720_10	2907159	S	297	73	370	0.00003
Synechococcus_sp._LA31	2741953	S	294	62	356	0.00003
Synechococcus_sp._LTW-R	2751170	S	279	64	343	0.00002
Synechococcus_sp._RS9909	221352	S	269	90	359	0.00003
Synechococcus_sp._PCC_7336	195250	S	266	8	274	0.00002
Synechococcus_sp._A10-1-5-1	2936507	S	239	51	290	0.00002
Synechococcus_sp._JA-2-3B'a(2-13)	321332	S	227	46	273	0.00002
Synechococcus_sp._HK01-R	2751171	S	214	34	248	0.00002
Synechococcus_sp._Minos11	221341	S	212	14	226	0.00002
Synechococcus_sp._KORDI-100	1280380	S	208	14	222	0.00002
Synechococcus_sp._WH_8101	59932	S	208	64	272	0.00002
Synechococcus_sp._BMK-MC-1	1442551	S	159	57	216	0.00002
Synechococcus_sp._PROS-U-1	1400866	S	136	22	158	0.00001
Synechococcus_sp._NOUM97013	1442555	S	134	20	154	0.00001
Synechococcus_sp._KORDI-49	585423	S	128	111	239	0.00002
Synechococcus_sp._BIOS-E4-1	1400864	S	126	12	138	0.00001
Synechococcus_sp._KORDI-52	585425	S	109	31	140	0.00001
Synechococcus_sp._PROS-7-1	1442556	S	108	42	150	0.00001
Synechococcus_sp._MEDNS5	1442554	S	106	32	138	0.00001
Synechococcus_sp._MIT_S9220	166309	S	102	14	116	0.00001
Synechococcus_sp._A15-62	1050657	S	88	54	142	0.00001
Synechococcus_sp._CC9902	316279	S	87	8	95	0.00001
Synechococcus_sp._A15-127	1050624	S	81	69	150	0.00001
Synechococcus_sp._NIES-970	1827144	S	79	13	92	0.00001
Synechococcus_sp._PCC_6312	195253	S	79	3	82	0.00001
Synechococcus_sp._CBW1002	1353134	S	77	553	630	0.00005
Synechococcus_sp._BIOS-U3-1	1400865	S	70	7	77	0.00001
Synechococcus_sp._ROS8604	1442557	S	68	15	83	0.00001
Synechococcus_sp._A15-44	1050646	S	66	100	166	0.00001
Synechococcus_sp._WH_8020	32052	S	63	10	73	0.00001
Synechococcus_sp._PCC_7003	374981	S	61	16	77	0.00001
Synechococcus_sp._CBW1006	1353138	S	60	378	438	0.00003
Synechococcus_sp._WH_8109	166314	S	56	37	93	0.00001
Synechococcus_sp._TAK9802	1442558	S	47	97	144	0.00001
Synechococcus_sp._PCC_7502	1173263	S	46	2	48	0.00000
Synechococcus_sp._RS9902	221345	S	41	71	112	0.00001
Synechococcus_sp._CC9311	64471	S	41	9	50	0.00000
Synechococcus_sp._RS9907	221350	S	36	71	107	0.00001
Synechococcus_sp._M16.1	1442553	S	30	76	106	0.00001
Synechococcus_sp._PROS-9-1	1968775	S	29	6	35	0.00000
Synechococcus_sp._A18-25c	1866938	S	19	117	136	0.00001
Synechococcus_sp._MVIR-18-1	1386941	S	19	28	47	0.00000
Synechococcus_sp._PCC_7117	195498	S	17	68	85	0.00001
Synechococcus_sp._PCC_11901	2579791	S	17	68	85	0.00001
Synechococcus_sp._A15-60	1050655	S	17	101	118	0.00001
Synechococcus_sp._SYN20	1050714	S	15	19	34	0.00000
Synechococcus_sp._PCC_73109	374982	S	12	46	58	0.00000
Synechococcus_sp._PCC_7002	32049	S	11	41	52	0.00000
Synechococcus_elongatus	32046	S	498	23	521	0.00004
Dactylococcopsis_salina	292566	S	59	21	80	0.00001
Cyanobium_sp._NIES-981	1851505	S	712	220	932	0.00007
Cyanobium_sp._NS01	261284	S	532	184	716	0.00005
Cyanobium_gracile	59930	S	965	191	1156	0.00008
Parasynechococcus_marenigrum	2881428	S	167	49	216	0.00002
Prochlorococcus_marinus	1219	S	103	19	122	0.00001
Acaryochloris_marina	155978	S	115	25	140	0.00001
Acaryochloris_sp._'Moss_Beach'	2740837	S	31	54	85	0.00001
Chamaesiphon_minutus	1173032	S	205	11	216	0.00002
Synechocystis_sp._PCC_6714	1147	S	46	16	62	0.00000
Synechocystis_sp._CACIAM_05	1933929	S	16	116	132	0.00001
Nostoc_sp._UHCC_0702	2814655	S	1682	216	1898	0.00014
Nostoc_sp._NIES-4103	2005458	S	1643	225	1868	0.00013
Nostoc_sp._MS1	2764711	S	205	31	236	0.00002
Nostoc_sp._ATCC_53789	76335	S	189	293	482	0.00003
Nostoc_sp._C052	2576902	S	186	42	228	0.00002
Nostoc_sp._TCL26-01	2576904	S	177	14	191	0.00001
Nostoc_sp._CENA543	1869241	S	175	18	193	0.00001
Nostoc_sp._PCC_7107	317936	S	157	64	221	0.00002
Nostoc_sp._UHCC_0870	2914041	S	136	17	153	0.00001
Nostoc_sp._'Peltigera_membranacea_cyanobiont'_N6	1261031	S	131	37	168	0.00001
Nostoc_sp._PCC_7524	28072	S	129	15	144	0.00001
Nostoc_sp._'Lobaria_pulmonaria_(5183)_cyanobiont'	1618022	S	122	25	147	0.00001
Nostoc_sp._TCL240-02	2572090	S	82	45	127	0.00001
Nostoc_sp._C057	2576903	S	75	113	188	0.00001
Nostoc_sp._NIES-2111	1973475	S	60	119	179	0.00001
Nostoc_sp._NIES-3756	1751286	S	40	103	143	0.00001
Nostoc_sp._PCC_7120_=_FACHB-418	103690	S	15	463	478	0.00003
Nostoc_linckia	92942	S	263	49	312	0.00002
Nostoc_piscinale	224012	S	250	42	292	0.00002
Nostoc_sphaeroides	446679	S	168	101	269	0.00002
Nostoc_flagelliforme	1306274	S	160	54	214	0.00002
Nostoc_edaphicum	264686	S	137	36	173	0.00001
Nostoc_punctiforme	272131	S	122	83	205	0.00001
Nostoc_commune	1178	S	89	26	115	0.00001
Anabaena_sp._WA102	1647413	S	84	140	224	0.00002
Anabaena_sp._90	46234	S	26	191	217	0.00002
Anabaena_cylindrica	1165	S	116	16	132	0.00001
Cylindrospermum_stagnale	142864	S	145	14	159	0.00001
Trichormus_azollae	1164	S	73	7	80	0.00001
Richelia_sinica	1357545	S	55	5	60	0.00000
Calothrix_sp._NIES-2098	1954171	S	1215	339	1554	0.00011
Calothrix_sp._NIES-2100	1954172	S	534	159	693	0.00005
Calothrix_sp._PCC_7507	99598	S	224	33	257	0.00002
Calothrix_sp._NIES-3974	2005462	S	176	11	187	0.00001
Calothrix_sp._PCC_7716	2853227	S	159	38	197	0.00001
Calothrix_sp._336/3	1337936	S	79	9	88	0.00001
Calothrix_sp._PCC_6303	1170562	S	78	10	88	0.00001
Calothrix_brevissima	938406	S	283	96	379	0.00003
Calothrix_parasitica	1973486	S	179	9	188	0.00001
Sphaerospermopsis_torques-reginae	984207	S	139	50	189	0.00001
Sphaerospermopsis_kisseleviana	289435	S	107	43	150	0.00001
Nodularia_sphaerocarpa	137816	S	157	40	197	0.00001
Nodularia_spumigena	70799	S	107	15	122	0.00001
Anabaenopsis_circularis	109266	S	152	84	236	0.00002
Anabaenopsis_elenkinii	156213	S	39	6	45	0.00000
Dolichospermum_compactum	136073	S	79	98	177	0.00001
Dolichospermum_flos-aquae	1166	S	21	165	186	0.00001
Dolichospermum_sp._UHCC_0315A	1914871	S	20	133	153	0.00001
Scytonema_sp._HK-05	1137095	S	229	89	318	0.00002
Scytonema_sp._NIES-4073	2005464	S	213	94	307	0.00002
Brasilonema_sennae	1397703	S	154	17	171	0.00001
Tolypothrix_sp._PCC_7910	2099387	S	187	62	249	0.00002
Tolypothrix_tenuis	457083	S	182	80	262	0.00002
Fischerella_sp._NIES-3754	1752063	S	169	33	202	0.00001
Fischerella_sp._NIES-4106	2005456	S	143	16	159	0.00001
Rivularia_sp._PCC_7116	373994	S	64	3	67	0.00000
Leptolyngbya_sp._7M	2812896	S	3406	233	3639	0.00026
Leptolyngbya_sp._BL0902	1115757	S	392	24	416	0.00003
Leptolyngbya_sp._NIES-3755	1752064	S	157	15	172	0.00001
Leptolyngbya_sp._PCC_7376	111781	S	43	3	46	0.00000
Leptolyngbya_boryana	1184	S	150	0	150	0.00001
Kovacikia_minuta	2931930	S	492	44	536	0.00004
Leptodesmis_sichuanensis	2906798	S	272	26	298	0.00002
Leptothermofonsia_sichuanensis	2917832	S	257	21	278	0.00002
Thermoleptolyngbya_sp._PKUAC-SCTB121	2811482	S	21	401	422	0.00003
Thermoleptolyngbya_sichuanensis	2885951	S	12	251	263	0.00002
Halomicronema_hongdechloris	1209493	S	306	12	318	0.00002
Thermosynechococcus_sp._NK55a	1394889	S	56	24	80	0.00001
Thermosynechococcus_sp._TA-1	2813673	S	23	32	55	0.00000
Thermosynechococcus_sp._CL-1	2583530	S	19	28	47	0.00000
Thermosynechococcus_vestitus	146786	S	111	36	147	0.00001
Pseudanabaena_sp._PCC_7367	82654	S	114	4	118	0.00001
Pseudanabaena_sp._ABRG5-3	685565	S	90	5	95	0.00001
Geitlerinema_sp._PCC_7407	1173025	S	652	92	744	0.00005
Allocoleopsis_franciscana	2886352	S	353	36	389	0.00003
Moorena_producens	1155739	S	507	12	519	0.00004
Oscillatoria_nigro-viridis	482564	S	276	129	405	0.00003
Oscillatoria_acuminata	118323	S	130	8	138	0.00001
Oxynema_aestuarii	2874213	S	305	25	330	0.00002
Microcoleus_vaginatus	119532	S	250	75	325	0.00002
Planktothrix_rubescens	59512	S	32	24	56	0.00000
Planktothrix_agardhii	1160	S	25	26	51	0.00000
[Phormidium]_sp._ETS-05	222819	S	228	12	240	0.00002
Crinalium_epipsammum	241425	S	91	11	102	0.00001
Limnospira_indica	147322	S	18	44	62	0.00000
Microcystis_aeruginosa	1126	S	309	258	567	0.00004
Microcystis_sp._MC19	1967666	S	20	10	30	0.00000
Gloeothece_verrucosa	2546359	S	74	5	79	0.00001
Gloeothece_citriformis	2546356	S	67	5	72	0.00001
Halothece_sp._PCC_7418	65093	S	65	21	86	0.00001
Euhalothece_natronophila	577489	S	21	3	24	0.00000
Rippkaea_orientalis	2546366	S	71	8	79	0.00001
Crocosphaera_subtropica	2546360	S	66	6	72	0.00001
Candidatus_Atelocyanobacterium_thalassa	713887	S	14	2	16	0.00000
Gloeocapsa_sp._PCC_7428	1173026	S	134	13	147	0.00001
Geminocystis_herdmanii	669359	S	55	8	63	0.00000
Geminocystis_sp._NIES-3709	1617448	S	34	4	38	0.00000
Geminocystis_sp._NIES-3708	1615909	S	17	2	19	0.00000
Chondrocystis_sp._NIES-4102	2005460	S	47	6	53	0.00000
Cyanobacterium_aponinum	379064	S	65	12	77	0.00001
Gloeobacter_kilaueensis	1416614	S	1310	36	1346	0.00010
Gloeobacter_morelensis	2907343	S	998	390	1388	0.00010
Gloeobacter_violaceus	33072	S	925	396	1321	0.00009
Anthocerotibacter_panamensis	2857077	S	330	9	339	0.00002
Chroococcidiopsis_sp._CCMEE_29	155894	S	250	41	291	0.00002
Chroococcidiopsis_sp._CCNUC1	2653189	S	64	97	161	0.00001
Chroococcidiopsis_thermalis	54299	S	78	130	208	0.00001
Pleurocapsa_sp._PCC_7327	118163	S	167	18	185	0.00001
Stanieria_cyanosphaera	102116	S	36	9	45	0.00000
Stanieria_sp._NIES-3757	1807358	S	30	11	41	0.00000
Gloeomargarita_lithophora	1188228	S	117	4	121	0.00001
Thermostichus_lividus	33070	S	67	8	75	0.00001
cyanobacterium_endosymbiont_of_Rhopalodia_gibberula	1763363	S	15	2	17	0.00000
cyanobacterium_endosymbiont_of_Epithemia_turgida	718217	S	14	2	16	0.00000
Deinococcus_sp._NW-56	2080419	S	1315	222	1537	0.00011
Deinococcus_sp._TS-293	2737050	S	1123	136	1259	0.00009
Deinococcus_sp._KNUC1210	2917691	S	956	45	1001	0.00007
Deinococcus_sp._AJ005	2652443	S	723	74	797	0.00006
Deinococcus_sp._QL22	2939437	S	529	54	583	0.00004
Deinococcus_maricopensis	309887	S	1796	176	1972	0.00014
Deinococcus_gobiensis	502394	S	1670	251	1921	0.00014
Deinococcus_ficus	317577	S	1572	168	1740	0.00012
Deinococcus_metallilatus	1211322	S	1562	205	1767	0.00013
Deinococcus_actinosclerus	1768108	S	1434	1050	2484	0.00018
Deinococcus_irradiatisoli	2202254	S	1227	125	1352	0.00010
Deinococcus_peraridilitoris	432329	S	1172	63	1235	0.00009
Deinococcus_wulumuqiensis	980427	S	959	422	1381	0.00010
Deinococcus_radiopugnans	57497	S	930	131	1061	0.00008
Deinococcus_radiodurans	1299	S	847	596	1443	0.00010
Deinococcus_geothermalis	68909	S	782	141	923	0.00007
Deinococcus_soli_(ex_Cha_et_al._2016)	1309411	S	630	724	1354	0.00010
Deinococcus_psychrotolerans	2489213	S	624	20	644	0.00005
Deinococcus_deserti	310783	S	588	47	635	0.00005
Deinococcus_proteolyticus	55148	S	541	140	681	0.00005
Deinococcus_radiophilus	32062	S	314	76	390	0.00003
Deinococcus_puniceus	1182568	S	309	57	366	0.00003
Thermus_thermophilus	274	S	879	1050	1929	0.00014
Thermus_sp._CCB_US3_UF1	1111069	S	412	60	472	0.00003
Thermus_sp._NEB1569	2918899	S	93	154	247	0.00002
Thermus_oshimai	56957	S	507	93	600	0.00004
Thermus_aquaticus	271	S	386	54	440	0.00003
Thermus_brockianus	56956	S	371	68	439	0.00003
Thermus_caldilimi	2483360	S	181	42	223	0.00002
Thermus_scotoductus	37636	S	85	119	204	0.00001
Thermus_parvatiensis	456163	S	69	307	376	0.00003
Oceanithermus_profundus	187137	S	2293	257	2550	0.00018
Meiothermus_silvanus	52022	S	727	113	840	0.00006
Meiothermus_taiwanensis	172827	S	572	201	773	0.00006
Meiothermus_ruber	277	S	500	185	685	0.00005
Marinithermus_hydrothermalis	186192	S	1432	232	1664	0.00012
Truepera_radiovictrix	332249	S	2038	119	2157	0.00015
Roseiflexus_sp._RS-1	357808	S	2446	450	2896	0.00021
Roseiflexus_castenholzii	120962	S	2424	495	2919	0.00021
Chloroflexus_aurantiacus	1108	S	820	81	901	0.00006
Chloroflexus_aggregans	152260	S	713	117	830	0.00006
Sphaerobacter_thermophilus	2057	S	5453	337	5790	0.00042
Thermomicrobium_roseum	500	S	1282	27	1309	0.00009
Tepidiforma_bonchosmolovskayae	2601677	S	4058	179	4237	0.00030
Candidatus_Promineofilum_breve	1806508	S	3936	83	4019	0.00029
Anaerolinea_thermophila	167964	S	1326	160	1486	0.00011
Pelolinea_submarina	913107	S	982	56	1038	0.00007
Brevefilum_fermentans	1986204	S	456	21	477	0.00003
Caldilinea_aerophila	133453	S	2041	134	2175	0.00016
Dehalogenimonas_formicexedens	1839801	S	417	111	528	0.00004
Dehalogenimonas_sp._GP	1536648	S	280	74	354	0.00003
Dehalococcoides_mccartyi	61435	S	134	206	340	0.00002
Ktedonosporobacter_rubrisoli	2509675	S	1088	33	1121	0.00008
Phototrophicus_methaneseepsis	2710758	S	687	7	694	0.00005
Thermobaculum_terrenum	166501	S	677	107	784	0.00006
Fimbriimonas_ginsengisoli	1005039	S	2647	15	2662	0.00019
Chthonomonas_calidirosea	454171	S	649	5	654	0.00005
Mycoplasma_genitalium	2097	S	25	0	25	0.00000
Alteracholeplasma_palmae	38986	S	38	31	69	0.00001
Paracholeplasma_brassicae	61635	S	18	18	36	0.00000
Mariniplasma_anaerobium	2735436	S	15	10	25	0.00000
Malacoplasma_iowae	2116	S	12	26	38	0.00000
Candidatus_Izimaplasma_sp._HR1	1541959	S	15	4	19	0.00000
Gemmata_obscuriglobus	114	S	35825	5853	41678	0.00299
Gemmata_massiliana	1210884	S	15017	6202	21219	0.00152
Gemmata_sp._SH-PL17	1630693	S	13836	6439	20275	0.00145
Urbifossiella_limnaea	2528023	S	73210	6253	79463	0.00570
Frigoriglobus_tundricola	2774151	S	42706	6583	49289	0.00353
Limnoglobus_roseus	2598579	S	30009	1369	31378	0.00225
Tuwongella_immobilis	692036	S	2757	113	2870	0.00021
Telmatocola_sphagniphila	1123043	S	2362	22	2384	0.00017
Tautonia_plasticadhaerens	2527974	S	33802	2947	36749	0.00264
Aquisphaera_giovannonii	406548	S	33604	5698	39302	0.00282
Paludisphaera_borealis	1387353	S	20872	4563	25435	0.00182
Singulisphaera_acidiphila	466153	S	16029	2337	18366	0.00132
Isosphaera_pallida	128	S	2752	197	2949	0.00021
Planctomyces_sp._SH-PL62	1636152	S	18912	6585	25497	0.00183
Planctomyces_sp._SH-PL14	1632864	S	10442	687	11129	0.00080
Caulifigura_coniformis	2527983	S	9205	628	9833	0.00071
Gimesia_panareensis	2527978	S	1980	238	2218	0.00016
Gimesia_chilikensis	2605989	S	1150	684	1834	0.00013
Gimesia_maris	122	S	769	120	889	0.00006
Gimesia_alba	2527973	S	451	80	531	0.00004
Gimesia_algae	2527971	S	443	111	554	0.00004
Gimesia_fumaroli	2527976	S	427	86	513	0.00004
Gimesia_aquarii	2527964	S	322	22	344	0.00002
Gimesia_benthica	2608982	S	322	444	766	0.00005
Maioricimonas_rarisocia	2528026	S	6002	798	6800	0.00049
Alienimonas_californiensis	2527989	S	5270	402	5672	0.00041
Symmachiella_dynata	2527995	S	2167	135	2302	0.00017
Rubinisphaera_brasiliensis	119	S	1336	138	1474	0.00011
Fuerstiella_marisgermanici	1891926	S	1273	23	1296	0.00009
Planctopirus_ephydatiae	2528019	S	500	212	712	0.00005
Planctopirus_limnophila	120	S	430	171	601	0.00004
Calycomorphotria_hydatis	2528027	S	1113	43	1156	0.00008
Crateriforma_conspicua	2527996	S	994	198	1192	0.00009
Polystyrenella_longa	2528007	S	461	42	503	0.00004
Thalassoglobus_polymorphus	2527994	S	459	24	483	0.00003
Lacipirellula_parvula	2650471	S	7713	906	8619	0.00062
Lacipirellula_limnantheis	2528024	S	7369	1005	8374	0.00060
Pirellulimonas_nuda	2528009	S	6785	769	7554	0.00054
Botrimarina_mediterranea	2528022	S	5661	549	6210	0.00045
Aeoliella_mucimassa	2527972	S	2129	183	2312	0.00017
Adhaeretor_mobilis	1930276	S	1131	116	1247	0.00009
Bythopirellula_goksoeyrii	1400387	S	958	72	1030	0.00007
Lignipirellula_cremea	2528010	S	5047	577	5624	0.00040
Anatilimnocola_aggregata	2528021	S	4996	537	5533	0.00040
Stieleria_maiorica	2795974	S	2269	459	2728	0.00020
Stieleria_neptunia	2527979	S	2209	256	2465	0.00018
Rosistilla_oblonga	2527990	S	1307	637	1944	0.00014
Rosistilla_carotiformis	2528017	S	925	399	1324	0.00010
Rosistilla_ulvae	1930277	S	804	486	1290	0.00009
Pirellula_staleyi	125	S	2379	91	2470	0.00018
Pirellula_sp._SH-Sr6A	1632865	S	627	17	644	0.00005
Bremerella_volcania	2527984	S	2870	212	3082	0.00022
Roseimaritima_ulvae	980254	S	1985	128	2113	0.00015
Roseimaritima_multifibrata	1930274	S	606	68	674	0.00005
Rubripirellula_lacrimiformis	1930273	S	1088	205	1293	0.00009
Mariniblastus_fucicola	980251	S	752	14	766	0.00005
Aureliella_helgolandensis	2527968	S	735	60	795	0.00006
Rhodopirellula_baltica	265606	S	681	47	728	0.00005
Thermogutta_terrifontis	1331910	S	854	28	882	0.00006
Humisphaera_borealis	2807512	S	11703	295	11998	0.00086
Phycisphaera_mikurensis	547188	S	3697	308	4005	0.00029
Mucisphaera_calidilacus	2527982	S	2004	120	2124	0.00015
Poriferisphaera_corsica	2528020	S	275	2	277	0.00002
Anaerohalosphaera_lusitana	1936003	S	423	18	441	0.00003
Sedimentisphaera_salicampi	1941349	S	77	18	95	0.00001
Sedimentisphaera_cyanobacteriorum	1940790	S	63	79	142	0.00001
Limihaloglobus_sulfuriphilus	1851148	S	163	12	175	0.00001
Candidatus_Kuenenia_stuttgartiensis	174633	S	143	0	143	0.00001
Candidatus_Uabimicrobium_amorphum	2596890	S	125	2	127	0.00001
Opitutus_terrae	107709	S	8030	425	8455	0.00061
Opitutus_sp._GAS368	1882749	S	5399	917	6316	0.00045
Lacunisphaera_limnophila	1838286	S	4071	664	4735	0.00034
Oleiharenicola_sp._KSB-15	2862869	S	3160	191	3351	0.00024
Nibricoccus_aquaticus	2576891	S	2981	156	3137	0.00023
Ereboglobus_luteus	1796921	S	2100	120	2220	0.00016
Ruficoccus_sp._ZRK36	2866311	S	954	143	1097	0.00008
Coraliomargarita_akajimensis	395922	S	243	6	249	0.00002
Verrucomicrobium_sp._GAS474	1882831	S	3004	384	3388	0.00024
Verrucomicrobium_spinosum	2736	S	1958	127	2085	0.00015
Roseimicrobium_sp._ORNL1	2711231	S	4391	168	4559	0.00033
Luteolibacter_ambystomatis	2824561	S	1872	144	2016	0.00014
Luteolibacter_luteus	2728835	S	1698	89	1787	0.00013
Sulfuriroseicoccus_oceanibius	2707525	S	560	64	624	0.00004
Akkermansia_muciniphila	239935	S	1130	143	1273	0.00009
Akkermansia_glycaniphila	1679444	S	430	35	465	0.00003
Methylacidimicrobium_sp._AP8	2730359	S	695	123	818	0.00006
Methylacidimicrobium_sp._B4	2796139	S	674	170	844	0.00006
Candidatus_Xiphinematobacter_sp._Idaho_Grape	1704307	S	241	23	264	0.00002
Methylacidiphilum_sp._IT6	2795386	S	27	2	29	0.00000
Methylacidiphilum_sp._IT5	2795384	S	15	50	65	0.00000
Methylacidiphilum_kamchatkense	431057	S	29	2	31	0.00000
Methylacidiphilum_infernorum	511746	S	11	36	47	0.00000
Kiritimatiella_glycovorans	1307763	S	971	1202	2173	0.00016
Tichowtungia_aerotolerans	2697043	S	425	15	440	0.00003
Candidatus_Protochlamydia_naegleriophila	389348	S	81	36	117	0.00001
Candidatus_Protochlamydia_amoebophila	362787	S	36	16	52	0.00000
Parachlamydia_acanthamoebae	83552	S	46	6	52	0.00000
Neochlamydia_sp._S13	1353976	S	45	4	49	0.00000
Candidatus_Rhabdochlamydia_porcellionis	225148	S	23	16	39	0.00000
Candidatus_Rhabdochlamydia_oedothoracis	2720720	S	12	6	18	0.00000
Simkania_negevensis	83561	S	51	2	53	0.00000
Waddlia_chondrophila	71667	S	46	4	50	0.00000
Chlamydia_suis	83559	S	15	11	26	0.00000
Chlamydia_pecorum	85991	S	11	51	62	0.00000
Chlamydia_pneumoniae	83558	S	10	0	10	0.00000
Candidatus_Velamenicoccus_archaeovorus	1930593	S	353	1	354	0.00003
Gemmatirosa_kalamazoonesis	861299	S	110853	9577	120430	0.00864
Gemmatimonas_groenlandica	2732249	S	10329	1177	11506	0.00083
Gemmatimonas_aurantiaca	173480	S	7231	740	7971	0.00057
Gemmatimonas_phototrophica	1379270	S	6138	852	6990	0.00050
Hymenobacter_sp._PAMC_26628	1484118	S	1013	256	1269	0.00009
Hymenobacter_sp._5317J-9	2932250	S	989	238	1227	0.00009
Hymenobacter_sp._PAMC_26554	1484116	S	868	88	956	0.00007
Hymenobacter_sp._APR13	1356852	S	760	307	1067	0.00008
Hymenobacter_sp._BRD128	2675878	S	754	103	857	0.00006
Hymenobacter_sp._5116S-27	2932249	S	632	98	730	0.00005
Hymenobacter_sp._5116S-3	2932248	S	556	84	640	0.00005
Hymenobacter_sp._NBH84	2596915	S	495	73	568	0.00004
Hymenobacter_sp._BT18	2835648	S	480	64	544	0.00004
Hymenobacter_sp._5413J-13	2932251	S	452	65	517	0.00004
Hymenobacter_sp._DG01	2584940	S	443	118	561	0.00004
Hymenobacter_sp._5420S-77	2932254	S	442	63	505	0.00004
Hymenobacter_sp._S2-20-2	2761579	S	413	65	478	0.00003
Hymenobacter_sp._DG25B	1385664	S	393	139	532	0.00004
Hymenobacter_sp._BRD67	2675877	S	364	365	729	0.00005
Hymenobacter_sp._DG25A	1385663	S	275	100	375	0.00003
Hymenobacter_sp._HDW8	2714932	S	187	630	817	0.00006
Hymenobacter_sp._5516S-25	2933777	S	146	569	715	0.00005
Hymenobacter_sp._5516J-16	2932253	S	133	550	683	0.00005
Hymenobacter_monticola	1705399	S	925	178	1103	0.00008
Hymenobacter_busanensis	2607656	S	919	105	1024	0.00007
Hymenobacter_sedentarius	1411621	S	895	141	1036	0.00007
Hymenobacter_oligotrophus	2319843	S	676	76	752	0.00005
Hymenobacter_nivis	1850093	S	674	180	854	0.00006
Hymenobacter_jejuensis	2502781	S	652	52	704	0.00005
Hymenobacter_swuensis	1446467	S	480	111	591	0.00004
Hymenobacter_tibetensis	497967	S	468	76	544	0.00004
Hymenobacter_baengnokdamensis	2615203	S	356	400	756	0.00005
Hymenobacter_qilianensis	1385715	S	347	65	412	0.00003
Hymenobacter_radiodurans	2496028	S	165	581	746	0.00005
Pontibacter_russatus	2694929	S	1090	117	1207	0.00009
Pontibacter_actiniarum	323450	S	543	134	677	0.00005
Pontibacter_akesuensis	388950	S	418	66	484	0.00003
Pontibacter_korlensis	400092	S	214	32	246	0.00002
Pontibacter_sp._SGAir0037	2571030	S	207	37	244	0.00002
Pontibacter_pudoricolor	2694930	S	169	20	189	0.00001
Rufibacter_radiotolerans	1379910	S	352	43	395	0.00003
Rufibacter_tibetensis	512763	S	246	43	289	0.00002
Rufibacter_sp._DG15C	1379909	S	199	124	323	0.00002
Adhaeribacter_swui	2086471	S	249	28	277	0.00002
Adhaeribacter_radiodurans	2745197	S	203	19	222	0.00002
Nibribacter_ruber	2698458	S	198	123	321	0.00002
Spirosoma_sp._CJU-R4	2728024	S	672	51	723	0.00005
Spirosoma_sp._KUDC1026	2745947	S	403	35	438	0.00003
Spirosoma_sp._KCTC_42546	2520506	S	320	37	357	0.00003
Spirosoma_sp._RHs26	2898794	S	267	19	286	0.00002
Spirosoma_sp._KCTC_72228	2710596	S	205	24	229	0.00002
Spirosoma_rigui	564064	S	466	33	499	0.00004
Spirosoma_taeanense	2735870	S	439	40	479	0.00003
Spirosoma_montaniterrae	1178516	S	399	23	422	0.00003
Spirosoma_radiotolerans	1379870	S	276	20	296	0.00002
Spirosoma_aerolatum	1211326	S	274	13	287	0.00002
Spirosoma_endbachense	2666025	S	266	136	402	0.00003
Spirosoma_pollinicola	2057025	S	256	29	285	0.00002
Spirosoma_aureum	2692134	S	179	110	289	0.00002
Rhodocytophaga_rosea	2704465	S	503	17	520	0.00004
Aquirufa_nivalisilvae	2516557	S	58	11	69	0.00000
Aquirufa_sp._9H-EGSE	2696560	S	56	13	69	0.00000
Cytophaga_hutchinsonii	985	S	102	8	110	0.00001
Dyadobacter_fermentans	94254	S	1042	90	1132	0.00008
Dyadobacter_sp._LJ419	2906456	S	227	16	243	0.00002
Dyadobacter_sp._NIV53	2861765	S	140	9	149	0.00001
Dyadobacter_sandarakinus	2747268	S	277	24	301	0.00002
Fibrella_aestuarina	651143	S	859	74	933	0.00007
Fibrella_sp._ES10-3-2-2	1834519	S	371	28	399	0.00003
Runella_slithyformis	106	S	306	26	332	0.00002
Runella_rosea	2259595	S	191	19	210	0.00002
Runella_sp._SP2	2268026	S	155	9	164	0.00001
Larkinella_sp._IE-0392	2907205	S	241	16	257	0.00002
Leadbetterella_byssophila	316068	S	50	26	76	0.00001
Arcticibacterium_luteifluviistationis	1784714	S	48	3	51	0.00000
Chryseolinea_soli	2321403	S	1695	54	1749	0.00013
Fulvivirga_sp._SS9-22	2904245	S	111	8	119	0.00001
Fulvivirga_sp._SW1-E11	2904247	S	83	21	104	0.00001
Fulvivirga_sp._W9P-11	2904246	S	81	14	95	0.00001
Fulvivirga_lutea	2810512	S	70	9	79	0.00001
Echinicola_sp._SCS_3-6	2859768	S	52	18	70	0.00001
Echinicola_sp._20G	2781961	S	43	4	47	0.00000
Echinicola_soli	2591634	S	84	7	91	0.00001
Echinicola_vietnamensis	390884	S	80	37	117	0.00001
Echinicola_rosea	1807691	S	77	30	107	0.00001
Echinicola_strongylocentroti	1795355	S	75	11	86	0.00001
Algoriphagus_sp._Y33	2772483	S	81	6	87	0.00001
Algoriphagus_sp._NBT04N3	2705473	S	63	15	78	0.00001
Algoriphagus_sanaruensis	1727163	S	66	6	72	0.00001
Algoriphagus_machipongonensis	388413	S	58	4	62	0.00000
Cyclobacterium_amurskyense	320787	S	53	9	62	0.00000
Cyclobacterium_marinum	104	S	38	11	49	0.00000
Aquiflexum_balticum	280473	S	94	11	105	0.00001
Mongoliitalea_daihaiensis	2782006	S	68	6	74	0.00001
Belliella_baltica	232259	S	66	27	93	0.00001
Flammeovirga_kamogawensis	373891	S	26	6	32	0.00000
Flammeovirga_pectinis	2494373	S	21	5	26	0.00000
Flammeovirga_sp._MY04	1191459	S	15	23	38	0.00000
Candidatus_Amoebophilus_asiaticus	281120	S	49	2	51	0.00000
Candidatus_Cardinium_hertigii	247481	S	13	7	20	0.00000
Mangrovivirga_cuniculi	2715131	S	74	5	79	0.00001
Marivirga_tractuosa	1006	S	60	21	81	0.00001
Bernardetia_litoralis	999	S	33	2	35	0.00000
Chitinophaga_filiformis	104663	S	3853	425	4278	0.00031
Chitinophaga_oryzae	2725414	S	2558	265	2823	0.00020
Chitinophaga_sp._XS-30	2604421	S	805	232	1037	0.00007
Chitinophaga_sp._KRA15-503	2829818	S	801	334	1135	0.00008
Chitinophaga_pinensis	79329	S	449	61	510	0.00004
Chitinophaga_alhagiae	2203219	S	423	6	429	0.00003
Chitinophaga_agri	2703787	S	395	67	462	0.00003
Chitinophaga_caeni	2029983	S	257	37	294	0.00002
Niastella_koreensis	354356	S	6772	585	7357	0.00053
Flavisolibacter_ginsenosidimutans	661481	S	1556	84	1640	0.00012
Flavisolibacter_tropicus	1492898	S	1475	200	1675	0.00012
Paraflavitalea_soli	2315862	S	1782	112	1894	0.00014
Pseudobacter_ginsenosidimutans	661488	S	1543	111	1654	0.00012
Panacibacter_ginsenosidivorans	1813871	S	1501	59	1560	0.00011
Pseudocnuella_soli	2502779	S	1479	151	1630	0.00012
Flavihumibacter_sp._IMCC34838	2838156	S	776	53	829	0.00006
Flavihumibacter_sp._IMCC34837	2838157	S	571	30	601	0.00004
Niabella_soli	446683	S	589	77	666	0.00005
Niabella_ginsenosidivorans	1176587	S	554	59	613	0.00004
Arachidicoccus_sp._BS20	1850526	S	263	91	354	0.00003
Arachidicoccus_sp._5GH13-10	2875539	S	207	29	236	0.00002
Arachidicoccus_sp._B3-10	2545455	S	142	9	151	0.00001
Arachidicoccus_ginsenosidivorans	496057	S	190	25	215	0.00002
Arachidicoccus_soli	2341117	S	176	16	192	0.00001
Lacibacter_sp._S13-6-6	2760713	S	892	34	926	0.00007
Ferruginibacter_sp._KIS38-8	2875540	S	490	35	525	0.00004
Ferruginibacter_lapsinanis	563172	S	367	25	392	0.00003
Phnomibacter_ginsenosidimutans	2676868	S	610	62	672	0.00005
Filimonas_lacunae	477680	S	525	53	578	0.00004
Flavobacterium_sp._HJ-32-4	1160795	S	261	18	279	0.00002
Flavobacterium_sp._CJ74	2294119	S	99	8	107	0.00001
Flavobacterium_sp._MDT1-60	1979344	S	62	11	73	0.00001
Flavobacterium_sp._IGB_4-14	1871076	S	61	5	66	0.00000
Flavobacterium_sp._CLA17	2724135	S	57	9	66	0.00000
Flavobacterium_sp._B183	907046	S	50	10	60	0.00000
Flavobacterium_sp._F-323	2893885	S	41	8	49	0.00000
Flavobacterium_sp._M31R6	2739062	S	41	6	47	0.00000
Flavobacterium_sp._K5-23	2746225	S	38	9	47	0.00000
Flavobacterium_sp._KBS0721	1179672	S	37	10	47	0.00000
Flavobacterium_sp._F-340	2893886	S	37	11	48	0.00000
Flavobacterium_sp._SLB02	2665645	S	36	6	42	0.00000
Flavobacterium_sp._F-29	2893883	S	35	7	42	0.00000
Flavobacterium_sp._MMS21-Er5	2937442	S	34	14	48	0.00000
Flavobacterium_sp._F-70	2893884	S	34	6	40	0.00000
Flavobacterium_sp._Sr18	935222	S	33	5	38	0.00000
Flavobacterium_sp._WSW3-B6	2856519	S	31	3	34	0.00000
Flavobacterium_sp._140616W15	2478552	S	30	6	36	0.00000
Flavobacterium_sp._I3-2	2748319	S	25	33	58	0.00000
Flavobacterium_sp._xlx-214	2654325	S	24	5	29	0.00000
Flavobacterium_sp._LPB0248	2614441	S	24	12	36	0.00000
Flavobacterium_sp._KK2020170	2830782	S	22	6	28	0.00000
Flavobacterium_sp._KSM-R2A30	2897181	S	22	7	29	0.00000
Flavobacterium_sp._KSM-R2A25	2895947	S	21	5	26	0.00000
Flavobacterium_sp._CS20	2775246	S	20	8	28	0.00000
Flavobacterium_sp._GENT5	1751095	S	20	4	24	0.00000
Flavobacterium_sp._CHNK8	2871165	S	19	16	35	0.00000
Flavobacterium_sp._CECT_9288	2845819	S	14	12	26	0.00000
Flavobacterium_sp._GENT11	1751100	S	14	29	43	0.00000
Flavobacterium_sp._SHINM13	1751056	S	12	23	35	0.00000
Flavobacterium_anhuiense	459526	S	201	77	278	0.00002
Flavobacterium_album	2175091	S	147	11	158	0.00001
Flavobacterium_magnum	2162713	S	141	15	156	0.00001
Flavobacterium_pallidum	2172098	S	113	11	124	0.00001
Flavobacterium_inviolabile	2748320	S	69	11	80	0.00001
Flavobacterium_nackdongense	2547394	S	66	5	71	0.00001
Flavobacterium_enshiense	1341165	S	65	7	72	0.00001
Flavobacterium_kingsejongi	1678728	S	58	8	66	0.00000
Flavobacterium_johnsoniae	986	S	58	26	84	0.00001
Flavobacterium_endoglycinae	2816357	S	57	12	69	0.00000
Flavobacterium_alkalisoli	2602769	S	53	4	57	0.00000
Flavobacterium_sangjuense	2518177	S	53	5	58	0.00000
Flavobacterium_commune	1306519	S	47	7	54	0.00000
Flavobacterium_gilvum	1492737	S	46	7	53	0.00000
Flavobacterium_crocinum	2183896	S	43	12	55	0.00000
Flavobacterium_sediminis	2201181	S	38	32	70	0.00001
Flavobacterium_faecale	1355330	S	36	4	40	0.00000
Flavobacterium_fluviale	2249356	S	35	13	48	0.00000
Flavobacterium_psychrophilum	96345	S	30	6	36	0.00000
Flavobacterium_haoranii	683124	S	29	12	41	0.00000
Flavobacterium_jumunjinense	998845	S	29	4	33	0.00000
Flavobacterium_davisii	2906077	S	26	10	36	0.00000
Flavobacterium_nitrogenifigens	1617283	S	26	13	39	0.00000
Flavobacterium_branchiophilum	55197	S	24	2	26	0.00000
Flavobacterium_crassostreae	1763534	S	23	6	29	0.00000
Flavobacterium_arcticum	1784713	S	20	2	22	0.00000
Flavobacterium_oreochromis	2906078	S	18	7	25	0.00000
Flavobacterium_columnare	996	S	17	19	36	0.00000
Flavobacterium_sediminilitoris	2024526	S	16	2	18	0.00000
Flavobacterium_indicum	312277	S	15	2	17	0.00000
Flavobacterium_covae	2906076	S	14	17	31	0.00000
Capnocytophaga_sp._oral_taxon_902	2748316	S	34	80	114	0.00001
Capnocytophaga_sp._oral_taxon_878	1316596	S	24	9	33	0.00000
Capnocytophaga_haemolytica	45243	S	72	6	78	0.00001
Capnocytophaga_gingivalis	1017	S	43	5	48	0.00000
Capnocytophaga_canimorsus	28188	S	36	12	48	0.00000
Capnocytophaga_sputigena	1019	S	35	13	48	0.00000
Capnocytophaga_endodontalis	2708117	S	20	10	30	0.00000
Capnocytophaga_ochracea	1018	S	19	30	49	0.00000
Capnocytophaga_stomatis	1848904	S	17	4	21	0.00000
Capnocytophaga_leadbetteri	327575	S	16	10	26	0.00000
Capnocytophaga_cynodegmi	28189	S	15	4	19	0.00000
Muricauda_sp._SCSIO_65647	2908843	S	67	3	70	0.00001
Muricauda_sp._SCSIO_64092	2908842	S	65	2	67	0.00000
Muricauda_aquimarina	254955	S	93	50	143	0.00001
Muricauda_lutaonensis	516051	S	80	21	101	0.00001
Muricauda_oceani	2698672	S	79	43	122	0.00001
Muricauda_ruestringensis	111501	S	61	5	66	0.00000
Muricauda_aurantiaca	1383885	S	27	2	29	0.00000
Gramella_sp._GC03-9	2920386	S	74	22	96	0.00001
Gramella_sp._MT6	2705471	S	51	8	59	0.00000
Gramella_sp._MAR_2010_147	1250205	S	20	3	23	0.00000
Gramella_fulva	2126553	S	109	10	119	0.00001
Gramella_flava	1486245	S	70	23	93	0.00001
Gramella_echinicola	279359	S	40	5	45	0.00000
Gramella_forsetii	411153	S	39	10	49	0.00000
Gramella_salexigens	1913577	S	28	3	31	0.00000
Polaribacter_sp._SM13	2818493	S	19	5	24	0.00000
Polaribacter_sp._G4M1	2808900	S	19	4	23	0.00000
Polaribacter_sp._SA4-12	1312072	S	17	6	23	0.00000
Polaribacter_sp._Hel1_33_78	1336804	S	16	3	19	0.00000
Polaribacter_sp._L12M9	2738844	S	16	10	26	0.00000
Polaribacter_sp._KT25b	1855336	S	15	5	20	0.00000
Polaribacter_sp._MED152	313598	S	14	2	16	0.00000
Polaribacter_sp._Q13	2806551	S	14	9	23	0.00000
Polaribacter_sp._ALD11	2058137	S	12	5	17	0.00000
Polaribacter_sp._L3A8	2686361	S	11	8	19	0.00000
Polaribacter_sp._NJDZ03	2855841	S	11	13	24	0.00000
Polaribacter_sp._SA4-10	754397	S	11	2	13	0.00000
Polaribacter_litorisediminis	1908341	S	18	2	20	0.00000
Polaribacter_vadi	1774273	S	17	3	20	0.00000
Polaribacter_sejongensis	985043	S	15	14	29	0.00000
Polaribacter_reichenbachii	996801	S	15	2	17	0.00000
Polaribacter_haliotis	1888915	S	11	6	17	0.00000
Robiginitalea_biformata	252307	S	280	17	297	0.00002
Nonlabens_sp._Hel1_33_55	1336802	S	29	5	34	0.00000
Nonlabens_sp._MB-3u-79	2058134	S	20	6	26	0.00000
Nonlabens_sp._Ci31	2608253	S	20	5	25	0.00000
Nonlabens_spongiae	331648	S	76	39	115	0.00001
Nonlabens_ponticola	2496866	S	45	6	51	0.00000
Nonlabens_dokdonensis	328515	S	22	5	27	0.00000
Nonlabens_marinus	930802	S	16	6	22	0.00000
Winogradskyella_sp._MH6	2929510	S	25	6	31	0.00000
Winogradskyella_sp._J14-2	1936080	S	23	6	29	0.00000
Winogradskyella_sp._PG-2	754409	S	16	2	18	0.00000
Winogradskyella_sp._PC-19	754417	S	15	5	20	0.00000
Winogradskyella_sp._HaHa_3_26	2749995	S	11	6	17	0.00000
Winogradskyella_forsetii	2686077	S	52	21	73	0.00001
Winogradskyella_helgolandensis	2697010	S	23	7	30	0.00000
Winogradskyella_schleiferi	2686078	S	20	12	32	0.00000
Winogradskyella_sediminis	1382466	S	13	4	17	0.00000
Antarcticibacterium_flavum	2058175	S	60	12	72	0.00001
Antarcticibacterium_arcticum	2585771	S	60	7	67	0.00000
Antarcticibacterium_sp._1MA-6-2	2908210	S	56	7	63	0.00000
Maribacter_sp._MJ134	2496865	S	30	2	32	0.00000
Maribacter_sp._HTCC2170	313603	S	26	2	28	0.00000
Maribacter_sp._1_2014MBL_MicDiv	1644130	S	10	9	19	0.00000
Maribacter_cobaltidurans	1178778	S	37	34	71	0.00001
Maribacter_hydrothermalis	1836467	S	33	5	38	0.00000
Maribacter_dokdonensis	320912	S	13	12	25	0.00000
Aequorivita_sp._H23M31	2494375	S	52	25	77	0.00001
Aequorivita_sublithincola	101385	S	38	41	79	0.00001
Sinomicrobium_sp._HD2P242	2900738	S	147	6	153	0.00001
Tenacibaculum_sp._SZ-18	754423	S	18	12	30	0.00000
Tenacibaculum_maritimum	107401	S	27	6	33	0.00000
Tenacibaculum_jejuense	584609	S	24	2	26	0.00000
Tenacibaculum_todarodis	1850252	S	16	6	22	0.00000
Tenacibaculum_dicentrarchi	669041	S	14	7	21	0.00000
Tenacibaculum_singaporense	2358479	S	12	7	19	0.00000
Tenacibaculum_mesophilum	104268	S	11	8	19	0.00000
Formosa_sp._Hel1_33_131	1336794	S	27	3	30	0.00000
Formosa_sp._Hel1_31_208	1798225	S	21	2	23	0.00000
Formosa_sp._Hel3_A1_48	1336795	S	19	5	24	0.00000
Formosa_sp._L2A11	2686363	S	19	6	25	0.00000
Formosa_agariphila	320324	S	21	4	25	0.00000
Formosa_sediminum	2594004	S	17	4	21	0.00000
Salegentibacter_salegens	143223	S	50	8	58	0.00000
Salegentibacter_mishustinae	270918	S	33	33	66	0.00000
Salegentibacter_sp._T436	1729720	S	27	30	57	0.00000
Cellulophaga_sp._HaHaR_3_176	1942464	S	20	5	25	0.00000
Cellulophaga_sp._L1A9	2686362	S	20	12	32	0.00000
Cellulophaga_baltica	76594	S	19	13	32	0.00000
Cellulophaga_lytica	979	S	18	16	34	0.00000
Cellulophaga_algicola	59600	S	17	4	21	0.00000
Kordia_antarctica	1218801	S	69	8	77	0.00001
Kordia_sp._SMS9	2282170	S	33	3	36	0.00000
Myroides_odoratus	256	S	23	5	28	0.00000
Myroides_fluvii	2572594	S	19	5	24	0.00000
Myroides_profundi	480520	S	11	20	31	0.00000
Myroides_phaeus	702745	S	11	9	20	0.00000
Aquimarina_sp._AD10	1714849	S	25	1	26	0.00000
Aquimarina_sp._AD1	1714848	S	24	2	26	0.00000
Aquimarina_sp._TRL1	2736252	S	24	2	26	0.00000
Aquimarina_sp._BL5	1714860	S	18	1	19	0.00000
Flagellimonas_sp._HMM57	2905121	S	50	4	54	0.00000
Flagellimonas_sp._CMM7	2654676	S	33	2	35	0.00000
Zunongwangia_sp._SCSIO_43204	2779359	S	47	33	80	0.00001
Zunongwangia_profunda	398743	S	34	29	63	0.00000
Leeuwenhoekiella_sp._ZYFB001	2719912	S	25	18	43	0.00000
Leeuwenhoekiella_palythoae	573501	S	24	22	46	0.00000
Lutibacter_sp._A80	2918453	S	15	7	22	0.00000
Lutibacter_sp._A64	2918526	S	13	5	18	0.00000
Lutibacter_profundi	1622118	S	25	6	31	0.00000
Aggregatimonas_sangjinii	2583587	S	64	3	67	0.00000
Euzebyella_marina	1761453	S	64	37	101	0.00001
Lacinutrix_sp._WUR7	2653681	S	24	6	30	0.00000
Lacinutrix_sp._Bg11-31	2057808	S	15	3	18	0.00000
Lacinutrix_sp._5H-3-7-4	983544	S	14	6	20	0.00000
Lacinutrix_venerupis	1486034	S	11	2	13	0.00000
Algibacter_sp._L1A34	2686365	S	21	9	30	0.00000
Algibacter_sp._L3A6	2686366	S	19	8	27	0.00000
Algibacter_alginicilyticus	1736674	S	21	6	27	0.00000
Dokdonia_sp._4H-3-7-5	983548	S	14	16	30	0.00000
Dokdonia_sp._Dokd-P16	2173169	S	12	10	22	0.00000
Tamlana_carrageenivorans	2069432	S	39	11	50	0.00000
Tamlana_sp._s12	1630406	S	14	4	18	0.00000
Gilvibacter_sp._SZ-19	754429	S	56	7	63	0.00000
Zobellia_galactanivorans	63186	S	54	3	57	0.00000
Mariniflexile_sp._TRM1-10	2027857	S	53	5	58	0.00000
Psychroflexus_sp._ALD_RP9	2777186	S	27	3	30	0.00000
Psychroflexus_torquis	57029	S	22	1	23	0.00000
Arenibacter_algicola	616991	S	49	17	66	0.00000
Constantimarinum_furrinae	2562285	S	48	4	52	0.00000
Muriicola_soli	2507538	S	43	3	46	0.00000
Costertonia_aggregata	343403	S	41	9	50	0.00000
Seonamhaeicola_sp._S2-3	1936081	S	21	5	26	0.00000
Seonamhaeicola_sp._ML3	2937786	S	19	2	21	0.00000
Zhouia_spongiae	2202721	S	40	10	50	0.00000
Aegicerativicinus_sediminis	2893202	S	37	2	39	0.00000
Flavivirga_eckloniae	1803846	S	37	3	40	0.00000
Changchengzhania_lutea	2049305	S	35	4	39	0.00000
Pukyongia_salina	2094025	S	35	2	37	0.00000
Flavobacteriaceae_bacterium_10Alg115	2584122	S	33	2	35	0.00000
Amniculibacterium_sp._G2-70	2767188	S	33	34	67	0.00000
Croceibacter_atlanticus	313588	S	32	6	38	0.00000
Galbibacter_sp._BG1	1170699	S	31	3	34	0.00000
Siansivirga_zeaxanthinifaciens	762954	S	27	7	34	0.00000
Sediminicola_sp._YIK13	1453352	S	27	3	30	0.00000
Mesoflavibacter_sp._SCSIO_43206	2779362	S	12	14	26	0.00000
Urechidicola_croceus	1850246	S	23	13	36	0.00000
Olleya_aquimaris	639310	S	10	5	15	0.00000
Bizionia_sp._M204	2675331	S	19	4	23	0.00000
Oceanihabitans_sp._IOP_32	2529032	S	18	7	25	0.00000
Gillisia_sp._Hel1_33_143	1336796	S	18	6	24	0.00000
Sabulilitoribacter_sp._BrNp1-15	2916754	S	17	4	21	0.00000
Wenyingzhuangia_fucanilytica	1790137	S	16	3	19	0.00000
Marixanthomonas_sp._SCSIO_43207	2779360	S	16	5	21	0.00000
Chryseobacterium_sp._Y16C	2920939	S	744	487	1231	0.00009
Chryseobacterium_sp._6424	2039166	S	68	15	83	0.00001
Chryseobacterium_sp._SC2-2	2929800	S	61	36	97	0.00001
Chryseobacterium_sp._cx-624	2758037	S	61	10	71	0.00001
Chryseobacterium_sp._F4	2852098	S	57	2	59	0.00000
Chryseobacterium_sp.	1871047	S	55	22	77	0.00001
Chryseobacterium_sp._IHB_B_17019	1721091	S	53	8	61	0.00000
Chryseobacterium_sp._T16E-39	2015076	S	51	5	56	0.00000
Chryseobacterium_sp._ZHDP1	2838877	S	50	46	96	0.00001
Chryseobacterium_sp._3008163	2478663	S	49	21	70	0.00001
Chryseobacterium_sp._G0201	2487065	S	33	7	40	0.00000
Chryseobacterium_sp._DH-B6	2759528	S	33	12	45	0.00000
Chryseobacterium_sp._MEBOG06	2879938	S	32	6	38	0.00000
Chryseobacterium_sp._POL2	2713414	S	31	22	53	0.00000
Chryseobacterium_sp._PCH239	2825845	S	30	16	46	0.00000
Chryseobacterium_sp._StRB126	878220	S	29	7	36	0.00000
Chryseobacterium_sp._LJ668	2864040	S	28	4	32	0.00000
Chryseobacterium_sp._SNU_WT5	2594269	S	27	9	36	0.00000
Chryseobacterium_sp._MEBOG07	2879939	S	27	6	33	0.00000
Chryseobacterium_sp._C-17	2898076	S	27	11	38	0.00000
Chryseobacterium_sp._G0186	2487064	S	26	15	41	0.00000
Chryseobacterium_sp._ADR-1	2929799	S	26	6	32	0.00000
Chryseobacterium_sp._G0162	2487063	S	14	11	25	0.00000
Chryseobacterium_indologenes	253	S	120	56	176	0.00001
Chryseobacterium_taklimakanense	536441	S	118	72	190	0.00001
Chryseobacterium_gleum	250	S	95	122	217	0.00002
Chryseobacterium_shandongense	1493872	S	83	53	136	0.00001
Chryseobacterium_camelliae	1265445	S	80	56	136	0.00001
Chryseobacterium_indoltheticum	254	S	62	11	73	0.00001
Chryseobacterium_arthrosphaerae	651561	S	62	33	95	0.00001
Chryseobacterium_cucumeris	1813611	S	59	22	81	0.00001
Chryseobacterium_nepalense	1854498	S	54	7	61	0.00000
Chryseobacterium_gallinarum	1324352	S	54	21	75	0.00001
Chryseobacterium_daecheongense	192389	S	51	7	58	0.00000
Chryseobacterium_carnipullorum	1124835	S	49	17	66	0.00000
Chryseobacterium_manosquense	2754694	S	43	35	78	0.00001
Chryseobacterium_balustinum	246	S	38	10	48	0.00000
Chryseobacterium_aureum	2497456	S	37	6	43	0.00000
Chryseobacterium_lactis	1241981	S	36	45	81	0.00001
Chryseobacterium_salivictor	2547600	S	35	3	38	0.00000
Chryseobacterium_bernardetii	1241978	S	30	212	242	0.00002
Chryseobacterium_glaciei	1685010	S	30	5	35	0.00000
Chryseobacterium_piperi	558152	S	30	3	33	0.00000
Chryseobacterium_joostei	112234	S	16	5	21	0.00000
Chryseobacterium_nakagawai	1241982	S	11	15	26	0.00000
Kaistella_sp._97-N-M2	2908645	S	59	6	65	0.00000
Kaistella_sp._GW4-15	2878534	S	37	3	40	0.00000
Kaistella_daneshvariae	2487074	S	69	5	74	0.00001
Candidatus_Kaistella_beijingensis	2820270	S	51	17	68	0.00000
Kaistella_antarctica	266748	S	42	3	45	0.00000
Kaistella_carnis	1241979	S	39	10	49	0.00000
Kaistella_jeonii	266749	S	33	2	35	0.00000
Kaistella_flava_(ex_Peng_et_al._2021)	2038776	S	28	4	32	0.00000
Epilithonimonas_vandammei	2487072	S	51	80	131	0.00001
Epilithonimonas_zeae	1416779	S	40	5	45	0.00000
Elizabethkingia_anophelis	1117645	S	297	345	642	0.00005
Elizabethkingia_meningoseptica	238	S	50	4	54	0.00000
Elizabethkingia_sp._JS20170427COW	2583851	S	23	3	26	0.00000
Elizabethkingia_sp._2-6	2575699	S	11	30	41	0.00000
Elizabethkingia_miricola	172045	S	32	23	55	0.00000
Elizabethkingia_ursingii	1756150	S	24	5	29	0.00000
Cruoricaptor_ignavus	1118202	S	88	12	100	0.00001
Empedobacter_brevis	247	S	42	16	58	0.00000
Empedobacter_falsenii	343874	S	22	15	37	0.00000
Empedobacter_stercoris	1628248	S	21	7	28	0.00000
Ornithobacterium_rhinotracheale	28251	S	76	67	143	0.00001
Apibacter_raozihei	2500547	S	20	12	32	0.00000
Cloacibacterium_caeni	2004710	S	30	30	60	0.00000
Cloacibacterium_normanense	237258	S	16	10	26	0.00000
Riemerella_anatipestifer	34085	S	32	14	46	0.00000
Bergeyella_cardium	1585976	S	26	5	31	0.00000
Weeksella_virosa	1014	S	24	12	36	0.00000
Faecalibacter_bovis	2898187	S	16	2	18	0.00000
Blattabacterium_cuenoti	1653831	S	175	46	221	0.00002
Fluviicola_taffensis	191579	S	88	4	92	0.00001
Crocinitomix_sp._GM2_3_6_6	2862509	S	57	1	58	0.00000
Owenweeksia_hongkongensis	253245	S	63	5	68	0.00000
Croceimicrobium_hydrocarbonivorans	2761580	S	61	14	75	0.00001
Candidatus_Sulcia_muelleri	336810	S	20	6	26	0.00000
Candidatus_Walczuchella_monophlebidarum	1415657	S	14	1	15	0.00000
Ichthyobacterium_seriolicida	242600	S	15	0	15	0.00000
Alistipes_dispar	2585119	S	652	85	737	0.00005
Alistipes_communis	2585118	S	612	471	1083	0.00008
Alistipes_onderdonkii	328813	S	586	730	1316	0.00009
Alistipes_senegalensis	1288121	S	507	119	626	0.00004
Alistipes_finegoldii	214856	S	464	444	908	0.00007
Alistipes_megaguti	2364787	S	453	54	507	0.00004
Alistipes_shahii	328814	S	431	267	698	0.00005
Alistipes_sp._dk3624	2662363	S	383	86	469	0.00003
Alistipes_indistinctus	626932	S	362	78	440	0.00003
Prevotella_sp._Rep29	2691580	S	84	10	94	0.00001
Prevotella_sp._E13-17	2913616	S	83	25	108	0.00001
Prevotella_sp._E15-22	2937774	S	68	42	110	0.00001
Prevotella_sp._oral_taxon_475	712471	S	60	5	65	0.00000
Prevotella_sp._E9-3	2913621	S	50	22	72	0.00001
Prevotella_sp._E2-28	2913620	S	33	16	49	0.00000
Prevotella_dentalis	52227	S	297	56	353	0.00003
Prevotella_denticola	28129	S	120	32	152	0.00001
Prevotella_intermedia	28131	S	101	44	145	0.00001
Prevotella_ruminicola	839	S	88	3	91	0.00001
Prevotella_multiformis	282402	S	85	28	113	0.00001
Prevotella_melaninogenica	28132	S	83	25	108	0.00001
Prevotella_copri	165179	S	66	30	96	0.00001
Prevotella_buccalis	28127	S	61	67	128	0.00001
Prevotella_enoeca	76123	S	41	6	47	0.00000
Prevotella_fusca	589436	S	31	5	36	0.00000
Prevotella_nigrescens	28133	S	29	20	49	0.00000
Prevotella_jejuni	1177574	S	27	8	35	0.00000
Prevotella_oris	28135	S	25	2	27	0.00000
Prevotella_bryantii	77095	S	23	1	24	0.00000
Prevotella_herbatica	2801997	S	21	0	21	0.00000
Prevotella_histicola	470565	S	18	2	20	0.00000
Prevotella_veroralis	28137	S	12	2	14	0.00000
Paraprevotella_xylaniphila	454155	S	78	69	147	0.00001
Pseudoprevotella_muciniphila	2133944	S	71	6	77	0.00001
Bacteroides_sp._CBA7301	2715212	S	52	20	72	0.00001
Bacteroides_sp._M10	2763022	S	22	51	73	0.00001
Bacteroides_cellulosilyticus	246787	S	110	39	149	0.00001
Bacteroides_fragilis	817	S	97	186	283	0.00002
Bacteroides_thetaiotaomicron	818	S	87	55	142	0.00001
Bacteroides_zoogleoformans	28119	S	76	19	95	0.00001
Bacteroides_stercoris	46506	S	76	75	151	0.00001
Bacteroides_salyersiae	291644	S	71	69	140	0.00001
Bacteroides_eggerthii	28111	S	70	76	146	0.00001
Bacteroides_heparinolyticus	28113	S	59	14	73	0.00001
Bacteroides_uniformis	820	S	54	182	236	0.00002
Bacteroides_helcogenes	290053	S	53	2	55	0.00000
Bacteroides_nordii	291645	S	45	33	78	0.00001
Bacteroides_intestinalis	329854	S	45	8	53	0.00000
Bacteroides_faecis	674529	S	40	32	72	0.00001
Bacteroides_ovatus	28116	S	34	68	102	0.00001
Bacteroides_zhangwenhongii	2650157	S	29	18	47	0.00000
Bacteroides_caccae	47678	S	28	8	36	0.00000
Bacteroides_xylanisolvens	371601	S	27	67	94	0.00001
Bacteroides_caecimuris	1796613	S	25	34	59	0.00000
Bacteroides_luhongzhouii	2650158	S	18	8	26	0.00000
Bacteroides_coprosuis	151276	S	17	1	18	0.00000
Phocaeicola_salanitronis	376805	S	105	45	150	0.00001
Phocaeicola_coprophilus	387090	S	69	37	106	0.00001
Phocaeicola_vulgatus	821	S	39	40	79	0.00001
Phocaeicola_dorei	357276	S	26	54	80	0.00001
Tannerella_serpentiformis	712710	S	405	18	423	0.00003
Tannerella_forsythia	28112	S	128	14	142	0.00001
Parabacteroides_goldsteinii	328812	S	124	31	155	0.00001
Parabacteroides_merdae	46503	S	87	95	182	0.00001
Parabacteroides_distasonis	823	S	73	219	292	0.00002
Parabacteroides_johnsonii	387661	S	69	55	124	0.00001
Sodaliphilus_pleomorphus	2606626	S	307	154	461	0.00003
Duncaniella_dubosii	2518971	S	112	10	122	0.00001
Muribaculum_gordoncarteri	2530390	S	113	13	126	0.00001
Muribaculum_intestinale	1796646	S	98	10	108	0.00001
Porphyromonas_sp._oral_taxon_275	712435	S	309	30	339	0.00002
Porphyromonas_asaccharolytica	28123	S	101	7	108	0.00001
Porphyromonas_gingivalis	837	S	84	13	97	0.00001
Porphyromonas_cangingivalis	36874	S	45	6	51	0.00000
Porphyromonas_somerae	322095	S	31	7	38	0.00000
Porphyromonas_endodontalis	28124	S	28	2	30	0.00000
Porphyromonas_crevioricanis	393921	S	22	4	26	0.00000
Proteiniphilum_saccharofermentans	1642647	S	82	6	88	0.00001
Proteiniphilum_sp._JNU-WLY501	2829812	S	56	2	58	0.00000
Petrimonas_mucosa	1642646	S	132	9	141	0.00001
Barnesiella_viscericola	397865	S	178	233	411	0.00003
Coprobacter_secundus	1501392	S	21	19	40	0.00000
Butyricimonas_faecalis	2093856	S	68	68	136	0.00001
Butyricimonas_virosa	544645	S	49	8	57	0.00000
Odoribacter_splanchnicus	28118	S	67	8	75	0.00001
Paludibacter_propionicigenes	185300	S	57	1	58	0.00000
Salinivirga_cyanobacteriivorans	1307839	S	54	1	55	0.00000
Tenuifilum_thalassicum	2590900	S	52	1	53	0.00000
Draconibacterium_orientale	1168034	S	105	11	116	0.00001
Draconibacterium_halophilum	2706887	S	65	6	71	0.00001
Maribellus_comscasis	2681766	S	67	4	71	0.00001
Alkalitalea_saponilacus	889453	S	48	4	52	0.00000
Labilibaculum_antarcticum	1717717	S	39	3	42	0.00000
Rhodothermus_marinus	29549	S	4422	248	4670	0.00033
Rhodocaloribacter_litoris	2558931	S	4388	446	4834	0.00035
Salinibacter_ruber	146919	S	2527	42	2569	0.00018
Mucilaginibacter_sp._14171R-50	2703789	S	197	13	210	0.00002
Mucilaginibacter_sp._SMC90	2929803	S	192	12	204	0.00001
Mucilaginibacter_sp._F39-2	2728022	S	131	9	140	0.00001
Mucilaginibacter_sp._21P	2778902	S	125	8	133	0.00001
Mucilaginibacter_mali	2740462	S	312	12	324	0.00002
Mucilaginibacter_ginsenosidivorans	398053	S	284	10	294	0.00002
Mucilaginibacter_daejeonensis	398049	S	283	18	301	0.00002
Mucilaginibacter_gotjawali	1550579	S	251	8	259	0.00002
Mucilaginibacter_paludis	423351	S	211	11	222	0.00002
Mucilaginibacter_celer	2305508	S	203	9	212	0.00002
Mucilaginibacter_ginsenosidivorax	862126	S	199	9	208	0.00001
Mucilaginibacter_xinganensis	1234841	S	199	10	209	0.00002
Mucilaginibacter_mallensis	652787	S	176	7	183	0.00001
Mucilaginibacter_rubeus	2027860	S	168	461	629	0.00005
Mucilaginibacter_ginkgonis	2682091	S	127	6	133	0.00001
Mucilaginibacter_gossypii	551996	S	103	87	190	0.00001
Pedobacter_sp._HDW13	2714940	S	100	14	114	0.00001
Pedobacter_sp._PACM_27299	1727164	S	96	15	111	0.00001
Pedobacter_sp._KBS0701	2578106	S	81	31	112	0.00001
Pedobacter_sp._SW-16	2766984	S	76	16	92	0.00001
Pedobacter_sp._D749	2856523	S	69	27	96	0.00001
Pedobacter_sp._Q8-18	2895286	S	68	6	74	0.00001
Pedobacter_sp._G11	2482728	S	66	10	76	0.00001
Pedobacter_heparinus	984	S	155	14	169	0.00001
Pedobacter_endophyticus	2789740	S	122	12	134	0.00001
Pedobacter_schmidteae	2201271	S	102	10	112	0.00001
Pedobacter_steynii	430522	S	98	10	108	0.00001
Pedobacter_roseus	336820	S	91	28	119	0.00001
Pedobacter_cryoconitis	188932	S	88	10	98	0.00001
Pedobacter_suwonensis	332999	S	82	18	100	0.00001
Pedobacter_aquae	2605747	S	76	8	84	0.00001
Pedobacter_ginsengisoli	363852	S	70	10	80	0.00001
Sphingobacterium_sp._DR205	2713573	S	131	15	146	0.00001
Sphingobacterium_sp._CZ-2	2557994	S	61	17	78	0.00001
Sphingobacterium_sp._dk4302	2662364	S	61	7	68	0.00000
Sphingobacterium_sp._UDSM-2020	2795738	S	57	20	77	0.00001
Sphingobacterium_sp._ML3W	1538644	S	55	20	75	0.00001
Sphingobacterium_sp._SRCM116780	2907623	S	47	8	55	0.00000
Sphingobacterium_sp._PCS056	2931400	S	38	8	46	0.00000
Sphingobacterium_thalpophilum	259	S	203	249	452	0.00003
Sphingobacterium_spiritivorum	258	S	148	114	262	0.00002
Sphingobacterium_lactis	797291	S	85	80	165	0.00001
Sphingobacterium_hotanense	649196	S	66	22	88	0.00001
Sphingobacterium_multivorum	28454	S	64	160	224	0.00002
Sphingobacterium_psychroaquaticum	561061	S	60	12	72	0.00001
Sphingobacterium_mizutaii	1010	S	48	7	55	0.00000
Sphingobacterium_daejeonense	371142	S	35	10	45	0.00000
Sphingobacterium_paramultivorum	2886510	S	21	26	47	0.00000
Sphingobacterium_siyangense	459529	S	15	80	95	0.00001
Solitalea_canadensis	995	S	126	12	138	0.00001
Solitalea_sp._S2-8	2911172	S	98	12	110	0.00001
Olivibacter_sp._LS-1	2592345	S	121	6	127	0.00001
Olivibacter_sp._SDN3	2764720	S	95	14	109	0.00001
Anseongella_ginsenosidimutans	496056	S	209	8	217	0.00002
Pseudopedobacter_saltans	151895	S	91	82	173	0.00001
Haliscomenobacter_hydrossis	2350	S	376	5	381	0.00003
Saprospira_grandis	1008	S	67	2	69	0.00000
Candidatus_Sulfidibacterium_hydrothermale	2875962	S	114	4	118	0.00001
Chlorobaculum_limnaeum	274537	S	979	162	1141	0.00008
Chlorobaculum_tepidum	1097	S	536	154	690	0.00005
Chlorobaculum_parvum	274539	S	526	103	629	0.00005
Pelodictyon_luteolum	1100	S	444	62	506	0.00004
Pelodictyon_phaeoclathratiforme	34090	S	102	5	107	0.00001
Chlorobium_limicola	1092	S	206	15	221	0.00002
Chlorobium_phaeovibrioides	1094	S	114	20	134	0.00001
Chlorobium_phaeobacteroides	1096	S	93	11	104	0.00001
Prosthecochloris_sp._GSB1	281093	S	351	25	376	0.00003
Prosthecochloris_sp._CIB_2401	1868325	S	147	38	185	0.00001
Prosthecochloris_sp._HL-130-GSB	1974213	S	141	26	167	0.00001
Prosthecochloris_aestuarii	1102	S	125	14	139	0.00001
Chloroherpeton_thalassium	100716	S	212	4	216	0.00002
Candidatus_Cyclonatronum_proteinivorum	1457365	S	323	33	356	0.00003
Melioribacter_roseus	1134405	S	120	11	131	0.00001
Ignavibacterium_album	591197	S	85	10	95	0.00001
Fibrobacter_succinogenes	833	S	195	3	198	0.00001
Candidatus_Cloacimonas_acidaminovorans	456827	S	67	1	68	0.00000
Luteitalea_sp._TBR-22	2802971	S	42139	8141	50280	0.00361
Luteitalea_pratensis	1855912	S	34414	4294	38708	0.00278
Granulicella_sp._WH15	2602070	S	3841	808	4649	0.00033
Granulicella_sp._5B5	1617967	S	3193	605	3798	0.00027
Granulicella_mallensis	940614	S	2849	402	3251	0.00023
Granulicella_tundricola	940615	S	2238	349	2587	0.00019
Terriglobus_roseus	392734	S	4013	989	5002	0.00036
Terriglobus_albidus	1592106	S	3483	389	3872	0.00028
Terriglobus_saanensis	870903	S	1981	308	2289	0.00016
Candidatus_Koribacter_versatilis	658062	S	8235	321	8556	0.00061
Acidobacterium_capsulatum	33075	S	3866	562	4428	0.00032
Acidobacterium_sp._4Y35	2763107	S	3440	288	3728	0.00027
Edaphobacter_sp._12200R-103	2703788	S	2493	503	2996	0.00021
Edaphobacter_sp._4G125	2763071	S	1456	251	1707	0.00012
Acidisarcina_polymorpha	2211140	S	2570	223	2793	0.00020
Paludibaculum_fermentans	1473598	S	11666	356	12022	0.00086
Chloracidobacterium_aggregatum	2851959	S	1420	850	2270	0.00016
Chloracidobacterium_validum	2821543	S	1191	24	1215	0.00009
Chloracidobacterium_sp._D	2821536	S	109	337	446	0.00003
Chloracidobacterium_thermophilum	458033	S	90	852	942	0.00007
Sulfidibacter_corallicola	2818388	S	2438	74	2512	0.00018
Thermotomaculum_hydrothermale	981385	S	93	4	97	0.00001
Nitrospira_moscoviensis	42253	S	5215	430	5645	0.00040
Nitrospira_japonica	1325564	S	3264	366	3630	0.00026
Nitrospira_sp._KM1	1936990	S	2425	213	2638	0.00019
Candidatus_Nitrospira_inopinata	1715989	S	1994	163	2157	0.00015
Leptospirillum_ferrooxidans	180	S	125	2	127	0.00001
Leptospirillum_ferriphilum	178606	S	46	112	158	0.00001
Leptospirillum_sp._Group_II_'CF-1'	1660083	S	38	90	128	0.00001
Dissulfurispira_thermophila	2715679	S	106	9	115	0.00001
Thermodesulfovibrio_yellowstonii	28262	S	92	3	95	0.00001
Treponema_brennaborense	81028	S	178	60	238	0.00002
Treponema_primitia	88058	S	138	7	145	0.00001
Treponema_azotonutricium	150829	S	122	5	127	0.00001
Treponema_sp._Marseille-Q4132	2766701	S	67	31	98	0.00001
Treponema_sp._OMZ_838	1539298	S	24	24	48	0.00000
Treponema_socranskii	53419	S	90	41	131	0.00001
Treponema_caldarium	215591	S	70	9	79	0.00001
Treponema_parvum	138851	S	69	3	72	0.00001
Treponema_succinifaciens	167	S	46	34	80	0.00001
Treponema_pedis	409322	S	39	10	49	0.00000
Treponema_vincentii	69710	S	36	36	72	0.00001
Treponema_phagedenis	162	S	32	12	44	0.00000
Treponema_medium	58231	S	31	38	69	0.00000
Treponema_peruense	2787628	S	30	4	34	0.00000
Treponema_denticola	158	S	21	3	24	0.00000
Spirochaeta_thermophila	154	S	566	14	580	0.00004
Spirochaeta_africana	46355	S	182	11	193	0.00001
Salinispira_pacifica	1307761	S	108	4	112	0.00001
Sediminispirochaeta_smaragdinae	55206	S	78	2	80	0.00001
Oceanispirochaeta_crateris	2518645	S	34	2	36	0.00000
Thiospirochaeta_perfilievii	252967	S	17	1	18	0.00000
Sphaerochaeta_associata	1129264	S	123	17	140	0.00001
Sphaerochaeta_coccoides	273376	S	110	5	115	0.00001
Sphaerochaeta_globosa	1131703	S	76	11	87	0.00001
Sphaerochaeta_pleomorpha	1131707	S	32	5	37	0.00000
Breznakiella_homolactica	2798577	S	153	13	166	0.00001
Leptospira_kmetyi	408139	S	89	3	92	0.00001
Leptospira_santarosai	28183	S	88	6	94	0.00001
Leptospira_tipperaryensis	2564040	S	62	1	63	0.00000
Leptospira_weilii	28184	S	46	7	53	0.00000
Leptospira_kobayashii	1917830	S	39	0	39	0.00000
Leptospira_biflexa	172	S	38	0	38	0.00000
Leptospira_noguchii	28182	S	27	3	30	0.00000
Leptospira_mayottensis	1137606	S	25	4	29	0.00000
Leptospira_borgpetersenii	174	S	19	3	22	0.00000
Leptospira_interrogans	173	S	12	85	97	0.00001
Turneriella_parva	29510	S	385	4	389	0.00003
Pyramidobacter_piscolens	638849	S	634	37	671	0.00005
Fretibacterium_fastidiosum	651822	S	625	9	634	0.00005
Aminomonas_paucivorans	81412	S	566	59	625	0.00004
Cloacibacillus_porcorum	1197717	S	448	89	537	0.00004
Thermanaerovibrio_acidaminovorans	81462	S	224	80	304	0.00002
Thermanaerovibrio_velox	108007	S	135	32	167	0.00001
Jonquetella_anthropi	428712	S	287	43	330	0.00002
Acetomicrobium_mobile	97477	S	69	1	70	0.00001
Thermovirga_lienii	336261	S	69	56	125	0.00001
Aminobacterium_colombiense	81468	S	59	3	62	0.00000
Candidatus_Bipolaricaulis_anaerobius	2026885	S	607	25	632	0.00005
Candidatus_Nanosynbacter_featherlites	2572088	S	54	24	78	0.00001
Candidatus_Nanosynbacter_lyticus	2093824	S	29	90	119	0.00001
Nanosynbacter_sp._HMT-352	2899133	S	23	71	94	0.00001
Candidatus_Saccharimonas_aalborgensis	1332188	S	122	2	124	0.00001
Candidatus_Babela_massiliensis	673862	S	58	1	59	0.00000
Candidatus_Chazhemtobacterium_aquaticus	2715735	S	41	0	41	0.00000
Candidatus_Absconditicoccus_praedator	2735562	S	33	0	33	0.00000
Thermotoga_caldifontis	1508419	S	129	165	294	0.00002
Thermotoga_profunda	1508420	S	11	4	15	0.00000
Pseudothermotoga_hypogea	57487	S	36	31	67	0.00000
Pseudothermotoga_thermarum	119394	S	17	9	26	0.00000
Thermosipho_ferrireducens	2571116	S	39	13	52	0.00000
Fervidobacterium_pennivorans	93466	S	18	43	61	0.00000
Mesotoga_infera	1236046	S	63	10	73	0.00001
Mesotoga_prima	1184387	S	30	5	35	0.00000
Kosmotoga_olearia	651457	S	25	10	35	0.00000
Kosmotoga_pacifica	1330330	S	20	8	28	0.00000
Defluviitoga_tunisiensis	1006576	S	15	26	41	0.00000
Tepiditoga_spiralis	2108365	S	12	3	15	0.00000
Athalassotoga_saccharophila	1441386	S	41	1	42	0.00000
Thermocrinis_minervae	381751	S	70	10	80	0.00001
Thermocrinis_albus	136094	S	22	2	24	0.00000
Thermocrinis_ruber	75906	S	19	2	21	0.00000
Hydrogenobacter_sp._T-8	1632019	S	30	7	37	0.00000
Hydrogenobacter_thermophilus	940	S	14	4	18	0.00000
Aquifex_aeolicus	63363	S	30	2	32	0.00000
Sulfurihydrogenibium_azorense	309806	S	82	15	97	0.00001
Persephonella_marina	309805	S	62	7	69	0.00000
Thermosulfidibacter_takaii	412593	S	98	4	102	0.00001
Thermovibrio_ammonificans	228745	S	116	23	139	0.00001
Desulfurobacterium_thermolithotrophum	64160	S	16	2	18	0.00000
Thermosulfurimonas_marina	2047767	S	207	34	241	0.00002
Thermosulfuriphilus_ammonigenes	1936021	S	117	5	122	0.00001
Thermodesulfatator_indicus	171695	S	69	11	80	0.00001
Thermodesulfobacterium_geofontis	1295609	S	18	9	27	0.00000
Thermodesulfobacterium_commune	1741	S	16	9	25	0.00000
Thermodesulfobacterium_sp._TA1	2234087	S	11	5	16	0.00000
Caldimicrobium_thiodismutans	1653476	S	36	8	44	0.00000
Geovibrio_thiophilus	139438	S	109	16	125	0.00001
Flexistipes_sinusarabici	2352	S	63	6	69	0.00000
Mucispirillum_schaedleri	248039	S	57	5	62	0.00000
Calditerrivibrio_nitroreducens	477976	S	46	5	51	0.00000
Deferribacter_desulfuricans	197162	S	41	6	47	0.00000
Denitrovibrio_acetiphilus	118000	S	34	3	37	0.00000
Caldithrix_abyssi	187145	S	377	3	380	0.00003
Desulfurispirillum_indicum	936456	S	317	149	466	0.00003
Fusobacterium_ulcerans	861	S	19	4	23	0.00000
Fusobacterium_sp._NSJ-57	2764326	S	12	17	29	0.00000
Fusobacterium_pseudoperiodonticum	2663009	S	13	19	32	0.00000
Fusobacterium_nucleatum	851	S	11	30	41	0.00000
Cetobacterium_somerae	188913	S	13	2	15	0.00000
Leptotrichia_sp._oral_taxon_212	712357	S	15	44	59	0.00000
Sebaldella_termitidis	826	S	15	2	17	0.00000
Elusimicrobium_minutum	423605	S	111	1	112	0.00001
Endomicrobium_proavitum	1408281	S	39	17	56	0.00000
Candidatus_Endomicrobium_trichonymphae	1408204	S	37	16	53	0.00000
Coprothermobacter_proteolyticus	35786	S	101	20	121	0.00001
Dictyoglomus_thermophilum	14	S	18	70	88	0.00001
Caldisericum_exile	693075	S	90	0	90	0.00001
Atribacter_laminatus	2847778	S	64	1	65	0.00000
Fusarium_acuminatum	5515	S	5835	327	6162	0.00044
Fusarium_avenaceum	40199	S	102	4	106	0.00001
Fusarium_nygamai	42673	S	586	145	731	0.00005
Fusarium_verticillioides	117187	S	185	242	427	0.00003
Fusarium_fujikuroi	5127	S	141	12	153	0.00001
Fusarium_pseudonygamai	47755	S	90	17	107	0.00001
Fusarium_thapsinum	120644	S	81	14	95	0.00001
Fusarium_pseudograminearum	101028	S	126	45	171	0.00001
Fusarium_poae	36050	S	119	39	158	0.00001
Fusarium_longipes	694270	S	91	4	95	0.00001
Fusarium_sporotrichioides	5514	S	84	7	91	0.00001
Fusarium_sambucinum	5128	S	72	28	100	0.00001
Fusarium_venenatum	56646	S	53	103	156	0.00001
Fusarium_graminearum	5518	S	49	176	225	0.00002
Fusarium_culmorum	5516	S	31	26	57	0.00000
Fusarium_oxysporum	5507	S	420	160	580	0.00004
Fusarium_chlamydosporum	86545	S	263	34	297	0.00002
Fusarium_nelsonii	77846	S	118	16	134	0.00001
Fusarium_decemcellulare	57161	S	371	9	380	0.00003
Fusarium_scirpi	2211609	S	153	36	189	0.00001
Fusarium_equiseti	61235	S	142	37	179	0.00001
Fusarium_heterosporum	42747	S	114	15	129	0.00001
Fusarium_graminum	86546	S	111	15	126	0.00001
Fusarium_lateritium	5523	S	191	6	197	0.00001
Fusarium_dimerum	57145	S	184	6	190	0.00001
Fusarium_musae	1042133	S	43	54	97	0.00001
Trichoderma_afroharzianum	1567482	S	2338	371	2709	0.00019
Trichoderma_reesei	51453	S	319	27	346	0.00002
Trichoderma_citrinoviride	58853	S	266	24	290	0.00002
Trichoderma_asperellum	101201	S	234	15	249	0.00002
Trichoderma_pleuroti	500994	S	228	20	248	0.00002
Trichoderma_atroviride	63577	S	180	39	219	0.00002
Trichoderma_harzianum	5544	S	150	23	173	0.00001
Trichoderma_hamatum	49224	S	133	9	142	0.00001
Trichoderma_erinaceum	202914	S	127	15	142	0.00001
Trichoderma_koningiopsis	337941	S	120	15	135	0.00001
Trichoderma_gamsii	398673	S	105	11	116	0.00001
Trichoderma_virens	29875	S	40	283	323	0.00002
Trichoderma_longibrachiatum	5548	S	28	199	227	0.00002
Trichoderma_viride	5547	S	20	182	202	0.00001
Trichoderma_koningii	97093	S	17	112	129	0.00001
Metarhizium_album	92629	S	433	14	447	0.00003
Metarhizium_guizhouense	169041	S	415	185	600	0.00004
Metarhizium_rileyi	1649241	S	312	56	368	0.00003
Metarhizium_acridum	92637	S	191	145	336	0.00002
Metarhizium_anisopliae	5530	S	116	165	281	0.00002
Metarhizium_humberi	2596975	S	116	58	174	0.00001
Metarhizium_brunneum	500148	S	100	69	169	0.00001
Metarhizium_majus	1650735	S	89	33	122	0.00001
Metarhizium_robertsii	568076	S	66	38	104	0.00001
Ustilaginoidea_virens	1159556	S	668	38	706	0.00005
Pochonia_chlamydosporia	280754	S	201	12	213	0.00002
Beauveria_felina	37994	S	536	32	568	0.00004
Beauveria_brongniartii	118266	S	207	62	269	0.00002
Beauveria_pseudobassiana	931006	S	205	36	241	0.00002
Beauveria_rudraprayagi	1481906	S	144	217	361	0.00003
Beauveria_bassiana	176275	S	90	143	233	0.00002
Cordyceps_fumosorosea	114497	S	775	53	828	0.00006
Purpureocillium_lilacinum	33203	S	965	73	1038	0.00007
Drechmeria_coniospora	98403	S	765	39	804	0.00006
Clonostachys_rosea	29856	S	541	44	585	0.00004
Colletotrichum_higginsianum	80884	S	959	257	1216	0.00009
Thermothielavioides_terrestris	2587410	S	1875	175	2050	0.00015
Thermothelomyces_thermophilus	78579	S	1574	107	1681	0.00012
Neurospora_crassa	5141	S	1213	87	1300	0.00009
Pyricularia_pennisetigena	1578925	S	361	57	418	0.00003
Pyricularia_oryzae	318829	S	334	91	425	0.00003
Pyricularia_grisea	148305	S	249	38	287	0.00002
Neopestalotiopsis_rosae	1562205	S	157	147	304	0.00002
Neopestalotiopsis_clavispora	289240	S	150	153	303	0.00002
Botrytis_cinerea	40559	S	192	1	193	0.00001
Aspergillus_luchuensis	1069201	S	961	74	1035	0.00007
Aspergillus_chevalieri	182096	S	448	50	498	0.00004
Aspergillus_flavus	5059	S	57	117	174	0.00001
Aspergillus_oryzae	5062	S	42	78	120	0.00001
Aspergillus_fumigatus	746128	S	197	10	207	0.00001
Aspergillus_puulaauensis	1220207	S	187	8	195	0.00001
Penicillium_citrinum	5077	S	163	23	186	0.00001
Penicillium_aurantiogriseum	36655	S	123	42	165	0.00001
Penicillium_chrysogenum	5076	S	114	22	136	0.00001
Penicillium_expansum	27334	S	89	36	125	0.00001
Penicillium_italicum	40296	S	85	31	116	0.00001
Penicillium_digitatum	36651	S	56	11	67	0.00000
Paecilomyces_variotii	264951	S	140	15	155	0.00001
Paecilomyces_niveus	5093	S	120	5	125	0.00001
Talaromyces_rugulosus	121627	S	235	17	252	0.00002
Paraphaeosphaeria_minitans	565426	S	485	186	671	0.00005
Ampelomyces_quisqualis	50730	S	382	47	429	0.00003
Zymoseptoria_tritici	1047171	S	234	4	238	0.00002
Cercospora_beticola	122368	S	192	0	192	0.00001
Eremothecium_gossypii	33169	S	142	120	262	0.00002
Eremothecium_cymbalariae	45285	S	16	0	16	0.00000
Tetrapisispora_blattae	1071379	S	46	2	48	0.00000
Tetrapisispora_phaffii	113608	S	24	0	24	0.00000
Saccharomyces_eubayanus	1080349	S	36	1	37	0.00000
Saccharomyces_cerevisiae	4932	S	17	2	19	0.00000
Saccharomyces_paradoxus	27291	S	16	0	16	0.00000
Lachancea_thermotolerans	381046	S	61	4	65	0.00000
Naumovozyma_dairenensis	27289	S	32	1	33	0.00000
Naumovozyma_castellii	27288	S	25	2	27	0.00000
Kluyveromyces_marxianus	4911	S	42	10	52	0.00000
Kazachstania_naganishii	588726	S	43	2	45	0.00000
[Candida]_glabrata	5478	S	52	3	55	0.00000
Torulaspora_globosa	48254	S	37	2	39	0.00000
Torulaspora_delbrueckii	4950	S	11	1	12	0.00000
Zygosaccharomyces_rouxii	4956	S	20	1	21	0.00000
Zygotorulaspora_mrakii	42260	S	14	1	15	0.00000
Ogataea_parapolymorpha	1005962	S	63	2	65	0.00000
Brettanomyces_nanus	13502	S	32	5	37	0.00000
Brettanomyces_bruxellensis	5007	S	22	1	23	0.00000
Pichia_kudriavzevii	4909	S	32	1	33	0.00000
Candida_dubliniensis	42374	S	56	8	64	0.00000
Candida_albicans	5476	S	26	4	30	0.00000
Candida_orthopsilosis	273371	S	19	0	19	0.00000
Scheffersomyces_stipitis	4924	S	20	0	20	0.00000
Debaryomyces_hansenii	4959	S	16	0	16	0.00000
Yarrowia_lipolytica	4952	S	103	1	104	0.00001
Sugiyamaella_lignohabitans	796027	S	63	6	69	0.00000
Saccharomycodes_ludwigii	36035	S	27	4	31	0.00000
Schizosaccharomyces_pombe	4896	S	30	1	31	0.00000
Pseudozyma_flocculosa	84751	S	1306	15	1321	0.00009
Ustilago_maydis	5270	S	613	15	628	0.00005
Sporisorium_graminicola	280036	S	299	50	349	0.00003
Malassezia_restricta	76775	S	130	30	160	0.00001
Phlebiopsis_gigantea	82310	S	434	8	442	0.00003
Rhizoctonia_solani	456999	S	106	8	114	0.00001
Marasmius_oreades	181124	S	114	9	123	0.00001
Cryptococcus_neoformans	5207	S	76	5	81	0.00001
Cryptococcus_gattii_VGI	37769	S	30	26	56	0.00000
Phytophthora_cinnamomi	4785	S	875	145	1020	0.00007
Phytophthora_fragariae	53985	S	684	97	781	0.00006
Phytophthora_cryptogea	4786	S	591	48	639	0.00005
Phytophthora_infestans	4787	S	317	539	856	0.00006
Phytophthora_cactorum	29920	S	256	38	294	0.00002
Phytophthora_boehmeriae	109152	S	210	26	236	0.00002
Phytophthora_parasitica	4792	S	169	22	191	0.00001
Pythium_aphanidermatum	65070	S	333	10	343	0.00002
