name	taxonomy_id	taxonomy_lvl	kraken_assigned_reads	added_reads	new_est_reads	fraction_total_reads
Streptomyces	1883	G	1412337	400370	1812707	0.11844
Kitasatospora	2063	G	25050	10820	35870	0.00234
Streptacidiphilus	228398	G	17276	6152	23428	0.00153
Yinghuangia	2805681	G	7374	1490	8864	0.00058
Microbacterium	33882	G	125828	26710	152538	0.00997
Agromyces	33877	G	49527	14578	64105	0.00419
Curtobacterium	2034	G	24265	6222	30487	0.00199
Rathayibacter	33886	G	21965	6158	28123	0.00184
Leucobacter	55968	G	17743	4059	21802	0.00142
Leifsonia	110932	G	17738	3257	20995	0.00137
Agrococcus	46352	G	16939	5681	22620	0.00148
Clavibacter	1573	G	16398	12177	28575	0.00187
Protaetiibacter	2680004	G	7372	2647	10019	0.00065
Salinibacterium	235888	G	7104	1386	8490	0.00055
Cryobacterium	69578	G	6528	1144	7672	0.00050
Frondihabitans	447237	G	5002	971	5973	0.00039
Microterricola	518733	G	4721	1423	6144	0.00040
Plantibacter	190323	G	4282	659	4941	0.00032
Microcella	337004	G	3840	1623	5463	0.00036
Cnuibacter	1759331	G	3120	825	3945	0.00026
Mycetocola	76634	G	3093	486	3579	0.00023
Herbiconiux	881616	G	2980	730	3710	0.00024
Subtercola	120212	G	2891	298	3189	0.00021
Gryllotalpicola	1195526	G	2792	664	3456	0.00023
Frigoribacterium	96492	G	2771	994	3765	0.00025
Humibacter	427753	G	2513	676	3189	0.00021
Chryseoglobus	1331730	G	2316	534	2850	0.00019
Amnibacterium	1029631	G	2152	632	2784	0.00018
Diaminobutyricimonas	1433997	G	2009	462	2471	0.00016
Marisediminicola	1230698	G	1949	297	2246	0.00015
Gulosibacter	256818	G	1742	620	2362	0.00015
Glaciihabitans	1649454	G	1449	141	1590	0.00010
Agreia	110934	G	1422	211	1633	0.00011
Aquiluna	529881	G	323	26	349	0.00002
Rhodoluna	529883	G	319	25	344	0.00002
Pseudoclavibacter	255204	G	386	91	477	0.00003
Aurantimicrobium	1705353	G	261	17	278	0.00002
Pontimonas	1434032	G	140	8	148	0.00001
Arthrobacter	1663	G	83795	23510	107305	0.00701
Kocuria	57493	G	18913	6970	25883	0.00169
Pseudarthrobacter	1742993	G	15573	6068	21641	0.00141
Micrococcus	1269	G	8329	6814	15143	0.00099
Sinomonas	596707	G	7216	2303	9519	0.00062
Glutamicibacter	1742989	G	5229	2243	7472	0.00049
Rothia	32207	G	4001	2131	6132	0.00040
Paenarthrobacter	1742992	G	3693	2619	6312	0.00041
Citricoccus	169133	G	3200	1075	4275	0.00028
Nesterenkonia	57494	G	1147	93	1240	0.00008
Paeniglutamicibacter	1742990	G	536	107	643	0.00004
Psychromicrobium	2078575	G	456	84	540	0.00004
Auritidibacter	1160973	G	386	50	436	0.00003
Neomicrococcus	1868332	G	297	172	469	0.00003
Renibacterium	1645	G	242	18	260	0.00002
Cellulomonas	1707	G	62833	27366	90199	0.00589
Actinotalea	458839	G	4258	1977	6235	0.00041
Oerskovia	162491	G	3054	1258	4312	0.00028
Pseudactinotalea	1926259	G	2931	555	3486	0.00023
Paraoerskovia	665568	G	2186	738	2924	0.00019
Janibacter	53457	G	11652	4416	16068	0.00105
Phycicoccus	367298	G	10312	3764	14076	0.00092
Intrasporangium	53357	G	8062	2828	10890	0.00071
Pedococcus	2805645	G	5179	1917	7096	0.00046
Tetrasphaera	99479	G	4336	1418	5754	0.00038
Arsenicicoccus	267408	G	4133	2028	6161	0.00040
Cellulosimicrobium	157920	G	17692	9080	26772	0.00175
Xylanimonas	186188	G	10380	4317	14697	0.00096
Isoptericola	254250	G	8223	4836	13059	0.00085
Ornithinimicrobium	125287	G	19018	5100	24118	0.00158
Serinicoccus	265976	G	12882	4447	17329	0.00113
Brachybacterium	43668	G	20377	4294	24671	0.00161
Dermabacter	36739	G	1604	1180	2784	0.00018
Devriesea	472568	G	343	25	368	0.00002
Brevibacterium	1696	G	21959	5580	27539	0.00180
Georgenia	154116	G	17867	6803	24670	0.00161
Ruania	626119	G	14631	2251	16882	0.00110
Dermacoccus	57495	G	4583	2036	6619	0.00043
Luteipulveratus	745364	G	3871	695	4566	0.00030
Allobranchiibius	2040262	G	2951	834	3785	0.00025
Yimella	908935	G	1754	454	2208	0.00014
Beutenbergia	84756	G	5440	1163	6603	0.00043
Miniimonas	947525	G	3644	2418	6062	0.00040
Pengzhenrongella	2888818	G	4869	1744	6613	0.00043
Luteimicrobium	754249	G	4165	1646	5811	0.00038
Sanguibacter	60919	G	5833	2266	8099	0.00053
Gephyromycinifex	2885697	G	1554	229	1783	0.00012
Austwickia	1184606	G	1278	126	1404	0.00009
Dermatophilus	1862	G	287	34	321	0.00002
Kytococcus	57499	G	2956	1373	4329	0.00028
Demequina	577469	G	1158	118	1276	0.00008
Jonesia	43673	G	223	51	274	0.00002
Tropheryma	2038	G	64	0	64	0.00000
Micromonospora	1873	G	414927	130061	544988	0.03561
Actinoplanes	1865	G	168639	40435	209074	0.01366
Phytohabitans	907364	G	52658	8462	61120	0.00399
Plantactinospora	673534	G	36937	7744	44681	0.00292
Dactylosporangium	35753	G	28093	3963	32056	0.00209
Catellatospora	53365	G	23572	6543	30115	0.00197
Actinocatenispora	390988	G	23059	3608	26667	0.00174
Couchioplanes	56433	G	19426	5894	25320	0.00165
Polymorphospora	338583	G	17209	4574	21783	0.00142
Natronosporangium	2920401	G	9085	795	9880	0.00065
Verrucosispora	84593	G	5934	4900	10834	0.00071
Salinispora	168694	G	5274	1041	6315	0.00041
Mycolicibacterium	1866885	G	144741	33711	178452	0.01166
Mycobacterium	1763	G	138845	44147	182992	0.01196
Mycolicibacter	1073531	G	10708	4772	15480	0.00101
Mycobacteroides	670516	G	8714	2620	11334	0.00074
Mycolicibacillus	2126281	G	2385	775	3160	0.00021
Hoyosella	697025	G	1121	77	1198	0.00008
Rhodococcus	1827	G	99913	30719	130632	0.00854
Nocardia	1817	G	96064	21679	117743	0.00769
Corynebacterium	1716	G	59655	18017	77672	0.00508
Gordonia	2053	G	44115	12154	56269	0.00368
Skermania	59613	G	2457	374	2831	0.00019
Tsukamurella	2060	G	14318	4607	18925	0.00124
Dietzia	37914	G	8984	2514	11498	0.00075
Tomitella	741759	G	5319	1400	6719	0.00044
Segniliparus	286801	G	1329	94	1423	0.00009
Lawsonella	1847725	G	284	41	325	0.00002
Amycolatopsis	1813	G	176719	41986	218705	0.01429
Pseudonocardia	1847	G	152966	34397	187363	0.01224
Allokutzneria	1137960	G	72515	21528	94043	0.00614
Saccharopolyspora	1835	G	42112	11024	53136	0.00347
Saccharothrix	2071	G	35895	12325	48220	0.00315
Kutzneria	43356	G	21435	5539	26974	0.00176
Saccharomonospora	1851	G	21341	4564	25905	0.00169
Lentzea	165301	G	12603	3251	15854	0.00104
Actinoalloteichus	65496	G	11979	1402	13381	0.00087
Actinosynnema	40566	G	11383	3900	15283	0.00100
Kibdelosporangium	2029	G	10543	1561	12104	0.00079
Alloactinosynnema	674734	G	6931	1890	8821	0.00058
Prauserella	142577	G	4397	482	4879	0.00032
Allosaccharopolyspora	2893576	G	3791	992	4783	0.00031
Nocardioides	1839	G	271358	78052	349410	0.02283
Aeromicrobium	2040	G	27968	7246	35214	0.00230
Friedmanniella	53387	G	8198	2274	10472	0.00068
Pimelobacter	2044	G	6103	3065	9168	0.00060
Marmoricola	86795	G	5546	2826	8372	0.00055
Mumia	1546255	G	4758	1125	5883	0.00038
Micropruina	116071	G	3089	619	3708	0.00024
Microlunatus	29404	G	25230	3875	29105	0.00190
Tessaracoccus	72763	G	18624	5047	23671	0.00155
Brevilactibacter	2717325	G	7849	4167	12016	0.00079
Acidipropionibacterium	1912215	G	7065	3549	10614	0.00069
Propionibacterium	1743	G	6502	2438	8940	0.00058
Auraticoccus	1278221	G	5164	1283	6447	0.00042
Cutibacterium	1912216	G	3643	1170	4813	0.00031
Arachnia	2801844	G	3174	316	3490	0.00023
Raineyella	1911549	G	3087	563	3650	0.00024
Vaginimicrobium	2919589	G	112	56	168	0.00001
Kribbella	182639	G	48847	10046	58893	0.00385
Actinopolymorpha	117156	G	9303	1410	10713	0.00070
Nonomuraea	83681	G	78355	17449	95804	0.00626
Streptosporangium	2000	G	32632	8246	40878	0.00267
Thermobispora	147067	G	8042	2476	10518	0.00069
Actinomadura	1988	G	90010	22424	112434	0.00735
Thermomonospora	2019	G	18652	7403	26055	0.00170
Nocardiopsis	2013	G	24632	6608	31240	0.00204
Thermobifida	83677	G	11063	2917	13980	0.00091
Streptomonospora	104204	G	5721	1478	7199	0.00047
Spiractinospora	2913367	G	3577	312	3889	0.00025
Blastococcus	38501	G	29839	11304	41143	0.00269
Modestobacter	88138	G	23223	9333	32556	0.00213
Geodermatophilus	1860	G	18717	7989	26706	0.00175
Frankia	1854	G	45166	5632	50798	0.00332
Actinomyces	1654	G	28435	4866	33301	0.00218
Schaalia	2529408	G	3709	821	4530	0.00030
Flaviflexus	1522056	G	2156	661	2817	0.00018
Trueperella	1069494	G	1936	727	2663	0.00017
Pauljensenia	2740557	G	1017	454	1471	0.00010
Nanchangia	2888879	G	901	129	1030	0.00007
Actinobaculum	76833	G	416	30	446	0.00003
Actinotignum	1653174	G	371	33	404	0.00003
Arcanobacterium	28263	G	249	80	329	0.00002
Changpingibacter	2912996	G	247	92	339	0.00002
Mobiluncus	2050	G	198	76	274	0.00002
Varibaculum	184869	G	107	42	149	0.00001
Boudabousia	2767318	G	75	7	82	0.00001
Fannyhessea	2767327	G	69	27	96	0.00001
Jiangella	281472	G	34680	7776	42456	0.00277
Nakamurella	53460	G	15654	2703	18357	0.00120
Bifidobacterium	1678	G	14803	5083	19886	0.00130
Parascardovia	196082	G	297	73	370	0.00002
Gardnerella	2701	G	74	41	115	0.00001
Scardovia	196081	G	38	19	57	0.00000
Catenulispora	414878	G	8984	1706	10690	0.00070
Jatrophihabitans	1434010	G	7386	842	8228	0.00054
Stackebrandtia	283810	G	6301	751	7052	0.00046
Natronoglycomyces	2838311	G	930	43	973	0.00006
Kineococcus	33981	G	5073	1826	6899	0.00045
Actinopolyspora	1849	G	3204	427	3631	0.00024
Epidermidibacterium	2078948	G	3020	1891	4911	0.00032
Acidothermus	28048	G	2429	161	2590	0.00017
Candidatus_Planktophila	622681	G	365	43	408	0.00003
Candidatus_Nanopelagicus	2039639	G	84	31	115	0.00001
Rubrobacter	42255	G	126650	6909	133559	0.00873
Baekduia	2600304	G	32033	6526	38559	0.00252
Conexibacter	191494	G	102605	17882	120487	0.00787
Miltoncostaea	2843200	G	33481	5282	38763	0.00253
Aquihabitans	1648491	G	41313	8203	49516	0.00324
Iamia	467975	G	24408	4535	28943	0.00189
Actinomarinicola	2789775	G	21076	4832	25908	0.00169
Ilumatobacter	682522	G	6734	480	7214	0.00047
Acidimicrobium	53634	G	2705	245	2950	0.00019
Eggerthella	84111	G	3069	1250	4319	0.00028
Gordonibacter	644652	G	1667	913	2580	0.00017
Adlercreutzia	447020	G	1477	421	1898	0.00012
Arabiibacter	2005386	G	1392	355	1747	0.00011
Raoultibacter	1926677	G	767	77	844	0.00006
Berryella	2815775	G	640	857	1497	0.00010
Slackia	84108	G	526	20	546	0.00004
Denitrobacterium	79603	G	362	185	547	0.00004
Cryptobacterium	84162	G	75	10	85	0.00001
Phoenicibacter	1981050	G	75	42	117	0.00001
Olsenella	133925	G	2435	577	3012	0.00020
Parolsenella	2082587	G	1526	588	2114	0.00014
Thermophilibacter	2847307	G	845	424	1269	0.00008
Parafannyhessea	2847312	G	828	619	1447	0.00009
Atopobium	1380	G	260	34	294	0.00002
Lancefieldella	2767353	G	40	5	45	0.00000
Collinsella	102106	G	2006	720	2726	0.00018
Coriobacterium	33870	G	577	22	599	0.00004
Egicoccus	1755825	G	7417	1402	8819	0.00058
Euzebya	908623	G	7093	730	7823	0.00051
Egibacter	1747770	G	6728	492	7220	0.00047
Paenibacillus	44249	G	35563	4363	39926	0.00261
Brevibacillus	55080	G	4286	1014	5300	0.00035
Cohnella	329857	G	2688	506	3194	0.00021
Thermobacillus	76632	G	1933	330	2263	0.00015
Saccharibacillus	456492	G	1231	185	1416	0.00009
Aneurinibacillus	55079	G	377	109	486	0.00003
Bacillus	1386	G	10825	48529	59354	0.00388
Priestia	2800373	G	5497	6480	11977	0.00078
Metabacillus	2675233	G	3138	1600	4738	0.00031
Geobacillus	129337	G	2751	1137	3888	0.00025
Hydrogenibacillus	1609627	G	2092	398	2490	0.00016
Cytobacillus	2675230	G	1780	1001	2781	0.00018
Terribacillus	459532	G	1529	329	1858	0.00012
Anoxybacillus	150247	G	1290	445	1735	0.00011
Mesobacillus	2675231	G	1180	458	1638	0.00011
Peribacillus	2675229	G	816	499	1315	0.00009
Parageobacillus	1906945	G	668	256	924	0.00006
Neobacillus	2675232	G	599	331	930	0.00006
Lysinibacillus	400634	G	411	194	605	0.00004
Rossellomorea	2837508	G	386	212	598	0.00004
Niallia	2837506	G	380	134	514	0.00003
Salicibibacter	2685905	G	367	27	394	0.00003
Alkalihalobacillus	2675234	G	364	104	468	0.00003
Virgibacillus	84406	G	337	55	392	0.00003
Weizmannia	2817139	G	328	240	568	0.00004
Salisediminibacterium	1434042	G	298	57	355	0.00002
Halobacillus	45667	G	298	54	352	0.00002
Fictibacillus	1329200	G	208	44	252	0.00002
Sutcliffiella	2837511	G	152	70	222	0.00001
Gracilibacillus	74385	G	136	21	157	0.00001
Oceanobacillus	182709	G	133	25	158	0.00001
Heyndrickxia	2837504	G	126	58	184	0.00001
Lentibacillus	175304	G	117	10	127	0.00001
Caldalkalibacillus	379065	G	115	32	147	0.00001
Salimicrobium	351195	G	108	24	132	0.00001
Gottfriedia	2837503	G	94	40	134	0.00001
Psychrobacillus	1221880	G	92	61	153	0.00001
Pontibacillus	289201	G	87	16	103	0.00001
Caldibacillus	1276290	G	80	43	123	0.00001
Halalkalibacterium	2893055	G	79	67	146	0.00001
Sediminibacillus	482460	G	69	17	86	0.00001
Lederbergia	2804231	G	60	21	81	0.00001
Radiobacillus	2785518	G	56	14	70	0.00000
Pradoshia	2651279	G	51	22	73	0.00000
Anaerobacillus	704093	G	51	17	68	0.00000
Aeribacillus	1055323	G	51	40	91	0.00001
Evansella	2837485	G	49	10	59	0.00000
Alkalihalophilus	2893060	G	42	10	52	0.00000
Mangrovibacillus	2920444	G	39	30	69	0.00000
Paraliobacillus	200903	G	25	6	31	0.00000
Amphibacillus	29331	G	23	6	29	0.00000
Alicyclobacillus	29330	G	3204	307	3511	0.00023
Tumebacillus	432330	G	2130	959	3089	0.00020
Kyrpidia	1129704	G	886	56	942	0.00006
Effusibacillus	1502725	G	154	26	180	0.00001
Kroppenstedtia	1274351	G	546	70	616	0.00004
Staphylospora	2689589	G	522	125	647	0.00004
Novibacillus	1677050	G	317	61	378	0.00002
Polycladomyces	1348505	G	292	41	333	0.00002
Laceyella	292635	G	238	81	319	0.00002
Thermoactinomyces	2023	G	141	42	183	0.00001
Planococcus	1372	G	1312	505	1817	0.00012
Sporosarcina	1569	G	395	127	522	0.00003
Solibacillus	648800	G	69	40	109	0.00001
Ureibacillus	160795	G	68	78	146	0.00001
Jeotgalibacillus	157226	G	52	25	77	0.00001
Kurthia	1649	G	39	23	62	0.00000
Paenisporosarcina	651660	G	38	22	60	0.00000
Rummeliibacillus	648802	G	31	22	53	0.00000
Viridibacillus	496496	G	17	9	26	0.00000
Exiguobacterium	33986	G	1189	510	1699	0.00011
Gemella	1378	G	29	26	55	0.00000
Staphylococcus	1279	G	611	4252	4863	0.00032
Macrococcus	69965	G	84	32	116	0.00001
Jeotgalicoccus	227979	G	79	9	88	0.00001
Salinicoccus	45669	G	56	22	78	0.00001
Mammaliicoccus	2803850	G	42	27	69	0.00000
Nosocomiicoccus	489909	G	23	5	28	0.00000
Abyssicoccus	1955413	G	11	4	15	0.00000
Listeria	1637	G	243	1644	1887	0.00012
Brochothrix	2755	G	28	12	40	0.00000
Sporolactobacillus	2077	G	106	21	127	0.00001
Limosilactobacillus	2742598	G	543	378	921	0.00006
Levilactobacillus	2767886	G	421	137	558	0.00004
Lactobacillus	1578	G	415	691	1106	0.00007
Lacticaseibacillus	2759736	G	381	139	520	0.00003
Schleiferilactobacillus	2767891	G	189	26	215	0.00001
Lactiplantibacillus	2767842	G	168	67	235	0.00002
Ligilactobacillus	2767887	G	138	95	233	0.00002
Leuconostoc	1243	G	127	30	157	0.00001
Weissella	46255	G	117	29	146	0.00001
Lentilactobacillus	2767893	G	109	37	146	0.00001
Oenococcus	46254	G	82	5	87	0.00001
Secundilactobacillus	2767892	G	72	29	101	0.00001
Loigolactobacillus	2767889	G	55	43	98	0.00001
Pediococcus	1253	G	53	34	87	0.00001
Latilactobacillus	2767885	G	48	19	67	0.00000
Companilactobacillus	2767879	G	36	5	41	0.00000
Furfurilactobacillus	2767882	G	35	7	42	0.00000
Liquorilactobacillus	2767888	G	33	18	51	0.00000
Paucilactobacillus	2767890	G	27	11	38	0.00000
Periweissella	2930384	G	17	2	19	0.00000
Amylolactobacillus	2767876	G	16	18	34	0.00000
Apilactobacillus	2767877	G	15	3	18	0.00000
Acetilactobacillus	2767874	G	11	0	11	0.00000
Fructilactobacillus	2767881	G	10	3	13	0.00000
Streptococcus	1301	G	956	1180	2136	0.00014
Lactococcus	1357	G	474	497	971	0.00006
Floricoccus	1930830	G	15	5	20	0.00000
Enterococcus	1350	G	399	354	753	0.00005
Vagococcus	2737	G	77	77	154	0.00001
Tetragenococcus	51668	G	57	14	71	0.00000
Aerococcus	1375	G	198	59	257	0.00002
Abiotrophia	46123	G	32	12	44	0.00000
Suicoccus	2689587	G	21	17	38	0.00000
Ignavigranum	89092	G	10	1	11	0.00000
Carnobacterium	2747	G	78	24	102	0.00001
Jeotgalibaca	1470540	G	65	31	96	0.00001
Dolosigranulum	29393	G	37	14	51	0.00000
Granulicatella	117563	G	15	21	36	0.00000
Marinilactibacillus	191769	G	12	5	17	0.00000
Thermaerobacter	73918	G	9555	913	10468	0.00068
Intestinimonas	1392389	G	580	274	854	0.00006
Flintibacter	1918454	G	328	46	374	0.00002
Aminipila	2060094	G	189	18	207	0.00001
Emergencia	1926556	G	101	45	146	0.00001
Mogibacterium	86331	G	31	6	37	0.00000
Massilistercora	2717089	G	187	230	417	0.00003
Carboxydocella	178898	G	146	18	164	0.00001
Fenollaria	1686313	G	21	10	31	0.00000
Faecalibacterium	216851	G	2015	1607	3622	0.00024
Dysosmobacter	2591381	G	1319	689	2008	0.00013
Flavonifractor	946234	G	1157	352	1509	0.00010
Ethanoligenens	253238	G	574	36	610	0.00004
Vescimonas	2892396	G	526	685	1211	0.00008
Ruthenibacterium	1905344	G	500	178	678	0.00004
Anaerotruncus	244127	G	464	285	749	0.00005
Oscillibacter	459786	G	400	153	553	0.00004
Caproiciproducens	1738645	G	385	57	442	0.00003
Acutalibacter	1918385	G	352	20	372	0.00002
Pusillibacter	2892397	G	263	219	482	0.00003
Caproicibacter	2576755	G	252	17	269	0.00002
Ruminococcus	1263	G	244	11	255	0.00002
Solibaculum	2842531	G	159	183	342	0.00002
Caproicibacterium	2834348	G	136	11	147	0.00001
Acetivibrio	35829	G	127	49	176	0.00001
Pseudoclostridium	2304693	G	55	15	70	0.00000
Thermoclostridium	2304691	G	43	0	43	0.00000
Ruminiclostridium	1508657	G	35	9	44	0.00000
Mageeibacillus	1637257	G	24	41	65	0.00000
Fastidiosipila	236752	G	24	18	42	0.00000
Monoglobus	2039302	G	23	14	37	0.00000
Symbiobacterium	2733	G	3596	390	3986	0.00026
Lachnoclostridium	1506553	G	487	341	828	0.00005
Blautia	572511	G	395	596	991	0.00006
Anaerocolumna	1843210	G	233	12	245	0.00002
Roseburia	841	G	205	234	439	0.00003
Enterocloster	2719313	G	191	132	323	0.00002
Anaerostipes	207244	G	175	63	238	0.00002
Coprococcus	33042	G	142	141	283	0.00002
Lacrimispora	2719231	G	110	10	120	0.00001
Butyrivibrio	830	G	91	14	105	0.00001
Mediterraneibacter	2316020	G	65	76	141	0.00001
Anaerotignum	2039240	G	63	8	71	0.00000
Sellimonas	1769710	G	55	38	93	0.00001
Novisyntrophococcus	2888809	G	32	5	37	0.00000
Lachnospira	28050	G	30	6	36	0.00000
Anaerobutyricum	2569097	G	30	12	42	0.00000
Dorea	189330	G	23	25	48	0.00000
Tyzzerella	1506577	G	21	2	23	0.00000
Faecalicatena	2005359	G	21	11	32	0.00000
Cellulosilyticum	698776	G	20	1	21	0.00000
Pseudobutyrivibrio	46205	G	19	1	20	0.00000
Herbinix	1663717	G	17	13	30	0.00000
Lachnoanaerobaculum	1164882	G	17	5	22	0.00000
Clostridium	1485	G	2031	527	2558	0.00017
Hungatella	1649459	G	175	8	183	0.00001
Alkaliphilus	114627	G	78	16	94	0.00001
Crassaminicella	1848399	G	78	20	98	0.00001
Geosporobacter	390805	G	56	10	66	0.00000
Caloramator	44258	G	46	5	51	0.00000
Paraclostridium	1849822	G	33	11	44	0.00000
Candidatus_Arthromitus	49082	G	17	3	20	0.00000
Serpentinicella	1890059	G	17	3	20	0.00000
Hathewaya	1769729	G	14	5	19	0.00000
Candidatus_Desulforudis	471826	G	1029	79	1108	0.00007
Desulforamulus	2916693	G	401	100	501	0.00003
Acididesulfobacillus	2924872	G	259	13	272	0.00002
Candidatus_Formimonas	2840454	G	247	25	272	0.00002
Thermanaerosceptrum	2651578	G	122	23	145	0.00001
Desulfofarcimen	2282742	G	114	17	131	0.00001
Dehalobacterium	51514	G	74	18	92	0.00001
Christensenella	990721	G	1114	625	1739	0.00011
Heliomicrobium	2831443	G	888	458	1346	0.00009
Heliorestis	79598	G	41	3	44	0.00000
Eubacterium	1730	G	559	151	710	0.00005
Acetobacterium	33951	G	290	43	333	0.00002
Alkalibacter	274470	G	97	7	104	0.00001
Desulfitobacterium	36853	G	278	66	344	0.00002
Desulfosporosinus	79206	G	277	34	311	0.00002
Dehalobacter	56112	G	115	25	140	0.00001
Syntrophobotulus	51196	G	77	6	83	0.00001
Syntrophothermus	129001	G	222	19	241	0.00002
Syntrophomonas	862	G	71	11	82	0.00001
Candidatus_Contubernalis	338648	G	68	4	72	0.00000
Candidatus_Syntrophocurvum	2293313	G	16	3	19	0.00000
Clostridioides	1870884	G	64	1551	1615	0.00011
Peptoclostridium	1481960	G	57	11	68	0.00000
Terrisporobacter	1505652	G	44	7	51	0.00000
Filifactor	44259	G	32	56	88	0.00001
Romboutsia	1501226	G	28	11	39	0.00000
Paeniclostridium	1849828	G	22	5	27	0.00000
Acetoanaerobium	186831	G	18	2	20	0.00000
Tepidibacter	214904	G	16	4	20	0.00000
Desulfoscipio	2867376	G	213	22	235	0.00002
Thermincola	278993	G	96	9	105	0.00001
Desulfotomaculum	1562	G	94	44	138	0.00001
Vallitalea	1348611	G	35	2	37	0.00000
Petrocella	2603323	G	16	3	19	0.00000
Caloranaerobacter	171003	G	51	8	59	0.00000
Alkalicella	2838170	G	30	5	35	0.00000
Moorella	44260	G	1594	65	1659	0.00011
Ammonifex	42837	G	582	26	608	0.00004
Gelria	189326	G	1302	119	1421	0.00009
Thermacetogenium	140458	G	564	560	1124	0.00007
Thermanaeromonas	202949	G	188	7	195	0.00001
Thermoanaerobacter	1754	G	159	47	206	0.00001
Carboxydothermus	129957	G	149	15	164	0.00001
Caldanaerobacter	249529	G	65	74	139	0.00001
Caldicellulosiruptor	44000	G	119	19	138	0.00001
Thermoanaerobacterium	28895	G	110	25	135	0.00001
Mahella	252965	G	172	103	275	0.00002
Zhaonella	2748674	G	103	18	121	0.00001
Thermodesulfobium	227388	G	74	1	75	0.00000
Iocasia	2899804	G	96	8	104	0.00001
Halothermothrix	32636	G	43	6	49	0.00000
Halanaerobium	2330	G	39	4	43	0.00000
Halobacteroides	42417	G	72	10	82	0.00001
Acetohalobium	28186	G	34	3	37	0.00000
Anoxybacter	1769008	G	95	21	116	0.00001
Thermosediminibacter	291988	G	200	17	217	0.00001
Biomaibacter	2770094	G	123	9	132	0.00001
Tepidanaerobacter	499228	G	37	1	38	0.00000
Koleobacter	2786989	G	189	18	207	0.00001
Natranaerofaba	2807497	G	85	5	90	0.00001
Natranaerobius	375928	G	63	11	74	0.00000
Selenomonas	970	G	3514	233	3747	0.00024
Megamonas	158846	G	95	5	100	0.00001
Pectinatus	864	G	27	1	28	0.00000
Sporomusa	2375	G	217	36	253	0.00002
Methylomusa	2093783	G	144	13	157	0.00001
Pelosinus	365348	G	96	12	108	0.00001
Megasphaera	906	G	789	374	1163	0.00008
Dialister	39948	G	109	5	114	0.00001
Veillonella	29465	G	88	11	99	0.00001
Acidaminococcus	904	G	373	52	425	0.00003
Phascolarctobacterium	33024	G	209	118	327	0.00002
Limnochorda	1676651	G	3936	203	4139	0.00027
Peptoniphilus	162289	G	189	76	265	0.00002
Murdochiella	1161127	G	100	118	218	0.00001
Anaerococcus	165779	G	56	64	120	0.00001
Parvimonas	543311	G	20	43	63	0.00000
Finegoldia	150022	G	18	21	39	0.00000
Miniphocaeibacter	2126548	G	14	1	15	0.00000
Tissierella	41273	G	57	14	71	0.00000
Gudongella	2692382	G	25	6	31	0.00000
Keratinibaculum	1354809	G	18	9	27	0.00000
Schnuerera	2794837	G	18	4	22	0.00000
Gottschalkia	1505664	G	85	11	96	0.00001
Ezakiella	1582879	G	118	266	384	0.00003
Sedimentibacter	190972	G	23	3	26	0.00000
Allobaculum	174708	G	159	30	189	0.00001
Faecalibaculum	1729679	G	156	46	202	0.00001
Erysipelothrix	1647	G	68	9	77	0.00001
Erysipelatoclostridium	1505663	G	63	63	126	0.00001
Bulleidia	118747	G	39	18	57	0.00000
Longicatena	1918536	G	24	50	74	0.00000
Intestinibaculum	2679910	G	23	12	35	0.00000
Faecalitalea	1573534	G	16	38	54	0.00000
Faecalibacillus	2678885	G	10	14	24	0.00000
Turicibacter	191303	G	35	14	49	0.00000
Ndongobacter	1930845	G	129	239	368	0.00002
Deinococcus	1298	G	31140	2163	33303	0.00218
Thermus	270	G	6568	572	7140	0.00047
Meiothermus	65551	G	3545	268	3813	0.00025
Oceanithermus	208447	G	3095	401	3496	0.00023
Marinithermus	186191	G	2005	382	2387	0.00016
Truepera	332248	G	2495	163	2658	0.00017
Synechococcus	1129	G	15227	1766	16993	0.00111
Dactylococcopsis	13034	G	61	23	84	0.00001
Cyanobium	167375	G	3301	817	4118	0.00027
Parasynechococcus	2881427	G	237	76	313	0.00002
Prochlorococcus	1218	G	175	10	185	0.00001
Chamaesiphon	217161	G	323	19	342	0.00002
Acaryochloris	155977	G	316	12	328	0.00002
Synechocystis	1142	G	219	11	230	0.00002
Nostoc	1177	G	2816	403	3219	0.00021
Anabaena	1163	G	266	948	1214	0.00008
Cylindrospermum	56106	G	164	17	181	0.00001
Trichormus	264688	G	57	51	108	0.00001
Richelia	98443	G	30	3	33	0.00000
Scytonema	1203	G	1301	191	1492	0.00010
Brasilonema	383614	G	201	19	220	0.00001
Calothrix	1186	G	1505	138	1643	0.00011
Sphaerospermopsis	752201	G	235	44	279	0.00002
Nodularia	159191	G	195	30	225	0.00001
Dolichospermum	748770	G	135	421	556	0.00004
Anabaenopsis	110103	G	81	39	120	0.00001
Cylindrospermopsis	77021	G	14	3	17	0.00000
Tolypothrix	111782	G	260	57	317	0.00002
Fischerella	1190	G	203	28	231	0.00002
Rivularia	373984	G	47	3	50	0.00000
Leptolyngbya	47251	G	3358	255	3613	0.00024
Kovacikia	1874526	G	489	46	535	0.00004
Leptothermofonsia	2917830	G	257	23	280	0.00002
Leptodesmis	2664261	G	252	26	278	0.00002
Thermoleptolyngbya	2303528	G	728	61	789	0.00005
Halomicronema	170610	G	405	18	423	0.00003
Thermosynechococcus	146785	G	366	34	400	0.00003
Pseudanabaena	1152	G	189	8	197	0.00001
Gloeobacter	33071	G	5097	134	5231	0.00034
Anthocerotibacter	2857076	G	500	15	515	0.00003
Geitlerinema	63132	G	822	126	948	0.00006
Allocoleopsis	2886347	G	180	20	200	0.00001
Moorena	1155738	G	568	15	583	0.00004
Oscillatoria	1158	G	395	132	527	0.00003
Oxynema	1492710	G	358	33	391	0.00003
Microcoleus	44471	G	201	63	264	0.00002
Planktothrix	54304	G	60	9	69	0.00000
Koinonema	2023214	G	238	15	253	0.00002
Crinalium	241421	G	89	12	101	0.00001
Limnospira	2596745	G	63	3	66	0.00000
Microcystis	1125	G	486	156	642	0.00004
Halothece	76023	G	148	49	197	0.00001
Euhalothece	65097	G	39	5	44	0.00000
Gloeothece	28070	G	104	7	111	0.00001
Rippkaea	2546365	G	62	8	70	0.00000
Crocosphaera	263510	G	46	5	51	0.00000
Candidatus_Atelocyanobacterium	1453359	G	14	3	17	0.00000
Geminocystis	669357	G	117	13	130	0.00001
Gloeocapsa	102231	G	95	10	105	0.00001
Chondrocystis	268175	G	58	9	67	0.00000
Cyanobacterium	102234	G	41	11	52	0.00000
Chroococcidiopsis	54298	G	883	156	1039	0.00007
Pleurocapsa	44474	G	128	15	143	0.00001
Stanieria	102115	G	52	4	56	0.00000
Gloeomargarita	1188227	G	159	6	165	0.00001
Thermostichus	2881385	G	92	81	173	0.00001
Sphaerobacter	2056	G	10174	710	10884	0.00071
Thermomicrobium	499	G	2257	54	2311	0.00015
Roseiflexus	120961	G	6962	446	7408	0.00048
Chloroflexus	1107	G	2223	108	2331	0.00015
Candidatus_Promineofilum	1988031	G	5646	143	5789	0.00038
Tepidiforma	2682228	G	5245	276	5521	0.00036
Anaerolinea	233189	G	1529	177	1706	0.00011
Pelolinea	1649478	G	1233	67	1300	0.00009
Brevefilum	2019482	G	476	21	497	0.00003
Caldilinea	233191	G	2624	193	2817	0.00018
Dehalogenimonas	670486	G	1252	50	1302	0.00009
Dehalococcoides	61434	G	421	16	437	0.00003
Ktedonosporobacter	2692417	G	1440	49	1489	0.00010
Thermobaculum	262406	G	1147	205	1352	0.00009
Phototrophicus	2922426	G	1009	12	1021	0.00007
Fimbriimonas	1005038	G	2964	21	2985	0.00020
Chthonomonas	1077265	G	860	9	869	0.00006
Mycoplasma	2093	G	144	128	272	0.00002
Mycoplasmopsis	2767358	G	63	35	98	0.00001
Mesomycoplasma	2923352	G	34	9	43	0.00000
Candidatus_Hepatoplasma	295595	G	16	1	17	0.00000
Ureaplasma	2129	G	10	0	10	0.00000
Alteracholeplasma	2903105	G	59	8	67	0.00000
Candidatus_Phytoplasma	33926	G	52	2	54	0.00000
Acholeplasma	2147	G	20	1	21	0.00000
Paracholeplasma	2903107	G	13	4	17	0.00000
Spiroplasma	2132	G	107	8	115	0.00001
Williamsoniiplasma	2919614	G	11	4	15	0.00000
Metamycoplasma	2895509	G	32	16	48	0.00000
Malacoplasma	2791001	G	15	0	15	0.00000
Candidatus_Izimaplasma	1912503	G	11	0	11	0.00000
Bradyrhizobium	374	G	316777	46092	362869	0.02371
Rhodopseudomonas	1073	G	22040	6401	28441	0.00186
Tardiphaga	1395974	G	7736	1093	8829	0.00058
Nitrobacter	911	G	6625	880	7505	0.00049
Afipia	1033	G	5265	2607	7872	0.00051
Variibacter	1649510	G	4747	406	5153	0.00034
Rhizobium	379	G	79523	19130	98653	0.00645
Agrobacterium	357	G	15762	6075	21837	0.00143
Neorhizobium	1525371	G	8253	2133	10386	0.00068
Pseudorhizobium	1903858	G	2659	565	3224	0.00021
Sinorhizobium	28105	G	29392	18430	47822	0.00312
Ensifer	106591	G	19852	4227	24079	0.00157
Shinella	323620	G	13815	10927	24742	0.00162
Ciceribacter	1648508	G	2064	452	2516	0.00016
Georhizobium	2661800	G	1846	444	2290	0.00015
Peteryoungia	2853332	G	688	134	822	0.00005
Liberibacter	34019	G	74	13	87	0.00001
Methylobacterium	407	G	96386	19926	116312	0.00760
Microvirga	186650	G	60507	7990	68497	0.00448
Methylorubrum	2282523	G	19504	9025	28529	0.00186
Mesorhizobium	68287	G	125598	26806	152404	0.00996
Aquibium	2911176	G	9701	2591	12292	0.00080
Aminobacter	31988	G	7038	4944	11982	0.00078
Nitratireductor	245876	G	6474	1074	7548	0.00049
Phyllobacterium	28100	G	3761	434	4195	0.00027
Roseitalea	1915401	G	2782	520	3302	0.00022
Hoeflea	274591	G	2101	224	2325	0.00015
Oricola	1594166	G	2068	315	2383	0.00016
Salaquimonas	2712688	G	882	43	925	0.00006
Lentilitoribacter	1649463	G	70	1	71	0.00000
Pseudolabrys	556257	G	15566	2698	18264	0.00119
Xanthobacter	279	G	11890	3051	14941	0.00098
Starkeya	152053	G	11170	3259	14429	0.00094
Ancylobacter	99	G	10572	3927	14499	0.00095
Labrys	204476	G	4151	492	4643	0.00030
Azorhizobium	6	G	3635	873	4508	0.00029
Rhodoplanes	29407	G	18682	2106	20788	0.00136
Hyphomicrobium	81	G	9698	785	10483	0.00068
Methyloceanibacter	1484898	G	4602	376	4978	0.00033
Aquabacter	45402	G	3319	635	3954	0.00026
Methyloligella	1485594	G	2974	423	3397	0.00022
Rhodomicrobium	1068	G	2447	197	2644	0.00017
Caenibius	2827482	G	1640	736	2376	0.00016
Filomicrobium	119044	G	1017	35	1052	0.00007
Bosea	85413	G	36306	6419	42725	0.00279
Devosia	46913	G	23193	2070	25263	0.00165
Youhaiella	1827478	G	2777	614	3391	0.00022
Paradevosia	1573407	G	2619	1003	3622	0.00024
Pelagibacterium	1082930	G	1322	164	1486	0.00010
Maritalea	623276	G	322	12	334	0.00002
Aureimonas	414371	G	16496	3761	20257	0.00132
Martelella	293088	G	8288	1705	9993	0.00065
Aurantimonas	182269	G	4878	1627	6505	0.00043
Methylocystis	133	G	12711	1260	13971	0.00091
Methylosinus	425	G	6047	988	7035	0.00046
Nordella	169055	G	7744	491	8235	0.00054
Pseudorhodoplanes	1734920	G	6154	520	6674	0.00044
Terrihabitans	2874214	G	2889	373	3262	0.00021
Candidatus_Hodgkinia	573657	G	55	0	55	0.00000
Stappia	152161	G	6965	1492	8457	0.00055
Roseibium	150830	G	3297	451	3748	0.00024
Pannonibacter	227873	G	3121	2446	5567	0.00036
Labrenzia	478070	G	2475	229	2704	0.00018
Pseudovibrio	258255	G	561	35	596	0.00004
Phreatobacter	1632780	G	16525	3260	19785	0.00129
Kaustia	2838250	G	6479	724	7203	0.00047
Parvibaculum	256616	G	2567	1980	4547	0.00030
Pyruvatibacter	1742974	G	1846	261	2107	0.00014
Candidatus_Phaeomarinobacter	1541445	G	758	45	803	0.00005
Chelatococcus	28209	G	11335	2946	14281	0.00093
Blastochloris	59282	G	9300	2531	11831	0.00077
Methylocella	120652	G	4457	463	4920	0.00032
Methylovirgula	1156568	G	3373	321	3694	0.00024
Beijerinckia	532	G	1063	93	1156	0.00008
Acuticoccus	1904377	G	6540	824	7364	0.00048
Kaistia	166953	G	5389	1536	6925	0.00045
Brucella	234	G	4462	4463	8925	0.00058
Pseudochrobactrum	354349	G	486	101	587	0.00004
Hartmannibacter	1572860	G	3541	726	4267	0.00028
Lichenihabitans	2723776	G	3446	192	3638	0.00024
Breoghania	1406135	G	3404	514	3918	0.00026
Cohaesibacter	655352	G	671	32	703	0.00005
Bartonella	773	G	531	36	567	0.00004
Sphingomonas	13687	G	291882	40697	332579	0.02173
Sphingobium	165695	G	44747	23681	68428	0.00447
Sphingopyxis	165697	G	40231	9048	49279	0.00322
Novosphingobium	165696	G	26778	10657	37435	0.00245
Rhizorhabdus	1649486	G	13725	7035	20760	0.00136
Allosphingosinicella	2823232	G	7309	1005	8314	0.00054
Sphingosinithalassobacter	2676233	G	5706	1453	7159	0.00047
Parasphingopyxis	1234545	G	4083	231	4314	0.00028
Sphingorhabdus	1434046	G	3038	235	3273	0.00021
Blastomonas	150203	G	2927	582	3509	0.00023
Hankyongella	1763827	G	2601	542	3143	0.00021
Tardibacter	2685927	G	2117	1767	3884	0.00025
Citromicrobium	72173	G	1555	757	2312	0.00015
Novosphingopyxis	2709686	G	1424	842	2266	0.00015
Parasphingorhabdus	2709685	G	899	33	932	0.00006
Aquisediminimonas	2676781	G	863	39	902	0.00006
Erythrobacter	1041	G	17216	4651	21867	0.00143
Porphyrobacter	1111	G	5656	1676	7332	0.00048
Qipengyuania	1855416	G	11028	3091	14119	0.00092
Croceicoccus	1295327	G	6187	3897	10084	0.00066
Altererythrobacter	361177	G	6052	1629	7681	0.00050
Tsuneonella	2800686	G	5951	1312	7263	0.00047
Aurantiacibacter	2800681	G	1266	222	1488	0.00010
Pelagerythrobacter	2800685	G	1161	174	1335	0.00009
Paraurantiacibacter	2800682	G	1119	159	1278	0.00008
Croceibacterium	2676755	G	852	361	1213	0.00008
Sphingosinicella	335405	G	14041	1636	15677	0.00102
Polymorphobacter	1508451	G	5307	229	5536	0.00036
Sandaracinobacter	56358	G	2385	185	2570	0.00017
Zymomonas	541	G	160	173	333	0.00002
Azospirillum	191	G	68920	9761	78681	0.00514
Skermanella	204447	G	31948	4935	36883	0.00241
Nitrospirillum	1543705	G	4729	605	5334	0.00035
Indioceanicola	2478349	G	4173	633	4806	0.00031
Niveispirillum	1543704	G	2019	237	2256	0.00015
Roseomonas	125216	G	45092	7213	52305	0.00342
Rhodovastum	504465	G	7484	821	8305	0.00054
Roseococcus	35812	G	5738	565	6303	0.00041
Komagataeibacter	1434011	G	5045	2338	7383	0.00048
Acidiphilium	522	G	4788	2834	7622	0.00050
Sediminicoccus	1706033	G	3723	202	3925	0.00026
Lichenicola	2804525	G	3161	166	3327	0.00022
Acidibrevibacterium	2603324	G	3034	287	3321	0.00022
Acetobacter	434	G	2822	1109	3931	0.00026
Gluconacetobacter	89583	G	2060	435	2495	0.00016
Gluconobacter	441	G	1940	544	2484	0.00016
Granulibacter	364409	G	1287	126	1413	0.00009
Asaia	91914	G	905	165	1070	0.00007
Neoasaia	320496	G	818	167	985	0.00006
Kozakia	153497	G	522	181	703	0.00005
Novacetimonas	2919364	G	521	252	773	0.00005
Oecophyllibacter	2791118	G	446	16	462	0.00003
Parasaccharibacter	1602345	G	296	16	312	0.00002
Swingsia	1649499	G	233	11	244	0.00002
Entomobacter	2811380	G	97	8	105	0.00001
Neokomagataea	1223423	G	94	16	110	0.00001
Commensalibacter	1079922	G	43	1	44	0.00000
Bombella	1654741	G	20	2	22	0.00000
Hypericibacter	2705399	G	21679	1404	23083	0.00151
Magnetospirillum	13134	G	12479	276921	289400	0.01891
Rhodospirillum	1081	G	7766	1016	8782	0.00057
Ferrovibrio	1231242	G	5495	378	5873	0.00038
Tistrella	171436	G	5462	2714	8176	0.00053
Defluviicoccus	111830	G	3370	328	3698	0.00024
Pararhodospirillum	1612157	G	1717	149	1866	0.00012
Haematospirillum	1804663	G	321	32	353	0.00002
Candidatus_Endolissoclinum	1263978	G	171	2	173	0.00001
Stella	93	G	12115	919	13034	0.00085
Elioraea	457933	G	5770	327	6097	0.00040
Thalassospira	168934	G	1912	180	2092	0.00014
Magnetospira	1182780	G	1244	47	1291	0.00008
Terasakiella	196080	G	132	3	135	0.00001
Paracoccus	265	G	32379	6085	38464	0.00251
Cereibacter	1653176	G	8459	2471	10930	0.00071
Rhodobacter	1060	G	7947	2617	10564	0.00069
Rhodovulum	34008	G	4822	1029	5851	0.00038
Paroceanicella	2683599	G	3883	1058	4941	0.00032
Polymorphum	991903	G	3863	1009	4872	0.00032
Pikeienuella	2831955	G	2754	275	3029	0.00020
Pontivivens	1844015	G	2574	211	2785	0.00018
Silicimonas	1955420	G	2352	147	2499	0.00016
Thioclava	285107	G	2345	303	2648	0.00017
Pelagovum	2795377	G	2127	279	2406	0.00016
Frigidibacter	1775705	G	1833	806	2639	0.00017
Pukyongiella	2831925	G	1592	389	1981	0.00013
Brevirhabdus	1855413	G	1487	714	2201	0.00014
Gymnodinialimonas	2937410	G	1254	125	1379	0.00009
Fuscovulum	2818469	G	1253	164	1417	0.00009
Haematobacter	366614	G	1148	473	1621	0.00011
Falsirhodobacter	1434002	G	1118	169	1287	0.00008
Pseudopuniceibacterium	2613960	G	1040	85	1125	0.00007
Gemmobacter	204456	G	1028	236	1264	0.00008
Tabrizicola	1443919	G	1026	96	1122	0.00007
Pacificitalea	2846749	G	943	211	1154	0.00008
Pseudooceanicola	1679449	G	943	97	1040	0.00007
Monaibacterium	2029873	G	862	205	1067	0.00007
Roseicitreum	1209946	G	829	45	874	0.00006
Tritonibacter	2083206	G	620	287	907	0.00006
Rhodophyticola	2680018	G	533	16	549	0.00004
Yoonia	2211641	G	532	122	654	0.00004
Qingshengfaniella	2816884	G	512	30	542	0.00004
Pseudohalocynthiibacter	1759417	G	491	99	590	0.00004
Rhodobaca	119541	G	413	20	433	0.00003
Pseudorhodobacter	238783	G	409	28	437	0.00003
Profundibacter	2778525	G	388	14	402	0.00003
Parasedimentitalea	2738399	G	328	16	344	0.00002
Aestuarium	2820509	G	294	121	415	0.00003
Cognatishimia	2211635	G	273	13	286	0.00002
Planktomarina	1284657	G	163	4	167	0.00001
Roseovarius	74030	G	8447	1341	9788	0.00064
Sulfitobacter	60136	G	8039	1577	9616	0.00063
Salipiger	263377	G	6346	2102	8448	0.00055
Roseivivax	93682	G	5097	779	5876	0.00038
Celeribacter	875170	G	3352	1277	4629	0.00030
Phaeobacter	302485	G	2999	607	3606	0.00024
Leisingera	191028	G	2902	414	3316	0.00022
Ruegeria	97050	G	2760	405	3165	0.00021
Yangia	2919626	G	2262	399	2661	0.00017
Sagittula	58842	G	2207	916	3123	0.00020
Pseudosulfitobacter	2854186	G	2113	573	2686	0.00018
Ponticoccus	983507	G	1638	253	1891	0.00012
Mameliella	1434019	G	1546	290	1836	0.00012
Roseobacter	2433	G	1465	39	1504	0.00010
Dinoroseobacter	309512	G	1429	520	1949	0.00013
Ketogulonicigenium	92944	G	1258	208	1466	0.00010
Roseibacterium	159345	G	1159	103	1262	0.00008
Oceanicola	252301	G	1156	62	1218	0.00008
Octadecabacter	53945	G	1152	75	1227	0.00008
Actibacterium	1433986	G	1082	524	1606	0.00010
Antarctobacter	74032	G	807	43	850	0.00006
Thalassococcus	436357	G	801	21	822	0.00005
Maribius	387095	G	789	43	832	0.00005
Tateyamaria	299261	G	777	26	803	0.00005
Jannaschia	188905	G	734	20	754	0.00005
Thalassobius	335927	G	444	25	469	0.00003
Falsihalocynthiibacter	2854182	G	191	6	197	0.00001
Caulobacter	75	G	40968	6304	47272	0.00309
Brevundimonas	41275	G	34450	5360	39810	0.00260
Phenylobacterium	20	G	19940	3597	23537	0.00154
Terricaulis	2768684	G	5795	213	6008	0.00039
Asticcacaulis	76890	G	2657	219	2876	0.00019
Hyphomonas	85	G	3260	164	3424	0.00022
Candidatus_Viadribacter	2892997	G	2976	84	3060	0.00020
Hirschia	2723	G	65	1	66	0.00000
Marinicauda	1649466	G	3026	542	3568	0.00023
Maricaulis	74317	G	950	67	1017	0.00007
Glycocaulis	1433402	G	897	50	947	0.00006
Hyphobacterium	2004661	G	688	33	721	0.00005
Aquisalinus	1795639	G	1283	68	1351	0.00009
Parvularcula	208215	G	540	68	608	0.00004
Anaplasma	768	G	196	27	223	0.00001
Wolbachia	953	G	110	7	117	0.00001
Neorickettsia	33993	G	53	0	53	0.00000
Ehrlichia	943	G	31	3	34	0.00000
Candidatus_Neoehrlichia	467749	G	14	4	18	0.00000
Rickettsia	780	G	258	50	308	0.00002
Orientia	69474	G	28	0	28	0.00000
Candidatus_Sneabacter	2601645	G	13	0	13	0.00000
Candidatus_Phycorickettsia	2115980	G	77	2	79	0.00001
Candidatus_Midichloria	411566	G	27	2	29	0.00000
Candidatus_Fokinia	1802983	G	15	0	15	0.00000
Candidatus_Deianiraea	2603321	G	35	26	61	0.00000
Luteithermobacter	2813803	G	395	82	477	0.00003
Paremcibacter	2813804	G	374	12	386	0.00003
Micavibrio	213485	G	647	9	656	0.00004
Candidatus_Puniceispirillum	767891	G	113	3	116	0.00001
Candidatus_Cytomitobacter	2601574	G	42	6	48	0.00000
Candidatus_Hydrogenosomobacter	2654634	G	38	1	39	0.00000
Candidatus_Gromoviella	2900571	G	32	32	64	0.00000
Candidatus_Nesciobacter	2601651	G	20	3	23	0.00000
Candidatus_Nucleicultrix	1509243	G	64	3	67	0.00000
Candidatus_Paracaedibacter	1521255	G	56	2	58	0.00000
Magnetococcus	162171	G	234	7	241	0.00002
Kordiimonas	288021	G	109	2	111	0.00001
Candidatus_Pelagibacter	198251	G	65	3	68	0.00000
Candidatus_Fonsibacter	2045213	G	36	5	41	0.00000
Burkholderia	32008	G	125035	143759	268794	0.01756
Cupriavidus	106589	G	76524	40385	116909	0.00764
Paraburkholderia	1822464	G	63736	7438	71174	0.00465
Ralstonia	48736	G	20204	10838	31042	0.00203
Pandoraea	93217	G	18540	3277	21817	0.00143
Caballeronia	1827195	G	17290	2250	19540	0.00128
Lautropia	47670	G	1781	357	2138	0.00014
Polynucleobacter	44013	G	1739	57	1796	0.00012
Chitinimonas	240411	G	1191	104	1295	0.00008
Mycetohabitans	2571159	G	1054	79	1133	0.00007
Mycoavidus	1810868	G	326	17	343	0.00002
Limnobacter	131079	G	201	11	212	0.00001
Candidatus_Vallotia	2018044	G	159	23	182	0.00001
Ephemeroptericola	2680021	G	120	9	129	0.00001
Variovorax	34072	G	86728	34156	120884	0.00790
Hydrogenophaga	47420	G	36439	18713	55152	0.00360
Acidovorax	12916	G	32034	17780	49814	0.00325
Ramlibacter	174951	G	30754	13853	44607	0.00291
Comamonas	283	G	17603	11069	28672	0.00187
Rhodoferax	28065	G	16435	4344	20779	0.00136
Schlegelella	215579	G	16350	5857	22207	0.00145
Diaphorobacter	238749	G	9792	11735	21527	0.00141
Polaromonas	52972	G	9123	808	9931	0.00065
Delftia	80865	G	8903	10688	19591	0.00128
Kinneretia	683756	G	6799	4311	11110	0.00073
Ottowia	219181	G	5716	1088	6804	0.00044
Alicycliphilus	201096	G	5086	10138	15224	0.00099
Melaminivora	1649468	G	4363	4662	9025	0.00059
Serpentinimonas	2490452	G	3080	829	3909	0.00026
Verminephrobacter	364316	G	2402	322	2724	0.00018
Hylemonella	232523	G	2139	331	2470	0.00016
Pulveribacter	2678886	G	1976	1110	3086	0.00020
Simplicispira	352450	G	1458	638	2096	0.00014
Limnohabitans	665874	G	928	97	1025	0.00007
Curvibacter	281915	G	690	54	744	0.00005
Candidatus_Symbiobacter	1436289	G	689	28	717	0.00005
Massilia	149698	G	69423	13119	82542	0.00539
Duganella	75654	G	5800	2142	7942	0.00052
Herbaspirillum	963	G	12250	2543	14793	0.00097
Janthinobacterium	29580	G	11994	2618	14612	0.00095
Collimonas	202907	G	5032	637	5669	0.00037
Noviherbaspirillum	1344552	G	3202	592	3794	0.00025
Undibacterium	401469	G	706	51	757	0.00005
Glaciimonas	1229970	G	304	22	326	0.00002
Herminiimonas	303379	G	262	43	305	0.00002
Oxalobacter	846	G	160	17	177	0.00001
Achromobacter	222	G	37955	19570	57525	0.00376
Bordetella	517	G	35660	16178	51838	0.00339
Pigmentiphaga	152267	G	5564	708	6272	0.00041
Orrella	1921582	G	2836	1017	3853	0.00025
Castellaniella	359336	G	2736	2165	4901	0.00032
Alcaligenes	507	G	1641	487	2128	0.00014
Pusillimonas_(ex_Stolz_et_al._2005)	305976	G	1261	296	1557	0.00010
Paralcaligenes	1148163	G	826	39	865	0.00006
Kerstersia	257820	G	686	166	852	0.00006
Advenella	290425	G	641	22	663	0.00004
Oligella	90243	G	119	41	160	0.00001
Paenalcaligenes	1100891	G	69	4	73	0.00000
Basilea	1472344	G	26	2	28	0.00000
Pelistega	106146	G	23	4	27	0.00000
Taylorella	29574	G	20	55	75	0.00000
Rhizobacter	212743	G	14347	3538	17885	0.00117
Sphaerotilus	34102	G	9333	5434	14767	0.00096
Methylibium	316612	G	7730	2573	10303	0.00067
Rubrivivax	28067	G	7225	2576	9801	0.00064
Aquincola	391952	G	6157	2420	8577	0.00056
Thiomonas	32012	G	5553	399	5952	0.00039
Leptothrix	88	G	5033	1801	6834	0.00045
Mitsuaria	65047	G	4885	1103	5988	0.00039
Xylophilus	54066	G	3764	1199	4963	0.00032
Ideonella	36862	G	2980	1979	4959	0.00032
Tepidimonas	114248	G	2731	1125	3856	0.00025
Aquabacterium	92793	G	2516	740	3256	0.00021
Roseateles	93681	G	2143	463	2606	0.00017
Inhella	644355	G	1584	284	1868	0.00012
Paucibacter	318147	G	1290	242	1532	0.00010
Candidatus_Ichthyocystis	2929841	G	36	0	36	0.00000
Sutterella	40544	G	1872	199	2071	0.00014
Turicimonas	1918598	G	118	10	128	0.00001
Thauera	33057	G	16490	11631	28121	0.00184
Azoarcus	12960	G	13581	4786	18367	0.00120
Nitrogeniibacter	2891294	G	4565	818	5383	0.00035
Aromatoleum	551759	G	14089	4677	18766	0.00123
Azospira	146937	G	9209	4717	13926	0.00091
Niveibacterium	1769726	G	2201	362	2563	0.00017
Oryzomicrobium	1911577	G	1655	465	2120	0.00014
Rugosibacter	1914449	G	430	81	511	0.00003
Dechloromonas	73029	G	3781	716	4497	0.00029
Ferribacterium	88875	G	3246	591	3837	0.00025
Quatrionicoccus	138117	G	1375	428	1803	0.00012
Fluviibacter	2808942	G	249	107	356	0.00002
Usitatibacter	2803845	G	20741	1842	22583	0.00148
Nitrosospira	35798	G	8304	267	8571	0.00056
Nitrosomonas	914	G	2238	198	2436	0.00016
Denitratisoma	311181	G	3675	2062	5737	0.00037
Sulfuritalea	1054211	G	2651	423	3074	0.00020
Methyloversatilis	378210	G	2238	333	2571	0.00017
Sterolibacterium	157591	G	1728	548	2276	0.00015
Thiobacillus	919	G	3387	753	4140	0.00027
Sulfuritortus	1938335	G	2545	1191	3736	0.00024
Sideroxydans	314343	G	2277	337	2614	0.00017
Ferrigenium	2249462	G	1552	345	1897	0.00012
Ferriphaselus	1443590	G	494	72	566	0.00004
Candidatus_Nitrotoga	453161	G	479	33	512	0.00003
Gallionella	96	G	394	39	433	0.00003
Sulfuriferula	1778653	G	1658	296	1954	0.00013
Sulfurimicrobium	2772198	G	1658	232	1890	0.00012
Sulfuricella	935200	G	917	94	1011	0.00007
Methylovorus	81682	G	447	33	480	0.00003
Methylobacillus	404	G	403	112	515	0.00003
Methylophilus	16	G	241	17	258	0.00002
Candidatus_Methylopumilus	1679002	G	141	13	154	0.00001
Methylotenera	359407	G	124	11	135	0.00001
Methyloradius	2872156	G	84	7	91	0.00001
Chromobacterium	535	G	11586	2871	14457	0.00094
Iodobacter	32014	G	162	43	205	0.00001
Jeongeupia	885864	G	3560	718	4278	0.00028
Paludibacterium	400060	G	2996	584	3580	0.00023
Pseudogulbenkiania	568394	G	2332	870	3202	0.00021
Vogesella	57739	G	1855	511	2366	0.00015
Aquitalea	407217	G	1586	344	1930	0.00013
Microvirgula	57479	G	1461	308	1769	0.00012
Laribacter	168470	G	1068	1135	2203	0.00014
Aquaspirillum	187	G	714	116	830	0.00005
Deefgea	400947	G	291	41	332	0.00002
Chitinibacter	230666	G	264	129	393	0.00003
Neisseria	482	G	4295	1441	5736	0.00037
Crenobacter	1654931	G	2692	970	3662	0.00024
Chitinolyticbacter	1055692	G	1848	246	2094	0.00014
Vitreoscilla	59	G	939	182	1121	0.00007
Kingella	32257	G	601	185	786	0.00005
Eikenella	538	G	469	142	611	0.00004
Uruburuella	299568	G	398	70	468	0.00003
Paralysiella	2898489	G	205	46	251	0.00002
Alysiella	194195	G	97	19	116	0.00001
Conchiformibius	334107	G	87	89	176	0.00001
Snodgrassella	1193515	G	41	16	57	0.00000
Aquella	2593687	G	38	2	40	0.00000
Morococcus	212742	G	20	119	139	0.00001
Simonsiella	71	G	19	3	22	0.00000
Casimicrobium	2706000	G	1870	1001	2871	0.00019
Candidatus_Kinetoplastibacterium	33055	G	21	2	23	0.00000
Lysobacter	68	G	136002	25171	161173	0.01053
Stenotrophomonas	40323	G	38626	20122	58748	0.00384
Xanthomonas	338	G	36406	26761	63167	0.00413
Luteimonas	83614	G	28552	6718	35270	0.00230
Pseudoxanthomonas	83618	G	19654	9925	29579	0.00193
Thermomonas	141948	G	13371	4297	17668	0.00115
Arenimonas	490567	G	2971	691	3662	0.00024
Pseudolysobacter	2709666	G	1540	49	1589	0.00010
Xylella	2370	G	414	91	505	0.00003
Luteibacter	242605	G	12037	1542	13579	0.00089
Rhodanobacter	75309	G	9512	2419	11931	0.00078
Dyella	231454	G	8202	1616	9818	0.00064
Frateuria	70411	G	5719	1676	7395	0.00048
Dokdonella	323413	G	4834	978	5812	0.00038
Aerosticca	2707020	G	2455	3657	6112	0.00040
Ahniella	2233801	G	1305	40	1345	0.00009
Pseudomonas	286	G	244871	79184	324055	0.02117
Azotobacter	352	G	6734	5946	12680	0.00083
Halopseudomonas	2901189	G	2963	597	3560	0.00023
Permianibacter	1649479	G	536	19	555	0.00004
Thiopseudomonas	1654787	G	51	12	63	0.00000
Entomomonas	2758906	G	24	1	25	0.00000
Marinobacter	2742	G	6747	680	7427	0.00049
Klebsiella	570	G	6677	55825	62502	0.00408
Raoultella	160674	G	1710	1395	3105	0.00020
Enterobacter	547	G	7875	16086	23961	0.00157
Citrobacter	544	G	3123	4284	7407	0.00048
Cronobacter	413496	G	1961	553	2514	0.00016
Kosakonia	1330547	G	1822	364	2186	0.00014
Leclercia	83654	G	1685	1095	2780	0.00018
Salmonella	590	G	1385	47654	49039	0.00320
Pluralibacter	1330546	G	1280	396	1676	0.00011
Escherichia	561	G	1093	28251	29344	0.00192
Cedecea	158483	G	945	171	1116	0.00007
Lelliottia	1330545	G	695	179	874	0.00006
Kluyvera	579	G	519	203	722	0.00005
Candidatus_Symbiopectobacterium	801	G	188	28	216	0.00001
Candidatus_Blochmannia	203804	G	99	4	103	0.00001
Candidatus_Hamiltonella	568987	G	39	45	84	0.00001
Candidatus_Doolittlea	1906657	G	29	2	31	0.00000
Candidatus_Hoaglandella	1906659	G	11	1	12	0.00000
Jejubacter	2815296	G	304	40	344	0.00002
Pseudescherichia	2055880	G	269	19	288	0.00002
Atlantibacter	1903434	G	248	65	313	0.00002
Buttiauxella	82976	G	243	41	284	0.00002
Shimwellia	1335483	G	242	60	302	0.00002
Plesiomonas	702	G	221	88	309	0.00002
Yokenella	158876	G	191	103	294	0.00002
Scandinavium	2726810	G	164	38	202	0.00001
Phytobacter	447792	G	162	306	468	0.00003
Pseudocitrobacter	1504576	G	153	47	200	0.00001
Shigella	620	G	66	3161	3227	0.00021
Candidatus_Moranella	1048757	G	38	0	38	0.00000
Candidatus_Profftia	1177214	G	15	0	15	0.00000
Candidatus_Ishikawaella	409304	G	15	1	16	0.00000
Candidatus_Schneideria	1081630	G	10	0	10	0.00000
Serratia	613	G	10710	3468	14178	0.00093
Rahnella	34037	G	982	277	1259	0.00008
Yersinia	629	G	965	1299	2264	0.00015
Nissabacter	1964366	G	661	122	783	0.00005
Gibbsiella	929812	G	436	74	510	0.00003
Rouxiella	1565532	G	219	25	244	0.00002
Ewingella	41201	G	203	36	239	0.00002
Chania	1745211	G	110	15	125	0.00001
Candidatus_Fukatsuia	1927833	G	63	5	68	0.00000
Pantoea	53335	G	6227	1418	7645	0.00050
Erwinia	551	G	2435	505	2940	0.00019
Mixta	2100764	G	1513	537	2050	0.00013
Buchnera	32199	G	212	33	245	0.00002
Tatumella	82986	G	126	24	150	0.00001
Wigglesworthia	51228	G	24	3	27	0.00000
Dickeya	204037	G	3129	515	3644	0.00024
Pectobacterium	122277	G	1834	443	2277	0.00015
Brenneria	71655	G	1208	111	1319	0.00009
Lonsdalea	1082702	G	544	110	654	0.00004
Musicola	2884243	G	323	0	323	0.00002
Edwardsiella	635	G	1899	796	2695	0.00018
Hafnia	568	G	217	90	307	0.00002
Obesumbacterium	82982	G	38	31	69	0.00000
Morganella	581	G	479	491	970	0.00006
Xenorhabdus	626	G	401	69	470	0.00003
Providencia	586	G	341	231	572	0.00004
Proteus	583	G	196	406	602	0.00004
Photorhabdus	29487	G	175	16	191	0.00001
Arsenophonus	637	G	53	6	59	0.00000
Moellerella	158848	G	25	22	47	0.00000
Sodalis	84565	G	1332	110	1442	0.00009
Leminorella	82980	G	183	30	213	0.00001
Pragia	82984	G	60	10	70	0.00000
Limnobaculum	2172100	G	44	9	53	0.00000
Jinshanibacter	2810357	G	38	6	44	0.00000
Thioalkalivibrio	106633	G	9818	2003	11821	0.00077
Spiribacter	1335745	G	6754	568	7322	0.00048
Acidihalobacter	1765964	G	4052	383	4435	0.00029
Halorhodospira	85108	G	2326	227	2553	0.00017
Alkalilimnicola	133193	G	1971	293	2264	0.00015
Aquisalimonas	406099	G	1781	143	1924	0.00013
Ectothiorhodospira	1051	G	1649	179	1828	0.00012
Ectothiorhodosinus	233099	G	242	19	261	0.00002
Thiodictyon	53392	G	3661	223	3884	0.00025
Thioflavicoccus	156885	G	3303	352	3655	0.00024
Allochromatium	85072	G	3287	845	4132	0.00027
Marichromatium	85076	G	2959	658	3617	0.00024
Thiocapsa	1056	G	2337	143	2480	0.00016
Thiocystis	13724	G	1880	185	2065	0.00013
Thermochromatium	85073	G	1205	320	1525	0.00010
Nitrosococcus	1227	G	969	32	1001	0.00007
Caldichromatium	2828366	G	828	111	939	0.00006
Rheinheimera	67575	G	254	43	297	0.00002
Candidatus_Nitrosacidococcus	2796146	G	36	2	38	0.00000
Candidatus_Nitrosoglobus	1980513	G	30	2	32	0.00000
Wenzhouxiangella	1676142	G	3259	187	3446	0.00023
Thiohalobacter	1273155	G	2578	372	2950	0.00019
Guyparkeria	2035712	G	1933	562	2495	0.00016
Sulfurivermis	2034504	G	1798	777	2575	0.00017
Halothiobacillus	109262	G	1081	104	1185	0.00008
Woeseia	1738655	G	952	19	971	0.00006
Sulfuriflexus	1860077	G	406	14	420	0.00003
Granulosicoccus	437504	G	364	7	371	0.00002
Halomonas	2745	G	32793	5640	38433	0.00251
Cobetia	204286	G	2009	1379	3388	0.00022
Halotalea	376488	G	1733	394	2127	0.00014
Salinicola	404432	G	1636	220	1856	0.00012
Kushneria	504090	G	1273	71	1344	0.00009
Chromohalobacter	42054	G	1178	150	1328	0.00009
Pistricoccus	1897649	G	808	64	872	0.00006
Zymobacter	33073	G	242	39	281	0.00002
Candidatus_Portiera	235572	G	32	23	55	0.00000
Alcanivorax	59753	G	4010	2353	6363	0.00042
Ketobacter	2025617	G	183	17	200	0.00001
Marinobacterium	48075	G	1393	199	1592	0.00010
Marinomonas	28253	G	435	57	492	0.00003
Thalassolituus	187492	G	271	35	306	0.00002
Venatorbacter	2893036	G	194	56	250	0.00002
Bacterioplanes	1537406	G	156	10	166	0.00001
Neptunomonas	75687	G	142	13	155	0.00001
Nitrincola	267849	G	130	25	155	0.00001
Amphritea	515417	G	81	8	89	0.00001
Bermanella	599651	G	39	2	41	0.00000
Hahella	158481	G	906	43	949	0.00006
Saccharospirillum	231683	G	472	32	504	0.00003
Reinekea	230494	G	177	10	187	0.00001
Gynuella	1445504	G	150	5	155	0.00001
Litoricola	418700	G	309	18	327	0.00002
Spartinivicinus	2768738	G	216	8	224	0.00001
Oleiphilus	141450	G	114	10	124	0.00001
Endozoicomonas	305899	G	98	7	105	0.00001
Methylococcus	413	G	7412	614	8026	0.00052
Methylomonas	416	G	4004	154	4158	0.00027
Methylomagnum	1760987	G	2161	111	2272	0.00015
Methylocaldum	73778	G	1869	126	1995	0.00013
Methylomicrobium	39773	G	1858	340	2198	0.00014
Methylogaea	1295378	G	1841	165	2006	0.00013
Candidatus_Methylospira	1808977	G	687	34	721	0.00005
Methylotuvimicrobium	2822410	G	454	251	705	0.00005
Methylovulum	762296	G	236	6	242	0.00002
Methylobacter	429	G	148	11	159	0.00001
Aeromonas	642	G	17041	15112	32153	0.00210
Zobellella	347533	G	1440	372	1812	0.00012
Oceanimonas	129577	G	580	136	716	0.00005
Dongshaea	2802288	G	183	21	204	0.00001
Oceanisphaera	225143	G	119	16	135	0.00001
Tolumonas	43947	G	96	47	143	0.00001
Succinivibrio	83770	G	27	1	28	0.00000
Solimonas	413435	G	7989	980	8969	0.00059
Flagellatimonas	2893022	G	2081	171	2252	0.00015
Sinimarinibacterium	1861863	G	907	580	1487	0.00010
Steroidobacter	469322	G	6339	1988	8327	0.00054
Sulfurifustis	1692042	G	8204	613	8817	0.00058
Sulfuricaulis	1744881	G	2848	254	3102	0.00020
Acidiferrobacter	986106	G	2109	47	2156	0.00014
Microbulbifer	48073	G	5244	342	5586	0.00037
Kineobactrum	2678529	G	1080	45	1125	0.00007
Halioglobus	1217416	G	733	26	759	0.00005
Congregibacter	393661	G	444	188	632	0.00004
Aequoribacter	2847769	G	115	15	130	0.00001
Cellvibrio	10	G	1055	46	1101	0.00007
Teredinibacter	2425	G	358	17	375	0.00002
Simiduia	447467	G	332	19	351	0.00002
Saccharophagus	316625	G	51	1	52	0.00000
Marinagarivorans	1792291	G	48	4	52	0.00000
Agarilytica	2036021	G	37	1	38	0.00000
Spongiibacter	630749	G	775	76	851	0.00006
Zhongshania	1434050	G	138	12	150	0.00001
Oceanicoccus	1084558	G	84	2	86	0.00001
Shewanella	22	G	4990	991	5981	0.00039
Parashewanella	2547964	G	47	4	51	0.00000
Alteromonas	226	G	618	152	770	0.00005
Salinimonas	288793	G	298	48	346	0.00002
Hydrocarboniclastica	2650549	G	486	80	566	0.00004
Saliniradius	2661818	G	169	17	186	0.00001
Agarivorans	261825	G	144	12	156	0.00001
Lacimicrobium	1751872	G	129	9	138	0.00001
Paraglaciecola	1621534	G	113	8	121	0.00001
Glaciecola	89404	G	56	4	60	0.00000
Paraneptunicella	2905123	G	50	3	53	0.00000
Catenovulum	1172191	G	28	2	30	0.00000
Saccharobesus	2894574	G	28	1	29	0.00000
Pseudoalteromonas	53246	G	1369	208	1577	0.00010
Psychrosphaera	907197	G	33	5	38	0.00000
Flocculibacter	2834759	G	23	2	25	0.00000
Ferrimonas	44011	G	621	86	707	0.00005
Thalassotalea	1518149	G	138	17	155	0.00001
Colwellia	28228	G	96	9	105	0.00001
Litorilituus	1407056	G	22	1	23	0.00000
Cognaticolwellia	2848171	G	20	2	22	0.00000
Idiomarina	135575	G	279	33	312	0.00002
Moritella	58050	G	107	23	130	0.00001
Psychromonas	67572	G	89	8	97	0.00001
Vibrio	662	G	4651	868	5519	0.00036
Photobacterium	657	G	879	226	1105	0.00007
Salinivibrio	51366	G	197	27	224	0.00001
Grimontia	246861	G	121	18	139	0.00001
Thaumasiovibrio	2014233	G	63	9	72	0.00000
Aliivibrio	511678	G	43	9	52	0.00000
Enterovibrio	188143	G	18	0	18	0.00000
Immundisolibacter	1934947	G	5919	1262	7181	0.00047
Acinetobacter	469	G	2211	1939	4150	0.00027
Psychrobacter	497	G	498	26	524	0.00003
Moraxella	475	G	320	39	359	0.00002
Aquirhabdus	2824158	G	69	3	72	0.00000
Candidatus_Endoriftia	393764	G	947	50	997	0.00007
Candidatus_Vesicomyosocius	2732587	G	39	44	83	0.00001
Candidatus_Ruthia	1541743	G	17	5	22	0.00000
Sedimenticola	349742	G	650	29	679	0.00004
Candidatus_Reidiella	2738850	G	459	11	470	0.00003
Thiolapillus	1608298	G	344	9	353	0.00002
Pseudohongiella	1524249	G	254	8	262	0.00002
Gallaecimonas	745410	G	113	10	123	0.00001
Celerinatantimonas	412033	G	54	4	58	0.00000
Ignatzschineria	112008	G	30	3	33	0.00000
Candidatus_Thioglobus	655184	G	28	2	30	0.00000
Candidatus_Pseudothioglobus	2841677	G	18	4	22	0.00000
Candidatus_Nardonella	204619	G	10	4	14	0.00000
Legionella	445	G	1545	136	1681	0.00011
Fluoribacter	461	G	54	18	72	0.00000
Tatlockia	465	G	44	2	46	0.00000
Aquicella	254245	G	536	18	554	0.00004
Coxiella	776	G	251	66	317	0.00002
Rickettsiella	59195	G	68	3	71	0.00000
Thiomicrorhabdus	2039723	G	277	16	293	0.00002
Methylophaga	40222	G	248	75	323	0.00002
Thiomicrospira	933	G	187	69	256	0.00002
Hydrogenovibrio	28884	G	140	73	213	0.00001
Cycloclasticus	34067	G	57	6	63	0.00000
Thiosulfatimonas	2781121	G	42	3	45	0.00000
Piscirickettsia	1237	G	36	3	39	0.00000
Thiosulfativibrio	2781120	G	36	2	38	0.00000
Thiothrix	1030	G	962	33	995	0.00007
Beggiatoa	1021	G	74	3	77	0.00001
Francisella	262	G	112	48	160	0.00001
Allofrancisella	1869285	G	31	3	34	0.00000
Salinisphaera	180541	G	1883	1860	3743	0.00024
Pasteurella	745	G	366	910	1276	0.00008
Haemophilus	724	G	190	87	277	0.00002
Aggregatibacter	416916	G	185	105	290	0.00002
Actinobacillus	713	G	176	83	259	0.00002
Mannheimia	75984	G	154	39	193	0.00001
Avibacterium	292486	G	62	9	71	0.00000
Glaesserella	2094023	G	49	15	64	0.00000
Rodentibacter	1960084	G	39	4	43	0.00000
Basfia	697331	G	35	3	38	0.00000
Frederiksenia	1649317	G	19	5	24	0.00000
Bibersteinia	476528	G	18	8	26	0.00000
Gallibacterium	155493	G	17	6	23	0.00000
Histophilus	214906	G	13	4	17	0.00000
Bisgaardia	109471	G	12	2	14	0.00000
Cardiobacterium	2717	G	979	164	1143	0.00007
Dichelobacter	869	G	79	22	101	0.00001
Suttonella	13275	G	70	4	74	0.00000
Kangiella	261963	G	189	14	203	0.00001
Gilliamella	1193503	G	41	17	58	0.00000
Zophobihabitans	2894762	G	17	2	19	0.00000
Anaeromyxobacter	161492	G	81959	7338	89297	0.00583
Myxococcus	32	G	25378	39964	65342	0.00427
Corallococcus	83461	G	23063	2314	25377	0.00166
Pyxidicoccus	224458	G	14311	784	15095	0.00099
Archangium	47	G	36726	4130	40856	0.00267
Cystobacter	42	G	15564	3836	19400	0.00127
Stigmatella	40	G	7207	638	7845	0.00051
Melittangium	44	G	6267	1428	7695	0.00050
Vulgatibacter	1524214	G	6843	652	7495	0.00049
Sorangium	39643	G	94099	12822	106921	0.00699
Polyangium	55	G	22296	2243	24539	0.00160
Chondromyces	50	G	10807	531	11338	0.00074
Pajaroellobacter	1882917	G	166	5	171	0.00001
Sandaracinus	1055688	G	33408	2099	35507	0.00232
Labilithrix	1524217	G	11397	549	11946	0.00078
Haliangium	162027	G	14938	942	15880	0.00104
Geomonas	2651583	G	13759	2437	16196	0.00106
Geobacter	28231	G	12382	1534	13916	0.00091
Citrifermentans	2883512	G	4070	1065	5135	0.00034
Geotalea	2910589	G	2010	151	2161	0.00014
Geoalkalibacter	392332	G	939	923	1862	0.00012
Trichlorobacter	115782	G	540	77	617	0.00004
Desulfuromonas	890	G	9495	1327	10822	0.00071
Pelobacter	18	G	1491	566	2057	0.00013
Syntrophotalea	2812025	G	1837	244	2081	0.00014
Pseudodesulfovibrio	2035811	G	8182	1781	9963	0.00065
Desulfovibrio	872	G	7824	1165	8989	0.00059
Solidesulfovibrio	2910984	G	5292	609	5901	0.00039
Oceanidesulfovibrio	2905722	G	2307	159	2466	0.00016
Desulfocurvibacter	2582840	G	1686	143	1829	0.00012
Desulfolutivibrio	2773294	G	1611	460	2071	0.00014
Megalodesulfovibrio	2910978	G	1235	66	1301	0.00009
Oleidesulfovibrio	2909705	G	391	596	987	0.00006
Maridesulfovibrio	2794998	G	255	27	282	0.00002
Paradesulfovibrio	2910986	G	185	21	206	0.00001
Lawsonia	41707	G	55	0	55	0.00000
Desulfomicrobium	898	G	1699	247	1946	0.00013
Desulfohalobium	45662	G	454	26	480	0.00003
Desulfosarcina	2299	G	3961	695	4656	0.00030
Desulfococcus	896	G	992	203	1195	0.00008
Desulfatibacillum	218207	G	770	29	799	0.00005
Desulfoluna	497721	G	717	42	759	0.00005
Desulfobacter	2289	G	348	40	388	0.00003
Desulfonema	45654	G	343	9	352	0.00002
Desulforapulum	2904687	G	217	28	245	0.00002
Desulfobacula	28222	G	92	8	100	0.00001
Desulfobulbus	893	G	2148	526	2674	0.00017
Desulfurivibrio	427922	G	948	54	1002	0.00007
Desulfomarina	2894767	G	97	9	106	0.00001
Desulfosudis	2904716	G	792	47	839	0.00005
Desulfosediminicola	2886823	G	319	35	354	0.00002
Desulfotalea	109168	G	117	22	139	0.00001
Desulfocapsa	53318	G	98	6	104	0.00001
Persicimonas	2766927	G	5720	211	5931	0.00039
Bradymonas	1779136	G	1905	909	2814	0.00018
Syntrophobacter	29526	G	1612	752	2364	0.00015
Desulfoglaeba	361106	G	1227	79	1306	0.00009
Desulfarculus	453229	G	2547	1665	4212	0.00028
Desulfomonile	2357	G	677	6	683	0.00004
Desulfobacca	60892	G	565	16	581	0.00004
Syntrophus	43773	G	412	31	443	0.00003
Candidatus_Desulfofervidus	1902583	G	289	8	297	0.00002
Dissulfurimicrobium	1769732	G	261	20	281	0.00002
Hippea	84404	G	69	4	73	0.00000
Campylobacter	194	G	1059	189	1248	0.00008
Sulfurimonas	202746	G	780	67	847	0.00006
Sulfuricurvum	286130	G	63	4	67	0.00000
Helicobacter	209	G	555	63	618	0.00004
Wolinella	843	G	58	20	78	0.00001
Nitratifractor	269260	G	287	21	308	0.00002
Sulfurovum	265570	G	184	18	202	0.00001
Hydrogenimonas	223785	G	331	36	367	0.00002
Sulfurospirillum	57665	G	222	12	234	0.00002
Arcobacter	28196	G	40	9	49	0.00000
Aliarcobacter	2321111	G	36	14	50	0.00000
Malaciobacter	2321114	G	21	4	25	0.00000
Halarcobacter	2321115	G	14	2	16	0.00000
Pseudoarcobacter	2321113	G	12	3	15	0.00000
Poseidonibacter	2321187	G	10	38	48	0.00000
Nitrosophilus	2795692	G	130	40	170	0.00001
Nitratiruptor	269258	G	99	15	114	0.00001
Caminibacter	191301	G	65	22	87	0.00001
Nautilia	191291	G	44	16	60	0.00000
Acidithiobacillus	119977	G	2295	251	2546	0.00017
Bdellovibrio	958	G	712	37	749	0.00005
Pseudobdellovibrio	2862745	G	51	2	53	0.00000
Bacteriovorax	146784	G	53	18	71	0.00000
Halobacteriovorax	1652133	G	35	19	54	0.00000
Silvanigrella	2024975	G	27	6	33	0.00000
Fluviispira	2698753	G	17	4	21	0.00000
Hydrogenophilus	70774	G	743	180	923	0.00006
Mariprofundus	377315	G	525	19	544	0.00004
Gemmata	113	G	81569	9710	91279	0.00596
Urbifossiella	2807415	G	73925	7140	81065	0.00530
Frigoriglobus	2774146	G	46549	7851	54400	0.00355
Limnoglobus	2731450	G	35467	1805	37272	0.00244
Tuwongella	2051044	G	3072	143	3215	0.00021
Telmatocola	1382832	G	2622	29	2651	0.00017
Tautonia	2680020	G	36706	3765	40471	0.00264
Aquisphaera	1511635	G	29987	5917	35904	0.00235
Paludisphaera	1763521	G	17738	4498	22236	0.00145
Singulisphaera	466152	G	15168	2556	17724	0.00116
Isosphaera	127	G	2950	240	3190	0.00021
Lacipirellula	2691417	G	21744	1632	23376	0.00153
Pirellulimonas	2795783	G	9121	1096	10217	0.00067
Botrimarina	2795782	G	7299	751	8050	0.00053
Aeoliella	2795781	G	2618	234	2852	0.00019
Adhaeretor	2862451	G	1461	155	1616	0.00011
Bythopirellula	1400386	G	1291	100	1391	0.00009
Lignipirellula	2795775	G	5637	687	6324	0.00041
Stieleria	2795973	G	5205	651	5856	0.00038
Anatilimnocola	2807414	G	4585	531	5116	0.00033
Rosistilla	2795779	G	4578	363	4941	0.00032
Bremerella	2714594	G	3258	266	3524	0.00023
Pirellula	123	G	3082	115	3197	0.00021
Roseimaritima	1579506	G	2884	201	3085	0.00020
Rubripirellula	1579505	G	1086	225	1311	0.00009
Mariniblastus	2005380	G	851	18	869	0.00006
Aureliella	2795605	G	787	67	854	0.00006
Rhodopirellula	265488	G	756	58	814	0.00005
Thermogutta	1676125	G	1078	37	1115	0.00007
Planctomyces	118	G	28253	7656	35909	0.00235
Gimesia	1649453	G	7905	466	8371	0.00055
Caulifigura	2795778	G	7498	552	8050	0.00053
Maioricimonas	2795777	G	6945	965	7910	0.00052
Alienimonas	2714737	G	6707	557	7264	0.00047
Symmachiella	2795780	G	2505	163	2668	0.00017
Rubinisphaera	1649490	G	1442	156	1598	0.00010
Fuerstiella	1936111	G	1338	26	1364	0.00009
Planctopirus	1649480	G	1267	53	1320	0.00009
Calycomorphotria	2795776	G	1202	49	1251	0.00008
Crateriforma	2714592	G	1097	259	1356	0.00009
Polystyrenella	2795774	G	470	45	515	0.00003
Thalassoglobus	2795865	G	442	26	468	0.00003
Humisphaera	2807511	G	10888	300	11188	0.00073
Phycisphaera	666508	G	4089	365	4454	0.00029
Mucisphaera	2913022	G	1971	115	2086	0.00014
Poriferisphaera	2803301	G	215	1	216	0.00001
Anaerohalosphaera	2690159	G	445	13	458	0.00003
Limihaloglobus	2690160	G	188	9	197	0.00001
Sedimentisphaera	2483368	G	151	59	210	0.00001
Candidatus_Kuenenia	380738	G	192	1	193	0.00001
Candidatus_Uabimicrobium	2897349	G	128	2	130	0.00001
Opitutus	178440	G	11342	1057	12399	0.00081
Lacunisphaera	1961799	G	4232	643	4875	0.00032
Oleiharenicola	2100741	G	2440	144	2584	0.00017
Nibricoccus	2576890	G	2358	115	2473	0.00016
Ereboglobus	2028344	G	1691	90	1781	0.00012
Ruficoccus	2175957	G	962	176	1138	0.00007
Coraliomargarita	442430	G	235	7	242	0.00002
Verrucomicrobium	2735	G	4696	400	5096	0.00033
Luteolibacter	518753	G	3606	142	3748	0.00024
Roseimicrobium	1348508	G	3248	108	3356	0.00022
Sulfuriroseicoccus	2911469	G	580	57	637	0.00004
Akkermansia	239934	G	1523	129	1652	0.00011
Methylacidimicrobium	1541670	G	1521	140	1661	0.00011
Methylacidiphilum	511745	G	131	5	136	0.00001
Candidatus_Xiphinematobacter	134550	G	124	9	133	0.00001
Kiritimatiella	1921784	G	1183	1439	2622	0.00017
Tichowtungia	2907187	G	434	16	450	0.00003
Candidatus_Protochlamydia	282132	G	53	16	69	0.00000
Parachlamydia	83551	G	38	9	47	0.00000
Neochlamydia	112987	G	29	5	34	0.00000
Waddlia	71666	G	45	4	49	0.00000
Candidatus_Rhabdochlamydia	292833	G	37	2	39	0.00000
Simkania	34093	G	29	1	30	0.00000
Chlamydia	810	G	112	60	172	0.00001
Candidatus_Velamenicoccus	2789201	G	376	1	377	0.00002
Hymenobacter	89966	G	22659	1056	23715	0.00155
Pontibacter	323449	G	2838	290	3128	0.00020
Rufibacter	1379908	G	813	190	1003	0.00007
Adhaeribacter	299566	G	331	22	353	0.00002
Nibribacter	1649474	G	179	101	280	0.00002
Spirosoma	107	G	4411	216	4627	0.00030
Rhodocytophaga	455076	G	149	5	154	0.00001
Aquirufa	2676247	G	86	9	95	0.00001
Cytophaga	978	G	67	5	72	0.00000
Fibrella	861914	G	1297	88	1385	0.00009
Dyadobacter	120831	G	1207	80	1287	0.00008
Runella	105	G	579	21	600	0.00004
Larkinella	332157	G	225	15	240	0.00002
Leadbetterella	319458	G	33	14	47	0.00000
Arcticibacterium	2173039	G	30	1	31	0.00000
Chryseolinea	1433993	G	1673	47	1720	0.00011
Fulvivirga	396811	G	265	12	277	0.00002
Echinicola	390846	G	362	54	416	0.00003
Algoriphagus	246875	G	225	24	249	0.00002
Cyclobacterium	68288	G	83	9	92	0.00001
Aquiflexum	280472	G	51	7	58	0.00000
Belliella	232244	G	45	18	63	0.00000
Mongoliitalea	1511649	G	36	3	39	0.00000
Candidatus_Amoebophilus	281119	G	67	1	68	0.00000
Candidatus_Cardinium	273135	G	33	13	46	0.00000
Flammeovirga	59739	G	90	6	96	0.00001
Marivirga	869806	G	69	21	90	0.00001
Mangrovivirga	2858886	G	53	3	56	0.00000
Bernardetia	1937972	G	31	2	33	0.00000
Rhodocaloribacter	2893090	G	5757	708	6465	0.00042
Rhodothermus	29548	G	5143	347	5490	0.00036
Salinibacter	146918	G	2948	58	3006	0.00020
Alistipes	239759	G	5355	1588	6943	0.00045
Prevotella	838	G	1710	199	1909	0.00012
Paraprevotella	577309	G	68	51	119	0.00001
Pseudoprevotella	2884814	G	58	6	64	0.00000
Bacteroides	816	G	1260	510	1770	0.00012
Phocaeicola	909656	G	265	121	386	0.00003
Tannerella	195950	G	494	31	525	0.00003
Parabacteroides	375288	G	473	235	708	0.00005
Sodaliphilus	2815786	G	351	150	501	0.00003
Muribaculum	1918540	G	237	22	259	0.00002
Duncaniella	2518495	G	235	7	242	0.00002
Porphyromonas	836	G	628	64	692	0.00005
Petrimonas	307628	G	133	5	138	0.00001
Proteiniphilum	294702	G	94	4	98	0.00001
Dysgonomonas	156973	G	26	0	26	0.00000
Barnesiella	397864	G	167	185	352	0.00002
Coprobacter	1348911	G	30	23	53	0.00000
Butyricimonas	574697	G	104	38	142	0.00001
Odoribacter	283168	G	35	4	39	0.00000
Salinivirga	1970191	G	42	1	43	0.00000
Paludibacter	346096	G	40	1	41	0.00000
Tenuifilum	2760873	G	25	0	25	0.00000
Draconibacterium	1471399	G	83	3	86	0.00001
Maribellus	2678352	G	65	3	68	0.00000
Alkalitalea	1193324	G	35	2	37	0.00000
Labilibaculum	2060722	G	26	1	27	0.00000
Chitinophaga	79328	G	2856	179	3035	0.00020
Flavisolibacter	398041	G	1524	125	1649	0.00011
Niastella	354354	G	1450	150	1600	0.00010
Pseudocnuella	2812019	G	785	95	880	0.00006
Paraflavitalea	2698688	G	758	57	815	0.00005
Flavihumibacter	1004301	G	680	38	718	0.00005
Pseudobacter	1860196	G	524	45	569	0.00004
Niabella	379899	G	489	37	526	0.00003
Arachidicoccus	1769012	G	345	47	392	0.00003
Phnomibacter	2836216	G	279	32	311	0.00002
Lacibacter	649461	G	268	12	280	0.00002
Panacibacter	1874621	G	245	11	256	0.00002
Filimonas	649460	G	221	26	247	0.00002
Ferruginibacter	1004303	G	192	11	203	0.00001
Flavobacterium	237	G	1829	209	2038	0.00013
Muricauda	111500	G	370	76	446	0.00003
Capnocytophaga	1016	G	343	46	389	0.00003
Robiginitalea	252306	G	321	22	343	0.00002
Gramella	292691	G	249	41	290	0.00002
Nonlabens	363408	G	190	30	220	0.00001
Polaribacter	52959	G	180	25	205	0.00001
Aequorivita	153265	G	126	5	131	0.00001
Maribacter	252356	G	122	32	154	0.00001
Sinomicrobium	1434045	G	117	5	122	0.00001
Antarcticibacterium	2058174	G	111	17	128	0.00001
Winogradskyella	286104	G	109	23	132	0.00001
Kordia	221065	G	96	7	103	0.00001
Salegentibacter	143222	G	88	40	128	0.00001
Myroides	76831	G	65	26	91	0.00001
Formosa	225842	G	61	12	73	0.00000
Tenacibaculum	104267	G	59	12	71	0.00000
Dokdonia	326319	G	56	5	61	0.00000
Zobellia	112040	G	54	4	58	0.00000
Cellulophaga	104264	G	53	10	63	0.00000
Aggregatimonas	2913017	G	50	3	53	0.00000
Aquimarina	290174	G	48	3	51	0.00000
Arenibacter	178469	G	45	15	60	0.00000
Leeuwenhoekiella	283735	G	41	9	50	0.00000
Pukyongia	2831916	G	38	2	40	0.00000
Zunongwangia	417127	G	37	28	65	0.00000
Flagellimonas	444459	G	35	2	37	0.00000
Amniculibacterium	2715289	G	33	42	75	0.00000
Mariniflexile	527198	G	33	3	36	0.00000
Tamlana	393005	G	33	6	39	0.00000
Lacinutrix	291183	G	32	8	40	0.00000
Euzebyella	1287916	G	30	16	46	0.00000
Constantimarinum	2907134	G	27	2	29	0.00000
Muriicola	762641	G	27	2	29	0.00000
Zhouia	561555	G	26	6	32	0.00000
Gilvibacter	379070	G	26	3	29	0.00000
Psychroflexus	83612	G	23	2	25	0.00000
Algibacter	261827	G	22	6	28	0.00000
Sediminicola	389486	G	21	2	23	0.00000
Galbibacter	379068	G	21	2	23	0.00000
Lutibacter	358023	G	21	2	23	0.00000
Costertonia	343334	G	19	4	23	0.00000
Urechidicola	2700084	G	17	9	26	0.00000
Flavivirga	1209327	G	17	1	18	0.00000
Seonamhaeicola	1649495	G	17	3	20	0.00000
Aegicerativicinus	2893197	G	16	1	17	0.00000
Siansivirga	1204360	G	15	3	18	0.00000
Bizionia	283785	G	14	3	17	0.00000
Changchengzhania	2049301	G	14	1	15	0.00000
Oceanihabitans	2045416	G	14	5	19	0.00000
Olleya	336276	G	14	15	29	0.00000
Croceibacter	216431	G	12	12	24	0.00000
Gillisia	244698	G	10	3	13	0.00000
Chryseobacterium	59732	G	1545	460	2005	0.00013
Kaistella	2782231	G	263	34	297	0.00002
Epilithonimonas	2782229	G	44	37	81	0.00001
Elizabethkingia	308865	G	123	45	168	0.00001
Cruoricaptor	1433995	G	70	10	80	0.00001
Empedobacter	59734	G	49	29	78	0.00001
Apibacter	1778601	G	34	1	35	0.00000
Ornithobacterium	28250	G	32	24	56	0.00000
Cloacibacterium	501783	G	32	15	47	0.00000
Bergeyella	59735	G	22	5	27	0.00000
Riemerella	34084	G	20	31	51	0.00000
Weeksella	1013	G	15	7	22	0.00000
Faecalibacter	2766734	G	11	2	13	0.00000
Blattabacterium	34098	G	144	14	158	0.00001
Croceimicrobium	2828338	G	42	9	51	0.00000
Owenweeksia	267986	G	35	3	38	0.00000
Fluviicola	332102	G	51	3	54	0.00000
Crocinitomix	246873	G	29	1	30	0.00000
Candidatus_Sulcia	336809	G	20	6	26	0.00000
Candidatus_Walczuchella	1940138	G	11	2	13	0.00000
Mucilaginibacter	423349	G	2257	139	2396	0.00016
Pedobacter	84567	G	818	55	873	0.00006
Sphingobacterium	28453	G	719	339	1058	0.00007
Anseongella	1773450	G	203	8	211	0.00001
Olivibacter	376469	G	136	10	146	0.00001
Solitalea	929509	G	120	8	128	0.00001
Pseudopedobacter	1649482	G	44	33	77	0.00001
Haliscomenobacter	2349	G	301	4	305	0.00002
Saprospira	1007	G	52	1	53	0.00000
Candidatus_Sulfidibacterium	2923290	G	77	2	79	0.00001
Chlorobaculum	256319	G	2317	190	2507	0.00016
Pelodictyon	1099	G	629	105	734	0.00005
Chlorobium	1091	G	469	55	524	0.00003
Prosthecochloris	1101	G	958	77	1035	0.00007
Chloroherpeton	100715	G	268	6	274	0.00002
Candidatus_Cyclonatronum	2489367	G	303	35	338	0.00002
Melioribacter	1134403	G	156	14	170	0.00001
Ignavibacterium	795750	G	84	9	93	0.00001
Gemmatirosa	1706036	G	73512	8229	81741	0.00534
Gemmatimonas	173479	G	23699	746	24445	0.00160
Fibrobacter	832	G	185	4	189	0.00001
Candidatus_Cloacimonas	456826	G	82	2	84	0.00001
Luteitalea	2004797	G	90569	6234	96803	0.00633
Granulicella	940557	G	10195	1166	11361	0.00074
Terriglobus	392733	G	6768	897	7665	0.00050
Acidobacterium	33973	G	5277	497	5774	0.00038
Candidatus_Koribacter	658061	G	4131	161	4292	0.00028
Edaphobacter	388463	G	2979	409	3388	0.00022
Acidisarcina	2608728	G	1886	152	2038	0.00013
Paludibaculum	1649475	G	8953	322	9275	0.00061
Chloracidobacterium	458032	G	4942	309	5251	0.00034
Sulfidibacter	2915177	G	2742	74	2816	0.00018
Thermotomaculum	1172428	G	125	8	133	0.00001
Nitrospira	1234	G	17826	324	18150	0.00119
Leptospirillum	179	G	529	14	543	0.00004
Thermodesulfovibrio	28261	G	173	6	179	0.00001
Dissulfurispira	2811506	G	108	9	117	0.00001
Treponema	157	G	1218	172	1390	0.00009
Spirochaeta	146	G	871	31	902	0.00006
Salinispira	1616789	G	102	3	105	0.00001
Sediminispirochaeta	1911556	G	90	2	92	0.00001
Oceanispirochaeta	2035349	G	35	2	37	0.00000
Thiospirochaeta	2792240	G	14	1	15	0.00000
Sphaerochaeta	399320	G	327	21	348	0.00002
Breznakiella	2845254	G	214	17	231	0.00002
Borrelia	138	G	76	54	130	0.00001
Borreliella	64895	G	10	19	29	0.00000
Leptospira	171	G	579	34	613	0.00004
Turneriella	338321	G	357	4	361	0.00002
Brachyspira	29521	G	55	0	55	0.00000
Pyramidobacter	638847	G	811	67	878	0.00006
Fretibacterium	1434006	G	710	13	723	0.00005
Aminomonas	81411	G	673	104	777	0.00005
Thermanaerovibrio	81461	G	556	148	704	0.00005
Cloacibacillus	508459	G	501	130	631	0.00004
Jonquetella	428711	G	359	70	429	0.00003
Acetomicrobium	49894	G	140	5	145	0.00001
Aminobacterium	81466	G	79	6	85	0.00001
Thermovirga	336260	G	63	66	129	0.00001
Thermotoga	2335	G	398	184	582	0.00004
Pseudothermotoga	1643951	G	117	1	118	0.00001
Fervidobacterium	2422	G	87	42	129	0.00001
Thermosipho	2420	G	50	2	52	0.00000
Kosmotoga	651456	G	166	7	173	0.00001
Mesotoga	1184396	G	123	10	133	0.00001
Athalassotoga	1769718	G	94	2	96	0.00001
Marinitoga	160798	G	33	0	33	0.00000
Defluviitoga	1511648	G	16	32	48	0.00000
Tepiditoga	2778400	G	15	3	18	0.00000
Petrotoga	28236	G	12	8	20	0.00000
Candidatus_Bipolaricaulis	2250122	G	877	47	924	0.00006
Candidatus_Nanosynbacter	2093823	G	92	66	158	0.00001
Candidatus_Saccharimonas	1331051	G	52	0	52	0.00000
Candidatus_Babela	1551504	G	72	1	73	0.00000
Candidatus_Chazhemtobacterium	2715734	G	47	0	47	0.00000
Candidatus_Absconditicoccus	2900570	G	37	0	37	0.00000
Thermocrinis	75905	G	170	12	182	0.00001
Hydrogenobacter	939	G	123	7	130	0.00001
Aquifex	2713	G	64	2	66	0.00000
Sulfurihydrogenibium	212790	G	91	13	104	0.00001
Persephonella	182899	G	80	5	85	0.00001
Thermosulfidibacter	412592	G	140	6	146	0.00001
Thermovibrio	171868	G	111	34	145	0.00001
Desulfurobacterium	64159	G	41	10	51	0.00000
Thermosulfurimonas	1522431	G	279	43	322	0.00002
Thermosulfuriphilus	2033601	G	184	9	193	0.00001
Thermodesulfobacterium	1740	G	90	17	107	0.00001
Thermodesulfatator	241192	G	77	12	89	0.00001
Caldimicrobium	444090	G	41	8	49	0.00000
Caldithrix	187144	G	427	5	432	0.00003
Geovibrio	46200	G	88	16	104	0.00001
Flexistipes	2351	G	79	9	88	0.00001
Deferribacter	53572	G	61	11	72	0.00000
Denitrovibrio	117999	G	53	6	59	0.00000
Mucispirillum	248038	G	51	6	57	0.00000
Calditerrivibrio	545865	G	44	6	50	0.00000
Desulfurispirillum	393029	G	377	212	589	0.00004
Leptotrichia	32067	G	98	19	117	0.00001
Pseudoleptotrichia	2755140	G	33	4	37	0.00000
Sebaldella	32068	G	18	1	19	0.00000
Fusobacterium	848	G	134	39	173	0.00001
Cetobacterium	180162	G	11	2	13	0.00000
Elusimicrobium	423604	G	137	1	138	0.00001
Endomicrobium	1408194	G	108	1	109	0.00001
Coprothermobacter	68335	G	149	39	188	0.00001
Dictyoglomus	13	G	141	0	141	0.00001
Caldisericum	693074	G	114	0	114	0.00001
Atribacter	2847777	G	109	3	112	0.00001
Fusarium	5506	G	9418	850	10268	0.00067
Trichoderma	5543	G	3583	147	3730	0.00024
Beauveria	5581	G	2085	75	2160	0.00014
Cordyceps	45234	G	976	64	1040	0.00007
Metarhizium	5529	G	2158	297	2455	0.00016
Ustilaginoidea	124426	G	715	33	748	0.00005
Pochonia	243023	G	190	10	200	0.00001
Purpureocillium	1052105	G	1100	77	1177	0.00008
Drechmeria	98402	G	808	37	845	0.00006
Clonostachys	110564	G	400	28	428	0.00003
Colletotrichum	5455	G	1176	228	1404	0.00009
Thermothielavioides	2609811	G	1632	113	1745	0.00011
Thermothelomyces	1920207	G	1397	71	1468	0.00010
Neurospora	5140	G	386	18	404	0.00003
Pyricularia	48558	G	1216	8	1224	0.00008
Neopestalotiopsis	1562158	G	566	8	574	0.00004
Botrytis	33196	G	174	1	175	0.00001
Aspergillus	5052	G	3773	229	4002	0.00026
Penicillium	5073	G	968	46	1014	0.00007
Paecilomyces	33202	G	290	8	298	0.00002
Talaromyces	5094	G	186	10	196	0.00001
Paraphaeosphaeria	125369	G	390	121	511	0.00003
Ampelomyces	50729	G	242	23	265	0.00002
Zymoseptoria	1047167	G	220	3	223	0.00001
Cercospora	29002	G	157	0	157	0.00001
Eremothecium	33170	G	193	123	316	0.00002
Lachancea	300275	G	67	3	70	0.00000
Saccharomyces	4930	G	59	3	62	0.00000
Kazachstania	71245	G	57	2	59	0.00000
Naumovozyma	278028	G	56	2	58	0.00000
Kluyveromyces	4910	G	49	6	55	0.00000
Nakaseomyces	374468	G	44	1	45	0.00000
Tetrapisispora	113604	G	40	1	41	0.00000
Torulaspora	4948	G	38	2	40	0.00000
Zygosaccharomyces	4953	G	25	1	26	0.00000
Zygotorulaspora	1196389	G	20	2	22	0.00000
Candida	1535326	G	86	1	87	0.00001
Scheffersomyces	766733	G	22	0	22	0.00000
Debaryomyces	4958	G	17	0	17	0.00000
Brettanomyces	13366	G	51	2	53	0.00000
Ogataea	461281	G	40	0	40	0.00000
Pichia	4919	G	21	0	21	0.00000
Yarrowia	4951	G	101	0	101	0.00001
Sugiyamaella	410829	G	65	4	69	0.00000
Saccharomycodes	36034	G	19	2	21	0.00000
Komagataella	460517	G	12	0	12	0.00000
Schizosaccharomyces	4895	G	36	0	36	0.00000
Pseudozyma	63298	G	1628	13	1641	0.00011
Ustilago	5269	G	394	8	402	0.00003
Sporisorium	63265	G	339	43	382	0.00002
Malassezia	55193	G	157	22	179	0.00001
Phlebiopsis	82309	G	423	4	427	0.00003
Rhizoctonia	1322061	G	76	3	79	0.00001
Marasmius	34448	G	60	2	62	0.00000
Cryptococcus	5206	G	145	19	164	0.00001
Encephalitozoon	6033	G	15	0	15	0.00000
Phytophthora	4783	G	5044	497	5541	0.00036
Pythium	4797	G	388	9	397	0.00003
