name	taxonomy_id	taxonomy_lvl	kraken_assigned_reads	added_reads	new_est_reads	fraction_total_reads
Bradyrhizobium_sp._1(2017)	1404888	S	5671	1373	7044	0.00060
Bradyrhizobium_sp._I71	2590772	S	5558	3765	9323	0.00079
Bradyrhizobium_sp._CCBAU_51765	1325102	S	5479	3855	9334	0.00079
Bradyrhizobium_sp._191	2782659	S	5068	3856	8924	0.00076
Bradyrhizobium_sp._CCGE-LA001	1223566	S	4978	1432	6410	0.00055
Bradyrhizobium_sp._195	2782662	S	4867	1347	6214	0.00053
Bradyrhizobium_sp._CCBAU_53351	1325114	S	4697	1815	6512	0.00055
Bradyrhizobium_sp._200	2782665	S	4624	810	5434	0.00046
Bradyrhizobium_sp._170	2782641	S	4292	861	5153	0.00044
Bradyrhizobium_sp._CCBAU_51753	1325100	S	4274	735	5009	0.00043
Bradyrhizobium_sp._186	2782654	S	4190	873	5063	0.00043
Bradyrhizobium_sp._CCBAU_051011	858422	S	4057	606	4663	0.00040
Bradyrhizobium_sp._BTAi1	288000	S	3950	576	4526	0.00038
Bradyrhizobium_sp._A19	2898149	S	3941	547	4488	0.00038
Bradyrhizobium_sp._ORS_278	114615	S	3860	701	4561	0.00039
Bradyrhizobium_sp._ORS_285	115808	S	3767	673	4440	0.00038
Bradyrhizobium_sp._SK17	2057741	S	3291	882	4173	0.00035
Bradyrhizobium_sp._CCBAU_53338	1325111	S	3273	1025	4298	0.00037
Bradyrhizobium_sp._CCBAU_53340	1325112	S	3228	958	4186	0.00036
Bradyrhizobium_sp._CCBAU_53421	1325120	S	2521	614	3135	0.00027
Bradyrhizobium_sp._6(2017)	1197460	S	1724	646	2370	0.00020
Bradyrhizobium_sp._S2-11-2	2840472	S	1562	931	2493	0.00021
Bradyrhizobium_sp._C-145	574727	S	1547	1158	2705	0.00023
Bradyrhizobium_sp._41S5	1404443	S	1488	772	2260	0.00019
Bradyrhizobium_sp._S2-20-1	2840469	S	1479	937	2416	0.00021
Bradyrhizobium_sp._S2-11-4	2840473	S	1403	978	2381	0.00020
Bradyrhizobium_sp.	376	S	1086	2687	3773	0.00032
Bradyrhizobium_sp._144S4	2823807	S	875	1631	2506	0.00021
Bradyrhizobium_sp._40	2782674	S	844	1463	2307	0.00020
Bradyrhizobium_sp._4	2782678	S	808	1572	2380	0.00020
Bradyrhizobium_sp._192	2782660	S	752	1374	2126	0.00018
Bradyrhizobium_sp._323S2	1404649	S	751	1427	2178	0.00019
Bradyrhizobium_sp._LCT2	2493093	S	467	981	1448	0.00012
Bradyrhizobium_sp._SG09	2599805	S	400	2151	2551	0.00022
Bradyrhizobium_sp._TM102	2599819	S	340	1751	2091	0.00018
Bradyrhizobium_sp._187	2782655	S	299	1102	1401	0.00012
Bradyrhizobium_sp._131	2782609	S	217	2647	2864	0.00024
Bradyrhizobium_sp._CW1	2782686	S	154	1781	1935	0.00016
Bradyrhizobium_sp._38S5	2819348	S	145	1324	1469	0.00012
Bradyrhizobium_sp._172	2782643	S	115	1045	1160	0.00010
Bradyrhizobium_sp._1S5	2816456	S	108	909	1017	0.00009
Bradyrhizobium_sp._155	2782629	S	95	1277	1372	0.00012
Bradyrhizobium_diazoefficiens	1355477	S	13833	23129	36962	0.00314
Bradyrhizobium_erythrophlei	1437360	S	11535	760	12295	0.00105
Bradyrhizobium_icense	1274631	S	6519	731	7250	0.00062
Bradyrhizobium_vignae	1549949	S	6176	1134	7310	0.00062
Bradyrhizobium_japonicum	375	S	4452	5161	9613	0.00082
Bradyrhizobium_guangxiense	1325115	S	4156	1384	5540	0.00047
Bradyrhizobium_paxllaeri	190148	S	3924	575	4499	0.00038
Bradyrhizobium_guangdongense	1325090	S	3857	1104	4961	0.00042
Bradyrhizobium_lablabi	722472	S	3828	3407	7235	0.00062
Bradyrhizobium_arachidis	858423	S	3813	843	4656	0.00040
Bradyrhizobium_canariense	255045	S	3495	4136	7631	0.00065
Bradyrhizobium_oligotrophicum	44255	S	3441	480	3921	0.00033
Bradyrhizobium_daqingense	993502	S	3172	1308	4480	0.00038
Bradyrhizobium_cosmicum	1404864	S	3160	796	3956	0.00034
Bradyrhizobium_genosp._L	83637	S	3139	505	3644	0.00031
Bradyrhizobium_genosp._B	83627	S	2695	450	3145	0.00027
Bradyrhizobium_guangzhouense	1325095	S	2640	769	3409	0.00029
Bradyrhizobium_amphicarpaeae	1404768	S	2553	817	3370	0.00029
Bradyrhizobium_symbiodeficiens	1404367	S	2239	2536	4775	0.00041
Bradyrhizobium_betae	244734	S	2140	931	3071	0.00026
Bradyrhizobium_quebecense	2748629	S	2082	899	2981	0.00025
Bradyrhizobium_septentrionale	1404411	S	1704	791	2495	0.00021
Bradyrhizobium_zhanjiangense	1325107	S	1136	855	1991	0.00017
Bradyrhizobium_elkanii	29448	S	585	2063	2648	0.00023
Bradyrhizobium_ottawaense	931866	S	552	2608	3160	0.00027
Nitrobacter_winogradskyi	913	S	41447	5670	47117	0.00401
Nitrobacter_hamburgensis	912	S	23752	3186	26938	0.00229
Rhodopseudomonas_palustris	1076	S	13098	3458	16556	0.00141
Rhodopseudomonas_boonkerdii	475937	S	1853	433	2286	0.00019
Rhodopseudomonas_sp._SK50-23	340268	S	1775	326	2101	0.00018
Tardiphaga_sp._37S4	1404741	S	939	648	1587	0.00013
Tardiphaga_sp._vice154	2592814	S	79	1037	1116	0.00009
Tardiphaga_sp._vice304	2592817	S	46	741	787	0.00007
Tardiphaga_sp._vice278	2592815	S	45	929	974	0.00008
Tardiphaga_sp._vice352	2592816	S	14	360	374	0.00003
Tardiphaga_robiniae	943830	S	1011	624	1635	0.00014
Afipia_carboxidovorans	40137	S	2603	808	3411	0.00029
Afipia_sp._GAS231	1882747	S	1564	930	2494	0.00021
Variibacter_gotjawalensis	1333996	S	3595	228	3823	0.00033
Rhizobium_sp._BG4	2613770	S	2334	347	2681	0.00023
Rhizobium_sp._WL3	2603277	S	2194	343	2537	0.00022
Rhizobium_sp._WYJ-E13	2849093	S	2021	201	2222	0.00019
Rhizobium_sp._SL42	2806346	S	1822	255	2077	0.00018
Rhizobium_sp._ACO-34A	1571470	S	1791	304	2095	0.00018
Rhizobium_sp._NXC24	2048897	S	1683	193	1876	0.00016
Rhizobium_sp._AB2/73	2795216	S	1257	633	1890	0.00016
Rhizobium_sp._11515TR	2028343	S	1221	243	1464	0.00012
Rhizobium_sp._NZLR1	2731096	S	987	286	1273	0.00011
Rhizobium_sp._CIAT894	2020312	S	960	355	1315	0.00011
Rhizobium_sp._NLR16a	2731112	S	933	357	1290	0.00011
Rhizobium_sp._NXC14	1981173	S	910	321	1231	0.00010
Rhizobium_sp._K102	2918527	S	786	460	1246	0.00011
Rhizobium_sp._C104	2917727	S	748	350	1098	0.00009
Rhizobium_sp._L51/94	2819999	S	650	727	1377	0.00012
Rhizobium_sp._X9	2815360	S	453	813	1266	0.00011
Rhizobium_sp._007	2785056	S	392	617	1009	0.00009
Rhizobium_sp._IE4771	1301032	S	298	541	839	0.00007
Rhizobium_sp._Kim5	2020311	S	262	518	780	0.00007
Rhizobium_sp._TAL182	2020313	S	198	512	710	0.00006
Rhizobium_sp._ZX09	2291939	S	87	338	425	0.00004
Rhizobium_sp._NIBRBAC000502774	2590777	S	87	409	496	0.00004
Rhizobium_sp._Y9	1914541	S	85	306	391	0.00003
Rhizobium_sp._B230/85	2819994	S	74	710	784	0.00007
Rhizobium_sp._N324	1703969	S	47	872	919	0.00008
Rhizobium_sp._T136	555319	S	44	1082	1126	0.00010
Rhizobium_sp._CCGE531	2364271	S	38	1200	1238	0.00011
Rhizobium_sp._B21/90	2819993	S	26	816	842	0.00007
Rhizobium_sp._CCGE532	2364272	S	14	936	950	0.00008
Rhizobium_leguminosarum	384	S	8682	10145	18827	0.00160
Rhizobium_etli	29449	S	3250	3433	6683	0.00057
Rhizobium_pseudoryzae	379684	S	2441	408	2849	0.00024
Rhizobium_gallicum	56730	S	1717	1992	3709	0.00032
Rhizobium_jaguaris	1312183	S	1691	167	1858	0.00016
Rhizobium_rosettiformans	1368430	S	1505	583	2088	0.00018
Rhizobium_phaseoli	396	S	1494	2860	4354	0.00037
Rhizobium_bangladeshense	1138189	S	1491	303	1794	0.00015
Rhizobium_rhizoryzae	451876	S	1377	153	1530	0.00013
Rhizobium_daejeonense	240521	S	1278	285	1563	0.00013
Rhizobium_lentis	1138194	S	1230	324	1554	0.00013
Rhizobium_tropici	398	S	1193	267	1460	0.00012
Rhizobium_binae	1138190	S	999	320	1319	0.00011
Rhizobium_pusense	648995	S	675	2394	3069	0.00026
Rhizobium_indicum	2583231	S	646	514	1160	0.00010
Rhizobium_acidisoli	1538158	S	558	412	970	0.00008
Rhizobium_oryzihabitans	2267833	S	343	419	762	0.00006
Rhizobium_laguerreae	1076926	S	235	369	604	0.00005
Rhizobium_hidalgonense	1538159	S	226	477	703	0.00006
Rhizobium_ruizarguesonis	2081791	S	179	1215	1394	0.00012
Rhizobium_favelukesii	348824	S	27	818	845	0.00007
Agrobacterium_tumefaciens	358	S	4957	4448	9405	0.00080
Agrobacterium_fabrum	1176649	S	541	653	1194	0.00010
Agrobacterium_fabacearum	1183401	S	120	1489	1609	0.00014
Agrobacterium_vitis	373	S	2724	268	2992	0.00025
Agrobacterium_sp._T29	2580515	S	391	285	676	0.00006
Agrobacterium_sp._MA01	2664893	S	373	718	1091	0.00009
Agrobacterium_sp._RAC06	1842536	S	355	698	1053	0.00009
Agrobacterium_sp._CGMCC_11546	2579248	S	141	273	414	0.00004
Agrobacterium_sp._S7/73	2820002	S	88	476	564	0.00005
Agrobacterium_vaccinii	2735528	S	970	113	1083	0.00009
Agrobacterium_larrymoorei	160699	S	860	122	982	0.00008
Agrobacterium_rubi	28099	S	664	169	833	0.00007
Agrobacterium_salinitolerans	1183413	S	621	209	830	0.00007
Agrobacterium_rhizogenes	359	S	463	1047	1510	0.00013
Neorhizobium_galegae	399	S	11456	2589	14045	0.00119
Neorhizobium_sp._SOG26	2060726	S	2806	492	3298	0.00028
Neorhizobium_sp._NCHU2750	1825976	S	2002	436	2438	0.00021
Pseudorhizobium_flavum	1335061	S	2039	1082	3121	0.00027
Pseudorhizobium_banfieldiae	1125847	S	1807	885	2692	0.00023
Sinorhizobium_meliloti	382	S	79836	47535	127371	0.01083
Sinorhizobium_fredii	380	S	8451	7578	16029	0.00136
Sinorhizobium_medicae	110321	S	3971	478	4449	0.00038
Sinorhizobium_americanum	194963	S	3080	833	3913	0.00033
Sinorhizobium_sp._BG8	2613773	S	1787	223	2010	0.00017
Sinorhizobium_sp._CCBAU_05631	794846	S	408	394	802	0.00007
Ensifer_adhaerens	106592	S	5210	2583	7793	0.00066
Ensifer_mexicanus	375549	S	4708	526	5234	0.00045
Ensifer_alkalisoli	1752398	S	2210	316	2526	0.00021
Ensifer_sojae	716925	S	2132	489	2621	0.00022
Ensifer_sp._PDNC004	2811423	S	1445	493	1938	0.00016
Ensifer_sp._T173	555315	S	309	1195	1504	0.00013
Shinella_sp._HZN7	879274	S	3466	2345	5811	0.00049
Shinella_sp._PSBB067	2715959	S	2606	1469	4075	0.00035
Shinella_sp._XGS7	2877941	S	2226	1752	3978	0.00034
Shinella_sp._H4-D48	2925841	S	1046	332	1378	0.00012
Shinella_zoogloeoides	352475	S	3049	3457	6506	0.00055
Shinella_oryzae	2871820	S	1549	539	2088	0.00018
Ciceribacter_thiooxidans	1969821	S	2168	310	2478	0.00021
Georhizobium_profundi	2341112	S	1844	319	2163	0.00018
Peteryoungia_desertarenae	1813451	S	764	93	857	0.00007
Candidatus_Liberibacter_africanus	34020	S	65	18	83	0.00001
Liberibacter_crescens	1273132	S	15	2	17	0.00000
Candidatus_Liberibacter_asiaticus	34021	S	13	2	15	0.00000
Candidatus_Liberibacter_americanus	309868	S	13	2	15	0.00000
Mesorhizobium_sp._8	2584466	S	5503	1138	6641	0.00056
Mesorhizobium_sp._DCY119	2108445	S	4750	978	5728	0.00049
Mesorhizobium_sp._Pch-S	2082387	S	3229	382	3611	0.00031
Mesorhizobium_sp._M3A.F.Ca.ET.080.04.2.1	2493676	S	2744	791	3535	0.00030
Mesorhizobium_sp._B1-1-8	2589976	S	2611	609	3220	0.00027
Mesorhizobium_sp._J8	2777475	S	2607	800	3407	0.00029
Mesorhizobium_sp._B2-1-1	2589974	S	2575	533	3108	0.00026
Mesorhizobium_sp._L-2-11	2744521	S	2568	934	3502	0.00030
Mesorhizobium_sp._M1B.F.Ca.ET.045.04.1.1	2493673	S	2503	933	3436	0.00029
Mesorhizobium_sp._M1A.F.Ca.IN.022.06.1.1	2493680	S	2499	786	3285	0.00028
Mesorhizobium_sp._M1E.F.Ca.ET.045.02.1.1	2493672	S	2418	1189	3607	0.00031
Mesorhizobium_sp._M1D.F.Ca.ET.043.01.1.1	2493669	S	2404	1437	3841	0.00033
Mesorhizobium_sp._M9A.F.Ca.ET.002.03.1.2	2493668	S	2378	1084	3462	0.00029
Mesorhizobium_sp._B2-8-5	2589903	S	2306	723	3029	0.00026
Mesorhizobium_sp._PAMC28654	2880934	S	2289	390	2679	0.00023
Mesorhizobium_sp._131-2-1	2744518	S	2289	1179	3468	0.00029
Mesorhizobium_sp._M4B.F.Ca.ET.058.02.1.1	2493675	S	2258	924	3182	0.00027
Mesorhizobium_sp._INR15	2654248	S	2246	294	2540	0.00022
Mesorhizobium_sp._M6A.T.Cr.TU.016.01.1.1	2493677	S	1937	624	2561	0.00022
Mesorhizobium_sp._B4-1-4	2589888	S	1822	408	2230	0.00019
Mesorhizobium_sp._B2-1-8	2589967	S	1603	470	2073	0.00018
Mesorhizobium_sp._L-8-10	2744523	S	1528	5284	6812	0.00058
Mesorhizobium_sp._M7D.F.Ca.US.005.01.1.1	2493678	S	1526	504	2030	0.00017
Mesorhizobium_sp._NBSH29	2654249	S	1480	96	1576	0.00013
Mesorhizobium_sp._M8A.F.Ca.ET.057.01.1.1	2493679	S	1469	553	2022	0.00017
Mesorhizobium_sp._M7A.F.Ce.TU.012.03.2.1	2493681	S	1333	481	1814	0.00015
Mesorhizobium_sp._M2A.F.Ca.ET.043.05.1.1	2493671	S	1329	1174	2503	0.00021
Mesorhizobium_sp._NZP2077	2483404	S	1310	420	1730	0.00015
Mesorhizobium_sp._L-8-3	2744522	S	1301	4614	5915	0.00050
Mesorhizobium_sp._113-3-3	2744516	S	1274	697	1971	0.00017
Mesorhizobium_sp._113-1-2	2744515	S	1126	549	1675	0.00014
Mesorhizobium_sp._AA22	1854057	S	1000	622	1622	0.00014
Mesorhizobium_sp._NZP2298	2483403	S	941	571	1512	0.00013
Mesorhizobium_sp._113-3-9	2744517	S	878	674	1552	0.00013
Mesorhizobium_sp._M2A.F.Ca.ET.046.03.2.1	2493674	S	774	2222	2996	0.00025
Mesorhizobium_sp._M2A.F.Ca.ET.043.02.1.1	2493670	S	668	1823	2491	0.00021
Mesorhizobium_sp._WSM1497	278153	S	350	730	1080	0.00009
Mesorhizobium_sp._131-3-5	2744520	S	219	705	924	0.00008
Mesorhizobium_sp._NZP2234	2483402	S	149	555	704	0.00006
Mesorhizobium_sp._131-2-5	2744519	S	111	785	896	0.00008
Mesorhizobium_terrae	2725666	S	3053	843	3896	0.00033
Mesorhizobium_opportunistum	593909	S	2454	932	3386	0.00029
Mesorhizobium_amorphae	71433	S	2216	466	2682	0.00023
Mesorhizobium_ciceri	39645	S	1528	3762	5290	0.00045
Mesorhizobium_loti	381	S	1401	11743	13144	0.00112
Mesorhizobium_australicum	536018	S	1345	395	1740	0.00015
Mesorhizobium_huakuii	28104	S	1311	971	2282	0.00019
Mesorhizobium_erdmanii	1777866	S	1219	319	1538	0.00013
Mesorhizobium_japonicum	2066070	S	1072	734	1806	0.00015
Aquibium_microcysteis	675281	S	5999	1557	7556	0.00064
Aquibium_oceanicum	1670800	S	4527	987	5514	0.00047
Aminobacter_sp._MSH1	374606	S	3223	1797	5020	0.00043
Aminobacter_sp._SR38	2774562	S	706	2793	3499	0.00030
Aminobacter_sp._MDW-2	2666139	S	375	1824	2199	0.00019
Aminobacter_aminovorans	83263	S	367	1295	1662	0.00014
Nitratireductor_sp._SY7	2599600	S	3954	679	4633	0.00039
Nitratireductor_sp._OM-1	1756988	S	1839	288	2127	0.00018
Nitratireductor_kimnyeongensis	430679	S	1131	152	1283	0.00011
Phyllobacterium_sp._T1018	555316	S	1104	123	1227	0.00010
Phyllobacterium_sp._628	2718938	S	518	66	584	0.00005
Phyllobacterium_sp._T1293	555317	S	513	57	570	0.00005
Phyllobacterium_zundukense	1867719	S	1088	133	1221	0.00010
Roseitalea_porphyridii	1852022	S	2540	381	2921	0.00025
Oricola_thermophila	2742145	S	2101	252	2353	0.00020
Hoeflea_sp._IMCC20628	1620421	S	1074	91	1165	0.00010
Hoeflea_phototrophica	244596	S	980	103	1083	0.00009
Salaquimonas_pukyongi	2712698	S	662	25	687	0.00006
Lentilitoribacter_sp._Alg239-R112	2305987	S	53	0	53	0.00000
Microvirga_sp._VF16	2807101	S	29862	4413	34275	0.00291
Microvirga_sp._17_mud_1-3	2082949	S	9315	1871	11186	0.00095
Microvirga_ossetica	1882682	S	25657	4203	29860	0.00254
Microvirga_thermotolerans	2651334	S	11491	2868	14359	0.00122
Methylobacterium_nodulans	114616	S	7025	802	7827	0.00067
Methylobacterium_sp._17Sr1-1	2202826	S	2808	1300	4108	0.00035
Methylobacterium_sp._WL1	2603276	S	2606	507	3113	0.00026
Methylobacterium_sp._C1	1479019	S	292	2272	2564	0.00022
Methylobacterium_sp._XJLW	739141	S	182	2447	2629	0.00022
Methylobacterium_aquaticum	270351	S	5599	2416	8015	0.00068
Methylobacterium_durans	2202825	S	4523	602	5125	0.00044
Methylobacterium_radiodurans	2202828	S	3715	849	4564	0.00039
Methylobacterium_currus	2051553	S	3659	1509	5168	0.00044
Methylobacterium_organophilum	410	S	3249	1936	5185	0.00044
Methylobacterium_terrae	2202827	S	2931	1316	4247	0.00036
Methylobacterium_brachiatum	269660	S	2604	952	3556	0.00030
Methylobacterium_mesophilicum	39956	S	2599	532	3131	0.00027
Methylobacterium_tardum	374432	S	2585	900	3485	0.00030
Methylobacterium_indicum	1775910	S	2499	1220	3719	0.00032
Methylobacterium_oryzae	334852	S	2095	3147	5242	0.00045
Methylobacterium_radiotolerans	31998	S	966	5348	6314	0.00054
Methylobacterium_phyllosphaerae	418223	S	365	1364	1729	0.00015
Methylorubrum_populi	223967	S	4759	2138	6897	0.00059
Methylorubrum_extorquens	408	S	3733	6016	9749	0.00083
Methylorubrum_sp._B1-46	2897334	S	1865	820	2685	0.00023
Methylorubrum_zatmanii	29429	S	89	454	543	0.00005
Devosia_sp._A16	1736675	S	13404	1477	14881	0.00127
Devosia_sp._SL43	2806348	S	3280	632	3912	0.00033
Devosia_sp._JXJ_CY_41	2917991	S	3141	601	3742	0.00032
Devosia_sp._1566	2499144	S	2587	271	2858	0.00024
Devosia_sp._I507	2083786	S	2300	716	3016	0.00026
Devosia_sp._MC521	2759954	S	781	123	904	0.00008
Devosia_ginsengisoli	400770	S	4075	726	4801	0.00041
Devosia_oryziradicis	2801335	S	4043	734	4777	0.00041
Devosia_salina	2860336	S	3589	1211	4800	0.00041
Devosia_beringensis	2657486	S	3007	427	3434	0.00029
Devosia_rhizoryzae	2774137	S	2597	259	2856	0.00024
Youhaiella_tibetensis	1447062	S	4048	924	4972	0.00042
Paradevosia_shaoguanensis	1335043	S	3812	1390	5202	0.00044
Pelagibacterium_halotolerans	531813	S	1781	180	1961	0.00017
Maritalea_myrionectae	454601	S	217	6	223	0.00002
Pseudolabrys_taiwanensis	331696	S	6994	1019	8013	0.00068
Pseudolabrys_sp._FHR47	2562284	S	5180	808	5988	0.00051
Xanthobacter_dioxanivorans	2528964	S	3955	1259	5214	0.00044
Xanthobacter_sp._YC-JY1	2419844	S	1354	1401	2755	0.00023
Xanthobacter_autotrophicus	280	S	1186	1336	2522	0.00021
Starkeya_sp._ORNL1	2709380	S	4243	743	4986	0.00042
Starkeya_novella	921	S	4061	1351	5412	0.00046
Ancylobacter_sp._TS-1	1850374	S	2783	1037	3820	0.00032
Ancylobacter_polymorphus	223390	S	2715	1235	3950	0.00034
Ancylobacter_pratisalsi	1745854	S	2232	446	2678	0.00023
Labrys_sp._KNU-23	2789216	S	2969	257	3226	0.00027
Azorhizobium_caulinodans	7	S	2825	514	3339	0.00028
Rhodoplanes_sp._Z2-YC6860	674703	S	12200	1005	13205	0.00112
Hyphomicrobium_denitrificans	53399	S	3237	370	3607	0.00031
Hyphomicrobium_nitrativorans	1427356	S	2446	205	2651	0.00023
Hyphomicrobium_sp._MC1	717785	S	1571	122	1693	0.00014
Methyloceanibacter_sp._wino2	2170729	S	1447	326	1773	0.00015
Methyloceanibacter_caenitepidi	1384459	S	1405	299	1704	0.00014
Aquabacter_sp._L1I39	2820278	S	2437	336	2773	0.00024
Methyloligella_sp._GL2	2742204	S	2123	238	2361	0.00020
Rhodomicrobium_vannielii	1069	S	1747	108	1855	0.00016
Caenibius_sp._WL	2872646	S	895	154	1049	0.00009
Caenibius_tardaugens	169176	S	662	520	1182	0.00010
Candidatus_Filomicrobium_marinum	1608628	S	898	26	924	0.00008
Bosea_sp._Tri-49	1867715	S	4986	1051	6037	0.00051
Bosea_sp._RAC05	1842539	S	3872	1152	5024	0.00043
Bosea_sp._F3-2	2599640	S	3714	1124	4838	0.00041
Bosea_sp._ANAM02	2020412	S	3344	1190	4534	0.00039
Bosea_sp._AS-1	2015316	S	3101	930	4031	0.00034
Bosea_sp._PAMC_26642	1792307	S	2759	547	3306	0.00028
Bosea_vaviloviae	1526658	S	3228	722	3950	0.00034
Aureimonas_sp._SA4125	2826993	S	3125	497	3622	0.00031
Aureimonas_sp._AU20	1349819	S	2526	312	2838	0.00024
Aureimonas_sp._OT7	2816454	S	1285	1016	2301	0.00020
Aureimonas_populi	1701758	S	2466	412	2878	0.00024
Aureimonas_mangrovi	2758041	S	2175	395	2570	0.00022
Aureimonas_altamirensis	370622	S	1259	413	1672	0.00014
Martelella_sp._AD-3	686597	S	838	2334	3172	0.00027
Martelella_mediterranea	293089	S	1525	502	2027	0.00017
Martelella_endophytica	1486262	S	1333	248	1581	0.00013
Martelella_lutilitoris	2583532	S	772	632	1404	0.00012
Aurantimonas_sp._HBX-1	2906072	S	4234	1093	5327	0.00045
Stappia_indica	538381	S	3657	761	4418	0.00038
Stappia_sp._ES.058	1881061	S	1817	203	2020	0.00017
Roseibium_aggregatum	187304	S	2163	283	2446	0.00021
Roseibium_alexandrii	388408	S	521	48	569	0.00005
Pannonibacter_phragmitetus	121719	S	2639	1594	4233	0.00036
Labrenzia_sp._VG12	2021862	S	1086	126	1212	0.00010
Labrenzia_sp._PHM005	2590016	S	524	40	564	0.00005
Labrenzia_sp._THAF82	2587861	S	381	24	405	0.00003
Pseudovibrio_sp._FO-BEG1	911045	S	195	74	269	0.00002
Pseudovibrio_brasiliensis	1898042	S	190	70	260	0.00002
Methylocystis_bryophila	655015	S	1720	152	1872	0.00016
Methylocystis_parvus	134	S	1708	175	1883	0.00016
Methylocystis_heyeri	391905	S	1585	153	1738	0.00015
Methylocystis_sp._SC2	187303	S	1065	270	1335	0.00011
Methylocystis_sp._SB2	743836	S	384	595	979	0.00008
Methylocystis_rosea	173366	S	1118	826	1944	0.00017
Methylosinus_trichosporium	426	S	2271	398	2669	0.00023
Methylosinus_sp._C49	2699395	S	1877	319	2196	0.00019
Pseudorhodoplanes_sinuspersici	1235591	S	4927	298	5225	0.00044
Terrihabitans_soli	708113	S	4233	393	4626	0.00039
Nordella_sp._HKS_07	2712222	S	4204	192	4396	0.00037
Candidatus_Hodgkinia_cicadicola	573658	S	45	0	45	0.00000
Phreatobacter_cathodiphilus	1868589	S	4501	1133	5634	0.00048
Phreatobacter_stygius	1940610	S	4416	561	4977	0.00042
Phreatobacter_sp._NMCR1094	2570229	S	2811	454	3265	0.00028
Chelatococcus_sp._CO-6	1702325	S	4605	2561	7166	0.00061
Chelatococcus_daeguensis	444444	S	2322	1314	3636	0.00031
Kaustia_mangrovi	2593653	S	4911	406	5317	0.00045
Parvibaculum_lavamentivorans	256618	S	1892	1162	3054	0.00026
Pyruvatibacter_mobilis	1712261	S	1355	154	1509	0.00013
Candidatus_Phaeomarinobacter_ectocarpi	1458461	S	522	24	546	0.00005
Blastochloris_tepida	2233851	S	3413	994	4407	0.00037
Blastochloris_viridis	1079	S	2989	706	3695	0.00031
Methylocella_silvestris	199596	S	1585	155	1740	0.00015
Methylocella_tundrae	227605	S	1504	126	1630	0.00014
Methylovirgula_ligni	569860	S	1349	137	1486	0.00013
Methylovirgula_sp._HY1	2822761	S	1047	54	1101	0.00009
Beijerinckia_indica	533	S	761	50	811	0.00007
Acuticoccus_sp._I52.16.1	2928472	S	4795	443	5238	0.00045
Brucella_anthropi	529	S	927	6733	7660	0.00065
Brucella_intermedia	94625	S	757	107	864	0.00007
Brucella_sp._BTU1	2840456	S	134	22	156	0.00001
Brucella_sp._10RB9215	1149953	S	57	51	108	0.00001
Brucella_sp._09RB8910	1844051	S	52	45	97	0.00001
Brucella_sp._BO3	2691913	S	38	52	90	0.00001
Brucella_sp._BO2	693750	S	33	62	95	0.00001
Brucella_sp._2280	2592625	S	33	55	88	0.00001
Brucella_sp._09RB8471	1149952	S	32	49	81	0.00001
Brucella_sp._6810	2769351	S	29	39	68	0.00001
Brucella_sp._458	2821140	S	22	40	62	0.00001
[Ochrobactrum]_quorumnocens	271865	S	293	35	328	0.00003
Brucella_pseudogrignonensis	419475	S	200	55	255	0.00002
Brucella_pituitosa	571256	S	83	25	108	0.00001
Brucella_melitensis	29459	S	57	1730	1787	0.00015
Brucella_inopinata	1218315	S	18	16	34	0.00000
Brucella_suis	29461	S	12	227	239	0.00002
Pseudochrobactrum_sp._XF203	2879116	S	86	85	171	0.00001
Pseudochrobactrum_sp._Wa41.01b-1	2864102	S	74	79	153	0.00001
Pseudochrobactrum_algeriensis	2834768	S	82	85	167	0.00001
Kaistia_sp._32K	2795690	S	4266	880	5146	0.00044
Hartmannibacter_diazotrophicus	1482074	S	3051	455	3506	0.00030
Breoghania_sp._L-A4	2304600	S	2785	312	3097	0.00026
Lichenihabitans_psoromatis	2528642	S	788	434	1222	0.00010
Lichenihabitans_sp._PAMC28606	2880932	S	674	431	1105	0.00009
Cohaesibacter_sp._ES.047	1798205	S	526	18	544	0.00005
Bartonella_apis	1686310	S	175	12	187	0.00002
Bartonella_sp._HY038	2759660	S	50	17	67	0.00001
Bartonella_australis	388640	S	21	5	26	0.00000
Bartonella_birtlesii	111504	S	17	25	42	0.00000
Bartonella_bacilliformis	774	S	14	6	20	0.00000
Bartonella_quintana	803	S	11	9	20	0.00000
Bartonella_henselae	38323	S	10	13	23	0.00000
Sphingomonas_sp._S8-45	2938948	S	8232	987	9219	0.00078
Sphingomonas_sp._DM2-R-LB4	2899123	S	7986	2717	10703	0.00091
Sphingomonas_sp._HDW15A	2714942	S	6218	479	6697	0.00057
Sphingomonas_sp._MM-1	745310	S	5348	6442	11790	0.00100
Sphingomonas_sp._Cra20	1327635	S	4665	764	5429	0.00046
Sphingomonas_sp._CL5.1	2653203	S	4542	1509	6051	0.00051
Sphingomonas_sp._AK-PDB1-5	2872652	S	4421	719	5140	0.00044
Sphingomonas_sp._LM7	1938607	S	4033	918	4951	0.00042
Sphingomonas_sp._AP4-R1	2735134	S	4012	506	4518	0.00038
Sphingomonas_sp._S2-65	2903960	S	3663	724	4387	0.00037
Sphingomonas_sp._NBWT7	2596913	S	3139	1026	4165	0.00035
Sphingomonas_sp._FARSPH	2219696	S	3066	2489	5555	0.00047
Sphingomonas_sp._AAP5	1523415	S	2949	774	3723	0.00032
Sphingomonas_sp._PAMC26645	2565555	S	2454	882	3336	0.00028
Sphingomonas_sp._KC8	1030157	S	2449	305	2754	0.00023
Sphingomonas_sp._HMP9	1517554	S	2409	1147	3556	0.00030
Sphingomonas_sp._HMP6	1517551	S	1953	405	2358	0.00020
Sphingomonas_sp._LK11	1390395	S	1507	1610	3117	0.00027
Sphingomonas_sp._NIC1	1961362	S	1351	4536	5887	0.00050
Sphingomonas_sp._IC081	304378	S	617	3631	4248	0.00036
Sphingomonas_sediminicola	386874	S	14540	1382	15922	0.00135
Sphingomonas_lutea	1045317	S	14033	1774	15807	0.00134
Sphingomonas_daechungensis	1176646	S	13359	1284	14643	0.00124
Sphingomonas_sabuli	2764186	S	11591	1390	12981	0.00110
Sphingomonas_ginsengisoli_An_et_al._2013	363835	S	10948	1474	12422	0.00106
Sphingomonas_sinipercae	2714944	S	10638	1392	12030	0.00102
Sphingomonas_rhizophila	2071607	S	8613	2213	10826	0.00092
Sphingomonas_piscis	2714943	S	7555	677	8232	0.00070
Sphingomonas_xanthus	2594473	S	6892	1545	8437	0.00072
Sphingomonas_profundi	2681549	S	5973	939	6912	0.00059
Sphingomonas_sanxanigenens	397260	S	5401	2533	7934	0.00067
Sphingomonas_alpina	653931	S	5282	436	5718	0.00049
Sphingomonas_changnyeongensis	2698679	S	4018	753	4771	0.00041
Sphingomonas_koreensis	93064	S	3918	2959	6877	0.00058
Sphingomonas_hengshuiensis	1609977	S	3581	466	4047	0.00034
Sphingomonas_taxi	1549858	S	3479	1098	4577	0.00039
Sphingomonas_panacis	1560345	S	3338	487	3825	0.00033
Sphingomonas_suaedae	2599297	S	3134	406	3540	0.00030
Sphingomonas_panacisoli	1813879	S	2882	388	3270	0.00028
Sphingomonas_radiodurans	2890321	S	2687	349	3036	0.00026
Sphingomonas_insulae	424800	S	2372	687	3059	0.00026
Sphingomonas_aliaeris	2759526	S	2256	277	2533	0.00022
Sphingomonas_paucimobilis	13689	S	2035	1362	3397	0.00029
Sphingomonas_sanguinis	33051	S	1522	1422	2944	0.00025
Sphingomonas_melonis	152682	S	1432	5830	7262	0.00062
Sphingomonas_lacunae	2698828	S	1171	139	1310	0.00011
Sphingomonas_paeninsulae	2319844	S	859	34	893	0.00008
Sphingobium_sp._Cam5-1	2789327	S	7288	2272	9560	0.00081
Sphingobium_sp._SYK-6	627192	S	3218	800	4018	0.00034
Sphingobium_sp._TKS	1315974	S	1940	2572	4512	0.00038
Sphingobium_sp._EP60837	1855519	S	1768	444	2212	0.00019
Sphingobium_sp._YG1	2082188	S	1628	633	2261	0.00019
Sphingobium_sp._CAP-1	2676077	S	1578	895	2473	0.00021
Sphingobium_sp._SCG-1	2072936	S	1435	96	1531	0.00013
Sphingobium_sp._RAC03	1843368	S	1404	230	1634	0.00014
Sphingobium_sp._MI1205	407020	S	1116	1432	2548	0.00022
Sphingobium_sp._KCTC_72723	2733867	S	1106	169	1275	0.00011
Sphingobium_sp._PAMC28499	2565554	S	370	647	1017	0.00009
Sphingobium_sp._RSMS	520734	S	278	1412	1690	0.00014
Sphingobium_sp._YBL2	484429	S	257	1441	1698	0.00014
Sphingobium_sp._LF-16	2185111	S	53	764	817	0.00007
Sphingobium_yanoikuyae	13690	S	2989	5144	8133	0.00069
Sphingobium_indicum	332055	S	1895	1381	3276	0.00028
Sphingobium_phenoxybenzoativorans	1592790	S	1895	745	2640	0.00022
Sphingobium_amiense	135719	S	1814	2145	3959	0.00034
Sphingobium_xenophagum	121428	S	1691	1027	2718	0.00023
Sphingobium_cloacae	120107	S	1587	2197	3784	0.00032
Sphingobium_chlorophenolicum	46429	S	1316	559	1875	0.00016
Sphingobium_baderi	1332080	S	1271	1201	2472	0.00021
Sphingobium_herbicidovorans	76947	S	1152	906	2058	0.00018
Sphingobium_fuliginis	336203	S	628	2249	2877	0.00024
Sphingopyxis_sp._QXT-31	1357916	S	2623	727	3350	0.00028
Sphingopyxis_sp._YF1	2482763	S	2507	563	3070	0.00026
Sphingopyxis_sp._OPL5	2486273	S	2357	445	2802	0.00024
Sphingopyxis_sp._PAMC25046	2565556	S	2130	956	3086	0.00026
Sphingopyxis_sp._113P3	292913	S	2074	780	2854	0.00024
Sphingopyxis_sp._BSN-002	2911495	S	1880	331	2211	0.00019
Sphingopyxis_sp._FD7	1914525	S	1877	756	2633	0.00022
Sphingopyxis_sp._EG6	1874061	S	1619	778	2397	0.00020
Sphingopyxis_sp._MG	1866325	S	116	1046	1162	0.00010
Sphingopyxis_macrogoltabida	33050	S	4355	2077	6432	0.00055
Sphingopyxis_terrae	33052	S	3829	2213	6042	0.00051
Sphingopyxis_lindanitolerans	2054227	S	1858	847	2705	0.00023
Sphingopyxis_granuli	267128	S	1780	4751	6531	0.00056
Sphingopyxis_fribergensis	1515612	S	1716	662	2378	0.00020
Sphingopyxis_alaskensis	117207	S	1640	363	2003	0.00017
Novosphingobium_sp._ES2-1	2780074	S	6712	2713	9425	0.00080
Novosphingobium_sp._THN1	1016987	S	3516	952	4468	0.00038
Novosphingobium_sp._Sx8-5	2896849	S	3380	411	3791	0.00032
Novosphingobium_sp._Gsoil_351	2675225	S	3364	260	3624	0.00031
Novosphingobium_sp._EMRT-2	2571749	S	3289	1780	5069	0.00043
Novosphingobium_sp._P6W	1609758	S	2265	325	2590	0.00022
Novosphingobium_sp._PP1Y	702113	S	1538	1576	3114	0.00026
Novosphingobium_sp._KA1	164608	S	825	3940	4765	0.00041
Novosphingobium_resinovorum	158500	S	2990	1381	4371	0.00037
Novosphingobium_aromaticivorans	48935	S	2868	1198	4066	0.00035
Novosphingobium_decolorationis	2698673	S	2304	1170	3474	0.00030
Novosphingobium_ginsenosidimutans	1176536	S	1968	187	2155	0.00018
Novosphingobium_pentaromativorans	205844	S	1116	1767	2883	0.00025
Rhizorhabdus_wittichii	160791	S	6465	3696	10161	0.00086
Rhizorhabdus_dicambivorans	1850238	S	4000	3203	7203	0.00061
Rhizorhabdus_phycosphaerae	2711156	S	2869	348	3217	0.00027
Allosphingosinicella_indica	941907	S	9880	1138	11018	0.00094
Sphingosinithalassobacter_sp._CS137	2762748	S	3311	655	3966	0.00034
Sphingosinithalassobacter_tenebrarum	2711215	S	2298	693	2991	0.00025
Parasphingopyxis_algicola	2026624	S	2924	190	3114	0.00026
Parasphingopyxis_sp._CP4	2724527	S	771	34	805	0.00007
Sphingorhabdus_sp._YGSMI21	2077182	S	926	151	1077	0.00009
Sphingorhabdus_sp._SMR4y	2584094	S	808	133	941	0.00008
Sphingorhabdus_sp._M41	1806885	S	589	71	660	0.00006
Sphingorhabdus_lacus	392610	S	853	33	886	0.00008
Sphingorhabdus_lutea	1913578	S	68	4	72	0.00001
Blastomonas_fulva	1550728	S	897	1360	2257	0.00019
Blastomonas_sp._RAC04	1842535	S	793	904	1697	0.00014
Tardibacter_chloracetimidivorans	1921510	S	2189	1652	3841	0.00033
Hankyongella_ginsenosidimutans	1763828	S	1848	341	2189	0.00019
Citromicrobium_sp._JL477	1634516	S	1583	700	2283	0.00019
Novosphingopyxis_iocasae	2762729	S	1384	741	2125	0.00018
Aquisediminimonas_profunda	1550733	S	815	28	843	0.00007
Parasphingorhabdus_sp._JHSY0214	2806553	S	294	17	311	0.00003
Parasphingorhabdus_halotolerans	2725558	S	277	9	286	0.00002
Parasphingorhabdus_litoris	394733	S	222	13	235	0.00002
Erythrobacter_sp._HL-111	1798193	S	2124	395	2519	0.00021
Erythrobacter_sp._SDW2	2907154	S	1652	419	2071	0.00018
Erythrobacter_sp._HKB08	2502843	S	1621	345	1966	0.00017
Erythrobacter_sp._JK5	2829500	S	1568	478	2046	0.00017
Erythrobacter_sp._THAF29	2587851	S	899	211	1110	0.00009
Erythrobacter_sp._3-20A1M	2653850	S	795	1269	2064	0.00018
Erythrobacter_sp._LQ02-29	2920384	S	687	786	1473	0.00013
Erythrobacter_sp._A30-3	2785907	S	683	538	1221	0.00010
Erythrobacter_sp._KY5	2011159	S	681	50	731	0.00006
Erythrobacter_sp._SCSIO_43205	2779361	S	420	78	498	0.00004
Erythrobacter_litoralis	39960	S	2798	1174	3972	0.00034
Erythrobacter_neustonensis	1112	S	1254	277	1531	0.00013
Erythrobacter_mangrovi	2739433	S	1152	420	1572	0.00013
Erythrobacter_aureus	2182384	S	943	162	1105	0.00009
Porphyrobacter_sp._CACIAM_03H1	2003315	S	2322	680	3002	0.00026
Porphyrobacter_sp._LM_6	1896196	S	1191	418	1609	0.00014
Porphyrobacter_sp._GA68	2883480	S	1075	431	1506	0.00013
Porphyrobacter_sp._HT-58-2	2023229	S	1073	256	1329	0.00011
Qipengyuania_flava	192812	S	3160	1731	4891	0.00042
Qipengyuania_sediminis	1532023	S	1813	238	2051	0.00017
Qipengyuania_soli	2782568	S	1274	223	1497	0.00013
Qipengyuania_aurantiaca	2867233	S	1113	356	1469	0.00012
Qipengyuania_gelatinilytica	2867231	S	870	161	1031	0.00009
Qipengyuania_seohaensis	266951	S	753	158	911	0.00008
Qipengyuania_aquimaris	255984	S	588	618	1206	0.00010
Qipengyuania_xiapuensis	2867236	S	573	595	1168	0.00010
Qipengyuania_psychrotolerans	2867238	S	572	67	639	0.00005
Altererythrobacter_sp._B11	2060312	S	3334	1571	4905	0.00042
Altererythrobacter_sp._TH136	2067415	S	1959	350	2309	0.00020
Altererythrobacter_sp._BO-6	2604537	S	1090	168	1258	0.00011
Altererythrobacter_sp._ZODW24	2185142	S	417	18	435	0.00004
Altererythrobacter_epoxidivorans	361183	S	862	244	1106	0.00009
Altererythrobacter_ishigakiensis	476157	S	347	24	371	0.00003
Tsuneonella_amylolytica	2338327	S	2269	647	2916	0.00025
Tsuneonella_dongtanensis	692370	S	2261	442	2703	0.00023
Tsuneonella_mangrovi	1982042	S	1603	238	1841	0.00016
Tsuneonella_flava	2055955	S	754	222	976	0.00008
Croceicoccus_sp._YJ47	2798724	S	1563	821	2384	0.00020
Croceicoccus_sp._Ery5	1703340	S	490	549	1039	0.00009
Croceicoccus_sp._Ery15	1703338	S	366	596	962	0.00008
Croceicoccus_marinus	450378	S	2530	1355	3885	0.00033
Croceicoccus_naphthovorans	1348774	S	1114	1304	2418	0.00021
Pelagerythrobacter_marensis	543877	S	1509	202	1711	0.00015
Croceibacterium_atlanticum	1267766	S	1466	631	2097	0.00018
Aurantiacibacter_gangjinensis	502682	S	971	86	1057	0.00009
Aurantiacibacter_atlanticus	1648404	S	447	149	596	0.00005
Paraurantiacibacter_namhicola	645517	S	1246	154	1400	0.00012
Sphingosinicella_sp._BN140058	1892855	S	10541	901	11442	0.00097
Sphingosinicella_flava	2771430	S	4656	654	5310	0.00045
Sphingosinicella_microcystinivorans	335406	S	2282	279	2561	0.00022
Polymorphobacter_sp._PAMC_29362	2835787	S	1185	812	1997	0.00017
Polymorphobacter_sp._PAMC_29334	2862331	S	1178	832	2010	0.00017
Sandaracinobacter_sp._M6	2759707	S	1797	116	1913	0.00016
Zymomonas_mobilis	542	S	141	127	268	0.00002
Azospirillum_brasilense	192	S	9287	7597	16884	0.00144
Azospirillum_sp._B510	137722	S	2573	891	3464	0.00029
Azospirillum_sp._TSA2s	709810	S	2278	1634	3912	0.00033
Azospirillum_sp._TSH100	652764	S	2214	948	3162	0.00027
Azospirillum_sp._TSH58	664962	S	1556	1941	3497	0.00030
Azospirillum_thermophilum	2202148	S	6994	1395	8389	0.00071
Azospirillum_thiophilum	528244	S	3362	997	4359	0.00037
Azospirillum_ramasamyi	682998	S	2366	1252	3618	0.00031
Azospirillum_lipoferum	193	S	1885	1297	3182	0.00027
Azospirillum_humicireducens	1226968	S	1839	1004	2843	0.00024
Azospirillum_oryzae	286727	S	1568	1270	2838	0.00024
Azospirillum_baldaniorum	1064539	S	1006	1926	2932	0.00025
Skermanella_rosea	1817965	S	21471	9338	30809	0.00262
Skermanella_mucosa	1789672	S	5138	1778	6916	0.00059
Skermanella_sp._TT6	2775420	S	4689	2888	7577	0.00064
Skermanella_pratensis	2233999	S	3717	1081	4798	0.00041
Indioceanicola_profundi	2220096	S	3401	399	3800	0.00032
Nitrospirillum_amazonense	28077	S	3286	326	3612	0.00031
Niveispirillum_cyanobacteriorum	1612173	S	1430	138	1568	0.00013
Roseomonas_sp._OT10	2897332	S	7637	1760	9397	0.00080
Roseomonas_sp._S08	1750527	S	7263	407	7670	0.00065
Roseomonas_sp._FDAARGOS_362	2018065	S	558	2565	3123	0.00027
Roseomonas_gilardii	257708	S	4903	1972	6875	0.00058
Roseomonas_marmotae	2768161	S	4443	439	4882	0.00042
Roseomonas_haemaphysalidis	2768162	S	4203	419	4622	0.00039
Roseomonas_mucosa	207340	S	437	2346	2783	0.00024
Rhodovastum_atsumiense	504468	S	4943	453	5396	0.00046
Roseococcus_microcysteis	2771361	S	4710	396	5106	0.00043
Komagataeibacter_xylinus	28448	S	967	1791	2758	0.00023
Komagataeibacter_saccharivorans	265959	S	355	129	484	0.00004
Komagataeibacter_nataicola	265960	S	289	137	426	0.00004
Komagataeibacter_europaeus	33995	S	243	126	369	0.00003
Komagataeibacter_oboediens	65958	S	243	115	358	0.00003
Komagataeibacter_medellinensis	1177712	S	233	197	430	0.00004
Komagataeibacter_rhaeticus	215221	S	12	221	233	0.00002
Acidiphilium_multivorum	62140	S	745	2765	3510	0.00030
Acidiphilium_cryptum	524	S	165	940	1105	0.00009
Sediminicoccus_rosea	1225128	S	2944	137	3081	0.00026
Acidibrevibacterium_fodinaquatile	1969806	S	2043	164	2207	0.00019
Lichenicola_cladoniae	1484109	S	2014	86	2100	0.00018
Acetobacter_aceti	435	S	761	282	1043	0.00009
Acetobacter_persici	1076596	S	182	25	207	0.00002
Acetobacter_sp._KACC_21233	2592655	S	173	36	209	0.00002
Acetobacter_ghanensis	431306	S	109	27	136	0.00001
Acetobacter_pasteurianus	438	S	89	182	271	0.00002
Acetobacter_tropicalis	104102	S	51	76	127	0.00001
Acetobacter_ascendens	481146	S	49	65	114	0.00001
Acetobacter_senegalensis	446692	S	42	65	107	0.00001
Acetobacter_orientalis	146474	S	39	5	44	0.00000
Acetobacter_oryzoeni	2500548	S	16	40	56	0.00000
Gluconacetobacter_diazotrophicus	33996	S	1396	285	1681	0.00014
Gluconobacter_oxydans	442	S	495	540	1035	0.00009
Gluconobacter_albidus	318683	S	236	40	276	0.00002
Gluconobacter_sphaericus	574987	S	171	39	210	0.00002
Gluconobacter_frateurii	38308	S	96	24	120	0.00001
Gluconobacter_thailandicus	257438	S	43	30	73	0.00001
Granulibacter_bethesdensis	364410	S	809	63	872	0.00007
Asaia_bogorensis	91915	S	553	86	639	0.00005
Neoasaia_chiangmaiensis	320497	S	493	99	592	0.00005
Kozakia_baliensis	153496	S	370	132	502	0.00004
Novacetimonas_hansenii	436	S	302	152	454	0.00004
Oecophyllibacter_saccharovorans	2558360	S	262	7	269	0.00002
Parasaccharibacter_sp._TMW_2.1888	2268025	S	21	84	105	0.00001
Parasaccharibacter_apium	1510841	S	17	65	82	0.00001
Swingsia_sp._F3b2	2558361	S	114	2	116	0.00001
Swingsia_samuiensis	1293412	S	24	3	27	0.00000
Neokomagataea_tanensis	661191	S	57	8	65	0.00001
Entomobacter_blattae	2762277	S	56	3	59	0.00001
Bombella_sp._KACC_21507	2697033	S	17	1	18	0.00000
Hypericibacter_adhaerens	2602016	S	7180	1265	8445	0.00072
Hypericibacter_terrae	2602015	S	5591	785	6376	0.00054
Magnetospirillum_sp._XM-1	1663591	S	1685	525	2210	0.00019
Magnetospirillum_sp._ME-1	1639348	S	1461	495	1956	0.00017
Magnetospirillum_gryphiswaldense	55518	S	2003	140134	142137	0.01208
Magnetospirillum_magneticum	84159	S	1682	158	1840	0.00016
Ferrovibrio_terrae	2594003	S	6247	362	6609	0.00056
Rhodospirillum_centenum	34018	S	3975	506	4481	0.00038
Rhodospirillum_rubrum	1085	S	1648	108	1756	0.00015
Tistrella_mobilis	171437	S	3553	1381	4934	0.00042
Defluviicoccus_vanus	111831	S	2116	173	2289	0.00019
Pararhodospirillum_photometricum	1084	S	1125	74	1199	0.00010
Haematospirillum_jordaniae	1549855	S	212	15	227	0.00002
Candidatus_Endolissoclinum_faulkneri	1263979	S	83	0	83	0.00001
Stella_humosa	94	S	7652	483	8135	0.00069
Elioraea_tepida	2843330	S	3795	169	3964	0.00034
Thalassospira_marina	2048283	S	318	17	335	0.00003
Thalassospira_sp._A40-3	2785908	S	203	78	281	0.00002
Thalassospira_sp._B30-1	2785911	S	109	161	270	0.00002
Thalassospira_indica	1891279	S	213	122	335	0.00003
Thalassospira_xiamenensis	220697	S	103	145	248	0.00002
Magnetospira_sp._QH-2	1288970	S	755	21	776	0.00007
Terasakiella_sp._SH-1	2560057	S	85	1	86	0.00001
Paracoccus_sp._MC1862	2760307	S	1920	223	2143	0.00018
Paracoccus_sp._MA	2895796	S	1331	764	2095	0.00018
Paracoccus_sp._AK26	2589076	S	1259	245	1504	0.00013
Paracoccus_sp._S8-55	2903900	S	788	125	913	0.00008
Paracoccus_sp._H4-D09	2812658	S	724	160	884	0.00008
Paracoccus_sp._Arc7-R13	2500532	S	523	573	1096	0.00009
Paracoccus_sanguinis	1545044	S	2726	753	3479	0.00030
Paracoccus_yeei	147645	S	1696	2763	4459	0.00038
Paracoccus_liaowanqingii	2560053	S	1585	191	1776	0.00015
Paracoccus_denitrificans	266	S	1532	744	2276	0.00019
Paracoccus_zhejiangensis	1077935	S	1446	370	1816	0.00015
Paracoccus_pantotrophus	82367	S	1443	847	2290	0.00019
Paracoccus_aminovorans	34004	S	1436	433	1869	0.00016
Paracoccus_suum	2259340	S	1270	236	1506	0.00013
Paracoccus_contaminans	1945662	S	1258	307	1565	0.00013
Paracoccus_jeotgali	2065379	S	1221	257	1478	0.00013
Paracoccus_aminophilus	34003	S	933	102	1035	0.00009
Paracoccus_kondratievae	135740	S	604	123	727	0.00006
Paracoccus_tegillarcae	1529068	S	568	36	604	0.00005
Paracoccus_marcusii	59779	S	437	416	853	0.00007
Paracoccus_mutanolyticus	1499308	S	176	626	802	0.00007
Cereibacter_sphaeroides	1063	S	5313	2535	7848	0.00067
Cereibacter_azotoformans	43057	S	556	2059	2615	0.00022
Rhodobacter_sp._CZR27	2033869	S	2447	900	3347	0.00028
Rhodobacter_sp._N10	2807096	S	1936	263	2199	0.00019
Rhodobacter_sp._LPB0142	1850250	S	1440	1001	2441	0.00021
Rhodobacter_capsulatus	1061	S	1754	399	2153	0.00018
Rhodovulum_sp._P5	1564506	S	1006	120	1126	0.00010
Rhodovulum_sp._MB263	308754	S	868	400	1268	0.00011
Rhodovulum_sulfidophilum	35806	S	1481	956	2437	0.00021
Paroceanicella_profunda	2579971	S	3270	919	4189	0.00036
Polymorphum_gilvum	991904	S	2852	691	3543	0.00030
Pontivivens_ytuae	2789856	S	2315	180	2495	0.00021
Pikeienuella_piscinae	2748098	S	2209	214	2423	0.00021
Silicimonas_algicola	1826607	S	2188	141	2329	0.00020
Pelagovum_pacificum	2588711	S	2175	289	2464	0.00021
Thioclava_electrotropha	1549850	S	906	231	1137	0.00010
Thioclava_nitratireducens	1915078	S	877	307	1184	0.00010
Frigidibacter_mobilis	1335048	S	1587	695	2282	0.00019
Pukyongiella_litopenaei	2605946	S	1343	362	1705	0.00015
Brevirhabdus_pacifica	1267768	S	1326	691	2017	0.00017
Tabrizicola_piscis	2494374	S	1177	119	1296	0.00011
Haematobacter_massiliensis	195105	S	1117	469	1586	0.00013
Fuscovulum_blasticum	1075	S	1112	158	1270	0.00011
Gymnodinialimonas_ceratoperidinii	2856823	S	1076	110	1186	0.00010
Falsirhodobacter_sp._PG104	2692330	S	1034	161	1195	0.00010
Gemmobacter_aquarius	2169400	S	981	196	1177	0.00010
Pseudopuniceibacterium_antarcticum	2613965	S	843	72	915	0.00008
Pacificitalea_manganoxidans	1411902	S	823	203	1026	0.00009
Pseudooceanicola_algae	1537215	S	795	85	880	0.00007
Monaibacterium_sp._h42	2758038	S	680	178	858	0.00007
Roseicitreum_antarcticum	564137	S	643	36	679	0.00006
Yoonia_vestfoldensis	245188	S	507	129	636	0.00005
Tritonibacter_mobilis	379347	S	473	241	714	0.00006
Qingshengfaniella_alkalisoli	2599296	S	437	25	462	0.00004
Pseudohalocynthiibacter_aestuariivivens	1591409	S	403	91	494	0.00004
Rhodophyticola_sp._CCM32	2916397	S	379	12	391	0.00003
Rhodobaca_barguzinensis	441209	S	352	16	368	0.00003
Profundibacter_amoris	2171755	S	335	12	347	0.00003
Parasedimentitalea_marina	2483033	S	286	13	299	0.00003
Aestuarium_zhoushanense	2820523	S	252	115	367	0.00003
Pseudorhodobacter_turbinis	2500533	S	249	17	266	0.00002
Cognatishimia_activa	1715691	S	196	9	205	0.00002
Planktomarina_temperata	1284658	S	129	3	132	0.00001
Roseovarius_sp._SCSIO_43702	2823043	S	1769	142	1911	0.00016
Roseovarius_sp._THAF9	2587847	S	758	201	959	0.00008
Roseovarius_sp._THAF27	2587850	S	301	532	833	0.00007
Roseovarius_sp._THAF8	2587846	S	278	457	735	0.00006
Roseovarius_sp._TM1035	391613	S	134	294	428	0.00004
Roseovarius_indicus	540747	S	1876	644	2520	0.00021
Roseovarius_faecimaris	2494550	S	721	32	753	0.00006
Roseovarius_mucosus	215743	S	120	266	386	0.00003
Sulfitobacter_sp._JK7-1	2829501	S	702	39	741	0.00006
Sulfitobacter_sp._THAF37	2587855	S	701	319	1020	0.00009
Sulfitobacter_sp._D7	1968541	S	383	161	544	0.00005
Sulfitobacter_sp._JL08	2070369	S	278	6	284	0.00002
Sulfitobacter_sp._DSM_110093	2883127	S	223	71	294	0.00003
Sulfitobacter_sp._SK011	1389004	S	216	5	221	0.00002
Sulfitobacter_sp._SK012	1389005	S	189	3	192	0.00002
Sulfitobacter_sp._BSw21498	664426	S	178	30	208	0.00002
Sulfitobacter_sp._SK025	1389011	S	70	163	233	0.00002
Sulfitobacter_sp._B30-2	2785912	S	52	127	179	0.00002
Sulfitobacter_sp._CB2047	1525218	S	48	149	197	0.00002
Sulfitobacter_alexandrii	1917485	S	1165	650	1815	0.00015
Sulfitobacter_mediterraneus	83219	S	467	51	518	0.00004
Sulfitobacter_indolifex	225422	S	351	86	437	0.00004
Sulfitobacter_dubius	218673	S	254	123	377	0.00003
Sulfitobacter_pontiacus	60137	S	124	305	429	0.00004
Salipiger_profundus	1229727	S	2286	1100	3386	0.00029
Salipiger_abyssi	1250539	S	1524	655	2179	0.00019
Salipiger_sp._CCB-MM3	1792508	S	1410	212	1622	0.00014
Roseivivax_sp._THAF30	2587852	S	1117	284	1401	0.00012
Roseivivax_sp._THAF40	2587858	S	24	643	667	0.00006
Roseivivax_sp._THAF197b	2588299	S	20	413	433	0.00004
Roseivivax_marinus	1379903	S	2136	372	2508	0.00021
Celeribacter_indicus	1208324	S	1953	1023	2976	0.00025
Celeribacter_ethanolicus	1758178	S	604	224	828	0.00007
Celeribacter_baekdonensis	875171	S	271	79	350	0.00003
Celeribacter_marinus	1397108	S	185	6	191	0.00002
Phaeobacter_gallaeciensis	60890	S	762	344	1106	0.00009
Phaeobacter_inhibens	221822	S	605	252	857	0.00007
Phaeobacter_piscinae	1580596	S	270	235	505	0.00004
Phaeobacter_porticola	1844006	S	162	55	217	0.00002
Phaeobacter_sp._LSS9	681157	S	55	91	146	0.00001
Leisingera_aquaemixtae	1396826	S	868	164	1032	0.00009
Leisingera_methylohalidivorans	133924	S	620	143	763	0.00006
Leisingera_sp._NJS204	2508307	S	141	256	397	0.00003
Leisingera_sp._NJS201	2508306	S	133	229	362	0.00003
Ruegeria_sp._TM1040	292414	S	351	63	414	0.00004
Ruegeria_sp._THAF33	2587853	S	292	82	374	0.00003
Ruegeria_sp._SCSIO_43209	2793010	S	221	45	266	0.00002
Ruegeria_sp._AD91A	2293862	S	180	21	201	0.00002
Ruegeria_pomeroyi	89184	S	944	175	1119	0.00010
Sagittula_sp._P11	2009329	S	1986	899	2885	0.00025
Yangia_pacifica	311180	S	1889	331	2220	0.00019
Sulfitobacter_pseudonitzschiae	1402135	S	1135	422	1557	0.00013
Pseudosulfitobacter_sp._DSM_107133	2883100	S	391	166	557	0.00005
Ponticoccus_alexandrii	1943633	S	1513	239	1752	0.00015
Mameliella_alba	561184	S	1319	265	1584	0.00013
Dinoroseobacter_shibae	215813	S	1263	505	1768	0.00015
Roseobacter_ponti	1891787	S	418	11	429	0.00004
Roseobacter_denitrificans	2434	S	316	37	353	0.00003
Roseobacter_litoralis	42443	S	252	33	285	0.00002
Oceanicola_sp._D3	2587163	S	960	50	1010	0.00009
Ketogulonicigenium_vulgare	92945	S	464	143	607	0.00005
Ketogulonicigenium_robustum	92947	S	424	55	479	0.00004
Actibacterium_sp._EMB200-NS6	1609966	S	924	491	1415	0.00012
Octadecabacter_sp._SW4	2602067	S	371	58	429	0.00004
Octadecabacter_arcticus	53946	S	199	24	223	0.00002
Octadecabacter_antarcticus	1217908	S	178	18	196	0.00002
Octadecabacter_temperatus	1458307	S	111	2	113	0.00001
Roseibacterium_elongatum	159346	S	891	77	968	0.00008
Maribius_sp._THAF1	2587842	S	678	35	713	0.00006
Thalassococcus_sp._S3	2017482	S	638	17	655	0.00006
Tateyamaria_omphalii	299262	S	620	21	641	0.00005
Antarctobacter_heliothermus	74033	S	552	30	582	0.00005
Jannaschia_sp._CCS1	290400	S	540	15	555	0.00005
Thalassobius_gelatinovorus	53501	S	373	20	393	0.00003
Falsihalocynthiibacter_arcticus	1579316	S	132	4	136	0.00001
Caulobacter_sp._S6	2823693	S	6191	594	6785	0.00058
Caulobacter_sp._FWC26	69665	S	1979	758	2737	0.00023
Caulobacter_mirabilis	69666	S	6879	1106	7985	0.00068
Caulobacter_segnis	88688	S	6870	3243	10113	0.00086
Caulobacter_flavus	1679497	S	4568	1095	5663	0.00048
Caulobacter_vibrioides	155892	S	4443	3529	7972	0.00068
Caulobacter_rhizosphaerae	2010972	S	3930	978	4908	0.00042
Caulobacter_soli	2708539	S	3321	904	4225	0.00036
Caulobacter_henricii	69395	S	1832	269	2101	0.00018
Brevundimonas_sp._M20	2591463	S	3205	435	3640	0.00031
Brevundimonas_sp._PAMC22021	2861285	S	2166	431	2597	0.00022
Brevundimonas_sp._LM2	1938605	S	2061	317	2378	0.00020
Brevundimonas_sp._MF30-B	2561924	S	2003	280	2283	0.00019
Brevundimonas_sp._AJA228-03	2752515	S	1419	167	1586	0.00013
Brevundimonas_sp._CS1	2813778	S	431	424	855	0.00007
Brevundimonas_sp._SGAir0440	2579977	S	411	389	800	0.00007
Brevundimonas_sp._Bb-A	2560058	S	389	855	1244	0.00011
Brevundimonas_sp._DS20	1532555	S	384	986	1370	0.00012
Brevundimonas_sp._GW460-12-10-14-LB2	1827469	S	352	606	958	0.00008
Brevundimonas_sp._'scallop'	2562582	S	294	515	809	0.00007
Brevundimonas_naejangsanensis	588932	S	3357	1056	4413	0.00038
Brevundimonas_albigilva	1312364	S	2290	1150	3440	0.00029
Brevundimonas_goettingensis	2774190	S	2249	313	2562	0.00022
Brevundimonas_subvibrioides	74313	S	1911	308	2219	0.00019
Brevundimonas_pondensis	2774189	S	1528	430	1958	0.00017
Brevundimonas_vitisensis	2800818	S	1422	154	1576	0.00013
Brevundimonas_diminuta	293	S	1272	2326	3598	0.00031
Brevundimonas_mediterranea	74329	S	1224	442	1666	0.00014
Brevundimonas_nasdae	172043	S	1105	636	1741	0.00015
Brevundimonas_vancanneytii	1325724	S	371	1397	1768	0.00015
Brevundimonas_vesicularis	41276	S	308	645	953	0.00008
Phenylobacterium_zucineum	284016	S	27868	5028	32896	0.00280
Phenylobacterium_parvum	2201350	S	4166	401	4567	0.00039
Terricaulis_silvestris	2686094	S	2246	71	2317	0.00020
Asticcacaulis_excentricus	78587	S	1116	187	1303	0.00011
Asticcacaulis_sp._AND118	2840468	S	931	154	1085	0.00009
Marinicauda_algicola	2029849	S	2138	337	2475	0.00021
Maricaulis_maris	74318	S	684	39	723	0.00006
Glycocaulis_alkaliphilus	1434191	S	646	30	676	0.00006
Hyphobacterium_sp._CCMP332	2749086	S	469	16	485	0.00004
Hyphomonas_sp._CACIAM_19H1	1873716	S	739	90	829	0.00007
Hyphomonas_sp._Mor2	1906738	S	432	7	439	0.00004
Hyphomonas_sp._KY3	2016196	S	358	38	396	0.00003
Hyphomonas_neptunium	81032	S	648	57	705	0.00006
Candidatus_Viadribacter_manganicus	1759059	S	1265	30	1295	0.00011
Hirschia_baltica	2724	S	31	0	31	0.00000
Aquisalinus_flavus	1526572	S	832	36	868	0.00007
Parvularcula_bermudensis	208216	S	356	40	396	0.00003
Anaplasma_ovis	142058	S	37	8	45	0.00000
Anaplasma_platys	949	S	29	5	34	0.00000
Anaplasma_marginale	770	S	16	46	62	0.00001
Ehrlichia_ruminantium	779	S	18	14	32	0.00000
Neorickettsia_helminthoeca	33994	S	11	18	29	0.00000
Rickettsia_tillamookensis	2761623	S	27	48	75	0.00001
Rickettsia_endosymbiont_of_Oedothorax_gibbosus	931099	S	13	2	15	0.00000
Rickettsia_endosymbiont_of_Bemisia_tabaci	337479	S	11	9	20	0.00000
Rickettsia_bellii	33990	S	11	22	33	0.00000
Orientia_tsutsugamushi	784	S	20	1	21	0.00000
Candidatus_Sneabacter_namystus	2601646	S	10	1	11	0.00000
Candidatus_Phycorickettsia_trachydisci	2115978	S	42	4	46	0.00000
Candidatus_Midichloria_mitochondrii	234827	S	23	3	26	0.00000
Candidatus_Fokinia_solitaria	1802984	S	21	0	21	0.00000
Rickettsiales_endosymbiont_of_Stachyamoeba_lipophora	2486578	S	27	5	32	0.00000
Candidatus_Deianiraea_vastatrix	2163644	S	17	0	17	0.00000
Micavibrio_aeruginosavorus	349221	S	502	5	507	0.00004
Candidatus_Puniceispirillum_marinum	767892	S	85	2	87	0.00001
Luteithermobacter_gelatinilyticus	2582913	S	289	42	331	0.00003
Paremcibacter_congregatus	2043170	S	276	8	284	0.00002
Candidatus_Hydrogenosomobacter_endosymbioticus	2558174	S	35	0	35	0.00000
Candidatus_Gromoviella_agglomerans	2806609	S	25	1	26	0.00000
endosymbiont_of_Acanthamoeba_sp._UWC8	86106	S	21	0	21	0.00000
Candidatus_Nesciobacter_abundans	2601668	S	10	2	12	0.00000
Candidatus_Paracaedibacter_acanthamoebae	91604	S	51	2	53	0.00000
Candidatus_Nucleicultrix_amoebiphila	1509244	S	47	2	49	0.00000
Magnetococcus_marinus	1124597	S	141	3	144	0.00001
Candidatus_Pelagibacter_sp._IMCC9063	1002672	S	20	1	21	0.00000
Candidatus_Pelagibacter_sp._RS40	1977865	S	16	2	18	0.00000
Candidatus_Pelagibacter_sp._HIMB1321	1388755	S	10	3	13	0.00000
Candidatus_Pelagibacter_sp._RS39	1977864	S	10	3	13	0.00000
Candidatus_Fonsibacter_ubiquis	1925548	S	33	3	36	0.00000
Kordiimonas_pumila	2161677	S	82	1	83	0.00001
Variovorax_sp._HW608	1034889	S	8178	1311	9489	0.00081
Variovorax_sp._PBL-H6	434009	S	4457	4048	8505	0.00072
Variovorax_sp._WDL1	207745	S	4438	6425	10863	0.00092
Variovorax_sp._PBS-H4	434008	S	4362	2551	6913	0.00059
Variovorax_sp._RA8	662548	S	4288	3107	7395	0.00063
Variovorax_sp._PAMC_28711	1795631	S	3688	602	4290	0.00036
Variovorax_sp._RKNM96	2681552	S	3245	1272	4517	0.00038
Variovorax_sp._PAMC26660	2762322	S	2848	726	3574	0.00030
Variovorax_sp._PAMC28562	2762323	S	2707	220	2927	0.00025
Variovorax_sp._SRS16	282217	S	1909	4237	6146	0.00052
Variovorax_sp._38R	2774875	S	1855	2318	4173	0.00035
Variovorax_sp._PBL-E5	434014	S	1642	4224	5866	0.00050
Variovorax_sp._PDNC026	2811425	S	86	3366	3452	0.00029
Variovorax_sp._PMC12	2126319	S	35	1760	1795	0.00015
Variovorax_paradoxus	34073	S	17377	15374	32751	0.00278
Variovorax_boronicumulans	436515	S	2400	1843	4243	0.00036
Hydrogenophaga_sp._BA0156	2716225	S	5557	3777	9334	0.00079
Hydrogenophaga_sp._NH-16	2184519	S	5144	7936	13080	0.00111
Hydrogenophaga_sp._YM1	2806262	S	5038	2511	7549	0.00064
Hydrogenophaga_sp._SL48	2806347	S	4970	1125	6095	0.00052
Hydrogenophaga_sp._PBC	795665	S	4671	5005	9676	0.00082
Hydrogenophaga_sp._BPS33	2651974	S	4155	2955	7110	0.00060
Hydrogenophaga_sp._RAC07	1842537	S	3249	1112	4361	0.00037
Hydrogenophaga_sp._PBL-H3	434010	S	2973	2577	5550	0.00047
Hydrogenophaga_sp._PAMC20947	2565558	S	1296	81	1377	0.00012
Hydrogenophaga_pseudoflava	47421	S	5250	5812	11062	0.00094
Hydrogenophaga_taeniospiralis	65656	S	3794	1030	4824	0.00041
Hydrogenophaga_crassostreae	1763535	S	1223	71	1294	0.00011
Acidovorax_sp._JMULE5	2518343	S	6196	1770	7966	0.00068
Acidovorax_sp._KKS102	358220	S	3599	2555	6154	0.00052
Acidovorax_sp._YS12	2738413	S	3193	2701	5894	0.00050
Acidovorax_sp._RAC01	1842533	S	2817	2181	4998	0.00042
Acidovorax_sp._1608163	2478662	S	2087	449	2536	0.00022
Acidovorax_sp._HDW3	2714923	S	1769	1205	2974	0.00025
Acidovorax_sp._T1	1858609	S	1420	4877	6297	0.00054
Acidovorax_avenae	80867	S	5571	3789	9360	0.00080
Acidovorax_monticola	1926868	S	3999	1640	5639	0.00048
Acidovorax_antarcticus	2743470	S	2922	2120	5042	0.00043
Acidovorax_carolinensis	553814	S	2738	2319	5057	0.00043
Acidovorax_radicis	758826	S	1769	375	2144	0.00018
Acidovorax_citrulli	80869	S	1702	2407	4109	0.00035
Acidovorax_cattleyae	80868	S	1405	1099	2504	0.00021
Ramlibacter_tataouinensis	94132	S	46783	19084	65867	0.00560
Schlegelella_thermodepolymerans	215580	S	14379	6438	20817	0.00177
Schlegelella_brevitalea	413882	S	8541	1136	9677	0.00082
Rhodoferax_sp._BAB1	2741720	S	4154	1168	5322	0.00045
Rhodoferax_sp._AJA081-3	2752316	S	1260	95	1355	0.00012
Rhodoferax_sp._PAMC_29310	2822760	S	630	69	699	0.00006
Rhodoferax_sp._MIZ03	2798804	S	524	52	576	0.00005
Rhodoferax_koreense	1842727	S	4700	2331	7031	0.00060
Rhodoferax_sediminis	2509614	S	4081	637	4718	0.00040
Rhodoferax_ferrireducens	192843	S	1400	96	1496	0.00013
Rhodoferax_saidenbachensis	1484693	S	1307	150	1457	0.00012
Rhodoferax_antarcticus	81479	S	785	60	845	0.00007
Rhodoferax_aquaticus	2527691	S	428	42	470	0.00004
Comamonas_sp._NLF-7-7	2597701	S	1910	1529	3439	0.00029
Comamonas_sp._NLF-1-9	2853163	S	1686	999	2685	0.00023
Comamonas_sp._B21-038	2918299	S	978	257	1235	0.00011
Comamonas_sp._Y33R10-2	2853257	S	346	61	407	0.00003
Comamonas_aquatica	225991	S	2716	2512	5228	0.00044
Comamonas_serinivorans	1082851	S	2337	628	2965	0.00025
Comamonas_testosteroni	285	S	1408	2124	3532	0.00030
Comamonas_odontotermitis	379895	S	988	190	1178	0.00010
Comamonas_koreensis	160825	S	910	536	1446	0.00012
Comamonas_piscis	1562974	S	720	147	867	0.00007
Comamonas_thiooxydans	363952	S	645	1518	2163	0.00018
Comamonas_kerstersii	225992	S	553	277	830	0.00007
Comamonas_fluminis	2796366	S	527	214	741	0.00006
Diaphorobacter_sp._HDW4A	2714924	S	1647	1452	3099	0.00026
Diaphorobacter_sp._HDW4B	2714925	S	1423	177	1600	0.00014
Diaphorobacter_sp._MNS-0	2866628	S	229	1862	2091	0.00018
Diaphorobacter_sp._JS3051	2792224	S	226	3446	3672	0.00031
Diaphorobacter_sp._JS3050	2735554	S	205	2147	2352	0.00020
Diaphorobacter_ruginosibacter	1715720	S	2227	403	2630	0.00022
Diaphorobacter_aerolatus	1288495	S	1552	2224	3776	0.00032
[Acidovorax]_ebreus	721785	S	333	1864	2197	0.00019
Diaphorobacter_nitroreducens	164759	S	281	776	1057	0.00009
Polaromonas_sp._JS666	296591	S	3485	3455	6940	0.00059
Polaromonas_naphthalenivorans	216465	S	2611	401	3012	0.00026
Polaromonas_vacuolata	37448	S	264	26	290	0.00002
Delftia_tsuruhatensis	180282	S	2074	5557	7631	0.00065
Delftia_acidovorans	80866	S	1449	2665	4114	0.00035
Delftia_lacustris	558537	S	738	4031	4769	0.00041
Delftia_sp._Cs1-4	742013	S	204	488	692	0.00006
Delftia_sp._HK171	1920191	S	104	288	392	0.00003
Kinneretia_sp._DAIF2	2714952	S	5774	1905	7679	0.00065
Kinneretia_sp._XES5	2877940	S	1786	2035	3821	0.00032
Ottowia_sp._27C	2816950	S	3073	603	3676	0.00031
Ottowia_sp._oral_taxon_894	1658672	S	1047	141	1188	0.00010
Ottowia_oryzae	2109914	S	2379	541	2920	0.00025
Alicycliphilus_denitrificans	179636	S	5712	9600	15312	0.00130
Melaminivora_sp._SC2-9	2109913	S	2679	2948	5627	0.00048
Melaminivora_jejuensis	1267217	S	2018	1485	3503	0.00030
Serpentinimonas_maccroryi	1458426	S	1409	453	1862	0.00016
Serpentinimonas_raichei	1458425	S	1252	442	1694	0.00014
Hylemonella_gracilis	80880	S	2581	358	2939	0.00025
Pulveribacter_suum	2116657	S	2231	1164	3395	0.00029
Verminephrobacter_eiseniae	364317	S	2123	256	2379	0.00020
Simplicispira_suum	2109915	S	1804	642	2446	0.00021
Limnohabitans_sp._63ED37-2	1678128	S	859	93	952	0.00008
Limnohabitans_sp._103DPR2	1678129	S	289	21	310	0.00003
Curvibacter_sp._AEP1-3	1844971	S	889	63	952	0.00008
Candidatus_Symbiobacter_mobilis	1436290	S	589	18	607	0.00005
Burkholderia_multivorans	87883	S	3980	1278	5258	0.00045
Burkholderia_ubonensis	101571	S	3920	1745	5665	0.00048
Burkholderia_cenocepacia	95486	S	2974	5273	8247	0.00070
Burkholderia_cepacia	292	S	2560	6018	8578	0.00073
Burkholderia_pyrrocinia	60550	S	1694	590	2284	0.00019
Burkholderia_ambifaria	152480	S	1396	1317	2713	0.00023
Burkholderia_contaminans	488447	S	1329	598	1927	0.00016
Burkholderia_stagnalis	1503054	S	1283	320	1603	0.00014
Burkholderia_dolosa	152500	S	1212	277	1489	0.00013
Burkholderia_anthina	179879	S	1151	714	1865	0.00016
Burkholderia_stabilis	95485	S	1115	573	1688	0.00014
Burkholderia_lata	482957	S	1030	671	1701	0.00014
Burkholderia_territorii	1503055	S	971	308	1279	0.00011
Burkholderia_vietnamiensis	60552	S	794	32617	33411	0.00284
Burkholderia_seminalis	488731	S	688	215	903	0.00008
Burkholderia_metallica	488729	S	583	190	773	0.00007
Burkholderia_diffusa	488732	S	405	130	535	0.00005
Burkholderia_pseudomultivorans	1207504	S	334	260	594	0.00005
Burkholderia_latens	488446	S	215	327	542	0.00005
Burkholderia_aenigmatica	2015348	S	168	273	441	0.00004
Burkholderia_pseudomallei	28450	S	1898	13803	15701	0.00133
Burkholderia_mayonis	1385591	S	1252	188	1440	0.00012
Burkholderia_thailandensis	57975	S	1248	3174	4422	0.00038
Burkholderia_oklahomensis	342113	S	874	650	1524	0.00013
Burkholderia_savannae	1637837	S	219	136	355	0.00003
Burkholderia_sp._MSMB617WGS	1637831	S	89	109	198	0.00002
Burkholderia_sp._MSMB1588	1636423	S	78	88	166	0.00001
Burkholderia_mallei	13373	S	52	27704	27756	0.00236
Burkholderia_sp._DHOD12	2571746	S	1992	159	2151	0.00018
Burkholderia_sp._Bp7605	1740163	S	1171	127	1298	0.00011
Burkholderia_sp._NRF60-BP8	1637853	S	463	149	612	0.00005
Burkholderia_sp._JP2-270	2217913	S	431	174	605	0.00005
Burkholderia_sp._LA-2-3-30-S1-D2	1637862	S	411	164	575	0.00005
Burkholderia_sp._MSMB0856	1637869	S	407	176	583	0.00005
Burkholderia_sp._PAMC_26561	1795043	S	379	460	839	0.00007
Burkholderia_sp._MS455	2811788	S	296	134	430	0.00004
Burkholderia_sp._PAMC_28687	1795874	S	256	480	736	0.00006
Burkholderia_sp._IDO3	1705310	S	226	192	418	0.00004
Burkholderia_sp._KBS0801	1179675	S	77	84	161	0.00001
Burkholderia_sp._LAS2	2813843	S	62	174	236	0.00002
Burkholderia_sp._MBR-1	2732364	S	44	108	152	0.00001
Burkholderia_sp._KJ006	416344	S	34	126	160	0.00001
Burkholderia_sp._MS389	2811789	S	29	129	158	0.00001
Burkholderia_gladioli	28095	S	5159	1261	6420	0.00055
Burkholderia_glumae	337	S	1874	24324	26198	0.00223
Burkholderia_plantarii	41899	S	1267	307	1574	0.00013
Burkholderia_perseverans	2615214	S	1067	276	1343	0.00011
Cupriavidus_taiwanensis	164546	S	8418	6689	15107	0.00128
Cupriavidus_pauculus	82633	S	7135	2615	9750	0.00083
Cupriavidus_basilensis	68895	S	3757	1718	5475	0.00047
Cupriavidus_oxalaticus	96344	S	3742	1468	5210	0.00044
Cupriavidus_necator	106590	S	3484	2707	6191	0.00053
Cupriavidus_sp._EM10	2839983	S	1578	820	2398	0.00020
Cupriavidus_sp._MP-37	2884455	S	707	698	1405	0.00012
Cupriavidus_sp._KK10	1478019	S	278	873	1151	0.00010
Cupriavidus_sp._ISTL7	2771360	S	246	1631	1877	0.00016
Cupriavidus_sp._USMAA2-4	876364	S	175	1194	1369	0.00012
Cupriavidus_sp._USMAHM13	1389192	S	144	1063	1207	0.00010
Cupriavidus_campinensis	151783	S	3064	961	4025	0.00034
Cupriavidus_metallidurans	119219	S	2202	1206	3408	0.00029
Cupriavidus_pinatubonensis	248026	S	1932	281	2213	0.00019
Cupriavidus_gilardii	82541	S	794	3891	4685	0.00040
Cupriavidus_neocaledonicus	1040979	S	607	747	1354	0.00012
Cupriavidus_nantongensis	1796606	S	593	1428	2021	0.00017
Cupriavidus_malaysiensis	367825	S	160	1108	1268	0.00011
Paraburkholderia_sp._SOS3	1926494	S	1630	210	1840	0.00016
Paraburkholderia_sp._PGU16	2735433	S	827	443	1270	0.00011
Paraburkholderia_sp._PGU19	2735434	S	656	558	1214	0.00010
Paraburkholderia_pallida	2547399	S	2347	372	2719	0.00023
Paraburkholderia_aromaticivorans	2026199	S	2075	848	2923	0.00025
Paraburkholderia_caribensis	75105	S	1862	1329	3191	0.00027
Paraburkholderia_acidisoli	2571748	S	1827	283	2110	0.00018
Paraburkholderia_tropica	92647	S	1826	352	2178	0.00019
Paraburkholderia_acidiphila	2571747	S	1679	283	1962	0.00017
Paraburkholderia_phytofirmans	261302	S	1574	601	2175	0.00018
Paraburkholderia_edwinii	2861782	S	1564	189	1753	0.00015
Paraburkholderia_terricola	169427	S	1379	371	1750	0.00015
Paraburkholderia_phenoliruptrix	252970	S	1379	373	1752	0.00015
Paraburkholderia_phymatum	148447	S	1362	327	1689	0.00014
Paraburkholderia_sprentiae	948107	S	1331	262	1593	0.00014
Paraburkholderia_atlantica	2654982	S	1304	285	1589	0.00014
Paraburkholderia_megapolitana	420953	S	1237	98	1335	0.00011
Paraburkholderia_fungorum	134537	S	1212	265	1477	0.00013
Paraburkholderia_graminis	60548	S	1186	266	1452	0.00012
Paraburkholderia_terrae	311230	S	1056	1222	2278	0.00019
Paraburkholderia_caledonica	134536	S	1019	167	1186	0.00010
Paraburkholderia_ginsengisoli	311231	S	1010	280	1290	0.00011
Paraburkholderia_hospita	169430	S	892	1022	1914	0.00016
Paraburkholderia_caffeinilytica	1761016	S	886	217	1103	0.00009
Paraburkholderia_dokdonella	2211211	S	865	203	1068	0.00009
Paraburkholderia_xenovorans	36873	S	819	955	1774	0.00015
Paraburkholderia_dioscoreae	2604047	S	623	414	1037	0.00009
Ralstonia_solanacearum	305	S	4894	9178	14072	0.00120
Ralstonia_insidiosa	190721	S	1376	855	2231	0.00019
Ralstonia_mannitolilytica	105219	S	1028	1062	2090	0.00018
Ralstonia_sp._56D2	2842456	S	941	124	1065	0.00009
Ralstonia_pickettii	329	S	892	372	1264	0.00011
Ralstonia_syzygii	28097	S	69	178	247	0.00002
Ralstonia_pseudosolanacearum	1310165	S	28	732	760	0.00006
Pandoraea_pnomenusa	93220	S	1855	784	2639	0.00022
Pandoraea_thiooxydans	445709	S	1543	106	1649	0.00014
Pandoraea_pulmonicola	93221	S	1408	293	1701	0.00014
Pandoraea_sp._XY-2	2518599	S	1082	507	1589	0.00014
Pandoraea_vervacti	656178	S	1070	312	1382	0.00012
Pandoraea_faecigallinarum	656179	S	1022	277	1299	0.00011
Pandoraea_norimbergensis	93219	S	953	144	1097	0.00009
Pandoraea_apista	93218	S	912	479	1391	0.00012
Pandoraea_fibrosis	1891094	S	775	264	1039	0.00009
Pandoraea_oxalativorans	573737	S	728	358	1086	0.00009
Pandoraea_sputorum	93222	S	706	328	1034	0.00009
Caballeronia_sp._Lep1P3	2878150	S	1523	351	1874	0.00016
Caballeronia_sp._TF1N1	2878153	S	1207	128	1335	0.00011
Caballeronia_sp._SL2Y3	2878151	S	692	357	1049	0.00009
Caballeronia_sp._M1242	2814653	S	631	401	1032	0.00009
Caballeronia_sp._Sq4a	2878152	S	608	400	1008	0.00009
Caballeronia_sp._SBC2	2705547	S	113	827	940	0.00008
Caballeronia_sp._SBC1	2705548	S	69	706	775	0.00007
Caballeronia_zhejiangensis	871203	S	1630	384	2014	0.00017
Caballeronia_insecticola	758793	S	1493	313	1806	0.00015
Caballeronia_grimmiae	1071679	S	1322	633	1955	0.00017
Polynucleobacter_sp._MWH-UH24A	2689110	S	63	4	67	0.00001
Polynucleobacter_sp._MWH-P3-07-1	1743173	S	56	10	66	0.00001
Polynucleobacter_sp._MWH-UH35A	1855619	S	51	10	61	0.00001
Polynucleobacter_sp._es-MAR-2	1819725	S	40	11	51	0.00000
Polynucleobacter_sp._LimPoW16	1743162	S	40	2	42	0.00000
Polynucleobacter_sp._AP-Titi-500A-B4	2576923	S	40	10	50	0.00000
Polynucleobacter_sp._VK25	1758398	S	37	11	48	0.00000
Polynucleobacter_sp._TSB-Sco08W16	1758374	S	36	6	42	0.00000
Polynucleobacter_sp._MWH-UH21B	1743174	S	36	8	44	0.00000
Polynucleobacter_sp._MWH-Spelu-300-X4	2689109	S	35	1	36	0.00000
Polynucleobacter_sp._MWH-CaK5	2689107	S	34	2	36	0.00000
Polynucleobacter_sp._MWH-UH2A	1855617	S	31	7	38	0.00000
Polynucleobacter_sp._MWH-Aus1W21	1855880	S	31	8	39	0.00000
Polynucleobacter_sp._AP-Nino-20-G2	2576917	S	30	9	39	0.00000
Polynucleobacter_sp._JS-Mosq-20-D10	2576922	S	27	12	39	0.00000
Polynucleobacter_sp._AP-Elch-400A-B2	2576930	S	27	15	42	0.00000
Polynucleobacter_sp._MWH-Svant-W18	1855909	S	27	6	33	0.00000
Polynucleobacter_sp._JS-JIR-II-b4	1758390	S	26	17	43	0.00000
Polynucleobacter_sp._es-EL-1	1855652	S	26	5	31	0.00000
Polynucleobacter_sp._AM-7D1	2689102	S	25	32	57	0.00000
Polynucleobacter_sp._AP-Sving-400A-A2	2081049	S	25	16	41	0.00000
Polynucleobacter_sp._AP-Kolm-20A-A1	2081041	S	24	19	43	0.00000
Polynucleobacter_sp._AP-Melu-1000-A1	2081042	S	23	11	34	0.00000
Polynucleobacter_sp._AP-Ainpum-60-G11	2576926	S	23	7	30	0.00000
Polynucleobacter_sp._Adler-ghost	2770234	S	23	13	36	0.00000
Polynucleobacter_sp._MWH-S4W17	1855910	S	20	12	32	0.00000
Polynucleobacter_sp._MWH-Braz-FAM2G	1855883	S	20	2	22	0.00000
Polynucleobacter_sp._AP-Jannik-300A-C4	2576928	S	19	23	42	0.00000
Polynucleobacter_sp._MG-6-Vaara-E2	2576932	S	19	4	23	0.00000
Polynucleobacter_sp._MWH-UH25E	1855616	S	18	4	22	0.00000
Polynucleobacter_sp._JS-JIR-II-50	2576919	S	17	9	26	0.00000
Polynucleobacter_sp._MG-Unter2-18	2081052	S	16	15	31	0.00000
Polynucleobacter_necessarius	576610	S	222	51	273	0.00002
Polynucleobacter_difficilis	556054	S	124	12	136	0.00001
Polynucleobacter_asymbioticus	576611	S	109	23	132	0.00001
Polynucleobacter_paneuropaeus	2527775	S	55	7	62	0.00001
Polynucleobacter_acidiphobus	556053	S	48	3	51	0.00000
Polynucleobacter_duraquae	1835254	S	29	26	55	0.00000
Polynucleobacter_wuianus	1743168	S	23	9	32	0.00000
Lautropia_mirabilis	47671	S	1478	233	1711	0.00015
Chitinimonas_arctica	2594795	S	1033	71	1104	0.00009
Mycetohabitans_rhizoxinica	412963	S	860	49	909	0.00008
Mycoavidus_sp._HKI	2840467	S	147	14	161	0.00001
Mycoavidus_sp._B2-EB	2651972	S	71	16	87	0.00001
Mycoavidus_cysteinexigens	1553431	S	113	18	131	0.00001
Limnobacter_sp._SAORIC-580	2732163	S	239	10	249	0.00002
Candidatus_Vallotia_cooleyia	1177211	S	52	5	57	0.00000
Candidatus_Vallotia_lariciata	2018052	S	43	13	56	0.00000
Candidatus_Vallotia_sp._(ex_Adelges_kitamiensis)	2864217	S	35	10	45	0.00000
Candidatus_Vallotia_tarda	1177213	S	26	3	29	0.00000
Ephemeroptericola_cinctiostellae	2268024	S	121	6	127	0.00001
Massilia_sp._WG5	1707785	S	4681	2063	6744	0.00057
Massilia_sp._LPB0304	2769491	S	4112	1022	5134	0.00044
Massilia_sp._HC52	2852099	S	3898	1075	4973	0.00042
Massilia_sp._DM-R-R2A-13	2899220	S	3403	741	4144	0.00035
Massilia_sp._NP310	2861282	S	3181	2123	5304	0.00045
Massilia_sp._YMA4	1593482	S	2581	1353	3934	0.00033
Massilia_sp._PAMC28688	2861283	S	2355	359	2714	0.00023
Massilia_sp._NR_4-1	1678028	S	441	1719	2160	0.00018
Massilia_sp._MB5	2919578	S	396	1599	1995	0.00017
Massilia_sp._Dwa41.01b	2709302	S	51	2127	2178	0.00019
Massilia_sp._Se16.2.3	2709303	S	38	1601	1639	0.00014
Massilia_putida	1141883	S	6553	2079	8632	0.00073
Massilia_violaceinigra	2045208	S	4610	1323	5933	0.00050
Massilia_flava	871742	S	4037	966	5003	0.00043
Massilia_lutea	321985	S	2766	836	3602	0.00031
Massilia_umbonata	864828	S	2747	1094	3841	0.00033
Massilia_albidiflava	321983	S	2725	1083	3808	0.00032
Massilia_oculi	945844	S	2487	1609	4096	0.00035
Massilia_plicata	321984	S	2408	621	3029	0.00026
Massilia_armeniaca	2072590	S	2291	1215	3506	0.00030
Massilia_antarctica	2765360	S	1998	765	2763	0.00023
Duganella_sp._GN2-R2	2728020	S	3314	1370	4684	0.00040
Duganella_sp._AF9R3	2728021	S	2026	425	2451	0.00021
Janthinobacterium_sp._17J80-10	2497863	S	2213	317	2530	0.00022
Janthinobacterium_sp._1_2014MBL_MicDiv	1644131	S	1153	454	1607	0.00014
Janthinobacterium_sp._Marseille	375286	S	664	173	837	0.00007
Janthinobacterium_sp._LM6	1938606	S	587	404	991	0.00008
Janthinobacterium_sp._PAMC25594	2861284	S	404	272	676	0.00006
Janthinobacterium_sp._HH102	1537274	S	277	464	741	0.00006
Janthinobacterium_sp._B9-8	1236179	S	115	28	143	0.00001
Janthinobacterium_agaricidamnosum	55508	S	1839	3001	4840	0.00041
Janthinobacterium_lividum	29581	S	441	461	902	0.00008
Janthinobacterium_tructae	2590869	S	440	234	674	0.00006
Janthinobacterium_svalbardensis	368607	S	380	196	576	0.00005
Herbaspirillum_robiniae	2014887	S	2236	840	3076	0.00026
Herbaspirillum_frisingense	92645	S	1584	552	2136	0.00018
Herbaspirillum_hiltneri	341045	S	1496	263	1759	0.00015
Herbaspirillum_seropedicae	964	S	1489	606	2095	0.00018
Herbaspirillum_rubrisubalbicans	80842	S	1347	676	2023	0.00017
Herbaspirillum_huttiense	863372	S	987	436	1423	0.00012
Herbaspirillum_sp._meg3	2025949	S	958	112	1070	0.00009
Collimonas_fungivorans	158899	S	1914	582	2496	0.00021
Collimonas_arenae	279058	S	1575	219	1794	0.00015
Collimonas_pratensis	279113	S	1238	285	1523	0.00013
Noviherbaspirillum_sp._UKPF54	2601898	S	4828	791	5619	0.00048
Undibacterium_sp._YM2	2058625	S	220	90	310	0.00003
Undibacterium_sp._KW1	2058624	S	188	76	264	0.00002
Undibacterium_parvum	401471	S	278	35	313	0.00003
Herminiimonas_arsenitoxidans	1809410	S	410	73	483	0.00004
Glaciimonas_sp._PAMC28666	2807626	S	281	17	298	0.00003
Oxalobacter_formigenes	847	S	202	17	219	0.00002
Rhizobacter_sp._AJA081-3	2753607	S	9820	2578	12398	0.00105
Rhizobacter_gummiphilus	946333	S	8069	1591	9660	0.00082
Sphaerotilus_sp._FB-5	2914710	S	5014	3047	8061	0.00069
Sphaerotilus_natans	34103	S	4285	1692	5977	0.00051
Methylibium_sp._Pch-M	2082386	S	2561	2441	5002	0.00043
Methylibium_petroleiphilum	105560	S	2410	2389	4799	0.00041
Aquincola_tertiaricarbonis	391953	S	7072	2416	9488	0.00081
Rubrivivax_gelatinosus	28068	S	7055	2218	9273	0.00079
Leptothrix_cholodnii	34029	S	5057	1644	6701	0.00057
Thiomonas_sp._X19	1050370	S	1729	639	2368	0.00020
Thiomonas_intermedia	926	S	1162	149	1311	0.00011
Thiomonas_arsenitoxydans	426114	S	481	766	1247	0.00011
Mitsuaria_sp._7	1658665	S	4569	918	5487	0.00047
Ideonella_dechloratans	36863	S	3749	2171	5920	0.00050
Xylophilus_rhododendri	2697032	S	3333	912	4245	0.00036
Tepidimonas_taiwanensis	307486	S	2566	866	3432	0.00029
Aquabacterium_olei	1296669	S	2498	640	3138	0.00027
Roseateles_depolymerans	76731	S	2475	476	2951	0.00025
Inhella_inkyongensis	392593	S	1652	254	1906	0.00016
Paucibacter_sp._KCTC_42545	1768242	S	1578	255	1833	0.00016
Candidatus_Ichthyocystis_hellenicum	1561003	S	46	0	46	0.00000
Achromobacter_xylosoxidans	85698	S	5988	8798	14786	0.00126
Achromobacter_sp._AONIH1	1758194	S	1774	2025	3799	0.00032
Achromobacter_sp._MFA1_R4	1881016	S	1569	390	1959	0.00017
Achromobacter_sp._77	2756133	S	922	1937	2859	0.00024
Achromobacter_sp._B7	2282475	S	208	512	720	0.00006
Achromobacter_sp._ES-001	2860286	S	192	618	810	0.00007
Achromobacter_spanius	217203	S	2988	1062	4050	0.00034
Achromobacter_denitrificans	32002	S	2684	1672	4356	0.00037
Achromobacter_deleyi	1353891	S	1789	1074	2863	0.00024
Achromobacter_insolitus	217204	S	1320	312	1632	0.00014
Achromobacter_mucicolens	1389922	S	1259	1619	2878	0.00024
Achromobacter_pestifer	1353889	S	1053	623	1676	0.00014
Achromobacter_ruhlandii	72557	S	17	654	671	0.00006
Bordetella_sp._H567	1697043	S	1846	181	2027	0.00017
Bordetella_sp._N	1746199	S	1563	145	1708	0.00015
Bordetella_genomosp._13	463040	S	2874	1817	4691	0.00040
Bordetella_flabilis	463014	S	2515	177	2692	0.00023
Bordetella_bronchialis	463025	S	2303	251	2554	0.00022
Bordetella_genomosp._8	1416806	S	2076	197	2273	0.00019
Bordetella_genomosp._9	1416803	S	1917	427	2344	0.00020
Bordetella_petrii	94624	S	1851	2230	4081	0.00035
Bordetella_hinzii	103855	S	1638	579	2217	0.00019
Bordetella_trematum	123899	S	1168	435	1603	0.00014
Bordetella_pseudohinzii	1331258	S	941	332	1273	0.00011
Bordetella_bronchiseptica	518	S	846	7521	8367	0.00071
Bordetella_avium	521	S	604	56	660	0.00006
Bordetella_holmesii	35814	S	579	152	731	0.00006
Bordetella_genomosp._6	463024	S	298	278	576	0.00005
Bordetella_pertussis	520	S	175	27548	27723	0.00236
Bordetella_parapertussis	519	S	91	454	545	0.00005
Pigmentiphaga_sp._H8	2488560	S	3361	372	3733	0.00032
Pigmentiphaga_aceris	1940612	S	920	56	976	0.00008
Orrella_dioscoreae	1851544	S	1823	557	2380	0.00020
Orrella_marina	2163011	S	214	30	244	0.00002
Orrella_sp._f23	2782176	S	147	6	153	0.00001
Castellaniella_defragrans	75697	S	2114	1287	3401	0.00029
Alcaligenes_faecalis	511	S	558	439	997	0.00008
Alcaligenes_sp._SORT26	2813780	S	137	23	160	0.00001
Alcaligenes_sp._DN25	1367435	S	58	117	175	0.00001
Alcaligenes_aquatilis	323284	S	78	250	328	0.00003
Alcaligenes_ammonioxydans	2582914	S	11	105	116	0.00001
Pusillimonas_sp._T7-7	1007105	S	362	51	413	0.00004
Pusillimonas_sp._DMV24BSW_D	2716226	S	179	10	189	0.00002
Pusillimonas_thiosulfatoxidans	2028345	S	524	129	653	0.00006
Paralcaligenes_sp._KSB-10	2901142	S	652	22	674	0.00006
Kerstersia_gyiorum	206506	S	572	105	677	0.00006
Advenella_kashmirensis	310575	S	274	17	291	0.00002
Advenella_mimigardefordensis	302406	S	268	16	284	0.00002
Oligella_urethralis	90245	S	56	5	61	0.00001
Oligella_ureolytica	90244	S	40	25	65	0.00001
Paenalcaligenes_hominis	643674	S	47	2	49	0.00000
Taylorella_equigenitalis	29575	S	21	44	65	0.00001
Taylorella_asinigenitalis	84590	S	13	1	14	0.00000
Basilea_psittacipulmonis	1472345	S	25	2	27	0.00000
Pelistega_ratti	2652177	S	17	2	19	0.00000
Sutterella_megalosphaeroides	2494234	S	611	91	702	0.00006
Sutterella_faecalis	2584944	S	458	56	514	0.00004
Sutterella_wadsworthensis	40545	S	228	24	252	0.00002
Turicimonas_muris	1796652	S	107	7	114	0.00001
Ferribacterium_limneticum	76259	S	41760	5667	47427	0.00403
Dechloromonas_denitrificans	281362	S	13417	2826	16243	0.00138
Dechloromonas_sp._HYN0024	2231055	S	5751	940	6691	0.00057
Dechloromonas_sp._TW-R-39-2	2654218	S	2308	928	3236	0.00028
Quatrionicoccus_australiensis	138118	S	7495	1824	9319	0.00079
Thauera_sp._MZ1T	85643	S	3419	3193	6612	0.00056
Thauera_sp._K11	2005884	S	3326	1866	5192	0.00044
Thauera_humireducens	1134435	S	2367	1284	3651	0.00031
Thauera_chlorobenzoica	96773	S	1717	1549	3266	0.00028
Thauera_aromatica	59405	S	1451	1878	3329	0.00028
Thauera_hydrothermalis	2184083	S	1051	271	1322	0.00011
Azoarcus_sp._KH32C	748247	S	4420	759	5179	0.00044
Azoarcus_sp._DD4	2027405	S	2649	1651	4300	0.00037
Azoarcus_olearius	418699	S	3308	1201	4509	0.00038
Azoarcus_communis	41977	S	2337	825	3162	0.00027
Nitrogeniibacter_mangrovi	2016596	S	2617	510	3127	0.00027
Nitrogeniibacter_aestuarii	2815343	S	1254	127	1381	0.00012
Aromatoleum_petrolei	76116	S	4694	1086	5780	0.00049
Aromatoleum_aromaticum	551760	S	4049	2520	6569	0.00056
Aromatoleum_bremense	76115	S	3435	1760	5195	0.00044
Aromatoleum_pumilum	2067960	S	2131	711	2842	0.00024
Azospira_restricta	404405	S	6752	3143	9895	0.00084
Azospira_inquinata	2785627	S	627	47	674	0.00006
Azospira_sp._I09	1765049	S	567	1449	2016	0.00017
Azospira_oryzae	146939	S	523	1101	1624	0.00014
Niveibacterium_microcysteis	2811415	S	1937	248	2185	0.00019
Oryzomicrobium_terrae	1735038	S	1742	410	2152	0.00018
Rugosibacter_aromaticivorans	1565605	S	459	70	529	0.00004
Fluviibacter_phosphoraccumulans	1751046	S	266	81	347	0.00003
Nitrosomonas_ureae	44577	S	28044	868	28912	0.00246
Nitrosomonas_communis	44574	S	2647	83	2730	0.00023
Nitrosomonas_europaea	915	S	463	69	532	0.00005
Nitrosomonas_eutropha	916	S	311	170	481	0.00004
Nitrosomonas_stercoris	1444684	S	176	95	271	0.00002
Nitrosospira_multiformis	1231	S	10889	328	11217	0.00095
Nitrosospira_lacus	1288494	S	1425	46	1471	0.00013
Nitrosospira_sp._NRS527	155925	S	759	437	1196	0.00010
Nitrosospira_briensis	35799	S	689	426	1115	0.00009
Usitatibacter_rugosus	2732067	S	9314	1013	10327	0.00088
Usitatibacter_palustris	2732487	S	7325	849	8174	0.00069
Denitratisoma_sp._DHT3	1981880	S	1862	1264	3126	0.00027
Denitratisoma_oestradiolicum	311182	S	1065	170	1235	0.00011
Methyloversatilis_sp._RAC08	1842540	S	2921	354	3275	0.00028
Sulfuritalea_hydrogenivorans	748811	S	2613	359	2972	0.00025
Sterolibacterium_denitrificans	157592	S	1534	392	1926	0.00016
Candidatus_Nitrotoga_arctica	453162	S	1162	162	1324	0.00011
Candidatus_Nitrotoga_sp._AM1P	2559597	S	802	118	920	0.00008
Sideroxydans_sp._MIZ01	2764705	S	1052	214	1266	0.00011
Sideroxydans_lithotrophicus	63745	S	849	128	977	0.00008
Ferrigenium_kumadai	1682490	S	1298	252	1550	0.00013
Ferriphaselus_amnicola	1188319	S	522	66	588	0.00005
Gallionella_capsiferriformans	370405	S	367	31	398	0.00003
Thiobacillus_denitrificans	36861	S	2375	427	2802	0.00024
Sulfuritortus_calidifontis	1914471	S	1915	741	2656	0.00023
Sulfuriferula_plumbiphila	171865	S	968	151	1119	0.00010
Sulfuriferula_sp._AH1	1985873	S	507	91	598	0.00005
Sulfuriferula_nivalis	2675298	S	98	7	105	0.00001
Sulfurimicrobium_lacus	2715678	S	1421	171	1592	0.00014
Sulfuricella_denitrificans	649841	S	787	68	855	0.00007
Methylovorus_sp._MP688	887061	S	174	182	356	0.00003
Methylovorus_glucosotrophus	266009	S	153	145	298	0.00003
Methylobacillus_flagellatus	405	S	498	116	614	0.00005
Methylophilus_sp._TWE2	1662285	S	253	21	274	0.00002
Methylophilus_medardicus	2588534	S	130	14	144	0.00001
Methylotenera_mobilis	359408	S	149	17	166	0.00001
Methylotenera_versatilis	1055487	S	65	8	73	0.00001
Candidatus_Methylopumilus_turicensis	1581680	S	69	10	79	0.00001
Candidatus_Methylopumilus_universalis	2588536	S	55	19	74	0.00001
Candidatus_Methylopumilus_planktonicus	1581557	S	33	13	46	0.00000
Candidatus_Methylopumilus_rimovensis	2588535	S	27	3	30	0.00000
Methyloradius_palustris	2778876	S	131	11	142	0.00001
Chromobacterium_sp._ATCC_53434	2059672	S	1119	384	1503	0.00013
Chromobacterium_sp._Rain0013	2292447	S	233	292	525	0.00004
Chromobacterium_sp._Beijing	2735795	S	157	454	611	0.00005
Chromobacterium_violaceum	536	S	1155	681	1836	0.00016
Chromobacterium_vaccinii	1108595	S	1124	486	1610	0.00014
Chromobacterium_phragmitis	2202141	S	718	317	1035	0.00009
Chromobacterium_paludis	2605945	S	580	227	807	0.00007
Chromobacterium_rhizoryzae	1778675	S	189	1016	1205	0.00010
Chromobacterium_haemolyticum	394935	S	103	691	794	0.00007
Iodobacter_ciconiae	2496266	S	92	21	113	0.00001
Iodobacter_fluviatilis	537	S	81	21	102	0.00001
Jeongeupia_sp._USM3	1906741	S	1615	401	2016	0.00017
Jeongeupia_sp._HS-3	1009682	S	745	138	883	0.00008
Paludibacterium_paludis	1225769	S	822	156	978	0.00008
Paludibacterium_yongneupense	400061	S	745	102	847	0.00007
Paludibacterium_sp._B53371	2806263	S	600	123	723	0.00006
Pseudogulbenkiania_sp._NH8B	748280	S	1603	523	2126	0.00018
Vogesella_sp._LIG4	1192162	S	1019	278	1297	0.00011
Vogesella_sp._XCS3	2877939	S	505	139	644	0.00005
Aquitalea_aquatilis	1537400	S	330	100	430	0.00004
Aquitalea_denitrificans	519081	S	250	123	373	0.00003
Aquitalea_sp._USM4	1590041	S	239	125	364	0.00003
Aquitalea_magnusonii	332411	S	212	117	329	0.00003
Microvirgula_aerodenitrificans	57480	S	1096	194	1290	0.00011
Laribacter_hongkongensis	168471	S	810	659	1469	0.00012
Aquaspirillum_sp._LM1	1938604	S	592	81	673	0.00006
Chitinibacter_bivalviorum	2739434	S	151	107	258	0.00002
Chitinibacter_fontanus	1737446	S	119	17	136	0.00001
Deefgea_sp._D25	2865840	S	79	11	90	0.00001
Deefgea_sp._D17	2739061	S	61	28	89	0.00001
Deefgea_sp._D13	2864875	S	61	24	85	0.00001
Neisseria_sp._KEM232	655307	S	230	33	263	0.00002
Neisseria_sp._oral_taxon_014	641148	S	97	43	140	0.00001
Neisseria_sp._ZJ785	2709396	S	71	8	79	0.00001
Neisseria_sp._Dent_CA1/247	2912675	S	38	17	55	0.00000
Neisseria_bacilliformis	267212	S	244	57	301	0.00003
Neisseria_meningitidis	487	S	203	1036	1239	0.00011
Neisseria_shayeganii	607712	S	202	28	230	0.00002
Neisseria_elongata	495	S	185	98	283	0.00002
Neisseria_chenwenguii	1853278	S	178	20	198	0.00002
Neisseria_musculi	1815583	S	161	14	175	0.00001
Neisseria_dentiae	194197	S	152	17	169	0.00001
Neisseria_gonorrhoeae	485	S	100	87	187	0.00002
Neisseria_animalis	492	S	81	11	92	0.00001
Neisseria_weaveri	28091	S	77	28	105	0.00001
Neisseria_lactamica	486	S	75	87	162	0.00001
Neisseria_animaloris	326522	S	70	14	84	0.00001
Neisseria_brasiliensis	2666100	S	67	57	124	0.00001
Neisseria_wadsworthii	607711	S	67	13	80	0.00001
Neisseria_sicca	490	S	61	131	192	0.00002
Neisseria_dumasiana	1931275	S	59	23	82	0.00001
Neisseria_canis	493	S	58	13	71	0.00001
Neisseria_weixii	1853276	S	48	5	53	0.00000
Neisseria_arctica	1470200	S	45	4	49	0.00000
Neisseria_mucosa	488	S	38	86	124	0.00001
Neisseria_zalophi	640030	S	36	3	39	0.00000
Neisseria_zoodegmatis	326523	S	28	17	45	0.00000
Neisseria_cinerea	483	S	27	16	43	0.00000
Neisseria_macacae	496	S	23	52	75	0.00001
Neisseria_flavescens	484	S	21	15	36	0.00000
Neisseria_subflava	28449	S	10	7	17	0.00000
Crenobacter_cavernae	2290923	S	1747	555	2302	0.00020
Chitinolyticbacter_meiyuanensis	682798	S	1353	156	1509	0.00013
Vitreoscilla_filiformis	63	S	672	110	782	0.00007
Vitreoscilla_massiliensis	1689272	S	89	39	128	0.00001
Kingella_potus	265175	S	181	24	205	0.00002
Kingella_oralis	505	S	115	19	134	0.00001
Kingella_denitrificans	502	S	111	69	180	0.00002
Kingella_kingae	504	S	50	8	58	0.00000
Eikenella_corrodens	539	S	240	146	386	0.00003
Eikenella_exigua	2528037	S	66	41	107	0.00001
Uruburuella_suis	252130	S	187	30	217	0.00002
Uruburuella_testudinis	1282863	S	127	24	151	0.00001
Paralysiella_testudinis	2809020	S	145	27	172	0.00001
Alysiella_crassa	153491	S	43	12	55	0.00000
Alysiella_filiformis	194196	S	34	9	43	0.00000
Neisseriaceae_bacterium_CCUG_44465	2917790	S	74	11	85	0.00001
Conchiformibius_steedae	153493	S	58	8	66	0.00001
Aquella_oligotrophica	2067065	S	40	1	41	0.00000
Snodgrassella_alvi	1196083	S	36	10	46	0.00000
Simonsiella_muelleri	72	S	23	3	26	0.00000
Morococcus_cerebrosus	1056807	S	12	71	83	0.00001
Casimicrobium_huifangae	2591109	S	1378	583	1961	0.00017
Candidatus_Kinetoplastibacterium_sorsogonicusi	1576550	S	18	11	29	0.00000
Candidatus_Kinetoplastibacterium_crithidii	33056	S	10	0	10	0.00000
Lysobacter_soli	453783	S	45635	8039	53674	0.00456
Lysobacter_sp._S4-A87	2925843	S	6779	1999	8778	0.00075
Lysobacter_sp._5GHs7-4	2904253	S	5406	1442	6848	0.00058
Lysobacter_sp._CECT_30171	2822368	S	4933	1031	5964	0.00051
Lysobacter_sp._TY2-98	2290922	S	4510	619	5129	0.00044
Lysobacter_sp._KIS68-7	2904252	S	4098	689	4787	0.00041
Lysobacter_sp._CW239	2762611	S	3214	1538	4752	0.00040
Lysobacter_sp._K5869	2820808	S	2614	1151	3765	0.00032
Lysobacter_sp._H21R4	2781021	S	635	1222	1857	0.00016
Lysobacter_sp._CJ11	2764185	S	531	45	576	0.00005
Lysobacter_sp._H23M47	2781024	S	399	1921	2320	0.00020
Lysobacter_sp._HDW10	2714936	S	350	87	437	0.00004
Lysobacter_enzymogenes	69	S	9821	3170	12991	0.00110
Lysobacter_arenosi	2795387	S	6421	1824	8245	0.00070
Lysobacter_capsici	435897	S	6308	6225	12533	0.00107
Lysobacter_solisilvae_(ex_Woo_and_Kim_2022)	2865112	S	6039	1504	7543	0.00064
Lysobacter_solisilvae_(ex_Kim_et_al._2021)	2763317	S	5223	890	6113	0.00052
Lysobacter_maris	1605891	S	4433	900	5333	0.00045
Lysobacter_antibioticus	84531	S	4018	734	4752	0.00040
Lysobacter_alkalisoli	2591633	S	3484	527	4011	0.00034
Lysobacter_lycopersici	1324796	S	3093	550	3643	0.00031
Lysobacter_oculi	2698682	S	2638	595	3233	0.00027
Lysobacter_ciconiae	2781022	S	621	1060	1681	0.00014
Lysobacter_gummosus	262324	S	425	3347	3772	0.00032
Lysobacter_avium	2781023	S	375	1608	1983	0.00017
Pseudoxanthomonas_mexicana	128785	S	38182	27861	66043	0.00561
Pseudoxanthomonas_suwonensis	314722	S	5881	2409	8290	0.00070
Pseudoxanthomonas_sp._X-1	2571115	S	2610	1991	4601	0.00039
Pseudoxanthomonas_sp._F37	2932492	S	348	8457	8805	0.00075
Pseudoxanthomonas_daejeonensis	266062	S	2499	489	2988	0.00025
Pseudoxanthomonas_spadix	415229	S	1581	480	2061	0.00018
Stenotrophomonas_maltophilia	40324	S	20883	21463	42346	0.00360
Stenotrophomonas_sp._ESTM1D_MKCIP4_1	2072414	S	623	205	828	0.00007
Stenotrophomonas_sp._SAU14A_NAIMI4_5	2072413	S	512	257	769	0.00007
Stenotrophomonas_sp._ZAC14D2_NAIMI4_7	2072405	S	283	251	534	0.00005
Stenotrophomonas_sp._YAU14D1_LEIMI4_1	2072407	S	200	285	485	0.00004
Stenotrophomonas_sp._ZAC14D2_NAIMI4_6	2072406	S	192	312	504	0.00004
Stenotrophomonas_sp._ZAC14A_NAIMI4_1	2072412	S	188	292	480	0.00004
Stenotrophomonas_sp._SAU14A_NAIMI4_8	2072409	S	64	305	369	0.00003
Stenotrophomonas_sp._YAU14A_MKIMI4_1	2072408	S	56	267	323	0.00003
Stenotrophomonas_sp._LM091	1904944	S	1148	348	1496	0.00013
Stenotrophomonas_sp._169	2770322	S	958	127	1085	0.00009
Stenotrophomonas_sp._364	2691571	S	717	205	922	0.00008
Stenotrophomonas_sp._NA06056	2742129	S	397	144	541	0.00005
Stenotrophomonas_sp._WZN-1	2005046	S	215	180	395	0.00003
Stenotrophomonas_sp._Pemsol	2040586	S	142	332	474	0.00004
Stenotrophomonas_sp._DR822	2871174	S	142	169	311	0.00003
Stenotrophomonas_sp._pho	2211160	S	110	405	515	0.00004
Stenotrophomonas_sp._ASS1	2282124	S	62	193	255	0.00002
Stenotrophomonas_sp._SI-NJAU-1	2886359	S	60	215	275	0.00002
Stenotrophomonas_sp._CW117	2775920	S	60	1015	1075	0.00009
Stenotrophomonas_sp._MYb57	1827305	S	59	172	231	0.00002
Stenotrophomonas_sp._G4	2303750	S	51	177	228	0.00002
Stenotrophomonas_sp._NY11291	2939415	S	40	333	373	0.00003
Stenotrophomonas_sp._SXG-1	2682487	S	33	261	294	0.00003
Stenotrophomonas_rhizophila	216778	S	3551	806	4357	0.00037
Stenotrophomonas_acidaminiphila	128780	S	2021	3590	5611	0.00048
Stenotrophomonas_indicatrix	2045451	S	95	251	346	0.00003
Xanthomonas_translucens	343	S	3048	3285	6333	0.00054
Xanthomonas_campestris	339	S	2686	3908	6594	0.00056
Xanthomonas_sacchari	56458	S	1863	529	2392	0.00020
Xanthomonas_sp._GW	2724121	S	304	400	704	0.00006
Xanthomonas_sp._SI	2724123	S	300	466	766	0.00007
Xanthomonas_sp._SS	2724122	S	289	444	733	0.00006
Xanthomonas_sp._MLO165	2081477	S	71	106	177	0.00002
Xanthomonas_arboricola	56448	S	1379	1372	2751	0.00023
Xanthomonas_oryzae	347	S	1214	534	1748	0.00015
Xanthomonas_theicola	56464	S	1161	321	1482	0.00013
Xanthomonas_citri	346	S	947	6660	7607	0.00065
Xanthomonas_hyacinthi	56455	S	859	455	1314	0.00011
Xanthomonas_vesicatoria	56460	S	790	396	1186	0.00010
Xanthomonas_hortorum	56454	S	783	504	1287	0.00011
Xanthomonas_fragariae	48664	S	755	135	890	0.00008
Xanthomonas_albilineans	29447	S	749	89	838	0.00007
Xanthomonas_cucurbitae	56453	S	653	104	757	0.00006
Xanthomonas_vasicola	56459	S	552	194	746	0.00006
Xanthomonas_cassavae	56450	S	473	113	586	0.00005
Xanthomonas_euroxanthea	2259622	S	383	454	837	0.00007
Xanthomonas_hydrangeae	2775159	S	382	130	512	0.00004
Xanthomonas_axonopodis	53413	S	364	297	661	0.00006
Xanthomonas_phaseoli	1985254	S	253	689	942	0.00008
Xanthomonas_euvesicatoria	456327	S	186	879	1065	0.00009
Xanthomonas_perforans	442694	S	39	1076	1115	0.00009
Luteimonas_sp._MC1750	2799326	S	2502	809	3311	0.00028
Luteimonas_sp._S4-F44	2925842	S	2171	361	2532	0.00022
Luteimonas_sp._D4P002	2901869	S	2074	476	2550	0.00022
Luteimonas_sp._JM171	1896164	S	2009	346	2355	0.00020
Luteimonas_sp._YGD11-2	2508168	S	1946	753	2699	0.00023
Luteimonas_sp._MC1572	2799325	S	1776	791	2567	0.00022
Luteimonas_sp._MC1825	2761107	S	1774	815	2589	0.00022
Luteimonas_granuli	1176533	S	2369	717	3086	0.00026
Luteimonas_yindakuii	2565782	S	1898	674	2572	0.00022
Luteimonas_chenhongjianii	2006110	S	1808	345	2153	0.00018
Thermomonas_sp._XSG	2771436	S	6130	2137	8267	0.00070
Thermomonas_sp._HDW16	2714945	S	1548	331	1879	0.00016
Thermomonas_brevis	215691	S	3025	990	4015	0.00034
Thermomonas_aquatica	2202149	S	2518	1070	3588	0.00031
Thermomonas_carbonis	1463158	S	1996	340	2336	0.00020
Arenimonas_daejeonensis	370777	S	4518	765	5283	0.00045
Pseudolysobacter_antarcticus	2511995	S	1332	31	1363	0.00012
Xylella_fastidiosa	2371	S	210	1851	2061	0.00018
Xylella_taiwanensis	1444770	S	170	5	175	0.00001
Luteibacter_sp._321	2911537	S	1463	405	1868	0.00016
Luteibacter_sp._EIF3	2780091	S	1238	190	1428	0.00012
Luteibacter_sp._335	2911538	S	1080	239	1319	0.00011
Luteibacter_sp._353	2911539	S	914	268	1182	0.00010
Luteibacter_pinisoli	2589080	S	1190	300	1490	0.00013
Luteibacter_rhizovicinus	242606	S	1175	157	1332	0.00011
Luteibacter_anthropi	564369	S	997	175	1172	0.00010
Rhodanobacter_denitrificans	666685	S	2285	910	3195	0.00027
Rhodanobacter_sp._FDAARGOS_1247	2778082	S	1492	497	1989	0.00017
Rhodanobacter_thiooxydans	416169	S	1344	642	1986	0.00017
Rhodanobacter_glycinis	582702	S	1088	197	1285	0.00011
Dyella_thiooxydans	445710	S	1830	576	2406	0.00020
Dyella_telluris	2763498	S	1166	343	1509	0.00013
Dyella_japonica	231455	S	1151	383	1534	0.00013
Dyella_terrae	522259	S	779	118	897	0.00008
Dyella_caseinilytica	1849581	S	706	54	760	0.00006
Dyella_sp._M7H15-1	2501295	S	511	50	561	0.00005
Frateuria_sp._5GH9-34	2898793	S	1751	581	2332	0.00020
Frateuria_sp._5GH9-11	1542730	S	1661	708	2369	0.00020
Frateuria_aurantia	81475	S	590	73	663	0.00006
Dokdonella_koreensis	323415	S	3607	557	4164	0.00035
Aerosticca_soli	2010829	S	1695	2014	3709	0.00032
Ahniella_affigens	2021234	S	1255	28	1283	0.00011
Pseudomonas_sp._SCB32	2653853	S	800	159	959	0.00008
Pseudomonas_sp._TCU-HL1	1856685	S	767	103	870	0.00007
Pseudomonas_sp._ATCC_13867	1294143	S	764	245	1009	0.00009
Pseudomonas_sp._PDNC002	2811422	S	751	167	918	0.00008
Pseudomonas_sp._CC6-YY-74	1930532	S	743	81	824	0.00007
Pseudomonas_sp._LPB0260	2614442	S	743	140	883	0.00008
Pseudomonas_sp._DY-1	1755504	S	720	86	806	0.00007
Pseudomonas_sp._MTM4	2705472	S	685	113	798	0.00007
Pseudomonas_sp._KNUC1026	2893890	S	667	58	725	0.00006
Pseudomonas_sp._Ost2	2678260	S	626	89	715	0.00006
Pseudomonas_sp._ABC1	2748080	S	564	74	638	0.00005
Pseudomonas_sp._7SR1	1881017	S	549	97	646	0.00005
Pseudomonas_sp._R2A2	2213057	S	470	583	1053	0.00009
Pseudomonas_sp._MM211	2866808	S	460	39	499	0.00004
Pseudomonas_sp._StFLB209	1028989	S	435	99	534	0.00005
Pseudomonas_sp._OIL-1	2706126	S	426	89	515	0.00004
Pseudomonas_sp._Pc102	2678261	S	407	236	643	0.00005
Pseudomonas_sp._L5B5	2883205	S	394	69	463	0.00004
Pseudomonas_sp._THAF7b	2587845	S	388	802	1190	0.00010
Pseudomonas_sp._B11D7D	2735906	S	368	71	439	0.00004
Pseudomonas_sp._gcc21	2726989	S	365	144	509	0.00004
Pseudomonas_sp._p1(2021b)	2874628	S	361	181	542	0.00005
Pseudomonas_sp._CMR5c	658630	S	360	103	463	0.00004
Pseudomonas_sp._MSPm1	2726956	S	353	79	432	0.00004
Pseudomonas_sp._HN2-3	2886360	S	321	71	392	0.00003
Pseudomonas_sp._DG56-2	2320270	S	312	32	344	0.00003
Pseudomonas_sp._LAB-08	143813	S	304	56	360	0.00003
Pseudomonas_sp._URMO17WK12:I11	1283291	S	301	221	522	0.00004
Pseudomonas_sp._Marseille-Q3773	2866592	S	298	98	396	0.00003
Pseudomonas_sp._MPC6	2498848	S	294	64	358	0.00003
Pseudomonas_sp._S09G_359	2054919	S	284	71	355	0.00003
Pseudomonas_sp._HLS-6	2049589	S	278	76	354	0.00003
Pseudomonas_sp._ADAK13	2730847	S	261	63	324	0.00003
Pseudomonas_sp._S34	1573718	S	258	61	319	0.00003
Pseudomonas_sp._LS.1a	2920387	S	254	113	367	0.00003
Pseudomonas_sp._15A4	2804761	S	246	68	314	0.00003
Pseudomonas_sp._Leaf58	1736226	S	238	45	283	0.00002
Pseudomonas_sp._ADPe	2774873	S	229	559	788	0.00007
Pseudomonas_sp._Seg1	2678259	S	227	53	280	0.00002
Pseudomonas_sp._DTU12.3	2073078	S	224	57	281	0.00002
Pseudomonas_sp._Tri1	2823875	S	219	56	275	0.00002
Pseudomonas_sp._M1	95619	S	219	520	739	0.00006
Pseudomonas_sp._MM213	2866807	S	216	48	264	0.00002
Pseudomonas_sp._DNDY-54	2870860	S	209	114	323	0.00003
Pseudomonas_sp._RtIB026	2749999	S	204	121	325	0.00003
Pseudomonas_sp._DR48	2871095	S	201	129	330	0.00003
Pseudomonas_sp._2hn	2866626	S	199	137	336	0.00003
Pseudomonas_sp._M30-35	1981174	S	197	10	207	0.00002
Pseudomonas_sp._S35	1573719	S	192	52	244	0.00002
Pseudomonas_sp._SK	2729423	S	189	176	365	0.00003
Pseudomonas_sp._31-12	2201356	S	186	48	234	0.00002
Pseudomonas_sp._R5-89-07	658644	S	183	57	240	0.00002
Pseudomonas_sp._NIBR-H-19	2901380	S	177	39	216	0.00002
Pseudomonas_sp._LG1E9	2219057	S	176	53	229	0.00002
Pseudomonas_sp._PP3	2815936	S	169	66	235	0.00002
Pseudomonas_sp._RC3H12	2834406	S	168	105	273	0.00002
Pseudomonas_sp._ACM7	2052956	S	166	31	197	0.00002
Pseudomonas_sp._OE_28.3	2745519	S	165	41	206	0.00002
Pseudomonas_sp._HS6	2850559	S	165	49	214	0.00002
Pseudomonas_sp._RBPA9	2746321	S	163	390	553	0.00005
Pseudomonas_sp._St316	2678257	S	159	57	216	0.00002
Pseudomonas_sp._HN11	1344094	S	142	34	176	0.00001
Pseudomonas_sp._NS1(2017)	2025658	S	141	40	181	0.00002
Pseudomonas_sp._ADAK18	2730848	S	141	25	166	0.00001
Pseudomonas_sp._IzPS59	2774459	S	140	72	212	0.00002
Pseudomonas_sp._CYM-20-01	2870750	S	139	76	215	0.00002
Pseudomonas_sp._SK3(2021)	2841064	S	137	98	235	0.00002
Pseudomonas_sp._SCA2728.1_7	2825975	S	136	77	213	0.00002
Pseudomonas_sp._LPH1	1898684	S	132	135	267	0.00002
Pseudomonas_sp._MRSN12121	1611770	S	127	189	316	0.00003
Pseudomonas_sp._HS-18	2879114	S	124	276	400	0.00003
Pseudomonas_sp._CCOS_191	1649877	S	123	106	229	0.00002
Pseudomonas_sp._NIBRBAC000502773	2590776	S	120	67	187	0.00002
Pseudomonas_sp._R84	1573712	S	119	57	176	0.00001
Pseudomonas_sp._14181154	2662033	S	117	129	246	0.00002
Pseudomonas_sp._SDM007	2812000	S	110	68	178	0.00002
Pseudomonas_sp._FIT81	2837969	S	109	71	180	0.00002
Pseudomonas_sp._FGI182	1259844	S	103	126	229	0.00002
Pseudomonas_sp._LTJR-52	2479392	S	100	37	137	0.00001
Pseudomonas_sp._phDV1	253237	S	98	333	431	0.00004
Pseudomonas_sp._AO-1	2855434	S	97	94	191	0.00002
Pseudomonas_sp._SORT22	2813842	S	93	219	312	0.00003
Pseudomonas_sp._BIGb0427	2724470	S	88	195	283	0.00002
Pseudomonas_sp._UW4	1207075	S	85	61	146	0.00001
Pseudomonas_sp._R76	1573711	S	84	46	130	0.00001
Pseudomonas_sp._02C_26	2054914	S	84	181	265	0.00002
Pseudomonas_sp._Z003-0.4C(8344-21)	1855380	S	83	66	149	0.00001
Pseudomonas_sp._B10	118613	S	83	68	151	0.00001
Pseudomonas_sp._C27(2019)	2604941	S	81	10	91	0.00001
Pseudomonas_sp._3-2	2867408	S	77	107	184	0.00002
Pseudomonas_sp._FDAARGOS_380	2018067	S	77	69	146	0.00001
Pseudomonas_sp._HN2	2884805	S	75	75	150	0.00001
Pseudomonas_sp._AN-B15	2697023	S	66	182	248	0.00002
Pseudomonas_sp._Cab53	2678258	S	64	116	180	0.00002
Pseudomonas_sp._BIOMIG1BAC	1758730	S	64	209	273	0.00002
Pseudomonas_sp._S150	2559074	S	61	108	169	0.00001
Pseudomonas_sp._DR_5-09	1534110	S	60	88	148	0.00001
Pseudomonas_sp._MPFS	2795724	S	59	109	168	0.00001
Pseudomonas_sp._S07E_245	2866278	S	58	132	190	0.00002
Pseudomonas_sp._Y5-11	2749808	S	58	173	231	0.00002
Pseudomonas_sp._S49	1573720	S	55	143	198	0.00002
Pseudomonas_sp._MYb193	1827300	S	54	60	114	0.00001
Pseudomonas_sp._J380	2605424	S	53	71	124	0.00001
Pseudomonas_sp._St29	1500687	S	53	216	269	0.00002
Pseudomonas_sp._09C_129	2054915	S	53	74	127	0.00001
Pseudomonas_sp._CIP-10	2892442	S	52	489	541	0.00005
Pseudomonas_sp._SC3(2021)	2871493	S	51	62	113	0.00001
Pseudomonas_sp._ArH3a	2862945	S	50	125	175	0.00001
Pseudomonas_sp._ATCC_43928	676210	S	47	120	167	0.00001
Pseudomonas_sp._PONIH3	1636610	S	45	240	285	0.00002
Pseudomonas_sp._RU47	2005388	S	45	115	160	0.00001
Pseudomonas_sp._A2	107445	S	45	236	281	0.00002
Pseudomonas_sp._BC42	2933816	S	43	212	255	0.00002
Pseudomonas_sp._LBUM920	2126069	S	42	104	146	0.00001
Pseudomonas_sp._R2-37-08W	1173273	S	41	189	230	0.00002
Pseudomonas_sp._CFA	2651048	S	37	186	223	0.00002
Pseudomonas_sp._IAC-BECa141	2793103	S	36	85	121	0.00001
Pseudomonas_sp._ADAK22	2730851	S	36	89	125	0.00001
Pseudomonas_sp._SWI36	2083052	S	36	109	145	0.00001
Pseudomonas_sp._SXM-1	2169583	S	33	106	139	0.00001
Pseudomonas_sp._MPDS	2762896	S	32	133	165	0.00001
Pseudomonas_sp._Os17	1500686	S	31	153	184	0.00002
Pseudomonas_sp._GR_6-02	1659194	S	30	76	106	0.00001
Pseudomonas_sp._BYT-1	2816906	S	30	259	289	0.00002
Pseudomonas_sp._DTU12.1	2654238	S	29	113	142	0.00001
Pseudomonas_sp._Y39-6	2749807	S	29	106	135	0.00001
Pseudomonas_sp._LG1D9	2083054	S	29	106	135	0.00001
Pseudomonas_sp._R3-18-08	1173283	S	26	74	100	0.00001
Pseudomonas_sp._TKP	1415630	S	26	102	128	0.00001
Pseudomonas_sp._R32	1573704	S	26	76	102	0.00001
Pseudomonas_sp._Colony2	2861799	S	25	110	135	0.00001
Pseudomonas_sp._A214	1855331	S	25	80	105	0.00001
Pseudomonas_sp._XWY-1	2069256	S	24	142	166	0.00001
Pseudomonas_sp._CFSAN084952	2664899	S	24	81	105	0.00001
Pseudomonas_sp._R1-43-08	1173270	S	23	132	155	0.00001
Pseudomonas_sp._SWI44	2083053	S	23	186	209	0.00002
Pseudomonas_sp._R11-23-07	658632	S	22	191	213	0.00002
Pseudomonas_sp._PS1(2021)	2866282	S	22	635	657	0.00006
Pseudomonas_sp._B14-6	2738843	S	22	67	89	0.00001
Pseudomonas_sp._R3-52-08	1173284	S	22	130	152	0.00001
Pseudomonas_sp._R4-39-08	1173288	S	21	120	141	0.00001
Pseudomonas_sp._SWI6	2083051	S	21	337	358	0.00003
Pseudomonas_sp._NC02	2067572	S	20	68	88	0.00001
Pseudomonas_sp._R4-35-07	658643	S	19	125	144	0.00001
Pseudomonas_sp._I3-I5	2926671	S	19	82	101	0.00001
Pseudomonas_sp._R2-7-07	658641	S	19	174	193	0.00002
Pseudomonas_sp._TMW_2.1634	1886807	S	18	52	70	0.00001
Pseudomonas_sp._SW-3	147212	S	18	76	94	0.00001
Pseudomonas_sp._BJP69	2597770	S	17	102	119	0.00001
Pseudomonas_sp._DR208	2870840	S	17	46	63	0.00001
Pseudomonas_sp._OST1909	2777367	S	17	59	76	0.00001
Pseudomonas_sp._R4-34-07	658642	S	16	90	106	0.00001
Pseudomonas_sp._Eqa60	2799184	S	16	105	121	0.00001
Pseudomonas_sp._IB20	1702250	S	15	86	101	0.00001
Pseudomonas_sp._LH1G9	2083055	S	14	55	69	0.00001
Pseudomonas_sp._So3.2b	2864101	S	14	51	65	0.00001
Pseudomonas_sp._7-41	2898483	S	13	65	78	0.00001
Pseudomonas_sp._VLB120	69328	S	13	173	186	0.00002
Pseudomonas_sp._SK2	2841063	S	12	209	221	0.00002
Pseudomonas_sp._HN8-3	2886361	S	12	27	39	0.00000
Pseudomonas_sp._13159349	2662034	S	10	105	115	0.00001
Pseudomonas_stutzeri	316	S	13519	7944	21463	0.00182
Pseudomonas_chloritidismutans	203192	S	108	131	239	0.00002
Pseudomonas_balearica	74829	S	1351	1523	2874	0.00024
Pseudomonas_xanthomarina	271420	S	436	67	503	0.00004
Pseudomonas_luteola	47886	S	123	57	180	0.00002
Pseudomonas_fluorescens	294	S	4248	3721	7969	0.00068
Pseudomonas_mediterranea	183795	S	1835	427	2262	0.00019
Pseudomonas_protegens	380021	S	954	11496	12450	0.00106
Pseudomonas_orientalis	76758	S	794	207	1001	0.00009
Pseudomonas_synxantha	47883	S	566	382	948	0.00008
Pseudomonas_azotoformans	47878	S	557	220	777	0.00007
Pseudomonas_rhodesiae	76760	S	522	184	706	0.00006
Pseudomonas_poae	200451	S	374	188	562	0.00005
Pseudomonas_trivialis	200450	S	354	119	473	0.00004
Pseudomonas_corrugata	47879	S	323	63	386	0.00003
Pseudomonas_tolaasii	29442	S	297	54	351	0.00003
Pseudomonas_migulae	78543	S	260	126	386	0.00003
Pseudomonas_cedrina	651740	S	249	60	309	0.00003
Pseudomonas_mucidolens	46679	S	245	33	278	0.00002
Pseudomonas_congelans	200452	S	196	61	257	0.00002
Pseudomonas_brenneri	129817	S	186	65	251	0.00002
Pseudomonas_libanensis	75588	S	118	122	240	0.00002
Pseudomonas_veronii	76761	S	91	249	340	0.00003
Pseudomonas_mandelii	75612	S	91	246	337	0.00003
Pseudomonas_ogarae	1114970	S	78	60	138	0.00001
Pseudomonas_extremorientalis	169669	S	20	51	71	0.00001
Pseudomonas_aeruginosa	287	S	4371	29233	33604	0.00286
Pseudomonas_alcaligenes	43263	S	2735	1612	4347	0.00037
Pseudomonas_mendocina	300	S	1976	684	2660	0.00023
Pseudomonas_furukawaii	1149133	S	1042	287	1329	0.00011
Pseudomonas_oleovorans	301	S	193	621	814	0.00007
Pseudomonas_resinovorans	53412	S	1012	208	1220	0.00010
Pseudomonas_multiresinivorans	95301	S	467	148	615	0.00005
Pseudomonas_nitroreducens	46680	S	152	309	461	0.00004
Pseudomonas_citronellolis	53408	S	459	692	1151	0.00010
Pseudomonas_putida	303	S	5520	7044	12564	0.00107
Pseudomonas_oryzihabitans	47885	S	1580	331	1911	0.00016
Pseudomonas_fulva	47880	S	1116	2866	3982	0.00034
Pseudomonas_plecoglossicida	70775	S	424	329	753	0.00006
Pseudomonas_mosselii	78327	S	213	385	598	0.00005
Pseudomonas_monteilii	76759	S	196	300	496	0.00004
Pseudomonas_sp._SGAir0191	2217867	S	115	76	191	0.00002
Pseudomonas_shirazica	1940636	S	11	137	148	0.00001
Pseudomonas_syringae	317	S	1568	2143	3711	0.00032
Pseudomonas_viridiflava	33069	S	913	103	1016	0.00009
Pseudomonas_cichorii	36746	S	542	45	587	0.00005
Pseudomonas_asturiensis	1190415	S	363	36	399	0.00003
Pseudomonas_amygdali	47877	S	139	782	921	0.00008
Pseudomonas_savastanoi	29438	S	54	148	202	0.00002
Pseudomonas_syringae_group_genomosp._7	251699	S	277	27	304	0.00003
Pseudomonas_fuscovaginae	50340	S	133	81	214	0.00002
Pseudomonas_avellanae	46257	S	77	131	208	0.00002
Pseudomonas_coronafaciens	53409	S	46	166	212	0.00002
Pseudomonas_syringae_group_genomosp._3	251701	S	35	514	549	0.00005
Pseudomonas_tremae	200454	S	20	53	73	0.00001
Pseudomonas_sp._Lz4W	1206777	S	18	34	52	0.00000
Pseudomonas_chlororaphis	587753	S	2469	2515	4984	0.00042
Pseudomonas_lundensis	86185	S	325	38	363	0.00003
Pseudomonas_fragi	296	S	193	160	353	0.00003
Pseudomonas_otitidis	319939	S	1699	359	2058	0.00017
Pseudomonas_psychrotolerans	237610	S	1559	333	1892	0.00016
Pseudomonas_knackmussii	65741	S	1499	1101	2600	0.00022
Pseudomonas_oryzae	1392877	S	1453	439	1892	0.00016
Pseudomonas_entomophila	312306	S	1249	534	1783	0.00015
Pseudomonas_cavernae	2320867	S	1004	150	1154	0.00010
Pseudomonas_guangdongensis	1245526	S	989	306	1295	0.00011
Pseudomonas_lalkuanensis	2604832	S	962	168	1130	0.00010
Pseudomonas_campi	2731681	S	813	107	920	0.00008
Pseudomonas_nanhaiensis	2830842	S	682	79	761	0.00006
Pseudomonas_qingdaonensis	2056231	S	622	119	741	0.00006
Pseudomonas_parafulva	157782	S	613	173	786	0.00007
Pseudomonas_vanderleydeniana	2745495	S	598	80	678	0.00006
Pseudomonas_eucalypticola	2599595	S	563	67	630	0.00005
Pseudomonas_rhizosphaerae	216142	S	524	59	583	0.00005
Pseudomonas_cremoricolorata	157783	S	517	72	589	0.00005
Pseudomonas_alkylphenolica	237609	S	489	91	580	0.00005
Pseudomonas_zhaodongensis	1176257	S	488	216	704	0.00006
Pseudomonas_argentinensis	289370	S	483	108	591	0.00005
Pseudomonas_saudiphocaensis	1499686	S	479	91	570	0.00005
Pseudomonas_brassicacearum	930166	S	476	942	1418	0.00012
Pseudomonas_frederiksbergensis	104087	S	465	139	604	0.00005
Pseudomonas_pohangensis	364197	S	465	31	496	0.00004
Pseudomonas_phragmitis	1931241	S	440	33	473	0.00004
Pseudomonas_umsongensis	198618	S	436	67	503	0.00004
Pseudomonas_tohonis	2725477	S	429	340	769	0.00007
Pseudomonas_muyukensis	2842357	S	414	119	533	0.00005
Pseudomonas_palleroniana	191390	S	396	63	459	0.00004
Pseudomonas_alvandae	2842348	S	375	57	432	0.00004
Pseudomonas_marincola	437900	S	372	51	423	0.00004
Pseudomonas_yamanorum	515393	S	371	83	454	0.00004
Pseudomonas_vancouverensis	95300	S	324	49	373	0.00003
Pseudomonas_koreensis	198620	S	324	128	452	0.00004
Pseudomonas_xantholysinigenes	2745490	S	321	85	406	0.00003
Pseudomonas_tructae	2518644	S	303	51	354	0.00003
Pseudomonas_antarctica	219572	S	302	76	378	0.00003
Pseudomonas_agarici	46677	S	290	13	303	0.00003
Pseudomonas_fakonensis	2842355	S	289	90	379	0.00003
Pseudomonas_hamedanensis	2745504	S	281	50	331	0.00003
Pseudomonas_xanthosomae	2842356	S	280	88	368	0.00003
Pseudomonas_wenzhouensis	2906062	S	280	102	382	0.00003
Pseudomonas_sediminis	1691904	S	279	79	358	0.00003
Pseudomonas_promysalinigenes	485898	S	276	39	315	0.00003
Pseudomonas_prosekii	1148509	S	271	43	314	0.00003
Pseudomonas_arsenicoxydans	702115	S	268	59	327	0.00003
Pseudomonas_thivervalensis	86265	S	263	57	320	0.00003
Pseudomonas_taetrolens	47884	S	259	30	289	0.00002
Pseudomonas_silesiensis	1853130	S	257	53	310	0.00003
Pseudomonas_extremaustralis	359110	S	249	54	303	0.00003
Pseudomonas_lurida	244566	S	247	56	303	0.00003
Pseudomonas_graminis	158627	S	239	67	306	0.00003
Pseudomonas_granadensis	1421430	S	238	116	354	0.00003
Pseudomonas_asgharzadehiana	2842349	S	225	51	276	0.00002
Pseudomonas_maumuensis	2842354	S	210	101	311	0.00003
Pseudomonas_lini	163011	S	208	40	248	0.00002
Pseudomonas_viciae	2505979	S	204	49	253	0.00002
Pseudomonas_simiae	321846	S	198	49	247	0.00002
Pseudomonas_versuta	1788301	S	196	29	225	0.00002
Pseudomonas_psychrophila	122355	S	187	23	210	0.00002
Pseudomonas_alcaliphila	101564	S	181	195	376	0.00003
Pseudomonas_reinekei	395598	S	174	49	223	0.00002
Pseudomonas_khazarica	2502979	S	166	211	377	0.00003
Pseudomonas_allokribbensis	2774460	S	153	60	213	0.00002
Pseudomonas_kunmingensis	1211807	S	147	215	362	0.00003
Pseudomonas_moraviensis	321662	S	138	252	390	0.00003
Pseudomonas_gozinkensis	2774461	S	138	66	204	0.00002
Pseudomonas_toyotomiensis	554344	S	137	130	267	0.00002
Pseudomonas_sihuiensis	1274359	S	137	183	320	0.00003
Pseudomonas_kribbensis	1628086	S	134	133	267	0.00002
Pseudomonas_chengduensis	489632	S	127	241	368	0.00003
Pseudomonas_tritici	2745518	S	126	40	166	0.00001
Pseudomonas_tensinigenes	2745511	S	124	67	191	0.00002
Pseudomonas_asplenii	53407	S	124	79	203	0.00002
Pseudomonas_anuradhapurensis	485870	S	121	110	231	0.00002
Pseudomonas_oryziphila	2894079	S	116	94	210	0.00002
Pseudomonas_atacamensis	2565368	S	101	103	204	0.00002
Pseudomonas_iranensis	2745503	S	97	76	173	0.00001
Pseudomonas_germanica	2815720	S	87	49	136	0.00001
Pseudomonas_zeae	2745510	S	81	42	123	0.00001
Pseudomonas_azerbaijanoriens	2842350	S	79	54	133	0.00001
Pseudomonas_monsensis	2745509	S	69	77	146	0.00001
Pseudomonas_salmasensis	2745514	S	66	44	110	0.00001
Pseudomonas_zarinae	2745498	S	65	51	116	0.00001
Pseudomonas_lactis	1615674	S	55	42	97	0.00001
Pseudomonas_soli	1306993	S	55	200	255	0.00002
Pseudomonas_glycinae	1785145	S	44	81	125	0.00001
Pseudomonas_juntendi	2666183	S	42	348	390	0.00003
Pseudomonas_sessilinigenes	658629	S	31	84	115	0.00001
Pseudomonas_asiatica	2219225	S	30	175	205	0.00002
Pseudomonas_donghuensis	1163398	S	24	70	94	0.00001
Candidatus_Pseudomonas_adelgestsugas	1302376	S	22	0	22	0.00000
Pseudomonas_rhizophila	2045200	S	21	59	80	0.00001
Pseudomonas_cerasi	1583341	S	20	43	63	0.00001
Pseudomonas_bijieensis	2681983	S	18	71	89	0.00001
Pseudomonas_taiwanensis	470150	S	14	181	195	0.00002
Pseudomonas_shahriarae	2745512	S	13	53	66	0.00001
Azotobacter_chroococcum	353	S	1348	901	2249	0.00019
Azotobacter_salinestris	69964	S	838	459	1297	0.00011
Azotobacter_vinelandii	354	S	786	0	786	0.00007
Halopseudomonas_xinjiangensis	487184	S	482	51	533	0.00005
Halopseudomonas_sp._RR6	2918528	S	420	66	486	0.00004
Halopseudomonas_sabulinigri	472181	S	387	35	422	0.00004
Halopseudomonas_aestusnigri	857252	S	371	249	620	0.00005
Halopseudomonas_litoralis	797277	S	296	75	371	0.00003
Halopseudomonas_salegens	1434072	S	224	16	240	0.00002
Permianibacter_aggregans	1510150	S	534	14	548	0.00005
Thiopseudomonas_alkaliphila	1697053	S	68	12	80	0.00001
Entomomonas_sp._F2A	2785331	S	33	2	35	0.00000
Entomomonas_moraniae	2213226	S	28	1	29	0.00000
Marinobacter_sp._CA1	2817656	S	539	38	577	0.00005
Marinobacter_sp._NP-4(2019)	2488665	S	350	60	410	0.00003
Marinobacter_sp._Arc7-DN-1	2304594	S	328	43	371	0.00003
Marinobacter_sp._LPB0319	2769486	S	318	19	337	0.00003
Marinobacter_sp._LQ44	1749259	S	154	230	384	0.00003
Marinobacter_sp._LV10R510-11A	1415568	S	143	5	148	0.00001
Marinobacter_sp._JH2	2547598	S	125	33	158	0.00001
Marinobacter_sp._CP1	1671721	S	119	215	334	0.00003
Marinobacter_sp._es.042	1761794	S	98	90	188	0.00002
Marinobacter_sp._BSs20148	490759	S	86	47	133	0.00001
Marinobacter_fonticola	2603215	S	401	18	419	0.00004
Marinobacter_salarius	1420917	S	339	40	379	0.00003
Marinobacter_nauticus	2743	S	314	82	396	0.00003
Marinobacter_similis	1420916	S	251	21	272	0.00002
Marinobacter_salsuginis	418719	S	218	28	246	0.00002
Marinobacter_salinus	1874317	S	198	12	210	0.00002
Marinobacter_adhaerens	1033846	S	88	180	268	0.00002
Marinobacter_psychrophilus	330734	S	62	34	96	0.00001
Klebsiella_pneumoniae	573	S	2310	56631	58941	0.00501
Klebsiella_quasipneumoniae	1463165	S	414	1433	1847	0.00016
Klebsiella_oxytoca	571	S	285	1310	1595	0.00014
Klebsiella_sp._A52	2834819	S	11	207	218	0.00002
Klebsiella_aerogenes	548	S	223	110	333	0.00003
Klebsiella_michiganensis	1134687	S	164	530	694	0.00006
Klebsiella_variicola	244366	S	158	530	688	0.00006
Klebsiella_africana	2489010	S	64	33	97	0.00001
Klebsiella_huaxiensis	2153354	S	59	49	108	0.00001
Klebsiella_quasivariicola	2026240	S	57	53	110	0.00001
Klebsiella_grimontii	2058152	S	35	203	238	0.00002
Raoultella_sp._HC6	2923366	S	137	88	225	0.00002
Raoultella_planticola	575	S	115	108	223	0.00002
Raoultella_ornithinolytica	54291	S	91	665	756	0.00006
Raoultella_terrigena	577	S	69	138	207	0.00002
Raoultella_electrica	1259973	S	18	43	61	0.00001
Enterobacter_cloacae	550	S	761	1199	1960	0.00017
Enterobacter_asburiae	61645	S	279	1247	1526	0.00013
Enterobacter_hormaechei	158836	S	207	3166	3373	0.00029
Enterobacter_cancerogenus	69218	S	183	58	241	0.00002
Enterobacter_roggenkampii	1812935	S	159	625	784	0.00007
Enterobacter_chengduensis	2494701	S	74	48	122	0.00001
Enterobacter_ludwigii	299767	S	72	178	250	0.00002
Enterobacter_kobei	208224	S	55	598	653	0.00006
Enterobacter_cloacae_complex_sp.	2027919	S	27	671	698	0.00006
Enterobacter_chuandaensis	2497875	S	49	31	80	0.00001
Enterobacter_sichuanensis	2071710	S	34	31	65	0.00001
Enterobacter_sp._JUb54	2724468	S	155	29	184	0.00002
Enterobacter_sp._SA187	1914861	S	144	24	168	0.00001
Enterobacter_sp._E76	2596949	S	109	191	300	0.00003
Enterobacter_sp._RHBSTW-00994	2742676	S	68	16	84	0.00001
Enterobacter_sp._RHBSTW-00175	2742639	S	62	53	115	0.00001
Enterobacter_sp._JBIWA008	2831892	S	56	36	92	0.00001
Enterobacter_sp._Colony194	2866201	S	47	53	100	0.00001
Enterobacter_sp._SGAir0187	2836161	S	34	39	73	0.00001
Enterobacter_sp._JBIWA003	2831890	S	19	24	43	0.00000
Enterobacter_sp._SES19	2705458	S	19	20	39	0.00000
Enterobacter_sp._JBIWA005	2831891	S	18	34	52	0.00000
Enterobacter_sp._N18-03635	2500132	S	12	31	43	0.00000
Enterobacter_huaxiensis	2494702	S	128	36	164	0.00001
Enterobacter_mori	539813	S	85	111	196	0.00002
Enterobacter_soli	885040	S	54	13	67	0.00001
Enterobacter_oligotrophicus	2478464	S	54	15	69	0.00001
Enterobacter_bugandensis	881260	S	53	95	148	0.00001
Citrobacter_freundii	546	S	196	900	1096	0.00009
Citrobacter_werkmanii	67827	S	46	121	167	0.00001
Citrobacter_portucalensis	1639133	S	26	277	303	0.00003
Citrobacter_freundii_complex_sp._CFNIH2	2066049	S	19	23	42	0.00000
Citrobacter_braakii	57706	S	18	162	180	0.00002
Citrobacter_sedlakii	67826	S	15	44	59	0.00001
Citrobacter_sp._R56	1573676	S	119	41	160	0.00001
Citrobacter_sp._RHB25-C09	2742624	S	99	48	147	0.00001
Citrobacter_sp._BDA59-3	2781952	S	24	10	34	0.00000
Citrobacter_rodentium	67825	S	155	0	155	0.00001
Citrobacter_amalonaticus	35703	S	133	703	836	0.00007
Citrobacter_farmeri	67824	S	89	42	131	0.00001
Citrobacter_koseri	545	S	63	91	154	0.00001
Citrobacter_tructae	2562449	S	61	26	87	0.00001
Citrobacter_pasteurii	1563222	S	36	32	68	0.00001
Citrobacter_arsenatis	2546350	S	24	9	33	0.00000
Citrobacter_cronae	1748967	S	12	106	118	0.00001
Kosakonia_sacchari	1158459	S	408	174	582	0.00005
Kosakonia_sp._SMBL-WEM22	2725560	S	105	39	144	0.00001
Kosakonia_sp._CCTCC_M2018092	2492396	S	59	47	106	0.00001
Kosakonia_sp._MUSA4	2067958	S	51	22	73	0.00001
Kosakonia_cowanii	208223	S	201	135	336	0.00003
Kosakonia_radicincitans	283686	S	93	81	174	0.00001
Kosakonia_pseudosacchari	1646340	S	88	40	128	0.00001
Kosakonia_arachidis	551989	S	63	15	78	0.00001
Kosakonia_oryzae	497725	S	62	38	100	0.00001
Cronobacter_sakazakii	28141	S	250	185	435	0.00004
Cronobacter_dublinensis	413497	S	201	71	272	0.00002
Cronobacter_condimenti	1163710	S	151	41	192	0.00002
Cronobacter_universalis	535744	S	130	92	222	0.00002
Cronobacter_malonaticus	413503	S	104	122	226	0.00002
Cronobacter_sp._JZ38	1906275	S	40	122	162	0.00001
Cronobacter_muytjensii	413501	S	22	86	108	0.00001
Leclercia_adecarboxylata	83655	S	362	614	976	0.00008
Leclercia_sp._29361	2714951	S	120	44	164	0.00001
Leclercia_sp._J807	2681307	S	31	42	73	0.00001
Leclercia_sp._W6	2282310	S	22	37	59	0.00001
Leclercia_sp._W17	2282309	S	20	50	70	0.00001
Leclercia_sp._119287	2681308	S	17	49	66	0.00001
Leclercia_sp._G3L	2898725	S	15	70	85	0.00001
Leclercia_sp._LSNIH1	1920114	S	14	178	192	0.00002
Leclercia_pneumoniae	2815358	S	114	47	161	0.00001
Salmonella_enterica	28901	S	774	29836	30610	0.00260
Salmonella_bongori	54736	S	83	19	102	0.00001
Pluralibacter_gergoviae	61647	S	555	127	682	0.00006
[Enterobacter]_lignolyticus	1334193	S	269	67	336	0.00003
Escherichia_coli	562	S	480	12257	12737	0.00108
Escherichia_albertii	208962	S	96	71	167	0.00001
Escherichia_fergusonii	564	S	48	66	114	0.00001
Escherichia_marmotae	1499973	S	36	18	54	0.00000
Escherichia_sp._E4742	2044467	S	26	15	41	0.00000
Cedecea_neteri	158822	S	436	90	526	0.00004
Cedecea_lapagei	158823	S	106	28	134	0.00001
Cedecea_sp._FDAARGOS_727	2545798	S	99	19	118	0.00001
Lelliottia_amnigena	61646	S	268	67	335	0.00003
Lelliottia_sp._AC1	2067959	S	50	49	99	0.00001
Lelliottia_sp._WB101	2153385	S	40	46	86	0.00001
Kluyvera_ascorbata	51288	S	109	92	201	0.00002
Kluyvera_intermedia	61648	S	78	51	129	0.00001
Kluyvera_genomosp._3	2774055	S	13	35	48	0.00000
Kluyvera_sp._CRP	2873269	S	12	34	46	0.00000
Candidatus_Symbiopectobacterium_sp._SyEd1	2871826	S	125	13	138	0.00001
Blochmannia_endosymbiont_of_Colobopsis_nipponica	2681987	S	12	5	17	0.00000
Blochmannia_endosymbiont_of_Polyrhachis_(Hedomyrma)_turneri	1505596	S	11	6	17	0.00000
secondary_endosymbiont_of_Ctenarytaina_eucalypti	1199245	S	20	0	20	0.00000
Candidatus_Hamiltonella_defensa	138072	S	17	1	18	0.00000
secondary_endosymbiont_of_Heteropsylla_cubana	134287	S	13	0	13	0.00000
Candidatus_Doolittlea_endobia	1778262	S	18	0	18	0.00000
Candidatus_Mikella_endobia	1778264	S	12	0	12	0.00000
Candidatus_Gullanella_endobia	1070130	S	12	0	12	0.00000
Plesiomonas_shigelloides	703	S	182	52	234	0.00002
Pseudescherichia_vulneris	566	S	180	9	189	0.00002
Atlantibacter_hermannii	565	S	165	31	196	0.00002
Buttiauxella_agrestis	82977	S	76	12	88	0.00001
Buttiauxella_ferragutiae	82989	S	25	39	64	0.00001
Buttiauxella_sp._3AFRM03	2479367	S	15	21	36	0.00000
Jejubacter_calystegiae	2579935	S	158	15	173	0.00001
Scandinavium_goeteborgense	1851514	S	139	23	162	0.00001
Shimwellia_blattae	563	S	135	24	159	0.00001
Yokenella_regensburgei	158877	S	128	48	176	0.00001
Phytobacter_ursingii	1972431	S	83	95	178	0.00002
Phytobacter_diazotrophicus	395631	S	15	85	100	0.00001
Phytobacter_sp._SCO41	1756993	S	12	15	27	0.00000
Enterobacteriaceae_endosymbiont_of_Donacia_cincticornis	2675773	S	52	21	73	0.00001
Pseudocitrobacter_sp._G163CM	2891570	S	93	20	113	0.00001
Shigella_flexneri	623	S	13	3882	3895	0.00033
Shigella_boydii	621	S	12	181	193	0.00002
Candidatus_Moranella_endobia	1048758	S	23	2	25	0.00000
Serratia_marcescens	615	S	1079	2261	3340	0.00028
Serratia_sp._FDAARGOS_506	2420306	S	74	74	148	0.00001
Serratia_sp._ATCC_39006	104623	S	73	7	80	0.00001
Serratia_sp._FGI94	671990	S	48	54	102	0.00001
Serratia_sp._3ACOL1	2448483	S	32	49	81	0.00001
Serratia_sp._MYb239	2033438	S	21	196	217	0.00002
Serratia_sp._1D1416	2447890	S	19	67	86	0.00001
Serratia_sp._FS14	1327989	S	14	72	86	0.00001
Serratia_sp._P2ACOL2	2482769	S	14	46	60	0.00001
Serratia_plymuthica	82996	S	353	179	532	0.00005
Serratia_entomophila	42906	S	257	63	320	0.00003
Serratia_rubidaea	61652	S	233	276	509	0.00004
Serratia_odorifera	618	S	185	30	215	0.00002
Serratia_proteamaculans	28151	S	165	39	204	0.00002
Serratia_fonticola	47917	S	141	130	271	0.00002
Serratia_surfactantfaciens	2741499	S	102	61	163	0.00001
Serratia_liquefaciens	614	S	98	132	230	0.00002
Serratia_quinivorans	137545	S	89	34	123	0.00001
Serratia_symbiotica	138074	S	82	12	94	0.00001
Serratia_inhibens	2338073	S	74	41	115	0.00001
Serratia_grimesii	82995	S	72	8	80	0.00001
Serratia_ureilytica	300181	S	59	816	875	0.00007
Serratia_rhizosphaerae	2597702	S	55	53	108	0.00001
Serratia_ficaria	61651	S	24	115	139	0.00001
Yersinia_similis	367190	S	21	3	24	0.00000
Yersinia_pseudotuberculosis	633	S	18	173	191	0.00002
Yersinia_pestis	632	S	10	746	756	0.00006
Yersinia_enterocolitica	630	S	63	29	92	0.00001
Yersinia_entomophaga	935293	S	60	10	70	0.00001
Yersinia_ruckeri	29486	S	51	9	60	0.00001
Yersinia_rohdei	29485	S	39	7	46	0.00000
Yersinia_mollaretii	33060	S	39	8	47	0.00000
Yersinia_frederiksenii	29484	S	35	30	65	0.00001
Yersinia_kristensenii	28152	S	34	93	127	0.00001
Yersinia_aldovae	29483	S	32	6	38	0.00000
Yersinia_aleksiciae	263819	S	31	7	38	0.00000
Yersinia_canariae	2607663	S	25	8	33	0.00000
Yersinia_intermedia	631	S	13	40	53	0.00000
Yersinia_hibernica	2339259	S	12	19	31	0.00000
Rahnella_aquatilis	34038	S	189	251	440	0.00004
Rahnella_inusitata	58169	S	121	30	151	0.00001
Rahnella_victoriana	1510570	S	110	16	126	0.00001
Rahnella_sp._ERMR1:05	1805933	S	104	14	118	0.00001
Rahnella_aceris	2703885	S	19	39	58	0.00001
Nissabacter_sp._SGAir0207	2126321	S	427	58	485	0.00004
Gibbsiella_quercinecans	929813	S	265	35	300	0.00003
Rouxiella_badensis	1646377	S	156	13	169	0.00001
Ewingella_americana	41202	S	149	20	169	0.00001
Chania_multitudinisentens	1639108	S	94	10	104	0.00001
Candidatus_Fukatsuia_symbiotica	1878942	S	30	1	31	0.00000
Pantoea_sp._Z09	2886821	S	381	116	497	0.00004
Pantoea_sp._SO10	2575375	S	156	28	184	0.00002
Pantoea_sp._At-9b	592316	S	123	23	146	0.00001
Pantoea_sp._CCBC3-3-1	2490851	S	114	21	135	0.00001
Pantoea_sp._MSR2	2052056	S	108	12	120	0.00001
Pantoea_sp._MT58	2768165	S	14	115	129	0.00001
Pantoea_agglomerans	549	S	789	246	1035	0.00009
Pantoea_dispersa	59814	S	650	162	812	0.00007
Pantoea_ananatis	553	S	224	67	291	0.00002
Pantoea_vagans	470934	S	223	388	611	0.00005
Pantoea_deleyi	470932	S	206	47	253	0.00002
Pantoea_alhagi	1891675	S	144	48	192	0.00002
Pantoea_cypripedii	55209	S	114	7	121	0.00001
Pantoea_stewartii	66269	S	113	26	139	0.00001
Pantoea_rwandensis	1076550	S	111	23	134	0.00001
Erwinia_sp._E602	2675378	S	346	57	403	0.00003
Erwinia_sp._J780	2681984	S	92	16	108	0.00001
Erwinia_sp._Ejp617	215689	S	29	50	79	0.00001
Erwinia_sp._QL-Z3	2547962	S	28	82	110	0.00001
Erwinia_gerundensis	1619313	S	186	33	219	0.00002
Erwinia_persicina	55211	S	160	31	191	0.00002
Erwinia_rhapontici	55212	S	113	20	133	0.00001
Erwinia_amylovora	552	S	100	33	133	0.00001
Erwinia_tasmaniensis	338565	S	97	18	115	0.00001
Candidatus_Erwinia_haradaeae	1922217	S	81	1	82	0.00001
Erwinia_billingiae	182337	S	75	148	223	0.00002
Erwinia_tracheiphila	65700	S	70	8	78	0.00001
[Pantoea]_beijingensis	1324864	S	58	10	68	0.00001
Erwinia_pyrifoliae	79967	S	29	48	77	0.00001
Mixta_gaviniae	665914	S	319	118	437	0.00004
Mixta_calida	665913	S	235	122	357	0.00003
Mixta_theicola	1458355	S	177	54	231	0.00002
Mixta_sp._X22927	2872648	S	126	67	193	0.00002
Mixta_intestinalis	1615494	S	113	31	144	0.00001
Buchnera_aphidicola	9	S	201	20	221	0.00002
Tatumella_ptyseos	82987	S	52	8	60	0.00001
Tatumella_citrea	53336	S	38	5	43	0.00000
Dickeya_dadantii	204038	S	263	198	461	0.00004
Dickeya_zeae	204042	S	219	262	481	0.00004
Dickeya_chrysanthemi	556	S	217	84	301	0.00003
Dickeya_dianthicola	204039	S	167	147	314	0.00003
Dickeya_fangzhongdai	1778540	S	83	391	474	0.00004
Dickeya_poaceiphila	568768	S	64	11	75	0.00001
Dickeya_sp._NCPPB_3274	568766	S	59	46	105	0.00001
Dickeya_solani	1089444	S	55	30	85	0.00001
Dickeya_oryzae	1240404	S	12	29	41	0.00000
Pectobacterium_carotovorum	554	S	166	332	498	0.00004
Pectobacterium_brasiliense	180957	S	110	133	243	0.00002
Pectobacterium_sp._LJ1	2878098	S	70	19	89	0.00001
Pectobacterium_sp._PL64	2738983	S	24	16	40	0.00000
Pectobacterium_atrosepticum	29471	S	67	18	85	0.00001
Pectobacterium_polaris	2042057	S	60	43	103	0.00001
Pectobacterium_parmentieri	1905730	S	59	22	81	0.00001
Pectobacterium_odoriferum	78398	S	51	38	89	0.00001
Pectobacterium_punjabense	2108399	S	46	11	57	0.00000
Pectobacterium_wasabiae	55208	S	34	10	44	0.00000
Pectobacterium_aroidearum	1201031	S	27	43	70	0.00001
Pectobacterium_versatile	2488639	S	27	63	90	0.00001
Pectobacterium_quasiaquaticum	2774015	S	24	24	48	0.00000
Pectobacterium_parvum	2778550	S	17	23	40	0.00000
Brenneria_goodwinii	1109412	S	168	163	331	0.00003
Brenneria_izadpanahii	2722756	S	163	164	327	0.00003
Brenneria_rubrifaciens	55213	S	118	42	160	0.00001
Lonsdalea_populi	1172565	S	178	44	222	0.00002
Lonsdalea_britannica	1082704	S	161	37	198	0.00002
Musicola_paradisiaca	69223	S	203	25	228	0.00002
Morganella_morganii	582	S	365	363	728	0.00006
Providencia_rettgeri	587	S	74	163	237	0.00002
Providencia_alcalifaciens	126385	S	47	19	66	0.00001
Providencia_sp._R33	2828763	S	37	7	44	0.00000
Providencia_heimbachae	333962	S	26	8	34	0.00000
Providencia_rustigianii	158850	S	23	7	30	0.00000
Providencia_sneebia	516075	S	23	1	24	0.00000
Xenorhabdus_doucetiae	351671	S	62	7	69	0.00001
Xenorhabdus_bovienii	40576	S	59	10	69	0.00001
Xenorhabdus_budapestensis	290110	S	36	3	39	0.00000
Xenorhabdus_poinarii	40577	S	33	4	37	0.00000
Xenorhabdus_nematophila	628	S	29	239	268	0.00002
Xenorhabdus_hominickii	351679	S	27	3	30	0.00000
Photorhabdus_thracensis	230089	S	95	12	107	0.00001
Photorhabdus_akhurstii	171438	S	31	4	35	0.00000
Photorhabdus_laumondii	2218628	S	29	4	33	0.00000
Photorhabdus_asymbiotica	291112	S	23	2	25	0.00000
Proteus_mirabilis	584	S	46	57	103	0.00001
Proteus_vulgaris	585	S	31	81	112	0.00001
Proteus_hauseri	183417	S	18	3	21	0.00000
Arsenophonus_endosymbiont_of_Aleurodicus_dispersus	235559	S	19	0	19	0.00000
Arsenophonus_endosymbiont_of_Aphis_craccivora	1231049	S	12	2	14	0.00000
Arsenophonus_nasoniae	638	S	25	11	36	0.00000
Moellerella_wisconsensis	158849	S	33	20	53	0.00000
Edwardsiella_tarda	636	S	265	226	491	0.00004
Edwardsiella_hoshinae	93378	S	188	46	234	0.00002
Edwardsiella_ictaluri	67780	S	142	84	226	0.00002
Edwardsiella_piscicida	1263550	S	16	275	291	0.00002
Edwardsiella_sp._EA181011	1578828	S	10	205	215	0.00002
Hafnia_alvei	569	S	71	103	174	0.00001
Hafnia_paralvei	546367	S	26	11	37	0.00000
Obesumbacterium_proteus	82983	S	29	24	53	0.00000
Sodalis_sp._dw_23	2697027	S	257	15	272	0.00002
Sodalis_endosymbiont_of_Henestaris_halophilus	1929246	S	24	0	24	0.00000
Sodalis_glossinidius	63612	S	180	23	203	0.00002
Sodalis_praecaptivus	1239307	S	164	108	272	0.00002
Candidatus_Sodalis_pierantonius	1486991	S	71	50	121	0.00001
Leminorella_richardii	158841	S	99	11	110	0.00001
Pragia_fontium	82985	S	47	5	52	0.00000
Limnobaculum_parvum	2172103	S	43	6	49	0.00000
Jinshanibacter_zhutongyuii	2498113	S	28	3	31	0.00000
Thioalkalivibrio_sulfidiphilus	1033854	S	1550	840	2390	0.00020
Thioalkalivibrio_paradoxus	108010	S	1323	415	1738	0.00015
Thioalkalivibrio_nitratireducens	186931	S	1202	344	1546	0.00013
Thioalkalivibrio_sp._K90mix	396595	S	1065	136	1201	0.00010
Thioalkalivibrio_versutus	106634	S	948	126	1074	0.00009
Spiribacter_sp._E85	2182432	S	2750	257	3007	0.00026
Spiribacter_sp._2438	2666185	S	538	50	588	0.00005
Spiribacter_curvatus	1335757	S	615	32	647	0.00006
Spiribacter_salinus	1335746	S	466	33	499	0.00004
Acidihalobacter_aeolianus	2792603	S	1096	152	1248	0.00011
Acidihalobacter_ferrooxydans	1765967	S	934	93	1027	0.00009
Acidihalobacter_yilgarnensis	2819280	S	649	45	694	0.00006
Halorhodospira_halophila	1053	S	1237	131	1368	0.00012
Halorhodospira_halochloris	1052	S	222	8	230	0.00002
Ectothiorhodospira_sp._BSL-9	1442136	S	560	174	734	0.00006
Ectothiorhodospira_haloalkaliphila	421628	S	499	161	660	0.00006
Aquisalimonas_sp._2447	2740807	S	1221	86	1307	0.00011
Alkalilimnicola_ehrlichii	351052	S	1146	147	1293	0.00011
Ectothiorhodosinus_mongolicus	233100	S	205	13	218	0.00002
Allochromatium_tepidum	553982	S	905	493	1398	0.00012
Allochromatium_vinosum	1049	S	901	402	1303	0.00011
Candidatus_Thiodictyon_syntrophicum	1166950	S	2153	115	2268	0.00019
Thioflavicoccus_mobilis	80679	S	1924	171	2095	0.00018
Marichromatium_purpuratum	37487	S	1854	356	2210	0.00019
Thiocapsa_bogorovii	521689	S	1540	83	1623	0.00014
Thiocystis_violascens	73141	S	1325	112	1437	0.00012
Thermochromatium_tepidum	1050	S	705	174	879	0.00007
Nitrosococcus_halophilus	133539	S	154	22	176	0.00002
Nitrosococcus_wardiae	1814290	S	139	19	158	0.00001
Nitrosococcus_oceani	1229	S	125	33	158	0.00001
Nitrosococcus_watsonii	473531	S	106	30	136	0.00001
Caldichromatium_japonicum	2699430	S	563	62	625	0.00005
Rheinheimera_sp._F8	1763998	S	116	4	120	0.00001
Rheinheimera_sp._D18	2545632	S	52	39	91	0.00001
Rheinheimera_mangrovi	2498451	S	65	4	69	0.00001
Candidatus_Nitrosoglobus_terrae	1630141	S	40	2	42	0.00000
Candidatus_Nitrosacidococcus_tergens	553981	S	18	0	18	0.00000
Wenzhouxiangella_marina	1579979	S	1383	89	1472	0.00013
Wenzhouxiangella_sp._AB-CW3	2771012	S	871	39	910	0.00008
Thiohalobacter_sp._COW1	2795687	S	328	674	1002	0.00009
Thiohalobacter_thiocyanaticus	585455	S	290	738	1028	0.00009
Sulfurivermis_fontis	1972068	S	1275	460	1735	0.00015
Guyparkeria_halophila	47960	S	1172	266	1438	0.00012
Halothiobacillus_sp._LS2	1860122	S	586	50	636	0.00005
Halothiobacillus_neapolitanus	927	S	233	23	256	0.00002
Woeseia_oceani	1548547	S	814	13	827	0.00007
Sulfuriflexus_mobilis	1811807	S	318	9	327	0.00003
Granulosicoccus_antarcticus	437505	S	274	4	278	0.00002
Halomonas_sp._JS92-SW72	2306583	S	2074	1693	3767	0.00032
Halomonas_sp._THAF5a	2587844	S	1099	373	1472	0.00013
Halomonas_sp._1513	1883416	S	900	194	1094	0.00009
Halomonas_sp._YLGW01	2773308	S	763	118	881	0.00007
Halomonas_sp._THAF12	2587849	S	749	386	1135	0.00010
Halomonas_sp._HG01	1609967	S	720	246	966	0.00008
Halomonas_sp._MCCC_1A13316	2733487	S	681	85	766	0.00007
Halomonas_sp._PGE1	2730360	S	520	538	1058	0.00009
Halomonas_sp._Y2R2	2562282	S	275	14	289	0.00002
Halomonas_sp._A40-4	2785909	S	227	54	281	0.00002
Halomonas_sp._SH5A2	2749040	S	205	32	237	0.00002
Halomonas_sp._KO116	1504981	S	162	62	224	0.00002
Halomonas_sp._R57-5	1610576	S	137	55	192	0.00002
Halomonas_sp._18071143	2855441	S	119	254	373	0.00003
Halomonas_sp._FeN2	2832500	S	116	50	166	0.00001
Halomonas_sp._SS10-MC5	2854257	S	100	949	1049	0.00009
Halomonas_sp._SF2003	2136172	S	92	413	505	0.00004
Halomonas_sp._GFAJ-1	1118153	S	91	16	107	0.00001
Halomonas_sp._NyZ770	2883106	S	65	275	340	0.00003
Halomonas_sp._TD01	999141	S	51	24	75	0.00001
Halomonas_sp._GT	1971364	S	47	30	77	0.00001
Halomonas_sp._HL-93	1666906	S	46	204	250	0.00002
Halomonas_sp._hl-4	1761789	S	45	194	239	0.00002
Halomonas_sp._N3-2A	2014541	S	24	31	55	0.00000
Halomonas_beimenensis	475662	S	1176	221	1397	0.00012
Halomonas_aestuarii	1897729	S	933	190	1123	0.00010
Halomonas_socia	1081866	S	820	155	975	0.00008
Halomonas_sulfidivorans	2733488	S	747	150	897	0.00008
Halomonas_tianxiuensis	2497861	S	731	163	894	0.00008
Halomonas_elongata	2746	S	597	58	655	0.00006
Halomonas_chromatireducens	507626	S	554	42	596	0.00005
Halomonas_meridiana	29570	S	390	309	699	0.00006
Halomonas_subglaciescola	29571	S	362	38	400	0.00003
Halomonas_huangheensis	1178482	S	348	19	367	0.00003
Halomonas_piezotolerans	2609667	S	251	139	390	0.00003
Halomonas_profundi	2852117	S	157	22	179	0.00002
Halomonas_sulfidoxydans	2733484	S	100	934	1034	0.00009
Halomonas_hydrothermalis	115561	S	86	264	350	0.00003
Halomonas_titanicae	664683	S	85	455	540	0.00005
Halomonas_venusta	44935	S	52	70	122	0.00001
Halomonas_campaniensis	213554	S	13	65	78	0.00001
Cobetia_sp._L2A1	2686360	S	270	32	302	0.00003
Cobetia_sp._cqz5-12	2609415	S	152	209	361	0.00003
Cobetia_sp._4B	2758724	S	76	327	403	0.00003
Cobetia_sp._AM6	2661553	S	55	315	370	0.00003
Cobetia_pacifica	1055101	S	82	256	338	0.00003
Cobetia_amphilecti	1055104	S	34	211	245	0.00002
Cobetia_marina	28258	S	15	205	220	0.00002
Salinicola_tamaricis	1771309	S	1068	114	1182	0.00010
Halotalea_alkalilenta	376489	S	1052	186	1238	0.00011
Kushneria_phosphatilytica	657387	S	348	12	360	0.00003
Kushneria_konosiri	698828	S	307	67	374	0.00003
Kushneria_marisflavi	157779	S	227	48	275	0.00002
Chromohalobacter_salexigens	158080	S	756	76	832	0.00007
Pistricoccus_aurantiacus	1883414	S	506	32	538	0.00005
Zymobacter_palmae	33074	S	190	24	214	0.00002
Candidatus_Portiera_aleyrodidarum	91844	S	35	4	39	0.00000
Candidatus_Carsonella_ruddii	114186	S	10	5	15	0.00000
Alcanivorax_sp._N3-2A	2014542	S	897	842	1739	0.00015
Alcanivorax_sp._NBRC_101098	1113728	S	14	212	226	0.00002
Alcanivorax_pacificus	1306787	S	790	253	1043	0.00009
Alcanivorax_dieselolei	285091	S	425	143	568	0.00005
Alcanivorax_xenomutans	1094342	S	377	195	572	0.00005
Ketobacter_alkanivorans	1917421	S	182	16	198	0.00002
Marinobacterium_aestuarii	1821621	S	497	35	532	0.00005
Marinobacterium_sediminicola	518898	S	255	34	289	0.00002
Marinobacterium_georgiense	48076	S	221	63	284	0.00002
Marinobacterium_sp._LSUCC0821	2668067	S	52	3	55	0.00000
Marinomonas_sp._FW-1	2071621	S	35	7	42	0.00000
Marinomonas_sp._A3A	2065312	S	32	3	35	0.00000
Marinomonas_sp._CT5	2066133	S	26	1	27	0.00000
Marinomonas_primoryensis	178399	S	51	6	57	0.00000
Marinomonas_profundi	2726122	S	40	10	50	0.00000
Marinomonas_arctica	383750	S	38	7	45	0.00000
Marinomonas_foliarum	491950	S	38	12	50	0.00000
Marinomonas_algicola	2773454	S	33	5	38	0.00000
Marinomonas_posidonica	936476	S	26	3	29	0.00000
Marinomonas_mediterranea	119864	S	21	1	22	0.00000
Thalassolituus_sp._C2-1	2597518	S	151	10	161	0.00001
Thalassolituus_oleivorans	187493	S	70	17	87	0.00001
Venatorbacter_cucullus	2661630	S	212	47	259	0.00002
Neptunomonas_concharum	1031538	S	56	5	61	0.00001
Neptunomonas_japonica	417574	S	50	3	53	0.00000
Neptunomonas_phycophila	1572645	S	48	4	52	0.00000
Bacterioplanes_sanyensis	1249553	S	145	8	153	0.00001
Nitrincola_iocasae	2614693	S	104	16	120	0.00001
Amphritea_japonica	452627	S	65	4	69	0.00001
Bermanella_marisrubri	207949	S	42	1	43	0.00000
Saccharospirillum_mangrovi	2161747	S	364	21	385	0.00003
Reinekea_forsetii	1336806	S	171	8	179	0.00002
Gynuella_sunshinyii	1445505	S	121	3	124	0.00001
Hahella_sp._KA22	1628392	S	296	43	339	0.00003
Hahella_chejuensis	158327	S	278	35	313	0.00003
Litoricola_lipolytica	418701	S	211	9	220	0.00002
Endozoicomonas_montiporae	1027273	S	103	5	108	0.00001
Oleiphilus_messinensis	141451	S	101	8	109	0.00001
Spartinivicinus_ruber	2683272	S	34	0	34	0.00000
Cellvibrio_sp._KY-GH-1	2303332	S	2642	215	2857	0.00024
Cellvibrio_sp._KY-YJ-3	454662	S	2620	386	3006	0.00026
Cellvibrio_sp._PSBB006	1987723	S	2562	81	2643	0.00022
Cellvibrio_sp._PSBB023	1945512	S	1226	122	1348	0.00011
Cellvibrio_japonicus	155077	S	654	44	698	0.00006
Teredinibacter_turnerae	2426	S	174	7	181	0.00002
Teredinibacter_haidensis	2731755	S	103	7	110	0.00001
Teredinibacter_purpureus	2731756	S	67	3	70	0.00001
Simiduia_agarivorans	447471	S	307	14	321	0.00003
Saccharophagus_degradans	86304	S	86	2	88	0.00001
Agarilytica_rhodophyticola	1737490	S	69	1	70	0.00001
Marinagarivorans_sp._GE09	2721545	S	64	5	69	0.00001
Microbulbifer_sp._YPW16	2904242	S	554	55	609	0.00005
Microbulbifer_sp._SH-1	2681547	S	459	83	542	0.00005
Microbulbifer_sp._YPW1	2745199	S	369	79	448	0.00004
Microbulbifer_sp._ALW1	1516059	S	283	57	340	0.00003
Microbulbifer_sp._THAF38	2587856	S	121	52	173	0.00001
Microbulbifer_sp._GL-2	2591606	S	99	22	121	0.00001
Microbulbifer_sp._A4B17	359370	S	85	25	110	0.00001
Microbulbifer_celer	435905	S	346	48	394	0.00003
Microbulbifer_aggregans	1769779	S	345	44	389	0.00003
Microbulbifer_thermotolerans	252514	S	334	21	355	0.00003
Microbulbifer_hydrolyticus	48074	S	312	65	377	0.00003
Microbulbifer_elongatus	86173	S	288	53	341	0.00003
Microbulbifer_agarilyticus	260552	S	193	24	217	0.00002
Microbulbifer_variabilis	266805	S	101	44	145	0.00001
Kineobactrum_salinum	2708301	S	667	25	692	0.00006
Halioglobus_japonicus	930805	S	314	16	330	0.00003
Halioglobus_maricola	2601894	S	260	11	271	0.00002
Congregibacter_litoralis	393662	S	318	128	446	0.00004
Aequoribacter_fuscus	2518989	S	155	21	176	0.00002
Spongiibacter_nanhainus	2794344	S	288	34	322	0.00003
Spongiibacter_taiwanensis	1748242	S	267	11	278	0.00002
Spongiibacter_sp._IMCC21906	1620392	S	92	25	117	0.00001
Zhongshania_aliphaticivorans	1470434	S	123	10	133	0.00001
Oceanicoccus_sagamiensis	716816	S	75	1	76	0.00001
Methylococcus_sp._EFPC2	2812648	S	1174	76	1250	0.00011
Methylococcus_sp._Mc7	2860258	S	1005	313	1318	0.00011
Methylococcus_capsulatus	414	S	1014	256	1270	0.00011
Methylococcus_geothermalis	2681310	S	802	213	1015	0.00009
Methylomonas_sp._LL1	2785785	S	351	14	365	0.00003
Methylomonas_sp._LW13	107637	S	167	81	248	0.00002
Methylomonas_sp._EFPC1	2812647	S	156	81	237	0.00002
Methylomonas_sp._DH-1	1727196	S	147	269	416	0.00004
Methylomonas_koyamae	702114	S	388	383	771	0.00007
Methylomonas_rhizoryzae	2608981	S	350	12	362	0.00003
Methylomonas_denitrificans	1538553	S	327	21	348	0.00003
Methylomonas_methanica	421	S	281	13	294	0.00003
Methylomonas_paludis	1173101	S	115	4	119	0.00001
Methylomagnum_ishizawai	1760988	S	1221	48	1269	0.00011
Methylogaea_oryzae	1295382	S	1219	85	1304	0.00011
Methylomicrobium_album	39775	S	999	37	1036	0.00009
Methylomicrobium_sp._wino1	2049332	S	193	169	362	0.00003
Methylocaldum_marinum	1432792	S	1190	63	1253	0.00011
Candidatus_Methylospira_mobilis	1808979	S	398	15	413	0.00004
Methylotuvimicrobium_alcaliphilum	271065	S	152	187	339	0.00003
Methylotuvimicrobium_buryatense	95641	S	130	134	264	0.00002
Methylovulum_psychrotolerans	1704499	S	193	4	197	0.00002
Methylobacter_sp._S3L5C	2839024	S	86	4	90	0.00001
Steroidobacter_denitrificans	465721	S	7939	1995	9934	0.00084
Solimonas_sp._K1W22B-7	2303331	S	3423	335	3758	0.00032
Flagellatimonas_centrodinii	2806210	S	1144	86	1230	0.00010
Sinimarinibacterium_sp._NLF-5-8	2698684	S	609	304	913	0.00008
Aeromonas_sp._FDAARGOS_1415	2778064	S	208	106	314	0.00003
Aeromonas_sp._CA23	2033032	S	178	71	249	0.00002
Aeromonas_sp._CU5	2033033	S	95	37	132	0.00001
Aeromonas_sp._FDAARGOS_1409	2778058	S	94	130	224	0.00002
Aeromonas_sp._FDAARGOS_1405	2778054	S	34	53	87	0.00001
Aeromonas_sp._FDAARGOS_1407	2778056	S	34	98	132	0.00001
Aeromonas_sp._ASNIH4	1636609	S	32	143	175	0.00001
Aeromonas_sp._FDAARGOS_1410	2778059	S	30	68	98	0.00001
Aeromonas_sp._FDAARGOS_1403	2778052	S	29	86	115	0.00001
Aeromonas_sp._1805	2560028	S	28	76	104	0.00001
Aeromonas_sp._ASNIH5	1758179	S	24	370	394	0.00003
Aeromonas_sp._FDAARGOS_1417	2778066	S	17	47	64	0.00001
Aeromonas_sp._ASNIH3	1636608	S	17	728	745	0.00006
Aeromonas_sp._2692-1	2560029	S	16	75	91	0.00001
Aeromonas_sp._FDAARGOS_1414	2778063	S	16	49	65	0.00001
Aeromonas_sp._ASNIH2	1636607	S	13	159	172	0.00001
Aeromonas_sp._FDAARGOS_1404	2778053	S	13	43	56	0.00000
Aeromonas_sp._FDAARGOS_1402	2778051	S	12	115	127	0.00001
Aeromonas_sp._ASNIH1	1636606	S	12	212	224	0.00002
Aeromonas_sp._FDAARGOS_1408	2778057	S	11	60	71	0.00001
Aeromonas_sp._WP2-W18-CRE-05	2675707	S	11	391	402	0.00003
Aeromonas_sp._FDAARGOS_1416	2778065	S	11	31	42	0.00000
Aeromonas_sp._FDAARGOS_1406	2778055	S	10	91	101	0.00001
Aeromonas_hydrophila	644	S	965	2014	2979	0.00025
Aeromonas_veronii	654	S	687	1409	2096	0.00018
Aeromonas_media	651	S	509	882	1391	0.00012
Aeromonas_schubertii	652	S	454	120	574	0.00005
Aeromonas_encheleia	73010	S	425	137	562	0.00005
Aeromonas_salmonicida	645	S	378	2222	2600	0.00022
Aeromonas_simiae	218936	S	357	311	668	0.00006
Aeromonas_caviae	648	S	283	2123	2406	0.00020
Aeromonas_enteropelogenes	29489	S	237	186	423	0.00004
Aeromonas_rivuli	648794	S	234	60	294	0.00003
Aeromonas_jandaei	650	S	207	205	412	0.00004
Aeromonas_dhakensis	196024	S	193	376	569	0.00005
Aeromonas_sanarellii	633415	S	62	281	343	0.00003
Aeromonas_allosaccharophila	656	S	42	63	105	0.00001
Aeromonas_rivipollensis	948519	S	40	61	101	0.00001
Zobellella_denitrificans	347534	S	899	193	1092	0.00009
Oceanimonas_sp._GK1	511062	S	437	86	523	0.00004
Dongshaea_marina	2047966	S	118	10	128	0.00001
Oceanisphaera_profunda	1416627	S	75	9	84	0.00001
Oceanisphaera_avium	1903694	S	39	6	45	0.00000
Tolumonas_auensis	43948	S	87	33	120	0.00001
Succinivibrio_dextrinosolvens	83771	S	19	0	19	0.00000
Shewanella_sp._FJAT-54031	2864209	S	54	78	132	0.00001
Shewanella_sp._FJAT-53555	2864204	S	50	41	91	0.00001
Shewanella_sp._FJAT-53764	2864207	S	47	70	117	0.00001
Shewanella_sp._FJAT-53870	2864208	S	42	6	48	0.00000
Shewanella_sp._FJAT-51860	2864212	S	41	5	46	0.00000
Shewanella_sp._SNU_WT4	2590015	S	41	9	50	0.00000
Shewanella_sp._Scap07	2589987	S	36	4	40	0.00000
Shewanella_sp._FJAT-52076	2864202	S	36	50	86	0.00001
Shewanella_sp._WE21	2029986	S	34	16	50	0.00000
Shewanella_sp._FJAT-53749	2864206	S	34	6	40	0.00000
Shewanella_sp._FJAT-52072	2864213	S	31	40	71	0.00001
Shewanella_sp._FJAT-53681	2864205	S	28	43	71	0.00001
Shewanella_sp._KX20019	2803864	S	28	3	31	0.00000
Shewanella_sp._FJAT-53532	2864203	S	26	42	68	0.00001
Shewanella_sp._MR-4	60480	S	23	22	45	0.00000
Shewanella_sp._FJAT-51754	2864211	S	22	30	52	0.00000
Shewanella_sp._FJAT-51649	2864210	S	16	22	38	0.00000
Shewanella_sp._Arc9-LZ	2698686	S	14	5	19	0.00000
Shewanella_sp._MEBiC00475	2575361	S	14	24	38	0.00000
Shewanella_sp._ANA-3	94122	S	13	31	44	0.00000
Shewanella_sp._Pdp11	2059264	S	12	31	43	0.00000
Shewanella_algae	38313	S	187	144	331	0.00003
Shewanella_khirikhana	1965282	S	154	21	175	0.00001
Shewanella_cyperi	2814292	S	143	70	213	0.00002
Shewanella_baltica	62322	S	114	113	227	0.00002
Shewanella_marisflavi	260364	S	114	20	134	0.00001
Shewanella_litorisediminis	1173586	S	105	22	127	0.00001
Shewanella_putrefaciens	24	S	98	287	385	0.00003
Shewanella_sedimentimangrovi	2814293	S	82	55	137	0.00001
Shewanella_amazonensis	60478	S	81	18	99	0.00001
Shewanella_dokdonensis	712036	S	72	6	78	0.00001
Shewanella_yunxiaonensis	2829809	S	68	9	77	0.00001
Shewanella_avicenniae	2814294	S	64	9	73	0.00001
Shewanella_denitrificans	192073	S	54	7	61	0.00001
Shewanella_sediminis	271097	S	50	6	56	0.00000
Shewanella_woodyi	60961	S	45	4	49	0.00000
Shewanella_loihica	359303	S	44	67	111	0.00001
Shewanella_xiamenensis	332186	S	39	179	218	0.00002
Shewanella_pealeana	70864	S	37	5	42	0.00000
Shewanella_psychrophila	225848	S	36	4	40	0.00000
Shewanella_vesiculosa	518738	S	35	8	43	0.00000
Shewanella_carassii	1987584	S	35	35	70	0.00001
Shewanella_halifaxensis	271098	S	34	4	38	0.00000
Shewanella_psychromarinicola	2487742	S	33	4	37	0.00000
Shewanella_violacea	60217	S	32	5	37	0.00000
Shewanella_decolorationis	256839	S	32	32	64	0.00001
Shewanella_oneidensis	70863	S	30	8	38	0.00000
Shewanella_psychropiezotolerans	2593655	S	30	5	35	0.00000
Shewanella_maritima	2520507	S	29	2	31	0.00000
Shewanella_benthica	43661	S	28	6	34	0.00000
Shewanella_piezotolerans	404011	S	26	2	28	0.00000
Shewanella_indica	768528	S	22	27	49	0.00000
Shewanella_donghaensis	238836	S	19	2	21	0.00000
Shewanella_inventionis	1738770	S	17	8	25	0.00000
Shewanella_glacialimarina	2590884	S	17	2	19	0.00000
Shewanella_livingstonensis	150120	S	15	3	18	0.00000
Shewanella_frigidimarina	56812	S	13	6	19	0.00000
Shewanella_aestuarii	1028752	S	11	3	14	0.00000
Shewanella_chilikensis	558541	S	11	28	39	0.00000
Parashewanella_tropica	2547970	S	22	2	24	0.00000
Parashewanella_spongiae	342950	S	16	1	17	0.00000
Alteromonas_sp._RKMC-009	2267264	S	72	15	87	0.00001
Alteromonas_sp._BL110	1714845	S	24	22	46	0.00000
Alteromonas_sp._76-1	2358187	S	22	15	37	0.00000
Alteromonas_macleodii	28108	S	116	47	163	0.00001
Alteromonas_pelagimontana	1858656	S	71	9	80	0.00001
Alteromonas_mediterranea	314275	S	58	22	80	0.00001
Alteromonas_stellipolaris	233316	S	27	66	93	0.00001
Alteromonas_australica	589873	S	17	25	42	0.00000
Alteromonas_naphthalenivorans	715451	S	11	5	16	0.00000
Salinimonas_marina	2785918	S	83	9	92	0.00001
Salinimonas_lutimaris	914153	S	69	13	82	0.00001
Salinimonas_iocasae	2572577	S	51	11	62	0.00001
Salinimonas_sediminis	2303538	S	46	10	56	0.00000
Hydrocarboniclastica_marina	2259620	S	323	39	362	0.00003
Agarivorans_sp._TSD2052	2937286	S	33	4	37	0.00000
Agarivorans_sp._B2Z047	2652721	S	17	14	31	0.00000
Agarivorans_gilvus	680279	S	39	3	42	0.00000
Agarivorans_aestuarii	1563703	S	22	8	30	0.00000
Agarivorans_albus	182262	S	11	10	21	0.00000
Paraglaciecola_sp._L1A13	2686359	S	27	3	30	0.00000
Paraglaciecola_sp._L3A3	2686358	S	21	1	22	0.00000
Paraglaciecola_mesophila	197222	S	39	5	44	0.00000
Paraglaciecola_psychrophila	326544	S	28	2	30	0.00000
Lacimicrobium_alkaliphilum	1526571	S	112	7	119	0.00001
Saliniradius_amylolyticus	2183582	S	106	10	116	0.00001
Paraneptunicella_aestuarii	2831148	S	61	3	64	0.00001
Catenovulum_sediminis	1740262	S	46	3	49	0.00000
Glaciecola_nitratireducens	300231	S	36	2	38	0.00000
Saccharobesus_litoralis	2172099	S	25	1	26	0.00000
Pseudoalteromonas_sp._R3	1709477	S	64	12	76	0.00001
Pseudoalteromonas_sp._A25	116092	S	30	4	34	0.00000
Pseudoalteromonas_sp._THAF3	2587843	S	14	22	36	0.00000
Pseudoalteromonas_sp._DL-6	1390185	S	11	34	45	0.00000
Pseudoalteromonas_rubra	43658	S	126	17	143	0.00001
Pseudoalteromonas_viridis	339617	S	78	24	102	0.00001
Pseudoalteromonas_luteoviolacea	43657	S	47	7	54	0.00000
Pseudoalteromonas_shioyasakiensis	1190813	S	38	16	54	0.00000
Pseudoalteromonas_ulvae	107327	S	38	3	41	0.00000
Pseudoalteromonas_xiamenensis	882626	S	37	4	41	0.00000
Pseudoalteromonas_piscicida	43662	S	37	53	90	0.00001
Pseudoalteromonas_tunicata	314281	S	28	3	31	0.00000
Pseudoalteromonas_spongiae	298657	S	27	7	34	0.00000
Pseudoalteromonas_phenolica	161398	S	27	24	51	0.00000
Pseudoalteromonas_prydzensis	182141	S	21	4	25	0.00000
Pseudoalteromonas_agarivorans	176102	S	20	92	112	0.00001
Pseudoalteromonas_aliena	247523	S	16	7	23	0.00000
Pseudoalteromonas_mariniglutinosa	206042	S	14	43	57	0.00000
Pseudoalteromonas_piratica	1348114	S	13	2	15	0.00000
Pseudoalteromonas_espejiana	28107	S	11	3	14	0.00000
Pseudoalteromonas_translucida	166935	S	10	53	63	0.00001
Psychrosphaera_aestuarii	1266052	S	18	3	21	0.00000
Psychrosphaera_ytuae	2820710	S	18	4	22	0.00000
Flocculibacter_collagenilyticus	2744479	S	24	2	26	0.00000
Ferrimonas_balearica	44012	S	420	52	472	0.00004
Ferrimonas_lipolytica	2724191	S	58	8	66	0.00001
Colwellia_sp._PAMC_20917	1816218	S	27	2	29	0.00000
Colwellia_sp._Arc7-635	2497879	S	22	4	26	0.00000
Colwellia_sp._20A7	2689569	S	21	2	23	0.00000
Colwellia_sp._MT41	58049	S	20	2	22	0.00000
Colwellia_sp._Arc7-D	2161872	S	14	3	17	0.00000
Colwellia_psychrerythraea	28229	S	13	1	14	0.00000
Thalassotalea_sp._PS06	2594005	S	30	3	33	0.00000
Thalassotalea_sp._LPB0316	2769490	S	27	7	34	0.00000
Thalassotalea_sp._HSM_43	2552945	S	26	3	29	0.00000
Thalassotalea_crassostreae	1763536	S	16	3	19	0.00000
Cognaticolwellia_beringensis	1967665	S	22	3	25	0.00000
Litorilituus_sediminis	718192	S	12	1	13	0.00000
Idiomarina_sp._OT37-5b	2100422	S	74	15	89	0.00001
Idiomarina_sp._X4	2055892	S	27	12	39	0.00000
Idiomarina_loihiensis	135577	S	42	0	42	0.00000
Idiomarina_abyssalis	86102	S	30	3	33	0.00000
Idiomarina_piscisalsi	1096243	S	27	12	39	0.00000
Moritella_sp._24	2746230	S	30	11	41	0.00000
Moritella_sp._5	2746231	S	10	27	37	0.00000
Moritella_yayanosii	69539	S	22	8	30	0.00000
Moritella_marina	90736	S	14	4	18	0.00000
Psychromonas_ingrahamii	357794	S	35	3	38	0.00000
Psychromonas_sp._CNPT3	314282	S	18	2	20	0.00000
Sulfurifustis_variabilis	1675686	S	4823	269	5092	0.00043
Sulfuricaulis_limicola	1620215	S	2003	135	2138	0.00018
Acidiferrobacter_sp._SPIII_3	1281578	S	641	157	798	0.00007
Acidiferrobacter_thiooxydans	163359	S	503	124	627	0.00005
Vibrio_parahaemolyticus	670	S	127	45	172	0.00001
Vibrio_diabolicus	50719	S	26	37	63	0.00001
Vibrio_alginolyticus	663	S	34	35	69	0.00001
Vibrio_harveyi	669	S	29	9	38	0.00000
Vibrio_campbellii	680	S	29	22	51	0.00000
Vibrio_owensii	696485	S	24	12	36	0.00000
Vibrio_natriegens	691	S	23	10	33	0.00000
Vibrio_rotiferianus	190895	S	21	7	28	0.00000
Vibrio_azureus	512649	S	17	1	18	0.00000
Vibrio_sp._OG9-811	2841925	S	110	15	125	0.00001
Vibrio_sp._HDW18	2714948	S	47	6	53	0.00000
Vibrio_sp._B1FLJ16	2751178	S	41	7	48	0.00000
Vibrio_sp._Scap24	2589990	S	24	9	33	0.00000
Vibrio_sp._THAF190c	2587865	S	21	2	23	0.00000
Vibrio_sp._B1FIG11	2751177	S	20	17	37	0.00000
Vibrio_sp._SCSIO_43132	2779363	S	19	3	22	0.00000
Vibrio_sp._VB16	2785746	S	13	1	14	0.00000
Vibrio_sp._SS-MA-C1-2	2908646	S	10	1	11	0.00000
Vibrio_sp._ED004	2785124	S	10	3	13	0.00000
Vibrio_furnissii	29494	S	215	65	280	0.00002
Vibrio_fluvialis	676	S	196	27	223	0.00002
Vibrio_vulnificus	672	S	172	31	203	0.00002
Vibrio_cholerae	666	S	105	4271	4376	0.00037
Vibrio_sinaloensis	379097	S	50	6	56	0.00000
Vibrio_europaeus	300876	S	22	9	31	0.00000
Vibrio_tubiashii	29498	S	15	8	23	0.00000
Vibrio_mimicus	674	S	86	15	101	0.00001
Vibrio_navarrensis	29495	S	86	16	102	0.00001
Vibrio_anguillarum	55601	S	61	7	68	0.00001
Vibrio_cyclitrophicus	47951	S	55	9	64	0.00001
Vibrio_scophthalmi	45658	S	47	7	54	0.00000
Vibrio_spartinae	1918945	S	43	3	46	0.00000
Vibrio_alfacsensis	1074311	S	43	15	58	0.00000
Vibrio_breoganii	553239	S	41	3	44	0.00000
Vibrio_coralliilyticus	190893	S	40	8	48	0.00000
Vibrio_tapetis	52443	S	40	2	42	0.00000
Vibrio_metoecus	1481663	S	39	8	47	0.00000
Vibrio_astriarenae	1481923	S	38	4	42	0.00000
Vibrio_rumoiensis	76258	S	37	19	56	0.00000
Vibrio_gazogenes	687	S	37	3	40	0.00000
Vibrio_mediterranei	689	S	35	3	38	0.00000
Vibrio_taketomensis	2572923	S	32	3	35	0.00000
Vibrio_zhugei	2479546	S	31	6	37	0.00000
Vibrio_nigripulchritudo	28173	S	31	3	34	0.00000
Vibrio_algicola	2662262	S	30	4	34	0.00000
Vibrio_splendidus	29497	S	30	5	35	0.00000
Vibrio_maritimus	990268	S	29	2	31	0.00000
Vibrio_cincinnatiensis	675	S	29	5	34	0.00000
Vibrio_ziniensis	2711221	S	29	3	32	0.00000
Vibrio_metschnikovii	28172	S	28	4	32	0.00000
Vibrio_tritonius	1435069	S	27	3	30	0.00000
Vibrio_crassostreae	246167	S	27	8	35	0.00000
Vibrio_penaeicida	104609	S	26	2	28	0.00000
Vibrio_aquimaris	2587862	S	26	2	28	0.00000
Vibrio_casei	673372	S	25	6	31	0.00000
Vibrio_ponticus	265668	S	25	1	26	0.00000
Vibrio_chagasii	170679	S	25	3	28	0.00000
Vibrio_atlanticus	693153	S	22	3	25	0.00000
Vibrio_panuliri	1381081	S	22	2	24	0.00000
Vibrio_aphrogenes	1891186	S	19	2	21	0.00000
Vibrio_neptunius	170651	S	17	2	19	0.00000
Vibrio_cidicii	1763883	S	16	3	19	0.00000
Vibrio_kanaloae	170673	S	16	2	18	0.00000
Vibrio_gigantis	296199	S	13	2	15	0.00000
Vibrio_bathopelagicus	2777577	S	11	1	12	0.00000
Photobacterium_damselae	38293	S	979	311	1290	0.00011
Photobacterium_sp._TLY01	2907534	S	111	15	126	0.00001
Photobacterium_sp._GJ3	2829502	S	99	10	109	0.00001
Photobacterium_gaetbulicola	1295392	S	138	11	149	0.00001
Photobacterium_ganghwense	320778	S	107	20	127	0.00001
Photobacterium_profundum	74109	S	16	1	17	0.00000
Salinivibrio_kushneri	1908198	S	71	10	81	0.00001
Salinivibrio_sp._YCSC6	2003370	S	16	36	52	0.00000
Salinivibrio_costicola	51367	S	11	25	36	0.00000
Grimontia_hollisae	673	S	57	6	63	0.00001
Thaumasiovibrio_subtropicus	1891207	S	53	5	58	0.00001
Aliivibrio_fischeri	668	S	25	3	28	0.00000
Aliivibrio_salmonicida	40269	S	21	7	28	0.00000
Paraphotobacterium_marinum	1755811	S	18	3	21	0.00000
Candidatus_Enterovibrio_luxaltus	1927128	S	14	0	14	0.00000
Acinetobacter_baumannii	470	S	917	2941	3858	0.00033
Acinetobacter_pittii	48296	S	30	28	58	0.00000
Acinetobacter_seifertii	1530123	S	30	9	39	0.00000
Acinetobacter_calcoaceticus	471	S	29	2	31	0.00000
Acinetobacter_nosocomialis	106654	S	14	3	17	0.00000
Acinetobacter_sp._WCHAc010034	1879049	S	160	73	233	0.00002
Acinetobacter_sp._CS-2	2798861	S	29	17	46	0.00000
Acinetobacter_sp._10FS3-1	2563897	S	25	17	42	0.00000
Acinetobacter_sp._Marseille-Q1620	2714110	S	24	1	25	0.00000
Acinetobacter_sp._TGL-Y2	1407071	S	23	2	25	0.00000
Acinetobacter_sp._TTH0-4	1646498	S	22	5	27	0.00000
Acinetobacter_sp._LoGeW2-3	1808001	S	19	8	27	0.00000
Acinetobacter_sp._ASP199	2773709	S	12	8	20	0.00000
Acinetobacter_sp._WCHA55	2004646	S	11	12	23	0.00000
Acinetobacter_indicus	756892	S	105	75	180	0.00002
Acinetobacter_junii	40215	S	104	34	138	0.00001
Acinetobacter_johnsonii	40214	S	79	52	131	0.00001
Acinetobacter_lwoffii	28090	S	39	34	73	0.00001
Acinetobacter_radioresistens	40216	S	37	4	41	0.00000
Acinetobacter_schindleri	108981	S	35	27	62	0.00001
Acinetobacter_soli	487316	S	32	2	34	0.00000
Acinetobacter_haemolyticus	29430	S	28	12	40	0.00000
Acinetobacter_gyllenbergii	134534	S	23	1	24	0.00000
Acinetobacter_dispersus	70348	S	23	1	24	0.00000
Acinetobacter_variabilis	70346	S	23	25	48	0.00000
Acinetobacter_bouvetii	202951	S	20	2	22	0.00000
Acinetobacter_wuhouensis	1879050	S	19	8	27	0.00000
Acinetobacter_baylyi	202950	S	18	1	19	0.00000
Acinetobacter_tandoii	202954	S	17	1	18	0.00000
Acinetobacter_larvae	1789224	S	16	1	17	0.00000
Acinetobacter_cumulans	2136182	S	16	5	21	0.00000
Acinetobacter_shaoyimingii	2715164	S	16	1	17	0.00000
Acinetobacter_towneri	202956	S	16	28	44	0.00000
Acinetobacter_lanii	2715163	S	15	1	16	0.00000
Acinetobacter_defluvii	1871111	S	13	8	21	0.00000
Acinetobacter_piscicola	2006115	S	10	5	15	0.00000
Psychrobacter_sp._DAB_AL43B	1028416	S	31	12	43	0.00000
Psychrobacter_sp._P11G5	1699624	S	18	67	85	0.00001
Psychrobacter_sp._WY6	2708350	S	15	21	36	0.00000
Psychrobacter_sp._P11G3	1699623	S	14	13	27	0.00000
Psychrobacter_sp._P11F6	1699621	S	13	19	32	0.00000
Psychrobacter_arenosus	256326	S	34	4	38	0.00000
Psychrobacter_urativorans	45610	S	23	8	31	0.00000
Psychrobacter_sanguinis	861445	S	15	15	30	0.00000
Moraxella_osloensis	34062	S	103	13	116	0.00001
Moraxella_bovoculi	386891	S	29	29	58	0.00000
Moraxella_cuniculi	34061	S	27	2	29	0.00000
Moraxella_nonliquefaciens	478	S	21	3	24	0.00000
Moraxella_catarrhalis	480	S	21	3	24	0.00000
Moraxella_bovis	476	S	18	3	21	0.00000
Moraxella_sp._ZY201115	2904121	S	16	1	17	0.00000
Aquirhabdus_parva	2283318	S	75	2	77	0.00001
Pasteurella_multocida	747	S	1702	3426	5128	0.00044
Pasteurella_canis	753	S	14	2	16	0.00000
Pasteurella_skyensis	97481	S	10	0	10	0.00000
Aggregatibacter_actinomycetemcomitans	714	S	74	13	87	0.00001
Aggregatibacter_aphrophilus	732	S	41	15	56	0.00000
Aggregatibacter_sp._oral_taxon_513	712150	S	11	9	20	0.00000
Aggregatibacter_sp._Marseille-P9115	2866570	S	11	10	21	0.00000
Aggregatibacter_segnis	739	S	11	11	22	0.00000
Haemophilus_parainfluenzae	729	S	58	18	76	0.00001
Haemophilus_influenzae	727	S	36	23	59	0.00001
Haemophilus_haemolyticus	726	S	20	8	28	0.00000
[Haemophilus]_ducreyi	730	S	18	8	26	0.00000
Haemophilus_pittmaniae	249188	S	15	2	17	0.00000
Haemophilus_parahaemolyticus	735	S	11	1	12	0.00000
Actinobacillus_sp._GY-402	2774188	S	66	27	93	0.00001
Actinobacillus_pleuropneumoniae	715	S	15	27	42	0.00000
Actinobacillus_suis	716	S	13	7	20	0.00000
Actinobacillus_indolicus	51049	S	12	8	20	0.00000
Actinobacillus_delphinicola	51161	S	11	1	12	0.00000
Mannheimia_granulomatis	85402	S	27	5	32	0.00000
Mannheimia_haemolytica	75985	S	25	11	36	0.00000
Mannheimia_varigena	85404	S	22	18	40	0.00000
Avibacterium_sp._21-595	2911527	S	13	15	28	0.00000
Avibacterium_sp._20-132	2911526	S	11	12	23	0.00000
Avibacterium_paragallinarum	728	S	26	6	32	0.00000
Avibacterium_volantium	762	S	19	5	24	0.00000
Glaesserella_parasuis	738	S	27	6	33	0.00000
Glaesserella_sp._15-184	2030797	S	16	3	19	0.00000
Gallibacterium_anatis	750	S	29	7	36	0.00000
Rodentibacter_heylii	1906744	S	20	2	22	0.00000
Bibersteinia_trehalosi	47735	S	23	115	138	0.00001
Frederiksenia_canicola	123824	S	14	2	16	0.00000
Vespertiliibacter_pulmonis	1443036	S	13	1	14	0.00000
Histophilus_somni	731	S	10	2	12	0.00000
Candidatus_Endoriftia_persephone	393765	S	638	26	664	0.00006
Candidatus_Vesicomyosocius_sp._SY067_SCS001	2732590	S	10	20	30	0.00000
Bathymodiolus_thermophilus_thioautotrophic_gill_symbiont	2360	S	30	1	31	0.00000
Bathymodiolus_septemdierum_thioautotrophic_gill_symbiont	113267	S	30	2	32	0.00000
Candidatus_Ruthia_endofausta	2738852	S	11	3	14	0.00000
Sedimenticola_thiotaurini	1543721	S	470	16	486	0.00004
Thiolapillus_brandeum	1076588	S	329	7	336	0.00003
Candidatus_Reidiella_endopervernicosa	2738883	S	326	6	332	0.00003
Pseudohongiella_spirulinae	1249552	S	180	4	184	0.00002
Gallaecimonas_mangrovi	2291597	S	115	8	123	0.00001
Celerinatantimonas_diazotrophica	412034	S	41	2	43	0.00000
Ignatzschineria_sp._HR5S32	2923279	S	35	2	37	0.00000
Candidatus_Thioglobus_autotrophicus	1705394	S	18	1	19	0.00000
Candidatus_Thioglobus_sp._NP1	2508687	S	17	2	19	0.00000
Candidatus_Pseudothioglobus_singularis	1427364	S	16	2	18	0.00000
Immundisolibacter_cernigliae	1810504	S	2141	347	2488	0.00021
Methylophaga_sp._TMB456	2881052	S	101	30	131	0.00001
Methylophaga_frappieri	754477	S	87	39	126	0.00001
Methylophaga_nitratireducenticrescens	754476	S	80	11	91	0.00001
Thiomicrorhabdus_xiamenensis	2739063	S	97	4	101	0.00001
Thiomicrorhabdus_aquaedulcis	2211106	S	40	1	41	0.00000
Thiomicrorhabdus_sediminis	2580412	S	39	1	40	0.00000
Thiomicrorhabdus_sp._Am19	2791037	S	30	1	31	0.00000
Thiomicrorhabdus_indica	2267253	S	21	0	21	0.00000
Thiomicrospira_microaerophila	406020	S	50	10	60	0.00001
Thiomicrospira_sp._S5	1803865	S	41	38	79	0.00001
Thiomicrospira_cyclica	147268	S	40	3	43	0.00000
Thiomicrospira_aerophila	92245	S	38	7	45	0.00000
Hydrogenovibrio_thermophilus	265883	S	57	52	109	0.00001
Hydrogenovibrio_marinus	28885	S	43	1	44	0.00000
Hydrogenovibrio_crunogenus	39765	S	23	1	24	0.00000
Piscirickettsia_salmonis	1238	S	64	3	67	0.00001
Thiosulfatimonas_sediminis	2675054	S	49	2	51	0.00000
Thiosulfativibrio_zosterae	2675053	S	39	1	40	0.00000
Thiothrix_litoralis	2891210	S	199	12	211	0.00002
Thiothrix_sp._CT3	96472	S	140	40	180	0.00002
Thiothrix_subterranea	2735563	S	138	33	171	0.00001
Thiothrix_unzii	111769	S	69	31	100	0.00001
Candidatus_Thiothrix_anitrata	2823902	S	62	31	93	0.00001
Beggiatoa_leptomitoformis	288004	S	60	3	63	0.00001
Francisella_tularensis	263	S	32	204	236	0.00002
Francisella_frigiditurris	1542390	S	14	0	14	0.00000
Francisella_philomiragia	28110	S	10	0	10	0.00000
Legionella_sp._MW5194	2662448	S	94	17	111	0.00001
Legionella_sp._PC997	2755562	S	29	5	34	0.00000
Legionella_sp._PC1000	2746060	S	27	4	31	0.00000
Legionella_pneumophila	446	S	136	72	208	0.00002
Legionella_geestiana	45065	S	109	8	117	0.00001
Legionella_spiritensis	452	S	89	9	98	0.00001
Legionella_israelensis	454	S	65	2	67	0.00001
Legionella_sainthelensi	28087	S	53	8	61	0.00001
Legionella_longbeachae	450	S	47	7	54	0.00000
Legionella_fallonii	96230	S	47	3	50	0.00000
Legionella_oakridgensis	29423	S	46	4	50	0.00000
Legionella_hackeliae	449	S	44	7	51	0.00000
Legionella_antarctica	2708020	S	38	1	39	0.00000
Legionella_jordanis	456	S	37	4	41	0.00000
Legionella_cherrii	28084	S	33	1	34	0.00000
Legionella_waltersii	66969	S	33	5	38	0.00000
Legionella_anisa	28082	S	33	8	41	0.00000
Legionella_clemsonensis	1867846	S	27	3	30	0.00000
Legionella_lansingensis	45067	S	23	1	24	0.00000
Legionella_adelaidensis	45056	S	19	1	20	0.00000
Tatlockia_micdadei	451	S	46	2	48	0.00000
Fluoribacter_dumoffii	463	S	19	2	21	0.00000
Aquicella_siphonis	254247	S	247	31	278	0.00002
Aquicella_lusitana	254246	S	198	26	224	0.00002
Coxiella_burnetii	777	S	97	66	163	0.00001
Coxiella_endosymbiont_of_Amblyomma_nuttalli	2749996	S	24	1	25	0.00000
Coxiella_endosymbiont_of_Amblyomma_sculptum	2487929	S	12	1	13	0.00000
Candidatus_Coxiella_mudrowiae	2054173	S	19	0	19	0.00000
Rickettsiella_endosymbiont_of_Dermanyssus_gallinae	2856608	S	30	5	35	0.00000
Candidatus_Rickettsiella_viridis	676208	S	16	3	19	0.00000
Salinisphaera_sp._LB1	2183911	S	1183	43	1226	0.00010
endosymbiont_of_unidentified_scaly_snail_isolate_Monju	1248727	S	1083	81	1164	0.00010
Isorropodon_fossajaponicum_symbiont	883811	S	11	3	14	0.00000
Cardiobacterium_hominis	2718	S	327	67	394	0.00003
Cardiobacterium_sp._Marseille-Q4385	2866573	S	253	48	301	0.00003
Dichelobacter_nodosus	870	S	55	13	68	0.00001
Suttonella_sp._R2A3	2908648	S	54	3	57	0.00000
Kangiella_koreensis	261964	S	53	5	58	0.00000
Kangiella_profundi	1561924	S	50	8	58	0.00000
Kangiella_geojedonensis	914150	S	38	2	40	0.00000
Kangiella_sediminilitoris	1144748	S	28	1	29	0.00000
Gilliamella_sp._ESL0405	2704653	S	16	1	17	0.00000
Gilliamella_apicola	1196095	S	14	3	17	0.00000
Archangium_violaceum	83451	S	42295	7189	49484	0.00421
Archangium_gephyra	48	S	25501	4850	30351	0.00258
Stigmatella_aurantiaca	41	S	16294	1643	17937	0.00153
Cystobacter_fuscus	43	S	9806	2298	12104	0.00103
Melittangium_boletus	83453	S	7451	1614	9065	0.00077
Anaeromyxobacter_sp._Red232	2918170	S	22290	2431	24721	0.00210
Anaeromyxobacter_sp._Fw109-5	404589	S	21051	2768	23819	0.00203
Anaeromyxobacter_sp._Red630	2918171	S	14845	1927	16772	0.00143
Anaeromyxobacter_sp._K	447217	S	3195	5577	8772	0.00075
Anaeromyxobacter_dehalogenans	161493	S	11340	6846	18186	0.00155
Myxococcus_xanthus	34	S	8846	22878	31724	0.00270
Myxococcus_hansupus	1297742	S	5481	745	6226	0.00053
Myxococcus_stipitatus	83455	S	4809	1071	5880	0.00050
Myxococcus_sp._SCHIC003	2813577	S	4064	903	4967	0.00042
Corallococcus_coralloides	184914	S	9764	4489	14253	0.00121
Corallococcus_macrosporus	35	S	6715	1960	8675	0.00074
Corallococcus_sp._EGB	1521117	S	5826	2547	8373	0.00071
Pyxidicoccus_sp._SCPEA002	2813578	S	16697	1065	17762	0.00151
Vulgatibacter_incomptus	1391653	S	5614	409	6023	0.00051
Sorangium_cellulosum	56	S	83268	9286	92554	0.00787
Polyangium_aurulentum	2567896	S	27977	2271	30248	0.00257
Chondromyces_crocatus	52	S	8729	338	9067	0.00077
Pajaroellobacter_abortibovis	1882918	S	148	3	151	0.00001
Sandaracinus_amylolyticus	927083	S	28928	1369	30297	0.00258
Labilithrix_luteola	1391654	S	10368	401	10769	0.00092
Haliangium_ochraceum	80816	S	9712	487	10199	0.00087
Geomonas_sp._RF6	2897342	S	2077	246	2323	0.00020
Geomonas_paludis	2740185	S	1515	727	2242	0.00019
Geomonas_nitrogeniifigens	2847991	S	1466	716	2182	0.00019
Geomonas_subterranea	2847989	S	1361	600	1961	0.00017
Geomonas_oryzisoli	2847992	S	1129	590	1719	0.00015
Geobacter_sp._FeAm09	2597769	S	1070	133	1203	0.00010
Geobacter_sp._SVR	2495594	S	820	115	935	0.00008
Geobacter_sp._DSM_9736	1277350	S	618	41	659	0.00006
Geobacter_sulfurreducens	35554	S	1350	292	1642	0.00014
Geobacter_pickeringii	345632	S	1268	309	1577	0.00013
Geobacter_metallireducens	28232	S	824	186	1010	0.00009
Geobacter_benzoatilyticus	2815309	S	506	108	614	0.00005
Citrifermentans_bremense	60035	S	1331	504	1835	0.00016
Citrifermentans_bemidjiense	225194	S	1252	435	1687	0.00014
Geotalea_uraniireducens	351604	S	680	48	728	0.00006
Geotalea_daltonii	1203471	S	385	29	414	0.00004
Geoalkalibacter_subterraneus	483547	S	503	485	988	0.00008
Trichlorobacter_lovleyi	313985	S	379	48	427	0.00004
Desulfuromonas_versatilis	2802975	S	2122	375	2497	0.00021
Desulfuromonas_sp._DDH964	1823759	S	1426	275	1701	0.00014
Desulfuromonas_sp._AOP6	1566351	S	473	54	527	0.00004
Desulfuromonas_soudanensis	1603606	S	1183	136	1319	0.00011
Pelobacter_propionicus	29543	S	797	260	1057	0.00009
Syntrophotalea_acetylenica	29542	S	386	80	466	0.00004
Syntrophotalea_carbinolica	19	S	283	22	305	0.00003
Syntrophotalea_acetylenivorans	1842532	S	225	35	260	0.00002
Pseudodesulfovibrio_mercurii	641491	S	933	238	1171	0.00010
Pseudodesulfovibrio_indicus	1716143	S	835	192	1027	0.00009
Pseudodesulfovibrio_aespoeensis	182210	S	604	469	1073	0.00009
Pseudodesulfovibrio_cashew	2678688	S	513	105	618	0.00005
Pseudodesulfovibrio_sp._SF6	2810563	S	208	22	230	0.00002
Pseudodesulfovibrio_sp._zrk46	2725288	S	205	36	241	0.00002
Pseudodesulfovibrio_tunisiensis	463192	S	362	38	400	0.00003
Pseudodesulfovibrio_profundus	57320	S	147	161	308	0.00003
Pseudodesulfovibrio_piezophilus	879567	S	62	8	70	0.00001
Desulfovibrio_sp._IOR2	2583823	S	610	125	735	0.00006
Desulfovibrio_sp._86	2666132	S	220	49	269	0.00002
Desulfovibrio_sp._G11	631220	S	184	123	307	0.00003
Desulfovibrio_vulgaris	881	S	716	31	747	0.00006
Desulfovibrio_sulfodismutans	63561	S	630	177	807	0.00007
Desulfovibrio_desulfuricans	876	S	496	102	598	0.00005
Desulfovibrio_piger	901	S	486	95	581	0.00005
Desulfovibrio_fairfieldensis	44742	S	419	37	456	0.00004
Desulfovibrio_ferrophilus	241368	S	234	19	253	0.00002
Candidatus_Desulfovibrio_trichonymphae	1725232	S	76	6	82	0.00001
Solidesulfovibrio_carbinoliphilus	345370	S	1114	146	1260	0.00011
Solidesulfovibrio_magneticus	184917	S	464	276	740	0.00006
Solidesulfovibrio_carbinolicus	296842	S	455	360	815	0.00007
Oceanidesulfovibrio_marinus	370038	S	1227	81	1308	0.00011
Desulfocurvibacter_africanus	873	S	952	72	1024	0.00009
Desulfolutivibrio_sulfoxidireducens	2773299	S	808	247	1055	0.00009
Megalodesulfovibrio_gigas	879	S	673	35	708	0.00006
Oleidesulfovibrio_alaskensis	58180	S	231	350	581	0.00005
Paradesulfovibrio_bizertensis	376490	S	118	12	130	0.00001
Maridesulfovibrio_salexigens	880	S	58	8	66	0.00001
Maridesulfovibrio_hydrothermalis	191026	S	34	4	38	0.00000
Lawsonia_intracellularis	29546	S	34	0	34	0.00000
Desulfomicrobium_baculatum	899	S	566	43	609	0.00005
Desulfomicrobium_orale	132132	S	292	81	373	0.00003
Desulfohalobium_retbaense	45663	S	236	12	248	0.00002
Desulfosarcina_ovata	83564	S	709	32	741	0.00006
Desulfosarcina_widdelii	947919	S	552	61	613	0.00005
Desulfosarcina_alkanivorans	571177	S	544	243	787	0.00007
Desulfococcus_multivorans	897	S	526	95	621	0.00005
Desulfatibacillum_aliphaticivorans	218208	S	349	11	360	0.00003
Desulfoluna_sp._ASN36	2810562	S	329	16	345	0.00003
Desulfobacter_postgatei	2293	S	97	17	114	0.00001
Desulfobacter_hydrogenophilus	2291	S	81	15	96	0.00001
Desulfonema_magnum	45655	S	130	6	136	0.00001
Desulfonema_limicola	45656	S	36	4	40	0.00000
Desulforapulum_autotrophicum	2296	S	117	12	129	0.00001
Desulfobacula_toluolica	28223	S	43	3	46	0.00000
Desulfobulbus_propionicus	894	S	602	33	635	0.00005
Desulfobulbus_oralis	1986146	S	450	105	555	0.00005
Desulfobulbus_oligotrophicus	1909699	S	129	120	249	0.00002
Desulfurivibrio_alkaliphilus	427923	S	467	21	488	0.00004
Desulfomarina_profundi	2772557	S	60	5	65	0.00001
Desulfosudis_oleivorans	181663	S	474	28	502	0.00004
Desulfosediminicola_ganghwensis	2569540	S	126	13	139	0.00001
Desulfosediminicola_flagellatus	2569541	S	43	4	47	0.00000
Desulfotalea_psychrophila	84980	S	66	10	76	0.00001
Desulfocapsa_sulfexigens	65555	S	43	2	45	0.00000
Persicimonas_caeni	2292766	S	3450	109	3559	0.00030
Bradymonas_sediminis	1548548	S	1045	77	1122	0.00010
Bradymonadales_bacterium_V1718	2600177	S	404	20	424	0.00004
Syntrophobacter_fumaroxidans	119484	S	757	342	1099	0.00009
Desulfoglaeba_alkanexedens	361111	S	619	27	646	0.00005
Desulfarculus_baarsii	453230	S	1223	780	2003	0.00017
Desulfomonile_tiedjei	2358	S	245	1	246	0.00002
Syntrophus_aciditrophicus	316277	S	238	13	251	0.00002
Desulfobacca_acetoxidans	60893	S	223	5	228	0.00002
Dissulfurimicrobium_hydrothermale	1750598	S	105	5	110	0.00001
Candidatus_Desulfofervidus_auxilii	1621989	S	40	0	40	0.00000
Hippea_maritima	84405	S	40	1	41	0.00000
Campylobacter_showae	204	S	88	6	94	0.00001
Campylobacter_gracilis	824	S	84	4	88	0.00001
Campylobacter_curvus	200	S	68	5	73	0.00001
Campylobacter_sp._19-13652	2840180	S	14	1	15	0.00000
Campylobacter_sp._RM6914	1032243	S	13	1	14	0.00000
Campylobacter_sp._CCUG_57310	2517362	S	12	4	16	0.00000
Campylobacter_concisus	199	S	56	7	63	0.00001
Campylobacter_geochelonis	1780362	S	42	3	45	0.00000
Campylobacter_rectus	203	S	41	4	45	0.00000
Campylobacter_lari	201	S	15	5	20	0.00000
Campylobacter_jejuni	197	S	14	156	170	0.00001
Campylobacter_fetus	196	S	12	3	15	0.00000
Candidatus_Campylobacter_infans	2561898	S	12	1	13	0.00000
Campylobacter_coli	195	S	11	6	17	0.00000
Sulfurimonas_sp._HSL-3221	2894755	S	358	30	388	0.00003
Sulfurimonas_sp._B2	2590551	S	11	1	12	0.00000
Sulfurimonas_hydrogeniphila	2509341	S	10	16	26	0.00000
Sulfuricurvum_kujiense	148813	S	27	1	28	0.00000
Helicobacter_pylori	210	S	119	52	171	0.00001
Helicobacter_sp._NHP19-0012	2849642	S	18	6	24	0.00000
Helicobacter_typhlonius	76936	S	18	16	34	0.00000
Helicobacter_heilmannii	35817	S	15	6	21	0.00000
Helicobacter_suis	104628	S	12	4	16	0.00000
Helicobacter_canis	29419	S	11	3	14	0.00000
Helicobacter_cinaedi	213	S	10	3	13	0.00000
Wolinella_succinogenes	844	S	31	7	38	0.00000
Nitratifractor_salsuginis	269261	S	192	11	203	0.00002
Sulfurovum_sp._NBC37-1	387093	S	23	10	33	0.00000
Sulfurovum_sp._HSL1-3	2893889	S	16	5	21	0.00000
Sulfurovum_sp._XGS-02	2925411	S	16	2	18	0.00000
Sulfurovum_indicum	2779528	S	29	3	32	0.00000
Sulfurovum_lithotrophicum	206403	S	23	11	34	0.00000
Hydrogenimonas_urashimensis	2740515	S	175	15	190	0.00002
Aliarcobacter_butzleri	28197	S	11	26	37	0.00000
Malaciobacter_molluscorum	1032072	S	10	6	16	0.00000
Pseudoarcobacter_acticola	1849015	S	11	10	21	0.00000
Sulfurospirillum_sp._UCH001	1581011	S	11	19	30	0.00000
Sulfurospirillum_cavolei	366522	S	23	2	25	0.00000
Sulfurospirillum_multivorans	66821	S	14	13	27	0.00000
Sulfurospirillum_halorespirans	194424	S	11	10	21	0.00000
Nitratiruptor_sp._SB155-2	387092	S	15	23	38	0.00000
Nitratiruptor_sp._YY09-18	2724901	S	13	14	27	0.00000
Nitrosophilus_alvini	2714855	S	11	4	15	0.00000
Nitrosophilus_labii	2706014	S	10	9	19	0.00000
Nautilia_profundicola	244787	S	10	18	28	0.00000
Caminibacter_mediatlanticus	291048	S	16	14	30	0.00000
Acidithiobacillus_caldus	33059	S	406	55	461	0.00004
Acidithiobacillus_ferrivorans	160808	S	267	42	309	0.00003
Acidithiobacillus_ferrooxidans	920	S	204	181	385	0.00003
Acidithiobacillus_thiooxidans	930	S	113	5	118	0.00001
Acidithiobacillus_ferriphilus	1689834	S	112	19	131	0.00001
Acidithiobacillus_sp._'AMD_consortium'	2614801	S	18	205	223	0.00002
Acidithiobacillus_ferridurans	1232575	S	13	94	107	0.00001
Bdellovibrio_sp._LBG001	2835041	S	151	22	173	0.00001
Bdellovibrio_sp._NC01	2220073	S	109	15	124	0.00001
Bdellovibrio_sp._ZAP7	2231053	S	86	43	129	0.00001
Bdellovibrio_sp._KM01	2748865	S	42	21	63	0.00001
Bdellovibrio_bacteriovorus	959	S	382	64	446	0.00004
Pseudobdellovibrio_exovorus	453816	S	157	10	167	0.00001
Bacteriovorax_stolpii	960	S	70	9	79	0.00001
Halobacteriovorax_sp._BALOs_7	2109558	S	27	3	30	0.00000
Halobacteriovorax_marinus	97084	S	18	3	21	0.00000
Fluviispira_sanaruensis	2493639	S	17	7	24	0.00000
Silvanigrella_aquatica	1915309	S	14	6	20	0.00000
Hydrogenophilus_thermoluteolus	297	S	473	79	552	0.00005
Mariprofundus_ferrinatatus	1921087	S	181	11	192	0.00002
Mariprofundus_aestuarium	1921086	S	149	11	160	0.00001
Streptomyces_sp._WAC_01438	2203204	S	31985	10356	42341	0.00360
Streptomyces_sp._BJ20	2930049	S	14338	5546	19884	0.00169
Streptomyces_sp._SCSIO_64649	2878388	S	6663	1181	7844	0.00067
Streptomyces_sp._891-h	2720714	S	6073	1070	7143	0.00061
Streptomyces_sp._SN-593	659352	S	4914	1129	6043	0.00051
Streptomyces_sp._MA3_2.13	2867410	S	4781	602	5383	0.00046
Streptomyces_sp._NHF165	2175864	S	4732	798	5530	0.00047
Streptomyces_sp._SYP-A7193	2662065	S	4679	2545	7224	0.00061
Streptomyces_sp._SCUT-3	2684469	S	4462	1702	6164	0.00052
Streptomyces_sp._CB01881	2078691	S	4321	814	5135	0.00044
Streptomyces_sp._Z423-1	2730915	S	4318	1208	5526	0.00047
Streptomyces_sp._So13.3	2136173	S	4313	780	5093	0.00043
Streptomyces_sp._CdTB01	1725411	S	4311	1181	5492	0.00047
Streptomyces_sp._3025	2923272	S	4231	728	4959	0.00042
Streptomyces_sp._ST1015	1848900	S	4051	814	4865	0.00041
Streptomyces_sp._ZYC-3	2797636	S	3927	748	4675	0.00040
Streptomyces_sp._P3	2135430	S	3817	919	4736	0.00040
Streptomyces_sp._NA02950	2742137	S	3494	670	4164	0.00035
Streptomyces_sp._BH-MK-02	2880933	S	3399	702	4101	0.00035
Streptomyces_sp._AMCC400023	2056258	S	3394	1305	4699	0.00040
Streptomyces_sp._Go-475	2072505	S	3343	1460	4803	0.00041
Streptomyces_sp._LRE541	2931983	S	3285	717	4002	0.00034
Streptomyces_sp._HM190	2695266	S	3228	978	4206	0.00036
Streptomyces_sp._MG28	2865673	S	3115	1046	4161	0.00035
Streptomyces_sp._3214.6	1882757	S	3096	867	3963	0.00034
Streptomyces_sp._Tu_2975	2676871	S	3042	920	3962	0.00034
Streptomyces_sp._C8S0	2585716	S	2997	825	3822	0.00032
Streptomyces_sp._DSM_40868	2721173	S	2996	1038	4034	0.00034
Streptomyces_sp._JB150	2714844	S	2979	968	3947	0.00034
Streptomyces_sp._MST-110588	2833628	S	2968	696	3664	0.00031
Streptomyces_sp._SAT1	1849967	S	2962	1051	4013	0.00034
Streptomyces_sp._GMY02	1333528	S	2877	490	3367	0.00029
Streptomyces_sp._GQFP	2907545	S	2866	472	3338	0.00028
Streptomyces_sp._YIM_121038	2136401	S	2862	808	3670	0.00031
Streptomyces_sp._CB09001	2083284	S	2781	1676	4457	0.00038
Streptomyces_sp._A2-16	2781734	S	2764	825	3589	0.00031
Streptomyces_sp._NA04227	2742136	S	2731	605	3336	0.00028
Streptomyces_sp._MG62	2838015	S	2721	964	3685	0.00031
Streptomyces_sp._NEAU-sy36	2751189	S	2712	966	3678	0.00031
Streptomyces_sp._MBT27	1488356	S	2692	753	3445	0.00029
Streptomyces_sp._CCM_MD2014	1561022	S	2689	2149	4838	0.00041
Streptomyces_sp._HP-A2021	2927875	S	2634	1361	3995	0.00034
Streptomyces_sp._QHH-9511	2684468	S	2567	679	3246	0.00028
Streptomyces_sp._W1SF4	2305220	S	2559	868	3427	0.00029
Streptomyces_sp._GS7	2692234	S	2459	638	3097	0.00026
Streptomyces_sp._CMB-StM0423	2059884	S	2441	1046	3487	0.00030
Streptomyces_sp._RTd22	1841249	S	2426	923	3349	0.00028
Streptomyces_sp._Go_40/10	2825844	S	2416	1004	3420	0.00029
Streptomyces_sp._BHT-5-2	2866715	S	2364	706	3070	0.00026
Streptomyces_sp._Rer75	2750011	S	2358	988	3346	0.00028
Streptomyces_sp._HSG2	2797167	S	2312	479	2791	0.00024
Streptomyces_sp._SM18	1736046	S	2300	604	2904	0.00025
Streptomyces_sp._SirexAA-E	862751	S	2289	647	2936	0.00025
Streptomyces_sp._135	2838850	S	2232	692	2924	0.00025
Streptomyces_sp._RPA4-2	2721244	S	2158	604	2762	0.00023
Streptomyces_sp._TN58	234612	S	2118	892	3010	0.00026
Streptomyces_sp._NA02536	2742133	S	1921	4669	6590	0.00056
Streptomyces_sp._fd1-xmd	1812480	S	1870	756	2626	0.00022
Streptomyces_sp._WAC_01529	2203205	S	1865	625	2490	0.00021
Streptomyces_sp._INR7	2607753	S	1807	840	2647	0.00023
Streptomyces_sp._S4.7	2705439	S	1714	538	2252	0.00019
Streptomyces_sp._jing01	2726118	S	1613	840	2453	0.00021
Streptomyces_sp._CNQ-509	444103	S	1551	1316	2867	0.00024
Streptomyces_sp._WAC_06738	2203210	S	1516	1311	2827	0.00024
Streptomyces_sp._S1D4-11	2721246	S	1368	900	2268	0.00019
Streptomyces_sp._WY228	2855836	S	1353	667	2020	0.00017
Streptomyces_sp._SUK_48	2582831	S	1332	756	2088	0.00018
Streptomyces_sp._HF10	2692233	S	1252	798	2050	0.00017
Streptomyces_sp._YPW6	2840373	S	1239	589	1828	0.00016
Streptomyces_sp._ADI95-16	1522758	S	1202	936	2138	0.00018
Streptomyces_sp._Mg1	465541	S	1173	972	2145	0.00018
Streptomyces_sp._769	1262452	S	1087	751	1838	0.00016
Streptomyces_sp._NA03103	2742134	S	1074	6421	7495	0.00064
Streptomyces_sp._AgN23	1188315	S	1050	856	1906	0.00016
Streptomyces_sp._RPA4-5	2721245	S	996	591	1587	0.00013
Streptomyces_sp._2323.1	1938841	S	937	526	1463	0.00012
Streptomyces_sp._S063	2005885	S	906	571	1477	0.00013
Streptomyces_sp._S8	1837283	S	875	686	1561	0.00013
Streptomyces_sp._EAS-AB2608	2779671	S	828	1192	2020	0.00017
Streptomyces_sp._XC_2026	2782004	S	827	664	1491	0.00013
Streptomyces_sp._V17-9	2831149	S	824	3604	4428	0.00038
Streptomyces_sp._3211	1964449	S	808	930	1738	0.00015
Streptomyces_sp._KPB2	2305221	S	803	6073	6876	0.00058
Streptomyces_sp._HNA39	2850561	S	778	808	1586	0.00013
Streptomyces_sp._NEAU-S7GS2	2202000	S	733	550	1283	0.00011
Streptomyces_sp._PBH53	1577075	S	731	986	1717	0.00015
Streptomyces_sp._A144	2871487	S	726	3064	3790	0.00032
Streptomyces_sp._WA6-1-16	2879427	S	725	669	1394	0.00012
Streptomyces_sp._BSE6.1	2605730	S	711	2988	3699	0.00031
Streptomyces_sp._ID38640	1265399	S	694	453	1147	0.00010
Streptomyces_sp._Sge12	1972846	S	625	884	1509	0.00013
Streptomyces_sp._SS52	2563602	S	609	2697	3306	0.00028
Streptomyces_sp._SGAir0924	2109593	S	600	2752	3352	0.00029
Streptomyces_sp._MOE7	1961713	S	591	651	1242	0.00011
Streptomyces_sp._Tue_6075	1661694	S	587	612	1199	0.00010
Streptomyces_sp._RLB1-33	2721243	S	566	1531	2097	0.00018
Streptomyces_sp._11-1-2	1851167	S	539	932	1471	0.00013
Streptomyces_sp._CB00271	2750025	S	536	668	1204	0.00010
Streptomyces_sp._CFMR_7	1649184	S	507	799	1306	0.00011
Streptomyces_sp._M56	1495638	S	440	1087	1527	0.00013
Streptomyces_sp._WAC00303	2933779	S	436	575	1011	0.00009
Streptomyces_sp._CB09030	2913412	S	408	1264	1672	0.00014
Streptomyces_sp._CLI2509	1984801	S	375	1199	1574	0.00013
Streptomyces_sp._CB04723	2748873	S	369	604	973	0.00008
Streptomyces_sp._Tu6071	355249	S	362	1033	1395	0.00012
Streptomyces_sp._VN1	1821625	S	344	1349	1693	0.00014
Streptomyces_sp._M2	646637	S	311	1562	1873	0.00016
Streptomyces_sp._PAMC_26508	1265601	S	304	1017	1321	0.00011
Streptomyces_sp._WAC00288	2094021	S	292	1126	1418	0.00012
Streptomyces_sp._CRSS-Y-16	2906474	S	289	1536	1825	0.00016
Streptomyces_sp._HU2014	2939414	S	288	916	1204	0.00010
Streptomyces_sp._2114.2	1881022	S	271	1559	1830	0.00016
Streptomyces_sp._S501	2420135	S	262	948	1210	0.00010
Streptomyces_sp._endophyte_N2	2153485	S	225	601	826	0.00007
Streptomyces_sp._WA1-19	2884220	S	220	1084	1304	0.00011
Streptomyces_sp._LBUM_1480	2609808	S	202	1898	2100	0.00018
Streptomyces_sp._A1-5	2738410	S	198	858	1056	0.00009
Streptomyces_sp._GF20	2692235	S	168	873	1041	0.00009
Streptomyces_sp._R527F	1664033	S	158	836	994	0.00008
Streptomyces_sp._S1A1-7	2594459	S	147	1319	1466	0.00012
Streptomyces_sp._LBUM_1482	2609809	S	142	3443	3585	0.00030
Streptomyces_sp._NBU3104	2911367	S	142	863	1005	0.00009
Streptomyces_sp._CA-256286	2801033	S	139	804	943	0.00008
Streptomyces_sp._RLB3-6	2594457	S	134	4027	4161	0.00035
Streptomyces_sp._RLB3-17	2594455	S	103	1540	1643	0.00014
Streptomyces_sp._CC0208	2306165	S	99	2498	2597	0.00022
Streptomyces_sp._PLM4	2929798	S	97	742	839	0.00007
Streptomyces_sp._FR-008	206662	S	92	696	788	0.00007
Streptomyces_sp._OUCMDZ-3434	1535304	S	91	885	976	0.00008
Streptomyces_sp._604F	1476754	S	90	754	844	0.00007
Streptomyces_sp._LBUM_1475	2609807	S	82	2332	2414	0.00021
Streptomyces_sp._GBA_94-10	1218177	S	73	865	938	0.00008
Streptomyces_sp._PVA_94-07	1225337	S	72	986	1058	0.00009
Streptomyces_sp._S1D4-20	2594462	S	63	1639	1702	0.00014
Streptomyces_sp._S1D4-14	2594461	S	45	2813	2858	0.00024
Streptomyces_sp._RLB1-9	2594454	S	44	2322	2366	0.00020
Streptomyces_sp._A10(2020)	2782013	S	44	475	519	0.00004
Streptomyces_sp._S1D4-23	2594463	S	37	1896	1933	0.00016
Streptomyces_sp._ICC4	2099584	S	20	1288	1308	0.00011
Streptomyces_sp._ICC1	2099583	S	19	1057	1076	0.00009
Streptomyces_venezuelae	54571	S	14781	4823	19604	0.00167
Streptomyces_cadmiisoli	2184053	S	3398	752	4150	0.00035
Streptomyces_qaidamensis	1783515	S	3018	1125	4143	0.00035
Streptomyces_aurantiacus	47760	S	2743	582	3325	0.00028
Streptomyces_alboniger	132473	S	1722	568	2290	0.00019
Streptomyces_koyangensis	188770	S	1237	1105	2342	0.00020
Streptomyces_nigra	1827580	S	11896	4096	15992	0.00136
Streptomyces_tendae	1932	S	11504	4178	15682	0.00133
Streptomyces_hygroscopicus	1912	S	4262	5629	9891	0.00084
Streptomyces_rapamycinicus	1226757	S	3387	715	4102	0.00035
Streptomyces_violaceusniger	68280	S	1208	707	1915	0.00016
Streptomyces_yatensis	155177	S	1136	733	1869	0.00016
Streptomyces_malaysiensis	92644	S	285	775	1060	0.00009
Streptomyces_calvus	67282	S	9797	3374	13171	0.00112
Streptomyces_chartreusis	1969	S	7916	3171	11087	0.00094
Streptomyces_viridosporus	67581	S	7522	2690	10212	0.00087
Streptomyces_albus	1888	S	6507	2904	9411	0.00080
Streptomyces_griseus	1911	S	2389	1851	4240	0.00036
Streptomyces_sp._M54	2759525	S	245	564	809	0.00007
Streptomyces_anulatus	1892	S	1763	1647	3410	0.00029
Streptomyces_microflavus	1919	S	875	3458	4333	0.00037
Streptomyces_globisporus	1908	S	676	4417	5093	0.00043
Streptomyces_harbinensis	1176198	S	5729	1391	7120	0.00061
Streptomyces_armeniacus	83291	S	5438	697	6135	0.00052
Streptomyces_deccanensis	424188	S	5387	1978	7365	0.00063
Streptomyces_ferrugineus	1413221	S	5183	1469	6652	0.00057
Streptomyces_peucetius	1950	S	5114	1231	6345	0.00054
Streptomyces_cyaneochromogenes	2496836	S	5108	1319	6427	0.00055
Streptomyces_capitiformicae	2014920	S	5081	715	5796	0.00049
Streptomyces_formicae	1616117	S	5007	1405	6412	0.00055
Streptomyces_bathyalis	2710756	S	4807	706	5513	0.00047
Streptomyces_bingchenggensis	379067	S	4763	805	5568	0.00047
Streptomyces_buecherae	2763006	S	4744	1062	5806	0.00049
Streptomyces_lydicus	47763	S	4737	2858	7595	0.00065
Streptomyces_prasinus	67345	S	4577	1312	5889	0.00050
Streptomyces_niveus	193462	S	4314	1718	6032	0.00051
Streptomyces_tsukubensis	83656	S	4244	948	5192	0.00044
Streptomyces_xinghaiensis	1038928	S	4062	1085	5147	0.00044
Streptomyces_cattleya	29303	S	3963	1017	4980	0.00042
Streptomyces_griseorubiginosus	67304	S	3944	1142	5086	0.00043
Streptomyces_spectabilis	68270	S	3793	1092	4885	0.00042
Streptomyces_seoulensis	73044	S	3751	1263	5014	0.00043
Streptomyces_pristinaespiralis	38300	S	3576	1218	4794	0.00041
Streptomyces_roseirectus	2768066	S	3491	746	4237	0.00036
Streptomyces_ambofaciens	1889	S	3488	2053	5541	0.00047
Streptomyces_lincolnensis	1915	S	3422	869	4291	0.00036
Streptomyces_pactum	68249	S	3407	1209	4616	0.00039
Streptomyces_genisteinicus	2768068	S	3397	941	4338	0.00037
Streptomyces_aquilus	2548456	S	3318	862	4180	0.00036
Streptomyces_rimosus	1927	S	3275	4196	7471	0.00064
Streptomyces_davaonensis	348043	S	3193	784	3977	0.00034
Streptomyces_xanthii	2768069	S	3121	829	3950	0.00034
Streptomyces_actuosus	1885	S	2987	1110	4097	0.00035
Streptomyces_globosus	68209	S	2945	948	3893	0.00033
Streptomyces_griseoviridis	45398	S	2916	825	3741	0.00032
Streptomyces_durmitorensis	319947	S	2908	551	3459	0.00029
Streptomyces_paludis	2282738	S	2900	556	3456	0.00029
Streptomyces_lunaelactis	1535768	S	2885	533	3418	0.00029
Streptomyces_clavuligerus	1901	S	2872	606	3478	0.00030
Streptomyces_liangshanensis	2717324	S	2860	634	3494	0.00030
Streptomyces_alboflavus	67267	S	2813	688	3501	0.00030
Streptomyces_antibioticus	1890	S	2799	874	3673	0.00031
Streptomyces_asoensis	249586	S	2740	716	3456	0.00029
Streptomyces_luteoverticillatus	66425	S	2725	795	3520	0.00030
Streptomyces_albulus	68570	S	2724	731	3455	0.00029
Streptomyces_vietnamensis	362257	S	2723	805	3528	0.00030
Streptomyces_olivoreticuli	68246	S	2693	671	3364	0.00029
Streptomyces_coeruleorubidus	116188	S	2670	1128	3798	0.00032
Streptomyces_rectiverticillatus	173860	S	2670	754	3424	0.00029
Streptomyces_ficellus	1977088	S	2666	840	3506	0.00030
Streptomyces_parvulus	146923	S	2660	1032	3692	0.00031
Streptomyces_aureoverticillatus	66871	S	2651	631	3282	0.00028
Streptomyces_phaeolivaceus	2653200	S	2617	637	3254	0.00028
Streptomyces_griseocarneus	51201	S	2609	803	3412	0.00029
Streptomyces_griseochromogenes	68214	S	2604	635	3239	0.00028
Streptomyces_glaucescens	1907	S	2576	975	3551	0.00030
Streptomyces_nodosus	40318	S	2572	572	3144	0.00027
Streptomyces_chromofuscus	42881	S	2490	842	3332	0.00028
Streptomyces_dengpaensis	2049881	S	2483	604	3087	0.00026
Streptomyces_galilaeus	33899	S	2454	722	3176	0.00027
Streptomyces_exfoliatus	1905	S	2439	736	3175	0.00027
Streptomyces_avermitilis	33903	S	2428	612	3040	0.00026
Streptomyces_atratus	1893	S	2420	432	2852	0.00024
Streptomyces_gobiensis	2875706	S	2331	386	2717	0.00023
Streptomyces_tirandamycinicus	2174846	S	2293	672	2965	0.00025
Streptomyces_hawaiiensis	67305	S	2292	883	3175	0.00027
Streptomyces_collinus	42684	S	2279	1342	3621	0.00031
Streptomyces_subrutilus	36818	S	2259	737	2996	0.00025
Streptomyces_katrae	68223	S	2210	731	2941	0.00025
Streptomyces_nitrosporeus	28894	S	2194	546	2740	0.00023
Streptomyces_lavendulae	1914	S	2186	670	2856	0.00024
Streptomyces_hundungensis	1077946	S	2174	594	2768	0.00024
Streptomyces_fodineus	1904616	S	2147	667	2814	0.00024
Streptomyces_broussonetiae	2686304	S	2093	555	2648	0.00023
Streptomyces_vinaceus	1960	S	2088	658	2746	0.00023
Streptomyces_dangxiongensis	1442032	S	2079	632	2711	0.00023
Streptomyces_gilvosporeus	553510	S	2075	578	2653	0.00023
Streptomyces_spongiicola	1690221	S	2061	735	2796	0.00024
Streptomyces_incarnatus	665007	S	2056	538	2594	0.00022
Streptomyces_tuirus	68278	S	2039	904	2943	0.00025
Streptomyces_pratensis	1169025	S	1993	428	2421	0.00021
Streptomyces_kanamyceticus	1967	S	1986	592	2578	0.00022
Streptomyces_roseochromogenus	285450	S	1962	540	2502	0.00021
Streptomyces_mobaraensis	35621	S	1933	67882	69815	0.00594
Streptomyces_finlayi	67296	S	1929	386	2315	0.00020
Streptomyces_rutgersensis	53451	S	1914	818	2732	0.00023
Streptomyces_gardneri	66892	S	1907	683	2590	0.00022
Streptomyces_inhibens	2293571	S	1877	501	2378	0.00020
Streptomyces_qinzhouensis	2599401	S	1847	388	2235	0.00019
Streptomyces_cyanogenus	80860	S	1810	703	2513	0.00021
Streptomyces_pluripotens	1355015	S	1791	360	2151	0.00018
Streptomyces_angustmyceticus	285578	S	1713	615	2328	0.00020
Streptomyces_huasconensis	1854574	S	1709	587	2296	0.00020
Streptomyces_fagopyri	2662397	S	1686	506	2192	0.00019
Streptomyces_fungicidicus	68203	S	1684	4411	6095	0.00052
Streptomyces_nojiriensis	66374	S	1591	603	2194	0.00019
Streptomyces_leeuwenhoekii	1437453	S	1559	961	2520	0.00021
Streptomyces_cyaneogriseus	68192	S	1427	978	2405	0.00020
Streptomyces_decoyicus	249567	S	914	451	1365	0.00012
Streptomyces_xiamenensis	408015	S	877	674	1551	0.00013
Streptomyces_lydicamycinicus	1546107	S	823	438	1261	0.00011
Streptomyces_antimycoticus	68175	S	815	749	1564	0.00013
Streptomyces_auratus	114687	S	809	477	1286	0.00011
Streptomyces_coelicolor	1902	S	361	3380	3741	0.00032
Streptomyces_albidoflavus	1886	S	237	3206	3443	0.00029
Streptomyces_sampsonii	42239	S	135	979	1114	0.00009
Streptomyces_platensis	58346	S	675	448	1123	0.00010
Streptomyces_olivaceus	47716	S	604	2002	2606	0.00022
Streptomyces_alfalfae	1642299	S	524	2690	3214	0.00027
Streptomyces_filamentosus	67294	S	505	568	1073	0.00009
Streptomyces_cavourensis	67258	S	423	697	1120	0.00010
Streptomyces_californicus	67351	S	411	1210	1621	0.00014
Streptomyces_fradiae	1906	S	388	5438	5826	0.00050
Streptomyces_mirabilis	68239	S	304	1652	1956	0.00017
Streptomyces_griseofuscus	146922	S	287	1166	1453	0.00012
Streptomyces_murinus	33900	S	286	734	1020	0.00009
Streptomyces_autolyticus	75293	S	267	817	1084	0.00009
Streptomyces_noursei	1971	S	226	806	1032	0.00009
Streptomyces_lividans	1916	S	225	2282	2507	0.00021
Streptomyces_albireticuli	1940	S	214	819	1033	0.00009
Streptomyces_scabiei	1930	S	181	1452	1633	0.00014
Streptomyces_cinereoruber	67260	S	159	754	913	0.00008
Streptomyces_rubrolavendulae	285473	S	139	914	1053	0.00009
Streptomyces_violaceoruber	1935	S	122	486	608	0.00005
Streptomyces_rochei	1928	S	97	660	757	0.00006
Streptomyces_sviceus	285530	S	10	797	807	0.00007
Kitasatospora_sp._MMS16-BH015	2018025	S	2869	864	3733	0.00032
Kitasatospora_sp._NA04385	2742135	S	2521	1304	3825	0.00033
Kitasatospora_setae	2066	S	2574	1281	3855	0.00033
Kitasatospora_aureofaciens	1894	S	2175	816	2991	0.00025
Kitasatospora_albolonga	68173	S	842	599	1441	0.00012
Yinghuangia_sp._ASG_101	2896848	S	9494	1443	10937	0.00093
Streptacidiphilus_sp._P02-A3a	2704468	S	2824	804	3628	0.00031
Streptacidiphilus_sp._PB12-B1b	2705012	S	2523	918	3441	0.00029
Streptacidiphilus_bronchialis	2126346	S	2407	702	3109	0.00026
Microbacterium_sp._No._7	1714373	S	2229	943	3172	0.00027
Microbacterium_sp._4R-513	2567934	S	2073	365	2438	0.00021
Microbacterium_sp._JZ31	1906274	S	1830	483	2313	0.00020
Microbacterium_sp._10M-3C3	2483401	S	1663	483	2146	0.00018
Microbacterium_sp._YJN-G	2763257	S	1379	429	1808	0.00015
Microbacterium_sp._SSW1-51	2851650	S	1313	313	1626	0.00014
Microbacterium_sp._ABRD_28	2268461	S	1236	159	1395	0.00012
Microbacterium_sp._BH-3-3-3	1906742	S	1200	273	1473	0.00013
Microbacterium_sp._XT11	367477	S	1189	241	1430	0.00012
Microbacterium_sp._H1-D42	2925844	S	1145	180	1325	0.00011
Microbacterium_sp._SSW1-36	2851648	S	1109	231	1340	0.00011
Microbacterium_sp._NIBRBAC000506063	2734618	S	1102	426	1528	0.00013
Microbacterium_sp._A18JL241	2782166	S	1099	241	1340	0.00011
Microbacterium_sp._LKL04	912630	S	1035	234	1269	0.00011
Microbacterium_sp._cx-55	2875948	S	985	138	1123	0.00010
Microbacterium_sp._PM5	2014534	S	961	169	1130	0.00010
Microbacterium_sp._Y-01	2048898	S	957	361	1318	0.00011
Microbacterium_sp._CBA3102	2603598	S	885	206	1091	0.00009
Microbacterium_sp._1S1	2606451	S	863	350	1213	0.00010
Microbacterium_sp._TPU_3598	1938334	S	851	212	1063	0.00009
Microbacterium_sp._Nx66	2766784	S	675	418	1093	0.00009
Microbacterium_sp._RG1	2489212	S	408	296	704	0.00006
Microbacterium_sp._CGR1	1696072	S	182	658	840	0.00007
Microbacterium_sp._PAMC22086	2861281	S	174	345	519	0.00004
Microbacterium_sp._1.5R	1916917	S	173	604	777	0.00007
Microbacterium_sp._SGAir0570	2070348	S	155	519	674	0.00006
Microbacterium_sp._str._'China'	2103230	S	126	612	738	0.00006
Microbacterium_sp._PAMC_28756	1795053	S	49	727	776	0.00007
Microbacterium_sp._KUDC0406	2909588	S	21	1694	1715	0.00015
Microbacterium_sp._PAMC21962	2861280	S	12	465	477	0.00004
Microbacterium_sp._KUDC0405	2909587	S	10	803	813	0.00007
Microbacterium_cremeum	2782169	S	4645	938	5583	0.00047
Microbacterium_atlanticum	2782168	S	2541	536	3077	0.00026
Microbacterium_hominis	162426	S	2455	6461	8916	0.00076
Microbacterium_foliorum	104336	S	2410	478	2888	0.00025
Microbacterium_oleivorans	273677	S	2059	382	2441	0.00021
Microbacterium_lemovicicum	1072463	S	1592	345	1937	0.00016
Microbacterium_resistens	156977	S	1562	274	1836	0.00016
Microbacterium_sediminis	904291	S	1526	654	2180	0.00019
Microbacterium_oryzae	743009	S	1422	401	1823	0.00016
Microbacterium_pygmaeum	370764	S	1410	168	1578	0.00013
Microbacterium_testaceum	2033	S	1292	225	1517	0.00013
Microbacterium_wangchenii	2541726	S	1212	261	1473	0.00013
Microbacterium_caowuchunii	2614638	S	1194	216	1410	0.00012
Microbacterium_chocolatum	84292	S	1173	250	1423	0.00012
Microbacterium_aurum	36805	S	1169	349	1518	0.00013
Microbacterium_luteum	2782167	S	1130	444	1574	0.00013
Microbacterium_protaetiae	2509458	S	1120	242	1362	0.00012
Microbacterium_lushaniae	2614639	S	1117	245	1362	0.00012
Microbacterium_esteraromaticum	57043	S	1053	223	1276	0.00011
Microbacterium_oxydans	82380	S	1045	761	1806	0.00015
Microbacterium_hydrocarbonoxydans	273678	S	787	135	922	0.00008
Microbacterium_schleiferi	69362	S	750	234	984	0.00008
Microbacterium_fandaimingii	2708079	S	571	45	616	0.00005
Microbacterium_binotii	462710	S	471	336	807	0.00007
Microbacterium_chengjingii	2769067	S	385	19	404	0.00003
Microbacterium_amylolyticum	936337	S	356	71	427	0.00004
Microbacterium_endophyticum	1526412	S	242	16	258	0.00002
Microbacterium_paraoxydans	199592	S	157	999	1156	0.00010
Microbacterium_paludicola	300019	S	142	496	638	0.00005
Agromyces_sp._H17E-10	2932244	S	2400	820	3220	0.00027
Agromyces_sp._LHK192	2498704	S	2107	633	2740	0.00023
Agromyces_sp._CFWR-12	2929802	S	1577	961	2538	0.00022
Agromyces_flavus	589382	S	2578	842	3420	0.00029
Agromyces_soli	659012	S	2103	792	2895	0.00025
Agromyces_aureus	453304	S	2003	588	2591	0.00022
Agromyces_marinus	1389020	S	1699	638	2337	0.00020
Agromyces_archimandritae	2781962	S	1623	477	2100	0.00018
Agromyces_protaetiae	2509455	S	1590	468	2058	0.00018
Agromyces_intestinalis	2592652	S	1428	826	2254	0.00019
Agromyces_badenianii	2080742	S	1408	478	1886	0.00016
Agromyces_laixinhei	2585717	S	1347	320	1667	0.00014
Curtobacterium_sp._L6-1	2841594	S	1213	402	1615	0.00014
Curtobacterium_sp._BH-2-1-1	1905847	S	1183	408	1591	0.00014
Curtobacterium_sp._YC1	2795488	S	912	437	1349	0.00011
Curtobacterium_sp._MR_MD2014	1561023	S	909	442	1351	0.00011
Curtobacterium_sp._TC1	2862880	S	743	409	1152	0.00010
Curtobacterium_sp._24E2	2804758	S	731	427	1158	0.00010
Curtobacterium_sp._SGAir0471	2070337	S	630	556	1186	0.00010
Curtobacterium_sp._TXMA1	2876939	S	587	536	1123	0.00010
Curtobacterium_sp._C1	2898151	S	195	681	876	0.00007
Curtobacterium_sp._Csp2	2495430	S	178	711	889	0.00008
Curtobacterium_sp._Csp1	2495429	S	32	847	879	0.00007
Curtobacterium_flaccumfaciens	2035	S	1837	882	2719	0.00023
Curtobacterium_luteum	33881	S	1194	443	1637	0.00014
Rathayibacter_sp._VKM_Ac-2759	2609252	S	1600	578	2178	0.00019
Rathayibacter_sp._VKM_Ac-2760	2609253	S	1341	714	2055	0.00017
Rathayibacter_sp._VKM_Ac-2804	2609257	S	1037	788	1825	0.00016
Rathayibacter_sp._VKM_Ac-2801	2609255	S	657	637	1294	0.00011
Rathayibacter_sp._VKM_Ac-2762	2609254	S	272	770	1042	0.00009
Rathayibacter_sp._VKM_Ac-2805	2609258	S	182	531	713	0.00006
Rathayibacter_festucae	110937	S	1545	1708	3253	0.00028
Rathayibacter_tanaceti	1671680	S	945	250	1195	0.00010
Rathayibacter_tritici	33888	S	601	190	791	0.00007
Rathayibacter_iranicus	59737	S	546	74	620	0.00005
Rathayibacter_rathayi	33887	S	532	148	680	0.00006
Rathayibacter_toxicus	145458	S	214	18	232	0.00002
Clavibacter_michiganensis	28447	S	7055	7805	14860	0.00126
Clavibacter_zhangzhiyongii	2768071	S	927	480	1407	0.00012
Clavibacter_sp._A6099	2860285	S	477	338	815	0.00007
Leucobacter_sp._H25R-14	2932245	S	1104	188	1292	0.00011
Leucobacter_sp._NB_10	2873270	S	1071	308	1379	0.00012
Leucobacter_sp._Psy1	2875729	S	904	115	1019	0.00009
Leucobacter_sp._CX169	2813744	S	707	190	897	0.00008
Leucobacter_sp._H21R-36	2932246	S	322	876	1198	0.00010
Leucobacter_sp._H21R-40	2932247	S	277	754	1031	0.00009
Leucobacter_muris	1935379	S	1215	464	1679	0.00014
Leucobacter_triazinivorans	1784719	S	1166	646	1812	0.00015
Leucobacter_luti	340320	S	428	40	468	0.00004
Leucobacter_insecticola	2714934	S	308	26	334	0.00003
Leucobacter_viscericola	2714935	S	252	26	278	0.00002
Leucobacter_coleopterorum	2714933	S	195	21	216	0.00002
Leucobacter_denitrificans	683042	S	190	28	218	0.00002
Leifsonia_sp._PS1209	2724914	S	1565	470	2035	0.00017
Leifsonia_sp._ZF2019	2781978	S	1558	471	2029	0.00017
Leifsonia_sp._21MFCrub1.1	1798223	S	1347	1827	3174	0.00027
Leifsonia_shinshuensis	150026	S	1961	613	2574	0.00022
Leifsonia_xyli	1575	S	1257	181	1438	0.00012
Agrococcus_sp._SCSIO52902	2933290	S	1800	942	2742	0.00023
Agrococcus_sp._SGAir0287	2070347	S	1695	553	2248	0.00019
Agrococcus_sp._Marseille-Q4369	2810513	S	1630	619	2249	0.00019
Agrococcus_carbonis	684552	S	1810	890	2700	0.00023
Agrococcus_jejuensis	399736	S	1794	608	2402	0.00020
Protaetiibacter_sp._SSC-01	2759943	S	1640	662	2302	0.00020
Protaetiibacter_intestinalis	2419774	S	1593	626	2219	0.00019
Protaetiibacter_larvae	2592654	S	1228	424	1652	0.00014
Salinibacterium_sp._ZJ450	2708338	S	1237	202	1439	0.00012
Salinibacterium_sp._ZJ70	2708084	S	1071	292	1363	0.00012
Salinibacterium_sp._dk2585	2603292	S	868	154	1022	0.00009
Salinibacterium_sp._UTAS2018	2508880	S	336	31	367	0.00003
Salinibacterium_sp._M195	2583374	S	237	26	263	0.00002
Salinibacterium_hongtaonis	2079791	S	433	48	481	0.00004
Cryobacterium_sp._LW097	1978566	S	915	205	1120	0.00010
Cryobacterium_sp._PAMC25264	2861288	S	500	322	822	0.00007
Cryobacterium_soli	2220095	S	657	363	1020	0.00009
Cryobacterium_arcticum	670052	S	593	478	1071	0.00009
Frondihabitans_sp._PAMC_28766	1795630	S	1470	209	1679	0.00014
Frondihabitans_sp._762G35	1446794	S	1359	311	1670	0.00014
Plantibacter_sp._PA-3-X8	2480625	S	485	506	991	0.00008
Plantibacter_sp._M259	2583822	S	479	486	965	0.00008
Plantibacter_flavus	150123	S	540	521	1061	0.00009
Microcella_flavibacter	1804990	S	1561	793	2354	0.00020
Microcella_alkaliphila	279828	S	979	183	1162	0.00010
Microterricola_viridarii	412690	S	2539	669	3208	0.00027
Cnuibacter_physcomitrellae	1619308	S	1809	423	2232	0.00019
Frigoribacterium_sp._NBH87	2596916	S	1718	543	2261	0.00019
Herbiconiux_sp._SALV-R1	2735133	S	1675	360	2035	0.00017
Mycetocola_zhujimingii	2079792	S	623	77	700	0.00006
Mycetocola_sp._JXN-3	2116510	S	562	87	649	0.00006
Mycetocola_spongiae	2859226	S	465	63	528	0.00004
Gryllotalpicola_protaetiae	2419771	S	1608	328	1936	0.00016
Subtercola_sp._AK-R2A1-2	2895559	S	939	91	1030	0.00009
Subtercola_sp._PAMC28395	2846775	S	532	55	587	0.00005
Amnibacterium_sp._L3-i23	2905871	S	1454	373	1827	0.00016
Chryseoglobus_indicus	2750620	S	280	618	898	0.00008
Chryseoglobus_sp._28M-23	2772253	S	271	572	843	0.00007
Humibacter_sp._WJ7-1	2599293	S	1289	304	1593	0.00014
Marisediminicola_antarctica	674079	S	1145	151	1296	0.00011
Gulosibacter_sediminis	1729695	S	1081	322	1403	0.00012
Diaminobutyricimonas_sp._LJ205	2683590	S	1002	200	1202	0.00010
Glaciihabitans_sp._INWT7	2596912	S	866	73	939	0.00008
Agreia_sp._COWG	2773266	S	759	97	856	0.00007
Rhodoluna_limnophila	232537	S	78	11	89	0.00001
Candidatus_Rhodoluna_planktonica	535712	S	47	4	51	0.00000
Rhodoluna_lacicola	529884	S	24	3	27	0.00000
Aquiluna_borgnonia	2499157	S	98	9	107	0.00001
Candidatus_Aquiluna_sp._UB-MaderosW2red	1855377	S	52	2	54	0.00000
Pseudoclavibacter_sp._Marseille-Q3772	2866588	S	187	35	222	0.00002
Aurantimicrobium_photophilum	1987356	S	63	5	68	0.00001
Aurantimicrobium_minutum	708131	S	46	16	62	0.00001
Aurantimicrobium_sp._MWH-Uga1	2079575	S	26	8	34	0.00000
Pontimonas_salivibrio	1159327	S	68	3	71	0.00001
Kocuria_turfanensis	388357	S	32310	9705	42015	0.00357
Kocuria_rosea	1275	S	5972	1680	7652	0.00065
Kocuria_flava	446860	S	5470	2539	8009	0.00068
Kocuria_palustris	71999	S	1111	415	1526	0.00013
Kocuria_rhizophila	72000	S	927	956	1883	0.00016
Kocuria_varians	1272	S	702	428	1130	0.00010
Kocuria_sp._TGY1127_2	2711328	S	237	38	275	0.00002
Kocuria_sp._KD4	2719588	S	207	218	425	0.00004
Kocuria_sp._BT304	1702043	S	85	277	362	0.00003
Kocuria_indica	1049583	S	194	254	448	0.00004
Arthrobacter_sp._QXT-31	1357915	S	3336	936	4272	0.00036
Arthrobacter_sp._QL17	2895818	S	1502	344	1846	0.00016
Arthrobacter_sp._FW305-BF8	2879617	S	1163	323	1486	0.00013
Arthrobacter_sp._PM3	2017685	S	1064	181	1245	0.00011
Arthrobacter_sp._NicSoilB8	2830998	S	989	264	1253	0.00011
Arthrobacter_sp._U41	1849032	S	954	280	1234	0.00010
Arthrobacter_sp._ERGS1:01	1704044	S	906	172	1078	0.00009
Arthrobacter_sp._24S4-2	2575374	S	887	204	1091	0.00009
Arthrobacter_sp._UKPF54-2	2600159	S	874	383	1257	0.00011
Arthrobacter_sp._NicSoilB4	2830997	S	841	272	1113	0.00009
Arthrobacter_sp._PAMC25564	2565366	S	805	222	1027	0.00009
Arthrobacter_sp._KBS0702	2578107	S	792	326	1118	0.00010
Arthrobacter_sp._FB24	290399	S	764	257	1021	0.00009
Arthrobacter_sp._PGP41	2079227	S	738	269	1007	0.00009
Arthrobacter_sp._NicSoilC5	2831000	S	698	374	1072	0.00009
Arthrobacter_sp._Helios	2828862	S	679	109	788	0.00007
Arthrobacter_sp._FW306-2-2C-D06B	2879618	S	636	122	758	0.00006
Arthrobacter_sp._PAMC25284	2861279	S	597	155	752	0.00006
Arthrobacter_sp._zg-Y462	2886936	S	596	119	715	0.00006
Arthrobacter_sp._PAMC_25486	1494608	S	483	77	560	0.00005
Arthrobacter_sp._zg-Y809	2886940	S	457	160	617	0.00005
Arthrobacter_sp._NtRootA1	2830983	S	343	113	456	0.00004
Arthrobacter_sp._StoSoilB20	2830995	S	338	99	437	0.00004
Arthrobacter_sp._StoSoilB5	2830992	S	330	99	429	0.00004
Arthrobacter_sp._D5-1	1477518	S	286	204	490	0.00004
Arthrobacter_sp._YN	2020486	S	269	124	393	0.00003
Arthrobacter_sp._C1-1	2813727	S	182	24	206	0.00002
Arthrobacter_sp._FW306-06-A	2879621	S	145	604	749	0.00006
Arthrobacter_sp._StoSoilB19	2830994	S	121	655	776	0.00007
Arthrobacter_sp._NicSoilB11	2830999	S	119	562	681	0.00006
Arthrobacter_sp._FW306-07-I	2879622	S	112	748	860	0.00007
Arthrobacter_sp._StoSoilB13	2830993	S	110	240	350	0.00003
Arthrobacter_sp._FW306-05-C	2879620	S	105	659	764	0.00006
Arthrobacter_sp._StoSoilA2	2830990	S	98	208	306	0.00003
Arthrobacter_sp._AQ5-05	2184581	S	21	372	393	0.00003
Arthrobacter_crystallopoietes	37928	S	3260	575	3835	0.00033
Arthrobacter_agilis	37921	S	2243	327	2570	0.00022
Arthrobacter_sulfonylureivorans	2486855	S	1494	233	1727	0.00015
Arthrobacter_woluwensis	156980	S	969	214	1183	0.00010
Arthrobacter_dokdonellae	2211210	S	856	141	997	0.00008
Arthrobacter_jiangjiafuii	2817475	S	686	182	868	0.00007
Arthrobacter_alpinus	656366	S	578	870	1448	0.00012
Arthrobacter_sunyaminii	2816859	S	480	155	635	0.00005
Pseudarthrobacter_sp._L1SW	2851598	S	773	311	1084	0.00009
Pseudarthrobacter_sp._BIM_B-2242	2772401	S	684	168	852	0.00007
Pseudarthrobacter_sp._NBSH8	2596911	S	371	136	507	0.00004
Pseudarthrobacter_sp._SSS035	2931399	S	364	300	664	0.00006
Pseudarthrobacter_sp._NIBRBAC000502772	2590775	S	349	244	593	0.00005
Pseudarthrobacter_sp._NIBRBAC000502771	2590774	S	167	550	717	0.00006
Pseudarthrobacter_sp._NIBRBAC000502770	2590785	S	141	415	556	0.00005
Pseudarthrobacter_phenanthrenivorans	361575	S	2224	1070	3294	0.00028
Pseudarthrobacter_chlorophenolicus	85085	S	622	221	843	0.00007
Pseudarthrobacter_equi	728066	S	571	212	783	0.00007
Pseudarthrobacter_psychrotolerans	2697569	S	457	176	633	0.00005
Pseudarthrobacter_sulfonivorans	121292	S	354	343	697	0.00006
Micrococcus_luteus	1270	S	2165	3267	5432	0.00046
Micrococcus_sp._KD337-16	2856555	S	959	567	1526	0.00013
Micrococcus_sp._KBS0714	1179670	S	44	359	403	0.00003
Micrococcus_yunnanensis	566027	S	24	184	208	0.00002
Sinomonas_atrocyanea	37927	S	2091	670	2761	0.00023
Sinomonas_sp._R1AF57	2020377	S	1685	391	2076	0.00018
Glutamicibacter_creatinolyticus	162496	S	695	156	851	0.00007
Glutamicibacter_protophormiae	37930	S	646	367	1013	0.00009
Glutamicibacter_halophytocola	1933880	S	318	54	372	0.00003
Glutamicibacter_mishrai	1775880	S	241	49	290	0.00002
Glutamicibacter_arilaitensis	256701	S	224	79	303	0.00003
Glutamicibacter_nicotianae	37929	S	213	542	755	0.00006
Glutamicibacter_sp._ZJUTW	1155384	S	60	216	276	0.00002
Rothia_kristinae	37923	S	1241	702	1943	0.00017
Rothia_mucilaginosa	43675	S	272	50	322	0.00003
Rothia_nasimurium	85336	S	201	89	290	0.00002
Rothia_aeria	172042	S	120	46	166	0.00001
Rothia_dentocariosa	2047	S	94	38	132	0.00001
Rothia_amarae	169480	S	64	26	90	0.00001
Rothia_terrae	396015	S	60	23	83	0.00001
Rothia_sp._ZJ932	2810516	S	41	6	47	0.00000
Paenarthrobacter_aurescens	43663	S	414	253	667	0.00006
Paenarthrobacter_ureafaciens	37931	S	398	674	1072	0.00009
Paenarthrobacter_sp._YJN-5	2735316	S	142	347	489	0.00004
Paenarthrobacter_sp._YJN-D	2735317	S	70	158	228	0.00002
Paenarthrobacter_nicotinovorans	29320	S	70	139	209	0.00002
Citricoccus_sp._SGAir0253	2567881	S	1770	474	2244	0.00019
Nesterenkonia_sp._NBAIMH1	2600320	S	646	41	687	0.00006
Paeniglutamicibacter_sp._Y32M11	2853258	S	358	54	412	0.00004
Psychromicrobium_lacuslunae	1618207	S	240	31	271	0.00002
Neomicrococcus_aestuarii	556325	S	205	83	288	0.00002
Auritidibacter_sp._NML130574	2170745	S	177	18	195	0.00002
Renibacterium_salmoninarum	1646	S	121	6	127	0.00001
Cellulomonas_sp._H30R-01	2704467	S	4466	1938	6404	0.00054
Cellulomonas_sp._JZ18	2654191	S	4076	1927	6003	0.00051
Cellulomonas_sp._Y8	2591145	S	3671	1730	5401	0.00046
Cellulomonas_sp._C5510	2871170	S	3229	1434	4663	0.00040
Cellulomonas_sp._zg-ZUI188	2819978	S	2930	895	3825	0.00033
Cellulomonas_sp._zg-ZUI157	2819979	S	2604	1008	3612	0.00031
Cellulomonas_sp._zg-ZUI222	2816956	S	2476	1032	3508	0.00030
Cellulomonas_sp._EW123	2608402	S	2192	1501	3693	0.00031
Cellulomonas_sp._PSBB021	2003551	S	2123	1959	4082	0.00035
Cellulomonas_fimi	1708	S	3810	3513	7323	0.00062
Cellulomonas_shaoxiangyii	2566013	S	3050	1387	4437	0.00038
Cellulomonas_iranensis	76862	S	2551	1312	3863	0.00033
Cellulomonas_flavigena	1711	S	2479	1042	3521	0.00030
Cellulomonas_gilvus	11	S	2238	1080	3318	0.00028
Cellulomonas_taurus	2729175	S	1904	649	2553	0.00022
Actinotalea_sp._JY-7876	2758442	S	4748	1869	6617	0.00056
Oerskovia_sp._KBS0722	1179673	S	2280	793	3073	0.00026
Pseudactinotalea_sp._HY158	2654547	S	1963	302	2265	0.00019
Paraoerskovia_marina	545619	S	1615	450	2065	0.00018
Cellulosimicrobium_cellulans	1710	S	6201	6990	13191	0.00112
Cellulosimicrobium_sp._BI34T	2587808	S	2651	1312	3963	0.00034
Cellulosimicrobium_sp._JZ28	1906273	S	451	1126	1577	0.00013
Cellulosimicrobium_sp._72-3	2731680	S	249	1186	1435	0.00012
Cellulosimicrobium_sp._TH-20	1980001	S	222	1092	1314	0.00011
Isoptericola_variabilis	139208	S	4073	2311	6384	0.00054
Isoptericola_dokdonensis	372663	S	2455	1019	3474	0.00030
Xylanimonas_protaetiae	2509457	S	2205	1077	3282	0.00028
Xylanimonas_cellulosilytica	186189	S	2071	806	2877	0.00024
Xylanimonas_allomyrinae	2509459	S	1927	663	2590	0.00022
Janibacter_melonis	262209	S	2602	923	3525	0.00030
Janibacter_limosus	53458	S	1872	522	2394	0.00020
Janibacter_indicus	857417	S	1003	1548	2551	0.00022
Janibacter_sp._YB324	2761047	S	536	1118	1654	0.00014
Phycicoccus_sp._HDW14	2714941	S	3501	1224	4725	0.00040
Phycicoccus_endophyticus	1690220	S	2913	908	3821	0.00032
Pedococcus_dokdonensis	443156	S	3688	1150	4838	0.00041
Intrasporangium_calvum	53358	S	3506	969	4475	0.00038
Tetrasphaera_sp._HKS02	1813880	S	2970	818	3788	0.00032
Arsenicicoccus_sp._oral_taxon_190	1658671	S	2645	1064	3709	0.00032
Ornithinimicrobium_avium	2283195	S	3123	874	3997	0.00034
Ornithinimicrobium_sp._HY006	2508882	S	2083	779	2862	0.00024
Ornithinimicrobium_sp._INDO-MA30-4	2908651	S	325	59	384	0.00003
Ornithinimicrobium_flavum	1288636	S	2320	807	3127	0.00027
Ornithinimicrobium_ciconiae	2594265	S	1668	270	1938	0.00016
Ornithinimicrobium_pratense	2593973	S	1477	471	1948	0.00017
Serinicoccus_chungangensis	767452	S	2090	739	2829	0.00024
Serinicoccus_hydrothermalis	1758689	S	1941	924	2865	0.00024
Serinicoccus_profundi	1078471	S	1792	668	2460	0.00021
Serinicoccus_marinus	247333	S	1565	785	2350	0.00020
Georgenia_yuyongxinii	2589797	S	4531	1185	5716	0.00049
Georgenia_sp._TF02-10	2917725	S	4199	1653	5852	0.00050
Georgenia_wutianyii	2585135	S	2953	1096	4049	0.00034
Georgenia_faecalis	2483799	S	2827	844	3671	0.00031
Brachybacterium_sp._CBA3105	2887346	S	1732	408	2140	0.00018
Brachybacterium_sp._SGAir0954	2571029	S	1680	480	2160	0.00018
Brachybacterium_sp._P6-10-X1	1903186	S	1465	264	1729	0.00015
Brachybacterium_saurashtrense	556288	S	1450	432	1882	0.00016
Brachybacterium_ginsengisoli	1331682	S	1404	429	1833	0.00016
Brachybacterium_faecium	43669	S	1360	435	1795	0.00015
Brachybacterium_vulturis	2017484	S	1028	401	1429	0.00012
Brachybacterium_avium	2017485	S	840	327	1167	0.00010
Dermabacter_vaginalis	1630135	S	421	287	708	0.00006
Dermabacter_jinjuensis	1667168	S	323	275	598	0.00005
Devriesea_agamarum	472569	S	197	11	208	0.00002
Brevibacterium_sp._CS2	2575923	S	1618	670	2288	0.00019
Brevibacterium_sp._SMBL_HHYL_HB1	2777556	S	1347	308	1655	0.00014
Brevibacterium_sp._HY170	2898795	S	288	89	377	0.00003
Brevibacterium_sp._'Marine'	2725563	S	257	178	435	0.00004
Brevibacterium_sp._W7.2	2823518	S	175	884	1059	0.00009
Brevibacterium_casei	33889	S	1734	1243	2977	0.00025
Brevibacterium_luteolum	199591	S	825	339	1164	0.00010
Brevibacterium_linens	1703	S	805	506	1311	0.00011
Brevibacterium_oceani	358099	S	515	119	634	0.00005
Brevibacterium_aurantiacum	273384	S	484	328	812	0.00007
Brevibacterium_atlanticum	2697563	S	476	104	580	0.00005
Brevibacterium_sandarakinum	629680	S	446	84	530	0.00005
Brevibacterium_limosum	2697565	S	383	147	530	0.00005
Brevibacterium_siliguriense	1136497	S	293	90	383	0.00003
Brevibacterium_pigmentatum	1496080	S	262	204	466	0.00004
Haloactinobacterium_kanbiaonis	2675754	S	2825	434	3259	0.00028
Ruania_sp._LR1S40	2897774	S	1593	359	1952	0.00017
Ruania_sp._M4N3S171	2897773	S	956	151	1107	0.00009
Ruania_zhangjianzhongii	2603206	S	1805	189	1994	0.00017
Ruania_alkalisoli	2779775	S	1179	221	1400	0.00012
Dermacoccus_nishinomiyaensis	1274	S	1580	711	2291	0.00019
Dermacoccus_sp._PAMC28757	2762331	S	1081	405	1486	0.00013
Luteipulveratus_mongoliensis	571913	S	2156	312	2468	0.00021
Allobranchiibius_sp._GilTou73	2904523	S	1788	407	2195	0.00019
Yimella_sp._cx-51	2770551	S	1053	216	1269	0.00011
Pengzhenrongella_sicca	2819238	S	3302	982	4284	0.00036
Luteimicrobium_xylanilyticum	1133546	S	2612	867	3479	0.00030
Beutenbergia_cavernae	84757	S	3319	589	3908	0.00033
Miniimonas_sp._S16	2171623	S	2346	1331	3677	0.00031
Sanguibacter_keddieii	60920	S	2087	660	2747	0.00023
Sanguibacter_sp._HDW7	2714931	S	1907	635	2542	0.00022
Gephyromycinifex_aptenodytis	2716227	S	889	105	994	0.00008
Austwickia_chelonae	100225	S	669	52	721	0.00006
Dermatophilus_congolensis	1863	S	192	17	209	0.00002
Kytococcus_sedentarius	1276	S	1638	620	2258	0.00019
Demequina_sp._TMPB413	2881056	S	611	49	660	0.00006
Jonesia_denitrificans	43674	S	125	22	147	0.00001
Tropheryma_whipplei	2039	S	33	0	33	0.00000
Micromonospora_sp._WMMC415	2675222	S	8827	3135	11962	0.00102
Micromonospora_sp._HM134	2583243	S	4600	1973	6573	0.00056
Micromonospora_sp._WMMA2032	2039870	S	4270	2701	6971	0.00059
Micromonospora_sp._B006	2201999	S	3565	2712	6277	0.00053
Micromonospora_sp._L5	648999	S	321	3437	3758	0.00032
Micromonospora_echinaurantiaca	47857	S	13501	6199	19700	0.00167
Micromonospora_krabiensis	307121	S	7204	2344	9548	0.00081
Micromonospora_carbonacea	47853	S	6975	2939	9914	0.00084
Micromonospora_echinofusca	47858	S	6659	2874	9533	0.00081
Micromonospora_coxensis	356852	S	5847	3087	8934	0.00076
Micromonospora_coriariae	285665	S	5594	1906	7500	0.00064
Micromonospora_inositola	47865	S	5443	2562	8005	0.00068
Micromonospora_echinospora	1877	S	5439	1818	7257	0.00062
Micromonospora_terminaliae	1914461	S	5432	2620	8052	0.00068
Micromonospora_maris	1003110	S	5229	1504	6733	0.00057
Micromonospora_purpureochromogenes	47872	S	5174	2610	7784	0.00066
Micromonospora_siamensis	299152	S	5004	2272	7276	0.00062
Micromonospora_viridifaciens	1881	S	5002	2091	7093	0.00060
Micromonospora_sagamiensis	47875	S	4961	1819	6780	0.00058
Micromonospora_auratinigra	261654	S	4825	2423	7248	0.00062
Micromonospora_endophytica_(Xie_et_al._2001)_Li_et_al._2019	515350	S	4790	1375	6165	0.00052
Micromonospora_ferruginea	2749844	S	4696	2601	7297	0.00062
Micromonospora_chokoriensis	356851	S	4495	1394	5889	0.00050
Micromonospora_narathiwatensis	299146	S	4412	1982	6394	0.00054
Micromonospora_zamorensis	709883	S	4390	1352	5742	0.00049
Micromonospora_rifamycinica	291594	S	4111	1770	5881	0.00050
Micromonospora_craniellae	2294034	S	3582	2089	5671	0.00048
Micromonospora_tulbaghiae	479978	S	2710	2878	5588	0.00048
Micromonospora_aurantiaca	47850	S	1999	13538	15537	0.00132
Actinoplanes_sp._OR16	946334	S	17984	4510	22494	0.00191
Actinoplanes_sp._L3-i22	2836373	S	15919	3659	19578	0.00166
Actinoplanes_sp._N902-109	649831	S	13612	2788	16400	0.00139
Actinoplanes_sp._SE50/110	134676	S	22	18751	18773	0.00160
Actinoplanes_missouriensis	1866	S	17453	5087	22540	0.00192
Actinoplanes_teichomyceticus	1867	S	14167	5347	19514	0.00166
Actinoplanes_derwentensis	113562	S	13776	1929	15705	0.00134
Actinoplanes_ianthinogenes	122358	S	13330	4754	18084	0.00154
Actinoplanes_friuliensis	196914	S	12884	1959	14843	0.00126
Phytohabitans_suffuscus	624315	S	18864	4586	23450	0.00199
Phytohabitans_flavus	1076124	S	14595	2726	17321	0.00147
Plantactinospora_sp._KBS50	2024580	S	7395	1766	9161	0.00078
Plantactinospora_sp._BC1	2108470	S	4184	8772	12956	0.00110
Plantactinospora_sp._BB1	2071627	S	4016	8326	12342	0.00105
Couchioplanes_caeruleus	56438	S	13394	3289	16683	0.00142
Dactylosporangium_vinaceum	53362	S	12922	1413	14335	0.00122
Catellatospora_sp._IY07-71	2728827	S	12723	2747	15470	0.00132
Actinocatenispora_thailandica	227318	S	4368	1244	5612	0.00048
Actinocatenispora_sera	390989	S	4040	1212	5252	0.00045
Polymorphospora_rubra	338584	S	8091	1728	9819	0.00083
Natronosporangium_hydrolyticum	2811111	S	3948	264	4212	0.00036
Verrucosispora_sp._NA02020	2742132	S	2972	2154	5126	0.00044
Salinispora_tropica	168695	S	2522	404	2926	0.00025
Nocardioides_sp._G188	2849501	S	20591	6849	27440	0.00233
Nocardioides_sp._HDW12B	2714939	S	11452	4046	15498	0.00132
Nocardioides_sp._JS614	196162	S	10996	3680	14676	0.00125
Nocardioides_sp._LMS-CY	2840457	S	9357	3434	12791	0.00109
Nocardioides_sp._TF02-7	2917724	S	8957	3206	12163	0.00103
Nocardioides_sp._zg-579	2663857	S	7462	4274	11736	0.00100
Nocardioides_sp._SCSIO_67246	2872154	S	7434	2175	9609	0.00082
Nocardioides_sp._zg-1228	2763008	S	7127	3533	10660	0.00091
Nocardioides_sp._W7	2931390	S	7110	2725	9835	0.00084
Nocardioides_sp._S5	2017486	S	7061	4102	11163	0.00095
Nocardioides_sp._cx-173	2898796	S	6955	2680	9635	0.00082
Nocardioides_sp._603	2483798	S	6604	3446	10050	0.00085
Nocardioides_sp._MC1495	2736757	S	6531	2580	9111	0.00077
Nocardioides_sp._InS609-2	2760705	S	6411	1637	8048	0.00068
Nocardioides_sp._CF8	110319	S	6319	3036	9355	0.00080
Nocardioides_sp._S-1144	2582905	S	6236	2676	8912	0.00076
Nocardioides_sp._JQ2195	2592334	S	5930	1364	7294	0.00062
Nocardioides_sp._zg-536	2803858	S	4657	2257	6914	0.00059
Nocardioides_sp._dk884	2662361	S	3908	5057	8965	0.00076
Nocardioides_sp._ZJ1313	2685869	S	3878	5064	8942	0.00076
Nocardioides_sp._WS12	2486272	S	3731	726	4457	0.00038
Nocardioides_sp._Kera_G14	2884264	S	3084	691	3775	0.00032
Nocardioides_mesophilus	433659	S	19928	6521	26449	0.00225
Nocardioides_ungokensis	1643322	S	8004	3141	11145	0.00095
Nocardioides_anomalus	2712223	S	7708	2591	10299	0.00088
Nocardioides_euryhalodurans	2518370	S	7669	2607	10276	0.00087
Nocardioides_rotundus	1774216	S	6783	2880	9663	0.00082
Nocardioides_dongkuii	2760089	S	6423	3625	10048	0.00085
Nocardioides_okcheonensis	2894081	S	6362	3299	9661	0.00082
Nocardioides_humi	449461	S	6225	2349	8574	0.00073
Nocardioides_cynanchi	2558918	S	5859	1519	7378	0.00063
Nocardioides_seonyuensis	2518371	S	5728	1735	7463	0.00063
Nocardioides_aromaticivorans	200618	S	5675	2433	8108	0.00069
Nocardioides_dokdonensis	450734	S	5409	2943	8352	0.00071
Nocardioides_marinisabuli	419476	S	5310	3371	8681	0.00074
Nocardioides_aquaticus	160826	S	5231	1786	7017	0.00060
Nocardioides_sambongensis	2589074	S	4708	1486	6194	0.00053
Nocardioides_houyundeii	2045452	S	4691	1590	6281	0.00053
Nocardioides_piscis	2714938	S	4625	2071	6696	0.00057
Nocardioides_panacisoli	627624	S	4221	1133	5354	0.00046
Nocardioides_daphniae	402297	S	3209	1652	4861	0.00041
Nocardioides_jishulii	2575440	S	2697	1116	3813	0.00032
Nocardioides_yefusunii	2500546	S	1946	609	2555	0.00022
Nocardioides_baekrokdamisoli	1804624	S	1579	211	1790	0.00015
Aeromicrobium_sp._Leaf245	1736306	S	2425	783	3208	0.00027
Aeromicrobium_sp._zg-629	2663859	S	1896	653	2549	0.00022
Aeromicrobium_sp._A1-2	2107713	S	1676	247	1923	0.00016
Aeromicrobium_erythreum	2041	S	2596	813	3409	0.00029
Aeromicrobium_chenweiae	2079793	S	2291	828	3119	0.00027
Aeromicrobium_marinum	219314	S	2241	511	2752	0.00023
Aeromicrobium_choanae	1736691	S	2235	703	2938	0.00025
Aeromicrobium_yanjiei	2662028	S	2062	693	2755	0.00023
Marmoricola_scoriae	642780	S	5042	2023	7065	0.00060
Pimelobacter_simplex	2045	S	4331	1755	6086	0.00052
Friedmanniella_luteola	546871	S	3769	786	4555	0.00039
Mumia_sp._ZJ1417	2708082	S	3155	571	3726	0.00032
Micropruina_glycogenica	75385	S	1524	228	1752	0.00015
Microlunatus_sagamiharensis	546874	S	3285	785	4070	0.00035
Microlunatus_soli	630515	S	2183	229	2412	0.00021
Microlunatus_phosphovorus	29405	S	2040	251	2291	0.00019
Microlunatus_elymi	2596828	S	1841	218	2059	0.00018
Microlunatus_sp._Gsoil_973	2672569	S	1540	129	1669	0.00014
Tessaracoccus_sp._J1M15	2829499	S	1375	417	1792	0.00015
Tessaracoccus_sp._MC1865	2760310	S	1131	303	1434	0.00012
Tessaracoccus_defluvii	1285901	S	1398	918	2316	0.00020
Tessaracoccus_aquimaris	1332264	S	1367	654	2021	0.00017
Tessaracoccus_flavescens	399497	S	1117	882	1999	0.00017
Tessaracoccus_flavus	1610493	S	1094	754	1848	0.00016
Tessaracoccus_timonensis	2161816	S	611	248	859	0.00007
Brevilactibacter_coleopterorum	2714937	S	2031	927	2958	0.00025
Brevilactibacter_sp._MC1595	2819349	S	1930	769	2699	0.00023
Acidipropionibacterium_jensenii	1749	S	1169	736	1905	0.00016
Acidipropionibacterium_acidipropionici	1748	S	1125	682	1807	0.00015
Acidipropionibacterium_virtanenii	2057246	S	754	145	899	0.00008
Propionibacterium_acidifaciens	556499	S	1136	255	1391	0.00012
Propionibacterium_freudenreichii	1744	S	937	813	1750	0.00015
Propionibacterium_australiense	119981	S	899	151	1050	0.00009
Auraticoccus_monumenti	675864	S	2651	493	3144	0.00027
Raineyella_fluvialis	2662261	S	1543	208	1751	0.00015
Arachnia_propionica	1750	S	925	122	1047	0.00009
Arachnia_rubra	1547448	S	520	76	596	0.00005
Cutibacterium_avidum	33010	S	601	171	772	0.00007
Cutibacterium_granulosum	33011	S	337	70	407	0.00003
Cutibacterium_acnes	1747	S	230	217	447	0.00004
Cutibacterium_modestum	2559073	S	140	21	161	0.00001
Vaginimicrobium_propionicum	1871034	S	73	27	100	0.00001
Kribbella_flavida	182640	S	9138	2144	11282	0.00096
Kribbella_qitaiheensis	1544730	S	5957	947	6904	0.00059
Actinopolymorpha_singaporensis	117157	S	4680	534	5214	0.00044
Pseudonocardia_sp._DSM_110487	2865833	S	76352	10509	86861	0.00738
Pseudonocardia_sp._CGMCC_4.1532	2761535	S	6829	3807	10636	0.00090
Pseudonocardia_sp._HH130630-07	1690815	S	4631	1539	6170	0.00052
Pseudonocardia_sp._AL041005-10	445576	S	3663	1421	5084	0.00043
Pseudonocardia_sp._HH130629-09	1641402	S	3071	1502	4573	0.00039
Pseudonocardia_sp._EC080625-04	1096868	S	81	2781	2862	0.00024
Pseudonocardia_sp._EC080619-01	1096856	S	11	3493	3504	0.00030
Pseudonocardia_broussonetiae	2736640	S	9491	3068	12559	0.00107
Pseudonocardia_dioxanivorans	240495	S	8943	2340	11283	0.00096
Pseudonocardia_abyssalis	2792008	S	5010	2510	7520	0.00064
Pseudonocardia_autotrophica	2074	S	4914	1304	6218	0.00053
Amycolatopsis_sp._YIM_10	2653857	S	10304	3096	13400	0.00114
Amycolatopsis_sp._WQ_127309	2932773	S	5910	1680	7590	0.00065
Amycolatopsis_sp._DSM_110486	2865832	S	5813	1176	6989	0.00059
Amycolatopsis_sp._FDAARGOS_1241	2778070	S	5364	1182	6546	0.00056
Amycolatopsis_sp._Hca4	2742131	S	5212	1991	7203	0.00061
Amycolatopsis_sp._CA-230715	2745196	S	5160	779	5939	0.00050
Amycolatopsis_sp._FU40	2914159	S	2972	1386	4358	0.00037
Amycolatopsis_sp._AA4	1896961	S	2590	1404	3994	0.00034
Amycolatopsis_sp._BJA-103	1911175	S	2290	988	3278	0.00028
Amycolatopsis_sp._TNS106	2861750	S	1962	1266	3228	0.00027
Amycolatopsis_sp._EV170708-02-1	2919322	S	1630	1805	3435	0.00029
Amycolatopsis_albispora	1804986	S	6069	3492	9561	0.00081
Amycolatopsis_acidiphila	715473	S	5972	1256	7228	0.00061
Amycolatopsis_pretoriensis	218821	S	5129	1711	6840	0.00058
Amycolatopsis_thermalba	944492	S	4685	2001	6686	0.00057
Amycolatopsis_mediterranei	33910	S	4653	3657	8310	0.00071
Amycolatopsis_methanolica	1814	S	4216	1705	5921	0.00050
Amycolatopsis_aidingensis	2842453	S	4146	480	4626	0.00039
Amycolatopsis_keratiniphila	129921	S	2352	2163	4515	0.00038
Amycolatopsis_japonica	208439	S	1241	1295	2536	0.00022
Amycolatopsis_orientalis	31958	S	2516	919	3435	0.00029
Saccharothrix_sp._6-C	2781735	S	45172	13983	59155	0.00503
Saccharothrix_syringae	103733	S	11468	3658	15126	0.00129
Saccharothrix_espanaensis	103731	S	7260	1977	9237	0.00079
Saccharopolyspora_erythraea	1836	S	8800	2888	11688	0.00099
Saccharopolyspora_gregorii	33914	S	3778	743	4521	0.00038
Saccharopolyspora_spinosa	60894	S	1921	1165	3086	0.00026
Saccharopolyspora_pogona	333966	S	1491	1686	3177	0.00027
Saccharopolyspora_sp._ASAGF58	2719023	S	1201	1507	2708	0.00023
Saccharomonospora_cyanea	40989	S	4658	1556	6214	0.00053
Saccharomonospora_marina	632569	S	3176	709	3885	0.00033
Saccharomonospora_azurea	40988	S	2328	645	2973	0.00025
Saccharomonospora_xinjiangensis	75294	S	1985	315	2300	0.00020
Saccharomonospora_glauca	40990	S	1781	590	2371	0.00020
Saccharomonospora_viridis	1852	S	1511	221	1732	0.00015
Lentzea_guizhouensis	1586287	S	11684	2374	14058	0.00120
Kutzneria_sp._CA-103260	2802641	S	6085	1301	7386	0.00063
Kutzneria_albida	43357	S	4715	1079	5794	0.00049
Allokutzneria_albata	211114	S	10935	2543	13478	0.00115
Kibdelosporangium_phytohabitans	860235	S	9956	1163	11119	0.00095
Actinosynnema_pretiosum	42197	S	2183	4615	6798	0.00058
Actinosynnema_mirum	40567	S	239	2287	2526	0.00021
Actinoalloteichus_hoggarensis	1470176	S	2289	307	2596	0.00022
Actinoalloteichus_hymeniacidonis	340345	S	1774	166	1940	0.00017
Actinoalloteichus_sp._GBA129-24	1612551	S	115	1439	1554	0.00013
Actinoalloteichus_fjordicus	1612552	S	86	1299	1385	0.00012
Alloactinosynnema_sp._L-07	1653480	S	5582	1197	6779	0.00058
Prauserella_marina	530584	S	2362	205	2567	0.00022
Allosaccharopolyspora_coralli	2665642	S	2349	487	2836	0.00024
Mycolicibacterium_litorale	758802	S	3325	859	4184	0.00036
Mycolicibacterium_rutilum	370526	S	3054	848	3902	0.00033
Mycolicibacterium_smegmatis	1772	S	2774	1096	3870	0.00033
Mycolicibacterium_phocaicum	319706	S	2700	1341	4041	0.00034
Mycolicibacterium_celeriflavum	1249101	S	2606	475	3081	0.00026
Mycolicibacterium_sp._YH-1	2908837	S	1396	988	2384	0.00020
Mycolicibacterium_neoaurum	1795	S	2226	495	2721	0.00023
Mycolicibacterium_phlei	1771	S	2212	697	2909	0.00025
Mycolicibacterium_chitae	1792	S	2053	455	2508	0.00021
Mycolicibacterium_sediminis	1286180	S	1945	327	2272	0.00019
Mycolicibacterium_mageritense	53462	S	1943	310	2253	0.00019
Mycolicibacterium_arabiense	1286181	S	1938	275	2213	0.00019
Mycolicibacterium_hassiacum	46351	S	1894	477	2371	0.00020
Mycolicibacterium_chubuense	1800	S	1884	397	2281	0.00019
Mycolicibacterium_fortuitum	1766	S	1831	631	2462	0.00021
Mycolicibacterium_madagascariense	212765	S	1812	254	2066	0.00018
Mycolicibacterium_pulveris	36813	S	1806	282	2088	0.00018
Mycolicibacterium_gadium	1794	S	1759	222	1981	0.00017
Mycolicibacterium_duvalii	39688	S	1732	319	2051	0.00017
Mycolicibacterium_moriokaense	39691	S	1731	197	1928	0.00016
Mycolicibacterium_vaccae	1810	S	1708	315	2023	0.00017
Mycolicibacterium_rhodesiae	36814	S	1693	259	1952	0.00017
Mycolicibacterium_parafortuitum	39692	S	1688	313	2001	0.00017
Mycolicibacterium_psychrotolerans	216929	S	1688	354	2042	0.00017
Mycolicibacterium_monacense	85693	S	1679	1151	2830	0.00024
Mycolicibacterium_poriferae	39694	S	1565	308	1873	0.00016
Mycolicibacterium_thermoresistibile	1797	S	1563	327	1890	0.00016
Mycolicibacterium_gilvum	1804	S	1513	527	2040	0.00017
Mycolicibacterium_baixiangningiae	2761578	S	1457	219	1676	0.00014
Mycolicibacterium_tokaiense	39695	S	1453	214	1667	0.00014
Mycolicibacterium_fallax	1793	S	1436	534	1970	0.00017
Mycolicibacterium_aurum	1791	S	1394	168	1562	0.00013
Mycolicibacterium_fluoranthenivorans	258505	S	1388	168	1556	0.00013
Mycolicibacterium_confluentis	28047	S	1355	190	1545	0.00013
Mycobacterium_doricum	126673	S	1299	278	1577	0.00013
Mycolicibacterium_insubricum	444597	S	1281	336	1617	0.00014
Mycolicibacterium_boenickei	146017	S	1242	1590	2832	0.00024
Mycolicibacterium_austroafricanum	39687	S	1102	4129	5231	0.00044
Mycolicibacterium_mengxianglii	2736649	S	1092	108	1200	0.00010
Mycolicibacterium_aichiense	1799	S	1070	172	1242	0.00011
Mycolicibacterium_anyangense	1431246	S	1064	162	1226	0.00010
Mycolicibacterium_helvum	1534349	S	976	109	1085	0.00009
Mycolicibacterium_mucogenicum	56689	S	941	362	1303	0.00011
Mycolicibacterium_alvei	67081	S	843	218	1061	0.00009
Mycolicibacterium_sarraceniae	1534348	S	750	90	840	0.00007
Mycolicibacterium_septicum	98668	S	535	347	882	0.00008
Mycolicibacterium_farcinogenes	1802	S	389	1270	1659	0.00014
Mycolicibacterium_vanbaalenii	110539	S	214	3168	3382	0.00029
Mycolicibacterium_nivoides	2487344	S	134	606	740	0.00006
Mycobacterium_sp._YC-RL4	1682113	S	2363	809	3172	0.00027
Mycobacterium_sp._IDR2000157661	2867005	S	2119	360	2479	0.00021
Mycobacterium_sp._JS623	212767	S	1671	128	1799	0.00015
Mycobacterium_sp._MS1601	1936029	S	1115	146	1261	0.00011
Mycobacterium_sp._DL592	2675524	S	1090	165	1255	0.00011
Mycobacterium_sp._EPa45	1545728	S	993	156	1149	0.00010
Mycobacterium_sp._DL440	2675523	S	811	172	983	0.00008
Mycobacterium_sp._TY59	2775496	S	685	102	787	0.00007
Mycobacterium_sp._WY10	1920667	S	127	322	449	0.00004
Mycobacterium_sp._20KCMC460	2903536	S	63	1347	1410	0.00012
Mycobacterium_sp._PYR15	2051552	S	44	322	366	0.00003
Mycobacterium_sp._MOTT36Y	1168287	S	21	222	243	0.00002
Mycobacterium_saskatchewanense	220927	S	1419	257	1676	0.00014
Mycobacterium_parmense	185642	S	1264	211	1475	0.00013
Mycobacterium_kubicae	120959	S	1143	167	1310	0.00011
Mycobacterium_shigaense	722731	S	990	131	1121	0.00010
Mycobacterium_florentinum	292462	S	935	193	1128	0.00010
Mycobacterium_simiae	1784	S	882	70	952	0.00008
Mycobacterium_stomatepiae	470076	S	860	160	1020	0.00009
Mycobacterium_heidelbergense	53376	S	850	180	1030	0.00009
Mycobacterium_lentiflavum	141349	S	838	184	1022	0.00009
Mycobacterium_avium	1764	S	2020	1644	3664	0.00031
Mycobacterium_intracellulare	1767	S	931	9461	10392	0.00088
Mycobacterium_marseillense	701042	S	930	194	1124	0.00010
Mycobacterium_colombiense	339268	S	900	138	1038	0.00009
Mycobacterium_mantenii	560555	S	889	97	986	0.00008
Mycobacterium_paraintracellulare	1138383	S	223	1194	1417	0.00012
Mycobacterium_grossiae	1552759	S	2211	611	2822	0.00024
Mycobacterium_holsaticum	152142	S	1837	266	2103	0.00018
Mycobacterium_rufum	318424	S	1813	498	2311	0.00020
Mycobacterium_goodii	134601	S	1741	595	2336	0.00020
Mycobacterium_dioxanotrophicus	482462	S	1460	336	1796	0.00015
Mycobacterium_diernhoferi	1801	S	1424	262	1686	0.00014
Mycobacterium_frederiksbergense	117567	S	1421	411	1832	0.00016
Mycobacterium_branderi	43348	S	1319	146	1465	0.00012
Mycobacterium_canettii	78331	S	418	225	643	0.00005
Mycobacterium_tuberculosis	1773	S	238	8195	8433	0.00072
Mycobacterium_conspicuum	44010	S	1208	131	1339	0.00011
Mycobacterium_paragordonae	1389713	S	1134	123	1257	0.00011
Mycobacterium_virginiense	1795032	S	1054	265	1319	0.00011
Mycobacterium_cookii	1775	S	1014	92	1106	0.00009
Mycobacterium_gordonae	1778	S	978	75	1053	0.00009
Mycobacterium_koreense	1069220	S	947	263	1210	0.00010
Mycobacterium_paraterrae	577492	S	902	91	993	0.00008
Mycobacterium_noviomagense	459858	S	868	62	930	0.00008
Mycobacterium_heckeshornense	110505	S	843	57	900	0.00008
Mycobacterium_riyadhense	486698	S	839	31	870	0.00007
Mycobacterium_kansasii	1768	S	836	72	908	0.00008
Mycobacterium_shinjukuense	398694	S	828	71	899	0.00008
Mycobacterium_paraseoulense	590652	S	795	139	934	0.00008
Mycobacterium_malmoense	1780	S	778	108	886	0.00008
Mycobacterium_vicinigordonae	1719132	S	759	36	795	0.00007
Mycobacterium_seoulense	386911	S	738	150	888	0.00008
Mycobacterium_xenopi	1789	S	735	76	811	0.00007
Mycobacterium_ostraviense	2738409	S	732	63	795	0.00007
Mycobacterium_lacus	169765	S	731	48	779	0.00007
Mycobacterium_spongiae	886343	S	646	16	662	0.00006
Mycobacterium_basiliense	2094119	S	613	19	632	0.00005
Mycobacterium_crocinum	388459	S	455	221	676	0.00006
Mycobacterium_haemophilum	29311	S	373	16	389	0.00003
Mycobacterium_marinum	1781	S	200	593	793	0.00007
Mycobacterium_senegalense	1796	S	153	813	966	0.00008
Mycobacterium_leprae	1769	S	90	2	92	0.00001
Mycobacterium_ulcerans	1809	S	89	364	453	0.00004
Mycobacterium_novum	2492438	S	83	1103	1186	0.00010
Mycobacterium_lepromatosis	480418	S	75	1	76	0.00001
Mycobacterium_pallens	370524	S	54	432	486	0.00004
Mycobacterium_shottsii	133549	S	46	66	112	0.00001
Mycobacterium_pseudoshottsii	265949	S	33	166	199	0.00002
Mycolicibacter_sp._MYC340	2855503	S	730	183	913	0.00008
Mycolicibacter_sp._MYC098	2872309	S	676	168	844	0.00007
Mycolicibacter_sp._MYC017	2875777	S	414	323	737	0.00006
Mycolicibacter_sp._MYC123	2855502	S	140	575	715	0.00006
Mycolicibacter_sp._MYC101	2872311	S	128	511	639	0.00005
Mycolicibacter_terrae	1788	S	900	286	1186	0.00010
Mycolicibacter_hiberniae	29314	S	893	190	1083	0.00009
Mycolicibacter_minnesotensis	1118379	S	637	111	748	0.00006
Mycolicibacter_sinensis	875328	S	165	1796	1961	0.00017
Mycobacteroides_abscessus	36809	S	1303	868	2171	0.00018
Mycobacteroides_chelonae	1774	S	883	1271	2154	0.00018
Mycobacteroides_immunogenum	83262	S	534	94	628	0.00005
Mycobacteroides_saopaulense	1578165	S	507	52	559	0.00005
Mycobacteroides_salmoniphilum	404941	S	403	33	436	0.00004
[Mycobacterium]_stephanolepidis	1520670	S	233	37	270	0.00002
Mycolicibacillus_parakoreensis	1069221	S	1244	342	1586	0.00013
Hoyosella_subflava	639313	S	542	28	570	0.00005
Rhodococcus_sp._X156	2499145	S	2509	836	3345	0.00028
Rhodococcus_sp._MTM3W5.2	1805827	S	1897	451	2348	0.00020
Rhodococcus_sp._SGAir0479	2567884	S	1676	487	2163	0.00018
Rhodococcus_sp._W8901	2742603	S	1545	403	1948	0.00017
Rhodococcus_sp._PBTS_1	1653478	S	1434	367	1801	0.00015
Rhodococcus_sp._ABRD24	2507582	S	998	173	1171	0.00010
Rhodococcus_sp._R79	2811421	S	905	556	1461	0.00012
Rhodococcus_sp._USK10	2789739	S	724	468	1192	0.00010
Rhodococcus_sp._B7740	1564114	S	719	97	816	0.00007
Rhodococcus_sp._WMMA185	679318	S	651	81	732	0.00006
Rhodococcus_sp._P1Y	1302308	S	647	58	705	0.00006
Rhodococcus_sp._WAY2	2663121	S	480	407	887	0.00008
Rhodococcus_sp._USK13	2806442	S	474	323	797	0.00007
Rhodococcus_sp._RDE2	2885078	S	471	445	916	0.00008
Rhodococcus_sp._ZPP	2749906	S	260	701	961	0.00008
Rhodococcus_sp._WB9	2594007	S	259	338	597	0.00005
Rhodococcus_sp._S2-17	1990687	S	258	724	982	0.00008
Rhodococcus_sp._DMU1	2722825	S	223	805	1028	0.00009
Rhodococcus_sp._M8	1925550	S	184	548	732	0.00006
Rhodococcus_sp._21391	2683591	S	120	540	660	0.00006
Rhodococcus_sp._WB1	1033922	S	85	701	786	0.00007
Rhodococcus_sp._2G	1570939	S	79	313	392	0.00003
Rhodococcus_sp._p52	935199	S	68	353	421	0.00004
Rhodococcus_sp._DMF-1	2907624	S	67	513	580	0.00005
Rhodococcus_sp._P-2	2795031	S	56	66	122	0.00001
Rhodococcus_sp._LW-XY12	2856851	S	54	468	522	0.00004
Rhodococcus_sp._AQ5-07	2054902	S	49	163	212	0.00002
Rhodococcus_sp._PSBB049	2812863	S	49	682	731	0.00006
Rhodococcus_sp._YL-1	1045808	S	35	148	183	0.00002
Rhodococcus_sp._008	1723645	S	33	197	230	0.00002
Rhodococcus_sp._H-CA8f	1727214	S	29	121	150	0.00001
Rhodococcus_sp._NJ-530	2490853	S	25	138	163	0.00001
Rhodococcus_sp._BH4	1807790	S	25	157	182	0.00002
Rhodococcus_sp._C1	644410	S	15	171	186	0.00002
Rhodococcus_opacus	37919	S	4445	4365	8810	0.00075
Rhodococcus_equi	43767	S	2605	955	3560	0.00030
Rhodococcus_fascians	1828	S	2022	440	2462	0.00021
Rhodococcus_rhodochrous	1829	S	1612	913	2525	0.00021
Rhodococcus_triatomae	300028	S	1290	390	1680	0.00014
Rhodococcus_coprophilus	38310	S	1052	181	1233	0.00010
Rhodococcus_koreensis	99653	S	1022	296	1318	0.00011
Rhodococcus_jostii	132919	S	803	323	1126	0.00010
Rhodococcus_pyridinivorans	103816	S	781	2920	3701	0.00031
Rhodococcus_qingshengii	334542	S	348	1922	2270	0.00019
Rhodococcus_erythropolis	1833	S	297	1284	1581	0.00013
Rhodococcus_ruber	1830	S	713	2223	2936	0.00025
Rhodococcus_globerulus	33008	S	519	57	576	0.00005
Rhodococcus_aetherivorans	191292	S	221	1968	2189	0.00019
Nocardia_asteroides	1824	S	9309	3251	12560	0.00107
Nocardia_brasiliensis	37326	S	4951	1386	6337	0.00054
Nocardia_cyriacigeorgica	135487	S	3808	1691	5499	0.00047
Nocardia_terpenica	455432	S	3294	592	3886	0.00033
Nocardia_farcinica	37329	S	2954	1807	4761	0.00040
Nocardia_wallacei	480035	S	2247	668	2915	0.00025
Nocardia_arthritidis	228602	S	2167	277	2444	0.00021
Nocardia_gipuzkoensis	2749991	S	2164	844	3008	0.00026
Nocardia_sp._CS682	1047172	S	1768	444	2212	0.00019
Nocardia_nova	37330	S	1742	248	1990	0.00017
Nocardia_huaxiensis	2755382	S	1735	348	2083	0.00018
Nocardia_yamanashiensis	209247	S	1675	341	2016	0.00017
Nocardia_otitidiscaviarum	1823	S	1664	333	1997	0.00017
Nocardia_mangyaensis	2213200	S	1656	452	2108	0.00018
Nocardia_tengchongensis	2055889	S	1634	423	2057	0.00017
Nocardia_iowensis	204891	S	1515	342	1857	0.00016
Nocardia_seriolae	37332	S	1505	421	1926	0.00016
Nocardia_yunnanensis	2382165	S	1498	384	1882	0.00016
Corynebacterium_cyclohexanicum	322009	S	1448	509	1957	0.00017
Corynebacterium_frankenforstense	1230998	S	1138	302	1440	0.00012
Corynebacterium_xerosis	1725	S	1124	554	1678	0.00014
Corynebacterium_sphenisci	191493	S	1102	294	1396	0.00012
Corynebacterium_bovis	36808	S	995	198	1193	0.00010
Corynebacterium_halotolerans	225326	S	804	166	970	0.00008
Corynebacterium_freneyi	134034	S	724	255	979	0.00008
Corynebacterium_nuruki	1032851	S	719	151	870	0.00007
Corynebacterium_sp._CNCTC7651	2815361	S	317	56	373	0.00003
Corynebacterium_sp._NML98-0116	702967	S	211	67	278	0.00002
Corynebacterium_sp._1864	2820399	S	43	86	129	0.00001
Corynebacterium_sp._FDAARGOS_1242	2778078	S	32	78	110	0.00001
Corynebacterium_sp._4H37-19	2684405	S	26	2	28	0.00000
Corynebacterium_sp._sy039	2599641	S	15	1	16	0.00000
Corynebacterium_humireducens	1223514	S	645	167	812	0.00007
Corynebacterium_vitaeruminis	38305	S	610	159	769	0.00007
Corynebacterium_maris	575200	S	594	84	678	0.00006
Corynebacterium_timonense	441500	S	540	114	654	0.00006
Corynebacterium_marinum	349751	S	536	185	721	0.00006
Corynebacterium_doosanense	1121358	S	536	222	758	0.00006
Corynebacterium_variabile	1727	S	510	258	768	0.00007
Corynebacterium_yudongzhengii	2080740	S	488	82	570	0.00005
Corynebacterium_mycetoides	38302	S	485	210	695	0.00006
Corynebacterium_comes	2675218	S	476	107	583	0.00005
Corynebacterium_liangguodongii	2079535	S	457	90	547	0.00005
Corynebacterium_jeikeium	38289	S	446	971	1417	0.00012
Corynebacterium_uterequi	1072256	S	436	64	500	0.00004
Corynebacterium_terpenotabidum	89154	S	411	103	514	0.00004
Corynebacterium_provencense	1737425	S	380	76	456	0.00004
Corynebacterium_urealyticum	43771	S	379	319	698	0.00006
Corynebacterium_atypicum	191610	S	378	98	476	0.00004
Corynebacterium_sanguinis	2594913	S	361	217	578	0.00005
Corynebacterium_glyciniphilum	1404244	S	360	39	399	0.00003
Corynebacterium_imitans	156978	S	356	186	542	0.00005
Corynebacterium_ureicelerivorans	401472	S	350	103	453	0.00004
Corynebacterium_falsenii	108486	S	330	120	450	0.00004
Corynebacterium_stationis	1705	S	325	77	402	0.00003
Corynebacterium_lujinxingii	2763010	S	323	97	420	0.00004
Corynebacterium_uberis	2883169	S	304	32	336	0.00003
Corynebacterium_qintianiae	2709392	S	298	75	373	0.00003
Corynebacterium_efficiens	152794	S	285	47	332	0.00003
Corynebacterium_glucuronolyticum	39791	S	283	58	341	0.00003
Corynebacterium_occultum	2675219	S	272	41	313	0.00003
Corynebacterium_testudinoris	136857	S	269	48	317	0.00003
Corynebacterium_coyleae	53374	S	254	58	312	0.00003
Corynebacterium_glaucum	187491	S	250	47	297	0.00003
Corynebacterium_genitalium	38288	S	246	48	294	0.00003
Corynebacterium_striatum	43770	S	242	182	424	0.00004
Corynebacterium_tuberculostearicum	38304	S	225	121	346	0.00003
Corynebacterium_aurimucosum	169292	S	221	92	313	0.00003
Corynebacterium_incognita	2754725	S	217	44	261	0.00002
Corynebacterium_riegelii	156976	S	216	50	266	0.00002
Corynebacterium_lactis	1231000	S	213	30	243	0.00002
Corynebacterium_kroppenstedtii	161879	S	191	16	207	0.00002
Corynebacterium_aquilae	203263	S	186	25	211	0.00002
Corynebacterium_endometrii	2488819	S	183	31	214	0.00002
Corynebacterium_zhongnanshanii	2768834	S	173	21	194	0.00002
Corynebacterium_urogenitale	2487892	S	157	25	182	0.00002
Corynebacterium_kalinowskii	2675216	S	155	64	219	0.00002
Corynebacterium_renale	1724	S	148	15	163	0.00001
Corynebacterium_matruchotii	43768	S	143	9	152	0.00001
Corynebacterium_singulare	161899	S	140	105	245	0.00002
Corynebacterium_lizhenjunii	2709394	S	136	20	156	0.00001
Corynebacterium_camporealensis	161896	S	127	29	156	0.00001
Corynebacterium_argentoratense	42817	S	125	23	148	0.00001
Corynebacterium_cystitidis	35757	S	122	6	128	0.00001
Corynebacterium_simulans	146827	S	118	83	201	0.00002
Corynebacterium_phocae	161895	S	114	13	127	0.00001
Corynebacterium_epidermidicanis	1050174	S	113	17	130	0.00001
Corynebacterium_flavescens	28028	S	108	27	135	0.00001
Corynebacterium_macginleyi	38290	S	102	22	124	0.00001
Corynebacterium_gerontici	2079234	S	102	18	120	0.00001
Corynebacterium_minutissimum	38301	S	101	96	197	0.00002
Corynebacterium_propinquum	43769	S	96	37	133	0.00001
Corynebacterium_choanae	1862358	S	78	7	85	0.00001
Corynebacterium_glutamicum	1718	S	77	1044	1121	0.00010
Corynebacterium_pelargi	1471400	S	76	24	100	0.00001
Corynebacterium_ulcerans	65058	S	75	37	112	0.00001
Corynebacterium_diphtheriae	1717	S	72	76	148	0.00001
Corynebacterium_deserti	1408191	S	70	23	93	0.00001
Corynebacterium_kefirresidentii	1979527	S	69	41	110	0.00001
Corynebacterium_casei	160386	S	68	71	139	0.00001
Corynebacterium_resistens	258224	S	68	34	102	0.00001
Corynebacterium_pseudodiphtheriticum	37637	S	67	20	87	0.00001
Corynebacterium_ammoniagenes	1697	S	66	13	79	0.00001
Corynebacterium_amycolatum	43765	S	61	437	498	0.00004
Corynebacterium_segmentosum	43990	S	53	124	177	0.00002
Corynebacterium_pseudopelargi	2080757	S	52	17	69	0.00001
Corynebacterium_anserum	2684406	S	50	5	55	0.00000
Corynebacterium_accolens	38284	S	49	115	164	0.00001
Corynebacterium_mustelae	571915	S	41	2	43	0.00000
Corynebacterium_callunae	1721	S	39	12	51	0.00000
Corynebacterium_hindlerae	699041	S	39	74	113	0.00001
Corynebacterium_suranareeae	2506452	S	37	10	47	0.00000
Corynebacterium_pseudotuberculosis	1719	S	37	7	44	0.00000
Corynebacterium_crudilactis	1652495	S	29	28	57	0.00000
Corynebacterium_silvaticum	2320431	S	26	10	36	0.00000
Corynebacterium_rouxii	2719119	S	25	14	39	0.00000
Corynebacterium_kutscheri	35755	S	11	1	12	0.00000
Gordonia_sp._PP30	2935861	S	1317	352	1669	0.00014
Gordonia_sp._YC-JH1	2059875	S	1025	730	1755	0.00015
Gordonia_sp._KTR9	337191	S	1004	199	1203	0.00010
Gordonia_sp._PDNC005	2811424	S	774	110	884	0.00008
Gordonia_sp._WA4-43	2878678	S	189	607	796	0.00007
Gordonia_sp._JH63	2698900	S	173	529	702	0.00006
Gordonia_sp._135	2676309	S	83	530	613	0.00005
Gordonia_sp._1D	1737359	S	39	562	601	0.00005
Gordonia_polyisoprenivorans	84595	S	2131	413	2544	0.00022
Gordonia_terrae	2055	S	1688	936	2624	0.00022
Gordonia_insulae	2420509	S	1265	175	1440	0.00012
Gordonia_amarae	36821	S	1207	237	1444	0.00012
Gordonia_phthalatica	1136941	S	1179	452	1631	0.00014
Gordonia_bronchialis	2054	S	1114	258	1372	0.00012
Gordonia_iterans	1004901	S	1071	360	1431	0.00012
Gordonia_jinghuaiqii	2758710	S	1067	203	1270	0.00011
Gordonia_rubripertincta	36822	S	935	537	1472	0.00013
Gordonia_pseudoamarae	2831662	S	935	174	1109	0.00009
Gordonia_otitidis	249058	S	801	129	930	0.00008
Gordonia_zhaorongruii	2597659	S	716	123	839	0.00007
Gordonia_alkanivorans	84096	S	286	1012	1298	0.00011
Gordonia_amicalis	89053	S	202	1404	1606	0.00014
Gordonia_hongkongensis	1701090	S	163	489	652	0.00006
Skermania_piniformis	39122	S	1205	148	1353	0.00012
Tsukamurella_paurometabola	2061	S	2329	1140	3469	0.00029
Tsukamurella_tyrosinosolvens	57704	S	1926	855	2781	0.00024
Tsukamurella_pulmonis	47312	S	1478	526	2004	0.00017
Tsukamurella_sp._PLM1	2929795	S	1315	427	1742	0.00015
Dietzia_sp._oral_taxon_368	712270	S	833	552	1385	0.00012
Dietzia_sp._DQ12-45-1b	912801	S	14	1096	1110	0.00009
Dietzia_psychralcaliphila	139021	S	993	281	1274	0.00011
Dietzia_lutea	546160	S	932	526	1458	0.00012
Dietzia_timorensis	499555	S	692	399	1091	0.00009
Tomitella_gaofuii	2760083	S	1432	436	1868	0.00016
Tomitella_fengzijianii	2597660	S	1293	425	1718	0.00015
Segniliparus_rotundus	286802	S	632	34	666	0.00006
Lawsonella_clevelandensis	1528099	S	130	14	144	0.00001
Actinomadura_sp._NAK00032	2742128	S	25805	9173	34978	0.00297
Actinomadura_sp._WMMB_499	1219491	S	18755	4423	23178	0.00197
Actinomadura_sp._WMMA1423	2591108	S	14589	4355	18944	0.00161
Actinomadura_madurae	1993	S	25963	7648	33611	0.00286
Actinomadura_verrucosospora	46165	S	15172	4509	19681	0.00167
Actinomadura_graeca	2750812	S	11344	2566	13910	0.00118
Thermomonospora_amylolytica	1411117	S	6522	2374	8896	0.00076
Thermomonospora_curvata	2020	S	4008	1158	5166	0.00044
Nonomuraea_nitratireducens	2656914	S	20576	4332	24908	0.00212
Nonomuraea_sp._ATCC_55076	1909395	S	19439	6066	25505	0.00217
Nonomuraea_gerenzanensis	93944	S	18969	6203	25172	0.00214
Nonomuraea_coxensis	404386	S	16176	4562	20738	0.00176
Streptosporangium_roseum	2001	S	25258	6874	32132	0.00273
Streptosporangium_sp._'caverna'	2202249	S	15399	3323	18722	0.00159
Thermobispora_bispora	2006	S	4593	1098	5691	0.00048
Nocardiopsis_sp._MT53	2865672	S	3364	775	4139	0.00035
Nocardiopsis_sp._HDS12	2831968	S	1641	1203	2844	0.00024
Nocardiopsis_gilva	280236	S	2540	504	3044	0.00026
Nocardiopsis_dassonvillei	2014	S	2508	2382	4890	0.00042
Nocardiopsis_alba	53437	S	1863	330	2193	0.00019
Thermobifida_halotolerans	483545	S	2107	674	2781	0.00024
Thermobifida_alba	53522	S	1934	758	2692	0.00023
Thermobifida_fusca	2021	S	953	162	1115	0.00009
Streptomonospora_litoralis	2498135	S	2821	546	3367	0.00029
Spiractinospora_alimapuensis	2820884	S	1913	125	2038	0.00017
Blastococcus_sp._PRF04-17	2933797	S	24590	8330	32920	0.00280
Blastococcus_saxobsidens	138336	S	20005	6067	26072	0.00222
Geodermatophilus_obscurus	1861	S	28605	9474	38079	0.00324
Modestobacter_marinus	477641	S	14330	4956	19286	0.00164
Modestobacter_sp._L9-4	2851567	S	8868	3391	12259	0.00104
Actinomyces_sp._oral_taxon_414	712122	S	904	186	1090	0.00009
Actinomyces_sp._MAS-1	2755559	S	616	119	735	0.00006
Actinomyces_sp._Z16	2079536	S	571	199	770	0.00007
Actinomyces_sp._432	2057798	S	455	100	555	0.00005
Actinomyces_sp._Chiba101	1851395	S	449	205	654	0.00006
Actinomyces_sp._oral_taxon_171	706438	S	226	173	399	0.00003
Actinomyces_sp._oral_taxon_169	712116	S	122	214	336	0.00003
Actinomyces_sp._oral_taxon_897	2081702	S	90	312	402	0.00003
Actinomyces_sp._HMT897	2789424	S	87	295	382	0.00003
Actinomyces_sp._HMT_175	2789425	S	79	313	392	0.00003
Actinomyces_sp._zg-332	2708340	S	39	6	45	0.00000
Actinomyces_radicidentis	111015	S	1099	445	1544	0.00013
Actinomyces_howellii	52771	S	876	134	1010	0.00009
Actinomyces_slackii	52774	S	597	98	695	0.00006
Actinomyces_procaprae	2560010	S	572	204	776	0.00007
Actinomyces_respiraculi	2744574	S	566	136	702	0.00006
Actinomyces_faecalis	2722820	S	471	66	537	0.00005
Actinomyces_weissii	675090	S	428	82	510	0.00004
Actinomyces_qiguomingii	2057800	S	411	55	466	0.00004
Actinomyces_viscosus	1656	S	374	152	526	0.00004
Actinomyces_marmotae	2737173	S	334	180	514	0.00004
Actinomyces_naeslundii	1655	S	327	178	505	0.00004
Actinomyces_oris	544580	S	325	942	1267	0.00011
Actinomyces_wuliandei	2057743	S	302	79	381	0.00003
Actinomyces_gaoshouyii	1960083	S	280	140	420	0.00004
Actinomyces_lilanjuaniae	2321394	S	256	61	317	0.00003
Actinomyces_trachealis	2763540	S	218	41	259	0.00002
Actinomyces_pacaensis	1852377	S	60	7	67	0.00001
Schaalia_sp._19OD2882	2794089	S	373	52	425	0.00004
Schaalia_sp._JY-X169	2758572	S	130	4	134	0.00001
Schaalia_sp._ZJ405	2709403	S	93	9	102	0.00001
Schaalia_odontolytica	1660	S	581	140	721	0.00006
Schaalia_meyeri	52773	S	302	56	358	0.00003
Schaalia_cardiffensis	181487	S	193	29	222	0.00002
Schaalia_turicensis	131111	S	95	92	187	0.00002
Flaviflexus_salsibiostraticola	1282737	S	571	159	730	0.00006
Flaviflexus_sp._dk850	2758573	S	316	114	430	0.00004
Flaviflexus_ciconiae	2496867	S	192	26	218	0.00002
Trueperella_pecoris	2733571	S	418	122	540	0.00005
Trueperella_pyogenes	1661	S	309	173	482	0.00004
Trueperella_bialowiezensis	312285	S	193	10	203	0.00002
Pauljensenia_hongkongensis	178339	S	528	193	721	0.00006
Nanchangia_anserum	2692125	S	463	50	513	0.00004
Actinotignum_schaalii	59505	S	201	13	214	0.00002
Actinobaculum_sp._313	2495645	S	196	11	207	0.00002
Arcanobacterium_haemolyticum	28264	S	45	20	65	0.00001
Arcanobacterium_phocisimile	1302235	S	32	12	44	0.00000
Arcanobacterium_phocae	131112	S	30	11	41	0.00000
Arcanobacterium_sp._2701	2722751	S	15	4	19	0.00000
Changpingibacter_yushuensis	2758440	S	107	30	137	0.00001
Mobiluncus_curtisii	2051	S	100	28	128	0.00001
Varibaculum_sp._EMRHCC_39	2811781	S	52	15	67	0.00001
Boudabousia_tangfeifanii	1912795	S	40	3	43	0.00000
Fannyhessea_vaginae	82135	S	16	4	20	0.00000
Frankia_inefficax	298654	S	5519	645	6164	0.00052
Frankia_sp._QA3	710111	S	2203	926	3129	0.00027
Frankia_sp._ArI3	1858	S	1683	1113	2796	0.00024
Candidatus_Frankia_datiscae	2716812	S	2255	308	2563	0.00022
Frankia_casuarinae	106370	S	1828	192	2020	0.00017
Frankia_alni	1859	S	1761	1206	2967	0.00025
Jiangella_sp._DSM_45060	1798224	S	7927	2242	10169	0.00086
Jiangella_alkaliphila	419479	S	6463	1754	8217	0.00070
Bifidobacterium_choerinum	35760	S	684	278	962	0.00008
Bifidobacterium_pseudolongum	1694	S	583	213	796	0.00007
Bifidobacterium_scardovii	158787	S	531	48	579	0.00005
Bifidobacterium_longum	216816	S	528	819	1347	0.00011
Bifidobacterium_pullorum	78448	S	377	141	518	0.00004
Bifidobacterium_bifidum	1681	S	369	139	508	0.00004
Bifidobacterium_animalis	28025	S	320	650	970	0.00008
Bifidobacterium_subtile	77635	S	272	39	311	0.00003
Bifidobacterium_adolescentis	1680	S	250	54	304	0.00003
Bifidobacterium_asteroides	1684	S	248	7	255	0.00002
Bifidobacterium_breve	1685	S	220	242	462	0.00004
Bifidobacterium_lemurum	1603886	S	205	50	255	0.00002
Bifidobacterium_eulemuris	1765219	S	202	48	250	0.00002
Bifidobacterium_thermophilum	33905	S	176	37	213	0.00002
Bifidobacterium_angulatum	1683	S	175	43	218	0.00002
Bifidobacterium_actinocoloniiforme	638619	S	155	5	160	0.00001
Bifidobacterium_dentium	1689	S	140	10	150	0.00001
Bifidobacterium_catenulatum	1686	S	113	159	272	0.00002
Bifidobacterium_pseudocatenulatum	28026	S	94	93	187	0.00002
Bifidobacterium_imperatoris	2020965	S	38	21	59	0.00001
Bifidobacterium_saguini	762210	S	29	14	43	0.00000
Bifidobacterium_coryneforme	1687	S	21	28	49	0.00000
Bifidobacterium_indicum	1691	S	16	22	38	0.00000
Parascardovia_denticolens	78258	S	126	21	147	0.00001
Gardnerella_vaginalis	2702	S	10	18	28	0.00000
Scardovia_inopinata	78259	S	15	5	20	0.00000
Nakamurella_multipartita	53461	S	3062	568	3630	0.00031
Nakamurella_panacisegetis	1090615	S	1594	215	1809	0.00015
Nakamurella_sp._PAMC28650	2762325	S	1470	152	1622	0.00014
Nakamurella_antarctica	1902245	S	338	24	362	0.00003
Catenulispora_acidiphila	304895	S	3961	569	4530	0.00039
Stackebrandtia_nassauensis	283811	S	2647	238	2885	0.00025
Natronoglycomyces_albus	2811108	S	402	13	415	0.00004
Jatrophihabitans_sp._GAS493	1907575	S	1498	137	1635	0.00014
Jatrophihabitans_telluris	2038343	S	1492	129	1621	0.00014
Kineococcus_radiotolerans	131568	S	2947	803	3750	0.00032
Actinopolyspora_erythraea	414996	S	1745	175	1920	0.00016
Epidermidibacterium_keratini	1891644	S	1592	767	2359	0.00020
Acidothermus_cellulolyticus	28049	S	879	42	921	0.00008
Candidatus_Planktophila_lacus	1884913	S	38	10	48	0.00000
Candidatus_Planktophila_versatilis	1884905	S	29	11	40	0.00000
Candidatus_Planktophila_sulfonica	1884904	S	27	16	43	0.00000
Candidatus_Planktophila_vernalis	1884907	S	20	7	27	0.00000
Candidatus_Planktophila_limnetica	573600	S	17	5	22	0.00000
Candidatus_Planktophila_dulcis	1884914	S	13	15	28	0.00000
Candidatus_Nanopelagicus_hibericus	1884915	S	36	30	66	0.00001
Candidatus_Nanopelagicus_limnes	1884634	S	11	29	40	0.00000
Conexibacter_sp._SYSU_D00693	2812560	S	30742	7063	37805	0.00321
Conexibacter_sp._S30A1	2937800	S	6469	662	7131	0.00061
Conexibacter_sp._DBS9H8	2937801	S	6241	585	6826	0.00058
Conexibacter_woesei	191495	S	31419	5303	36722	0.00312
Miltoncostaea_marina	2843215	S	7709	1691	9400	0.00080
Miltoncostaea_oceani	2843216	S	6224	814	7038	0.00060
Aquihabitans_sp._G128	2849779	S	11761	2311	14072	0.00120
Aquihabitans_sp._Kera_3	2884263	S	10010	1557	11567	0.00098
Actinomarinicola_tropica	2789776	S	12085	2292	14377	0.00122
Iamia_sp._SCSIO_61187	2722752	S	12078	1866	13944	0.00119
Ilumatobacter_coccineus	467094	S	3196	180	3376	0.00029
Acidimicrobium_ferrooxidans	53635	S	1107	78	1185	0.00010
Rubrobacter_xylanophilus	49319	S	8275	994	9269	0.00079
Rubrobacter_tropicus	2653851	S	7154	505	7659	0.00065
Rubrobacter_marinus	2653852	S	6461	548	7009	0.00060
Rubrobacter_radiotolerans	42256	S	2317	295	2612	0.00022
Rubrobacter_indicoceani	2051957	S	1278	97	1375	0.00012
Baekduia_soli	496014	S	23945	3755	27700	0.00236
Eggerthella_lenta	84112	S	666	452	1118	0.00010
Eggerthella_guodeyinii	2690837	S	607	276	883	0.00008
Eggerthella_sp._YY7918	502558	S	178	75	253	0.00002
Gordonibacter_urolithinfaciens	1335613	S	375	296	671	0.00006
Gordonibacter_pamelaeae	471189	S	317	342	659	0.00006
Adlercreutzia_equolifaciens	446660	S	307	170	477	0.00004
Adlercreutzia_hattorii	2707299	S	180	235	415	0.00004
Arabiibacter_massiliensis	1870985	S	684	139	823	0.00007
Raoultibacter_timonensis	1907662	S	393	30	423	0.00004
Berryella_intestinalis	1531429	S	367	387	754	0.00006
Slackia_heliotrinireducens	84110	S	234	6	240	0.00002
Denitrobacterium_detoxificans	79604	S	169	66	235	0.00002
Phoenicibacter_congonensis	1944646	S	47	19	66	0.00001
Cryptobacterium_curtum	84163	S	37	3	40	0.00000
Olsenella_timonensis	1805478	S	640	183	823	0.00007
Olsenella_uli	133926	S	327	31	358	0.00003
Olsenella_sp._oral_taxon_807	712411	S	233	12	245	0.00002
Parolsenella_massiliensis	1871022	S	324	174	498	0.00004
Parolsenella_catena	2003188	S	281	162	443	0.00004
Parafannyhessea_umbonata	604330	S	409	231	640	0.00005
Thermophilibacter_immobilis	2779519	S	381	143	524	0.00004
Atopobium_sp._oral_taxon_416	712157	S	94	9	103	0.00001
Lancefieldella_parvula	1382	S	18	1	19	0.00000
Collinsella_aerofaciens	74426	S	570	290	860	0.00007
Collinsella_stercoris	147206	S	456	69	525	0.00004
Collinsella_sp._zg1085	2844380	S	23	1	24	0.00000
Coriobacterium_glomerans	33871	S	261	8	269	0.00002
Euzebya_pacifica	1608957	S	2941	242	3183	0.00027
Egibacter_rhizosphaerae	1670831	S	2879	167	3046	0.00026
Egicoccus_halophilus	1670830	S	2834	423	3257	0.00028
Priestia_megaterium	1404	S	9601	15413	25014	0.00213
Priestia_filamentosa	1402861	S	9394	1207	10601	0.00090
Priestia_flexa	86664	S	232	74	306	0.00003
Priestia_koreensis	284581	S	150	51	201	0.00002
Priestia_aryabhattai	412384	S	90	567	657	0.00006
Priestia_sp._J2	2886505	S	10	110	120	0.00001
Bacillus_sp._Y1	352858	S	1277	478	1755	0.00015
Bacillus_sp._S3	486398	S	1126	323	1449	0.00012
Bacillus_sp._1NLA3E	666686	S	672	234	906	0.00008
Bacillus_sp._FJAT-18017	1705566	S	334	88	422	0.00004
Bacillus_sp._JY-23	2933872	S	207	77	284	0.00002
Bacillus_sp._PAMC26568	2760090	S	190	19	209	0.00002
Bacillus_sp._THAF10	2587848	S	170	56	226	0.00002
Bacillus_sp._KH172YL63	2709784	S	167	57	224	0.00002
Bacillus_sp._FJAT-42376	2014076	S	152	55	207	0.00002
Bacillus_sp._FJAT-22090	1581038	S	148	43	191	0.00002
Bacillus_sp._NSP9.1	1071078	S	113	9	122	0.00001
Bacillus_sp._SB49	1071080	S	105	18	123	0.00001
Bacillus_sp._OxB-1	98228	S	99	26	125	0.00001
Bacillus_sp._N1-1	2682541	S	73	83	156	0.00001
Bacillus_sp._M4U3P1	2592382	S	69	9	78	0.00001
Bacillus_sp._Cs-700	2589818	S	60	72	132	0.00001
Bacillus_sp._N3536	2666127	S	20	41	61	0.00001
Bacillus_sp._WP8	756828	S	17	24	41	0.00000
Bacillus_sp._PDNC022	2812759	S	15	58	73	0.00001
Bacillus_sp._PGP15	2933563	S	15	69	84	0.00001
Bacillus_sp._BD59S	2499213	S	15	25	40	0.00000
Bacillus_sp._NP247	2846779	S	14	19	33	0.00000
Bacillus_sp._N5-665	2925318	S	13	25	38	0.00000
Bacillus_sp._ZJS3	2928154	S	12	29	41	0.00000
Bacillus_sp._SYJ	2529386	S	11	38	49	0.00000
Bacillus_sp._ms-22	2683680	S	10	31	41	0.00000
Bacillus_subtilis	1423	S	501	18848	19349	0.00165
Bacillus_paralicheniformis	1648923	S	378	241	619	0.00005
Bacillus_velezensis	492670	S	124	1895	2019	0.00017
Bacillus_amyloliquefaciens	1390	S	63	2104	2167	0.00018
Bacillus_siamensis	659243	S	21	61	82	0.00001
Bacillus_mojavensis	72360	S	106	126	232	0.00002
Bacillus_halotolerans	260554	S	46	118	164	0.00001
Bacillus_spizizenii	96241	S	172	667	839	0.00007
Bacillus_vallismortis	72361	S	80	92	172	0.00001
Bacillus_tequilensis	227866	S	52	45	97	0.00001
Bacillus_atrophaeus	1452	S	49	89	138	0.00001
Bacillus_inaquosorum	483913	S	32	347	379	0.00003
Bacillus_licheniformis	1402	S	22	165	187	0.00002
Bacillus_cereus	1396	S	393	8077	8470	0.00072
Bacillus_pseudomycoides	64104	S	369	159	528	0.00004
Bacillus_thuringiensis	1428	S	296	2400	2696	0.00023
Bacillus_mycoides	1405	S	222	335	557	0.00005
Bacillus_cytotoxicus	580165	S	132	82	214	0.00002
Bacillus_wiedmannii	1890302	S	81	126	207	0.00002
Bacillus_luti	2026191	S	52	51	103	0.00001
Bacillus_toyonensis	155322	S	26	185	211	0.00002
Bacillus_anthracis	1392	S	25	211	236	0.00002
Bacillus_nitratireducens	2026193	S	23	40	63	0.00001
Bacillus_albus	2026189	S	20	86	106	0.00001
Bacillus_paranthracis	2026186	S	17	397	414	0.00004
Bacillus_safensis	561879	S	1187	1648	2835	0.00024
[Brevibacterium]_frigoritolerans	450367	S	485	193	678	0.00006
Bacillus_dafuensis	1742359	S	441	158	599	0.00005
Bacillus_rugosus	2715209	S	390	377	767	0.00007
Bacillus_infantis	324767	S	378	104	482	0.00004
Bacillus_weihaiensis	1547283	S	330	111	441	0.00004
Bacillus_methanolicus	1471	S	310	133	443	0.00004
Bacillus_pumilus	1408	S	258	227	485	0.00004
Bacillus_aquiflavi	2672567	S	196	52	248	0.00002
Bacillus_altitudinis	293387	S	174	665	839	0.00007
Bacillus_glycinifermentans	1664069	S	176	55	231	0.00002
Bacillus_gobiensis	1441095	S	169	49	218	0.00002
Bacillus_shivajii	1983719	S	153	23	176	0.00002
Bacillus_badius	1455	S	141	57	198	0.00002
Bacillus_fonticola	2728853	S	137	38	175	0.00001
Bacillus_smithii	1479	S	128	86	214	0.00002
Bacillus_cabrialesii	2487276	S	43	39	82	0.00001
Metabacillus_sp._KUDC1714	2745198	S	4441	1526	5967	0.00051
Metabacillus_sp._B2-18	2897333	S	225	342	567	0.00005
Metabacillus_sp._cB07	2806989	S	154	57	211	0.00002
Metabacillus_sediminilitoris	2567941	S	1164	430	1594	0.00014
Metabacillus_litoralis	152268	S	410	402	812	0.00007
Metabacillus_dongyingensis	2874282	S	261	91	352	0.00003
Metabacillus_endolithicus	1535204	S	202	253	455	0.00004
Cytobacillus_oceanisediminis	665099	S	2714	1422	4136	0.00035
Cytobacillus_firmus	1399	S	2208	1007	3215	0.00027
Cytobacillus_ciccensis	1670641	S	458	167	625	0.00005
Cytobacillus_gottheilii	859144	S	341	110	451	0.00004
Cytobacillus_sp._CY-G	2901381	S	295	103	398	0.00003
Cytobacillus_kochii	859143	S	235	71	306	0.00003
Mesobacillus_foraminis	279826	S	1803	469	2272	0.00019
Mesobacillus_jeotgali	129985	S	936	341	1277	0.00011
Mesobacillus_sp._S13	2880221	S	788	317	1105	0.00009
Neobacillus_drentensis	220684	S	1056	475	1531	0.00013
Neobacillus_mesonae	1193713	S	690	242	932	0.00008
Virgibacillus_sp._NKC19-16	2831673	S	222	20	242	0.00002
Virgibacillus_sp._Bac332	2419842	S	159	21	180	0.00002
Virgibacillus_sp._MSP4-1	2700081	S	131	27	158	0.00001
Virgibacillus_sp._SK37	403957	S	89	37	126	0.00001
Virgibacillus_sp._Bac330	2419841	S	45	18	63	0.00001
Virgibacillus_sp._6R	1911587	S	10	90	100	0.00001
Virgibacillus_phasianinus	2017483	S	194	25	219	0.00002
Virgibacillus_halodenitrificans	1482	S	192	69	261	0.00002
Virgibacillus_necropolis	163877	S	190	25	215	0.00002
Virgibacillus_dokdonensis	302167	S	50	20	70	0.00001
Virgibacillus_pantothenticus	1473	S	21	179	200	0.00002
Geobacillus_subterraneus	129338	S	276	212	488	0.00004
Geobacillus_genomosp._3	1921421	S	167	57	224	0.00002
Geobacillus_stearothermophilus	1422	S	144	224	368	0.00003
Geobacillus_sp._46C-IIa	1963025	S	77	40	117	0.00001
Geobacillus_sp._C56-T3	691437	S	16	72	88	0.00001
Geobacillus_sp._JS12	1813182	S	15	55	70	0.00001
Geobacillus_sp._Y412MC52	550542	S	12	45	57	0.00000
Geobacillus_sp._GHH01	1233873	S	10	113	123	0.00001
Geobacillus_thermocatenulatus	33938	S	61	71	132	0.00001
Geobacillus_kaustophilus	1462	S	16	170	186	0.00002
Geobacillus_thermoleovorans	33941	S	11	139	150	0.00001
Lysinibacillus_sp._SGAir0095	2070463	S	169	72	241	0.00002
Lysinibacillus_sp._PLM2	2929796	S	127	53	180	0.00002
Lysinibacillus_sp._2017	2169540	S	69	35	104	0.00001
Lysinibacillus_sp._CD3-6	2892541	S	68	28	96	0.00001
Lysinibacillus_sp._Ag94	2936682	S	54	6	60	0.00001
Lysinibacillus_sp._YS11	2072025	S	12	39	51	0.00000
Lysinibacillus_sp._ACHW1.5	2913506	S	11	31	42	0.00000
Lysinibacillus_timonensis	2086577	S	174	94	268	0.00002
Lysinibacillus_fusiformis	28031	S	103	114	217	0.00002
Lysinibacillus_sphaericus	1421	S	86	109	195	0.00002
Lysinibacillus_parviboronicapiens	436516	S	77	29	106	0.00001
Lysinibacillus_agricola	2590012	S	76	24	100	0.00001
Lysinibacillus_capsici	2115968	S	20	39	59	0.00001
Peribacillus_asahii	228899	S	369	188	557	0.00005
Peribacillus_simplex	1478	S	238	179	417	0.00004
Peribacillus_psychrosaccharolyticus	1407	S	173	61	234	0.00002
Peribacillus_butanolivorans	421767	S	153	62	215	0.00002
Peribacillus_muralis	264697	S	95	24	119	0.00001
Anoxybacillus_sediminis	2613334	S	475	122	597	0.00005
Anoxybacillus_sp._PDR2	1636720	S	16	130	146	0.00001
Anoxybacillus_flavithermus	33934	S	119	93	212	0.00002
Anoxybacillus_amylolyticus	294699	S	109	23	132	0.00001
Anoxybacillus_caldiproteolyticus	247480	S	107	24	131	0.00001
Anoxybacillus_gonensis	198467	S	17	94	111	0.00001
Halobacillus_sp._SSTM10-2	2932258	S	267	62	329	0.00003
Halobacillus_sp._SSHM10-5	2932259	S	261	69	330	0.00003
Halobacillus_sp._SSBR10-3	2932257	S	114	17	131	0.00001
Halobacillus_mangrovi	402384	S	116	21	137	0.00001
Halobacillus_litoralis	45668	S	108	22	130	0.00001
Halobacillus_halophilus	1570	S	105	18	123	0.00001
Hydrogenibacillus_sp._N12	2866627	S	955	131	1086	0.00009
Gracilibacillus_salitolerans	2663022	S	561	90	651	0.00006
Gracilibacillus_sp._SSPM10-3	2932255	S	147	70	217	0.00002
Gracilibacillus_sp._SSWR10-1	2932256	S	109	51	160	0.00001
Alkalihalobacillus_clausii	79880	S	371	73	444	0.00004
Alkalihalobacillus_krulwichiae	199441	S	188	57	245	0.00002
Alkalihalobacillus_sp._LMS39	2924032	S	123	26	149	0.00001
Alkalihalobacillus_miscanthi	2598861	S	52	21	73	0.00001
Alkalihalobacillus_lehensis	300825	S	34	13	47	0.00000
Oceanobacillus_kimchii	746691	S	455	67	522	0.00004
Oceanobacillus_zhaokaii	2052660	S	169	33	202	0.00002
Oceanobacillus_iheyensis	182710	S	90	22	112	0.00001
Niallia_circulans	1397	S	361	105	466	0.00004
Niallia_sp._Man26	2912824	S	234	56	290	0.00002
Parageobacillus_caldoxylosilyticus	81408	S	117	58	175	0.00001
Parageobacillus_toebii	153151	S	90	57	147	0.00001
Parageobacillus_thermoglucosidasius	1426	S	87	43	130	0.00001
Parageobacillus_genomosp._1	1295642	S	82	37	119	0.00001
Parageobacillus_sp._KH3-4	2916802	S	71	36	107	0.00001
Sutcliffiella_horikoshii	79883	S	276	75	351	0.00003
Sutcliffiella_cohnii	33932	S	260	111	371	0.00003
Heyndrickxia_vini	1476025	S	258	77	335	0.00003
Heyndrickxia_oleronia	38875	S	238	94	332	0.00003
Rossellomorea_marisflavi	189381	S	299	117	416	0.00004
Rossellomorea_vietnamensis	218284	S	156	62	218	0.00002
Terribacillus_goriensis	386490	S	270	55	325	0.00003
Terribacillus_aidingensis	586416	S	124	26	150	0.00001
Lentibacillus_amyloliquefaciens	1472767	S	195	27	222	0.00002
Lentibacillus_sp._CBA3610	2518176	S	176	17	193	0.00002
Salicibibacter_cibarius	2743000	S	110	28	138	0.00001
Salicibibacter_halophilus	2502791	S	78	22	100	0.00001
Salicibibacter_kimchii	2099786	S	67	6	73	0.00001
Salicibibacter_cibi	2743001	S	67	10	77	0.00001
Weizmannia_coagulans	1398	S	302	115	417	0.00004
Fictibacillus_arsenicus	255247	S	151	37	188	0.00002
Fictibacillus_phosphorivorans	1221500	S	99	23	122	0.00001
Radiobacillus_sp._80	2844358	S	149	38	187	0.00002
Radiobacillus_deserti	2594883	S	100	25	125	0.00001
Psychrobacillus_glaciei	2283160	S	138	49	187	0.00002
Psychrobacillus_sp._INOP01	2829187	S	101	34	135	0.00001
Psychrobacillus_sp._AK_1817	2303505	S	13	25	38	0.00000
Lederbergia_lenta	1467	S	231	57	288	0.00002
Pontibacillus_sp._HMF3514	2692425	S	121	21	142	0.00001
Pontibacillus_sp._ALD_SL1	2777185	S	93	13	106	0.00001
Gottfriedia_acidiceleris	371036	S	220	64	284	0.00002
Salisediminibacterium_selenitireducens	85683	S	104	16	120	0.00001
Salisediminibacterium_beveridgei	632773	S	76	12	88	0.00001
Anaerobacillus_isosaccharinicus	1532552	S	151	35	186	0.00002
Pradoshia_sp._D12	2651284	S	149	44	193	0.00002
Caldibacillus_thermoamylovorans	35841	S	139	54	193	0.00002
Alkalihalophilus_pseudofirmus	79885	S	135	24	159	0.00001
Sediminibacillus_sp._DP4-553-S	2729421	S	129	22	151	0.00001
Mangrovibacillus_cuniculi	2593652	S	125	66	191	0.00002
Evansella_cellulosilytica	1413	S	125	18	143	0.00001
Paraliobacillus_zengyii	2213194	S	113	19	132	0.00001
Halalkalibacterium_halodurans	86665	S	108	72	180	0.00002
Salimicrobium_jeotgali	1230341	S	107	16	123	0.00001
Aeribacillus_pallidus	33936	S	95	57	152	0.00001
Caldalkalibacillus_thermarum	296745	S	86	16	102	0.00001
Amphibacillus_xylanus	1449	S	72	13	85	0.00001
Paenibacillus_sp._B01	2660554	S	1191	350	1541	0.00013
Paenibacillus_sp._JZ16	1906272	S	867	209	1076	0.00009
Paenibacillus_sp._RUD330	2023772	S	678	69	747	0.00006
Paenibacillus_sp._32O-W	1695218	S	642	62	704	0.00006
Paenibacillus_sp._sptzw28	715179	S	356	30	386	0.00003
Paenibacillus_sp._R14(2021)	2859228	S	340	45	385	0.00003
Paenibacillus_sp._H1-7	2282849	S	304	26	330	0.00003
Paenibacillus_sp._FSL_R7-0273	1536772	S	262	50	312	0.00003
Paenibacillus_sp._BIHB4019	1870819	S	246	18	264	0.00002
Paenibacillus_sp._YPD9-1	2908839	S	209	24	233	0.00002
Paenibacillus_sp._PK3_47	2072642	S	192	25	217	0.00002
Paenibacillus_sp._HWE-109	1306526	S	186	15	201	0.00002
Paenibacillus_sp._FSL_R7-0331	1536773	S	162	32	194	0.00002
Paenibacillus_sp._URB8-2	2741301	S	162	34	196	0.00002
Paenibacillus_sp._PAMC21692	2762320	S	155	115	270	0.00002
Paenibacillus_sp._FSL_H7-0357	1536774	S	141	18	159	0.00001
Paenibacillus_sp._CAA11	1532905	S	128	23	151	0.00001
Paenibacillus_sp._Y412MC10	481743	S	119	298	417	0.00004
Paenibacillus_sp._DCT19	2211212	S	105	16	121	0.00001
Paenibacillus_sp._19GGS1-52	2758563	S	102	9	111	0.00001
Paenibacillus_sp._YPG26	2878915	S	98	18	116	0.00001
Paenibacillus_sp._FSL_R5-0912	1536771	S	98	64	162	0.00001
Paenibacillus_sp._IHB_B_3084	867076	S	76	38	114	0.00001
Paenibacillus_sp._FSL_P4-0081	1536769	S	71	49	120	0.00001
Paenibacillus_sp._JNUCC-32	2777984	S	68	179	247	0.00002
Paenibacillus_sp._481	2835869	S	67	6	73	0.00001
Paenibacillus_sp._JNUCC-31	2777983	S	55	15	70	0.00001
Paenibacillus_sp._E222	2748863	S	42	14	56	0.00000
Paenibacillus_sp._N3/727	2925845	S	40	43	83	0.00001
Paenibacillus_sp._FSL_R5-0345	1536770	S	40	14	54	0.00000
Paenibacillus_sp._IHBB_10380	1566358	S	36	6	42	0.00000
Paenibacillus_sp._FSL_H7-0737	1536775	S	36	14	50	0.00000
Paenibacillus_sp._lzh-N1	2069255	S	28	414	442	0.00004
Paenibacillus_sp._Cedars	1980674	S	24	121	145	0.00001
Paenibacillus_sp._M-152	2487928	S	16	219	235	0.00002
Paenibacillus_sp._S02	2823904	S	10	70	80	0.00001
Paenibacillus_mucilaginosus	61624	S	1407	117	1524	0.00013
Paenibacillus_albicereus	2726185	S	986	261	1247	0.00011
Paenibacillus_lycopersici	2704462	S	860	98	958	0.00008
Paenibacillus_rhizovicinus	2704463	S	465	57	522	0.00004
Paenibacillus_macerans	44252	S	460	38	498	0.00004
Paenibacillus_cellulositrophicus	562959	S	452	41	493	0.00004
Paenibacillus_beijingensis	1126833	S	427	46	473	0.00004
Paenibacillus_konkukensis	2020716	S	409	42	451	0.00004
Paenibacillus_dendritiformis	130049	S	389	61	450	0.00004
Paenibacillus_thiaminolyticus	49283	S	330	52	382	0.00003
Paenibacillus_chitinolyticus	79263	S	313	36	349	0.00003
Paenibacillus_stellifer	169760	S	312	52	364	0.00003
Paenibacillus_durus	44251	S	289	100	389	0.00003
Paenibacillus_polymyxa	1406	S	287	828	1115	0.00009
Paenibacillus_cellulosilyticus	375489	S	280	33	313	0.00003
Paenibacillus_ihbetae	1870820	S	272	35	307	0.00003
Paenibacillus_sabinae	365617	S	253	57	310	0.00003
Paenibacillus_naphthalenovorans	162209	S	236	32	268	0.00002
Paenibacillus_albus	2495582	S	200	25	225	0.00002
Paenibacillus_xylanilyticus	248903	S	199	38	237	0.00002
Paenibacillus_azoreducens	116718	S	197	21	218	0.00002
Paenibacillus_protaetiae	2509456	S	196	26	222	0.00002
Paenibacillus_donghaensis	414771	S	196	19	215	0.00002
Paenibacillus_riograndensis	483937	S	81	55	136	0.00001
Paenibacillus_sonchi	373687	S	66	90	156	0.00001
Paenibacillus_tianjinensis	2810347	S	185	29	214	0.00002
Paenibacillus_tritici	1873425	S	184	25	209	0.00002
Paenibacillus_agaridevorans	171404	S	177	186	363	0.00003
Paenibacillus_swuensis	1178515	S	166	22	188	0.00002
Paenibacillus_lautus	1401	S	156	169	325	0.00003
Paenibacillus_yonginensis	1462996	S	151	63	214	0.00002
Paenibacillus_guangzhouensis	1473112	S	145	13	158	0.00001
Paenibacillus_algicola	2565926	S	128	19	147	0.00001
Paenibacillus_lentus	1338368	S	125	12	137	0.00001
Paenibacillus_physcomitrellae	1619311	S	117	36	153	0.00001
Paenibacillus_lutimineralis	2707005	S	116	15	131	0.00001
Paenibacillus_alvei	44250	S	116	14	130	0.00001
Paenibacillus_baekrokdamisoli	1712516	S	114	11	125	0.00001
Paenibacillus_borealis	160799	S	109	33	142	0.00001
Paenibacillus_jilunlii	682956	S	109	65	174	0.00001
Paenibacillus_sophorae	1333845	S	102	32	134	0.00001
Paenibacillus_bovis	1616788	S	93	12	105	0.00001
Paenibacillus_graminis	189425	S	92	42	134	0.00001
Paenibacillus_psychroresistens	1778678	S	87	4	91	0.00001
Paenibacillus_odorifer	189426	S	78	13	91	0.00001
Paenibacillus_terrae	159743	S	71	31	102	0.00001
Paenibacillus_barcinonensis	198119	S	66	10	76	0.00001
Paenibacillus_larvae	1464	S	65	7	72	0.00001
Paenibacillus_kribbensis	172713	S	64	21	85	0.00001
Paenibacillus_crassostreae	1763538	S	59	9	68	0.00001
Paenibacillus_pabuli	1472	S	48	15	63	0.00001
Paenibacillus_uliginis	683737	S	48	45	93	0.00001
Paenibacillus_brasilensis	128574	S	47	19	66	0.00001
Paenibacillus_xylanexedens	528191	S	45	28	73	0.00001
Paenibacillus_peoriae	59893	S	39	198	237	0.00002
Paenibacillus_antarcticus	253703	S	39	5	44	0.00000
Paenibacillus_glucanolyticus	59843	S	24	126	150	0.00001
Brevibacillus_marinus	2496837	S	442	71	513	0.00004
Brevibacillus_agri	51101	S	339	82	421	0.00004
Brevibacillus_composti	2796470	S	333	83	416	0.00004
Brevibacillus_sp._MMS20-4M-10-Y	2895522	S	203	26	229	0.00002
Brevibacillus_sp._HD3.3A	2738979	S	37	153	190	0.00002
Brevibacillus_sp._DP1.3A	2738867	S	22	19	41	0.00000
Brevibacillus_brevis	1393	S	242	121	363	0.00003
Brevibacillus_choshinensis	54911	S	197	44	241	0.00002
Brevibacillus_laterosporus	1465	S	122	138	260	0.00002
Brevibacillus_parabrevis	54914	S	31	132	163	0.00001
Brevibacillus_formosus	54913	S	15	12	27	0.00000
Cohnella_sp._LGH	1619153	S	422	157	579	0.00005
Cohnella_sp._MFER-1	2728023	S	210	29	239	0.00002
Cohnella_candidum	2674991	S	613	75	688	0.00006
Cohnella_cholangitidis	2598458	S	231	41	272	0.00002
Cohnella_abietis	2507935	S	94	10	104	0.00001
Thermobacillus_composti	377615	S	1121	157	1278	0.00011
Saccharibacillus_brassicae	2583377	S	680	76	756	0.00006
Aneurinibacillus_soli	1500254	S	270	279	549	0.00005
Alicyclobacillus_acidocaldarius	405212	S	1098	85	1183	0.00010
Alicyclobacillus_acidoterrestris	1450	S	142	20	162	0.00001
Alicyclobacillus_sp._SO9	2665646	S	97	6	103	0.00001
Alicyclobacillus_sp._TC	2606450	S	29	3	32	0.00000
Alicyclobacillus_mengziensis	2931921	S	115	7	122	0.00001
Tumebacillus_avium	1903704	S	805	340	1145	0.00010
Tumebacillus_algifaecis	1214604	S	296	106	402	0.00003
Kyrpidia_spormannii	2055160	S	154	72	226	0.00002
Kyrpidia_tusciae	33943	S	145	96	241	0.00002
Effusibacillus_dendaii	2743772	S	86	11	97	0.00001
Planococcus_sp._MB-3u-03	2058136	S	62	47	109	0.00001
Planococcus_sp._107-1	2908840	S	51	24	75	0.00001
Planococcus_sp._PAMC_21323	1526927	S	35	17	52	0.00000
Planococcus_lenghuensis	2213202	S	118	25	143	0.00001
Planococcus_glaciei	459472	S	117	36	153	0.00001
Planococcus_plakortidis	1038856	S	97	62	159	0.00001
Planococcus_maritimus	192421	S	95	42	137	0.00001
Planococcus_rifietoensis	200991	S	79	62	141	0.00001
Planococcus_massiliensis	1499687	S	61	15	76	0.00001
Planococcus_halotolerans	2233542	S	53	17	70	0.00001
Planococcus_antarcticus	161360	S	43	14	57	0.00000
Planococcus_donghaensis	414778	S	41	24	65	0.00001
Planococcus_halocryophilus	1215089	S	34	18	52	0.00000
Planococcus_versutus	1302659	S	26	12	38	0.00000
Sporosarcina_sp._Marseille-Q4063	2810514	S	231	56	287	0.00002
Sporosarcina_sp._Te-1	2818390	S	76	20	96	0.00001
Sporosarcina_sp._PTS2304	2283194	S	49	35	84	0.00001
Sporosarcina_sp._resist	2762563	S	22	93	115	0.00001
Sporosarcina_ureae	1571	S	132	38	170	0.00001
Sporosarcina_ureilytica	298596	S	72	25	97	0.00001
Sporosarcina_pasteurii	1474	S	69	23	92	0.00001
Solibacillus_sp._R5-41	2048654	S	65	32	97	0.00001
Solibacillus_silvestris	76853	S	50	21	71	0.00001
Paenisporosarcina_antarctica	417367	S	83	25	108	0.00001
Paenisporosarcina_cavernae	2320858	S	31	18	49	0.00000
Ureibacillus_thermosphaericus	51173	S	54	78	132	0.00001
Ureibacillus_thermophilus	367743	S	36	24	60	0.00001
Kurthia_zopfii	1650	S	34	15	49	0.00000
Kurthia_sp._11kri321	1750719	S	31	16	47	0.00000
Jeotgalibacillus_malaysiensis	1508404	S	66	22	88	0.00001
Viridibacillus_sp._JNUCC-6	2779527	S	63	24	87	0.00001
Rummeliibacillus_stabekisii	241244	S	45	22	67	0.00001
Staphylococcus_aureus	1280	S	86	3751	3837	0.00033
Staphylococcus_haemolyticus	1283	S	72	69	141	0.00001
Staphylococcus_sp._17KM0847	2583989	S	26	11	37	0.00000
Staphylococcus_sp._CCM_9025	2892440	S	18	7	25	0.00000
Staphylococcus_epidermidis	1282	S	55	43	98	0.00001
Staphylococcus_pseudintermedius	283734	S	32	28	60	0.00001
Staphylococcus_delphini	53344	S	10	7	17	0.00000
Staphylococcus_nepalensis	214473	S	44	14	58	0.00000
Staphylococcus_simiae	308354	S	33	16	49	0.00000
Staphylococcus_capitis	29388	S	32	27	59	0.00001
Staphylococcus_pseudoxylosus	2282419	S	31	14	45	0.00000
Staphylococcus_lugdunensis	28035	S	25	10	35	0.00000
Staphylococcus_arlettae	29378	S	24	16	40	0.00000
Staphylococcus_chromogenes	46126	S	24	10	34	0.00000
Staphylococcus_saprophyticus	29385	S	22	10	32	0.00000
Staphylococcus_felis	46127	S	20	8	28	0.00000
Staphylococcus_pettenkoferi	170573	S	18	4	22	0.00000
Staphylococcus_lloydii	2781774	S	18	7	25	0.00000
Staphylococcus_pasteuri	45972	S	17	12	29	0.00000
Staphylococcus_xylosus	1288	S	17	7	24	0.00000
Staphylococcus_succinus	61015	S	16	4	20	0.00000
Staphylococcus_hyicus	1284	S	16	6	22	0.00000
Staphylococcus_lutrae	155085	S	16	6	22	0.00000
Staphylococcus_agnetis	985762	S	15	4	19	0.00000
Staphylococcus_hominis	1290	S	15	8	23	0.00000
Staphylococcus_muscae	1294	S	15	6	21	0.00000
Staphylococcus_caprae	29380	S	14	8	22	0.00000
Staphylococcus_auricularis	29379	S	14	4	18	0.00000
Staphylococcus_cohnii	29382	S	13	9	22	0.00000
Staphylococcus_kloosii	29384	S	13	6	19	0.00000
Staphylococcus_simulans	1286	S	12	4	16	0.00000
Staphylococcus_condimenti	70255	S	11	4	15	0.00000
Staphylococcus_saccharolyticus	33028	S	11	4	15	0.00000
Staphylococcus_piscifermentans	70258	S	10	3	13	0.00000
Staphylococcus_debuckii	2044912	S	10	4	14	0.00000
Mammaliicoccus_sciuri	1296	S	110	64	174	0.00001
Mammaliicoccus_lentus	42858	S	39	25	64	0.00001
Mammaliicoccus_vitulinus	71237	S	22	9	31	0.00000
Mammaliicoccus_stepanovicii	643214	S	16	5	21	0.00000
Macrococcus_armenti	2875764	S	34	14	48	0.00000
Macrococcus_brunensis	198483	S	27	7	34	0.00000
Macrococcus_canis	1855823	S	20	7	27	0.00000
Macrococcus_caseolyticus	69966	S	13	27	40	0.00000
Macrococcus_bohemicus	1903056	S	11	31	42	0.00000
Jeotgalicoccus_sp._WY2	2708346	S	40	11	51	0.00000
Jeotgalicoccus_sp._ATCC_8456	946435	S	18	3	21	0.00000
Jeotgalicoccus_saudimassiliensis	1461582	S	35	7	42	0.00000
Salinicoccus_halodurans	407035	S	60	17	77	0.00001
Nosocomiicoccus_ampullae	489910	S	22	3	25	0.00000
Abyssicoccus_albus	1817405	S	19	6	25	0.00000
Novibacillus_thermophilus	1471761	S	387	54	441	0.00004
Staphylospora_marina	2490858	S	328	52	380	0.00003
Kroppenstedtia_eburnea	714067	S	222	26	248	0.00002
Kroppenstedtia_pulmonis	1380685	S	79	7	86	0.00001
Polycladomyces_abyssicola	1125966	S	167	15	182	0.00002
Laceyella_sacchari	37482	S	121	27	148	0.00001
Thermoactinomyces_vulgaris	2026	S	103	20	123	0.00001
Exiguobacterium_sp._N4-1P	2051906	S	37	21	58	0.00000
Exiguobacterium_sp._Helios	2735868	S	25	11	36	0.00000
Exiguobacterium_sp._AT1b	360911	S	20	30	50	0.00000
Exiguobacterium_sp._MH3	1399115	S	14	20	34	0.00000
Exiguobacterium_sp._PFWT01	2829816	S	12	18	30	0.00000
Exiguobacterium_alkaliphilum	1428684	S	131	47	178	0.00002
Exiguobacterium_mexicanum	340146	S	119	46	165	0.00001
Exiguobacterium_acetylicum	41170	S	63	106	169	0.00001
Exiguobacterium_antarcticum	132920	S	45	16	61	0.00001
Exiguobacterium_sibiricum	332410	S	39	18	57	0.00000
Gemella_haemolysans	1379	S	17	18	35	0.00000
Listeria_monocytogenes	1639	S	140	70	210	0.00002
Listeria_ivanovii	1638	S	38	11	49	0.00000
Listeria_sp._PSOL-1	1844999	S	36	9	45	0.00000
Listeria_grayi	1641	S	34	9	43	0.00000
Listeria_seeligeri	1640	S	31	15	46	0.00000
Listeria_innocua	1642	S	26	48	74	0.00001
Listeria_weihenstephanensis	1006155	S	26	5	31	0.00000
Listeria_marthii	529731	S	16	7	23	0.00000
Listeria_welshimeri	1643	S	15	16	31	0.00000
Brochothrix_thermosphacta	2756	S	22	7	29	0.00000
Sporolactobacillus_terrae	269673	S	86	12	98	0.00001
Limosilactobacillus_fermentum	1613	S	132	115	247	0.00002
Limosilactobacillus_pontis	35787	S	75	40	115	0.00001
Limosilactobacillus_mucosae	97478	S	43	20	63	0.00001
Limosilactobacillus_reuteri	1598	S	36	41	77	0.00001
Limosilactobacillus_panis	47493	S	23	10	33	0.00000
Limosilactobacillus_gastricus	227942	S	11	4	15	0.00000
Lactobacillus_delbrueckii	1584	S	92	148	240	0.00002
Lactobacillus_crispatus	47770	S	16	16	32	0.00000
Lactobacillus_panisapium	2012495	S	14	2	16	0.00000
Lactobacillus_iners	147802	S	12	15	27	0.00000
Lactobacillus_johnsonii	33959	S	11	11	22	0.00000
Lactobacillus_terrae	2269374	S	11	1	12	0.00000
Lactobacillus_amylovorus	1604	S	10	27	37	0.00000
Levilactobacillus_zymae	267363	S	98	30	128	0.00001
Levilactobacillus_brevis	1580	S	42	13	55	0.00000
Levilactobacillus_suantsaii	2292255	S	36	12	48	0.00000
Levilactobacillus_koreensis	637971	S	17	2	19	0.00000
Lacticaseibacillus_rhamnosus	47715	S	28	5	33	0.00000
Lacticaseibacillus_casei	1582	S	26	9	35	0.00000
Lacticaseibacillus_paracasei	1597	S	19	47	66	0.00001
Lacticaseibacillus_zeae	57037	S	18	8	26	0.00000
Lacticaseibacillus_manihotivorans	88233	S	18	5	23	0.00000
Lacticaseibacillus_chiayiensis	2100821	S	18	3	21	0.00000
Ligilactobacillus_salivarius	1624	S	26	21	47	0.00000
Ligilactobacillus_ruminis	1623	S	24	7	31	0.00000
Ligilactobacillus_agilis	1601	S	15	9	24	0.00000
Ligilactobacillus_acidipiscis	89059	S	12	4	16	0.00000
Ligilactobacillus_murinus	1622	S	10	10	20	0.00000
Weissella_confusa	1583	S	21	17	38	0.00000
Weissella_cibaria	137591	S	12	9	21	0.00000
Weissella_coleopterorum	2714949	S	11	5	16	0.00000
Lactiplantibacillus_pentosus	1589	S	39	11	50	0.00000
Lactiplantibacillus_plantarum	1590	S	24	22	46	0.00000
Leuconostoc_mesenteroides	1245	S	18	25	43	0.00000
Leuconostoc_lactis	1246	S	13	16	29	0.00000
Leuconostoc_gelidum	1244	S	12	0	12	0.00000
Schleiferilactobacillus_harbinensis	304207	S	72	7	79	0.00001
Lentilactobacillus_parabuchneri	152331	S	14	4	18	0.00000
Lentilactobacillus_buchneri	1581	S	12	5	17	0.00000
Lentilactobacillus_hilgardii	1588	S	12	2	14	0.00000
Latilactobacillus_sakei	1599	S	27	11	38	0.00000
Latilactobacillus_curvatus	28038	S	13	7	20	0.00000
Loigolactobacillus_coryniformis	1610	S	32	29	61	0.00001
Loigolactobacillus_bifermentans	1607	S	11	2	13	0.00000
Pediococcus_acidilactici	1254	S	14	7	21	0.00000
Pediococcus_pentosaceus	1255	S	10	5	15	0.00000
Pediococcus_damnosus	51663	S	10	6	16	0.00000
Oenococcus_sicerae	2203724	S	17	1	18	0.00000
Oenococcus_kitaharae	336988	S	13	1	14	0.00000
Secundilactobacillus_paracollinoides	240427	S	35	11	46	0.00000
Paucilactobacillus_nenjiangensis	1296540	S	15	9	24	0.00000
Liquorilactobacillus_mali	1618	S	10	5	15	0.00000
Furfurilactobacillus_rossiae	231049	S	23	3	26	0.00000
Amylolactobacillus_amylophilus	1603	S	15	13	28	0.00000
Acetilactobacillus_jinshanensis	1720083	S	15	0	15	0.00000
Periweissella_cryptocerci	2506420	S	13	1	14	0.00000
Streptococcus_suis	1307	S	54	67	121	0.00001
Streptococcus_oralis	1303	S	39	77	116	0.00001
Streptococcus_sanguinis	1305	S	32	15	47	0.00000
Streptococcus_equi	1336	S	14	5	19	0.00000
Streptococcus_mitis	28037	S	17	25	42	0.00000
Streptococcus_gordonii	1302	S	14	7	21	0.00000
Streptococcus_pneumoniae	1313	S	13	146	159	0.00001
Streptococcus_ferus	1345	S	12	2	14	0.00000
Streptococcus_equinus	1335	S	12	14	26	0.00000
Streptococcus_pyogenes	1314	S	12	17	29	0.00000
Streptococcus_chenjunshii	2173853	S	12	1	13	0.00000
Streptococcus_ratti	1341	S	10	1	11	0.00000
Streptococcus_cristatus	45634	S	10	15	25	0.00000
Lactococcus_lactis	1358	S	37	34	71	0.00001
Lactococcus_garvieae	1363	S	14	14	28	0.00000
Lactococcus_raffinolactis	1366	S	12	7	19	0.00000
Lactococcus_piscium	1364	S	10	37	47	0.00000
Enterococcus_faecium	1352	S	73	1208	1281	0.00011
Enterococcus_faecalis	1351	S	67	81	148	0.00001
Enterococcus_mundtii	53346	S	35	13	48	0.00000
Enterococcus_avium	33945	S	28	13	41	0.00000
Enterococcus_gilvus	160453	S	19	8	27	0.00000
Enterococcus_wangshanyuanii	2005703	S	16	1	17	0.00000
Enterococcus_casseliflavus	37734	S	15	21	36	0.00000
Enterococcus_cecorum	44008	S	14	10	24	0.00000
Enterococcus_durans	53345	S	13	12	25	0.00000
Enterococcus_rotai	118060	S	12	0	12	0.00000
Enterococcus_saigonensis	1805431	S	12	19	31	0.00000
Enterococcus_hirae	1354	S	10	7	17	0.00000
Enterococcus_thailandicus	417368	S	10	4	14	0.00000
Vagococcus_carniphilus	218144	S	20	10	30	0.00000
Vagococcus_fluvialis	2738	S	17	13	30	0.00000
Vagococcus_lutrae	81947	S	15	26	41	0.00000
Vagococcus_coleopterorum	2714946	S	13	4	17	0.00000
Vagococcus_zengguangii	2571750	S	11	5	16	0.00000
Vagococcus_penaei	633807	S	10	3	13	0.00000
Tetragenococcus_halophilus	51669	S	23	13	36	0.00000
Tetragenococcus_osmophilus	526944	S	12	11	23	0.00000
Melissococcus_plutonius	33970	S	13	2	15	0.00000
Carnobacterium_sp._17-4	208596	S	11	23	34	0.00000
Carnobacterium_maltaromaticum	2751	S	17	4	21	0.00000
Carnobacterium_divergens	2748	S	15	4	19	0.00000
Carnobacterium_inhibens	147709	S	11	9	20	0.00000
Jeotgalibaca_porci	1868793	S	20	17	37	0.00000
Jeotgalibaca_sp._MA1X17-3	2908211	S	13	3	16	0.00000
Jeotgalibaca_dankookensis	708126	S	15	4	19	0.00000
Jeotgalibaca_ciconiae	2496265	S	14	9	23	0.00000
Dolosigranulum_pigrum	29394	S	36	10	46	0.00000
Granulicatella_adiacens	46124	S	10	4	14	0.00000
Marinilactibacillus_sp._15R	1911586	S	15	6	21	0.00000
Aerococcus_urinae	1376	S	18	4	22	0.00000
Aerococcus_sanguinicola	119206	S	16	3	19	0.00000
Aerococcus_urinaeequi	51665	S	13	40	53	0.00000
Suicoccus_acidiformans	2036206	S	24	15	39	0.00000
Abiotrophia_defectiva	46125	S	16	4	20	0.00000
Ignavigranum_ruoffiae	89093	S	12	1	13	0.00000
Faecalibacterium_prausnitzii	853	S	872	751	1623	0.00014
Dysosmobacter_sp._Marseille-Q4140	2830675	S	351	139	490	0.00004
Dysosmobacter_welbionis	2093857	S	243	158	401	0.00003
Flavonifractor_plautii	292800	S	552	121	673	0.00006
Ethanoligenens_harbinense	253239	S	329	16	345	0.00003
Vescimonas_coprocola	2714355	S	181	136	317	0.00003
Vescimonas_fastidiosa	2714353	S	120	161	281	0.00002
Ruthenibacterium_lactatiformans	1550024	S	288	69	357	0.00003
Caproiciproducens_sp._NJN-50	2507162	S	247	29	276	0.00002
Anaerotruncus_colihominis	169435	S	238	115	353	0.00003
Oscillibacter_sp._NSJ-62	2763056	S	192	53	245	0.00002
Acutalibacter_muris	1796620	S	170	7	177	0.00002
Caproicibacter_fermentans	2576756	S	158	8	166	0.00001
Ruminococcus_champanellensis	1161942	S	79	5	84	0.00001
Ruminococcus_albus	1264	S	31	0	31	0.00000
Ruminococcus_bovis	2564099	S	19	2	21	0.00000
Ruminococcus_bicirculans	1160721	S	11	2	13	0.00000
Pusillibacter_faecalis	2714358	S	129	72	201	0.00002
Caproicibacterium_amylolyticum	2766537	S	50	2	52	0.00000
Caproicibacterium_lactatifermentans	2666138	S	46	4	50	0.00000
Solibaculum_mannosilyticum	2780922	S	86	71	157	0.00001
Acetivibrio_clariflavus	288965	S	33	19	52	0.00000
Acetivibrio_thermocellus	1515	S	21	0	21	0.00000
Acetivibrio_saccincola	1677857	S	13	7	20	0.00000
Ruminiclostridium_herbifermentans	2488810	S	21	4	25	0.00000
Ruminiclostridium_cellulolyticum	1521	S	18	3	21	0.00000
Pseudoclostridium_thermosuccinogenes	84032	S	28	6	34	0.00000
Thermoclostridium_stercorarium	1510	S	27	4	31	0.00000
Mageeibacillus_indolicus	884684	S	14	16	30	0.00000
Fastidiosipila_sanguinis	236753	S	12	5	17	0.00000
Monoglobus_pectinilyticus	1981510	S	10	4	14	0.00000
Thermaerobacter_sp._FW80	2546351	S	1379	282	1661	0.00014
Thermaerobacter_sp._PB12/4term	2293838	S	919	231	1150	0.00010
Thermaerobacter_marianensis	73919	S	1135	285	1420	0.00012
Intestinimonas_butyriciproducens	1297617	S	262	86	348	0.00003
Aminipila_luticellarii	2507160	S	34	5	39	0.00000
Aminipila_butyrica	433296	S	19	2	21	0.00000
Aminipila_terrae	2697030	S	17	2	19	0.00000
Emergencia_timonensis	1776384	S	71	24	95	0.00001
Flintibacter_sp._KGMB00164	2610895	S	169	18	187	0.00002
Massilistercora_timonensis	2086584	S	93	81	174	0.00001
Carboxydocella_thermautotrophica	178899	S	81	7	88	0.00001
Clostridium_tetani	1513	S	1514	131	1645	0.00014
Clostridium_sp._C5S11	704125	S	95	9	104	0.00001
Clostridium_sp._DL-VIII	641107	S	68	9	77	0.00001
Clostridium_sp._SY8519	1042156	S	58	14	72	0.00001
Clostridium_sp._M62/1	411486	S	52	53	105	0.00001
Clostridium_sp._JN-9	2507159	S	31	3	34	0.00000
Clostridium_sp._JN-1	2483110	S	28	3	31	0.00000
Clostridium_sp._BNL1100	755731	S	25	2	27	0.00000
Clostridium_sp._MD294	97138	S	17	1	18	0.00000
Clostridium_sp._'deep_sea'	2779445	S	17	0	17	0.00000
Clostridium_sp._BJN0001	2930219	S	16	3	19	0.00000
Clostridium_sp._C1	1155388	S	13	10	23	0.00000
Clostridium_sp._AWRP	2212991	S	11	8	19	0.00000
Clostridium_beijerinckii	1520	S	189	243	432	0.00004
Clostridium_botulinum	1491	S	140	106	246	0.00002
Clostridium_cellulovorans	1493	S	124	16	140	0.00001
Clostridium_thermarum	1716543	S	119	59	178	0.00002
Clostridium_perfringens	1502	S	99	24	123	0.00001
Clostridium_pasteurianum	1501	S	83	11	94	0.00001
Clostridium_saccharoperbutylacetonicum	36745	S	63	9	72	0.00001
Clostridium_manihotivorum	2320868	S	63	5	68	0.00001
Clostridium_argentinense	29341	S	53	5	58	0.00000
Clostridium_butyricum	1492	S	43	6	49	0.00000
Clostridium_carboxidivorans	217159	S	42	7	49	0.00000
Clostridium_saccharobutylicum	169679	S	42	6	48	0.00000
Clostridium_kluyveri	1534	S	39	2	41	0.00000
Clostridium_intestinale	36845	S	37	3	40	0.00000
Clostridium_baratii	1561	S	32	6	38	0.00000
Clostridium_gasigenes	94869	S	30	4	34	0.00000
Clostridium_aceticum	84022	S	28	2	30	0.00000
Clostridium_isatidis	182773	S	28	9	37	0.00000
Clostridium_estertheticum	238834	S	28	4	32	0.00000
Clostridium_fermenticellae	2068654	S	26	2	28	0.00000
Clostridium_cadaveris	1529	S	26	4	30	0.00000
Clostridium_bornimense	1216932	S	25	6	31	0.00000
Clostridium_scatologenes	1548	S	20	13	33	0.00000
Clostridium_tyrobutyricum	1519	S	20	1	21	0.00000
Clostridium_formicaceticum	1497	S	20	2	22	0.00000
Clostridium_chauvoei	46867	S	18	3	21	0.00000
Clostridium_drakei	332101	S	17	8	25	0.00000
Clostridium_sporogenes	1509	S	17	66	83	0.00001
Clostridium_novyi	1542	S	16	68	84	0.00001
Clostridium_acetobutylicum	1488	S	15	0	15	0.00000
Clostridium_cochlearium	1494	S	15	3	18	0.00000
Clostridium_taeniosporum	394958	S	14	1	15	0.00000
Clostridium_septicum	1504	S	13	2	15	0.00000
Hungatella_hathewayi	154046	S	95	2	97	0.00001
Alkaliphilus_sp._B6464	2731219	S	41	8	49	0.00000
Alkaliphilus_metalliredigens	208226	S	30	4	34	0.00000
Alkaliphilus_oremlandii	461876	S	18	4	22	0.00000
Crassaminicella_sp._143-21	2855394	S	19	6	25	0.00000
Crassaminicella_thermophila	2599308	S	17	4	21	0.00000
Crassaminicella_profunda	1286698	S	13	2	15	0.00000
Geosporobacter_ferrireducens	1424294	S	49	6	55	0.00000
Caloramator_sp._E03	2576307	S	40	3	43	0.00000
Paraclostridium_bifermentans	1490	S	27	6	33	0.00000
Serpentinicella_alkaliphila	1734049	S	22	2	24	0.00000
Hathewaya_histolytica	1498	S	15	3	18	0.00000
Symbiobacterium_thermophilum	2734	S	2234	170	2404	0.00020
[Clostridium]_scindens	29347	S	85	30	115	0.00001
[Clostridium]_hylemonae	89153	S	81	19	100	0.00001
Lachnoclostridium_phocaeense	1871021	S	70	52	122	0.00001
Lachnoclostridium_phytofermentans	66219	S	20	1	21	0.00000
Lachnoclostridium_sp._YL32	1834196	S	12	22	34	0.00000
Blautia_producta	33035	S	62	13	75	0.00001
Blautia_sp._NBRC_113351	2877527	S	39	39	78	0.00001
Blautia_sp._SC05B48	2479767	S	11	32	43	0.00000
Blautia_pseudococcoides	1796616	S	31	5	36	0.00000
Blautia_liquoris	2779518	S	17	1	18	0.00000
Blautia_obeum	40520	S	16	13	29	0.00000
Blautia_argi	1912897	S	14	11	25	0.00000
Blautia_hansenii	1322	S	11	7	18	0.00000
Lachnospiraceae_bacterium_NSJ-29	2763667	S	55	13	68	0.00001
Lachnospiraceae_bacterium_NSJ-38	2763669	S	50	16	66	0.00001
Lachnospiraceae_bacterium_sunii_NSJ-8	2763672	S	28	19	47	0.00000
Lachnospiraceae_bacterium_NSJ-4	2763670	S	15	12	27	0.00000
Enterocloster_bolteae	208479	S	86	23	109	0.00001
Enterocloster_clostridioformis	1531	S	17	53	70	0.00001
Roseburia_hominis	301301	S	58	52	110	0.00001
Roseburia_intestinalis	166486	S	25	15	40	0.00000
Roseburia_sp._NSJ-69	2763062	S	12	4	16	0.00000
Anaerostipes_caccae	105841	S	44	15	59	0.00001
Anaerostipes_rhamnosivorans	1229621	S	21	11	32	0.00000
Anaerostipes_hadrus	649756	S	12	10	22	0.00000
Anaerocolumna_cellulosilytica	433286	S	30	2	32	0.00000
Anaerocolumna_sedimenticola	2696063	S	28	2	30	0.00000
Anaerocolumna_chitinilytica	1727145	S	27	1	28	0.00000
Lacrimispora_sphenoides	29370	S	37	3	40	0.00000
Lacrimispora_saccharolytica	84030	S	36	5	41	0.00000
Coprococcus_catus	116085	S	21	12	33	0.00000
Coprococcus_comes	410072	S	20	21	41	0.00000
Butyrivibrio_fibrisolvens	831	S	26	5	31	0.00000
Butyrivibrio_hungatei	185008	S	13	1	14	0.00000
Anaerobutyricum_hallii	39488	S	36	12	48	0.00000
[Ruminococcus]_gnavus	33038	S	19	25	44	0.00000
[Ruminococcus]_torques	33039	S	11	9	20	0.00000
Sellimonas_intestinalis	1653434	S	27	12	39	0.00000
Herbinix_luporum	1679721	S	26	14	40	0.00000
Novisyntrophococcus_fermenticellae	2068655	S	20	2	22	0.00000
Anaerotignum_propionicum	28446	S	19	1	20	0.00000
Lachnospira_eligens	39485	S	16	2	18	0.00000
Faecalicatena_sp._Marseille-Q4148	2823316	S	15	6	21	0.00000
Dorea_longicatena	88431	S	12	11	23	0.00000
[Clostridium]_colinum	36835	S	10	0	10	0.00000
Candidatus_Desulforudis_audaxviator	471827	S	408	21	429	0.00004
Desulforamulus_ruminis	1564	S	71	10	81	0.00001
Desulforamulus_ferrireducens	1833852	S	61	33	94	0.00001
Desulforamulus_reducens	59610	S	39	7	46	0.00000
Acididesulfobacillus_acetoxydans	1561005	S	130	4	134	0.00001
Candidatus_Formimonas_warabiya	1761012	S	103	9	112	0.00001
Thermanaerosceptrum_fracticalcis	1712410	S	63	8	71	0.00001
Desulfofarcimen_acetoxidans	58138	S	48	5	53	0.00000
Dehalobacterium_formicoaceticum	51515	S	29	5	34	0.00000
Christensenella_sp._Marseille-P3954	2086585	S	461	194	655	0.00006
Christensenella_minuta	626937	S	124	28	152	0.00001
Heliomicrobium_modesticaldum	35701	S	469	202	671	0.00006
Heliorestis_convoluta	356322	S	41	2	43	0.00000
Desulfosporosinus_meridiei	79209	S	73	16	89	0.00001
Desulfosporosinus_youngiae	339862	S	60	11	71	0.00001
Desulfosporosinus_acidiphilus	885581	S	48	6	54	0.00000
Desulfosporosinus_orientis	1563	S	23	3	26	0.00000
Desulfitobacterium_hafniense	49338	S	57	9	66	0.00001
Desulfitobacterium_metallireducens	142877	S	38	7	45	0.00000
Desulfitobacterium_dehalogenans	36854	S	27	5	32	0.00000
Desulfitobacterium_dichloroeliminans	233055	S	26	19	45	0.00000
Dehalobacter_restrictus	55583	S	29	27	56	0.00000
Syntrophobotulus_glycolicus	51197	S	46	2	48	0.00000
Eubacterium_limosum	1736	S	54	55	109	0.00001
Eubacterium_sp._c-25	2841037	S	17	7	24	0.00000
Eubacterium_sp._MSJ-33	2841528	S	13	6	19	0.00000
Eubacterium_callanderi	53442	S	23	19	42	0.00000
Eubacterium_maltosivorans	2041044	S	14	59	73	0.00001
Acetobacterium_sp._KB-1	2184575	S	38	10	48	0.00000
Acetobacterium_wieringae	52694	S	27	12	39	0.00000
Acetobacterium_woodii	33952	S	20	3	23	0.00000
Alkalibacter_sp._ES005	2815577	S	47	2	49	0.00000
Clostridioides_difficile	1496	S	43	5334	5377	0.00046
Romboutsia_sp._CE17	2724150	S	21	7	28	0.00000
Romboutsia_ilealis	1115758	S	14	5	19	0.00000
Romboutsia_hominis	1507512	S	11	3	14	0.00000
Peptoclostridium_acidaminophilum	1731	S	40	5	45	0.00000
Tepidibacter_sp._8C15b	2925782	S	27	4	31	0.00000
Paeniclostridium_sordellii	1505	S	20	3	23	0.00000
Terrisporobacter_sp._MCA3	2813371	S	19	2	21	0.00000
Acetoanaerobium_sticklandii	1511	S	16	1	17	0.00000
Peptacetobacter_hiranonis	89152	S	14	2	16	0.00000
Syntrophothermus_lipocalidus	86170	S	60	4	64	0.00001
Syntrophomonas_wolfei	863	S	48	8	56	0.00000
Candidatus_Contubernalis_alkalaceticum	338645	S	30	1	31	0.00000
Candidatus_Syntrophocurvum_alkaliphilum	2293317	S	11	2	13	0.00000
Desulfoscipio_gibsoniae	102134	S	118	8	126	0.00001
Thermincola_potens	863643	S	57	4	61	0.00001
Vallitalea_guaymasensis	1185412	S	18	1	19	0.00000
Vallitalea_pronyensis	1348613	S	14	0	14	0.00000
Petrocella_atlantisensis	2173034	S	14	1	15	0.00000
Desulfotomaculum_nigrificans	1565	S	43	14	57	0.00000
Alkalicella_caledoniensis	2731377	S	30	3	33	0.00000
Caloranaerobacter_azorensis	116090	S	24	2	26	0.00000
Moorella_sp._Hama-1	2138101	S	232	37	269	0.00002
Moorella_thermoacetica	1525	S	194	25	219	0.00002
Moorella_glycerini	55779	S	174	13	187	0.00002
Ammonifex_degensii	42838	S	312	9	321	0.00003
Gelria_sp._Kuro-4	2796927	S	573	36	609	0.00005
Thermacetogenium_phaeum	85874	S	249	197	446	0.00004
Thermoanaerobacter_mathranii	583357	S	16	60	76	0.00001
Carboxydothermus_hydrogenoformans	129958	S	72	5	77	0.00001
Thermanaeromonas_toyohensis	161154	S	49	1	50	0.00000
Caldanaerobacter_subterraneus	911092	S	36	33	69	0.00001
Caldicellulosiruptor_saccharolyticus	44001	S	12	22	34	0.00000
Caldicellulosiruptor_changbaiensis	1222016	S	10	21	31	0.00000
Thermoanaerobacterium_thermosaccharolyticum	1517	S	23	47	70	0.00001
Mahella_australiensis	252966	S	59	26	85	0.00001
Zhaonella_formicivorans	2528593	S	53	7	60	0.00001
Thermodesulfobium_acidiphilum	1794699	S	10	21	31	0.00000
Halanaerobium_hydrogeniformans	656519	S	19	10	29	0.00000
Halanaerobium_praevalens	2331	S	11	7	18	0.00000
Iocasia_fonsfrigidae	2682810	S	37	3	40	0.00000
Halothermothrix_orenii	31909	S	27	4	31	0.00000
Anoxybacter_fermentans	1323375	S	58	8	66	0.00001
Halobacteroides_halobius	42422	S	29	4	33	0.00000
Acetohalobium_arabaticum	28187	S	10	1	11	0.00000
Thermosediminibacter_oceani	291990	S	107	10	117	0.00001
Biomaibacter_acetigenes	2316383	S	65	4	69	0.00001
Tepidanaerobacter_acetatoxydans	499229	S	24	0	24	0.00000
Natranaerofaba_carboxydovora	2742683	S	34	2	36	0.00000
Natranaerobius_thermophilus	375929	S	20	5	25	0.00000
Koleobacter_methoxysyntrophicus	2751313	S	48	3	51	0.00000
Selenomonas_sp._oral_taxon_126	712528	S	311	84	395	0.00003
Selenomonas_sp._oral_taxon_920	1884263	S	179	40	219	0.00002
Selenomonas_sp._oral_taxon_478	712538	S	75	111	186	0.00002
Selenomonas_sp._oral_taxon_136	713030	S	64	88	152	0.00001
Selenomonas_sputigena	69823	S	512	35	547	0.00005
Selenomonas_timonae	2754044	S	176	82	258	0.00002
Selenomonas_ruminantium	971	S	101	7	108	0.00001
Megamonas_funiformis	437897	S	18	10	28	0.00000
Pectinatus_frisingensis	865	S	14	0	14	0.00000
Sporomusa_termitida	2377	S	108	13	121	0.00001
Methylomusa_anaerophila	1930071	S	84	5	89	0.00001
Pelosinus_fermentans	365349	S	26	4	30	0.00000
Pelosinus_sp._UFO1	484770	S	21	6	27	0.00000
Megasphaera_elsdenii	907	S	188	85	273	0.00002
Megasphaera_stantonii	2144175	S	164	76	240	0.00002
Megasphaera_massiliensis	1232428	S	87	25	112	0.00001
Veillonella_rodentium	248315	S	19	6	25	0.00000
Veillonella_parvula	29466	S	12	8	20	0.00000
Acidaminococcus_fermentans	905	S	128	15	143	0.00001
Acidaminococcus_intestini	187327	S	42	7	49	0.00000
Phascolarctobacterium_faecium	33025	S	49	3	52	0.00000
Phascolarctobacterium_succinatutens	626940	S	23	45	68	0.00001
Phascolarctobacterium_sp._Marseille-Q4147	2823317	S	16	9	25	0.00000
Limnochorda_pilosa	1555112	S	1568	55	1623	0.00014
Peptoniphilus_ivorii	54006	S	78	14	92	0.00001
Peptoniphilus_harei	54005	S	17	14	31	0.00000
Murdochiella_vaginalis	1852373	S	39	28	67	0.00001
Anaerococcus_mediterraneensis	1870984	S	11	28	39	0.00000
Finegoldia_magna	1260	S	23	15	38	0.00000
Parvimonas_micra	33033	S	14	19	33	0.00000
Keratinibaculum_paraultunense	1278232	S	32	11	43	0.00000
Schnuerera_ultunensis	45497	S	24	3	27	0.00000
Tissierella_sp._JN-28	2507161	S	21	3	24	0.00000
Gottschalkia_acidurici	1556	S	54	4	58	0.00000
Ezakiella_coagulans	46507	S	26	52	78	0.00001
Ezakiella_massiliensis	1852374	S	11	5	16	0.00000
Sedimentibacter_sp._zth1	2816908	S	18	1	19	0.00000
Allobaculum_sp._Allo2	2853432	S	48	8	56	0.00000
Allobaculum_mucolyticum	2834459	S	32	6	38	0.00000
Faecalibaculum_rodentium	1702221	S	69	16	85	0.00001
Erysipelothrix_sp._HDW6C	2714930	S	10	5	15	0.00000
Erysipelothrix_larvae	1514105	S	19	9	28	0.00000
[Clostridium]_innocuum	1522	S	30	20	50	0.00000
Intestinibaculum_porci	2487118	S	25	9	34	0.00000
Bulleidia_sp._zg-1006	2806552	S	10	3	13	0.00000
Erysipelotrichaceae_bacterium_BP52G	2899121	S	10	1	11	0.00000
Turicibacter_sp._H121	1712675	S	11	12	23	0.00000
Turicibacter_sp._TJ11	2806443	S	11	10	21	0.00000
Turicibacter_sanguinis	154288	S	11	3	14	0.00000
Ndongobacter_massiliensis	1871025	S	39	23	62	0.00001
endosymbiont_'TC1'_of_Trimyema_compressum	243899	S	33	1	34	0.00000
Deinococcus_sp._NW-56	2080419	S	976	126	1102	0.00009
Deinococcus_sp._TS-293	2737050	S	784	75	859	0.00007
Deinococcus_sp._KNUC1210	2917691	S	630	23	653	0.00006
Deinococcus_sp._AJ005	2652443	S	494	38	532	0.00005
Deinococcus_sp._QL22	2939437	S	294	23	317	0.00003
Deinococcus_maricopensis	309887	S	1233	102	1335	0.00011
Deinococcus_ficus	317577	S	1229	109	1338	0.00011
Deinococcus_gobiensis	502394	S	1126	141	1267	0.00011
Deinococcus_metallilatus	1211322	S	1096	118	1214	0.00010
Deinococcus_actinosclerus	1768108	S	1069	633	1702	0.00014
Deinococcus_irradiatisoli	2202254	S	838	71	909	0.00008
Deinococcus_peraridilitoris	432329	S	747	34	781	0.00007
Deinococcus_wulumuqiensis	980427	S	736	272	1008	0.00009
Deinococcus_radiopugnans	57497	S	635	74	709	0.00006
Deinococcus_geothermalis	68909	S	602	89	691	0.00006
Deinococcus_radiodurans	1299	S	563	914	1477	0.00013
Deinococcus_soli_(ex_Cha_et_al._2016)	1309411	S	461	427	888	0.00008
Deinococcus_psychrotolerans	2489213	S	404	10	414	0.00004
Deinococcus_proteolyticus	55148	S	398	84	482	0.00004
Deinococcus_deserti	310783	S	388	26	414	0.00004
Deinococcus_radiophilus	32062	S	193	38	231	0.00002
Deinococcus_puniceus	1182568	S	184	27	211	0.00002
Thermus_thermophilus	274	S	622	735	1357	0.00012
Thermus_sp._CCB_US3_UF1	1111069	S	287	40	327	0.00003
Thermus_sp._NEB1569	2918899	S	67	110	177	0.00002
Thermus_oshimai	56957	S	309	54	363	0.00003
Thermus_aquaticus	271	S	261	34	295	0.00003
Thermus_brockianus	56956	S	252	45	297	0.00003
Thermus_caldilimi	2483360	S	108	24	132	0.00001
Thermus_scotoductus	37636	S	73	99	172	0.00001
Thermus_parvatiensis	456163	S	41	177	218	0.00002
Meiothermus_silvanus	52022	S	498	77	575	0.00005
Meiothermus_taiwanensis	172827	S	453	169	622	0.00005
Meiothermus_ruber	277	S	369	145	514	0.00004
Oceanithermus_profundus	187137	S	1559	155	1714	0.00015
Marinithermus_hydrothermalis	186192	S	1017	174	1191	0.00010
Truepera_radiovictrix	332249	S	1474	75	1549	0.00013
Synechococcus_sp._CBW1004	1353136	S	569	147	716	0.00006
Synechococcus_sp._RSCCF101	2511069	S	436	95	531	0.00005
Synechococcus_sp._CBW1107	2789857	S	399	78	477	0.00004
Synechococcus_sp._JA-3-3Ab	321327	S	293	67	360	0.00003
Synechococcus_sp._SynAce01	1916956	S	262	31	293	0.00002
Synechococcus_sp._CBW1108	1353147	S	255	37	292	0.00002
Synechococcus_sp._CB0101	232348	S	241	54	295	0.00003
Synechococcus_sp._PCC_7336	195250	S	208	8	216	0.00002
Synechococcus_sp._LTW-R	2751170	S	177	44	221	0.00002
Synechococcus_sp._NB0720_10	2907159	S	174	45	219	0.00002
Synechococcus_sp._LA31	2741953	S	170	38	208	0.00002
Synechococcus_sp._KORDI-100	1280380	S	145	10	155	0.00001
Synechococcus_sp._JA-2-3B'a(2-13)	321332	S	143	30	173	0.00001
Synechococcus_sp._Minos11	221341	S	136	10	146	0.00001
Synechococcus_sp._RS9909	221352	S	133	45	178	0.00002
Synechococcus_sp._HK01-R	2751171	S	131	22	153	0.00001
Synechococcus_sp._WH_8101	59932	S	123	39	162	0.00001
Synechococcus_sp._A10-1-5-1	2936507	S	112	26	138	0.00001
Synechococcus_sp._MEDNS5	1442554	S	103	32	135	0.00001
Synechococcus_sp._PROS-U-1	1400866	S	98	17	115	0.00001
Synechococcus_sp._NOUM97013	1442555	S	83	13	96	0.00001
Synechococcus_sp._BMK-MC-1	1442551	S	81	30	111	0.00001
Synechococcus_sp._KORDI-52	585425	S	76	23	99	0.00001
Synechococcus_sp._KORDI-49	585423	S	71	61	132	0.00001
Synechococcus_sp._BIOS-E4-1	1400864	S	64	6	70	0.00001
Synechococcus_sp._MIT_S9220	166309	S	63	9	72	0.00001
Synechococcus_sp._A15-44	1050646	S	61	92	153	0.00001
Synechococcus_sp._PCC_6312	195253	S	57	3	60	0.00001
Synechococcus_sp._CC9902	316279	S	56	6	62	0.00001
Synechococcus_sp._PROS-7-1	1442556	S	56	22	78	0.00001
Synechococcus_sp._CBW1006	1353138	S	54	338	392	0.00003
Synechococcus_sp._A15-62	1050657	S	50	31	81	0.00001
Synechococcus_sp._A15-127	1050624	S	50	43	93	0.00001
Synechococcus_sp._CBW1002	1353134	S	48	342	390	0.00003
Synechococcus_sp._BIOS-U3-1	1400865	S	44	5	49	0.00000
Synechococcus_sp._NIES-970	1827144	S	43	11	54	0.00000
Synechococcus_sp._ROS8604	1442557	S	42	9	51	0.00000
Synechococcus_sp._PCC_7003	374981	S	39	13	52	0.00000
Synechococcus_sp._RS9907	221350	S	35	69	104	0.00001
Synechococcus_sp._TAK9802	1442558	S	32	65	97	0.00001
Synechococcus_sp._WH_8109	166314	S	31	20	51	0.00000
Synechococcus_sp._PCC_7502	1173263	S	29	2	31	0.00000
Synechococcus_sp._PROS-9-1	1968775	S	29	6	35	0.00000
Synechococcus_sp._RS9902	221345	S	28	48	76	0.00001
Synechococcus_sp._M16.1	1442553	S	27	68	95	0.00001
Synechococcus_sp._WH_8020	32052	S	25	4	29	0.00000
Synechococcus_sp._CC9311	64471	S	18	4	22	0.00000
Synechococcus_sp._A18-25c	1866938	S	17	104	121	0.00001
Synechococcus_sp._SYN20	1050714	S	16	20	36	0.00000
Synechococcus_sp._MVIR-18-1	1386941	S	15	22	37	0.00000
Synechococcus_sp._PCC_11901	2579791	S	13	53	66	0.00001
Synechococcus_sp._PCC_7117	195498	S	11	45	56	0.00000
Synechococcus_sp._A15-60	1050655	S	11	64	75	0.00001
Synechococcus_elongatus	32046	S	251	12	263	0.00002
Dactylococcopsis_salina	292566	S	22	12	34	0.00000
Cyanobium_sp._NIES-981	1851505	S	537	173	710	0.00006
Cyanobium_sp._NS01	261284	S	397	144	541	0.00005
Cyanobium_gracile	59930	S	593	125	718	0.00006
Parasynechococcus_marenigrum	2881428	S	123	39	162	0.00001
Prochlorococcus_marinus	1219	S	82	18	100	0.00001
Acaryochloris_marina	155978	S	58	7	65	0.00001
Acaryochloris_sp._'Moss_Beach'	2740837	S	20	40	60	0.00001
Chamaesiphon_minutus	1173032	S	103	8	111	0.00001
Synechocystis_sp._PCC_6714	1147	S	17	5	22	0.00000
Synechocystis_sp._CACIAM_05	1933929	S	11	56	67	0.00001
Nostoc_sp._NIES-4103	2005458	S	146	38	184	0.00002
Nostoc_sp._MS1	2764711	S	90	31	121	0.00001
Nostoc_sp._CENA543	1869241	S	84	16	100	0.00001
Nostoc_sp._UHCC_0702	2814655	S	82	19	101	0.00001
Nostoc_sp._C052	2576902	S	73	21	94	0.00001
Nostoc_sp._PCC_7524	28072	S	66	16	82	0.00001
Nostoc_sp._UHCC_0870	2914041	S	63	25	88	0.00001
Nostoc_sp._'Lobaria_pulmonaria_(5183)_cyanobiont'	1618022	S	61	16	77	0.00001
Nostoc_sp._TCL26-01	2576904	S	46	8	54	0.00000
Nostoc_sp._PCC_7107	317936	S	35	18	53	0.00000
Nostoc_sp._'Peltigera_membranacea_cyanobiont'_N6	1261031	S	35	12	47	0.00000
Nostoc_sp._ATCC_53789	76335	S	28	45	73	0.00001
Nostoc_sp._NIES-2111	1973475	S	27	61	88	0.00001
Nostoc_sp._TCL240-02	2572090	S	19	12	31	0.00000
Nostoc_sp._C057	2576903	S	14	23	37	0.00000
Nostoc_sp._NIES-3756	1751286	S	12	32	44	0.00000
Nostoc_edaphicum	264686	S	67	24	91	0.00001
Nostoc_piscinale	224012	S	60	33	93	0.00001
Nostoc_flagelliforme	1306274	S	60	28	88	0.00001
Nostoc_sphaeroides	446679	S	59	40	99	0.00001
Nostoc_linckia	92942	S	53	13	66	0.00001
Nostoc_punctiforme	272131	S	44	40	84	0.00001
Nostoc_commune	1178	S	32	13	45	0.00000
Anabaena_sp._WA102	1647413	S	35	67	102	0.00001
Anabaena_sp._90	46234	S	23	182	205	0.00002
Anabaena_cylindrica	1165	S	31	11	42	0.00000
Cylindrospermum_stagnale	142864	S	67	27	94	0.00001
Trichormus_azollae	1164	S	30	6	36	0.00000
Richelia_sinica	1357545	S	27	6	33	0.00000
Calothrix_sp._NIES-3974	2005462	S	88	9	97	0.00001
Calothrix_sp._NIES-2100	1954172	S	80	54	134	0.00001
Calothrix_sp._PCC_7716	2853227	S	79	54	133	0.00001
Calothrix_sp._PCC_7507	99598	S	61	15	76	0.00001
Calothrix_sp._336/3	1337936	S	46	14	60	0.00001
Calothrix_sp._PCC_6303	1170562	S	41	12	53	0.00000
Calothrix_sp._NIES-2098	1954171	S	39	24	63	0.00001
Calothrix_brevissima	938406	S	92	43	135	0.00001
Calothrix_parasitica	1973486	S	69	4	73	0.00001
Sphaerospermopsis_kisseleviana	289435	S	74	27	101	0.00001
Sphaerospermopsis_torques-reginae	984207	S	70	23	93	0.00001
Dolichospermum_compactum	136073	S	47	61	108	0.00001
Dolichospermum_sp._UHCC_0315A	1914871	S	26	182	208	0.00002
Dolichospermum_flos-aquae	1166	S	18	149	167	0.00001
Nodularia_spumigena	70799	S	51	11	62	0.00001
Nodularia_sphaerocarpa	137816	S	41	11	52	0.00000
Anabaenopsis_circularis	109266	S	51	31	82	0.00001
Anabaenopsis_elenkinii	156213	S	20	4	24	0.00000
Scytonema_sp._NIES-4073	2005464	S	112	67	179	0.00002
Scytonema_sp._HK-05	1137095	S	82	45	127	0.00001
Brasilonema_sennae	1397703	S	54	6	60	0.00001
Tolypothrix_sp._PCC_7910	2099387	S	62	18	80	0.00001
Tolypothrix_tenuis	457083	S	52	21	73	0.00001
Fischerella_sp._NIES-4106	2005456	S	66	9	75	0.00001
Fischerella_sp._NIES-3754	1752063	S	49	11	60	0.00001
Rivularia_sp._PCC_7116	373994	S	36	2	38	0.00000
Leptolyngbya_sp._7M	2812896	S	1554	106	1660	0.00014
Leptolyngbya_sp._BL0902	1115757	S	267	23	290	0.00002
Leptolyngbya_sp._NIES-3755	1752064	S	46	6	52	0.00000
Leptolyngbya_sp._PCC_7376	111781	S	37	4	41	0.00000
Leptolyngbya_boryana	1184	S	55	0	55	0.00000
Kovacikia_minuta	2931930	S	193	27	220	0.00002
Leptothermofonsia_sichuanensis	2917832	S	134	13	147	0.00001
Leptodesmis_sichuanensis	2906798	S	121	14	135	0.00001
Thermoleptolyngbya_sp._PKUAC-SCTB121	2811482	S	17	321	338	0.00003
Thermosynechococcus_sp._NK55a	1394889	S	42	20	62	0.00001
Thermosynechococcus_sp._TA-1	2813673	S	25	24	49	0.00000
Thermosynechococcus_sp._CL-1	2583530	S	16	16	32	0.00000
Thermosynechococcus_vestitus	146786	S	69	28	97	0.00001
Halomicronema_hongdechloris	1209493	S	194	10	204	0.00002
Pseudanabaena_sp._PCC_7367	82654	S	78	3	81	0.00001
Pseudanabaena_sp._ABRG5-3	685565	S	51	4	55	0.00000
Moorena_producens	1155739	S	366	14	380	0.00003
Oscillatoria_acuminata	118323	S	83	8	91	0.00001
Oscillatoria_nigro-viridis	482564	S	83	62	145	0.00001
Geitlerinema_sp._PCC_7407	1173025	S	425	91	516	0.00004
Allocoleopsis_franciscana	2886352	S	76	12	88	0.00001
Oxynema_aestuarii	2874213	S	168	21	189	0.00002
Microcoleus_vaginatus	119532	S	105	51	156	0.00001
Planktothrix_rubescens	59512	S	12	27	39	0.00000
[Phormidium]_sp._ETS-05	222819	S	143	12	155	0.00001
Crinalium_epipsammum	241425	S	50	10	60	0.00001
Microcystis_aeruginosa	1126	S	134	239	373	0.00003
Halothece_sp._PCC_7418	65093	S	66	33	99	0.00001
Euhalothece_natronophila	577489	S	18	3	21	0.00000
Gloeothece_citriformis	2546356	S	38	5	43	0.00000
Gloeothece_verrucosa	2546359	S	35	5	40	0.00000
Rippkaea_orientalis	2546366	S	40	7	47	0.00000
Crocosphaera_subtropica	2546360	S	30	4	34	0.00000
Candidatus_Atelocyanobacterium_thalassa	713887	S	10	3	13	0.00000
Geminocystis_sp._NIES-3709	1617448	S	35	17	52	0.00000
Geminocystis_sp._NIES-3708	1615909	S	17	10	27	0.00000
Geminocystis_herdmanii	669359	S	33	12	45	0.00000
Chondrocystis_sp._NIES-4102	2005460	S	66	15	81	0.00001
Gloeocapsa_sp._PCC_7428	1173026	S	59	10	69	0.00001
Cyanobacterium_aponinum	379064	S	21	15	36	0.00000
Gloeobacter_kilaueensis	1416614	S	793	25	818	0.00007
Gloeobacter_violaceus	33072	S	545	219	764	0.00006
Gloeobacter_morelensis	2907343	S	516	188	704	0.00006
Anthocerotibacter_panamensis	2857077	S	189	7	196	0.00002
Chroococcidiopsis_sp._CCMEE_29	155894	S	139	36	175	0.00001
Chroococcidiopsis_sp._CCNUC1	2653189	S	34	46	80	0.00001
Chroococcidiopsis_thermalis	54299	S	30	44	74	0.00001
Pleurocapsa_sp._PCC_7327	118163	S	72	11	83	0.00001
Stanieria_cyanosphaera	102116	S	27	9	36	0.00000
Stanieria_sp._NIES-3757	1807358	S	12	11	23	0.00000
Gloeomargarita_lithophora	1188228	S	68	3	71	0.00001
Thermostichus_lividus	33070	S	44	8	52	0.00000
Sphaerobacter_thermophilus	2057	S	6354	411	6765	0.00058
Thermomicrobium_roseum	500	S	1292	29	1321	0.00011
Roseiflexus_sp._RS-1	357808	S	1450	284	1734	0.00015
Roseiflexus_castenholzii	120962	S	1344	268	1612	0.00014
Chloroflexus_aurantiacus	1108	S	587	102	689	0.00006
Chloroflexus_aggregans	152260	S	489	117	606	0.00005
Tepidiforma_bonchosmolovskayae	2601677	S	3322	132	3454	0.00029
Candidatus_Promineofilum_breve	1806508	S	2650	49	2699	0.00023
Caldilinea_aerophila	133453	S	1435	104	1539	0.00013
Anaerolinea_thermophila	167964	S	572	60	632	0.00005
Pelolinea_submarina	913107	S	417	20	437	0.00004
Brevefilum_fermentans	1986204	S	229	8	237	0.00002
Dehalogenimonas_formicexedens	1839801	S	254	77	331	0.00003
Dehalogenimonas_sp._GP	1536648	S	191	57	248	0.00002
Dehalococcoides_mccartyi	61435	S	89	206	295	0.00003
Thermobaculum_terrenum	166501	S	589	82	671	0.00006
Ktedonosporobacter_rubrisoli	2509675	S	582	19	601	0.00005
Phototrophicus_methaneseepsis	2710758	S	478	5	483	0.00004
Fimbriimonas_ginsengisoli	1005039	S	1283	6	1289	0.00011
Chthonomonas_calidirosea	454171	S	307	2	309	0.00003
Mycoplasma_mycoides	2102	S	34	116	150	0.00001
Mycoplasma_genitalium	2097	S	17	0	17	0.00000
Acholeplasma_laidlawii	2148	S	12	12	24	0.00000
Paracholeplasma_brassicae	61635	S	11	6	17	0.00000
Gemmata_obscuriglobus	114	S	15514	2869	18383	0.00156
Gemmata_massiliana	1210884	S	5991	2520	8511	0.00072
Gemmata_sp._SH-PL17	1630693	S	5444	2581	8025	0.00068
Urbifossiella_limnaea	2528023	S	29070	2541	31611	0.00269
Frigoriglobus_tundricola	2774151	S	17518	2758	20276	0.00172
Limnoglobus_roseus	2598579	S	12858	609	13467	0.00115
Tuwongella_immobilis	692036	S	1174	52	1226	0.00010
Telmatocola_sphagniphila	1123043	S	952	9	961	0.00008
Tautonia_plasticadhaerens	2527974	S	25767	2289	28056	0.00239
Aquisphaera_giovannonii	406548	S	12270	2176	14446	0.00123
Paludisphaera_borealis	1387353	S	7781	1822	9603	0.00082
Singulisphaera_acidiphila	466153	S	5542	870	6412	0.00055
Isosphaera_pallida	128	S	1457	111	1568	0.00013
Lacipirellula_parvula	2650471	S	6932	906	7838	0.00067
Lacipirellula_limnantheis	2528024	S	6216	945	7161	0.00061
Pirellulimonas_nuda	2528009	S	5390	666	6056	0.00051
Botrimarina_mediterranea	2528022	S	4336	460	4796	0.00041
Aeoliella_mucimassa	2527972	S	1613	154	1767	0.00015
Adhaeretor_mobilis	1930276	S	959	110	1069	0.00009
Bythopirellula_goksoeyrii	1400387	S	798	67	865	0.00007
Anatilimnocola_aggregata	2528021	S	3499	451	3950	0.00034
Lignipirellula_cremea	2528010	S	3351	454	3805	0.00032
Stieleria_maiorica	2795974	S	1531	358	1889	0.00016
Stieleria_neptunia	2527979	S	1419	188	1607	0.00014
Rosistilla_oblonga	2527990	S	855	462	1317	0.00011
Rosistilla_carotiformis	2528017	S	628	304	932	0.00008
Rosistilla_ulvae	1930277	S	565	376	941	0.00008
Pirellula_staleyi	125	S	1876	83	1959	0.00017
Pirellula_sp._SH-Sr6A	1632865	S	445	14	459	0.00004
Bremerella_volcania	2527984	S	2321	199	2520	0.00021
Roseimaritima_ulvae	980254	S	1361	108	1469	0.00012
Roseimaritima_multifibrata	1930274	S	393	54	447	0.00004
Rubripirellula_lacrimiformis	1930273	S	757	169	926	0.00008
Mariniblastus_fucicola	980251	S	526	11	537	0.00005
Aureliella_helgolandensis	2527968	S	512	48	560	0.00005
Rhodopirellula_baltica	265606	S	510	40	550	0.00005
Thermogutta_terrifontis	1331910	S	541	19	560	0.00005
Planctomyces_sp._SH-PL62	1636152	S	8269	3241	11510	0.00098
Planctomyces_sp._SH-PL14	1632864	S	5893	414	6307	0.00054
Caulifigura_coniformis	2527983	S	5011	372	5383	0.00046
Gimesia_panareensis	2527978	S	1343	176	1519	0.00013
Gimesia_chilikensis	2605989	S	718	454	1172	0.00010
Gimesia_maris	122	S	502	84	586	0.00005
Gimesia_fumaroli	2527976	S	304	66	370	0.00003
Gimesia_alba	2527973	S	284	54	338	0.00003
Gimesia_algae	2527971	S	275	74	349	0.00003
Gimesia_aquarii	2527964	S	198	15	213	0.00002
Gimesia_benthica	2608982	S	191	279	470	0.00004
Maioricimonas_rarisocia	2528026	S	4210	619	4829	0.00041
Alienimonas_californiensis	2527989	S	3886	320	4206	0.00036
Symmachiella_dynata	2527995	S	1530	106	1636	0.00014
Rubinisphaera_brasiliensis	119	S	933	107	1040	0.00009
Calycomorphotria_hydatis	2528027	S	915	39	954	0.00008
Planctopirus_ephydatiae	2528019	S	323	144	467	0.00004
Planctopirus_limnophila	120	S	296	123	419	0.00004
Fuerstiella_marisgermanici	1891926	S	788	16	804	0.00007
Crateriforma_conspicua	2527996	S	702	161	863	0.00007
Polystyrenella_longa	2528007	S	336	34	370	0.00003
Thalassoglobus_polymorphus	2527994	S	312	19	331	0.00003
Humisphaera_borealis	2807512	S	8766	225	8991	0.00076
Phycisphaera_mikurensis	547188	S	2955	253	3208	0.00027
Mucisphaera_calidilacus	2527982	S	1624	106	1730	0.00015
Poriferisphaera_corsica	2528020	S	169	1	170	0.00001
Anaerohalosphaera_lusitana	1936003	S	277	13	290	0.00002
Limihaloglobus_sulfuriphilus	1851148	S	103	9	112	0.00001
Sedimentisphaera_salicampi	1941349	S	40	9	49	0.00000
Sedimentisphaera_cyanobacteriorum	1940790	S	35	43	78	0.00001
Candidatus_Kuenenia_stuttgartiensis	174633	S	107	0	107	0.00001
Candidatus_Uabimicrobium_amorphum	2596890	S	69	1	70	0.00001
Opitutus_terrae	107709	S	10924	573	11497	0.00098
Opitutus_sp._GAS368	1882749	S	7774	1344	9118	0.00078
Nibricoccus_aquaticus	2576891	S	6332	323	6655	0.00057
Lacunisphaera_limnophila	1838286	S	6084	1019	7103	0.00060
Oleiharenicola_sp._KSB-15	2862869	S	4420	271	4691	0.00040
Ereboglobus_luteus	1796921	S	2792	149	2941	0.00025
Ruficoccus_sp._ZRK36	2866311	S	722	92	814	0.00007
Coraliomargarita_akajimensis	395922	S	208	5	213	0.00002
Roseimicrobium_sp._ORNL1	2711231	S	7794	215	8009	0.00068
Verrucomicrobium_spinosum	2736	S	2015	96	2111	0.00018
Verrucomicrobium_sp._GAS474	1882831	S	1898	209	2107	0.00018
Luteolibacter_luteus	2728835	S	1689	72	1761	0.00015
Luteolibacter_ambystomatis	2824561	S	1533	96	1629	0.00014
Sulfuriroseicoccus_oceanibius	2707525	S	440	36	476	0.00004
Akkermansia_muciniphila	239935	S	722	84	806	0.00007
Akkermansia_glycaniphila	1679444	S	299	24	323	0.00003
Methylacidimicrobium_sp._AP8	2730359	S	440	62	502	0.00004
Methylacidimicrobium_sp._B4	2796139	S	371	72	443	0.00004
Candidatus_Xiphinematobacter_sp._Idaho_Grape	1704307	S	133	9	142	0.00001
Methylacidiphilum_sp._IT6	2795386	S	16	25	41	0.00000
Methylacidiphilum_kamchatkense	431057	S	15	17	32	0.00000
Kiritimatiella_glycovorans	1307763	S	641	765	1406	0.00012
Tichowtungia_aerotolerans	2697043	S	223	9	232	0.00002
Candidatus_Protochlamydia_naegleriophila	389348	S	37	25	62	0.00001
Candidatus_Protochlamydia_amoebophila	362787	S	22	14	36	0.00000
Parachlamydia_acanthamoebae	83552	S	62	12	74	0.00001
Neochlamydia_sp._S13	1353976	S	28	3	31	0.00000
Waddlia_chondrophila	71667	S	36	5	41	0.00000
Simkania_negevensis	83561	S	32	2	34	0.00000
Candidatus_Velamenicoccus_archaeovorus	1930593	S	196	0	196	0.00002
Hymenobacter_sp._5317J-9	2932250	S	657	149	806	0.00007
Hymenobacter_sp._PAMC_26628	1484118	S	640	151	791	0.00007
Hymenobacter_sp._PAMC_26554	1484116	S	578	56	634	0.00005
Hymenobacter_sp._APR13	1356852	S	572	228	800	0.00007
Hymenobacter_sp._BRD128	2675878	S	514	67	581	0.00005
Hymenobacter_sp._5116S-3	2932248	S	435	66	501	0.00004
Hymenobacter_sp._5116S-27	2932249	S	423	65	488	0.00004
Hymenobacter_sp._BT18	2835648	S	391	50	441	0.00004
Hymenobacter_sp._NBH84	2596915	S	352	52	404	0.00003
Hymenobacter_sp._DG01	2584940	S	333	89	422	0.00004
Hymenobacter_sp._5413J-13	2932251	S	327	47	374	0.00003
Hymenobacter_sp._5420S-77	2932254	S	322	43	365	0.00003
Hymenobacter_sp._S2-20-2	2761579	S	284	43	327	0.00003
Hymenobacter_sp._DG25B	1385664	S	276	100	376	0.00003
Hymenobacter_sp._BRD67	2675877	S	240	223	463	0.00004
Hymenobacter_sp._DG25A	1385663	S	226	84	310	0.00003
Hymenobacter_sp._HDW8	2714932	S	161	501	662	0.00006
Hymenobacter_sp._5516S-25	2933777	S	105	425	530	0.00005
Hymenobacter_sp._5516J-16	2932253	S	100	430	530	0.00005
Hymenobacter_monticola	1705399	S	693	123	816	0.00007
Hymenobacter_sedentarius	1411621	S	662	96	758	0.00006
Hymenobacter_busanensis	2607656	S	651	69	720	0.00006
Hymenobacter_jejuensis	2502781	S	469	35	504	0.00004
Hymenobacter_nivis	1850093	S	455	112	567	0.00005
Hymenobacter_oligotrophus	2319843	S	439	46	485	0.00004
Hymenobacter_swuensis	1446467	S	351	75	426	0.00004
Hymenobacter_tibetensis	497967	S	335	51	386	0.00003
Hymenobacter_qilianensis	1385715	S	297	51	348	0.00003
Hymenobacter_baengnokdamensis	2615203	S	241	250	491	0.00004
Hymenobacter_radiodurans	2496028	S	142	462	604	0.00005
Pontibacter_russatus	2694929	S	2413	255	2668	0.00023
Pontibacter_pudoricolor	2694930	S	1419	171	1590	0.00014
Pontibacter_actiniarum	323450	S	1204	302	1506	0.00013
Pontibacter_akesuensis	388950	S	879	135	1014	0.00009
Pontibacter_korlensis	400092	S	860	129	989	0.00008
Pontibacter_sp._SGAir0037	2571030	S	563	101	664	0.00006
Rufibacter_radiotolerans	1379910	S	333	42	375	0.00003
Rufibacter_tibetensis	512763	S	272	48	320	0.00003
Rufibacter_sp._DG15C	1379909	S	211	115	326	0.00003
Adhaeribacter_swui	2086471	S	260	32	292	0.00002
Adhaeribacter_radiodurans	2745197	S	193	21	214	0.00002
Nibribacter_ruber	2698458	S	215	114	329	0.00003
Dyadobacter_fermentans	94254	S	2165	166	2331	0.00020
Dyadobacter_sp._LJ419	2906456	S	244	16	260	0.00002
Dyadobacter_sp._NIV53	2861765	S	132	7	139	0.00001
Dyadobacter_sandarakinus	2747268	S	259	20	279	0.00002
Fibrella_aestuarina	651143	S	538	40	578	0.00005
Fibrella_sp._ES10-3-2-2	1834519	S	312	20	332	0.00003
Runella_sp._SP2	2268026	S	233	13	246	0.00002
Runella_slithyformis	106	S	220	24	244	0.00002
Runella_rosea	2259595	S	143	18	161	0.00001
Larkinella_sp._IE-0392	2907205	S	223	14	237	0.00002
Leadbetterella_byssophila	316068	S	95	55	150	0.00001
Arcticibacterium_luteifluviistationis	1784714	S	52	3	55	0.00000
Spirosoma_sp._CJU-R4	2728024	S	412	31	443	0.00004
Spirosoma_sp._KUDC1026	2745947	S	276	24	300	0.00003
Spirosoma_sp._RHs26	2898794	S	192	14	206	0.00002
Spirosoma_sp._KCTC_42546	2520506	S	191	22	213	0.00002
Spirosoma_sp._KCTC_72228	2710596	S	160	18	178	0.00002
Spirosoma_taeanense	2735870	S	331	31	362	0.00003
Spirosoma_rigui	564064	S	294	22	316	0.00003
Spirosoma_montaniterrae	1178516	S	277	17	294	0.00003
Spirosoma_radiotolerans	1379870	S	193	15	208	0.00002
Spirosoma_pollinicola	2057025	S	189	20	209	0.00002
Spirosoma_aerolatum	1211326	S	187	9	196	0.00002
Spirosoma_endbachense	2666025	S	173	108	281	0.00002
Spirosoma_aureum	2692134	S	130	98	228	0.00002
Cytophaga_hutchinsonii	985	S	670	56	726	0.00006
Rhodocytophaga_rosea	2704465	S	316	11	327	0.00003
Aquirufa_nivalisilvae	2516557	S	64	13	77	0.00001
Aquirufa_sp._9H-EGSE	2696560	S	38	9	47	0.00000
Chryseolinea_soli	2321403	S	1767	54	1821	0.00015
Fulvivirga_sp._SS9-22	2904245	S	162	11	173	0.00001
Fulvivirga_sp._W9P-11	2904246	S	96	18	114	0.00001
Fulvivirga_sp._SW1-E11	2904247	S	80	21	101	0.00001
Fulvivirga_lutea	2810512	S	112	11	123	0.00001
Echinicola_sp._20G	2781961	S	83	9	92	0.00001
Echinicola_sp._SCS_3-6	2859768	S	76	29	105	0.00001
Echinicola_soli	2591634	S	107	9	116	0.00001
Echinicola_vietnamensis	390884	S	105	53	158	0.00001
Echinicola_strongylocentroti	1795355	S	93	15	108	0.00001
Echinicola_rosea	1807691	S	72	31	103	0.00001
Algoriphagus_sp._Y33	2772483	S	85	7	92	0.00001
Algoriphagus_sp._NBT04N3	2705473	S	73	25	98	0.00001
Algoriphagus_machipongonensis	388413	S	66	5	71	0.00001
Algoriphagus_sanaruensis	1727163	S	63	7	70	0.00001
Cyclobacterium_marinum	104	S	47	14	61	0.00001
Cyclobacterium_amurskyense	320787	S	45	6	51	0.00000
Aquiflexum_balticum	280473	S	91	15	106	0.00001
Mongoliitalea_daihaiensis	2782006	S	73	8	81	0.00001
Belliella_baltica	232259	S	71	37	108	0.00001
Flammeovirga_pectinis	2494373	S	32	6	38	0.00000
Flammeovirga_kamogawensis	373891	S	24	4	28	0.00000
Flammeovirga_sp._MY04	1191459	S	17	18	35	0.00000
Flammeovirga_yaeyamensis	367791	S	16	16	32	0.00000
Mangrovivirga_cuniculi	2715131	S	90	6	96	0.00001
Candidatus_Cardinium_hertigii	247481	S	12	4	16	0.00000
Candidatus_Amoebophilus_asiaticus	281120	S	39	1	40	0.00000
Marivirga_tractuosa	1006	S	69	23	92	0.00001
Bernardetia_litoralis	999	S	37	3	40	0.00000
Flavobacterium_sp._MDT1-60	1979344	S	224	41	265	0.00002
Flavobacterium_sp._KSM-R2A25	2895947	S	207	51	258	0.00002
Flavobacterium_sp._CLA17	2724135	S	205	34	239	0.00002
Flavobacterium_sp._KSM-R2A30	2897181	S	183	57	240	0.00002
Flavobacterium_sp._HJ-32-4	1160795	S	182	12	194	0.00002
Flavobacterium_sp._KBS0721	1179672	S	160	45	205	0.00002
Flavobacterium_sp._F-323	2893885	S	154	32	186	0.00002
Flavobacterium_sp._MMS21-Er5	2937442	S	151	56	207	0.00002
Flavobacterium_sp._F-70	2893884	S	149	29	178	0.00002
Flavobacterium_sp._B183	907046	S	145	30	175	0.00001
Flavobacterium_sp._SLB02	2665645	S	145	26	171	0.00001
Flavobacterium_sp._CJ74	2294119	S	134	10	144	0.00001
Flavobacterium_sp._140616W15	2478552	S	110	23	133	0.00001
Flavobacterium_sp._F-29	2893883	S	110	23	133	0.00001
Flavobacterium_sp._M31R6	2739062	S	109	16	125	0.00001
Flavobacterium_sp._IGB_4-14	1871076	S	108	9	117	0.00001
Flavobacterium_sp._LPB0248	2614441	S	99	45	144	0.00001
Flavobacterium_sp._Sr18	935222	S	90	15	105	0.00001
Flavobacterium_sp._KK2020170	2830782	S	89	25	114	0.00001
Flavobacterium_sp._K5-23	2746225	S	82	19	101	0.00001
Flavobacterium_sp._F-340	2893886	S	75	23	98	0.00001
Flavobacterium_sp._I3-2	2748319	S	62	85	147	0.00001
Flavobacterium_sp._GENT5	1751095	S	61	13	74	0.00001
Flavobacterium_sp._WSW3-B6	2856519	S	58	6	64	0.00001
Flavobacterium_sp._xlx-214	2654325	S	54	11	65	0.00001
Flavobacterium_sp._CHNK8	2871165	S	49	46	95	0.00001
Flavobacterium_sp._CECT_9288	2845819	S	40	39	79	0.00001
Flavobacterium_sp._SHINM13	1751056	S	31	66	97	0.00001
Flavobacterium_sp._GENT11	1751100	S	28	64	92	0.00001
Flavobacterium_sp._CS20	2775246	S	26	11	37	0.00000
Flavobacterium_commune	1306519	S	2959	454	3413	0.00029
Flavobacterium_anhuiense	459526	S	368	122	490	0.00004
Flavobacterium_johnsoniae	986	S	213	83	296	0.00003
Flavobacterium_album	2175091	S	165	11	176	0.00002
Flavobacterium_enshiense	1341165	S	161	18	179	0.00002
Flavobacterium_endoglycinae	2816357	S	157	30	187	0.00002
Flavobacterium_crocinum	2183896	S	147	38	185	0.00002
Flavobacterium_alkalisoli	2602769	S	147	12	159	0.00001
Flavobacterium_magnum	2162713	S	136	14	150	0.00001
Flavobacterium_fluviale	2249356	S	117	38	155	0.00001
Flavobacterium_oreochromis	2906078	S	111	41	152	0.00001
Flavobacterium_psychrophilum	96345	S	109	21	130	0.00001
Flavobacterium_sangjuense	2518177	S	101	10	111	0.00001
Flavobacterium_inviolabile	2748320	S	101	15	116	0.00001
Flavobacterium_gilvum	1492737	S	98	14	112	0.00001
Flavobacterium_pallidum	2172098	S	97	9	106	0.00001
Flavobacterium_nackdongense	2547394	S	97	8	105	0.00001
Flavobacterium_indicum	312277	S	97	15	112	0.00001
Flavobacterium_covae	2906076	S	94	103	197	0.00002
Flavobacterium_davisii	2906077	S	93	35	128	0.00001
Flavobacterium_kingsejongi	1678728	S	90	13	103	0.00001
Flavobacterium_nitrogenifigens	1617283	S	89	38	127	0.00001
Flavobacterium_sediminilitoris	2024526	S	84	11	95	0.00001
Flavobacterium_columnare	996	S	77	123	200	0.00002
Flavobacterium_sediminis	2201181	S	73	61	134	0.00001
Flavobacterium_haoranii	683124	S	65	24	89	0.00001
Flavobacterium_faecale	1355330	S	61	7	68	0.00001
Flavobacterium_jumunjinense	998845	S	60	9	69	0.00001
Flavobacterium_arcticum	1784713	S	57	6	63	0.00001
Flavobacterium_branchiophilum	55197	S	53	5	58	0.00000
Flavobacterium_crassostreae	1763534	S	44	11	55	0.00000
Capnocytophaga_sp._oral_taxon_902	2748316	S	18	55	73	0.00001
Capnocytophaga_sp._oral_taxon_878	1316596	S	17	7	24	0.00000
Capnocytophaga_sp._FDAARGOS_737	2545799	S	10	7	17	0.00000
Capnocytophaga_haemolytica	45243	S	59	5	64	0.00001
Capnocytophaga_gingivalis	1017	S	56	8	64	0.00001
Capnocytophaga_sputigena	1019	S	45	19	64	0.00001
Capnocytophaga_canimorsus	28188	S	36	13	49	0.00000
Capnocytophaga_endodontalis	2708117	S	24	14	38	0.00000
Capnocytophaga_stomatis	1848904	S	17	5	22	0.00000
Capnocytophaga_leadbetteri	327575	S	15	11	26	0.00000
Capnocytophaga_cynodegmi	28189	S	14	4	18	0.00000
Polaribacter_sp._SM13	2818493	S	30	9	39	0.00000
Polaribacter_sp._ALD11	2058137	S	30	12	42	0.00000
Polaribacter_sp._Hel1_33_78	1336804	S	22	5	27	0.00000
Polaribacter_sp._MED152	313598	S	20	3	23	0.00000
Polaribacter_sp._L3A8	2686361	S	20	15	35	0.00000
Polaribacter_sp._Q13	2806551	S	19	14	33	0.00000
Polaribacter_sp._G4M1	2808900	S	18	4	22	0.00000
Polaribacter_sp._SA4-10	754397	S	16	4	20	0.00000
Polaribacter_sp._L12M9	2738844	S	15	14	29	0.00000
Polaribacter_sp._SA4-12	1312072	S	14	5	19	0.00000
Polaribacter_sp._NJDZ03	2855841	S	14	22	36	0.00000
Polaribacter_sp._KT25b	1855336	S	13	5	18	0.00000
Polaribacter_vadi	1774273	S	23	4	27	0.00000
Polaribacter_reichenbachii	996801	S	19	3	22	0.00000
Polaribacter_litorisediminis	1908341	S	15	2	17	0.00000
Polaribacter_haliotis	1888915	S	12	11	23	0.00000
Gramella_sp._GC03-9	2920386	S	49	16	65	0.00001
Gramella_sp._MT6	2705471	S	43	7	50	0.00000
Gramella_sp._MAR_2010_147	1250205	S	33	5	38	0.00000
Gramella_fulva	2126553	S	76	8	84	0.00001
Gramella_flava	1486245	S	66	25	91	0.00001
Gramella_salexigens	1913577	S	49	6	55	0.00000
Gramella_forsetii	411153	S	37	10	47	0.00000
Gramella_echinicola	279359	S	26	4	30	0.00000
Muricauda_sp._SCSIO_65647	2908843	S	59	2	61	0.00001
Muricauda_sp._SCSIO_64092	2908842	S	43	1	44	0.00000
Muricauda_lutaonensis	516051	S	68	17	85	0.00001
Muricauda_aquimarina	254955	S	63	34	97	0.00001
Muricauda_ruestringensis	111501	S	62	5	67	0.00001
Muricauda_oceani	2698672	S	52	29	81	0.00001
Muricauda_aurantiaca	1383885	S	26	2	28	0.00000
Nonlabens_sp._Hel1_33_55	1336802	S	31	2	33	0.00000
Nonlabens_sp._Ci31	2608253	S	22	3	25	0.00000
Nonlabens_sp._MB-3u-79	2058134	S	19	3	22	0.00000
Nonlabens_sp._MIC269	1476901	S	12	41	53	0.00000
Nonlabens_ponticola	2496866	S	43	3	46	0.00000
Nonlabens_dokdonensis	328515	S	37	5	42	0.00000
Nonlabens_spongiae	331648	S	31	12	43	0.00000
Nonlabens_marinus	930802	S	23	4	27	0.00000
Winogradskyella_sp._HaHa_3_26	2749995	S	37	20	57	0.00000
Winogradskyella_sp._MH6	2929510	S	30	7	37	0.00000
Winogradskyella_sp._PC-19	754417	S	23	7	30	0.00000
Winogradskyella_sp._PG-2	754409	S	19	2	21	0.00000
Winogradskyella_sp._J14-2	1936080	S	16	3	19	0.00000
Winogradskyella_forsetii	2686077	S	33	12	45	0.00000
Winogradskyella_sediminis	1382466	S	31	11	42	0.00000
Winogradskyella_schleiferi	2686078	S	27	16	43	0.00000
Winogradskyella_helgolandensis	2697010	S	24	7	31	0.00000
Robiginitalea_biformata	252307	S	218	12	230	0.00002
Maribacter_sp._MJ134	2496865	S	49	10	59	0.00001
Maribacter_sp._HTCC2170	313603	S	38	4	42	0.00000
Maribacter_cobaltidurans	1178778	S	46	46	92	0.00001
Maribacter_hydrothermalis	1836467	S	38	24	62	0.00001
Antarcticibacterium_sp._1MA-6-2	2908210	S	70	11	81	0.00001
Antarcticibacterium_flavum	2058175	S	68	17	85	0.00001
Antarcticibacterium_arcticum	2585771	S	64	10	74	0.00001
Tenacibaculum_jejuense	584609	S	35	3	38	0.00000
Tenacibaculum_sp._SZ-18	754423	S	22	14	36	0.00000
Tenacibaculum_maritimum	107401	S	22	5	27	0.00000
Tenacibaculum_mesophilum	104268	S	21	8	29	0.00000
Tenacibaculum_dicentrarchi	669041	S	18	8	26	0.00000
Tenacibaculum_singaporense	2358479	S	18	6	24	0.00000
Tenacibaculum_todarodis	1850252	S	16	6	22	0.00000
Formosa_sp._Hel1_33_131	1336794	S	31	3	34	0.00000
Formosa_sp._L2A11	2686363	S	30	12	42	0.00000
Formosa_sp._Hel1_31_208	1798225	S	27	3	30	0.00000
Formosa_sp._Hel3_A1_48	1336795	S	22	6	28	0.00000
Formosa_agariphila	320324	S	31	8	39	0.00000
Formosa_sediminum	2594004	S	20	5	25	0.00000
Myroides_odoratus	256	S	38	10	48	0.00000
Myroides_phaeus	702745	S	33	29	62	0.00001
Myroides_fluvii	2572594	S	24	8	32	0.00000
Myroides_profundi	480520	S	10	26	36	0.00000
Aequorivita_sublithincola	101385	S	56	44	100	0.00001
Aequorivita_sp._H23M31	2494375	S	43	15	58	0.00000
Salegentibacter_salegens	143223	S	50	9	59	0.00001
Salegentibacter_sp._T436	1729720	S	50	57	107	0.00001
Salegentibacter_mishustinae	270918	S	31	31	62	0.00001
Cellulophaga_sp._HaHaR_3_176	1942464	S	21	7	28	0.00000
Cellulophaga_sp._L1A9	2686362	S	19	21	40	0.00000
Cellulophaga_lytica	979	S	32	15	47	0.00000
Cellulophaga_algicola	59600	S	19	4	23	0.00000
Cellulophaga_baltica	76594	S	16	16	32	0.00000
Aquimarina_sp._AD10	1714849	S	36	2	38	0.00000
Aquimarina_sp._BL5	1714860	S	30	3	33	0.00000
Aquimarina_sp._TRL1	2736252	S	30	2	32	0.00000
Aquimarina_sp._AD1	1714848	S	26	3	29	0.00000
Kordia_antarctica	1218801	S	85	6	91	0.00001
Kordia_sp._SMS9	2282170	S	39	2	41	0.00000
Sinomicrobium_sp._HD2P242	2900738	S	121	4	125	0.00001
Zunongwangia_profunda	398743	S	54	48	102	0.00001
Zunongwangia_sp._SCSIO_43204	2779359	S	39	29	68	0.00001
Dokdonia_sp._4H-3-7-5	983548	S	17	6	23	0.00000
Dokdonia_sp._Dokd-P16	2173169	S	15	3	18	0.00000
Dokdonia_sp._PRO95	1239415	S	13	2	15	0.00000
Dokdonia_donghaensis	326320	S	17	20	37	0.00000
Algibacter_sp._L1A34	2686365	S	29	11	40	0.00000
Algibacter_sp._L3A6	2686366	S	28	11	39	0.00000
Algibacter_alginicilyticus	1736674	S	30	8	38	0.00000
Lutibacter_sp._A64	2918526	S	24	7	31	0.00000
Lutibacter_sp._A80	2918453	S	13	3	16	0.00000
Lutibacter_profundi	1622118	S	30	3	33	0.00000
Lacinutrix_sp._WUR7	2653681	S	26	6	32	0.00000
Lacinutrix_sp._Bg11-31	2057808	S	16	3	19	0.00000
Lacinutrix_sp._5H-3-7-4	983544	S	15	7	22	0.00000
Lacinutrix_venerupis	1486034	S	14	4	18	0.00000
Tamlana_sp._s12	1630406	S	32	15	47	0.00000
Tamlana_carrageenivorans	2069432	S	24	10	34	0.00000
Arenibacter_algicola	616991	S	67	23	90	0.00001
Seonamhaeicola_sp._S2-3	1936081	S	36	8	44	0.00000
Seonamhaeicola_sp._ML3	2937786	S	29	2	31	0.00000
Flagellimonas_sp._CMM7	2654676	S	38	2	40	0.00000
Flagellimonas_sp._HMM57	2905121	S	26	2	28	0.00000
Leeuwenhoekiella_palythoae	573501	S	20	23	43	0.00000
Leeuwenhoekiella_sp._ZYFB001	2719912	S	17	16	33	0.00000
Aggregatimonas_sangjinii	2583587	S	55	2	57	0.00000
Psychroflexus_sp._ALD_RP9	2777186	S	32	3	35	0.00000
Psychroflexus_torquis	57029	S	22	1	23	0.00000
Pukyongia_salina	2094025	S	54	3	57	0.00000
Euzebyella_marina	1761453	S	53	30	83	0.00001
Constantimarinum_furrinae	2562285	S	53	5	58	0.00000
Muriicola_soli	2507538	S	52	3	55	0.00000
Mariniflexile_sp._TRM1-10	2027857	S	51	5	56	0.00000
Zhouia_spongiae	2202721	S	48	12	60	0.00001
Zobellia_galactanivorans	63186	S	45	2	47	0.00000
Sediminicola_sp._YIK13	1453352	S	44	4	48	0.00000
Aegicerativicinus_sediminis	2893202	S	43	2	45	0.00000
Galbibacter_sp._BG1	1170699	S	43	4	47	0.00000
Olleya_aquimaris	639310	S	20	10	30	0.00000
Gilvibacter_sp._SZ-19	754429	S	39	5	44	0.00000
Amniculibacterium_sp._G2-70	2767188	S	37	38	75	0.00001
Sabulilitoribacter_sp._BrNp1-15	2916754	S	37	8	45	0.00000
Mesoflavibacter_sp._SCSIO_43206	2779362	S	10	24	34	0.00000
Changchengzhania_lutea	2049305	S	32	4	36	0.00000
Gillisia_sp._Hel1_33_143	1336796	S	31	11	42	0.00000
Flavobacteriaceae_bacterium_10Alg115	2584122	S	31	2	33	0.00000
Flavivirga_eckloniae	1803846	S	30	2	32	0.00000
Wenyingzhuangia_fucanilytica	1790137	S	30	5	35	0.00000
Siansivirga_zeaxanthinifaciens	762954	S	30	7	37	0.00000
Costertonia_aggregata	343403	S	26	6	32	0.00000
Croceibacter_atlanticus	313588	S	22	4	26	0.00000
Urechidicola_croceus	1850246	S	20	11	31	0.00000
Oceanihabitans_sp._IOP_32	2529032	S	19	8	27	0.00000
Bizionia_sp._M204	2675331	S	17	4	21	0.00000
Marixanthomonas_sp._SCSIO_43207	2779360	S	17	5	22	0.00000
Chryseobacterium_cucumeris	1813611	S	2152	343	2495	0.00021
Chryseobacterium_sp._PCH239	2825845	S	285	77	362	0.00003
Chryseobacterium_sp.	1871047	S	66	25	91	0.00001
Chryseobacterium_sp._cx-624	2758037	S	62	6	68	0.00001
Chryseobacterium_sp._SC2-2	2929800	S	61	37	98	0.00001
Chryseobacterium_sp._6424	2039166	S	61	14	75	0.00001
Chryseobacterium_sp._Y16C	2920939	S	50	31	81	0.00001
Chryseobacterium_sp._MEBOG06	2879938	S	48	7	55	0.00000
Chryseobacterium_sp._POL2	2713414	S	44	33	77	0.00001
Chryseobacterium_sp._F4	2852098	S	41	2	43	0.00000
Chryseobacterium_sp._T16E-39	2015076	S	40	3	43	0.00000
Chryseobacterium_sp._ZHDP1	2838877	S	38	36	74	0.00001
Chryseobacterium_sp._IHB_B_17019	1721091	S	36	4	40	0.00000
Chryseobacterium_sp._C-17	2898076	S	36	6	42	0.00000
Chryseobacterium_sp._MEBOG07	2879939	S	35	5	40	0.00000
Chryseobacterium_sp._StRB126	878220	S	32	5	37	0.00000
Chryseobacterium_sp._DH-B6	2759528	S	30	7	37	0.00000
Chryseobacterium_sp._3008163	2478663	S	29	5	34	0.00000
Chryseobacterium_sp._ADR-1	2929799	S	26	5	31	0.00000
Chryseobacterium_sp._G0201	2487065	S	25	3	28	0.00000
Chryseobacterium_sp._SNU_WT5	2594269	S	24	9	33	0.00000
Chryseobacterium_sp._G0186	2487064	S	23	11	34	0.00000
Chryseobacterium_sp._LJ668	2864040	S	23	2	25	0.00000
Chryseobacterium_sp._G0162	2487063	S	16	6	22	0.00000
Chryseobacterium_sp._JV274	1932669	S	10	55	65	0.00001
Chryseobacterium_indologenes	253	S	154	69	223	0.00002
Chryseobacterium_gleum	250	S	105	135	240	0.00002
Chryseobacterium_taklimakanense	536441	S	86	60	146	0.00001
Chryseobacterium_indoltheticum	254	S	82	11	93	0.00001
Chryseobacterium_daecheongense	192389	S	80	9	89	0.00001
Chryseobacterium_camelliae	1265445	S	79	63	142	0.00001
Chryseobacterium_arthrosphaerae	651561	S	70	38	108	0.00001
Chryseobacterium_shandongense	1493872	S	55	36	91	0.00001
Chryseobacterium_gallinarum	1324352	S	50	20	70	0.00001
Chryseobacterium_carnipullorum	1124835	S	43	14	57	0.00000
Chryseobacterium_lactis	1241981	S	42	59	101	0.00001
Chryseobacterium_aureum	2497456	S	41	5	46	0.00000
Chryseobacterium_nepalense	1854498	S	39	4	43	0.00000
Chryseobacterium_glaciei	1685010	S	38	4	42	0.00000
Chryseobacterium_joostei	112234	S	37	8	45	0.00000
Chryseobacterium_bernardetii	1241978	S	35	199	234	0.00002
Chryseobacterium_salivictor	2547600	S	28	3	31	0.00000
Chryseobacterium_nakagawai	1241982	S	21	27	48	0.00000
Chryseobacterium_balustinum	246	S	21	3	24	0.00000
Chryseobacterium_manosquense	2754694	S	19	18	37	0.00000
Chryseobacterium_piperi	558152	S	18	1	19	0.00000
Chryseobacterium_rhizoplanae	1609531	S	11	20	31	0.00000
Kaistella_sp._97-N-M2	2908645	S	44	6	50	0.00000
Kaistella_sp._GW4-15	2878534	S	37	4	41	0.00000
Kaistella_daneshvariae	2487074	S	52	5	57	0.00000
Kaistella_antarctica	266748	S	30	3	33	0.00000
Kaistella_carnis	1241979	S	28	10	38	0.00000
Kaistella_flava_(ex_Peng_et_al._2021)	2038776	S	27	4	31	0.00000
Candidatus_Kaistella_beijingensis	2820270	S	27	12	39	0.00000
Kaistella_jeonii	266749	S	24	1	25	0.00000
Epilithonimonas_vandammei	2487072	S	43	78	121	0.00001
Epilithonimonas_zeae	1416779	S	27	3	30	0.00000
Elizabethkingia_meningoseptica	238	S	45	4	49	0.00000
Elizabethkingia_sp._JS20170427COW	2583851	S	20	3	23	0.00000
Elizabethkingia_anophelis	1117645	S	32	71	103	0.00001
Elizabethkingia_miricola	172045	S	16	17	33	0.00000
Elizabethkingia_ursingii	1756150	S	16	5	21	0.00000
Empedobacter_brevis	247	S	43	18	61	0.00001
Empedobacter_falsenii	343874	S	25	19	44	0.00000
Empedobacter_stercoris	1628248	S	25	10	35	0.00000
Cloacibacterium_caeni	2004710	S	46	54	100	0.00001
Cloacibacterium_normanense	237258	S	13	11	24	0.00000
Cruoricaptor_ignavus	1118202	S	78	12	90	0.00001
Apibacter_raozihei	2500547	S	27	17	44	0.00000
Ornithobacterium_rhinotracheale	28251	S	63	64	127	0.00001
Riemerella_anatipestifer	34085	S	40	19	59	0.00001
Faecalibacter_bovis	2898187	S	33	5	38	0.00000
Weeksella_virosa	1014	S	29	17	46	0.00000
Bergeyella_cardium	1585976	S	26	5	31	0.00000
Fluviicola_taffensis	191579	S	724	44	768	0.00007
Crocinitomix_sp._GM2_3_6_6	2862509	S	67	2	69	0.00001
Blattabacterium_cuenoti	1653831	S	153	42	195	0.00002
Owenweeksia_hongkongensis	253245	S	76	6	82	0.00001
Croceimicrobium_hydrocarbonivorans	2761580	S	62	16	78	0.00001
Candidatus_Sulcia_muelleri	336810	S	25	6	31	0.00000
Candidatus_Walczuchella_monophlebidarum	1415657	S	10	2	12	0.00000
Ichthyobacterium_seriolicida	242600	S	10	0	10	0.00000
Chitinophaga_sp._XS-30	2604421	S	657	209	866	0.00007
Chitinophaga_sp._KRA15-503	2829818	S	403	197	600	0.00005
Chitinophaga_filiformis	104663	S	715	119	834	0.00007
Chitinophaga_oryzae	2725414	S	607	94	701	0.00006
Chitinophaga_alhagiae	2203219	S	390	8	398	0.00003
Chitinophaga_pinensis	79329	S	339	74	413	0.00004
Chitinophaga_agri	2703787	S	300	80	380	0.00003
Chitinophaga_caeni	2029983	S	241	45	286	0.00002
Flavisolibacter_tropicus	1492898	S	1724	292	2016	0.00017
Flavisolibacter_ginsenosidimutans	661481	S	1136	78	1214	0.00010
Niastella_koreensis	354356	S	2705	317	3022	0.00026
Pseudocnuella_soli	2502779	S	1801	242	2043	0.00017
Lacibacter_sp._S13-6-6	2760713	S	1440	73	1513	0.00013
Paraflavitalea_soli	2315862	S	1270	108	1378	0.00012
Flavihumibacter_sp._IMCC34838	2838156	S	688	76	764	0.00006
Flavihumibacter_sp._IMCC34837	2838157	S	414	36	450	0.00004
Pseudobacter_ginsenosidimutans	661488	S	1123	109	1232	0.00010
Niabella_ginsenosidivorans	1176587	S	387	49	436	0.00004
Niabella_soli	446683	S	386	60	446	0.00004
Arachidicoccus_sp._BS20	1850526	S	183	77	260	0.00002
Arachidicoccus_sp._5GH13-10	2875539	S	135	29	164	0.00001
Arachidicoccus_sp._B3-10	2545455	S	85	6	91	0.00001
Arachidicoccus_ginsenosidivorans	496057	S	110	24	134	0.00001
Arachidicoccus_soli	2341117	S	100	13	113	0.00001
Phnomibacter_ginsenosidimutans	2676868	S	564	75	639	0.00005
Ferruginibacter_sp._KIS38-8	2875540	S	286	24	310	0.00003
Ferruginibacter_lapsinanis	563172	S	203	16	219	0.00002
Filimonas_lacunae	477680	S	436	57	493	0.00004
Panacibacter_ginsenosidivorans	1813871	S	414	21	435	0.00004
Alistipes_communis	2585118	S	410	362	772	0.00007
Alistipes_dispar	2585119	S	368	48	416	0.00004
Alistipes_onderdonkii	328813	S	364	502	866	0.00007
Alistipes_senegalensis	1288121	S	332	75	407	0.00003
Alistipes_finegoldii	214856	S	329	329	658	0.00006
Alistipes_megaguti	2364787	S	296	35	331	0.00003
Alistipes_shahii	328814	S	284	178	462	0.00004
Alistipes_indistinctus	626932	S	255	62	317	0.00003
Alistipes_sp._dk3624	2662363	S	249	62	311	0.00003
Prevotella_sp._E13-17	2913616	S	68	27	95	0.00001
Prevotella_sp._Rep29	2691580	S	55	9	64	0.00001
Prevotella_sp._oral_taxon_475	712471	S	54	5	59	0.00001
Prevotella_sp._E15-22	2937774	S	47	38	85	0.00001
Prevotella_sp._E9-3	2913621	S	39	22	61	0.00001
Prevotella_sp._E2-28	2913620	S	18	11	29	0.00000
Prevotella_dentalis	52227	S	218	41	259	0.00002
Prevotella_denticola	28129	S	76	24	100	0.00001
Prevotella_melaninogenica	28132	S	76	27	103	0.00001
Prevotella_multiformis	282402	S	74	30	104	0.00001
Prevotella_ruminicola	839	S	60	2	62	0.00001
Prevotella_copri	165179	S	58	32	90	0.00001
Prevotella_intermedia	28131	S	50	24	74	0.00001
Prevotella_buccalis	28127	S	41	52	93	0.00001
Prevotella_enoeca	76123	S	40	7	47	0.00000
Prevotella_oris	28135	S	34	4	38	0.00000
Prevotella_bryantii	77095	S	27	2	29	0.00000
Prevotella_fusca	589436	S	25	5	30	0.00000
Prevotella_nigrescens	28133	S	21	10	31	0.00000
Prevotella_herbatica	2801997	S	15	0	15	0.00000
Prevotella_histicola	470565	S	12	2	14	0.00000
Prevotella_jejuni	1177574	S	12	4	16	0.00000
Prevotella_veroralis	28137	S	11	2	13	0.00000
Prevotella_scopos	589437	S	11	5	16	0.00000
Paraprevotella_xylaniphila	454155	S	60	62	122	0.00001
Pseudoprevotella_muciniphila	2133944	S	50	7	57	0.00000
Bacteroides_fragilis	817	S	91	168	259	0.00002
Bacteroides_thetaiotaomicron	818	S	82	56	138	0.00001
Bacteroides_sp._CBA7301	2715212	S	43	12	55	0.00000
Bacteroides_sp._M10	2763022	S	11	23	34	0.00000
Bacteroides_cellulosilyticus	246787	S	78	30	108	0.00001
Bacteroides_zoogleoformans	28119	S	57	13	70	0.00001
Bacteroides_eggerthii	28111	S	52	64	116	0.00001
Bacteroides_salyersiae	291644	S	52	58	110	0.00001
Bacteroides_nordii	291645	S	51	44	95	0.00001
Bacteroides_heparinolyticus	28113	S	46	10	56	0.00000
Bacteroides_stercoris	46506	S	42	48	90	0.00001
Bacteroides_helcogenes	290053	S	40	1	41	0.00000
Bacteroides_caccae	47678	S	36	12	48	0.00000
Bacteroides_uniformis	820	S	35	133	168	0.00001
Bacteroides_ovatus	28116	S	31	59	90	0.00001
Bacteroides_faecis	674529	S	29	25	54	0.00000
Bacteroides_zhangwenhongii	2650157	S	27	18	45	0.00000
Bacteroides_caecimuris	1796613	S	26	38	64	0.00001
Bacteroides_intestinalis	329854	S	23	3	26	0.00000
Bacteroides_xylanisolvens	371601	S	23	69	92	0.00001
Bacteroides_coprosuis	151276	S	20	1	21	0.00000
Bacteroides_luhongzhouii	2650158	S	16	6	22	0.00000
Phocaeicola_salanitronis	376805	S	68	34	102	0.00001
Phocaeicola_coprophilus	387090	S	46	27	73	0.00001
Phocaeicola_vulgatus	821	S	29	39	68	0.00001
Phocaeicola_dorei	357276	S	26	51	77	0.00001
Tannerella_serpentiformis	712710	S	304	16	320	0.00003
Tannerella_forsythia	28112	S	109	8	117	0.00001
Parabacteroides_goldsteinii	328812	S	85	24	109	0.00001
Parabacteroides_merdae	46503	S	78	99	177	0.00002
Parabacteroides_johnsonii	387661	S	65	60	125	0.00001
Parabacteroides_distasonis	823	S	46	143	189	0.00002
Sodaliphilus_pleomorphus	2606626	S	185	108	293	0.00002
Duncaniella_dubosii	2518971	S	58	10	68	0.00001
Muribaculum_gordoncarteri	2530390	S	68	7	75	0.00001
Muribaculum_intestinale	1796646	S	64	5	69	0.00001
Porphyromonas_sp._oral_taxon_275	712435	S	238	25	263	0.00002
Porphyromonas_gingivalis	837	S	82	13	95	0.00001
Porphyromonas_asaccharolytica	28123	S	60	4	64	0.00001
Porphyromonas_cangingivalis	36874	S	40	5	45	0.00000
Porphyromonas_somerae	322095	S	27	7	34	0.00000
Porphyromonas_endodontalis	28124	S	13	1	14	0.00000
Proteiniphilum_saccharofermentans	1642647	S	82	7	89	0.00001
Proteiniphilum_sp._JNU-WLY501	2829812	S	28	1	29	0.00000
Petrimonas_mucosa	1642646	S	102	7	109	0.00001
Dysgonomonas_sp._HDW5A	2714926	S	10	18	28	0.00000
Barnesiella_viscericola	397865	S	125	191	316	0.00003
Coprobacter_secundus	1501392	S	28	29	57	0.00000
Butyricimonas_virosa	544645	S	38	8	46	0.00000
Butyricimonas_faecalis	2093856	S	28	31	59	0.00001
Odoribacter_splanchnicus	28118	S	42	38	80	0.00001
Paludibacter_propionicigenes	185300	S	54	1	55	0.00000
Tenuifilum_thalassicum	2590900	S	40	0	40	0.00000
Salinivirga_cyanobacteriivorans	1307839	S	39	0	39	0.00000
Draconibacterium_orientale	1168034	S	84	12	96	0.00001
Draconibacterium_halophilum	2706887	S	53	5	58	0.00001
Maribellus_comscasis	2681766	S	74	7	81	0.00001
Alkalitalea_saponilacus	889453	S	57	5	62	0.00001
Labilibaculum_antarcticum	1717717	S	53	4	57	0.00000
Mucilaginibacter_sp._SMC90	2929803	S	196	16	212	0.00002
Mucilaginibacter_sp._14171R-50	2703789	S	154	15	169	0.00001
Mucilaginibacter_sp._F39-2	2728022	S	149	12	161	0.00001
Mucilaginibacter_sp._21P	2778902	S	130	13	143	0.00001
Mucilaginibacter_mali	2740462	S	288	14	302	0.00003
Mucilaginibacter_ginsenosidivorans	398053	S	249	11	260	0.00002
Mucilaginibacter_daejeonensis	398049	S	236	17	253	0.00002
Mucilaginibacter_paludis	423351	S	235	15	250	0.00002
Mucilaginibacter_celer	2305508	S	235	12	247	0.00002
Mucilaginibacter_gotjawali	1550579	S	206	8	214	0.00002
Mucilaginibacter_ginsenosidivorax	862126	S	190	10	200	0.00002
Mucilaginibacter_mallensis	652787	S	183	8	191	0.00002
Mucilaginibacter_ginkgonis	2682091	S	160	9	169	0.00001
Mucilaginibacter_xinganensis	1234841	S	149	9	158	0.00001
Mucilaginibacter_rubeus	2027860	S	143	523	666	0.00006
Mucilaginibacter_gossypii	551996	S	87	98	185	0.00002
Sphingobacterium_sp._CZ-2	2557994	S	433	149	582	0.00005
Sphingobacterium_sp._DR205	2713573	S	311	44	355	0.00003
Sphingobacterium_sp._dk4302	2662364	S	60	9	69	0.00001
Sphingobacterium_sp._UDSM-2020	2795738	S	60	27	87	0.00001
Sphingobacterium_sp._SRCM116780	2907623	S	47	10	57	0.00000
Sphingobacterium_sp._PCS056	2931400	S	47	13	60	0.00001
Sphingobacterium_sp._ML3W	1538644	S	46	21	67	0.00001
Sphingobacterium_spiritivorum	258	S	183	166	349	0.00003
Sphingobacterium_lactis	797291	S	95	107	202	0.00002
Sphingobacterium_thalpophilum	259	S	94	136	230	0.00002
Sphingobacterium_hotanense	649196	S	83	33	116	0.00001
Sphingobacterium_multivorum	28454	S	71	204	275	0.00002
Sphingobacterium_psychroaquaticum	561061	S	63	15	78	0.00001
Sphingobacterium_mizutaii	1010	S	56	10	66	0.00001
Sphingobacterium_daejeonense	371142	S	56	20	76	0.00001
Sphingobacterium_paramultivorum	2886510	S	23	31	54	0.00000
Sphingobacterium_siyangense	459529	S	11	66	77	0.00001
Pedobacter_sp._PACM_27299	1727164	S	128	27	155	0.00001
Pedobacter_sp._HDW13	2714940	S	113	21	134	0.00001
Pedobacter_sp._G11	2482728	S	97	19	116	0.00001
Pedobacter_sp._SW-16	2766984	S	91	25	116	0.00001
Pedobacter_sp._KBS0701	2578106	S	82	40	122	0.00001
Pedobacter_sp._Q8-18	2895286	S	80	9	89	0.00001
Pedobacter_sp._D749	2856523	S	79	38	117	0.00001
Pedobacter_heparinus	984	S	171	21	192	0.00002
Pedobacter_schmidteae	2201271	S	149	19	168	0.00001
Pedobacter_aquae	2605747	S	125	16	141	0.00001
Pedobacter_cryoconitis	188932	S	124	17	141	0.00001
Pedobacter_suwonensis	332999	S	115	37	152	0.00001
Pedobacter_steynii	430522	S	111	15	126	0.00001
Pedobacter_endophyticus	2789740	S	107	15	122	0.00001
Pedobacter_roseus	336820	S	99	46	145	0.00001
Pedobacter_ginsengisoli	363852	S	82	15	97	0.00001
Anseongella_ginsenosidimutans	496056	S	535	24	559	0.00005
Olivibacter_sp._LS-1	2592345	S	270	28	298	0.00003
Olivibacter_sp._SDN3	2764720	S	104	23	127	0.00001
Solitalea_canadensis	995	S	140	19	159	0.00001
Solitalea_sp._S2-8	2911172	S	102	19	121	0.00001
Pseudopedobacter_saltans	151895	S	99	107	206	0.00002
Rhodocaloribacter_litoris	2558931	S	3798	351	4149	0.00035
Rhodothermus_marinus	29549	S	3000	152	3152	0.00027
Salinibacter_ruber	146919	S	1901	25	1926	0.00016
Haliscomenobacter_hydrossis	2350	S	441	6	447	0.00004
Saprospira_grandis	1008	S	53	1	54	0.00000
Candidatus_Sulfidibacterium_hydrothermale	2875962	S	71	2	73	0.00001
Chlorobaculum_limnaeum	274537	S	549	106	655	0.00006
Chlorobaculum_parvum	274539	S	286	67	353	0.00003
Chlorobaculum_tepidum	1097	S	273	92	365	0.00003
Pelodictyon_luteolum	1100	S	241	41	282	0.00002
Pelodictyon_phaeoclathratiforme	34090	S	62	3	65	0.00001
Chlorobium_limicola	1092	S	123	9	132	0.00001
Chlorobium_phaeovibrioides	1094	S	73	15	88	0.00001
Chlorobium_phaeobacteroides	1096	S	65	8	73	0.00001
Prosthecochloris_sp._GSB1	281093	S	209	14	223	0.00002
Prosthecochloris_sp._CIB_2401	1868325	S	98	26	124	0.00001
Prosthecochloris_sp._HL-130-GSB	1974213	S	93	18	111	0.00001
Prosthecochloris_aestuarii	1102	S	75	7	82	0.00001
Chloroherpeton_thalassium	100716	S	139	2	141	0.00001
Candidatus_Cyclonatronum_proteinivorum	1457365	S	188	16	204	0.00002
Melioribacter_roseus	1134405	S	80	6	86	0.00001
Ignavibacterium_album	591197	S	65	6	71	0.00001
Gemmatirosa_kalamazoonesis	861299	S	59585	4995	64580	0.00549
Gemmatimonas_groenlandica	2732249	S	5850	732	6582	0.00056
Gemmatimonas_aurantiaca	173480	S	4457	498	4955	0.00042
Gemmatimonas_phototrophica	1379270	S	3768	577	4345	0.00037
Fibrobacter_succinogenes	833	S	118	1	119	0.00001
Candidatus_Cloacimonas_acidaminovorans	456827	S	69	1	70	0.00001
Luteitalea_sp._TBR-22	2802971	S	27136	4268	31404	0.00267
Luteitalea_pratensis	1855912	S	20625	2107	22732	0.00193
Granulicella_sp._WH15	2602070	S	1682	307	1989	0.00017
Granulicella_sp._5B5	1617967	S	1345	221	1566	0.00013
Granulicella_mallensis	940614	S	1145	141	1286	0.00011
Granulicella_tundricola	940615	S	852	116	968	0.00008
Terriglobus_roseus	392734	S	1423	323	1746	0.00015
Terriglobus_albidus	1592106	S	1057	103	1160	0.00010
Terriglobus_saanensis	870903	S	694	94	788	0.00007
Acidobacterium_capsulatum	33075	S	1372	179	1551	0.00013
Acidobacterium_sp._4Y35	2763107	S	1034	78	1112	0.00009
Candidatus_Koribacter_versatilis	658062	S	2196	74	2270	0.00019
Edaphobacter_sp._12200R-103	2703788	S	873	147	1020	0.00009
Edaphobacter_sp._4G125	2763071	S	475	68	543	0.00005
Acidisarcina_polymorpha	2211140	S	804	61	865	0.00007
Paludibaculum_fermentans	1473598	S	4332	117	4449	0.00038
Chloracidobacterium_aggregatum	2851959	S	588	419	1007	0.00009
Chloracidobacterium_validum	2821543	S	509	8	517	0.00004
Chloracidobacterium_sp._D	2821536	S	55	225	280	0.00002
Chloracidobacterium_thermophilum	458033	S	35	131	166	0.00001
Sulfidibacter_corallicola	2818388	S	1351	22	1373	0.00012
Thermotomaculum_hydrothermale	981385	S	48	2	50	0.00000
Nitrospira_moscoviensis	42253	S	5242	432	5674	0.00048
Nitrospira_japonica	1325564	S	1843	211	2054	0.00017
Nitrospira_sp._KM1	1936990	S	1467	133	1600	0.00014
Candidatus_Nitrospira_inopinata	1715989	S	1401	115	1516	0.00013
Leptospirillum_ferrooxidans	180	S	72	1	73	0.00001
Leptospirillum_ferriphilum	178606	S	32	69	101	0.00001
Leptospirillum_sp._Group_II_'CF-1'	1660083	S	23	64	87	0.00001
Dissulfurispira_thermophila	2715679	S	54	2	56	0.00000
Thermodesulfovibrio_yellowstonii	28262	S	41	0	41	0.00000
Spirochaeta_thermophila	154	S	407	7	414	0.00004
Spirochaeta_africana	46355	S	157	6	163	0.00001
Salinispira_pacifica	1307761	S	48	1	49	0.00000
Sediminispirochaeta_smaragdinae	55206	S	47	1	48	0.00000
Oceanispirochaeta_crateris	2518645	S	28	1	29	0.00000
Thiospirochaeta_perfilievii	252967	S	15	0	15	0.00000
Treponema_brennaborense	81028	S	86	24	110	0.00001
Treponema_azotonutricium	150829	S	74	2	76	0.00001
Treponema_primitia	88058	S	66	2	68	0.00001
Treponema_sp._Marseille-Q4132	2766701	S	40	20	60	0.00001
Treponema_sp._OMZ_838	1539298	S	14	15	29	0.00000
Treponema_caldarium	215591	S	44	4	48	0.00000
Treponema_socranskii	53419	S	43	22	65	0.00001
Treponema_vincentii	69710	S	34	37	71	0.00001
Treponema_succinifaciens	167	S	29	18	47	0.00000
Treponema_parvum	138851	S	28	1	29	0.00000
Treponema_peruense	2787628	S	22	2	24	0.00000
Treponema_denticola	158	S	14	4	18	0.00000
Treponema_phagedenis	162	S	13	4	17	0.00000
Treponema_medium	58231	S	10	13	23	0.00000
Treponema_putidum	221027	S	10	8	18	0.00000
Sphaerochaeta_associata	1129264	S	82	6	88	0.00001
Sphaerochaeta_coccoides	273376	S	44	1	45	0.00000
Sphaerochaeta_globosa	1131703	S	34	2	36	0.00000
Sphaerochaeta_pleomorpha	1131707	S	18	2	20	0.00000
Borrelia_sp._HM	1882662	S	12	32	44	0.00000
Breznakiella_homolactica	2798577	S	80	5	85	0.00001
Leptospira_kmetyi	408139	S	65	0	65	0.00001
Leptospira_santarosai	28183	S	39	0	39	0.00000
Leptospira_tipperaryensis	2564040	S	38	0	38	0.00000
Leptospira_kobayashii	1917830	S	28	0	28	0.00000
Leptospira_interrogans	173	S	18	115	133	0.00001
Leptospira_noguchii	28182	S	18	0	18	0.00000
Leptospira_mayottensis	1137606	S	18	0	18	0.00000
Leptospira_biflexa	172	S	17	0	17	0.00000
Leptospira_borgpetersenii	174	S	10	0	10	0.00000
Leptospira_weilii	28184	S	10	0	10	0.00000
Turneriella_parva	29510	S	307	2	309	0.00003
Pyramidobacter_piscolens	638849	S	403	19	422	0.00004
Fretibacterium_fastidiosum	651822	S	375	4	379	0.00003
Aminomonas_paucivorans	81412	S	338	28	366	0.00003
Thermanaerovibrio_acidaminovorans	81462	S	146	42	188	0.00002
Thermanaerovibrio_velox	108007	S	105	19	124	0.00001
Cloacibacillus_porcorum	1197717	S	237	39	276	0.00002
Jonquetella_anthropi	428712	S	163	20	183	0.00002
Acetomicrobium_mobile	97477	S	47	1	48	0.00000
Aminobacterium_colombiense	81468	S	31	1	32	0.00000
Thermovirga_lienii	336261	S	22	15	37	0.00000
Candidatus_Bipolaricaulis_anaerobius	2026885	S	386	13	399	0.00003
Candidatus_Nanosynbacter_featherlites	2572088	S	46	22	68	0.00001
Candidatus_Nanosynbacter_lyticus	2093824	S	24	67	91	0.00001
Nanosynbacter_sp._HMT-352	2899133	S	23	69	92	0.00001
Candidatus_Saccharimonas_aalborgensis	1332188	S	97	1	98	0.00001
Candidatus_Chazhemtobacterium_aquaticus	2715735	S	36	0	36	0.00000
Candidatus_Absconditicoccus_praedator	2735562	S	21	0	21	0.00000
Candidatus_Babela_massiliensis	673862	S	11	0	11	0.00000
Thermotoga_caldifontis	1508419	S	64	65	129	0.00001
Pseudothermotoga_hypogea	57487	S	41	13	54	0.00000
Pseudothermotoga_thermarum	119394	S	10	1	11	0.00000
Fervidobacterium_pennivorans	93466	S	13	45	58	0.00000
Thermosipho_ferrireducens	2571116	S	10	5	15	0.00000
Mesotoga_infera	1236046	S	34	4	38	0.00000
Mesotoga_prima	1184387	S	16	2	18	0.00000
Kosmotoga_pacifica	1330330	S	17	5	22	0.00000
Kosmotoga_olearia	651457	S	14	4	18	0.00000
Athalassotoga_saccharophila	1441386	S	35	1	36	0.00000
Thermocrinis_minervae	381751	S	42	8	50	0.00000
Thermocrinis_albus	136094	S	14	2	16	0.00000
Thermocrinis_ruber	75906	S	13	2	15	0.00000
Hydrogenobacter_sp._T-8	1632019	S	14	11	25	0.00000
Aquifex_aeolicus	63363	S	15	1	16	0.00000
Sulfurihydrogenibium_azorense	309806	S	43	7	50	0.00000
Persephonella_marina	309805	S	36	4	40	0.00000
Thermosulfidibacter_takaii	412593	S	60	2	62	0.00001
Thermovibrio_ammonificans	228745	S	65	12	77	0.00001
Desulfurobacterium_thermolithotrophum	64160	S	27	4	31	0.00000
Thermosulfurimonas_marina	2047767	S	96	13	109	0.00001
Thermodesulfatator_indicus	171695	S	51	7	58	0.00000
Thermodesulfobacterium_geofontis	1295609	S	18	10	28	0.00000
Thermodesulfobacterium_sp._TA1	2234087	S	10	7	17	0.00000
Thermosulfuriphilus_ammonigenes	1936021	S	47	2	49	0.00000
Caldimicrobium_thiodismutans	1653476	S	15	2	17	0.00000
Caldithrix_abyssi	187145	S	249	2	251	0.00002
Fusobacterium_nucleatum	851	S	20	44	64	0.00001
Fusobacterium_gonidiaformans	849	S	18	6	24	0.00000
Fusobacterium_ulcerans	861	S	10	2	12	0.00000
Ilyobacter_polytropus	167642	S	11	0	11	0.00000
Geovibrio_thiophilus	139438	S	57	14	71	0.00001
Calditerrivibrio_nitroreducens	477976	S	33	5	38	0.00000
Flexistipes_sinusarabici	2352	S	27	3	30	0.00000
Deferribacter_desulfuricans	197162	S	22	4	26	0.00000
Denitrovibrio_acetiphilus	118000	S	14	2	16	0.00000
Desulfurispirillum_indicum	936456	S	146	57	203	0.00002
Endomicrobium_proavitum	1408281	S	24	8	32	0.00000
Candidatus_Endomicrobium_trichonymphae	1408204	S	21	6	27	0.00000
Elusimicrobium_minutum	423605	S	59	0	59	0.00001
Coprothermobacter_proteolyticus	35786	S	53	9	62	0.00001
Caldisericum_exile	693075	S	48	0	48	0.00000
Atribacter_laminatus	2847778	S	34	0	34	0.00000
Fusarium_sambucinum	5128	S	13767	1609	15376	0.00131
Fusarium_poae	36050	S	141	47	188	0.00002
Fusarium_sporotrichioides	5514	S	137	7	144	0.00001
Fusarium_pseudograminearum	101028	S	112	8	120	0.00001
Fusarium_longipes	694270	S	90	4	94	0.00001
Fusarium_venenatum	56646	S	61	117	178	0.00002
Fusarium_graminearum	5518	S	50	160	210	0.00002
Fusarium_culmorum	5516	S	33	4	37	0.00000
Fusarium_acuminatum	5515	S	4335	380	4715	0.00040
Fusarium_avenaceum	40199	S	102	5	107	0.00001
Fusarium_scirpi	2211609	S	427	92	519	0.00004
Fusarium_equiseti	61235	S	275	65	340	0.00003
Fusarium_fujikuroi	5127	S	115	23	138	0.00001
Fusarium_thapsinum	120644	S	108	49	157	0.00001
Fusarium_pseudonygamai	47755	S	73	36	109	0.00001
Fusarium_nygamai	42673	S	61	38	99	0.00001
Fusarium_verticillioides	117187	S	33	100	133	0.00001
Fusarium_decemcellulare	57161	S	452	14	466	0.00004
Fusarium_dimerum	57145	S	338	14	352	0.00003
Fusarium_oxysporum	5507	S	265	159	424	0.00004
Fusarium_heterosporum	42747	S	100	30	130	0.00001
Fusarium_graminum	86546	S	88	27	115	0.00001
Fusarium_nelsonii	77846	S	100	37	137	0.00001
Fusarium_chlamydosporum	86545	S	69	25	94	0.00001
Fusarium_lateritium	5523	S	195	8	203	0.00002
Fusarium_musae	1042133	S	30	87	117	0.00001
Beauveria_pseudobassiana	931006	S	1846	228	2074	0.00018
Beauveria_felina	37994	S	749	56	805	0.00007
Beauveria_brongniartii	118266	S	263	54	317	0.00003
Beauveria_rudraprayagi	1481906	S	172	154	326	0.00003
Beauveria_bassiana	176275	S	126	117	243	0.00002
Cordyceps_fumosorosea	114497	S	738	64	802	0.00007
Trichoderma_erinaceum	202914	S	1037	173	1210	0.00010
Trichoderma_reesei	51453	S	377	41	418	0.00004
Trichoderma_citrinoviride	58853	S	346	44	390	0.00003
Trichoderma_pleuroti	500994	S	235	28	263	0.00002
Trichoderma_atroviride	63577	S	182	51	233	0.00002
Trichoderma_asperellum	101201	S	156	13	169	0.00001
Trichoderma_afroharzianum	1567482	S	148	33	181	0.00002
Trichoderma_hamatum	49224	S	131	12	143	0.00001
Trichoderma_koningiopsis	337941	S	120	20	140	0.00001
Trichoderma_gamsii	398673	S	98	14	112	0.00001
Trichoderma_harzianum	5544	S	94	20	114	0.00001
Trichoderma_longibrachiatum	5548	S	52	535	587	0.00005
Trichoderma_virens	29875	S	23	238	261	0.00002
Trichoderma_koningii	97093	S	18	175	193	0.00002
Trichoderma_viride	5547	S	13	175	188	0.00002
Metarhizium_guizhouense	169041	S	541	275	816	0.00007
Metarhizium_album	92629	S	513	21	534	0.00005
Metarhizium_rileyi	1649241	S	268	54	322	0.00003
Metarhizium_acridum	92637	S	153	128	281	0.00002
Metarhizium_majus	1650735	S	99	42	141	0.00001
Metarhizium_brunneum	500148	S	93	71	164	0.00001
Metarhizium_anisopliae	5530	S	92	144	236	0.00002
Metarhizium_humberi	2596975	S	79	44	123	0.00001
Metarhizium_robertsii	568076	S	49	31	80	0.00001
Ustilaginoidea_virens	1159556	S	721	49	770	0.00007
Pochonia_chlamydosporia	280754	S	219	20	239	0.00002
Purpureocillium_lilacinum	33203	S	1056	114	1170	0.00010
Drechmeria_coniospora	98403	S	798	56	854	0.00007
Clonostachys_rosea	29856	S	364	36	400	0.00003
Colletotrichum_higginsianum	80884	S	1039	298	1337	0.00011
Thermothelomyces_thermophilus	78579	S	11829	875	12704	0.00108
Thermothielavioides_terrestris	2587410	S	10703	1077	11780	0.00100
Neurospora_crassa	5141	S	6642	484	7126	0.00061
Pyricularia_oryzae	318829	S	371	118	489	0.00004
Pyricularia_pennisetigena	1578925	S	359	67	426	0.00004
Pyricularia_grisea	148305	S	296	53	349	0.00003
Neopestalotiopsis_clavispora	289240	S	127	278	405	0.00003
Neopestalotiopsis_rosae	1562205	S	117	237	354	0.00003
Botrytis_cinerea	40559	S	2283	17	2300	0.00020
Aspergillus_puulaauensis	1220207	S	2491	105	2596	0.00022
Aspergillus_chevalieri	182096	S	1597	172	1769	0.00015
Aspergillus_luchuensis	1069201	S	942	69	1011	0.00009
Aspergillus_oryzae	5062	S	60	157	217	0.00002
Aspergillus_fumigatus	746128	S	178	9	187	0.00002
Penicillium_expansum	27334	S	86	29	115	0.00001
Penicillium_aurantiogriseum	36655	S	82	24	106	0.00001
Penicillium_citrinum	5077	S	79	11	90	0.00001
Penicillium_chrysogenum	5076	S	78	12	90	0.00001
Penicillium_italicum	40296	S	48	14	62	0.00001
Penicillium_digitatum	36651	S	43	7	50	0.00000
Paecilomyces_niveus	5093	S	119	5	124	0.00001
Paecilomyces_variotii	264951	S	110	12	122	0.00001
Talaromyces_rugulosus	121627	S	131	9	140	0.00001
Ampelomyces_quisqualis	50730	S	361	44	405	0.00003
Paraphaeosphaeria_minitans	565426	S	337	133	470	0.00004
Zymoseptoria_tritici	1047171	S	181	4	185	0.00002
Cercospora_beticola	122368	S	158	1	159	0.00001
Eremothecium_gossypii	33169	S	93	78	171	0.00001
Eremothecium_cymbalariae	45285	S	10	0	10	0.00000
Tetrapisispora_blattae	1071379	S	36	1	37	0.00000
Tetrapisispora_phaffii	113608	S	31	1	32	0.00000
Kluyveromyces_marxianus	4911	S	32	9	41	0.00000
Kluyveromyces_lactis	28985	S	11	2	13	0.00000
Naumovozyma_castellii	27288	S	23	3	26	0.00000
Naumovozyma_dairenensis	27289	S	22	1	23	0.00000
Saccharomyces_eubayanus	1080349	S	26	1	27	0.00000
Saccharomyces_cerevisiae	4932	S	11	1	12	0.00000
Kazachstania_naganishii	588726	S	34	2	36	0.00000
Kazachstania_africana	432096	S	10	0	10	0.00000
Lachancea_thermotolerans	381046	S	42	3	45	0.00000
Torulaspora_globosa	48254	S	25	1	26	0.00000
[Candida]_glabrata	5478	S	25	1	26	0.00000
Zygosaccharomyces_rouxii	4956	S	19	1	20	0.00000
Zygotorulaspora_mrakii	42260	S	16	2	18	0.00000
Brettanomyces_bruxellensis	5007	S	35	12	47	0.00000
Brettanomyces_nanus	13502	S	22	16	38	0.00000
Pichia_kudriavzevii	4909	S	46	2	48	0.00000
Ogataea_parapolymorpha	1005962	S	42	1	43	0.00000
Candida_dubliniensis	42374	S	52	4	56	0.00000
Candida_orthopsilosis	273371	S	25	0	25	0.00000
Candida_albicans	5476	S	21	1	22	0.00000
Debaryomyces_hansenii	4959	S	16	0	16	0.00000
Scheffersomyces_stipitis	4924	S	15	0	15	0.00000
Yarrowia_lipolytica	4952	S	103	1	104	0.00001
Sugiyamaella_lignohabitans	796027	S	59	5	64	0.00001
Saccharomycodes_ludwigii	36035	S	18	3	21	0.00000
Komagataella_phaffii	460519	S	11	0	11	0.00000
Schizosaccharomyces_pombe	4896	S	106	4	110	0.00001
Pseudozyma_flocculosa	84751	S	963	6	969	0.00008
Ustilago_maydis	5270	S	294	7	301	0.00003
Sporisorium_graminicola	280036	S	270	35	305	0.00003
Malassezia_restricta	76775	S	95	14	109	0.00001
Phlebiopsis_gigantea	82310	S	267	3	270	0.00002
Rhizoctonia_solani	456999	S	144	4	148	0.00001
Marasmius_oreades	181124	S	50	2	52	0.00000
Cryptococcus_neoformans	5207	S	66	3	69	0.00001
Cryptococcus_gattii_VGI	37769	S	34	17	51	0.00000
Phytophthora_cryptogea	4786	S	8825	212	9037	0.00077
Phytophthora_cinnamomi	4785	S	586	28	614	0.00005
Phytophthora_fragariae	53985	S	395	16	411	0.00003
Phytophthora_infestans	4787	S	210	230	440	0.00004
Phytophthora_cactorum	29920	S	169	7	176	0.00001
Phytophthora_boehmeriae	109152	S	136	5	141	0.00001
Phytophthora_parasitica	4792	S	113	4	117	0.00001
Pythium_aphanidermatum	65070	S	224	3	227	0.00002
