name	taxonomy_id	taxonomy_lvl	kraken_assigned_reads	added_reads	new_est_reads	fraction_total_reads
Bradyrhizobium_sp._200	2782665	S	10041	2422	12463	0.00064
Bradyrhizobium_sp._170	2782641	S	8729	2437	11166	0.00057
Bradyrhizobium_sp._CCBAU_51753	1325100	S	8709	2108	10817	0.00055
Bradyrhizobium_sp._CCBAU_051011	858422	S	8288	1760	10048	0.00051
Bradyrhizobium_sp._BTAi1	288000	S	7663	1557	9220	0.00047
Bradyrhizobium_sp._ORS_278	114615	S	7598	1923	9521	0.00049
Bradyrhizobium_sp._A19	2898149	S	7404	1437	8841	0.00045
Bradyrhizobium_sp._ORS_285	115808	S	7266	1813	9079	0.00046
Bradyrhizobium_sp._SK17	2057741	S	5992	2161	8153	0.00042
Bradyrhizobium_sp._186	2782654	S	5214	1522	6736	0.00034
Bradyrhizobium_sp._CCBAU_53421	1325120	S	4701	1615	6316	0.00032
Bradyrhizobium_sp._CCBAU_53338	1325111	S	3976	1790	5766	0.00029
Bradyrhizobium_sp._CCBAU_53340	1325112	S	3880	1657	5537	0.00028
Bradyrhizobium_sp._1(2017)	1404888	S	3842	1313	5155	0.00026
Bradyrhizobium_sp._195	2782662	S	3779	1474	5253	0.00027
Bradyrhizobium_sp._CCBAU_53351	1325114	S	3718	2060	5778	0.00030
Bradyrhizobium_sp._6(2017)	1197460	S	3488	1881	5369	0.00027
Bradyrhizobium_sp._S2-11-2	2840472	S	3362	2707	6069	0.00031
Bradyrhizobium_sp._CCGE-LA001	1223566	S	3061	1253	4314	0.00022
Bradyrhizobium_sp._41S5	1404443	S	2870	2134	5004	0.00026
Bradyrhizobium_sp._S2-20-1	2840469	S	2814	2403	5217	0.00027
Bradyrhizobium_sp._S2-11-4	2840473	S	2650	2486	5136	0.00026
Bradyrhizobium_sp._I71	2590772	S	2606	2404	5010	0.00026
Bradyrhizobium_sp._191	2782659	S	2508	2611	5119	0.00026
Bradyrhizobium_sp._CCBAU_51765	1325102	S	2491	2404	4895	0.00025
Bradyrhizobium_sp._C-145	574727	S	1777	1934	3711	0.00019
Bradyrhizobium_sp.	376	S	1301	4676	5977	0.00031
Bradyrhizobium_sp._40	2782674	S	1044	2459	3503	0.00018
Bradyrhizobium_sp._144S4	2823807	S	1023	2731	3754	0.00019
Bradyrhizobium_sp._4	2782678	S	1006	2653	3659	0.00019
Bradyrhizobium_sp._323S2	1404649	S	880	2401	3281	0.00017
Bradyrhizobium_sp._192	2782660	S	811	2131	2942	0.00015
Bradyrhizobium_sp._LCT2	2493093	S	601	1845	2446	0.00013
Bradyrhizobium_sp._187	2782655	S	388	2007	2395	0.00012
Bradyrhizobium_sp._TM102	2599819	S	339	2495	2834	0.00014
Bradyrhizobium_sp._SG09	2599805	S	335	2585	2920	0.00015
Bradyrhizobium_sp._1S5	2816456	S	224	2614	2838	0.00015
Bradyrhizobium_sp._38S5	2819348	S	215	2726	2941	0.00015
Bradyrhizobium_sp._172	2782643	S	207	2615	2822	0.00014
Bradyrhizobium_sp._CW1	2782686	S	205	3290	3495	0.00018
Bradyrhizobium_sp._131	2782609	S	154	2610	2764	0.00014
Bradyrhizobium_sp._155	2782629	S	86	1608	1694	0.00009
Bradyrhizobium_sp._CCBAU_21365	1325083	S	17	906	923	0.00005
Bradyrhizobium_erythrophlei	1437360	S	23094	2151	25245	0.00129
Bradyrhizobium_diazoefficiens	1355477	S	17670	37756	55426	0.00283
Bradyrhizobium_icense	1274631	S	9813	1592	11405	0.00058
Bradyrhizobium_paxllaeri	190148	S	8356	1759	10115	0.00052
Bradyrhizobium_lablabi	722472	S	7865	10063	17928	0.00092
Bradyrhizobium_oligotrophicum	44255	S	6702	1332	8034	0.00041
Bradyrhizobium_genosp._L	83637	S	6622	1512	8134	0.00042
Bradyrhizobium_japonicum	375	S	6524	10461	16985	0.00087
Bradyrhizobium_canariense	255045	S	6450	11159	17609	0.00090
Bradyrhizobium_arachidis	858423	S	5201	1664	6865	0.00035
Bradyrhizobium_guangdongense	1325090	S	4719	1940	6659	0.00034
Bradyrhizobium_genosp._B	83627	S	4310	1035	5345	0.00027
Bradyrhizobium_vignae	1549949	S	4150	1096	5246	0.00027
Bradyrhizobium_cosmicum	1404864	S	4052	1470	5522	0.00028
Bradyrhizobium_quebecense	2748629	S	3930	2468	6398	0.00033
Bradyrhizobium_guangzhouense	1325095	S	3869	1633	5502	0.00028
Bradyrhizobium_guangxiense	1325115	S	3407	1643	5050	0.00026
Bradyrhizobium_septentrionale	1404411	S	3384	2292	5676	0.00029
Bradyrhizobium_daqingense	993502	S	3006	1805	4811	0.00025
Bradyrhizobium_betae	244734	S	2491	1581	4072	0.00021
Bradyrhizobium_amphicarpaeae	1404768	S	2456	1136	3592	0.00018
Bradyrhizobium_symbiodeficiens	1404367	S	2377	3928	6305	0.00032
Bradyrhizobium_zhanjiangense	1325107	S	1751	1927	3678	0.00019
Bradyrhizobium_elkanii	29448	S	1131	4986	6117	0.00031
Bradyrhizobium_ottawaense	931866	S	850	5824	6674	0.00034
Rhodopseudomonas_palustris	1076	S	27396	11170	38566	0.00197
Rhodopseudomonas_boonkerdii	475937	S	3585	1026	4611	0.00024
Rhodopseudomonas_sp._SK50-23	340268	S	3418	743	4161	0.00021
Tardiphaga_sp._37S4	1404741	S	1906	1495	3401	0.00017
Tardiphaga_sp._vice154	2592814	S	184	2401	2585	0.00013
Tardiphaga_sp._vice278	2592815	S	86	1758	1844	0.00009
Tardiphaga_sp._vice304	2592817	S	72	1149	1221	0.00006
Tardiphaga_sp._vice352	2592816	S	43	1095	1138	0.00006
Tardiphaga_robiniae	943830	S	2141	1497	3638	0.00019
Afipia_carboxidovorans	40137	S	4758	1797	6555	0.00034
Afipia_sp._GAS231	1882747	S	3398	2744	6142	0.00031
Nitrobacter_hamburgensis	912	S	4247	835	5082	0.00026
Nitrobacter_winogradskyi	913	S	3363	653	4016	0.00021
Variibacter_gotjawalensis	1333996	S	7548	686	8234	0.00042
Rhizobium_sp._BG4	2613770	S	3073	659	3732	0.00019
Rhizobium_sp._WYJ-E13	2849093	S	2539	361	2900	0.00015
Rhizobium_sp._NXC24	2048897	S	2415	387	2802	0.00014
Rhizobium_sp._ACO-34A	1571470	S	2198	519	2717	0.00014
Rhizobium_sp._WL3	2603277	S	2034	434	2468	0.00013
Rhizobium_sp._SL42	2806346	S	1971	400	2371	0.00012
Rhizobium_sp._11515TR	2028343	S	1829	451	2280	0.00012
Rhizobium_sp._AB2/73	2795216	S	1805	1016	2821	0.00014
Rhizobium_sp._CIAT894	2020312	S	1520	700	2220	0.00011
Rhizobium_sp._NZLR1	2731096	S	1451	527	1978	0.00010
Rhizobium_sp._NXC14	1981173	S	1308	559	1867	0.00010
Rhizobium_sp._NLR16a	2731112	S	1246	574	1820	0.00009
Rhizobium_sp._C104	2917727	S	1232	695	1927	0.00010
Rhizobium_sp._K102	2918527	S	1099	774	1873	0.00010
Rhizobium_sp._L51/94	2819999	S	845	1048	1893	0.00010
Rhizobium_sp._007	2785056	S	590	1079	1669	0.00009
Rhizobium_sp._X9	2815360	S	559	1284	1843	0.00009
Rhizobium_sp._Kim5	2020311	S	421	943	1364	0.00007
Rhizobium_sp._IE4771	1301032	S	391	803	1194	0.00006
Rhizobium_sp._TAL182	2020313	S	284	827	1111	0.00006
Rhizobium_sp._NIBRBAC000502774	2590777	S	159	734	893	0.00005
Rhizobium_sp._ZX09	2291939	S	126	574	700	0.00004
Rhizobium_sp._B230/85	2819994	S	92	958	1050	0.00005
Rhizobium_sp._Y9	1914541	S	88	345	433	0.00002
Rhizobium_sp._N324	1703969	S	69	1405	1474	0.00008
Rhizobium_sp._CCGE531	2364271	S	69	2378	2447	0.00013
Rhizobium_sp._T136	555319	S	59	1707	1766	0.00009
Rhizobium_sp._B21/90	2819993	S	28	949	977	0.00005
Rhizobium_sp._N113	1703960	S	16	2590	2606	0.00013
Rhizobium_sp._CCGE532	2364272	S	12	874	886	0.00005
Rhizobium_leguminosarum	384	S	13472	18345	31817	0.00163
Rhizobium_etli	29449	S	4043	5036	9079	0.00046
Rhizobium_pseudoryzae	379684	S	2933	701	3634	0.00019
Rhizobium_jaguaris	1312183	S	2623	371	2994	0.00015
Rhizobium_gallicum	56730	S	2477	3339	5816	0.00030
Rhizobium_phaseoli	396	S	2302	4884	7186	0.00037
Rhizobium_bangladeshense	1138189	S	2014	526	2540	0.00013
Rhizobium_lentis	1138194	S	1729	582	2311	0.00012
Rhizobium_tropici	398	S	1669	479	2148	0.00011
Rhizobium_rosettiformans	1368430	S	1506	776	2282	0.00012
Rhizobium_daejeonense	240521	S	1454	539	1993	0.00010
Rhizobium_binae	1138190	S	1420	566	1986	0.00010
Rhizobium_rhizoryzae	451876	S	1333	203	1536	0.00008
Rhizobium_indicum	2583231	S	985	908	1893	0.00010
Rhizobium_acidisoli	1538158	S	794	687	1481	0.00008
Rhizobium_pusense	648995	S	793	3265	4058	0.00021
Rhizobium_oryzihabitans	2267833	S	456	660	1116	0.00006
Rhizobium_hidalgonense	1538159	S	381	908	1289	0.00007
Rhizobium_laguerreae	1076926	S	363	648	1011	0.00005
Rhizobium_ruizarguesonis	2081791	S	205	1561	1766	0.00009
Rhizobium_favelukesii	348824	S	31	1078	1109	0.00006
Agrobacterium_tumefaciens	358	S	7180	7049	14229	0.00073
Agrobacterium_fabrum	1176649	S	699	919	1618	0.00008
Agrobacterium_fabacearum	1183401	S	164	2262	2426	0.00012
Agrobacterium_vitis	373	S	3613	496	4109	0.00021
Agrobacterium_sp._T29	2580515	S	570	455	1025	0.00005
Agrobacterium_sp._RAC06	1842536	S	434	871	1305	0.00007
Agrobacterium_sp._MA01	2664893	S	397	781	1178	0.00006
Agrobacterium_sp._CGMCC_11546	2579248	S	217	444	661	0.00003
Agrobacterium_sp._S7/73	2820002	S	102	556	658	0.00003
Agrobacterium_vaccinii	2735528	S	1466	221	1687	0.00009
Agrobacterium_larrymoorei	160699	S	1030	196	1226	0.00006
Agrobacterium_salinitolerans	1183413	S	974	383	1357	0.00007
Agrobacterium_rubi	28099	S	943	291	1234	0.00006
Agrobacterium_rhizogenes	359	S	718	1717	2435	0.00012
Neorhizobium_galegae	399	S	8434	2634	11068	0.00057
Neorhizobium_sp._SOG26	2060726	S	2435	553	2988	0.00015
Neorhizobium_sp._NCHU2750	1825976	S	2237	577	2814	0.00014
Pseudorhizobium_flavum	1335061	S	1775	1180	2955	0.00015
Pseudorhizobium_banfieldiae	1125847	S	1674	995	2669	0.00014
Sinorhizobium_meliloti	382	S	20620	11013	31633	0.00162
Sinorhizobium_fredii	380	S	11382	16716	28098	0.00144
Sinorhizobium_americanum	194963	S	3831	1567	5398	0.00028
Sinorhizobium_medicae	110321	S	3761	524	4285	0.00022
Sinorhizobium_sp._BG8	2613773	S	3150	602	3752	0.00019
Sinorhizobium_sp._CCBAU_05631	794846	S	549	868	1417	0.00007
Ensifer_adhaerens	106592	S	8129	5047	13176	0.00067
Ensifer_mexicanus	375549	S	5022	888	5910	0.00030
Ensifer_alkalisoli	1752398	S	3677	824	4501	0.00023
Ensifer_sojae	716925	S	3551	1519	5070	0.00026
Ensifer_sp._PDNC004	2811423	S	2588	1219	3807	0.00019
Ensifer_sp._T173	555315	S	542	2486	3028	0.00015
Shinella_sp._HZN7	879274	S	5326	5092	10418	0.00053
Shinella_sp._PSBB067	2715959	S	4082	3472	7554	0.00039
Shinella_sp._XGS7	2877941	S	3187	3279	6466	0.00033
Shinella_sp._H4-D48	2925841	S	1661	733	2394	0.00012
Shinella_zoogloeoides	352475	S	4116	6509	10625	0.00054
Shinella_oryzae	2871820	S	2311	1136	3447	0.00018
Georhizobium_profundi	2341112	S	3634	934	4568	0.00023
Ciceribacter_thiooxidans	1969821	S	3601	837	4438	0.00023
Peteryoungia_desertarenae	1813451	S	1116	231	1347	0.00007
Candidatus_Liberibacter_asiaticus	34021	S	39	9	48	0.00000
Liberibacter_crescens	1273132	S	38	189	227	0.00001
Candidatus_Liberibacter_solanacearum	556287	S	24	4	28	0.00000
Candidatus_Liberibacter_africanus	34020	S	21	29	50	0.00000
Candidatus_Liberibacter_americanus	309868	S	16	3	19	0.00000
Mesorhizobium_sp._8	2584466	S	7831	2193	10024	0.00051
Mesorhizobium_sp._DCY119	2108445	S	5424	1491	6915	0.00035
Mesorhizobium_sp._Pch-S	2082387	S	4645	744	5389	0.00028
Mesorhizobium_sp._J8	2777475	S	4413	1626	6039	0.00031
Mesorhizobium_sp._B1-1-8	2589976	S	4293	1247	5540	0.00028
Mesorhizobium_sp._M3A.F.Ca.ET.080.04.2.1	2493676	S	4293	1491	5784	0.00030
Mesorhizobium_sp._M1B.F.Ca.ET.045.04.1.1	2493673	S	4176	1810	5986	0.00031
Mesorhizobium_sp._M1A.F.Ca.IN.022.06.1.1	2493680	S	4118	1495	5613	0.00029
Mesorhizobium_sp._L-2-11	2744521	S	4098	1804	5902	0.00030
Mesorhizobium_sp._M1D.F.Ca.ET.043.01.1.1	2493669	S	4083	2752	6835	0.00035
Mesorhizobium_sp._B2-1-1	2589974	S	4064	1065	5129	0.00026
Mesorhizobium_sp._M1E.F.Ca.ET.045.02.1.1	2493672	S	3950	2224	6174	0.00032
Mesorhizobium_sp._B2-8-5	2589903	S	3862	1463	5325	0.00027
Mesorhizobium_sp._131-2-1	2744518	S	3820	2293	6113	0.00031
Mesorhizobium_sp._M9A.F.Ca.ET.002.03.1.2	2493668	S	3819	1973	5792	0.00030
Mesorhizobium_sp._M4B.F.Ca.ET.058.02.1.1	2493675	S	3412	1636	5048	0.00026
Mesorhizobium_sp._M6A.T.Cr.TU.016.01.1.1	2493677	S	3379	1288	4667	0.00024
Mesorhizobium_sp._PAMC28654	2880934	S	3361	730	4091	0.00021
Mesorhizobium_sp._INR15	2654248	S	3260	542	3802	0.00019
Mesorhizobium_sp._B4-1-4	2589888	S	2772	771	3543	0.00018
Mesorhizobium_sp._B2-1-8	2589967	S	2756	966	3722	0.00019
Mesorhizobium_sp._L-8-10	2744523	S	2348	8157	10505	0.00054
Mesorhizobium_sp._M7D.F.Ca.US.005.01.1.1	2493678	S	2316	905	3221	0.00016
Mesorhizobium_sp._M8A.F.Ca.ET.057.01.1.1	2493679	S	2260	976	3236	0.00017
Mesorhizobium_sp._M2A.F.Ca.ET.043.05.1.1	2493671	S	2247	2134	4381	0.00022
Mesorhizobium_sp._L-8-3	2744522	S	2185	7799	9984	0.00051
Mesorhizobium_sp._M7A.F.Ce.TU.012.03.2.1	2493681	S	2183	915	3098	0.00016
Mesorhizobium_sp._NZP2077	2483404	S	2049	775	2824	0.00014
Mesorhizobium_sp._113-3-3	2744516	S	2025	1266	3291	0.00017
Mesorhizobium_sp._NBSH29	2654249	S	1972	164	2136	0.00011
Mesorhizobium_sp._113-1-2	2744515	S	1842	1032	2874	0.00015
Mesorhizobium_sp._AA22	1854057	S	1732	1247	2979	0.00015
Mesorhizobium_sp._113-3-9	2744517	S	1534	1288	2822	0.00014
Mesorhizobium_sp._NZP2298	2483403	S	1493	1004	2497	0.00013
Mesorhizobium_sp._M2A.F.Ca.ET.046.03.2.1	2493674	S	1242	3655	4897	0.00025
Mesorhizobium_sp._M2A.F.Ca.ET.043.02.1.1	2493670	S	1166	3265	4431	0.00023
Mesorhizobium_sp._WSM1497	278153	S	482	1106	1588	0.00008
Mesorhizobium_sp._131-3-5	2744520	S	287	1008	1295	0.00007
Mesorhizobium_sp._131-2-5	2744519	S	243	1860	2103	0.00011
Mesorhizobium_sp._NZP2234	2483402	S	235	955	1190	0.00006
Mesorhizobium_terrae	2725666	S	4803	1888	6691	0.00034
Mesorhizobium_opportunistum	593909	S	4300	2038	6338	0.00032
Mesorhizobium_amorphae	71433	S	3448	974	4422	0.00023
Mesorhizobium_ciceri	39645	S	2687	7412	10099	0.00052
Mesorhizobium_loti	381	S	2504	23039	25543	0.00131
Mesorhizobium_australicum	536018	S	2432	879	3311	0.00017
Mesorhizobium_erdmanii	1777866	S	2056	677	2733	0.00014
Mesorhizobium_huakuii	28104	S	1928	1598	3526	0.00018
Mesorhizobium_japonicum	2066070	S	1800	1487	3287	0.00017
Aquibium_microcysteis	675281	S	10117	3389	13506	0.00069
Aquibium_oceanicum	1670800	S	7705	2125	9830	0.00050
Aminobacter_sp._MSH1	374606	S	4898	3469	8367	0.00043
Aminobacter_sp._SR38	2774562	S	990	4595	5585	0.00029
Aminobacter_sp._MDW-2	2666139	S	647	3383	4030	0.00021
Aminobacter_aminovorans	83263	S	637	2403	3040	0.00016
Nitratireductor_sp._SY7	2599600	S	6677	1478	8155	0.00042
Nitratireductor_sp._OM-1	1756988	S	3232	644	3876	0.00020
Nitratireductor_kimnyeongensis	430679	S	1976	328	2304	0.00012
Phyllobacterium_sp._T1018	555316	S	1884	279	2163	0.00011
Phyllobacterium_sp._628	2718938	S	994	153	1147	0.00006
Phyllobacterium_sp._T1293	555317	S	912	121	1033	0.00005
Phyllobacterium_zundukense	1867719	S	2066	345	2411	0.00012
Roseitalea_porphyridii	1852022	S	5117	1025	6142	0.00031
Hoeflea_sp._IMCC20628	1620421	S	1982	222	2204	0.00011
Hoeflea_phototrophica	244596	S	1942	268	2210	0.00011
Oricola_thermophila	2742145	S	3917	634	4551	0.00023
Salaquimonas_pukyongi	2712698	S	1638	83	1721	0.00009
Lentilitoribacter_sp._Alg239-R112	2305987	S	75	1	76	0.00000
Methylobacterium_nodulans	114616	S	12316	1870	14186	0.00073
Methylobacterium_sp._17Sr1-1	2202826	S	5261	2883	8144	0.00042
Methylobacterium_sp._WL1	2603276	S	5051	1191	6242	0.00032
Methylobacterium_sp._C1	1479019	S	598	4883	5481	0.00028
Methylobacterium_sp._XJLW	739141	S	314	4395	4709	0.00024
Methylobacterium_aquaticum	270351	S	10725	5441	16166	0.00083
Methylobacterium_durans	2202825	S	7365	1259	8624	0.00044
Methylobacterium_radiodurans	2202828	S	7142	2061	9203	0.00047
Methylobacterium_currus	2051553	S	6958	3354	10312	0.00053
Methylobacterium_organophilum	410	S	5892	3658	9550	0.00049
Methylobacterium_terrae	2202827	S	5571	2975	8546	0.00044
Methylobacterium_mesophilicum	39956	S	5221	1256	6477	0.00033
Methylobacterium_brachiatum	269660	S	5173	2124	7297	0.00037
Methylobacterium_tardum	374432	S	4849	1932	6781	0.00035
Methylobacterium_indicum	1775910	S	4796	2744	7540	0.00039
Methylobacterium_oryzae	334852	S	4020	5077	9097	0.00047
Methylobacterium_radiotolerans	31998	S	1902	11488	13390	0.00068
Methylobacterium_phyllosphaerae	418223	S	803	3163	3966	0.00020
Microvirga_sp._VF16	2807101	S	20338	3667	24005	0.00123
Microvirga_sp._17_mud_1-3	2082949	S	7680	1882	9562	0.00049
Microvirga_ossetica	1882682	S	18619	3767	22386	0.00114
Microvirga_thermotolerans	2651334	S	10466	3313	13779	0.00070
Methylorubrum_populi	223967	S	8980	4589	13569	0.00069
Methylorubrum_extorquens	408	S	6923	12292	19215	0.00098
Methylorubrum_sp._B1-46	2897334	S	3287	1552	4839	0.00025
Methylorubrum_zatmanii	29429	S	190	1052	1242	0.00006
Pseudolabrys_taiwanensis	331696	S	15424	3145	18569	0.00095
Pseudolabrys_sp._FHR47	2562284	S	10758	2342	13100	0.00067
Xanthobacter_dioxanivorans	2528964	S	8689	3418	12107	0.00062
Xanthobacter_sp._YC-JY1	2419844	S	2768	3077	5845	0.00030
Xanthobacter_autotrophicus	280	S	2628	3146	5774	0.00030
Starkeya_sp._ORNL1	2709380	S	9329	2236	11565	0.00059
Starkeya_novella	921	S	8697	3795	12492	0.00064
Ancylobacter_sp._TS-1	1850374	S	5900	2885	8785	0.00045
Ancylobacter_polymorphus	223390	S	5570	3163	8733	0.00045
Ancylobacter_pratisalsi	1745854	S	4768	1287	6055	0.00031
Labrys_sp._KNU-23	2789216	S	6320	783	7103	0.00036
Azorhizobium_caulinodans	7	S	5729	1444	7173	0.00037
Rhodoplanes_sp._Z2-YC6860	674703	S	32557	3897	36454	0.00186
Hyphomicrobium_denitrificans	53399	S	6850	976	7826	0.00040
Hyphomicrobium_nitrativorans	1427356	S	5910	589	6499	0.00033
Hyphomicrobium_sp._MC1	717785	S	3687	314	4001	0.00020
Methyloceanibacter_sp._wino2	2170729	S	3588	870	4458	0.00023
Methyloceanibacter_caenitepidi	1384459	S	3572	809	4381	0.00022
Methyloligella_sp._GL2	2742204	S	5209	740	5949	0.00030
Aquabacter_sp._L1I39	2820278	S	5174	1060	6234	0.00032
Rhodomicrobium_vannielii	1069	S	4035	318	4353	0.00022
Caenibius_sp._WL	2872646	S	1621	329	1950	0.00010
Caenibius_tardaugens	169176	S	1079	917	1996	0.00010
Candidatus_Filomicrobium_marinum	1608628	S	1801	58	1859	0.00010
Devosia_sp._A16	1736675	S	9609	1315	10924	0.00056
Devosia_sp._JXJ_CY_41	2917991	S	3184	631	3815	0.00020
Devosia_sp._SL43	2806348	S	3005	600	3605	0.00018
Devosia_sp._1566	2499144	S	2959	351	3310	0.00017
Devosia_sp._I507	2083786	S	2426	782	3208	0.00016
Devosia_sp._MC521	2759954	S	976	169	1145	0.00006
Devosia_ginsengisoli	400770	S	3815	763	4578	0.00023
Devosia_salina	2860336	S	3323	1190	4513	0.00023
Devosia_beringensis	2657486	S	3134	509	3643	0.00019
Devosia_oryziradicis	2801335	S	3118	628	3746	0.00019
Devosia_rhizoryzae	2774137	S	2639	314	2953	0.00015
Youhaiella_tibetensis	1447062	S	4859	1175	6034	0.00031
Paradevosia_shaoguanensis	1335043	S	4552	1857	6409	0.00033
Pelagibacterium_halotolerans	531813	S	2354	369	2723	0.00014
Maritalea_myrionectae	454601	S	463	17	480	0.00002
Bosea_sp._Tri-49	1867715	S	8368	2284	10652	0.00054
Bosea_sp._RAC05	1842539	S	7501	2875	10376	0.00053
Bosea_sp._F3-2	2599640	S	7070	2664	9734	0.00050
Bosea_sp._AS-1	2015316	S	6191	2303	8494	0.00043
Bosea_sp._ANAM02	2020412	S	6142	2685	8827	0.00045
Bosea_sp._PAMC_26642	1792307	S	5330	1340	6670	0.00034
Bosea_vaviloviae	1526658	S	6478	1860	8338	0.00043
Aureimonas_sp._SA4125	2826993	S	6109	1358	7467	0.00038
Aureimonas_sp._AU20	1349819	S	5274	909	6183	0.00032
Aureimonas_sp._OT7	2816454	S	2866	2623	5489	0.00028
Aureimonas_populi	1701758	S	4799	1102	5901	0.00030
Aureimonas_mangrovi	2758041	S	4187	1042	5229	0.00027
Aureimonas_altamirensis	370622	S	2586	991	3577	0.00018
Martelella_sp._AD-3	686597	S	1509	4498	6007	0.00031
Martelella_mediterranea	293089	S	2815	1165	3980	0.00020
Martelella_endophytica	1486262	S	2460	646	3106	0.00016
Martelella_lutilitoris	2583532	S	1521	1373	2894	0.00015
Aurantimonas_sp._HBX-1	2906072	S	8469	3040	11509	0.00059
Nordella_sp._HKS_07	2712222	S	14556	968	15524	0.00079
Pseudorhodoplanes_sinuspersici	1235591	S	12024	1088	13112	0.00067
Terrihabitans_soli	708113	S	8570	1167	9737	0.00050
Candidatus_Hodgkinia_cicadicola	573658	S	93	1	94	0.00000
Methylocystis_bryophila	655015	S	4055	472	4527	0.00023
Methylocystis_parvus	134	S	3852	528	4380	0.00022
Methylocystis_heyeri	391905	S	3602	463	4065	0.00021
Methylocystis_sp._SC2	187303	S	2357	679	3036	0.00016
Methylocystis_sp._SB2	743836	S	794	1315	2109	0.00011
Methylocystis_rosea	173366	S	2610	2105	4715	0.00024
Methylosinus_trichosporium	426	S	5155	1155	6310	0.00032
Methylosinus_sp._C49	2699395	S	4177	917	5094	0.00026
Stappia_indica	538381	S	8475	2411	10886	0.00056
Stappia_sp._ES.058	1881061	S	4251	634	4885	0.00025
Roseibium_aggregatum	187304	S	4218	675	4893	0.00025
Roseibium_alexandrii	388408	S	1163	114	1277	0.00007
Pannonibacter_phragmitetus	121719	S	5364	4510	9874	0.00051
Labrenzia_sp._VG12	2021862	S	2313	315	2628	0.00013
Labrenzia_sp._PHM005	2590016	S	995	87	1082	0.00006
Labrenzia_sp._THAF82	2587861	S	955	68	1023	0.00005
Pseudovibrio_sp._FO-BEG1	911045	S	407	142	549	0.00003
Pseudovibrio_brasiliensis	1898042	S	384	131	515	0.00003
Phreatobacter_stygius	1940610	S	9537	1704	11241	0.00057
Phreatobacter_cathodiphilus	1868589	S	9170	3204	12374	0.00063
Phreatobacter_sp._NMCR1094	2570229	S	6224	1381	7605	0.00039
Kaustia_mangrovi	2593653	S	13785	1608	15393	0.00079
Parvibaculum_lavamentivorans	256618	S	4867	3826	8693	0.00044
Pyruvatibacter_mobilis	1712261	S	3498	514	4012	0.00021
Candidatus_Phaeomarinobacter_ectocarpi	1458461	S	1287	78	1365	0.00007
Chelatococcus_sp._CO-6	1702325	S	9976	6531	16507	0.00084
Chelatococcus_daeguensis	444444	S	4942	3126	8068	0.00041
Blastochloris_tepida	2233851	S	7710	3084	10794	0.00055
Blastochloris_viridis	1079	S	6504	2069	8573	0.00044
Methylocella_silvestris	199596	S	3813	509	4322	0.00022
Methylocella_tundrae	227605	S	3223	362	3585	0.00018
Methylovirgula_ligni	569860	S	3214	457	3671	0.00019
Methylovirgula_sp._HY1	2822761	S	2374	163	2537	0.00013
Beijerinckia_indica	533	S	1505	130	1635	0.00008
Acuticoccus_sp._I52.16.1	2928472	S	10595	1351	11946	0.00061
Kaistia_sp._32K	2795690	S	8945	2684	11629	0.00059
Brucella_anthropi	529	S	1572	1097	2669	0.00014
Brucella_intermedia	94625	S	1454	299	1753	0.00009
Brucella_sp._BTU1	2840456	S	226	44	270	0.00001
Brucella_sp._10RB9215	1149953	S	93	97	190	0.00001
Brucella_sp._09RB8910	1844051	S	78	78	156	0.00001
Brucella_sp._6810	2769351	S	60	92	152	0.00001
Brucella_sp._2280	2592625	S	54	104	158	0.00001
Brucella_sp._BO2	693750	S	47	103	150	0.00001
Brucella_sp._BO3	2691913	S	44	69	113	0.00001
Brucella_sp._09RB8471	1149952	S	40	70	110	0.00001
Brucella_sp._458	2821140	S	31	64	95	0.00000
[Ochrobactrum]_quorumnocens	271865	S	550	97	647	0.00003
Brucella_pseudogrignonensis	419475	S	351	114	465	0.00002
Brucella_pituitosa	571256	S	168	61	229	0.00001
Brucella_melitensis	29459	S	64	2743	2807	0.00014
Brucella_inopinata	1218315	S	61	63	124	0.00001
Brucella_abortus	235	S	16	2720	2736	0.00014
Brucella_suis	29461	S	12	537	549	0.00003
Pseudochrobactrum_sp._Wa41.01b-1	2864102	S	137	146	283	0.00001
Pseudochrobactrum_sp._XF203	2879116	S	118	115	233	0.00001
Pseudochrobactrum_algeriensis	2834768	S	165	174	339	0.00002
Breoghania_sp._L-A4	2304600	S	6079	959	7038	0.00036
Hartmannibacter_diazotrophicus	1482074	S	6053	1321	7374	0.00038
Lichenihabitans_psoromatis	2528642	S	1795	1032	2827	0.00014
Lichenihabitans_sp._PAMC28606	2880932	S	1507	1006	2513	0.00013
Cohaesibacter_sp._ES.047	1798205	S	987	45	1032	0.00005
Bartonella_apis	1686310	S	304	20	324	0.00002
Bartonella_sp._HY038	2759660	S	85	20	105	0.00001
Bartonella_australis	388640	S	48	6	54	0.00000
Bartonella_vinsonii	33047	S	44	24	68	0.00000
Bartonella_ancashensis	1318743	S	29	4	33	0.00000
Bartonella_quintana	803	S	21	4	25	0.00000
Bartonella_alsatica	52764	S	21	5	26	0.00000
Bartonella_henselae	38323	S	20	6	26	0.00000
Bartonella_clarridgeiae	56426	S	18	11	29	0.00000
Bartonella_birtlesii	111504	S	17	6	23	0.00000
Bartonella_tribocorum	85701	S	14	40	54	0.00000
Bartonella_bacilliformis	774	S	13	2	15	0.00000
Sphingomonas_sp._S8-45	2938948	S	16712	2240	18952	0.00097
Sphingomonas_sp._HDW15A	2714942	S	14376	1266	15642	0.00080
Sphingomonas_sp._DM2-R-LB4	2899123	S	12931	4862	17793	0.00091
Sphingomonas_sp._MM-1	745310	S	8912	12305	21217	0.00109
Sphingomonas_sp._CL5.1	2653203	S	8106	3018	11124	0.00057
Sphingomonas_sp._AK-PDB1-5	2872652	S	7886	1412	9298	0.00048
Sphingomonas_sp._Cra20	1327635	S	7225	1259	8484	0.00043
Sphingomonas_sp._AP4-R1	2735134	S	6938	972	7910	0.00040
Sphingomonas_sp._LM7	1938607	S	6345	1533	7878	0.00040
Sphingomonas_sp._NBWT7	2596913	S	5840	2106	7946	0.00041
Sphingomonas_sp._S2-65	2903960	S	5675	1246	6921	0.00035
Sphingomonas_sp._FARSPH	2219696	S	5486	4934	10420	0.00053
Sphingomonas_sp._AAP5	1523415	S	5292	1507	6799	0.00035
Sphingomonas_sp._PAMC26645	2565555	S	4393	1616	6009	0.00031
Sphingomonas_sp._KC8	1030157	S	4169	582	4751	0.00024
Sphingomonas_sp._HMP9	1517554	S	4167	2037	6204	0.00032
Sphingomonas_sp._HMP6	1517551	S	3585	780	4365	0.00022
Sphingomonas_sp._LK11	1390395	S	2571	2960	5531	0.00028
Sphingomonas_sp._NIC1	1961362	S	2394	8548	10942	0.00056
Sphingomonas_sp._IC081	304378	S	691	4714	5405	0.00028
Sphingomonas_sediminicola	386874	S	33824	3617	37441	0.00191
Sphingomonas_lutea	1045317	S	33216	4761	37977	0.00194
Sphingomonas_daechungensis	1176646	S	29675	3204	32879	0.00168
Sphingomonas_sabuli	2764186	S	26680	3632	30312	0.00155
Sphingomonas_sinipercae	2714944	S	25222	3749	28971	0.00148
Sphingomonas_ginsengisoli_An_et_al._2013	363835	S	23248	3531	26779	0.00137
Sphingomonas_rhizophila	2071607	S	19375	5467	24842	0.00127
Sphingomonas_xanthus	2594473	S	16561	4073	20634	0.00106
Sphingomonas_piscis	2714943	S	16083	1643	17726	0.00091
Sphingomonas_profundi	2681549	S	10942	1938	12880	0.00066
Sphingomonas_alpina	653931	S	9114	842	9956	0.00051
Sphingomonas_sanxanigenens	397260	S	9111	4820	13931	0.00071
Sphingomonas_changnyeongensis	2698679	S	7103	1519	8622	0.00044
Sphingomonas_koreensis	93064	S	6748	5652	12400	0.00063
Sphingomonas_taxi	1549858	S	6282	2197	8479	0.00043
Sphingomonas_hengshuiensis	1609977	S	5906	857	6763	0.00035
Sphingomonas_panacis	1560345	S	5690	933	6623	0.00034
Sphingomonas_suaedae	2599297	S	5251	760	6011	0.00031
Sphingomonas_panacisoli	1813879	S	5231	789	6020	0.00031
Sphingomonas_radiodurans	2890321	S	4998	734	5732	0.00029
Sphingomonas_insulae	424800	S	4317	1384	5701	0.00029
Sphingomonas_aliaeris	2759526	S	4032	561	4593	0.00023
Sphingomonas_paucimobilis	13689	S	3566	2611	6177	0.00032
Sphingomonas_sanguinis	33051	S	2959	2983	5942	0.00030
Sphingomonas_melonis	152682	S	2587	10255	12842	0.00066
Sphingomonas_lacunae	2698828	S	2042	295	2337	0.00012
Sphingomonas_paeninsulae	2319844	S	1703	80	1783	0.00009
Sphingopyxis_sp._QXT-31	1357916	S	4679	1444	6123	0.00031
Sphingopyxis_sp._PAMC25046	2565556	S	4669	2339	7008	0.00036
Sphingopyxis_sp._YF1	2482763	S	4256	1083	5339	0.00027
Sphingopyxis_sp._113P3	292913	S	4127	1754	5881	0.00030
Sphingopyxis_sp._OPL5	2486273	S	4065	860	4925	0.00025
Sphingopyxis_sp._BSN-002	2911495	S	3620	720	4340	0.00022
Sphingopyxis_sp._FD7	1914525	S	3469	1591	5060	0.00026
Sphingopyxis_sp._EG6	1874061	S	2888	1566	4454	0.00023
Sphingopyxis_sp._MG	1866325	S	186	1846	2032	0.00010
Sphingopyxis_macrogoltabida	33050	S	7034	3806	10840	0.00055
Sphingopyxis_terrae	33052	S	4041	2334	6375	0.00033
Sphingopyxis_lindanitolerans	2054227	S	3483	1815	5298	0.00027
Sphingopyxis_fribergensis	1515612	S	3241	1408	4649	0.00024
Sphingopyxis_granuli	267128	S	3185	9462	12647	0.00065
Sphingopyxis_alaskensis	117207	S	3058	768	3826	0.00020
Sphingobium_sp._SYK-6	627192	S	5051	1480	6531	0.00033
Sphingobium_sp._TKS	1315974	S	2798	4278	7076	0.00036
Sphingobium_sp._EP60837	1855519	S	2722	826	3548	0.00018
Sphingobium_sp._Cam5-1	2789327	S	2639	1045	3684	0.00019
Sphingobium_sp._CAP-1	2676077	S	2519	1703	4222	0.00022
Sphingobium_sp._YG1	2082188	S	2517	1153	3670	0.00019
Sphingobium_sp._SCG-1	2072936	S	2436	197	2633	0.00013
Sphingobium_sp._RAC03	1843368	S	2377	482	2859	0.00015
Sphingobium_sp._MI1205	407020	S	1775	2652	4427	0.00023
Sphingobium_sp._KCTC_72723	2733867	S	1750	333	2083	0.00011
Sphingobium_sp._PAMC28499	2565554	S	699	1483	2182	0.00011
Sphingobium_sp._YBL2	484429	S	283	2029	2312	0.00012
Sphingobium_sp._RSMS	520734	S	232	1492	1724	0.00009
Sphingobium_sp._LF-16	2185111	S	48	840	888	0.00005
Sphingobium_yanoikuyae	13690	S	4347	8898	13245	0.00068
Sphingobium_phenoxybenzoativorans	1592790	S	3455	1508	4963	0.00025
Sphingobium_indicum	332055	S	3345	2733	6078	0.00031
Sphingobium_amiense	135719	S	3189	4246	7435	0.00038
Sphingobium_cloacae	120107	S	2874	4514	7388	0.00038
Sphingobium_chlorophenolicum	46429	S	2517	1233	3750	0.00019
Sphingobium_xenophagum	121428	S	2331	1662	3993	0.00020
Sphingobium_baderi	1332080	S	2185	2299	4484	0.00023
Sphingobium_herbicidovorans	76947	S	1755	1667	3422	0.00018
Sphingobium_fuliginis	336203	S	1085	4544	5629	0.00029
Novosphingobium_sp._Gsoil_351	2675225	S	5156	474	5630	0.00029
Novosphingobium_sp._Sx8-5	2896849	S	4784	696	5480	0.00028
Novosphingobium_sp._EMRT-2	2571749	S	4105	2591	6696	0.00034
Novosphingobium_sp._P6W	1609758	S	3298	577	3875	0.00020
Novosphingobium_sp._ES2-1	2780074	S	2556	1335	3891	0.00020
Novosphingobium_sp._THN1	1016987	S	2389	866	3255	0.00017
Novosphingobium_sp._PP1Y	702113	S	2154	2482	4636	0.00024
Novosphingobium_sp._KA1	164608	S	804	4458	5262	0.00027
Novosphingobium_resinovorum	158500	S	4406	2303	6709	0.00034
Novosphingobium_aromaticivorans	48935	S	3645	1766	5411	0.00028
Novosphingobium_decolorationis	2698673	S	3391	1991	5382	0.00028
Novosphingobium_ginsenosidimutans	1176536	S	2800	309	3109	0.00016
Novosphingobium_pentaromativorans	205844	S	1760	3125	4885	0.00025
Rhizorhabdus_wittichii	160791	S	11866	7595	19461	0.00100
Rhizorhabdus_dicambivorans	1850238	S	6975	6264	13239	0.00068
Rhizorhabdus_phycosphaerae	2711156	S	5162	701	5863	0.00030
Allosphingosinicella_indica	941907	S	16055	2160	18215	0.00093
Sphingosinithalassobacter_sp._CS137	2762748	S	5968	1354	7322	0.00037
Sphingosinithalassobacter_tenebrarum	2711215	S	4259	1446	5705	0.00029
Parasphingopyxis_algicola	2026624	S	5800	439	6239	0.00032
Parasphingopyxis_sp._CP4	2724527	S	1567	83	1650	0.00008
Sphingorhabdus_sp._YGSMI21	2077182	S	1557	284	1841	0.00009
Sphingorhabdus_sp._SMR4y	2584094	S	1462	273	1735	0.00009
Sphingorhabdus_sp._M41	1806885	S	1147	160	1307	0.00007
Sphingorhabdus_lacus	392610	S	1000	47	1047	0.00005
Sphingorhabdus_lutea	1913578	S	140	11	151	0.00001
Blastomonas_sp._RAC04	1842535	S	1301	1979	3280	0.00017
Blastomonas_fulva	1550728	S	946	1855	2801	0.00014
Hankyongella_ginsenosidimutans	1763828	S	4300	909	5209	0.00027
Tardibacter_chloracetimidivorans	1921510	S	3900	3362	7262	0.00037
Novosphingopyxis_iocasae	2762729	S	2731	1648	4379	0.00022
Citromicrobium_sp._JL477	1634516	S	2686	1338	4024	0.00021
Parasphingorhabdus_halotolerans	2725558	S	587	25	612	0.00003
Parasphingorhabdus_sp._JHSY0214	2806553	S	533	42	575	0.00003
Parasphingorhabdus_litoris	394733	S	496	40	536	0.00003
Aquisediminimonas_profunda	1550733	S	1367	57	1424	0.00007
Erythrobacter_sp._HL-111	1798193	S	3505	705	4210	0.00022
Erythrobacter_sp._JK5	2829500	S	2577	809	3386	0.00017
Erythrobacter_sp._HKB08	2502843	S	2538	579	3117	0.00016
Erythrobacter_sp._SDW2	2907154	S	2490	690	3180	0.00016
Erythrobacter_sp._THAF29	2587851	S	1550	378	1928	0.00010
Erythrobacter_sp._A30-3	2785907	S	1287	1057	2344	0.00012
Erythrobacter_sp._LQ02-29	2920384	S	1282	1480	2762	0.00014
Erythrobacter_sp._KY5	2011159	S	1257	104	1361	0.00007
Erythrobacter_sp._3-20A1M	2653850	S	1250	2031	3281	0.00017
Erythrobacter_sp._SCSIO_43205	2779361	S	718	145	863	0.00004
Erythrobacter_litoralis	39960	S	4589	2031	6620	0.00034
Erythrobacter_neustonensis	1112	S	1878	459	2337	0.00012
Erythrobacter_mangrovi	2739433	S	1808	679	2487	0.00013
Erythrobacter_aureus	2182384	S	1542	292	1834	0.00009
Porphyrobacter_sp._CACIAM_03H1	2003315	S	3559	1119	4678	0.00024
Porphyrobacter_sp._GA68	2883480	S	2017	918	2935	0.00015
Porphyrobacter_sp._LM_6	1896196	S	1811	679	2490	0.00013
Porphyrobacter_sp._HT-58-2	2023229	S	1783	454	2237	0.00011
Qipengyuania_flava	192812	S	5071	2994	8065	0.00041
Qipengyuania_sediminis	1532023	S	3059	464	3523	0.00018
Qipengyuania_soli	2782568	S	2208	427	2635	0.00013
Qipengyuania_aurantiaca	2867233	S	1811	626	2437	0.00012
Qipengyuania_gelatinilytica	2867231	S	1548	307	1855	0.00009
Qipengyuania_seohaensis	266951	S	1232	273	1505	0.00008
Qipengyuania_xiapuensis	2867236	S	955	989	1944	0.00010
Qipengyuania_psychrotolerans	2867238	S	945	127	1072	0.00005
Qipengyuania_aquimaris	255984	S	909	951	1860	0.00010
Altererythrobacter_sp._B11	2060312	S	3761	1866	5627	0.00029
Altererythrobacter_sp._TH136	2067415	S	2811	555	3366	0.00017
Altererythrobacter_sp._BO-6	2604537	S	1664	273	1937	0.00010
Altererythrobacter_sp._ZODW24	2185142	S	669	34	703	0.00004
Altererythrobacter_epoxidivorans	361183	S	1401	415	1816	0.00009
Altererythrobacter_ishigakiensis	476157	S	562	44	606	0.00003
Tsuneonella_amylolytica	2338327	S	3649	1102	4751	0.00024
Tsuneonella_dongtanensis	692370	S	3533	728	4261	0.00022
Tsuneonella_mangrovi	1982042	S	2336	370	2706	0.00014
Tsuneonella_flava	2055955	S	1041	325	1366	0.00007
Croceicoccus_sp._YJ47	2798724	S	2299	1358	3657	0.00019
Croceicoccus_sp._Ery5	1703340	S	783	907	1690	0.00009
Croceicoccus_sp._Ery15	1703338	S	664	1111	1775	0.00009
Croceicoccus_marinus	450378	S	4122	2270	6392	0.00033
Croceicoccus_naphthovorans	1348774	S	1665	2085	3750	0.00019
Pelagerythrobacter_marensis	543877	S	2247	332	2579	0.00013
Aurantiacibacter_gangjinensis	502682	S	1532	157	1689	0.00009
Aurantiacibacter_atlanticus	1648404	S	682	232	914	0.00005
Paraurantiacibacter_namhicola	645517	S	2068	286	2354	0.00012
Croceibacterium_atlanticum	1267766	S	1694	747	2441	0.00012
Sphingosinicella_sp._BN140058	1892855	S	14444	1412	15856	0.00081
Sphingosinicella_flava	2771430	S	7930	1233	9163	0.00047
Sphingosinicella_microcystinivorans	335406	S	4439	613	5052	0.00026
Polymorphobacter_sp._PAMC_29334	2862331	S	2416	1740	4156	0.00021
Polymorphobacter_sp._PAMC_29362	2835787	S	2403	1677	4080	0.00021
Sandaracinobacter_sp._M6	2759707	S	3855	290	4145	0.00021
Zymomonas_mobilis	542	S	291	230	521	0.00003
Azospirillum_sp._B510	137722	S	5188	2055	7243	0.00037
Azospirillum_sp._TSH100	652764	S	4208	2050	6258	0.00032
Azospirillum_sp._TSA2s	709810	S	4123	3355	7478	0.00038
Azospirillum_sp._TSH58	664962	S	3154	4491	7645	0.00039
Azospirillum_brasilense	192	S	17097	16031	33128	0.00169
Azospirillum_thermophilum	2202148	S	13632	3332	16964	0.00087
Azospirillum_thiophilum	528244	S	6534	2291	8825	0.00045
Azospirillum_ramasamyi	682998	S	4162	2566	6728	0.00034
Azospirillum_humicireducens	1226968	S	3284	2061	5345	0.00027
Azospirillum_lipoferum	193	S	3028	2396	5424	0.00028
Azospirillum_oryzae	286727	S	3013	2792	5805	0.00030
Azospirillum_baldaniorum	1064539	S	2140	4645	6785	0.00035
Skermanella_mucosa	1789672	S	6911	5489	12400	0.00063
Skermanella_sp._TT6	2775420	S	6076	6975	13051	0.00067
Skermanella_rosea	1817965	S	5984	6239	12223	0.00063
Skermanella_pratensis	2233999	S	5795	3653	9448	0.00048
Nitrospirillum_amazonense	28077	S	7561	966	8527	0.00044
Indioceanicola_profundi	2220096	S	6939	1052	7991	0.00041
Niveispirillum_cyanobacteriorum	1612173	S	3245	381	3626	0.00019
Roseomonas_sp._OT10	2897332	S	12391	3139	15530	0.00079
Roseomonas_sp._S08	1750527	S	11337	732	12069	0.00062
Roseomonas_sp._FDAARGOS_362	2018065	S	812	4317	5129	0.00026
Roseomonas_gilardii	257708	S	8627	4009	12636	0.00065
Roseomonas_haemaphysalidis	2768162	S	7821	919	8740	0.00045
Roseomonas_marmotae	2768161	S	6877	793	7670	0.00039
Roseomonas_mucosa	207340	S	736	4552	5288	0.00027
Rhodovastum_atsumiense	504468	S	10504	1097	11601	0.00059
Roseococcus_microcysteis	2771361	S	7709	722	8431	0.00043
Komagataeibacter_xylinus	28448	S	2115	3814	5929	0.00030
Komagataeibacter_saccharivorans	265959	S	837	302	1139	0.00006
Komagataeibacter_nataicola	265960	S	648	304	952	0.00005
Komagataeibacter_europaeus	33995	S	623	318	941	0.00005
Komagataeibacter_oboediens	65958	S	559	275	834	0.00004
Komagataeibacter_medellinensis	1177712	S	491	402	893	0.00005
Komagataeibacter_rhaeticus	215221	S	25	450	475	0.00002
Acidiphilium_multivorum	62140	S	1605	6939	8544	0.00044
Acidiphilium_cryptum	524	S	367	2500	2867	0.00015
Sediminicoccus_rosea	1225128	S	5261	272	5533	0.00028
Acidibrevibacterium_fodinaquatile	1969806	S	5018	467	5485	0.00028
Lichenicola_cladoniae	1484109	S	4525	221	4746	0.00024
Acetobacter_aceti	435	S	1882	664	2546	0.00013
Acetobacter_sp._KACC_21233	2592655	S	468	94	562	0.00003
Acetobacter_sp._JWB	2259883	S	12	731	743	0.00004
Acetobacter_persici	1076596	S	439	58	497	0.00003
Acetobacter_ghanensis	431306	S	242	58	300	0.00002
Acetobacter_pasteurianus	438	S	154	244	398	0.00002
Acetobacter_tropicalis	104102	S	112	64	176	0.00001
Acetobacter_ascendens	481146	S	102	97	199	0.00001
Acetobacter_senegalensis	446692	S	99	68	167	0.00001
Acetobacter_orientalis	146474	S	96	13	109	0.00001
Acetobacter_oryzoeni	2500548	S	38	40	78	0.00000
Gluconacetobacter_diazotrophicus	33996	S	3166	663	3829	0.00020
Gluconobacter_oxydans	442	S	1089	1141	2230	0.00011
Gluconobacter_albidus	318683	S	500	90	590	0.00003
Gluconobacter_sphaericus	574987	S	334	78	412	0.00002
Gluconobacter_frateurii	38308	S	254	66	320	0.00002
Gluconobacter_thailandicus	257438	S	116	88	204	0.00001
Granulibacter_bethesdensis	364410	S	2034	181	2215	0.00011
Asaia_bogorensis	91915	S	1334	228	1562	0.00008
Neoasaia_chiangmaiensis	320497	S	1223	248	1471	0.00008
Kozakia_baliensis	153496	S	840	295	1135	0.00006
Novacetimonas_hansenii	436	S	820	403	1223	0.00006
Oecophyllibacter_saccharovorans	2558360	S	654	22	676	0.00003
Parasaccharibacter_apium	1510841	S	43	181	224	0.00001
Parasaccharibacter_sp._TMW_2.1888	2268025	S	36	158	194	0.00001
Swingsia_sp._F3b2	2558361	S	290	8	298	0.00002
Swingsia_samuiensis	1293412	S	41	6	47	0.00000
Neokomagataea_tanensis	661191	S	168	28	196	0.00001
Entomobacter_blattae	2762277	S	110	8	118	0.00001
Bombella_sp._KACC_21507	2697033	S	38	4	42	0.00000
Hypericibacter_adhaerens	2602016	S	23042	4634	27676	0.00142
Hypericibacter_terrae	2602015	S	17753	2860	20613	0.00105
Magnetospirillum_sp._XM-1	1663591	S	4260	1457	5717	0.00029
Magnetospirillum_sp._ME-1	1639348	S	3502	1299	4801	0.00025
Magnetospirillum_gryphiswaldense	55518	S	4817	414154	418971	0.02143
Magnetospirillum_magneticum	84159	S	4076	457	4533	0.00023
Rhodospirillum_centenum	34018	S	9251	1371	10622	0.00054
Rhodospirillum_rubrum	1085	S	4106	323	4429	0.00023
Ferrovibrio_terrae	2594003	S	9627	643	10270	0.00053
Tistrella_mobilis	171437	S	9026	4455	13481	0.00069
Defluviicoccus_vanus	111831	S	4686	437	5123	0.00026
Pararhodospirillum_photometricum	1084	S	2874	227	3101	0.00016
Haematospirillum_jordaniae	1549855	S	502	44	546	0.00003
Candidatus_Endolissoclinum_faulkneri	1263979	S	267	2	269	0.00001
Stella_humosa	94	S	21494	1576	23070	0.00118
Elioraea_tepida	2843330	S	8952	471	9423	0.00048
Thalassospira_sp._A40-3	2785908	S	455	193	648	0.00003
Thalassospira_sp._B30-1	2785911	S	237	384	621	0.00003
Thalassospira_marina	2048283	S	594	38	632	0.00003
Thalassospira_indica	1891279	S	441	287	728	0.00004
Thalassospira_xiamenensis	220697	S	251	384	635	0.00003
Magnetospira_sp._QH-2	1288970	S	1970	68	2038	0.00010
Terasakiella_sp._SH-1	2560057	S	219	5	224	0.00001
Paracoccus_sp._MC1862	2760307	S	2782	330	3112	0.00016
Paracoccus_sp._MA	2895796	S	2397	1420	3817	0.00020
Paracoccus_sp._AK26	2589076	S	2059	388	2447	0.00013
Paracoccus_sp._H4-D09	2812658	S	1404	326	1730	0.00009
Paracoccus_sp._S8-55	2903900	S	1373	205	1578	0.00008
Paracoccus_sp._Arc7-R13	2500532	S	796	909	1705	0.00009
Paracoccus_sanguinis	1545044	S	4372	1261	5633	0.00029
Paracoccus_liaowanqingii	2560053	S	2878	363	3241	0.00017
Paracoccus_yeei	147645	S	2856	4909	7765	0.00040
Paracoccus_denitrificans	266	S	2677	1378	4055	0.00021
Paracoccus_zhejiangensis	1077935	S	2625	691	3316	0.00017
Paracoccus_aminovorans	34004	S	2569	809	3378	0.00017
Paracoccus_suum	2259340	S	2367	461	2828	0.00014
Paracoccus_pantotrophus	82367	S	2326	1461	3787	0.00019
Paracoccus_jeotgali	2065379	S	2236	475	2711	0.00014
Paracoccus_contaminans	1945662	S	2234	560	2794	0.00014
Paracoccus_aminophilus	34003	S	1892	207	2099	0.00011
Paracoccus_kondratievae	135740	S	1170	250	1420	0.00007
Paracoccus_tegillarcae	1529068	S	1110	73	1183	0.00006
Paracoccus_marcusii	59779	S	892	899	1791	0.00009
Paracoccus_mutanolyticus	1499308	S	281	1052	1333	0.00007
Cereibacter_sphaeroides	1063	S	9160	4181	13341	0.00068
Cereibacter_azotoformans	43057	S	945	3480	4425	0.00023
Rhodobacter_sp._CZR27	2033869	S	3822	1346	5168	0.00026
Rhodobacter_sp._N10	2807096	S	2892	383	3275	0.00017
Rhodobacter_sp._LPB0142	1850250	S	2731	2088	4819	0.00025
Rhodobacter_capsulatus	1061	S	3533	800	4333	0.00022
Rhodovulum_sp._P5	1564506	S	2009	242	2251	0.00012
Rhodovulum_sp._MB263	308754	S	1657	722	2379	0.00012
Rhodovulum_sulfidophilum	35806	S	2902	1827	4729	0.00024
Paroceanicella_profunda	2579971	S	6751	1934	8685	0.00044
Polymorphum_gilvum	991904	S	6660	1745	8405	0.00043
Pikeienuella_piscinae	2748098	S	5286	540	5826	0.00030
Pontivivens_ytuae	2789856	S	4387	363	4750	0.00024
Silicimonas_algicola	1826607	S	4089	269	4358	0.00022
Thioclava_electrotropha	1549850	S	1677	452	2129	0.00011
Thioclava_nitratireducens	1915078	S	1670	617	2287	0.00012
Pelagovum_pacificum	2588711	S	3466	474	3940	0.00020
Frigidibacter_mobilis	1335048	S	2873	1329	4202	0.00021
Brevirhabdus_pacifica	1267768	S	2629	1362	3991	0.00020
Pukyongiella_litopenaei	2605946	S	2612	694	3306	0.00017
Fuscovulum_blasticum	1075	S	2059	291	2350	0.00012
Gymnodinialimonas_ceratoperidinii	2856823	S	2056	215	2271	0.00012
Haematobacter_massiliensis	195105	S	1875	811	2686	0.00014
Falsirhodobacter_sp._PG104	2692330	S	1859	295	2154	0.00011
Pseudopuniceibacterium_antarcticum	2613965	S	1762	153	1915	0.00010
Tabrizicola_piscis	2494374	S	1690	172	1862	0.00010
Gemmobacter_aquarius	2169400	S	1609	364	1973	0.00010
Pacificitalea_manganoxidans	1411902	S	1560	379	1939	0.00010
Monaibacterium_sp._h42	2758038	S	1409	364	1773	0.00009
Pseudooceanicola_algae	1537215	S	1395	152	1547	0.00008
Roseicitreum_antarcticum	564137	S	1189	68	1257	0.00006
Tritonibacter_mobilis	379347	S	1028	513	1541	0.00008
Yoonia_vestfoldensis	245188	S	858	215	1073	0.00005
Rhodophyticola_sp._CCM32	2916397	S	841	27	868	0.00004
Qingshengfaniella_alkalisoli	2599296	S	808	48	856	0.00004
Pseudohalocynthiibacter_aestuariivivens	1591409	S	751	166	917	0.00005
Rhodobaca_barguzinensis	441209	S	653	32	685	0.00004
Profundibacter_amoris	2171755	S	652	25	677	0.00003
Pseudorhodobacter_turbinis	2500533	S	536	38	574	0.00003
Parasedimentitalea_marina	2483033	S	496	25	521	0.00003
Cognatishimia_activa	1715691	S	451	22	473	0.00002
Aestuarium_zhoushanense	2820523	S	435	196	631	0.00003
Planktomarina_temperata	1284658	S	257	7	264	0.00001
Roseovarius_sp._SCSIO_43702	2823043	S	3422	287	3709	0.00019
Roseovarius_sp._THAF9	2587847	S	1441	375	1816	0.00009
Roseovarius_sp._THAF8	2587846	S	645	1024	1669	0.00009
Roseovarius_sp._THAF27	2587850	S	612	1044	1656	0.00008
Roseovarius_sp._TM1035	391613	S	265	503	768	0.00004
Roseovarius_indicus	540747	S	3821	1298	5119	0.00026
Roseovarius_faecimaris	2494550	S	1453	67	1520	0.00008
Roseovarius_mucosus	215743	S	287	555	842	0.00004
Sulfitobacter_sp._THAF37	2587855	S	1536	687	2223	0.00011
Sulfitobacter_sp._JK7-1	2829501	S	1460	85	1545	0.00008
Sulfitobacter_sp._D7	1968541	S	696	284	980	0.00005
Sulfitobacter_sp._JL08	2070369	S	640	16	656	0.00003
Sulfitobacter_sp._SK011	1389004	S	564	15	579	0.00003
Sulfitobacter_sp._DSM_110093	2883127	S	485	147	632	0.00003
Sulfitobacter_sp._BSw21498	664426	S	358	60	418	0.00002
Sulfitobacter_sp._SK012	1389005	S	341	7	348	0.00002
Sulfitobacter_sp._SK025	1389011	S	137	300	437	0.00002
Sulfitobacter_sp._CB2047	1525218	S	94	272	366	0.00002
Sulfitobacter_sp._B30-2	2785912	S	92	209	301	0.00002
Sulfitobacter_alexandrii	1917485	S	2275	1244	3519	0.00018
Sulfitobacter_mediterraneus	83219	S	958	104	1062	0.00005
Sulfitobacter_indolifex	225422	S	678	161	839	0.00004
Sulfitobacter_dubius	218673	S	503	233	736	0.00004
Sulfitobacter_pontiacus	60137	S	266	606	872	0.00004
Salipiger_profundus	1229727	S	4263	2042	6305	0.00032
Salipiger_abyssi	1250539	S	2969	1273	4242	0.00022
Salipiger_sp._CCB-MM3	1792508	S	2755	423	3178	0.00016
Roseivivax_sp._THAF30	2587852	S	2218	558	2776	0.00014
Roseivivax_sp._THAF197b	2588299	S	51	1058	1109	0.00006
Roseivivax_sp._THAF40	2587858	S	40	1078	1118	0.00006
Roseivivax_marinus	1379903	S	4336	756	5092	0.00026
Celeribacter_indicus	1208324	S	3392	1773	5165	0.00026
Celeribacter_ethanolicus	1758178	S	1173	432	1605	0.00008
Celeribacter_baekdonensis	875171	S	561	162	723	0.00004
Celeribacter_marinus	1397108	S	342	12	354	0.00002
Leisingera_aquaemixtae	1396826	S	1798	360	2158	0.00011
Leisingera_sp._NJS204	2508307	S	338	596	934	0.00005
Leisingera_sp._NJS201	2508306	S	318	532	850	0.00004
Leisingera_methylohalidivorans	133924	S	1173	290	1463	0.00007
Phaeobacter_gallaeciensis	60890	S	1493	657	2150	0.00011
Phaeobacter_inhibens	221822	S	1160	483	1643	0.00008
Phaeobacter_piscinae	1580596	S	598	506	1104	0.00006
Phaeobacter_porticola	1844006	S	357	116	473	0.00002
Phaeobacter_sp._LSS9	681157	S	124	191	315	0.00002
Ruegeria_sp._TM1040	292414	S	689	125	814	0.00004
Ruegeria_sp._THAF33	2587853	S	545	146	691	0.00004
Ruegeria_sp._SCSIO_43209	2793010	S	529	104	633	0.00003
Ruegeria_sp._AD91A	2293862	S	474	54	528	0.00003
Ruegeria_pomeroyi	89184	S	2013	398	2411	0.00012
Sagittula_sp._P11	2009329	S	3556	1593	5149	0.00026
Yangia_pacifica	311180	S	3466	631	4097	0.00021
Sulfitobacter_pseudonitzschiae	1402135	S	2269	871	3140	0.00016
Pseudosulfitobacter_sp._DSM_107133	2883100	S	885	393	1278	0.00007
Ponticoccus_alexandrii	1943633	S	2648	429	3077	0.00016
Mameliella_alba	561184	S	2569	517	3086	0.00016
Dinoroseobacter_shibae	215813	S	2401	947	3348	0.00017
Roseobacter_ponti	1891787	S	977	27	1004	0.00005
Roseobacter_denitrificans	2434	S	656	83	739	0.00004
Roseobacter_litoralis	42443	S	524	73	597	0.00003
Actibacterium_sp._EMB200-NS6	1609966	S	1957	1027	2984	0.00015
Ketogulonicigenium_vulgare	92945	S	1084	151	1235	0.00006
Ketogulonicigenium_robustum	92947	S	810	106	916	0.00005
Oceanicola_sp._D3	2587163	S	1857	103	1960	0.00010
Octadecabacter_sp._SW4	2602067	S	625	97	722	0.00004
Octadecabacter_antarcticus	1217908	S	428	31	459	0.00002
Octadecabacter_arcticus	53946	S	426	37	463	0.00002
Octadecabacter_temperatus	1458307	S	268	5	273	0.00001
Roseibacterium_elongatum	159346	S	1782	162	1944	0.00010
Tateyamaria_omphalii	299262	S	1388	50	1438	0.00007
Maribius_sp._THAF1	2587842	S	1344	74	1418	0.00007
Thalassococcus_sp._S3	2017482	S	1324	37	1361	0.00007
Antarctobacter_heliothermus	74033	S	1198	67	1265	0.00006
Jannaschia_sp._CCS1	290400	S	1146	33	1179	0.00006
Thalassobius_gelatinovorus	53501	S	607	35	642	0.00003
Falsihalocynthiibacter_arcticus	1579316	S	246	8	254	0.00001
Caulobacter_sp._S6	2823693	S	8147	869	9016	0.00046
Caulobacter_sp._FWC26	69665	S	2907	1080	3987	0.00020
Caulobacter_segnis	88688	S	9056	3134	12190	0.00062
Caulobacter_mirabilis	69666	S	7853	1401	9254	0.00047
Caulobacter_vibrioides	155892	S	6105	6470	12575	0.00064
Caulobacter_flavus	1679497	S	5912	1460	7372	0.00038
Caulobacter_rhizosphaerae	2010972	S	5153	1268	6421	0.00033
Caulobacter_soli	2708539	S	4455	1196	5651	0.00029
Caulobacter_henricii	69395	S	2420	365	2785	0.00014
Brevundimonas_sp._PAMC22021	2861285	S	2716	590	3306	0.00017
Brevundimonas_sp._M20	2591463	S	2566	390	2956	0.00015
Brevundimonas_sp._MF30-B	2561924	S	2494	387	2881	0.00015
Brevundimonas_sp._LM2	1938605	S	2384	403	2787	0.00014
Brevundimonas_sp._AJA228-03	2752515	S	1793	234	2027	0.00010
Brevundimonas_sp._CS1	2813778	S	674	677	1351	0.00007
Brevundimonas_sp._SGAir0440	2579977	S	568	555	1123	0.00006
Brevundimonas_sp._DS20	1532555	S	543	1352	1895	0.00010
Brevundimonas_sp._Bb-A	2560058	S	488	1002	1490	0.00008
Brevundimonas_sp._'scallop'	2562582	S	478	852	1330	0.00007
Brevundimonas_sp._GW460-12-10-14-LB2	1827469	S	475	841	1316	0.00007
Brevundimonas_naejangsanensis	588932	S	4600	1572	6172	0.00032
Brevundimonas_albigilva	1312364	S	3143	1737	4880	0.00025
Brevundimonas_goettingensis	2774190	S	3010	465	3475	0.00018
Brevundimonas_subvibrioides	74313	S	2579	457	3036	0.00016
Brevundimonas_pondensis	2774189	S	1897	578	2475	0.00013
Brevundimonas_vitisensis	2800818	S	1859	225	2084	0.00011
Brevundimonas_mediterranea	74329	S	1721	668	2389	0.00012
Brevundimonas_diminuta	293	S	1709	3282	4991	0.00026
Brevundimonas_nasdae	172043	S	1516	1007	2523	0.00013
Brevundimonas_vesicularis	41276	S	481	1070	1551	0.00008
Brevundimonas_vancanneytii	1325724	S	472	1859	2331	0.00012
Phenylobacterium_zucineum	284016	S	22704	4603	27307	0.00140
Phenylobacterium_parvum	2201350	S	4837	527	5364	0.00027
Terricaulis_silvestris	2686094	S	12775	456	13231	0.00068
Asticcacaulis_excentricus	78587	S	2037	317	2354	0.00012
Asticcacaulis_sp._AND118	2840468	S	1800	271	2071	0.00011
Candidatus_Viadribacter_manganicus	1759059	S	6011	171	6182	0.00032
Hyphomonas_sp._CACIAM_19H1	1873716	S	1683	258	1941	0.00010
Hyphomonas_sp._Mor2	1906738	S	1003	21	1024	0.00005
Hyphomonas_sp._KY3	2016196	S	867	101	968	0.00005
Hyphomonas_neptunium	81032	S	1528	175	1703	0.00009
Hirschia_baltica	2724	S	82	2	84	0.00000
Marinicauda_algicola	2029849	S	5145	919	6064	0.00031
Glycocaulis_alkaliphilus	1434191	S	1587	90	1677	0.00009
Maricaulis_maris	74318	S	1559	108	1667	0.00009
Hyphobacterium_sp._CCMP332	2749086	S	1181	51	1232	0.00006
Aquisalinus_flavus	1526572	S	2311	114	2425	0.00012
Parvularcula_bermudensis	208216	S	867	107	974	0.00005
Anaplasma_ovis	142058	S	116	18	134	0.00001
Anaplasma_platys	949	S	50	6	56	0.00000
Anaplasma_marginale	770	S	43	64	107	0.00001
Anaplasma_centrale	769	S	16	24	40	0.00000
Anaplasma_phagocytophilum	948	S	14	2	16	0.00000
Wolbachia_endosymbiont_of_Ctenocephalides_felis_wCfeJ	2732594	S	14	28	42	0.00000
Wolbachia_endosymbiont_of_Ctenocephalides_felis_wCfeT	2732593	S	11	2	13	0.00000
Wolbachia_endosymbiont_of_Dirofilaria_(Dirofilaria)_immitis	1812115	S	10	5	15	0.00000
Wolbachia_pipientis	955	S	10	68	78	0.00000
Ehrlichia_ruminantium	779	S	51	13	64	0.00000
Ehrlichia_canis	944	S	21	9	30	0.00000
Neorickettsia_helminthoeca	33994	S	14	2	16	0.00000
Neorickettsia_sennetsu	951	S	11	36	47	0.00000
Neorickettsia_findlayensis	2686014	S	10	13	23	0.00000
Candidatus_Neoehrlichia_mikurensis	89586	S	32	8	40	0.00000
Rickettsia_tillamookensis	2761623	S	159	51	210	0.00001
Rickettsia_helvetica	35789	S	18	25	43	0.00000
Rickettsia_akari	786	S	14	3	17	0.00000
Rickettsia_amblyommatis	33989	S	12	9	21	0.00000
Rickettsia_montanensis	33991	S	11	15	26	0.00000
Rickettsia_endosymbiont_of_Oedothorax_gibbosus	931099	S	19	1	20	0.00000
Rickettsia_bellii	33990	S	12	8	20	0.00000
Rickettsia_canadensis	788	S	11	2	13	0.00000
Orientia_tsutsugamushi	784	S	28	1	29	0.00000
Candidatus_Sneabacter_namystus	2601646	S	16	1	17	0.00000
Candidatus_Phycorickettsia_trachydisci	2115978	S	99	5	104	0.00001
Candidatus_Midichloria_mitochondrii	234827	S	40	9	49	0.00000
Candidatus_Fokinia_solitaria	1802984	S	24	2	26	0.00000
Rickettsiales_endosymbiont_of_Stachyamoeba_lipophora	2486578	S	57	6	63	0.00000
Candidatus_Deianiraea_vastatrix	2163644	S	38	0	38	0.00000
Luteithermobacter_gelatinilyticus	2582913	S	682	123	805	0.00004
Paremcibacter_congregatus	2043170	S	678	21	699	0.00004
Micavibrio_aeruginosavorus	349221	S	1068	13	1081	0.00006
Candidatus_Puniceispirillum_marinum	767892	S	151	4	155	0.00001
Candidatus_Hydrogenosomobacter_endosymbioticus	2558174	S	83	2	85	0.00000
Candidatus_Cytomitobacter_indipagum	2601575	S	19	10	29	0.00000
Candidatus_Cytomitobacter_primus	2066024	S	15	7	22	0.00000
Candidatus_Gromoviella_agglomerans	2806609	S	40	2	42	0.00000
endosymbiont_of_Acanthamoeba_sp._UWC8	86106	S	37	0	37	0.00000
Candidatus_Nesciobacter_abundans	2601668	S	18	3	21	0.00000
Candidatus_Nucleicultrix_amoebiphila	1509244	S	132	9	141	0.00001
Candidatus_Paracaedibacter_acanthamoebae	91604	S	121	9	130	0.00001
Magnetococcus_marinus	1124597	S	358	9	367	0.00002
Candidatus_Pelagibacter_sp._RS40	1977865	S	24	2	26	0.00000
Candidatus_Pelagibacter_sp._RS39	1977864	S	16	3	19	0.00000
Candidatus_Pelagibacter_sp._HIMB1321	1388755	S	11	2	13	0.00000
Candidatus_Pelagibacter_ubique	198252	S	11	17	28	0.00000
Candidatus_Fonsibacter_ubiquis	1925548	S	78	9	87	0.00000
Kordiimonas_pumila	2161677	S	161	3	164	0.00001
Burkholderia_ubonensis	101571	S	8509	6663	15172	0.00078
Burkholderia_multivorans	87883	S	8484	4676	13160	0.00067
Burkholderia_cenocepacia	95486	S	6221	24834	31055	0.00159
Burkholderia_cepacia	292	S	5395	5669	11064	0.00057
Burkholderia_pyrrocinia	60550	S	3613	2561	6174	0.00032
Burkholderia_contaminans	488447	S	2939	2330	5269	0.00027
Burkholderia_ambifaria	152480	S	2857	7765	10622	0.00054
Burkholderia_stagnalis	1503054	S	2786	1218	4004	0.00020
Burkholderia_anthina	179879	S	2580	2973	5553	0.00028
Burkholderia_dolosa	152500	S	2519	27172	29691	0.00152
Burkholderia_stabilis	95485	S	2301	2062	4363	0.00022
Burkholderia_lata	482957	S	2225	2471	4696	0.00024
Burkholderia_territorii	1503055	S	1851	1150	3001	0.00015
Burkholderia_seminalis	488731	S	1719	1018	2737	0.00014
Burkholderia_vietnamiensis	60552	S	1638	5757	7395	0.00038
Burkholderia_metallica	488729	S	1170	712	1882	0.00010
Burkholderia_diffusa	488732	S	842	532	1374	0.00007
Burkholderia_pseudomultivorans	1207504	S	730	997	1727	0.00009
Burkholderia_latens	488446	S	418	1107	1525	0.00008
Burkholderia_aenigmatica	2015348	S	387	1015	1402	0.00007
Burkholderia_pseudomallei	28450	S	3633	27087	30720	0.00157
Burkholderia_mayonis	1385591	S	2760	788	3548	0.00018
Burkholderia_thailandensis	57975	S	2670	5133	7803	0.00040
Burkholderia_oklahomensis	342113	S	1937	1341	3278	0.00017
Burkholderia_savannae	1637837	S	403	570	973	0.00005
Burkholderia_sp._MSMB1588	1636423	S	206	645	851	0.00004
Burkholderia_sp._MSMB617WGS	1637831	S	143	407	550	0.00003
Burkholderia_mallei	13373	S	106	5339	5445	0.00028
Burkholderia_sp._DHOD12	2571746	S	4537	655	5192	0.00027
Burkholderia_sp._Bp7605	1740163	S	2610	462	3072	0.00016
Burkholderia_sp._NRF60-BP8	1637853	S	1008	707	1715	0.00009
Burkholderia_sp._LA-2-3-30-S1-D2	1637862	S	863	579	1442	0.00007
Burkholderia_sp._MSMB0856	1637869	S	849	621	1470	0.00008
Burkholderia_sp._JP2-270	2217913	S	834	664	1498	0.00008
Burkholderia_sp._PAMC_26561	1795043	S	756	702	1458	0.00007
Burkholderia_sp._MS455	2811788	S	663	583	1246	0.00006
Burkholderia_sp._PAMC_28687	1795874	S	463	653	1116	0.00006
Burkholderia_sp._IDO3	1705310	S	403	792	1195	0.00006
Burkholderia_sp._LAS2	2813843	S	222	1434	1656	0.00008
Burkholderia_sp._KBS0801	1179675	S	209	594	803	0.00004
Burkholderia_sp._KJ006	416344	S	82	776	858	0.00004
Burkholderia_sp._MS389	2811789	S	64	671	735	0.00004
Burkholderia_sp._MBR-1	2732364	S	58	353	411	0.00002
Burkholderia_sp._B21-007	2890407	S	26	906	932	0.00005
Burkholderia_sp._B21-005	2890406	S	15	618	633	0.00003
Burkholderia_gladioli	28095	S	10663	4167	14830	0.00076
Burkholderia_glumae	337	S	4023	15509	19532	0.00100
Burkholderia_plantarii	41899	S	2740	1315	4055	0.00021
Burkholderia_perseverans	2615214	S	2367	1224	3591	0.00018
Cupriavidus_taiwanensis	164546	S	17381	15167	32548	0.00166
Cupriavidus_pauculus	82633	S	13762	6880	20642	0.00106
Cupriavidus_oxalaticus	96344	S	7868	3953	11821	0.00060
Cupriavidus_sp._EM10	2839983	S	3010	2053	5063	0.00026
Cupriavidus_sp._MP-37	2884455	S	2263	2539	4802	0.00025
Cupriavidus_sp._KK10	1478019	S	576	1789	2365	0.00012
Cupriavidus_sp._ISTL7	2771360	S	530	3595	4125	0.00021
Cupriavidus_sp._USMAHM13	1389192	S	371	2706	3077	0.00016
Cupriavidus_sp._USMAA2-4	876364	S	362	2695	3057	0.00016
Cupriavidus_basilensis	68895	S	7022	4459	11481	0.00059
Cupriavidus_necator	106590	S	6922	7108	14030	0.00072
Cupriavidus_campinensis	151783	S	5701	2383	8084	0.00041
Cupriavidus_metallidurans	119219	S	4171	3024	7195	0.00037
Cupriavidus_pinatubonensis	248026	S	3707	753	4460	0.00023
Cupriavidus_gilardii	82541	S	2031	11091	13122	0.00067
Cupriavidus_nantongensis	1796606	S	1525	4496	6021	0.00031
Cupriavidus_neocaledonicus	1040979	S	1510	1975	3485	0.00018
Cupriavidus_malaysiensis	367825	S	369	2542	2911	0.00015
Paraburkholderia_sp._SOS3	1926494	S	3602	626	4228	0.00022
Paraburkholderia_sp._PGU16	2735433	S	1681	1014	2695	0.00014
Paraburkholderia_sp._PGU19	2735434	S	1371	1269	2640	0.00014
Paraburkholderia_pallida	2547399	S	5063	1097	6160	0.00032
Paraburkholderia_aromaticivorans	2026199	S	4151	2041	6192	0.00032
Paraburkholderia_acidisoli	2571748	S	4091	899	4990	0.00026
Paraburkholderia_tropica	92647	S	3887	1053	4940	0.00025
Paraburkholderia_caribensis	75105	S	3755	3043	6798	0.00035
Paraburkholderia_acidiphila	2571747	S	3605	846	4451	0.00023
Paraburkholderia_edwinii	2861782	S	3293	536	3829	0.00020
Paraburkholderia_phytofirmans	261302	S	3196	1617	4813	0.00025
Paraburkholderia_terricola	169427	S	3097	1066	4163	0.00021
Paraburkholderia_atlantica	2654982	S	2900	831	3731	0.00019
Paraburkholderia_phymatum	148447	S	2863	823	3686	0.00019
Paraburkholderia_sprentiae	948107	S	2757	704	3461	0.00018
Paraburkholderia_phenoliruptrix	252970	S	2730	891	3621	0.00019
Paraburkholderia_fungorum	134537	S	2477	661	3138	0.00016
Paraburkholderia_graminis	60548	S	2444	695	3139	0.00016
Paraburkholderia_megapolitana	420953	S	2310	272	2582	0.00013
Paraburkholderia_ginsengisoli	311231	S	2249	793	3042	0.00016
Paraburkholderia_terrae	311230	S	2227	2738	4965	0.00025
Paraburkholderia_caledonica	134536	S	2189	458	2647	0.00014
Paraburkholderia_hospita	169430	S	1981	2425	4406	0.00023
Paraburkholderia_xenovorans	36873	S	1914	2652	4566	0.00023
Paraburkholderia_dokdonella	2211211	S	1902	609	2511	0.00013
Paraburkholderia_caffeinilytica	1761016	S	1873	556	2429	0.00012
Paraburkholderia_dioscoreae	2604047	S	1240	901	2141	0.00011
Ralstonia_solanacearum	305	S	9201	21522	30723	0.00157
Ralstonia_insidiosa	190721	S	2547	2170	4717	0.00024
Ralstonia_mannitolilytica	105219	S	1964	2724	4688	0.00024
Ralstonia_pickettii	329	S	1791	957	2748	0.00014
Ralstonia_sp._56D2	2842456	S	1725	331	2056	0.00011
blood_disease_bacterium_A2-HR_MARDI	1944648	S	10	602	612	0.00003
Ralstonia_syzygii	28097	S	145	780	925	0.00005
Ralstonia_pseudosolanacearum	1310165	S	49	1445	1494	0.00008
Pandoraea_pnomenusa	93220	S	3974	2226	6200	0.00032
Pandoraea_thiooxydans	445709	S	3204	321	3525	0.00018
Pandoraea_pulmonicola	93221	S	2994	770	3764	0.00019
Pandoraea_sp._XY-2	2518599	S	2233	1315	3548	0.00018
Pandoraea_vervacti	656178	S	2081	699	2780	0.00014
Pandoraea_faecigallinarum	656179	S	2018	624	2642	0.00014
Pandoraea_norimbergensis	93219	S	1959	363	2322	0.00012
Pandoraea_apista	93218	S	1632	1025	2657	0.00014
Pandoraea_fibrosis	1891094	S	1630	613	2243	0.00011
Pandoraea_oxalativorans	573737	S	1502	803	2305	0.00012
Pandoraea_sputorum	93222	S	1324	656	1980	0.00010
Caballeronia_sp._Lep1P3	2878150	S	3003	861	3864	0.00020
Caballeronia_sp._TF1N1	2878153	S	2505	360	2865	0.00015
Caballeronia_sp._SL2Y3	2878151	S	1465	937	2402	0.00012
Caballeronia_sp._Sq4a	2878152	S	1415	1136	2551	0.00013
Caballeronia_sp._M1242	2814653	S	1274	997	2271	0.00012
Caballeronia_sp._SBC2	2705547	S	162	1422	1584	0.00008
Caballeronia_sp._SBC1	2705548	S	157	1928	2085	0.00011
Caballeronia_zhejiangensis	871203	S	3404	980	4384	0.00022
Caballeronia_insecticola	758793	S	3050	793	3843	0.00020
Caballeronia_grimmiae	1071679	S	2699	1597	4296	0.00022
Lautropia_mirabilis	47671	S	2866	639	3505	0.00018
Polynucleobacter_sp._MWH-UH24A	2689110	S	138	9	147	0.00001
Polynucleobacter_sp._AP-Kolm-20A-A1	2081041	S	58	36	94	0.00000
Polynucleobacter_sp._MWH-Spelu-300-X4	2689109	S	55	3	58	0.00000
Polynucleobacter_sp._TSB-Sco08W16	1758374	S	53	8	61	0.00000
Polynucleobacter_sp._MWH-P3-07-1	1743173	S	49	8	57	0.00000
Polynucleobacter_sp._MWH-Braz-FAM2G	1855883	S	49	6	55	0.00000
Polynucleobacter_sp._VK25	1758398	S	48	12	60	0.00000
Polynucleobacter_sp._LimPoW16	1743162	S	47	2	49	0.00000
Polynucleobacter_sp._MWH-Aus1W21	1855880	S	46	11	57	0.00000
Polynucleobacter_sp._AP-Nino-20-G2	2576917	S	46	11	57	0.00000
Polynucleobacter_sp._MWH-UH25E	1855616	S	44	8	52	0.00000
Polynucleobacter_sp._MWH-CaK5	2689107	S	44	2	46	0.00000
Polynucleobacter_sp._MWH-UH21B	1743174	S	43	8	51	0.00000
Polynucleobacter_sp._MWH-Svant-W18	1855909	S	43	8	51	0.00000
Polynucleobacter_sp._AP-Melu-1000-A1	2081042	S	40	16	56	0.00000
Polynucleobacter_sp._JS-JIR-II-50	2576919	S	39	18	57	0.00000
Polynucleobacter_sp._es-EL-1	1855652	S	37	6	43	0.00000
Polynucleobacter_sp._AP-Titi-500A-B4	2576923	S	37	8	45	0.00000
Polynucleobacter_sp._es-MAR-2	1819725	S	37	8	45	0.00000
Polynucleobacter_sp._MG-6-Vaara-E2	2576932	S	33	6	39	0.00000
Polynucleobacter_sp._MWH-UH35A	1855619	S	32	5	37	0.00000
Polynucleobacter_sp._Adler-ghost	2770234	S	30	13	43	0.00000
Polynucleobacter_sp._AP-Jannik-300A-C4	2576928	S	30	29	59	0.00000
Polynucleobacter_sp._JS-Mosq-20-D10	2576922	S	29	10	39	0.00000
Polynucleobacter_sp._AP-Sving-400A-A2	2081049	S	27	14	41	0.00000
Polynucleobacter_sp._AP-Ainpum-60-G11	2576926	S	26	6	32	0.00000
Polynucleobacter_sp._MWH-S4W17	1855910	S	26	13	39	0.00000
Polynucleobacter_sp._MWH-UH2A	1855617	S	25	5	30	0.00000
Polynucleobacter_sp._JS-JIR-II-b4	1758390	S	21	11	32	0.00000
Polynucleobacter_sp._MG-Unter2-18	2081052	S	19	14	33	0.00000
Polynucleobacter_sp._AP-Elch-400A-B2	2576930	S	13	6	19	0.00000
Polynucleobacter_sp._UB-Siik-W21	1855646	S	12	31	43	0.00000
Polynucleobacter_necessarius	576610	S	293	56	349	0.00002
Polynucleobacter_difficilis	556054	S	130	12	142	0.00001
Polynucleobacter_asymbioticus	576611	S	126	24	150	0.00001
Polynucleobacter_acidiphobus	556053	S	89	7	96	0.00000
Polynucleobacter_paneuropaeus	2527775	S	66	8	74	0.00000
Polynucleobacter_wuianus	1743168	S	35	11	46	0.00000
Polynucleobacter_duraquae	1835254	S	23	16	39	0.00000
Chitinimonas_arctica	2594795	S	1922	190	2112	0.00011
Mycetohabitans_rhizoxinica	412963	S	1787	149	1936	0.00010
Mycoavidus_sp._HKI	2840467	S	193	19	212	0.00001
Mycoavidus_sp._B2-EB	2651972	S	102	23	125	0.00001
Mycoavidus_cysteinexigens	1553431	S	129	22	151	0.00001
Limnobacter_sp._SAORIC-580	2732163	S	264	15	279	0.00001
Candidatus_Vallotia_cooleyia	1177211	S	87	12	99	0.00001
Candidatus_Vallotia_sp._(ex_Adelges_kitamiensis)	2864217	S	53	19	72	0.00000
Candidatus_Vallotia_tarda	1177213	S	52	9	61	0.00000
Candidatus_Vallotia_lariciata	2018052	S	47	18	65	0.00000
Ephemeroptericola_cinctiostellae	2268024	S	154	12	166	0.00001
Variovorax_sp._HW608	1034889	S	10104	2069	12173	0.00062
Variovorax_sp._PBS-H4	434008	S	5696	3993	9689	0.00050
Variovorax_sp._WDL1	207745	S	5437	9493	14930	0.00076
Variovorax_sp._PBL-H6	434009	S	5396	5563	10959	0.00056
Variovorax_sp._RA8	662548	S	5299	4631	9930	0.00051
Variovorax_sp._RKNM96	2681552	S	3916	1688	5604	0.00029
Variovorax_sp._PAMC_28711	1795631	S	3856	787	4643	0.00024
Variovorax_sp._PAMC26660	2762322	S	3219	927	4146	0.00021
Variovorax_sp._PAMC28562	2762323	S	3184	332	3516	0.00018
Variovorax_sp._SRS16	282217	S	2814	6509	9323	0.00048
Variovorax_sp._PBL-E5	434014	S	2283	6127	8410	0.00043
Variovorax_sp._38R	2774875	S	2235	3069	5304	0.00027
Variovorax_sp._PDNC026	2811425	S	99	3779	3878	0.00020
Variovorax_sp._PMC12	2126319	S	45	2206	2251	0.00012
Variovorax_paradoxus	34073	S	20636	21188	41824	0.00214
Variovorax_boronicumulans	436515	S	3206	2633	5839	0.00030
Hydrogenophaga_sp._BA0156	2716225	S	5890	4963	10853	0.00056
Hydrogenophaga_sp._YM1	2806262	S	5179	3179	8358	0.00043
Hydrogenophaga_sp._PBC	795665	S	4721	6331	11052	0.00057
Hydrogenophaga_sp._BPS33	2651974	S	4502	3955	8457	0.00043
Hydrogenophaga_sp._SL48	2806347	S	3587	1044	4631	0.00024
Hydrogenophaga_sp._PBL-H3	434010	S	2894	3017	5911	0.00030
Hydrogenophaga_sp._RAC07	1842537	S	2893	1142	4035	0.00021
Hydrogenophaga_sp._PAMC20947	2565558	S	1432	117	1549	0.00008
Hydrogenophaga_sp._NH-16	2184519	S	1387	3383	4770	0.00024
Hydrogenophaga_taeniospiralis	65656	S	3060	1123	4183	0.00021
Hydrogenophaga_pseudoflava	47421	S	1422	2663	4085	0.00021
Hydrogenophaga_crassostreae	1763535	S	1356	104	1460	0.00007
Acidovorax_sp._YS12	2738413	S	3001	3105	6106	0.00031
Acidovorax_sp._HDW3	2714923	S	1844	1583	3427	0.00018
Acidovorax_sp._RAC01	1842533	S	1810	1716	3526	0.00018
Acidovorax_sp._KKS102	358220	S	1714	1461	3175	0.00016
Acidovorax_sp._JMULE5	2518343	S	1548	507	2055	0.00011
Acidovorax_sp._1608163	2478662	S	1265	320	1585	0.00008
Acidovorax_sp._T1	1858609	S	1077	4559	5636	0.00029
Acidovorax_avenae	80867	S	6430	4473	10903	0.00056
Acidovorax_monticola	1926868	S	3617	1721	5338	0.00027
Acidovorax_antarcticus	2743470	S	3525	3251	6776	0.00035
Acidovorax_carolinensis	553814	S	2057	1941	3998	0.00020
Acidovorax_citrulli	80869	S	1849	3853	5702	0.00029
Acidovorax_cattleyae	80868	S	1573	1179	2752	0.00014
Acidovorax_radicis	758826	S	1365	328	1693	0.00009
Ramlibacter_tataouinensis	94132	S	26262	12876	39138	0.00200
Comamonas_sp._NLF-7-7	2597701	S	2722	2449	5171	0.00026
Comamonas_sp._NLF-1-9	2853163	S	2204	1491	3695	0.00019
Comamonas_sp._B21-038	2918299	S	1163	337	1500	0.00008
Comamonas_sp._Y33R10-2	2853257	S	380	88	468	0.00002
Comamonas_serinivorans	1082851	S	3159	1081	4240	0.00022
Comamonas_aquatica	225991	S	2801	3225	6026	0.00031
Comamonas_testosteroni	285	S	1852	3192	5044	0.00026
Comamonas_koreensis	160825	S	1167	815	1982	0.00010
Comamonas_odontotermitis	379895	S	1150	276	1426	0.00007
Comamonas_piscis	1562974	S	945	218	1163	0.00006
Comamonas_thiooxydans	363952	S	886	2129	3015	0.00015
Comamonas_kerstersii	225992	S	692	441	1133	0.00006
Comamonas_fluminis	2796366	S	599	309	908	0.00005
Schlegelella_thermodepolymerans	215580	S	11492	6964	18456	0.00094
Schlegelella_brevitalea	413882	S	8358	1509	9867	0.00050
Rhodoferax_sp._BAB1	2741720	S	3397	1122	4519	0.00023
Rhodoferax_sp._AJA081-3	2752316	S	1143	94	1237	0.00006
Rhodoferax_sp._PAMC_29310	2822760	S	819	110	929	0.00005
Rhodoferax_sp._MIZ03	2798804	S	604	75	679	0.00003
Rhodoferax_koreense	1842727	S	5335	3322	8657	0.00044
Rhodoferax_sediminis	2509614	S	4052	752	4804	0.00025
Rhodoferax_ferrireducens	192843	S	1772	142	1914	0.00010
Rhodoferax_saidenbachensis	1484693	S	1064	137	1201	0.00006
Rhodoferax_antarcticus	81479	S	830	76	906	0.00005
Rhodoferax_aquaticus	2527691	S	474	57	531	0.00003
Diaphorobacter_sp._HDW4A	2714924	S	2204	2468	4672	0.00024
Diaphorobacter_sp._HDW4B	2714925	S	1904	292	2196	0.00011
Diaphorobacter_sp._MNS-0	2866628	S	241	2195	2436	0.00012
Diaphorobacter_sp._JS3051	2792224	S	202	3667	3869	0.00020
Diaphorobacter_sp._JS3050	2735554	S	185	2234	2419	0.00012
Diaphorobacter_ruginosibacter	1715720	S	2782	619	3401	0.00017
Diaphorobacter_aerolatus	1288495	S	1979	3665	5644	0.00029
[Acidovorax]_ebreus	721785	S	368	2428	2796	0.00014
Diaphorobacter_nitroreducens	164759	S	327	962	1289	0.00007
Delftia_tsuruhatensis	180282	S	2391	7515	9906	0.00051
Delftia_acidovorans	80866	S	2016	4214	6230	0.00032
Delftia_lacustris	558537	S	828	5418	6246	0.00032
Delftia_sp._Cs1-4	742013	S	279	707	986	0.00005
Delftia_sp._HK171	1920191	S	163	478	641	0.00003
Polaromonas_sp._JS666	296591	S	3854	3137	6991	0.00036
Polaromonas_naphthalenivorans	216465	S	2606	497	3103	0.00016
Polaromonas_vacuolata	37448	S	339	44	383	0.00002
Kinneretia_sp._DAIF2	2714952	S	6936	3146	10082	0.00052
Kinneretia_sp._XES5	2877940	S	2317	3421	5738	0.00029
Ottowia_sp._27C	2816950	S	3307	763	4070	0.00021
Ottowia_sp._oral_taxon_894	1658672	S	1286	221	1507	0.00008
Ottowia_oryzae	2109914	S	2411	636	3047	0.00016
Alicycliphilus_denitrificans	179636	S	6509	12919	19428	0.00099
Melaminivora_sp._SC2-9	2109913	S	3265	4425	7690	0.00039
Melaminivora_jejuensis	1267217	S	2418	2177	4595	0.00024
Serpentinimonas_maccroryi	1458426	S	2168	821	2989	0.00015
Serpentinimonas_raichei	1458425	S	1839	769	2608	0.00013
Verminephrobacter_eiseniae	364317	S	3174	466	3640	0.00019
Hylemonella_gracilis	80880	S	2659	469	3128	0.00016
Pulveribacter_suum	2116657	S	2451	1504	3955	0.00020
Simplicispira_suum	2109915	S	2006	865	2871	0.00015
Limnohabitans_sp._63ED37-2	1678128	S	839	108	947	0.00005
Limnohabitans_sp._103DPR2	1678129	S	282	24	306	0.00002
Candidatus_Symbiobacter_mobilis	1436290	S	1040	45	1085	0.00006
Curvibacter_sp._AEP1-3	1844971	S	898	77	975	0.00005
Massilia_sp._WG5	1707785	S	5699	3035	8734	0.00045
Massilia_sp._HC52	2852099	S	4396	1484	5880	0.00030
Massilia_sp._LPB0304	2769491	S	4367	1332	5699	0.00029
Massilia_sp._DM-R-R2A-13	2899220	S	3957	1087	5044	0.00026
Massilia_sp._YMA4	1593482	S	3587	2197	5784	0.00030
Massilia_sp._NP310	2861282	S	3365	2614	5979	0.00031
Massilia_sp._PAMC28688	2861283	S	2567	474	3041	0.00016
Massilia_sp._NR_4-1	1678028	S	535	1825	2360	0.00012
Massilia_sp._MB5	2919578	S	534	1884	2418	0.00012
Massilia_sp._Dwa41.01b	2709302	S	91	3243	3334	0.00017
Massilia_sp._Se16.2.3	2709303	S	50	1798	1848	0.00009
Massilia_putida	1141883	S	6733	2605	9338	0.00048
Massilia_violaceinigra	2045208	S	6591	2200	8791	0.00045
Massilia_flava	871742	S	5779	1704	7483	0.00038
Massilia_albidiflava	321983	S	3812	1798	5610	0.00029
Massilia_lutea	321985	S	3750	1366	5116	0.00026
Massilia_umbonata	864828	S	3644	1736	5380	0.00028
Massilia_plicata	321984	S	3484	1098	4582	0.00023
Massilia_armeniaca	2072590	S	3429	2128	5557	0.00028
Massilia_oculi	945844	S	3042	2280	5322	0.00027
Massilia_antarctica	2765360	S	2685	1174	3859	0.00020
Duganella_sp._GN2-R2	2728020	S	4866	2468	7334	0.00038
Duganella_sp._AF9R3	2728021	S	2986	754	3740	0.00019
Herbaspirillum_robiniae	2014887	S	3631	1658	5289	0.00027
Herbaspirillum_frisingense	92645	S	2462	951	3413	0.00017
Herbaspirillum_seropedicae	964	S	2443	1206	3649	0.00019
Herbaspirillum_hiltneri	341045	S	2245	472	2717	0.00014
Herbaspirillum_rubrisubalbicans	80842	S	1936	1072	3008	0.00015
Herbaspirillum_huttiense	863372	S	1517	743	2260	0.00012
Herbaspirillum_sp._meg3	2025949	S	1301	184	1485	0.00008
Janthinobacterium_sp._1_2014MBL_MicDiv	1644131	S	1952	811	2763	0.00014
Janthinobacterium_sp._17J80-10	2497863	S	1942	355	2297	0.00012
Janthinobacterium_sp._LM6	1938606	S	921	627	1548	0.00008
Janthinobacterium_sp._PAMC25594	2861284	S	689	465	1154	0.00006
Janthinobacterium_sp._Marseille	375286	S	530	161	691	0.00004
Janthinobacterium_sp._HH102	1537274	S	431	732	1163	0.00006
Janthinobacterium_sp._B9-8	1236179	S	151	58	209	0.00001
Janthinobacterium_agaricidamnosum	55508	S	2729	4663	7392	0.00038
Janthinobacterium_tructae	2590869	S	700	400	1100	0.00006
Janthinobacterium_svalbardensis	368607	S	677	376	1053	0.00005
Janthinobacterium_lividum	29581	S	595	650	1245	0.00006
Collimonas_fungivorans	158899	S	2659	815	3474	0.00018
Collimonas_pratensis	279113	S	2142	482	2624	0.00013
Collimonas_arenae	279058	S	2128	309	2437	0.00012
Noviherbaspirillum_sp._UKPF54	2601898	S	5043	1062	6105	0.00031
Undibacterium_sp._YM2	2058625	S	265	98	363	0.00002
Undibacterium_sp._KW1	2058624	S	191	70	261	0.00001
Undibacterium_parvum	401471	S	271	40	311	0.00002
Glaciimonas_sp._PAMC28666	2807626	S	426	32	458	0.00002
Herminiimonas_arsenitoxidans	1809410	S	305	56	361	0.00002
Oxalobacter_formigenes	847	S	232	25	257	0.00001
Achromobacter_xylosoxidans	85698	S	10461	21012	31473	0.00161
Achromobacter_sp._AONIH1	1758194	S	3701	5679	9380	0.00048
Achromobacter_sp._MFA1_R4	1881016	S	3047	1111	4158	0.00021
Achromobacter_sp._77	2756133	S	471	1323	1794	0.00009
Achromobacter_sp._B7	2282475	S	394	1029	1423	0.00007
Achromobacter_sp._ES-001	2860286	S	352	1277	1629	0.00008
Achromobacter_spanius	217203	S	5404	2648	8052	0.00041
Achromobacter_denitrificans	32002	S	5305	4597	9902	0.00051
Achromobacter_deleyi	1353891	S	3773	3140	6913	0.00035
Achromobacter_insolitus	217204	S	2703	914	3617	0.00018
Achromobacter_pestifer	1353889	S	2146	1771	3917	0.00020
Achromobacter_mucicolens	1389922	S	680	1173	1853	0.00009
Achromobacter_ruhlandii	72557	S	50	2563	2613	0.00013
Bordetella_sp._H567	1697043	S	3863	581	4444	0.00023
Bordetella_sp._N	1746199	S	3361	490	3851	0.00020
Bordetella_bronchialis	463025	S	5095	862	5957	0.00030
Bordetella_genomosp._13	463040	S	4682	4064	8746	0.00045
Bordetella_genomosp._8	1416806	S	4205	637	4842	0.00025
Bordetella_flabilis	463014	S	4101	440	4541	0.00023
Bordetella_genomosp._9	1416803	S	4045	1284	5329	0.00027
Bordetella_petrii	94624	S	3390	5657	9047	0.00046
Bordetella_hinzii	103855	S	3242	1752	4994	0.00026
Bordetella_trematum	123899	S	2574	1342	3916	0.00020
Bordetella_pseudohinzii	1331258	S	1927	1085	3012	0.00015
Bordetella_bronchiseptica	518	S	1823	9541	11364	0.00058
Bordetella_holmesii	35814	S	1146	444	1590	0.00008
Bordetella_avium	521	S	1053	179	1232	0.00006
Bordetella_genomosp._6	463024	S	550	1327	1877	0.00010
Bordetella_pertussis	520	S	359	4363	4722	0.00024
Bordetella_parapertussis	519	S	213	3132	3345	0.00017
Pigmentiphaga_sp._H8	2488560	S	7201	1195	8396	0.00043
Pigmentiphaga_aceris	1940612	S	1886	167	2053	0.00011
Castellaniella_defragrans	75697	S	4519	3725	8244	0.00042
Orrella_dioscoreae	1851544	S	3587	1587	5174	0.00026
Orrella_marina	2163011	S	501	97	598	0.00003
Orrella_sp._f23	2782176	S	275	17	292	0.00001
Alcaligenes_faecalis	511	S	782	716	1498	0.00008
Alcaligenes_sp._SORT26	2813780	S	207	41	248	0.00001
Alcaligenes_sp._DN25	1367435	S	39	88	127	0.00001
Alcaligenes_aquatilis	323284	S	158	593	751	0.00004
Alcaligenes_ammonioxydans	2582914	S	32	354	386	0.00002
Pusillimonas_thiosulfatoxidans	2028345	S	1095	352	1447	0.00007
Pusillimonas_sp._T7-7	1007105	S	631	126	757	0.00004
Pusillimonas_sp._DMV24BSW_D	2716226	S	295	25	320	0.00002
Paralcaligenes_sp._KSB-10	2901142	S	1202	62	1264	0.00006
Kerstersia_gyiorum	206506	S	1198	317	1515	0.00008
Advenella_kashmirensis	310575	S	538	35	573	0.00003
Advenella_mimigardefordensis	302406	S	428	27	455	0.00002
Oligella_urethralis	90245	S	98	23	121	0.00001
Oligella_ureolytica	90244	S	60	54	114	0.00001
Paenalcaligenes_hominis	643674	S	85	5	90	0.00000
Basilea_psittacipulmonis	1472345	S	51	5	56	0.00000
Taylorella_asinigenitalis	84590	S	17	7	24	0.00000
Taylorella_equigenitalis	29575	S	10	2	12	0.00000
Pelistega_ratti	2652177	S	30	5	35	0.00000
Rhizobacter_sp._AJA081-3	2753607	S	9751	3238	12989	0.00066
Rhizobacter_gummiphilus	946333	S	9348	2410	11758	0.00060
Sphaerotilus_sp._FB-5	2914710	S	6674	5258	11932	0.00061
Sphaerotilus_natans	34103	S	5743	2946	8689	0.00044
Methylibium_sp._Pch-M	2082386	S	3341	3538	6879	0.00035
Methylibium_petroleiphilum	105560	S	3291	3805	7096	0.00036
Rubrivivax_gelatinosus	28068	S	10030	4074	14104	0.00072
Thiomonas_sp._X19	1050370	S	3471	1308	4779	0.00024
Thiomonas_intermedia	926	S	2188	359	2547	0.00013
Thiomonas_arsenitoxydans	426114	S	801	1415	2216	0.00011
Aquincola_tertiaricarbonis	391953	S	7787	3506	11293	0.00058
Leptothrix_cholodnii	34029	S	6913	2884	9797	0.00050
Mitsuaria_sp._7	1658665	S	6894	1784	8678	0.00044
Xylophilus_rhododendri	2697032	S	5039	1992	7031	0.00036
Tepidimonas_taiwanensis	307486	S	4542	2123	6665	0.00034
Ideonella_dechloratans	36863	S	3707	2976	6683	0.00034
Aquabacterium_olei	1296669	S	3362	1183	4545	0.00023
Roseateles_depolymerans	76731	S	3060	765	3825	0.00020
Inhella_inkyongensis	392593	S	2284	480	2764	0.00014
Paucibacter_sp._KCTC_42545	1768242	S	1791	410	2201	0.00011
Candidatus_Ichthyocystis_hellenicum	1561003	S	72	1	73	0.00000
Sutterella_megalosphaeroides	2494234	S	1407	288	1695	0.00009
Sutterella_faecalis	2584944	S	1009	170	1179	0.00006
Sutterella_wadsworthensis	40545	S	462	66	528	0.00003
Turicimonas_muris	1796652	S	204	17	221	0.00001
Thauera_sp._MZ1T	85643	S	6890	8510	15400	0.00079
Thauera_sp._K11	2005884	S	6238	4502	10740	0.00055
Thauera_humireducens	1134435	S	4051	2808	6859	0.00035
Thauera_chlorobenzoica	96773	S	3255	3498	6753	0.00035
Thauera_aromatica	59405	S	2868	4696	7564	0.00039
Thauera_hydrothermalis	2184083	S	1838	662	2500	0.00013
Azoarcus_sp._KH32C	748247	S	6666	1500	8166	0.00042
Azoarcus_sp._DD4	2027405	S	4825	3737	8562	0.00044
Azoarcus_olearius	418699	S	5737	2556	8293	0.00042
Azoarcus_communis	41977	S	3870	1784	5654	0.00029
Nitrogeniibacter_mangrovi	2016596	S	5166	1331	6497	0.00033
Nitrogeniibacter_aestuarii	2815343	S	2135	283	2418	0.00012
Aromatoleum_petrolei	76116	S	6398	1904	8302	0.00042
Aromatoleum_aromaticum	551760	S	5210	4141	9351	0.00048
Aromatoleum_pumilum	2067960	S	4734	2089	6823	0.00035
Aromatoleum_bremense	76115	S	4339	2836	7175	0.00037
Azospira_restricta	404405	S	11598	7175	18773	0.00096
Azospira_inquinata	2785627	S	882	91	973	0.00005
Azospira_sp._I09	1765049	S	763	2512	3275	0.00017
Azospira_oryzae	146939	S	696	1860	2556	0.00013
Niveibacterium_microcysteis	2811415	S	3602	629	4231	0.00022
Oryzomicrobium_terrae	1735038	S	3050	951	4001	0.00020
Rugosibacter_aromaticivorans	1565605	S	741	161	902	0.00005
Dechloromonas_denitrificans	281362	S	3878	1119	4997	0.00026
Dechloromonas_sp._HYN0024	2231055	S	1071	255	1326	0.00007
Dechloromonas_sp._TW-R-39-2	2654218	S	605	309	914	0.00005
Ferribacterium_limneticum	76259	S	4863	975	5838	0.00030
Quatrionicoccus_australiensis	138118	S	2253	782	3035	0.00016
Fluviibacter_phosphoraccumulans	1751046	S	332	129	461	0.00002
Usitatibacter_rugosus	2732067	S	21073	2902	23975	0.00123
Usitatibacter_palustris	2732487	S	16814	2460	19274	0.00099
Denitratisoma_sp._DHT3	1981880	S	3870	3623	7493	0.00038
Denitratisoma_oestradiolicum	311182	S	1941	406	2347	0.00012
Sulfuritalea_hydrogenivorans	748811	S	5055	952	6007	0.00031
Methyloversatilis_sp._RAC08	1842540	S	3992	686	4678	0.00024
Sterolibacterium_denitrificans	157592	S	3246	1119	4365	0.00022
Nitrosospira_multiformis	1231	S	6125	236	6361	0.00033
Nitrosospira_lacus	1288494	S	1032	42	1074	0.00005
Nitrosospira_sp._NRS527	155925	S	401	298	699	0.00004
Nitrosospira_briensis	35799	S	319	254	573	0.00003
Nitrosomonas_communis	44574	S	1078	40	1118	0.00006
Nitrosomonas_ureae	44577	S	364	14	378	0.00002
Nitrosomonas_europaea	915	S	287	55	342	0.00002
Nitrosomonas_eutropha	916	S	186	128	314	0.00002
Nitrosomonas_stercoris	1444684	S	108	74	182	0.00001
Thiobacillus_denitrificans	36861	S	5925	1441	7366	0.00038
Sulfuritortus_calidifontis	1914471	S	4372	2404	6776	0.00035
Sideroxydans_sp._MIZ01	2764705	S	2244	577	2821	0.00014
Sideroxydans_lithotrophicus	63745	S	1689	316	2005	0.00010
Ferrigenium_kumadai	1682490	S	2922	741	3663	0.00019
Candidatus_Nitrotoga_arctica	453162	S	342	132	474	0.00002
Candidatus_Nitrotoga_sp._AM1P	2559597	S	257	106	363	0.00002
Ferriphaselus_amnicola	1188319	S	773	126	899	0.00005
Gallionella_capsiferriformans	370405	S	508	55	563	0.00003
Sulfurimicrobium_lacus	2715678	S	3108	479	3587	0.00018
Sulfuriferula_plumbiphila	171865	S	1818	395	2213	0.00011
Sulfuriferula_sp._AH1	1985873	S	827	188	1015	0.00005
Sulfuriferula_nivalis	2675298	S	125	11	136	0.00001
Sulfuricella_denitrificans	649841	S	1542	163	1705	0.00009
Methylobacillus_flagellatus	405	S	749	229	978	0.00005
Methylovorus_glucosotrophus	266009	S	224	173	397	0.00002
Methylovorus_sp._MP688	887061	S	199	170	369	0.00002
Methylophilus_medardicus	2588534	S	173	20	193	0.00001
Methylophilus_sp._TWE2	1662285	S	144	13	157	0.00001
Methylotenera_mobilis	359408	S	141	16	157	0.00001
Methylotenera_versatilis	1055487	S	68	8	76	0.00000
Candidatus_Methylopumilus_universalis	2588536	S	48	21	69	0.00000
Candidatus_Methylopumilus_turicensis	1581680	S	46	8	54	0.00000
Candidatus_Methylopumilus_planktonicus	1581557	S	38	18	56	0.00000
Candidatus_Methylopumilus_rimovensis	2588535	S	29	5	34	0.00000
Methyloradius_palustris	2778876	S	143	15	158	0.00001
Chromobacterium_sp._ATCC_53434	2059672	S	2425	997	3422	0.00018
Chromobacterium_sp._Rain0013	2292447	S	466	625	1091	0.00006
Chromobacterium_sp._Beijing	2735795	S	384	1176	1560	0.00008
Chromobacterium_vaccinii	1108595	S	2371	1193	3564	0.00018
Chromobacterium_violaceum	536	S	2337	1664	4001	0.00020
Chromobacterium_phragmitis	2202141	S	1525	780	2305	0.00012
Chromobacterium_paludis	2605945	S	1354	627	1981	0.00010
Chromobacterium_rhizoryzae	1778675	S	371	2099	2470	0.00013
Chromobacterium_haemolyticum	394935	S	245	1719	1964	0.00010
Iodobacter_fluviatilis	537	S	124	49	173	0.00001
Iodobacter_ciconiae	2496266	S	120	42	162	0.00001
Jeongeupia_sp._USM3	1906741	S	3675	1175	4850	0.00025
Jeongeupia_sp._HS-3	1009682	S	1608	381	1989	0.00010
Paludibacterium_paludis	1225769	S	1922	452	2374	0.00012
Paludibacterium_yongneupense	400061	S	1583	268	1851	0.00009
Paludibacterium_sp._B53371	2806263	S	1103	268	1371	0.00007
Pseudogulbenkiania_sp._NH8B	748280	S	3538	1430	4968	0.00025
Vogesella_sp._LIG4	1192162	S	1999	636	2635	0.00013
Vogesella_sp._XCS3	2877939	S	812	266	1078	0.00006
Microvirgula_aerodenitrificans	57480	S	2308	536	2844	0.00015
Aquitalea_aquatilis	1537400	S	632	228	860	0.00004
Aquitalea_magnusonii	332411	S	410	264	674	0.00003
Aquitalea_sp._USM4	1590041	S	380	234	614	0.00003
Aquitalea_denitrificans	519081	S	373	216	589	0.00003
Laribacter_hongkongensis	168471	S	1829	1962	3791	0.00019
Aquaspirillum_sp._LM1	1938604	S	1069	193	1262	0.00006
Chitinibacter_bivalviorum	2739434	S	198	176	374	0.00002
Chitinibacter_fontanus	1737446	S	172	28	200	0.00001
Deefgea_sp._D25	2865840	S	124	21	145	0.00001
Deefgea_sp._D17	2739061	S	119	46	165	0.00001
Deefgea_sp._D13	2864875	S	89	29	118	0.00001
Neisseria_sp._KEM232	655307	S	468	71	539	0.00003
Neisseria_sp._oral_taxon_014	641148	S	182	80	262	0.00001
Neisseria_sp._Dent_CA1/247	2912675	S	139	61	200	0.00001
Neisseria_sp._ZJ785	2709396	S	99	13	112	0.00001
Neisseria_bacilliformis	267212	S	508	131	639	0.00003
Neisseria_meningitidis	487	S	424	931	1355	0.00007
Neisseria_shayeganii	607712	S	411	66	477	0.00002
Neisseria_elongata	495	S	365	196	561	0.00003
Neisseria_chenwenguii	1853278	S	356	49	405	0.00002
Neisseria_dentiae	194197	S	333	44	377	0.00002
Neisseria_musculi	1815583	S	257	26	283	0.00001
Neisseria_animalis	492	S	178	29	207	0.00001
Neisseria_gonorrhoeae	485	S	159	909	1068	0.00005
Neisseria_sicca	490	S	137	283	420	0.00002
Neisseria_lactamica	486	S	136	167	303	0.00002
Neisseria_weaveri	28091	S	133	57	190	0.00001
Neisseria_dumasiana	1931275	S	127	53	180	0.00001
Neisseria_canis	493	S	110	27	137	0.00001
Neisseria_animaloris	326522	S	102	23	125	0.00001
Neisseria_weixii	1853276	S	100	12	112	0.00001
Neisseria_brasiliensis	2666100	S	99	106	205	0.00001
Neisseria_wadsworthii	607711	S	93	20	113	0.00001
Neisseria_zalophi	640030	S	91	10	101	0.00001
Neisseria_arctica	1470200	S	71	8	79	0.00000
Neisseria_zoodegmatis	326523	S	67	41	108	0.00001
Neisseria_mucosa	488	S	67	149	216	0.00001
Neisseria_macacae	496	S	54	117	171	0.00001
Neisseria_cinerea	483	S	51	31	82	0.00000
Neisseria_flavescens	484	S	39	30	69	0.00000
Neisseria_subflava	28449	S	31	24	55	0.00000
Crenobacter_cavernae	2290923	S	4484	1802	6286	0.00032
Chitinolyticbacter_meiyuanensis	682798	S	2787	426	3213	0.00016
Vitreoscilla_filiformis	63	S	1077	256	1333	0.00007
Vitreoscilla_massiliensis	1689272	S	113	55	168	0.00001
Kingella_potus	265175	S	338	50	388	0.00002
Kingella_denitrificans	502	S	270	187	457	0.00002
Kingella_oralis	505	S	240	41	281	0.00001
Kingella_kingae	504	S	66	11	77	0.00000
Eikenella_corrodens	539	S	405	285	690	0.00004
Eikenella_exigua	2528037	S	106	83	189	0.00001
Uruburuella_suis	252130	S	355	61	416	0.00002
Uruburuella_testudinis	1282863	S	289	60	349	0.00002
Paralysiella_testudinis	2809020	S	317	84	401	0.00002
Alysiella_crassa	153491	S	73	24	97	0.00000
Alysiella_filiformis	194196	S	46	15	61	0.00000
Conchiformibius_steedae	153493	S	132	23	155	0.00001
Neisseriaceae_bacterium_CCUG_44465	2917790	S	89	15	104	0.00001
Aquella_oligotrophica	2067065	S	54	2	56	0.00000
Morococcus_cerebrosus	1056807	S	52	266	318	0.00002
Snodgrassella_alvi	1196083	S	52	18	70	0.00000
Simonsiella_muelleri	72	S	24	4	28	0.00000
Casimicrobium_huifangae	2591109	S	3142	1781	4923	0.00025
Candidatus_Kinetoplastibacterium_sorsogonicusi	1576550	S	17	7	24	0.00000
Candidatus_Kinetoplastibacterium_crithidii	33056	S	13	0	13	0.00000
Candidatus_Kinetoplastibacterium_desouzaii	994692	S	12	8	20	0.00000
Candidatus_Profftella_armatura_(Diaphorina_cf._continua)	2661583	S	10	6	16	0.00000
Lysobacter_sp._KIS68-7	2904252	S	7288	1618	8906	0.00046
Lysobacter_sp._CECT_30171	2822368	S	6622	1837	8459	0.00043
Lysobacter_sp._TY2-98	2290922	S	6288	1145	7433	0.00038
Lysobacter_sp._5GHs7-4	2904253	S	5740	1994	7734	0.00040
Lysobacter_sp._S4-A87	2925843	S	5204	1916	7120	0.00036
Lysobacter_sp._CW239	2762611	S	4315	2658	6973	0.00036
Lysobacter_sp._K5869	2820808	S	3216	1689	4905	0.00025
Lysobacter_sp._H21R4	2781021	S	1044	2117	3161	0.00016
Lysobacter_sp._CJ11	2764185	S	838	76	914	0.00005
Lysobacter_sp._H23M47	2781024	S	535	2736	3271	0.00017
Lysobacter_sp._HDW10	2714936	S	520	157	677	0.00003
Lysobacter_soli	453783	S	18861	4527	23388	0.00120
Lysobacter_enzymogenes	69	S	13691	5584	19275	0.00099
Lysobacter_solisilvae_(ex_Woo_and_Kim_2022)	2865112	S	9453	3231	12684	0.00065
Lysobacter_capsici	435897	S	8238	9154	17392	0.00089
Lysobacter_solisilvae_(ex_Kim_et_al._2021)	2763317	S	7987	1857	9844	0.00050
Lysobacter_maris	1605891	S	6430	1806	8236	0.00042
Lysobacter_lycopersici	1324796	S	5404	1353	6757	0.00035
Lysobacter_antibioticus	84531	S	5130	1213	6343	0.00032
Lysobacter_arenosi	2795387	S	5006	1817	6823	0.00035
Lysobacter_alkalisoli	2591633	S	4719	983	5702	0.00029
Lysobacter_oculi	2698682	S	3767	1218	4985	0.00026
Lysobacter_ciconiae	2781022	S	1009	1924	2933	0.00015
Lysobacter_gummosus	262324	S	704	6053	6757	0.00035
Lysobacter_avium	2781023	S	518	2432	2950	0.00015
Stenotrophomonas_maltophilia	40324	S	12864	20393	33257	0.00170
Stenotrophomonas_sp._ESTM1D_MKCIP4_1	2072414	S	934	426	1360	0.00007
Stenotrophomonas_sp._SAU14A_NAIMI4_5	2072413	S	803	555	1358	0.00007
Stenotrophomonas_sp._ZAC14D2_NAIMI4_7	2072405	S	404	467	871	0.00004
Stenotrophomonas_sp._ZAC14A_NAIMI4_1	2072412	S	373	746	1119	0.00006
Stenotrophomonas_sp._YAU14D1_LEIMI4_1	2072407	S	330	605	935	0.00005
Stenotrophomonas_sp._ZAC14D2_NAIMI4_6	2072406	S	226	470	696	0.00004
Stenotrophomonas_sp._YAU14A_MKIMI4_1	2072408	S	114	684	798	0.00004
Stenotrophomonas_sp._SAU14A_NAIMI4_8	2072409	S	99	594	693	0.00004
Stenotrophomonas_sp._LM091	1904944	S	1609	717	2326	0.00012
Stenotrophomonas_sp._169	2770322	S	1587	300	1887	0.00010
Stenotrophomonas_sp._364	2691571	S	1169	513	1682	0.00009
Stenotrophomonas_sp._NA06056	2742129	S	532	291	823	0.00004
Stenotrophomonas_sp._WZN-1	2005046	S	312	411	723	0.00004
Stenotrophomonas_sp._DR822	2871174	S	215	392	607	0.00003
Stenotrophomonas_sp._Pemsol	2040586	S	145	480	625	0.00003
Stenotrophomonas_sp._MYb57	1827305	S	117	555	672	0.00003
Stenotrophomonas_sp._pho	2211160	S	110	564	674	0.00003
Stenotrophomonas_sp._ASS1	2282124	S	108	548	656	0.00003
Stenotrophomonas_sp._CW117	2775920	S	86	2127	2213	0.00011
Stenotrophomonas_sp._G4	2303750	S	77	360	437	0.00002
Stenotrophomonas_sp._NY11291	2939415	S	62	757	819	0.00004
Stenotrophomonas_sp._SI-NJAU-1	2886359	S	62	299	361	0.00002
Stenotrophomonas_sp._SXG-1	2682487	S	36	446	482	0.00002
Stenotrophomonas_rhizophila	216778	S	5166	1772	6938	0.00035
Stenotrophomonas_acidaminiphila	128780	S	3263	8583	11846	0.00061
Stenotrophomonas_indicatrix	2045451	S	180	788	968	0.00005
Xanthomonas_translucens	343	S	5294	7563	12857	0.00066
Xanthomonas_campestris	339	S	4024	5060	9084	0.00046
Xanthomonas_sacchari	56458	S	2946	1220	4166	0.00021
Xanthomonas_sp._SS	2724122	S	530	934	1464	0.00007
Xanthomonas_sp._SI	2724123	S	490	870	1360	0.00007
Xanthomonas_sp._GW	2724121	S	474	723	1197	0.00006
Xanthomonas_sp._MLO165	2081477	S	106	186	292	0.00001
Xanthomonas_arboricola	56448	S	2288	2872	5160	0.00026
Xanthomonas_theicola	56464	S	2019	790	2809	0.00014
Xanthomonas_oryzae	347	S	1923	1011	2934	0.00015
Xanthomonas_hyacinthi	56455	S	1434	1031	2465	0.00013
Xanthomonas_citri	346	S	1428	10018	11446	0.00059
Xanthomonas_hortorum	56454	S	1242	1088	2330	0.00012
Xanthomonas_albilineans	29447	S	1233	207	1440	0.00007
Xanthomonas_fragariae	48664	S	1204	280	1484	0.00008
Xanthomonas_vesicatoria	56460	S	1182	780	1962	0.00010
Xanthomonas_cucurbitae	56453	S	1002	218	1220	0.00006
Xanthomonas_vasicola	56459	S	818	328	1146	0.00006
Xanthomonas_cassavae	56450	S	764	233	997	0.00005
Xanthomonas_euroxanthea	2259622	S	622	866	1488	0.00008
Xanthomonas_hydrangeae	2775159	S	572	238	810	0.00004
Xanthomonas_axonopodis	53413	S	563	560	1123	0.00006
Xanthomonas_phaseoli	1985254	S	427	1278	1705	0.00009
Xanthomonas_euvesicatoria	456327	S	267	4670	4937	0.00025
Xanthomonas_perforans	442694	S	49	311	360	0.00002
Luteimonas_sp._MC1750	2799326	S	4543	1928	6471	0.00033
Luteimonas_sp._S4-F44	2925842	S	3993	903	4896	0.00025
Luteimonas_sp._JM171	1896164	S	3848	909	4757	0.00024
Luteimonas_sp._YGD11-2	2508168	S	3615	1764	5379	0.00028
Luteimonas_sp._MC1572	2799325	S	3418	1893	5311	0.00027
Luteimonas_sp._D4P002	2901869	S	3348	1012	4360	0.00022
Luteimonas_sp._MC1825	2761107	S	3253	1847	5100	0.00026
Luteimonas_granuli	1176533	S	4746	1890	6636	0.00034
Luteimonas_yindakuii	2565782	S	3274	1434	4708	0.00024
Luteimonas_chenhongjianii	2006110	S	2946	731	3677	0.00019
Pseudoxanthomonas_suwonensis	314722	S	8586	5259	13845	0.00071
Pseudoxanthomonas_mexicana	128785	S	4603	6657	11260	0.00058
Pseudoxanthomonas_sp._X-1	2571115	S	3845	3983	7828	0.00040
Pseudoxanthomonas_sp._F37	2932492	S	22	1524	1546	0.00008
Pseudoxanthomonas_daejeonensis	266062	S	3244	978	4222	0.00022
Pseudoxanthomonas_spadix	415229	S	2355	1022	3377	0.00017
Thermomonas_sp._XSG	2771436	S	3329	1704	5033	0.00026
Thermomonas_sp._HDW16	2714945	S	2151	680	2831	0.00014
Thermomonas_brevis	215691	S	4576	2194	6770	0.00035
Thermomonas_aquatica	2202149	S	3923	2400	6323	0.00032
Thermomonas_carbonis	1463158	S	3327	831	4158	0.00021
Arenimonas_daejeonensis	370777	S	5403	1299	6702	0.00034
Pseudolysobacter_antarcticus	2511995	S	2345	72	2417	0.00012
Xylella_fastidiosa	2371	S	377	117	494	0.00003
Xylella_taiwanensis	1444770	S	261	13	274	0.00001
Luteibacter_sp._321	2911537	S	3115	1036	4151	0.00021
Luteibacter_sp._EIF3	2780091	S	2327	417	2744	0.00014
Luteibacter_sp._335	2911538	S	1982	504	2486	0.00013
Luteibacter_sp._353	2911539	S	1834	635	2469	0.00013
Luteibacter_rhizovicinus	242606	S	2443	384	2827	0.00014
Luteibacter_pinisoli	2589080	S	2261	655	2916	0.00015
Luteibacter_anthropi	564369	S	1915	390	2305	0.00012
Rhodanobacter_denitrificans	666685	S	4885	2239	7124	0.00036
Rhodanobacter_sp._FDAARGOS_1247	2778082	S	3050	1206	4256	0.00022
Rhodanobacter_thiooxydans	416169	S	2744	1486	4230	0.00022
Rhodanobacter_glycinis	582702	S	2155	463	2618	0.00013
Dyella_thiooxydans	445710	S	3776	1378	5154	0.00026
Dyella_japonica	231455	S	2155	760	2915	0.00015
Dyella_telluris	2763498	S	1805	563	2368	0.00012
Dyella_terrae	522259	S	1527	252	1779	0.00009
Dyella_caseinilytica	1849581	S	1295	116	1411	0.00007
Dyella_sp._M7H15-1	2501295	S	803	95	898	0.00005
Frateuria_sp._5GH9-34	2898793	S	3707	1401	5108	0.00026
Frateuria_sp._5GH9-11	1542730	S	3405	1632	5037	0.00026
Frateuria_aurantia	81475	S	1194	182	1376	0.00007
Dokdonella_koreensis	323415	S	7488	1543	9031	0.00046
Aerosticca_soli	2010829	S	3773	5681	9454	0.00048
Ahniella_affigens	2021234	S	1875	56	1931	0.00010
Pseudomonas_sp._ATCC_13867	1294143	S	2514	940	3454	0.00018
Pseudomonas_sp._LPB0260	2614442	S	2353	515	2868	0.00015
Pseudomonas_sp._SCB32	2653853	S	2269	509	2778	0.00014
Pseudomonas_sp._CC6-YY-74	1930532	S	2257	289	2546	0.00013
Pseudomonas_sp._TCU-HL1	1856685	S	2094	318	2412	0.00012
Pseudomonas_sp._PDNC002	2811422	S	1992	485	2477	0.00013
Pseudomonas_sp._DY-1	1755504	S	1917	260	2177	0.00011
Pseudomonas_sp._KNUC1026	2893890	S	1635	169	1804	0.00009
Pseudomonas_sp._Ost2	2678260	S	1481	234	1715	0.00009
Pseudomonas_sp._MTM4	2705472	S	1429	273	1702	0.00009
Pseudomonas_sp._ABC1	2748080	S	1421	220	1641	0.00008
Pseudomonas_sp._MM211	2866808	S	1229	121	1350	0.00007
Pseudomonas_sp._StFLB209	1028989	S	1157	326	1483	0.00008
Pseudomonas_sp._Pc102	2678261	S	1138	681	1819	0.00009
Pseudomonas_sp._B11D7D	2735906	S	1102	230	1332	0.00007
Pseudomonas_sp._L5B5	2883205	S	1062	205	1267	0.00006
Pseudomonas_sp._7SR1	1881017	S	1027	206	1233	0.00006
Pseudomonas_sp._MSPm1	2726956	S	953	228	1181	0.00006
Pseudomonas_sp._p1(2021b)	2874628	S	931	553	1484	0.00008
Pseudomonas_sp._CMR5c	658630	S	922	282	1204	0.00006
Pseudomonas_sp._OIL-1	2706126	S	921	186	1107	0.00006
Pseudomonas_sp._gcc21	2726989	S	749	361	1110	0.00006
Pseudomonas_sp._HN2-3	2886360	S	716	176	892	0.00005
Pseudomonas_sp._HLS-6	2049589	S	676	223	899	0.00005
Pseudomonas_sp._MPC6	2498848	S	668	157	825	0.00004
Pseudomonas_sp._ADPe	2774873	S	648	1743	2391	0.00012
Pseudomonas_sp._LAB-08	143813	S	630	127	757	0.00004
Pseudomonas_sp._Marseille-Q3773	2866592	S	611	217	828	0.00004
Pseudomonas_sp._15A4	2804761	S	604	171	775	0.00004
Pseudomonas_sp._URMO17WK12:I11	1283291	S	588	439	1027	0.00005
Pseudomonas_sp._M1	95619	S	573	1480	2053	0.00011
Pseudomonas_sp._Leaf58	1736226	S	572	119	691	0.00004
Pseudomonas_sp._DG56-2	2320270	S	570	68	638	0.00003
Pseudomonas_sp._Tri1	2823875	S	544	144	688	0.00004
Pseudomonas_sp._ADAK13	2730847	S	541	138	679	0.00003
Pseudomonas_sp._S09G_359	2054919	S	526	139	665	0.00003
Pseudomonas_sp._S34	1573718	S	493	127	620	0.00003
Pseudomonas_sp._31-12	2201356	S	462	128	590	0.00003
Pseudomonas_sp._M30-35	1981174	S	453	28	481	0.00002
Pseudomonas_sp._Seg1	2678259	S	445	111	556	0.00003
Pseudomonas_sp._DTU12.3	2073078	S	429	117	546	0.00003
Pseudomonas_sp._MM213	2866807	S	417	98	515	0.00003
Pseudomonas_sp._RtIB026	2749999	S	417	263	680	0.00003
Pseudomonas_sp._OE_28.3	2745519	S	416	110	526	0.00003
Pseudomonas_sp._RC3H12	2834406	S	412	271	683	0.00003
Pseudomonas_sp._2hn	2866626	S	411	298	709	0.00004
Pseudomonas_sp._R5-89-07	658644	S	402	134	536	0.00003
Pseudomonas_sp._DNDY-54	2870860	S	399	220	619	0.00003
Pseudomonas_sp._ADAK18	2730848	S	387	74	461	0.00002
Pseudomonas_sp._DR48	2871095	S	379	280	659	0.00003
Pseudomonas_sp._NIBR-H-19	2901380	S	377	90	467	0.00002
Pseudomonas_sp._ACM7	2052956	S	373	72	445	0.00002
Pseudomonas_sp._S35	1573719	S	366	107	473	0.00002
Pseudomonas_sp._LPH1	1898684	S	363	373	736	0.00004
Pseudomonas_sp._MRSN12121	1611770	S	362	579	941	0.00005
Pseudomonas_sp._HN11	1344094	S	354	89	443	0.00002
Pseudomonas_sp._PP3	2815936	S	350	149	499	0.00003
Pseudomonas_sp._St316	2678257	S	346	127	473	0.00002
Pseudomonas_sp._NS1(2017)	2025658	S	345	100	445	0.00002
Pseudomonas_sp._LS.1a	2920387	S	334	157	491	0.00003
Pseudomonas_sp._HS-18	2879114	S	332	765	1097	0.00006
Pseudomonas_sp._LG1E9	2219057	S	329	105	434	0.00002
Pseudomonas_sp._HS6	2850559	S	325	97	422	0.00002
Pseudomonas_sp._SDM007	2812000	S	323	222	545	0.00003
Pseudomonas_sp._SK3(2021)	2841064	S	300	218	518	0.00003
Pseudomonas_sp._R2A2	2213057	S	279	353	632	0.00003
Pseudomonas_sp._R84	1573712	S	275	137	412	0.00002
Pseudomonas_sp._CCOS_191	1649877	S	264	239	503	0.00003
Pseudomonas_sp._phDV1	253237	S	263	1022	1285	0.00007
Pseudomonas_sp._IzPS59	2774459	S	263	139	402	0.00002
Pseudomonas_sp._FIT81	2837969	S	261	172	433	0.00002
Pseudomonas_sp._NIBRBAC000502773	2590776	S	254	145	399	0.00002
Pseudomonas_sp._SK	2729423	S	242	230	472	0.00002
Pseudomonas_sp._Z003-0.4C(8344-21)	1855380	S	235	187	422	0.00002
Pseudomonas_sp._R76	1573711	S	234	129	363	0.00002
Pseudomonas_sp._THAF7b	2587845	S	231	505	736	0.00004
Pseudomonas_sp._14181154	2662033	S	231	286	517	0.00003
Pseudomonas_sp._SCA2728.1_7	2825975	S	229	134	363	0.00002
Pseudomonas_sp._CYM-20-01	2870750	S	227	125	352	0.00002
Pseudomonas_sp._RBPA9	2746321	S	221	533	754	0.00004
Pseudomonas_sp._02C_26	2054914	S	213	486	699	0.00004
Pseudomonas_sp._LTJR-52	2479392	S	212	79	291	0.00001
Pseudomonas_sp._BIGb0427	2724470	S	199	464	663	0.00003
Pseudomonas_sp._UW4	1207075	S	197	145	342	0.00002
Pseudomonas_sp._AO-1	2855434	S	192	198	390	0.00002
Pseudomonas_sp._FGI182	1259844	S	191	237	428	0.00002
Pseudomonas_sp._SORT22	2813842	S	178	441	619	0.00003
Pseudomonas_sp._B10	118613	S	174	143	317	0.00002
Pseudomonas_sp._S07E_245	2866278	S	173	418	591	0.00003
Pseudomonas_sp._MPFS	2795724	S	163	304	467	0.00002
Pseudomonas_sp._Cab53	2678258	S	162	290	452	0.00002
Pseudomonas_sp._HN2	2884805	S	150	149	299	0.00002
Pseudomonas_sp._DR_5-09	1534110	S	132	197	329	0.00002
Pseudomonas_sp._C27(2019)	2604941	S	124	19	143	0.00001
Pseudomonas_sp._PONIH3	1636610	S	122	764	886	0.00005
Pseudomonas_sp._ATCC_43928	676210	S	120	317	437	0.00002
Pseudomonas_sp._09C_129	2054915	S	120	167	287	0.00001
Pseudomonas_sp._FDAARGOS_380	2018067	S	117	106	223	0.00001
Pseudomonas_sp._ADAK22	2730851	S	116	302	418	0.00002
Pseudomonas_sp._SC3(2021)	2871493	S	115	140	255	0.00001
Pseudomonas_sp._3-2	2867408	S	113	161	274	0.00001
Pseudomonas_sp._AN-B15	2697023	S	109	325	434	0.00002
Pseudomonas_sp._Y5-11	2749808	S	101	330	431	0.00002
Pseudomonas_sp._S49	1573720	S	98	265	363	0.00002
Pseudomonas_sp._J380	2605424	S	98	135	233	0.00001
Pseudomonas_sp._MYb193	1827300	S	97	112	209	0.00001
Pseudomonas_sp._St29	1500687	S	96	408	504	0.00003
Pseudomonas_sp._ArH3a	2862945	S	95	247	342	0.00002
Pseudomonas_sp._RU47	2005388	S	95	254	349	0.00002
Pseudomonas_sp._GR_6-02	1659194	S	94	246	340	0.00002
Pseudomonas_sp._SWI44	2083053	S	91	778	869	0.00004
Pseudomonas_sp._LBUM920	2126069	S	90	233	323	0.00002
Pseudomonas_sp._BC42	2933816	S	89	459	548	0.00003
Pseudomonas_sp._S150	2559074	S	85	149	234	0.00001
Pseudomonas_sp._BIOMIG1BAC	1758730	S	83	297	380	0.00002
Pseudomonas_sp._R3-18-08	1173283	S	77	230	307	0.00002
Pseudomonas_sp._Os17	1500686	S	75	387	462	0.00002
Pseudomonas_sp._CFSAN084952	2664899	S	75	250	325	0.00002
Pseudomonas_sp._R1-43-08	1173270	S	75	452	527	0.00003
Pseudomonas_sp._R32	1573704	S	73	212	285	0.00001
Pseudomonas_sp._Y39-6	2749807	S	70	253	323	0.00002
Pseudomonas_sp._LG1D9	2083054	S	67	257	324	0.00002
Pseudomonas_sp._A214	1855331	S	66	211	277	0.00001
Pseudomonas_sp._SXM-1	2169583	S	66	213	279	0.00001
Pseudomonas_sp._HN8-3	2886361	S	65	145	210	0.00001
Pseudomonas_sp._TKP	1415630	S	63	245	308	0.00002
Pseudomonas_sp._SWI36	2083052	S	63	194	257	0.00001
Pseudomonas_sp._CFA	2651048	S	61	314	375	0.00002
Pseudomonas_sp._R2-37-08W	1173273	S	61	294	355	0.00002
Pseudomonas_sp._DR208	2870840	S	59	159	218	0.00001
Pseudomonas_sp._A2	107445	S	58	355	413	0.00002
Pseudomonas_sp._PS1(2021)	2866282	S	56	1869	1925	0.00010
Pseudomonas_sp._IAC-BECa141	2793103	S	55	128	183	0.00001
Pseudomonas_sp._NC02	2067572	S	53	183	236	0.00001
Pseudomonas_sp._R4-39-08	1173288	S	53	318	371	0.00002
Pseudomonas_sp._R4-35-07	658643	S	50	344	394	0.00002
Pseudomonas_sp._7-41	2898483	S	48	238	286	0.00001
Pseudomonas_sp._MPDS	2762896	S	46	198	244	0.00001
Pseudomonas_sp._IB20	1702250	S	44	265	309	0.00002
Pseudomonas_sp._R3-52-08	1173284	S	43	266	309	0.00002
Pseudomonas_sp._B14-6	2738843	S	43	131	174	0.00001
Pseudomonas_sp._BJP69	2597770	S	42	280	322	0.00002
Pseudomonas_sp._BYT-1	2816906	S	42	399	441	0.00002
Pseudomonas_sp._So3.2b	2864101	S	41	149	190	0.00001
Pseudomonas_sp._R2-60-08W	1173280	S	39	277	316	0.00002
Pseudomonas_sp._TMW_2.1634	1886807	S	39	114	153	0.00001
Pseudomonas_sp._St290	1602166	S	38	165	203	0.00001
Pseudomonas_sp._XWY-1	2069256	S	38	238	276	0.00001
Pseudomonas_sp._DTU12.1	2654238	S	37	151	188	0.00001
Pseudomonas_sp._OST1909	2777367	S	36	124	160	0.00001
Pseudomonas_sp._Colony2	2861799	S	36	160	196	0.00001
Pseudomonas_sp._SK2	2841063	S	35	643	678	0.00003
Pseudomonas_sp._CIP-10	2892442	S	35	354	389	0.00002
Pseudomonas_sp._Eqa60	2799184	S	34	219	253	0.00001
Pseudomonas_sp._R4-34-07	658642	S	32	188	220	0.00001
Pseudomonas_sp._I3-I5	2926671	S	32	139	171	0.00001
Pseudomonas_sp._VLB120	69328	S	30	429	459	0.00002
Pseudomonas_sp._SWI7	2587597	S	29	202	231	0.00001
Pseudomonas_sp._LH1G9	2083055	S	27	104	131	0.00001
Pseudomonas_sp._SWI6	2083051	S	24	405	429	0.00002
Pseudomonas_sp._SW-3	147212	S	23	96	119	0.00001
Pseudomonas_sp._13159349	2662034	S	23	247	270	0.00001
Pseudomonas_sp._R11-23-07	658632	S	22	200	222	0.00001
Pseudomonas_sp._St386	2678256	S	21	195	216	0.00001
Pseudomonas_sp._R2-7-07	658641	S	21	201	222	0.00001
Pseudomonas_sp._bs2935	1761895	S	20	684	704	0.00004
Pseudomonas_sp._JS425	2829498	S	15	578	593	0.00003
Pseudomonas_sp._LTGT-11-2Z	2479393	S	13	403	416	0.00002
Pseudomonas_sp._FDAARGOS_761	2545800	S	13	290	303	0.00002
Pseudomonas_sp._KUIN-1	2609418	S	11	72	83	0.00000
Pseudomonas_aeruginosa	287	S	10839	94886	105725	0.00541
Pseudomonas_mendocina	300	S	6036	2360	8396	0.00043
Pseudomonas_alcaligenes	43263	S	4941	3590	8531	0.00044
Pseudomonas_furukawaii	1149133	S	3338	1088	4426	0.00023
Pseudomonas_oleovorans	301	S	637	2152	2789	0.00014
Pseudomonas_resinovorans	53412	S	2792	658	3450	0.00018
Pseudomonas_multiresinivorans	95301	S	1267	441	1708	0.00009
Pseudomonas_nitroreducens	46680	S	319	724	1043	0.00005
Pseudomonas_citronellolis	53408	S	1501	2386	3887	0.00020
Pseudomonas_fluorescens	294	S	9564	8294	17858	0.00091
Pseudomonas_protegens	380021	S	2403	2288	4691	0.00024
Pseudomonas_orientalis	76758	S	1644	473	2117	0.00011
Pseudomonas_azotoformans	47878	S	1275	531	1806	0.00009
Pseudomonas_synxantha	47883	S	999	685	1684	0.00009
Pseudomonas_rhodesiae	76760	S	920	387	1307	0.00007
Pseudomonas_poae	200451	S	772	447	1219	0.00006
Pseudomonas_mediterranea	183795	S	731	197	928	0.00005
Pseudomonas_trivialis	200450	S	726	273	999	0.00005
Pseudomonas_tolaasii	29442	S	687	137	824	0.00004
Pseudomonas_corrugata	47879	S	647	148	795	0.00004
Pseudomonas_migulae	78543	S	568	321	889	0.00005
Pseudomonas_cedrina	651740	S	501	137	638	0.00003
Pseudomonas_mucidolens	46679	S	494	76	570	0.00003
Pseudomonas_congelans	200452	S	434	138	572	0.00003
Pseudomonas_brenneri	129817	S	385	154	539	0.00003
Pseudomonas_libanensis	75588	S	279	327	606	0.00003
Pseudomonas_veronii	76761	S	233	656	889	0.00005
Pseudomonas_mandelii	75612	S	197	563	760	0.00004
Pseudomonas_ogarae	1114970	S	193	152	345	0.00002
Pseudomonas_extremorientalis	169669	S	38	96	134	0.00001
Pseudomonas_stutzeri	316	S	19193	13127	32320	0.00165
Pseudomonas_chloritidismutans	203192	S	183	256	439	0.00002
Pseudomonas_balearica	74829	S	3261	4450	7711	0.00039
Pseudomonas_xanthomarina	271420	S	853	147	1000	0.00005
Pseudomonas_luteola	47886	S	227	112	339	0.00002
Pseudomonas_putida	303	S	12224	16396	28620	0.00146
Pseudomonas_oryzihabitans	47885	S	3829	880	4709	0.00024
Pseudomonas_fulva	47880	S	2945	8262	11207	0.00057
Pseudomonas_plecoglossicida	70775	S	810	688	1498	0.00008
Pseudomonas_mosselii	78327	S	447	886	1333	0.00007
Pseudomonas_monteilii	76759	S	364	598	962	0.00005
Pseudomonas_sp._SGAir0191	2217867	S	184	124	308	0.00002
Pseudomonas_shirazica	1940636	S	31	441	472	0.00002
Pseudomonas_syringae	317	S	3061	16606	19667	0.00101
Pseudomonas_viridiflava	33069	S	1930	238	2168	0.00011
Pseudomonas_cichorii	36746	S	1195	113	1308	0.00007
Pseudomonas_asturiensis	1190415	S	750	78	828	0.00004
Pseudomonas_amygdali	47877	S	272	1231	1503	0.00008
Pseudomonas_savastanoi	29438	S	133	515	648	0.00003
Pseudomonas_syringae_group_genomosp._7	251699	S	538	61	599	0.00003
Pseudomonas_fuscovaginae	50340	S	284	174	458	0.00002
Pseudomonas_avellanae	46257	S	185	195	380	0.00002
Pseudomonas_coronafaciens	53409	S	113	209	322	0.00002
Pseudomonas_syringae_group_genomosp._3	251701	S	80	1881	1961	0.00010
Pseudomonas_sp._Lz4W	1206777	S	44	83	127	0.00001
Pseudomonas_tremae	200454	S	31	49	80	0.00000
Pseudomonas_chlororaphis	587753	S	5752	6533	12285	0.00063
Pseudomonas_lundensis	86185	S	554	75	629	0.00003
Pseudomonas_fragi	296	S	363	313	676	0.00003
Pseudomonas_otitidis	319939	S	4877	1190	6067	0.00031
Pseudomonas_psychrotolerans	237610	S	3867	917	4784	0.00024
Pseudomonas_knackmussii	65741	S	3866	3538	7404	0.00038
Pseudomonas_oryzae	1392877	S	3841	1345	5186	0.00027
Pseudomonas_cavernae	2320867	S	3445	597	4042	0.00021
Pseudomonas_entomophila	312306	S	2585	1180	3765	0.00019
Pseudomonas_lalkuanensis	2604832	S	2566	518	3084	0.00016
Pseudomonas_guangdongensis	1245526	S	2488	884	3372	0.00017
Pseudomonas_campi	2731681	S	2072	313	2385	0.00012
Pseudomonas_eucalypticola	2599595	S	1469	202	1671	0.00009
Pseudomonas_qingdaonensis	2056231	S	1447	319	1766	0.00009
Pseudomonas_parafulva	157782	S	1423	431	1854	0.00009
Pseudomonas_vanderleydeniana	2745495	S	1410	210	1620	0.00008
Pseudomonas_nanhaiensis	2830842	S	1350	161	1511	0.00008
Pseudomonas_saudiphocaensis	1499686	S	1154	268	1422	0.00007
Pseudomonas_rhizosphaerae	216142	S	1131	149	1280	0.00007
Pseudomonas_tohonis	2725477	S	1118	956	2074	0.00011
Pseudomonas_cremoricolorata	157783	S	1112	181	1293	0.00007
Pseudomonas_argentinensis	289370	S	1106	270	1376	0.00007
Pseudomonas_alkylphenolica	237609	S	1090	230	1320	0.00007
Pseudomonas_pohangensis	364197	S	1070	86	1156	0.00006
Pseudomonas_frederiksbergensis	104087	S	1035	321	1356	0.00007
Pseudomonas_brassicacearum	930166	S	1023	2173	3196	0.00016
Pseudomonas_zhaodongensis	1176257	S	986	473	1459	0.00007
Pseudomonas_phragmitis	1931241	S	910	78	988	0.00005
Pseudomonas_umsongensis	198618	S	885	149	1034	0.00005
Pseudomonas_muyukensis	2842357	S	871	273	1144	0.00006
Pseudomonas_yamanorum	515393	S	840	195	1035	0.00005
Pseudomonas_marincola	437900	S	787	132	919	0.00005
Pseudomonas_alvandae	2842348	S	773	129	902	0.00005
Pseudomonas_palleroniana	191390	S	742	125	867	0.00004
Pseudomonas_wenzhouensis	2906062	S	722	295	1017	0.00005
Pseudomonas_sediminis	1691904	S	717	217	934	0.00005
Pseudomonas_xantholysinigenes	2745490	S	696	202	898	0.00005
Pseudomonas_vancouverensis	95300	S	685	114	799	0.00004
Pseudomonas_xanthosomae	2842356	S	677	227	904	0.00005
Pseudomonas_tructae	2518644	S	675	125	800	0.00004
Pseudomonas_fakonensis	2842355	S	675	223	898	0.00005
Pseudomonas_koreensis	198620	S	661	268	929	0.00005
Pseudomonas_thivervalensis	86265	S	641	142	783	0.00004
Pseudomonas_silesiensis	1853130	S	630	140	770	0.00004
Pseudomonas_toyotomiensis	554344	S	599	576	1175	0.00006
Pseudomonas_extremaustralis	359110	S	572	132	704	0.00004
Pseudomonas_promysalinigenes	485898	S	565	92	657	0.00003
Pseudomonas_hamedanensis	2745504	S	563	107	670	0.00003
Pseudomonas_agarici	46677	S	544	28	572	0.00003
Pseudomonas_arsenicoxydans	702115	S	541	120	661	0.00003
Pseudomonas_antarctica	219572	S	531	139	670	0.00003
Pseudomonas_prosekii	1148509	S	531	92	623	0.00003
Pseudomonas_lurida	244566	S	484	114	598	0.00003
Pseudomonas_simiae	321846	S	484	125	609	0.00003
Pseudomonas_taetrolens	47884	S	477	64	541	0.00003
Pseudomonas_granadensis	1421430	S	473	233	706	0.00004
Pseudomonas_maumuensis	2842354	S	457	231	688	0.00004
Pseudomonas_graminis	158627	S	452	130	582	0.00003
Pseudomonas_asgharzadehiana	2842349	S	452	110	562	0.00003
Pseudomonas_alcaliphila	101564	S	429	494	923	0.00005
Pseudomonas_khazarica	2502979	S	399	511	910	0.00005
Pseudomonas_viciae	2505979	S	399	101	500	0.00003
Pseudomonas_versuta	1788301	S	371	62	433	0.00002
Pseudomonas_kribbensis	1628086	S	369	366	735	0.00004
Pseudomonas_reinekei	395598	S	367	108	475	0.00002
Pseudomonas_lini	163011	S	351	72	423	0.00002
Pseudomonas_sihuiensis	1274359	S	351	486	837	0.00004
Pseudomonas_allokribbensis	2774460	S	344	139	483	0.00002
Pseudomonas_psychrophila	122355	S	338	49	387	0.00002
Pseudomonas_kunmingensis	1211807	S	289	448	737	0.00004
Pseudomonas_chengduensis	489632	S	287	618	905	0.00005
Pseudomonas_oryziphila	2894079	S	270	223	493	0.00003
Pseudomonas_asplenii	53407	S	269	172	441	0.00002
Pseudomonas_gozinkensis	2774461	S	264	128	392	0.00002
Pseudomonas_moraviensis	321662	S	248	395	643	0.00003
Pseudomonas_atacamensis	2565368	S	247	249	496	0.00003
Pseudomonas_zeae	2745510	S	238	124	362	0.00002
Pseudomonas_tritici	2745518	S	238	78	316	0.00002
Pseudomonas_anuradhapurensis	485870	S	235	218	453	0.00002
Pseudomonas_azerbaijanoriens	2842350	S	216	149	365	0.00002
Pseudomonas_tensinigenes	2745511	S	208	117	325	0.00002
Pseudomonas_zarinae	2745498	S	201	157	358	0.00002
Pseudomonas_germanica	2815720	S	191	108	299	0.00002
Pseudomonas_iranensis	2745503	S	178	140	318	0.00002
Pseudomonas_salmasensis	2745514	S	137	92	229	0.00001
Pseudomonas_lactis	1615674	S	135	103	238	0.00001
Pseudomonas_soli	1306993	S	132	534	666	0.00003
Pseudomonas_monsensis	2745509	S	131	146	277	0.00001
Pseudomonas_juntendi	2666183	S	104	999	1103	0.00006
Pseudomonas_donghuensis	1163398	S	94	273	367	0.00002
Pseudomonas_sessilinigenes	658629	S	86	228	314	0.00002
Pseudomonas_glycinae	1785145	S	81	149	230	0.00001
Pseudomonas_bijieensis	2681983	S	76	296	372	0.00002
Pseudomonas_rhizophila	2045200	S	66	179	245	0.00001
Pseudomonas_asiatica	2219225	S	59	342	401	0.00002
Pseudomonas_cerasi	1583341	S	42	91	133	0.00001
Pseudomonas_shahriarae	2745512	S	32	129	161	0.00001
Candidatus_Pseudomonas_adelgestsugas	1302376	S	17	0	17	0.00000
Pseudomonas_taiwanensis	470150	S	16	207	223	0.00001
Azotobacter_chroococcum	353	S	3118	1544	4662	0.00024
Azotobacter_vinelandii	354	S	2017	5359	7376	0.00038
Azotobacter_salinestris	69964	S	1866	722	2588	0.00013
Halopseudomonas_xinjiangensis	487184	S	1101	115	1216	0.00006
Halopseudomonas_sabulinigri	472181	S	807	79	886	0.00005
Halopseudomonas_aestusnigri	857252	S	785	594	1379	0.00007
Halopseudomonas_sp._RR6	2918528	S	762	126	888	0.00005
Halopseudomonas_litoralis	797277	S	677	178	855	0.00004
Halopseudomonas_salegens	1434072	S	531	42	573	0.00003
Permianibacter_aggregans	1510150	S	984	32	1016	0.00005
Thiopseudomonas_alkaliphila	1697053	S	70	16	86	0.00000
Entomomonas_sp._F2A	2785331	S	24	5	29	0.00000
Entomomonas_moraniae	2213226	S	23	5	28	0.00000
Marinobacter_sp._CA1	2817656	S	1060	89	1149	0.00006
Marinobacter_sp._NP-4(2019)	2488665	S	661	133	794	0.00004
Marinobacter_sp._LPB0319	2769486	S	583	41	624	0.00003
Marinobacter_sp._Arc7-DN-1	2304594	S	575	83	658	0.00003
Marinobacter_sp._LQ44	1749259	S	271	412	683	0.00003
Marinobacter_sp._LV10R510-11A	1415568	S	266	13	279	0.00001
Marinobacter_sp._es.042	1761794	S	249	251	500	0.00003
Marinobacter_sp._CP1	1671721	S	224	452	676	0.00003
Marinobacter_sp._JH2	2547598	S	223	70	293	0.00002
Marinobacter_sp._BSs20148	490759	S	146	95	241	0.00001
Marinobacter_fonticola	2603215	S	993	56	1049	0.00005
Marinobacter_salarius	1420917	S	730	106	836	0.00004
Marinobacter_nauticus	2743	S	684	244	928	0.00005
Marinobacter_similis	1420916	S	563	54	617	0.00003
Marinobacter_salsuginis	418719	S	486	75	561	0.00003
Marinobacter_salinus	1874317	S	427	31	458	0.00002
Marinobacter_adhaerens	1033846	S	177	359	536	0.00003
Marinobacter_psychrophilus	330734	S	70	46	116	0.00001
Klebsiella_pneumoniae	573	S	1202	51090	52292	0.00267
Klebsiella_quasipneumoniae	1463165	S	811	2931	3742	0.00019
Klebsiella_oxytoca	571	S	555	3437	3992	0.00020
Klebsiella_aerogenes	548	S	533	340	873	0.00004
Klebsiella_sp._A52	2834819	S	41	47	88	0.00000
Klebsiella_sp._WP3-S18-ESBL-05	2675711	S	14	1093	1107	0.00006
Klebsiella_michiganensis	1134687	S	351	1518	1869	0.00010
Klebsiella_variicola	244366	S	337	1452	1789	0.00009
Klebsiella_africana	2489010	S	151	104	255	0.00001
Klebsiella_quasivariicola	2026240	S	132	160	292	0.00001
Klebsiella_huaxiensis	2153354	S	110	117	227	0.00001
Klebsiella_grimontii	2058152	S	75	577	652	0.00003
Raoultella_sp._HC6	2923366	S	341	259	600	0.00003
Raoultella_planticola	575	S	201	231	432	0.00002
Raoultella_ornithinolytica	54291	S	183	1552	1735	0.00009
Raoultella_electrica	1259973	S	147	418	565	0.00003
Raoultella_terrigena	577	S	112	247	359	0.00002
Enterobacter_cloacae	550	S	1350	3660	5010	0.00026
Enterobacter_hormaechei	158836	S	515	7751	8266	0.00042
Enterobacter_asburiae	61645	S	397	2295	2692	0.00014
Enterobacter_cancerogenus	69218	S	386	149	535	0.00003
Enterobacter_roggenkampii	1812935	S	266	1195	1461	0.00007
Enterobacter_ludwigii	299767	S	160	409	569	0.00003
Enterobacter_chengduensis	2494701	S	134	103	237	0.00001
Enterobacter_cloacae_complex_sp.	2027919	S	53	1496	1549	0.00008
Enterobacter_sp._BIDMC_29	1329841	S	32	115	147	0.00001
Enterobacter_cloacae_complex_sp._ECNIH7	1915310	S	16	135	151	0.00001
Enterobacter_cloacae_complex_sp._FDA-CDC-AR_0132	2077137	S	10	69	79	0.00000
Enterobacter_chuandaensis	2497875	S	118	85	203	0.00001
Enterobacter_kobei	208224	S	94	1192	1286	0.00007
Enterobacter_sichuanensis	2071710	S	74	72	146	0.00001
Enterobacter_sp._SA187	1914861	S	366	74	440	0.00002
Enterobacter_sp._JUb54	2724468	S	340	79	419	0.00002
Enterobacter_sp._E76	2596949	S	172	394	566	0.00003
Enterobacter_sp._RHBSTW-00994	2742676	S	98	28	126	0.00001
Enterobacter_sp._RHBSTW-00175	2742639	S	75	81	156	0.00001
Enterobacter_sp._JBIWA008	2831892	S	70	50	120	0.00001
Enterobacter_sp._Colony194	2866201	S	66	101	167	0.00001
Enterobacter_sp._SGAir0187	2836161	S	42	55	97	0.00000
Enterobacter_sp._JBIWA003	2831890	S	40	59	99	0.00001
Enterobacter_sp._JBIWA005	2831891	S	30	64	94	0.00000
Enterobacter_sp._SES19	2705458	S	30	31	61	0.00000
Enterobacter_sp._18A13	2565914	S	25	121	146	0.00001
Enterobacter_sp._E20	1560339	S	19	185	204	0.00001
Enterobacter_sp._N18-03635	2500132	S	18	51	69	0.00000
Enterobacter_sp._HK169	1868135	S	11	52	63	0.00000
Enterobacter_huaxiensis	2494702	S	228	77	305	0.00002
Enterobacter_mori	539813	S	176	249	425	0.00002
Enterobacter_bugandensis	881260	S	155	309	464	0.00002
Enterobacter_soli	885040	S	109	32	141	0.00001
Enterobacter_oligotrophicus	2478464	S	109	37	146	0.00001
Citrobacter_freundii	546	S	389	2042	2431	0.00012
Citrobacter_werkmanii	67827	S	94	270	364	0.00002
Citrobacter_freundii_complex_sp._CFNIH2	2066049	S	52	71	123	0.00001
Citrobacter_braakii	57706	S	51	477	528	0.00003
Citrobacter_portucalensis	1639133	S	39	477	516	0.00003
Citrobacter_sedlakii	67826	S	37	132	169	0.00001
Citrobacter_youngae	133448	S	13	49	62	0.00000
Citrobacter_sp._R56	1573676	S	163	57	220	0.00001
Citrobacter_sp._RHB25-C09	2742624	S	153	48	201	0.00001
Citrobacter_sp._BDA59-3	2781952	S	57	30	87	0.00000
Citrobacter_sp._MGH_55	1439319	S	21	104	125	0.00001
Citrobacter_rodentium	67825	S	314	0	314	0.00002
Citrobacter_amalonaticus	35703	S	222	1271	1493	0.00008
Citrobacter_farmeri	67824	S	218	126	344	0.00002
Citrobacter_koseri	545	S	128	206	334	0.00002
Citrobacter_pasteurii	1563222	S	83	83	166	0.00001
Citrobacter_tructae	2562449	S	80	42	122	0.00001
Citrobacter_arsenatis	2546350	S	43	18	61	0.00000
Citrobacter_cronae	1748967	S	18	170	188	0.00001
Cronobacter_sakazakii	28141	S	552	519	1071	0.00005
Cronobacter_dublinensis	413497	S	450	181	631	0.00003
Cronobacter_universalis	535744	S	282	224	506	0.00003
Cronobacter_condimenti	1163710	S	276	87	363	0.00002
Cronobacter_malonaticus	413503	S	192	254	446	0.00002
Cronobacter_sp._JZ38	1906275	S	56	180	236	0.00001
Cronobacter_muytjensii	413501	S	54	226	280	0.00001
Kosakonia_sp._SMBL-WEM22	2725560	S	204	95	299	0.00002
Kosakonia_sp._MUSA4	2067958	S	122	65	187	0.00001
Kosakonia_sp._CCTCC_M2018092	2492396	S	113	112	225	0.00001
Kosakonia_cowanii	208223	S	396	316	712	0.00004
Kosakonia_sacchari	1158459	S	323	152	475	0.00002
Kosakonia_pseudosacchari	1646340	S	146	83	229	0.00001
Kosakonia_arachidis	551989	S	126	37	163	0.00001
Kosakonia_oryzae	497725	S	120	90	210	0.00001
Kosakonia_radicincitans	283686	S	115	115	230	0.00001
Leclercia_adecarboxylata	83655	S	682	1387	2069	0.00011
Leclercia_sp._29361	2714951	S	228	103	331	0.00002
Leclercia_sp._W6	2282310	S	45	91	136	0.00001
Leclercia_sp._J807	2681307	S	45	73	118	0.00001
Leclercia_sp._W17	2282309	S	37	113	150	0.00001
Leclercia_sp._119287	2681308	S	26	89	115	0.00001
Leclercia_sp._G3L	2898725	S	22	126	148	0.00001
Leclercia_sp._LSNIH1	1920114	S	17	266	283	0.00001
Leclercia_pneumoniae	2815358	S	194	101	295	0.00002
Pluralibacter_gergoviae	61647	S	1245	360	1605	0.00008
[Enterobacter]_lignolyticus	1334193	S	633	189	822	0.00004
Salmonella_enterica	28901	S	1432	77128	78560	0.00402
Salmonella_bongori	54736	S	156	54	210	0.00001
Cedecea_neteri	158822	S	824	191	1015	0.00005
Cedecea_lapagei	158823	S	248	72	320	0.00002
Cedecea_sp._FDAARGOS_727	2545798	S	244	55	299	0.00002
Escherichia_coli	562	S	913	24033	24946	0.00128
Escherichia_albertii	208962	S	166	154	320	0.00002
Escherichia_fergusonii	564	S	87	150	237	0.00001
Escherichia_marmotae	1499973	S	54	33	87	0.00000
Escherichia_sp._E4742	2044467	S	48	35	83	0.00000
Lelliottia_amnigena	61646	S	595	186	781	0.00004
Lelliottia_sp._AC1	2067959	S	100	86	186	0.00001
Lelliottia_sp._WB101	2153385	S	88	98	186	0.00001
Kluyvera_ascorbata	51288	S	197	184	381	0.00002
Kluyvera_intermedia	61648	S	157	129	286	0.00001
Kluyvera_sp._CRP	2873269	S	32	99	131	0.00001
Kluyvera_genomosp._3	2774055	S	28	82	110	0.00001
Candidatus_Symbiopectobacterium_sp._SyEd1	2871826	S	208	28	236	0.00001
Blochmannia_endosymbiont_of_Camponotus_sp.	700220	S	49	13	62	0.00000
Blochmannia_endosymbiont_of_Colobopsis_nipponica	2681987	S	28	1	29	0.00000
Blochmannia_endosymbiont_of_Polyrhachis_(Hedomyrma)_turneri	1505596	S	15	0	15	0.00000
secondary_endosymbiont_of_Ctenarytaina_eucalypti	1199245	S	40	1	41	0.00000
Candidatus_Hamiltonella_defensa	138072	S	30	2	32	0.00000
secondary_endosymbiont_of_Heteropsylla_cubana	134287	S	11	0	11	0.00000
Candidatus_Doolittlea_endobia	1778262	S	32	1	33	0.00000
Candidatus_Mikella_endobia	1778264	S	19	4	23	0.00000
Candidatus_Tachikawaea_gelatinosa	1410383	S	13	2	15	0.00000
Candidatus_Hoaglandella_endobia	1778263	S	13	0	13	0.00000
secondary_endosymbiont_of_Trabutina_mannipara	1835721	S	11	3	14	0.00000
Jejubacter_calystegiae	2579935	S	389	47	436	0.00002
Pseudescherichia_vulneris	566	S	334	22	356	0.00002
Plesiomonas_shigelloides	703	S	292	104	396	0.00002
Buttiauxella_agrestis	82977	S	126	26	152	0.00001
Buttiauxella_ferragutiae	82989	S	32	91	123	0.00001
Buttiauxella_sp._3AFRM03	2479367	S	16	41	57	0.00000
Shimwellia_blattae	563	S	274	60	334	0.00002
Yokenella_regensburgei	158877	S	271	128	399	0.00002
Atlantibacter_hermannii	565	S	263	62	325	0.00002
Pseudocitrobacter_sp._G163CM	2891570	S	218	60	278	0.00001
Scandinavium_goeteborgense	1851514	S	212	43	255	0.00001
Phytobacter_ursingii	1972431	S	143	209	352	0.00002
Phytobacter_diazotrophicus	395631	S	14	112	126	0.00001
Shigella_flexneri	623	S	24	2833	2857	0.00015
Shigella_boydii	621	S	23	443	466	0.00002
Candidatus_Moranella_endobia	1048758	S	56	0	56	0.00000
Candidatus_Profftia_tarda	1177216	S	11	0	11	0.00000
Candidatus_Ishikawaella_capsulata	168169	S	21	1	22	0.00000
Candidatus_Schneideria_nysicola	1081631	S	11	0	11	0.00000
Serratia_marcescens	615	S	2351	2660	5011	0.00026
Serratia_plymuthica	82996	S	781	16553	17334	0.00089
Serratia_sp._ATCC_39006	104623	S	144	17	161	0.00001
Serratia_sp._FGI94	671990	S	144	63	207	0.00001
Serratia_sp._FDAARGOS_506	2420306	S	122	58	180	0.00001
Serratia_sp._1D1416	2447890	S	68	74	142	0.00001
Serratia_sp._3ACOL1	2448483	S	42	19	61	0.00000
Serratia_sp._P2ACOL2	2482769	S	38	34	72	0.00000
Serratia_sp._MYb239	2033438	S	38	108	146	0.00001
Serratia_sp._FS14	1327989	S	23	37	60	0.00000
Serratia_sp._JSRIV006	2831896	S	16	31	47	0.00000
Serratia_sp._Tan611	2773264	S	12	25	37	0.00000
Serratia_sp._JSRIV002	2831894	S	12	18	30	0.00000
Serratia_sp._LS-1	2485839	S	11	63	74	0.00000
Serratia_sp._HRI	2663241	S	11	159	170	0.00001
Serratia_sp._JUb9	2724469	S	10	26	36	0.00000
Serratia_sp._JSRIV004	2831895	S	10	22	32	0.00000
Serratia_rubidaea	61652	S	581	262	843	0.00004
Serratia_entomophila	42906	S	565	109	674	0.00003
Serratia_odorifera	618	S	406	64	470	0.00002
Serratia_proteamaculans	28151	S	322	36	358	0.00002
Serratia_fonticola	47917	S	294	93	387	0.00002
Serratia_surfactantfaciens	2741499	S	289	68	357	0.00002
Serratia_quinivorans	137545	S	193	39	232	0.00001
Serratia_liquefaciens	614	S	180	92	272	0.00001
Serratia_symbiotica	138074	S	176	29	205	0.00001
Serratia_grimesii	82995	S	155	12	167	0.00001
Serratia_inhibens	2338073	S	124	30	154	0.00001
Serratia_rhizosphaerae	2597702	S	118	44	162	0.00001
Serratia_ureilytica	300181	S	85	337	422	0.00002
Serratia_ficaria	61651	S	29	43	72	0.00000
Serratia_nematodiphila	458197	S	14	43	57	0.00000
Yersinia_pseudotuberculosis	633	S	43	47	90	0.00000
Yersinia_similis	367190	S	34	7	41	0.00000
Yersinia_pestis	632	S	19	419	438	0.00002
Yersinia_enterocolitica	630	S	142	147	289	0.00001
Yersinia_ruckeri	29486	S	92	19	111	0.00001
Yersinia_mollaretii	33060	S	70	18	88	0.00000
Yersinia_aldovae	29483	S	69	17	86	0.00000
Yersinia_entomophaga	935293	S	68	13	81	0.00000
Yersinia_frederiksenii	29484	S	64	75	139	0.00001
Yersinia_aleksiciae	263819	S	60	18	78	0.00000
Yersinia_rohdei	29485	S	55	12	67	0.00000
Yersinia_canariae	2607663	S	51	19	70	0.00000
Yersinia_kristensenii	28152	S	39	145	184	0.00001
Yersinia_hibernica	2339259	S	20	44	64	0.00000
Yersinia_intermedia	631	S	17	73	90	0.00000
Yersinia_massiliensis	419257	S	17	72	89	0.00000
Rahnella_aquatilis	34038	S	345	456	801	0.00004
Rahnella_inusitata	58169	S	256	69	325	0.00002
Rahnella_sp._ERMR1:05	1805933	S	245	36	281	0.00001
Rahnella_victoriana	1510570	S	212	32	244	0.00001
Rahnella_aceris	2703885	S	20	40	60	0.00000
Nissabacter_sp._SGAir0207	2126321	S	987	158	1145	0.00006
Gibbsiella_quercinecans	929813	S	562	75	637	0.00003
Rouxiella_badensis	1646377	S	313	29	342	0.00002
Ewingella_americana	41202	S	299	42	341	0.00002
Chania_multitudinisentens	1639108	S	169	19	188	0.00001
Candidatus_Fukatsuia_symbiotica	1878942	S	63	4	67	0.00000
Pantoea_sp._Z09	2886821	S	808	279	1087	0.00006
Pantoea_sp._SO10	2575375	S	380	79	459	0.00002
Pantoea_sp._MSR2	2052056	S	244	33	277	0.00001
Pantoea_sp._At-9b	592316	S	234	53	287	0.00001
Pantoea_sp._CCBC3-3-1	2490851	S	208	43	251	0.00001
Pantoea_sp._MT58	2768165	S	17	129	146	0.00001
Pantoea_sp._SM3640	2787629	S	11	77	88	0.00000
Pantoea_agglomerans	549	S	1560	505	2065	0.00011
Pantoea_dispersa	59814	S	1234	353	1587	0.00008
Pantoea_vagans	470934	S	468	755	1223	0.00006
Pantoea_deleyi	470932	S	459	114	573	0.00003
Pantoea_ananatis	553	S	434	141	575	0.00003
Pantoea_alhagi	1891675	S	287	96	383	0.00002
Pantoea_cypripedii	55209	S	268	17	285	0.00001
Pantoea_stewartii	66269	S	245	65	310	0.00002
Pantoea_rwandensis	1076550	S	164	38	202	0.00001
Candidatus_Pantoea_carbekii	1235990	S	23	2	25	0.00000
Pantoea_eucalypti	470933	S	17	118	135	0.00001
Erwinia_sp._E602	2675378	S	788	153	941	0.00005
Erwinia_sp._J780	2681984	S	176	36	212	0.00001
Erwinia_sp._Ejp617	215689	S	54	97	151	0.00001
Erwinia_sp._QL-Z3	2547962	S	40	120	160	0.00001
Erwinia_gerundensis	1619313	S	359	73	432	0.00002
Erwinia_persicina	55211	S	283	62	345	0.00002
Erwinia_rhapontici	55212	S	270	55	325	0.00002
Erwinia_billingiae	182337	S	197	354	551	0.00003
Erwinia_tasmaniensis	338565	S	192	42	234	0.00001
Erwinia_amylovora	552	S	182	67	249	0.00001
Erwinia_tracheiphila	65700	S	129	18	147	0.00001
Candidatus_Erwinia_haradaeae	1922217	S	113	2	115	0.00001
[Pantoea]_beijingensis	1324864	S	81	16	97	0.00001
Erwinia_pyrifoliae	79967	S	34	58	92	0.00000
Mixta_gaviniae	665914	S	555	231	786	0.00004
Mixta_calida	665913	S	472	278	750	0.00004
Mixta_theicola	1458355	S	369	127	496	0.00003
Mixta_sp._X22927	2872648	S	231	132	363	0.00002
Mixta_intestinalis	1615494	S	205	62	267	0.00001
Tatumella_ptyseos	82987	S	148	28	176	0.00001
Tatumella_citrea	53336	S	66	10	76	0.00000
Buchnera_aphidicola	9	S	214	30	244	0.00001
Wigglesworthia_glossinidia	51229	S	11	1	12	0.00000
Dickeya_dadantii	204038	S	555	180	735	0.00004
Dickeya_zeae	204042	S	418	208	626	0.00003
Dickeya_chrysanthemi	556	S	381	35	416	0.00002
Dickeya_dianthicola	204039	S	336	97	433	0.00002
Dickeya_fangzhongdai	1778540	S	206	311	517	0.00003
Dickeya_solani	1089444	S	177	2396	2573	0.00013
Dickeya_sp._NCPPB_3274	568766	S	109	23	132	0.00001
Dickeya_poaceiphila	568768	S	97	11	108	0.00001
Dickeya_oryzae	1240404	S	18	10	28	0.00000
Dickeya_parazeae	2893572	S	12	16	28	0.00000
Pectobacterium_carotovorum	554	S	289	653	942	0.00005
Pectobacterium_brasiliense	180957	S	199	227	426	0.00002
Pectobacterium_sp._LJ1	2878098	S	104	28	132	0.00001
Pectobacterium_sp._PL64	2738983	S	52	34	86	0.00000
Pectobacterium_atrosepticum	29471	S	135	40	175	0.00001
Pectobacterium_parmentieri	1905730	S	134	38	172	0.00001
Pectobacterium_polaris	2042057	S	90	63	153	0.00001
Pectobacterium_wasabiae	55208	S	87	26	113	0.00001
Pectobacterium_punjabense	2108399	S	78	19	97	0.00000
Pectobacterium_odoriferum	78398	S	72	52	124	0.00001
Pectobacterium_versatile	2488639	S	52	113	165	0.00001
Pectobacterium_quasiaquaticum	2774015	S	33	31	64	0.00000
Pectobacterium_aroidearum	1201031	S	27	40	67	0.00000
Pectobacterium_parvum	2778550	S	20	29	49	0.00000
Pectobacterium_aquaticum	2204145	S	10	12	22	0.00000
Brenneria_izadpanahii	2722756	S	476	465	941	0.00005
Brenneria_rubrifaciens	55213	S	304	111	415	0.00002
Brenneria_goodwinii	1109412	S	295	280	575	0.00003
Lonsdalea_populi	1172565	S	371	98	469	0.00002
Lonsdalea_britannica	1082704	S	344	87	431	0.00002
Musicola_paradisiaca	69223	S	475	47	522	0.00003
Edwardsiella_tarda	636	S	561	1183	1744	0.00009
Edwardsiella_hoshinae	93378	S	359	80	439	0.00002
Edwardsiella_ictaluri	67780	S	246	411	657	0.00003
Edwardsiella_piscicida	1263550	S	61	533	594	0.00003
Edwardsiella_sp._EA181011	1578828	S	17	137	154	0.00001
Hafnia_alvei	569	S	144	175	319	0.00002
Hafnia_paralvei	546367	S	47	21	68	0.00000
Obesumbacterium_proteus	82983	S	86	65	151	0.00001
Morganella_morganii	582	S	630	553	1183	0.00006
Providencia_rettgeri	587	S	140	223	363	0.00002
Providencia_alcalifaciens	126385	S	63	29	92	0.00000
Providencia_sneebia	516075	S	38	3	41	0.00000
Providencia_sp._R33	2828763	S	27	5	32	0.00000
Providencia_heimbachae	333962	S	23	10	33	0.00000
Providencia_rustigianii	158850	S	20	7	27	0.00000
Providencia_stuartii	588	S	13	88	101	0.00001
Providencia_vermicola	333965	S	11	50	61	0.00000
Xenorhabdus_bovienii	40576	S	132	31	163	0.00001
Xenorhabdus_doucetiae	351671	S	84	13	97	0.00001
Xenorhabdus_nematophila	628	S	59	10	69	0.00000
Xenorhabdus_hominickii	351679	S	45	7	52	0.00000
Xenorhabdus_poinarii	40577	S	41	8	49	0.00000
Xenorhabdus_budapestensis	290110	S	35	5	40	0.00000
Photorhabdus_thracensis	230089	S	168	28	196	0.00001
Photorhabdus_akhurstii	171438	S	47	7	54	0.00000
Photorhabdus_asymbiotica	291112	S	33	3	36	0.00000
Photorhabdus_laumondii	2218628	S	32	5	37	0.00000
Proteus_mirabilis	584	S	87	196	283	0.00001
Proteus_vulgaris	585	S	53	112	165	0.00001
Proteus_hauseri	183417	S	13	2	15	0.00000
Arsenophonus_endosymbiont_of_Aphis_craccivora	1231049	S	20	7	27	0.00000
Arsenophonus_endosymbiont_of_Apis_mellifera	1541805	S	11	5	16	0.00000
Arsenophonus_nasoniae	638	S	14	8	22	0.00000
Moellerella_wisconsensis	158849	S	42	35	77	0.00000
Sodalis_sp._dw_23	2697027	S	675	49	724	0.00004
Sodalis_endosymbiont_of_Henestaris_halophilus	1929246	S	23	0	23	0.00000
Sodalis_praecaptivus	1239307	S	375	234	609	0.00003
Sodalis_glossinidius	63612	S	329	48	377	0.00002
Candidatus_Sodalis_pierantonius	1486991	S	131	86	217	0.00001
Leminorella_richardii	158841	S	225	33	258	0.00001
Pragia_fontium	82985	S	72	11	83	0.00000
Limnobaculum_parvum	2172103	S	44	10	54	0.00000
Jinshanibacter_zhutongyuii	2498113	S	38	8	46	0.00000
Thioalkalivibrio_sulfidiphilus	1033854	S	3662	2481	6143	0.00031
Thioalkalivibrio_paradoxus	108010	S	3285	1127	4412	0.00023
Thioalkalivibrio_nitratireducens	186931	S	3187	991	4178	0.00021
Thioalkalivibrio_sp._K90mix	396595	S	2397	351	2748	0.00014
Thioalkalivibrio_versutus	106634	S	2374	363	2737	0.00014
Spiribacter_sp._E85	2182432	S	6904	744	7648	0.00039
Spiribacter_sp._2438	2666185	S	1316	149	1465	0.00007
Spiribacter_curvatus	1335757	S	1512	97	1609	0.00008
Spiribacter_salinus	1335746	S	997	90	1087	0.00006
Acidihalobacter_aeolianus	2792603	S	2798	446	3244	0.00017
Acidihalobacter_ferrooxydans	1765967	S	2145	256	2401	0.00012
Acidihalobacter_yilgarnensis	2819280	S	1542	120	1662	0.00009
Halorhodospira_halophila	1053	S	3076	368	3444	0.00018
Halorhodospira_halochloris	1052	S	473	20	493	0.00003
Alkalilimnicola_ehrlichii	351052	S	3095	459	3554	0.00018
Aquisalimonas_sp._2447	2740807	S	3059	248	3307	0.00017
Ectothiorhodospira_sp._BSL-9	1442136	S	1143	431	1574	0.00008
Ectothiorhodospira_haloalkaliphila	421628	S	1103	434	1537	0.00008
Ectothiorhodosinus_mongolicus	233100	S	352	27	379	0.00002
Allochromatium_tepidum	553982	S	2292	1239	3531	0.00018
Allochromatium_vinosum	1049	S	2270	995	3265	0.00017
Candidatus_Thiodictyon_syntrophicum	1166950	S	4932	298	5230	0.00027
Thioflavicoccus_mobilis	80679	S	4665	479	5144	0.00026
Marichromatium_purpuratum	37487	S	4536	988	5524	0.00028
Thiocapsa_bogorovii	521689	S	3390	203	3593	0.00018
Thiocystis_violascens	73141	S	2670	252	2922	0.00015
Thermochromatium_tepidum	1050	S	1794	462	2256	0.00012
Nitrosococcus_wardiae	1814290	S	370	56	426	0.00002
Nitrosococcus_halophilus	133539	S	340	54	394	0.00002
Nitrosococcus_watsonii	473531	S	231	71	302	0.00002
Nitrosococcus_oceani	1229	S	204	58	262	0.00001
Caldichromatium_japonicum	2699430	S	1251	155	1406	0.00007
Rheinheimera_sp._F8	1763998	S	178	10	188	0.00001
Rheinheimera_sp._D18	2545632	S	53	51	104	0.00001
Rheinheimera_mangrovi	2498451	S	77	7	84	0.00000
Candidatus_Nitrosacidococcus_tergens	553981	S	63	3	66	0.00000
Candidatus_Nitrosoglobus_terrae	1630141	S	60	4	64	0.00000
Wenzhouxiangella_marina	1579979	S	3066	234	3300	0.00017
Wenzhouxiangella_sp._AB-CW3	2771012	S	2012	107	2119	0.00011
Thiohalobacter_sp._COW1	2795687	S	713	1696	2409	0.00012
Thiohalobacter_thiocyanaticus	585455	S	650	1914	2564	0.00013
Guyparkeria_halophila	47960	S	3017	830	3847	0.00020
Sulfurivermis_fontis	1972068	S	2985	1331	4316	0.00022
Woeseia_oceani	1548547	S	2117	41	2158	0.00011
Halothiobacillus_sp._LS2	1860122	S	1249	132	1381	0.00007
Halothiobacillus_neapolitanus	927	S	445	56	501	0.00003
Sulfuriflexus_mobilis	1811807	S	666	24	690	0.00004
Granulosicoccus_antarcticus	437505	S	512	11	523	0.00003
Halomonas_sp._THAF5a	2587844	S	2461	1021	3482	0.00018
Halomonas_sp._1513	1883416	S	1902	454	2356	0.00012
Halomonas_sp._HG01	1609967	S	1762	828	2590	0.00013
Halomonas_sp._THAF12	2587849	S	1737	1155	2892	0.00015
Halomonas_sp._YLGW01	2773308	S	1627	298	1925	0.00010
Halomonas_sp._MCCC_1A13316	2733487	S	1539	216	1755	0.00009
Halomonas_sp._JS92-SW72	2306583	S	1408	1694	3102	0.00016
Halomonas_sp._PGE1	2730360	S	1191	1749	2940	0.00015
Halomonas_sp._Y2R2	2562282	S	553	32	585	0.00003
Halomonas_sp._A40-4	2785909	S	424	119	543	0.00003
Halomonas_sp._SH5A2	2749040	S	392	72	464	0.00002
Halomonas_sp._KO116	1504981	S	322	141	463	0.00002
Halomonas_sp._R57-5	1610576	S	317	137	454	0.00002
Halomonas_sp._18071143	2855441	S	286	657	943	0.00005
Halomonas_sp._SS10-MC5	2854257	S	243	2199	2442	0.00012
Halomonas_sp._FeN2	2832500	S	229	102	331	0.00002
Halomonas_sp._GFAJ-1	1118153	S	209	39	248	0.00001
Halomonas_sp._SF2003	2136172	S	170	808	978	0.00005
Halomonas_sp._NyZ770	2883106	S	136	588	724	0.00004
Halomonas_sp._TD01	999141	S	99	55	154	0.00001
Halomonas_sp._HL-93	1666906	S	96	660	756	0.00004
Halomonas_sp._hl-4	1761789	S	86	573	659	0.00003
Halomonas_sp._GT	1971364	S	58	42	100	0.00001
Halomonas_sp._N3-2A	2014541	S	55	70	125	0.00001
Halomonas_sp._A3H3	1346287	S	28	755	783	0.00004
Halomonas_beimenensis	475662	S	2860	610	3470	0.00018
Halomonas_aestuarii	1897729	S	2328	526	2854	0.00015
Halomonas_socia	1081866	S	1812	368	2180	0.00011
Halomonas_sulfidivorans	2733488	S	1688	366	2054	0.00011
Halomonas_tianxiuensis	2497861	S	1570	364	1934	0.00010
Halomonas_elongata	2746	S	1520	168	1688	0.00009
Halomonas_chromatireducens	507626	S	1265	109	1374	0.00007
Halomonas_subglaciescola	29571	S	836	97	933	0.00005
Halomonas_meridiana	29570	S	788	676	1464	0.00007
Halomonas_huangheensis	1178482	S	699	42	741	0.00004
Halomonas_piezotolerans	2609667	S	556	307	863	0.00004
Halomonas_sulfidoxydans	2733484	S	235	2092	2327	0.00012
Halomonas_profundi	2852117	S	222	33	255	0.00001
Halomonas_titanicae	664683	S	196	1004	1200	0.00006
Halomonas_hydrothermalis	115561	S	141	415	556	0.00003
Halomonas_venusta	44935	S	103	132	235	0.00001
Halomonas_campaniensis	213554	S	33	157	190	0.00001
Halomonas_alkaliphila	272774	S	23	120	143	0.00001
Cobetia_sp._L2A1	2686360	S	485	63	548	0.00003
Cobetia_sp._cqz5-12	2609415	S	326	467	793	0.00004
Cobetia_sp._4B	2758724	S	147	659	806	0.00004
Cobetia_sp._AM6	2661553	S	106	618	724	0.00004
Cobetia_pacifica	1055101	S	178	495	673	0.00003
Cobetia_amphilecti	1055104	S	126	778	904	0.00005
Cobetia_marina	28258	S	37	443	480	0.00002
Halotalea_alkalilenta	376489	S	2514	556	3070	0.00016
Salinicola_tamaricis	1771309	S	2395	301	2696	0.00014
Kushneria_phosphatilytica	657387	S	710	30	740	0.00004
Kushneria_konosiri	698828	S	562	134	696	0.00004
Kushneria_marisflavi	157779	S	530	122	652	0.00003
Chromohalobacter_salexigens	158080	S	1800	214	2014	0.00010
Pistricoccus_aurantiacus	1883414	S	1282	93	1375	0.00007
Zymobacter_palmae	33074	S	335	49	384	0.00002
Candidatus_Portiera_aleyrodidarum	91844	S	55	7	62	0.00000
Alcanivorax_sp._N3-2A	2014542	S	2116	2403	4519	0.00023
Alcanivorax_sp._NBRC_101098	1113728	S	22	289	311	0.00002
Alcanivorax_pacificus	1306787	S	1561	633	2194	0.00011
Alcanivorax_dieselolei	285091	S	927	286	1213	0.00006
Alcanivorax_xenomutans	1094342	S	854	444	1298	0.00007
Alcanivorax_borkumensis	59754	S	11	139	150	0.00001
Ketobacter_alkanivorans	1917421	S	287	24	311	0.00002
Marinobacterium_aestuarii	1821621	S	1208	103	1311	0.00007
Marinobacterium_sediminicola	518898	S	451	72	523	0.00003
Marinobacterium_georgiense	48076	S	386	137	523	0.00003
Marinobacterium_sp._LSUCC0821	2668067	S	78	6	84	0.00000
Marinomonas_sp._CT5	2066133	S	45	3	48	0.00000
Marinomonas_sp._A3A	2065312	S	36	3	39	0.00000
Marinomonas_sp._FW-1	2071621	S	32	7	39	0.00000
Marinomonas_primoryensis	178399	S	68	9	77	0.00000
Marinomonas_profundi	2726122	S	56	17	73	0.00000
Marinomonas_mediterranea	119864	S	55	5	60	0.00000
Marinomonas_arctica	383750	S	55	12	67	0.00000
Marinomonas_algicola	2773454	S	47	10	57	0.00000
Marinomonas_posidonica	936476	S	40	5	45	0.00000
Marinomonas_foliarum	491950	S	29	10	39	0.00000
Thalassolituus_sp._C2-1	2597518	S	238	20	258	0.00001
Thalassolituus_oleivorans	187493	S	104	30	134	0.00001
Venatorbacter_cucullus	2661630	S	308	85	393	0.00002
Bacterioplanes_sanyensis	1249553	S	252	17	269	0.00001
Nitrincola_iocasae	2614693	S	173	34	207	0.00001
Neptunomonas_japonica	417574	S	60	5	65	0.00000
Neptunomonas_concharum	1031538	S	53	5	58	0.00000
Neptunomonas_phycophila	1572645	S	52	5	57	0.00000
Amphritea_japonica	452627	S	112	10	122	0.00001
Bermanella_marisrubri	207949	S	37	1	38	0.00000
Hahella_chejuensis	158327	S	601	98	699	0.00004
Hahella_sp._KA22	1628392	S	563	105	668	0.00003
Saccharospirillum_mangrovi	2161747	S	705	47	752	0.00004
Reinekea_forsetii	1336806	S	274	16	290	0.00001
Gynuella_sunshinyii	1445505	S	230	7	237	0.00001
Litoricola_lipolytica	418701	S	431	23	454	0.00002
Spartinivicinus_ruber	2683272	S	256	8	264	0.00001
Oleiphilus_messinensis	141451	S	166	14	180	0.00001
Endozoicomonas_montiporae	1027273	S	135	8	143	0.00001
Methylococcus_sp._EFPC2	2812648	S	2710	210	2920	0.00015
Methylococcus_sp._Mc7	2860258	S	2387	816	3203	0.00016
Methylococcus_capsulatus	414	S	2385	639	3024	0.00015
Methylococcus_geothermalis	2681310	S	2042	609	2651	0.00014
Methylomonas_sp._LL1	2785785	S	644	32	676	0.00003
Methylomonas_sp._LW13	107637	S	287	146	433	0.00002
Methylomonas_sp._EFPC1	2812647	S	269	146	415	0.00002
Methylomonas_sp._DH-1	1727196	S	254	518	772	0.00004
Methylomonas_koyamae	702114	S	744	817	1561	0.00008
Methylomonas_rhizoryzae	2608981	S	613	27	640	0.00003
Methylomonas_denitrificans	1538553	S	540	41	581	0.00003
Methylomonas_methanica	421	S	511	29	540	0.00003
Methylomonas_paludis	1173101	S	170	8	178	0.00001
Methylocaldum_marinum	1432792	S	4987	334	5321	0.00027
Methylomagnum_ishizawai	1760988	S	2907	143	3050	0.00016
Methylomicrobium_album	39775	S	2204	101	2305	0.00012
Methylomicrobium_sp._wino1	2049332	S	363	359	722	0.00004
Methylogaea_oryzae	1295382	S	2527	220	2747	0.00014
Candidatus_Methylospira_mobilis	1808979	S	919	43	962	0.00005
Methylotuvimicrobium_buryatense	95641	S	210	269	479	0.00002
Methylotuvimicrobium_alcaliphilum	271065	S	210	316	526	0.00003
Methylovulum_psychrotolerans	1704499	S	358	10	368	0.00002
Methylobacter_sp._S3L5C	2839024	S	139	9	148	0.00001
Aeromonas_sp._FDAARGOS_1415	2778064	S	470	289	759	0.00004
Aeromonas_sp._CA23	2033032	S	387	187	574	0.00003
Aeromonas_sp._FDAARGOS_1409	2778058	S	219	352	571	0.00003
Aeromonas_sp._CU5	2033033	S	165	77	242	0.00001
Aeromonas_sp._FDAARGOS_1407	2778056	S	79	271	350	0.00002
Aeromonas_sp._ASNIH4	1636609	S	69	375	444	0.00002
Aeromonas_sp._FDAARGOS_1410	2778059	S	65	171	236	0.00001
Aeromonas_sp._FDAARGOS_1405	2778054	S	63	115	178	0.00001
Aeromonas_sp._1805	2560028	S	59	183	242	0.00001
Aeromonas_sp._FDAARGOS_1403	2778052	S	48	162	210	0.00001
Aeromonas_sp._2692-1	2560029	S	43	235	278	0.00001
Aeromonas_sp._FDAARGOS_1414	2778063	S	33	116	149	0.00001
Aeromonas_sp._FDAARGOS_1416	2778065	S	28	90	118	0.00001
Aeromonas_sp._FDAARGOS_1406	2778055	S	27	291	318	0.00002
Aeromonas_sp._FDAARGOS_1404	2778053	S	26	102	128	0.00001
Aeromonas_sp._ASNIH2	1636607	S	25	373	398	0.00002
Aeromonas_sp._FDAARGOS_1419	2778068	S	24	77	101	0.00001
Aeromonas_sp._FDAARGOS_1402	2778051	S	23	265	288	0.00001
Aeromonas_sp._ASNIH5	1758179	S	23	436	459	0.00002
Aeromonas_sp._ASNIH3	1636608	S	23	1216	1239	0.00006
Aeromonas_sp._FDAARGOS_1411	2778060	S	22	77	99	0.00001
Aeromonas_sp._FDAARGOS_1417	2778066	S	22	70	92	0.00000
Aeromonas_sp._FDAARGOS_1408	2778057	S	21	133	154	0.00001
Aeromonas_sp._ASNIH1	1636606	S	21	456	477	0.00002
Aeromonas_sp._WP2-W18-CRE-05	2675707	S	19	831	850	0.00004
Aeromonas_sp._FDAARGOS_1418	2778067	S	18	214	232	0.00001
Aeromonas_sp._ASNIH7	1920107	S	13	549	562	0.00003
Aeromonas_hydrophila	644	S	2095	5190	7285	0.00037
Aeromonas_veronii	654	S	1436	3477	4913	0.00025
Aeromonas_media	651	S	1055	2088	3143	0.00016
Aeromonas_schubertii	652	S	1029	338	1367	0.00007
Aeromonas_encheleia	73010	S	957	373	1330	0.00007
Aeromonas_simiae	218936	S	893	980	1873	0.00010
Aeromonas_salmonicida	645	S	822	3170	3992	0.00020
Aeromonas_caviae	648	S	662	5955	6617	0.00034
Aeromonas_rivuli	648794	S	556	175	731	0.00004
Aeromonas_enteropelogenes	29489	S	506	459	965	0.00005
Aeromonas_dhakensis	196024	S	429	953	1382	0.00007
Aeromonas_jandaei	650	S	375	424	799	0.00004
Aeromonas_sanarellii	633415	S	139	778	917	0.00005
Aeromonas_allosaccharophila	656	S	95	167	262	0.00001
Aeromonas_rivipollensis	948519	S	88	155	243	0.00001
Zobellella_denitrificans	347534	S	2160	537	2697	0.00014
Oceanimonas_sp._GK1	511062	S	916	206	1122	0.00006
Dongshaea_marina	2047966	S	238	25	263	0.00001
Oceanisphaera_profunda	1416627	S	130	20	150	0.00001
Oceanisphaera_avium	1903694	S	58	10	68	0.00000
Tolumonas_auensis	43948	S	166	81	247	0.00001
Succinivibrio_dextrinosolvens	83771	S	54	3	57	0.00000
Solimonas_sp._K1W22B-7	2303331	S	13008	1536	14544	0.00074
Flagellatimonas_centrodinii	2806210	S	3519	285	3804	0.00019
Sinimarinibacterium_sp._NLF-5-8	2698684	S	1637	1038	2675	0.00014
Steroidobacter_denitrificans	465721	S	9789	3157	12946	0.00066
Sulfurifustis_variabilis	1675686	S	14115	1019	15134	0.00077
Sulfuricaulis_limicola	1620215	S	5099	446	5545	0.00028
Acidiferrobacter_sp._SPIII_3	1281578	S	1552	448	2000	0.00010
Acidiferrobacter_thiooxydans	163359	S	1181	344	1525	0.00008
Microbulbifer_sp._YPW16	2904242	S	1192	122	1314	0.00007
Microbulbifer_sp._SH-1	2681547	S	933	162	1095	0.00006
Microbulbifer_sp._YPW1	2745199	S	647	130	777	0.00004
Microbulbifer_sp._ALW1	1516059	S	531	101	632	0.00003
Microbulbifer_sp._GL-2	2591606	S	207	40	247	0.00001
Microbulbifer_sp._THAF38	2587856	S	206	80	286	0.00001
Microbulbifer_sp._A4B17	359370	S	175	46	221	0.00001
Microbulbifer_aggregans	1769779	S	727	97	824	0.00004
Microbulbifer_hydrolyticus	48074	S	631	130	761	0.00004
Microbulbifer_celer	435905	S	575	80	655	0.00003
Microbulbifer_elongatus	86173	S	574	105	679	0.00003
Microbulbifer_thermotolerans	252514	S	556	37	593	0.00003
Microbulbifer_agarilyticus	260552	S	370	46	416	0.00002
Microbulbifer_variabilis	266805	S	131	54	185	0.00001
Cellvibrio_sp._PSBB006	1987723	S	1529	43	1572	0.00008
Cellvibrio_sp._KY-GH-1	2303332	S	245	21	266	0.00001
Cellvibrio_sp._KY-YJ-3	454662	S	224	39	263	0.00001
Cellvibrio_sp._PSBB023	1945512	S	219	25	244	0.00001
Cellvibrio_japonicus	155077	S	371	264	635	0.00003
Teredinibacter_turnerae	2426	S	312	13	325	0.00002
Teredinibacter_haidensis	2731755	S	140	8	148	0.00001
Teredinibacter_purpureus	2731756	S	77	3	80	0.00000
Simiduia_agarivorans	447471	S	508	27	535	0.00003
Marinagarivorans_sp._GE09	2721545	S	108	8	116	0.00001
Saccharophagus_degradans	86304	S	97	3	100	0.00001
Agarilytica_rhodophyticola	1737490	S	71	1	72	0.00000
Kineobactrum_salinum	2708301	S	1688	70	1758	0.00009
Halioglobus_japonicus	930805	S	666	32	698	0.00004
Halioglobus_maricola	2601894	S	511	20	531	0.00003
Congregibacter_litoralis	393662	S	659	283	942	0.00005
Aequoribacter_fuscus	2518989	S	164	23	187	0.00001
Spongiibacter_taiwanensis	1748242	S	484	25	509	0.00003
Spongiibacter_nanhainus	2794344	S	481	58	539	0.00003
Spongiibacter_sp._IMCC21906	1620392	S	153	44	197	0.00001
Zhongshania_aliphaticivorans	1470434	S	235	17	252	0.00001
Oceanicoccus_sagamiensis	716816	S	119	2	121	0.00001
Shewanella_sp._FJAT-53555	2864204	S	106	97	203	0.00001
Shewanella_sp._FJAT-53764	2864207	S	98	162	260	0.00001
Shewanella_sp._FJAT-53532	2864203	S	74	134	208	0.00001
Shewanella_sp._FJAT-54031	2864209	S	65	104	169	0.00001
Shewanella_sp._FJAT-53681	2864205	S	58	99	157	0.00001
Shewanella_sp._FJAT-51860	2864212	S	57	9	66	0.00000
Shewanella_sp._FJAT-52076	2864202	S	53	80	133	0.00001
Shewanella_sp._FJAT-52072	2864213	S	49	70	119	0.00001
Shewanella_sp._Scap07	2589987	S	49	6	55	0.00000
Shewanella_sp._SNU_WT4	2590015	S	44	11	55	0.00000
Shewanella_sp._KX20019	2803864	S	40	5	45	0.00000
Shewanella_sp._FJAT-53749	2864206	S	38	7	45	0.00000
Shewanella_sp._WE21	2029986	S	36	19	55	0.00000
Shewanella_sp._MR-4	60480	S	36	40	76	0.00000
Shewanella_sp._Pdp11	2059264	S	35	106	141	0.00001
Shewanella_sp._FJAT-53870	2864208	S	29	5	34	0.00000
Shewanella_sp._ANA-3	94122	S	29	82	111	0.00001
Shewanella_sp._OM3-2	2908650	S	24	3	27	0.00000
Shewanella_sp._FJAT-51649	2864210	S	24	38	62	0.00000
Shewanella_sp._Arc9-LZ	2698686	S	22	9	31	0.00000
Shewanella_sp._FJAT-51754	2864211	S	19	29	48	0.00000
Shewanella_sp._MEBiC00475	2575361	S	13	25	38	0.00000
Shewanella_sp._LZH-2	2806008	S	12	57	69	0.00000
Shewanella_khirikhana	1965282	S	288	47	335	0.00002
Shewanella_algae	38313	S	275	252	527	0.00003
Shewanella_cyperi	2814292	S	241	137	378	0.00002
Shewanella_baltica	62322	S	160	152	312	0.00002
Shewanella_litorisediminis	1173586	S	153	39	192	0.00001
Shewanella_marisflavi	260364	S	153	30	183	0.00001
Shewanella_putrefaciens	24	S	145	510	655	0.00003
Shewanella_sedimentimangrovi	2814293	S	141	111	252	0.00001
Shewanella_amazonensis	60478	S	125	33	158	0.00001
Shewanella_dokdonensis	712036	S	114	11	125	0.00001
Shewanella_sediminis	271097	S	108	14	122	0.00001
Shewanella_avicenniae	2814294	S	105	18	123	0.00001
Shewanella_yunxiaonensis	2829809	S	100	16	116	0.00001
Shewanella_benthica	43661	S	86	19	105	0.00001
Shewanella_psychropiezotolerans	2593655	S	69	13	82	0.00000
Shewanella_pealeana	70864	S	67	11	78	0.00000
Shewanella_loihica	359303	S	66	118	184	0.00001
Shewanella_psychrophila	225848	S	65	9	74	0.00000
Shewanella_halifaxensis	271098	S	62	8	70	0.00000
Shewanella_decolorationis	256839	S	61	74	135	0.00001
Shewanella_oneidensis	70863	S	57	17	74	0.00000
Shewanella_denitrificans	192073	S	48	7	55	0.00000
Shewanella_xiamenensis	332186	S	45	250	295	0.00002
Shewanella_indica	768528	S	45	66	111	0.00001
Shewanella_inventionis	1738770	S	45	21	66	0.00000
Shewanella_chilikensis	558541	S	44	141	185	0.00001
Shewanella_violacea	60217	S	43	8	51	0.00000
Shewanella_maritima	2520507	S	42	4	46	0.00000
Shewanella_psychromarinicola	2487742	S	41	6	47	0.00000
Shewanella_carassii	1987584	S	40	46	86	0.00000
Shewanella_piezotolerans	404011	S	37	4	41	0.00000
Shewanella_livingstonensis	150120	S	36	8	44	0.00000
Shewanella_woodyi	60961	S	34	3	37	0.00000
Shewanella_aestuarii	1028752	S	29	11	40	0.00000
Shewanella_vesiculosa	518738	S	29	7	36	0.00000
Shewanella_glacialimarina	2590884	S	24	3	27	0.00000
Shewanella_donghaensis	238836	S	22	2	24	0.00000
Shewanella_frigidimarina	56812	S	20	11	31	0.00000
Shewanella_bicestrii	2018305	S	16	69	85	0.00000
Shewanella_polaris	2588449	S	12	24	36	0.00000
Parashewanella_spongiae	342950	S	24	1	25	0.00000
Parashewanella_tropica	2547970	S	23	2	25	0.00000
Alteromonas_sp._RKMC-009	2267264	S	160	45	205	0.00001
Alteromonas_sp._BL110	1714845	S	33	48	81	0.00000
Alteromonas_sp._76-1	2358187	S	23	22	45	0.00000
Alteromonas_macleodii	28108	S	179	70	249	0.00001
Alteromonas_pelagimontana	1858656	S	97	13	110	0.00001
Alteromonas_mediterranea	314275	S	93	93	186	0.00001
Alteromonas_australica	589873	S	37	59	96	0.00000
Alteromonas_naphthalenivorans	715451	S	17	9	26	0.00000
Alteromonas_stellipolaris	233316	S	11	29	40	0.00000
Salinimonas_marina	2785918	S	133	14	147	0.00001
Salinimonas_lutimaris	914153	S	108	21	129	0.00001
Salinimonas_sediminis	2303538	S	81	19	100	0.00001
Salinimonas_iocasae	2572577	S	80	16	96	0.00000
Hydrocarboniclastica_marina	2259620	S	776	121	897	0.00005
Lacimicrobium_alkaliphilum	1526571	S	263	19	282	0.00001
Saliniradius_amylolyticus	2183582	S	233	23	256	0.00001
Agarivorans_sp._TSD2052	2937286	S	48	5	53	0.00000
Agarivorans_sp._B2Z047	2652721	S	24	11	35	0.00000
Agarivorans_gilvus	680279	S	56	5	61	0.00000
Agarivorans_aestuarii	1563703	S	33	8	41	0.00000
Agarivorans_albus	182262	S	22	11	33	0.00000
Paraglaciecola_sp._L1A13	2686359	S	39	3	42	0.00000
Paraglaciecola_sp._L3A3	2686358	S	24	1	25	0.00000
Paraglaciecola_mesophila	197222	S	47	5	52	0.00000
Paraglaciecola_psychrophila	326544	S	24	2	26	0.00000
Glaciecola_nitratireducens	300231	S	81	6	87	0.00000
Paraneptunicella_aestuarii	2831148	S	74	4	78	0.00000
Catenovulum_sediminis	1740262	S	39	2	41	0.00000
Saccharobesus_litoralis	2172099	S	39	2	41	0.00000
Pseudoalteromonas_sp._R3	1709477	S	112	17	129	0.00001
Pseudoalteromonas_sp._THAF3	2587843	S	32	32	64	0.00000
Pseudoalteromonas_sp._A25	116092	S	27	3	30	0.00000
Pseudoalteromonas_sp._GCY	2003316	S	23	23	46	0.00000
Pseudoalteromonas_sp._APM04	2699396	S	12	59	71	0.00000
Pseudoalteromonas_rubra	43658	S	237	27	264	0.00001
Pseudoalteromonas_viridis	339617	S	122	35	157	0.00001
Pseudoalteromonas_piscicida	43662	S	83	73	156	0.00001
Pseudoalteromonas_luteoviolacea	43657	S	75	10	85	0.00000
Pseudoalteromonas_mariniglutinosa	206042	S	50	88	138	0.00001
Pseudoalteromonas_xiamenensis	882626	S	45	5	50	0.00000
Pseudoalteromonas_shioyasakiensis	1190813	S	43	18	61	0.00000
Pseudoalteromonas_prydzensis	182141	S	43	6	49	0.00000
Pseudoalteromonas_spongiae	298657	S	35	8	43	0.00000
Pseudoalteromonas_agarivorans	176102	S	30	62	92	0.00000
Pseudoalteromonas_ulvae	107327	S	26	1	27	0.00000
Pseudoalteromonas_aliena	247523	S	24	8	32	0.00000
Pseudoalteromonas_tunicata	314281	S	23	3	26	0.00000
Pseudoalteromonas_phenolica	161398	S	22	2	24	0.00000
Pseudoalteromonas_piratica	1348114	S	20	2	22	0.00000
Pseudoalteromonas_translucida	166935	S	19	62	81	0.00000
Pseudoalteromonas_ruthenica	151081	S	14	13	27	0.00000
Pseudoalteromonas_espejiana	28107	S	14	3	17	0.00000
Pseudoalteromonas_undina	43660	S	13	18	31	0.00000
Pseudoalteromonas_arctica	394751	S	13	7	20	0.00000
Pseudoalteromonas_tetraodonis	43659	S	12	78	90	0.00000
Pseudoalteromonas_carrageenovora	227	S	11	3	14	0.00000
Psychrosphaera_ytuae	2820710	S	34	7	41	0.00000
Psychrosphaera_aestuarii	1266052	S	23	4	27	0.00000
Flocculibacter_collagenilyticus	2744479	S	19	1	20	0.00000
Ferrimonas_balearica	44012	S	784	104	888	0.00005
Ferrimonas_lipolytica	2724191	S	112	16	128	0.00001
Idiomarina_sp._OT37-5b	2100422	S	177	43	220	0.00001
Idiomarina_sp._X4	2055892	S	41	21	62	0.00000
Idiomarina_loihiensis	135577	S	79	0	79	0.00000
Idiomarina_abyssalis	86102	S	62	8	70	0.00000
Idiomarina_piscisalsi	1096243	S	48	24	72	0.00000
Thalassotalea_sp._PS06	2594005	S	57	10	67	0.00000
Thalassotalea_sp._HSM_43	2552945	S	33	7	40	0.00000
Thalassotalea_sp._LPB0316	2769490	S	33	11	44	0.00000
Thalassotalea_crassostreae	1763536	S	23	4	27	0.00000
Colwellia_sp._Arc7-635	2497879	S	27	4	31	0.00000
Colwellia_sp._PAMC_20917	1816218	S	23	2	25	0.00000
Colwellia_sp._20A7	2689569	S	20	2	22	0.00000
Colwellia_sp._MT41	58049	S	18	2	20	0.00000
Colwellia_sp._Arc7-D	2161872	S	10	2	12	0.00000
Colwellia_psychrerythraea	28229	S	14	1	15	0.00000
Cognaticolwellia_beringensis	1967665	S	20	4	24	0.00000
Litorilituus_sediminis	718192	S	12	1	13	0.00000
Moritella_sp._24	2746230	S	18	6	24	0.00000
Moritella_sp._5	2746231	S	17	20	37	0.00000
Moritella_yayanosii	69539	S	44	14	58	0.00000
Moritella_marina	90736	S	18	5	23	0.00000
Psychromonas_ingrahamii	357794	S	92	17	109	0.00001
Psychromonas_sp._CNPT3	314282	S	11	3	14	0.00000
Vibrio_parahaemolyticus	670	S	223	1593	1816	0.00009
Vibrio_harveyi	669	S	75	27	102	0.00001
Vibrio_diabolicus	50719	S	46	51	97	0.00000
Vibrio_alginolyticus	663	S	58	140	198	0.00001
Vibrio_campbellii	680	S	54	83	137	0.00001
Vibrio_owensii	696485	S	53	40	93	0.00000
Vibrio_rotiferianus	190895	S	41	18	59	0.00000
Vibrio_natriegens	691	S	33	60	93	0.00000
Vibrio_azureus	512649	S	25	3	28	0.00000
Vibrio_sp._OG9-811	2841925	S	169	30	199	0.00001
Vibrio_sp._B1FLJ16	2751178	S	72	18	90	0.00000
Vibrio_sp._THAF190c	2587865	S	49	7	56	0.00000
Vibrio_sp._HDW18	2714948	S	49	9	58	0.00000
Vibrio_sp._Scap24	2589990	S	25	13	38	0.00000
Vibrio_sp._SCSIO_43132	2779363	S	25	16	41	0.00000
Vibrio_sp._VB16	2785746	S	24	2	26	0.00000
Vibrio_sp._B1REV9	2751179	S	22	18	40	0.00000
Vibrio_sp._ED004	2785124	S	20	11	31	0.00000
Vibrio_sp._SS-MA-C1-2	2908646	S	18	3	21	0.00000
Vibrio_sp._B1FIG11	2751177	S	14	44	58	0.00000
Vibrio_sp._ED002	2785123	S	13	22	35	0.00000
Vibrio_sp._2521-89	2014742	S	10	28	38	0.00000
Vibrio_fluvialis	676	S	371	81	452	0.00002
Vibrio_furnissii	29494	S	335	138	473	0.00002
Vibrio_vulnificus	672	S	282	69	351	0.00002
Vibrio_sinaloensis	379097	S	72	11	83	0.00000
Vibrio_tubiashii	29498	S	42	17	59	0.00000
Vibrio_europaeus	300876	S	31	9	40	0.00000
Vibrio_cholerae	666	S	146	154	300	0.00002
Vibrio_mimicus	674	S	131	42	173	0.00001
Vibrio_anguillarum	55601	S	121	38	159	0.00001
Vibrio_navarrensis	29495	S	114	44	158	0.00001
Vibrio_coralliilyticus	190893	S	96	63	159	0.00001
Vibrio_nigripulchritudo	28173	S	80	28	108	0.00001
Vibrio_maritimus	990268	S	76	9	85	0.00000
Vibrio_scophthalmi	45658	S	75	16	91	0.00000
Vibrio_cyclitrophicus	47951	S	69	26	95	0.00000
Vibrio_spartinae	1918945	S	68	8	76	0.00000
Vibrio_alfacsensis	1074311	S	67	45	112	0.00001
Vibrio_mediterranei	689	S	62	7	69	0.00000
Vibrio_neptunius	170651	S	57	10	67	0.00000
Vibrio_splendidus	29497	S	55	23	78	0.00000
Vibrio_astriarenae	1481923	S	55	7	62	0.00000
Vibrio_cidicii	1763883	S	54	31	85	0.00000
Vibrio_crassostreae	246167	S	53	35	88	0.00000
Vibrio_algicola	2662262	S	51	9	60	0.00000
Vibrio_breoganii	553239	S	50	5	55	0.00000
Vibrio_gazogenes	687	S	50	6	56	0.00000
Vibrio_penaeicida	104609	S	50	7	57	0.00000
Vibrio_ponticus	265668	S	49	4	53	0.00000
Vibrio_tapetis	52443	S	49	4	53	0.00000
Vibrio_metoecus	1481663	S	49	24	73	0.00000
Vibrio_taketomensis	2572923	S	48	7	55	0.00000
Vibrio_metschnikovii	28172	S	48	9	57	0.00000
Vibrio_panuliri	1381081	S	47	7	54	0.00000
Vibrio_rumoiensis	76258	S	45	31	76	0.00000
Vibrio_cincinnatiensis	675	S	41	9	50	0.00000
Vibrio_aquimaris	2587862	S	41	4	45	0.00000
Vibrio_zhugei	2479546	S	39	10	49	0.00000
Vibrio_tritonius	1435069	S	37	5	42	0.00000
Vibrio_chagasii	170679	S	36	8	44	0.00000
Vibrio_casei	673372	S	35	11	46	0.00000
Vibrio_bathopelagicus	2777577	S	35	11	46	0.00000
Vibrio_kanaloae	170673	S	29	9	38	0.00000
Vibrio_gigantis	296199	S	27	10	37	0.00000
Vibrio_ziniensis	2711221	S	27	3	30	0.00000
Vibrio_aphrogenes	1891186	S	23	3	26	0.00000
Vibrio_atlanticus	693153	S	21	8	29	0.00000
Vibrio_qinghaiensis	2025808	S	16	12	28	0.00000
Vibrio_hyugaensis	1534743	S	13	8	21	0.00000
Photobacterium_sp._GJ3	2829502	S	230	33	263	0.00001
Photobacterium_sp._TLY01	2907534	S	216	41	257	0.00001
Photobacterium_gaetbulicola	1295392	S	254	25	279	0.00001
Photobacterium_ganghwense	320778	S	163	40	203	0.00001
Photobacterium_damselae	38293	S	153	100	253	0.00001
Photobacterium_profundum	74109	S	47	6	53	0.00000
Salinivibrio_kushneri	1908198	S	142	22	164	0.00001
Salinivibrio_sp._YCSC6	2003370	S	31	48	79	0.00000
Salinivibrio_costicola	51367	S	18	28	46	0.00000
Grimontia_hollisae	673	S	154	21	175	0.00001
Thaumasiovibrio_subtropicus	1891207	S	64	9	73	0.00000
Aliivibrio_fischeri	668	S	21	5	26	0.00000
Aliivibrio_salmonicida	40269	S	20	10	30	0.00000
Candidatus_Enterovibrio_luxaltus	1927128	S	12	0	12	0.00000
Immundisolibacter_cernigliae	1810504	S	5200	1086	6286	0.00032
Candidatus_Endoriftia_persephone	393765	S	1426	77	1503	0.00008
Candidatus_Vesicomyosocius_sp._SY067_SCS001	2732590	S	24	31	55	0.00000
Bathymodiolus_thermophilus_thioautotrophic_gill_symbiont	2360	S	22	1	23	0.00000
Bathymodiolus_septemdierum_thioautotrophic_gill_symbiont	113267	S	18	2	20	0.00000
Candidatus_Ruthia_endofausta	2738852	S	11	4	15	0.00000
Sedimenticola_thiotaurini	1543721	S	1017	49	1066	0.00005
Candidatus_Reidiella_endopervernicosa	2738883	S	696	16	712	0.00004
Thiolapillus_brandeum	1076588	S	582	16	598	0.00003
Pseudohongiella_spirulinae	1249552	S	353	10	363	0.00002
Gallaecimonas_mangrovi	2291597	S	185	15	200	0.00001
Celerinatantimonas_diazotrophica	412034	S	76	6	82	0.00000
Ignatzschineria_sp._HR5S32	2923279	S	41	4	45	0.00000
Candidatus_Thioglobus_autotrophicus	1705394	S	21	2	23	0.00000
Candidatus_Thioglobus_sp._NP1	2508687	S	20	5	25	0.00000
Candidatus_Azoamicus_ciliaticola	2652803	S	17	2	19	0.00000
Candidatus_Steffania_adelgidicola	1076626	S	16	0	16	0.00000
Candidatus_Pseudothioglobus_singularis	1427364	S	13	4	17	0.00000
Acinetobacter_sp._WCHAc010034	1879049	S	263	140	403	0.00002
Acinetobacter_sp._CS-2	2798861	S	47	33	80	0.00000
Acinetobacter_sp._10FS3-1	2563897	S	33	27	60	0.00000
Acinetobacter_sp._LoGeW2-3	1808001	S	31	11	42	0.00000
Acinetobacter_sp._TTH0-4	1646498	S	25	6	31	0.00000
Acinetobacter_sp._ASP199	2773709	S	21	13	34	0.00000
Acinetobacter_sp._TGL-Y2	1407071	S	19	2	21	0.00000
Acinetobacter_sp._NCu2D-2	1608473	S	12	4	16	0.00000
Acinetobacter_sp._SCLZS86	2908637	S	11	22	33	0.00000
Acinetobacter_baumannii	470	S	244	1568	1812	0.00009
Acinetobacter_calcoaceticus	471	S	44	6	50	0.00000
Acinetobacter_pittii	48296	S	39	67	106	0.00001
Acinetobacter_seifertii	1530123	S	23	10	33	0.00000
Acinetobacter_nosocomialis	106654	S	22	10	32	0.00000
Acinetobacter_indicus	756892	S	179	167	346	0.00002
Acinetobacter_johnsonii	40214	S	99	87	186	0.00001
Acinetobacter_lwoffii	28090	S	69	94	163	0.00001
Acinetobacter_radioresistens	40216	S	50	7	57	0.00000
Acinetobacter_junii	40215	S	49	22	71	0.00000
Acinetobacter_bouvetii	202951	S	44	8	52	0.00000
Acinetobacter_soli	487316	S	43	4	47	0.00000
Acinetobacter_haemolyticus	29430	S	42	25	67	0.00000
Acinetobacter_schindleri	108981	S	41	42	83	0.00000
Acinetobacter_larvae	1789224	S	40	3	43	0.00000
Acinetobacter_variabilis	70346	S	30	47	77	0.00000
Acinetobacter_cumulans	2136182	S	28	13	41	0.00000
Acinetobacter_shaoyimingii	2715164	S	27	2	29	0.00000
Acinetobacter_baylyi	202950	S	25	2	27	0.00000
Acinetobacter_tandoii	202954	S	23	2	25	0.00000
Acinetobacter_lanii	2715163	S	23	3	26	0.00000
Acinetobacter_gyllenbergii	134534	S	22	2	24	0.00000
Acinetobacter_venetianus	52133	S	19	5	24	0.00000
Acinetobacter_wuhouensis	1879050	S	19	10	29	0.00000
Acinetobacter_towneri	202956	S	19	48	67	0.00000
Acinetobacter_dispersus	70348	S	17	1	18	0.00000
Acinetobacter_defluvii	1871111	S	16	13	29	0.00000
Acinetobacter_guillouiae	106649	S	15	6	21	0.00000
Acinetobacter_equi	1324350	S	15	1	16	0.00000
Acinetobacter_chinensis	2004650	S	13	10	23	0.00000
Acinetobacter_ursingii	108980	S	12	12	24	0.00000
Acinetobacter_piscicola	2006115	S	12	8	20	0.00000
Acinetobacter_wanghuae	2662362	S	10	1	11	0.00000
Psychrobacter_sp._DAB_AL43B	1028416	S	36	7	43	0.00000
Psychrobacter_sp._P11F6	1699621	S	30	22	52	0.00000
Psychrobacter_sp._P11G3	1699623	S	19	8	27	0.00000
Psychrobacter_sp._28M-43	2772254	S	19	9	28	0.00000
Psychrobacter_sp._G	571800	S	18	110	128	0.00001
Psychrobacter_sp._WY6	2708350	S	18	12	30	0.00000
Psychrobacter_sp._P11G5	1699624	S	15	27	42	0.00000
Psychrobacter_sp._KH172YL61	2517899	S	15	64	79	0.00000
Psychrobacter_sp._P2G3	1699622	S	10	17	27	0.00000
Psychrobacter_arenosus	256326	S	51	4	55	0.00000
Psychrobacter_urativorans	45610	S	31	6	37	0.00000
Psychrobacter_sanguinis	861445	S	30	14	44	0.00000
Psychrobacter_arcticus	334543	S	19	8	27	0.00000
Moraxella_osloensis	34062	S	148	25	173	0.00001
Moraxella_bovoculi	386891	S	46	87	133	0.00001
Moraxella_cuniculi	34061	S	44	5	49	0.00000
Moraxella_bovis	476	S	37	11	48	0.00000
Moraxella_catarrhalis	480	S	30	6	36	0.00000
Moraxella_sp._ZY201115	2904121	S	25	3	28	0.00000
Moraxella_nonliquefaciens	478	S	19	5	24	0.00000
Aquirhabdus_parva	2283318	S	111	5	116	0.00001
Methylophaga_frappieri	754477	S	123	72	195	0.00001
Methylophaga_sp._TMB456	2881052	S	108	41	149	0.00001
Methylophaga_nitratireducenticrescens	754476	S	77	14	91	0.00000
Thiomicrorhabdus_xiamenensis	2739063	S	131	8	139	0.00001
Thiomicrorhabdus_sediminis	2580412	S	59	3	62	0.00000
Thiomicrorhabdus_aquaedulcis	2211106	S	56	3	59	0.00000
Thiomicrorhabdus_sp._Am19	2791037	S	42	2	44	0.00000
Thiomicrorhabdus_indica	2267253	S	24	1	25	0.00000
Thiomicrospira_sp._S5	1803865	S	87	85	172	0.00001
Thiomicrospira_cyclica	147268	S	58	4	62	0.00000
Thiomicrospira_aerophila	92245	S	56	8	64	0.00000
Thiomicrospira_microaerophila	406020	S	49	9	58	0.00000
Hydrogenovibrio_thermophilus	265883	S	115	112	227	0.00001
Hydrogenovibrio_marinus	28885	S	53	2	55	0.00000
Hydrogenovibrio_crunogenus	39765	S	39	2	41	0.00000
Piscirickettsia_salmonis	1238	S	87	29	116	0.00001
Thiosulfatimonas_sediminis	2675054	S	83	6	89	0.00000
Thiosulfativibrio_zosterae	2675053	S	45	2	47	0.00000
Thiothrix_litoralis	2891210	S	413	36	449	0.00002
Thiothrix_sp._CT3	96472	S	216	89	305	0.00002
Thiothrix_subterranea	2735563	S	185	63	248	0.00001
Thiothrix_unzii	111769	S	174	114	288	0.00001
Candidatus_Thiothrix_anitrata	2823902	S	118	87	205	0.00001
Beggiatoa_leptomitoformis	288004	S	119	2	121	0.00001
Francisella_tularensis	263	S	31	33	64	0.00000
Francisella_frigiditurris	1542390	S	27	3	30	0.00000
Francisella_sp._Scap27	2589986	S	10	25	35	0.00000
Francisella_halioticida	549298	S	11	1	12	0.00000
Francisella_persica	954	S	10	2	12	0.00000
Allofrancisella_guangzhouensis	594679	S	29	7	36	0.00000
Salinisphaera_sp._LB1	2183911	S	3102	143	3245	0.00017
Legionella_sp._MW5194	2662448	S	163	30	193	0.00001
Legionella_sp._PC1000	2746060	S	59	9	68	0.00000
Legionella_sp._PC997	2755562	S	36	6	42	0.00000
Legionella_geestiana	45065	S	193	16	209	0.00001
Legionella_pneumophila	446	S	169	52	221	0.00001
Legionella_spiritensis	452	S	146	15	161	0.00001
Legionella_israelensis	454	S	72	3	75	0.00000
Legionella_anisa	28082	S	70	16	86	0.00000
Legionella_oakridgensis	29423	S	60	5	65	0.00000
Legionella_jordanis	456	S	56	7	63	0.00000
Legionella_sainthelensi	28087	S	55	9	64	0.00000
Legionella_antarctica	2708020	S	51	2	53	0.00000
Legionella_longbeachae	450	S	47	7	54	0.00000
Legionella_lansingensis	45067	S	43	2	45	0.00000
Legionella_hackeliae	449	S	40	6	46	0.00000
Legionella_waltersii	66969	S	37	6	43	0.00000
Legionella_clemsonensis	1867846	S	37	5	42	0.00000
Legionella_fallonii	96230	S	36	2	38	0.00000
Legionella_adelaidensis	45056	S	25	2	27	0.00000
Legionella_cherrii	28084	S	15	1	16	0.00000
Legionella_endosymbiont_of_Polyplax_serrata	2005262	S	11	1	12	0.00000
Tatlockia_micdadei	451	S	48	2	50	0.00000
Fluoribacter_dumoffii	463	S	46	9	55	0.00000
Aquicella_siphonis	254247	S	293	50	343	0.00002
Aquicella_lusitana	254246	S	235	43	278	0.00001
Coxiella_burnetii	777	S	244	134	378	0.00002
Coxiella_endosymbiont_of_Amblyomma_nuttalli	2749996	S	48	3	51	0.00000
Coxiella_endosymbiont_of_Amblyomma_sculptum	2487929	S	35	7	42	0.00000
Candidatus_Coxiella_mudrowiae	2054173	S	53	3	56	0.00000
Candidatus_Rickettsiella_viridis	676208	S	27	29	56	0.00000
Rickettsiella_endosymbiont_of_Dermanyssus_gallinae	2856608	S	23	21	44	0.00000
endosymbiont_of_unidentified_scaly_snail_isolate_Monju	1248727	S	2678	254	2932	0.00015
Isorropodon_fossajaponicum_symbiont	883811	S	22	3	25	0.00000
Abyssogena_phaseoliformis_symbiont	596095	S	10	2	12	0.00000
Cardiobacterium_hominis	2718	S	893	197	1090	0.00006
Cardiobacterium_sp._Marseille-Q4385	2866573	S	570	111	681	0.00003
Suttonella_sp._R2A3	2908648	S	91	6	97	0.00000
Dichelobacter_nodosus	870	S	72	21	93	0.00000
Aggregatibacter_actinomycetemcomitans	714	S	107	90	197	0.00001
Aggregatibacter_aphrophilus	732	S	85	41	126	0.00001
Aggregatibacter_sp._2125159857	2820817	S	22	9	31	0.00000
Aggregatibacter_sp._Marseille-P9115	2866570	S	10	7	17	0.00000
Aggregatibacter_segnis	739	S	12	10	22	0.00000
Haemophilus_parainfluenzae	729	S	77	33	110	0.00001
Haemophilus_influenzae	727	S	63	47	110	0.00001
Haemophilus_parahaemolyticus	735	S	27	5	32	0.00000
[Haemophilus]_ducreyi	730	S	20	11	31	0.00000
Haemophilus_haemolyticus	726	S	19	9	28	0.00000
Haemophilus_pittmaniae	249188	S	13	3	16	0.00000
Actinobacillus_sp._GY-402	2774188	S	89	50	139	0.00001
Actinobacillus_pleuropneumoniae	715	S	26	36	62	0.00000
Actinobacillus_delphinicola	51161	S	18	3	21	0.00000
Actinobacillus_indolicus	51049	S	16	15	31	0.00000
Actinobacillus_suis	716	S	13	6	19	0.00000
Actinobacillus_equuli	718	S	11	4	15	0.00000
Pasteurella_multocida	747	S	108	278	386	0.00002
Pasteurella_canis	753	S	12	3	15	0.00000
Mannheimia_granulomatis	85402	S	44	7	51	0.00000
Mannheimia_varigena	85404	S	39	17	56	0.00000
Mannheimia_haemolytica	75985	S	35	212	247	0.00001
Mannheimia_bovis	2770636	S	11	3	14	0.00000
Avibacterium_paragallinarum	728	S	42	14	56	0.00000
Avibacterium_volantium	762	S	24	8	32	0.00000
Rodentibacter_heylii	1906744	S	40	5	45	0.00000
Rodentibacter_haemolyticus	2778911	S	25	3	28	0.00000
Glaesserella_parasuis	738	S	36	27	63	0.00000
Glaesserella_sp._15-184	2030797	S	26	7	33	0.00000
Frederiksenia_canicola	123824	S	25	6	31	0.00000
Bibersteinia_trehalosi	47735	S	24	56	80	0.00000
Histophilus_somni	731	S	23	7	30	0.00000
Gallibacterium_anatis	750	S	20	6	26	0.00000
Otariodibacter_oris	1032623	S	10	1	11	0.00000
Kangiella_koreensis	261964	S	89	11	100	0.00001
Kangiella_profundi	1561924	S	76	16	92	0.00000
Kangiella_sediminilitoris	1144748	S	51	3	54	0.00000
Kangiella_geojedonensis	914150	S	43	3	46	0.00000
Gilliamella_sp._ESL0405	2704653	S	28	6	34	0.00000
Gilliamella_sp._ESL0441	2704654	S	13	12	25	0.00000
Gilliamella_apicola	1196095	S	24	8	32	0.00000
Zophobihabitans_entericus	1635327	S	34	4	38	0.00000
Frischella_perrara	1267021	S	10	4	14	0.00000
Archangium_violaceum	83451	S	54808	7767	62575	0.00320
Archangium_gephyra	48	S	20882	3444	24326	0.00124
Cystobacter_fuscus	43	S	44986	7988	52974	0.00271
Stigmatella_aurantiaca	41	S	10846	836	11682	0.00060
Melittangium_boletus	83453	S	9882	1648	11530	0.00059
Myxococcus_xanthus	34	S	12387	54661	67048	0.00343
Myxococcus_hansupus	1297742	S	7016	630	7646	0.00039
Myxococcus_stipitatus	83455	S	6305	755	7060	0.00036
Myxococcus_sp._SCHIC003	2813577	S	5163	623	5786	0.00030
Corallococcus_coralloides	184914	S	11612	4589	16201	0.00083
Corallococcus_macrosporus	35	S	8061	1498	9559	0.00049
Corallococcus_sp._EGB	1521117	S	7506	2804	10310	0.00053
Pyxidicoccus_sp._SCPEA002	2813578	S	18682	949	19631	0.00100
Anaeromyxobacter_sp._Red232	2918170	S	20795	2442	23237	0.00119
Anaeromyxobacter_sp._Fw109-5	404589	S	18317	2610	20927	0.00107
Anaeromyxobacter_sp._Red630	2918171	S	15614	2254	17868	0.00091
Anaeromyxobacter_sp._K	447217	S	3945	8695	12640	0.00065
Anaeromyxobacter_dehalogenans	161493	S	12934	10121	23055	0.00118
Vulgatibacter_incomptus	1391653	S	10205	864	11069	0.00057
Sorangium_cellulosum	56	S	126191	16169	142360	0.00728
Polyangium_aurulentum	2567896	S	32417	3264	35681	0.00182
Chondromyces_crocatus	52	S	16413	799	17212	0.00088
Pajaroellobacter_abortibovis	1882918	S	257	8	265	0.00001
Sandaracinus_amylolyticus	927083	S	52077	3051	55128	0.00282
Labilithrix_luteola	1391654	S	17889	862	18751	0.00096
Haliangium_ochraceum	80816	S	23244	1347	24591	0.00126
Geomonas_sp._RF6	2897342	S	4065	549	4614	0.00024
Geomonas_paludis	2740185	S	2922	1582	4504	0.00023
Geomonas_nitrogeniifigens	2847991	S	2708	1500	4208	0.00022
Geomonas_subterranea	2847989	S	2486	1242	3728	0.00019
Geomonas_oryzisoli	2847992	S	2279	1343	3622	0.00019
Geobacter_sp._FeAm09	2597769	S	2580	361	2941	0.00015
Geobacter_sp._SVR	2495594	S	1966	309	2275	0.00012
Geobacter_sp._DSM_9736	1277350	S	1225	94	1319	0.00007
Geobacter_sulfurreducens	35554	S	3182	780	3962	0.00020
Geobacter_pickeringii	345632	S	2936	810	3746	0.00019
Geobacter_metallireducens	28232	S	1901	484	2385	0.00012
Geobacter_benzoatilyticus	2815309	S	1199	288	1487	0.00008
Citrifermentans_bremense	60035	S	2460	1015	3475	0.00018
Citrifermentans_bemidjiense	225194	S	2344	886	3230	0.00017
Geotalea_uraniireducens	351604	S	1465	114	1579	0.00008
Geotalea_daltonii	1203471	S	771	63	834	0.00004
Geoalkalibacter_subterraneus	483547	S	1390	1340	2730	0.00014
Trichlorobacter_lovleyi	313985	S	768	111	879	0.00004
Desulfuromonas_versatilis	2802975	S	4978	943	5921	0.00030
Desulfuromonas_sp._DDH964	1823759	S	3381	680	4061	0.00021
Desulfuromonas_sp._AOP6	1566351	S	1106	135	1241	0.00006
Desulfuromonas_soudanensis	1603606	S	3202	384	3586	0.00018
Pelobacter_propionicus	29543	S	1943	740	2683	0.00014
Syntrophotalea_acetylenica	29542	S	1007	212	1219	0.00006
Syntrophotalea_carbinolica	19	S	752	63	815	0.00004
Syntrophotalea_acetylenivorans	1842532	S	623	99	722	0.00004
Pseudodesulfovibrio_mercurii	641491	S	2300	582	2882	0.00015
Pseudodesulfovibrio_indicus	1716143	S	2138	485	2623	0.00013
Pseudodesulfovibrio_aespoeensis	182210	S	1654	1258	2912	0.00015
Pseudodesulfovibrio_cashew	2678688	S	1245	260	1505	0.00008
Pseudodesulfovibrio_sp._SF6	2810563	S	583	63	646	0.00003
Pseudodesulfovibrio_sp._zrk46	2725288	S	502	92	594	0.00003
Pseudodesulfovibrio_tunisiensis	463192	S	1063	114	1177	0.00006
Pseudodesulfovibrio_profundus	57320	S	380	409	789	0.00004
Pseudodesulfovibrio_piezophilus	879567	S	182	26	208	0.00001
Desulfovibrio_sp._IOR2	2583823	S	1474	290	1764	0.00009
Desulfovibrio_sp._86	2666132	S	522	160	682	0.00003
Desulfovibrio_sp._G11	631220	S	435	328	763	0.00004
Desulfovibrio_vulgaris	881	S	1766	62	1828	0.00009
Desulfovibrio_sulfodismutans	63561	S	1758	450	2208	0.00011
Desulfovibrio_desulfuricans	876	S	1348	316	1664	0.00009
Desulfovibrio_piger	901	S	1225	255	1480	0.00008
Desulfovibrio_fairfieldensis	44742	S	1101	101	1202	0.00006
Desulfovibrio_ferrophilus	241368	S	633	56	689	0.00004
Candidatus_Desulfovibrio_trichonymphae	1725232	S	195	17	212	0.00001
Solidesulfovibrio_carbinoliphilus	345370	S	3192	417	3609	0.00018
Solidesulfovibrio_magneticus	184917	S	1268	760	2028	0.00010
Solidesulfovibrio_carbinolicus	296842	S	1155	939	2094	0.00011
Oceanidesulfovibrio_marinus	370038	S	3215	212	3427	0.00018
Desulfocurvibacter_africanus	873	S	2393	190	2583	0.00013
Desulfolutivibrio_sulfoxidireducens	2773299	S	2277	633	2910	0.00015
Megalodesulfovibrio_gigas	879	S	1675	86	1761	0.00009
Oleidesulfovibrio_alaskensis	58180	S	513	767	1280	0.00007
Maridesulfovibrio_salexigens	880	S	188	21	209	0.00001
Maridesulfovibrio_hydrothermalis	191026	S	98	11	109	0.00001
Paradesulfovibrio_bizertensis	376490	S	224	24	248	0.00001
Lawsonia_intracellularis	29546	S	64	0	64	0.00000
Desulfomicrobium_baculatum	899	S	1456	120	1576	0.00008
Desulfomicrobium_orale	132132	S	874	244	1118	0.00006
Desulfohalobium_retbaense	45663	S	646	35	681	0.00003
Desulfosarcina_alkanivorans	571177	S	1842	849	2691	0.00014
Desulfosarcina_ovata	83564	S	1770	91	1861	0.00010
Desulfosarcina_widdelii	947919	S	1518	187	1705	0.00009
Desulfococcus_multivorans	897	S	1471	303	1774	0.00009
Desulfatibacillum_aliphaticivorans	218208	S	1028	38	1066	0.00005
Desulfoluna_sp._ASN36	2810562	S	883	51	934	0.00005
Desulfonema_magnum	45655	S	392	10	402	0.00002
Desulfonema_limicola	45656	S	91	6	97	0.00001
Desulfobacter_postgatei	2293	S	188	44	232	0.00001
Desulfobacter_hydrogenophilus	2291	S	177	43	220	0.00001
Desulforapulum_autotrophicum	2296	S	352	47	399	0.00002
Desulfobacula_toluolica	28223	S	88	8	96	0.00000
Desulfobulbus_propionicus	894	S	1528	90	1618	0.00008
Desulfobulbus_oralis	1986146	S	1160	272	1432	0.00007
Desulfobulbus_oligotrophicus	1909699	S	290	268	558	0.00003
Desulfurivibrio_alkaliphilus	427923	S	1326	69	1395	0.00007
Desulfomarina_profundi	2772557	S	113	10	123	0.00001
Desulfosudis_oleivorans	181663	S	1236	74	1310	0.00007
Desulfosediminicola_ganghwensis	2569540	S	270	30	300	0.00002
Desulfosediminicola_flagellatus	2569541	S	141	14	155	0.00001
Desulfotalea_psychrophila	84980	S	125	21	146	0.00001
Desulfocapsa_sulfexigens	65555	S	109	6	115	0.00001
Persicimonas_caeni	2292766	S	7771	282	8053	0.00041
Bradymonas_sediminis	1548548	S	2620	221	2841	0.00015
Bradymonadales_bacterium_V1718	2600177	S	989	55	1044	0.00005
Syntrophobacter_fumaroxidans	119484	S	2051	932	2983	0.00015
Desulfoglaeba_alkanexedens	361111	S	1825	108	1933	0.00010
Desulfarculus_baarsii	453230	S	3664	2334	5998	0.00031
Desulfomonile_tiedjei	2358	S	687	8	695	0.00004
Desulfobacca_acetoxidans	60893	S	682	20	702	0.00004
Syntrophus_aciditrophicus	316277	S	568	39	607	0.00003
Dissulfurimicrobium_hydrothermale	1750598	S	369	24	393	0.00002
Candidatus_Desulfofervidus_auxilii	1621989	S	213	5	218	0.00001
Hippea_maritima	84405	S	82	4	86	0.00000
Campylobacter_showae	204	S	211	35	246	0.00001
Campylobacter_gracilis	824	S	177	14	191	0.00001
Campylobacter_curvus	200	S	173	20	193	0.00001
Campylobacter_concisus	199	S	143	22	165	0.00001
Campylobacter_sp._19-13652	2840180	S	22	2	24	0.00000
Campylobacter_sp._CCUG_57310	2517362	S	19	9	28	0.00000
Campylobacter_sp._RM6914	1032243	S	14	1	15	0.00000
Campylobacter_rectus	203	S	84	19	103	0.00001
Campylobacter_fetus	196	S	24	9	33	0.00000
Campylobacter_geochelonis	1780362	S	18	1	19	0.00000
Campylobacter_hyointestinalis	198	S	16	9	25	0.00000
Campylobacter_coli	195	S	16	28	44	0.00000
Campylobacter_mucosalis	202	S	15	1	16	0.00000
Campylobacter_lari	201	S	14	15	29	0.00000
Campylobacter_hominis	76517	S	13	5	18	0.00000
Candidatus_Campylobacter_infans	2561898	S	13	1	14	0.00000
Campylobacter_iguaniorum	1244531	S	13	2	15	0.00000
Campylobacter_corcagiensis	1448857	S	13	1	14	0.00000
Campylobacter_lanienae	75658	S	12	5	17	0.00000
Campylobacter_jejuni	197	S	12	116	128	0.00001
Campylobacter_ureolyticus	827	S	11	5	16	0.00000
Campylobacter_hepaticus	1813019	S	11	2	13	0.00000
Campylobacter_blaseri	2042961	S	10	1	11	0.00000
Campylobacter_canadensis	449520	S	10	1	11	0.00000
Campylobacter_sputorum	206	S	10	2	12	0.00000
Sulfurimonas_sp._HSL-3221	2894755	S	837	70	907	0.00005
Sulfurimonas_sp._SWIR-19	2878390	S	51	68	119	0.00001
Sulfurimonas_sp._H1576	2672570	S	15	1	16	0.00000
Sulfurimonas_sp._B2	2590551	S	13	1	14	0.00000
Sulfurimonas_paralvinellae	317658	S	44	7	51	0.00000
Sulfurimonas_denitrificans	39766	S	20	3	23	0.00000
Sulfurimonas_hydrogeniphila	2509341	S	18	7	25	0.00000
Sulfurimonas_gotlandica	1176482	S	14	1	15	0.00000
Sulfurimonas_autotrophica	202747	S	11	1	12	0.00000
Sulfurimonas_lithotrophica	2590022	S	10	1	11	0.00000
Sulfuricurvum_kujiense	148813	S	71	5	76	0.00000
Helicobacter_pylori	210	S	245	170	415	0.00002
Helicobacter_sp._NHP19-0003	2849641	S	54	17	71	0.00000
Helicobacter_sp._NHP19-0012	2849642	S	47	25	72	0.00000
Helicobacter_heilmannii	35817	S	35	21	56	0.00000
Helicobacter_canis	29419	S	34	14	48	0.00000
Helicobacter_himalayensis	1591088	S	33	5	38	0.00000
Helicobacter_bizzozeronii	56877	S	31	5	36	0.00000
Helicobacter_felis	214	S	21	4	25	0.00000
Helicobacter_cinaedi	213	S	18	8	26	0.00000
Helicobacter_enhydrae	222136	S	17	4	21	0.00000
Helicobacter_typhlonius	76936	S	17	20	37	0.00000
Helicobacter_suis	104628	S	17	7	24	0.00000
Helicobacter_mustelae	217	S	16	4	20	0.00000
Helicobacter_cetorum	138563	S	13	2	15	0.00000
Helicobacter_cholecystus	45498	S	11	3	14	0.00000
Wolinella_succinogenes	844	S	85	38	123	0.00001
Nitratifractor_salsuginis	269261	S	527	43	570	0.00003
Sulfurovum_sp._NBC37-1	387093	S	67	37	104	0.00001
Sulfurovum_sp._HSL1-3	2893889	S	47	14	61	0.00000
Sulfurovum_sp._XGS-02	2925411	S	23	3	26	0.00000
Sulfurovum_lithotrophicum	206403	S	44	28	72	0.00000
Sulfurovum_indicum	2779528	S	41	5	46	0.00000
Hydrogenimonas_urashimensis	2740515	S	459	50	509	0.00003
Arcobacter_venerupis	1054033	S	12	19	31	0.00000
Arcobacter_sp._FWKO_B	2593672	S	12	5	17	0.00000
Aliarcobacter_cryaerophilus	28198	S	16	38	54	0.00000
Halarcobacter_anaerophilus	877500	S	15	8	23	0.00000
Pseudoarcobacter_acticola	1849015	S	11	23	34	0.00000
Sulfurospirillum_cavolei	366522	S	87	9	96	0.00000
Sulfurospirillum_sp._UCH001	1581011	S	14	43	57	0.00000
Sulfurospirillum_halorespirans	194424	S	23	20	43	0.00000
Sulfurospirillum_deleyianum	65553	S	18	2	20	0.00000
Sulfurospirillum_multivorans	66821	S	16	15	31	0.00000
Sulfurospirillum_barnesii	44674	S	13	1	14	0.00000
Nitrosophilus_alvini	2714855	S	80	26	106	0.00001
Nitrosophilus_labii	2706014	S	24	16	40	0.00000
Nitratiruptor_sp._YY09-18	2724901	S	37	39	76	0.00000
Nitratiruptor_sp._SB155-2	387092	S	14	21	35	0.00000
Caminibacter_mediatlanticus	291048	S	54	38	92	0.00000
Caminibacter_pacificus	1424653	S	41	23	64	0.00000
Nautilia_profundicola	244787	S	39	19	58	0.00000
Nautilia_sp._PV-1	2579250	S	27	12	39	0.00000
Acidithiobacillus_caldus	33059	S	1007	165	1172	0.00006
Acidithiobacillus_ferrivorans	160808	S	533	117	650	0.00003
Acidithiobacillus_ferrooxidans	920	S	418	498	916	0.00005
Acidithiobacillus_thiooxidans	930	S	213	14	227	0.00001
Acidithiobacillus_ferriphilus	1689834	S	188	42	230	0.00001
Acidithiobacillus_ferridurans	1232575	S	20	193	213	0.00001
Acidithiobacillus_sp._'AMD_consortium'	2614801	S	17	258	275	0.00001
Bdellovibrio_bacteriovorus	959	S	637	89	726	0.00004
Bdellovibrio_sp._LBG001	2835041	S	109	14	123	0.00001
Bdellovibrio_sp._NC01	2220073	S	99	12	111	0.00001
Bdellovibrio_sp._ZAP7	2231053	S	95	29	124	0.00001
Bdellovibrio_sp._KM01	2748865	S	59	19	78	0.00000
Pseudobdellovibrio_exovorus	453816	S	74	5	79	0.00000
Bacteriovorax_stolpii	960	S	61	26	87	0.00000
Halobacteriovorax_marinus	97084	S	27	22	49	0.00000
Halobacteriovorax_sp._BALOs_7	2109558	S	26	13	39	0.00000
Silvanigrella_aquatica	1915309	S	32	7	39	0.00000
Fluviispira_sanaruensis	2493639	S	29	7	36	0.00000
Hydrogenophilus_thermoluteolus	297	S	1146	243	1389	0.00007
Mariprofundus_ferrinatatus	1921087	S	390	40	430	0.00002
Mariprofundus_aestuarium	1921086	S	244	29	273	0.00001
Streptomyces_sp._WAC_01438	2203204	S	31853	12190	44043	0.00225
Streptomyces_sp._SCSIO_64649	2878388	S	12066	2583	14649	0.00075
Streptomyces_sp._NHF165	2175864	S	11614	2359	13973	0.00071
Streptomyces_sp._SN-593	659352	S	9349	2601	11950	0.00061
Streptomyces_sp._CB01881	2078691	S	9249	2084	11333	0.00058
Streptomyces_sp._MA3_2.13	2867410	S	8987	1367	10354	0.00053
Streptomyces_sp._891-h	2720714	S	8968	1903	10871	0.00056
Streptomyces_sp._CdTB01	1725411	S	8695	2815	11510	0.00059
Streptomyces_sp._3025	2923272	S	8546	1769	10315	0.00053
Streptomyces_sp._So13.3	2136173	S	8338	1822	10160	0.00052
Streptomyces_sp._ZYC-3	2797636	S	8031	1806	9837	0.00050
Streptomyces_sp._BJ20	2930049	S	7976	3641	11617	0.00059
Streptomyces_sp._AMCC400023	2056258	S	7928	3492	11420	0.00058
Streptomyces_sp._NA02950	2742137	S	7733	1773	9506	0.00049
Streptomyces_sp._P3	2135430	S	7697	2190	9887	0.00051
Streptomyces_sp._Z423-1	2730915	S	7603	2496	10099	0.00052
Streptomyces_sp._SCUT-3	2684469	S	7535	3475	11010	0.00056
Streptomyces_sp._ST1015	1848900	S	7222	1724	8946	0.00046
Streptomyces_sp._C8S0	2585716	S	7209	2378	9587	0.00049
Streptomyces_sp._BH-MK-02	2880933	S	7084	1749	8833	0.00045
Streptomyces_sp._LRE541	2931983	S	6822	1759	8581	0.00044
Streptomyces_sp._HM190	2695266	S	6608	2370	8978	0.00046
Streptomyces_sp._JB150	2714844	S	6487	2452	8939	0.00046
Streptomyces_sp._3214.6	1882757	S	6262	2065	8327	0.00043
Streptomyces_sp._MST-110588	2833628	S	6110	1721	7831	0.00040
Streptomyces_sp._DSM_40868	2721173	S	5950	2429	8379	0.00043
Streptomyces_sp._YIM_121038	2136401	S	5943	1953	7896	0.00040
Streptomyces_sp._GQFP	2907545	S	5890	1149	7039	0.00036
Streptomyces_sp._SAT1	1849967	S	5800	2448	8248	0.00042
Streptomyces_sp._GMY02	1333528	S	5790	1184	6974	0.00036
Streptomyces_sp._NEAU-sy36	2751189	S	5731	2406	8137	0.00042
Streptomyces_sp._A2-16	2781734	S	5697	1979	7676	0.00039
Streptomyces_sp._W1SF4	2305220	S	5690	2286	7976	0.00041
Streptomyces_sp._MBT27	1488356	S	5554	1858	7412	0.00038
Streptomyces_sp._NA04227	2742136	S	5542	1478	7020	0.00036
Streptomyces_sp._Go-475	2072505	S	5457	2770	8227	0.00042
Streptomyces_sp._MG28	2865673	S	5369	2091	7460	0.00038
Streptomyces_sp._QHH-9511	2684468	S	5323	1669	6992	0.00036
Streptomyces_sp._GS7	2692234	S	5274	1617	6891	0.00035
Streptomyces_sp._MG62	2838015	S	5167	2139	7306	0.00037
Streptomyces_sp._SYP-A7193	2662065	S	5126	3230	8356	0.00043
Streptomyces_sp._RTd22	1841249	S	5053	2243	7296	0.00037
Streptomyces_sp._Go_40/10	2825844	S	4971	2417	7388	0.00038
Streptomyces_sp._BHT-5-2	2866715	S	4869	1711	6580	0.00034
Streptomyces_sp._RPA4-2	2721244	S	4819	1570	6389	0.00033
Streptomyces_sp._CMB-StM0423	2059884	S	4755	2384	7139	0.00037
Streptomyces_sp._SirexAA-E	862751	S	4650	1559	6209	0.00032
Streptomyces_sp._SM18	1736046	S	4578	1427	6005	0.00031
Streptomyces_sp._Rer75	2750011	S	4547	2220	6767	0.00035
Streptomyces_sp._135	2838850	S	4539	1633	6172	0.00032
Streptomyces_sp._HSG2	2797167	S	4408	1111	5519	0.00028
Streptomyces_sp._Tu_2975	2676871	S	4343	1541	5884	0.00030
Streptomyces_sp._HP-A2021	2927875	S	4273	2540	6813	0.00035
Streptomyces_sp._fd1-xmd	1812480	S	3938	1871	5809	0.00030
Streptomyces_sp._CB09001	2083284	S	3819	2644	6463	0.00033
Streptomyces_sp._WAC_01529	2203205	S	3785	1475	5260	0.00027
Streptomyces_sp._TN58	234612	S	3780	1870	5650	0.00029
Streptomyces_sp._INR7	2607753	S	3693	2005	5698	0.00029
Streptomyces_sp._S4.7	2705439	S	3633	1323	4956	0.00025
Streptomyces_sp._jing01	2726118	S	3581	2159	5740	0.00029
Streptomyces_sp._CCM_MD2014	1561022	S	3282	3028	6310	0.00032
Streptomyces_sp._S1D4-11	2721246	S	2850	2113	4963	0.00025
Streptomyces_sp._SUK_48	2582831	S	2849	1870	4719	0.00024
Streptomyces_sp._WAC_06738	2203210	S	2802	2801	5603	0.00029
Streptomyces_sp._WY228	2855836	S	2593	1465	4058	0.00021
Streptomyces_sp._CNQ-509	444103	S	2557	2510	5067	0.00026
Streptomyces_sp._YPW6	2840373	S	2463	1350	3813	0.00020
Streptomyces_sp._ADI95-16	1522758	S	2390	2155	4545	0.00023
Streptomyces_sp._Mg1	465541	S	2359	2264	4623	0.00024
Streptomyces_sp._HF10	2692233	S	2341	1721	4062	0.00021
Streptomyces_sp._769	1262452	S	2167	1682	3849	0.00020
Streptomyces_sp._AgN23	1188315	S	2113	1908	4021	0.00021
Streptomyces_sp._NA02536	2742133	S	1990	5350	7340	0.00038
Streptomyces_sp._RPA4-5	2721245	S	1981	1320	3301	0.00017
Streptomyces_sp._2323.1	1938841	S	1863	1181	3044	0.00016
Streptomyces_sp._S063	2005885	S	1781	1282	3063	0.00016
Streptomyces_sp._S8	1837283	S	1737	1560	3297	0.00017
Streptomyces_sp._EAS-AB2608	2779671	S	1623	2684	4307	0.00022
Streptomyces_sp._3211	1964449	S	1600	2115	3715	0.00019
Streptomyces_sp._NEAU-S7GS2	2202000	S	1581	1330	2911	0.00015
Streptomyces_sp._XC_2026	2782004	S	1575	1408	2983	0.00015
Streptomyces_sp._ID38640	1265399	S	1462	1059	2521	0.00013
Streptomyces_sp._A144	2871487	S	1442	6975	8417	0.00043
Streptomyces_sp._WA6-1-16	2879427	S	1440	1500	2940	0.00015
Streptomyces_sp._PBH53	1577075	S	1418	2183	3601	0.00018
Streptomyces_sp._MOE7	1961713	S	1363	1672	3035	0.00016
Streptomyces_sp._Sge12	1972846	S	1312	2133	3445	0.00018
Streptomyces_sp._SGAir0924	2109593	S	1305	6861	8166	0.00042
Streptomyces_sp._HNA39	2850561	S	1283	1517	2800	0.00014
Streptomyces_sp._SS52	2563602	S	1270	6447	7717	0.00039
Streptomyces_sp._RLB1-33	2721243	S	1237	3655	4892	0.00025
Streptomyces_sp._Tue_6075	1661694	S	1182	1387	2569	0.00013
Streptomyces_sp._11-1-2	1851167	S	1110	2093	3203	0.00016
Streptomyces_sp._CB00271	2750025	S	1011	1399	2410	0.00012
Streptomyces_sp._CFMR_7	1649184	S	978	1726	2704	0.00014
Streptomyces_sp._WAC00303	2933779	S	835	1223	2058	0.00011
Streptomyces_sp._CLI2509	1984801	S	781	2877	3658	0.00019
Streptomyces_sp._M56	1495638	S	763	2046	2809	0.00014
Streptomyces_sp._CB09030	2913412	S	716	2438	3154	0.00016
Streptomyces_sp._Tu6071	355249	S	683	2245	2928	0.00015
Streptomyces_sp._V17-9	2831149	S	645	3228	3873	0.00020
Streptomyces_sp._CB04723	2748873	S	644	1171	1815	0.00009
Streptomyces_sp._M2	646637	S	644	3709	4353	0.00022
Streptomyces_sp._WAC00288	2094021	S	638	2705	3343	0.00017
Streptomyces_sp._NA03103	2742134	S	635	4340	4975	0.00025
Streptomyces_sp._BSE6.1	2605730	S	633	3023	3656	0.00019
Streptomyces_sp._PAMC_26508	1265601	S	600	2300	2900	0.00015
Streptomyces_sp._HU2014	2939414	S	586	2045	2631	0.00013
Streptomyces_sp._VN1	1821625	S	563	2423	2986	0.00015
Streptomyces_sp._endophyte_N2	2153485	S	540	1593	2133	0.00011
Streptomyces_sp._CRSS-Y-16	2906474	S	519	3163	3682	0.00019
Streptomyces_sp._WA1-19	2884220	S	452	2463	2915	0.00015
Streptomyces_sp._S501	2420135	S	441	1826	2267	0.00012
Streptomyces_sp._A1-5	2738410	S	379	1799	2178	0.00011
Streptomyces_sp._2114.2	1881022	S	366	2310	2676	0.00014
Streptomyces_sp._LBUM_1480	2609808	S	355	3636	3991	0.00020
Streptomyces_sp._R527F	1664033	S	346	2006	2352	0.00012
Streptomyces_sp._KPB2	2305221	S	343	2966	3309	0.00017
Streptomyces_sp._S1A1-7	2594459	S	317	3232	3549	0.00018
Streptomyces_sp._GF20	2692235	S	307	1769	2076	0.00011
Streptomyces_sp._CA-256286	2801033	S	265	1678	1943	0.00010
Streptomyces_sp._604F	1476754	S	243	2314	2557	0.00013
Streptomyces_sp._NBU3104	2911367	S	231	1556	1787	0.00009
Streptomyces_sp._FR-008	206662	S	203	1700	1903	0.00010
Streptomyces_sp._LBUM_1482	2609809	S	181	4805	4986	0.00026
Streptomyces_sp._RLB3-17	2594455	S	179	3041	3220	0.00016
Streptomyces_sp._CC0208	2306165	S	176	4816	4992	0.00026
Streptomyces_sp._OUCMDZ-3434	1535304	S	174	1922	2096	0.00011
Streptomyces_sp._GBA_94-10	1218177	S	149	2005	2154	0.00011
Streptomyces_sp._PLM4	2929798	S	149	1262	1411	0.00007
Streptomyces_sp._LBUM_1475	2609807	S	148	4609	4757	0.00024
Streptomyces_sp._RLB3-6	2594457	S	147	5018	5165	0.00026
Streptomyces_sp._S1D4-20	2594462	S	134	3962	4096	0.00021
Streptomyces_sp._A10(2020)	2782013	S	111	1327	1438	0.00007
Streptomyces_sp._PVA_94-07	1225337	S	108	1679	1787	0.00009
Streptomyces_sp._S1D4-23	2594463	S	100	5822	5922	0.00030
Streptomyces_sp._RLB1-9	2594454	S	95	5694	5789	0.00030
Streptomyces_sp._S1D4-14	2594461	S	85	6036	6121	0.00031
Streptomyces_sp._ICC1	2099583	S	50	3169	3219	0.00016
Streptomyces_sp._SM17	565560	S	36	1511	1547	0.00008
Streptomyces_sp._ICC4	2099584	S	31	2273	2304	0.00012
Streptomyces_sp._HNM0561	2903099	S	16	3216	3232	0.00017
Streptomyces_venezuelae	54571	S	30383	11437	41820	0.00214
Streptomyces_cadmiisoli	2184053	S	6979	1821	8800	0.00045
Streptomyces_aurantiacus	47760	S	5790	1444	7234	0.00037
Streptomyces_qaidamensis	1783515	S	4541	1940	6481	0.00033
Streptomyces_alboniger	132473	S	3426	1308	4734	0.00024
Streptomyces_koyangensis	188770	S	2549	2589	5138	0.00026
Streptomyces_hygroscopicus	1912	S	8925	13433	22358	0.00114
Streptomyces_rapamycinicus	1226757	S	5781	1390	7171	0.00037
Streptomyces_yatensis	155177	S	2279	1662	3941	0.00020
Streptomyces_violaceusniger	68280	S	2179	1443	3622	0.00019
Streptomyces_malaysiensis	92644	S	606	1790	2396	0.00012
Streptomyces_bathyalis	2710756	S	14181	2524	16705	0.00085
Streptomyces_chartreusis	1969	S	13731	5972	19703	0.00101
Streptomyces_albus	1888	S	13356	6849	20205	0.00103
Streptomyces_armeniacus	83291	S	13014	1998	15012	0.00077
Streptomyces_calvus	67282	S	12629	5062	17691	0.00090
Streptomyces_viridosporus	67581	S	12567	5257	17824	0.00091
Streptomyces_griseus	1911	S	4983	4478	9461	0.00048
Streptomyces_sp._M54	2759525	S	506	1286	1792	0.00009
Streptomyces_anulatus	1892	S	3463	3575	7038	0.00036
Streptomyces_microflavus	1919	S	1856	8086	9942	0.00051
Streptomyces_globisporus	1908	S	1399	10086	11485	0.00059
Streptomyces_capitiformicae	2014920	S	11066	1787	12853	0.00066
Streptomyces_formicae	1616117	S	10724	3520	14244	0.00073
Streptomyces_bingchenggensis	379067	S	10141	2048	12189	0.00062
Streptomyces_lydicus	47763	S	10112	6887	16999	0.00087
Streptomyces_cyaneochromogenes	2496836	S	9291	2806	12097	0.00062
Streptomyces_buecherae	2763006	S	9079	2448	11527	0.00059
Streptomyces_griseorubiginosus	67304	S	8664	2936	11600	0.00059
Streptomyces_ferrugineus	1413221	S	8628	2858	11486	0.00059
Streptomyces_tsukubensis	83656	S	8627	2291	10918	0.00056
Streptomyces_harbinensis	1176198	S	8499	2467	10966	0.00056
Streptomyces_cattleya	29303	S	8265	2558	10823	0.00055
Streptomyces_niveus	193462	S	8105	3803	11908	0.00061
Streptomyces_spectabilis	68270	S	8012	2694	10706	0.00055
Streptomyces_seoulensis	73044	S	7733	3093	10826	0.00055
Streptomyces_prasinus	67345	S	7079	2401	9480	0.00048
Streptomyces_tendae	1932	S	6928	2957	9885	0.00051
Streptomyces_roseirectus	2768066	S	6846	1737	8583	0.00044
Streptomyces_xinghaiensis	1038928	S	6839	2200	9039	0.00046
Streptomyces_aquilus	2548456	S	6823	2082	8905	0.00046
Streptomyces_rimosus	1927	S	6820	2862	9682	0.00050
Streptomyces_davaonensis	348043	S	6812	1971	8783	0.00045
Streptomyces_lincolnensis	1915	S	6663	1989	8652	0.00044
Streptomyces_xanthii	2768069	S	6570	2083	8653	0.00044
Streptomyces_lunaelactis	1535768	S	6569	1443	8012	0.00041
Streptomyces_genisteinicus	2768068	S	6393	2118	8511	0.00044
Streptomyces_ambofaciens	1889	S	6311	3824	10135	0.00052
Streptomyces_ficellus	1977088	S	6262	2353	8615	0.00044
Streptomyces_actuosus	1885	S	6249	2743	8992	0.00046
Streptomyces_albulus	68570	S	6246	1975	8221	0.00042
Streptomyces_pactum	68249	S	6194	2569	8763	0.00045
Streptomyces_asoensis	249586	S	6159	1892	8051	0.00041
Streptomyces_vietnamensis	362257	S	6003	2086	8089	0.00041
Streptomyces_durmitorensis	319947	S	6002	1352	7354	0.00038
Streptomyces_glaucescens	1907	S	5939	2654	8593	0.00044
Streptomyces_clavuligerus	1901	S	5930	1511	7441	0.00038
Streptomyces_avermitilis	33903	S	5916	1761	7677	0.00039
Streptomyces_nigra	1827580	S	5882	2392	8274	0.00042
Streptomyces_griseoviridis	45398	S	5877	1979	7856	0.00040
Streptomyces_antibioticus	1890	S	5843	2157	8000	0.00041
Streptomyces_phaeolivaceus	2653200	S	5788	1636	7424	0.00038
Streptomyces_dengpaensis	2049881	S	5749	1657	7406	0.00038
Streptomyces_alboflavus	67267	S	5652	1631	7283	0.00037
Streptomyces_globosus	68209	S	5637	2167	7804	0.00040
Streptomyces_olivoreticuli	68246	S	5635	1679	7314	0.00037
Streptomyces_rectiverticillatus	173860	S	5593	1891	7484	0.00038
Streptomyces_griseochromogenes	68214	S	5580	1600	7180	0.00037
Streptomyces_nodosus	40318	S	5573	1485	7058	0.00036
Streptomyces_luteoverticillatus	66425	S	5542	1938	7480	0.00038
Streptomyces_aureoverticillatus	66871	S	5524	1550	7074	0.00036
Streptomyces_liangshanensis	2717324	S	5498	1463	6961	0.00036
Streptomyces_griseocarneus	51201	S	5496	2027	7523	0.00038
Streptomyces_paludis	2282738	S	5439	1251	6690	0.00034
Streptomyces_parvulus	146923	S	5311	2418	7729	0.00040
Streptomyces_exfoliatus	1905	S	5300	1891	7191	0.00037
Streptomyces_deccanensis	424188	S	5136	2154	7290	0.00037
Streptomyces_peucetius	1950	S	5015	1436	6451	0.00033
Streptomyces_chromofuscus	42881	S	4962	1975	6937	0.00035
Streptomyces_lavendulae	1914	S	4935	1785	6720	0.00034
Streptomyces_collinus	42684	S	4920	3488	8408	0.00043
Streptomyces_galilaeus	33899	S	4827	1681	6508	0.00033
Streptomyces_subrutilus	36818	S	4745	1835	6580	0.00034
Streptomyces_atratus	1893	S	4713	1002	5715	0.00029
Streptomyces_broussonetiae	2686304	S	4697	1464	6161	0.00032
Streptomyces_vinaceus	1960	S	4625	1723	6348	0.00032
Streptomyces_incarnatus	665007	S	4505	1343	5848	0.00030
Streptomyces_pristinaespiralis	38300	S	4499	1919	6418	0.00033
Streptomyces_katrae	68223	S	4471	1750	6221	0.00032
Streptomyces_hundungensis	1077946	S	4451	1454	5905	0.00030
Streptomyces_fodineus	1904616	S	4445	1611	6056	0.00031
Streptomyces_tirandamycinicus	2174846	S	4397	1520	5917	0.00030
Streptomyces_gobiensis	2875706	S	4340	872	5212	0.00027
Streptomyces_roseochromogenus	285450	S	4324	1394	5718	0.00029
Streptomyces_nitrosporeus	28894	S	4262	1260	5522	0.00028
Streptomyces_dangxiongensis	1442032	S	4197	1499	5696	0.00029
Streptomyces_coeruleorubidus	116188	S	4159	2011	6170	0.00032
Streptomyces_mobaraensis	35621	S	4158	159608	163766	0.00838
Streptomyces_gilvosporeus	553510	S	4112	1364	5476	0.00028
Streptomyces_gardneri	66892	S	4054	1671	5725	0.00029
Streptomyces_inhibens	2293571	S	3977	1242	5219	0.00027
Streptomyces_pratensis	1169025	S	3919	994	4913	0.00025
Streptomyces_hawaiiensis	67305	S	3909	1732	5641	0.00029
Streptomyces_spongiicola	1690221	S	3886	1664	5550	0.00028
Streptomyces_qinzhouensis	2599401	S	3880	966	4846	0.00025
Streptomyces_kanamyceticus	1967	S	3818	1313	5131	0.00026
Streptomyces_rutgersensis	53451	S	3813	1921	5734	0.00029
Streptomyces_finlayi	67296	S	3758	897	4655	0.00024
Streptomyces_angustmyceticus	285578	S	3696	1548	5244	0.00027
Streptomyces_cyanogenus	80860	S	3675	1661	5336	0.00027
Streptomyces_pluripotens	1355015	S	3666	880	4546	0.00023
Streptomyces_huasconensis	1854574	S	3594	1438	5032	0.00026
Streptomyces_tuirus	68278	S	3494	1801	5295	0.00027
Streptomyces_fagopyri	2662397	S	3483	1217	4700	0.00024
Streptomyces_nojiriensis	66374	S	3374	1475	4849	0.00025
Streptomyces_leeuwenhoekii	1437453	S	3173	2225	5398	0.00028
Streptomyces_cyaneogriseus	68192	S	2859	2231	5090	0.00026
Streptomyces_decoyicus	249567	S	2010	1124	3134	0.00016
Streptomyces_fungicidicus	68203	S	1861	5400	7261	0.00037
Streptomyces_lydicamycinicus	1546107	S	1826	1097	2923	0.00015
Streptomyces_xiamenensis	408015	S	1779	1521	3300	0.00017
Streptomyces_antimycoticus	68175	S	1645	1667	3312	0.00017
Streptomyces_auratus	114687	S	1619	1077	2696	0.00014
Streptomyces_platensis	58346	S	1407	1047	2454	0.00013
Streptomyces_fradiae	1906	S	1309	19475	20784	0.00106
Streptomyces_coelicolor	1902	S	453	5275	5728	0.00029
Streptomyces_albidoflavus	1886	S	395	5917	6312	0.00032
Streptomyces_sampsonii	42239	S	259	2075	2334	0.00012
Streptomyces_filamentosus	67294	S	1015	1274	2289	0.00012
Streptomyces_olivaceus	47716	S	996	3631	4627	0.00024
Streptomyces_alfalfae	1642299	S	945	5297	6242	0.00032
Streptomyces_cavourensis	67258	S	913	1678	2591	0.00013
Streptomyces_californicus	67351	S	871	2826	3697	0.00019
Streptomyces_mirabilis	68239	S	620	3660	4280	0.00022
Streptomyces_murinus	33900	S	611	1729	2340	0.00012
Streptomyces_albireticuli	1940	S	527	2215	2742	0.00014
Streptomyces_noursei	1971	S	519	2022	2541	0.00013
Streptomyces_autolyticus	75293	S	504	1677	2181	0.00011
Streptomyces_griseofuscus	146922	S	493	2193	2686	0.00014
Streptomyces_rubrolavendulae	285473	S	469	3405	3874	0.00020
Streptomyces_scabiei	1930	S	391	3404	3795	0.00019
Streptomyces_cinereoruber	67260	S	367	1911	2278	0.00012
Streptomyces_lividans	1916	S	360	4139	4499	0.00023
Streptomyces_violaceoruber	1935	S	246	1077	1323	0.00007
Streptomyces_rochei	1928	S	183	1364	1547	0.00008
Streptomyces_sviceus	285530	S	16	1370	1386	0.00007
Streptomyces_violascens	67381	S	14	1369	1383	0.00007
Kitasatospora_sp._MMS16-BH015	2018025	S	6982	2527	9509	0.00049
Kitasatospora_sp._NA04385	2742135	S	5401	3187	8588	0.00044
Kitasatospora_setae	2066	S	5837	3321	9158	0.00047
Kitasatospora_aureofaciens	1894	S	4927	2220	7147	0.00037
Kitasatospora_albolonga	68173	S	1948	1637	3585	0.00018
Streptacidiphilus_sp._P02-A3a	2704468	S	6617	2277	8894	0.00045
Streptacidiphilus_sp._PB12-B1b	2705012	S	5657	2491	8148	0.00042
Streptacidiphilus_bronchialis	2126346	S	5544	1981	7525	0.00038
Yinghuangia_sp._ASG_101	2896848	S	8485	1565	10050	0.00051
Microbacterium_sp._No._7	1714373	S	4550	2082	6632	0.00034
Microbacterium_sp._4R-513	2567934	S	3535	670	4205	0.00022
Microbacterium_sp._JZ31	1906274	S	3242	937	4179	0.00021
Microbacterium_sp._10M-3C3	2483401	S	3112	925	4037	0.00021
Microbacterium_sp._SSW1-51	2851650	S	2537	635	3172	0.00016
Microbacterium_sp._YJN-G	2763257	S	2475	815	3290	0.00017
Microbacterium_sp._ABRD_28	2268461	S	2474	347	2821	0.00014
Microbacterium_sp._BH-3-3-3	1906742	S	2413	596	3009	0.00015
Microbacterium_sp._XT11	367477	S	2273	493	2766	0.00014
Microbacterium_sp._NIBRBAC000506063	2734618	S	2174	909	3083	0.00016
Microbacterium_sp._H1-D42	2925844	S	2068	352	2420	0.00012
Microbacterium_sp._cx-55	2875948	S	1987	303	2290	0.00012
Microbacterium_sp._SSW1-36	2851648	S	1979	434	2413	0.00012
Microbacterium_sp._PM5	2014534	S	1950	371	2321	0.00012
Microbacterium_sp._LKL04	912630	S	1946	476	2422	0.00012
Microbacterium_sp._A18JL241	2782166	S	1942	462	2404	0.00012
Microbacterium_sp._Y-01	2048898	S	1855	722	2577	0.00013
Microbacterium_sp._CBA3102	2603598	S	1689	403	2092	0.00011
Microbacterium_sp._1S1	2606451	S	1609	653	2262	0.00012
Microbacterium_sp._TPU_3598	1938334	S	1453	369	1822	0.00009
Microbacterium_sp._Nx66	2766784	S	1330	820	2150	0.00011
Microbacterium_sp._RG1	2489212	S	846	627	1473	0.00008
Microbacterium_sp._CGR1	1696072	S	418	1270	1688	0.00009
Microbacterium_sp._1.5R	1916917	S	368	1076	1444	0.00007
Microbacterium_sp._SGAir0570	2070348	S	339	1144	1483	0.00008
Microbacterium_sp._PAMC22086	2861281	S	339	677	1016	0.00005
Microbacterium_sp._str._'China'	2103230	S	229	1100	1329	0.00007
Microbacterium_sp._PAMC_28756	1795053	S	105	1561	1666	0.00009
Microbacterium_sp._KUDC0406	2909588	S	38	2540	2578	0.00013
Microbacterium_sp._PAMC21962	2861280	S	37	1445	1482	0.00008
Microbacterium_sp._Se5.02b	2864103	S	19	1278	1297	0.00007
Microbacterium_sp._KUDC0405	2909587	S	15	998	1013	0.00005
Microbacterium_sp._Se63.02b	2709304	S	10	703	713	0.00004
Microbacterium_cremeum	2782169	S	9071	2000	11071	0.00057
Microbacterium_foliorum	104336	S	4832	1030	5862	0.00030
Microbacterium_hominis	162426	S	4537	12120	16657	0.00085
Microbacterium_atlanticum	2782168	S	4193	968	5161	0.00026
Microbacterium_oleivorans	273677	S	4090	829	4919	0.00025
Microbacterium_resistens	156977	S	3166	613	3779	0.00019
Microbacterium_sediminis	904291	S	3116	1468	4584	0.00023
Microbacterium_lemovicicum	1072463	S	3107	738	3845	0.00020
Microbacterium_oryzae	743009	S	2779	871	3650	0.00019
Microbacterium_pygmaeum	370764	S	2546	332	2878	0.00015
Microbacterium_caowuchunii	2614638	S	2420	484	2904	0.00015
Microbacterium_testaceum	2033	S	2412	456	2868	0.00015
Microbacterium_aurum	36805	S	2379	775	3154	0.00016
Microbacterium_wangchenii	2541726	S	2296	537	2833	0.00014
Microbacterium_lushaniae	2614639	S	2283	544	2827	0.00014
Microbacterium_luteum	2782167	S	2198	947	3145	0.00016
Microbacterium_chocolatum	84292	S	2146	506	2652	0.00014
Microbacterium_oxydans	82380	S	2135	1604	3739	0.00019
Microbacterium_protaetiae	2509458	S	2126	501	2627	0.00013
Microbacterium_esteraromaticum	57043	S	2124	490	2614	0.00013
Microbacterium_hydrocarbonoxydans	273678	S	1717	317	2034	0.00010
Microbacterium_schleiferi	69362	S	1413	505	1918	0.00010
Microbacterium_fandaimingii	2708079	S	978	88	1066	0.00005
Microbacterium_chengjingii	2769067	S	883	49	932	0.00005
Microbacterium_binotii	462710	S	856	625	1481	0.00008
Microbacterium_amylolyticum	936337	S	769	174	943	0.00005
Microbacterium_endophyticum	1526412	S	547	40	587	0.00003
Microbacterium_paraoxydans	199592	S	308	1996	2304	0.00012
Microbacterium_paludicola	300019	S	281	992	1273	0.00007
Agromyces_sp._H17E-10	2932244	S	4186	1494	5680	0.00029
Agromyces_sp._LHK192	2498704	S	4064	1288	5352	0.00027
Agromyces_sp._CFWR-12	2929802	S	3156	1924	5080	0.00026
Agromyces_flavus	589382	S	4984	1721	6705	0.00034
Agromyces_soli	659012	S	4125	1637	5762	0.00029
Agromyces_aureus	453304	S	3692	1144	4836	0.00025
Agromyces_marinus	1389020	S	3484	1396	4880	0.00025
Agromyces_protaetiae	2509455	S	3127	977	4104	0.00021
Agromyces_archimandritae	2781962	S	2889	914	3803	0.00019
Agromyces_intestinalis	2592652	S	2819	1624	4443	0.00023
Agromyces_badenianii	2080742	S	2582	921	3503	0.00018
Agromyces_laixinhei	2585717	S	2496	626	3122	0.00016
Curtobacterium_sp._L6-1	2841594	S	2376	830	3206	0.00016
Curtobacterium_sp._BH-2-1-1	1905847	S	2228	776	3004	0.00015
Curtobacterium_sp._YC1	2795488	S	1732	828	2560	0.00013
Curtobacterium_sp._MR_MD2014	1561023	S	1659	789	2448	0.00013
Curtobacterium_sp._TC1	2862880	S	1492	765	2257	0.00012
Curtobacterium_sp._24E2	2804758	S	1428	778	2206	0.00011
Curtobacterium_sp._SGAir0471	2070337	S	1283	993	2276	0.00012
Curtobacterium_sp._TXMA1	2876939	S	1123	899	2022	0.00010
Curtobacterium_sp._C1	2898151	S	460	1271	1731	0.00009
Curtobacterium_sp._Csp2	2495430	S	366	1133	1499	0.00008
Curtobacterium_sp._Csp1	2495429	S	69	1372	1441	0.00007
Curtobacterium_sp._csp3	2588937	S	11	1380	1391	0.00007
Curtobacterium_flaccumfaciens	2035	S	3624	1772	5396	0.00028
Curtobacterium_luteum	33881	S	2111	809	2920	0.00015
Rathayibacter_sp._VKM_Ac-2759	2609252	S	3028	1169	4197	0.00021
Rathayibacter_sp._VKM_Ac-2760	2609253	S	2653	1475	4128	0.00021
Rathayibacter_sp._VKM_Ac-2804	2609257	S	2049	1601	3650	0.00019
Rathayibacter_sp._VKM_Ac-2801	2609255	S	1194	1166	2360	0.00012
Rathayibacter_sp._VKM_Ac-2762	2609254	S	547	1521	2068	0.00011
Rathayibacter_sp._VKM_Ac-2805	2609258	S	460	1318	1778	0.00009
Rathayibacter_festucae	110937	S	3178	3568	6746	0.00035
Rathayibacter_tanaceti	1671680	S	1861	526	2387	0.00012
Rathayibacter_iranicus	59737	S	1261	187	1448	0.00007
Rathayibacter_tritici	33888	S	1175	391	1566	0.00008
Rathayibacter_rathayi	33887	S	1058	313	1371	0.00007
Rathayibacter_toxicus	145458	S	541	52	593	0.00003
Leucobacter_sp._H25R-14	2932245	S	2309	424	2733	0.00014
Leucobacter_sp._NB_10	2873270	S	2139	654	2793	0.00014
Leucobacter_sp._Psy1	2875729	S	2066	285	2351	0.00012
Leucobacter_sp._CX169	2813744	S	1589	463	2052	0.00010
Leucobacter_sp._H21R-36	2932246	S	758	2108	2866	0.00015
Leucobacter_sp._H21R-40	2932247	S	569	1585	2154	0.00011
Leucobacter_muris	1935379	S	2561	1005	3566	0.00018
Leucobacter_triazinivorans	1784719	S	2445	1554	3999	0.00020
Leucobacter_luti	340320	S	886	93	979	0.00005
Leucobacter_viscericola	2714935	S	673	73	746	0.00004
Leucobacter_insecticola	2714934	S	625	59	684	0.00003
Leucobacter_denitrificans	683042	S	467	78	545	0.00003
Leucobacter_coleopterorum	2714933	S	419	46	465	0.00002
Leifsonia_sp._ZF2019	2781978	S	3142	967	4109	0.00021
Leifsonia_sp._PS1209	2724914	S	3024	923	3947	0.00020
Leifsonia_sp._21MFCrub1.1	1798223	S	2997	3901	6898	0.00035
Leifsonia_shinshuensis	150026	S	4308	1368	5676	0.00029
Leifsonia_xyli	1575	S	2631	409	3040	0.00016
Agrococcus_sp._SGAir0287	2070347	S	3604	1242	4846	0.00025
Agrococcus_sp._SCSIO52902	2933290	S	3577	1996	5573	0.00029
Agrococcus_sp._Marseille-Q4369	2810513	S	3442	1375	4817	0.00025
Agrococcus_jejuensis	399736	S	3743	1348	5091	0.00026
Agrococcus_carbonis	684552	S	3496	1835	5331	0.00027
Clavibacter_michiganensis	28447	S	13707	15114	28821	0.00147
Clavibacter_zhangzhiyongii	2768071	S	1707	934	2641	0.00014
Clavibacter_sp._A6099	2860285	S	994	726	1720	0.00009
Protaetiibacter_intestinalis	2419774	S	3025	1226	4251	0.00022
Protaetiibacter_sp._SSC-01	2759943	S	2935	1223	4158	0.00021
Protaetiibacter_larvae	2592654	S	2202	794	2996	0.00015
Salinibacterium_sp._ZJ450	2708338	S	2407	425	2832	0.00014
Salinibacterium_sp._ZJ70	2708084	S	1912	553	2465	0.00013
Salinibacterium_sp._dk2585	2603292	S	1718	325	2043	0.00010
Salinibacterium_sp._UTAS2018	2508880	S	545	55	600	0.00003
Salinibacterium_sp._M195	2583374	S	475	57	532	0.00003
Salinibacterium_hongtaonis	2079791	S	818	98	916	0.00005
Cryobacterium_sp._LW097	1978566	S	1915	456	2371	0.00012
Cryobacterium_sp._PAMC25264	2861288	S	961	581	1542	0.00008
Cryobacterium_soli	2220095	S	1565	814	2379	0.00012
Cryobacterium_arcticum	670052	S	1181	881	2062	0.00011
Microterricola_viridarii	412690	S	5646	1602	7248	0.00037
Frondihabitans_sp._PAMC_28766	1795630	S	2875	454	3329	0.00017
Frondihabitans_sp._762G35	1446794	S	2616	658	3274	0.00017
Plantibacter_sp._PA-3-X8	2480625	S	871	903	1774	0.00009
Plantibacter_sp._M259	2583822	S	854	859	1713	0.00009
Plantibacter_flavus	150123	S	1028	982	2010	0.00010
Microcella_flavibacter	1804990	S	2908	1600	4508	0.00023
Microcella_alkaliphila	279828	S	1646	329	1975	0.00010
Cnuibacter_physcomitrellae	1619308	S	3522	880	4402	0.00023
Mycetocola_sp._JXN-3	2116510	S	1259	212	1471	0.00008
Mycetocola_zhujimingii	2079792	S	1162	158	1320	0.00007
Mycetocola_spongiae	2859226	S	1054	157	1211	0.00006
Gryllotalpicola_protaetiae	2419771	S	3321	740	4061	0.00021
Frigoribacterium_sp._NBH87	2596916	S	3299	1118	4417	0.00023
Herbiconiux_sp._SALV-R1	2735133	S	3294	760	4054	0.00021
Subtercola_sp._AK-R2A1-2	2895559	S	2039	220	2259	0.00012
Subtercola_sp._PAMC28395	2846775	S	1127	130	1257	0.00006
Chryseoglobus_sp._28M-23	2772253	S	487	1153	1640	0.00008
Chryseoglobus_indicus	2750620	S	478	1189	1667	0.00009
Humibacter_sp._WJ7-1	2599293	S	2672	678	3350	0.00017
Amnibacterium_sp._L3-i23	2905871	S	2546	704	3250	0.00017
Marisediminicola_antarctica	674079	S	2286	326	2612	0.00013
Gulosibacter_sediminis	1729695	S	2132	710	2842	0.00015
Diaminobutyricimonas_sp._LJ205	2683590	S	2074	448	2522	0.00013
Glaciihabitans_sp._INWT7	2596912	S	1624	148	1772	0.00009
Agreia_sp._COWG	2773266	S	1534	213	1747	0.00009
Aquiluna_borgnonia	2499157	S	249	24	273	0.00001
Candidatus_Aquiluna_sp._UB-MaderosW2red	1855377	S	131	8	139	0.00001
Rhodoluna_limnophila	232537	S	165	14	179	0.00001
Candidatus_Rhodoluna_planktonica	535712	S	79	5	84	0.00000
Rhodoluna_lacicola	529884	S	64	5	69	0.00000
Pseudoclavibacter_sp._Marseille-Q3772	2866588	S	425	93	518	0.00003
Aurantimicrobium_photophilum	1987356	S	142	14	156	0.00001
Aurantimicrobium_sp._MWH-Uga1	2079575	S	59	21	80	0.00000
Aurantimicrobium_minutum	708131	S	57	20	77	0.00000
Pontimonas_salivibrio	1159327	S	163	8	171	0.00001
Arthrobacter_sp._QXT-31	1357915	S	8654	2930	11584	0.00059
Arthrobacter_sp._QL17	2895818	S	2733	732	3465	0.00018
Arthrobacter_sp._FW305-BF8	2879617	S	2372	797	3169	0.00016
Arthrobacter_sp._PM3	2017685	S	2314	462	2776	0.00014
Arthrobacter_sp._NicSoilB8	2830998	S	2160	691	2851	0.00015
Arthrobacter_sp._24S4-2	2575374	S	1927	538	2465	0.00013
Arthrobacter_sp._ERGS1:01	1704044	S	1911	431	2342	0.00012
Arthrobacter_sp._PAMC25564	2565366	S	1888	627	2515	0.00013
Arthrobacter_sp._KBS0702	2578107	S	1840	902	2742	0.00014
Arthrobacter_sp._U41	1849032	S	1805	638	2443	0.00012
Arthrobacter_sp._NicSoilB4	2830997	S	1735	671	2406	0.00012
Arthrobacter_sp._UKPF54-2	2600159	S	1670	870	2540	0.00013
Arthrobacter_sp._Helios	2828862	S	1632	313	1945	0.00010
Arthrobacter_sp._NicSoilC5	2831000	S	1511	993	2504	0.00013
Arthrobacter_sp._PGP41	2079227	S	1411	638	2049	0.00010
Arthrobacter_sp._FW306-2-2C-D06B	2879618	S	1345	315	1660	0.00008
Arthrobacter_sp._FB24	290399	S	1332	548	1880	0.00010
Arthrobacter_sp._PAMC25284	2861279	S	1311	413	1724	0.00009
Arthrobacter_sp._zg-Y462	2886936	S	1154	275	1429	0.00007
Arthrobacter_sp._PAMC_25486	1494608	S	1042	199	1241	0.00006
Arthrobacter_sp._zg-Y809	2886940	S	1009	395	1404	0.00007
Arthrobacter_sp._NtRootA1	2830983	S	1002	392	1394	0.00007
Arthrobacter_sp._StoSoilB20	2830995	S	799	286	1085	0.00006
Arthrobacter_sp._StoSoilB5	2830992	S	736	266	1002	0.00005
Arthrobacter_sp._YN	2020486	S	602	326	928	0.00005
Arthrobacter_sp._D5-1	1477518	S	552	469	1021	0.00005
Arthrobacter_sp._C1-1	2813727	S	396	64	460	0.00002
Arthrobacter_sp._NicSoilB11	2830999	S	276	1447	1723	0.00009
Arthrobacter_sp._FW306-06-A	2879621	S	243	1120	1363	0.00007
Arthrobacter_sp._FW306-07-I	2879622	S	230	1696	1926	0.00010
Arthrobacter_sp._StoSoilA2	2830990	S	205	483	688	0.00004
Arthrobacter_sp._StoSoilB19	2830994	S	198	1192	1390	0.00007
Arthrobacter_sp._StoSoilB13	2830993	S	187	453	640	0.00003
Arthrobacter_sp._FW306-05-C	2879620	S	175	1210	1385	0.00007
Arthrobacter_sp._AQ5-05	2184581	S	50	881	931	0.00005
Arthrobacter_crystallopoietes	37928	S	5424	1144	6568	0.00034
Arthrobacter_agilis	37921	S	4473	750	5223	0.00027
Arthrobacter_sulfonylureivorans	2486855	S	2544	471	3015	0.00015
Arthrobacter_woluwensis	156980	S	1938	510	2448	0.00013
Arthrobacter_dokdonellae	2211210	S	1847	361	2208	0.00011
Arthrobacter_jiangjiafuii	2817475	S	1408	435	1843	0.00009
Arthrobacter_alpinus	656366	S	1130	1728	2858	0.00015
Arthrobacter_sunyaminii	2816859	S	1008	365	1373	0.00007
Kocuria_rosea	1275	S	5518	1887	7405	0.00038
Kocuria_flava	446860	S	5125	2794	7919	0.00041
Kocuria_turfanensis	388357	S	4728	1742	6470	0.00033
Kocuria_palustris	71999	S	2282	1003	3285	0.00017
Kocuria_rhizophila	72000	S	1740	3358	5098	0.00026
Kocuria_varians	1272	S	1374	1020	2394	0.00012
Kocuria_sp._TGY1127_2	2711328	S	506	94	600	0.00003
Kocuria_sp._KD4	2719588	S	331	484	815	0.00004
Kocuria_sp._BT304	1702043	S	148	662	810	0.00004
Kocuria_indica	1049583	S	260	461	721	0.00004
Pseudarthrobacter_sp._BIM_B-2242	2772401	S	1457	440	1897	0.00010
Pseudarthrobacter_sp._L1SW	2851598	S	1370	683	2053	0.00011
Pseudarthrobacter_sp._NIBRBAC000502772	2590775	S	812	665	1477	0.00008
Pseudarthrobacter_sp._NBSH8	2596911	S	776	342	1118	0.00006
Pseudarthrobacter_sp._SSS035	2931399	S	700	672	1372	0.00007
Pseudarthrobacter_sp._NIBRBAC000502771	2590774	S	365	1368	1733	0.00009
Pseudarthrobacter_sp._NIBRBAC000502770	2590785	S	303	1005	1308	0.00007
Pseudarthrobacter_phenanthrenivorans	361575	S	1400	824	2224	0.00011
Pseudarthrobacter_chlorophenolicus	85085	S	1379	599	1978	0.00010
Pseudarthrobacter_equi	728066	S	1269	576	1845	0.00009
Pseudarthrobacter_psychrotolerans	2697569	S	1071	501	1572	0.00008
Pseudarthrobacter_sulfonivorans	121292	S	647	743	1390	0.00007
Micrococcus_luteus	1270	S	4856	8217	13073	0.00067
Micrococcus_sp._KD337-16	2856555	S	2082	1420	3502	0.00018
Micrococcus_sp._KBS0714	1179670	S	67	603	670	0.00003
Micrococcus_yunnanensis	566027	S	70	592	662	0.00003
Sinomonas_atrocyanea	37927	S	4427	1642	6069	0.00031
Sinomonas_sp._R1AF57	2020377	S	3630	957	4587	0.00023
Glutamicibacter_creatinolyticus	162496	S	1489	407	1896	0.00010
Glutamicibacter_protophormiae	37930	S	1372	948	2320	0.00012
Glutamicibacter_halophytocola	1933880	S	734	151	885	0.00005
Glutamicibacter_mishrai	1775880	S	489	119	608	0.00003
Glutamicibacter_arilaitensis	256701	S	451	184	635	0.00003
Glutamicibacter_nicotianae	37929	S	392	1162	1554	0.00008
Glutamicibacter_sp._ZJUTW	1155384	S	162	671	833	0.00004
Citricoccus_sp._SGAir0253	2567881	S	5011	1597	6608	0.00034
Rothia_kristinae	37923	S	2649	1732	4381	0.00022
Rothia_mucilaginosa	43675	S	716	161	877	0.00004
Rothia_nasimurium	85336	S	385	211	596	0.00003
Rothia_aeria	172042	S	342	155	497	0.00003
Rothia_dentocariosa	2047	S	207	96	303	0.00002
Rothia_terrae	396015	S	140	66	206	0.00001
Rothia_amarae	169480	S	136	68	204	0.00001
Rothia_sp._ZJ932	2810516	S	107	18	125	0.00001
Paenarthrobacter_ureafaciens	37931	S	963	1849	2812	0.00014
Paenarthrobacter_aurescens	43663	S	754	574	1328	0.00007
Paenarthrobacter_sp._YJN-5	2735316	S	318	840	1158	0.00006
Paenarthrobacter_sp._YJN-D	2735317	S	173	417	590	0.00003
Paenarthrobacter_nicotinovorans	29320	S	191	407	598	0.00003
Nesterenkonia_sp._NBAIMH1	2600320	S	1420	107	1527	0.00008
Paeniglutamicibacter_sp._Y32M11	2853258	S	691	127	818	0.00004
Psychromicrobium_lacuslunae	1618207	S	549	88	637	0.00003
Auritidibacter_sp._NML130574	2170745	S	420	51	471	0.00002
Neomicrococcus_aestuarii	556325	S	375	187	562	0.00003
Renibacterium_salmoninarum	1646	S	270	19	289	0.00001
Cellulomonas_sp._Y8	2591145	S	5931	3103	9034	0.00046
Cellulomonas_sp._H30R-01	2704467	S	5316	2509	7825	0.00040
Cellulomonas_sp._C5510	2871170	S	4882	2381	7263	0.00037
Cellulomonas_sp._JZ18	2654191	S	4805	2492	7297	0.00037
Cellulomonas_sp._zg-ZUI188	2819978	S	4713	1611	6324	0.00032
Cellulomonas_sp._zg-ZUI222	2816956	S	4016	1838	5854	0.00030
Cellulomonas_sp._zg-ZUI157	2819979	S	3903	1643	5546	0.00028
Cellulomonas_sp._EW123	2608402	S	3455	2444	5899	0.00030
Cellulomonas_sp._PSBB021	2003551	S	3233	3080	6313	0.00032
Cellulomonas_fimi	1708	S	5017	4977	9994	0.00051
Cellulomonas_shaoxiangyii	2566013	S	4448	2223	6671	0.00034
Cellulomonas_iranensis	76862	S	4325	2427	6752	0.00035
Cellulomonas_flavigena	1711	S	4084	1861	5945	0.00030
Cellulomonas_gilvus	11	S	3704	1952	5656	0.00029
Cellulomonas_taurus	2729175	S	3244	1265	4509	0.00023
Actinotalea_sp._JY-7876	2758442	S	5034	2220	7254	0.00037
Pseudactinotalea_sp._HY158	2654547	S	3577	630	4207	0.00022
Oerskovia_sp._KBS0722	1179673	S	3517	1367	4884	0.00025
Paraoerskovia_marina	545619	S	2585	817	3402	0.00017
Janibacter_melonis	262209	S	4908	1979	6887	0.00035
Janibacter_limosus	53458	S	3510	1105	4615	0.00024
Janibacter_indicus	857417	S	1901	2975	4876	0.00025
Janibacter_sp._YB324	2761047	S	1095	2282	3377	0.00017
Phycicoccus_sp._HDW14	2714941	S	6503	2530	9033	0.00046
Phycicoccus_endophyticus	1690220	S	5440	1873	7313	0.00037
Intrasporangium_calvum	53358	S	8786	2821	11607	0.00059
Pedococcus_dokdonensis	443156	S	6063	2093	8156	0.00042
Arsenicicoccus_sp._oral_taxon_190	1658671	S	5010	2289	7299	0.00037
Tetrasphaera_sp._HKS02	1813880	S	4958	1511	6469	0.00033
Cellulosimicrobium_cellulans	1710	S	8717	10477	19194	0.00098
Cellulosimicrobium_sp._BI34T	2587808	S	3699	2006	5705	0.00029
Cellulosimicrobium_sp._JZ28	1906273	S	788	2060	2848	0.00015
Cellulosimicrobium_sp._72-3	2731680	S	377	1868	2245	0.00011
Cellulosimicrobium_sp._TH-20	1980001	S	332	1698	2030	0.00010
Xylanimonas_protaetiae	2509457	S	4163	2238	6401	0.00033
Xylanimonas_cellulosilytica	186189	S	3623	1576	5199	0.00027
Xylanimonas_allomyrinae	2509459	S	3577	1379	4956	0.00025
Isoptericola_variabilis	139208	S	5586	3545	9131	0.00047
Isoptericola_dokdonensis	372663	S	4393	2064	6457	0.00033
Ornithinimicrobium_avium	2283195	S	5865	1864	7729	0.00040
Ornithinimicrobium_sp._HY006	2508882	S	4101	1666	5767	0.00029
Ornithinimicrobium_sp._INDO-MA30-4	2908651	S	760	162	922	0.00005
Ornithinimicrobium_flavum	1288636	S	4400	1689	6089	0.00031
Ornithinimicrobium_ciconiae	2594265	S	3476	647	4123	0.00021
Ornithinimicrobium_pratense	2593973	S	2775	961	3736	0.00019
Serinicoccus_chungangensis	767452	S	4320	1714	6034	0.00031
Serinicoccus_hydrothermalis	1758689	S	3574	1839	5413	0.00028
Serinicoccus_profundi	1078471	S	3515	1480	4995	0.00026
Serinicoccus_marinus	247333	S	3150	1698	4848	0.00025
Brachybacterium_sp._CBA3105	2887346	S	3462	924	4386	0.00022
Brachybacterium_sp._SGAir0954	2571029	S	3446	1097	4543	0.00023
Brachybacterium_sp._P6-10-X1	1903186	S	2939	585	3524	0.00018
Brachybacterium_saurashtrense	556288	S	2950	943	3893	0.00020
Brachybacterium_ginsengisoli	1331682	S	2926	953	3879	0.00020
Brachybacterium_faecium	43669	S	2724	927	3651	0.00019
Brachybacterium_vulturis	2017484	S	2289	914	3203	0.00016
Brachybacterium_avium	2017485	S	1903	757	2660	0.00014
Dermabacter_vaginalis	1630135	S	838	672	1510	0.00008
Dermabacter_jinjuensis	1667168	S	768	774	1542	0.00008
Devriesea_agamarum	472569	S	407	27	434	0.00002
Brevibacterium_sp._CS2	2575923	S	3226	1545	4771	0.00024
Brevibacterium_sp._SMBL_HHYL_HB1	2777556	S	1547	416	1963	0.00010
Brevibacterium_sp._HY170	2898795	S	650	232	882	0.00005
Brevibacterium_sp._'Marine'	2725563	S	544	433	977	0.00005
Brevibacterium_sp._W7.2	2823518	S	430	2490	2920	0.00015
Brevibacterium_casei	33889	S	3347	2748	6095	0.00031
Brevibacterium_luteolum	199591	S	1832	873	2705	0.00014
Brevibacterium_linens	1703	S	1741	1249	2990	0.00015
Brevibacterium_atlanticum	2697563	S	1263	316	1579	0.00008
Brevibacterium_aurantiacum	273384	S	1125	883	2008	0.00010
Brevibacterium_sandarakinum	629680	S	1102	241	1343	0.00007
Brevibacterium_oceani	358099	S	1084	289	1373	0.00007
Brevibacterium_limosum	2697565	S	896	393	1289	0.00007
Brevibacterium_siliguriense	1136497	S	673	236	909	0.00005
Brevibacterium_pigmentatum	1496080	S	495	438	933	0.00005
Georgenia_yuyongxinii	2589797	S	5779	1716	7495	0.00038
Georgenia_sp._TF02-10	2917725	S	5723	2534	8257	0.00042
Georgenia_wutianyii	2585135	S	4449	1863	6312	0.00032
Georgenia_faecalis	2483799	S	4283	1433	5716	0.00029
Haloactinobacterium_kanbiaonis	2675754	S	5409	943	6352	0.00032
Ruania_sp._LR1S40	2897774	S	2981	740	3721	0.00019
Ruania_sp._M4N3S171	2897773	S	1792	293	2085	0.00011
Ruania_zhangjianzhongii	2603206	S	3546	428	3974	0.00020
Ruania_alkalisoli	2779775	S	2062	410	2472	0.00013
Dermacoccus_nishinomiyaensis	1274	S	3093	1542	4635	0.00024
Dermacoccus_sp._PAMC28757	2762331	S	2182	910	3092	0.00016
Luteipulveratus_mongoliensis	571913	S	4105	679	4784	0.00024
Allobranchiibius_sp._GilTou73	2904523	S	3446	898	4344	0.00022
Yimella_sp._cx-51	2770551	S	2243	534	2777	0.00014
Beutenbergia_cavernae	84757	S	6008	1208	7216	0.00037
Miniimonas_sp._S16	2171623	S	4534	2841	7375	0.00038
Pengzhenrongella_sicca	2819238	S	5594	1863	7457	0.00038
Luteimicrobium_xylanilyticum	1133546	S	4716	1742	6458	0.00033
Sanguibacter_keddieii	60920	S	3546	1261	4807	0.00025
Sanguibacter_sp._HDW7	2714931	S	3279	1226	4505	0.00023
Gephyromycinifex_aptenodytis	2716227	S	1688	230	1918	0.00010
Austwickia_chelonae	100225	S	1438	130	1568	0.00008
Dermatophilus_congolensis	1863	S	370	40	410	0.00002
Kytococcus_sedentarius	1276	S	3459	2192	5651	0.00029
Demequina_sp._TMPB413	2881056	S	1299	123	1422	0.00007
Jonesia_denitrificans	43674	S	247	52	299	0.00002
Tropheryma_whipplei	2039	S	82	0	82	0.00000
Mycolicibacterium_litorale	758802	S	6757	1953	8710	0.00045
Mycolicibacterium_smegmatis	1772	S	5236	2224	7460	0.00038
Mycolicibacterium_pulveris	36813	S	5002	885	5887	0.00030
Mycolicibacterium_sp._YH-1	2908837	S	3216	1790	5006	0.00026
Mycolicibacterium_phlei	1771	S	4599	1639	6238	0.00032
Mycolicibacterium_rutilum	370526	S	4473	1392	5865	0.00030
Mycolicibacterium_hassiacum	46351	S	4283	1219	5502	0.00028
Mycolicibacterium_madagascariense	212765	S	4272	685	4957	0.00025
Mycolicibacterium_neoaurum	1795	S	4102	1047	5149	0.00026
Mycolicibacterium_sediminis	1286180	S	4042	772	4814	0.00025
Mycolicibacterium_mageritense	53462	S	3997	714	4711	0.00024
Mycolicibacterium_arabiense	1286181	S	3854	626	4480	0.00023
Mycolicibacterium_moriokaense	39691	S	3818	494	4312	0.00022
Mycolicibacterium_thermoresistibile	1797	S	3815	895	4710	0.00024
Mycolicibacterium_fortuitum	1766	S	3809	1446	5255	0.00027
Mycolicibacterium_chubuense	1800	S	3779	898	4677	0.00024
Mycolicibacterium_vaccae	1810	S	3758	784	4542	0.00023
Mycolicibacterium_psychrotolerans	216929	S	3680	875	4555	0.00023
Mycolicibacterium_chitae	1792	S	3669	923	4592	0.00023
Mycolicibacterium_celeriflavum	1249101	S	3634	748	4382	0.00022
Mycolicibacterium_parafortuitum	39692	S	3531	742	4273	0.00022
Mycolicibacterium_duvalii	39688	S	3401	702	4103	0.00021
Mycolicibacterium_poriferae	39694	S	3308	733	4041	0.00021
Mycolicibacterium_monacense	85693	S	3289	1814	5103	0.00026
Mycolicibacterium_fallax	1793	S	3193	1342	4535	0.00023
Mycolicibacterium_rhodesiae	36814	S	3181	547	3728	0.00019
Mycolicibacterium_tokaiense	39695	S	3164	529	3693	0.00019
Mycolicibacterium_aurum	1791	S	3022	418	3440	0.00018
Mycolicibacterium_fluoranthenivorans	258505	S	3015	415	3430	0.00018
Mycolicibacterium_phocaicum	319706	S	3013	1616	4629	0.00024
Mycolicibacterium_baixiangningiae	2761578	S	2881	489	3370	0.00017
Mycolicibacterium_gadium	1794	S	2852	404	3256	0.00017
Mycolicibacterium_gilvum	1804	S	2814	1085	3899	0.00020
Mycolicibacterium_confluentis	28047	S	2772	445	3217	0.00016
Mycolicibacterium_insubricum	444597	S	2657	789	3446	0.00018
Mycolicibacterium_boenickei	146017	S	2641	3550	6191	0.00032
Mycolicibacterium_anyangense	1431246	S	2514	434	2948	0.00015
Mycolicibacterium_aichiense	1799	S	2511	457	2968	0.00015
Mycolicibacterium_mengxianglii	2736649	S	2460	279	2739	0.00014
Mycolicibacterium_austroafricanum	39687	S	2226	8666	10892	0.00056
Mycolicibacterium_helvum	1534349	S	2105	265	2370	0.00012
Mycobacterium_doricum	126673	S	1912	458	2370	0.00012
Mycolicibacterium_alvei	67081	S	1850	530	2380	0.00012
Mycolicibacterium_mucogenicum	56689	S	1755	734	2489	0.00013
Mycolicibacterium_sarraceniae	1534348	S	1533	208	1741	0.00009
Mycolicibacterium_septicum	98668	S	1428	986	2414	0.00012
Mycolicibacterium_farcinogenes	1802	S	797	2846	3643	0.00019
Mycolicibacterium_vanbaalenii	110539	S	412	6424	6836	0.00035
Mycolicibacterium_nivoides	2487344	S	296	1391	1687	0.00009
Mycobacterium_sp._JS623	212767	S	5003	445	5448	0.00028
Mycobacterium_sp._IDR2000157661	2867005	S	3656	709	4365	0.00022
Mycobacterium_sp._YC-RL4	1682113	S	2351	890	3241	0.00017
Mycobacterium_sp._DL592	2675524	S	2327	403	2730	0.00014
Mycobacterium_sp._EPa45	1545728	S	2275	411	2686	0.00014
Mycobacterium_sp._MS1601	1936029	S	2251	339	2590	0.00013
Mycobacterium_sp._DL440	2675523	S	1729	410	2139	0.00011
Mycobacterium_sp._TY59	2775496	S	1583	296	1879	0.00010
Mycobacterium_sp._WY10	1920667	S	337	1139	1476	0.00008
Mycobacterium_sp._PYR15	2051552	S	135	1332	1467	0.00008
Mycobacterium_sp._20KCMC460	2903536	S	97	2230	2327	0.00012
Mycobacterium_sp._MOTT36Y	1168287	S	61	910	971	0.00005
Mycobacterium_sp._IWGMT90018-18076	2871094	S	18	749	767	0.00004
Mycobacterium_saskatchewanense	220927	S	3185	649	3834	0.00020
Mycobacterium_parmense	185642	S	2822	577	3399	0.00017
Mycobacterium_kubicae	120959	S	2566	466	3032	0.00016
Mycobacterium_simiae	1784	S	2097	193	2290	0.00012
Mycobacterium_shigaense	722731	S	2092	315	2407	0.00012
Mycobacterium_stomatepiae	470076	S	1939	397	2336	0.00012
Mycobacterium_lentiflavum	141349	S	1930	469	2399	0.00012
Mycobacterium_florentinum	292462	S	1920	438	2358	0.00012
Mycobacterium_heidelbergense	53376	S	1853	475	2328	0.00012
Mycobacterium_avium	1764	S	4433	4156	8589	0.00044
Mycobacterium_intracellulare	1767	S	2008	14639	16647	0.00085
Mycobacterium_mantenii	560555	S	1919	256	2175	0.00011
Mycobacterium_colombiense	339268	S	1885	353	2238	0.00011
Mycobacterium_marseillense	701042	S	1821	465	2286	0.00012
Mycobacterium_paraintracellulare	1138383	S	492	3740	4232	0.00022
Mycobacterium_goodii	134601	S	4934	1880	6814	0.00035
Mycobacterium_grossiae	1552759	S	4392	1385	5777	0.00030
Mycobacterium_rufum	318424	S	4192	1307	5499	0.00028
Mycobacterium_holsaticum	152142	S	3421	570	3991	0.00020
Mycobacterium_dioxanotrophicus	482462	S	3302	850	4152	0.00021
Mycobacterium_frederiksbergense	117567	S	2898	946	3844	0.00020
Mycobacterium_diernhoferi	1801	S	2855	602	3457	0.00018
Mycobacterium_branderi	43348	S	2854	369	3223	0.00016
Mycobacterium_canettii	78331	S	916	734	1650	0.00008
Mycobacterium_tuberculosis	1773	S	642	16861	17503	0.00090
Mycobacterium_conspicuum	44010	S	2781	366	3147	0.00016
Mycobacterium_paragordonae	1389713	S	2587	337	2924	0.00015
Mycobacterium_gordonae	1778	S	2467	220	2687	0.00014
Mycobacterium_koreense	1069220	S	2370	734	3104	0.00016
Mycobacterium_paraterrae	577492	S	2128	250	2378	0.00012
Mycobacterium_cookii	1775	S	2046	218	2264	0.00012
Mycobacterium_noviomagense	459858	S	1952	166	2118	0.00011
Mycobacterium_heckeshornense	110505	S	1940	165	2105	0.00011
Mycobacterium_shinjukuense	398694	S	1921	203	2124	0.00011
Mycobacterium_lacus	169765	S	1887	149	2036	0.00010
Mycobacterium_vicinigordonae	1719132	S	1858	106	1964	0.00010
Mycobacterium_riyadhense	486698	S	1849	84	1933	0.00010
Mycobacterium_paraseoulense	590652	S	1844	414	2258	0.00012
Mycobacterium_kansasii	1768	S	1769	190	1959	0.00010
Mycobacterium_malmoense	1780	S	1672	287	1959	0.00010
Mycobacterium_virginiense	1795032	S	1659	469	2128	0.00011
Mycobacterium_xenopi	1789	S	1650	209	1859	0.00010
Mycobacterium_seoulense	386911	S	1592	415	2007	0.00010
Mycobacterium_ostraviense	2738409	S	1547	173	1720	0.00009
Mycobacterium_basiliense	2094119	S	1492	57	1549	0.00008
Mycobacterium_spongiae	886343	S	1429	42	1471	0.00008
Mycobacterium_crocinum	388459	S	1129	709	1838	0.00009
Mycobacterium_haemophilum	29311	S	919	49	968	0.00005
Mycobacterium_senegalense	1796	S	385	2240	2625	0.00013
Mycobacterium_marinum	1781	S	383	1727	2110	0.00011
Mycobacterium_leprae	1769	S	238	7	245	0.00001
Mycobacterium_lepromatosis	480418	S	223	6	229	0.00001
Mycobacterium_novum	2492438	S	199	2897	3096	0.00016
Mycobacterium_ulcerans	1809	S	192	1286	1478	0.00008
Mycobacterium_shottsii	133549	S	83	173	256	0.00001
Mycobacterium_pallens	370524	S	81	890	971	0.00005
Mycobacterium_pseudoshottsii	265949	S	50	364	414	0.00002
Mycolicibacter_sp._MYC340	2855503	S	1556	425	1981	0.00010
Mycolicibacter_sp._MYC098	2872309	S	1450	396	1846	0.00009
Mycolicibacter_sp._MYC017	2875777	S	1027	868	1895	0.00010
Mycolicibacter_sp._MYC101	2872311	S	294	1258	1552	0.00008
Mycolicibacter_sp._MYC123	2855502	S	255	1123	1378	0.00007
Mycolicibacter_hiberniae	29314	S	1895	445	2340	0.00012
Mycolicibacter_terrae	1788	S	1857	642	2499	0.00013
Mycolicibacter_minnesotensis	1118379	S	1213	233	1446	0.00007
Mycolicibacter_sinensis	875328	S	227	2701	2928	0.00015
Mycobacteroides_abscessus	36809	S	2868	2632	5500	0.00028
Mycobacteroides_chelonae	1774	S	1777	3525	5302	0.00027
Mycobacteroides_saopaulense	1578165	S	1206	139	1345	0.00007
Mycobacteroides_immunogenum	83262	S	1144	223	1367	0.00007
Mycobacteroides_salmoniphilum	404941	S	928	86	1014	0.00005
[Mycobacterium]_stephanolepidis	1520670	S	533	90	623	0.00003
Mycolicibacillus_parakoreensis	1069221	S	2891	898	3789	0.00019
Hoyosella_subflava	639313	S	1207	75	1282	0.00007
Rhodococcus_sp._X156	2499145	S	5148	2004	7152	0.00037
Rhodococcus_sp._MTM3W5.2	1805827	S	3878	1042	4920	0.00025
Rhodococcus_sp._SGAir0479	2567884	S	3460	1133	4593	0.00023
Rhodococcus_sp._W8901	2742603	S	3261	963	4224	0.00022
Rhodococcus_sp._PBTS_1	1653478	S	2897	846	3743	0.00019
Rhodococcus_sp._R79	2811421	S	2243	1436	3679	0.00019
Rhodococcus_sp._ABRD24	2507582	S	2092	414	2506	0.00013
Rhodococcus_sp._USK10	2789739	S	1604	1077	2681	0.00014
Rhodococcus_sp._B7740	1564114	S	1389	213	1602	0.00008
Rhodococcus_sp._P1Y	1302308	S	1300	134	1434	0.00007
Rhodococcus_sp._RDE2	2885078	S	1257	1253	2510	0.00013
Rhodococcus_sp._WMMA185	679318	S	1235	178	1413	0.00007
Rhodococcus_sp._USK13	2806442	S	982	691	1673	0.00009
Rhodococcus_sp._WAY2	2663121	S	944	822	1766	0.00009
Rhodococcus_sp._WB9	2594007	S	518	702	1220	0.00006
Rhodococcus_sp._ZPP	2749906	S	509	1395	1904	0.00010
Rhodococcus_sp._S2-17	1990687	S	505	1441	1946	0.00010
Rhodococcus_sp._DMU1	2722825	S	420	1583	2003	0.00010
Rhodococcus_sp._M8	1925550	S	412	1286	1698	0.00009
Rhodococcus_sp._21391	2683591	S	192	885	1077	0.00006
Rhodococcus_sp._2G	1570939	S	185	762	947	0.00005
Rhodococcus_sp._WB1	1033922	S	178	1532	1710	0.00009
Rhodococcus_sp._p52	935199	S	156	846	1002	0.00005
Rhodococcus_sp._P-2	2795031	S	144	174	318	0.00002
Rhodococcus_sp._DMF-1	2907624	S	124	989	1113	0.00006
Rhodococcus_sp._YL-1	1045808	S	95	412	507	0.00003
Rhodococcus_sp._LW-XY12	2856851	S	94	854	948	0.00005
Rhodococcus_sp._PSBB049	2812863	S	84	1216	1300	0.00007
Rhodococcus_sp._AQ5-07	2054902	S	63	218	281	0.00001
Rhodococcus_sp._008	1723645	S	56	343	399	0.00002
Rhodococcus_sp._H-CA8f	1727214	S	45	195	240	0.00001
Rhodococcus_sp._NJ-530	2490853	S	43	244	287	0.00001
Rhodococcus_sp._BH4	1807790	S	40	259	299	0.00002
Rhodococcus_sp._C1	644410	S	20	234	254	0.00001
Rhodococcus_opacus	37919	S	9677	9989	19666	0.00101
Rhodococcus_equi	43767	S	5291	2180	7471	0.00038
Rhodococcus_rhodochrous	1829	S	4520	2735	7255	0.00037
Rhodococcus_fascians	1828	S	4048	993	5041	0.00026
Rhodococcus_triatomae	300028	S	2786	883	3669	0.00019
Rhodococcus_koreensis	99653	S	2355	729	3084	0.00016
Rhodococcus_coprophilus	38310	S	2185	430	2615	0.00013
Rhodococcus_pyridinivorans	103816	S	1873	7312	9185	0.00047
Rhodococcus_jostii	132919	S	1818	775	2593	0.00013
Rhodococcus_ruber	1830	S	1532	5012	6544	0.00033
Rhodococcus_erythropolis	1833	S	653	2999	3652	0.00019
Rhodococcus_qingshengii	334542	S	647	3585	4232	0.00022
Rhodococcus_globerulus	33008	S	1173	149	1322	0.00007
Rhodococcus_aetherivorans	191292	S	475	4410	4885	0.00025
Nocardia_asteroides	1824	S	18267	6860	25127	0.00129
Nocardia_brasiliensis	37326	S	10389	3155	13544	0.00069
Nocardia_terpenica	455432	S	7230	1433	8663	0.00044
Nocardia_cyriacigeorgica	135487	S	7057	3298	10355	0.00053
Nocardia_farcinica	37329	S	5843	4115	9958	0.00051
Nocardia_wallacei	480035	S	4313	1346	5659	0.00029
Nocardia_arthritidis	228602	S	4293	598	4891	0.00025
Nocardia_huaxiensis	2755382	S	3942	855	4797	0.00025
Nocardia_otitidiscaviarum	1823	S	3905	854	4759	0.00024
Nocardia_tengchongensis	2055889	S	3646	1002	4648	0.00024
Nocardia_yunnanensis	2382165	S	3618	969	4587	0.00023
Nocardia_sp._CS682	1047172	S	3602	949	4551	0.00023
Nocardia_seriolae	37332	S	3478	1029	4507	0.00023
Nocardia_iowensis	204891	S	3473	825	4298	0.00022
Nocardia_yamanashiensis	209247	S	3447	758	4205	0.00022
Nocardia_nova	37330	S	3417	534	3951	0.00020
Nocardia_gipuzkoensis	2749991	S	3417	1364	4781	0.00024
Nocardia_mangyaensis	2213200	S	3225	945	4170	0.00021
Corynebacterium_cyclohexanicum	322009	S	3078	1305	4383	0.00022
Corynebacterium_sphenisci	191493	S	2863	903	3766	0.00019
Corynebacterium_frankenforstense	1230998	S	2525	787	3312	0.00017
Corynebacterium_xerosis	1725	S	2211	1267	3478	0.00018
Corynebacterium_bovis	36808	S	2149	507	2656	0.00014
Corynebacterium_halotolerans	225326	S	1950	462	2412	0.00012
Corynebacterium_nuruki	1032851	S	1827	447	2274	0.00012
Corynebacterium_freneyi	134034	S	1737	691	2428	0.00012
Corynebacterium_sp._CNCTC7651	2815361	S	681	139	820	0.00004
Corynebacterium_sp._NML98-0116	702967	S	515	195	710	0.00004
Corynebacterium_sp._1864	2820399	S	107	215	322	0.00002
Corynebacterium_sp._FDAARGOS_1242	2778078	S	81	204	285	0.00001
Corynebacterium_sp._4H37-19	2684405	S	69	7	76	0.00000
Corynebacterium_sp._sy039	2599641	S	43	4	47	0.00000
Corynebacterium_variabile	1727	S	1443	861	2304	0.00012
Corynebacterium_humireducens	1223514	S	1414	421	1835	0.00009
Corynebacterium_vitaeruminis	38305	S	1378	423	1801	0.00009
Corynebacterium_maris	575200	S	1373	228	1601	0.00008
Corynebacterium_marinum	349751	S	1261	484	1745	0.00009
Corynebacterium_doosanense	1121358	S	1187	575	1762	0.00009
Corynebacterium_timonense	441500	S	1139	281	1420	0.00007
Corynebacterium_yudongzhengii	2080740	S	1112	213	1325	0.00007
Corynebacterium_liangguodongii	2079535	S	1110	255	1365	0.00007
Corynebacterium_mycetoides	38302	S	1109	535	1644	0.00008
Corynebacterium_uterequi	1072256	S	999	176	1175	0.00006
Corynebacterium_jeikeium	38289	S	962	2353	3315	0.00017
Corynebacterium_sanguinis	2594913	S	953	651	1604	0.00008
Corynebacterium_atypicum	191610	S	935	284	1219	0.00006
Corynebacterium_comes	2675218	S	919	233	1152	0.00006
Corynebacterium_terpenotabidum	89154	S	913	267	1180	0.00006
Corynebacterium_provencense	1737425	S	894	213	1107	0.00006
Corynebacterium_glyciniphilum	1404244	S	885	115	1000	0.00005
Corynebacterium_imitans	156978	S	875	557	1432	0.00007
Corynebacterium_urealyticum	43771	S	793	803	1596	0.00008
Corynebacterium_ureicelerivorans	401472	S	780	263	1043	0.00005
Corynebacterium_uberis	2883169	S	744	94	838	0.00004
Corynebacterium_efficiens	152794	S	720	136	856	0.00004
Corynebacterium_lujinxingii	2763010	S	707	246	953	0.00005
Corynebacterium_falsenii	108486	S	674	294	968	0.00005
Corynebacterium_testudinoris	136857	S	667	141	808	0.00004
Corynebacterium_qintianiae	2709392	S	644	182	826	0.00004
Corynebacterium_glaucum	187491	S	615	136	751	0.00004
Corynebacterium_glucuronolyticum	39791	S	599	146	745	0.00004
Corynebacterium_coyleae	53374	S	575	148	723	0.00004
Corynebacterium_incognita	2754725	S	565	134	699	0.00004
Corynebacterium_aurimucosum	169292	S	540	1397	1937	0.00010
Corynebacterium_striatum	43770	S	537	461	998	0.00005
Corynebacterium_tuberculostearicum	38304	S	535	330	865	0.00004
Corynebacterium_occultum	2675219	S	528	97	625	0.00003
Corynebacterium_genitalium	38288	S	525	119	644	0.00003
Corynebacterium_kroppenstedtii	161879	S	501	52	553	0.00003
Corynebacterium_matruchotii	43768	S	500	38	538	0.00003
Corynebacterium_lactis	1231000	S	449	73	522	0.00003
Corynebacterium_aquilae	203263	S	421	67	488	0.00002
Corynebacterium_renale	1724	S	400	49	449	0.00002
Corynebacterium_riegelii	156976	S	397	104	501	0.00003
Corynebacterium_zhongnanshanii	2768834	S	379	55	434	0.00002
Corynebacterium_endometrii	2488819	S	373	75	448	0.00002
Corynebacterium_urogenitale	2487892	S	342	65	407	0.00002
Corynebacterium_kalinowskii	2675216	S	341	176	517	0.00003
Corynebacterium_flavescens	28028	S	332	99	431	0.00002
Corynebacterium_cystitidis	35757	S	317	21	338	0.00002
Corynebacterium_simulans	146827	S	316	241	557	0.00003
Corynebacterium_lizhenjunii	2709394	S	310	56	366	0.00002
Corynebacterium_camporealensis	161896	S	302	79	381	0.00002
Corynebacterium_epidermidicanis	1050174	S	291	51	342	0.00002
Corynebacterium_singulare	161899	S	286	252	538	0.00003
Corynebacterium_minutissimum	38301	S	262	262	524	0.00003
Corynebacterium_phocae	161895	S	259	37	296	0.00002
Corynebacterium_propinquum	43769	S	219	96	315	0.00002
Corynebacterium_argentoratense	42817	S	202	46	248	0.00001
Corynebacterium_pseudopelargi	2080757	S	199	71	270	0.00001
Corynebacterium_diphtheriae	1717	S	199	331	530	0.00003
Corynebacterium_pelargi	1471400	S	198	67	265	0.00001
Corynebacterium_choanae	1862358	S	192	21	213	0.00001
Corynebacterium_macginleyi	38290	S	190	47	237	0.00001
Corynebacterium_kefirresidentii	1979527	S	185	126	311	0.00002
Corynebacterium_gerontici	2079234	S	182	38	220	0.00001
Corynebacterium_resistens	258224	S	169	99	268	0.00001
Corynebacterium_stationis	1705	S	155	40	195	0.00001
Corynebacterium_deserti	1408191	S	155	57	212	0.00001
Corynebacterium_casei	160386	S	150	186	336	0.00002
Corynebacterium_ulcerans	65058	S	141	67	208	0.00001
Corynebacterium_pseudodiphtheriticum	37637	S	139	46	185	0.00001
Corynebacterium_ammoniagenes	1697	S	129	29	158	0.00001
Corynebacterium_glutamicum	1718	S	128	1771	1899	0.00010
Corynebacterium_pseudotuberculosis	1719	S	116	43	159	0.00001
Corynebacterium_mustelae	571915	S	108	9	117	0.00001
Corynebacterium_segmentosum	43990	S	103	243	346	0.00002
Corynebacterium_amycolatum	43765	S	101	748	849	0.00004
Corynebacterium_hindlerae	699041	S	99	188	287	0.00001
Corynebacterium_anserum	2684406	S	97	12	109	0.00001
Corynebacterium_rouxii	2719119	S	96	57	153	0.00001
Corynebacterium_suranareeae	2506452	S	92	27	119	0.00001
Corynebacterium_accolens	38284	S	91	215	306	0.00002
Corynebacterium_callunae	1721	S	82	28	110	0.00001
Corynebacterium_silvaticum	2320431	S	81	34	115	0.00001
Corynebacterium_crudilactis	1652495	S	66	79	145	0.00001
Corynebacterium_kutscheri	35755	S	22	3	25	0.00000
Gordonia_sp._PP30	2935861	S	3188	981	4169	0.00021
Gordonia_sp._YC-JH1	2059875	S	2104	1626	3730	0.00019
Gordonia_sp._KTR9	337191	S	2076	473	2549	0.00013
Gordonia_sp._PDNC005	2811424	S	1702	281	1983	0.00010
Gordonia_sp._WA4-43	2878678	S	341	1289	1630	0.00008
Gordonia_sp._JH63	2698900	S	264	944	1208	0.00006
Gordonia_sp._135	2676309	S	152	1114	1266	0.00006
Gordonia_sp._1D	1737359	S	71	1169	1240	0.00006
Gordonia_polyisoprenivorans	84595	S	4655	1042	5697	0.00029
Gordonia_terrae	2055	S	3526	2215	5741	0.00029
Gordonia_insulae	2420509	S	2767	436	3203	0.00016
Gordonia_phthalatica	1136941	S	2594	1148	3742	0.00019
Gordonia_iterans	1004901	S	2454	923	3377	0.00017
Gordonia_bronchialis	2054	S	2380	622	3002	0.00015
Gordonia_amarae	36821	S	2366	525	2891	0.00015
Gordonia_jinghuaiqii	2758710	S	2329	507	2836	0.00015
Gordonia_rubripertincta	36822	S	2066	1338	3404	0.00017
Gordonia_pseudoamarae	2831662	S	1990	418	2408	0.00012
Gordonia_otitidis	249058	S	1740	320	2060	0.00011
Gordonia_zhaorongruii	2597659	S	1594	320	1914	0.00010
Gordonia_alkanivorans	84096	S	552	2233	2785	0.00014
Gordonia_amicalis	89053	S	369	2928	3297	0.00017
Gordonia_hongkongensis	1701090	S	275	947	1222	0.00006
Skermania_piniformis	39122	S	2826	402	3228	0.00017
Tsukamurella_paurometabola	2061	S	5004	2664	7668	0.00039
Tsukamurella_tyrosinosolvens	57704	S	4136	1984	6120	0.00031
Tsukamurella_sp._PLM1	2929795	S	2889	1029	3918	0.00020
Tsukamurella_pulmonis	47312	S	2775	1085	3860	0.00020
Dietzia_sp._oral_taxon_368	712270	S	1709	1221	2930	0.00015
Dietzia_sp._DQ12-45-1b	912801	S	10	2291	2301	0.00012
Dietzia_lutea	546160	S	2057	1219	3276	0.00017
Dietzia_psychralcaliphila	139021	S	2020	625	2645	0.00014
Dietzia_timorensis	499555	S	1528	944	2472	0.00013
Tomitella_gaofuii	2760083	S	2980	1014	3994	0.00020
Tomitella_fengzijianii	2597660	S	2885	1059	3944	0.00020
Segniliparus_rotundus	286802	S	1520	98	1618	0.00008
Lawsonella_clevelandensis	1528099	S	288	37	325	0.00002
Nocardioides_sp._G188	2849501	S	24249	9255	33504	0.00171
Nocardioides_sp._JS614	196162	S	14504	5299	19803	0.00101
Nocardioides_sp._LMS-CY	2840457	S	13299	5376	18675	0.00096
Nocardioides_sp._HDW12B	2714939	S	12738	5190	17928	0.00092
Nocardioides_sp._SCSIO_67246	2872154	S	12230	4005	16235	0.00083
Nocardioides_sp._TF02-7	2917724	S	11957	4816	16773	0.00086
Nocardioides_sp._W7	2931390	S	10573	4416	14989	0.00077
Nocardioides_sp._zg-579	2663857	S	9775	6085	15860	0.00081
Nocardioides_sp._cx-173	2898796	S	9615	4067	13682	0.00070
Nocardioides_sp._S-1144	2582905	S	9401	4470	13871	0.00071
Nocardioides_sp._zg-1228	2763008	S	9189	4965	14154	0.00072
Nocardioides_sp._S5	2017486	S	8964	5541	14505	0.00074
Nocardioides_sp._603	2483798	S	8586	4890	13476	0.00069
Nocardioides_sp._InS609-2	2760705	S	8339	2376	10715	0.00055
Nocardioides_sp._MC1495	2736757	S	8271	3635	11906	0.00061
Nocardioides_sp._CF8	110319	S	8146	4159	12305	0.00063
Nocardioides_sp._JQ2195	2592334	S	7677	1991	9668	0.00049
Nocardioides_sp._zg-536	2803858	S	6785	3640	10425	0.00053
Nocardioides_sp._dk884	2662361	S	5975	7492	13467	0.00069
Nocardioides_sp._WS12	2486272	S	5617	1228	6845	0.00035
Nocardioides_sp._ZJ1313	2685869	S	5552	7012	12564	0.00064
Nocardioides_sp._Kera_G14	2884264	S	4933	1280	6213	0.00032
Nocardioides_mesophilus	433659	S	22785	8608	31393	0.00161
Nocardioides_euryhalodurans	2518370	S	12453	4758	17211	0.00088
Nocardioides_ungokensis	1643322	S	11690	5106	16796	0.00086
Nocardioides_anomalus	2712223	S	11227	4245	15472	0.00079
Nocardioides_rotundus	1774216	S	9810	4738	14548	0.00074
Nocardioides_humi	449461	S	9607	3995	13602	0.00070
Nocardioides_cynanchi	2558918	S	9421	2791	12212	0.00062
Nocardioides_dongkuii	2760089	S	9300	5744	15044	0.00077
Nocardioides_okcheonensis	2894081	S	9213	5261	14474	0.00074
Nocardioides_aromaticivorans	200618	S	8630	4098	12728	0.00065
Nocardioides_aquaticus	160826	S	8553	3276	11829	0.00061
Nocardioides_marinisabuli	419476	S	8088	5595	13683	0.00070
Nocardioides_dokdonensis	450734	S	7475	4341	11816	0.00060
Nocardioides_sambongensis	2589074	S	7432	2669	10101	0.00052
Nocardioides_panacisoli	627624	S	6981	2155	9136	0.00047
Nocardioides_houyundeii	2045452	S	6909	2637	9546	0.00049
Nocardioides_seonyuensis	2518371	S	6896	2311	9207	0.00047
Nocardioides_piscis	2714938	S	6044	2852	8896	0.00046
Nocardioides_daphniae	402297	S	4992	2847	7839	0.00040
Nocardioides_jishulii	2575440	S	4046	1841	5887	0.00030
Nocardioides_yefusunii	2500546	S	2873	1047	3920	0.00020
Nocardioides_baekrokdamisoli	1804624	S	2767	435	3202	0.00016
Aeromicrobium_sp._Leaf245	1736306	S	4834	1887	6721	0.00034
Aeromicrobium_sp._zg-629	2663859	S	3706	1543	5249	0.00027
Aeromicrobium_sp._A1-2	2107713	S	3408	610	4018	0.00021
Aeromicrobium_erythreum	2041	S	5276	1993	7269	0.00037
Aeromicrobium_chenweiae	2079793	S	5067	2202	7269	0.00037
Aeromicrobium_marinum	219314	S	4829	1325	6154	0.00031
Aeromicrobium_choanae	1736691	S	4817	1829	6646	0.00034
Aeromicrobium_yanjiei	2662028	S	4198	1696	5894	0.00030
Friedmanniella_luteola	546871	S	9470	2426	11896	0.00061
Marmoricola_scoriae	642780	S	8175	3904	12079	0.00062
Pimelobacter_simplex	2045	S	7872	3747	11619	0.00059
Mumia_sp._ZJ1417	2708082	S	6030	1317	7347	0.00038
Micropruina_glycogenica	75385	S	3722	685	4407	0.00023
Microlunatus_sagamiharensis	546874	S	7645	2260	9905	0.00051
Microlunatus_phosphovorus	29405	S	5420	820	6240	0.00032
Microlunatus_soli	630515	S	5158	685	5843	0.00030
Microlunatus_elymi	2596828	S	4618	695	5313	0.00027
Microlunatus_sp._Gsoil_973	2672569	S	4034	429	4463	0.00023
Tessaracoccus_sp._J1M15	2829499	S	2764	953	3717	0.00019
Tessaracoccus_sp._MC1865	2760310	S	2429	714	3143	0.00016
Tessaracoccus_defluvii	1285901	S	3041	2131	5172	0.00026
Tessaracoccus_aquimaris	1332264	S	2668	1419	4087	0.00021
Tessaracoccus_flavus	1610493	S	2386	1811	4197	0.00021
Tessaracoccus_flavescens	399497	S	2357	1995	4352	0.00022
Tessaracoccus_timonensis	2161816	S	1410	690	2100	0.00011
Brevilactibacter_coleopterorum	2714937	S	4901	2672	7573	0.00039
Brevilactibacter_sp._MC1595	2819349	S	4214	2008	6222	0.00032
Acidipropionibacterium_jensenii	1749	S	2869	2149	5018	0.00026
Acidipropionibacterium_acidipropionici	1748	S	2662	1919	4581	0.00023
Acidipropionibacterium_virtanenii	2057246	S	1815	424	2239	0.00011
Propionibacterium_acidifaciens	556499	S	2733	710	3443	0.00018
Propionibacterium_australiense	119981	S	2229	429	2658	0.00014
Propionibacterium_freudenreichii	1744	S	2198	2289	4487	0.00023
Auraticoccus_monumenti	675864	S	6308	1437	7745	0.00040
Cutibacterium_avidum	33010	S	1644	582	2226	0.00011
Cutibacterium_granulosum	33011	S	1007	247	1254	0.00006
Cutibacterium_acnes	1747	S	701	437	1138	0.00006
Cutibacterium_modestum	2559073	S	414	71	485	0.00002
Arachnia_propionica	1750	S	2219	308	2527	0.00013
Arachnia_rubra	1547448	S	1335	176	1511	0.00008
Raineyella_fluvialis	2662261	S	3600	595	4195	0.00021
Vaginimicrobium_propionicum	1871034	S	133	60	193	0.00001
Kribbella_flavida	182640	S	12981	3608	16589	0.00085
Kribbella_qitaiheensis	1544730	S	9077	1694	10771	0.00055
Actinopolymorpha_singaporensis	117157	S	10671	1488	12159	0.00062
Micromonospora_sp._WMMC415	2675222	S	13586	5495	19081	0.00098
Micromonospora_sp._WMMA2032	2039870	S	6761	4721	11482	0.00059
Micromonospora_sp._HM134	2583243	S	6585	3143	9728	0.00050
Micromonospora_sp._B006	2201999	S	5276	4338	9614	0.00049
Micromonospora_sp._L5	648999	S	492	5473	5965	0.00031
Micromonospora_echinaurantiaca	47857	S	12860	6684	19544	0.00100
Micromonospora_inositola	47865	S	12209	6477	18686	0.00096
Micromonospora_terminaliae	1914461	S	10923	5935	16858	0.00086
Micromonospora_krabiensis	307121	S	10195	3796	13991	0.00072
Micromonospora_carbonacea	47853	S	9965	4801	14766	0.00076
Micromonospora_echinofusca	47858	S	9466	4655	14121	0.00072
Micromonospora_coxensis	356852	S	9415	5615	15030	0.00077
Micromonospora_viridifaciens	1881	S	9119	4290	13409	0.00069
Micromonospora_purpureochromogenes	47872	S	8975	5114	14089	0.00072
Micromonospora_echinospora	1877	S	8373	3158	11531	0.00059
Micromonospora_coriariae	285665	S	8229	3167	11396	0.00058
Micromonospora_siamensis	299152	S	8020	4131	12151	0.00062
Micromonospora_auratinigra	261654	S	7857	4440	12297	0.00063
Micromonospora_narathiwatensis	299146	S	7509	3782	11291	0.00058
Micromonospora_ferruginea	2749844	S	7359	4563	11922	0.00061
Micromonospora_maris	1003110	S	7126	2346	9472	0.00048
Micromonospora_sagamiensis	47875	S	7123	2943	10066	0.00051
Micromonospora_endophytica_(Xie_et_al._2001)_Li_et_al._2019	515350	S	6488	2124	8612	0.00044
Micromonospora_chokoriensis	356851	S	6253	2187	8440	0.00043
Micromonospora_zamorensis	709883	S	5874	2036	7910	0.00040
Micromonospora_rifamycinica	291594	S	5842	2820	8662	0.00044
Micromonospora_craniellae	2294034	S	4908	3206	8114	0.00042
Micromonospora_tulbaghiae	479978	S	3884	4425	8309	0.00043
Micromonospora_aurantiaca	47850	S	2821	19318	22139	0.00113
Actinoplanes_sp._L3-i22	2836373	S	14712	11202	25914	0.00133
Actinoplanes_sp._N902-109	649831	S	12993	4301	17294	0.00088
Actinoplanes_sp._OR16	946334	S	12116	6133	18249	0.00093
Actinoplanes_friuliensis	196914	S	13633	2459	16092	0.00082
Actinoplanes_ianthinogenes	122358	S	12591	5332	17923	0.00092
Actinoplanes_missouriensis	1866	S	11177	3870	15047	0.00077
Actinoplanes_teichomyceticus	1867	S	10959	4908	15867	0.00081
Actinoplanes_derwentensis	113562	S	9424	1573	10997	0.00056
Phytohabitans_suffuscus	624315	S	21476	5883	27359	0.00140
Phytohabitans_flavus	1076124	S	17715	3697	21412	0.00110
Plantactinospora_sp._KBS50	2024580	S	10463	2930	13393	0.00069
Plantactinospora_sp._BC1	2108470	S	2376	7307	9683	0.00050
Plantactinospora_sp._BB1	2071627	S	2366	7198	9564	0.00049
Dactylosporangium_vinaceum	53362	S	20253	2649	22902	0.00117
Catellatospora_sp._IY07-71	2728827	S	19685	5075	24760	0.00127
Actinocatenispora_thailandica	227318	S	8579	2640	11219	0.00057
Actinocatenispora_sera	390989	S	8424	2735	11159	0.00057
Couchioplanes_caeruleus	56438	S	14565	4184	18749	0.00096
Polymorphospora_rubra	338584	S	12093	3031	15124	0.00077
Natronosporangium_hydrolyticum	2811111	S	8085	651	8736	0.00045
Verrucosispora_sp._NA02020	2742132	S	5010	4077	9087	0.00046
Salinispora_tropica	168695	S	3976	743	4719	0.00024
Amycolatopsis_sp._DSM_110486	2865832	S	11665	2663	14328	0.00073
Amycolatopsis_sp._FDAARGOS_1241	2778070	S	10101	2516	12617	0.00065
Amycolatopsis_sp._WQ_127309	2932773	S	10074	3192	13266	0.00068
Amycolatopsis_sp._Hca4	2742131	S	9139	3761	12900	0.00066
Amycolatopsis_sp._YIM_10	2653857	S	8993	3005	11998	0.00061
Amycolatopsis_sp._CA-230715	2745196	S	8929	1593	10522	0.00054
Amycolatopsis_sp._FU40	2914159	S	5293	2555	7848	0.00040
Amycolatopsis_sp._AA4	1896961	S	4716	2653	7369	0.00038
Amycolatopsis_sp._BJA-103	1911175	S	4173	1858	6031	0.00031
Amycolatopsis_sp._TNS106	2861750	S	3448	2238	5686	0.00029
Amycolatopsis_sp._EV170708-02-1	2919322	S	2788	3012	5800	0.00030
Amycolatopsis_acidiphila	715473	S	10885	2722	13607	0.00070
Amycolatopsis_pretoriensis	218821	S	8796	3205	12001	0.00061
Amycolatopsis_mediterranei	33910	S	8480	10894	19374	0.00099
Amycolatopsis_albispora	1804986	S	8231	5464	13695	0.00070
Amycolatopsis_thermalba	944492	S	8179	3909	12088	0.00062
Amycolatopsis_methanolica	1814	S	8029	3631	11660	0.00060
Amycolatopsis_keratiniphila	129921	S	4475	4051	8526	0.00044
Amycolatopsis_japonica	208439	S	2383	2437	4820	0.00025
Amycolatopsis_aidingensis	2842453	S	7423	1033	8456	0.00043
Amycolatopsis_orientalis	31958	S	4532	1725	6257	0.00032
Pseudonocardia_sp._DSM_110487	2865833	S	53781	8924	62705	0.00321
Pseudonocardia_sp._CGMCC_4.1532	2761535	S	11252	7077	18329	0.00094
Pseudonocardia_sp._HH130630-07	1690815	S	9557	3345	12902	0.00066
Pseudonocardia_sp._AL041005-10	445576	S	7590	3229	10819	0.00055
Pseudonocardia_sp._HH130629-09	1641402	S	6278	3128	9406	0.00048
Pseudonocardia_sp._EC080625-04	1096868	S	191	5569	5760	0.00029
Pseudonocardia_sp._EC080619-01	1096856	S	24	6446	6470	0.00033
Pseudonocardia_sp._EC080610-09	1688404	S	24	2191	2215	0.00011
Pseudonocardia_dioxanivorans	240495	S	17072	5383	22455	0.00115
Pseudonocardia_broussonetiae	2736640	S	16655	6280	22935	0.00117
Pseudonocardia_autotrophica	2074	S	10183	3196	13379	0.00068
Pseudonocardia_abyssalis	2792008	S	8973	5068	14041	0.00072
Saccharopolyspora_erythraea	1836	S	21252	7421	28673	0.00147
Saccharopolyspora_gregorii	33914	S	10588	2540	13128	0.00067
Saccharopolyspora_spinosa	60894	S	4687	3501	8188	0.00042
Saccharopolyspora_pogona	333966	S	3007	4189	7196	0.00037
Saccharopolyspora_sp._ASAGF58	2719023	S	2452	3790	6242	0.00032
Saccharothrix_syringae	103733	S	12557	5037	17594	0.00090
Saccharothrix_sp._6-C	2781735	S	10953	4293	15246	0.00078
Saccharothrix_espanaensis	103731	S	9614	3281	12895	0.00066
Saccharomonospora_viridis	1852	S	7286	1270	8556	0.00044
Saccharomonospora_marina	632569	S	5662	1543	7205	0.00037
Saccharomonospora_cyanea	40989	S	5018	1962	6980	0.00036
Saccharomonospora_azurea	40988	S	4283	1380	5663	0.00029
Saccharomonospora_xinjiangensis	75294	S	3305	627	3932	0.00020
Saccharomonospora_glauca	40990	S	3246	1243	4489	0.00023
Allokutzneria_albata	211114	S	22806	6455	29261	0.00150
Kutzneria_sp._CA-103260	2802641	S	12661	3266	15927	0.00081
Kutzneria_albida	43357	S	9215	2543	11758	0.00060
Kibdelosporangium_phytohabitans	860235	S	15294	2174	17468	0.00089
Actinoalloteichus_hoggarensis	1470176	S	4597	728	5325	0.00027
Actinoalloteichus_hymeniacidonis	340345	S	3556	402	3958	0.00020
Actinoalloteichus_sp._GBA129-24	1612551	S	225	2817	3042	0.00016
Actinoalloteichus_fjordicus	1612552	S	165	2495	2660	0.00014
Lentzea_guizhouensis	1586287	S	12853	3182	16035	0.00082
Actinosynnema_pretiosum	42197	S	4001	8307	12308	0.00063
Actinosynnema_mirum	40567	S	380	3889	4269	0.00022
Alloactinosynnema_sp._L-07	1653480	S	7810	2039	9849	0.00050
Prauserella_marina	530584	S	4865	516	5381	0.00028
Allosaccharopolyspora_coralli	2665642	S	4497	1138	5635	0.00029
Nonomuraea_gerenzanensis	93944	S	34505	12235	46740	0.00239
Nonomuraea_sp._ATCC_55076	1909395	S	33699	11470	45169	0.00231
Nonomuraea_nitratireducens	2656914	S	31209	7592	38801	0.00198
Nonomuraea_coxensis	404386	S	23825	7854	31679	0.00162
Streptosporangium_roseum	2001	S	16993	5482	22475	0.00115
Streptosporangium_sp._'caverna'	2202249	S	14249	3632	17881	0.00091
Thermobispora_bispora	2006	S	9393	2612	12005	0.00061
Actinomadura_sp._WMMB_499	1219491	S	25463	7441	32904	0.00168
Actinomadura_sp._NAK00032	2742128	S	18976	8382	27358	0.00140
Actinomadura_sp._WMMA1423	2591108	S	17026	6317	23343	0.00119
Actinomadura_madurae	1993	S	24602	9121	33723	0.00172
Actinomadura_verrucosospora	46165	S	18659	6945	25604	0.00131
Actinomadura_graeca	2750812	S	14877	4209	19086	0.00098
Thermomonospora_amylolytica	1411117	S	13137	5873	19010	0.00097
Thermomonospora_curvata	2020	S	9089	3217	12306	0.00063
Nocardiopsis_sp._MT53	2865672	S	7409	2109	9518	0.00049
Nocardiopsis_sp._HDS12	2831968	S	2461	2637	5098	0.00026
Nocardiopsis_gilva	280236	S	5399	1312	6711	0.00034
Nocardiopsis_dassonvillei	2014	S	4760	4882	9642	0.00049
Nocardiopsis_alba	53437	S	3869	849	4718	0.00024
Thermobifida_halotolerans	483545	S	4495	1675	6170	0.00032
Thermobifida_alba	53522	S	4396	1989	6385	0.00033
Thermobifida_fusca	2021	S	4297	852	5149	0.00026
Streptomonospora_litoralis	2498135	S	6897	1623	8520	0.00044
Spiractinospora_alimapuensis	2820884	S	3999	319	4318	0.00022
Blastococcus_sp._PRF04-17	2933797	S	21229	8540	29769	0.00152
Blastococcus_saxobsidens	138336	S	16569	5952	22521	0.00115
Modestobacter_marinus	477641	S	16382	6563	22945	0.00117
Modestobacter_sp._L9-4	2851567	S	9415	4161	13576	0.00069
Geodermatophilus_obscurus	1861	S	20706	8151	28857	0.00148
Actinomyces_sp._oral_taxon_414	712122	S	2112	491	2603	0.00013
Actinomyces_sp._MAS-1	2755559	S	1621	362	1983	0.00010
Actinomyces_sp._Z16	2079536	S	1153	435	1588	0.00008
Actinomyces_sp._Chiba101	1851395	S	983	495	1478	0.00008
Actinomyces_sp._432	2057798	S	928	223	1151	0.00006
Actinomyces_sp._oral_taxon_171	706438	S	570	474	1044	0.00005
Actinomyces_sp._oral_taxon_897	2081702	S	295	754	1049	0.00005
Actinomyces_sp._oral_taxon_169	712116	S	275	503	778	0.00004
Actinomyces_sp._HMT897	2789424	S	254	636	890	0.00005
Actinomyces_sp._HMT_175	2789425	S	142	589	731	0.00004
Actinomyces_sp._zg-332	2708340	S	23	4	27	0.00000
Actinomyces_radicidentis	111015	S	2286	1101	3387	0.00017
Actinomyces_howellii	52771	S	2195	395	2590	0.00013
Actinomyces_respiraculi	2744574	S	1451	399	1850	0.00009
Actinomyces_slackii	52774	S	1450	279	1729	0.00009
Actinomyces_procaprae	2560010	S	1379	540	1919	0.00010
Actinomyces_faecalis	2722820	S	1130	187	1317	0.00007
Actinomyces_weissii	675090	S	1128	255	1383	0.00007
Actinomyces_viscosus	1656	S	959	431	1390	0.00007
Actinomyces_qiguomingii	2057800	S	916	139	1055	0.00005
Actinomyces_naeslundii	1655	S	904	552	1456	0.00007
Actinomyces_wuliandei	2057743	S	805	231	1036	0.00005
Actinomyces_gaoshouyii	1960083	S	736	406	1142	0.00006
Actinomyces_oris	544580	S	719	2134	2853	0.00015
Actinomyces_marmotae	2737173	S	717	427	1144	0.00006
Actinomyces_lilanjuaniae	2321394	S	662	173	835	0.00004
Actinomyces_trachealis	2763540	S	489	104	593	0.00003
Actinomyces_pacaensis	1852377	S	229	33	262	0.00001
Schaalia_sp._19OD2882	2794089	S	956	150	1106	0.00006
Schaalia_sp._JY-X169	2758572	S	297	13	310	0.00002
Schaalia_sp._ZJ405	2709403	S	255	27	282	0.00001
Schaalia_odontolytica	1660	S	1333	369	1702	0.00009
Schaalia_meyeri	52773	S	736	156	892	0.00005
Schaalia_cardiffensis	181487	S	405	70	475	0.00002
Schaalia_turicensis	131111	S	188	221	409	0.00002
Flaviflexus_salsibiostraticola	1282737	S	1260	400	1660	0.00008
Flaviflexus_sp._dk850	2758573	S	659	281	940	0.00005
Flaviflexus_ciconiae	2496867	S	530	81	611	0.00003
Trueperella_pecoris	2733571	S	974	322	1296	0.00007
Trueperella_pyogenes	1661	S	644	431	1075	0.00006
Trueperella_bialowiezensis	312285	S	545	34	579	0.00003
Pauljensenia_hongkongensis	178339	S	1278	532	1810	0.00009
Nanchangia_anserum	2692125	S	1055	137	1192	0.00006
Actinobaculum_sp._313	2495645	S	486	32	518	0.00003
Actinotignum_schaalii	59505	S	428	34	462	0.00002
Changpingibacter_yushuensis	2758440	S	329	113	442	0.00002
Arcanobacterium_haemolyticum	28264	S	103	56	159	0.00001
Arcanobacterium_phocisimile	1302235	S	62	22	84	0.00000
Arcanobacterium_phocae	131112	S	57	21	78	0.00000
Arcanobacterium_sp._2701	2722751	S	47	14	61	0.00000
Mobiluncus_curtisii	2051	S	260	89	349	0.00002
Varibaculum_sp._EMRHCC_39	2811781	S	101	36	137	0.00001
Boudabousia_tangfeifanii	1912795	S	98	9	107	0.00001
Fannyhessea_vaginae	82135	S	59	20	79	0.00000
Frankia_inefficax	298654	S	13804	1955	15759	0.00081
Frankia_sp._QA3	710111	S	5327	2570	7897	0.00040
Frankia_sp._ArI3	1858	S	4173	3158	7331	0.00037
Candidatus_Frankia_datiscae	2716812	S	6109	944	7053	0.00036
Frankia_casuarinae	106370	S	4805	607	5412	0.00028
Frankia_alni	1859	S	4566	3596	8162	0.00042
Jiangella_sp._DSM_45060	1798224	S	16449	5575	22024	0.00113
Jiangella_alkaliphila	419479	S	14567	4739	19306	0.00099
Bifidobacterium_pseudolongum	1694	S	1527	607	2134	0.00011
Bifidobacterium_choerinum	35760	S	1488	724	2212	0.00011
Bifidobacterium_scardovii	158787	S	1318	129	1447	0.00007
Bifidobacterium_longum	216816	S	1258	5308	6566	0.00034
Bifidobacterium_bifidum	1681	S	1121	427	1548	0.00008
Bifidobacterium_pullorum	78448	S	991	427	1418	0.00007
Bifidobacterium_animalis	28025	S	754	726	1480	0.00008
Bifidobacterium_subtile	77635	S	720	125	845	0.00004
Bifidobacterium_asteroides	1684	S	702	190	892	0.00005
Bifidobacterium_adolescentis	1680	S	656	133	789	0.00004
Bifidobacterium_thermophilum	33905	S	555	143	698	0.00004
Bifidobacterium_eulemuris	1765219	S	522	89	611	0.00003
Bifidobacterium_actinocoloniiforme	638619	S	509	19	528	0.00003
Bifidobacterium_breve	1685	S	477	483	960	0.00005
Bifidobacterium_lemurum	1603886	S	445	80	525	0.00003
Bifidobacterium_angulatum	1683	S	359	95	454	0.00002
Bifidobacterium_dentium	1689	S	344	23	367	0.00002
Bifidobacterium_catenulatum	1686	S	262	312	574	0.00003
Bifidobacterium_pseudocatenulatum	28026	S	223	114	337	0.00002
Bifidobacterium_imperatoris	2020965	S	95	36	131	0.00001
Bifidobacterium_saguini	762210	S	88	28	116	0.00001
Bifidobacterium_coryneforme	1687	S	66	55	121	0.00001
Bifidobacterium_indicum	1691	S	42	35	77	0.00000
Parascardovia_denticolens	78258	S	347	72	419	0.00002
Gardnerella_vaginalis	2702	S	28	48	76	0.00000
Gardnerella_piotii	2792977	S	13	14	27	0.00000
Gardnerella_leopoldii	2792978	S	12	23	35	0.00000
Scardovia_inopinata	78259	S	49	21	70	0.00000
Nakamurella_multipartita	53461	S	8201	1845	10046	0.00051
Nakamurella_panacisegetis	1090615	S	3973	651	4624	0.00024
Nakamurella_sp._PAMC28650	2762325	S	3501	441	3942	0.00020
Nakamurella_antarctica	1902245	S	705	62	767	0.00004
Catenulispora_acidiphila	304895	S	9478	1652	11130	0.00057
Jatrophihabitans_telluris	2038343	S	3739	392	4131	0.00021
Jatrophihabitans_sp._GAS493	1907575	S	3702	410	4112	0.00021
Stackebrandtia_nassauensis	283811	S	5944	654	6598	0.00034
Natronoglycomyces_albus	2811108	S	973	41	1014	0.00005
Kineococcus_radiotolerans	131568	S	5941	1962	7903	0.00040
Actinopolyspora_erythraea	414996	S	3696	450	4146	0.00021
Epidermidibacterium_keratini	1891644	S	3549	2064	5613	0.00029
Acidothermus_cellulolyticus	28049	S	2546	150	2696	0.00014
Candidatus_Planktophila_lacus	1884913	S	96	17	113	0.00001
Candidatus_Planktophila_versatilis	1884905	S	80	21	101	0.00001
Candidatus_Planktophila_dulcis	1884914	S	66	48	114	0.00001
Candidatus_Planktophila_sulfonica	1884904	S	61	23	84	0.00000
Candidatus_Planktophila_limnetica	573600	S	46	8	54	0.00000
Candidatus_Planktophila_vernalis	1884907	S	31	7	38	0.00000
Candidatus_Nanopelagicus_hibericus	1884915	S	20	18	38	0.00000
Candidatus_Nanopelagicus_limnes	1884634	S	18	37	55	0.00000
Candidatus_Nanopelagicus_abundans	1884916	S	12	9	21	0.00000
Rubrobacter_xylanophilus	49319	S	38314	5587	43901	0.00225
Rubrobacter_tropicus	2653851	S	38114	3167	41281	0.00211
Rubrobacter_marinus	2653852	S	24870	2472	27342	0.00140
Rubrobacter_radiotolerans	42256	S	9343	1382	10725	0.00055
Rubrobacter_indicoceani	2051957	S	5332	474	5806	0.00030
Baekduia_soli	496014	S	28262	5378	33640	0.00172
Conexibacter_sp._SYSU_D00693	2812560	S	33364	9011	42375	0.00217
Conexibacter_sp._DBS9H8	2937801	S	10063	1055	11118	0.00057
Conexibacter_sp._S30A1	2937800	S	10015	1164	11179	0.00057
Conexibacter_woesei	191495	S	41829	8306	50135	0.00256
Miltoncostaea_marina	2843215	S	15445	4218	19663	0.00101
Miltoncostaea_oceani	2843216	S	13980	2277	16257	0.00083
Aquihabitans_sp._G128	2849779	S	24540	5505	30045	0.00154
Aquihabitans_sp._Kera_3	2884263	S	22029	3989	26018	0.00133
Iamia_sp._SCSIO_61187	2722752	S	27035	4784	31819	0.00163
Actinomarinicola_tropica	2789776	S	25432	5548	30980	0.00158
Ilumatobacter_coccineus	467094	S	8784	595	9379	0.00048
Acidimicrobium_ferrooxidans	53635	S	3162	270	3432	0.00018
Eggerthella_guodeyinii	2690837	S	1554	776	2330	0.00012
Eggerthella_lenta	84112	S	1535	1221	2756	0.00014
Eggerthella_sp._YY7918	502558	S	324	157	481	0.00002
Gordonibacter_urolithinfaciens	1335613	S	875	686	1561	0.00008
Gordonibacter_pamelaeae	471189	S	841	913	1754	0.00009
Adlercreutzia_equolifaciens	446660	S	852	553	1405	0.00007
Adlercreutzia_hattorii	2707299	S	459	596	1055	0.00005
Arabiibacter_massiliensis	1870985	S	1765	405	2170	0.00011
Raoultibacter_timonensis	1907662	S	992	89	1081	0.00006
Berryella_intestinalis	1531429	S	959	1212	2171	0.00011
Slackia_heliotrinireducens	84110	S	751	26	777	0.00004
Denitrobacterium_detoxificans	79604	S	492	231	723	0.00004
Phoenicibacter_congonensis	1944646	S	100	50	150	0.00001
Cryptobacterium_curtum	84163	S	63	8	71	0.00000
Olsenella_timonensis	1805478	S	1670	558	2228	0.00011
Olsenella_uli	133926	S	793	90	883	0.00005
Olsenella_sp._oral_taxon_807	712411	S	684	44	728	0.00004
Parolsenella_massiliensis	1871022	S	865	537	1402	0.00007
Parolsenella_catena	2003188	S	778	517	1295	0.00007
Parafannyhessea_umbonata	604330	S	1089	720	1809	0.00009
Thermophilibacter_immobilis	2779519	S	1058	466	1524	0.00008
Atopobium_sp._oral_taxon_416	712157	S	307	36	343	0.00002
Lancefieldella_parvula	1382	S	50	5	55	0.00000
Collinsella_aerofaciens	74426	S	1319	753	2072	0.00011
Collinsella_stercoris	147206	S	1001	160	1161	0.00006
Collinsella_sp._zg1085	2844380	S	50	2	52	0.00000
Coriobacterium_glomerans	33871	S	660	25	685	0.00004
Egicoccus_halophilus	1670830	S	8979	1614	10593	0.00054
Euzebya_pacifica	1608957	S	8556	846	9402	0.00048
Egibacter_rhizosphaerae	1670831	S	7736	540	8276	0.00042
Priestia_filamentosa	1402861	S	17480	2632	20112	0.00103
Priestia_megaterium	1404	S	15104	22768	37872	0.00194
Priestia_aryabhattai	412384	S	409	2643	3052	0.00016
Priestia_flexa	86664	S	313	117	430	0.00002
Priestia_koreensis	284581	S	308	127	435	0.00002
Priestia_sp._J2	2886505	S	86	926	1012	0.00005
Bacillus_sp._Y1	352858	S	2513	1125	3638	0.00019
Bacillus_sp._S3	486398	S	1377	468	1845	0.00009
Bacillus_sp._1NLA3E	666686	S	648	266	914	0.00005
Bacillus_sp._JY-23	2933872	S	369	168	537	0.00003
Bacillus_sp._FJAT-18017	1705566	S	334	104	438	0.00002
Bacillus_sp._PAMC26568	2760090	S	235	28	263	0.00001
Bacillus_sp._KH172YL63	2709784	S	225	92	317	0.00002
Bacillus_sp._NSP9.1	1071078	S	203	19	222	0.00001
Bacillus_sp._OxB-1	98228	S	198	57	255	0.00001
Bacillus_sp._FJAT-42376	2014076	S	195	85	280	0.00001
Bacillus_sp._THAF10	2587848	S	177	70	247	0.00001
Bacillus_sp._FJAT-22090	1581038	S	153	50	203	0.00001
Bacillus_sp._SB49	1071080	S	145	29	174	0.00001
Bacillus_sp._M4U3P1	2592382	S	118	18	136	0.00001
Bacillus_sp._N1-1	2682541	S	83	43	126	0.00001
Bacillus_sp._WP8	756828	S	62	97	159	0.00001
Bacillus_sp._Cs-700	2589818	S	52	28	80	0.00000
Bacillus_sp._LJBV19	2821409	S	19	225	244	0.00001
Bacillus_sp._BD59S	2499213	S	17	30	47	0.00000
Bacillus_sp._NP247	2846779	S	17	29	46	0.00000
Bacillus_sp._N3536	2666127	S	16	30	46	0.00000
Bacillus_sp._N447-1	2789208	S	14	173	187	0.00001
Bacillus_sp._JS	1127744	S	13	168	181	0.00001
Bacillus_sp._MD-5	2009331	S	12	148	160	0.00001
Bacillus_sp._H8-1	2930532	S	11	284	295	0.00002
Bacillus_subtilis	1423	S	1763	36918	38681	0.00198
Bacillus_paralicheniformis	1648923	S	1429	1103	2532	0.00013
Bacillus_velezensis	492670	S	463	11892	12355	0.00063
Bacillus_amyloliquefaciens	1390	S	181	6252	6433	0.00033
Bacillus_siamensis	659243	S	48	179	227	0.00001
Bacillus_mojavensis	72360	S	87	123	210	0.00001
Bacillus_halotolerans	260554	S	40	123	163	0.00001
Bacillus_vallismortis	72361	S	122	178	300	0.00002
Bacillus_atrophaeus	1452	S	104	187	291	0.00001
Bacillus_tequilensis	227866	S	97	104	201	0.00001
Bacillus_licheniformis	1402	S	67	735	802	0.00004
Bacillus_spizizenii	96241	S	24	100	124	0.00001
Bacillus_inaquosorum	483913	S	19	206	225	0.00001
Bacillus_cereus	1396	S	523	18400	18923	0.00097
Bacillus_pseudomycoides	64104	S	419	221	640	0.00003
Bacillus_thuringiensis	1428	S	395	17387	17782	0.00091
Bacillus_mycoides	1405	S	346	666	1012	0.00005
Bacillus_cytotoxicus	580165	S	255	196	451	0.00002
Bacillus_wiedmannii	1890302	S	60	114	174	0.00001
Bacillus_luti	2026191	S	50	61	111	0.00001
Bacillus_toyonensis	155322	S	25	299	324	0.00002
Bacillus_nitratireducens	2026193	S	19	38	57	0.00000
Bacillus_anthracis	1392	S	18	4790	4808	0.00025
Bacillus_paranthracis	2026186	S	12	352	364	0.00002
Bacillus_glycinifermentans	1664069	S	623	242	865	0.00004
Bacillus_dafuensis	1742359	S	493	211	704	0.00004
Bacillus_infantis	324767	S	471	158	629	0.00003
[Brevibacterium]_frigoritolerans	450367	S	470	206	676	0.00003
Bacillus_methanolicus	1471	S	431	269	700	0.00004
Bacillus_safensis	561879	S	399	734	1133	0.00006
Bacillus_cabrialesii	2487276	S	303	351	654	0.00003
Bacillus_weihaiensis	1547283	S	282	114	396	0.00002
Bacillus_gobiensis	1441095	S	264	93	357	0.00002
Bacillus_pumilus	1408	S	263	299	562	0.00003
Bacillus_badius	1455	S	256	118	374	0.00002
Bacillus_aquiflavi	2672567	S	218	68	286	0.00001
Bacillus_smithii	1479	S	189	127	316	0.00002
Bacillus_altitudinis	293387	S	167	815	982	0.00005
Bacillus_shivajii	1983719	S	125	22	147	0.00001
Bacillus_fonticola	2728853	S	118	38	156	0.00001
Bacillus_rugosus	2715209	S	71	87	158	0.00001
Cytobacillus_oceanisediminis	665099	S	5705	3320	9025	0.00046
Cytobacillus_firmus	1399	S	2377	1255	3632	0.00019
Cytobacillus_gottheilii	859144	S	1443	562	2005	0.00010
Cytobacillus_ciccensis	1670641	S	498	216	714	0.00004
Cytobacillus_sp._CY-G	2901381	S	294	123	417	0.00002
Cytobacillus_kochii	859143	S	212	77	289	0.00001
Metabacillus_sediminilitoris	2567941	S	2352	1028	3380	0.00017
Metabacillus_sp._KUDC1714	2745198	S	1877	757	2634	0.00013
Metabacillus_sp._cB07	2806989	S	229	103	332	0.00002
Metabacillus_sp._B2-18	2897333	S	178	266	444	0.00002
Metabacillus_dongyingensis	2874282	S	456	191	647	0.00003
Metabacillus_litoralis	152268	S	330	346	676	0.00003
Metabacillus_endolithicus	1535204	S	173	219	392	0.00002
Parageobacillus_caldoxylosilyticus	81408	S	3618	1325	4943	0.00025
Parageobacillus_sp._KH3-4	2916802	S	522	186	708	0.00004
Parageobacillus_thermoglucosidasius	1426	S	443	338	781	0.00004
Parageobacillus_genomosp._1	1295642	S	285	77	362	0.00002
Parageobacillus_toebii	153151	S	282	185	467	0.00002
Alkalihalobacillus_clausii	79880	S	3531	827	4358	0.00022
Alkalihalobacillus_lehensis	300825	S	225	66	291	0.00001
Alkalihalobacillus_miscanthi	2598861	S	189	60	249	0.00001
Alkalihalobacillus_krulwichiae	199441	S	180	64	244	0.00001
Alkalihalobacillus_sp._LMS39	2924032	S	140	35	175	0.00001
Geobacillus_subterraneus	129338	S	728	507	1235	0.00006
Geobacillus_genomosp._3	1921421	S	404	134	538	0.00003
Geobacillus_stearothermophilus	1422	S	339	431	770	0.00004
Geobacillus_sp._46C-IIa	1963025	S	167	77	244	0.00001
Geobacillus_sp._JS12	1813182	S	51	146	197	0.00001
Geobacillus_sp._C56-T3	691437	S	30	106	136	0.00001
Geobacillus_sp._Y412MC52	550542	S	23	66	89	0.00000
Geobacillus_sp._GHH01	1233873	S	17	141	158	0.00001
Geobacillus_thermocatenulatus	33938	S	158	151	309	0.00002
Geobacillus_thermoleovorans	33941	S	52	499	551	0.00003
Geobacillus_kaustophilus	1462	S	32	247	279	0.00001
[Bacillus]_caldolyticus	1394	S	18	175	193	0.00001
Geobacillus_thermodenitrificans	33940	S	124	770	894	0.00005
Geobacillus_zalihae	213419	S	30	177	207	0.00001
Anoxybacillus_sediminis	2613334	S	2122	572	2694	0.00014
Anoxybacillus_sp._PDR2	1636720	S	32	208	240	0.00001
Anoxybacillus_flavithermus	33934	S	206	173	379	0.00002
Anoxybacillus_caldiproteolyticus	247480	S	199	52	251	0.00001
Anoxybacillus_amylolyticus	294699	S	154	38	192	0.00001
Anoxybacillus_kamchatkensis	196180	S	19	103	122	0.00001
Anoxybacillus_gonensis	198467	S	13	76	89	0.00000
Peribacillus_asahii	228899	S	1603	950	2553	0.00013
Peribacillus_simplex	1478	S	504	368	872	0.00004
Peribacillus_butanolivorans	421767	S	354	143	497	0.00003
Peribacillus_psychrosaccharolyticus	1407	S	197	81	278	0.00001
Peribacillus_muralis	264697	S	162	46	208	0.00001
Hydrogenibacillus_sp._N12	2866627	S	2740	384	3124	0.00016
Neobacillus_drentensis	220684	S	1611	844	2455	0.00013
Neobacillus_mesonae	1193713	S	829	336	1165	0.00006
Mesobacillus_foraminis	279826	S	1055	333	1388	0.00007
Mesobacillus_sp._S13	2880221	S	557	299	856	0.00004
Mesobacillus_jeotgali	129985	S	518	254	772	0.00004
Oceanobacillus_kimchii	746691	S	1303	175	1478	0.00008
Oceanobacillus_iheyensis	182710	S	436	111	547	0.00003
Oceanobacillus_zhaokaii	2052660	S	211	48	259	0.00001
Lysinibacillus_sp._SGAir0095	2070463	S	233	113	346	0.00002
Lysinibacillus_sp._PLM2	2929796	S	164	75	239	0.00001
Lysinibacillus_sp._2017	2169540	S	85	46	131	0.00001
Lysinibacillus_sp._CD3-6	2892541	S	85	38	123	0.00001
Lysinibacillus_sp._Ag94	2936682	S	74	8	82	0.00000
Lysinibacillus_sp._YS11	2072025	S	39	102	141	0.00001
Lysinibacillus_sp._ACHW1.5	2913506	S	23	52	75	0.00000
Lysinibacillus_timonensis	2086577	S	247	150	397	0.00002
Lysinibacillus_fusiformis	28031	S	124	129	253	0.00001
Lysinibacillus_parviboronicapiens	436516	S	96	39	135	0.00001
Lysinibacillus_sphaericus	1421	S	95	115	210	0.00001
Lysinibacillus_agricola	2590012	S	94	31	125	0.00001
Lysinibacillus_capsici	2115968	S	18	33	51	0.00000
Terribacillus_goriensis	386490	S	1364	290	1654	0.00008
Terribacillus_aidingensis	586416	S	152	33	185	0.00001
Fictibacillus_arsenicus	255247	S	895	212	1107	0.00006
Fictibacillus_phosphorivorans	1221500	S	164	37	201	0.00001
Virgibacillus_sp._MSP4-1	2700081	S	112	27	139	0.00001
Virgibacillus_sp._NKC19-16	2831673	S	112	11	123	0.00001
Virgibacillus_sp._Bac332	2419842	S	110	14	124	0.00001
Virgibacillus_sp._SK37	403957	S	51	26	77	0.00000
Virgibacillus_sp._Bac330	2419841	S	34	16	50	0.00000
Virgibacillus_necropolis	163877	S	124	19	143	0.00001
Virgibacillus_phasianinus	2017483	S	102	16	118	0.00001
Virgibacillus_halodenitrificans	1482	S	89	39	128	0.00001
Virgibacillus_dokdonensis	302167	S	35	18	53	0.00000
Virgibacillus_pantothenticus	1473	S	12	134	146	0.00001
Niallia_circulans	1397	S	474	162	636	0.00003
Niallia_sp._Man26	2912824	S	361	100	461	0.00002
Heyndrickxia_oleronia	38875	S	450	195	645	0.00003
Heyndrickxia_vini	1476025	S	209	72	281	0.00001
Rossellomorea_marisflavi	189381	S	486	224	710	0.00004
Rossellomorea_vietnamensis	218284	S	165	77	242	0.00001
Halobacillus_sp._SSTM10-2	2932258	S	123	26	149	0.00001
Halobacillus_sp._SSHM10-5	2932259	S	104	25	129	0.00001
Halobacillus_sp._SSBR10-3	2932257	S	101	15	116	0.00001
Halobacillus_litoralis	45668	S	88	16	104	0.00001
Halobacillus_mangrovi	402384	S	82	14	96	0.00000
Halobacillus_halophilus	1570	S	72	11	83	0.00000
Salicibibacter_cibarius	2743000	S	158	36	194	0.00001
Salicibibacter_halophilus	2502791	S	148	38	186	0.00001
Salicibibacter_kimchii	2099786	S	120	12	132	0.00001
Salicibibacter_cibi	2743001	S	100	15	115	0.00001
Sutcliffiella_cohnii	33932	S	296	152	448	0.00002
Sutcliffiella_horikoshii	79883	S	255	82	337	0.00002
Weizmannia_coagulans	1398	S	529	274	803	0.00004
Gracilibacillus_sp._SSPM10-3	2932255	S	117	34	151	0.00001
Gracilibacillus_sp._SSWR10-1	2932256	S	91	26	117	0.00001
Gracilibacillus_salitolerans	2663022	S	193	29	222	0.00001
Salisediminibacterium_selenitireducens	85683	S	228	39	267	0.00001
Salisediminibacterium_beveridgei	632773	S	170	28	198	0.00001
Lentibacillus_amyloliquefaciens	1472767	S	170	27	197	0.00001
Lentibacillus_sp._CBA3610	2518176	S	163	18	181	0.00001
Aeribacillus_pallidus	33936	S	303	175	478	0.00002
Gottfriedia_acidiceleris	371036	S	290	102	392	0.00002
Psychrobacillus_sp._INOP01	2829187	S	122	46	168	0.00001
Psychrobacillus_sp._AK_1817	2303505	S	24	44	68	0.00000
Psychrobacillus_glaciei	2283160	S	141	57	198	0.00001
Caldalkalibacillus_thermarum	296745	S	238	53	291	0.00001
Caldibacillus_thermoamylovorans	35841	S	236	98	334	0.00002
Pontibacillus_sp._HMF3514	2692425	S	108	18	126	0.00001
Pontibacillus_sp._ALD_SL1	2777185	S	102	15	117	0.00001
Radiobacillus_sp._80	2844358	S	108	26	134	0.00001
Radiobacillus_deserti	2594883	S	86	20	106	0.00001
Lederbergia_lenta	1467	S	192	57	249	0.00001
Anaerobacillus_isosaccharinicus	1532552	S	171	46	217	0.00001
Salimicrobium_jeotgali	1230341	S	156	28	184	0.00001
Halalkalibacterium_halodurans	86665	S	153	116	269	0.00001
Pradoshia_sp._D12	2651284	S	139	49	188	0.00001
Sediminibacillus_sp._DP4-553-S	2729421	S	138	28	166	0.00001
Alkalihalophilus_pseudofirmus	79885	S	136	28	164	0.00001
Evansella_cellulosilytica	1413	S	126	21	147	0.00001
Mangrovibacillus_cuniculi	2593652	S	124	78	202	0.00001
Paraliobacillus_zengyii	2213194	S	75	15	90	0.00000
Amphibacillus_xylanus	1449	S	65	13	78	0.00000
Paenibacillus_sp._B01	2660554	S	2831	886	3717	0.00019
Paenibacillus_sp._32O-W	1695218	S	1867	192	2059	0.00011
Paenibacillus_sp._RUD330	2023772	S	1787	202	1989	0.00010
Paenibacillus_sp._Y412MC10	481743	S	882	1498	2380	0.00012
Paenibacillus_sp._H1-7	2282849	S	796	74	870	0.00004
Paenibacillus_sp._R14(2021)	2859228	S	757	113	870	0.00004
Paenibacillus_sp._JNUCC-32	2777984	S	712	1278	1990	0.00010
Paenibacillus_sp._sptzw28	715179	S	666	64	730	0.00004
Paenibacillus_sp._CAA11	1532905	S	561	114	675	0.00003
Paenibacillus_sp._JZ16	1906272	S	501	117	618	0.00003
Paenibacillus_sp._BIHB4019	1870819	S	476	40	516	0.00003
Paenibacillus_sp._YPD9-1	2908839	S	434	57	491	0.00003
Paenibacillus_sp._URB8-2	2741301	S	424	98	522	0.00003
Paenibacillus_sp._FSL_R7-0273	1536772	S	382	61	443	0.00002
Paenibacillus_sp._PAMC21692	2762320	S	356	281	637	0.00003
Paenibacillus_sp._PK3_47	2072642	S	352	50	402	0.00002
Paenibacillus_sp._HWE-109	1306526	S	317	28	345	0.00002
Paenibacillus_sp._FSL_R7-0331	1536773	S	271	45	316	0.00002
Paenibacillus_sp._FSL_H7-0357	1536774	S	265	35	300	0.00002
Paenibacillus_sp._DCT19	2211212	S	251	44	295	0.00002
Paenibacillus_sp._YPG26	2878915	S	188	39	227	0.00001
Paenibacillus_sp._FSL_P4-0081	1536769	S	187	91	278	0.00001
Paenibacillus_sp._FSL_R5-0912	1536771	S	169	74	243	0.00001
Paenibacillus_sp._481	2835869	S	162	16	178	0.00001
Paenibacillus_sp._19GGS1-52	2758563	S	162	16	178	0.00001
Paenibacillus_sp._JNUCC-31	2777983	S	143	38	181	0.00001
Paenibacillus_sp._E222	2748863	S	119	39	158	0.00001
Paenibacillus_sp._IHB_B_3084	867076	S	113	60	173	0.00001
Paenibacillus_sp._IHBB_10380	1566358	S	80	15	95	0.00000
Paenibacillus_sp._FSL_R5-0345	1536770	S	76	19	95	0.00000
Paenibacillus_sp._N3/727	2925845	S	76	86	162	0.00001
Paenibacillus_sp._FSL_H7-0737	1536775	S	73	20	93	0.00000
Paenibacillus_sp._Cedars	1980674	S	42	225	267	0.00001
Paenibacillus_sp._lzh-N1	2069255	S	15	228	243	0.00001
Paenibacillus_sp._M-152	2487928	S	14	197	211	0.00001
Paenibacillus_sp._S02	2823904	S	10	73	83	0.00000
Paenibacillus_mucilaginosus	61624	S	3581	319	3900	0.00020
Paenibacillus_albicereus	2726185	S	2407	694	3101	0.00016
Paenibacillus_lycopersici	2704462	S	1796	233	2029	0.00010
Paenibacillus_ihbetae	1870820	S	1177	170	1347	0.00007
Paenibacillus_macerans	44252	S	1159	111	1270	0.00006
Paenibacillus_rhizovicinus	2704463	S	1075	151	1226	0.00006
Paenibacillus_cellulositrophicus	562959	S	1022	104	1126	0.00006
Paenibacillus_konkukensis	2020716	S	1016	113	1129	0.00006
Paenibacillus_dendritiformis	130049	S	962	164	1126	0.00006
Paenibacillus_beijingensis	1126833	S	944	115	1059	0.00005
Paenibacillus_chitinolyticus	79263	S	735	92	827	0.00004
Paenibacillus_thiaminolyticus	49283	S	713	120	833	0.00004
Paenibacillus_lautus	1401	S	702	807	1509	0.00008
Paenibacillus_stellifer	169760	S	689	127	816	0.00004
Paenibacillus_cellulosilyticus	375489	S	634	86	720	0.00004
Paenibacillus_durus	44251	S	599	215	814	0.00004
Paenibacillus_sabinae	365617	S	495	122	617	0.00003
Paenibacillus_donghaensis	414771	S	490	53	543	0.00003
Paenibacillus_naphthalenovorans	162209	S	486	72	558	0.00003
Paenibacillus_albus	2495582	S	468	68	536	0.00003
Paenibacillus_protaetiae	2509456	S	419	65	484	0.00002
Paenibacillus_polymyxa	1406	S	417	1450	1867	0.00010
Paenibacillus_azoreducens	116718	S	405	50	455	0.00002
Paenibacillus_tritici	1873425	S	376	56	432	0.00002
Paenibacillus_agaridevorans	171404	S	353	386	739	0.00004
Paenibacillus_xylanilyticus	248903	S	352	75	427	0.00002
Paenibacillus_riograndensis	483937	S	121	107	228	0.00001
Paenibacillus_sonchi	373687	S	103	180	283	0.00001
Paenibacillus_physcomitrellae	1619311	S	317	105	422	0.00002
Paenibacillus_algicola	2565926	S	316	54	370	0.00002
Paenibacillus_swuensis	1178515	S	311	47	358	0.00002
Paenibacillus_yonginensis	1462996	S	293	127	420	0.00002
Paenibacillus_sophorae	1333845	S	283	97	380	0.00002
Paenibacillus_guangzhouensis	1473112	S	262	26	288	0.00001
Paenibacillus_tianjinensis	2810347	S	251	43	294	0.00002
Paenibacillus_borealis	160799	S	238	79	317	0.00002
Paenibacillus_alvei	44250	S	233	32	265	0.00001
Paenibacillus_kribbensis	172713	S	212	77	289	0.00001
Paenibacillus_bovis	1616788	S	202	28	230	0.00001
Paenibacillus_lutimineralis	2707005	S	197	27	224	0.00001
Paenibacillus_graminis	189425	S	195	97	292	0.00001
Paenibacillus_lentus	1338368	S	193	20	213	0.00001
Paenibacillus_jilunlii	682956	S	187	120	307	0.00002
Paenibacillus_psychroresistens	1778678	S	178	11	189	0.00001
Paenibacillus_baekrokdamisoli	1712516	S	167	19	186	0.00001
Paenibacillus_barcinonensis	198119	S	156	27	183	0.00001
Paenibacillus_larvae	1464	S	137	17	154	0.00001
Paenibacillus_odorifer	189426	S	132	24	156	0.00001
Paenibacillus_pabuli	1472	S	117	41	158	0.00001
Paenibacillus_terrae	159743	S	106	49	155	0.00001
Paenibacillus_uliginis	683737	S	103	103	206	0.00001
Paenibacillus_brasilensis	128574	S	99	44	143	0.00001
Paenibacillus_crassostreae	1763538	S	96	16	112	0.00001
Paenibacillus_antarcticus	253703	S	83	13	96	0.00000
Paenibacillus_xylanexedens	528191	S	63	42	105	0.00001
Paenibacillus_peoriae	59893	S	61	327	388	0.00002
Paenibacillus_glucanolyticus	59843	S	51	281	332	0.00002
Brevibacillus_marinus	2496837	S	1499	265	1764	0.00009
Brevibacillus_composti	2796470	S	868	231	1099	0.00006
Brevibacillus_agri	51101	S	828	223	1051	0.00005
Brevibacillus_choshinensis	54911	S	622	155	777	0.00004
Brevibacillus_sp._MMS20-4M-10-Y	2895522	S	505	74	579	0.00003
Brevibacillus_sp._HD3.3A	2738979	S	51	257	308	0.00002
Brevibacillus_sp._DP1.3A	2738867	S	47	49	96	0.00000
Brevibacillus_brevis	1393	S	537	327	864	0.00004
Brevibacillus_laterosporus	1465	S	212	299	511	0.00003
Brevibacillus_formosus	54913	S	85	84	169	0.00001
Brevibacillus_parabrevis	54914	S	65	339	404	0.00002
Cohnella_candidum	2674991	S	1460	197	1657	0.00008
Cohnella_sp._LGH	1619153	S	879	331	1210	0.00006
Cohnella_sp._MFER-1	2728023	S	445	68	513	0.00003
Cohnella_cholangitidis	2598458	S	443	85	528	0.00003
Cohnella_abietis	2507935	S	125	15	140	0.00001
Thermobacillus_composti	377615	S	3090	461	3551	0.00018
Saccharibacillus_brassicae	2583377	S	1647	208	1855	0.00009
Aneurinibacillus_soli	1500254	S	327	376	703	0.00004
Novibacillus_thermophilus	1471761	S	3847	581	4428	0.00023
Thermoactinomyces_vulgaris	2026	S	3074	637	3711	0.00019
Kroppenstedtia_eburnea	714067	S	1309	146	1455	0.00007
Kroppenstedtia_pulmonis	1380685	S	177	14	191	0.00001
Polycladomyces_abyssicola	1125966	S	1495	137	1632	0.00008
Laceyella_sacchari	37482	S	1369	322	1691	0.00009
Staphylospora_marina	2490858	S	964	154	1118	0.00006
Alicyclobacillus_acidocaldarius	405212	S	3002	282	3284	0.00017
Alicyclobacillus_acidoterrestris	1450	S	363	62	425	0.00002
Alicyclobacillus_mengziensis	2931921	S	330	24	354	0.00002
Alicyclobacillus_sp._SO9	2665646	S	225	20	245	0.00001
Alicyclobacillus_sp._TC	2606450	S	51	8	59	0.00000
Tumebacillus_avium	1903704	S	1953	905	2858	0.00015
Tumebacillus_algifaecis	1214604	S	729	285	1014	0.00005
Kyrpidia_spormannii	2055160	S	449	216	665	0.00003
Kyrpidia_tusciae	33943	S	357	242	599	0.00003
Effusibacillus_dendaii	2743772	S	234	33	267	0.00001
Planococcus_sp._107-1	2908840	S	122	59	181	0.00001
Planococcus_sp._MB-3u-03	2058136	S	115	81	196	0.00001
Planococcus_sp._PAMC_21323	1526927	S	50	25	75	0.00000
Planococcus_plakortidis	1038856	S	226	146	372	0.00002
Planococcus_maritimus	192421	S	220	106	326	0.00002
Planococcus_lenghuensis	2213202	S	218	54	272	0.00001
Planococcus_glaciei	459472	S	197	67	264	0.00001
Planococcus_rifietoensis	200991	S	137	104	241	0.00001
Planococcus_halotolerans	2233542	S	108	39	147	0.00001
Planococcus_massiliensis	1499687	S	101	24	125	0.00001
Planococcus_halocryophilus	1215089	S	60	34	94	0.00000
Planococcus_antarcticus	161360	S	52	18	70	0.00000
Planococcus_versutus	1302659	S	51	26	77	0.00000
Planococcus_donghaensis	414778	S	49	30	79	0.00000
Planococcus_kocurii	1374	S	16	54	70	0.00000
Planococcus_faecalis	1598147	S	11	36	47	0.00000
Sporosarcina_sp._Te-1	2818390	S	107	29	136	0.00001
Sporosarcina_sp._Marseille-Q4063	2810514	S	74	15	89	0.00000
Sporosarcina_sp._PTS2304	2283194	S	55	18	73	0.00000
Sporosarcina_sp._resist	2762563	S	21	67	88	0.00000
Sporosarcina_sp._P37	1930546	S	13	49	62	0.00000
Sporosarcina_sp._P33	1930764	S	12	49	61	0.00000
Sporosarcina_ureae	1571	S	165	52	217	0.00001
Sporosarcina_pasteurii	1474	S	44	15	59	0.00000
Sporosarcina_ureilytica	298596	S	44	15	59	0.00000
Sporosarcina_psychrophila	1476	S	14	53	67	0.00000
Solibacillus_silvestris	76853	S	202	92	294	0.00002
Solibacillus_sp._R5-41	2048654	S	66	34	100	0.00001
Ureibacillus_thermosphaericus	51173	S	91	120	211	0.00001
Ureibacillus_thermophilus	367743	S	82	50	132	0.00001
Paenisporosarcina_antarctica	417367	S	95	34	129	0.00001
Paenisporosarcina_cavernae	2320858	S	45	30	75	0.00000
Jeotgalibacillus_malaysiensis	1508404	S	116	45	161	0.00001
Kurthia_sp._11kri321	1750719	S	42	29	71	0.00000
Kurthia_zopfii	1650	S	39	23	62	0.00000
Viridibacillus_sp._JNUCC-6	2779527	S	67	28	95	0.00000
Rummeliibacillus_stabekisii	241244	S	60	34	94	0.00000
Staphylococcus_aureus	1280	S	129	1561	1690	0.00009
Staphylococcus_sp._CCM_9025	2892440	S	27	13	40	0.00000
Staphylococcus_sp._17KM0847	2583989	S	17	9	26	0.00000
Staphylococcus_epidermidis	1282	S	57	54	111	0.00001
Staphylococcus_pseudintermedius	283734	S	35	36	71	0.00000
Staphylococcus_delphini	53344	S	15	12	27	0.00000
Staphylococcus_haemolyticus	1283	S	47	77	124	0.00001
Staphylococcus_pettenkoferi	170573	S	32	9	41	0.00000
Staphylococcus_capitis	29388	S	31	33	64	0.00000
Staphylococcus_pseudoxylosus	2282419	S	29	17	46	0.00000
Staphylococcus_chromogenes	46126	S	28	15	43	0.00000
Staphylococcus_muscae	1294	S	28	14	42	0.00000
Staphylococcus_simulans	1286	S	26	11	37	0.00000
Staphylococcus_simiae	308354	S	23	14	37	0.00000
Staphylococcus_arlettae	29378	S	23	18	41	0.00000
Staphylococcus_lugdunensis	28035	S	22	11	33	0.00000
Staphylococcus_gallinarum	1293	S	21	1	22	0.00000
Staphylococcus_schleiferi	1295	S	20	40	60	0.00000
Staphylococcus_xylosus	1288	S	20	10	30	0.00000
Staphylococcus_lutrae	155085	S	19	9	28	0.00000
Staphylococcus_roterodami	2699836	S	19	21	40	0.00000
Staphylococcus_hyicus	1284	S	19	10	29	0.00000
Staphylococcus_piscifermentans	70258	S	18	8	26	0.00000
Staphylococcus_caprae	29380	S	17	12	29	0.00000
Staphylococcus_felis	46127	S	17	8	25	0.00000
Staphylococcus_succinus	61015	S	17	6	23	0.00000
Staphylococcus_pasteuri	45972	S	16	14	30	0.00000
Staphylococcus_saprophyticus	29385	S	16	9	25	0.00000
Staphylococcus_auricularis	29379	S	16	6	22	0.00000
Staphylococcus_saccharolyticus	33028	S	15	6	21	0.00000
Staphylococcus_lloydii	2781774	S	15	8	23	0.00000
Staphylococcus_hominis	1290	S	15	16	31	0.00000
Staphylococcus_debuckii	2044912	S	15	7	22	0.00000
Staphylococcus_agnetis	985762	S	15	6	21	0.00000
Staphylococcus_edaphicus	1955013	S	14	4	18	0.00000
Staphylococcus_cohnii	29382	S	13	12	25	0.00000
Staphylococcus_nepalensis	214473	S	13	5	18	0.00000
Staphylococcus_carnosus	1281	S	11	4	15	0.00000
Staphylococcus_warneri	1292	S	10	15	25	0.00000
Staphylococcus_kloosii	29384	S	10	6	16	0.00000
Macrococcus_canis	1855823	S	40	24	64	0.00000
Macrococcus_brunensis	198483	S	38	13	51	0.00000
Macrococcus_armenti	2875764	S	32	20	52	0.00000
Macrococcus_caseolyticus	69966	S	19	71	90	0.00000
Mammaliicoccus_sciuri	1296	S	51	37	88	0.00000
Mammaliicoccus_stepanovicii	643214	S	22	9	31	0.00000
Mammaliicoccus_lentus	42858	S	19	16	35	0.00000
Mammaliicoccus_vitulinus	71237	S	18	10	28	0.00000
Jeotgalicoccus_sp._WY2	2708346	S	33	9	42	0.00000
Jeotgalicoccus_sp._ATCC_8456	946435	S	15	3	18	0.00000
Jeotgalicoccus_saudimassiliensis	1461582	S	44	7	51	0.00000
Salinicoccus_halodurans	407035	S	93	33	126	0.00001
Nosocomiicoccus_ampullae	489910	S	29	5	34	0.00000
Abyssicoccus_albus	1817405	S	19	6	25	0.00000
Exiguobacterium_alkaliphilum	1428684	S	366	133	499	0.00003
Exiguobacterium_sp._AT1b	360911	S	62	77	139	0.00001
Exiguobacterium_sp._Helios	2735868	S	60	29	89	0.00000
Exiguobacterium_sp._N4-1P	2051906	S	55	39	94	0.00000
Exiguobacterium_sp._PFWT01	2829816	S	38	48	86	0.00000
Exiguobacterium_sp._MH3	1399115	S	32	47	79	0.00000
Exiguobacterium_mexicanum	340146	S	296	118	414	0.00002
Exiguobacterium_acetylicum	41170	S	129	224	353	0.00002
Exiguobacterium_antarcticum	132920	S	82	33	115	0.00001
Exiguobacterium_sibiricum	332410	S	68	35	103	0.00001
Gemella_sp._zg-570	2840371	S	10	10	20	0.00000
Gemella_haemolysans	1379	S	12	17	29	0.00000
Listeria_monocytogenes	1639	S	112	8371	8483	0.00043
Listeria_weihenstephanensis	1006155	S	64	16	80	0.00000
Listeria_innocua	1642	S	51	49	100	0.00001
Listeria_grayi	1641	S	44	15	59	0.00000
Listeria_ivanovii	1638	S	36	8	44	0.00000
Listeria_sp._PSOL-1	1844999	S	27	8	35	0.00000
Listeria_seeligeri	1640	S	26	8	34	0.00000
Listeria_welshimeri	1643	S	24	16	40	0.00000
Listeria_marthii	529731	S	23	9	32	0.00000
Brochothrix_thermosphacta	2756	S	44	16	60	0.00000
Sporolactobacillus_terrae	269673	S	183	29	212	0.00001
Limosilactobacillus_fermentum	1613	S	253	215	468	0.00002
Limosilactobacillus_pontis	35787	S	247	155	402	0.00002
Limosilactobacillus_mucosae	97478	S	125	72	197	0.00001
Limosilactobacillus_panis	47493	S	55	27	82	0.00000
Limosilactobacillus_reuteri	1598	S	53	67	120	0.00001
Limosilactobacillus_gastricus	227942	S	18	8	26	0.00000
Limosilactobacillus_vaginalis	1633	S	15	8	23	0.00000
Limosilactobacillus_frumenti	104955	S	12	5	17	0.00000
Lactobacillus_delbrueckii	1584	S	246	605	851	0.00004
Lactobacillus_sp._3B(2020)	2695882	S	22	8	30	0.00000
Lactobacillus_sp._CBA3606	2099789	S	11	11	22	0.00000
Lactobacillus_amylovorus	1604	S	30	62	92	0.00000
Lactobacillus_panisapium	2012495	S	28	5	33	0.00000
Lactobacillus_jensenii	109790	S	23	35	58	0.00000
Lactobacillus_acetotolerans	1600	S	22	6	28	0.00000
Lactobacillus_crispatus	47770	S	13	8	21	0.00000
Lactobacillus_amylolyticus	83683	S	12	7	19	0.00000
Lactobacillus_johnsonii	33959	S	10	8	18	0.00000
Lactobacillus_kefiranofaciens	267818	S	10	14	24	0.00000
Lacticaseibacillus_casei	1582	S	110	40	150	0.00001
Lacticaseibacillus_rhamnosus	47715	S	95	39	134	0.00001
Lacticaseibacillus_manihotivorans	88233	S	73	23	96	0.00000
Lacticaseibacillus_paracasei	1597	S	54	193	247	0.00001
Lacticaseibacillus_zeae	57037	S	51	23	74	0.00000
Lacticaseibacillus_chiayiensis	2100821	S	39	7	46	0.00000
Levilactobacillus_zymae	267363	S	217	69	286	0.00001
Levilactobacillus_brevis	1580	S	139	54	193	0.00001
Levilactobacillus_suantsaii	2292255	S	61	23	84	0.00000
Levilactobacillus_koreensis	637971	S	37	6	43	0.00000
Schleiferilactobacillus_harbinensis	304207	S	237	27	264	0.00001
Lactiplantibacillus_pentosus	1589	S	91	26	117	0.00001
Lactiplantibacillus_plantarum	1590	S	66	79	145	0.00001
Lactiplantibacillus_paraplantarum	60520	S	25	7	32	0.00000
Ligilactobacillus_ruminis	1623	S	60	23	83	0.00000
Ligilactobacillus_animalis	1605	S	29	33	62	0.00000
Ligilactobacillus_salivarius	1624	S	23	28	51	0.00000
Ligilactobacillus_acidipiscis	89059	S	22	8	30	0.00000
Ligilactobacillus_agilis	1601	S	21	15	36	0.00000
Ligilactobacillus_murinus	1622	S	20	23	43	0.00000
Ligilactobacillus_saerimneri	228229	S	12	16	28	0.00000
Weissella_cibaria	137591	S	34	25	59	0.00000
Weissella_confusa	1583	S	32	25	57	0.00000
Weissella_paramesenteroides	1249	S	16	16	32	0.00000
Weissella_coleopterorum	2714949	S	16	7	23	0.00000
Weissella_viridescens	1629	S	12	5	17	0.00000
Weissella_soli	155866	S	12	3	15	0.00000
Weissella_diestrammenae	1162633	S	10	2	12	0.00000
Leuconostoc_lactis	1246	S	34	61	95	0.00000
Leuconostoc_gelidum	1244	S	29	3	32	0.00000
Leuconostoc_pseudomesenteroides	33968	S	12	14	26	0.00000
Leuconostoc_mesenteroides	1245	S	11	12	23	0.00000
Lentilactobacillus_buchneri	1581	S	40	16	56	0.00000
Lentilactobacillus_hilgardii	1588	S	37	9	46	0.00000
Lentilactobacillus_parabuchneri	152331	S	25	8	33	0.00000
Lentilactobacillus_kefiri	33962	S	16	6	22	0.00000
Lentilactobacillus_sp._IM3328	2883998	S	12	4	16	0.00000
Secundilactobacillus_paracollinoides	240427	S	106	39	145	0.00001
Secundilactobacillus_malefermentans	176292	S	11	4	15	0.00000
Oenococcus_kitaharae	336988	S	72	5	77	0.00000
Oenococcus_sicerae	2203724	S	14	0	14	0.00000
Oenococcus_oeni	1247	S	12	2	14	0.00000
Oenococcus_sp._UCMA_16435	2259623	S	12	3	15	0.00000
Pediococcus_acidilactici	1254	S	46	24	70	0.00000
Pediococcus_pentosaceus	1255	S	18	9	27	0.00000
Pediococcus_damnosus	51663	S	17	8	25	0.00000
Pediococcus_inopinatus	114090	S	13	7	20	0.00000
Loigolactobacillus_coryniformis	1610	S	46	48	94	0.00000
Loigolactobacillus_bifermentans	1607	S	27	7	34	0.00000
Loigolactobacillus_backii	375175	S	18	8	26	0.00000
Latilactobacillus_sakei	1599	S	27	23	50	0.00000
Latilactobacillus_curvatus	28038	S	25	16	41	0.00000
Latilactobacillus_fuchuensis	164393	S	17	0	17	0.00000
Companilactobacillus_zhachilii	2304606	S	11	10	21	0.00000
Liquorilactobacillus_nagelii	82688	S	18	8	26	0.00000
Liquorilactobacillus_hordei	468911	S	12	7	19	0.00000
Liquorilactobacillus_mali	1618	S	10	5	15	0.00000
Fructilactobacillus_fructivorans	1614	S	14	3	17	0.00000
Fructilactobacillus_lindneri	53444	S	10	6	16	0.00000
Paucilactobacillus_nenjiangensis	1296540	S	14	9	23	0.00000
Paucilactobacillus_hokkaidonensis	1193095	S	11	4	15	0.00000
Furfurilactobacillus_rossiae	231049	S	25	4	29	0.00000
Apilactobacillus_kunkeei	148814	S	22	4	26	0.00000
Acetilactobacillus_jinshanensis	1720083	S	21	1	22	0.00000
Periweissella_cryptocerci	2506420	S	20	2	22	0.00000
Amylolactobacillus_amylophilus	1603	S	15	13	28	0.00000
Lapidilactobacillus_dextrinicus	51664	S	10	3	13	0.00000
Bombilactobacillus_bombi	1303590	S	10	1	11	0.00000
Streptococcus_sp._HKU75	2781599	S	24	4	28	0.00000
Streptococcus_sp._oral_taxon_061	712623	S	15	20	35	0.00000
Streptococcus_sp._A12	1759399	S	10	7	17	0.00000
Streptococcus_suis	1307	S	75	97	172	0.00001
Streptococcus_sanguinis	1305	S	69	27	96	0.00000
Streptococcus_oralis	1303	S	55	71	126	0.00001
Streptococcus_equi	1336	S	32	12	44	0.00000
Streptococcus_cristatus	45634	S	35	56	91	0.00000
Streptococcus_sobrinus	1310	S	33	6	39	0.00000
Streptococcus_pyogenes	1314	S	31	92	123	0.00001
Streptococcus_gordonii	1302	S	30	13	43	0.00000
Streptococcus_merionis	400065	S	30	4	34	0.00000
Streptococcus_pantholopis	1811193	S	27	3	30	0.00000
Streptococcus_intermedius	1338	S	10	4	14	0.00000
Streptococcus_salivarius	1304	S	21	34	55	0.00000
Streptococcus_porcinus	1340	S	21	12	33	0.00000
Streptococcus_chenjunshii	2173853	S	20	2	22	0.00000
Streptococcus_respiraculi	2021971	S	20	5	25	0.00000
Streptococcus_infantis	68892	S	20	8	28	0.00000
Streptococcus_ferus	1345	S	20	4	24	0.00000
Streptococcus_gallolyticus	315405	S	19	46	65	0.00000
Streptococcus_parasuis	1501662	S	19	43	62	0.00000
Streptococcus_pneumoniae	1313	S	18	487	505	0.00003
Streptococcus_mitis	28037	S	17	19	36	0.00000
Streptococcus_mutans	1309	S	17	14	31	0.00000
Streptococcus_himalayensis	1888195	S	16	3	19	0.00000
Streptococcus_uberis	1349	S	14	6	20	0.00000
Streptococcus_halichoeri	254785	S	14	21	35	0.00000
Streptococcus_thermophilus	1308	S	13	347	360	0.00002
Streptococcus_iniae	1346	S	12	4	16	0.00000
Streptococcus_pseudoporcinus	361101	S	11	12	23	0.00000
Streptococcus_urinalis	149016	S	11	7	18	0.00000
Streptococcus_parasanguinis	1318	S	10	5	15	0.00000
Streptococcus_equinus	1335	S	10	9	19	0.00000
Lactococcus_lactis	1358	S	37	34	71	0.00000
Lactococcus_raffinolactis	1366	S	34	16	50	0.00000
Lactococcus_garvieae	1363	S	21	22	43	0.00000
Lactococcus_cremoris	1359	S	17	25	42	0.00000
Lactococcus_piscium	1364	S	15	67	82	0.00000
Lactococcus_taiwanensis	1151742	S	10	2	12	0.00000
Lactococcus_protaetiae	2592653	S	10	2	12	0.00000
Enterococcus_avium	33945	S	63	37	100	0.00001
Enterococcus_faecalis	1351	S	56	117	173	0.00001
Enterococcus_casseliflavus	37734	S	45	110	155	0.00001
Enterococcus_faecium	1352	S	40	300	340	0.00002
Enterococcus_raffinosus	71452	S	38	24	62	0.00000
Enterococcus_gilvus	160453	S	34	15	49	0.00000
Enterococcus_durans	53345	S	27	28	55	0.00000
Enterococcus_cecorum	44008	S	24	20	44	0.00000
Enterococcus_mundtii	53346	S	23	11	34	0.00000
Enterococcus_wangshanyuanii	2005703	S	16	2	18	0.00000
Enterococcus_hirae	1354	S	14	12	26	0.00000
Enterococcus_rotai	118060	S	14	0	14	0.00000
Enterococcus_thailandicus	417368	S	14	7	21	0.00000
Enterococcus_saigonensis	1805431	S	13	20	33	0.00000
Vagococcus_lutrae	81947	S	35	71	106	0.00001
Vagococcus_zengguangii	2571750	S	21	10	31	0.00000
Vagococcus_fluvialis	2738	S	16	14	30	0.00000
Vagococcus_sp._CY52-2	2925838	S	16	15	31	0.00000
Vagococcus_coleopterorum	2714946	S	15	6	21	0.00000
Vagococcus_penaei	633807	S	14	4	18	0.00000
Vagococcus_hydrophili	2714947	S	10	3	13	0.00000
Tetragenococcus_halophilus	51669	S	23	13	36	0.00000
Tetragenococcus_osmophilus	526944	S	14	9	23	0.00000
Tetragenococcus_koreensis	290335	S	11	4	15	0.00000
Melissococcus_plutonius	33970	S	10	2	12	0.00000
Aerococcus_sanguinicola	119206	S	65	15	80	0.00000
Aerococcus_urinae	1376	S	35	12	47	0.00000
Aerococcus_christensenii	87541	S	30	49	79	0.00000
Aerococcus_urinaeequi	51665	S	24	124	148	0.00001
Aerococcus_urinaehominis	128944	S	10	2	12	0.00000
Suicoccus_acidiformans	2036206	S	39	27	66	0.00000
Abiotrophia_defectiva	46125	S	24	7	31	0.00000
Ignavigranum_ruoffiae	89093	S	13	2	15	0.00000
Carnobacterium_sp._17-4	208596	S	17	26	43	0.00000
Carnobacterium_maltaromaticum	2751	S	32	15	47	0.00000
Carnobacterium_divergens	2748	S	30	7	37	0.00000
Carnobacterium_inhibens	147709	S	14	11	25	0.00000
Jeotgalibaca_porci	1868793	S	23	16	39	0.00000
Jeotgalibaca_dankookensis	708126	S	21	5	26	0.00000
Jeotgalibaca_sp._MA1X17-3	2908211	S	16	4	20	0.00000
Jeotgalibaca_ciconiae	2496265	S	15	7	22	0.00000
Jeotgalibaca_arthritidis	1868794	S	14	42	56	0.00000
Dolosigranulum_pigrum	29394	S	46	15	61	0.00000
Marinilactibacillus_sp._15R	1911586	S	32	13	45	0.00000
Granulicatella_adiacens	46124	S	10	5	15	0.00000
Thermaerobacter_sp._FW80	2546351	S	4201	866	5067	0.00026
Thermaerobacter_sp._PB12/4term	2293838	S	2884	712	3596	0.00018
Thermaerobacter_marianensis	73919	S	3482	867	4349	0.00022
Intestinimonas_butyriciproducens	1297617	S	720	279	999	0.00005
Flintibacter_sp._KGMB00164	2610895	S	459	53	512	0.00003
Aminipila_luticellarii	2507160	S	73	13	86	0.00000
Aminipila_butyrica	433296	S	49	7	56	0.00000
Aminipila_terrae	2697030	S	40	7	47	0.00000
Emergencia_timonensis	1776384	S	167	60	227	0.00001
Mogibacterium_diversum	114527	S	25	22	47	0.00000
Mogibacterium_pumilum	86332	S	19	15	34	0.00000
Massilistercora_timonensis	2086584	S	229	233	462	0.00002
Carboxydocella_thermautotrophica	178899	S	167	17	184	0.00001
Fenollaria_massiliensis	938288	S	12	12	24	0.00000
Faecalibacterium_prausnitzii	853	S	2108	1962	4070	0.00021
Dysosmobacter_sp._Marseille-Q4140	2830675	S	1042	421	1463	0.00007
Dysosmobacter_welbionis	2093857	S	605	384	989	0.00005
Flavonifractor_plautii	292800	S	1507	366	1873	0.00010
Vescimonas_coprocola	2714355	S	542	440	982	0.00005
Vescimonas_fastidiosa	2714353	S	313	483	796	0.00004
Ethanoligenens_harbinense	253239	S	765	173	938	0.00005
Ruthenibacterium_lactatiformans	1550024	S	701	183	884	0.00005
Caproiciproducens_sp._NJN-50	2507162	S	554	71	625	0.00003
Anaerotruncus_colihominis	169435	S	548	278	826	0.00004
Oscillibacter_sp._NSJ-62	2763056	S	541	174	715	0.00004
Acutalibacter_muris	1796620	S	421	20	441	0.00002
Caproicibacter_fermentans	2576756	S	377	21	398	0.00002
Ruminococcus_champanellensis	1161942	S	189	8	197	0.00001
Ruminococcus_albus	1264	S	57	1	58	0.00000
Ruminococcus_bovis	2564099	S	35	5	40	0.00000
Ruminococcus_bicirculans	1160721	S	29	5	34	0.00000
Pusillibacter_faecalis	2714358	S	313	200	513	0.00003
Caproicibacterium_lactatifermentans	2666138	S	138	16	154	0.00001
Caproicibacterium_amylolyticum	2766537	S	109	8	117	0.00001
Acetivibrio_thermocellus	1515	S	81	24	105	0.00001
Acetivibrio_clariflavus	288965	S	72	44	116	0.00001
Acetivibrio_saccincola	1677857	S	70	42	112	0.00001
Solibaculum_mannosilyticum	2780922	S	219	205	424	0.00002
Pseudoclostridium_thermosuccinogenes	84032	S	180	42	222	0.00001
Ruminiclostridium_herbifermentans	2488810	S	45	10	55	0.00000
Ruminiclostridium_cellulolyticum	1521	S	31	6	37	0.00000
Thermoclostridium_stercorarium	1510	S	74	46	120	0.00001
Mageeibacillus_indolicus	884684	S	44	63	107	0.00001
Monoglobus_pectinilyticus	1981510	S	36	17	53	0.00000
Fastidiosipila_sanguinis	236753	S	33	15	48	0.00000
Symbiobacterium_thermophilum	2734	S	4807	445	5252	0.00027
Lachnoclostridium_phocaeense	1871021	S	179	153	332	0.00002
[Clostridium]_scindens	29347	S	178	71	249	0.00001
[Clostridium]_hylemonae	89153	S	178	45	223	0.00001
Lachnoclostridium_sp._YL32	1834196	S	34	59	93	0.00000
Lachnoclostridium_phytofermentans	66219	S	27	1	28	0.00000
Blautia_producta	33035	S	156	28	184	0.00001
Blautia_sp._NBRC_113351	2877527	S	97	102	199	0.00001
Blautia_sp._SC05B48	2479767	S	10	24	34	0.00000
Blautia_pseudococcoides	1796616	S	83	10	93	0.00000
Blautia_liquoris	2779518	S	38	3	41	0.00000
Blautia_obeum	40520	S	29	25	54	0.00000
Blautia_massiliensis	1737424	S	25	47	72	0.00000
Blautia_argi	1912897	S	18	16	34	0.00000
Blautia_hansenii	1322	S	15	10	25	0.00000
Lachnospiraceae_bacterium_NSJ-29	2763667	S	185	53	238	0.00001
Lachnospiraceae_bacterium_NSJ-38	2763669	S	164	59	223	0.00001
Lachnospiraceae_bacterium_sunii_NSJ-8	2763672	S	87	67	154	0.00001
Lachnospiraceae_bacterium_NSJ-4	2763670	S	33	31	64	0.00000
Roseburia_hominis	301301	S	176	179	355	0.00002
Roseburia_intestinalis	166486	S	56	48	104	0.00001
Roseburia_sp._NSJ-69	2763062	S	15	7	22	0.00000
Coprococcus_comes	410072	S	104	112	216	0.00001
Coprococcus_catus	116085	S	50	25	75	0.00000
Coprococcus_sp._ART55/1	751585	S	31	26	57	0.00000
Coprococcus_eutactus	33043	S	28	28	56	0.00000
Anaerocolumna_cellulosilytica	433286	S	90	9	99	0.00001
Anaerocolumna_chitinilytica	1727145	S	59	4	63	0.00000
Anaerocolumna_sedimenticola	2696063	S	56	6	62	0.00000
Enterocloster_bolteae	208479	S	186	57	243	0.00001
Enterocloster_clostridioformis	1531	S	21	64	85	0.00000
Anaerostipes_caccae	105841	S	61	21	82	0.00000
Anaerostipes_rhamnosivorans	1229621	S	60	28	88	0.00000
Anaerostipes_hadrus	649756	S	23	22	45	0.00000
Lacrimispora_sphenoides	29370	S	79	6	85	0.00000
Lacrimispora_saccharolytica	84030	S	64	9	73	0.00000
Butyrivibrio_fibrisolvens	831	S	53	15	68	0.00000
Butyrivibrio_hungatei	185008	S	18	3	21	0.00000
Butyrivibrio_proteoclasticus	43305	S	12	2	14	0.00000
Anaerotignum_propionicum	28446	S	91	9	100	0.00001
Herbinix_luporum	1679721	S	70	46	116	0.00001
[Ruminococcus]_gnavus	33038	S	51	44	95	0.00000
[Ruminococcus]_torques	33039	S	18	14	32	0.00000
Novisyntrophococcus_fermenticellae	2068655	S	66	8	74	0.00000
Sellimonas_intestinalis	1653434	S	58	32	90	0.00000
Anaerobutyricum_hallii	39488	S	45	16	61	0.00000
Cellulosilyticum_lentocellum	29360	S	19	18	37	0.00000
Pseudobutyrivibrio_xylanivorans	185007	S	33	2	35	0.00000
Lachnoanaerobaculum_umeaense	617123	S	32	9	41	0.00000
Faecalicatena_sp._Marseille-Q4148	2823316	S	26	12	38	0.00000
Dorea_longicatena	88431	S	23	22	45	0.00000
[Clostridium]_colinum	36835	S	20	2	22	0.00000
Lachnospira_eligens	39485	S	20	3	23	0.00000
Clostridium_sp._M62/1	411486	S	132	152	284	0.00001
Clostridium_sp._SY8519	1042156	S	119	35	154	0.00001
Clostridium_sp._BNL1100	755731	S	52	5	57	0.00000
Clostridium_sp._'deep_sea'	2779445	S	46	0	46	0.00000
Clostridium_sp._DL-VIII	641107	S	41	8	49	0.00000
Clostridium_sp._C5S11	704125	S	37	5	42	0.00000
Clostridium_sp._JN-1	2483110	S	35	5	40	0.00000
Clostridium_sp._JN-9	2507159	S	34	6	40	0.00000
Clostridium_sp._C1	1155388	S	33	32	65	0.00000
Clostridium_sp._BJN0001	2930219	S	27	7	34	0.00000
Clostridium_sp._MD294	97138	S	19	1	20	0.00000
Clostridium_sp._001	1970093	S	10	9	19	0.00000
Clostridium_botulinum	1491	S	108	128	236	0.00001
Clostridium_perfringens	1502	S	108	40	148	0.00001
Clostridium_tyrobutyricum	1519	S	98	10	108	0.00001
Clostridium_pasteurianum	1501	S	70	13	83	0.00000
Clostridium_beijerinckii	1520	S	57	153	210	0.00001
Clostridium_intestinale	36845	S	54	7	61	0.00000
Clostridium_argentinense	29341	S	48	7	55	0.00000
Clostridium_baratii	1561	S	47	13	60	0.00000
Clostridium_fermenticellae	2068654	S	44	5	49	0.00000
Clostridium_formicaceticum	1497	S	43	9	52	0.00000
Clostridium_kluyveri	1534	S	43	3	46	0.00000
Clostridium_thermarum	1716543	S	42	25	67	0.00000
Clostridium_saccharoperbutylacetonicum	36745	S	41	9	50	0.00000
Clostridium_cadaveris	1529	S	38	9	47	0.00000
Clostridium_butyricum	1492	S	36	7	43	0.00000
Clostridium_aceticum	84022	S	34	4	38	0.00000
Clostridium_manihotivorum	2320868	S	34	4	38	0.00000
Clostridium_tetani	1513	S	33	13	46	0.00000
Clostridium_isatidis	182773	S	32	15	47	0.00000
Clostridium_cellulovorans	1493	S	30	5	35	0.00000
Clostridium_gasigenes	94869	S	28	5	33	0.00000
Clostridium_estertheticum	238834	S	24	5	29	0.00000
Clostridium_sporogenes	1509	S	21	173	194	0.00001
Clostridium_saccharobutylicum	169679	S	20	4	24	0.00000
Clostridium_drakei	332101	S	19	20	39	0.00000
Clostridium_acetobutylicum	1488	S	16	0	16	0.00000
Clostridium_carboxidivorans	217159	S	15	5	20	0.00000
Clostridium_novyi	1542	S	14	127	141	0.00001
Clostridium_bornimense	1216932	S	14	4	18	0.00000
Clostridium_septicum	1504	S	10	3	13	0.00000
Clostridium_taeniosporum	394958	S	10	2	12	0.00000
Hungatella_hathewayi	154046	S	234	9	243	0.00001
Alkaliphilus_oremlandii	461876	S	81	20	101	0.00001
Alkaliphilus_sp._B6464	2731219	S	63	16	79	0.00000
Alkaliphilus_metalliredigens	208226	S	32	6	38	0.00000
Crassaminicella_profunda	1286698	S	30	7	37	0.00000
Crassaminicella_thermophila	2599308	S	28	9	37	0.00000
Crassaminicella_sp._143-21	2855394	S	13	6	19	0.00000
Geosporobacter_ferrireducens	1424294	S	61	11	72	0.00000
Candidatus_Arthromitus_sp._SFB-rat-Yit	1041504	S	14	37	51	0.00000
Caloramator_sp._E03	2576307	S	47	5	52	0.00000
Paraclostridium_bifermentans	1490	S	32	9	41	0.00000
Serpentinicella_alkaliphila	1734049	S	28	5	33	0.00000
Hathewaya_histolytica	1498	S	19	8	27	0.00000
Sarcina_sp._JB2	2726954	S	13	7	20	0.00000
Candidatus_Desulforudis_audaxviator	471827	S	1216	73	1289	0.00007
Desulforamulus_ruminis	1564	S	222	32	254	0.00001
Desulforamulus_ferrireducens	1833852	S	195	115	310	0.00002
Desulforamulus_reducens	59610	S	92	19	111	0.00001
Acididesulfobacillus_acetoxydans	1561005	S	363	15	378	0.00002
Candidatus_Formimonas_warabiya	1761012	S	243	20	263	0.00001
Thermanaerosceptrum_fracticalcis	1712410	S	129	18	147	0.00001
Dehalobacterium_formicoaceticum	51515	S	111	22	133	0.00001
Desulfofarcimen_acetoxidans	58138	S	107	13	120	0.00001
Christensenella_sp._Marseille-P3954	2086585	S	1079	560	1639	0.00008
Christensenella_minuta	626937	S	311	81	392	0.00002
Heliomicrobium_modesticaldum	35701	S	1132	492	1624	0.00008
Heliorestis_convoluta	356322	S	62	4	66	0.00000
Desulfosporosinus_youngiae	339862	S	102	39	141	0.00001
Desulfosporosinus_acidiphilus	885581	S	88	20	108	0.00001
Desulfosporosinus_orientis	1563	S	76	20	96	0.00000
Desulfosporosinus_meridiei	79209	S	67	31	98	0.00001
Desulfitobacterium_hafniense	49338	S	180	32	212	0.00001
Desulfitobacterium_dehalogenans	36854	S	78	17	95	0.00000
Desulfitobacterium_metallireducens	142877	S	50	11	61	0.00000
Desulfitobacterium_dichloroeliminans	233055	S	50	48	98	0.00001
Dehalobacter_restrictus	55583	S	55	91	146	0.00001
Syntrophobotulus_glycolicus	51197	S	103	7	110	0.00001
Eubacterium_limosum	1736	S	126	140	266	0.00001
Eubacterium_sp._MSJ-33	2841528	S	38	21	59	0.00000
Eubacterium_sp._c-25	2841037	S	34	17	51	0.00000
Eubacterium_sp._NSJ-61	2764325	S	14	20	34	0.00000
Eubacterium_callanderi	53442	S	73	64	137	0.00001
Eubacterium_maltosivorans	2041044	S	44	205	249	0.00001
Acetobacterium_sp._KB-1	2184575	S	118	45	163	0.00001
Acetobacterium_wieringae	52694	S	74	45	119	0.00001
Acetobacterium_woodii	33952	S	33	8	41	0.00000
Alkalibacter_sp._ES005	2815577	S	142	9	151	0.00001
Syntrophothermus_lipocalidus	86170	S	255	18	273	0.00001
Syntrophomonas_wolfei	863	S	106	14	120	0.00001
Candidatus_Contubernalis_alkalaceticum	338645	S	85	4	89	0.00000
Candidatus_Syntrophocurvum_alkaliphilum	2293317	S	40	6	46	0.00000
Peptoclostridium_acidaminophilum	1731	S	84	12	96	0.00000
Clostridioides_difficile	1496	S	57	8612	8669	0.00044
Romboutsia_ilealis	1115758	S	21	8	29	0.00000
Romboutsia_sp._CE17	2724150	S	21	7	28	0.00000
Romboutsia_hominis	1507512	S	10	3	13	0.00000
Terrisporobacter_sp._MCA3	2813371	S	50	6	56	0.00000
Acetoanaerobium_sticklandii	1511	S	32	3	35	0.00000
Tepidibacter_sp._8C15b	2925782	S	31	6	37	0.00000
Paeniclostridium_sordellii	1505	S	21	4	25	0.00000
Filifactor_alocis	143361	S	19	23	42	0.00000
Peptacetobacter_hiranonis	89152	S	19	4	23	0.00000
Desulfoscipio_gibsoniae	102134	S	339	29	368	0.00002
Thermincola_potens	863643	S	173	14	187	0.00001
Desulfotomaculum_nigrificans	1565	S	151	58	209	0.00001
Vallitalea_guaymasensis	1185412	S	38	5	43	0.00000
Vallitalea_pronyensis	1348613	S	31	3	34	0.00000
Petrocella_atlantisensis	2173034	S	32	4	36	0.00000
Caloranaerobacter_azorensis	116090	S	72	10	82	0.00000
Alkalicella_caledoniensis	2731377	S	21	2	23	0.00000
Moorella_sp._Hama-1	2138101	S	626	148	774	0.00004
Moorella_thermoacetica	1525	S	518	99	617	0.00003
Moorella_glycerini	55779	S	488	52	540	0.00003
Ammonifex_degensii	42838	S	673	26	699	0.00004
Gelria_sp._Kuro-4	2796927	S	1538	119	1657	0.00008
Thermacetogenium_phaeum	85874	S	690	574	1264	0.00006
Carboxydothermus_hydrogenoformans	129958	S	249	22	271	0.00001
Thermanaeromonas_toyohensis	161154	S	173	5	178	0.00001
Thermoanaerobacter_mathranii	583357	S	41	107	148	0.00001
Thermoanaerobacter_kivui	2325	S	24	22	46	0.00000
Caldanaerobacter_subterraneus	911092	S	77	102	179	0.00001
Caldicellulosiruptor_changbaiensis	1222016	S	25	60	85	0.00000
Caldicellulosiruptor_acetigenus	301953	S	19	16	35	0.00000
Caldicellulosiruptor_owensensis	55205	S	16	17	33	0.00000
Caldicellulosiruptor_obsidiansis	717609	S	12	14	26	0.00000
Thermoanaerobacterium_thermosaccharolyticum	1517	S	50	122	172	0.00001
Thermoanaerobacterium_xylanolyticum	29329	S	13	13	26	0.00000
Zhaonella_formicivorans	2528593	S	140	19	159	0.00001
Mahella_australiensis	252966	S	134	67	201	0.00001
Thermodesulfobium_acidiphilum	1794699	S	49	59	108	0.00001
Iocasia_fonsfrigidae	2682810	S	168	13	181	0.00001
Halanaerobium_hydrogeniformans	656519	S	31	21	52	0.00000
Halanaerobium_praevalens	2331	S	25	21	46	0.00000
Halothermothrix_orenii	31909	S	87	12	99	0.00001
Anoxybacter_fermentans	1323375	S	151	26	177	0.00001
Halobacteroides_halobius	42422	S	76	10	86	0.00000
Acetohalobium_arabaticum	28187	S	38	3	41	0.00000
Thermosediminibacter_oceani	291990	S	286	24	310	0.00002
Biomaibacter_acetigenes	2316383	S	156	12	168	0.00001
Tepidanaerobacter_acetatoxydans	499229	S	59	3	62	0.00000
Koleobacter_methoxysyntrophicus	2751313	S	170	14	184	0.00001
Natranaerofaba_carboxydovora	2742683	S	105	5	110	0.00001
Natranaerobius_thermophilus	375929	S	53	6	59	0.00000
Selenomonas_sp._oral_taxon_126	712528	S	744	199	943	0.00005
Selenomonas_sp._oral_taxon_920	1884263	S	514	117	631	0.00003
Selenomonas_sp._oral_taxon_478	712538	S	237	311	548	0.00003
Selenomonas_sp._oral_taxon_136	713030	S	223	277	500	0.00003
Selenomonas_sputigena	69823	S	1231	106	1337	0.00007
Selenomonas_timonae	2754044	S	532	251	783	0.00004
Selenomonas_ruminantium	971	S	189	16	205	0.00001
Megamonas_funiformis	437897	S	40	45	85	0.00000
Megamonas_hypermegale	158847	S	15	27	42	0.00000
Pectinatus_frisingensis	865	S	27	1	28	0.00000
Sporomusa_termitida	2377	S	262	30	292	0.00001
Methylomusa_anaerophila	1930071	S	192	10	202	0.00001
Pelosinus_fermentans	365349	S	59	14	73	0.00000
Pelosinus_sp._UFO1	484770	S	42	16	58	0.00000
Megasphaera_stantonii	2144175	S	427	242	669	0.00003
Megasphaera_elsdenii	907	S	419	175	594	0.00003
Megasphaera_massiliensis	1232428	S	203	72	275	0.00001
Dialister_pneumosintes	39950	S	20	172	192	0.00001
Veillonella_rodentium	248315	S	23	14	37	0.00000
Veillonella_parvula	29466	S	12	17	29	0.00000
Acidaminococcus_fermentans	905	S	300	71	371	0.00002
Acidaminococcus_intestini	187327	S	104	19	123	0.00001
Phascolarctobacterium_faecium	33025	S	106	10	116	0.00001
Phascolarctobacterium_sp._Marseille-Q4147	2823317	S	53	35	88	0.00000
Phascolarctobacterium_succinatutens	626940	S	42	96	138	0.00001
Limnochorda_pilosa	1555112	S	4759	208	4967	0.00025
Allobaculum_sp._Allo2	2853432	S	151	35	186	0.00001
Allobaculum_mucolyticum	2834459	S	85	24	109	0.00001
Faecalibaculum_rodentium	1702221	S	209	64	273	0.00001
Erysipelothrix_sp._HDW6C	2714930	S	16	6	22	0.00000
Erysipelothrix_sp._HDW6A	2714928	S	11	2	13	0.00000
Erysipelothrix_sp._HDW6B	2714929	S	11	7	18	0.00000
Erysipelothrix_larvae	1514105	S	34	10	44	0.00000
[Clostridium]_innocuum	1522	S	73	55	128	0.00001
Erysipelatoclostridium_ramosum	1547	S	17	9	26	0.00000
Bulleidia_sp._zg-1006	2806552	S	31	11	42	0.00000
Intestinibaculum_porci	2487118	S	27	12	39	0.00000
Faecalitalea_cylindroides	39483	S	17	28	45	0.00000
Faecalibacillus_intestinalis	1982626	S	12	16	28	0.00000
Amedibacterium_intestinale	2583452	S	12	23	35	0.00000
Longicatena_caecimuris	1796635	S	10	17	27	0.00000
Turicibacter_sp._H121	1712675	S	36	41	77	0.00000
Turicibacter_sp._TJ11	2806443	S	18	18	36	0.00000
Peptoniphilus_ivorii	54006	S	235	52	287	0.00001
Peptoniphilus_harei	54005	S	17	17	34	0.00000
Murdochiella_vaginalis	1852373	S	110	83	193	0.00001
Anaerococcus_mediterraneensis	1870984	S	14	45	59	0.00000
Finegoldia_magna	1260	S	30	21	51	0.00000
Parvimonas_micra	33033	S	21	35	56	0.00000
Helcococcus_kunzii	40091	S	15	5	20	0.00000
Keratinibaculum_paraultunense	1278232	S	52	19	71	0.00000
Gudongella_oleilytica	1582259	S	51	7	58	0.00000
Tissierella_sp._JN-28	2507161	S	40	6	46	0.00000
Schnuerera_ultunensis	45497	S	30	4	34	0.00000
Gottschalkia_acidurici	1556	S	85	8	93	0.00000
Ezakiella_coagulans	46507	S	67	147	214	0.00001
Ezakiella_massiliensis	1852374	S	25	10	35	0.00000
Sedimentibacter_sp._zth1	2816908	S	52	6	58	0.00000
Ndongobacter_massiliensis	1871025	S	174	114	288	0.00001
endosymbiont_'TC1'_of_Trimyema_compressum	243899	S	78	5	83	0.00000
Deinococcus_sp._NW-56	2080419	S	2044	343	2387	0.00012
Deinococcus_sp._TS-293	2737050	S	1561	189	1750	0.00009
Deinococcus_sp._KNUC1210	2917691	S	1445	69	1514	0.00008
Deinococcus_sp._AJ005	2652443	S	1106	111	1217	0.00006
Deinococcus_sp._QL22	2939437	S	739	75	814	0.00004
Deinococcus_maricopensis	309887	S	2701	275	2976	0.00015
Deinococcus_gobiensis	502394	S	2613	406	3019	0.00015
Deinococcus_ficus	317577	S	2592	285	2877	0.00015
Deinococcus_metallilatus	1211322	S	2399	324	2723	0.00014
Deinococcus_actinosclerus	1768108	S	2367	1770	4137	0.00021
Deinococcus_irradiatisoli	2202254	S	1944	205	2149	0.00011
Deinococcus_peraridilitoris	432329	S	1772	99	1871	0.00010
Deinococcus_wulumuqiensis	980427	S	1520	739	2259	0.00012
Deinococcus_radiopugnans	57497	S	1451	211	1662	0.00009
Deinococcus_geothermalis	68909	S	1319	244	1563	0.00008
Deinococcus_radiodurans	1299	S	1295	706	2001	0.00010
Deinococcus_soli_(ex_Cha_et_al._2016)	1309411	S	1056	1238	2294	0.00012
Deinococcus_proteolyticus	55148	S	976	260	1236	0.00006
Deinococcus_psychrotolerans	2489213	S	930	30	960	0.00005
Deinococcus_deserti	310783	S	928	77	1005	0.00005
Deinococcus_radiophilus	32062	S	491	122	613	0.00003
Deinococcus_puniceus	1182568	S	374	70	444	0.00002
Thermus_thermophilus	274	S	1555	2115	3670	0.00019
Thermus_sp._CCB_US3_UF1	1111069	S	832	113	945	0.00005
Thermus_sp._NEB1569	2918899	S	198	289	487	0.00002
Thermus_oshimai	56957	S	874	150	1024	0.00005
Thermus_aquaticus	271	S	780	103	883	0.00005
Thermus_brockianus	56956	S	667	117	784	0.00004
Thermus_caldilimi	2483360	S	341	71	412	0.00002
Thermus_scotoductus	37636	S	177	215	392	0.00002
Thermus_parvatiensis	456163	S	169	647	816	0.00004
Oceanithermus_profundus	187137	S	4181	491	4672	0.00024
Meiothermus_silvanus	52022	S	1282	210	1492	0.00008
Meiothermus_taiwanensis	172827	S	1079	388	1467	0.00008
Meiothermus_ruber	277	S	1077	408	1485	0.00008
Marinithermus_hydrothermalis	186192	S	2594	465	3059	0.00016
Truepera_radiovictrix	332249	S	3519	215	3734	0.00019
Synechococcus_sp._CBW1004	1353136	S	1361	351	1712	0.00009
Synechococcus_sp._RSCCF101	2511069	S	1220	288	1508	0.00008
Synechococcus_sp._CBW1107	2789857	S	1080	209	1289	0.00007
Synechococcus_sp._CBW1108	1353147	S	721	100	821	0.00004
Synechococcus_sp._JA-3-3Ab	321327	S	704	170	874	0.00004
Synechococcus_sp._SynAce01	1916956	S	672	74	746	0.00004
Synechococcus_sp._CB0101	232348	S	597	131	728	0.00004
Synechococcus_sp._NB0720_10	2907159	S	543	144	687	0.00004
Synechococcus_sp._JA-2-3B'a(2-13)	321332	S	502	110	612	0.00003
Synechococcus_sp._LTW-R	2751170	S	453	111	564	0.00003
Synechococcus_sp._RS9909	221352	S	422	152	574	0.00003
Synechococcus_sp._LA31	2741953	S	407	91	498	0.00003
Synechococcus_sp._PCC_7336	195250	S	407	14	421	0.00002
Synechococcus_sp._HK01-R	2751171	S	328	55	383	0.00002
Synechococcus_sp._KORDI-100	1280380	S	327	23	350	0.00002
Synechococcus_sp._A10-1-5-1	2936507	S	323	73	396	0.00002
Synechococcus_sp._WH_8101	59932	S	313	104	417	0.00002
Synechococcus_sp._Minos11	221341	S	288	21	309	0.00002
Synechococcus_sp._NOUM97013	1442555	S	239	38	277	0.00001
Synechococcus_sp._PROS-U-1	1400866	S	237	42	279	0.00001
Synechococcus_sp._KORDI-49	585423	S	190	178	368	0.00002
Synechococcus_sp._BMK-MC-1	1442551	S	182	71	253	0.00001
Synechococcus_sp._KORDI-52	585425	S	181	56	237	0.00001
Synechococcus_sp._BIOS-E4-1	1400864	S	160	17	177	0.00001
Synechococcus_sp._MEDNS5	1442554	S	158	50	208	0.00001
Synechococcus_sp._A15-127	1050624	S	155	144	299	0.00002
Synechococcus_sp._PROS-7-1	1442556	S	152	64	216	0.00001
Synechococcus_sp._BIOS-U3-1	1400865	S	141	16	157	0.00001
Synechococcus_sp._PCC_6312	195253	S	137	6	143	0.00001
Synechococcus_sp._MIT_S9220	166309	S	129	19	148	0.00001
Synechococcus_sp._A15-62	1050657	S	120	79	199	0.00001
Synechococcus_sp._NIES-970	1827144	S	119	22	141	0.00001
Synechococcus_sp._CBW1002	1353134	S	113	882	995	0.00005
Synechococcus_sp._A15-44	1050646	S	112	183	295	0.00002
Synechococcus_sp._CBW1006	1353138	S	104	713	817	0.00004
Synechococcus_sp._CC9902	316279	S	97	10	107	0.00001
Synechococcus_sp._WH_8020	32052	S	95	17	112	0.00001
Synechococcus_sp._PROS-9-1	1968775	S	92	22	114	0.00001
Synechococcus_sp._ROS8604	1442557	S	85	20	105	0.00001
Synechococcus_sp._TAK9802	1442558	S	78	175	253	0.00001
Synechococcus_sp._RS9907	221350	S	77	165	242	0.00001
Synechococcus_sp._PCC_7003	374981	S	72	21	93	0.00000
Synechococcus_sp._M16.1	1442553	S	65	178	243	0.00001
Synechococcus_sp._WH_8109	166314	S	65	46	111	0.00001
Synechococcus_sp._CC9311	64471	S	61	14	75	0.00000
Synechococcus_sp._RS9902	221345	S	57	107	164	0.00001
Synechococcus_sp._PCC_7502	1173263	S	55	3	58	0.00000
Synechococcus_sp._MVIR-18-1	1386941	S	41	66	107	0.00001
Synechococcus_sp._SYN20	1050714	S	31	42	73	0.00000
Synechococcus_sp._A18-25c	1866938	S	29	194	223	0.00001
Synechococcus_sp._PCC_11901	2579791	S	29	127	156	0.00001
Synechococcus_sp._PCC_7117	195498	S	28	123	151	0.00001
Synechococcus_sp._A15-60	1050655	S	25	161	186	0.00001
Synechococcus_sp._PCC_73109	374982	S	20	84	104	0.00001
Synechococcus_sp._PCC_7002	32049	S	17	69	86	0.00000
Synechococcus_sp._PCC_8807	195248	S	13	69	82	0.00000
Synechococcus_elongatus	32046	S	634	32	666	0.00003
Dactylococcopsis_salina	292566	S	59	23	82	0.00000
Cyanobium_sp._NIES-981	1851505	S	1321	420	1741	0.00009
Cyanobium_sp._NS01	261284	S	1030	366	1396	0.00007
Cyanobium_gracile	59930	S	1614	341	1955	0.00010
Parasynechococcus_marenigrum	2881428	S	301	92	393	0.00002
Prochlorococcus_marinus	1219	S	197	32	229	0.00001
Chamaesiphon_minutus	1173032	S	293	17	310	0.00002
Acaryochloris_marina	155978	S	158	40	198	0.00001
Acaryochloris_sp._'Moss_Beach'	2740837	S	36	60	96	0.00000
Synechocystis_sp._PCC_6714	1147	S	57	7	64	0.00000
Synechocystis_sp._CACIAM_05	1933929	S	29	25	54	0.00000
Synechocystis_sp._PCC_7338	2732530	S	15	142	157	0.00001
Nostoc_sp._NIES-4103	2005458	S	588	80	668	0.00003
Nostoc_sp._UHCC_0702	2814655	S	335	42	377	0.00002
Nostoc_sp._C052	2576902	S	180	39	219	0.00001
Nostoc_sp._MS1	2764711	S	155	22	177	0.00001
Nostoc_sp._ATCC_53789	76335	S	148	202	350	0.00002
Nostoc_sp._CENA543	1869241	S	120	12	132	0.00001
Nostoc_sp._TCL26-01	2576904	S	120	10	130	0.00001
Nostoc_sp._PCC_7524	28072	S	119	14	133	0.00001
Nostoc_sp._'Lobaria_pulmonaria_(5183)_cyanobiont'	1618022	S	110	23	133	0.00001
Nostoc_sp._PCC_7107	317936	S	102	40	142	0.00001
Nostoc_sp._UHCC_0870	2914041	S	98	12	110	0.00001
Nostoc_sp._'Peltigera_membranacea_cyanobiont'_N6	1261031	S	90	24	114	0.00001
Nostoc_sp._C057	2576903	S	82	109	191	0.00001
Nostoc_sp._NIES-2111	1973475	S	66	101	167	0.00001
Nostoc_sp._TCL240-02	2572090	S	48	25	73	0.00000
Nostoc_sp._NIES-3756	1751286	S	38	75	113	0.00001
Nostoc_sp._PCC_7120_=_FACHB-418	103690	S	15	277	292	0.00001
Nostoc_linckia	92942	S	264	49	313	0.00002
Nostoc_piscinale	224012	S	165	28	193	0.00001
Nostoc_flagelliforme	1306274	S	142	51	193	0.00001
Nostoc_sphaeroides	446679	S	141	84	225	0.00001
Nostoc_edaphicum	264686	S	138	38	176	0.00001
Nostoc_punctiforme	272131	S	127	91	218	0.00001
Nostoc_commune	1178	S	78	24	102	0.00001
Anabaena_sp._WA102	1647413	S	115	185	300	0.00002
Anabaena_sp._90	46234	S	40	281	321	0.00002
Anabaena_sp._YBS01	2490939	S	16	586	602	0.00003
Anabaena_cylindrica	1165	S	117	18	135	0.00001
Cylindrospermum_stagnale	142864	S	153	15	168	0.00001
Trichormus_azollae	1164	S	66	6	72	0.00000
Richelia_sinica	1357545	S	53	6	59	0.00000
Calothrix_sp._PCC_7716	2853227	S	226	145	371	0.00002
Calothrix_sp._NIES-2100	1954172	S	196	116	312	0.00002
Calothrix_sp._NIES-3974	2005462	S	188	15	203	0.00001
Calothrix_sp._PCC_7507	99598	S	175	36	211	0.00001
Calothrix_sp._NIES-2098	1954171	S	136	76	212	0.00001
Calothrix_sp._PCC_6303	1170562	S	79	22	101	0.00001
Calothrix_sp._336/3	1337936	S	72	20	92	0.00000
Calothrix_parasitica	1973486	S	238	13	251	0.00001
Calothrix_brevissima	938406	S	208	73	281	0.00001
Scytonema_sp._NIES-4073	2005464	S	500	176	676	0.00003
Scytonema_sp._HK-05	1137095	S	281	85	366	0.00002
Brasilonema_sennae	1397703	S	196	19	215	0.00001
Sphaerospermopsis_torques-reginae	984207	S	165	49	214	0.00001
Sphaerospermopsis_kisseleviana	289435	S	146	48	194	0.00001
Nodularia_sphaerocarpa	137816	S	199	47	246	0.00001
Nodularia_spumigena	70799	S	116	28	144	0.00001
Dolichospermum_compactum	136073	S	101	116	217	0.00001
Dolichospermum_sp._UHCC_0315A	1914871	S	50	309	359	0.00002
Dolichospermum_flos-aquae	1166	S	29	213	242	0.00001
Anabaenopsis_circularis	109266	S	107	57	164	0.00001
Anabaenopsis_elenkinii	156213	S	32	5	37	0.00000
Cylindrospermopsis_curvispora	747548	S	12	11	23	0.00000
Tolypothrix_sp._PCC_7910	2099387	S	173	41	214	0.00001
Tolypothrix_tenuis	457083	S	124	42	166	0.00001
Fischerella_sp._NIES-3754	1752063	S	139	27	166	0.00001
Fischerella_sp._NIES-4106	2005456	S	116	13	129	0.00001
Rivularia_sp._PCC_7116	373994	S	74	4	78	0.00000
Gloeobacter_kilaueensis	1416614	S	1956	58	2014	0.00010
Gloeobacter_morelensis	2907343	S	1510	697	2207	0.00011
Gloeobacter_violaceus	33072	S	1349	683	2032	0.00010
Anthocerotibacter_panamensis	2857077	S	502	14	516	0.00003
Leptolyngbya_sp._7M	2812896	S	2410	177	2587	0.00013
Leptolyngbya_sp._BL0902	1115757	S	545	35	580	0.00003
Leptolyngbya_sp._NIES-3755	1752064	S	147	20	167	0.00001
Leptolyngbya_sp._PCC_7376	111781	S	76	7	83	0.00000
Leptolyngbya_boryana	1184	S	139	0	139	0.00001
Kovacikia_minuta	2931930	S	553	54	607	0.00003
Leptothermofonsia_sichuanensis	2917832	S	282	30	312	0.00002
Leptodesmis_sichuanensis	2906798	S	249	31	280	0.00001
Thermoleptolyngbya_sp._PKUAC-SCTB121	2811482	S	37	495	532	0.00003
Thermoleptolyngbya_sichuanensis	2885951	S	21	307	328	0.00002
Thermosynechococcus_sp._NK55a	1394889	S	116	49	165	0.00001
Thermosynechococcus_sp._TA-1	2813673	S	48	45	93	0.00000
Thermosynechococcus_sp._CL-1	2583530	S	26	26	52	0.00000
Thermosynechococcus_vestitus	146786	S	154	50	204	0.00001
Halomicronema_hongdechloris	1209493	S	459	20	479	0.00002
Pseudanabaena_sp._PCC_7367	82654	S	147	5	152	0.00001
Pseudanabaena_sp._ABRG5-3	685565	S	98	6	104	0.00001
Moorena_producens	1155739	S	1012	26	1038	0.00005
Oscillatoria_nigro-viridis	482564	S	228	115	343	0.00002
Oscillatoria_acuminata	118323	S	167	11	178	0.00001
Geitlerinema_sp._PCC_7407	1173025	S	997	152	1149	0.00006
Allocoleopsis_franciscana	2886352	S	175	19	194	0.00001
Oxynema_aestuarii	2874213	S	428	38	466	0.00002
Microcoleus_vaginatus	119532	S	236	79	315	0.00002
Planktothrix_rubescens	59512	S	32	24	56	0.00000
Planktothrix_agardhii	1160	S	23	24	47	0.00000
[Phormidium]_sp._ETS-05	222819	S	272	16	288	0.00001
Crinalium_epipsammum	241425	S	106	13	119	0.00001
Limnospira_indica	147322	S	12	55	67	0.00000
Microcystis_aeruginosa	1126	S	312	333	645	0.00003
Microcystis_sp._MC19	1967666	S	45	27	72	0.00000
Gloeothece_citriformis	2546356	S	69	9	78	0.00000
Gloeothece_verrucosa	2546359	S	66	7	73	0.00000
Halothece_sp._PCC_7418	65093	S	76	26	102	0.00001
Euhalothece_natronophila	577489	S	40	6	46	0.00000
Rippkaea_orientalis	2546366	S	95	13	108	0.00001
Crocosphaera_subtropica	2546360	S	76	9	85	0.00000
Candidatus_Atelocyanobacterium_thalassa	713887	S	24	4	28	0.00000
Gloeocapsa_sp._PCC_7428	1173026	S	138	15	153	0.00001
Geminocystis_sp._NIES-3708	1615909	S	37	12	49	0.00000
Geminocystis_sp._NIES-3709	1617448	S	30	9	39	0.00000
Geminocystis_herdmanii	669359	S	43	16	59	0.00000
Chondrocystis_sp._NIES-4102	2005460	S	72	10	82	0.00000
Cyanobacterium_aponinum	379064	S	68	17	85	0.00000
Chroococcidiopsis_sp._CCMEE_29	155894	S	401	72	473	0.00002
Chroococcidiopsis_sp._CCNUC1	2653189	S	95	111	206	0.00001
Chroococcidiopsis_thermalis	54299	S	107	136	243	0.00001
Pleurocapsa_sp._PCC_7327	118163	S	178	21	199	0.00001
Stanieria_cyanosphaera	102116	S	42	12	54	0.00000
Stanieria_sp._NIES-3757	1807358	S	27	17	44	0.00000
Gloeomargarita_lithophora	1188228	S	159	6	165	0.00001
Thermostichus_lividus	33070	S	125	18	143	0.00001
cyanobacterium_endosymbiont_of_Epithemia_turgida	718217	S	26	3	29	0.00000
cyanobacterium_endosymbiont_of_Rhopalodia_gibberula	1763363	S	22	2	24	0.00000
Sphaerobacter_thermophilus	2057	S	14917	872	15789	0.00081
Thermomicrobium_roseum	500	S	2719	52	2771	0.00014
Roseiflexus_sp._RS-1	357808	S	2838	446	3284	0.00017
Roseiflexus_castenholzii	120962	S	2659	477	3136	0.00016
Chloroflexus_aggregans	152260	S	1030	188	1218	0.00006
Chloroflexus_aurantiacus	1108	S	1026	117	1143	0.00006
Tepidiforma_bonchosmolovskayae	2601677	S	8242	372	8614	0.00044
Candidatus_Promineofilum_breve	1806508	S	6512	141	6653	0.00034
Caldilinea_aerophila	133453	S	3131	197	3328	0.00017
Anaerolinea_thermophila	167964	S	1203	117	1320	0.00007
Pelolinea_submarina	913107	S	1017	46	1063	0.00005
Brevefilum_fermentans	1986204	S	410	15	425	0.00002
Dehalogenimonas_formicexedens	1839801	S	738	196	934	0.00005
Dehalogenimonas_sp._GP	1536648	S	509	134	643	0.00003
Dehalococcoides_mccartyi	61435	S	164	369	533	0.00003
Ktedonosporobacter_rubrisoli	2509675	S	1146	33	1179	0.00006
Thermobaculum_terrenum	166501	S	1130	177	1307	0.00007
Phototrophicus_methaneseepsis	2710758	S	1125	12	1137	0.00006
Fimbriimonas_ginsengisoli	1005039	S	3113	19	3132	0.00016
Chthonomonas_calidirosea	454171	S	858	7	865	0.00004
Mycoplasma_sp._(ex_Biomphalaria_glabrata)	1749074	S	14	6	20	0.00000
Mycoplasma_sp._SG1	2810348	S	14	0	14	0.00000
Mycoplasma_miroungigenitalium	754515	S	10	176	186	0.00001
Candidatus_Hepatoplasma_crinochetorum	295596	S	34	9	43	0.00000
Spiroplasma_litorale	216942	S	32	50	82	0.00000
Spiroplasma_endosymbiont_of_'Nebria_riversi'	2792084	S	14	2	16	0.00000
Spiroplasma_sp._TIUS-1	216963	S	10	9	19	0.00000
Spiroplasma_platyhelix	301585	S	12	2	14	0.00000
Williamsoniiplasma_somnilux	215578	S	11	12	23	0.00000
Alteracholeplasma_palmae	38986	S	71	14	85	0.00000
Acholeplasma_laidlawii	2148	S	10	8	18	0.00000
Paracholeplasma_brassicae	61635	S	21	7	28	0.00000
Mariniplasma_anaerobium	2735436	S	12	2	14	0.00000
Haploplasma_axanthum	29552	S	12	6	18	0.00000
Malacoplasma_iowae	2116	S	14	14	28	0.00000
Candidatus_Izimaplasma_sp._HR1	1541959	S	39	5	44	0.00000
Gemmata_obscuriglobus	114	S	39869	7118	46987	0.00240
Gemmata_massiliana	1210884	S	15574	6908	22482	0.00115
Gemmata_sp._SH-PL17	1630693	S	14159	7079	21238	0.00109
Urbifossiella_limnaea	2528023	S	71952	6742	78694	0.00402
Frigoriglobus_tundricola	2774151	S	46420	7681	54101	0.00277
Limnoglobus_roseus	2598579	S	35957	1801	37758	0.00193
Tuwongella_immobilis	692036	S	3236	152	3388	0.00017
Telmatocola_sphagniphila	1123043	S	2817	31	2848	0.00015
Lacipirellula_parvula	2650471	S	16924	2269	19193	0.00098
Lacipirellula_limnantheis	2528024	S	16341	2576	18917	0.00097
Pirellulimonas_nuda	2528009	S	13830	1760	15590	0.00080
Botrimarina_mediterranea	2528022	S	11446	1259	12705	0.00065
Aeoliella_mucimassa	2527972	S	4471	440	4911	0.00025
Adhaeretor_mobilis	1930276	S	2711	308	3019	0.00015
Bythopirellula_goksoeyrii	1400387	S	2587	221	2808	0.00014
Lignipirellula_cremea	2528010	S	8557	1103	9660	0.00049
Stieleria_maiorica	2795974	S	3724	829	4553	0.00023
Stieleria_neptunia	2527979	S	3538	421	3959	0.00020
Rosistilla_oblonga	2527990	S	2140	1032	3172	0.00016
Rosistilla_carotiformis	2528017	S	1497	656	2153	0.00011
Rosistilla_ulvae	1930277	S	1297	764	2061	0.00011
Anatilimnocola_aggregata	2528021	S	6503	801	7304	0.00037
Bremerella_volcania	2527984	S	5394	458	5852	0.00030
Pirellula_staleyi	125	S	3861	166	4027	0.00021
Pirellula_sp._SH-Sr6A	1632865	S	1013	31	1044	0.00005
Roseimaritima_ulvae	980254	S	3553	264	3817	0.00020
Roseimaritima_multifibrata	1930274	S	938	121	1059	0.00005
Rubripirellula_lacrimiformis	1930273	S	1877	409	2286	0.00012
Mariniblastus_fucicola	980251	S	1308	28	1336	0.00007
Aureliella_helgolandensis	2527968	S	1195	107	1302	0.00007
Rhodopirellula_baltica	265606	S	1194	95	1289	0.00007
Thermogutta_terrifontis	1331910	S	1536	54	1590	0.00008
Tautonia_plasticadhaerens	2527974	S	44836	4393	49229	0.00252
Aquisphaera_giovannonii	406548	S	29741	5717	35458	0.00181
Paludisphaera_borealis	1387353	S	18653	4682	23335	0.00119
Singulisphaera_acidiphila	466153	S	12779	2141	14920	0.00076
Isosphaera_pallida	128	S	3438	279	3717	0.00019
Planctomyces_sp._SH-PL62	1636152	S	18207	7578	25785	0.00132
Planctomyces_sp._SH-PL14	1632864	S	14306	1009	15315	0.00078
Gimesia_panareensis	2527978	S	3162	402	3564	0.00018
Gimesia_chilikensis	2605989	S	1802	1127	2929	0.00015
Gimesia_maris	122	S	1200	198	1398	0.00007
Gimesia_alba	2527973	S	775	145	920	0.00005
Gimesia_fumaroli	2527976	S	727	154	881	0.00005
Gimesia_algae	2527971	S	716	191	907	0.00005
Gimesia_benthica	2608982	S	524	760	1284	0.00007
Gimesia_aquarii	2527964	S	491	35	526	0.00003
Caulifigura_coniformis	2527983	S	11332	834	12166	0.00062
Maioricimonas_rarisocia	2528026	S	10910	1540	12450	0.00064
Alienimonas_californiensis	2527989	S	9143	755	9898	0.00051
Symmachiella_dynata	2527995	S	3962	263	4225	0.00022
Rubinisphaera_brasiliensis	119	S	2234	247	2481	0.00013
Fuerstiella_marisgermanici	1891926	S	2175	43	2218	0.00011
Calycomorphotria_hydatis	2528027	S	1876	78	1954	0.00010
Planctopirus_limnophila	120	S	682	295	977	0.00005
Planctopirus_ephydatiae	2528019	S	663	307	970	0.00005
Crateriforma_conspicua	2527996	S	1737	420	2157	0.00011
Polystyrenella_longa	2528007	S	773	76	849	0.00004
Thalassoglobus_polymorphus	2527994	S	702	42	744	0.00004
Humisphaera_borealis	2807512	S	12157	327	12484	0.00064
Phycisphaera_mikurensis	547188	S	5878	528	6406	0.00033
Mucisphaera_calidilacus	2527982	S	2988	193	3181	0.00016
Poriferisphaera_corsica	2528020	S	308	2	310	0.00002
Anaerohalosphaera_lusitana	1936003	S	599	27	626	0.00003
Limihaloglobus_sulfuriphilus	1851148	S	240	22	262	0.00001
Sedimentisphaera_salicampi	1941349	S	86	29	115	0.00001
Sedimentisphaera_cyanobacteriorum	1940790	S	79	103	182	0.00001
Candidatus_Kuenenia_stuttgartiensis	174633	S	259	1	260	0.00001
Candidatus_Uabimicrobium_amorphum	2596890	S	194	3	197	0.00001
Opitutus_terrae	107709	S	8620	429	9049	0.00046
Opitutus_sp._GAS368	1882749	S	7574	1176	8750	0.00045
Lacunisphaera_limnophila	1838286	S	7003	1004	8007	0.00041
Oleiharenicola_sp._KSB-15	2862869	S	3704	202	3906	0.00020
Nibricoccus_aquaticus	2576891	S	3251	149	3400	0.00017
Ereboglobus_luteus	1796921	S	2464	124	2588	0.00013
Ruficoccus_sp._ZRK36	2866311	S	1325	207	1532	0.00008
Coraliomargarita_akajimensis	395922	S	349	9	358	0.00002
Verrucomicrobium_sp._GAS474	1882831	S	3637	391	4028	0.00021
Verrucomicrobium_spinosum	2736	S	2292	131	2423	0.00012
Luteolibacter_ambystomatis	2824561	S	2375	164	2539	0.00013
Luteolibacter_luteus	2728835	S	2152	100	2252	0.00012
Roseimicrobium_sp._ORNL1	2711231	S	3961	138	4099	0.00021
Sulfuriroseicoccus_oceanibius	2707525	S	715	73	788	0.00004
Akkermansia_muciniphila	239935	S	1551	196	1747	0.00009
Akkermansia_glycaniphila	1679444	S	542	45	587	0.00003
Methylacidimicrobium_sp._AP8	2730359	S	1094	174	1268	0.00006
Methylacidimicrobium_sp._B4	2796139	S	930	194	1124	0.00006
Methylacidiphilum_sp._IT6	2795386	S	28	2	30	0.00000
Methylacidiphilum_sp._IT5	2795384	S	22	49	71	0.00000
Methylacidiphilum_infernorum	511746	S	33	72	105	0.00001
Methylacidiphilum_kamchatkense	431057	S	28	1	29	0.00000
Candidatus_Xiphinematobacter_sp._Idaho_Grape	1704307	S	114	8	122	0.00001
Kiritimatiella_glycovorans	1307763	S	1606	1909	3515	0.00018
Tichowtungia_aerotolerans	2697043	S	526	20	546	0.00003
Candidatus_Protochlamydia_naegleriophila	389348	S	54	33	87	0.00000
Candidatus_Protochlamydia_amoebophila	362787	S	20	11	31	0.00000
Neochlamydia_sp._S13	1353976	S	61	14	75	0.00000
Parachlamydia_acanthamoebae	83552	S	59	20	79	0.00000
Waddlia_chondrophila	71667	S	60	13	73	0.00000
Candidatus_Rhabdochlamydia_oedothoracis	2720720	S	12	43	55	0.00000
Simkania_negevensis	83561	S	53	5	58	0.00000
Chlamydia_pneumoniae	83558	S	13	8	21	0.00000
Chlamydia_suis	83559	S	11	26	37	0.00000
Chlamydia_muridarum	83560	S	11	21	32	0.00000
Candidatus_Velamenicoccus_archaeovorus	1930593	S	542	2	544	0.00003
Hymenobacter_sp._PAMC_26628	1484118	S	1459	370	1829	0.00009
Hymenobacter_sp._5317J-9	2932250	S	1415	326	1741	0.00009
Hymenobacter_sp._PAMC_26554	1484116	S	1225	119	1344	0.00007
Hymenobacter_sp._APR13	1356852	S	1164	390	1554	0.00008
Hymenobacter_sp._BRD128	2675878	S	1013	132	1145	0.00006
Hymenobacter_sp._5116S-3	2932248	S	831	101	932	0.00005
Hymenobacter_sp._5116S-27	2932249	S	788	100	888	0.00005
Hymenobacter_sp._BT18	2835648	S	746	89	835	0.00004
Hymenobacter_sp._DG01	2584940	S	715	146	861	0.00004
Hymenobacter_sp._NBH84	2596915	S	589	71	660	0.00003
Hymenobacter_sp._5420S-77	2932254	S	561	80	641	0.00003
Hymenobacter_sp._S2-20-2	2761579	S	540	76	616	0.00003
Hymenobacter_sp._5413J-13	2932251	S	529	63	592	0.00003
Hymenobacter_sp._BRD67	2675877	S	481	496	977	0.00005
Hymenobacter_sp._DG25B	1385664	S	478	121	599	0.00003
Hymenobacter_sp._DG25A	1385663	S	401	104	505	0.00003
Hymenobacter_sp._HDW8	2714932	S	231	809	1040	0.00005
Hymenobacter_sp._5516S-25	2933777	S	172	438	610	0.00003
Hymenobacter_sp._5516J-16	2932253	S	153	413	566	0.00003
Hymenobacter_sp._5414T-23	2932252	S	10	1133	1143	0.00006
Hymenobacter_monticola	1705399	S	1361	269	1630	0.00008
Hymenobacter_busanensis	2607656	S	1340	154	1494	0.00008
Hymenobacter_sedentarius	1411621	S	1181	189	1370	0.00007
Hymenobacter_nivis	1850093	S	974	268	1242	0.00006
Hymenobacter_oligotrophus	2319843	S	894	101	995	0.00005
Hymenobacter_jejuensis	2502781	S	826	65	891	0.00005
Hymenobacter_swuensis	1446467	S	719	170	889	0.00005
Hymenobacter_tibetensis	497967	S	599	98	697	0.00004
Hymenobacter_qilianensis	1385715	S	504	97	601	0.00003
Hymenobacter_baengnokdamensis	2615203	S	479	561	1040	0.00005
Hymenobacter_radiodurans	2496028	S	194	712	906	0.00005
Pontibacter_russatus	2694929	S	2037	213	2250	0.00012
Pontibacter_pudoricolor	2694930	S	1980	238	2218	0.00011
Pontibacter_actiniarum	323450	S	1301	339	1640	0.00008
Pontibacter_akesuensis	388950	S	957	151	1108	0.00006
Pontibacter_korlensis	400092	S	661	101	762	0.00004
Pontibacter_sp._SGAir0037	2571030	S	560	103	663	0.00003
Rufibacter_radiotolerans	1379910	S	477	60	537	0.00003
Rufibacter_tibetensis	512763	S	344	61	405	0.00002
Rufibacter_sp._DG15C	1379909	S	300	171	471	0.00002
Adhaeribacter_swui	2086471	S	261	36	297	0.00002
Adhaeribacter_radiodurans	2745197	S	173	20	193	0.00001
Nibribacter_ruber	2698458	S	338	189	527	0.00003
Spirosoma_sp._CJU-R4	2728024	S	819	62	881	0.00005
Spirosoma_sp._KUDC1026	2745947	S	533	47	580	0.00003
Spirosoma_sp._RHs26	2898794	S	319	23	342	0.00002
Spirosoma_sp._KCTC_42546	2520506	S	304	38	342	0.00002
Spirosoma_sp._KCTC_72228	2710596	S	222	28	250	0.00001
Spirosoma_taeanense	2735870	S	613	55	668	0.00003
Spirosoma_rigui	564064	S	568	39	607	0.00003
Spirosoma_montaniterrae	1178516	S	489	29	518	0.00003
Spirosoma_pollinicola	2057025	S	323	38	361	0.00002
Spirosoma_radiotolerans	1379870	S	292	21	313	0.00002
Spirosoma_aerolatum	1211326	S	290	13	303	0.00002
Spirosoma_endbachense	2666025	S	280	144	424	0.00002
Spirosoma_aureum	2692134	S	236	146	382	0.00002
Rhodocytophaga_rosea	2704465	S	281	9	290	0.00001
Aquirufa_sp._9H-EGSE	2696560	S	77	25	102	0.00001
Aquirufa_nivalisilvae	2516557	S	33	8	41	0.00000
Cytophaga_hutchinsonii	985	S	97	8	105	0.00001
Dyadobacter_fermentans	94254	S	918	82	1000	0.00005
Dyadobacter_sandarakinus	2747268	S	338	31	369	0.00002
Dyadobacter_sp._LJ419	2906456	S	219	14	233	0.00001
Dyadobacter_sp._NIV53	2861765	S	87	5	92	0.00000
Fibrella_aestuarina	651143	S	1064	85	1149	0.00006
Fibrella_sp._ES10-3-2-2	1834519	S	473	33	506	0.00003
Runella_slithyformis	106	S	373	28	401	0.00002
Runella_rosea	2259595	S	220	19	239	0.00001
Runella_sp._SP2	2268026	S	155	8	163	0.00001
Larkinella_sp._IE-0392	2907205	S	303	20	323	0.00002
Leadbetterella_byssophila	316068	S	49	23	72	0.00000
Arcticibacterium_luteifluviistationis	1784714	S	43	2	45	0.00000
Chryseolinea_soli	2321403	S	2508	71	2579	0.00013
Fulvivirga_sp._SS9-22	2904245	S	151	13	164	0.00001
Fulvivirga_sp._W9P-11	2904246	S	77	24	101	0.00001
Fulvivirga_sp._SW1-E11	2904247	S	58	24	82	0.00000
Fulvivirga_lutea	2810512	S	75	8	83	0.00000
Echinicola_vietnamensis	390884	S	129	63	192	0.00001
Echinicola_sp._20G	2781961	S	68	8	76	0.00000
Echinicola_sp._SCS_3-6	2859768	S	51	21	72	0.00000
Echinicola_strongylocentroti	1795355	S	110	19	129	0.00001
Echinicola_rosea	1807691	S	93	42	135	0.00001
Echinicola_soli	2591634	S	89	8	97	0.00000
Algoriphagus_sp._Y33	2772483	S	92	9	101	0.00001
Algoriphagus_sp._NBT04N3	2705473	S	50	19	69	0.00000
Algoriphagus_sanaruensis	1727163	S	108	11	119	0.00001
Algoriphagus_machipongonensis	388413	S	38	2	40	0.00000
Cyclobacterium_amurskyense	320787	S	57	10	67	0.00000
Cyclobacterium_marinum	104	S	50	15	65	0.00000
Aquiflexum_balticum	280473	S	81	14	95	0.00000
Belliella_baltica	232259	S	64	32	96	0.00000
Mongoliitalea_daihaiensis	2782006	S	52	5	57	0.00000
Candidatus_Amoebophilus_asiaticus	281120	S	62	3	65	0.00000
Cardinium_endosymbiont_of_Encarsia_pergandiella	249402	S	10	17	27	0.00000
Candidatus_Cardinium_hertigii	247481	S	13	6	19	0.00000
Mangrovivirga_cuniculi	2715131	S	93	6	99	0.00001
Flammeovirga_pectinis	2494373	S	17	3	20	0.00000
Flammeovirga_sp._MY04	1191459	S	16	19	35	0.00000
Flammeovirga_yaeyamensis	367791	S	15	17	32	0.00000
Marivirga_tractuosa	1006	S	66	22	88	0.00000
Bernardetia_litoralis	999	S	44	3	47	0.00000
Rhodocaloribacter_litoris	2558931	S	9451	1071	10522	0.00054
Rhodothermus_marinus	29549	S	7432	462	7894	0.00040
Salinibacter_ruber	146919	S	4667	80	4747	0.00024
Alistipes_dispar	2585119	S	950	125	1075	0.00006
Alistipes_communis	2585118	S	903	638	1541	0.00008
Alistipes_onderdonkii	328813	S	828	961	1789	0.00009
Alistipes_senegalensis	1288121	S	757	186	943	0.00005
Alistipes_finegoldii	214856	S	669	634	1303	0.00007
Alistipes_megaguti	2364787	S	668	79	747	0.00004
Alistipes_sp._dk3624	2662363	S	566	119	685	0.00004
Alistipes_shahii	328814	S	526	328	854	0.00004
Alistipes_indistinctus	626932	S	526	104	630	0.00003
Prevotella_sp._E15-22	2937774	S	126	12	138	0.00001
Prevotella_sp._oral_taxon_475	712471	S	100	9	109	0.00001
Prevotella_sp._Rep29	2691580	S	92	9	101	0.00001
Prevotella_sp._E13-17	2913616	S	86	4	90	0.00000
Prevotella_sp._E2-28	2913620	S	70	4	74	0.00000
Prevotella_sp._E9-3	2913621	S	56	10	66	0.00000
Prevotella_sp._E13-3	2913617	S	21	90	111	0.00001
Prevotella_sp._oral_taxon_299	652716	S	13	1	14	0.00000
Prevotella_sp._E2-25	2913619	S	12	48	60	0.00000
Prevotella_dentalis	52227	S	410	85	495	0.00003
Prevotella_denticola	28129	S	141	46	187	0.00001
Prevotella_multiformis	282402	S	129	56	185	0.00001
Prevotella_melaninogenica	28132	S	123	43	166	0.00001
Prevotella_ruminicola	839	S	108	4	112	0.00001
Prevotella_copri	165179	S	97	45	142	0.00001
Prevotella_intermedia	28131	S	94	43	137	0.00001
Prevotella_buccalis	28127	S	77	78	155	0.00001
Prevotella_enoeca	76123	S	48	9	57	0.00000
Prevotella_oris	28135	S	27	3	30	0.00000
Prevotella_nigrescens	28133	S	27	15	42	0.00000
Prevotella_fusca	589436	S	25	5	30	0.00000
Prevotella_bryantii	77095	S	22	2	24	0.00000
Prevotella_jejuni	1177574	S	20	8	28	0.00000
Prevotella_veroralis	28137	S	16	3	19	0.00000
Prevotella_herbatica	2801997	S	15	0	15	0.00000
Prevotella_histicola	470565	S	13	2	15	0.00000
Paraprevotella_xylaniphila	454155	S	114	93	207	0.00001
Pseudoprevotella_muciniphila	2133944	S	98	10	108	0.00001
Bacteroides_sp._CBA7301	2715212	S	87	26	113	0.00001
Bacteroides_sp._M10	2763022	S	15	29	44	0.00000
Bacteroides_fragilis	817	S	94	147	241	0.00001
Bacteroides_eggerthii	28111	S	90	90	180	0.00001
Bacteroides_stercoris	46506	S	89	80	169	0.00001
Bacteroides_cellulosilyticus	246787	S	84	27	111	0.00001
Bacteroides_zoogleoformans	28119	S	83	20	103	0.00001
Bacteroides_thetaiotaomicron	818	S	79	47	126	0.00001
Bacteroides_heparinolyticus	28113	S	75	17	92	0.00000
Bacteroides_helcogenes	290053	S	74	3	77	0.00000
Bacteroides_uniformis	820	S	71	231	302	0.00002
Bacteroides_xylanisolvens	371601	S	64	135	199	0.00001
Bacteroides_salyersiae	291644	S	50	44	94	0.00000
Bacteroides_zhangwenhongii	2650157	S	44	26	70	0.00000
Bacteroides_caccae	47678	S	43	15	58	0.00000
Bacteroides_nordii	291645	S	41	27	68	0.00000
Bacteroides_faecis	674529	S	36	26	62	0.00000
Bacteroides_ovatus	28116	S	30	53	83	0.00000
Bacteroides_intestinalis	329854	S	27	4	31	0.00000
Bacteroides_luhongzhouii	2650158	S	25	10	35	0.00000
Bacteroides_coprosuis	151276	S	17	1	18	0.00000
Bacteroides_caecimuris	1796613	S	17	21	38	0.00000
Phocaeicola_salanitronis	376805	S	160	64	224	0.00001
Phocaeicola_coprophilus	387090	S	76	40	116	0.00001
Phocaeicola_dorei	357276	S	45	76	121	0.00001
Phocaeicola_vulgatus	821	S	25	29	54	0.00000
Tannerella_serpentiformis	712710	S	558	27	585	0.00003
Tannerella_forsythia	28112	S	192	14	206	0.00001
Parabacteroides_goldsteinii	328812	S	150	36	186	0.00001
Parabacteroides_merdae	46503	S	113	116	229	0.00001
Parabacteroides_distasonis	823	S	77	234	311	0.00002
Parabacteroides_johnsonii	387661	S	74	56	130	0.00001
Sodaliphilus_pleomorphus	2606626	S	429	195	624	0.00003
Duncaniella_dubosii	2518971	S	113	17	130	0.00001
Muribaculum_gordoncarteri	2530390	S	170	18	188	0.00001
Muribaculum_intestinale	1796646	S	141	13	154	0.00001
Porphyromonas_sp._oral_taxon_275	712435	S	501	46	547	0.00003
Porphyromonas_asaccharolytica	28123	S	124	9	133	0.00001
Porphyromonas_gingivalis	837	S	123	17	140	0.00001
Porphyromonas_cangingivalis	36874	S	63	8	71	0.00000
Porphyromonas_somerae	322095	S	60	14	74	0.00000
Porphyromonas_crevioricanis	393921	S	32	6	38	0.00000
Porphyromonas_endodontalis	28124	S	27	2	29	0.00000
Petrimonas_mucosa	1642646	S	177	12	189	0.00001
Proteiniphilum_saccharofermentans	1642647	S	99	6	105	0.00001
Proteiniphilum_sp._JNU-WLY501	2829812	S	53	1	54	0.00000
Barnesiella_viscericola	397865	S	243	289	532	0.00003
Coprobacter_secundus	1501392	S	34	28	62	0.00000
Butyricimonas_faecalis	2093856	S	57	57	114	0.00001
Butyricimonas_virosa	544645	S	51	10	61	0.00000
Odoribacter_splanchnicus	28118	S	71	36	107	0.00001
Paludibacter_propionicigenes	185300	S	62	1	63	0.00000
Tenuifilum_thalassicum	2590900	S	60	1	61	0.00000
Salinivirga_cyanobacteriivorans	1307839	S	49	1	50	0.00000
Draconibacterium_halophilum	2706887	S	81	8	89	0.00000
Draconibacterium_orientale	1168034	S	73	8	81	0.00000
Maribellus_comscasis	2681766	S	90	4	94	0.00000
Alkalitalea_saponilacus	889453	S	42	2	44	0.00000
Labilibaculum_antarcticum	1717717	S	41	2	43	0.00000
Chitinophaga_sp._XS-30	2604421	S	682	236	918	0.00005
Chitinophaga_sp._KRA15-503	2829818	S	315	162	477	0.00002
Chitinophaga_oryzae	2725414	S	751	104	855	0.00004
Chitinophaga_filiformis	104663	S	450	66	516	0.00003
Chitinophaga_alhagiae	2203219	S	414	8	422	0.00002
Chitinophaga_pinensis	79329	S	285	55	340	0.00002
Chitinophaga_agri	2703787	S	241	57	298	0.00002
Chitinophaga_caeni	2029983	S	166	25	191	0.00001
Niastella_koreensis	354356	S	1675	165	1840	0.00009
Flavisolibacter_tropicus	1492898	S	730	100	830	0.00004
Flavisolibacter_ginsenosidimutans	661481	S	700	39	739	0.00004
Pseudocnuella_soli	2502779	S	874	100	974	0.00005
Flavihumibacter_sp._IMCC34838	2838156	S	466	39	505	0.00003
Flavihumibacter_sp._IMCC34837	2838157	S	338	21	359	0.00002
Paraflavitalea_soli	2315862	S	789	56	845	0.00004
Pseudobacter_ginsenosidimutans	661488	S	621	50	671	0.00003
Niabella_soli	446683	S	307	29	336	0.00002
Niabella_ginsenosidivorans	1176587	S	273	22	295	0.00002
Arachidicoccus_sp._BS20	1850526	S	126	39	165	0.00001
Arachidicoccus_sp._5GH13-10	2875539	S	125	15	140	0.00001
Arachidicoccus_sp._B3-10	2545455	S	33	2	35	0.00000
Arachidicoccus_ginsenosidivorans	496057	S	97	11	108	0.00001
Arachidicoccus_soli	2341117	S	95	8	103	0.00001
Phnomibacter_ginsenosidimutans	2676868	S	309	35	344	0.00002
Filimonas_lacunae	477680	S	250	28	278	0.00001
Lacibacter_sp._S13-6-6	2760713	S	249	10	259	0.00001
Panacibacter_ginsenosidivorans	1813871	S	226	10	236	0.00001
Ferruginibacter_sp._KIS38-8	2875540	S	106	10	116	0.00001
Ferruginibacter_lapsinanis	563172	S	97	9	106	0.00001
Flavobacterium_sp._HJ-32-4	1160795	S	323	22	345	0.00002
Flavobacterium_sp._MDT1-60	1979344	S	68	13	81	0.00000
Flavobacterium_sp._CJ74	2294119	S	61	4	65	0.00000
Flavobacterium_sp._CLA17	2724135	S	48	8	56	0.00000
Flavobacterium_sp._F-29	2893883	S	39	8	47	0.00000
Flavobacterium_sp._F-323	2893885	S	36	7	43	0.00000
Flavobacterium_sp._IGB_4-14	1871076	S	35	3	38	0.00000
Flavobacterium_sp._KSM-R2A25	2895947	S	30	8	38	0.00000
Flavobacterium_sp._B183	907046	S	28	6	34	0.00000
Flavobacterium_sp._KBS0721	1179672	S	28	8	36	0.00000
Flavobacterium_sp._F-70	2893884	S	27	5	32	0.00000
Flavobacterium_sp._CS20	2775246	S	24	8	32	0.00000
Flavobacterium_sp._M31R6	2739062	S	23	3	26	0.00000
Flavobacterium_sp._SLB02	2665645	S	21	3	24	0.00000
Flavobacterium_sp._Sr18	935222	S	20	3	23	0.00000
Flavobacterium_sp._140616W15	2478552	S	19	4	23	0.00000
Flavobacterium_sp._KSM-R2A30	2897181	S	19	6	25	0.00000
Flavobacterium_sp._K5-23	2746225	S	18	4	22	0.00000
Flavobacterium_sp._WSW3-B6	2856519	S	18	2	20	0.00000
Flavobacterium_sp._LPB0248	2614441	S	17	9	26	0.00000
Flavobacterium_sp._KK2020170	2830782	S	13	4	17	0.00000
Flavobacterium_sp._MMS21-Er5	2937442	S	13	5	18	0.00000
Flavobacterium_sp._xlx-214	2654325	S	12	2	14	0.00000
Flavobacterium_sp._CECT_9288	2845819	S	12	11	23	0.00000
Flavobacterium_sp._GENT5	1751095	S	12	2	14	0.00000
Flavobacterium_sp._F-340	2893886	S	11	3	14	0.00000
Flavobacterium_sp._I3-2	2748319	S	10	17	27	0.00000
Flavobacterium_magnum	2162713	S	164	18	182	0.00001
Flavobacterium_album	2175091	S	156	11	167	0.00001
Flavobacterium_pallidum	2172098	S	132	13	145	0.00001
Flavobacterium_nackdongense	2547394	S	87	7	94	0.00000
Flavobacterium_commune	1306519	S	68	11	79	0.00000
Flavobacterium_enshiense	1341165	S	51	5	56	0.00000
Flavobacterium_alkalisoli	2602769	S	38	3	41	0.00000
Flavobacterium_inviolabile	2748320	S	35	5	40	0.00000
Flavobacterium_gilvum	1492737	S	34	5	39	0.00000
Flavobacterium_kingsejongi	1678728	S	34	5	39	0.00000
Flavobacterium_endoglycinae	2816357	S	31	7	38	0.00000
Flavobacterium_johnsoniae	986	S	31	14	45	0.00000
Flavobacterium_anhuiense	459526	S	30	12	42	0.00000
Flavobacterium_crocinum	2183896	S	30	9	39	0.00000
Flavobacterium_sediminilitoris	2024526	S	30	4	34	0.00000
Flavobacterium_fluviale	2249356	S	29	11	40	0.00000
Flavobacterium_jumunjinense	998845	S	28	4	32	0.00000
Flavobacterium_sangjuense	2518177	S	28	3	31	0.00000
Flavobacterium_oreochromis	2906078	S	24	10	34	0.00000
Flavobacterium_branchiophilum	55197	S	22	2	24	0.00000
Flavobacterium_sediminis	2201181	S	21	25	46	0.00000
Flavobacterium_nitrogenifigens	1617283	S	20	11	31	0.00000
Flavobacterium_faecale	1355330	S	17	2	19	0.00000
Flavobacterium_psychrophilum	96345	S	17	3	20	0.00000
Flavobacterium_arcticum	1784713	S	16	1	17	0.00000
Flavobacterium_crassostreae	1763534	S	16	4	20	0.00000
Flavobacterium_indicum	312277	S	15	2	17	0.00000
Flavobacterium_columnare	996	S	14	27	41	0.00000
Flavobacterium_covae	2906076	S	13	18	31	0.00000
Flavobacterium_haoranii	683124	S	12	5	17	0.00000
Muricauda_sp._SCSIO_65647	2908843	S	75	2	77	0.00000
Muricauda_sp._SCSIO_64092	2908842	S	68	1	69	0.00000
Muricauda_aquimarina	254955	S	127	61	188	0.00001
Muricauda_lutaonensis	516051	S	103	22	125	0.00001
Muricauda_oceani	2698672	S	84	39	123	0.00001
Muricauda_ruestringensis	111501	S	76	6	82	0.00000
Muricauda_aurantiaca	1383885	S	29	2	31	0.00000
Capnocytophaga_gingivalis	1017	S	100	13	113	0.00001
Capnocytophaga_sp._oral_taxon_902	2748316	S	19	39	58	0.00000
Capnocytophaga_sp._oral_taxon_878	1316596	S	18	7	25	0.00000
Capnocytophaga_sp._oral_taxon_323	1705617	S	11	26	37	0.00000
Capnocytophaga_haemolytica	45243	S	84	7	91	0.00000
Capnocytophaga_sputigena	1019	S	73	29	102	0.00001
Capnocytophaga_canimorsus	28188	S	34	10	44	0.00000
Capnocytophaga_stomatis	1848904	S	25	6	31	0.00000
Capnocytophaga_ochracea	1018	S	21	33	54	0.00000
Capnocytophaga_leadbetteri	327575	S	18	11	29	0.00000
Capnocytophaga_endodontalis	2708117	S	14	7	21	0.00000
Robiginitalea_biformata	252307	S	488	29	517	0.00003
Gramella_sp._GC03-9	2920386	S	64	16	80	0.00000
Gramella_sp._MAR_2010_147	1250205	S	28	3	31	0.00000
Gramella_sp._MT6	2705471	S	26	3	29	0.00000
Gramella_fulva	2126553	S	87	8	95	0.00000
Gramella_flava	1486245	S	86	26	112	0.00001
Gramella_echinicola	279359	S	43	5	48	0.00000
Gramella_forsetii	411153	S	36	8	44	0.00000
Gramella_salexigens	1913577	S	17	1	18	0.00000
Polaribacter_sp._SM13	2818493	S	22	16	38	0.00000
Polaribacter_sp._G4M1	2808900	S	16	10	26	0.00000
Polaribacter_sp._Hel1_33_78	1336804	S	15	6	21	0.00000
Polaribacter_sp._ALD11	2058137	S	11	9	20	0.00000
Polaribacter_vadi	1774273	S	29	10	39	0.00000
Polaribacter_litorisediminis	1908341	S	21	4	25	0.00000
Nonlabens_ponticola	2496866	S	57	8	65	0.00000
Nonlabens_sp._Hel1_33_55	1336802	S	29	11	40	0.00000
Nonlabens_spongiae	331648	S	35	16	51	0.00000
Nonlabens_dokdonensis	328515	S	20	4	24	0.00000
Nonlabens_marinus	930802	S	18	6	24	0.00000
Antarcticibacterium_flavum	2058175	S	70	14	84	0.00000
Antarcticibacterium_arcticum	2585771	S	61	8	69	0.00000
Antarcticibacterium_sp._1MA-6-2	2908210	S	54	7	61	0.00000
Sinomicrobium_sp._HD2P242	2900738	S	154	6	160	0.00001
Aequorivita_sublithincola	101385	S	53	41	94	0.00000
Aequorivita_sp._H23M31	2494375	S	40	14	54	0.00000
Maribacter_sp._MJ134	2496865	S	29	3	32	0.00000
Maribacter_sp._HTCC2170	313603	S	27	2	29	0.00000
Maribacter_cobaltidurans	1178778	S	33	25	58	0.00000
Maribacter_hydrothermalis	1836467	S	19	3	22	0.00000
Maribacter_dokdonensis	320912	S	11	14	25	0.00000
Winogradskyella_sp._HaHa_3_26	2749995	S	19	10	29	0.00000
Winogradskyella_sp._PC-19	754417	S	10	3	13	0.00000
Winogradskyella_sp._J14-2	1936080	S	10	4	14	0.00000
Winogradskyella_forsetii	2686077	S	23	10	33	0.00000
Winogradskyella_helgolandensis	2697010	S	13	3	16	0.00000
Winogradskyella_schleiferi	2686078	S	12	8	20	0.00000
Winogradskyella_sediminis	1382466	S	11	3	14	0.00000
Tenacibaculum_todarodis	1850252	S	24	8	32	0.00000
Tenacibaculum_mesophilum	104268	S	18	16	34	0.00000
Tenacibaculum_maritimum	107401	S	17	4	21	0.00000
Tenacibaculum_jejuense	584609	S	13	1	14	0.00000
Tenacibaculum_dicentrarchi	669041	S	10	5	15	0.00000
Kordia_antarctica	1218801	S	100	7	107	0.00001
Kordia_sp._SMS9	2282170	S	18	0	18	0.00000
Salegentibacter_mishustinae	270918	S	35	30	65	0.00000
Salegentibacter_salegens	143223	S	34	6	40	0.00000
Salegentibacter_sp._T436	1729720	S	29	28	57	0.00000
Formosa_sp._Hel3_A1_48	1336795	S	34	8	42	0.00000
Formosa_sp._Hel1_33_131	1336794	S	22	2	24	0.00000
Formosa_sp._L2A11	2686363	S	13	5	18	0.00000
Formosa_sp._Hel1_31_208	1798225	S	12	1	13	0.00000
Formosa_agariphila	320324	S	12	3	15	0.00000
Formosa_sediminum	2594004	S	10	3	13	0.00000
Dokdonia_sp._4H-3-7-5	983548	S	19	16	35	0.00000
Dokdonia_sp._PRO95	1239415	S	11	5	16	0.00000
Dokdonia_donghaensis	326320	S	13	10	23	0.00000
Myroides_odoratus	256	S	25	11	36	0.00000
Myroides_fluvii	2572594	S	19	11	30	0.00000
Zobellia_galactanivorans	63186	S	77	4	81	0.00000
Aggregatimonas_sangjinii	2583587	S	75	3	78	0.00000
Cellulophaga_sp._L1A9	2686362	S	13	10	23	0.00000
Cellulophaga_sp._HaHaR_3_176	1942464	S	10	2	12	0.00000
Cellulophaga_lytica	979	S	12	10	22	0.00000
Cellulophaga_baltica	76594	S	12	6	18	0.00000
Cellulophaga_algicola	59600	S	10	2	12	0.00000
Aquimarina_sp._TRL1	2736252	S	18	1	19	0.00000
Aquimarina_sp._AD1	1714848	S	17	2	19	0.00000
Aquimarina_sp._BL5	1714860	S	12	1	13	0.00000
Costertonia_aggregata	343403	S	59	12	71	0.00000
Arenibacter_algicola	616991	S	57	16	73	0.00000
Mariniflexile_sp._TRM1-10	2027857	S	57	5	62	0.00000
Flagellimonas_sp._CMM7	2654676	S	29	2	31	0.00000
Flagellimonas_sp._HMM57	2905121	S	27	2	29	0.00000
Constantimarinum_furrinae	2562285	S	53	4	57	0.00000
Euzebyella_marina	1761453	S	53	25	78	0.00000
Zhouia_spongiae	2202721	S	52	11	63	0.00000
Algibacter_sp._L3A6	2686366	S	17	7	24	0.00000
Algibacter_sp._L1A34	2686365	S	14	6	20	0.00000
Algibacter_alginicilyticus	1736674	S	15	3	18	0.00000
Zunongwangia_profunda	398743	S	26	19	45	0.00000
Zunongwangia_sp._SCSIO_43204	2779359	S	22	14	36	0.00000
Pukyongia_salina	2094025	S	49	3	52	0.00000
Leeuwenhoekiella_sp._ZYFB001	2719912	S	18	14	32	0.00000
Leeuwenhoekiella_palythoae	573501	S	12	12	24	0.00000
Gilvibacter_sp._SZ-19	754429	S	46	5	51	0.00000
Psychroflexus_torquis	57029	S	24	1	25	0.00000
Psychroflexus_sp._ALD_RP9	2777186	S	17	1	18	0.00000
Muriicola_soli	2507538	S	40	2	42	0.00000
Lacinutrix_sp._Bg11-31	2057808	S	19	4	23	0.00000
Croceibacter_atlanticus	313588	S	36	5	41	0.00000
Lutibacter_sp._A80	2918453	S	10	2	12	0.00000
Lutibacter_profundi	1622118	S	15	2	17	0.00000
Seonamhaeicola_sp._S2-3	1936081	S	20	4	24	0.00000
Seonamhaeicola_sp._ML3	2937786	S	12	1	13	0.00000
Amniculibacterium_sp._G2-70	2767188	S	30	46	76	0.00000
Galbibacter_sp._BG1	1170699	S	30	3	33	0.00000
Sediminicola_sp._YIK13	1453352	S	29	3	32	0.00000
Marixanthomonas_sp._SCSIO_43207	2779360	S	28	7	35	0.00000
Changchengzhania_lutea	2049305	S	25	3	28	0.00000
Olleya_aquimaris	639310	S	11	5	16	0.00000
Flavivirga_eckloniae	1803846	S	23	1	24	0.00000
Tamlana_carrageenivorans	2069432	S	10	4	14	0.00000
Mesoflavibacter_sp._SCSIO_43206	2779362	S	10	13	23	0.00000
Aegicerativicinus_sediminis	2893202	S	19	1	20	0.00000
Wenyingzhuangia_fucanilytica	1790137	S	17	2	19	0.00000
Siansivirga_zeaxanthinifaciens	762954	S	16	3	19	0.00000
Urechidicola_croceus	1850246	S	16	7	23	0.00000
Flavobacteriaceae_bacterium_10Alg115	2584122	S	15	0	15	0.00000
Oceanihabitans_sp._IOP_32	2529032	S	14	5	19	0.00000
Bizionia_sp._M204	2675331	S	14	2	16	0.00000
Gillisia_sp._Hel1_33_143	1336796	S	10	3	13	0.00000
Chryseobacterium_sp._6424	2039166	S	66	21	87	0.00000
Chryseobacterium_sp.	1871047	S	64	29	93	0.00000
Chryseobacterium_sp._SC2-2	2929800	S	62	43	105	0.00001
Chryseobacterium_sp._cx-624	2758037	S	62	12	74	0.00000
Chryseobacterium_sp._G0201	2487065	S	44	16	60	0.00000
Chryseobacterium_sp._ZHDP1	2838877	S	39	39	78	0.00000
Chryseobacterium_sp._PCH239	2825845	S	33	34	67	0.00000
Chryseobacterium_sp._F4	2852098	S	30	2	32	0.00000
Chryseobacterium_sp._T16E-39	2015076	S	28	4	32	0.00000
Chryseobacterium_sp._IHB_B_17019	1721091	S	27	6	33	0.00000
Chryseobacterium_sp._MEBOG06	2879938	S	27	8	35	0.00000
Chryseobacterium_sp._POL2	2713414	S	26	22	48	0.00000
Chryseobacterium_sp._SNU_WT5	2594269	S	24	11	35	0.00000
Chryseobacterium_sp._3008163	2478663	S	19	9	28	0.00000
Chryseobacterium_sp._LJ668	2864040	S	18	3	21	0.00000
Chryseobacterium_sp._C-17	2898076	S	18	8	26	0.00000
Chryseobacterium_sp._Y16C	2920939	S	17	15	32	0.00000
Chryseobacterium_sp._DH-B6	2759528	S	16	9	25	0.00000
Chryseobacterium_sp._MEBOG07	2879939	S	16	5	21	0.00000
Chryseobacterium_sp._ADR-1	2929799	S	16	7	23	0.00000
Chryseobacterium_sp._G0162	2487063	S	15	22	37	0.00000
Chryseobacterium_sp._StRB126	878220	S	12	4	16	0.00000
Chryseobacterium_sp._G0186	2487064	S	10	8	18	0.00000
Chryseobacterium_taklimakanense	536441	S	89	59	148	0.00001
Chryseobacterium_indologenes	253	S	76	47	123	0.00001
Chryseobacterium_camelliae	1265445	S	73	51	124	0.00001
Chryseobacterium_shandongense	1493872	S	55	44	99	0.00001
Chryseobacterium_arthrosphaerae	651561	S	52	35	87	0.00000
Chryseobacterium_carnipullorum	1124835	S	49	24	73	0.00000
Chryseobacterium_gallinarum	1324352	S	48	21	69	0.00000
Chryseobacterium_indoltheticum	254	S	42	14	56	0.00000
Chryseobacterium_gleum	250	S	38	64	102	0.00001
Chryseobacterium_daecheongense	192389	S	36	8	44	0.00000
Chryseobacterium_nepalense	1854498	S	34	7	41	0.00000
Chryseobacterium_salivictor	2547600	S	33	6	39	0.00000
Chryseobacterium_aureum	2497456	S	25	8	33	0.00000
Chryseobacterium_balustinum	246	S	25	12	37	0.00000
Chryseobacterium_glaciei	1685010	S	25	7	32	0.00000
Chryseobacterium_piperi	558152	S	24	3	27	0.00000
Chryseobacterium_cucumeris	1813611	S	23	19	42	0.00000
Chryseobacterium_lactis	1241981	S	22	27	49	0.00000
Chryseobacterium_nakagawai	1241982	S	16	32	48	0.00000
Chryseobacterium_manosquense	2754694	S	16	16	32	0.00000
Chryseobacterium_joostei	112234	S	13	7	20	0.00000
Kaistella_sp._97-N-M2	2908645	S	64	10	74	0.00000
Kaistella_sp._GW4-15	2878534	S	18	2	20	0.00000
Kaistella_daneshvariae	2487074	S	74	10	84	0.00000
Kaistella_jeonii	266749	S	33	3	36	0.00000
Kaistella_antarctica	266748	S	26	3	29	0.00000
Candidatus_Kaistella_beijingensis	2820270	S	20	10	30	0.00000
Kaistella_carnis	1241979	S	17	7	24	0.00000
Kaistella_flava_(ex_Peng_et_al._2021)	2038776	S	12	2	14	0.00000
Epilithonimonas_zeae	1416779	S	28	5	33	0.00000
Epilithonimonas_vandammei	2487072	S	25	51	76	0.00000
Elizabethkingia_anophelis	1117645	S	47	76	123	0.00001
Elizabethkingia_meningoseptica	238	S	36	4	40	0.00000
Elizabethkingia_sp._JS20170427COW	2583851	S	14	2	16	0.00000
Elizabethkingia_sp._2-6	2575699	S	12	32	44	0.00000
Elizabethkingia_ursingii	1756150	S	19	6	25	0.00000
Elizabethkingia_miricola	172045	S	15	14	29	0.00000
Cruoricaptor_ignavus	1118202	S	141	23	164	0.00001
Ornithobacterium_rhinotracheale	28251	S	69	56	125	0.00001
Apibacter_raozihei	2500547	S	15	19	34	0.00000
Empedobacter_brevis	247	S	20	10	30	0.00000
Empedobacter_falsenii	343874	S	18	17	35	0.00000
Empedobacter_stercoris	1628248	S	14	6	20	0.00000
Cloacibacterium_caeni	2004710	S	29	41	70	0.00000
Riemerella_anatipestifer	34085	S	33	15	48	0.00000
Bergeyella_cardium	1585976	S	19	5	24	0.00000
Weeksella_virosa	1014	S	15	7	22	0.00000
Faecalibacter_bovis	2898187	S	15	3	18	0.00000
Blattabacterium_cuenoti	1653831	S	162	58	220	0.00001
Owenweeksia_hongkongensis	253245	S	61	5	66	0.00000
Croceimicrobium_hydrocarbonivorans	2761580	S	54	12	66	0.00000
Fluviicola_taffensis	191579	S	42	3	45	0.00000
Crocinitomix_sp._GM2_3_6_6	2862509	S	39	1	40	0.00000
Candidatus_Sulcia_muelleri	336810	S	32	9	41	0.00000
Candidatus_Walczuchella_monophlebidarum	1415657	S	20	1	21	0.00000
Ichthyobacterium_seriolicida	242600	S	17	0	17	0.00000
Mucilaginibacter_sp._14171R-50	2703789	S	170	11	181	0.00001
Mucilaginibacter_sp._SMC90	2929803	S	164	10	174	0.00001
Mucilaginibacter_sp._21P	2778902	S	130	8	138	0.00001
Mucilaginibacter_sp._F39-2	2728022	S	90	6	96	0.00000
Mucilaginibacter_daejeonensis	398049	S	307	18	325	0.00002
Mucilaginibacter_mali	2740462	S	280	10	290	0.00001
Mucilaginibacter_ginsenosidivorans	398053	S	258	9	267	0.00001
Mucilaginibacter_celer	2305508	S	187	8	195	0.00001
Mucilaginibacter_gotjawali	1550579	S	184	5	189	0.00001
Mucilaginibacter_paludis	423351	S	168	8	176	0.00001
Mucilaginibacter_ginsenosidivorax	862126	S	156	6	162	0.00001
Mucilaginibacter_xinganensis	1234841	S	142	7	149	0.00001
Mucilaginibacter_rubeus	2027860	S	105	326	431	0.00002
Mucilaginibacter_ginkgonis	2682091	S	105	5	110	0.00001
Mucilaginibacter_mallensis	652787	S	103	3	106	0.00001
Mucilaginibacter_gossypii	551996	S	51	48	99	0.00001
Pedobacter_sp._KBS0701	2578106	S	87	25	112	0.00001
Pedobacter_sp._PACM_27299	1727164	S	61	9	70	0.00000
Pedobacter_sp._D749	2856523	S	61	17	78	0.00000
Pedobacter_sp._HDW13	2714940	S	58	7	65	0.00000
Pedobacter_sp._SW-16	2766984	S	49	8	57	0.00000
Pedobacter_sp._G11	2482728	S	40	5	45	0.00000
Pedobacter_sp._Q8-18	2895286	S	38	3	41	0.00000
Pedobacter_endophyticus	2789740	S	124	12	136	0.00001
Pedobacter_heparinus	984	S	99	8	107	0.00001
Pedobacter_schmidteae	2201271	S	80	7	87	0.00000
Pedobacter_steynii	430522	S	70	6	76	0.00000
Pedobacter_suwonensis	332999	S	68	13	81	0.00000
Pedobacter_roseus	336820	S	58	16	74	0.00000
Pedobacter_cryoconitis	188932	S	54	5	59	0.00000
Pedobacter_ginsengisoli	363852	S	44	6	50	0.00000
Pedobacter_aquae	2605747	S	27	2	29	0.00000
Sphingobacterium_sp._DR205	2713573	S	64	7	71	0.00000
Sphingobacterium_sp._CZ-2	2557994	S	51	14	65	0.00000
Sphingobacterium_sp._UDSM-2020	2795738	S	37	11	48	0.00000
Sphingobacterium_sp._dk4302	2662364	S	31	3	34	0.00000
Sphingobacterium_sp._PCS056	2931400	S	30	5	35	0.00000
Sphingobacterium_sp._ML3W	1538644	S	29	9	38	0.00000
Sphingobacterium_sp._SRCM116780	2907623	S	25	4	29	0.00000
Sphingobacterium_thalpophilum	259	S	126	140	266	0.00001
Sphingobacterium_spiritivorum	258	S	98	69	167	0.00001
Sphingobacterium_lactis	797291	S	67	57	124	0.00001
Sphingobacterium_psychroaquaticum	561061	S	66	13	79	0.00000
Sphingobacterium_hotanense	649196	S	58	18	76	0.00000
Sphingobacterium_mizutaii	1010	S	50	7	57	0.00000
Sphingobacterium_multivorum	28454	S	46	115	161	0.00001
Sphingobacterium_daejeonense	371142	S	46	13	59	0.00000
Sphingobacterium_paramultivorum	2886510	S	16	22	38	0.00000
Anseongella_ginsenosidimutans	496056	S	341	14	355	0.00002
Olivibacter_sp._LS-1	2592345	S	113	7	120	0.00001
Olivibacter_sp._SDN3	2764720	S	109	17	126	0.00001
Solitalea_canadensis	995	S	72	8	80	0.00000
Solitalea_sp._S2-8	2911172	S	63	9	72	0.00000
Pseudopedobacter_saltans	151895	S	56	46	102	0.00001
Haliscomenobacter_hydrossis	2350	S	396	6	402	0.00002
Saprospira_grandis	1008	S	75	2	77	0.00000
Candidatus_Sulfidibacterium_hydrothermale	2875962	S	136	4	140	0.00001
Chlorobaculum_limnaeum	274537	S	1422	240	1662	0.00009
Chlorobaculum_tepidum	1097	S	716	206	922	0.00005
Chlorobaculum_parvum	274539	S	692	136	828	0.00004
Pelodictyon_luteolum	1100	S	640	138	778	0.00004
Pelodictyon_phaeoclathratiforme	34090	S	120	9	129	0.00001
Chlorobium_limicola	1092	S	321	24	345	0.00002
Chlorobium_phaeobacteroides	1096	S	175	22	197	0.00001
Chlorobium_phaeovibrioides	1094	S	129	34	163	0.00001
Prosthecochloris_sp._GSB1	281093	S	608	45	653	0.00003
Prosthecochloris_sp._CIB_2401	1868325	S	230	62	292	0.00001
Prosthecochloris_sp._HL-130-GSB	1974213	S	172	33	205	0.00001
Prosthecochloris_aestuarii	1102	S	186	20	206	0.00001
Chloroherpeton_thalassium	100716	S	276	5	281	0.00001
Candidatus_Cyclonatronum_proteinivorum	1457365	S	472	49	521	0.00003
Melioribacter_roseus	1134405	S	192	16	208	0.00001
Ignavibacterium_album	591197	S	124	12	136	0.00001
Gemmatirosa_kalamazoonesis	861299	S	81288	8530	89818	0.00459
Gemmatimonas_groenlandica	2732249	S	11615	1472	13087	0.00067
Gemmatimonas_aurantiaca	173480	S	8799	996	9795	0.00050
Gemmatimonas_phototrophica	1379270	S	7138	1097	8235	0.00042
Fibrobacter_succinogenes	833	S	274	5	279	0.00001
Candidatus_Cloacimonas_acidaminovorans	456827	S	113	3	116	0.00001
Luteitalea_sp._TBR-22	2802971	S	58687	11911	70598	0.00361
Luteitalea_pratensis	1855912	S	50007	6616	56623	0.00290
Granulicella_sp._WH15	2602070	S	4464	855	5319	0.00027
Granulicella_sp._5B5	1617967	S	3415	587	4002	0.00020
Granulicella_mallensis	940614	S	3059	393	3452	0.00018
Granulicella_tundricola	940615	S	2295	324	2619	0.00013
Terriglobus_roseus	392734	S	3806	876	4682	0.00024
Terriglobus_albidus	1592106	S	2958	306	3264	0.00017
Terriglobus_saanensis	870903	S	1925	274	2199	0.00011
Acidobacterium_capsulatum	33075	S	3862	513	4375	0.00022
Acidobacterium_sp._4Y35	2763107	S	3213	242	3455	0.00018
Candidatus_Koribacter_versatilis	658062	S	5923	218	6141	0.00031
Edaphobacter_sp._12200R-103	2703788	S	2536	460	2996	0.00015
Edaphobacter_sp._4G125	2763071	S	1353	209	1562	0.00008
Acidisarcina_polymorpha	2211140	S	2438	193	2631	0.00013
Paludibaculum_fermentans	1473598	S	10647	324	10971	0.00056
Chloracidobacterium_aggregatum	2851959	S	1794	1312	3106	0.00016
Chloracidobacterium_validum	2821543	S	1469	30	1499	0.00008
Chloracidobacterium_sp._D	2821536	S	160	578	738	0.00004
Chloracidobacterium_thermophilum	458033	S	132	441	573	0.00003
Sulfidibacter_corallicola	2818388	S	3834	95	3929	0.00020
Thermotomaculum_hydrothermale	981385	S	185	10	195	0.00001
Nitrospira_moscoviensis	42253	S	9327	833	10160	0.00052
Nitrospira_japonica	1325564	S	5429	660	6089	0.00031
Nitrospira_sp._KM1	1936990	S	4250	405	4655	0.00024
Candidatus_Nitrospira_inopinata	1715989	S	3389	300	3689	0.00019
Leptospirillum_ferrooxidans	180	S	197	4	201	0.00001
Leptospirillum_ferriphilum	178606	S	61	158	219	0.00001
Leptospirillum_sp._Group_II_'CF-1'	1660083	S	59	160	219	0.00001
Dissulfurispira_thermophila	2715679	S	200	8	208	0.00001
Thermodesulfovibrio_yellowstonii	28262	S	175	4	179	0.00001
Spirochaeta_thermophila	154	S	993	25	1018	0.00005
Spirochaeta_africana	46355	S	356	17	373	0.00002
Salinispira_pacifica	1307761	S	185	5	190	0.00001
Sediminispirochaeta_smaragdinae	55206	S	131	3	134	0.00001
Oceanispirochaeta_crateris	2518645	S	40	2	42	0.00000
Thiospirochaeta_perfilievii	252967	S	22	1	23	0.00000
Treponema_brennaborense	81028	S	217	76	293	0.00002
Treponema_azotonutricium	150829	S	183	7	190	0.00001
Treponema_primitia	88058	S	163	8	171	0.00001
Treponema_sp._Marseille-Q4132	2766701	S	123	51	174	0.00001
Treponema_sp._OMZ_838	1539298	S	25	23	48	0.00000
Treponema_caldarium	215591	S	127	15	142	0.00001
Treponema_socranskii	53419	S	113	47	160	0.00001
Treponema_parvum	138851	S	105	5	110	0.00001
Treponema_succinifaciens	167	S	62	48	110	0.00001
Treponema_vincentii	69710	S	62	56	118	0.00001
Treponema_phagedenis	162	S	40	16	56	0.00000
Treponema_medium	58231	S	38	41	79	0.00000
Treponema_denticola	158	S	37	136	173	0.00001
Treponema_peruense	2787628	S	32	4	36	0.00000
Treponema_pedis	409322	S	25	5	30	0.00000
Treponema_putidum	221027	S	21	14	35	0.00000
Sphaerochaeta_associata	1129264	S	158	22	180	0.00001
Sphaerochaeta_coccoides	273376	S	113	5	118	0.00001
Sphaerochaeta_globosa	1131703	S	80	12	92	0.00000
Sphaerochaeta_pleomorpha	1131707	S	59	9	68	0.00000
Breznakiella_homolactica	2798577	S	240	19	259	0.00001
Borrelia_turcica	229155	S	22	60	82	0.00000
Borrelia_sp._HM	1882662	S	11	33	44	0.00000
Leptospira_santarosai	28183	S	113	1	114	0.00001
Leptospira_kmetyi	408139	S	96	1	97	0.00000
Leptospira_weilii	28184	S	80	1	81	0.00000
Leptospira_tipperaryensis	2564040	S	57	0	57	0.00000
Leptospira_noguchii	28182	S	50	0	50	0.00000
Leptospira_kobayashii	1917830	S	40	0	40	0.00000
Leptospira_borgpetersenii	174	S	39	0	39	0.00000
Leptospira_mayottensis	1137606	S	37	0	37	0.00000
Leptospira_biflexa	172	S	29	0	29	0.00000
Leptospira_interrogans	173	S	21	241	262	0.00001
Turneriella_parva	29510	S	495	4	499	0.00003
Brachyspira_pilosicoli	52584	S	19	3	22	0.00000
Brachyspira_hampsonii	1287055	S	12	56	68	0.00000
Pyramidobacter_piscolens	638849	S	1019	69	1088	0.00006
Fretibacterium_fastidiosum	651822	S	929	14	943	0.00005
Aminomonas_paucivorans	81412	S	916	115	1031	0.00005
Thermanaerovibrio_acidaminovorans	81462	S	432	156	588	0.00003
Thermanaerovibrio_velox	108007	S	254	58	312	0.00002
Cloacibacillus_porcorum	1197717	S	667	145	812	0.00004
Jonquetella_anthropi	428712	S	467	77	544	0.00003
Aminobacterium_colombiense	81468	S	125	8	133	0.00001
Acetomicrobium_mobile	97477	S	115	3	118	0.00001
Thermovirga_lienii	336261	S	80	70	150	0.00001
Candidatus_Bipolaricaulis_anaerobius	2026885	S	1008	45	1053	0.00005
Candidatus_Nanosynbacter_featherlites	2572088	S	55	22	77	0.00000
Nanosynbacter_sp._HMT-352	2899133	S	33	74	107	0.00001
Candidatus_Nanosynbacter_lyticus	2093824	S	19	41	60	0.00000
Candidatus_Nanosynbacter_sp._HMT352	2902423	S	10	27	37	0.00000
Candidatus_Saccharimonas_aalborgensis	1332188	S	94	1	95	0.00000
Candidatus_Minimicrobia_vallesae	2841264	S	11	67	78	0.00000
Candidatus_Babela_massiliensis	673862	S	222	5	227	0.00001
Candidatus_Chazhemtobacterium_aquaticus	2715735	S	68	0	68	0.00000
Candidatus_Absconditicoccus_praedator	2735562	S	57	0	57	0.00000
Thermotoga_caldifontis	1508419	S	158	47	205	0.00001
Thermotoga_sp._2812B	1157948	S	16	63	79	0.00000
Thermotoga_sp._Cell2	1157947	S	10	190	200	0.00001
Thermotoga_profunda	1508420	S	27	5	32	0.00000
Pseudothermotoga_hypogea	57487	S	86	61	147	0.00001
Pseudothermotoga_thermarum	119394	S	28	12	40	0.00000
Thermosipho_ferrireducens	2571116	S	34	8	42	0.00000
Thermosipho_africanus	2421	S	15	29	44	0.00000
Fervidobacterium_pennivorans	93466	S	23	89	112	0.00001
Mesotoga_infera	1236046	S	92	13	105	0.00001
Mesotoga_prima	1184387	S	59	10	69	0.00000
Kosmotoga_pacifica	1330330	S	43	44	87	0.00000
Kosmotoga_olearia	651457	S	32	31	63	0.00000
Tepiditoga_spiralis	2108365	S	30	7	37	0.00000
Petrotoga_mobilis	69499	S	23	20	43	0.00000
Defluviitoga_tunisiensis	1006576	S	19	32	51	0.00000
Athalassotoga_saccharophila	1441386	S	96	3	99	0.00001
Thermocrinis_minervae	381751	S	87	16	103	0.00001
Thermocrinis_ruber	75906	S	37	7	44	0.00000
Thermocrinis_albus	136094	S	29	4	33	0.00000
Hydrogenobacter_sp._T-8	1632019	S	67	26	93	0.00000
Hydrogenobacter_thermophilus	940	S	32	16	48	0.00000
Aquifex_aeolicus	63363	S	58	5	63	0.00000
Sulfurihydrogenibium_azorense	309806	S	133	25	158	0.00001
Persephonella_marina	309805	S	96	11	107	0.00001
Thermosulfidibacter_takaii	412593	S	177	7	184	0.00001
Thermovibrio_ammonificans	228745	S	161	30	191	0.00001
Desulfurobacterium_thermolithotrophum	64160	S	75	12	87	0.00000
Thermosulfurimonas_marina	2047767	S	333	40	373	0.00002
Thermosulfuriphilus_ammonigenes	1936021	S	193	8	201	0.00001
Thermodesulfobacterium_commune	1741	S	35	12	47	0.00000
Thermodesulfobacterium_sp._TA1	2234087	S	34	10	44	0.00000
Thermodesulfobacterium_geofontis	1295609	S	20	6	26	0.00000
Thermodesulfatator_indicus	171695	S	80	10	90	0.00000
Caldimicrobium_thiodismutans	1653476	S	53	8	61	0.00000
Caldithrix_abyssi	187145	S	610	6	616	0.00003
Geovibrio_thiophilus	139438	S	149	42	191	0.00001
Flexistipes_sinusarabici	2352	S	97	16	113	0.00001
Deferribacter_desulfuricans	197162	S	69	18	87	0.00000
Calditerrivibrio_nitroreducens	477976	S	65	13	78	0.00000
Mucispirillum_schaedleri	248039	S	52	7	59	0.00000
Denitrovibrio_acetiphilus	118000	S	47	9	56	0.00000
Desulfurispirillum_indicum	936456	S	471	236	707	0.00004
Fusobacterium_ulcerans	861	S	55	10	65	0.00000
Fusobacterium_nucleatum	851	S	22	35	57	0.00000
Fusobacterium_sp._NSJ-57	2764326	S	16	25	41	0.00000
Fusobacterium_gonidiaformans	849	S	13	5	18	0.00000
Fusobacterium_necrophorum	859	S	12	5	17	0.00000
Fusobacterium_pseudoperiodonticum	2663009	S	11	11	22	0.00000
Cetobacterium_somerae	188913	S	13	2	15	0.00000
Leptotrichia_sp._oral_taxon_212	712357	S	13	9	22	0.00000
Leptotrichia_wadei	157687	S	13	38	51	0.00000
Sebaldella_termitidis	826	S	38	2	40	0.00000
Pseudoleptotrichia_goodfellowii	157692	S	26	3	29	0.00000
Elusimicrobium_minutum	423605	S	184	4	188	0.00001
Endomicrobium_proavitum	1408281	S	55	20	75	0.00000
Candidatus_Endomicrobium_trichonymphae	1408204	S	51	17	68	0.00000
Coprothermobacter_proteolyticus	35786	S	201	44	245	0.00001
Dictyoglomus_thermophilum	14	S	15	81	96	0.00000
Dictyoglomus_turgidum	513050	S	10	55	65	0.00000
Caldisericum_exile	693075	S	156	0	156	0.00001
Atribacter_laminatus	2847778	S	115	3	118	0.00001
Fusarium_acuminatum	5515	S	4396	253	4649	0.00024
Fusarium_avenaceum	40199	S	159	6	165	0.00001
Fusarium_oxysporum	5507	S	1991	786	2777	0.00014
Fusarium_poae	36050	S	162	43	205	0.00001
Fusarium_longipes	694270	S	148	5	153	0.00001
Fusarium_pseudograminearum	101028	S	126	29	155	0.00001
Fusarium_sporotrichioides	5514	S	123	7	130	0.00001
Fusarium_sambucinum	5128	S	112	29	141	0.00001
Fusarium_venenatum	56646	S	72	111	183	0.00001
Fusarium_culmorum	5516	S	50	26	76	0.00000
Fusarium_graminearum	5518	S	39	250	289	0.00001
Fusarium_decemcellulare	57161	S	537	11	548	0.00003
Fusarium_nygamai	42673	S	135	48	183	0.00001
Fusarium_fujikuroi	5127	S	132	15	147	0.00001
Fusarium_pseudonygamai	47755	S	95	26	121	0.00001
Fusarium_thapsinum	120644	S	89	23	112	0.00001
Fusarium_verticillioides	117187	S	27	43	70	0.00000
Fusarium_heterosporum	42747	S	184	29	213	0.00001
Fusarium_graminum	86546	S	154	25	179	0.00001
Fusarium_scirpi	2211609	S	125	38	163	0.00001
Fusarium_equiseti	61235	S	114	38	152	0.00001
Fusarium_dimerum	57145	S	281	8	289	0.00001
Fusarium_lateritium	5523	S	266	8	274	0.00001
Fusarium_chlamydosporum	86545	S	112	26	138	0.00001
Fusarium_nelsonii	77846	S	100	23	123	0.00001
Fusarium_musae	1042133	S	50	75	125	0.00001
Trichoderma_reesei	51453	S	454	41	495	0.00003
Trichoderma_citrinoviride	58853	S	429	47	476	0.00002
Trichoderma_pleuroti	500994	S	304	31	335	0.00002
Trichoderma_atroviride	63577	S	292	68	360	0.00002
Trichoderma_asperellum	101201	S	259	19	278	0.00001
Trichoderma_erinaceum	202914	S	223	33	256	0.00001
Trichoderma_afroharzianum	1567482	S	199	41	240	0.00001
Trichoderma_hamatum	49224	S	162	12	174	0.00001
Trichoderma_koningiopsis	337941	S	149	22	171	0.00001
Trichoderma_harzianum	5544	S	147	31	178	0.00001
Trichoderma_gamsii	398673	S	137	18	155	0.00001
Trichoderma_longibrachiatum	5548	S	41	417	458	0.00002
Trichoderma_virens	29875	S	32	330	362	0.00002
Trichoderma_koningii	97093	S	31	303	334	0.00002
Trichoderma_viride	5547	S	21	285	306	0.00002
Metarhizium_album	92629	S	646	21	667	0.00003
Metarhizium_guizhouense	169041	S	447	245	692	0.00004
Metarhizium_rileyi	1649241	S	399	64	463	0.00002
Metarhizium_acridum	92637	S	269	171	440	0.00002
Metarhizium_humberi	2596975	S	163	102	265	0.00001
Metarhizium_brunneum	500148	S	144	122	266	0.00001
Metarhizium_majus	1650735	S	136	63	199	0.00001
Metarhizium_anisopliae	5530	S	131	192	323	0.00002
Metarhizium_robertsii	568076	S	58	42	100	0.00001
Ustilaginoidea_virens	1159556	S	1009	49	1058	0.00005
Pochonia_chlamydosporia	280754	S	234	15	249	0.00001
Beauveria_felina	37994	S	844	45	889	0.00005
Beauveria_pseudobassiana	931006	S	387	64	451	0.00002
Beauveria_brongniartii	118266	S	363	102	465	0.00002
Beauveria_rudraprayagi	1481906	S	195	273	468	0.00002
Beauveria_bassiana	176275	S	164	242	406	0.00002
Cordyceps_fumosorosea	114497	S	1267	92	1359	0.00007
Purpureocillium_lilacinum	33203	S	1491	109	1600	0.00008
Drechmeria_coniospora	98403	S	1139	54	1193	0.00006
Clonostachys_rosea	29856	S	537	39	576	0.00003
Colletotrichum_higginsianum	80884	S	1561	315	1876	0.00010
Thermothielavioides_terrestris	2587410	S	2646	229	2875	0.00015
Thermothelomyces_thermophilus	78579	S	2363	148	2511	0.00013
Neurospora_crassa	5141	S	702	43	745	0.00004
Pyricularia_oryzae	318829	S	569	156	725	0.00004
Pyricularia_pennisetigena	1578925	S	513	82	595	0.00003
Pyricularia_grisea	148305	S	396	61	457	0.00002
Neopestalotiopsis_rosae	1562205	S	236	249	485	0.00002
Neopestalotiopsis_clavispora	289240	S	191	218	409	0.00002
Botrytis_cinerea	40559	S	323	2	325	0.00002
Aspergillus_flavus	5059	S	493	917	1410	0.00007
Aspergillus_oryzae	5062	S	376	631	1007	0.00005
Aspergillus_luchuensis	1069201	S	1433	86	1519	0.00008
Aspergillus_chevalieri	182096	S	1070	92	1162	0.00006
Aspergillus_puulaauensis	1220207	S	526	18	544	0.00003
Aspergillus_fumigatus	746128	S	349	14	363	0.00002
Penicillium_chrysogenum	5076	S	174	31	205	0.00001
Penicillium_aurantiogriseum	36655	S	146	46	192	0.00001
Penicillium_expansum	27334	S	128	49	177	0.00001
Penicillium_citrinum	5077	S	116	14	130	0.00001
Penicillium_italicum	40296	S	114	39	153	0.00001
Penicillium_digitatum	36651	S	85	16	101	0.00001
Paecilomyces_niveus	5093	S	217	8	225	0.00001
Paecilomyces_variotii	264951	S	194	17	211	0.00001
Talaromyces_rugulosus	121627	S	285	15	300	0.00002
Paraphaeosphaeria_minitans	565426	S	638	201	839	0.00004
Ampelomyces_quisqualis	50730	S	456	45	501	0.00003
Zymoseptoria_tritici	1047171	S	297	7	304	0.00002
Cercospora_beticola	122368	S	229	2	231	0.00001
Eremothecium_gossypii	33169	S	215	145	360	0.00002
Eremothecium_cymbalariae	45285	S	30	1	31	0.00000
Eremothecium_sinecaudum	45286	S	12	6	18	0.00000
Lachancea_thermotolerans	381046	S	106	5	111	0.00001
Naumovozyma_castellii	27288	S	42	2	44	0.00000
Naumovozyma_dairenensis	27289	S	40	1	41	0.00000
Torulaspora_globosa	48254	S	59	2	61	0.00000
Torulaspora_delbrueckii	4950	S	15	1	16	0.00000
Saccharomyces_eubayanus	1080349	S	39	1	40	0.00000
Saccharomyces_cerevisiae	4932	S	16	2	18	0.00000
Saccharomyces_paradoxus	27291	S	14	1	15	0.00000
Kluyveromyces_marxianus	4911	S	47	6	53	0.00000
Kluyveromyces_lactis	28985	S	18	1	19	0.00000
Tetrapisispora_phaffii	113608	S	31	0	31	0.00000
Tetrapisispora_blattae	1071379	S	31	1	32	0.00000
[Candida]_glabrata	5478	S	52	1	53	0.00000
Kazachstania_naganishii	588726	S	46	1	47	0.00000
Zygosaccharomyces_rouxii	4956	S	42	1	43	0.00000
Zygotorulaspora_mrakii	42260	S	28	2	30	0.00000
Ogataea_parapolymorpha	1005962	S	96	2	98	0.00001
Brettanomyces_bruxellensis	5007	S	40	2	42	0.00000
Brettanomyces_nanus	13502	S	32	3	35	0.00000
Pichia_kudriavzevii	4909	S	18	0	18	0.00000
Candida_dubliniensis	42374	S	59	3	62	0.00000
Candida_albicans	5476	S	39	2	41	0.00000
Candida_orthopsilosis	273371	S	32	0	32	0.00000
Scheffersomyces_stipitis	4924	S	26	1	27	0.00000
Debaryomyces_hansenii	4959	S	17	0	17	0.00000
Yarrowia_lipolytica	4952	S	146	1	147	0.00001
Sugiyamaella_lignohabitans	796027	S	81	6	87	0.00000
Saccharomycodes_ludwigii	36035	S	17	2	19	0.00000
Komagataella_phaffii	460519	S	10	0	10	0.00000
Schizosaccharomyces_pombe	4896	S	52	1	53	0.00000
Pseudozyma_flocculosa	84751	S	2227	20	2247	0.00011
Ustilago_maydis	5270	S	576	18	594	0.00003
Sporisorium_graminicola	280036	S	436	72	508	0.00003
Malassezia_restricta	76775	S	205	31	236	0.00001
Phlebiopsis_gigantea	82310	S	681	6	687	0.00004
Rhizoctonia_solani	456999	S	143	6	149	0.00001
Marasmius_oreades	181124	S	117	5	122	0.00001
Cryptococcus_neoformans	5207	S	155	6	161	0.00001
Cryptococcus_gattii_VGI	37769	S	62	36	98	0.00001
Phytophthora_cinnamomi	4785	S	1391	243	1634	0.00008
Phytophthora_fragariae	53985	S	959	142	1101	0.00006
Phytophthora_cryptogea	4786	S	605	52	657	0.00003
Phytophthora_infestans	4787	S	460	650	1110	0.00006
Phytophthora_cactorum	29920	S	401	62	463	0.00002
Phytophthora_boehmeriae	109152	S	331	40	371	0.00002
Phytophthora_parasitica	4792	S	236	32	268	0.00001
Pythium_aphanidermatum	65070	S	527	13	540	0.00003
