name	taxonomy_id	taxonomy_lvl	kraken_assigned_reads	added_reads	new_est_reads	fraction_total_reads
Streptomyces sp. SCSIO 64649	2878388	S	9634	2267	11901	0.00078
Streptomyces sp. CB01881	2078691	S	8772	2139	10911	0.00071
Streptomyces sp. SN-593	659352	S	8306	2560	10866	0.00071
Streptomyces sp. AMCC400023	2056258	S	8137	3780	11917	0.00078
Streptomyces sp. So13.3	2136173	S	8125	1968	10093	0.00066
Streptomyces sp. MA3_2.13	2867410	S	7958	1333	9291	0.00061
Streptomyces sp. CdTB01	1725411	S	7901	2785	10686	0.00070
Streptomyces sp. WAC 01438	2203204	S	7466	3115	10581	0.00069
Streptomyces sp. ZYC-3	2797636	S	7347	1789	9136	0.00060
Streptomyces sp. NHF165	2175864	S	6971	1557	8528	0.00056
Streptomyces sp. Z423-1	2730915	S	6809	2423	9232	0.00060
Streptomyces sp. P3	2135430	S	6565	2028	8593	0.00056
Streptomyces sp. ST1015	1848900	S	6393	1674	8067	0.00053
Streptomyces sp. SCUT-3	2684469	S	6391	3255	9646	0.00063
Streptomyces sp. HM190	2695266	S	6386	2500	8886	0.00058
Streptomyces sp. NA02950	2742137	S	6196	1559	7755	0.00051
Streptomyces sp. BH-MK-02	2880933	S	5908	1608	7516	0.00049
Streptomyces sp. 3214.6	1882757	S	5769	2066	7835	0.00051
Streptomyces sp. MG28	2865673	S	5598	2321	7919	0.00052
Streptomyces sp. 891-h	2720714	S	5521	1291	6812	0.00045
Streptomyces sp. 3025	2923272	S	5510	1253	6763	0.00044
Streptomyces sp. LRE541	2931983	S	5343	1501	6844	0.00045
Streptomyces sp. GQFP	2907545	S	5190	1104	6294	0.00041
Streptomyces sp. DSM 40868	2721173	S	5154	2279	7433	0.00049
Streptomyces sp. MST-110588	2833628	S	5071	1578	6649	0.00043
Streptomyces sp. A2-16	2781734	S	4988	1871	6859	0.00045
Streptomyces sp. YIM 121038	2136401	S	4959	1768	6727	0.00044
Streptomyces sp. GMY02	1333528	S	4839	1094	5933	0.00039
Streptomyces sp. C8S0	2585716	S	4752	1722	6474	0.00042
Streptomyces sp. W1SF4	2305220	S	4663	2039	6702	0.00044
Streptomyces sp. NA04227	2742136	S	4656	1375	6031	0.00039
Streptomyces sp. CMB-StM0423	2059884	S	4558	2272	6830	0.00045
Streptomyces sp. MBT27	1488356	S	4541	1682	6223	0.00041
Streptomyces sp. JB150	2714844	S	4541	1829	6370	0.00042
Streptomyces sp. SAT1	1849967	S	4504	2081	6585	0.00043
Streptomyces sp. GS7	2692234	S	4493	1496	5989	0.00039
Streptomyces sp. BJ20	2930049	S	4476	2226	6702	0.00044
Streptomyces sp. Go-475	2072505	S	4380	2389	6769	0.00044
Streptomyces sp. NEAU-sy36	2751189	S	4255	1936	6191	0.00040
Streptomyces sp. RTd22	1841249	S	4227	1883	6110	0.00040
Streptomyces sp. QHH-9511	2684468	S	4201	1440	5641	0.00037
Streptomyces sp. RPA4-2	2721244	S	4193	1473	5666	0.00037
Streptomyces sp. MG62	2838015	S	4088	1829	5917	0.00039
Streptomyces sp. BHT-5-2	2866715	S	4075	1547	5622	0.00037
Streptomyces sp. Rer75	2750011	S	3968	1937	5905	0.00039
Streptomyces sp. Go 40/10	2825844	S	3966	2072	6038	0.00039
Streptomyces sp. 135	2838850	S	3648	1409	5057	0.00033
Streptomyces sp. Tu 2975	2676871	S	3617	1397	5014	0.00033
Streptomyces sp. HSG2	2797167	S	3598	1017	4615	0.00030
Streptomyces sp. fd1-xmd	1812480	S	3586	1797	5383	0.00035
Streptomyces sp. SM18	1736046	S	3579	1207	4786	0.00031
Streptomyces sp. SirexAA-E	862751	S	3562	1289	4851	0.00032
Streptomyces sp. HP-A2021	2927875	S	3530	2253	5783	0.00038
Streptomyces sp. CNQ-509	444103	S	3394	3186	6580	0.00043
Streptomyces sp. SYP-A7193	2662065	S	3291	2161	5452	0.00036
Streptomyces sp. INR7	2607753	S	3245	1834	5079	0.00033
Streptomyces sp. WAC 01529	2203205	S	3226	1356	4582	0.00030
Streptomyces sp. WAC 06738	2203210	S	3148	3005	6153	0.00040
Streptomyces sp. TN58	234612	S	3028	1576	4604	0.00030
Streptomyces sp. S4.7	2705439	S	2983	1176	4159	0.00027
Streptomyces sp. jing01	2726118	S	2889	1868	4757	0.00031
Streptomyces sp. S1D4-11	2721246	S	2753	2074	4827	0.00032
Streptomyces sp. CB09001	2083284	S	2422	1767	4189	0.00027
Streptomyces sp. WY228	2855836	S	2371	1409	3780	0.00025
Streptomyces sp. ADI95-16	1522758	S	2332	2069	4401	0.00029
Streptomyces sp. SUK 48	2582831	S	2294	1589	3883	0.00025
Streptomyces sp. SGAir0924	2109593	S	2279	11385	13664	0.00089
Streptomyces sp. CCM_MD2014	1561022	S	2241	2093	4334	0.00028
Streptomyces sp. A144	2871487	S	2157	9909	12066	0.00079
Streptomyces sp. YPW6	2840373	S	2142	1241	3383	0.00022
Streptomyces sp. Mg1	465541	S	2110	1995	4105	0.00027
Streptomyces sp. 769	1262452	S	2006	1629	3635	0.00024
Streptomyces sp. SS52	2563602	S	1916	9245	11161	0.00073
Streptomyces sp. HF10	2692233	S	1880	1453	3333	0.00022
Streptomyces sp. AgN23	1188315	S	1811	1709	3520	0.00023
Streptomyces sp. RPA4-5	2721245	S	1748	1228	2976	0.00019
Streptomyces sp. 2323.1	1938841	S	1586	1065	2651	0.00017
Streptomyces sp. S063	2005885	S	1572	1185	2757	0.00018
Streptomyces sp. 3211	1964449	S	1532	1965	3497	0.00023
Streptomyces sp. XC 2026	2782004	S	1523	1427	2950	0.00019
Streptomyces sp. S8	1837283	S	1489	1391	2880	0.00019
Streptomyces sp. RLB1-33	2721243	S	1370	4137	5507	0.00036
Streptomyces sp. NEAU-S7GS2	2202000	S	1364	1183	2547	0.00017
Streptomyces sp. ID38640	1265399	S	1327	972	2299	0.00015
Streptomyces sp. EAS-AB2608	2779671	S	1320	2129	3449	0.00023
Streptomyces sp. Sge12	1972846	S	1246	1966	3212	0.00021
Streptomyces sp. NA02536	2742133	S	1220	3441	4661	0.00030
Streptomyces sp. PBH53	1577075	S	1214	1787	3001	0.00020
Streptomyces sp. WA6-1-16	2879427	S	1141	1229	2370	0.00015
Streptomyces sp. MOE7	1961713	S	1112	1436	2548	0.00017
Streptomyces sp. HNA39	2850561	S	1051	1283	2334	0.00015
Streptomyces sp. 11-1-2	1851167	S	956	1867	2823	0.00018
Streptomyces sp. Tue 6075	1661694	S	952	1156	2108	0.00014
Streptomyces sp. CFMR 7	1649184	S	933	1699	2632	0.00017
Streptomyces sp. CB00271	2750025	S	898	1291	2189	0.00014
Streptomyces sp. WAC00303	2933779	S	683	1041	1724	0.00011
Streptomyces sp. M56	1495638	S	668	1852	2520	0.00016
Streptomyces sp. CLI2509	1984801	S	625	2163	2788	0.00018
Streptomyces sp. Tu6071	355249	S	550	1700	2250	0.00015
Streptomyces sp. CB04723	2748873	S	541	1031	1572	0.00010
Streptomyces sp. M2	646637	S	534	2880	3414	0.00022
Streptomyces sp. PAMC 26508	1265601	S	521	1864	2385	0.00016
Streptomyces sp. V17-9	2831149	S	520	2482	3002	0.00020
Streptomyces sp. endophyte_N2	2153485	S	493	1520	2013	0.00013
Streptomyces sp. CRSS-Y-16	2906474	S	480	2740	3220	0.00021
Streptomyces sp. HU2014	2939414	S	473	1723	2196	0.00014
Streptomyces sp. CB09030	2913412	S	472	1675	2147	0.00014
Streptomyces sp. LBUM 1480	2609808	S	464	4878	5342	0.00035
Streptomyces sp. BSE6.1	2605730	S	461	2058	2519	0.00016
Streptomyces sp. VN1	1821625	S	407	1824	2231	0.00015
Streptomyces sp. WAC00288	2094021	S	406	1796	2202	0.00014
Streptomyces sp. WA1-19	2884220	S	399	2279	2678	0.00018
Streptomyces sp. A1-5	2738410	S	385	1890	2275	0.00015
Streptomyces sp. NA03103	2742134	S	380	2462	2842	0.00019
Streptomyces sp. S501	2420135	S	356	1374	1730	0.00011
Streptomyces sp. 2114.2	1881022	S	336	2208	2544	0.00017
Streptomyces sp. S1A1-7	2594459	S	309	2931	3240	0.00021
Streptomyces sp. CA-256286	2801033	S	298	1955	2253	0.00015
Streptomyces sp. R527F	1664033	S	297	1787	2084	0.00014
Streptomyces sp. GF20	2692235	S	280	1679	1959	0.00013
Streptomyces sp. KPB2	2305221	S	259	2121	2380	0.00016
Streptomyces sp. RLB3-6	2594457	S	217	6854	7071	0.00046
Streptomyces sp. LBUM 1482	2609809	S	214	5757	5971	0.00039
Streptomyces sp. RLB3-17	2594455	S	214	3375	3589	0.00023
Streptomyces sp. NBU3104	2911367	S	197	1380	1577	0.00010
Streptomyces sp. 604F	1476754	S	191	1769	1960	0.00013
Streptomyces sp. FR-008	206662	S	164	1426	1590	0.00010
Streptomyces sp. LBUM 1475	2609807	S	156	4922	5078	0.00033
Streptomyces sp. GBA 94-10	1218177	S	138	1801	1939	0.00013
Streptomyces sp. CC0208	2306165	S	130	3684	3814	0.00025
Streptomyces sp. OUCMDZ-3434	1535304	S	119	1281	1400	0.00009
Streptomyces sp. PLM4	2929798	S	116	1020	1136	0.00007
Streptomyces sp. A10(2020)	2782013	S	114	1418	1532	0.00010
Streptomyces sp. PVA_94-07	1225337	S	106	1599	1705	0.00011
Streptomyces sp. S1D4-23	2594463	S	101	5444	5545	0.00036
Streptomyces sp. S1D4-20	2594462	S	100	2738	2838	0.00019
Streptomyces sp. RLB1-9	2594454	S	76	4216	4292	0.00028
Streptomyces sp. S1D4-14	2594461	S	55	3617	3672	0.00024
Streptomyces sp. ICC4	2099584	S	43	2871	2914	0.00019
Streptomyces sp. ICC1	2099583	S	34	1962	1996	0.00013
Streptomyces sp. SM17	565560	S	28	1228	1256	0.00008
Streptomyces capitiformicae	2014920	S	55650	9579	65229	0.00426
Streptomyces venezuelae	54571	S	25144	10858	36002	0.00235
Streptomyces cadmiisoli	2184053	S	5749	1657	7406	0.00048
Streptomyces aurantiacus	47760	S	4470	1231	5701	0.00037
Streptomyces qaidamensis	1783515	S	3792	1756	5548	0.00036
Streptomyces alboniger	132473	S	2895	1201	4096	0.00027
Streptomyces koyangensis	188770	S	2079	2265	4344	0.00028
Streptomyces hygroscopicus	1912	S	7579	11557	19136	0.00125
Streptomyces rapamycinicus	1226757	S	5022	1274	6296	0.00041
Streptomyces violaceusniger	68280	S	2040	1426	3466	0.00023
Streptomyces yatensis	155177	S	1919	1479	3398	0.00022
Streptomyces malaysiensis	92644	S	523	1599	2122	0.00014
Streptomyces chartreusis	1969	S	11047	5231	16278	0.00106
Streptomyces griseus	1911	S	4030	3860	7890	0.00052
Streptomyces sp. M54	2759525	S	357	948	1305	0.00009
Streptomyces anulatus	1892	S	2987	3249	6236	0.00041
Streptomyces microflavus	1919	S	1417	6412	7829	0.00051
Streptomyces globisporus	1908	S	1211	9100	10311	0.00067
Streptomyces albus	1888	S	9745	5386	15131	0.00099
Streptomyces bathyalis	2710756	S	9518	1888	11406	0.00075
Streptomyces lydicus	47763	S	9047	6558	15605	0.00102
Streptomyces formicae	1616117	S	8681	3109	11790	0.00077
Streptomyces bingchenggensis	379067	S	8187	1820	10007	0.00065
Streptomyces buecherae	2763006	S	7660	2291	9951	0.00065
Streptomyces griseorubiginosus	67304	S	7595	2817	10412	0.00068
Streptomyces calvus	67282	S	7563	3279	10842	0.00071
Streptomyces tsukubensis	83656	S	7556	2097	9653	0.00063
Streptomyces cyaneochromogenes	2496836	S	7541	2490	10031	0.00066
Streptomyces armeniacus	83291	S	7429	1248	8677	0.00057
Streptomyces cattleya	29303	S	6946	2382	9328	0.00061
Streptomyces ferrugineus	1413221	S	6941	2506	9447	0.00062
Streptomyces niveus	193462	S	6879	3505	10384	0.00068
Streptomyces lunaelactis	1535768	S	6809	1643	8452	0.00055
Streptomyces spectabilis	68270	S	6626	2431	9057	0.00059
Streptomyces seoulensis	73044	S	6255	2755	9010	0.00059
Streptomyces aquilus	2548456	S	6179	2069	8248	0.00054
Streptomyces phaeolivaceus	2653200	S	6135	1889	8024	0.00052
Streptomyces lincolnensis	1915	S	6038	1977	8015	0.00052
Streptomyces roseirectus	2768066	S	5990	1678	7668	0.00050
Streptomyces davaonensis	348043	S	5743	1828	7571	0.00049
Streptomyces rimosus	1927	S	5693	15940	21633	0.00141
Streptomyces xinghaiensis	1038928	S	5618	2005	7623	0.00050
Streptomyces viridosporus	67581	S	5591	2541	8132	0.00053
Streptomyces xanthii	2768069	S	5591	1959	7550	0.00049
Streptomyces deccanensis	424188	S	5503	2485	7988	0.00052
Streptomyces dengpaensis	2049881	S	5349	1704	7053	0.00046
Streptomyces nigra	1827580	S	5308	2373	7681	0.00050
Streptomyces durmitorensis	319947	S	5275	1314	6589	0.00043
Streptomyces albulus	68570	S	5233	1810	7043	0.00046
Streptomyces asoensis	249586	S	5149	1735	6884	0.00045
Streptomyces genisteinicus	2768068	S	5117	1872	6989	0.00046
Streptomyces actuosus	1885	S	5050	2437	7487	0.00049
Streptomyces vietnamensis	362257	S	5038	1914	6952	0.00045
Streptomyces clavuligerus	1901	S	4963	1415	6378	0.00042
Streptomyces griseoviridis	45398	S	4912	1830	6742	0.00044
Streptomyces olivoreticuli	68246	S	4898	1611	6509	0.00043
Streptomyces liangshanensis	2717324	S	4870	1440	6310	0.00041
Streptomyces avermitilis	33903	S	4829	1582	6411	0.00042
Streptomyces griseocarneus	51201	S	4801	1961	6762	0.00044
Streptomyces globosus	68209	S	4775	2029	6804	0.00044
Streptomyces alboflavus	67267	S	4765	1510	6275	0.00041
Streptomyces aureoverticillatus	66871	S	4754	1462	6216	0.00041
Streptomyces luteoverticillatus	66425	S	4731	1833	6564	0.00043
Streptomyces griseochromogenes	68214	S	4700	1477	6177	0.00040
Streptomyces antibioticus	1890	S	4675	1900	6575	0.00043
Streptomyces harbinensis	1176198	S	4655	1483	6138	0.00040
Streptomyces nodosus	40318	S	4605	1367	5972	0.00039
Streptomyces rectiverticillatus	173860	S	4561	1706	6267	0.00041
Streptomyces paludis	2282738	S	4463	1139	5602	0.00037
Streptomyces ficellus	1977088	S	4425	1835	6260	0.00041
Streptomyces exfoliatus	1905	S	4408	1726	6134	0.00040
Streptomyces prasinus	67345	S	4382	1632	6014	0.00039
Streptomyces ambofaciens	1889	S	4367	3014	7381	0.00048
Streptomyces collinus	42684	S	4293	3453	7746	0.00051
Streptomyces broussonetiae	2686304	S	4293	1467	5760	0.00038
Streptomyces lavendulae	1914	S	4208	1668	5876	0.00038
Streptomyces glaucescens	1907	S	4185	2055	6240	0.00041
Streptomyces tendae	1932	S	4181	1955	6136	0.00040
Streptomyces parvulus	146923	S	4164	2078	6242	0.00041
Streptomyces roseochromogenus	285450	S	4161	1471	5632	0.00037
Streptomyces atratus	1893	S	4120	966	5086	0.00033
Streptomyces subrutilus	36818	S	4066	1731	5797	0.00038
Streptomyces peucetius	1950	S	4025	1270	5295	0.00035
Streptomyces fodineus	1904616	S	3971	1571	5542	0.00036
Streptomyces galilaeus	33899	S	3911	1504	5415	0.00035
Streptomyces katrae	68223	S	3885	1669	5554	0.00036
Streptomyces chromofuscus	42881	S	3850	1681	5531	0.00036
Streptomyces vinaceus	1960	S	3821	1563	5384	0.00035
Streptomyces pristinaespiralis	38300	S	3767	1760	5527	0.00036
Streptomyces hundungensis	1077946	S	3765	1367	5132	0.00034
Streptomyces incarnatus	665007	S	3765	1189	4954	0.00032
Streptomyces pactum	68249	S	3741	1696	5437	0.00036
Streptomyces nitrosporeus	28894	S	3656	1190	4846	0.00032
Streptomyces tirandamycinicus	2174846	S	3634	1375	5009	0.00033
Streptomyces mobaraensis	35621	S	3516	140497	144013	0.00941
Streptomyces dangxiongensis	1442032	S	3489	1364	4853	0.00032
Streptomyces gilvosporeus	553510	S	3463	1272	4735	0.00031
Streptomyces kanamyceticus	1967	S	3463	1290	4753	0.00031
Streptomyces inhibens	2293571	S	3446	1173	4619	0.00030
Streptomyces pluripotens	1355015	S	3421	912	4333	0.00028
Streptomyces spongiicola	1690221	S	3399	1636	5035	0.00033
Streptomyces hawaiiensis	67305	S	3342	1600	4942	0.00032
Streptomyces pratensis	1169025	S	3256	905	4161	0.00027
Streptomyces gardneri	66892	S	3252	1447	4699	0.00031
Streptomyces gobiensis	2875706	S	3239	729	3968	0.00026
Streptomyces coeruleorubidus	116188	S	3197	1664	4861	0.00032
Streptomyces qinzhouensis	2599401	S	3176	874	4050	0.00026
Streptomyces finlayi	67296	S	3155	832	3987	0.00026
Streptomyces nojiriensis	66374	S	3098	1465	4563	0.00030
Streptomyces angustmyceticus	285578	S	3087	1406	4493	0.00029
Streptomyces rutgersensis	53451	S	3066	1699	4765	0.00031
Streptomyces cyanogenus	80860	S	3057	1504	4561	0.00030
Streptomyces fagopyri	2662397	S	3047	1162	4209	0.00028
Streptomyces tuirus	68278	S	2976	1671	4647	0.00030
Streptomyces huasconensis	1854574	S	2898	1263	4161	0.00027
Streptomyces leeuwenhoekii	1437453	S	2081	1562	3643	0.00024
Streptomyces cyaneogriseus	68192	S	1991	1666	3657	0.00024
Streptomyces decoyicus	249567	S	1741	1037	2778	0.00018
Streptomyces auratus	114687	S	1608	1137	2745	0.00018
Streptomyces antimycoticus	68175	S	1579	1674	3253	0.00021
Streptomyces lydicamycinicus	1546107	S	1576	1007	2583	0.00017
Streptomyces xiamenensis	408015	S	1307	1173	2480	0.00016
Streptomyces platensis	58346	S	1275	1005	2280	0.00015
Streptomyces fungicidicus	68203	S	1034	3157	4191	0.00027
Streptomyces albidoflavus	1886	S	405	6389	6794	0.00044
Streptomyces coelicolor	1902	S	357	3849	4206	0.00027
Streptomyces sampsonii	42239	S	217	1822	2039	0.00013
Streptomyces alfalfae	1642299	S	929	5422	6351	0.00042
Streptomyces filamentosus	67294	S	883	1165	2048	0.00013
Streptomyces olivaceus	47716	S	869	3313	4182	0.00027
Streptomyces cavourensis	67258	S	750	1444	2194	0.00014
Streptomyces californicus	67351	S	742	2516	3258	0.00021
Streptomyces mirabilis	68239	S	667	4085	4752	0.00031
Streptomyces fradiae	1906	S	549	8686	9235	0.00060
Streptomyces autolyticus	75293	S	497	1712	2209	0.00014
Streptomyces murinus	33900	S	460	1365	1825	0.00012
Streptomyces noursei	1971	S	422	1709	2131	0.00014
Streptomyces griseofuscus	146922	S	385	1786	2171	0.00014
Streptomyces albireticuli	1940	S	362	1588	1950	0.00013
Streptomyces scabiei	1930	S	345	3112	3457	0.00023
Streptomyces lividans	1916	S	293	3164	3457	0.00023
Streptomyces cinereoruber	67260	S	272	1478	1750	0.00011
Streptomyces rubrolavendulae	285473	S	239	1819	2058	0.00013
Streptomyces violaceoruber	1935	S	238	1086	1324	0.00009
Streptomyces rochei	1928	S	147	1143	1290	0.00008
Streptomyces sviceus	285530	S	14	1230	1244	0.00008
Streptomyces violascens	67381	S	11	1125	1136	0.00007
Kitasatospora sp. MMS16-BH015	2018025	S	6415	2568	8983	0.00059
Kitasatospora sp. NA04385	2742135	S	5148	3264	8412	0.00055
Kitasatospora setae	2066	S	5346	3269	8615	0.00056
Kitasatospora aureofaciens	1894	S	4441	2203	6644	0.00043
Kitasatospora albolonga	68173	S	1749	1560	3309	0.00022
Streptacidiphilus sp. P02-A3a	2704468	S	6088	2258	8346	0.00055
Streptacidiphilus sp. PB12-B1b	2705012	S	5318	2526	7844	0.00051
Streptacidiphilus bronchialis	2126346	S	5227	2063	7290	0.00048
Yinghuangia sp. ASG 101	2896848	S	7374	1502	8876	0.00058
Microbacterium sp. No. 7	1714373	S	3605	1756	5361	0.00035
Microbacterium sp. 4R-513	2567934	S	3101	630	3731	0.00024
Microbacterium sp. 10M-3C3	2483401	S	2637	825	3462	0.00023
Microbacterium sp. JZ31	1906274	S	2572	800	3372	0.00022
Microbacterium sp. YJN-G	2763257	S	2281	799	3080	0.00020
Microbacterium sp. SSW1-51	2851650	S	2132	567	2699	0.00018
Microbacterium sp. BH-3-3-3	1906742	S	2083	553	2636	0.00017
Microbacterium sp. ABRD_28	2268461	S	1976	297	2273	0.00015
Microbacterium sp. NIBRBAC000506063	2734618	S	1835	816	2651	0.00017
Microbacterium sp. H1-D42	2925844	S	1790	328	2118	0.00014
Microbacterium sp. PM5	2014534	S	1714	350	2064	0.00013
Microbacterium sp. A18JL241	2782166	S	1714	437	2151	0.00014
Microbacterium sp. XT11	367477	S	1707	395	2102	0.00014
Microbacterium sp. Y-01	2048898	S	1649	679	2328	0.00015
Microbacterium sp. LKL04	912630	S	1617	425	2042	0.00013
Microbacterium sp. SSW1-36	2851648	S	1605	374	1979	0.00013
Microbacterium sp. cx-55	2875948	S	1582	259	1841	0.00012
Microbacterium sp. TPU 3598	1938334	S	1325	357	1682	0.00011
Microbacterium sp. 1S1	2606451	S	1313	560	1873	0.00012
Microbacterium sp. CBA3102	2603598	S	1271	322	1593	0.00010
Microbacterium sp. Nx66	2766784	S	1015	658	1673	0.00011
Microbacterium sp. RG1	2489212	S	748	599	1347	0.00009
Microbacterium sp. 1.5R	1916917	S	337	956	1293	0.00008
Microbacterium sp. CGR1	1696072	S	307	907	1214	0.00008
Microbacterium sp. PAMC22086	2861281	S	296	635	931	0.00006
Microbacterium sp. SGAir0570	2070348	S	292	1067	1359	0.00009
Microbacterium sp. str. 'China'	2103230	S	199	1023	1222	0.00008
Microbacterium sp. PAMC 28756	1795053	S	62	995	1057	0.00007
Microbacterium sp. KUDC0406	2909588	S	43	2772	2815	0.00018
Microbacterium sp. KUDC0405	2909587	S	18	1155	1173	0.00008
Microbacterium sp. PAMC21962	2861280	S	16	677	693	0.00005
Microbacterium sp. Se5.02b	2864103	S	16	1034	1050	0.00007
Microbacterium cremeum	2782169	S	4970	1179	6149	0.00040
Microbacterium foliorum	104336	S	3949	909	4858	0.00032
Microbacterium hominis	162426	S	3618	10466	14084	0.00092
Microbacterium oleivorans	273677	S	3504	765	4269	0.00028
Microbacterium atlanticum	2782168	S	3454	859	4313	0.00028
Microbacterium resistens	156977	S	2783	582	3365	0.00022
Microbacterium lemovicicum	1072463	S	2625	672	3297	0.00022
Microbacterium sediminis	904291	S	2499	1265	3764	0.00025
Microbacterium oryzae	743009	S	2208	749	2957	0.00019
Microbacterium pygmaeum	370764	S	2115	297	2412	0.00016
Microbacterium testaceum	2033	S	2058	418	2476	0.00016
Microbacterium wangchenii	2541726	S	2052	518	2570	0.00017
Microbacterium caowuchunii	2614638	S	2041	441	2482	0.00016
Microbacterium lushaniae	2614639	S	1969	508	2477	0.00016
Microbacterium chocolatum	84292	S	1929	491	2420	0.00016
Microbacterium aurum	36805	S	1918	670	2588	0.00017
Microbacterium protaetiae	2509458	S	1804	455	2259	0.00015
Microbacterium luteum	2782167	S	1781	823	2604	0.00017
Microbacterium esteraromaticum	57043	S	1737	434	2171	0.00014
Microbacterium oxydans	82380	S	1715	1392	3107	0.00020
Microbacterium hydrocarbonoxydans	273678	S	1356	271	1627	0.00011
Microbacterium schleiferi	69362	S	1232	476	1708	0.00011
Microbacterium fandaimingii	2708079	S	961	94	1055	0.00007
Microbacterium amylolyticum	936337	S	716	174	890	0.00006
Microbacterium binotii	462710	S	671	530	1201	0.00008
Microbacterium chengjingii	2769067	S	656	40	696	0.00005
Microbacterium endophyticum	1526412	S	489	40	529	0.00003
Microbacterium paludicola	300019	S	288	1101	1389	0.00009
Microbacterium paraoxydans	199592	S	254	1784	2038	0.00013
Agromyces sp. H17E-10	2932244	S	4500	1716	6216	0.00041
Agromyces sp. LHK192	2498704	S	3949	1339	5288	0.00035
Agromyces sp. CFWR-12	2929802	S	2857	1876	4733	0.00031
Agromyces flavus	589382	S	9670	3565	13235	0.00087
Agromyces aureus	453304	S	4018	1329	5347	0.00035
Agromyces soli	659012	S	3767	1595	5362	0.00035
Agromyces marinus	1389020	S	3483	1494	4977	0.00033
Agromyces protaetiae	2509455	S	2954	989	3943	0.00026
Agromyces badenianii	2080742	S	2908	1110	4018	0.00026
Agromyces archimandritae	2781962	S	2692	914	3606	0.00024
Agromyces laixinhei	2585717	S	2590	695	3285	0.00021
Agromyces intestinalis	2592652	S	2566	1592	4158	0.00027
Curtobacterium sp. L6-1	2841594	S	2097	791	2888	0.00019
Curtobacterium sp. BH-2-1-1	1905847	S	1881	707	2588	0.00017
Curtobacterium sp. YC1	2795488	S	1520	776	2296	0.00015
Curtobacterium sp. TC1	2862880	S	1424	812	2236	0.00015
Curtobacterium sp. MR_MD2014	1561023	S	1413	745	2158	0.00014
Curtobacterium sp. 24E2	2804758	S	1175	713	1888	0.00012
Curtobacterium sp. SGAir0471	2070337	S	1127	1008	2135	0.00014
Curtobacterium sp. TXMA1	2876939	S	1021	946	1967	0.00013
Curtobacterium sp. C1	2898151	S	364	1216	1580	0.00010
Curtobacterium sp. Csp2	2495430	S	302	1135	1437	0.00009
Curtobacterium sp. Csp1	2495429	S	65	1591	1656	0.00011
Curtobacterium flaccumfaciens	2035	S	3190	1644	4834	0.00032
Curtobacterium luteum	33881	S	1935	780	2715	0.00018
Rathayibacter sp. VKM Ac-2759	2609252	S	2668	1083	3751	0.00025
Rathayibacter sp. VKM Ac-2760	2609253	S	2406	1378	3784	0.00025
Rathayibacter sp. VKM Ac-2804	2609257	S	1692	1341	3033	0.00020
Rathayibacter sp. VKM Ac-2801	2609255	S	1116	1075	2191	0.00014
Rathayibacter sp. VKM Ac-2762	2609254	S	520	1384	1904	0.00012
Rathayibacter sp. VKM Ac-2805	2609258	S	397	1087	1484	0.00010
Rathayibacter festucae	110937	S	2639	3047	5686	0.00037
Rathayibacter tanaceti	1671680	S	1598	476	2074	0.00014
Rathayibacter tritici	33888	S	1050	363	1413	0.00009
Rathayibacter iranicus	59737	S	1025	162	1187	0.00008
Rathayibacter rathayi	33887	S	909	280	1189	0.00008
Rathayibacter toxicus	145458	S	409	44	453	0.00003
Leucobacter sp. H25R-14	2932245	S	1936	382	2318	0.00015
Leucobacter sp. NB 10	2873270	S	1811	596	2407	0.00016
Leucobacter sp. Psy1	2875729	S	1626	241	1867	0.00012
Leucobacter sp. CX169	2813744	S	1395	436	1831	0.00012
Leucobacter sp. H21R-36	2932246	S	595	1602	2197	0.00014
Leucobacter sp. H21R-40	2932247	S	553	1487	2040	0.00013
Leucobacter muris	1935379	S	2102	888	2990	0.00020
Leucobacter triazinivorans	1784719	S	1885	1359	3244	0.00021
Leucobacter luti	340320	S	749	87	836	0.00005
Leucobacter viscericola	2714935	S	570	67	637	0.00004
Leucobacter insecticola	2714934	S	549	57	606	0.00004
Leucobacter coleopterorum	2714933	S	378	45	423	0.00003
Leucobacter denitrificans	683042	S	363	66	429	0.00003
Leifsonia sp. PS1209	2724914	S	2707	890	3597	0.00024
Leifsonia sp. ZF2019	2781978	S	2673	881	3554	0.00023
Leifsonia sp. 21MFCrub1.1	1798223	S	2611	3675	6286	0.00041
Leifsonia shinshuensis	150026	S	3673	1258	4931	0.00032
Leifsonia xyli	1575	S	2266	375	2641	0.00017
Agrococcus sp. SCSIO52902	2933290	S	3318	1982	5300	0.00035
Agrococcus sp. Marseille-Q4369	2810513	S	3088	1316	4404	0.00029
Agrococcus sp. SGAir0287	2070347	S	2808	1025	3833	0.00025
Agrococcus carbonis	684552	S	3130	1742	4872	0.00032
Agrococcus jejuensis	399736	S	3067	1169	4236	0.00028
Clavibacter michiganensis	28447	S	11357	13417	24774	0.00162
Clavibacter zhangzhiyongii	2768071	S	1425	832	2257	0.00015
Clavibacter sp. A6099	2860285	S	902	702	1604	0.00010
Protaetiibacter sp. SSC-01	2759943	S	2661	1174	3835	0.00025
Protaetiibacter intestinalis	2419774	S	2469	1060	3529	0.00023
Protaetiibacter larvae	2592654	S	1927	739	2666	0.00017
Salinibacterium sp. ZJ450	2708338	S	2344	444	2788	0.00018
Salinibacterium sp. ZJ70	2708084	S	1659	509	2168	0.00014
Salinibacterium sp. dk2585	2603292	S	1466	299	1765	0.00012
Salinibacterium sp. UTAS2018	2508880	S	474	54	528	0.00003
Salinibacterium sp. M195	2583374	S	370	50	420	0.00003
Salinibacterium hongtaonis	2079791	S	730	95	825	0.00005
Cryobacterium sp. LW097	1978566	S	1699	440	2139	0.00014
Cryobacterium sp. PAMC25264	2861288	S	871	585	1456	0.00010
Cryobacterium soli	2220095	S	1331	767	2098	0.00014
Cryobacterium arcticum	670052	S	1084	900	1984	0.00013
Frondihabitans sp. PAMC 28766	1795630	S	2550	424	2974	0.00019
Frondihabitans sp. 762G35	1446794	S	2379	625	3004	0.00020
Microterricola viridarii	412690	S	4721	1430	6151	0.00040
Plantibacter sp. PA-3-X8	2480625	S	797	845	1642	0.00011
Plantibacter sp. M259	2583822	S	761	777	1538	0.00010
Plantibacter flavus	150123	S	934	829	1763	0.00012
Microcella flavibacter	1804990	S	2293	1339	3632	0.00024
Microcella alkaliphila	279828	S	1518	321	1839	0.00012
Cnuibacter physcomitrellae	1619308	S	3120	829	3949	0.00026
Mycetocola sp. JXN-3	2116510	S	1086	197	1283	0.00008
Mycetocola zhujimingii	2079792	S	1084	160	1244	0.00008
Mycetocola spongiae	2859226	S	908	146	1054	0.00007
Herbiconiux sp. SALV-R1	2735133	S	2980	733	3713	0.00024
Subtercola sp. AK-R2A1-2	2895559	S	1781	204	1985	0.00013
Subtercola sp. PAMC28395	2846775	S	1075	131	1206	0.00008
Gryllotalpicola protaetiae	2419771	S	2792	667	3459	0.00023
Frigoribacterium sp. NBH87	2596916	S	2771	999	3770	0.00025
Humibacter sp. WJ7-1	2599293	S	2513	679	3192	0.00021
Chryseoglobus sp. 28M-23	2772253	S	466	1068	1534	0.00010
Chryseoglobus indicus	2750620	S	385	933	1318	0.00009
Amnibacterium sp. L3-i23	2905871	S	2152	635	2787	0.00018
Diaminobutyricimonas sp. LJ205	2683590	S	2009	464	2473	0.00016
Marisediminicola antarctica	674079	S	1949	298	2247	0.00015
Gulosibacter sediminis	1729695	S	1742	623	2365	0.00015
Glaciihabitans sp. INWT7	2596912	S	1449	142	1591	0.00010
Agreia sp. COWG	2773266	S	1422	213	1635	0.00011
Aquiluna borgnonia	2499157	S	217	25	242	0.00002
Candidatus Aquiluna sp. UB-MaderosW2red	1855377	S	100	7	107	0.00001
Rhodoluna limnophila	232537	S	138	12	150	0.00001
Candidatus Rhodoluna planktonica	535712	S	100	8	108	0.00001
Rhodoluna lacicola	529884	S	80	6	86	0.00001
Pseudoclavibacter sp. Marseille-Q3772	2866588	S	386	92	478	0.00003
Aurantimicrobium photophilum	1987356	S	128	12	140	0.00001
Aurantimicrobium minutum	708131	S	54	16	70	0.00000
Aurantimicrobium sp. MWH-Uga1	2079575	S	52	15	67	0.00000
Pontimonas salivibrio	1159327	S	140	8	148	0.00001
Arthrobacter sp. QXT-31	1357915	S	19336	6942	26278	0.00172
Arthrobacter sp. FW305-BF8	2879617	S	3837	1353	5190	0.00034
Arthrobacter sp. QL17	2895818	S	2305	666	2971	0.00019
Arthrobacter sp. PM3	2017685	S	2195	428	2623	0.00017
Arthrobacter sp. NicSoilB8	2830998	S	2139	713	2852	0.00019
Arthrobacter sp. 24S4-2	2575374	S	2130	617	2747	0.00018
Arthrobacter sp. U41	1849032	S	1774	646	2420	0.00016
Arthrobacter sp. NicSoilC5	2831000	S	1738	1132	2870	0.00019
Arthrobacter sp. UKPF54-2	2600159	S	1723	929	2652	0.00017
Arthrobacter sp. PGP41	2079227	S	1659	726	2385	0.00016
Arthrobacter sp. PAMC25564	2565366	S	1638	573	2211	0.00014
Arthrobacter sp. ERGS1:01	1704044	S	1630	401	2031	0.00013
Arthrobacter sp. KBS0702	2578107	S	1611	819	2430	0.00016
Arthrobacter sp. NicSoilB4	2830997	S	1587	639	2226	0.00015
Arthrobacter sp. FB24	290399	S	1557	629	2186	0.00014
Arthrobacter sp. Helios	2828862	S	1286	271	1557	0.00010
Arthrobacter sp. FW306-2-2C-D06B	2879618	S	1234	311	1545	0.00010
Arthrobacter sp. PAMC25284	2861279	S	1198	405	1603	0.00010
Arthrobacter sp. zg-Y462	2886936	S	902	236	1138	0.00007
Arthrobacter sp. PAMC 25486	1494608	S	861	180	1041	0.00007
Arthrobacter sp. zg-Y809	2886940	S	796	327	1123	0.00007
Arthrobacter sp. NtRootA1	2830983	S	753	289	1042	0.00007
Arthrobacter sp. StoSoilB20	2830995	S	702	249	951	0.00006
Arthrobacter sp. StoSoilB5	2830992	S	665	243	908	0.00006
Arthrobacter sp. D5-1	1477518	S	494	415	909	0.00006
Arthrobacter sp. YN	2020486	S	463	238	701	0.00005
Arthrobacter sp. C1-1	2813727	S	405	73	478	0.00003
Arthrobacter sp. FW306-06-A	2879621	S	316	1317	1633	0.00011
Arthrobacter sp. NicSoilB11	2830999	S	304	1439	1743	0.00011
Arthrobacter sp. FW306-05-C	2879620	S	230	1434	1664	0.00011
Arthrobacter sp. FW306-07-I	2879622	S	228	1516	1744	0.00011
Arthrobacter sp. StoSoilB19	2830994	S	220	1196	1416	0.00009
Arthrobacter sp. StoSoilB13	2830993	S	200	444	644	0.00004
Arthrobacter sp. StoSoilA2	2830990	S	199	427	626	0.00004
Arthrobacter sp. AQ5-05	2184581	S	43	716	759	0.00005
Arthrobacter crystallopoietes	37928	S	3691	849	4540	0.00030
Arthrobacter agilis	37921	S	3611	644	4255	0.00028
Arthrobacter sulfonylureivorans	2486855	S	2001	401	2402	0.00016
Arthrobacter woluwensis	156980	S	1622	464	2086	0.00014
Arthrobacter dokdonellae	2211210	S	1558	334	1892	0.00012
Arthrobacter jiangjiafuii	2817475	S	1119	374	1493	0.00010
Arthrobacter alpinus	656366	S	976	1441	2417	0.00016
Arthrobacter sunyaminii	2816859	S	776	295	1071	0.00007
Kocuria rosea	1275	S	3710	1387	5097	0.00033
Kocuria flava	446860	S	3417	2005	5422	0.00035
Kocuria turfanensis	388357	S	3207	1298	4505	0.00029
Kocuria palustris	71999	S	1784	847	2631	0.00017
Kocuria rhizophila	72000	S	1267	2002	3269	0.00021
Kocuria varians	1272	S	1107	898	2005	0.00013
Kocuria sp. TGY1127_2	2711328	S	448	90	538	0.00004
Kocuria sp. KD4	2719588	S	296	503	799	0.00005
Kocuria sp. BT304	1702043	S	149	768	917	0.00006
Kocuria indica	1049583	S	243	494	737	0.00005
Pseudarthrobacter sp. L1SW	2851598	S	1637	789	2426	0.00016
Pseudarthrobacter sp. BIM B-2242	2772401	S	1419	442	1861	0.00012
Pseudarthrobacter sp. SSS035	2931399	S	821	769	1590	0.00010
Pseudarthrobacter sp. NIBRBAC000502772	2590775	S	796	635	1431	0.00009
Pseudarthrobacter sp. NBSH8	2596911	S	645	285	930	0.00006
Pseudarthrobacter sp. NIBRBAC000502771	2590774	S	374	1435	1809	0.00012
Pseudarthrobacter sp. NIBRBAC000502770	2590785	S	343	1150	1493	0.00010
Pseudarthrobacter phenanthrenivorans	361575	S	1809	1044	2853	0.00019
Pseudarthrobacter chlorophenolicus	85085	S	1436	627	2063	0.00013
Pseudarthrobacter equi	728066	S	1325	608	1933	0.00013
Pseudarthrobacter psychrotolerans	2697569	S	1084	504	1588	0.00010
Pseudarthrobacter sulfonivorans	121292	S	798	897	1695	0.00011
Micrococcus luteus	1270	S	3871	7242	11113	0.00073
Micrococcus sp. KD337-16	2856555	S	1732	1253	2985	0.00020
Micrococcus sp. KBS0714	1179670	S	49	454	503	0.00003
Micrococcus yunnanensis	566027	S	60	521	581	0.00004
Sinomonas atrocyanea	37927	S	3833	1553	5386	0.00035
Sinomonas sp. R1AF57	2020377	S	3225	922	4147	0.00027
Glutamicibacter creatinolyticus	162496	S	1250	381	1631	0.00011
Glutamicibacter protophormiae	37930	S	1178	934	2112	0.00014
Glutamicibacter halophytocola	1933880	S	629	142	771	0.00005
Glutamicibacter mishrai	1775880	S	438	116	554	0.00004
Glutamicibacter nicotianae	37929	S	347	1119	1466	0.00010
Glutamicibacter arilaitensis	256701	S	347	153	500	0.00003
Glutamicibacter sp. ZJUTW	1155384	S	85	371	456	0.00003
Rothia kristinae	37923	S	2145	1491	3636	0.00024
Rothia mucilaginosa	43675	S	589	153	742	0.00005
Rothia nasimurium	85336	S	343	222	565	0.00004
Rothia aeria	172042	S	281	148	429	0.00003
Rothia dentocariosa	2047	S	180	94	274	0.00002
Rothia terrae	396015	S	138	71	209	0.00001
Rothia amarae	169480	S	114	63	177	0.00001
Rothia sp. ZJ932	2810516	S	93	18	111	0.00001
Paenarthrobacter ureafaciens	37931	S	959	1883	2842	0.00019
Paenarthrobacter aurescens	43663	S	818	676	1494	0.00010
Paenarthrobacter sp. YJN-5	2735316	S	272	690	962	0.00006
Paenarthrobacter sp. YJN-D	2735317	S	173	389	562	0.00004
Paenarthrobacter nicotinovorans	29320	S	160	312	472	0.00003
Citricoccus sp. SGAir0253	2567881	S	3200	1081	4281	0.00028
Nesterenkonia sp. NBAIMH1	2600320	S	1147	94	1241	0.00008
Paeniglutamicibacter sp. Y32M11	2853258	S	536	108	644	0.00004
Psychromicrobium lacuslunae	1618207	S	456	84	540	0.00004
Auritidibacter sp. NML130574	2170745	S	386	50	436	0.00003
Neomicrococcus aestuarii	556325	S	297	174	471	0.00003
Renibacterium salmoninarum	1646	S	242	18	260	0.00002
Cellulomonas sp. Y8	2591145	S	5301	2975	8276	0.00054
Cellulomonas sp. H30R-01	2704467	S	4799	2414	7213	0.00047
Cellulomonas sp. zg-ZUI188	2819978	S	4303	1575	5878	0.00038
Cellulomonas sp. C5510	2871170	S	4291	2235	6526	0.00043
Cellulomonas sp. JZ18	2654191	S	4110	2275	6385	0.00042
Cellulomonas sp. zg-ZUI222	2816956	S	3549	1737	5286	0.00035
Cellulomonas sp. zg-ZUI157	2819979	S	3213	1440	4653	0.00030
Cellulomonas sp. EW123	2608402	S	2965	2222	5187	0.00034
Cellulomonas sp. PSBB021	2003551	S	2931	2946	5877	0.00038
Cellulomonas fimi	1708	S	4453	4324	8777	0.00057
Cellulomonas iranensis	76862	S	3819	2284	6103	0.00040
Cellulomonas shaoxiangyii	2566013	S	3790	2023	5813	0.00038
Cellulomonas flavigena	1711	S	3390	1642	5032	0.00033
Cellulomonas gilvus	11	S	3292	1847	5139	0.00034
Cellulomonas taurus	2729175	S	2943	1241	4184	0.00027
Actinotalea sp. JY-7876	2758442	S	4258	1986	6244	0.00041
Oerskovia sp. KBS0722	1179673	S	3054	1264	4318	0.00028
Pseudactinotalea sp. HY158	2654547	S	2931	558	3489	0.00023
Paraoerskovia marina	545619	S	2186	742	2928	0.00019
Janibacter melonis	262209	S	3909	1706	5615	0.00037
Janibacter limosus	53458	S	2757	937	3694	0.00024
Janibacter indicus	857417	S	1514	2500	4014	0.00026
Janibacter sp. YB324	2761047	S	867	1902	2769	0.00018
Phycicoccus sp. HDW14	2714941	S	5623	2346	7969	0.00052
Phycicoccus endophyticus	1690220	S	4477	1651	6128	0.00040
Intrasporangium calvum	53358	S	8062	2844	10906	0.00071
Pedococcus dokdonensis	443156	S	5179	1927	7106	0.00046
Tetrasphaera sp. HKS02	1813880	S	4336	1426	5762	0.00038
Arsenicicoccus sp. oral taxon 190	1658671	S	4133	2039	6172	0.00040
Cellulosimicrobium cellulans	1710	S	6963	8847	15810	0.00103
Cellulosimicrobium sp. BI34T	2587808	S	3142	1818	4960	0.00032
Cellulosimicrobium sp. JZ28	1906273	S	634	1745	2379	0.00016
Cellulosimicrobium sp. 72-3	2731680	S	306	1594	1900	0.00012
Cellulosimicrobium sp. TH-20	1980001	S	276	1483	1759	0.00012
Xylanimonas protaetiae	2509457	S	3705	2110	5815	0.00038
Xylanimonas cellulosilytica	186189	S	3155	1466	4621	0.00030
Xylanimonas allomyrinae	2509459	S	3032	1250	4282	0.00028
Isoptericola variabilis	139208	S	4524	3074	7598	0.00050
Isoptericola dokdonensis	372663	S	3642	1841	5483	0.00036
Ornithinimicrobium avium	2283195	S	4914	1664	6578	0.00043
Ornithinimicrobium sp. HY006	2508882	S	3418	1428	4846	0.00032
Ornithinimicrobium sp. INDO-MA30-4	2908651	S	610	141	751	0.00005
Ornithinimicrobium flavum	1288636	S	3811	1529	5340	0.00035
Ornithinimicrobium ciconiae	2594265	S	2878	578	3456	0.00023
Ornithinimicrobium pratense	2593973	S	2340	835	3175	0.00021
Serinicoccus chungangensis	767452	S	3399	1444	4843	0.00032
Serinicoccus hydrothermalis	1758689	S	2968	1625	4593	0.00030
Serinicoccus profundi	1078471	S	2652	1195	3847	0.00025
Serinicoccus marinus	247333	S	2585	1484	4069	0.00027
Brachybacterium sp. CBA3105	2887346	S	2781	804	3585	0.00023
Brachybacterium sp. SGAir0954	2571029	S	2758	948	3706	0.00024
Brachybacterium sp. P6-10-X1	1903186	S	2620	561	3181	0.00021
Brachybacterium ginsengisoli	1331682	S	2380	820	3200	0.00021
Brachybacterium saurashtrense	556288	S	2333	792	3125	0.00020
Brachybacterium faecium	43669	S	2271	817	3088	0.00020
Brachybacterium vulturis	2017484	S	1830	760	2590	0.00017
Brachybacterium avium	2017485	S	1570	649	2219	0.00015
Dermabacter vaginalis	1630135	S	729	615	1344	0.00009
Dermabacter jinjuensis	1667168	S	696	752	1448	0.00009
Devriesea agamarum	472569	S	343	25	368	0.00002
Brevibacterium sp. CS2	2575923	S	2684	1383	4067	0.00027
Brevibacterium sp. SMBL_HHYL_HB1	2777556	S	1257	354	1611	0.00011
Brevibacterium sp. HY170	2898795	S	611	219	830	0.00005
Brevibacterium sp. 'Marine'	2725563	S	468	367	835	0.00005
Brevibacterium sp. W7.2	2823518	S	382	2211	2593	0.00017
Brevibacterium casei	33889	S	2690	2254	4944	0.00032
Brevibacterium linens	1703	S	1545	1110	2655	0.00017
Brevibacterium luteolum	199591	S	1544	792	2336	0.00015
Brevibacterium sandarakinum	629680	S	940	211	1151	0.00008
Brevibacterium atlanticum	2697563	S	912	235	1147	0.00007
Brevibacterium oceani	358099	S	890	242	1132	0.00007
Brevibacterium aurantiacum	273384	S	887	722	1609	0.00011
Brevibacterium limosum	2697565	S	721	321	1042	0.00007
Brevibacterium siliguriense	1136497	S	553	195	748	0.00005
Brevibacterium pigmentatum	1496080	S	462	407	869	0.00006
Georgenia sp. TF02-10	2917725	S	5159	2443	7602	0.00050
Georgenia yuyongxinii	2589797	S	4706	1504	6210	0.00041
Georgenia wutianyii	2585135	S	3925	1762	5687	0.00037
Georgenia faecalis	2483799	S	3837	1370	5207	0.00034
Haloactinobacterium kanbiaonis	2675754	S	4979	938	5917	0.00039
Ruania sp. LR1S40	2897774	S	2562	684	3246	0.00021
Ruania sp. M4N3S171	2897773	S	1641	290	1931	0.00013
Ruania zhangjianzhongii	2603206	S	3054	401	3455	0.00023
Ruania alkalisoli	2779775	S	1926	417	2343	0.00015
Dermacoccus nishinomiyaensis	1274	S	2610	1410	4020	0.00026
Dermacoccus sp. PAMC28757	2762331	S	1792	816	2608	0.00017
Luteipulveratus mongoliensis	571913	S	3871	699	4570	0.00030
Allobranchiibius sp. GilTou73	2904523	S	2951	839	3790	0.00025
Yimella sp. cx-51	2770551	S	1754	457	2211	0.00014
Beutenbergia cavernae	84757	S	5440	1169	6609	0.00043
Miniimonas sp. S16	2171623	S	3644	2427	6071	0.00040
Pengzhenrongella sicca	2819238	S	4869	1753	6622	0.00043
Luteimicrobium xylanilyticum	1133546	S	4165	1654	5819	0.00038
Sanguibacter keddieii	60920	S	3103	1195	4298	0.00028
Sanguibacter sp. HDW7	2714931	S	2714	1097	3811	0.00025
Gephyromycinifex aptenodytis	2716227	S	1554	231	1785	0.00012
Austwickia chelonae	100225	S	1278	127	1405	0.00009
Dermatophilus congolensis	1863	S	287	34	321	0.00002
Kytococcus sedentarius	1276	S	2956	1381	4337	0.00028
Demequina sp. TMPB413	2881056	S	1158	119	1277	0.00008
Jonesia denitrificans	43674	S	223	52	275	0.00002
Tropheryma whipplei	2039	S	64	0	64	0.00000
Micromonospora sp. WMMC415	2675222	S	21145	9110	30255	0.00198
Micromonospora sp. WMMA2032	2039870	S	9551	7054	16605	0.00109
Micromonospora sp. HM134	2583243	S	8953	4521	13474	0.00088
Micromonospora sp. B006	2201999	S	7315	6316	13631	0.00089
Micromonospora sp. L5	648999	S	742	8505	9247	0.00060
Micromonospora inositola	47865	S	24516	13779	38295	0.00250
Micromonospora echinaurantiaca	47857	S	19554	10769	30323	0.00198
Micromonospora krabiensis	307121	S	15728	6240	21968	0.00144
Micromonospora terminaliae	1914461	S	15718	9057	24775	0.00162
Micromonospora purpureochromogenes	47872	S	15283	9249	24532	0.00160
Micromonospora viridifaciens	1881	S	14729	7336	22065	0.00144
Micromonospora echinofusca	47858	S	14296	7478	21774	0.00142
Micromonospora carbonacea	47853	S	13855	7123	20978	0.00137
Micromonospora coriariae	285665	S	12757	5211	17968	0.00117
Micromonospora coxensis	356852	S	12104	7657	19761	0.00129
Micromonospora siamensis	299152	S	12081	6619	18700	0.00122
Micromonospora narathiwatensis	299146	S	12053	6425	18478	0.00121
Micromonospora auratinigra	261654	S	11902	7129	19031	0.00124
Micromonospora echinospora	1877	S	10642	4255	14897	0.00097
Micromonospora sagamiensis	47875	S	10368	4540	14908	0.00097
Micromonospora ferruginea	2749844	S	10040	6584	16624	0.00109
Micromonospora maris	1003110	S	9790	3426	13216	0.00086
Micromonospora endophytica (Xie et al. 2001) Li et al. 2019	515350	S	9303	3230	12533	0.00082
Micromonospora zamorensis	709883	S	9096	3344	12440	0.00081
Micromonospora chokoriensis	356851	S	9043	3355	12398	0.00081
Micromonospora rifamycinica	291594	S	7948	4066	12014	0.00079
Micromonospora craniellae	2294034	S	6835	4640	11475	0.00075
Micromonospora tulbaghiae	479978	S	5197	6170	11367	0.00074
Micromonospora aurantiaca	47850	S	4096	28751	32847	0.00215
Actinoplanes sp. L3-i22	2836373	S	20075	5857	25932	0.00169
Actinoplanes sp. OR16	946334	S	18501	5852	24353	0.00159
Actinoplanes sp. N902-109	649831	S	18302	4785	23087	0.00151
Actinoplanes sp. SE50/110	134676	S	11	19149	19160	0.00125
Actinoplanes friuliensis	196914	S	18297	3544	21841	0.00143
Actinoplanes missouriensis	1866	S	17184	6275	23459	0.00153
Actinoplanes ianthinogenes	122358	S	17052	7600	24652	0.00161
Actinoplanes teichomyceticus	1867	S	15699	7428	23127	0.00151
Actinoplanes derwentensis	113562	S	13958	2497	16455	0.00108
Phytohabitans suffuscus	624315	S	25942	7952	33894	0.00222
Phytohabitans flavus	1076124	S	22110	5212	27322	0.00179
Plantactinospora sp. KBS50	2024580	S	15005	4507	19512	0.00128
Plantactinospora sp. BB1	2071627	S	3095	9762	12857	0.00084
Plantactinospora sp. BC1	2108470	S	2965	9452	12417	0.00081
Dactylosporangium vinaceum	53362	S	28093	4003	32096	0.00210
Catellatospora sp. IY07-71	2728827	S	23572	6612	30184	0.00197
Actinocatenispora thailandica	227318	S	10095	3426	13521	0.00088
Actinocatenispora sera	390989	S	9705	3474	13179	0.00086
Couchioplanes caeruleus	56438	S	19426	5973	25399	0.00166
Polymorphospora rubra	338584	S	17209	4633	21842	0.00143
Natronosporangium hydrolyticum	2811111	S	9085	803	9888	0.00065
Verrucosispora sp. NA02020	2742132	S	5934	4999	10933	0.00071
Salinispora tropica	168695	S	5274	1056	6330	0.00041
Mycolicibacterium litorale	758802	S	5504	1664	7168	0.00047
Mycolicibacterium smegmatis	1772	S	4841	2605	7446	0.00049
Mycolicibacterium sp. YH-1	2908837	S	2683	1585	4268	0.00028
Mycolicibacterium madagascariense	212765	S	3598	621	4219	0.00028
Mycolicibacterium sediminis	1286180	S	3560	725	4285	0.00028
Mycolicibacterium hassiacum	46351	S	3463	1039	4502	0.00029
Mycolicibacterium neoaurum	1795	S	3429	1088	4517	0.00030
Mycolicibacterium phlei	1771	S	3424	1294	4718	0.00031
Mycolicibacterium fortuitum	1766	S	3390	1367	4757	0.00031
Mycolicibacterium rutilum	370526	S	3353	1095	4448	0.00029
Mycolicibacterium mageritense	53462	S	3294	618	3912	0.00026
Mycolicibacterium arabiense	1286181	S	3223	562	3785	0.00025
Mycolicibacterium vaccae	1810	S	3221	713	3934	0.00026
Mycolicibacterium chubuense	1800	S	3069	768	3837	0.00025
Mycolicibacterium thermoresistibile	1797	S	3006	749	3755	0.00025
Mycolicibacterium psychrotolerans	216929	S	2932	737	3669	0.00024
Mycolicibacterium parafortuitum	39692	S	2874	642	3516	0.00023
Mycolicibacterium chitae	1792	S	2870	769	3639	0.00024
Mycolicibacterium pulveris	36813	S	2854	535	3389	0.00022
Mycolicibacterium monacense	85693	S	2791	1209	4000	0.00026
Mycolicibacterium duvalii	39688	S	2729	597	3326	0.00022
Mycolicibacterium fallax	1793	S	2616	1167	3783	0.00025
Mycolicibacterium tokaiense	39695	S	2593	464	3057	0.00020
Mycolicibacterium phocaicum	319706	S	2589	1397	3986	0.00026
Mycolicibacterium poriferae	39694	S	2563	596	3159	0.00021
Mycolicibacterium moriokaense	39691	S	2556	353	2909	0.00019
Mycolicibacterium celeriflavum	1249101	S	2545	551	3096	0.00020
Mycolicibacterium fluoranthenivorans	258505	S	2481	366	2847	0.00019
Mycolicibacterium insubricum	444597	S	2423	764	3187	0.00021
Mycolicibacterium aurum	1791	S	2407	357	2764	0.00018
Mycolicibacterium gilvum	1804	S	2407	955	3362	0.00022
Mycolicibacterium baixiangningiae	2761578	S	2346	421	2767	0.00018
Mycolicibacterium rhodesiae	36814	S	2335	419	2754	0.00018
Mycolicibacterium confluentis	28047	S	2265	392	2657	0.00017
Mycolicibacterium gadium	1794	S	2230	330	2560	0.00017
Mycolicibacterium boenickei	146017	S	2130	2727	4857	0.00032
Mycolicibacterium anyangense	1431246	S	2089	385	2474	0.00016
Mycolicibacterium aichiense	1799	S	2043	394	2437	0.00016
Mycolicibacterium mengxianglii	2736649	S	2023	248	2271	0.00015
Mycolicibacterium austroafricanum	39687	S	1925	7027	8952	0.00059
Mycolicibacterium helvum	1534349	S	1897	252	2149	0.00014
Mycobacterium doricum	126673	S	1876	469	2345	0.00015
Mycolicibacterium mucogenicum	56689	S	1534	645	2179	0.00014
Mycolicibacterium alvei	67081	S	1460	430	1890	0.00012
Mycolicibacterium sarraceniae	1534348	S	1288	184	1472	0.00010
Mycolicibacterium septicum	98668	S	1038	697	1735	0.00011
Mycolicibacterium farcinogenes	1802	S	717	2595	3312	0.00022
Mycolicibacterium vanbaalenii	110539	S	433	6344	6777	0.00044
Mycolicibacterium nivoides	2487344	S	228	1003	1231	0.00008
Mycobacterium sp. JS623	212767	S	3869	370	4239	0.00028
Mycobacterium sp. IDR2000157661	2867005	S	2606	535	3141	0.00021
Mycobacterium sp. MS1601	1936029	S	2064	331	2395	0.00016
Mycobacterium sp. DL592	2675524	S	1979	367	2346	0.00015
Mycobacterium sp. YC-RL4	1682113	S	1929	769	2698	0.00018
Mycobacterium sp. EPa45	1545728	S	1808	341	2149	0.00014
Mycobacterium sp. TY59	2775496	S	1453	269	1722	0.00011
Mycobacterium sp. DL440	2675523	S	1401	344	1745	0.00011
Mycobacterium sp. WY10	1920667	S	287	857	1144	0.00007
Mycobacterium sp. 20KCMC460	2903536	S	118	1881	1999	0.00013
Mycobacterium sp. PYR15	2051552	S	96	831	927	0.00006
Mycobacterium sp. MOTT36Y	1168287	S	32	417	449	0.00003
Mycobacterium sp. IWGMT90018-18076	2871094	S	29	827	856	0.00006
Mycobacterium saskatchewanense	220927	S	2709	584	3293	0.00022
Mycobacterium parmense	185642	S	2506	517	3023	0.00020
Mycobacterium kubicae	120959	S	2182	389	2571	0.00017
Mycobacterium shigaense	722731	S	1810	291	2101	0.00014
Mycobacterium simiae	1784	S	1777	175	1952	0.00013
Mycobacterium heidelbergense	53376	S	1690	441	2131	0.00014
Mycobacterium florentinum	292462	S	1632	394	2026	0.00013
Mycobacterium stomatepiae	470076	S	1593	346	1939	0.00013
Mycobacterium lentiflavum	141349	S	1506	384	1890	0.00012
Mycobacterium avium	1764	S	4003	3844	7847	0.00051
Mycobacterium intracellulare	1767	S	2168	16838	19006	0.00124
Mycobacterium mantenii	560555	S	1867	257	2124	0.00014
Mycobacterium colombiense	339268	S	1720	329	2049	0.00013
Mycobacterium marseillense	701042	S	1494	379	1873	0.00012
Mycobacterium paraintracellulare	1138383	S	458	3035	3493	0.00023
Mycobacterium grossiae	1552759	S	3668	1231	4899	0.00032
Mycobacterium rufum	318424	S	3385	1114	4499	0.00029
Mycobacterium goodii	134601	S	3244	1282	4526	0.00030
Mycobacterium dioxanotrophicus	482462	S	3001	814	3815	0.00025
Mycobacterium canettii	78331	S	1121	910	2031	0.00013
Mycobacterium tuberculosis	1773	S	563	14037	14600	0.00095
Mycobacterium branderi	43348	S	2506	343	2849	0.00019
Mycobacterium holsaticum	152142	S	2488	443	2931	0.00019
Mycobacterium conspicuum	44010	S	2430	332	2762	0.00018
Mycobacterium frederiksbergense	117567	S	2393	813	3206	0.00021
Mycobacterium paragordonae	1389713	S	2364	314	2678	0.00018
Mycobacterium diernhoferi	1801	S	2261	509	2770	0.00018
Mycobacterium koreense	1069220	S	2048	671	2719	0.00018
Mycobacterium gordonae	1778	S	1966	184	2150	0.00014
Mycobacterium cookii	1775	S	1865	214	2079	0.00014
Mycobacterium heckeshornense	110505	S	1847	162	2009	0.00013
Mycobacterium paraterrae	577492	S	1843	230	2073	0.00014
Mycobacterium riyadhense	486698	S	1819	87	1906	0.00012
Mycobacterium shinjukuense	398694	S	1730	191	1921	0.00013
Mycobacterium kansasii	1768	S	1713	182	1895	0.00012
Mycobacterium vicinigordonae	1719132	S	1673	102	1775	0.00012
Mycobacterium ostraviense	2738409	S	1656	178	1834	0.00012
Mycobacterium noviomagense	459858	S	1623	149	1772	0.00012
Mycobacterium lacus	169765	S	1598	134	1732	0.00011
Mycobacterium xenopi	1789	S	1591	204	1795	0.00012
Mycobacterium paraseoulense	590652	S	1518	332	1850	0.00012
Mycobacterium malmoense	1780	S	1455	253	1708	0.00011
Mycobacterium seoulense	386911	S	1411	359	1770	0.00012
Mycobacterium virginiense	1795032	S	1394	412	1806	0.00012
Mycobacterium basiliense	2094119	S	1319	54	1373	0.00009
Mycobacterium spongiae	886343	S	1240	40	1280	0.00008
Mycobacterium crocinum	388459	S	950	561	1511	0.00010
Mycobacterium haemophilum	29311	S	780	44	824	0.00005
Mycobacterium marinum	1781	S	533	1974	2507	0.00016
Mycobacterium senegalense	1796	S	318	1877	2195	0.00014
Mycobacterium novum	2492438	S	214	3161	3375	0.00022
Mycobacterium leprae	1769	S	197	28	225	0.00001
Mycobacterium lepromatosis	480418	S	175	5	180	0.00001
Mycobacterium ulcerans	1809	S	164	829	993	0.00006
Mycobacterium shottsii	133549	S	92	165	257	0.00002
Mycobacterium pallens	370524	S	80	781	861	0.00006
Mycobacterium pseudoshottsii	265949	S	32	199	231	0.00002
Mycolicibacter sp. MYC340	2855503	S	1347	368	1715	0.00011
Mycolicibacter sp. MYC098	2872309	S	1214	333	1547	0.00010
Mycolicibacter sp. MYC017	2875777	S	860	693	1553	0.00010
Mycolicibacter sp. MYC101	2872311	S	272	1065	1337	0.00009
Mycolicibacter sp. MYC123	2855502	S	262	1063	1325	0.00009
Mycolicibacter terrae	1788	S	1570	555	2125	0.00014
Mycolicibacter hiberniae	29314	S	1568	383	1951	0.00013
Mycolicibacter minnesotensis	1118379	S	1050	210	1260	0.00008
Mycolicibacter sinensis	875328	S	207	2495	2702	0.00018
Mycobacteroides abscessus	36809	S	2581	2475	5056	0.00033
Mycobacteroides chelonae	1774	S	1673	633	2306	0.00015
Mycobacteroides saopaulense	1578165	S	1004	172	1176	0.00008
Mycobacteroides immunogenum	83262	S	949	238	1187	0.00008
Mycobacteroides salmoniphilum	404941	S	836	110	946	0.00006
[Mycobacterium] stephanolepidis	1520670	S	487	194	681	0.00004
Mycolicibacillus parakoreensis	1069221	S	2385	781	3166	0.00021
Hoyosella subflava	639313	S	1121	78	1199	0.00008
Rhodococcus sp. X156	2499145	S	4352	1856	6208	0.00041
Rhodococcus sp. MTM3W5.2	1805827	S	3829	1127	4956	0.00032
Rhodococcus sp. SGAir0479	2567884	S	3088	1107	4195	0.00027
Rhodococcus sp. W8901	2742603	S	2989	966	3955	0.00026
Rhodococcus sp. PBTS 1	1653478	S	2418	772	3190	0.00021
Rhodococcus sp. R79	2811421	S	2017	1337	3354	0.00022
Rhodococcus sp. ABRD24	2507582	S	1852	402	2254	0.00015
Rhodococcus sp. USK10	2789739	S	1498	1041	2539	0.00017
Rhodococcus sp. B7740	1564114	S	1257	212	1469	0.00010
Rhodococcus sp. WMMA185	679318	S	1211	193	1404	0.00009
Rhodococcus sp. P1Y	1302308	S	1183	135	1318	0.00009
Rhodococcus sp. WAY2	2663121	S	1065	946	2011	0.00013
Rhodococcus sp. USK13	2806442	S	892	641	1533	0.00010
Rhodococcus sp. RDE2	2885078	S	751	794	1545	0.00010
Rhodococcus sp. WB9	2594007	S	655	931	1586	0.00010
Rhodococcus sp. ZPP	2749906	S	474	1312	1786	0.00012
Rhodococcus sp. S2-17	1990687	S	464	1338	1802	0.00012
Rhodococcus sp. M8	1925550	S	373	1226	1599	0.00010
Rhodococcus sp. DMU1	2722825	S	354	1401	1755	0.00011
Rhodococcus sp. WB1	1033922	S	192	1737	1929	0.00013
Rhodococcus sp. 21391	2683591	S	174	835	1009	0.00007
Rhodococcus sp. 2G	1570939	S	129	558	687	0.00004
Rhodococcus sp. YL-1	1045808	S	120	551	671	0.00004
Rhodococcus sp. P-2	2795031	S	119	150	269	0.00002
Rhodococcus sp. DMF-1	2907624	S	98	821	919	0.00006
Rhodococcus sp. p52	935199	S	84	480	564	0.00004
Rhodococcus sp. LW-XY12	2856851	S	82	787	869	0.00006
Rhodococcus sp. PSBB049	2812863	S	58	882	940	0.00006
Rhodococcus sp. NJ-530	2490853	S	51	308	359	0.00002
Rhodococcus sp. 008	1723645	S	44	286	330	0.00002
Rhodococcus sp. AQ5-07	2054902	S	42	154	196	0.00001
Rhodococcus sp. BH4	1807790	S	39	268	307	0.00002
Rhodococcus sp. H-CA8f	1727214	S	23	106	129	0.00001
Rhodococcus sp. C1	644410	S	22	273	295	0.00002
Rhodococcus opacus	37919	S	9521	10294	19815	0.00130
Rhodococcus equi	43767	S	4644	2076	6720	0.00044
Rhodococcus fascians	1828	S	3566	962	4528	0.00030
Rhodococcus rhodochrous	1829	S	2790	1804	4594	0.00030
Rhodococcus koreensis	99653	S	2322	765	3087	0.00020
Rhodococcus triatomae	300028	S	2302	807	3109	0.00020
Rhodococcus jostii	132919	S	1925	871	2796	0.00018
Rhodococcus coprophilus	38310	S	1871	406	2277	0.00015
Rhodococcus pyridinivorans	103816	S	1464	6031	7495	0.00049
Rhodococcus ruber	1830	S	1349	4658	6007	0.00039
Rhodococcus qingshengii	334542	S	586	3264	3850	0.00025
Rhodococcus erythropolis	1833	S	549	2631	3180	0.00021
Rhodococcus globerulus	33008	S	1052	147	1199	0.00008
Rhodococcus aetherivorans	191292	S	394	3847	4241	0.00028
Nocardia asteroides	1824	S	16156	6451	22607	0.00148
Nocardia brasiliensis	37326	S	9088	2903	11991	0.00078
Nocardia terpenica	455432	S	6947	1484	8431	0.00055
Nocardia cyriacigeorgica	135487	S	6476	3237	9713	0.00063
Nocardia farcinica	37329	S	5123	3839	8962	0.00059
Nocardia wallacei	480035	S	4058	1328	5386	0.00035
Nocardia arthritidis	228602	S	4053	605	4658	0.00030
Nocardia huaxiensis	2755382	S	3552	822	4374	0.00029
Nocardia otitidiscaviarum	1823	S	3524	828	4352	0.00028
Nocardia iowensis	204891	S	3469	866	4335	0.00028
Nocardia sp. CS682	1047172	S	3346	924	4270	0.00028
Nocardia gipuzkoensis	2749991	S	3342	1377	4719	0.00031
Nocardia yunnanensis	2382165	S	3274	918	4192	0.00027
Nocardia tengchongensis	2055889	S	3253	945	4198	0.00027
Nocardia seriolae	37332	S	3225	1003	4228	0.00028
Nocardia nova	37330	S	3161	533	3694	0.00024
Nocardia yamanashiensis	209247	S	3115	730	3845	0.00025
Nocardia mangyaensis	2213200	S	2997	932	3929	0.00026
Corynebacterium cyclohexanicum	322009	S	2941	1363	4304	0.00028
Corynebacterium sphenisci	191493	S	2237	787	3024	0.00020
Corynebacterium frankenforstense	1230998	S	2112	732	2844	0.00019
Corynebacterium bovis	36808	S	2018	534	2552	0.00017
Corynebacterium xerosis	1725	S	1901	1216	3117	0.00020
Corynebacterium halotolerans	225326	S	1607	422	2029	0.00013
Corynebacterium nuruki	1032851	S	1544	423	1967	0.00013
Corynebacterium freneyi	134034	S	1513	666	2179	0.00014
Corynebacterium sp. CNCTC7651	2815361	S	536	119	655	0.00004
Corynebacterium sp. NML98-0116	702967	S	432	181	613	0.00004
Corynebacterium sp. FDAARGOS 1242	2778078	S	99	271	370	0.00002
Corynebacterium sp. 1864	2820399	S	94	203	297	0.00002
Corynebacterium sp. 4H37-19	2684405	S	80	10	90	0.00001
Corynebacterium sp. sy039	2599641	S	46	6	52	0.00000
Corynebacterium humireducens	1223514	S	1228	407	1635	0.00011
Corynebacterium vitaeruminis	38305	S	1217	419	1636	0.00011
Corynebacterium maris	575200	S	1175	217	1392	0.00009
Corynebacterium variabile	1727	S	1113	733	1846	0.00012
Corynebacterium timonense	441500	S	1025	283	1308	0.00009
Corynebacterium marinum	349751	S	1023	432	1455	0.00010
Corynebacterium doosanense	1121358	S	980	521	1501	0.00010
Corynebacterium comes	2675218	S	901	255	1156	0.00008
Corynebacterium liangguodongii	2079535	S	895	231	1126	0.00007
Corynebacterium mycetoides	38302	S	886	471	1357	0.00009
Corynebacterium yudongzhengii	2080740	S	873	186	1059	0.00007
Corynebacterium provencense	1737425	S	872	238	1110	0.00007
Corynebacterium uterequi	1072256	S	865	173	1038	0.00007
Corynebacterium glyciniphilum	1404244	S	780	114	894	0.00006
Corynebacterium jeikeium	38289	S	771	2106	2877	0.00019
Corynebacterium atypicum	191610	S	720	239	959	0.00006
Corynebacterium terpenotabidum	89154	S	715	236	951	0.00006
Corynebacterium urealyticum	43771	S	706	816	1522	0.00010
Corynebacterium imitans	156978	S	677	504	1181	0.00008
Corynebacterium sanguinis	2594913	S	660	494	1154	0.00008
Corynebacterium uberis	2883169	S	650	93	743	0.00005
Corynebacterium efficiens	152794	S	588	125	713	0.00005
Corynebacterium ureicelerivorans	401472	S	579	218	797	0.00005
Corynebacterium falsenii	108486	S	564	271	835	0.00005
Corynebacterium lujinxingii	2763010	S	562	217	779	0.00005
Corynebacterium qintianiae	2709392	S	548	172	720	0.00005
Corynebacterium kroppenstedtii	161879	S	519	61	580	0.00004
Corynebacterium glaucum	187491	S	519	129	648	0.00004
Corynebacterium genitalium	38288	S	484	122	606	0.00004
Corynebacterium aurimucosum	169292	S	479	261	740	0.00005
Corynebacterium testudinoris	136857	S	474	113	587	0.00004
Corynebacterium coyleae	53374	S	469	135	604	0.00004
Corynebacterium incognita	2754725	S	446	118	564	0.00004
Corynebacterium glucuronolyticum	39791	S	439	122	561	0.00004
Corynebacterium occultum	2675219	S	432	90	522	0.00003
Corynebacterium tuberculostearicum	38304	S	408	281	689	0.00005
Corynebacterium striatum	43770	S	401	386	787	0.00005
Corynebacterium lactis	1231000	S	386	71	457	0.00003
Corynebacterium matruchotii	43768	S	376	32	408	0.00003
Corynebacterium riegelii	156976	S	334	97	431	0.00003
Corynebacterium endometrii	2488819	S	333	77	410	0.00003
Corynebacterium zhongnanshanii	2768834	S	305	51	356	0.00002
Corynebacterium aquilae	203263	S	302	55	357	0.00002
Corynebacterium renale	1724	S	296	42	338	0.00002
Corynebacterium lizhenjunii	2709394	S	287	60	347	0.00002
Corynebacterium flavescens	28028	S	278	95	373	0.00002
Corynebacterium cystitidis	35757	S	271	20	291	0.00002
Corynebacterium simulans	146827	S	269	226	495	0.00003
Corynebacterium urogenitale	2487892	S	259	55	314	0.00002
Corynebacterium kalinowskii	2675216	S	254	154	408	0.00003
Corynebacterium camporealensis	161896	S	246	73	319	0.00002
Corynebacterium epidermidicanis	1050174	S	243	48	291	0.00002
Corynebacterium singulare	161899	S	229	233	462	0.00003
Corynebacterium minutissimum	38301	S	203	224	427	0.00003
Corynebacterium gerontici	2079234	S	203	48	251	0.00002
Corynebacterium propinquum	43769	S	200	99	299	0.00002
Corynebacterium phocae	161895	S	197	33	230	0.00002
Corynebacterium kefirresidentii	1979527	S	187	141	328	0.00002
Corynebacterium argentoratense	42817	S	181	47	228	0.00001
Corynebacterium macginleyi	38290	S	176	49	225	0.00001
Corynebacterium diphtheriae	1717	S	173	215	388	0.00003
Corynebacterium resistens	258224	S	168	108	276	0.00002
Corynebacterium choanae	1862358	S	162	20	182	0.00001
Corynebacterium pelargi	1471400	S	155	58	213	0.00001
Corynebacterium stationis	1705	S	140	40	180	0.00001
Corynebacterium pseudopelargi	2080757	S	135	53	188	0.00001
Corynebacterium glutamicum	1718	S	128	1895	2023	0.00013
Corynebacterium casei	160386	S	127	171	298	0.00002
Corynebacterium ulcerans	65058	S	121	59	180	0.00001
Corynebacterium deserti	1408191	S	118	48	166	0.00001
Corynebacterium pseudodiphtheriticum	37637	S	113	41	154	0.00001
Corynebacterium anserum	2684406	S	103	15	118	0.00001
Corynebacterium amycolatum	43765	S	99	799	898	0.00006
Corynebacterium ammoniagenes	1697	S	95	24	119	0.00001
Corynebacterium pseudotuberculosis	1719	S	93	25	118	0.00001
Corynebacterium segmentosum	43990	S	89	228	317	0.00002
Corynebacterium hindlerae	699041	S	84	172	256	0.00002
Corynebacterium accolens	38284	S	82	210	292	0.00002
Corynebacterium mustelae	571915	S	81	7	88	0.00001
Corynebacterium silvaticum	2320431	S	73	34	107	0.00001
Corynebacterium crudilactis	1652495	S	70	99	169	0.00001
Corynebacterium suranareeae	2506452	S	63	21	84	0.00001
Corynebacterium callunae	1721	S	58	22	80	0.00001
Corynebacterium rouxii	2719119	S	56	36	92	0.00001
Corynebacterium kutscheri	35755	S	32	5	37	0.00000
Gordonia sp. PP30	2935861	S	2549	856	3405	0.00022
Gordonia sp. YC-JH1	2059875	S	1886	1569	3455	0.00023
Gordonia sp. KTR9	337191	S	1731	414	2145	0.00014
Gordonia sp. PDNC005	2811424	S	1423	258	1681	0.00011
Gordonia sp. WA4-43	2878678	S	326	1224	1550	0.00010
Gordonia sp. JH63	2698900	S	222	767	989	0.00006
Gordonia sp. 135	2676309	S	110	778	888	0.00006
Gordonia sp. 1D	1737359	S	65	1026	1091	0.00007
Gordonia polyisoprenivorans	84595	S	3905	917	4822	0.00032
Gordonia terrae	2055	S	2870	1812	4682	0.00031
Gordonia insulae	2420509	S	2352	394	2746	0.00018
Gordonia bronchialis	2054	S	2156	599	2755	0.00018
Gordonia phthalatica	1136941	S	2115	1014	3129	0.00020
Gordonia amarae	36821	S	2057	495	2552	0.00017
Gordonia iterans	1004901	S	2006	821	2827	0.00018
Gordonia jinghuaiqii	2758710	S	1932	457	2389	0.00016
Gordonia pseudoamarae	2831662	S	1760	401	2161	0.00014
Gordonia rubripertincta	36822	S	1611	1075	2686	0.00018
Gordonia otitidis	249058	S	1498	294	1792	0.00012
Gordonia zhaorongruii	2597659	S	1352	297	1649	0.00011
Gordonia alkanivorans	84096	S	501	1971	2472	0.00016
Gordonia amicalis	89053	S	325	2478	2803	0.00018
Gordonia hongkongensis	1701090	S	252	833	1085	0.00007
Gordonia ajococcus	1292359	S	11	579	590	0.00004
Skermania piniformis	39122	S	2457	377	2834	0.00019
Tsukamurella paurometabola	2061	S	4146	2357	6503	0.00043
Tsukamurella tyrosinosolvens	57704	S	3713	1899	5612	0.00037
Tsukamurella sp. PLM1	2929795	S	2566	981	3547	0.00023
Tsukamurella pulmonis	47312	S	2320	975	3295	0.00022
Dietzia sp. oral taxon 368	712270	S	1452	2870	4322	0.00028
Dietzia psychralcaliphila	139021	S	1680	574	2254	0.00015
Dietzia lutea	546160	S	1658	1102	2760	0.00018
Dietzia timorensis	499555	S	1171	780	1951	0.00013
Tomitella gaofuii	2760083	S	2608	961	3569	0.00023
Tomitella fengzijianii	2597660	S	2262	899	3161	0.00021
Segniliparus rotundus	286802	S	1329	94	1423	0.00009
Lawsonella clevelandensis	1528099	S	284	41	325	0.00002
Amycolatopsis sp. YIM 10	2653857	S	14860	5130	19990	0.00131
Amycolatopsis sp. DSM 110486	2865832	S	10795	2547	13342	0.00087
Amycolatopsis sp. WQ 127309	2932773	S	9650	3162	12812	0.00084
Amycolatopsis sp. FDAARGOS 1241	2778070	S	9636	2490	12126	0.00079
Amycolatopsis sp. Hca4	2742131	S	8626	3634	12260	0.00080
Amycolatopsis sp. CA-230715	2745196	S	8252	1546	9798	0.00064
Amycolatopsis sp. FU40	2914159	S	5161	2473	7634	0.00050
Amycolatopsis sp. AA4	1896961	S	4434	2475	6909	0.00045
Amycolatopsis sp. BJA-103	1911175	S	3911	1753	5664	0.00037
Amycolatopsis sp. TNS106	2861750	S	3163	2044	5207	0.00034
Amycolatopsis sp. EV170708-02-1	2919322	S	2750	2933	5683	0.00037
Amycolatopsis acidiphila	715473	S	10532	2769	13301	0.00087
Amycolatopsis albispora	1804986	S	9643	6555	16198	0.00106
Amycolatopsis mediterranei	33910	S	8515	9929	18444	0.00121
Amycolatopsis pretoriensis	218821	S	7975	3000	10975	0.00072
Amycolatopsis thermalba	944492	S	7636	3779	11415	0.00075
Amycolatopsis methanolica	1814	S	7555	3514	11069	0.00072
Amycolatopsis keratiniphila	129921	S	4146	3753	7899	0.00052
Amycolatopsis japonica	208439	S	2123	2172	4295	0.00028
Amycolatopsis aidingensis	2842453	S	6889	1003	7892	0.00052
Amycolatopsis orientalis	31958	S	4365	1689	6054	0.00040
Pseudonocardia sp. DSM 110487	2865833	S	49634	8842	58476	0.00382
Pseudonocardia sp. CGMCC 4.1532	2761535	S	10815	7214	18029	0.00118
Pseudonocardia sp. HH130630-07	1690815	S	8070	2858	10928	0.00071
Pseudonocardia sp. AL041005-10	445576	S	6425	2828	9253	0.00060
Pseudonocardia sp. HH130629-09	1641402	S	5312	2635	7947	0.00052
Pseudonocardia sp. EC080625-04	1096868	S	225	5821	6046	0.00040
Pseudonocardia sp. EC080619-01	1096856	S	24	5703	5727	0.00037
Pseudonocardia sp. EC080610-09	1688404	S	22	1778	1800	0.00012
Pseudonocardia broussonetiae	2736640	S	16038	6465	22503	0.00147
Pseudonocardia dioxanivorans	240495	S	15643	5255	20898	0.00137
Pseudonocardia autotrophica	2074	S	9156	3085	12241	0.00080
Pseudonocardia abyssalis	2792008	S	8603	5155	13758	0.00090
Allokutzneria albata	211114	S	72515	21668	94183	0.00616
Saccharopolyspora erythraea	1836	S	17800	6621	24421	0.00160
Saccharopolyspora gregorii	33914	S	6387	1601	7988	0.00052
Saccharopolyspora spinosa	60894	S	4052	2790	6842	0.00045
Saccharopolyspora pogona	333966	S	3816	4581	8397	0.00055
Saccharopolyspora sp. ASAGF58	2719023	S	2386	3175	5561	0.00036
Saccharothrix syringae	103733	S	12784	5348	18132	0.00119
Saccharothrix sp. 6-C	2781735	S	12301	5009	17310	0.00113
Saccharothrix espanaensis	103731	S	9481	3370	12851	0.00084
Kutzneria sp. CA-103260	2802641	S	12148	3264	15412	0.00101
Kutzneria albida	43357	S	9012	2586	11598	0.00076
Saccharomonospora marina	632569	S	5357	1463	6820	0.00045
Saccharomonospora azurea	40988	S	3585	1305	4890	0.00032
Saccharomonospora cyanea	40989	S	3431	1470	4901	0.00032
Saccharomonospora xinjiangensis	75294	S	2769	572	3341	0.00022
Saccharomonospora glauca	40990	S	2302	1010	3312	0.00022
Saccharomonospora viridis	1852	S	2235	428	2663	0.00017
Lentzea guizhouensis	1586287	S	12603	3271	15874	0.00104
Actinoalloteichus hoggarensis	1470176	S	4021	670	4691	0.00031
Actinoalloteichus hymeniacidonis	340345	S	3091	372	3463	0.00023
Actinoalloteichus sp. GBA129-24	1612551	S	219	2579	2798	0.00018
Actinoalloteichus fjordicus	1612552	S	160	2277	2437	0.00016
Actinosynnema pretiosum	42197	S	3505	7695	11200	0.00073
Actinosynnema mirum	40567	S	370	3734	4104	0.00027
Kibdelosporangium phytohabitans	860235	S	10543	1571	12114	0.00079
Alloactinosynnema sp. L-07	1653480	S	6931	1902	8833	0.00058
Prauserella marina	530584	S	4397	485	4882	0.00032
Allosaccharopolyspora coralli	2665642	S	3791	998	4789	0.00031
Nocardioides sp. G188	2849501	S	11099	4445	15544	0.00102
Nocardioides sp. JS614	196162	S	9506	3507	13013	0.00085
Nocardioides sp. LMS-CY	2840457	S	8464	3478	11942	0.00078
Nocardioides sp. TF02-7	2917724	S	7311	3042	10353	0.00068
Nocardioides sp. HDW12B	2714939	S	6789	2914	9703	0.00063
Nocardioides sp. W7	2931390	S	6667	2808	9475	0.00062
Nocardioides sp. zg-1228	2763008	S	6105	3329	9434	0.00062
Nocardioides sp. S-1144	2582905	S	5928	2881	8809	0.00058
Nocardioides sp. zg-579	2663857	S	5840	3656	9496	0.00062
Nocardioides sp. cx-173	2898796	S	5839	2506	8345	0.00055
Nocardioides sp. SCSIO 67246	2872154	S	5804	1958	7762	0.00051
Nocardioides sp. S5	2017486	S	5692	3476	9168	0.00060
Nocardioides sp. InS609-2	2760705	S	5275	1546	6821	0.00045
Nocardioides sp. 603	2483798	S	5022	2885	7907	0.00052
Nocardioides sp. MC1495	2736757	S	4893	2206	7099	0.00046
Nocardioides sp. CF8	110319	S	4561	2299	6860	0.00045
Nocardioides sp. zg-536	2803858	S	4086	2238	6324	0.00041
Nocardioides sp. JQ2195	2592334	S	4062	1092	5154	0.00034
Nocardioides sp. WS12	2486272	S	3707	838	4545	0.00030
Nocardioides sp. dk884	2662361	S	3650	4130	7780	0.00051
Nocardioides sp. ZJ1313	2685869	S	3531	4018	7549	0.00049
Nocardioides sp. Kera G14	2884264	S	3116	858	3974	0.00026
Nocardioides mesophilus	433659	S	9555	3808	13363	0.00087
Nocardioides anomalus	2712223	S	7688	3008	10696	0.00070
Nocardioides ungokensis	1643322	S	7566	3390	10956	0.00072
Nocardioides humi	449461	S	6791	2870	9661	0.00063
Nocardioides cynanchi	2558918	S	6681	2076	8757	0.00057
Nocardioides okcheonensis	2894081	S	6469	3765	10234	0.00067
Nocardioides euryhalodurans	2518370	S	6297	2487	8784	0.00057
Nocardioides aromaticivorans	200618	S	6078	2948	9026	0.00059
Nocardioides dongkuii	2760089	S	5575	3488	9063	0.00059
Nocardioides rotundus	1774216	S	5398	2710	8108	0.00053
Nocardioides aquaticus	160826	S	5258	2079	7337	0.00048
Nocardioides marinisabuli	419476	S	4960	3465	8425	0.00055
Nocardioides sambongensis	2589074	S	4725	1771	6496	0.00042
Nocardioides dokdonensis	450734	S	4341	2501	6842	0.00045
Nocardioides panacisoli	627624	S	4162	1352	5514	0.00036
Nocardioides houyundeii	2045452	S	4123	1631	5754	0.00038
Nocardioides seonyuensis	2518371	S	3925	1344	5269	0.00034
Nocardioides piscis	2714938	S	3540	1639	5179	0.00034
Nocardioides daphniae	402297	S	2929	1707	4636	0.00030
Nocardioides jishulii	2575440	S	2618	1210	3828	0.00025
Nocardioides baekrokdamisoli	1804624	S	1939	327	2266	0.00015
Nocardioides yefusunii	2500546	S	1939	752	2691	0.00018
Aeromicrobium sp. Leaf245	1736306	S	3347	1353	4700	0.00031
Aeromicrobium sp. zg-629	2663859	S	2796	1199	3995	0.00026
Aeromicrobium sp. A1-2	2107713	S	2542	473	3015	0.00020
Aeromicrobium erythreum	2041	S	3640	1430	5070	0.00033
Aeromicrobium choanae	1736691	S	3596	1416	5012	0.00033
Aeromicrobium chenweiae	2079793	S	3581	1548	5129	0.00034
Aeromicrobium marinum	219314	S	3201	931	4132	0.00027
Aeromicrobium yanjiei	2662028	S	3005	1202	4207	0.00028
Friedmanniella luteola	546871	S	8198	2287	10485	0.00069
Pimelobacter simplex	2045	S	6103	3079	9182	0.00060
Marmoricola scoriae	642780	S	5546	2842	8388	0.00055
Mumia sp. ZJ1417	2708082	S	4758	1132	5890	0.00039
Micropruina glycogenica	75385	S	3089	623	3712	0.00024
Microlunatus sagamiharensis	546874	S	6956	2240	9196	0.00060
Microlunatus phosphovorus	29405	S	5214	856	6070	0.00040
Microlunatus soli	630515	S	4469	640	5109	0.00033
Microlunatus elymi	2596828	S	3987	643	4630	0.00030
Microlunatus sp. Gsoil 973	2672569	S	3700	422	4122	0.00027
Tessaracoccus sp. J1M15	2829499	S	2334	857	3191	0.00021
Tessaracoccus sp. MC1865	2760310	S	2019	626	2645	0.00017
Tessaracoccus defluvii	1285901	S	2680	1994	4674	0.00031
Tessaracoccus aquimaris	1332264	S	2369	1356	3725	0.00024
Tessaracoccus flavescens	399497	S	2130	1916	4046	0.00026
Tessaracoccus flavus	1610493	S	1914	1592	3506	0.00023
Tessaracoccus timonensis	2161816	S	1234	684	1918	0.00013
Brevilactibacter coleopterorum	2714937	S	4006	2409	6415	0.00042
Brevilactibacter sp. MC1595	2819349	S	3682	1945	5627	0.00037
Acidipropionibacterium acidipropionici	1748	S	2415	1897	4312	0.00028
Acidipropionibacterium jensenii	1749	S	2358	1945	4303	0.00028
Acidipropionibacterium virtanenii	2057246	S	1604	414	2018	0.00013
Propionibacterium acidifaciens	556499	S	2541	725	3266	0.00021
Propionibacterium freudenreichii	1744	S	1903	1725	3628	0.00024
Propionibacterium australiense	119981	S	1702	358	2060	0.00013
Auraticoccus monumenti	675864	S	5164	1292	6456	0.00042
Cutibacterium avidum	33010	S	1369	503	1872	0.00012
Cutibacterium acnes	1747	S	879	596	1475	0.00010
Cutibacterium granulosum	33011	S	853	222	1075	0.00007
Cutibacterium modestum	2559073	S	339	59	398	0.00003
Arachnia propionica	1750	S	1933	284	2217	0.00014
Arachnia rubra	1547448	S	1125	149	1274	0.00008
Raineyella fluvialis	2662261	S	3087	567	3654	0.00024
Vaginimicrobium propionicum	1871034	S	112	56	168	0.00001
Kribbella flavida	182640	S	27892	8286	36178	0.00236
Kribbella qitaiheensis	1544730	S	19003	3777	22780	0.00149
Actinopolymorpha singaporensis	117157	S	9303	1420	10723	0.00070
Nonomuraea sp. ATCC 55076	1909395	S	18544	7345	25889	0.00169
Nonomuraea gerenzanensis	93944	S	18077	7466	25543	0.00167
Nonomuraea nitratireducens	2656914	S	18002	4997	22999	0.00150
Nonomuraea coxensis	404386	S	15625	5865	21490	0.00140
Streptosporangium roseum	2001	S	16314	5717	22031	0.00144
Streptosporangium sp. 'caverna'	2202249	S	14813	4087	18900	0.00124
Thermobispora bispora	2006	S	8042	2493	10535	0.00069
Actinomadura sp. WMMB 499	1219491	S	19949	6307	26256	0.00172
Actinomadura sp. NAK00032	2742128	S	13043	6040	19083	0.00125
Actinomadura sp. WMMA1423	2591108	S	11261	4386	15647	0.00102
Actinomadura madurae	1993	S	14471	5729	20200	0.00132
Actinomadura verrucosospora	46165	S	12955	5209	18164	0.00119
Actinomadura graeca	2750812	S	10119	3117	13236	0.00087
Thermomonospora amylolytica	1411117	S	10960	5359	16319	0.00107
Thermomonospora curvata	2020	S	7062	2722	9784	0.00064
Nocardiopsis sp. MT53	2865672	S	6371	1971	8342	0.00055
Nocardiopsis sp. HDS12	2831968	S	2059	1937	3996	0.00026
Nocardiopsis gilva	280236	S	4943	1324	6267	0.00041
Nocardiopsis dassonvillei	2014	S	4010	4842	8852	0.00058
Nocardiopsis alba	53437	S	3091	734	3825	0.00025
Thermobifida halotolerans	483545	S	4035	1648	5683	0.00037
Thermobifida alba	53522	S	3871	1916	5787	0.00038
Thermobifida fusca	2021	S	2077	451	2528	0.00017
Streptomonospora litoralis	2498135	S	5721	1487	7208	0.00047
Spiractinospora alimapuensis	2820884	S	3577	314	3891	0.00025
Blastococcus sp. PRF04-17	2933797	S	15699	6911	22610	0.00148
Blastococcus saxobsidens	138336	S	13365	5247	18612	0.00122
Modestobacter marinus	477641	S	14283	6233	20516	0.00134
Modestobacter sp. L9-4	2851567	S	8173	3933	12106	0.00079
Geodermatophilus obscurus	1861	S	18717	8042	26759	0.00175
Frankia inefficax	298654	S	13351	2085	15436	0.00101
Frankia sp. QA3	710111	S	5248	2608	7856	0.00051
Frankia sp. ArI3	1858	S	3911	3041	6952	0.00045
Candidatus Frankia datiscae	2716812	S	6163	1095	7258	0.00047
Frankia casuarinae	106370	S	4834	665	5499	0.00036
Frankia alni	1859	S	4322	3521	7843	0.00051
Actinomyces sp. oral taxon 414	712122	S	1843	465	2308	0.00015
Actinomyces sp. MAS-1	2755559	S	1341	325	1666	0.00011
Actinomyces sp. Z16	2079536	S	1075	424	1499	0.00010
Actinomyces sp. Chiba101	1851395	S	795	418	1213	0.00008
Actinomyces sp. 432	2057798	S	781	201	982	0.00006
Actinomyces sp. oral taxon 171	706438	S	447	389	836	0.00005
Actinomyces sp. oral taxon 169	712116	S	267	505	772	0.00005
Actinomyces sp. HMT897	2789424	S	208	628	836	0.00005
Actinomyces sp. oral taxon 897	2081702	S	193	595	788	0.00005
Actinomyces sp. HMT 175	2789425	S	152	645	797	0.00005
Actinomyces sp. zg-332	2708340	S	22	5	27	0.00000
Actinomyces radicidentis	111015	S	1997	1041	3038	0.00020
Actinomyces howellii	52771	S	1786	350	2136	0.00014
Actinomyces slackii	52774	S	1221	254	1475	0.00010
Actinomyces respiraculi	2744574	S	1203	352	1555	0.00010
Actinomyces procaprae	2560010	S	1175	476	1651	0.00011
Actinomyces faecalis	2722820	S	912	164	1076	0.00007
Actinomyces weissii	675090	S	906	223	1129	0.00007
Actinomyces qiguomingii	2057800	S	820	132	952	0.00006
Actinomyces viscosus	1656	S	786	367	1153	0.00008
Actinomyces naeslundii	1655	S	722	461	1183	0.00008
Actinomyces wuliandei	2057743	S	645	191	836	0.00005
Actinomyces marmotae	2737173	S	618	383	1001	0.00007
Actinomyces oris	544580	S	562	1728	2290	0.00015
Actinomyces lilanjuaniae	2321394	S	539	145	684	0.00004
Actinomyces gaoshouyii	1960083	S	534	306	840	0.00005
Actinomyces trachealis	2763540	S	378	86	464	0.00003
Actinomyces pacaensis	1852377	S	120	19	139	0.00001
Schaalia sp. 19OD2882	2794089	S	854	150	1004	0.00007
Schaalia sp. JY-X169	2758572	S	303	14	317	0.00002
Schaalia sp. ZJ405	2709403	S	210	25	235	0.00002
Schaalia odontolytica	1660	S	1042	305	1347	0.00009
Schaalia meyeri	52773	S	665	146	811	0.00005
Schaalia cardiffensis	181487	S	380	70	450	0.00003
Schaalia turicensis	131111	S	155	212	367	0.00002
Flaviflexus salsibiostraticola	1282737	S	1125	383	1508	0.00010
Flaviflexus sp. dk850	2758573	S	555	271	826	0.00005
Flaviflexus ciconiae	2496867	S	418	69	487	0.00003
Trueperella pecoris	2733571	S	852	314	1166	0.00008
Trueperella pyogenes	1661	S	598	436	1034	0.00007
Trueperella bialowiezensis	312285	S	437	31	468	0.00003
Pauljensenia hongkongensis	178339	S	1017	456	1473	0.00010
Nanchangia anserum	2692125	S	901	130	1031	0.00007
Actinobaculum sp. 313	2495645	S	416	30	446	0.00003
Actinotignum schaalii	59505	S	371	33	404	0.00003
Arcanobacterium haemolyticum	28264	S	97	57	154	0.00001
Arcanobacterium phocae	131112	S	55	20	75	0.00000
Arcanobacterium phocisimile	1302235	S	44	15	59	0.00000
Arcanobacterium sp. 2701	2722751	S	31	9	40	0.00000
Changpingibacter yushuensis	2758440	S	247	92	339	0.00002
Mobiluncus curtisii	2051	S	198	77	275	0.00002
Varibaculum sp. EMRHCC_39	2811781	S	107	43	150	0.00001
Boudabousia tangfeifanii	1912795	S	75	8	83	0.00001
Fannyhessea vaginae	82135	S	69	27	96	0.00001
Jiangella sp. DSM 45060	1798224	S	16296	6012	22308	0.00146
Jiangella alkaliphila	419479	S	14922	5286	20208	0.00132
Nakamurella multipartita	53461	S	7470	1847	9317	0.00061
Nakamurella panacisegetis	1090615	S	3876	702	4578	0.00030
Nakamurella sp. PAMC28650	2762325	S	3320	462	3782	0.00025
Nakamurella antarctica	1902245	S	638	62	700	0.00005
Bifidobacterium choerinum	35760	S	1163	663	1826	0.00012
Bifidobacterium pseudolongum	1694	S	1160	584	1744	0.00011
Bifidobacterium scardovii	158787	S	1078	133	1211	0.00008
Bifidobacterium longum	216816	S	1060	2385	3445	0.00023
Bifidobacterium bifidum	1681	S	825	430	1255	0.00008
Bifidobacterium pullorum	78448	S	822	436	1258	0.00008
Bifidobacterium animalis	28025	S	702	856	1558	0.00010
Bifidobacterium subtile	77635	S	602	121	723	0.00005
Bifidobacterium asteroides	1684	S	597	240	837	0.00005
Bifidobacterium adolescentis	1680	S	521	154	675	0.00004
Bifidobacterium breve	1685	S	457	615	1072	0.00007
Bifidobacterium thermophilum	33905	S	448	138	586	0.00004
Bifidobacterium actinocoloniiforme	638619	S	437	20	457	0.00003
Bifidobacterium eulemuris	1765219	S	428	116	544	0.00004
Bifidobacterium lemurum	1603886	S	403	113	516	0.00003
Bifidobacterium dentium	1689	S	309	30	339	0.00002
Bifidobacterium angulatum	1683	S	299	95	394	0.00003
Bifidobacterium catenulatum	1686	S	226	391	617	0.00004
Bifidobacterium pseudocatenulatum	28026	S	216	158	374	0.00002
Bifidobacterium saguini	762210	S	85	48	133	0.00001
Bifidobacterium imperatoris	2020965	S	74	47	121	0.00001
Bifidobacterium indicum	1691	S	60	89	149	0.00001
Bifidobacterium coryneforme	1687	S	35	52	87	0.00001
Parascardovia denticolens	78258	S	297	73	370	0.00002
Gardnerella vaginalis	2702	S	42	50	92	0.00001
Scardovia inopinata	78259	S	38	19	57	0.00000
Catenulispora acidiphila	304895	S	8984	1719	10703	0.00070
Jatrophihabitans sp. GAS493	1907575	S	3693	461	4154	0.00027
Jatrophihabitans telluris	2038343	S	3653	428	4081	0.00027
Stackebrandtia nassauensis	283811	S	6301	757	7058	0.00046
Natronoglycomyces albus	2811108	S	930	43	973	0.00006
Kineococcus radiotolerans	131568	S	5073	1841	6914	0.00045
Actinopolyspora erythraea	414996	S	3204	430	3634	0.00024
Epidermidibacterium keratini	1891644	S	3020	1906	4926	0.00032
Acidothermus cellulolyticus	28049	S	2429	162	2591	0.00017
Candidatus Planktophila lacus	1884913	S	92	15	107	0.00001
Candidatus Planktophila versatilis	1884905	S	76	18	94	0.00001
Candidatus Planktophila sulfonica	1884904	S	55	20	75	0.00000
Candidatus Planktophila limnetica	573600	S	38	6	44	0.00000
Candidatus Planktophila vernalis	1884907	S	33	6	39	0.00000
Candidatus Planktophila dulcis	1884914	S	29	17	46	0.00000
Candidatus Nanopelagicus limnes	1884634	S	29	38	67	0.00000
Candidatus Nanopelagicus hibericus	1884915	S	20	11	31	0.00000
Candidatus Nanopelagicus abundans	1884916	S	11	5	16	0.00000
Rubrobacter xylanophilus	49319	S	41901	6717	48618	0.00318
Rubrobacter tropicus	2653851	S	36296	3078	39374	0.00257
Rubrobacter marinus	2653852	S	26491	2663	29154	0.00191
Rubrobacter radiotolerans	42256	S	9519	1392	10911	0.00071
Rubrobacter indicoceani	2051957	S	5108	453	5561	0.00036
Baekduia soli	496014	S	32033	6560	38593	0.00252
Conexibacter sp. SYSU D00693	2812560	S	34875	10151	45026	0.00294
Conexibacter sp. DBS9H8	2937801	S	10143	1156	11299	0.00074
Conexibacter sp. S30A1	2937800	S	10004	1270	11274	0.00074
Conexibacter woesei	191495	S	43606	9381	52987	0.00346
Miltoncostaea marina	2843215	S	16484	4976	21460	0.00140
Miltoncostaea oceani	2843216	S	14690	2646	17336	0.00113
Aquihabitans sp. G128	2849779	S	21582	5080	26662	0.00174
Aquihabitans sp. Kera 3	2884263	S	19213	3674	22887	0.00150
Iamia sp. SCSIO 61187	2722752	S	24408	4551	28959	0.00189
Actinomarinicola tropica	2789776	S	21076	4850	25926	0.00169
Ilumatobacter coccineus	467094	S	6734	482	7216	0.00047
Acidimicrobium ferrooxidans	53635	S	2705	246	2951	0.00019
Eggerthella guodeyinii	2690837	S	1163	644	1807	0.00012
Eggerthella lenta	84112	S	1143	943	2086	0.00014
Eggerthella sp. YY7918	502558	S	278	153	431	0.00003
Gordonibacter urolithinfaciens	1335613	S	671	593	1264	0.00008
Gordonibacter pamelaeae	471189	S	596	721	1317	0.00009
Adlercreutzia equolifaciens	446660	S	652	459	1111	0.00007
Adlercreutzia hattorii	2707299	S	324	464	788	0.00005
Arabiibacter massiliensis	1870985	S	1392	356	1748	0.00011
Raoultibacter timonensis	1907662	S	767	77	844	0.00006
Berryella intestinalis	1531429	S	640	860	1500	0.00010
Slackia heliotrinireducens	84110	S	526	20	546	0.00004
Denitrobacterium detoxificans	79604	S	362	186	548	0.00004
Cryptobacterium curtum	84163	S	75	10	85	0.00001
Phoenicibacter congonensis	1944646	S	75	42	117	0.00001
Olsenella timonensis	1805478	S	1282	504	1786	0.00012
Olsenella uli	133926	S	617	84	701	0.00005
Olsenella sp. oral taxon 807	712411	S	490	38	528	0.00003
Parolsenella massiliensis	1871022	S	608	453	1061	0.00007
Parolsenella catena	2003188	S	589	466	1055	0.00007
Thermophilibacter immobilis	2779519	S	845	426	1271	0.00008
Parafannyhessea umbonata	604330	S	828	622	1450	0.00009
Atopobium sp. oral taxon 416	712157	S	260	34	294	0.00002
Lancefieldella parvula	1382	S	40	5	45	0.00000
Collinsella aerofaciens	74426	S	1095	684	1779	0.00012
Collinsella stercoris	147206	S	755	130	885	0.00006
Collinsella sp. zg1085	2844380	S	61	3	64	0.00000
Coriobacterium glomerans	33871	S	577	22	599	0.00004
Egicoccus halophilus	1670830	S	7417	1408	8825	0.00058
Euzebya pacifica	1608957	S	7093	733	7826	0.00051
Egibacter rhizosphaerae	1670831	S	6728	495	7223	0.00047
Paenibacillus sp. B01	2660554	S	2113	753	2866	0.00019
Paenibacillus sp. RUD330	2023772	S	1239	170	1409	0.00009
Paenibacillus sp. 32O-W	1695218	S	1117	140	1257	0.00008
Paenibacillus sp. R14(2021)	2859228	S	495	89	584	0.00004
Paenibacillus sp. H1-7	2282849	S	426	49	475	0.00003
Paenibacillus sp. sptzw28	715179	S	327	38	365	0.00002
Paenibacillus sp. URB8-2	2741301	S	306	84	390	0.00003
Paenibacillus sp. FSL R7-0273	1536772	S	297	65	362	0.00002
Paenibacillus sp. YPD9-1	2908839	S	251	41	292	0.00002
Paenibacillus sp. BIHB4019	1870819	S	251	26	277	0.00002
Paenibacillus sp. PK3_47	2072642	S	248	43	291	0.00002
Paenibacillus sp. JZ16	1906272	S	223	65	288	0.00002
Paenibacillus sp. FSL R7-0331	1536773	S	219	50	269	0.00002
Paenibacillus sp. PAMC21692	2762320	S	214	191	405	0.00003
Paenibacillus sp. FSL H7-0357	1536774	S	201	33	234	0.00002
Paenibacillus sp. Y412MC10	481743	S	182	448	630	0.00004
Paenibacillus sp. HWE-109	1306526	S	177	19	196	0.00001
Paenibacillus sp. JNUCC-32	2777984	S	173	448	621	0.00004
Paenibacillus sp. CAA11	1532905	S	156	39	195	0.00001
Paenibacillus sp. YPG26	2878915	S	136	35	171	0.00001
Paenibacillus sp. FSL P4-0081	1536769	S	129	90	219	0.00001
Paenibacillus sp. FSL R5-0912	1536771	S	113	73	186	0.00001
Paenibacillus sp. 19GGS1-52	2758563	S	108	13	121	0.00001
Paenibacillus sp. DCT19	2211212	S	102	21	123	0.00001
Paenibacillus sp. 481	2835869	S	99	12	111	0.00001
Paenibacillus sp. IHB B 3084	867076	S	84	52	136	0.00001
Paenibacillus sp. JNUCC-31	2777983	S	80	26	106	0.00001
Paenibacillus sp. E222	2748863	S	61	25	86	0.00001
Paenibacillus sp. IHBB 10380	1566358	S	47	11	58	0.00000
Paenibacillus sp. N3/727	2925845	S	36	46	82	0.00001
Paenibacillus sp. FSL R5-0345	1536770	S	34	12	46	0.00000
Paenibacillus sp. FSL H7-0737	1536775	S	29	11	40	0.00000
Paenibacillus sp. M-152	2487928	S	22	356	378	0.00002
Paenibacillus sp. Cedars	1980674	S	19	115	134	0.00001
Paenibacillus sp. lzh-N1	2069255	S	16	279	295	0.00002
Paenibacillus sp. S02	2823904	S	11	92	103	0.00001
Paenibacillus mucilaginosus	61624	S	2371	200	2571	0.00017
Paenibacillus albicereus	2726185	S	1893	630	2523	0.00016
Paenibacillus lycopersici	2704462	S	1378	216	1594	0.00010
Paenibacillus cellulositrophicus	562959	S	771	97	868	0.00006
Paenibacillus rhizovicinus	2704463	S	766	129	895	0.00006
Paenibacillus konkukensis	2020716	S	708	95	803	0.00005
Paenibacillus macerans	44252	S	697	82	779	0.00005
Paenibacillus dendritiformis	130049	S	696	141	837	0.00005
Paenibacillus beijingensis	1126833	S	670	99	769	0.00005
Paenibacillus thiaminolyticus	49283	S	549	111	660	0.00004
Paenibacillus chitinolyticus	79263	S	534	83	617	0.00004
Paenibacillus stellifer	169760	S	469	103	572	0.00004
Paenibacillus durus	44251	S	458	193	651	0.00004
Paenibacillus ihbetae	1870820	S	422	74	496	0.00003
Paenibacillus cellulosilyticus	375489	S	383	63	446	0.00003
Paenibacillus xylanilyticus	248903	S	358	93	451	0.00003
Paenibacillus sabinae	365617	S	349	101	450	0.00003
Paenibacillus donghaensis	414771	S	317	41	358	0.00002
Paenibacillus polymyxa	1406	S	286	1202	1488	0.00010
Paenibacillus albus	2495582	S	286	50	336	0.00002
Paenibacillus riograndensis	483937	S	101	92	193	0.00001
Paenibacillus sonchi	373687	S	94	183	277	0.00002
Paenibacillus naphthalenovorans	162209	S	277	51	328	0.00002
Paenibacillus lautus	1401	S	266	347	613	0.00004
Paenibacillus protaetiae	2509456	S	264	51	315	0.00002
Paenibacillus azoreducens	116718	S	261	39	300	0.00002
Paenibacillus tritici	1873425	S	254	45	299	0.00002
Paenibacillus tianjinensis	2810347	S	239	49	288	0.00002
Paenibacillus sophorae	1333845	S	226	90	316	0.00002
Paenibacillus yonginensis	1462996	S	221	116	337	0.00002
Paenibacillus physcomitrellae	1619311	S	218	85	303	0.00002
Paenibacillus algicola	2565926	S	217	46	263	0.00002
Paenibacillus agaridevorans	171404	S	214	257	471	0.00003
Paenibacillus guangzhouensis	1473112	S	204	25	229	0.00001
Paenibacillus swuensis	1178515	S	204	38	242	0.00002
Paenibacillus borealis	160799	S	195	75	270	0.00002
Paenibacillus psychroresistens	1778678	S	156	11	167	0.00001
Paenibacillus jilunlii	682956	S	155	114	269	0.00002
Paenibacillus alvei	44250	S	152	25	177	0.00001
Paenibacillus graminis	189425	S	139	79	218	0.00001
Paenibacillus kribbensis	172713	S	129	55	184	0.00001
Paenibacillus lutimineralis	2707005	S	125	21	146	0.00001
Paenibacillus baekrokdamisoli	1712516	S	124	17	141	0.00001
Paenibacillus lentus	1338368	S	120	16	136	0.00001
Paenibacillus bovis	1616788	S	116	21	137	0.00001
Paenibacillus odorifer	189426	S	97	20	117	0.00001
Paenibacillus barcinonensis	198119	S	92	19	111	0.00001
Paenibacillus larvae	1464	S	82	10	92	0.00001
Paenibacillus crassostreae	1763538	S	76	16	92	0.00001
Paenibacillus pabuli	1472	S	74	30	104	0.00001
Paenibacillus brasilensis	128574	S	71	37	108	0.00001
Paenibacillus antarcticus	253703	S	67	13	80	0.00001
Paenibacillus uliginis	683737	S	53	60	113	0.00001
Paenibacillus terrae	159743	S	49	26	75	0.00000
Paenibacillus xylanexedens	528191	S	43	33	76	0.00000
Paenibacillus peoriae	59893	S	28	170	198	0.00001
Paenibacillus glucanolyticus	59843	S	22	139	161	0.00001
Brevibacillus marinus	2496837	S	870	193	1063	0.00007
Brevibacillus agri	51101	S	676	218	894	0.00006
Brevibacillus composti	2796470	S	583	189	772	0.00005
Brevibacillus sp. MMS20-4M-10-Y	2895522	S	365	67	432	0.00003
Brevibacillus sp. HD3.3A	2738979	S	58	266	324	0.00002
Brevibacillus sp. DP1.3A	2738867	S	46	46	92	0.00001
Brevibacillus brevis	1393	S	371	229	600	0.00004
Brevibacillus choshinensis	54911	S	365	112	477	0.00003
Brevibacillus laterosporus	1465	S	110	151	261	0.00002
Brevibacillus formosus	54913	S	60	59	119	0.00001
Brevibacillus parabrevis	54914	S	48	226	274	0.00002
Cohnella candidum	2674991	S	1076	171	1247	0.00008
Cohnella sp. LGH	1619153	S	728	284	1012	0.00007
Cohnella sp. MFER-1	2728023	S	337	51	388	0.00003
Cohnella cholangitidis	2598458	S	368	71	439	0.00003
Cohnella abietis	2507935	S	98	12	110	0.00001
Thermobacillus composti	377615	S	1933	333	2266	0.00015
Saccharibacillus brassicae	2583377	S	1231	187	1418	0.00009
Aneurinibacillus soli	1500254	S	197	268	465	0.00003
Bacillus sp. Y1	352858	S	1494	826	2320	0.00015
Bacillus sp. S3	486398	S	331	138	469	0.00003
Bacillus sp. 1NLA3E	666686	S	220	111	331	0.00002
Bacillus sp. OxB-1	98228	S	138	51	189	0.00001
Bacillus sp. FJAT-18017	1705566	S	138	53	191	0.00001
Bacillus sp. WP8	756828	S	116	219	335	0.00002
Bacillus sp. NSP9.1	1071078	S	114	13	127	0.00001
Bacillus sp. SB49	1071080	S	114	29	143	0.00001
Bacillus sp. FJAT-42376	2014076	S	108	58	166	0.00001
Bacillus sp. KH172YL63	2709784	S	105	53	158	0.00001
Bacillus sp. JY-23	2933872	S	94	52	146	0.00001
Bacillus sp. PAMC26568	2760090	S	68	10	78	0.00001
Bacillus sp. FJAT-22090	1581038	S	51	21	72	0.00000
Bacillus sp. M4U3P1	2592382	S	50	9	59	0.00000
Bacillus sp. THAF10	2587848	S	44	21	65	0.00000
Bacillus sp. N1-1	2682541	S	28	24	52	0.00000
Bacillus sp. Cs-700	2589818	S	27	25	52	0.00000
Bacillus velezensis	492670	S	237	6211	6448	0.00042
Bacillus amyloliquefaciens	1390	S	101	2866	2967	0.00019
Bacillus siamensis	659243	S	80	344	424	0.00003
Bacillus subtilis	1423	S	336	10190	10526	0.00069
Bacillus paralicheniformis	1648923	S	118	107	225	0.00001
Bacillus mojavensis	72360	S	48	84	132	0.00001
Bacillus halotolerans	260554	S	12	44	56	0.00000
Bacillus vallismortis	72361	S	65	111	176	0.00001
Bacillus atrophaeus	1452	S	62	135	197	0.00001
Bacillus tequilensis	227866	S	56	72	128	0.00001
Bacillus licheniformis	1402	S	18	304	322	0.00002
Bacillus inaquosorum	483913	S	10	128	138	0.00001
Bacillus cereus	1396	S	176	18088	18264	0.00119
Bacillus pseudomycoides	64104	S	148	93	241	0.00002
Bacillus thuringiensis	1428	S	119	6765	6884	0.00045
Bacillus mycoides	1405	S	99	206	305	0.00002
Bacillus cytotoxicus	580165	S	68	63	131	0.00001
Bacillus wiedmannii	1890302	S	24	53	77	0.00001
Bacillus anthracis	1392	S	13	149	162	0.00001
Bacillus luti	2026191	S	13	18	31	0.00000
Bacillus cabrialesii	2487276	S	291	403	694	0.00005
Bacillus glycinifermentans	1664069	S	274	129	403	0.00003
Bacillus safensis	561879	S	258	496	754	0.00005
[Brevibacterium] frigoritolerans	450367	S	210	118	328	0.00002
Bacillus dafuensis	1742359	S	163	86	249	0.00002
Bacillus infantis	324767	S	154	63	217	0.00001
Bacillus methanolicus	1471	S	130	100	230	0.00002
Bacillus badius	1455	S	121	72	193	0.00001
Bacillus pumilus	1408	S	121	155	276	0.00002
Bacillus gobiensis	1441095	S	116	50	166	0.00001
Bacillus altitudinis	293387	S	60	345	405	0.00003
Bacillus smithii	1479	S	65	59	124	0.00001
Bacillus fonticola	2728853	S	64	26	90	0.00001
Bacillus weihaiensis	1547283	S	62	31	93	0.00001
Bacillus aquiflavi	2672567	S	49	19	68	0.00000
Bacillus rugosus	2715209	S	40	58	98	0.00001
Bacillus shivajii	1983719	S	38	8	46	0.00000
Priestia megaterium	1404	S	4262	6303	10565	0.00069
Priestia filamentosa	1402861	S	355	66	421	0.00003
Priestia koreensis	284581	S	94	48	142	0.00001
Priestia aryabhattai	412384	S	88	746	834	0.00005
Priestia flexa	86664	S	85	39	124	0.00001
Metabacillus sediminilitoris	2567941	S	2123	1154	3277	0.00021
Metabacillus sp. KUDC1714	2745198	S	424	212	636	0.00004
Metabacillus sp. cB07	2806989	S	105	58	163	0.00001
Metabacillus sp. B2-18	2897333	S	32	61	93	0.00001
Metabacillus dongyingensis	2874282	S	239	124	363	0.00002
Metabacillus litoralis	152268	S	53	70	123	0.00001
Metabacillus endolithicus	1535204	S	40	65	105	0.00001
Geobacillus subterraneus	129338	S	487	465	952	0.00006
Geobacillus genomosp. 3	1921421	S	267	119	386	0.00003
Geobacillus stearothermophilus	1422	S	251	458	709	0.00005
Geobacillus sp. 46C-IIa	1963025	S	136	88	224	0.00001
Geobacillus sp. JS12	1813182	S	42	179	221	0.00001
Geobacillus sp. Y412MC52	550542	S	24	106	130	0.00001
Geobacillus thermocatenulatus	33938	S	86	118	204	0.00001
Geobacillus thermoleovorans	33941	S	27	389	416	0.00003
Geobacillus thermodenitrificans	33940	S	30	280	310	0.00002
Geobacillus zalihae	213419	S	22	198	220	0.00001
Hydrogenibacillus sp. N12	2866627	S	2092	406	2498	0.00016
Cytobacillus oceanisediminis	665099	S	1234	817	2051	0.00013
Cytobacillus gottheilii	859144	S	120	57	177	0.00001
Cytobacillus ciccensis	1670641	S	119	64	183	0.00001
Cytobacillus firmus	1399	S	107	70	177	0.00001
Cytobacillus sp. CY-G	2901381	S	78	40	118	0.00001
Cytobacillus kochii	859143	S	60	27	87	0.00001
Terribacillus goriensis	386490	S	1433	335	1768	0.00012
Terribacillus aidingensis	586416	S	76	18	94	0.00001
Anoxybacillus sediminis	2613334	S	859	305	1164	0.00008
Anoxybacillus amylolyticus	294699	S	96	29	125	0.00001
Anoxybacillus sp. PDR2	1636720	S	11	90	101	0.00001
Anoxybacillus caldiproteolyticus	247480	S	76	25	101	0.00001
Anoxybacillus flavithermus	33934	S	75	81	156	0.00001
Anoxybacillus kamchatkensis	196180	S	11	69	80	0.00001
Mesobacillus foraminis	279826	S	872	338	1210	0.00008
Mesobacillus sp. S13	2880221	S	144	85	229	0.00001
Mesobacillus jeotgali	129985	S	134	71	205	0.00001
Peribacillus asahii	228899	S	337	248	585	0.00004
Peribacillus simplex	1478	S	189	173	362	0.00002
Peribacillus butanolivorans	421767	S	121	62	183	0.00001
Peribacillus muralis	264697	S	75	26	101	0.00001
Peribacillus psychrosaccharolyticus	1407	S	59	30	89	0.00001
Parageobacillus caldoxylosilyticus	81408	S	139	80	219	0.00001
Parageobacillus genomosp. 1	1295642	S	116	56	172	0.00001
Parageobacillus thermoglucosidasius	1426	S	115	83	198	0.00001
Parageobacillus sp. KH3-4	2916802	S	106	61	167	0.00001
Parageobacillus toebii	153151	S	81	89	170	0.00001
Neobacillus drentensis	220684	S	362	230	592	0.00004
Neobacillus mesonae	1193713	S	230	112	342	0.00002
Lysinibacillus sp. SGAir0095	2070463	S	56	34	90	0.00001
Lysinibacillus sp. PLM2	2929796	S	31	18	49	0.00000
Lysinibacillus sp. CD3-6	2892541	S	28	14	42	0.00000
Lysinibacillus sp. 2017	2169540	S	18	12	30	0.00000
Lysinibacillus sp. Ag94	2936682	S	15	1	16	0.00000
Lysinibacillus sp. YS11	2072025	S	12	21	33	0.00000
Lysinibacillus fusiformis	28031	S	53	46	99	0.00001
Lysinibacillus sphaericus	1421	S	40	43	83	0.00001
Lysinibacillus timonensis	2086577	S	30	22	52	0.00000
Lysinibacillus parviboronicapiens	436516	S	26	12	38	0.00000
Lysinibacillus agricola	2590012	S	20	7	27	0.00000
Rossellomorea marisflavi	189381	S	284	159	443	0.00003
Rossellomorea vietnamensis	218284	S	101	57	158	0.00001
Niallia sp. Man26	2912824	S	228	75	303	0.00002
Niallia circulans	1397	S	150	62	212	0.00001
Salicibibacter halophilus	2502791	S	118	34	152	0.00001
Salicibibacter kimchii	2099786	S	92	11	103	0.00001
Salicibibacter cibarius	2743000	S	60	15	75	0.00000
Salicibibacter cibi	2743001	S	54	9	63	0.00000
Alkalihalobacillus clausii	79880	S	207	56	263	0.00002
Alkalihalobacillus krulwichiae	199441	S	48	21	69	0.00000
Alkalihalobacillus sp. LMS39	2924032	S	44	14	58	0.00000
Alkalihalobacillus lehensis	300825	S	33	12	45	0.00000
Alkalihalobacillus miscanthi	2598861	S	24	9	33	0.00000
Virgibacillus sp. NKC19-16	2831673	S	45	5	50	0.00000
Virgibacillus sp. Bac332	2419842	S	36	6	42	0.00000
Virgibacillus sp. MSP4-1	2700081	S	32	9	41	0.00000
Virgibacillus sp. Bac330	2419841	S	19	36	55	0.00000
Virgibacillus sp. SK37	403957	S	16	27	43	0.00000
Virgibacillus necropolis	163877	S	44	9	53	0.00000
Virgibacillus phasianinus	2017483	S	39	8	47	0.00000
Virgibacillus halodenitrificans	1482	S	19	22	41	0.00000
Weizmannia coagulans	1398	S	328	244	572	0.00004
Salisediminibacterium selenitireducens	85683	S	176	38	214	0.00001
Salisediminibacterium beveridgei	632773	S	117	25	142	0.00001
Halobacillus sp. SSBR10-3	2932257	S	56	10	66	0.00000
Halobacillus sp. SSHM10-5	2932259	S	55	13	68	0.00000
Halobacillus sp. SSTM10-2	2932258	S	45	10	55	0.00000
Halobacillus litoralis	45668	S	46	10	56	0.00000
Halobacillus mangrovi	402384	S	45	9	54	0.00000
Halobacillus halophilus	1570	S	43	8	51	0.00000
Fictibacillus arsenicus	255247	S	132	35	167	0.00001
Fictibacillus phosphorivorans	1221500	S	68	17	85	0.00001
Sutcliffiella horikoshii	79883	S	102	40	142	0.00001
Sutcliffiella cohnii	33932	S	50	31	81	0.00001
Gracilibacillus sp. SSWR10-1	2932256	S	42	9	51	0.00000
Gracilibacillus sp. SSPM10-3	2932255	S	31	7	38	0.00000
Gracilibacillus salitolerans	2663022	S	60	8	68	0.00000
Oceanobacillus kimchii	746691	S	50	9	59	0.00000
Oceanobacillus zhaokaii	2052660	S	47	13	60	0.00000
Oceanobacillus iheyensis	182710	S	29	10	39	0.00000
Heyndrickxia vini	1476025	S	63	26	89	0.00001
Heyndrickxia oleronia	38875	S	62	34	96	0.00001
Lentibacillus sp. CBA3610	2518176	S	68	6	74	0.00000
Lentibacillus amyloliquefaciens	1472767	S	46	7	53	0.00000
Caldalkalibacillus thermarum	296745	S	115	32	147	0.00001
Salimicrobium jeotgali	1230341	S	108	24	132	0.00001
Gottfriedia acidiceleris	371036	S	94	40	134	0.00001
Psychrobacillus sp. INOP01	2829187	S	38	18	56	0.00000
Psychrobacillus glaciei	2283160	S	44	22	66	0.00000
Pontibacillus sp. HMF3514	2692425	S	53	12	65	0.00000
Pontibacillus sp. ALD_SL1	2777185	S	32	6	38	0.00000
Caldibacillus thermoamylovorans	35841	S	80	43	123	0.00001
Halalkalibacterium halodurans	86665	S	79	68	147	0.00001
Sediminibacillus sp. DP4-553-S	2729421	S	69	17	86	0.00001
Lederbergia lenta	1467	S	60	22	82	0.00001
Radiobacillus sp. 80	2844358	S	35	10	45	0.00000
Radiobacillus deserti	2594883	S	20	5	25	0.00000
Pradoshia sp. D12	2651284	S	51	22	73	0.00000
Anaerobacillus isosaccharinicus	1532552	S	51	17	68	0.00000
Aeribacillus pallidus	33936	S	51	41	92	0.00001
Evansella cellulosilytica	1413	S	49	10	59	0.00000
Alkalihalophilus pseudofirmus	79885	S	42	11	53	0.00000
Mangrovibacillus cuniculi	2593652	S	39	30	69	0.00000
Paraliobacillus zengyii	2213194	S	25	6	31	0.00000
Amphibacillus xylanus	1449	S	23	6	29	0.00000
Alicyclobacillus acidocaldarius	405212	S	2302	264	2566	0.00017
Alicyclobacillus acidoterrestris	1450	S	295	63	358	0.00002
Alicyclobacillus mengziensis	2931921	S	284	26	310	0.00002
Alicyclobacillus sp. SO9	2665646	S	190	17	207	0.00001
Alicyclobacillus sp. TC	2606450	S	62	9	71	0.00000
Tumebacillus avium	1903704	S	1454	809	2263	0.00015
Tumebacillus algifaecis	1214604	S	570	268	838	0.00005
Kyrpidia spormannii	2055160	S	341	206	547	0.00004
Kyrpidia tusciae	33943	S	214	182	396	0.00003
Effusibacillus dendaii	2743772	S	154	27	181	0.00001
Kroppenstedtia eburnea	714067	S	430	63	493	0.00003
Kroppenstedtia pulmonis	1380685	S	112	12	124	0.00001
Staphylospora marina	2490858	S	522	127	649	0.00004
Novibacillus thermophilus	1471761	S	317	62	379	0.00002
Polycladomyces abyssicola	1125966	S	292	41	333	0.00002
Laceyella sacchari	37482	S	238	82	320	0.00002
Thermoactinomyces vulgaris	2026	S	141	42	183	0.00001
Planococcus sp. MB-3u-03	2058136	S	99	87	186	0.00001
Planococcus sp. 107-1	2908840	S	84	51	135	0.00001
Planococcus plakortidis	1038856	S	173	140	313	0.00002
Planococcus glaciei	459472	S	129	55	184	0.00001
Planococcus maritimus	192421	S	127	76	203	0.00001
Planococcus lenghuensis	2213202	S	122	38	160	0.00001
Planococcus rifietoensis	200991	S	107	99	206	0.00001
Planococcus massiliensis	1499687	S	87	25	112	0.00001
Planococcus halotolerans	2233542	S	72	33	105	0.00001
Planococcus antarcticus	161360	S	47	21	68	0.00000
Planococcus halocryophilus	1215089	S	27	19	46	0.00000
Planococcus versutus	1302659	S	20	12	32	0.00000
Planococcus donghaensis	414778	S	18	14	32	0.00000
Sporosarcina sp. Te-1	2818390	S	74	25	99	0.00001
Sporosarcina sp. Marseille-Q4063	2810514	S	24	6	30	0.00000
Sporosarcina sp. PTS2304	2283194	S	18	7	25	0.00000
Sporosarcina sp. resist	2762563	S	11	31	42	0.00000
Sporosarcina sp. P37	1930546	S	10	56	66	0.00000
Sporosarcina ureae	1571	S	113	45	158	0.00001
Sporosarcina pasteurii	1474	S	18	7	25	0.00000
Sporosarcina psychrophila	1476	S	10	34	44	0.00000
Sporosarcina ureilytica	298596	S	10	4	14	0.00000
Solibacillus silvestris	76853	S	46	27	73	0.00000
Solibacillus sp. R5-41	2048654	S	22	15	37	0.00000
Ureibacillus thermophilus	367743	S	33	28	61	0.00000
Ureibacillus thermosphaericus	51173	S	30	56	86	0.00001
Jeotgalibacillus malaysiensis	1508404	S	52	25	77	0.00001
Kurthia sp. 11kri321	1750719	S	26	22	48	0.00000
Paenisporosarcina antarctica	417367	S	22	10	32	0.00000
Paenisporosarcina cavernae	2320858	S	15	13	28	0.00000
Rummeliibacillus stabekisii	241244	S	31	22	53	0.00000
Viridibacillus sp. JNUCC-6	2779527	S	17	9	26	0.00000
Exiguobacterium alkaliphilum	1428684	S	318	147	465	0.00003
Exiguobacterium sp. N4-1P	2051906	S	54	46	100	0.00001
Exiguobacterium sp. Helios	2735868	S	50	27	77	0.00001
Exiguobacterium sp. AT1b	360911	S	34	56	90	0.00001
Exiguobacterium sp. MH3	1399115	S	25	36	61	0.00000
Exiguobacterium sp. PFWT01	2829816	S	25	42	67	0.00000
Exiguobacterium mexicanum	340146	S	242	123	365	0.00002
Exiguobacterium acetylicum	41170	S	90	156	246	0.00002
Exiguobacterium sibiricum	332410	S	60	34	94	0.00001
Exiguobacterium antarcticum	132920	S	49	23	72	0.00000
Gemella sp. zg-570	2840371	S	11	9	20	0.00000
Staphylococcus aureus	1280	S	96	3094	3190	0.00021
Staphylococcus pseudintermedius	283734	S	43	52	95	0.00001
Staphylococcus delphini	53344	S	16	15	31	0.00000
Staphylococcus epidermidis	1282	S	43	48	91	0.00001
Staphylococcus sp. CCM 9025	2892440	S	13	8	21	0.00000
Staphylococcus capitis	29388	S	24	31	55	0.00000
Staphylococcus haemolyticus	1283	S	19	26	45	0.00000
Staphylococcus carnosus	1281	S	18	100	118	0.00001
Staphylococcus hominis	1290	S	15	12	27	0.00000
Staphylococcus piscifermentans	70258	S	15	8	23	0.00000
Staphylococcus lugdunensis	28035	S	15	9	24	0.00000
Staphylococcus schleiferi	1295	S	15	29	44	0.00000
Staphylococcus pseudoxylosus	2282419	S	12	8	20	0.00000
Staphylococcus chromogenes	46126	S	12	7	19	0.00000
Staphylococcus saprophyticus	29385	S	11	7	18	0.00000
Staphylococcus pasteuri	45972	S	11	11	22	0.00000
Staphylococcus muscae	1294	S	10	6	16	0.00000
Macrococcus brunensis	198483	S	19	8	27	0.00000
Macrococcus canis	1855823	S	11	7	18	0.00000
Macrococcus armenti	2875764	S	11	7	18	0.00000
Macrococcus caseolyticus	69966	S	10	34	44	0.00000
Jeotgalicoccus saudimassiliensis	1461582	S	50	11	61	0.00000
Jeotgalicoccus sp. WY2	2708346	S	12	3	15	0.00000
Salinicoccus halodurans	407035	S	56	23	79	0.00001
Mammaliicoccus sciuri	1296	S	15	12	27	0.00000
Mammaliicoccus vitulinus	71237	S	13	8	21	0.00000
Nosocomiicoccus ampullae	489910	S	23	5	28	0.00000
Abyssicoccus albus	1817405	S	11	4	15	0.00000
Listeria monocytogenes	1639	S	59	1623	1682	0.00011
Listeria weihenstephanensis	1006155	S	36	11	47	0.00000
Listeria ivanovii	1638	S	26	5	31	0.00000
Listeria innocua	1642	S	24	28	52	0.00000
Listeria grayi	1641	S	22	9	31	0.00000
Listeria sp. PSOL-1	1844999	S	16	6	22	0.00000
Listeria marthii	529731	S	12	6	18	0.00000
Listeria seeligeri	1640	S	10	7	17	0.00000
Listeria welshimeri	1643	S	10	8	18	0.00000
Brochothrix thermosphacta	2756	S	28	12	40	0.00000
Sporolactobacillus terrae	269673	S	106	21	127	0.00001
Limosilactobacillus fermentum	1613	S	170	157	327	0.00002
Limosilactobacillus pontis	35787	S	166	118	284	0.00002
Limosilactobacillus mucosae	97478	S	80	36	116	0.00001
Limosilactobacillus reuteri	1598	S	45	51	96	0.00001
Limosilactobacillus panis	47493	S	39	20	59	0.00000
Limosilactobacillus frumenti	104955	S	16	8	24	0.00000
Limosilactobacillus gastricus	227942	S	11	5	16	0.00000
Levilactobacillus zymae	267363	S	184	71	255	0.00002
Levilactobacillus brevis	1580	S	108	45	153	0.00001
Levilactobacillus koreensis	637971	S	59	11	70	0.00000
Levilactobacillus suantsaii	2292255	S	59	26	85	0.00001
Lactobacillus delbrueckii	1584	S	207	600	807	0.00005
Lactobacillus amylovorus	1604	S	21	48	69	0.00000
Lactobacillus panisapium	2012495	S	18	4	22	0.00000
Lactobacillus jensenii	109790	S	16	6	22	0.00000
Lactobacillus crispatus	47770	S	13	10	23	0.00000
Lactobacillus johnsonii	33959	S	10	9	19	0.00000
Lacticaseibacillus casei	1582	S	88	40	128	0.00001
Lacticaseibacillus rhamnosus	47715	S	64	41	105	0.00001
Lacticaseibacillus manihotivorans	88233	S	46	17	63	0.00000
Lacticaseibacillus zeae	57037	S	37	21	58	0.00000
Lacticaseibacillus chiayiensis	2100821	S	36	8	44	0.00000
Lacticaseibacillus paracasei	1597	S	29	97	126	0.00001
Schleiferilactobacillus harbinensis	304207	S	189	26	215	0.00001
Lactiplantibacillus pentosus	1589	S	69	24	93	0.00001
Lactiplantibacillus plantarum	1590	S	50	61	111	0.00001
Lactiplantibacillus paraplantarum	60520	S	19	6	25	0.00000
Ligilactobacillus ruminis	1623	S	52	24	76	0.00000
Ligilactobacillus salivarius	1624	S	20	20	40	0.00000
Ligilactobacillus murinus	1622	S	17	19	36	0.00000
Ligilactobacillus agilis	1601	S	12	10	22	0.00000
Ligilactobacillus saerimneri	228229	S	11	18	29	0.00000
Leuconostoc lactis	1246	S	32	54	86	0.00001
Leuconostoc mesenteroides	1245	S	13	13	26	0.00000
Leuconostoc gelidum	1244	S	11	2	13	0.00000
Weissella confusa	1583	S	24	23	47	0.00000
Weissella cibaria	137591	S	19	17	36	0.00000
Weissella coleopterorum	2714949	S	13	7	20	0.00000
Weissella soli	155866	S	12	4	16	0.00000
Lentilactobacillus buchneri	1581	S	40	17	57	0.00000
Lentilactobacillus parabuchneri	152331	S	24	9	33	0.00000
Lentilactobacillus hilgardii	1588	S	18	5	23	0.00000
Lentilactobacillus curieae	1138822	S	13	3	16	0.00000
Oenococcus kitaharae	336988	S	51	5	56	0.00000
Oenococcus oeni	1247	S	10	4	14	0.00000
Oenococcus sicerae	2203724	S	10	0	10	0.00000
Secundilactobacillus paracollinoides	240427	S	66	27	93	0.00001
Loigolactobacillus coryniformis	1610	S	27	34	61	0.00000
Loigolactobacillus backii	375175	S	16	9	25	0.00000
Loigolactobacillus bifermentans	1607	S	11	3	14	0.00000
Pediococcus acidilactici	1254	S	23	14	37	0.00000
Pediococcus pentosaceus	1255	S	12	12	24	0.00000
Pediococcus damnosus	51663	S	12	7	19	0.00000
Latilactobacillus curvatus	28038	S	18	12	30	0.00000
Latilactobacillus sakei	1599	S	15	8	23	0.00000
Furfurilactobacillus rossiae	231049	S	35	7	42	0.00000
Liquorilactobacillus nagelii	82688	S	19	7	26	0.00000
Paucilactobacillus hokkaidonensis	1193095	S	12	8	20	0.00000
Periweissella cryptocerci	2506420	S	17	2	19	0.00000
Amylolactobacillus amylophilus	1603	S	16	18	34	0.00000
Acetilactobacillus jinshanensis	1720083	S	11	0	11	0.00000
Streptococcus sp. HKU75	2781599	S	21	8	29	0.00000
Streptococcus suis	1307	S	62	207	269	0.00002
Streptococcus oralis	1303	S	52	113	165	0.00001
Streptococcus sanguinis	1305	S	49	22	71	0.00000
Streptococcus gordonii	1302	S	26	13	39	0.00000
Streptococcus cristatus	45634	S	26	48	74	0.00000
Streptococcus equi	1336	S	19	4	23	0.00000
Streptococcus sobrinus	1310	S	24	5	29	0.00000
Streptococcus ferus	1345	S	24	6	30	0.00000
Streptococcus respiraculi	2021971	S	20	6	26	0.00000
Streptococcus agalactiae	1311	S	19	374	393	0.00003
Streptococcus urinalis	149016	S	18	13	31	0.00000
Streptococcus pneumoniae	1313	S	16	17	33	0.00000
Streptococcus pantholopis	1811193	S	16	2	18	0.00000
Streptococcus merionis	400065	S	16	2	18	0.00000
Streptococcus pyogenes	1314	S	15	269	284	0.00002
Streptococcus thermophilus	1308	S	14	15	29	0.00000
Streptococcus salivarius	1304	S	13	21	34	0.00000
Streptococcus chenjunshii	2173853	S	13	1	14	0.00000
Streptococcus infantis	68892	S	12	6	18	0.00000
Streptococcus halichoeri	254785	S	12	22	34	0.00000
Streptococcus mitis	28037	S	11	14	25	0.00000
Streptococcus parasuis	1501662	S	10	27	37	0.00000
Lactococcus garvieae	1363	S	287	308	595	0.00004
Lactococcus cremoris	1359	S	32	42	74	0.00000
Lactococcus raffinolactis	1366	S	29	17	46	0.00000
Lactococcus lactis	1358	S	16	21	37	0.00000
Lactococcus allomyrinae	2419773	S	12	2	14	0.00000
Floricoccus penangensis	1859475	S	15	5	20	0.00000
Enterococcus avium	33945	S	39	31	70	0.00000
Enterococcus faecalis	1351	S	35	50	85	0.00001
Enterococcus mundtii	53346	S	26	15	41	0.00000
Enterococcus raffinosus	71452	S	26	21	47	0.00000
Enterococcus gilvus	160453	S	26	15	41	0.00000
Enterococcus hirae	1354	S	24	27	51	0.00000
Enterococcus casseliflavus	37734	S	24	109	133	0.00001
Enterococcus wangshanyuanii	2005703	S	16	2	18	0.00000
Enterococcus saigonensis	1805431	S	12	24	36	0.00000
Enterococcus durans	53345	S	12	17	29	0.00000
Enterococcus rotai	118060	S	11	0	11	0.00000
Enterococcus faecium	1352	S	10	100	110	0.00001
Vagococcus lutrae	81947	S	21	54	75	0.00000
Vagococcus hydrophili	2714947	S	13	8	21	0.00000
Vagococcus coleopterorum	2714946	S	12	6	18	0.00000
Tetragenococcus koreensis	290335	S	25	20	45	0.00000
Tetragenococcus halophilus	51669	S	10	8	18	0.00000
Aerococcus sanguinicola	119206	S	52	15	67	0.00000
Aerococcus urinae	1376	S	18	6	24	0.00000
Aerococcus urinaeequi	51665	S	13	89	102	0.00001
Aerococcus urinaehominis	128944	S	13	3	16	0.00000
Aerococcus christensenii	87541	S	12	24	36	0.00000
Abiotrophia defectiva	46125	S	32	12	44	0.00000
Suicoccus acidiformans	2036206	S	21	18	39	0.00000
Ignavigranum ruoffiae	89093	S	10	1	11	0.00000
Carnobacterium divergens	2748	S	20	6	26	0.00000
Carnobacterium inhibens	147709	S	13	12	25	0.00000
Jeotgalibaca porci	1868793	S	20	25	45	0.00000
Jeotgalibaca dankookensis	708126	S	17	8	25	0.00000
Dolosigranulum pigrum	29394	S	37	14	51	0.00000
Granulicatella adiacens	46124	S	11	7	18	0.00000
Marinilactibacillus sp. 15R	1911586	S	12	6	18	0.00000
Thermaerobacter sp. FW80	2546351	S	3275	769	4044	0.00026
Thermaerobacter sp. PB12/4term	2293838	S	2384	657	3041	0.00020
Thermaerobacter marianensis	73919	S	2666	727	3393	0.00022
Intestinimonas butyriciproducens	1297617	S	580	277	857	0.00006
Flintibacter sp. KGMB00164	2610895	S	328	46	374	0.00002
Aminipila luticellarii	2507160	S	83	9	92	0.00001
Aminipila terrae	2697030	S	68	7	75	0.00000
Aminipila butyrica	433296	S	36	3	39	0.00000
Emergencia timonensis	1776384	S	101	46	147	0.00001
Mogibacterium pumilum	86332	S	16	15	31	0.00000
Massilistercora timonensis	2086584	S	187	232	419	0.00003
Carboxydocella thermautotrophica	178899	S	146	18	164	0.00001
Fenollaria massiliensis	938288	S	11	16	27	0.00000
Faecalibacterium prausnitzii	853	S	1683	1956	3639	0.00024
Dysosmobacter sp. Marseille-Q4140	2830675	S	757	377	1134	0.00007
Dysosmobacter welbionis	2093857	S	488	392	880	0.00006
Flavonifractor plautii	292800	S	1157	355	1512	0.00010
Ethanoligenens harbinense	253239	S	574	36	610	0.00004
Vescimonas coprocola	2714355	S	319	331	650	0.00004
Vescimonas fastidiosa	2714353	S	195	372	567	0.00004
Ruthenibacterium lactatiformans	1550024	S	500	180	680	0.00004
Anaerotruncus colihominis	169435	S	464	287	751	0.00005
Oscillibacter sp. NSJ-62	2763056	S	400	154	554	0.00004
Caproiciproducens sp. NJN-50	2507162	S	385	57	442	0.00003
Acutalibacter muris	1796620	S	352	20	372	0.00002
Pusillibacter faecalis	2714358	S	263	221	484	0.00003
Caproicibacter fermentans	2576756	S	252	17	269	0.00002
Ruminococcus champanellensis	1161942	S	142	15	157	0.00001
Ruminococcus albus	1264	S	45	2	47	0.00000
Ruminococcus bovis	2564099	S	23	4	27	0.00000
Ruminococcus bicirculans	1160721	S	18	5	23	0.00000
Solibaculum mannosilyticum	2780922	S	159	184	343	0.00002
Caproicibacterium amylolyticum	2766537	S	78	5	83	0.00001
Caproicibacterium lactatifermentans	2666138	S	57	6	63	0.00000
Acetivibrio thermocellus	1515	S	51	0	51	0.00000
Acetivibrio clariflavus	288965	S	37	31	68	0.00000
Acetivibrio saccincola	1677857	S	31	26	57	0.00000
Pseudoclostridium thermosuccinogenes	84032	S	55	15	70	0.00000
Thermoclostridium stercorarium	1510	S	43	0	43	0.00000
Ruminiclostridium cellulolyticum	1521	S	21	5	26	0.00000
Ruminiclostridium herbifermentans	2488810	S	14	3	17	0.00000
Mageeibacillus indolicus	884684	S	24	42	66	0.00000
Fastidiosipila sanguinis	236753	S	24	18	42	0.00000
Monoglobus pectinilyticus	1981510	S	23	14	37	0.00000
Symbiobacterium thermophilum	2734	S	3596	394	3990	0.00026
Lachnoclostridium phocaeense	1871021	S	162	171	333	0.00002
[Clostridium] hylemonae	89153	S	142	48	190	0.00001
[Clostridium] scindens	29347	S	137	70	207	0.00001
Lachnoclostridium sp. YL32	1834196	S	34	53	87	0.00001
Lachnoclostridium phytofermentans	66219	S	12	0	12	0.00000
Blautia producta	33035	S	110	22	132	0.00001
Blautia sp. NBRC 113351	2877527	S	61	81	142	0.00001
Blautia sp. SC05B48	2479767	S	13	36	49	0.00000
Blautia pseudococcoides	1796616	S	64	9	73	0.00000
Blautia liquoris	2779518	S	43	3	46	0.00000
Blautia obeum	40520	S	29	31	60	0.00000
Blautia argi	1912897	S	17	18	35	0.00000
Blautia massiliensis	1737424	S	16	33	49	0.00000
Lachnospiraceae bacterium NSJ-29	2763667	S	99	37	136	0.00001
Lachnospiraceae bacterium NSJ-38	2763669	S	74	36	110	0.00001
Lachnospiraceae bacterium sunii NSJ-8	2763672	S	49	45	94	0.00001
Lachnospiraceae bacterium NSJ-4	2763670	S	26	30	56	0.00000
Anaerocolumna cellulosilytica	433286	S	96	5	101	0.00001
Anaerocolumna sedimenticola	2696063	S	88	7	95	0.00001
Anaerocolumna chitinilytica	1727145	S	46	2	48	0.00000
Roseburia hominis	301301	S	137	177	314	0.00002
Roseburia intestinalis	166486	S	37	61	98	0.00001
Roseburia sp. NSJ-69	2763062	S	21	8	29	0.00000
Enterocloster bolteae	208479	S	165	59	224	0.00001
Enterocloster clostridioformis	1531	S	25	75	100	0.00001
Anaerostipes caccae	105841	S	75	19	94	0.00001
Anaerostipes rhamnosivorans	1229621	S	70	37	107	0.00001
Anaerostipes hadrus	649756	S	17	20	37	0.00000
Coprococcus comes	410072	S	70	92	162	0.00001
Coprococcus catus	116085	S	42	28	70	0.00000
Coprococcus sp. ART55/1	751585	S	12	15	27	0.00000
Coprococcus eutactus	33043	S	10	14	24	0.00000
Lacrimispora sphenoides	29370	S	53	5	58	0.00000
Lacrimispora saccharolytica	84030	S	52	9	61	0.00000
Butyrivibrio fibrisolvens	831	S	46	17	63	0.00000
Butyrivibrio proteoclasticus	43305	S	18	6	24	0.00000
Butyrivibrio hungatei	185008	S	13	4	17	0.00000
[Ruminococcus] gnavus	33038	S	39	52	91	0.00001
[Ruminococcus] torques	33039	S	25	25	50	0.00000
Anaerotignum propionicum	28446	S	63	8	71	0.00000
Sellimonas intestinalis	1653434	S	55	38	93	0.00001
Novisyntrophococcus fermenticellae	2068655	S	32	5	37	0.00000
Lachnospira eligens	39485	S	30	6	36	0.00000
Anaerobutyricum hallii	39488	S	30	12	42	0.00000
Dorea longicatena	88431	S	23	25	48	0.00000
[Clostridium] colinum	36835	S	21	2	23	0.00000
Faecalicatena sp. Marseille-Q4148	2823316	S	21	12	33	0.00000
Pseudobutyrivibrio xylanivorans	185007	S	19	1	20	0.00000
Herbinix luporum	1679721	S	17	13	30	0.00000
Lachnoanaerobaculum umeaense	617123	S	17	6	23	0.00000
Clostridium sp. SY8519	1042156	S	95	34	129	0.00001
Clostridium sp. M62/1	411486	S	86	131	217	0.00001
Clostridium sp. DL-VIII	641107	S	49	10	59	0.00000
Clostridium sp. C5S11	704125	S	30	4	34	0.00000
Clostridium sp. JN-1	2483110	S	26	4	30	0.00000
Clostridium sp. BNL1100	755731	S	24	2	26	0.00000
Clostridium sp. JN-9	2507159	S	24	4	28	0.00000
Clostridium sp. 'deep sea'	2779445	S	19	0	19	0.00000
Clostridium sp. C1	1155388	S	16	19	35	0.00000
Clostridium sp. MD294	97138	S	12	1	13	0.00000
Clostridium sp. BJN0001	2930219	S	12	3	15	0.00000
Clostridium sp. AWRP	2212991	S	11	8	19	0.00000
Clostridium tetani	1513	S	297	46	343	0.00002
Clostridium perfringens	1502	S	69	23	92	0.00001
Clostridium pasteurianum	1501	S	69	13	82	0.00001
Clostridium kluyveri	1534	S	54	4	58	0.00000
Clostridium botulinum	1491	S	48	41	89	0.00001
Clostridium baratii	1561	S	47	14	61	0.00000
Clostridium saccharoperbutylacetonicum	36745	S	46	9	55	0.00000
Clostridium thermarum	1716543	S	44	31	75	0.00000
Clostridium intestinale	36845	S	35	5	40	0.00000
Clostridium estertheticum	238834	S	34	8	42	0.00000
Clostridium sporogenes	1509	S	32	196	228	0.00001
Clostridium argentinense	29341	S	32	5	37	0.00000
Clostridium beijerinckii	1520	S	31	64	95	0.00001
Clostridium cellulovorans	1493	S	30	5	35	0.00000
Clostridium formicaceticum	1497	S	27	6	33	0.00000
Clostridium tyrobutyricum	1519	S	26	2	28	0.00000
Clostridium butyricum	1492	S	23	5	28	0.00000
Clostridium manihotivorum	2320868	S	22	2	24	0.00000
Clostridium carboxidivorans	217159	S	21	6	27	0.00000
Clostridium fermenticellae	2068654	S	18	2	20	0.00000
Clostridium aceticum	84022	S	17	2	19	0.00000
Clostridium drakei	332101	S	17	13	30	0.00000
Clostridium cadaveris	1529	S	17	5	22	0.00000
Clostridium bornimense	1216932	S	15	5	20	0.00000
Clostridium gasigenes	94869	S	14	3	17	0.00000
Clostridium diolis	223919	S	13	171	184	0.00001
Clostridium saccharobutylicum	169679	S	13	3	16	0.00000
Clostridium acetobutylicum	1488	S	11	0	11	0.00000
Clostridium isatidis	182773	S	11	6	17	0.00000
Clostridium chauvoei	46867	S	10	3	13	0.00000
Hungatella hathewayi	154046	S	175	8	183	0.00001
Alkaliphilus sp. B6464	2731219	S	29	10	39	0.00000
Alkaliphilus oremlandii	461876	S	23	8	31	0.00000
Alkaliphilus metalliredigens	208226	S	19	4	23	0.00000
Crassaminicella thermophila	2599308	S	39	14	53	0.00000
Crassaminicella profunda	1286698	S	21	5	26	0.00000
Crassaminicella sp. 143-21	2855394	S	13	6	19	0.00000
Geosporobacter ferrireducens	1424294	S	56	11	67	0.00000
Caloramator sp. E03	2576307	S	46	5	51	0.00000
Paraclostridium bifermentans	1490	S	33	11	44	0.00000
Serpentinicella alkaliphila	1734049	S	17	3	20	0.00000
Hathewaya histolytica	1498	S	14	5	19	0.00000
Candidatus Desulforudis audaxviator	471827	S	1029	80	1109	0.00007
Desulforamulus ruminis	1564	S	183	41	224	0.00001
Desulforamulus ferrireducens	1833852	S	108	86	194	0.00001
Desulforamulus reducens	59610	S	63	20	83	0.00001
Acididesulfobacillus acetoxydans	1561005	S	259	13	272	0.00002
Candidatus Formimonas warabiya	1761012	S	247	26	273	0.00002
Thermanaerosceptrum fracticalcis	1712410	S	122	23	145	0.00001
Desulfofarcimen acetoxidans	58138	S	114	18	132	0.00001
Dehalobacterium formicoaceticum	51515	S	74	18	92	0.00001
Christensenella sp. Marseille-P3954	2086585	S	853	548	1401	0.00009
Christensenella minuta	626937	S	259	86	345	0.00002
Heliomicrobium modesticaldum	35701	S	888	461	1349	0.00009
Heliorestis convoluta	356322	S	41	3	44	0.00000
Eubacterium limosum	1736	S	131	160	291	0.00002
Eubacterium sp. c-25	2841037	S	26	16	42	0.00000
Eubacterium sp. MSJ-33	2841528	S	25	18	43	0.00000
Eubacterium sp. NSJ-61	2764325	S	12	23	35	0.00000
Eubacterium callanderi	53442	S	58	55	113	0.00001
Eubacterium maltosivorans	2041044	S	30	156	186	0.00001
Acetobacterium sp. KB-1	2184575	S	132	44	176	0.00001
Acetobacterium wieringae	52694	S	69	45	114	0.00001
Acetobacterium woodii	33952	S	35	7	42	0.00000
Alkalibacter sp. ES005	2815577	S	97	7	104	0.00001
Desulfitobacterium hafniense	49338	S	134	31	165	0.00001
Desulfitobacterium dehalogenans	36854	S	46	14	60	0.00000
Desulfitobacterium metallireducens	142877	S	35	9	44	0.00000
Desulfitobacterium dichloroeliminans	233055	S	35	40	75	0.00000
Desulfosporosinus youngiae	339862	S	70	28	98	0.00001
Desulfosporosinus orientis	1563	S	68	19	87	0.00001
Desulfosporosinus acidiphilus	885581	S	60	15	75	0.00000
Desulfosporosinus meridiei	79209	S	34	17	51	0.00000
Dehalobacter restrictus	55583	S	44	65	109	0.00001
Syntrophobotulus glycolicus	51197	S	77	6	83	0.00001
Syntrophothermus lipocalidus	86170	S	222	19	241	0.00002
Syntrophomonas wolfei	863	S	71	11	82	0.00001
Candidatus Contubernalis alkalaceticum	338645	S	68	4	72	0.00000
Candidatus Syntrophocurvum alkaliphilum	2293317	S	16	3	19	0.00000
Clostridioides difficile	1496	S	44	1580	1624	0.00011
Peptoclostridium acidaminophilum	1731	S	57	11	68	0.00000
Terrisporobacter sp. MCA3	2813371	S	44	7	51	0.00000
Filifactor alocis	143361	S	32	57	89	0.00001
Romboutsia sp. CE17	2724150	S	12	7	19	0.00000
Paeniclostridium sordellii	1505	S	22	5	27	0.00000
Acetoanaerobium sticklandii	1511	S	18	2	20	0.00000
Tepidibacter sp. 8C15b	2925782	S	16	4	20	0.00000
Desulfoscipio gibsoniae	102134	S	213	22	235	0.00002
Thermincola potens	863643	S	96	10	106	0.00001
Desulfotomaculum nigrificans	1565	S	94	44	138	0.00001
Vallitalea pronyensis	1348613	S	24	3	27	0.00000
Petrocella atlantisensis	2173034	S	16	3	19	0.00000
Caloranaerobacter azorensis	116090	S	51	9	60	0.00000
Alkalicella caledoniensis	2731377	S	30	5	35	0.00000
Moorella sp. Hama-1	2138101	S	545	123	668	0.00004
Moorella glycerini	55779	S	444	46	490	0.00003
Moorella thermoacetica	1525	S	424	78	502	0.00003
Ammonifex degensii	42838	S	582	26	608	0.00004
Gelria sp. Kuro-4	2796927	S	1302	120	1422	0.00009
Thermacetogenium phaeum	85874	S	564	566	1130	0.00007
Thermanaeromonas toyohensis	161154	S	188	7	195	0.00001
Thermoanaerobacter mathranii	583357	S	35	93	128	0.00001
Thermoanaerobacter kivui	2325	S	32	29	61	0.00000
Carboxydothermus hydrogenoformans	129958	S	149	15	164	0.00001
Caldanaerobacter subterraneus	911092	S	65	77	142	0.00001
Caldicellulosiruptor saccharolyticus	44001	S	12	33	45	0.00000
Caldicellulosiruptor changbaiensis	1222016	S	12	39	51	0.00000
Thermoanaerobacterium thermosaccharolyticum	1517	S	22	67	89	0.00001
Thermoanaerobacterium xylanolyticum	29329	S	10	24	34	0.00000
Mahella australiensis	252966	S	172	104	276	0.00002
Zhaonella formicivorans	2528593	S	103	19	122	0.00001
Thermodesulfobium acidiphilum	1794699	S	20	25	45	0.00000
Thermodesulfobium narugense	184064	S	13	16	29	0.00000
Iocasia fonsfrigidae	2682810	S	96	8	104	0.00001
Halothermothrix orenii	31909	S	43	6	49	0.00000
Halanaerobium praevalens	2331	S	17	18	35	0.00000
Halobacteroides halobius	42422	S	72	10	82	0.00001
Acetohalobium arabaticum	28187	S	34	3	37	0.00000
Anoxybacter fermentans	1323375	S	95	21	116	0.00001
Thermosediminibacter oceani	291990	S	200	17	217	0.00001
Biomaibacter acetigenes	2316383	S	123	9	132	0.00001
Tepidanaerobacter acetatoxydans	499229	S	37	2	39	0.00000
Koleobacter methoxysyntrophicus	2751313	S	189	18	207	0.00001
Natranaerofaba carboxydovora	2742683	S	85	5	90	0.00001
Natranaerobius thermophilus	375929	S	63	11	74	0.00000
Selenomonas sp. oral taxon 126	712528	S	509	136	645	0.00004
Selenomonas sp. oral taxon 920	1884263	S	384	90	474	0.00003
Selenomonas sp. oral taxon 478	712538	S	176	251	427	0.00003
Selenomonas sp. oral taxon 136	713030	S	156	212	368	0.00002
Selenomonas sputigena	69823	S	970	90	1060	0.00007
Selenomonas timonae	2754044	S	390	181	571	0.00004
Selenomonas ruminantium	971	S	184	18	202	0.00001
Megamonas funiformis	437897	S	21	28	49	0.00000
Megamonas hypermegale	158847	S	16	35	51	0.00000
Pectinatus frisingensis	865	S	27	1	28	0.00000
Sporomusa termitida	2377	S	217	36	253	0.00002
Methylomusa anaerophila	1930071	S	144	13	157	0.00001
Pelosinus fermentans	365349	S	61	11	72	0.00000
Pelosinus sp. UFO1	484770	S	28	8	36	0.00000
Megasphaera stantonii	2144175	S	334	232	566	0.00004
Megasphaera elsdenii	907	S	274	144	418	0.00003
Megasphaera massiliensis	1232428	S	128	55	183	0.00001
Dialister pneumosintes	39950	S	17	86	103	0.00001
Veillonella rodentium	248315	S	35	7	42	0.00000
Veillonella parvula	29466	S	12	4	16	0.00000
Veillonella dispar	39778	S	12	16	28	0.00000
Acidaminococcus fermentans	905	S	276	48	324	0.00002
Acidaminococcus intestini	187327	S	86	15	101	0.00001
Phascolarctobacterium faecium	33025	S	74	8	82	0.00001
Phascolarctobacterium succinatutens	626940	S	55	142	197	0.00001
Phascolarctobacterium sp. Marseille-Q4147	2823317	S	29	20	49	0.00000
Limnochorda pilosa	1555112	S	3936	205	4141	0.00027
Peptoniphilus ivorii	54006	S	166	47	213	0.00001
Peptoniphilus harei	54005	S	23	30	53	0.00000
Murdochiella vaginalis	1852373	S	100	119	219	0.00001
Anaerococcus mediterraneensis	1870984	S	28	66	94	0.00001
Parvimonas micra	33033	S	20	44	64	0.00000
Finegoldia magna	1260	S	18	21	39	0.00000
Miniphocaeibacter halophilus	2931922	S	14	1	15	0.00000
Tissierella sp. JN-28	2507161	S	57	14	71	0.00000
Gudongella oleilytica	1582259	S	25	6	31	0.00000
Keratinibaculum paraultunense	1278232	S	18	9	27	0.00000
Schnuerera ultunensis	45497	S	18	4	22	0.00000
Gottschalkia acidurici	1556	S	85	11	96	0.00001
Ezakiella coagulans	46507	S	80	254	334	0.00002
Ezakiella massiliensis	1852374	S	32	21	53	0.00000
Sedimentibacter sp. zth1	2816908	S	23	3	26	0.00000
Allobaculum sp. Allo2	2853432	S	91	21	112	0.00001
Allobaculum mucolyticum	2834459	S	61	16	77	0.00001
Faecalibaculum rodentium	1702221	S	156	47	203	0.00001
Erysipelothrix sp. HDW6A	2714928	S	11	9	20	0.00000
Erysipelothrix larvae	1514105	S	27	8	35	0.00000
[Clostridium] innocuum	1522	S	58	60	118	0.00001
Bulleidia sp. zg-1006	2806552	S	39	18	57	0.00000
Longicatena caecimuris	1796635	S	24	51	75	0.00000
Intestinibaculum porci	2487118	S	23	12	35	0.00000
Faecalitalea cylindroides	39483	S	16	39	55	0.00000
Faecalibacillus intestinalis	1982626	S	10	14	24	0.00000
Ndongobacter massiliensis	1871025	S	129	131	260	0.00002
endosymbiont 'TC1' of Trimyema compressum	243899	S	102	8	110	0.00001
Deinococcus sp. NW-56	2080419	S	1615	259	1874	0.00012
Deinococcus sp. TS-293	2737050	S	1449	173	1622	0.00011
Deinococcus sp. KNUC1210	2917691	S	1215	60	1275	0.00008
Deinococcus sp. AJ005	2652443	S	886	86	972	0.00006
Deinococcus sp. QL22	2939437	S	627	58	685	0.00004
Deinococcus ficus	317577	S	2201	241	2442	0.00016
Deinococcus maricopensis	309887	S	2034	218	2252	0.00015
Deinococcus metallilatus	1211322	S	1992	263	2255	0.00015
Deinococcus gobiensis	502394	S	1985	312	2297	0.00015
Deinococcus actinosclerus	1768108	S	1818	1210	3028	0.00020
Deinococcus irradiatisoli	2202254	S	1479	160	1639	0.00011
Deinococcus peraridilitoris	432329	S	1357	81	1438	0.00009
Deinococcus wulumuqiensis	980427	S	1265	540	1805	0.00012
Deinococcus radiopugnans	57497	S	1257	179	1436	0.00009
Deinococcus geothermalis	68909	S	987	174	1161	0.00008
Deinococcus radiodurans	1299	S	914	1301	2215	0.00014
Deinococcus soli (ex Cha et al. 2016)	1309411	S	834	857	1691	0.00011
Deinococcus psychrotolerans	2489213	S	741	25	766	0.00005
Deinococcus proteolyticus	55148	S	711	172	883	0.00006
Deinococcus deserti	310783	S	709	59	768	0.00005
Deinococcus radiophilus	32062	S	396	89	485	0.00003
Deinococcus puniceus	1182568	S	274	47	321	0.00002
Thermus thermophilus	274	S	1187	1325	2512	0.00016
Thermus sp. CCB_US3_UF1	1111069	S	587	99	686	0.00004
Thermus sp. NEB1569	2918899	S	127	241	368	0.00002
Thermus oshimai	56957	S	689	144	833	0.00005
Thermus aquaticus	271	S	655	106	761	0.00005
Thermus brockianus	56956	S	540	113	653	0.00004
Thermus caldilimi	2483360	S	306	82	388	0.00003
Thermus scotoductus	37636	S	137	218	355	0.00002
Thermus parvatiensis	456163	S	97	487	584	0.00004
Meiothermus silvanus	52022	S	1167	209	1376	0.00009
Meiothermus taiwanensis	172827	S	914	340	1254	0.00008
Meiothermus ruber	277	S	850	334	1184	0.00008
Oceanithermus profundus	187137	S	3095	404	3499	0.00023
Marinithermus hydrothermalis	186192	S	2005	383	2388	0.00016
Truepera radiovictrix	332249	S	2495	165	2660	0.00017
Synechococcus sp. CBW1004	1353136	S	1133	307	1440	0.00009
Synechococcus sp. RSCCF101	2511069	S	935	251	1186	0.00008
Synechococcus sp. CBW1107	2789857	S	904	183	1087	0.00007
Synechococcus sp. SynAce01	1916956	S	586	70	656	0.00004
Synechococcus sp. CBW1108	1353147	S	554	81	635	0.00004
Synechococcus sp. JA-3-3Ab	321327	S	536	133	669	0.00004
Synechococcus sp. CB0101	232348	S	479	111	590	0.00004
Synechococcus sp. NB0720_10	2907159	S	415	117	532	0.00003
Synechococcus sp. JA-2-3B'a(2-13)	321332	S	366	81	447	0.00003
Synechococcus sp. RS9909	221352	S	327	119	446	0.00003
Synechococcus sp. PCC 7336	195250	S	326	12	338	0.00002
Synechococcus sp. LA31	2741953	S	323	75	398	0.00003
Synechococcus sp. LTW-R	2751170	S	299	77	376	0.00002
Synechococcus sp. WH 8101	59932	S	298	101	399	0.00003
Synechococcus sp. A10-1-5-1	2936507	S	286	68	354	0.00002
Synechococcus sp. Minos11	221341	S	237	18	255	0.00002
Synechococcus sp. HK01-R	2751171	S	230	41	271	0.00002
Synechococcus sp. NOUM97013	1442555	S	190	32	222	0.00001
Synechococcus sp. PROS-U-1	1400866	S	186	34	220	0.00001
Synechococcus sp. KORDI-100	1280380	S	181	13	194	0.00001
Synechococcus sp. BMK-MC-1	1442551	S	169	66	235	0.00002
Synechococcus sp. BIOS-E4-1	1400864	S	159	17	176	0.00001
Synechococcus sp. KORDI-52	585425	S	133	42	175	0.00001
Synechococcus sp. A15-127	1050624	S	123	114	237	0.00002
Synechococcus sp. KORDI-49	585423	S	121	112	233	0.00002
Synechococcus sp. MEDNS5	1442554	S	118	39	157	0.00001
Synechococcus sp. MIT S9220	166309	S	113	17	130	0.00001
Synechococcus sp. CC9902	316279	S	104	11	115	0.00001
Synechococcus sp. A15-62	1050657	S	101	66	167	0.00001
Synechococcus sp. PROS-7-1	1442556	S	98	42	140	0.00001
Synechococcus sp. CBW1002	1353134	S	96	737	833	0.00005
Synechococcus sp. BIOS-U3-1	1400865	S	96	11	107	0.00001
Synechococcus sp. CBW1006	1353138	S	88	594	682	0.00004
Synechococcus sp. PCC 7003	374981	S	87	25	112	0.00001
Synechococcus sp. PCC 6312	195253	S	85	4	89	0.00001
Synechococcus sp. NIES-970	1827144	S	85	16	101	0.00001
Synechococcus sp. ROS8604	1442557	S	74	18	92	0.00001
Synechococcus sp. WH 8020	32052	S	65	11	76	0.00001
Synechococcus sp. WH 8109	166314	S	64	45	109	0.00001
Synechococcus sp. TAK9802	1442558	S	64	141	205	0.00001
Synechococcus sp. RS9907	221350	S	62	131	193	0.00001
Synechococcus sp. RS9902	221345	S	54	101	155	0.00001
Synechococcus sp. A15-44	1050646	S	52	84	136	0.00001
Synechococcus sp. CC9311	64471	S	44	10	54	0.00000
Synechococcus sp. PROS-9-1	1968775	S	38	9	47	0.00000
Synechococcus sp. PCC 7502	1173263	S	32	2	34	0.00000
Synechococcus sp. M16.1	1442553	S	31	84	115	0.00001
Synechococcus sp. SYN20	1050714	S	29	39	68	0.00000
Synechococcus sp. A18-25c	1866938	S	25	165	190	0.00001
Synechococcus sp. MVIR-18-1	1386941	S	20	32	52	0.00000
Synechococcus sp. A15-60	1050655	S	19	120	139	0.00001
Synechococcus sp. PCC 11901	2579791	S	15	64	79	0.00001
Synechococcus sp. PCC 7002	32049	S	15	59	74	0.00000
Synechococcus sp. PCC 73109	374982	S	15	62	77	0.00001
Synechococcus sp. PCC 8807	195248	S	14	73	87	0.00001
Synechococcus sp. PCC 7117	195498	S	12	51	63	0.00000
Synechococcus elongatus	32046	S	517	27	544	0.00004
Dactylococcopsis salina	292566	S	61	24	85	0.00001
Cyanobium sp. NIES-981	1851505	S	974	338	1312	0.00009
Cyanobium sp. NS01	261284	S	809	312	1121	0.00007
Cyanobium gracile	59930	S	1383	310	1693	0.00011
Parasynechococcus marenigrum	2881428	S	237	77	314	0.00002
Prochlorococcus marinus	1219	S	149	26	175	0.00001
Chamaesiphon minutus	1173032	S	323	20	343	0.00002
Acaryochloris marina	155978	S	136	32	168	0.00001
Acaryochloris sp. 'Moss Beach'	2740837	S	80	80	160	0.00001
Synechocystis sp. PCC 6714	1147	S	37	14	51	0.00000
Synechocystis sp. CACIAM 05	1933929	S	19	146	165	0.00001
Nostoc sp. C052	2576902	S	189	47	236	0.00002
Nostoc sp. NIES-4103	2005458	S	165	37	202	0.00001
Nostoc sp. ATCC 53789	76335	S	160	214	374	0.00002
Nostoc sp. UHCC 0702	2814655	S	141	29	170	0.00001
Nostoc sp. 'Lobaria pulmonaria (5183) cyanobiont'	1618022	S	111	23	134	0.00001
Nostoc sp. TCL26-01	2576904	S	104	16	120	0.00001
Nostoc sp. UHCC 0870	2914041	S	86	32	118	0.00001
Nostoc sp. MS1	2764711	S	83	25	108	0.00001
Nostoc sp. PCC 7524	28072	S	83	18	101	0.00001
Nostoc sp. CENA543	1869241	S	78	13	91	0.00001
Nostoc sp. C057	2576903	S	78	110	188	0.00001
Nostoc sp. 'Peltigera membranacea cyanobiont' N6	1261031	S	64	18	82	0.00001
Nostoc sp. PCC 7107	317936	S	48	26	74	0.00000
Nostoc sp. TCL240-02	2572090	S	41	20	61	0.00000
Nostoc sp. NIES-2111	1973475	S	32	66	98	0.00001
Nostoc sp. NIES-3756	1751286	S	32	76	108	0.00001
Nostoc punctiforme	272131	S	127	88	215	0.00001
Nostoc edaphicum	264686	S	122	33	155	0.00001
Nostoc linckia	92942	S	115	28	143	0.00001
Nostoc flagelliforme	1306274	S	107	39	146	0.00001
Nostoc sphaeroides	446679	S	103	54	157	0.00001
Nostoc piscinale	224012	S	95	51	146	0.00001
Nostoc commune	1178	S	65	21	86	0.00001
Anabaena sp. WA102	1647413	S	110	235	345	0.00002
Anabaena sp. 90	46234	S	42	384	426	0.00003
Anabaena cylindrica	1165	S	92	30	122	0.00001
Cylindrospermum stagnale	142864	S	164	63	227	0.00001
Trichormus azollae	1164	S	52	10	62	0.00000
Richelia sinica	1357545	S	30	6	36	0.00000
Scytonema sp. NIES-4073	2005464	S	673	264	937	0.00006
Scytonema sp. HK-05	1137095	S	427	138	565	0.00004
Brasilonema sennae	1397703	S	201	19	220	0.00001
Calothrix sp. NIES-3974	2005462	S	196	18	214	0.00001
Calothrix sp. NIES-2100	1954172	S	170	118	288	0.00002
Calothrix sp. PCC 7716	2853227	S	166	128	294	0.00002
Calothrix sp. PCC 7507	99598	S	153	38	191	0.00001
Calothrix sp. 336/3	1337936	S	82	27	109	0.00001
Calothrix sp. NIES-2098	1954171	S	75	50	125	0.00001
Calothrix sp. PCC 6303	1170562	S	64	21	85	0.00001
Calothrix brevissima	938406	S	144	58	202	0.00001
Calothrix parasitica	1973486	S	132	8	140	0.00001
Sphaerospermopsis torques-reginae	984207	S	108	35	143	0.00001
Sphaerospermopsis kisseleviana	289435	S	101	36	137	0.00001
Nodularia sphaerocarpa	137816	S	96	22	118	0.00001
Nodularia spumigena	70799	S	87	21	108	0.00001
Dolichospermum compactum	136073	S	77	113	190	0.00001
Dolichospermum flos-aquae	1166	S	23	220	243	0.00002
Dolichospermum sp. UHCC 0315A	1914871	S	17	136	153	0.00001
Anabaenopsis circularis	109266	S	57	38	95	0.00001
Anabaenopsis elenkinii	156213	S	24	4	28	0.00000
Tolypothrix sp. PCC 7910	2099387	S	155	41	196	0.00001
Tolypothrix tenuis	457083	S	89	36	125	0.00001
Fischerella sp. NIES-4106	2005456	S	107	13	120	0.00001
Fischerella sp. NIES-3754	1752063	S	91	20	111	0.00001
Rivularia sp. PCC 7116	373994	S	47	3	50	0.00000
Leptolyngbya sp. 7M	2812896	S	2520	213	2733	0.00018
Leptolyngbya sp. BL0902	1115757	S	530	35	565	0.00004
Leptolyngbya sp. NIES-3755	1752064	S	110	13	123	0.00001
Leptolyngbya sp. PCC 7376	111781	S	50	4	54	0.00000
Leptolyngbya boryana	1184	S	142	0	142	0.00001
Kovacikia minuta	2931930	S	489	49	538	0.00004
Leptothermofonsia sichuanensis	2917832	S	257	23	280	0.00002
Leptodesmis sichuanensis	2906798	S	252	26	278	0.00002
Thermoleptolyngbya sp. PKUAC-SCTB121	2811482	S	44	589	633	0.00004
Thermoleptolyngbya sichuanensis	2885951	S	10	147	157	0.00001
Halomicronema hongdechloris	1209493	S	405	18	423	0.00003
Thermosynechococcus sp. NK55a	1394889	S	74	37	111	0.00001
Thermosynechococcus sp. CL-1	2583530	S	29	35	64	0.00000
Thermosynechococcus sp. TA-1	2813673	S	20	23	43	0.00000
Thermosynechococcus vestitus	146786	S	131	51	182	0.00001
Pseudanabaena sp. PCC 7367	82654	S	122	4	126	0.00001
Pseudanabaena sp. ABRG5-3	685565	S	67	4	71	0.00000
Gloeobacter kilaueensis	1416614	S	1573	50	1623	0.00011
Gloeobacter morelensis	2907343	S	1343	555	1898	0.00012
Gloeobacter violaceus	33072	S	1178	534	1712	0.00011
Anthocerotibacter panamensis	2857077	S	500	15	515	0.00003
Geitlerinema sp. PCC 7407	1173025	S	822	132	954	0.00006
Allocoleopsis franciscana	2886352	S	180	21	201	0.00001
Moorena producens	1155739	S	568	15	583	0.00004
Oscillatoria nigro-viridis	482564	S	255	124	379	0.00002
Oscillatoria acuminata	118323	S	140	10	150	0.00001
Oxynema aestuarii	2874213	S	358	34	392	0.00003
Microcoleus vaginatus	119532	S	201	63	264	0.00002
Planktothrix agardhii	1160	S	22	23	45	0.00000
Planktothrix rubescens	59512	S	14	10	24	0.00000
[Phormidium] sp. ETS-05	222819	S	238	15	253	0.00002
Crinalium epipsammum	241425	S	89	12	101	0.00001
Microcystis aeruginosa	1126	S	278	270	548	0.00004
Microcystis sp. MC19	1967666	S	36	20	56	0.00000
Microcystis viridis	44822	S	11	31	42	0.00000
Halothece sp. PCC 7418	65093	S	148	51	199	0.00001
Euhalothece natronophila	577489	S	39	6	45	0.00000
Gloeothece verrucosa	2546359	S	50	7	57	0.00000
Gloeothece citriformis	2546356	S	46	7	53	0.00000
Rippkaea orientalis	2546366	S	62	8	70	0.00000
Crocosphaera subtropica	2546360	S	46	5	51	0.00000
Candidatus Atelocyanobacterium thalassa	713887	S	14	3	17	0.00000
Geminocystis herdmanii	669359	S	68	13	81	0.00001
Geminocystis sp. NIES-3709	1617448	S	21	4	25	0.00000
Geminocystis sp. NIES-3708	1615909	S	19	4	23	0.00000
Gloeocapsa sp. PCC 7428	1173026	S	95	10	105	0.00001
Chondrocystis sp. NIES-4102	2005460	S	58	9	67	0.00000
Cyanobacterium aponinum	379064	S	41	11	52	0.00000
Chroococcidiopsis sp. CCMEE 29	155894	S	446	84	530	0.00003
Chroococcidiopsis sp. CCNUC1	2653189	S	80	80	160	0.00001
Chroococcidiopsis thermalis	54299	S	171	185	356	0.00002
Pleurocapsa sp. PCC 7327	118163	S	128	16	144	0.00001
Stanieria cyanosphaera	102116	S	23	7	30	0.00000
Stanieria sp. NIES-3757	1807358	S	21	15	36	0.00000
Gloeomargarita lithophora	1188228	S	159	6	165	0.00001
Thermostichus lividus	33070	S	92	13	105	0.00001
cyanobacterium endosymbiont of Rhopalodia gibberula	1763363	S	37	5	42	0.00000
cyanobacterium endosymbiont of Epithemia turgida	718217	S	23	3	26	0.00000
Sphaerobacter thermophilus	2057	S	10174	713	10887	0.00071
Thermomicrobium roseum	500	S	2257	54	2311	0.00015
Roseiflexus sp. RS-1	357808	S	3199	673	3872	0.00025
Roseiflexus castenholzii	120962	S	2885	651	3536	0.00023
Chloroflexus aurantiacus	1108	S	1102	130	1232	0.00008
Chloroflexus aggregans	152260	S	926	172	1098	0.00007
Candidatus Promineofilum breve	1806508	S	5646	144	5790	0.00038
Tepidiforma bonchosmolovskayae	2601677	S	5245	279	5524	0.00036
Anaerolinea thermophila	167964	S	1529	177	1706	0.00011
Pelolinea submarina	913107	S	1233	67	1300	0.00009
Brevefilum fermentans	1986204	S	476	21	497	0.00003
Caldilinea aerophila	133453	S	2624	194	2818	0.00018
Dehalogenimonas formicexedens	1839801	S	574	165	739	0.00005
Dehalogenimonas sp. GP	1536648	S	437	125	562	0.00004
Dehalococcoides mccartyi	61435	S	130	307	437	0.00003
Ktedonosporobacter rubrisoli	2509675	S	1440	49	1489	0.00010
Thermobaculum terrenum	166501	S	1147	206	1353	0.00009
Phototrophicus methaneseepsis	2710758	S	1009	12	1021	0.00007
Fimbriimonas ginsengisoli	1005039	S	2964	21	2985	0.00020
Chthonomonas calidirosea	454171	S	860	9	869	0.00006
Mycoplasma sp. (ex Biomphalaria glabrata)	1749074	S	14	1	15	0.00000
Mycoplasma sp. SG1	2810348	S	12	0	12	0.00000
Mycoplasma mycoides	2102	S	15	173	188	0.00001
Mycoplasma miroungigenitalium	754515	S	10	17	27	0.00000
Mesomycoplasma neurolyticum	2120	S	11	8	19	0.00000
Candidatus Hepatoplasma crinochetorum	295596	S	16	1	17	0.00000
Alteracholeplasma palmae	38986	S	59	9	68	0.00000
Paracholeplasma brassicae	61635	S	13	5	18	0.00000
Spiroplasma litorale	216942	S	24	41	65	0.00000
Spiroplasma platyhelix	301585	S	10	1	11	0.00000
Metamycoplasma orale	2121	S	10	7	17	0.00000
Malacoplasma iowae	2116	S	12	0	12	0.00000
Candidatus Izimaplasma sp. HR1	1541959	S	11	0	11	0.00000
Bradyrhizobium sp. 200	2782665	S	8897	1968	10865	0.00071
Bradyrhizobium sp. 170	2782641	S	8172	2085	10257	0.00067
Bradyrhizobium sp. CCBAU 051011	858422	S	7463	1449	8912	0.00058
Bradyrhizobium sp. CCBAU 51753	1325100	S	6363	1432	7795	0.00051
Bradyrhizobium sp. A19	2898149	S	5174	950	6124	0.00040
Bradyrhizobium sp. BTAi1	288000	S	5097	977	6074	0.00040
Bradyrhizobium sp. ORS 285	115808	S	5084	1191	6275	0.00041
Bradyrhizobium sp. ORS 278	114615	S	5009	1196	6205	0.00041
Bradyrhizobium sp. 186	2782654	S	4419	1184	5603	0.00037
Bradyrhizobium sp. SK17	2057741	S	4136	1395	5531	0.00036
Bradyrhizobium sp. CCBAU 53421	1325120	S	3339	1055	4394	0.00029
Bradyrhizobium sp. 1(2017)	1404888	S	3102	979	4081	0.00027
Bradyrhizobium sp. CCBAU 53338	1325111	S	2994	1225	4219	0.00028
Bradyrhizobium sp. CCBAU 53340	1325112	S	2914	1132	4046	0.00026
Bradyrhizobium sp. 195	2782662	S	2886	1029	3915	0.00026
Bradyrhizobium sp. CCGE-LA001	1223566	S	2691	1007	3698	0.00024
Bradyrhizobium sp. CCBAU 53351	1325114	S	2654	1338	3992	0.00026
Bradyrhizobium sp. 6(2017)	1197460	S	2541	1241	3782	0.00025
Bradyrhizobium sp. S2-11-2	2840472	S	2297	1690	3987	0.00026
Bradyrhizobium sp. CCBAU 51765	1325102	S	2249	1976	4225	0.00028
Bradyrhizobium sp. 191	2782659	S	2246	2134	4380	0.00029
Bradyrhizobium sp. I71	2590772	S	2176	1833	4009	0.00026
Bradyrhizobium sp. S2-20-1	2840469	S	1953	1520	3473	0.00023
Bradyrhizobium sp. 41S5	1404443	S	1949	1313	3262	0.00021
Bradyrhizobium sp. S2-11-4	2840473	S	1933	1653	3586	0.00023
Bradyrhizobium sp. C-145	574727	S	1356	1326	2682	0.00018
Bradyrhizobium sp.	376	S	986	3172	4158	0.00027
Bradyrhizobium sp. 144S4	2823807	S	806	1932	2738	0.00018
Bradyrhizobium sp. 4	2782678	S	751	1796	2547	0.00017
Bradyrhizobium sp. 323S2	1404649	S	720	1763	2483	0.00016
Bradyrhizobium sp. 40	2782674	S	686	1466	2152	0.00014
Bradyrhizobium sp. 192	2782660	S	609	1437	2046	0.00013
Bradyrhizobium sp. LCT2	2493093	S	443	1217	1660	0.00011
Bradyrhizobium sp. 187	2782655	S	347	1615	1962	0.00013
Bradyrhizobium sp. CW1	2782686	S	281	4061	4342	0.00028
Bradyrhizobium sp. TM102	2599819	S	256	1692	1948	0.00013
Bradyrhizobium sp. SG09	2599805	S	248	1717	1965	0.00013
Bradyrhizobium sp. 38S5	2819348	S	171	1953	2124	0.00014
Bradyrhizobium sp. 172	2782643	S	170	1934	2104	0.00014
Bradyrhizobium sp. 1S5	2816456	S	129	1356	1485	0.00010
Bradyrhizobium sp. 131	2782609	S	112	1709	1821	0.00012
Bradyrhizobium sp. 155	2782629	S	67	1128	1195	0.00008
Bradyrhizobium sp. CCBAU 21365	1325083	S	16	762	778	0.00005
Bradyrhizobium erythrophlei	1437360	S	16811	1470	18281	0.00119
Bradyrhizobium diazoefficiens	1355477	S	12548	27149	39697	0.00259
Bradyrhizobium icense	1274631	S	8143	1224	9367	0.00061
Bradyrhizobium paxllaeri	190148	S	6823	1312	8135	0.00053
Bradyrhizobium lablabi	722472	S	5823	6597	12420	0.00081
Bradyrhizobium japonicum	375	S	5224	7585	12809	0.00084
Bradyrhizobium canariense	255045	S	4828	7470	12298	0.00080
Bradyrhizobium oligotrophicum	44255	S	4771	893	5664	0.00037
Bradyrhizobium genosp. L	83637	S	4600	980	5580	0.00036
Bradyrhizobium arachidis	858423	S	3908	1142	5050	0.00033
Bradyrhizobium genosp. B	83627	S	3212	713	3925	0.00026
Bradyrhizobium vignae	1549949	S	3068	748	3816	0.00025
Bradyrhizobium guangdongense	1325090	S	3048	1148	4196	0.00027
Bradyrhizobium quebecense	2748629	S	2900	1649	4549	0.00030
Bradyrhizobium cosmicum	1404864	S	2861	953	3814	0.00025
Bradyrhizobium guangzhouense	1325095	S	2712	1041	3753	0.00025
Bradyrhizobium guangxiense	1325115	S	2570	1128	3698	0.00024
Bradyrhizobium septentrionale	1404411	S	2526	1545	4071	0.00027
Bradyrhizobium daqingense	993502	S	2400	1309	3709	0.00024
Bradyrhizobium amphicarpaeae	1404768	S	1829	772	2601	0.00017
Bradyrhizobium betae	244734	S	1739	1000	2739	0.00018
Bradyrhizobium symbiodeficiens	1404367	S	1521	2259	3780	0.00025
Bradyrhizobium zhanjiangense	1325107	S	1422	1406	2828	0.00018
Bradyrhizobium elkanii	29448	S	908	3475	4383	0.00029
Bradyrhizobium ottawaense	931866	S	612	3725	4337	0.00028
Rhodopseudomonas palustris	1076	S	17209	6040	23249	0.00152
Rhodopseudomonas boonkerdii	475937	S	2290	604	2894	0.00019
Rhodopseudomonas sp. SK50-23	340268	S	2251	466	2717	0.00018
Tardiphaga sp. 37S4	1404741	S	1281	919	2200	0.00014
Tardiphaga sp. vice154	2592814	S	107	1401	1508	0.00010
Tardiphaga sp. vice278	2592815	S	65	1335	1400	0.00009
Tardiphaga sp. vice304	2592817	S	62	993	1055	0.00007
Tardiphaga sp. vice352	2592816	S	16	409	425	0.00003
Tardiphaga robiniae	943830	S	1418	905	2323	0.00015
Nitrobacter hamburgensis	912	S	4062	718	4780	0.00031
Nitrobacter winogradskyi	913	S	2361	421	2782	0.00018
Afipia carboxidovorans	40137	S	2952	1270	4222	0.00028
Afipia sp. GAS231	1882747	S	2308	1606	3914	0.00026
Variibacter gotjawalensis	1333996	S	4747	419	5166	0.00034
Rhizobium sp. BG4	2613770	S	1883	393	2276	0.00015
Rhizobium sp. NXC24	2048897	S	1830	283	2113	0.00014
Rhizobium sp. WYJ-E13	2849093	S	1659	229	1888	0.00012
Rhizobium sp. ACO-34A	1571470	S	1397	319	1716	0.00011
Rhizobium sp. WL3	2603277	S	1307	269	1576	0.00010
Rhizobium sp. SL42	2806346	S	1298	258	1556	0.00010
Rhizobium sp. 11515TR	2028343	S	1156	274	1430	0.00009
Rhizobium sp. AB2/73	2795216	S	1154	613	1767	0.00012
Rhizobium sp. NXC14	1981173	S	948	385	1333	0.00009
Rhizobium sp. NZLR1	2731096	S	933	322	1255	0.00008
Rhizobium sp. CIAT894	2020312	S	933	407	1340	0.00009
Rhizobium sp. NLR16a	2731112	S	881	382	1263	0.00008
Rhizobium sp. C104	2917727	S	860	459	1319	0.00009
Rhizobium sp. K102	2918527	S	734	488	1222	0.00008
Rhizobium sp. L51/94	2819999	S	582	690	1272	0.00008
Rhizobium sp. 007	2785056	S	582	996	1578	0.00010
Rhizobium sp. X9	2815360	S	370	808	1178	0.00008
Rhizobium sp. IE4771	1301032	S	258	499	757	0.00005
Rhizobium sp. Kim5	2020311	S	248	523	771	0.00005
Rhizobium sp. TAL182	2020313	S	214	586	800	0.00005
Rhizobium sp. NIBRBAC000502774	2590777	S	117	505	622	0.00004
Rhizobium sp. ZX09	2291939	S	100	438	538	0.00004
Rhizobium sp. B230/85	2819994	S	79	782	861	0.00006
Rhizobium sp. T136	555319	S	77	2070	2147	0.00014
Rhizobium sp. Y9	1914541	S	65	239	304	0.00002
Rhizobium sp. N324	1703969	S	40	771	811	0.00005
Rhizobium sp. CCGE531	2364271	S	32	1045	1077	0.00007
Rhizobium sp. CCGE532	2364272	S	18	1243	1261	0.00008
Rhizobium sp. B21/90	2819993	S	17	547	564	0.00004
Rhizobium leguminosarum	384	S	9672	12617	22289	0.00146
Rhizobium etli	29449	S	2739	3340	6079	0.00040
Rhizobium gallicum	56730	S	2164	2707	4871	0.00032
Rhizobium jaguaris	1312183	S	1945	266	2211	0.00014
Rhizobium pseudoryzae	379684	S	1772	412	2184	0.00014
Rhizobium phaseoli	396	S	1518	3052	4570	0.00030
Rhizobium bangladeshense	1138189	S	1400	350	1750	0.00011
Rhizobium lentis	1138194	S	1142	366	1508	0.00010
Rhizobium tropici	398	S	1051	287	1338	0.00009
Rhizobium binae	1138190	S	997	377	1374	0.00009
Rhizobium rosettiformans	1368430	S	984	480	1464	0.00010
Rhizobium daejeonense	240521	S	896	312	1208	0.00008
Rhizobium rhizoryzae	451876	S	808	125	933	0.00006
Rhizobium indicum	2583231	S	690	598	1288	0.00008
Rhizobium acidisoli	1538158	S	538	438	976	0.00006
Rhizobium pusense	648995	S	528	2049	2577	0.00017
Rhizobium oryzihabitans	2267833	S	300	410	710	0.00005
Rhizobium laguerreae	1076926	S	262	439	701	0.00005
Rhizobium hidalgonense	1538159	S	247	552	799	0.00005
Rhizobium ruizarguesonis	2081791	S	174	1239	1413	0.00009
Rhizobium favelukesii	348824	S	43	1393	1436	0.00009
Agrobacterium tumefaciens	358	S	4229	4241	8470	0.00055
Agrobacterium fabrum	1176649	S	464	600	1064	0.00007
Agrobacterium fabacearum	1183401	S	125	1542	1667	0.00011
Agrobacterium vitis	373	S	2377	334	2711	0.00018
Agrobacterium sp. T29	2580515	S	371	286	657	0.00004
Agrobacterium sp. RAC06	1842536	S	241	521	762	0.00005
Agrobacterium sp. MA01	2664893	S	211	447	658	0.00004
Agrobacterium sp. CGMCC 11546	2579248	S	141	280	421	0.00003
Agrobacterium sp. S7/73	2820002	S	83	428	511	0.00003
Agrobacterium vaccinii	2735528	S	939	140	1079	0.00007
Agrobacterium larrymoorei	160699	S	673	133	806	0.00005
Agrobacterium rubi	28099	S	535	172	707	0.00005
Agrobacterium salinitolerans	1183413	S	529	200	729	0.00005
Agrobacterium rhizogenes	359	S	505	1171	1676	0.00011
Neorhizobium galegae	399	S	5255	1621	6876	0.00045
Neorhizobium sp. SOG26	2060726	S	1447	331	1778	0.00012
Neorhizobium sp. NCHU2750	1825976	S	1414	358	1772	0.00012
Pseudorhizobium flavum	1335061	S	1045	678	1723	0.00011
Pseudorhizobium banfieldiae	1125847	S	952	558	1510	0.00010
Sinorhizobium meliloti	382	S	9906	8755	18661	0.00122
Sinorhizobium fredii	380	S	8131	11178	19309	0.00126
Sinorhizobium americanum	194963	S	2809	1139	3948	0.00026
Sinorhizobium sp. BG8	2613773	S	1963	367	2330	0.00015
Sinorhizobium sp. CCBAU 05631	794846	S	569	809	1378	0.00009
Sinorhizobium medicae	110321	S	2229	296	2525	0.00017
Ensifer adhaerens	106592	S	5204	3007	8211	0.00054
Ensifer mexicanus	375549	S	3645	613	4258	0.00028
Ensifer alkalisoli	1752398	S	2912	610	3522	0.00023
Ensifer sojae	716925	S	2637	1001	3638	0.00024
Ensifer sp. PDNC004	2811423	S	1634	685	2319	0.00015
Ensifer sp. T173	555315	S	471	1732	2203	0.00014
Shinella sp. HZN7	879274	S	3132	2837	5969	0.00039
Shinella sp. PSBB067	2715959	S	2449	1961	4410	0.00029
Shinella sp. XGS7	2877941	S	2277	2460	4737	0.00031
Shinella sp. H4-D48	2925841	S	1067	450	1517	0.00010
Shinella zoogloeoides	352475	S	2492	3808	6300	0.00041
Shinella oryzae	2871820	S	1333	625	1958	0.00013
Ciceribacter thiooxidans	1969821	S	2064	460	2524	0.00016
Georhizobium profundi	2341112	S	1846	454	2300	0.00015
Peteryoungia desertarenae	1813451	S	688	136	824	0.00005
Liberibacter crescens	1273132	S	24	5	29	0.00000
Candidatus Liberibacter asiaticus	34021	S	16	5	21	0.00000
Candidatus Liberibacter africanus	34020	S	15	13	28	0.00000
Methylobacterium nodulans	114616	S	9715	1486	11201	0.00073
Methylobacterium sp. 17Sr1-1	2202826	S	4079	2175	6254	0.00041
Methylobacterium sp. WL1	2603276	S	3744	872	4616	0.00030
Methylobacterium sp. C1	1479019	S	472	3536	4008	0.00026
Methylobacterium sp. XJLW	739141	S	304	3906	4210	0.00028
Methylobacterium aquaticum	270351	S	7935	3898	11833	0.00077
Methylobacterium durans	2202825	S	5918	1005	6923	0.00045
Methylobacterium radiodurans	2202828	S	5420	1568	6988	0.00046
Methylobacterium currus	2051553	S	5152	2412	7564	0.00049
Methylobacterium organophilum	410	S	4401	2689	7090	0.00046
Methylobacterium terrae	2202827	S	4208	2187	6395	0.00042
Methylobacterium brachiatum	269660	S	3878	1553	5431	0.00036
Methylobacterium mesophilicum	39956	S	3715	856	4571	0.00030
Methylobacterium indicum	1775910	S	3560	1966	5526	0.00036
Methylobacterium tardum	374432	S	3512	1340	4852	0.00032
Methylobacterium oryzae	334852	S	3026	4171	7197	0.00047
Methylobacterium radiotolerans	31998	S	1418	7825	9243	0.00060
Methylobacterium phyllosphaerae	418223	S	590	2132	2722	0.00018
Microvirga sp. VF16	2807101	S	22503	4026	26529	0.00173
Microvirga sp. 17 mud 1-3	2082949	S	6692	1632	8324	0.00054
Microvirga ossetica	1882682	S	18672	3765	22437	0.00147
Microvirga thermotolerans	2651334	S	8631	2744	11375	0.00074
Methylorubrum populi	223967	S	6717	3412	10129	0.00066
Methylorubrum extorquens	408	S	5151	9001	14152	0.00093
Methylorubrum sp. B1-46	2897334	S	2367	1101	3468	0.00023
Methylorubrum zatmanii	29429	S	143	757	900	0.00006
Mesorhizobium sp. 8	2584466	S	4108	1089	5197	0.00034
Mesorhizobium sp. M1A.F.Ca.IN.022.06.1.1	2493680	S	3141	1049	4190	0.00027
Mesorhizobium sp. J8	2777475	S	2812	962	3774	0.00025
Mesorhizobium sp. B1-1-8	2589976	S	2745	740	3485	0.00023
Mesorhizobium sp. M1B.F.Ca.ET.045.04.1.1	2493673	S	2718	1091	3809	0.00025
Mesorhizobium sp. M1D.F.Ca.ET.043.01.1.1	2493669	S	2698	1672	4370	0.00029
Mesorhizobium sp. L-2-11	2744521	S	2696	1098	3794	0.00025
Mesorhizobium sp. DCY119	2108445	S	2576	660	3236	0.00021
Mesorhizobium sp. M1E.F.Ca.ET.045.02.1.1	2493672	S	2554	1324	3878	0.00025
Mesorhizobium sp. B2-8-5	2589903	S	2544	895	3439	0.00022
Mesorhizobium sp. Pch-S	2082387	S	2454	373	2827	0.00018
Mesorhizobium sp. M3A.F.Ca.ET.080.04.2.1	2493676	S	2421	780	3201	0.00021
Mesorhizobium sp. M9A.F.Ca.ET.002.03.1.2	2493668	S	2379	1131	3510	0.00023
Mesorhizobium sp. B2-1-1	2589974	S	2331	574	2905	0.00019
Mesorhizobium sp. 131-2-1	2744518	S	2278	1263	3541	0.00023
Mesorhizobium sp. M6A.T.Cr.TU.016.01.1.1	2493677	S	2202	778	2980	0.00019
Mesorhizobium sp. PAMC28654	2880934	S	2077	423	2500	0.00016
Mesorhizobium sp. INR15	2654248	S	2054	320	2374	0.00016
Mesorhizobium sp. M4B.F.Ca.ET.058.02.1.1	2493675	S	1937	859	2796	0.00018
Mesorhizobium sp. B4-1-4	2589888	S	1632	424	2056	0.00013
Mesorhizobium sp. B2-1-8	2589967	S	1607	522	2129	0.00014
Mesorhizobium sp. L-8-10	2744523	S	1535	4810	6345	0.00041
Mesorhizobium sp. M7D.F.Ca.US.005.01.1.1	2493678	S	1528	555	2083	0.00014
Mesorhizobium sp. M8A.F.Ca.ET.057.01.1.1	2493679	S	1498	593	2091	0.00014
Mesorhizobium sp. AA22	1854057	S	1492	997	2489	0.00016
Mesorhizobium sp. M2A.F.Ca.ET.043.05.1.1	2493671	S	1443	1248	2691	0.00018
Mesorhizobium sp. NZP2077	2483404	S	1334	468	1802	0.00012
Mesorhizobium sp. 113-3-3	2744516	S	1258	725	1983	0.00013
Mesorhizobium sp. L-8-3	2744522	S	1248	4019	5267	0.00034
Mesorhizobium sp. 113-1-2	2744515	S	1211	628	1839	0.00012
Mesorhizobium sp. M7A.F.Ce.TU.012.03.2.1	2493681	S	1180	458	1638	0.00011
Mesorhizobium sp. M2A.F.Ca.ET.046.03.2.1	2493674	S	976	2600	3576	0.00023
Mesorhizobium sp. NBSH29	2654249	S	964	75	1039	0.00007
Mesorhizobium sp. NZP2298	2483403	S	945	584	1529	0.00010
Mesorhizobium sp. 113-3-9	2744517	S	939	723	1662	0.00011
Mesorhizobium sp. M2A.F.Ca.ET.043.02.1.1	2493670	S	707	1793	2500	0.00016
Mesorhizobium sp. WSM1497	278153	S	316	675	991	0.00006
Mesorhizobium sp. 131-2-5	2744519	S	298	2112	2410	0.00016
Mesorhizobium sp. 131-3-5	2744520	S	219	714	933	0.00006
Mesorhizobium sp. NZP2234	2483402	S	155	585	740	0.00005
Mesorhizobium terrae	2725666	S	2654	973	3627	0.00024
Mesorhizobium opportunistum	593909	S	2531	1144	3675	0.00024
Mesorhizobium amorphae	71433	S	2088	554	2642	0.00017
Mesorhizobium ciceri	39645	S	1768	4546	6314	0.00041
Mesorhizobium loti	381	S	1490	12715	14205	0.00093
Mesorhizobium huakuii	28104	S	1388	1111	2499	0.00016
Mesorhizobium australicum	536018	S	1382	468	1850	0.00012
Mesorhizobium erdmanii	1777866	S	1284	396	1680	0.00011
Mesorhizobium japonicum	2066070	S	1147	917	2064	0.00013
Aquibium microcysteis	675281	S	5509	1716	7225	0.00047
Aquibium oceanicum	1670800	S	4082	1042	5124	0.00033
Aminobacter sp. MSH1	374606	S	2615	1775	4390	0.00029
Aminobacter sp. SR38	2774562	S	609	2857	3466	0.00023
Aminobacter sp. MDW-2	2666139	S	394	1909	2303	0.00015
Aminobacter aminovorans	83263	S	433	1467	1900	0.00012
Nitratireductor sp. SY7	2599600	S	3504	721	4225	0.00028
Nitratireductor sp. OM-1	1756988	S	1727	315	2042	0.00013
Nitratireductor kimnyeongensis	430679	S	1131	173	1304	0.00009
Phyllobacterium sp. T1018	555316	S	1104	155	1259	0.00008
Phyllobacterium sp. 628	2718938	S	644	96	740	0.00005
Phyllobacterium sp. T1293	555317	S	532	70	602	0.00004
Phyllobacterium zundukense	1867719	S	1388	215	1603	0.00010
Roseitalea porphyridii	1852022	S	2782	532	3314	0.00022
Hoeflea sp. IMCC20628	1620421	S	1043	111	1154	0.00008
Hoeflea phototrophica	244596	S	1040	136	1176	0.00008
Oricola thermophila	2742145	S	2068	322	2390	0.00016
Salaquimonas pukyongi	2712698	S	882	44	926	0.00006
Lentilitoribacter sp. Alg239-R112	2305987	S	70	1	71	0.00000
Pseudolabrys taiwanensis	331696	S	8882	1717	10599	0.00069
Pseudolabrys sp. FHR47	2562284	S	6415	1316	7731	0.00051
Xanthobacter dioxanivorans	2528964	S	5671	2152	7823	0.00051
Xanthobacter sp. YC-JY1	2419844	S	1761	1846	3607	0.00024
Xanthobacter autotrophicus	280	S	1675	1889	3564	0.00023
Starkeya sp. ORNL1	2709380	S	6067	1408	7475	0.00049
Starkeya novella	921	S	4943	2075	7018	0.00046
Ancylobacter sp. TS-1	1850374	S	3691	1757	5448	0.00036
Ancylobacter polymorphus	223390	S	3411	1870	5281	0.00035
Ancylobacter pratisalsi	1745854	S	3042	797	3839	0.00025
Labrys sp. KNU-23	2789216	S	4151	504	4655	0.00030
Azorhizobium caulinodans	7	S	3635	891	4526	0.00030
Rhodoplanes sp. Z2-YC6860	674703	S	18682	2156	20838	0.00136
Hyphomicrobium denitrificans	53399	S	4078	542	4620	0.00030
Hyphomicrobium nitrativorans	1427356	S	3327	337	3664	0.00024
Hyphomicrobium sp. MC1	717785	S	2050	163	2213	0.00014
Methyloceanibacter sp. wino2	2170729	S	2068	480	2548	0.00017
Methyloceanibacter caenitepidi	1384459	S	1998	436	2434	0.00016
Aquabacter sp. L1I39	2820278	S	3319	651	3970	0.00026
Methyloligella sp. GL2	2742204	S	2974	429	3403	0.00022
Rhodomicrobium vannielii	1069	S	2447	200	2647	0.00017
Caenibius sp. WL	2872646	S	951	213	1164	0.00008
Caenibius tardaugens	169176	S	656	561	1217	0.00008
Candidatus Filomicrobium marinum	1608628	S	1017	35	1052	0.00007
Bosea sp. Tri-49	1867715	S	5885	1530	7415	0.00048
Bosea sp. F3-2	2599640	S	5122	1838	6960	0.00045
Bosea sp. RAC05	1842539	S	5109	1863	6972	0.00046
Bosea sp. ANAM02	2020412	S	4150	1719	5869	0.00038
Bosea sp. AS-1	2015316	S	4095	1449	5544	0.00036
Bosea sp. PAMC 26642	1792307	S	3651	872	4523	0.00030
Bosea vaviloviae	1526658	S	4396	1197	5593	0.00037
Devosia sp. A16	1736675	S	5535	732	6267	0.00041
Devosia sp. JXJ CY 41	2917991	S	1824	326	2150	0.00014
Devosia sp. 1566	2499144	S	1804	204	2008	0.00013
Devosia sp. SL43	2806348	S	1772	319	2091	0.00014
Devosia sp. I507	2083786	S	1198	346	1544	0.00010
Devosia sp. MC521	2759954	S	608	103	711	0.00005
Devosia ginsengisoli	400770	S	2204	403	2607	0.00017
Devosia beringensis	2657486	S	1799	272	2071	0.00014
Devosia salina	2860336	S	1720	553	2273	0.00015
Devosia oryziradicis	2801335	S	1700	314	2014	0.00013
Devosia rhizoryzae	2774137	S	1404	156	1560	0.00010
Youhaiella tibetensis	1447062	S	2777	619	3396	0.00022
Paradevosia shaoguanensis	1335043	S	2619	1012	3631	0.00024
Pelagibacterium halotolerans	531813	S	1322	166	1488	0.00010
Maritalea myrionectae	454601	S	322	13	335	0.00002
Aureimonas sp. SA4125	2826993	S	3663	779	4442	0.00029
Aureimonas sp. AU20	1349819	S	3228	528	3756	0.00025
Aureimonas sp. OT7	2816454	S	1714	1475	3189	0.00021
Aureimonas populi	1701758	S	2905	642	3547	0.00023
Aureimonas mangrovi	2758041	S	2507	603	3110	0.00020
Aureimonas altamirensis	370622	S	1694	588	2282	0.00015
Martelella sp. AD-3	686597	S	911	2778	3689	0.00024
Martelella mediterranea	293089	S	1728	692	2420	0.00016
Martelella endophytica	1486262	S	1609	410	2019	0.00013
Martelella lutilitoris	2583532	S	961	853	1814	0.00012
Aurantimonas sp. HBX-1	2906072	S	4878	1662	6540	0.00043
Methylocystis bryophila	655015	S	2433	279	2712	0.00018
Methylocystis parvus	134	S	2432	326	2758	0.00018
Methylocystis heyeri	391905	S	2230	284	2514	0.00016
Methylocystis sp. SC2	187303	S	1453	399	1852	0.00012
Methylocystis sp. SB2	743836	S	547	848	1395	0.00009
Methylocystis rosea	173366	S	1573	1188	2761	0.00018
Methylosinus trichosporium	426	S	3101	687	3788	0.00025
Methylosinus sp. C49	2699395	S	2680	585	3265	0.00021
Nordella sp. HKS 07	2712222	S	7744	502	8246	0.00054
Pseudorhodoplanes sinuspersici	1235591	S	6154	534	6688	0.00044
Terrihabitans soli	708113	S	2889	382	3271	0.00021
Candidatus Hodgkinia cicadicola	573658	S	55	0	55	0.00000
Stappia indica	538381	S	4605	1267	5872	0.00038
Stappia sp. ES.058	1881061	S	2284	331	2615	0.00017
Roseibium aggregatum	187304	S	2558	400	2958	0.00019
Roseibium alexandrii	388408	S	722	73	795	0.00005
Pannonibacter phragmitetus	121719	S	3121	2497	5618	0.00037
Labrenzia sp. VG12	2021862	S	1278	169	1447	0.00009
Labrenzia sp. PHM005	2590016	S	629	53	682	0.00004
Labrenzia sp. THAF82	2587861	S	538	38	576	0.00004
Pseudovibrio brasiliensis	1898042	S	230	79	309	0.00002
Pseudovibrio sp. FO-BEG1	911045	S	213	74	287	0.00002
Phreatobacter stygius	1940610	S	6663	1132	7795	0.00051
Phreatobacter cathodiphilus	1868589	S	5560	1859	7419	0.00048
Phreatobacter sp. NMCR1094	2570229	S	3839	808	4647	0.00030
Kaustia mangrovi	2593653	S	6479	740	7219	0.00047
Parvibaculum lavamentivorans	256618	S	2567	2000	4567	0.00030
Pyruvatibacter mobilis	1712261	S	1846	265	2111	0.00014
Candidatus Phaeomarinobacter ectocarpi	1458461	S	758	45	803	0.00005
Chelatococcus sp. CO-6	1702325	S	5811	3844	9655	0.00063
Chelatococcus daeguensis	444444	S	2844	1850	4694	0.00031
Blastochloris tepida	2233851	S	4543	1764	6307	0.00041
Blastochloris viridis	1079	S	4254	1327	5581	0.00036
Methylocella silvestris	199596	S	2259	289	2548	0.00017
Methylocella tundrae	227605	S	2149	232	2381	0.00016
Methylovirgula ligni	569860	S	1887	254	2141	0.00014
Methylovirgula sp. HY1	2822761	S	1462	97	1559	0.00010
Beijerinckia indica	533	S	1063	95	1158	0.00008
Acuticoccus sp. I52.16.1	2928472	S	6540	840	7380	0.00048
Kaistia sp. 32K	2795690	S	5389	1572	6961	0.00046
Brucella anthropi	529	S	841	566	1407	0.00009
Brucella intermedia	94625	S	815	164	979	0.00006
Brucella sp. BTU1	2840456	S	158	30	188	0.00001
Brucella sp. 09RB8910	1844051	S	63	63	126	0.00001
Brucella sp. 10RB9215	1149953	S	60	62	122	0.00001
Brucella sp. 2280	2592625	S	34	66	100	0.00001
Brucella sp. BO3	2691913	S	31	48	79	0.00001
Brucella sp. 09RB8471	1149952	S	30	52	82	0.00001
Brucella sp. 6810	2769351	S	29	45	74	0.00000
Brucella sp. 458	2821140	S	21	43	64	0.00000
Brucella sp. BO2	693750	S	16	35	51	0.00000
[Ochrobactrum] quorumnocens	271865	S	357	61	418	0.00003
Brucella pseudogrignonensis	419475	S	210	66	276	0.00002
Brucella pituitosa	571256	S	107	37	144	0.00001
Brucella melitensis	29459	S	33	3052	3085	0.00020
Brucella inopinata	1218315	S	25	23	48	0.00000
Brucella abortus	235	S	16	500	516	0.00003
Brucella suis	29461	S	15	1084	1099	0.00007
Brucella ovis	236	S	10	25	35	0.00000
Pseudochrobactrum sp. Wa41.01b-1	2864102	S	110	107	217	0.00001
Pseudochrobactrum sp. XF203	2879116	S	96	84	180	0.00001
Pseudochrobactrum algeriensis	2834768	S	95	96	191	0.00001
Hartmannibacter diazotrophicus	1482074	S	3541	743	4284	0.00028
Lichenihabitans psoromatis	2528642	S	1219	712	1931	0.00013
Lichenihabitans sp. PAMC28606	2880932	S	1019	691	1710	0.00011
Breoghania sp. L-A4	2304600	S	3404	525	3929	0.00026
Cohaesibacter sp. ES.047	1798205	S	671	32	703	0.00005
Bartonella apis	1686310	S	197	15	212	0.00001
Bartonella sp. HY038	2759660	S	41	7	48	0.00000
Bartonella sp. 46A	2893471	S	18	17	35	0.00000
Bartonella sp. WD16.2	1933904	S	12	35	47	0.00000
Bartonella ancashensis	1318743	S	17	4	21	0.00000
Bartonella australis	388640	S	17	3	20	0.00000
Bartonella birtlesii	111504	S	15	11	26	0.00000
Bartonella vinsonii	33047	S	14	15	29	0.00000
Bartonella grahamii	33045	S	11	18	29	0.00000
Bartonella alsatica	52764	S	10	5	15	0.00000
Bartonella bacilliformis	774	S	10	2	12	0.00000
Sphingomonas sp. S8-45	2938948	S	8517	1143	9660	0.00063
Sphingomonas sp. HDW15A	2714942	S	7602	695	8297	0.00054
Sphingomonas sp. DM2-R-LB4	2899123	S	7110	2609	9719	0.00064
Sphingomonas sp. MM-1	745310	S	4805	6693	11498	0.00075
Sphingomonas sp. CL5.1	2653203	S	4766	1737	6503	0.00043
Sphingomonas sp. AK-PDB1-5	2872652	S	4499	799	5298	0.00035
Sphingomonas sp. Cra20	1327635	S	4194	719	4913	0.00032
Sphingomonas sp. AP4-R1	2735134	S	4103	578	4681	0.00031
Sphingomonas sp. LM7	1938607	S	3601	853	4454	0.00029
Sphingomonas sp. S2-65	2903960	S	3340	741	4081	0.00027
Sphingomonas sp. NBWT7	2596913	S	3286	1203	4489	0.00029
Sphingomonas sp. AAP5	1523415	S	3242	911	4153	0.00027
Sphingomonas sp. FARSPH	2219696	S	3181	2880	6061	0.00040
Sphingomonas sp. PAMC26645	2565555	S	2573	918	3491	0.00023
Sphingomonas sp. HMP9	1517554	S	2443	1163	3606	0.00024
Sphingomonas sp. KC8	1030157	S	2346	332	2678	0.00018
Sphingomonas sp. HMP6	1517551	S	2176	463	2639	0.00017
Sphingomonas sp. LK11	1390395	S	1588	1707	3295	0.00022
Sphingomonas sp. NIC1	1961362	S	1394	4577	5971	0.00039
Sphingomonas sp. IC081	304378	S	464	2982	3446	0.00023
Sphingomonas sediminicola	386874	S	27434	2931	30365	0.00198
Sphingomonas daechungensis	1176646	S	20217	2172	22389	0.00146
Sphingomonas lutea	1045317	S	17364	2514	19878	0.00130
Sphingomonas sabuli	2764186	S	11494	1577	13071	0.00085
Sphingomonas ginsengisoli An et al. 2013	363835	S	11334	1718	13052	0.00085
Sphingomonas sinipercae	2714944	S	11018	1659	12677	0.00083
Sphingomonas xanthus	2594473	S	10330	2447	12777	0.00084
Sphingomonas rhizophila	2071607	S	10277	2789	13066	0.00085
Sphingomonas piscis	2714943	S	7993	831	8824	0.00058
Sphingomonas profundi	2681549	S	5917	1042	6959	0.00045
Sphingomonas alpina	653931	S	5458	496	5954	0.00039
Sphingomonas sanxanigenens	397260	S	5083	2600	7683	0.00050
Sphingomonas koreensis	93064	S	3854	3052	6906	0.00045
Sphingomonas changnyeongensis	2698679	S	3738	813	4551	0.00030
Sphingomonas hengshuiensis	1609977	S	3710	526	4236	0.00028
Sphingomonas taxi	1549858	S	3578	1213	4791	0.00031
Sphingomonas panacis	1560345	S	3539	573	4112	0.00027
Sphingomonas panacisoli	1813879	S	3012	446	3458	0.00023
Sphingomonas radiodurans	2890321	S	2808	412	3220	0.00021
Sphingomonas suaedae	2599297	S	2795	393	3188	0.00021
Sphingomonas insulae	424800	S	2510	781	3291	0.00022
Sphingomonas aliaeris	2759526	S	2237	311	2548	0.00017
Sphingomonas paucimobilis	13689	S	2234	1542	3776	0.00025
Sphingomonas sanguinis	33051	S	1743	1640	3383	0.00022
Sphingomonas melonis	152682	S	1485	5745	7230	0.00047
Sphingomonas lacunae	2698828	S	1247	203	1450	0.00009
Sphingomonas paeninsulae	2319844	S	966	49	1015	0.00007
Sphingobium sp. Cam5-1	2789327	S	3656	1409	5065	0.00033
Sphingobium sp. SYK-6	627192	S	2756	802	3558	0.00023
Sphingobium sp. EP60837	1855519	S	1764	547	2311	0.00015
Sphingobium sp. TKS	1315974	S	1700	2673	4373	0.00029
Sphingobium sp. CAP-1	2676077	S	1567	1028	2595	0.00017
Sphingobium sp. YG1	2082188	S	1467	657	2124	0.00014
Sphingobium sp. RAC03	1843368	S	1410	289	1699	0.00011
Sphingobium sp. SCG-1	2072936	S	1396	124	1520	0.00010
Sphingobium sp. MI1205	407020	S	1270	1914	3184	0.00021
Sphingobium sp. KCTC 72723	2733867	S	1039	204	1243	0.00008
Sphingobium sp. PAMC28499	2565554	S	456	891	1347	0.00009
Sphingobium sp. YBL2	484429	S	226	1439	1665	0.00011
Sphingobium sp. RSMS	520734	S	181	1019	1200	0.00008
Sphingobium sp. LF-16	2185111	S	38	594	632	0.00004
Sphingobium yanoikuyae	13690	S	2847	5546	8393	0.00055
Sphingobium indicum	332055	S	2057	1683	3740	0.00024
Sphingobium phenoxybenzoativorans	1592790	S	1883	799	2682	0.00018
Sphingobium amiense	135719	S	1835	2366	4201	0.00027
Sphingobium cloacae	120107	S	1615	2495	4110	0.00027
Sphingobium xenophagum	121428	S	1425	996	2421	0.00016
Sphingobium chlorophenolicum	46429	S	1372	657	2029	0.00013
Sphingobium baderi	1332080	S	1290	1368	2658	0.00017
Sphingobium herbicidovorans	76947	S	1162	1122	2284	0.00015
Sphingobium fuliginis	336203	S	734	2778	3512	0.00023
Sphingopyxis sp. QXT-31	1357916	S	2553	773	3326	0.00022
Sphingopyxis sp. YF1	2482763	S	2503	636	3139	0.00021
Sphingopyxis sp. OPL5	2486273	S	2430	508	2938	0.00019
Sphingopyxis sp. PAMC25046	2565556	S	2293	1103	3396	0.00022
Sphingopyxis sp. BSN-002	2911495	S	2163	427	2590	0.00017
Sphingopyxis sp. 113P3	292913	S	2133	878	3011	0.00020
Sphingopyxis sp. FD7	1914525	S	1840	824	2664	0.00017
Sphingopyxis sp. EG6	1874061	S	1576	841	2417	0.00016
Sphingopyxis sp. MG	1866325	S	118	1109	1227	0.00008
Sphingopyxis macrogoltabida	33050	S	3993	2096	6089	0.00040
Sphingopyxis terrae	33052	S	2337	1390	3727	0.00024
Sphingopyxis lindanitolerans	2054227	S	2057	1075	3132	0.00020
Sphingopyxis fribergensis	1515612	S	1807	747	2554	0.00017
Sphingopyxis granuli	267128	S	1805	5120	6925	0.00045
Sphingopyxis alaskensis	117207	S	1743	429	2172	0.00014
Novosphingobium sp. Gsoil 351	2675225	S	3077	303	3380	0.00022
Novosphingobium sp. Sx8-5	2896849	S	2845	428	3273	0.00021
Novosphingobium sp. EMRT-2	2571749	S	2370	1514	3884	0.00025
Novosphingobium sp. P6W	1609758	S	2072	397	2469	0.00016
Novosphingobium sp. THN1	1016987	S	1450	540	1990	0.00013
Novosphingobium sp. ES2-1	2780074	S	1449	779	2228	0.00015
Novosphingobium sp. PP1Y	702113	S	1008	1173	2181	0.00014
Novosphingobium sp. KA1	164608	S	547	2859	3406	0.00022
Novosphingobium resinovorum	158500	S	2717	1419	4136	0.00027
Novosphingobium aromaticivorans	48935	S	2101	1039	3140	0.00021
Novosphingobium decolorationis	2698673	S	2043	1207	3250	0.00021
Novosphingobium ginsenosidimutans	1176536	S	1515	176	1691	0.00011
Novosphingobium pentaromativorans	205844	S	885	1556	2441	0.00016
Rhizorhabdus wittichii	160791	S	6353	4045	10398	0.00068
Rhizorhabdus dicambivorans	1850238	S	3812	3308	7120	0.00047
Rhizorhabdus phycosphaerae	2711156	S	2866	399	3265	0.00021
Allosphingosinicella indica	941907	S	7309	1010	8319	0.00054
Sphingosinithalassobacter sp. CS137	2762748	S	3325	746	4071	0.00027
Sphingosinithalassobacter tenebrarum	2711215	S	2327	764	3091	0.00020
Parasphingopyxis algicola	2026624	S	3219	231	3450	0.00023
Parasphingopyxis sp. CP4	2724527	S	824	41	865	0.00006
Sphingorhabdus sp. YGSMI21	2077182	S	845	145	990	0.00006
Sphingorhabdus sp. SMR4y	2584094	S	815	146	961	0.00006
Sphingorhabdus sp. M41	1806885	S	620	86	706	0.00005
Sphingorhabdus lacus	392610	S	506	25	531	0.00003
Sphingorhabdus lutea	1913578	S	78	7	85	0.00001
Blastomonas sp. RAC04	1842535	S	699	1081	1780	0.00012
Blastomonas fulva	1550728	S	580	1153	1733	0.00011
Hankyongella ginsenosidimutans	1763828	S	2601	543	3144	0.00021
Tardibacter chloracetimidivorans	1921510	S	2117	1772	3889	0.00025
Citromicrobium sp. JL477	1634516	S	1555	758	2313	0.00015
Novosphingopyxis iocasae	2762729	S	1424	844	2268	0.00015
Parasphingorhabdus sp. JHSY0214	2806553	S	331	21	352	0.00002
Parasphingorhabdus halotolerans	2725558	S	296	13	309	0.00002
Parasphingorhabdus litoris	394733	S	254	17	271	0.00002
Aquisediminimonas profunda	1550733	S	863	40	903	0.00006
Erythrobacter sp. HL-111	1798193	S	2076	416	2492	0.00016
Erythrobacter sp. JK5	2829500	S	1467	441	1908	0.00012
Erythrobacter sp. HKB08	2502843	S	1362	309	1671	0.00011
Erythrobacter sp. SDW2	2907154	S	1310	364	1674	0.00011
Erythrobacter sp. THAF29	2587851	S	865	204	1069	0.00007
Erythrobacter sp. 3-20A1M	2653850	S	776	1203	1979	0.00013
Erythrobacter sp. KY5	2011159	S	715	61	776	0.00005
Erythrobacter sp. A30-3	2785907	S	714	558	1272	0.00008
Erythrobacter sp. LQ02-29	2920384	S	624	692	1316	0.00009
Erythrobacter sp. SCSIO 43205	2779361	S	363	72	435	0.00003
Erythrobacter litoralis	39960	S	2490	1082	3572	0.00023
Erythrobacter neustonensis	1112	S	1071	263	1334	0.00009
Erythrobacter mangrovi	2739433	S	1023	368	1391	0.00009
Erythrobacter aureus	2182384	S	826	162	988	0.00006
Porphyrobacter sp. CACIAM 03H1	2003315	S	2156	664	2820	0.00018
Porphyrobacter sp. GA68	2883480	S	1126	546	1672	0.00011
Porphyrobacter sp. HT-58-2	2023229	S	1103	277	1380	0.00009
Porphyrobacter sp. LM 6	1896196	S	1071	395	1466	0.00010
Qipengyuania flava	192812	S	2940	1694	4634	0.00030
Qipengyuania sediminis	1532023	S	1713	279	1992	0.00013
Qipengyuania soli	2782568	S	1162	230	1392	0.00009
Qipengyuania aurantiaca	2867233	S	994	346	1340	0.00009
Qipengyuania gelatinilytica	2867231	S	861	170	1031	0.00007
Qipengyuania seohaensis	266951	S	762	166	928	0.00006
Qipengyuania xiapuensis	2867236	S	588	574	1162	0.00008
Qipengyuania aquimaris	255984	S	538	530	1068	0.00007
Qipengyuania psychrotolerans	2867238	S	506	74	580	0.00004
Croceicoccus sp. YJ47	2798724	S	1319	860	2179	0.00014
Croceicoccus sp. Ery5	1703340	S	506	570	1076	0.00007
Croceicoccus sp. Ery15	1703338	S	383	624	1007	0.00007
Croceicoccus marinus	450378	S	2374	1278	3652	0.00024
Croceicoccus naphthovorans	1348774	S	986	1194	2180	0.00014
Altererythrobacter sp. B11	2060312	S	1936	932	2868	0.00019
Altererythrobacter sp. TH136	2067415	S	1590	322	1912	0.00013
Altererythrobacter sp. BO-6	2604537	S	936	156	1092	0.00007
Altererythrobacter sp. ZODW24	2185142	S	404	23	427	0.00003
Altererythrobacter epoxidivorans	361183	S	765	222	987	0.00006
Altererythrobacter ishigakiensis	476157	S	367	31	398	0.00003
Tsuneonella amylolytica	2338327	S	2067	624	2691	0.00018
Tsuneonella dongtanensis	692370	S	1876	396	2272	0.00015
Tsuneonella mangrovi	1982042	S	1297	210	1507	0.00010
Tsuneonella flava	2055955	S	611	186	797	0.00005
Aurantiacibacter gangjinensis	502682	S	839	89	928	0.00006
Aurantiacibacter atlanticus	1648404	S	425	136	561	0.00004
Pelagerythrobacter marensis	543877	S	1161	175	1336	0.00009
Paraurantiacibacter namhicola	645517	S	1119	160	1279	0.00008
Croceibacterium atlanticum	1267766	S	852	362	1214	0.00008
Sphingosinicella sp. BN140058	1892855	S	7788	802	8590	0.00056
Sphingosinicella flava	2771430	S	3518	561	4079	0.00027
Sphingosinicella microcystinivorans	335406	S	2649	366	3015	0.00020
Polymorphobacter sp. PAMC 29362	2835787	S	1667	1171	2838	0.00019
Polymorphobacter sp. PAMC 29334	2862331	S	1564	1134	2698	0.00018
Sandaracinobacter sp. M6	2759707	S	2385	187	2572	0.00017
Zymomonas mobilis	542	S	160	175	335	0.00002
Azospirillum brasilense	192	S	12276	10636	22912	0.00150
Azospirillum sp. B510	137722	S	3418	1281	4699	0.00031
Azospirillum sp. TSH100	652764	S	2924	1346	4270	0.00028
Azospirillum sp. TSA2s	709810	S	2776	2085	4861	0.00032
Azospirillum sp. TSH58	664962	S	2204	2884	5088	0.00033
Azospirillum thermophilum	2202148	S	8772	2154	10926	0.00071
Azospirillum thiophilum	528244	S	4414	1482	5896	0.00039
Azospirillum ramasamyi	682998	S	2830	1648	4478	0.00029
Azospirillum humicireducens	1226968	S	2284	1322	3606	0.00024
Azospirillum oryzae	286727	S	2214	1890	4104	0.00027
Azospirillum lipoferum	193	S	2174	1595	3769	0.00025
Azospirillum baldaniorum	1064539	S	1390	2749	4139	0.00027
Skermanella mucosa	1789672	S	5698	3862	9560	0.00062
Skermanella sp. TT6	2775420	S	5370	5428	10798	0.00071
Skermanella rosea	1817965	S	5088	4486	9574	0.00063
Skermanella pratensis	2233999	S	4515	2465	6980	0.00046
Nitrospirillum amazonense	28077	S	4729	609	5338	0.00035
Indioceanicola profundi	2220096	S	4173	637	4810	0.00031
Niveispirillum cyanobacteriorum	1612173	S	2019	238	2257	0.00015
Roseomonas sp. OT10	2897332	S	9987	2624	12611	0.00082
Roseomonas sp. S08	1750527	S	9228	637	9865	0.00064
Roseomonas sp. FDAARGOS_362	2018065	S	723	3538	4261	0.00028
Roseomonas gilardii	257708	S	6571	3023	9594	0.00063
Roseomonas haemaphysalidis	2768162	S	5728	725	6453	0.00042
Roseomonas marmotae	2768161	S	5121	640	5761	0.00038
Roseomonas mucosa	207340	S	570	3257	3827	0.00025
Rhodovastum atsumiense	504468	S	7484	837	8321	0.00054
Roseococcus microcysteis	2771361	S	5738	573	6311	0.00041
Komagataeibacter xylinus	28448	S	1420	2491	3911	0.00026
Komagataeibacter saccharivorans	265959	S	536	195	731	0.00005
Komagataeibacter nataicola	265960	S	439	204	643	0.00004
Komagataeibacter oboediens	65958	S	394	201	595	0.00004
Komagataeibacter medellinensis	1177712	S	373	304	677	0.00004
Komagataeibacter europaeus	33995	S	353	179	532	0.00003
Komagataeibacter rhaeticus	215221	S	20	341	361	0.00002
Acidiphilium multivorum	62140	S	1086	4657	5743	0.00038
Acidiphilium cryptum	524	S	249	1653	1902	0.00012
Sediminicoccus rosea	1225128	S	3723	205	3928	0.00026
Lichenicola cladoniae	1484109	S	3161	168	3329	0.00022
Acidibrevibacterium fodinaquatile	1969806	S	3034	290	3324	0.00022
Acetobacter aceti	435	S	1190	438	1628	0.00011
Acetobacter sp. KACC 21233	2592655	S	297	64	361	0.00002
Acetobacter persici	1076596	S	296	42	338	0.00002
Acetobacter ghanensis	431306	S	158	41	199	0.00001
Acetobacter pasteurianus	438	S	129	257	386	0.00003
Acetobacter tropicalis	104102	S	117	111	228	0.00001
Acetobacter orientalis	146474	S	82	12	94	0.00001
Acetobacter senegalensis	446692	S	70	73	143	0.00001
Acetobacter ascendens	481146	S	70	76	146	0.00001
Acetobacter oryzoeni	2500548	S	25	41	66	0.00000
Acetobacter oryzifermentans	1633874	S	14	116	130	0.00001
Gluconacetobacter diazotrophicus	33996	S	2060	446	2506	0.00016
Gluconobacter oxydans	442	S	750	742	1492	0.00010
Gluconobacter albidus	318683	S	324	59	383	0.00003
Gluconobacter sphaericus	574987	S	257	60	317	0.00002
Gluconobacter frateurii	38308	S	147	38	185	0.00001
Gluconobacter thailandicus	257438	S	71	48	119	0.00001
Granulibacter bethesdensis	364410	S	1287	128	1415	0.00009
Asaia bogorensis	91915	S	905	168	1073	0.00007
Neoasaia chiangmaiensis	320497	S	818	171	989	0.00006
Kozakia baliensis	153496	S	522	187	709	0.00005
Novacetimonas hansenii	436	S	521	260	781	0.00005
Oecophyllibacter saccharovorans	2558360	S	446	17	463	0.00003
Parasaccharibacter sp. TMW 2.1888	2268025	S	35	150	185	0.00001
Parasaccharibacter apium	1510841	S	25	102	127	0.00001
Swingsia sp. F3b2	2558361	S	208	6	214	0.00001
Swingsia samuiensis	1293412	S	25	4	29	0.00000
Entomobacter blattae	2762277	S	97	8	105	0.00001
Neokomagataea tanensis	661191	S	94	17	111	0.00001
Bombella sp. KACC 21507	2697033	S	20	2	22	0.00000
Hypericibacter adhaerens	2602016	S	10921	2077	12998	0.00085
Hypericibacter terrae	2602015	S	8774	1321	10095	0.00066
Magnetospirillum sp. XM-1	1663591	S	2438	810	3248	0.00021
Magnetospirillum sp. ME-1	1639348	S	2200	792	2992	0.00020
Magnetospirillum gryphiswaldense	55518	S	3000	279674	282674	0.01848
Magnetospirillum magneticum	84159	S	2443	292	2735	0.00018
Rhodospirillum centenum	34018	S	5227	824	6051	0.00040
Rhodospirillum rubrum	1085	S	2522	217	2739	0.00018
Ferrovibrio terrae	2594003	S	5495	380	5875	0.00038
Tistrella mobilis	171437	S	5462	2735	8197	0.00054
Defluviicoccus vanus	111831	S	3370	330	3700	0.00024
Pararhodospirillum photometricum	1084	S	1717	150	1867	0.00012
Haematospirillum jordaniae	1549855	S	321	33	354	0.00002
Candidatus Endolissoclinum faulkneri	1263979	S	171	2	173	0.00001
Stella humosa	94	S	12115	926	13041	0.00085
Elioraea tepida	2843330	S	5770	330	6100	0.00040
Thalassospira sp. A40-3	2785908	S	278	111	389	0.00003
Thalassospira sp. B30-1	2785911	S	160	243	403	0.00003
Thalassospira marina	2048283	S	397	28	425	0.00003
Thalassospira indica	1891279	S	273	178	451	0.00003
Thalassospira xiamenensis	220697	S	174	249	423	0.00003
Magnetospira sp. QH-2	1288970	S	1244	48	1292	0.00008
Terasakiella sp. SH-1	2560057	S	132	3	135	0.00001
Paracoccus sp. MC1862	2760307	S	1759	198	1957	0.00013
Paracoccus sp. MA	2895796	S	1462	768	2230	0.00015
Paracoccus sp. AK26	2589076	S	1303	226	1529	0.00010
Paracoccus sp. H4-D09	2812658	S	828	176	1004	0.00007
Paracoccus sp. S8-55	2903900	S	808	110	918	0.00006
Paracoccus sp. Arc7-R13	2500532	S	521	511	1032	0.00007
Paracoccus sanguinis	1545044	S	2611	714	3325	0.00022
Paracoccus liaowanqingii	2560053	S	1849	222	2071	0.00014
Paracoccus yeei	147645	S	1821	2778	4599	0.00030
Paracoccus denitrificans	266	S	1785	1646	3431	0.00022
Paracoccus aminovorans	34004	S	1539	456	1995	0.00013
Paracoccus zhejiangensis	1077935	S	1520	374	1894	0.00012
Paracoccus pantotrophus	82367	S	1500	869	2369	0.00015
Paracoccus suum	2259340	S	1476	275	1751	0.00011
Paracoccus jeotgali	2065379	S	1389	273	1662	0.00011
Paracoccus contaminans	1945662	S	1371	317	1688	0.00011
Paracoccus aminophilus	34003	S	1177	121	1298	0.00008
Paracoccus kondratievae	135740	S	690	135	825	0.00005
Paracoccus tegillarcae	1529068	S	685	42	727	0.00005
Paracoccus marcusii	59779	S	582	506	1088	0.00007
Paracoccus mutanolyticus	1499308	S	260	827	1087	0.00007
Cereibacter sphaeroides	1063	S	5578	2587	8165	0.00053
Cereibacter azotoformans	43057	S	648	2124	2772	0.00018
Rhodobacter sp. CZR27	2033869	S	2285	728	3013	0.00020
Rhodobacter sp. N10	2807096	S	1742	214	1956	0.00013
Rhodobacter sp. LPB0142	1850250	S	1657	1276	2933	0.00019
Rhodobacter capsulatus	1061	S	2201	472	2673	0.00017
Rhodovulum sp. P5	1564506	S	1232	140	1372	0.00009
Rhodovulum sp. MB263	308754	S	1170	497	1667	0.00011
Rhodovulum sulfidophilum	35806	S	1737	1076	2813	0.00018
Paroceanicella profunda	2579971	S	3883	1061	4944	0.00032
Polymorphum gilvum	991904	S	3863	1015	4878	0.00032
Pikeienuella piscinae	2748098	S	2754	277	3031	0.00020
Pontivivens ytuae	2789856	S	2574	213	2787	0.00018
Silicimonas algicola	1826607	S	2352	148	2500	0.00016
Thioclava electrotropha	1549850	S	1123	282	1405	0.00009
Thioclava nitratireducens	1915078	S	925	319	1244	0.00008
Pelagovum pacificum	2588711	S	2127	280	2407	0.00016
Frigidibacter mobilis	1335048	S	1833	809	2642	0.00017
Pukyongiella litopenaei	2605946	S	1592	389	1981	0.00013
Brevirhabdus pacifica	1267768	S	1487	715	2202	0.00014
Gymnodinialimonas ceratoperidinii	2856823	S	1254	126	1380	0.00009
Fuscovulum blasticum	1075	S	1253	165	1418	0.00009
Haematobacter massiliensis	195105	S	1148	475	1623	0.00011
Falsirhodobacter sp. PG104	2692330	S	1118	170	1288	0.00008
Pseudopuniceibacterium antarcticum	2613965	S	1040	85	1125	0.00007
Gemmobacter aquarius	2169400	S	1028	237	1265	0.00008
Tabrizicola piscis	2494374	S	1026	97	1123	0.00007
Pacificitalea manganoxidans	1411902	S	943	211	1154	0.00008
Pseudooceanicola algae	1537215	S	943	98	1041	0.00007
Monaibacterium sp. h42	2758038	S	862	205	1067	0.00007
Roseicitreum antarcticum	564137	S	829	45	874	0.00006
Tritonibacter mobilis	379347	S	620	288	908	0.00006
Rhodophyticola sp. CCM32	2916397	S	533	16	549	0.00004
Yoonia vestfoldensis	245188	S	532	122	654	0.00004
Qingshengfaniella alkalisoli	2599296	S	512	30	542	0.00004
Pseudohalocynthiibacter aestuariivivens	1591409	S	491	99	590	0.00004
Rhodobaca barguzinensis	441209	S	413	20	433	0.00003
Pseudorhodobacter turbinis	2500533	S	409	28	437	0.00003
Profundibacter amoris	2171755	S	388	14	402	0.00003
Parasedimentitalea marina	2483033	S	328	16	344	0.00002
Aestuarium zhoushanense	2820523	S	294	121	415	0.00003
Cognatishimia activa	1715691	S	273	13	286	0.00002
Planktomarina temperata	1284658	S	163	4	167	0.00001
Roseovarius sp. SCSIO 43702	2823043	S	1755	143	1898	0.00012
Roseovarius sp. THAF9	2587847	S	906	218	1124	0.00007
Roseovarius sp. THAF27	2587850	S	397	625	1022	0.00007
Roseovarius sp. THAF8	2587846	S	359	526	885	0.00006
Roseovarius sp. TM1035	391613	S	162	282	444	0.00003
Roseovarius indicus	540747	S	2253	710	2963	0.00019
Roseovarius faecimaris	2494550	S	943	41	984	0.00006
Roseovarius mucosus	215743	S	168	299	467	0.00003
Sulfitobacter sp. JK7-1	2829501	S	977	56	1033	0.00007
Sulfitobacter sp. THAF37	2587855	S	906	373	1279	0.00008
Sulfitobacter sp. D7	1968541	S	436	158	594	0.00004
Sulfitobacter sp. SK011	1389004	S	404	10	414	0.00003
Sulfitobacter sp. JL08	2070369	S	399	9	408	0.00003
Sulfitobacter sp. DSM 110093	2883127	S	326	85	411	0.00003
Sulfitobacter sp. BSw21498	664426	S	244	37	281	0.00002
Sulfitobacter sp. SK012	1389005	S	239	4	243	0.00002
Sulfitobacter sp. SK025	1389011	S	94	174	268	0.00002
Sulfitobacter sp. CB2047	1525218	S	74	180	254	0.00002
Sulfitobacter sp. B30-2	2785912	S	74	138	212	0.00001
Sulfitobacter alexandrii	1917485	S	1344	675	2019	0.00013
Sulfitobacter mediterraneus	83219	S	625	63	688	0.00005
Sulfitobacter indolifex	225422	S	392	84	476	0.00003
Sulfitobacter dubius	218673	S	377	155	532	0.00003
Sulfitobacter pontiacus	60137	S	169	330	499	0.00003
Salipiger profundus	1229727	S	2711	1214	3925	0.00026
Salipiger abyssi	1250539	S	1858	744	2602	0.00017
Salipiger sp. CCB-MM3	1792508	S	1678	247	1925	0.00013
Roseivivax sp. THAF30	2587852	S	1251	271	1522	0.00010
Roseivivax sp. THAF40	2587858	S	47	940	987	0.00006
Roseivivax sp. THAF197b	2588299	S	28	432	460	0.00003
Roseivivax marinus	1379903	S	2493	414	2907	0.00019
Celeribacter indicus	1208324	S	1991	978	2969	0.00019
Celeribacter ethanolicus	1758178	S	739	256	995	0.00007
Celeribacter baekdonensis	875171	S	315	84	399	0.00003
Celeribacter marinus	1397108	S	256	9	265	0.00002
Phaeobacter gallaeciensis	60890	S	975	426	1401	0.00009
Phaeobacter inhibens	221822	S	790	339	1129	0.00007
Phaeobacter piscinae	1580596	S	315	283	598	0.00004
Phaeobacter porticola	1844006	S	230	78	308	0.00002
Phaeobacter sp. LSS9	681157	S	64	107	171	0.00001
Leisingera aquaemixtae	1396826	S	1127	201	1328	0.00009
Leisingera sp. NJS201	2508306	S	236	336	572	0.00004
Leisingera sp. NJS204	2508307	S	200	301	501	0.00003
Leisingera methylohalidivorans	133924	S	756	158	914	0.00006
Ruegeria sp. TM1040	292414	S	482	84	566	0.00004
Ruegeria sp. THAF33	2587853	S	356	92	448	0.00003
Ruegeria sp. SCSIO 43209	2793010	S	297	56	353	0.00002
Ruegeria sp. AD91A	2293862	S	287	33	320	0.00002
Ruegeria pomeroyi	89184	S	1239	237	1476	0.00010
Yangia pacifica	311180	S	2262	400	2662	0.00017
Sagittula sp. P11	2009329	S	2207	917	3124	0.00020
Sulfitobacter pseudonitzschiae	1402135	S	1454	523	1977	0.00013
Pseudosulfitobacter sp. DSM 107133	2883100	S	500	209	709	0.00005
Ponticoccus alexandrii	1943633	S	1638	253	1891	0.00012
Mameliella alba	561184	S	1546	291	1837	0.00012
Roseobacter ponti	1891787	S	586	16	602	0.00004
Roseobacter denitrificans	2434	S	422	51	473	0.00003
Roseobacter litoralis	42443	S	379	50	429	0.00003
Dinoroseobacter shibae	215813	S	1429	520	1949	0.00013
Ketogulonicigenium vulgare	92945	S	657	185	842	0.00006
Ketogulonicigenium robustum	92947	S	550	75	625	0.00004
Roseibacterium elongatum	159346	S	1159	103	1262	0.00008
Oceanicola sp. D3	2587163	S	1156	62	1218	0.00008
Octadecabacter sp. SW4	2602067	S	431	62	493	0.00003
Octadecabacter antarcticus	1217908	S	273	28	301	0.00002
Octadecabacter arcticus	53946	S	243	30	273	0.00002
Octadecabacter temperatus	1458307	S	155	3	158	0.00001
Actibacterium sp. EMB200-NS6	1609966	S	1082	524	1606	0.00011
Antarctobacter heliothermus	74033	S	807	43	850	0.00006
Thalassococcus sp. S3	2017482	S	801	21	822	0.00005
Maribius sp. THAF1	2587842	S	789	44	833	0.00005
Tateyamaria omphalii	299262	S	777	27	804	0.00005
Jannaschia sp. CCS1	290400	S	734	20	754	0.00005
Thalassobius gelatinovorus	53501	S	444	25	469	0.00003
Falsihalocynthiibacter arcticus	1579316	S	191	6	197	0.00001
Caulobacter sp. S6	2823693	S	5478	614	6092	0.00040
Caulobacter sp. FWC26	69665	S	1838	712	2550	0.00017
Caulobacter segnis	88688	S	6354	2359	8713	0.00057
Caulobacter mirabilis	69666	S	5318	985	6303	0.00041
Caulobacter vibrioides	155892	S	4188	3517	7705	0.00050
Caulobacter flavus	1679497	S	4116	1065	5181	0.00034
Caulobacter rhizosphaerae	2010972	S	3828	986	4814	0.00031
Caulobacter soli	2708539	S	3092	868	3960	0.00026
Caulobacter henricii	69395	S	1719	270	1989	0.00013
Brevundimonas sp. M20	2591463	S	1893	293	2186	0.00014
Brevundimonas sp. PAMC22021	2861285	S	1806	397	2203	0.00014
Brevundimonas sp. LM2	1938605	S	1805	311	2116	0.00014
Brevundimonas sp. MF30-B	2561924	S	1710	269	1979	0.00013
Brevundimonas sp. AJA228-03	2752515	S	1271	168	1439	0.00009
Brevundimonas sp. CS1	2813778	S	482	479	961	0.00006
Brevundimonas sp. SGAir0440	2579977	S	426	410	836	0.00005
Brevundimonas sp. DS20	1532555	S	352	911	1263	0.00008
Brevundimonas sp. GW460-12-10-14-LB2	1827469	S	325	568	893	0.00006
Brevundimonas sp. 'scallop'	2562582	S	312	550	862	0.00006
Brevundimonas sp. Bb-A	2560058	S	304	657	961	0.00006
Brevundimonas naejangsanensis	588932	S	3095	1051	4146	0.00027
Brevundimonas albigilva	1312364	S	2098	1150	3248	0.00021
Brevundimonas goettingensis	2774190	S	2013	315	2328	0.00015
Brevundimonas subvibrioides	74313	S	1777	316	2093	0.00014
Brevundimonas pondensis	2774189	S	1251	376	1627	0.00011
Brevundimonas diminuta	293	S	1241	2285	3526	0.00023
Brevundimonas vitisensis	2800818	S	1150	141	1291	0.00008
Brevundimonas mediterranea	74329	S	1135	432	1567	0.00010
Brevundimonas nasdae	172043	S	1088	778	1866	0.00012
Brevundimonas vesicularis	41276	S	315	684	999	0.00007
Brevundimonas vancanneytii	1325724	S	304	1141	1445	0.00009
Phenylobacterium zucineum	284016	S	16463	3404	19867	0.00130
Phenylobacterium parvum	2201350	S	3319	370	3689	0.00024
Terricaulis silvestris	2686094	S	5795	215	6010	0.00039
Asticcacaulis excentricus	78587	S	1336	228	1564	0.00010
Asticcacaulis sp. AND118	2840468	S	1129	185	1314	0.00009
Hyphomonas sp. CACIAM 19H1	1873716	S	992	144	1136	0.00007
Hyphomonas sp. Mor2	1906738	S	641	14	655	0.00004
Hyphomonas sp. KY3	2016196	S	543	63	606	0.00004
Hyphomonas neptunium	81032	S	934	93	1027	0.00007
Candidatus Viadribacter manganicus	1759059	S	2976	85	3061	0.00020
Hirschia baltica	2724	S	65	1	66	0.00000
Marinicauda algicola	2029849	S	3026	546	3572	0.00023
Maricaulis maris	74318	S	950	68	1018	0.00007
Glycocaulis alkaliphilus	1434191	S	897	51	948	0.00006
Hyphobacterium sp. CCMP332	2749086	S	688	33	721	0.00005
Aquisalinus flavus	1526572	S	1283	69	1352	0.00009
Parvularcula bermudensis	208216	S	540	68	608	0.00004
Anaplasma ovis	142058	S	72	13	85	0.00001
Anaplasma platys	949	S	29	5	34	0.00000
Anaplasma marginale	770	S	27	39	66	0.00000
Anaplasma centrale	769	S	19	16	35	0.00000
Wolbachia endosymbiont of Oedothorax gibbosus	931100	S	14	58	72	0.00000
Neorickettsia helminthoeca	33994	S	11	34	45	0.00000
Candidatus Neoehrlichia mikurensis	89586	S	14	5	19	0.00000
Rickettsia tillamookensis	2761623	S	95	50	145	0.00001
Rickettsia endosymbiont of Bemisia tabaci	337479	S	15	12	27	0.00000
Rickettsia endosymbiont of Oedothorax gibbosus	931099	S	12	1	13	0.00000
Rickettsia canadensis	788	S	14	0	14	0.00000
Rickettsia bellii	33990	S	11	8	19	0.00000
Orientia tsutsugamushi	784	S	28	1	29	0.00000
Candidatus Sneabacter namystus	2601646	S	13	1	14	0.00000
Candidatus Phycorickettsia trachydisci	2115978	S	77	4	81	0.00001
Candidatus Midichloria mitochondrii	234827	S	27	4	31	0.00000
Candidatus Fokinia solitaria	1802984	S	15	0	15	0.00000
Candidatus Deianiraea vastatrix	2163644	S	35	0	35	0.00000
Rickettsiales endosymbiont of Stachyamoeba lipophora	2486578	S	24	3	27	0.00000
Luteithermobacter gelatinilyticus	2582913	S	395	83	478	0.00003
Paremcibacter congregatus	2043170	S	374	12	386	0.00003
Micavibrio aeruginosavorus	349221	S	647	10	657	0.00004
Candidatus Puniceispirillum marinum	767892	S	113	3	116	0.00001
Candidatus Cytomitobacter indipagum	2601575	S	25	7	32	0.00000
Candidatus Cytomitobacter primus	2066024	S	13	3	16	0.00000
Candidatus Hydrogenosomobacter endosymbioticus	2558174	S	38	1	39	0.00000
Candidatus Gromoviella agglomerans	2806609	S	32	1	33	0.00000
endosymbiont of Acanthamoeba sp. UWC8	86106	S	30	0	30	0.00000
Candidatus Nesciobacter abundans	2601668	S	20	3	23	0.00000
Candidatus Nucleicultrix amoebiphila	1509244	S	64	3	67	0.00000
Candidatus Paracaedibacter acanthamoebae	91604	S	56	2	58	0.00000
Magnetococcus marinus	1124597	S	234	7	241	0.00002
Kordiimonas pumila	2161677	S	109	2	111	0.00001
Candidatus Pelagibacter sp. RS40	1977865	S	20	14	34	0.00000
Candidatus Fonsibacter ubiquis	1925548	S	36	6	42	0.00000
Burkholderia multivorans	87883	S	6015	14696	20711	0.00135
Burkholderia ubonensis	101571	S	6015	2952	8967	0.00059
Burkholderia cenocepacia	95486	S	4530	12205	16735	0.00109
Burkholderia cepacia	292	S	3897	8814	12711	0.00083
Burkholderia pyrrocinia	60550	S	2594	988	3582	0.00023
Burkholderia contaminans	488447	S	2151	1060	3211	0.00021
Burkholderia stagnalis	1503054	S	2033	599	2632	0.00017
Burkholderia ambifaria	152480	S	2013	1183	3196	0.00021
Burkholderia anthina	179879	S	1799	1351	3150	0.00021
Burkholderia stabilis	95485	S	1727	1014	2741	0.00018
Burkholderia lata	482957	S	1668	1143	2811	0.00018
Burkholderia dolosa	152500	S	1568	420	1988	0.00013
Burkholderia territorii	1503055	S	1392	496	1888	0.00012
Burkholderia seminalis	488731	S	1173	403	1576	0.00010
Burkholderia vietnamiensis	60552	S	1106	70792	71898	0.00470
Burkholderia metallica	488729	S	832	299	1131	0.00007
Burkholderia diffusa	488732	S	613	218	831	0.00005
Burkholderia pseudomultivorans	1207504	S	527	404	931	0.00006
Burkholderia aenigmatica	2015348	S	300	529	829	0.00005
Burkholderia latens	488446	S	288	406	694	0.00005
Burkholderia pseudomallei	28450	S	2621	16534	19155	0.00125
Burkholderia thailandensis	57975	S	1966	2494	4460	0.00029
Burkholderia mayonis	1385591	S	1889	384	2273	0.00015
Burkholderia oklahomensis	342113	S	1243	462	1705	0.00011
Burkholderia savannae	1637837	S	287	286	573	0.00004
Burkholderia sp. MSMB1588	1636423	S	135	180	315	0.00002
Burkholderia sp. MSMB617WGS	1637831	S	88	178	266	0.00002
Burkholderia mallei	13373	S	75	4964	5039	0.00033
Burkholderia sp. DHOD12	2571746	S	3495	352	3847	0.00025
Burkholderia sp. Bp7605	1740163	S	1777	246	2023	0.00013
Burkholderia sp. NRF60-BP8	1637853	S	689	265	954	0.00006
Burkholderia sp. MSMB0856	1637869	S	645	323	968	0.00006
Burkholderia sp. LA-2-3-30-S1-D2	1637862	S	612	285	897	0.00006
Burkholderia sp. JP2-270	2217913	S	597	277	874	0.00006
Burkholderia sp. PAMC 26561	1795043	S	522	693	1215	0.00008
Burkholderia sp. MS455	2811788	S	484	254	738	0.00005
Burkholderia sp. IDO3	1705310	S	354	359	713	0.00005
Burkholderia sp. PAMC 28687	1795874	S	319	654	973	0.00006
Burkholderia sp. KBS0801	1179675	S	143	175	318	0.00002
Burkholderia sp. LAS2	2813843	S	69	215	284	0.00002
Burkholderia sp. MBR-1	2732364	S	65	181	246	0.00002
Burkholderia sp. KJ006	416344	S	54	225	279	0.00002
Burkholderia sp. MS389	2811789	S	48	237	285	0.00002
Burkholderia gladioli	28095	S	7591	2351	9942	0.00065
Burkholderia glumae	337	S	2637	41226	43863	0.00287
Burkholderia plantarii	41899	S	1975	589	2564	0.00017
Burkholderia perseverans	2615214	S	1722	545	2267	0.00015
Cupriavidus taiwanensis	164546	S	12344	9408	21752	0.00142
Cupriavidus pauculus	82633	S	9334	4113	13447	0.00088
Cupriavidus necator	106590	S	5300	4838	10138	0.00066
Cupriavidus basilensis	68895	S	5139	2902	8041	0.00053
Cupriavidus oxalaticus	96344	S	5006	2191	7197	0.00047
Cupriavidus sp. EM10	2839983	S	2015	1132	3147	0.00021
Cupriavidus sp. MP-37	2884455	S	1101	1049	2150	0.00014
Cupriavidus sp. KK10	1478019	S	462	1245	1707	0.00011
Cupriavidus sp. ISTL7	2771360	S	441	2581	3022	0.00020
Cupriavidus sp. USMAA2-4	876364	S	294	1943	2237	0.00015
Cupriavidus sp. USMAHM13	1389192	S	241	1549	1790	0.00012
Cupriavidus campinensis	151783	S	3886	1401	5287	0.00035
Cupriavidus metallidurans	119219	S	2905	15627	18532	0.00121
Cupriavidus pinatubonensis	248026	S	2497	432	2929	0.00019
Cupriavidus gilardii	82541	S	1493	7146	8639	0.00056
Cupriavidus nantongensis	1796606	S	942	2556	3498	0.00023
Cupriavidus neocaledonicus	1040979	S	931	1059	1990	0.00013
Cupriavidus malaysiensis	367825	S	247	1482	1729	0.00011
Paraburkholderia sp. SOS3	1926494	S	2453	351	2804	0.00018
Paraburkholderia sp. PGU16	2735433	S	1189	635	1824	0.00012
Paraburkholderia sp. PGU19	2735434	S	1055	877	1932	0.00013
Paraburkholderia pallida	2547399	S	3295	597	3892	0.00025
Paraburkholderia aromaticivorans	2026199	S	3038	1326	4364	0.00029
Paraburkholderia caribensis	75105	S	2693	1989	4682	0.00031
Paraburkholderia acidisoli	2571748	S	2669	473	3142	0.00021
Paraburkholderia tropica	92647	S	2549	562	3111	0.00020
Paraburkholderia acidiphila	2571747	S	2420	474	2894	0.00019
Paraburkholderia edwinii	2861782	S	2297	307	2604	0.00017
Paraburkholderia phytofirmans	261302	S	2277	904	3181	0.00021
Paraburkholderia terricola	169427	S	2171	650	2821	0.00018
Paraburkholderia atlantica	2654982	S	2002	477	2479	0.00016
Paraburkholderia phymatum	148447	S	1989	499	2488	0.00016
Paraburkholderia sprentiae	948107	S	1868	403	2271	0.00015
Paraburkholderia phenoliruptrix	252970	S	1853	522	2375	0.00016
Paraburkholderia fungorum	134537	S	1791	415	2206	0.00014
Paraburkholderia graminis	60548	S	1730	415	2145	0.00014
Paraburkholderia megapolitana	420953	S	1698	161	1859	0.00012
Paraburkholderia terrae	311230	S	1605	1793	3398	0.00022
Paraburkholderia ginsengisoli	311231	S	1565	469	2034	0.00013
Paraburkholderia caledonica	134536	S	1520	273	1793	0.00012
Paraburkholderia caffeinilytica	1761016	S	1472	378	1850	0.00012
Paraburkholderia hospita	169430	S	1444	1618	3062	0.00020
Paraburkholderia xenovorans	36873	S	1264	1732	2996	0.00020
Paraburkholderia dokdonella	2211211	S	1178	309	1487	0.00010
Paraburkholderia dioscoreae	2604047	S	924	604	1528	0.00010
Ralstonia solanacearum	305	S	6607	13617	20224	0.00132
Ralstonia insidiosa	190721	S	1733	1412	3145	0.00021
Ralstonia mannitolilytica	105219	S	1224	1469	2693	0.00018
Ralstonia pickettii	329	S	1182	543	1725	0.00011
Ralstonia sp. 56D2	2842456	S	1066	168	1234	0.00008
blood disease bacterium A2-HR MARDI	1944648	S	13	666	679	0.00004
Ralstonia syzygii	28097	S	113	427	540	0.00004
Ralstonia pseudosolanacearum	1310165	S	34	854	888	0.00006
Pandoraea pnomenusa	93220	S	2547	1280	3827	0.00025
Pandoraea pulmonicola	93221	S	2042	453	2495	0.00016
Pandoraea thiooxydans	445709	S	1972	170	2142	0.00014
Pandoraea sp. XY-2	2518599	S	1417	819	2236	0.00015
Pandoraea vervacti	656178	S	1415	412	1827	0.00012
Pandoraea norimbergensis	93219	S	1334	216	1550	0.00010
Pandoraea faecigallinarum	656179	S	1279	344	1623	0.00011
Pandoraea apista	93218	S	1181	695	1876	0.00012
Pandoraea fibrosis	1891094	S	1056	350	1406	0.00009
Pandoraea oxalativorans	573737	S	1036	479	1515	0.00010
Pandoraea sputorum	93222	S	935	409	1344	0.00009
Caballeronia sp. Lep1P3	2878150	S	1954	482	2436	0.00016
Caballeronia sp. TF1N1	2878153	S	1613	196	1809	0.00012
Caballeronia sp. SL2Y3	2878151	S	964	551	1515	0.00010
Caballeronia sp. M1242	2814653	S	940	667	1607	0.00011
Caballeronia sp. Sq4a	2878152	S	903	658	1561	0.00010
Caballeronia sp. SBC2	2705547	S	119	984	1103	0.00007
Caballeronia sp. SBC1	2705548	S	100	1156	1256	0.00008
Caballeronia zhejiangensis	871203	S	2270	561	2831	0.00019
Caballeronia insecticola	758793	S	2140	472	2612	0.00017
Caballeronia grimmiae	1071679	S	1798	1027	2825	0.00018
Lautropia mirabilis	47671	S	1781	360	2141	0.00014
Polynucleobacter sp. MWH-UH24A	2689110	S	94	6	100	0.00001
Polynucleobacter sp. MWH-CaK5	2689107	S	52	3	55	0.00000
Polynucleobacter sp. MWH-Aus1W21	1855880	S	48	9	57	0.00000
Polynucleobacter sp. MWH-P3-07-1	1743173	S	46	6	52	0.00000
Polynucleobacter sp. LimPoW16	1743162	S	34	1	35	0.00000
Polynucleobacter sp. VK25	1758398	S	34	7	41	0.00000
Polynucleobacter sp. MWH-Braz-FAM2G	1855883	S	33	3	36	0.00000
Polynucleobacter sp. AP-Kolm-20A-A1	2081041	S	30	15	45	0.00000
Polynucleobacter sp. MWH-UH25E	1855616	S	28	4	32	0.00000
Polynucleobacter sp. MWH-Svant-W18	1855909	S	28	4	32	0.00000
Polynucleobacter sp. JS-JIR-II-b4	1758390	S	27	12	39	0.00000
Polynucleobacter sp. MG-6-Vaara-E2	2576932	S	27	4	31	0.00000
Polynucleobacter sp. MWH-UH2A	1855617	S	26	4	30	0.00000
Polynucleobacter sp. AP-Nino-20-G2	2576917	S	26	5	31	0.00000
Polynucleobacter sp. MWH-Spelu-300-X4	2689109	S	25	1	26	0.00000
Polynucleobacter sp. es-MAR-2	1819725	S	24	4	28	0.00000
Polynucleobacter sp. MWH-UH35A	1855619	S	24	3	27	0.00000
Polynucleobacter sp. AP-Sving-400A-A2	2081049	S	23	10	33	0.00000
Polynucleobacter sp. AP-Ainpum-60-G11	2576926	S	23	4	27	0.00000
Polynucleobacter sp. MWH-S4W17	1855910	S	21	8	29	0.00000
Polynucleobacter sp. JS-Mosq-20-D10	2576922	S	21	6	27	0.00000
Polynucleobacter sp. AP-Titi-500A-B4	2576923	S	21	4	25	0.00000
Polynucleobacter sp. MWH-UH21B	1743174	S	20	3	23	0.00000
Polynucleobacter sp. es-EL-1	1855652	S	20	3	23	0.00000
Polynucleobacter sp. TSB-Sco08W16	1758374	S	20	2	22	0.00000
Polynucleobacter sp. JS-JIR-II-50	2576919	S	20	7	27	0.00000
Polynucleobacter sp. JS-JIR-5-A7	1758395	S	19	39	58	0.00000
Polynucleobacter sp. MG-Unter2-18	2081052	S	18	11	29	0.00000
Polynucleobacter sp. AP-Jannik-300A-C4	2576928	S	17	14	31	0.00000
Polynucleobacter sp. AP-Melu-1000-A1	2081042	S	17	5	22	0.00000
Polynucleobacter sp. AP-Elch-400A-B2	2576930	S	13	5	18	0.00000
Polynucleobacter sp. Adler-ghost	2770234	S	12	4	16	0.00000
Polynucleobacter sp. AM-7D1	2689102	S	11	9	20	0.00000
Polynucleobacter necessarius	576610	S	187	31	218	0.00001
Polynucleobacter asymbioticus	576611	S	111	16	127	0.00001
Polynucleobacter difficilis	556054	S	104	8	112	0.00001
Polynucleobacter acidiphobus	556053	S	62	4	66	0.00000
Polynucleobacter paneuropaeus	2527775	S	31	3	34	0.00000
Polynucleobacter duraquae	1835254	S	27	16	43	0.00000
Polynucleobacter wuianus	1743168	S	24	6	30	0.00000
Chitinimonas arctica	2594795	S	1191	105	1296	0.00008
Mycetohabitans rhizoxinica	412963	S	1054	80	1134	0.00007
Mycoavidus sp. HKI	2840467	S	129	9	138	0.00001
Mycoavidus sp. B2-EB	2651972	S	67	9	76	0.00000
Mycoavidus cysteinexigens	1553431	S	118	10	128	0.00001
Limnobacter sp. SAORIC-580	2732163	S	201	11	212	0.00001
Candidatus Vallotia cooleyia	1177211	S	43	6	49	0.00000
Candidatus Vallotia lariciata	2018052	S	35	13	48	0.00000
Candidatus Vallotia sp. (ex Adelges kitamiensis)	2864217	S	35	12	47	0.00000
Candidatus Vallotia tarda	1177213	S	31	5	36	0.00000
Ephemeroptericola cinctiostellae	2268024	S	120	9	129	0.00001
Variovorax sp. HW608	1034889	S	8152	1483	9635	0.00063
Variovorax sp. PBS-H4	434008	S	4580	3392	7972	0.00052
Variovorax sp. RA8	662548	S	4232	3716	7948	0.00052
Variovorax sp. WDL1	207745	S	4199	7332	11531	0.00075
Variovorax sp. PBL-H6	434009	S	4143	4257	8400	0.00055
Variovorax sp. PAMC 28711	1795631	S	3293	606	3899	0.00025
Variovorax sp. RKNM96	2681552	S	3081	1223	4304	0.00028
Variovorax sp. PAMC26660	2762322	S	2624	688	3312	0.00022
Variovorax sp. PAMC28562	2762323	S	2553	240	2793	0.00018
Variovorax sp. SRS16	282217	S	2183	4875	7058	0.00046
Variovorax sp. 38R	2774875	S	1915	2656	4571	0.00030
Variovorax sp. PBL-E5	434014	S	1771	4583	6354	0.00042
Variovorax sp. PDNC026	2811425	S	96	3459	3555	0.00023
Variovorax sp. PMC12	2126319	S	49	2268	2317	0.00015
Variovorax paradoxus	34073	S	16767	16051	32818	0.00215
Variovorax boronicumulans	436515	S	2706	2072	4778	0.00031
Hydrogenophaga sp. BA0156	2716225	S	4600	3692	8292	0.00054
Hydrogenophaga sp. YM1	2806262	S	4193	2353	6546	0.00043
Hydrogenophaga sp. PBC	795665	S	3787	5248	9035	0.00059
Hydrogenophaga sp. BPS33	2651974	S	3477	3389	6866	0.00045
Hydrogenophaga sp. SL48	2806347	S	2947	779	3726	0.00024
Hydrogenophaga sp. RAC07	1842537	S	2442	908	3350	0.00022
Hydrogenophaga sp. PBL-H3	434010	S	2292	2458	4750	0.00031
Hydrogenophaga sp. PAMC20947	2565558	S	1210	90	1300	0.00009
Hydrogenophaga sp. NH-16	2184519	S	1195	2771	3966	0.00026
Hydrogenophaga taeniospiralis	65656	S	2478	825	3303	0.00022
Hydrogenophaga pseudoflava	47421	S	1132	2004	3136	0.00021
Hydrogenophaga crassostreae	1763535	S	1021	71	1092	0.00007
Acidovorax sp. YS12	2738413	S	2445	2403	4848	0.00032
Acidovorax sp. RAC01	1842533	S	1576	1568	3144	0.00021
Acidovorax sp. KKS102	358220	S	1461	1230	2691	0.00018
Acidovorax sp. JMULE5	2518343	S	1369	444	1813	0.00012
Acidovorax sp. HDW3	2714923	S	1364	1139	2503	0.00016
Acidovorax sp. 1608163	2478662	S	1109	270	1379	0.00009
Acidovorax sp. T1	1858609	S	854	3754	4608	0.00030
Acidovorax avenae	80867	S	5374	3848	9222	0.00060
Acidovorax monticola	1926868	S	3254	1429	4683	0.00031
Acidovorax antarcticus	2743470	S	2703	2366	5069	0.00033
Acidovorax carolinensis	553814	S	1694	1581	3275	0.00021
Acidovorax citrulli	80869	S	1425	1520	2945	0.00019
Acidovorax cattleyae	80868	S	1350	1090	2440	0.00016
Acidovorax radicis	758826	S	1130	262	1392	0.00009
Ramlibacter tataouinensis	94132	S	30754	14021	44775	0.00293
Comamonas sp. NLF-7-7	2597701	S	1825	1625	3450	0.00023
Comamonas sp. NLF-1-9	2853163	S	1415	981	2396	0.00016
Comamonas sp. B21-038	2918299	S	943	259	1202	0.00008
Comamonas sp. Y33R10-2	2853257	S	313	66	379	0.00002
Comamonas aquatica	225991	S	2362	2768	5130	0.00034
Comamonas serinivorans	1082851	S	2342	748	3090	0.00020
Comamonas testosteroni	285	S	1387	2287	3674	0.00024
Comamonas koreensis	160825	S	1019	766	1785	0.00012
Comamonas odontotermitis	379895	S	865	194	1059	0.00007
Comamonas piscis	1562974	S	683	148	831	0.00005
Comamonas thiooxydans	363952	S	645	1543	2188	0.00014
Comamonas kerstersii	225992	S	562	369	931	0.00006
Comamonas fluminis	2796366	S	479	241	720	0.00005
Rhodoferax sp. BAB1	2741720	S	3002	906	3908	0.00026
Rhodoferax sp. AJA081-3	2752316	S	926	72	998	0.00007
Rhodoferax sp. PAMC 29310	2822760	S	671	83	754	0.00005
Rhodoferax sp. MIZ03	2798804	S	496	58	554	0.00004
Rhodoferax koreense	1842727	S	4378	2674	7052	0.00046
Rhodoferax sediminis	2509614	S	3408	571	3979	0.00026
Rhodoferax ferrireducens	192843	S	1302	96	1398	0.00009
Rhodoferax saidenbachensis	1484693	S	977	116	1093	0.00007
Rhodoferax antarcticus	81479	S	622	54	676	0.00004
Rhodoferax aquaticus	2527691	S	370	41	411	0.00003
Schlegelella thermodepolymerans	215580	S	9495	5079	14574	0.00095
Schlegelella brevitalea	413882	S	6639	1049	7688	0.00050
Diaphorobacter sp. HDW4B	2714925	S	1484	207	1691	0.00011
Diaphorobacter sp. HDW4A	2714924	S	1471	1727	3198	0.00021
Diaphorobacter sp. MNS-0	2866628	S	191	1715	1906	0.00012
Diaphorobacter sp. JS3051	2792224	S	170	3142	3312	0.00022
Diaphorobacter sp. JS3050	2735554	S	167	1995	2162	0.00014
Diaphorobacter ruginosibacter	1715720	S	2103	423	2526	0.00017
Diaphorobacter aerolatus	1288495	S	1431	2591	4022	0.00026
Diaphorobacter nitroreducens	164759	S	254	741	995	0.00007
[Acidovorax] ebreus	721785	S	250	1588	1838	0.00012
Polaromonas sp. JS666	296591	S	3843	2929	6772	0.00044
Polaromonas naphthalenivorans	216465	S	2334	388	2722	0.00018
Polaromonas vacuolata	37448	S	249	30	279	0.00002
Delftia tsuruhatensis	180282	S	2045	6232	8277	0.00054
Delftia acidovorans	80866	S	1665	3432	5097	0.00033
Delftia lacustris	558537	S	633	4020	4653	0.00030
Delftia sp. Cs1-4	742013	S	219	527	746	0.00005
Delftia sp. HK171	1920191	S	110	307	417	0.00003
Kinneretia sp. DAIF2	2714952	S	5207	2064	7271	0.00048
Kinneretia sp. XES5	2877940	S	1571	2304	3875	0.00025
Ottowia sp. 27C	2816950	S	2738	583	3321	0.00022
Ottowia sp. oral taxon 894	1658672	S	921	149	1070	0.00007
Ottowia oryzae	2109914	S	1953	473	2426	0.00016
Alicycliphilus denitrificans	179636	S	5086	10267	15353	0.00100
Melaminivora sp. SC2-9	2109913	S	2446	3326	5772	0.00038
Melaminivora jejuensis	1267217	S	1746	1562	3308	0.00022
Serpentinimonas maccroryi	1458426	S	1617	607	2224	0.00015
Serpentinimonas raichei	1458425	S	1192	501	1693	0.00011
Verminephrobacter eiseniae	364317	S	2402	326	2728	0.00018
Hylemonella gracilis	80880	S	2139	335	2474	0.00016
Pulveribacter suum	2116657	S	1976	1126	3102	0.00020
Simplicispira suum	2109915	S	1458	647	2105	0.00014
Limnohabitans sp. 63ED37-2	1678128	S	681	82	763	0.00005
Limnohabitans sp. 103DPR2	1678129	S	242	21	263	0.00002
Curvibacter sp. AEP1-3	1844971	S	690	55	745	0.00005
Candidatus Symbiobacter mobilis	1436290	S	689	28	717	0.00005
Massilia sp. WG5	1707785	S	4491	2170	6661	0.00044
Massilia sp. HC52	2852099	S	3369	1026	4395	0.00029
Massilia sp. LPB0304	2769491	S	3301	915	4216	0.00028
Massilia sp. DM-R-R2A-13	2899220	S	2856	716	3572	0.00023
Massilia sp. YMA4	1593482	S	2759	1536	4295	0.00028
Massilia sp. NP310	2861282	S	2723	1937	4660	0.00030
Massilia sp. PAMC28688	2861283	S	2082	350	2432	0.00016
Massilia sp. NR 4-1	1678028	S	397	1345	1742	0.00011
Massilia sp. MB5	2919578	S	355	1244	1599	0.00010
Massilia sp. Dwa41.01b	2709302	S	59	2103	2162	0.00014
Massilia sp. Se16.2.3	2709303	S	48	1727	1775	0.00012
Massilia violaceinigra	2045208	S	4891	1491	6382	0.00042
Massilia putida	1141883	S	4805	1668	6473	0.00042
Massilia flava	871742	S	4587	1227	5814	0.00038
Massilia albidiflava	321983	S	2991	1280	4271	0.00028
Massilia lutea	321985	S	2973	985	3958	0.00026
Massilia umbonata	864828	S	2902	1255	4157	0.00027
Massilia armeniaca	2072590	S	2682	1504	4186	0.00027
Massilia plicata	321984	S	2622	746	3368	0.00022
Massilia oculi	945844	S	2213	1506	3719	0.00024
Massilia antarctica	2765360	S	1989	792	2781	0.00018
Duganella sp. GN2-R2	2728020	S	3627	1704	5331	0.00035
Duganella sp. AF9R3	2728021	S	2137	486	2623	0.00017
Herbaspirillum robiniae	2014887	S	2439	975	3414	0.00022
Herbaspirillum frisingense	92645	S	1737	593	2330	0.00015
Herbaspirillum seropedicae	964	S	1640	748	2388	0.00016
Herbaspirillum hiltneri	341045	S	1594	293	1887	0.00012
Herbaspirillum rubrisubalbicans	80842	S	1460	734	2194	0.00014
Herbaspirillum huttiense	863372	S	1088	480	1568	0.00010
Herbaspirillum sp. meg3	2025949	S	909	117	1026	0.00007
Janthinobacterium sp. 1_2014MBL_MicDiv	1644131	S	1451	571	2022	0.00013
Janthinobacterium sp. 17J80-10	2497863	S	1309	214	1523	0.00010
Janthinobacterium sp. LM6	1938606	S	670	441	1111	0.00007
Janthinobacterium sp. PAMC25594	2861284	S	509	335	844	0.00006
Janthinobacterium sp. Marseille	375286	S	403	110	513	0.00003
Janthinobacterium sp. HH102	1537274	S	285	481	766	0.00005
Janthinobacterium sp. B9-8	1236179	S	153	44	197	0.00001
Janthinobacterium agaricidamnosum	55508	S	1942	3284	5226	0.00034
Janthinobacterium tructae	2590869	S	501	280	781	0.00005
Janthinobacterium lividum	29581	S	492	536	1028	0.00007
Janthinobacterium svalbardensis	368607	S	396	216	612	0.00004
Collimonas fungivorans	158899	S	1885	532	2417	0.00016
Collimonas arenae	279058	S	1424	190	1614	0.00011
Collimonas pratensis	279113	S	1360	280	1640	0.00011
Noviherbaspirillum sp. UKPF54	2601898	S	3202	596	3798	0.00025
Undibacterium sp. YM2	2058625	S	217	74	291	0.00002
Undibacterium sp. KW1	2058624	S	174	59	233	0.00002
Undibacterium parvum	401471	S	203	30	233	0.00002
Glaciimonas sp. PAMC28666	2807626	S	304	22	326	0.00002
Herminiimonas arsenitoxidans	1809410	S	262	43	305	0.00002
Oxalobacter formigenes	847	S	160	17	177	0.00001
Achromobacter xylosoxidans	85698	S	7191	13731	20922	0.00137
Achromobacter sp. AONIH1	1758194	S	2416	3605	6021	0.00039
Achromobacter sp. MFA1 R4	1881016	S	2097	685	2782	0.00018
Achromobacter sp. 77	2756133	S	339	870	1209	0.00008
Achromobacter sp. B7	2282475	S	274	683	957	0.00006
Achromobacter sp. ES-001	2860286	S	237	829	1066	0.00007
Achromobacter spanius	217203	S	3815	1760	5575	0.00036
Achromobacter denitrificans	32002	S	3530	2845	6375	0.00042
Achromobacter deleyi	1353891	S	2595	1991	4586	0.00030
Achromobacter insolitus	217204	S	1789	558	2347	0.00015
Achromobacter pestifer	1353889	S	1417	1082	2499	0.00016
Achromobacter mucicolens	1389922	S	487	766	1253	0.00008
Achromobacter ruhlandii	72557	S	43	2025	2068	0.00014
Bordetella sp. H567	1697043	S	2477	338	2815	0.00018
Bordetella sp. N	1746199	S	2291	297	2588	0.00017
Bordetella bronchialis	463025	S	3000	461	3461	0.00023
Bordetella genomosp. 13	463040	S	2997	2500	5497	0.00036
Bordetella genomosp. 8	1416806	S	2736	369	3105	0.00020
Bordetella genomosp. 9	1416803	S	2611	770	3381	0.00022
Bordetella flabilis	463014	S	2409	235	2644	0.00017
Bordetella hinzii	103855	S	2197	1107	3304	0.00022
Bordetella petrii	94624	S	1939	3061	5000	0.00033
Bordetella trematum	123899	S	1610	824	2434	0.00016
Bordetella pseudohinzii	1331258	S	1267	657	1924	0.00013
Bordetella bronchiseptica	518	S	1214	5754	6968	0.00046
Bordetella holmesii	35814	S	767	314	1081	0.00007
Bordetella avium	521	S	725	95	820	0.00005
Bordetella genomosp. 6	463024	S	397	889	1286	0.00008
Bordetella pertussis	520	S	247	3157	3404	0.00022
Bordetella parapertussis	519	S	150	2091	2241	0.00015
Pigmentiphaga sp. H8	2488560	S	4346	628	4974	0.00033
Pigmentiphaga aceris	1940612	S	1209	94	1303	0.00009
Orrella dioscoreae	1851544	S	2318	954	3272	0.00021
Orrella marina	2163011	S	347	74	421	0.00003
Orrella sp. f23	2782176	S	155	11	166	0.00001
Castellaniella defragrans	75697	S	2736	2181	4917	0.00032
Alcaligenes faecalis	511	S	582	542	1124	0.00007
Alcaligenes sp. SORT26	2813780	S	155	30	185	0.00001
Alcaligenes sp. DN25	1367435	S	23	51	74	0.00000
Alcaligenes aquatilis	323284	S	114	433	547	0.00004
Alcaligenes ammonioxydans	2582914	S	16	184	200	0.00001
Pusillimonas thiosulfatoxidans	2028345	S	635	221	856	0.00006
Pusillimonas sp. T7-7	1007105	S	413	77	490	0.00003
Pusillimonas sp. DMV24BSW_D	2716226	S	197	16	213	0.00001
Paralcaligenes sp. KSB-10	2901142	S	826	40	866	0.00006
Kerstersia gyiorum	206506	S	686	167	853	0.00006
Advenella kashmirensis	310575	S	324	22	346	0.00002
Advenella mimigardefordensis	302406	S	298	20	318	0.00002
Oligella urethralis	90245	S	65	10	75	0.00000
Oligella ureolytica	90244	S	44	41	85	0.00001
Paenalcaligenes hominis	643674	S	69	4	73	0.00000
Basilea psittacipulmonis	1472345	S	26	2	28	0.00000
Pelistega ratti	2652177	S	23	4	27	0.00000
Taylorella asinigenitalis	84590	S	11	2	13	0.00000
Rhizobacter sp. AJA081-3	2753607	S	7485	2151	9636	0.00063
Rhizobacter gummiphilus	946333	S	6751	1519	8270	0.00054
Sphaerotilus sp. FB-5	2914710	S	4920	3665	8585	0.00056
Sphaerotilus natans	34103	S	4297	1923	6220	0.00041
Methylibium sp. Pch-M	2082386	S	2579	2538	5117	0.00033
Methylibium petroleiphilum	105560	S	2507	2696	5203	0.00034
Rubrivivax gelatinosus	28068	S	7225	2593	9818	0.00064
Aquincola tertiaricarbonis	391953	S	6157	2436	8593	0.00056
Thiomonas sp. X19	1050370	S	2150	790	2940	0.00019
Thiomonas intermedia	926	S	1474	223	1697	0.00011
Thiomonas arsenitoxydans	426114	S	480	838	1318	0.00009
Leptothrix cholodnii	34029	S	5033	1812	6845	0.00045
Mitsuaria sp. 7	1658665	S	4885	1110	5995	0.00039
Xylophilus rhododendri	2697032	S	3764	1207	4971	0.00032
Ideonella dechloratans	36863	S	2980	1992	4972	0.00033
Tepidimonas taiwanensis	307486	S	2731	1134	3865	0.00025
Aquabacterium olei	1296669	S	2516	745	3261	0.00021
Roseateles depolymerans	76731	S	2143	466	2609	0.00017
Inhella inkyongensis	392593	S	1584	286	1870	0.00012
Paucibacter sp. KCTC 42545	1768242	S	1290	244	1534	0.00010
Candidatus Ichthyocystis hellenicum	1561003	S	36	0	36	0.00000
Sutterella megalosphaeroides	2494234	S	883	176	1059	0.00007
Sutterella faecalis	2584944	S	599	101	700	0.00005
Sutterella wadsworthensis	40545	S	274	39	313	0.00002
Turicimonas muris	1796652	S	118	10	128	0.00001
Thauera sp. MZ1T	85643	S	3904	4437	8341	0.00055
Thauera sp. K11	2005884	S	3538	2463	6001	0.00039
Thauera humireducens	1134435	S	2494	1720	4214	0.00028
Thauera chlorobenzoica	96773	S	1911	1953	3864	0.00025
Thauera aromatica	59405	S	1718	2731	4449	0.00029
Thauera hydrothermalis	2184083	S	1015	323	1338	0.00009
Azoarcus sp. KH32C	748247	S	4274	859	5133	0.00034
Azoarcus sp. DD4	2027405	S	2963	2130	5093	0.00033
Azoarcus olearius	418699	S	3311	1375	4686	0.00031
Azoarcus communis	41977	S	2422	1063	3485	0.00023
Nitrogeniibacter mangrovi	2016596	S	3070	723	3793	0.00025
Nitrogeniibacter aestuarii	2815343	S	1421	175	1596	0.00010
Aromatoleum petrolei	76116	S	3917	1035	4952	0.00032
Aromatoleum aromaticum	551760	S	3262	2429	5691	0.00037
Aromatoleum bremense	76115	S	2871	1726	4597	0.00030
Aromatoleum pumilum	2067960	S	2475	1082	3557	0.00023
Azospira restricta	404405	S	6411	3667	10078	0.00066
Azospira inquinata	2785627	S	571	56	627	0.00004
Azospira sp. I09	1765049	S	429	1357	1786	0.00012
Azospira oryzae	146939	S	413	1054	1467	0.00010
Niveibacterium microcysteis	2811415	S	2201	365	2566	0.00017
Oryzomicrobium terrae	1735038	S	1655	468	2123	0.00014
Rugosibacter aromaticivorans	1565605	S	430	82	512	0.00003
Dechloromonas denitrificans	281362	S	2558	670	3228	0.00021
Dechloromonas sp. HYN0024	2231055	S	572	125	697	0.00005
Dechloromonas sp. TW-R-39-2	2654218	S	396	179	575	0.00004
Ferribacterium limneticum	76259	S	3246	593	3839	0.00025
Quatrionicoccus australiensis	138118	S	1375	430	1805	0.00012
Fluviibacter phosphoraccumulans	1751046	S	249	108	357	0.00002
Usitatibacter rugosus	2732067	S	11249	1412	12661	0.00083
Usitatibacter palustris	2732487	S	8767	1168	9935	0.00065
Nitrosospira multiformis	1231	S	6676	228	6904	0.00045
Nitrosospira lacus	1288494	S	682	24	706	0.00005
Nitrosospira sp. NRS527	155925	S	335	208	543	0.00004
Nitrosospira briensis	35799	S	251	167	418	0.00003
Nitrosomonas communis	44574	S	1562	51	1613	0.00011
Nitrosomonas ureae	44577	S	237	8	245	0.00002
Nitrosomonas europaea	915	S	193	33	226	0.00001
Nitrosomonas eutropha	916	S	147	106	253	0.00002
Nitrosomonas stercoris	1444684	S	58	40	98	0.00001
Denitratisoma sp. DHT3	1981880	S	2430	1977	4407	0.00029
Denitratisoma oestradiolicum	311182	S	1142	202	1344	0.00009
Sulfuritalea hydrogenivorans	748811	S	2651	426	3077	0.00020
Methyloversatilis sp. RAC08	1842540	S	2238	335	2573	0.00017
Sterolibacterium denitrificans	157592	S	1728	552	2280	0.00015
Thiobacillus denitrificans	36861	S	3387	759	4146	0.00027
Sulfuritortus calidifontis	1914471	S	2545	1200	3745	0.00024
Sideroxydans sp. MIZ01	2764705	S	1264	281	1545	0.00010
Sideroxydans lithotrophicus	63745	S	921	149	1070	0.00007
Ferrigenium kumadai	1682490	S	1552	346	1898	0.00012
Ferriphaselus amnicola	1188319	S	494	72	566	0.00004
Candidatus Nitrotoga arctica	453162	S	245	66	311	0.00002
Candidatus Nitrotoga sp. AM1P	2559597	S	156	45	201	0.00001
Gallionella capsiferriformans	370405	S	394	39	433	0.00003
Sulfuriferula plumbiphila	171865	S	1075	197	1272	0.00008
Sulfuriferula sp. AH1	1985873	S	478	107	585	0.00004
Sulfuriferula nivalis	2675298	S	91	7	98	0.00001
Sulfurimicrobium lacus	2715678	S	1658	233	1891	0.00012
Sulfuricella denitrificans	649841	S	917	94	1011	0.00007
Methylovorus glucosotrophus	266009	S	137	119	256	0.00002
Methylovorus sp. MP688	887061	S	114	109	223	0.00001
Methylobacillus flagellatus	405	S	403	113	516	0.00003
Methylophilus sp. TWE2	1662285	S	128	11	139	0.00001
Methylophilus medardicus	2588534	S	107	11	118	0.00001
Candidatus Methylopumilus turicensis	1581680	S	53	7	60	0.00000
Candidatus Methylopumilus universalis	2588536	S	34	10	44	0.00000
Candidatus Methylopumilus planktonicus	1581557	S	23	7	30	0.00000
Candidatus Methylopumilus rimovensis	2588535	S	16	2	18	0.00000
Methylotenera mobilis	359408	S	76	7	83	0.00001
Methylotenera versatilis	1055487	S	48	4	52	0.00000
Methyloradius palustris	2778876	S	84	7	91	0.00001
Chromobacterium sp. ATCC 53434	2059672	S	1623	626	2249	0.00015
Chromobacterium sp. Rain0013	2292447	S	307	378	685	0.00004
Chromobacterium sp. Beijing	2735795	S	238	666	904	0.00006
Chromobacterium violaceum	536	S	1634	1036	2670	0.00017
Chromobacterium vaccinii	1108595	S	1536	718	2254	0.00015
Chromobacterium phragmitis	2202141	S	938	444	1382	0.00009
Chromobacterium paludis	2605945	S	880	378	1258	0.00008
Chromobacterium rhizoryzae	1778675	S	296	1521	1817	0.00012
Chromobacterium haemolyticum	394935	S	170	1084	1254	0.00008
Iodobacter ciconiae	2496266	S	86	25	111	0.00001
Iodobacter fluviatilis	537	S	71	23	94	0.00001
Jeongeupia sp. USM3	1906741	S	2348	688	3036	0.00020
Jeongeupia sp. HS-3	1009682	S	1020	226	1246	0.00008
Paludibacterium paludis	1225769	S	1144	257	1401	0.00009
Paludibacterium yongneupense	400061	S	1056	169	1225	0.00008
Paludibacterium sp. B53371	2806263	S	776	182	958	0.00006
Pseudogulbenkiania sp. NH8B	748280	S	2332	876	3208	0.00021
Vogesella sp. LIG4	1192162	S	1273	375	1648	0.00011
Vogesella sp. XCS3	2877939	S	549	171	720	0.00005
Aquitalea aquatilis	1537400	S	466	152	618	0.00004
Aquitalea denitrificans	519081	S	298	146	444	0.00003
Aquitalea sp. USM4	1590041	S	284	148	432	0.00003
Aquitalea magnusonii	332411	S	283	153	436	0.00003
Microvirgula aerodenitrificans	57480	S	1461	310	1771	0.00012
Laribacter hongkongensis	168471	S	1068	1145	2213	0.00014
Aquaspirillum sp. LM1	1938604	S	714	117	831	0.00005
Deefgea sp. D17	2739061	S	89	33	122	0.00001
Deefgea sp. D13	2864875	S	85	27	112	0.00001
Deefgea sp. D25	2865840	S	84	13	97	0.00001
Chitinibacter fontanus	1737446	S	131	20	151	0.00001
Chitinibacter bivalviorum	2739434	S	125	117	242	0.00002
Neisseria sp. KEM232	655307	S	275	52	327	0.00002
Neisseria sp. oral taxon 014	641148	S	137	76	213	0.00001
Neisseria sp. ZJ785	2709396	S	77	11	88	0.00001
Neisseria sp. Dent CA1/247	2912675	S	55	36	91	0.00001
Neisseria bacilliformis	267212	S	382	110	492	0.00003
Neisseria shayeganii	607712	S	268	47	315	0.00002
Neisseria meningitidis	487	S	250	711	961	0.00006
Neisseria chenwenguii	1853278	S	224	34	258	0.00002
Neisseria elongata	495	S	218	128	346	0.00002
Neisseria dentiae	194197	S	204	29	233	0.00002
Neisseria musculi	1815583	S	160	18	178	0.00001
Neisseria animalis	492	S	130	22	152	0.00001
Neisseria gonorrhoeae	485	S	96	119	215	0.00001
Neisseria weaveri	28091	S	91	48	139	0.00001
Neisseria arctica	1470200	S	84	10	94	0.00001
Neisseria sicca	490	S	83	207	290	0.00002
Neisseria lactamica	486	S	82	148	230	0.00002
Neisseria dumasiana	1931275	S	72	40	112	0.00001
Neisseria animaloris	326522	S	69	20	89	0.00001
Neisseria canis	493	S	68	22	90	0.00001
Neisseria wadsworthii	607711	S	64	17	81	0.00001
Neisseria brasiliensis	2666100	S	63	76	139	0.00001
Neisseria weixii	1853276	S	63	9	72	0.00000
Neisseria zalophi	640030	S	57	7	64	0.00000
Neisseria mucosa	488	S	49	133	182	0.00001
Neisseria cinerea	483	S	37	29	66	0.00000
Neisseria flavescens	484	S	28	28	56	0.00000
Neisseria macacae	496	S	27	73	100	0.00001
Neisseria zoodegmatis	326523	S	19	17	36	0.00000
Neisseria subflava	28449	S	12	12	24	0.00000
Crenobacter cavernae	2290923	S	2692	977	3669	0.00024
Chitinolyticbacter meiyuanensis	682798	S	1848	247	2095	0.00014
Vitreoscilla filiformis	63	S	810	157	967	0.00006
Vitreoscilla massiliensis	1689272	S	81	10	91	0.00001
Vitreoscilla sp. C1	96942	S	18	44	62	0.00000
Kingella potus	265175	S	231	37	268	0.00002
Kingella oralis	505	S	155	30	185	0.00001
Kingella denitrificans	502	S	149	119	268	0.00002
Kingella kingae	504	S	55	11	66	0.00000
Eikenella corrodens	539	S	279	206	485	0.00003
Eikenella exigua	2528037	S	71	55	126	0.00001
Uruburuella suis	252130	S	230	40	270	0.00002
Uruburuella testudinis	1282863	S	164	34	198	0.00001
Paralysiella testudinis	2809020	S	205	47	252	0.00002
Alysiella crassa	153491	S	50	16	66	0.00000
Alysiella filiformis	194196	S	38	12	50	0.00000
Conchiformibius steedae	153493	S	87	16	103	0.00001
Neisseriaceae bacterium CCUG 44465	2917790	S	62	11	73	0.00000
Snodgrassella alvi	1196083	S	41	16	57	0.00000
Aquella oligotrophica	2067065	S	38	2	40	0.00000
Morococcus cerebrosus	1056807	S	20	119	139	0.00001
Simonsiella muelleri	72	S	19	3	22	0.00000
Casimicrobium huifangae	2591109	S	1870	1008	2878	0.00019
Lysobacter sp. KIS68-7	2904252	S	6329	1392	7721	0.00050
Lysobacter sp. TY2-98	2290922	S	6053	1111	7164	0.00047
Lysobacter sp. 5GHs7-4	2904253	S	4789	1619	6408	0.00042
Lysobacter sp. CECT 30171	2822368	S	4724	1292	6016	0.00039
Lysobacter sp. S4-A87	2925843	S	4278	1539	5817	0.00038
Lysobacter sp. CW239	2762611	S	3169	1930	5099	0.00033
Lysobacter sp. K5869	2820808	S	2585	1333	3918	0.00026
Lysobacter sp. H21R4	2781021	S	787	1617	2404	0.00016
Lysobacter sp. CJ11	2764185	S	615	60	675	0.00004
Lysobacter sp. H23M47	2781024	S	400	2055	2455	0.00016
Lysobacter sp. HDW10	2714936	S	369	124	493	0.00003
Lysobacter soli	453783	S	17002	3957	20959	0.00137
Lysobacter enzymogenes	69	S	10872	4327	15199	0.00099
Lysobacter solisilvae (ex Woo and Kim 2022)	2865112	S	10516	3482	13998	0.00091
Lysobacter solisilvae (ex Kim et al. 2021)	2763317	S	7619	1750	9369	0.00061
Lysobacter capsici	435897	S	6542	7169	13711	0.00090
Lysobacter maris	1605891	S	4750	1297	6047	0.00040
Lysobacter antibioticus	84531	S	4350	1006	5356	0.00035
Lysobacter arenosi	2795387	S	4248	1500	5748	0.00038
Lysobacter lycopersici	1324796	S	4096	994	5090	0.00033
Lysobacter alkalisoli	2591633	S	3593	731	4324	0.00028
Lysobacter oculi	2698682	S	2875	880	3755	0.00025
Lysobacter ciconiae	2781022	S	691	1308	1999	0.00013
Lysobacter gummosus	262324	S	581	4950	5531	0.00036
Lysobacter avium	2781023	S	371	1731	2102	0.00014
Stenotrophomonas maltophilia	40324	S	11308	17191	28499	0.00186
Stenotrophomonas sp. ESTM1D_MKCIP4_1	2072414	S	712	306	1018	0.00007
Stenotrophomonas sp. SAU14A_NAIMI4_5	2072413	S	632	408	1040	0.00007
Stenotrophomonas sp. ZAC14A_NAIMI4_1	2072412	S	301	557	858	0.00006
Stenotrophomonas sp. ZAC14D2_NAIMI4_7	2072405	S	291	311	602	0.00004
Stenotrophomonas sp. YAU14D1_LEIMI4_1	2072407	S	228	386	614	0.00004
Stenotrophomonas sp. ZAC14D2_NAIMI4_6	2072406	S	173	332	505	0.00003
Stenotrophomonas sp. SAU14A_NAIMI4_8	2072409	S	83	458	541	0.00004
Stenotrophomonas sp. YAU14A_MKIMI4_1	2072408	S	77	425	502	0.00003
Stenotrophomonas sp. LM091	1904944	S	1255	528	1783	0.00012
Stenotrophomonas sp. 169	2770322	S	1074	200	1274	0.00008
Stenotrophomonas sp. 364	2691571	S	784	322	1106	0.00007
Stenotrophomonas sp. NA06056	2742129	S	432	226	658	0.00004
Stenotrophomonas sp. WZN-1	2005046	S	232	289	521	0.00003
Stenotrophomonas sp. Pemsol	2040586	S	189	581	770	0.00005
Stenotrophomonas sp. DR822	2871174	S	151	256	407	0.00003
Stenotrophomonas sp. pho	2211160	S	104	508	612	0.00004
Stenotrophomonas sp. MYb57	1827305	S	68	298	366	0.00002
Stenotrophomonas sp. CW117	2775920	S	59	1388	1447	0.00009
Stenotrophomonas sp. G4	2303750	S	55	239	294	0.00002
Stenotrophomonas sp. NY11291	2939415	S	50	607	657	0.00004
Stenotrophomonas sp. ASS1	2282124	S	49	232	281	0.00002
Stenotrophomonas sp. SI-NJAU-1	2886359	S	44	198	242	0.00002
Stenotrophomonas sp. SXG-1	2682487	S	37	445	482	0.00003
Stenotrophomonas rhizophila	216778	S	3742	1207	4949	0.00032
Stenotrophomonas acidaminiphila	128780	S	2272	5758	8030	0.00052
Stenotrophomonas indicatrix	2045451	S	122	493	615	0.00004
Xanthomonas translucens	343	S	3856	5252	9108	0.00060
Xanthomonas campestris	339	S	2997	3474	6471	0.00042
Xanthomonas sacchari	56458	S	2229	845	3074	0.00020
Xanthomonas sp. GW	2724121	S	385	520	905	0.00006
Xanthomonas sp. SS	2724122	S	356	556	912	0.00006
Xanthomonas sp. SI	2724123	S	337	531	868	0.00006
Xanthomonas sp. MLO165	2081477	S	84	104	188	0.00001
Xanthomonas arboricola	56448	S	1732	1669	3401	0.00022
Xanthomonas oryzae	347	S	1393	597	1990	0.00013
Xanthomonas theicola	56464	S	1388	494	1882	0.00012
Xanthomonas citri	346	S	1114	18306	19420	0.00127
Xanthomonas hyacinthi	56455	S	1112	724	1836	0.00012
Xanthomonas albilineans	29447	S	990	179	1169	0.00008
Xanthomonas vesicatoria	56460	S	861	548	1409	0.00009
Xanthomonas fragariae	48664	S	853	184	1037	0.00007
Xanthomonas hortorum	56454	S	842	599	1441	0.00009
Xanthomonas cucurbitae	56453	S	808	156	964	0.00006
Xanthomonas vasicola	56459	S	589	204	793	0.00005
Xanthomonas cassavae	56450	S	525	130	655	0.00004
Xanthomonas euroxanthea	2259622	S	487	483	970	0.00006
Xanthomonas hydrangeae	2775159	S	399	130	529	0.00003
Xanthomonas axonopodis	53413	S	370	606	976	0.00006
Xanthomonas phaseoli	1985254	S	309	929	1238	0.00008
Xanthomonas euvesicatoria	456327	S	260	1423	1683	0.00011
Xanthomonas perforans	442694	S	81	394	475	0.00003
Luteimonas sp. MC1750	2799326	S	3062	1271	4333	0.00028
Luteimonas sp. S4-F44	2925842	S	2737	603	3340	0.00022
Luteimonas sp. JM171	1896164	S	2519	582	3101	0.00020
Luteimonas sp. YGD11-2	2508168	S	2455	1150	3605	0.00024
Luteimonas sp. MC1572	2799325	S	2455	1327	3782	0.00025
Luteimonas sp. D4P002	2901869	S	2374	696	3070	0.00020
Luteimonas sp. MC1825	2761107	S	2253	1250	3503	0.00023
Luteimonas granuli	1176533	S	3237	1242	4479	0.00029
Luteimonas yindakuii	2565782	S	2334	984	3318	0.00022
Luteimonas chenhongjianii	2006110	S	2250	539	2789	0.00018
Pseudoxanthomonas suwonensis	314722	S	6160	3562	9722	0.00064
Pseudoxanthomonas mexicana	128785	S	3371	4601	7972	0.00052
Pseudoxanthomonas sp. X-1	2571115	S	2672	2708	5380	0.00035
Pseudoxanthomonas sp. F37	2932492	S	19	1197	1216	0.00008
Pseudoxanthomonas daejeonensis	266062	S	2351	658	3009	0.00020
Pseudoxanthomonas spadix	415229	S	1666	685	2351	0.00015
Thermomonas sp. XSG	2771436	S	2374	1159	3533	0.00023
Thermomonas sp. HDW16	2714945	S	1484	451	1935	0.00013
Thermomonas brevis	215691	S	3135	1444	4579	0.00030
Thermomonas aquatica	2202149	S	2941	1787	4728	0.00031
Thermomonas carbonis	1463158	S	2362	562	2924	0.00019
Arenimonas daejeonensis	370777	S	2971	697	3668	0.00024
Pseudolysobacter antarcticus	2511995	S	1540	50	1590	0.00010
Xylella fastidiosa	2371	S	238	102	340	0.00002
Xylella taiwanensis	1444770	S	157	9	166	0.00001
Luteibacter sp. 321	2911537	S	2209	704	2913	0.00019
Luteibacter sp. EIF3	2780091	S	1612	273	1885	0.00012
Luteibacter sp. 335	2911538	S	1430	330	1760	0.00012
Luteibacter sp. 353	2911539	S	1189	383	1572	0.00010
Luteibacter rhizovicinus	242606	S	1629	248	1877	0.00012
Luteibacter pinisoli	2589080	S	1608	446	2054	0.00013
Luteibacter anthropi	564369	S	1277	250	1527	0.00010
Rhodanobacter denitrificans	666685	S	3163	1347	4510	0.00029
Rhodanobacter sp. FDAARGOS 1247	2778082	S	2047	796	2843	0.00019
Rhodanobacter thiooxydans	416169	S	1911	949	2860	0.00019
Rhodanobacter glycinis	582702	S	1435	295	1730	0.00011
Dyella thiooxydans	445710	S	2689	940	3629	0.00024
Dyella japonica	231455	S	1428	466	1894	0.00012
Dyella telluris	2763498	S	1318	380	1698	0.00011
Dyella terrae	522259	S	1030	160	1190	0.00008
Dyella caseinilytica	1849581	S	774	68	842	0.00006
Dyella sp. M7H15-1	2501295	S	512	59	571	0.00004
Frateuria sp. 5GH9-34	2898793	S	2373	851	3224	0.00021
Frateuria sp. 5GH9-11	1542730	S	2279	1040	3319	0.00022
Frateuria aurantia	81475	S	746	113	859	0.00006
Dokdonella koreensis	323415	S	4834	986	5820	0.00038
Aerosticca soli	2010829	S	2455	3683	6138	0.00040
Ahniella affigens	2021234	S	1305	41	1346	0.00009
Pseudomonas sp. SCB32	2653853	S	1123	263	1386	0.00009
Pseudomonas sp. ATCC 13867	1294143	S	1120	429	1549	0.00010
Pseudomonas sp. KNUC1026	2893890	S	1022	113	1135	0.00007
Pseudomonas sp. TCU-HL1	1856685	S	986	157	1143	0.00007
Pseudomonas sp. PDNC002	2811422	S	981	248	1229	0.00008
Pseudomonas sp. DY-1	1755504	S	946	134	1080	0.00007
Pseudomonas sp. LPB0260	2614442	S	909	209	1118	0.00007
Pseudomonas sp. Ost2	2678260	S	848	141	989	0.00006
Pseudomonas sp. CC6-YY-74	1930532	S	833	114	947	0.00006
Pseudomonas sp. MTM4	2705472	S	736	144	880	0.00006
Pseudomonas sp. StFLB209	1028989	S	682	205	887	0.00006
Pseudomonas sp. ABC1	2748080	S	659	107	766	0.00005
Pseudomonas sp. Pc102	2678261	S	616	385	1001	0.00007
Pseudomonas sp. p1(2021b)	2874628	S	615	377	992	0.00006
Pseudomonas sp. 7SR1	1881017	S	601	126	727	0.00005
Pseudomonas sp. MM211	2866808	S	601	63	664	0.00004
Pseudomonas sp. L5B5	2883205	S	570	115	685	0.00004
Pseudomonas sp. HN2-3	2886360	S	556	144	700	0.00005
Pseudomonas sp. CMR5c	658630	S	528	167	695	0.00005
Pseudomonas sp. gcc21	2726989	S	478	243	721	0.00005
Pseudomonas sp. OIL-1	2706126	S	476	101	577	0.00004
Pseudomonas sp. LAB-08	143813	S	451	96	547	0.00004
Pseudomonas sp. MPC6	2498848	S	446	111	557	0.00004
Pseudomonas sp. B11D7D	2735906	S	440	96	536	0.00004
Pseudomonas sp. MSPm1	2726956	S	439	109	548	0.00004
Pseudomonas sp. ADAK13	2730847	S	403	108	511	0.00003
Pseudomonas sp. Marseille-Q3773	2866592	S	400	149	549	0.00004
Pseudomonas sp. S09G 359	2054919	S	398	110	508	0.00003
Pseudomonas sp. HLS-6	2049589	S	380	135	515	0.00003
Pseudomonas sp. URMO17WK12:I11	1283291	S	373	291	664	0.00004
Pseudomonas sp. Leaf58	1736226	S	370	81	451	0.00003
Pseudomonas sp. DG56-2	2320270	S	363	46	409	0.00003
Pseudomonas sp. ADPe	2774873	S	362	1003	1365	0.00009
Pseudomonas sp. 15A4	2804761	S	358	107	465	0.00003
Pseudomonas sp. Tri1	2823875	S	353	98	451	0.00003
Pseudomonas sp. M1	95619	S	342	905	1247	0.00008
Pseudomonas sp. MM213	2866807	S	337	83	420	0.00003
Pseudomonas sp. S34	1573718	S	330	89	419	0.00003
Pseudomonas sp. RtIB026	2749999	S	301	196	497	0.00003
Pseudomonas sp. S35	1573719	S	278	84	362	0.00002
Pseudomonas sp. Seg1	2678259	S	274	71	345	0.00002
Pseudomonas sp. OE 28.3	2745519	S	273	76	349	0.00002
Pseudomonas sp. 2hn	2866626	S	272	204	476	0.00003
Pseudomonas sp. HN11	1344094	S	271	72	343	0.00002
Pseudomonas sp. DTU12.3	2073078	S	270	77	347	0.00002
Pseudomonas sp. DR48	2871095	S	269	226	495	0.00003
Pseudomonas sp. 31-12	2201356	S	267	77	344	0.00002
Pseudomonas sp. R5-89-07	658644	S	260	89	349	0.00002
Pseudomonas sp. ADAK18	2730848	S	254	51	305	0.00002
Pseudomonas sp. HS6	2850559	S	248	76	324	0.00002
Pseudomonas sp. NS1(2017)	2025658	S	245	74	319	0.00002
Pseudomonas sp. RC3H12	2834406	S	245	166	411	0.00003
Pseudomonas sp. LG1E9	2219057	S	241	80	321	0.00002
Pseudomonas sp. LS.1a	2920387	S	240	118	358	0.00002
Pseudomonas sp. NIBR-H-19	2901380	S	235	58	293	0.00002
Pseudomonas sp. ACM7	2052956	S	230	46	276	0.00002
Pseudomonas sp. PP3	2815936	S	226	105	331	0.00002
Pseudomonas sp. M30-35	1981174	S	223	15	238	0.00002
Pseudomonas sp. DNDY-54	2870860	S	212	122	334	0.00002
Pseudomonas sp. NIBRBAC000502773	2590776	S	209	125	334	0.00002
Pseudomonas sp. HS-18	2879114	S	198	474	672	0.00004
Pseudomonas sp. MRSN12121	1611770	S	195	325	520	0.00003
Pseudomonas sp. UW4	1207075	S	194	149	343	0.00002
Pseudomonas sp. SCA2728.1_7	2825975	S	194	116	310	0.00002
Pseudomonas sp. SK3(2021)	2841064	S	193	147	340	0.00002
Pseudomonas sp. 14181154	2662033	S	192	247	439	0.00003
Pseudomonas sp. CYM-20-01	2870750	S	187	108	295	0.00002
Pseudomonas sp. IzPS59	2774459	S	183	101	284	0.00002
Pseudomonas sp. R2A2	2213057	S	169	220	389	0.00003
Pseudomonas sp. SDM007	2812000	S	167	118	285	0.00002
Pseudomonas sp. CCOS 191	1649877	S	161	150	311	0.00002
Pseudomonas sp. AO-1	2855434	S	159	165	324	0.00002
Pseudomonas sp. R84	1573712	S	155	79	234	0.00002
Pseudomonas sp. St316	2678257	S	152	58	210	0.00001
Pseudomonas sp. Z003-0.4C(8344-21)	1855380	S	152	127	279	0.00002
Pseudomonas sp. R76	1573711	S	147	84	231	0.00002
Pseudomonas sp. LTJR-52	2479392	S	145	57	202	0.00001
Pseudomonas sp. FIT81	2837969	S	144	99	243	0.00002
Pseudomonas sp. SK	2729423	S	142	141	283	0.00002
Pseudomonas sp. FGI182	1259844	S	141	183	324	0.00002
Pseudomonas sp. 02C 26	2054914	S	136	306	442	0.00003
Pseudomonas sp. B10	118613	S	126	108	234	0.00002
Pseudomonas sp. LPH1	1898684	S	126	135	261	0.00002
Pseudomonas sp. RBPA9	2746321	S	126	317	443	0.00003
Pseudomonas sp. BIGb0427	2724470	S	113	260	373	0.00002
Pseudomonas sp. SORT22	2813842	S	113	276	389	0.00003
Pseudomonas sp. S07E 245	2866278	S	111	264	375	0.00002
Pseudomonas sp. Cab53	2678258	S	110	206	316	0.00002
Pseudomonas sp. phDV1	253237	S	108	429	537	0.00004
Pseudomonas sp. RU47	2005388	S	103	273	376	0.00002
Pseudomonas sp. AN-B15	2697023	S	101	302	403	0.00003
Pseudomonas sp. MPFS	2795724	S	99	190	289	0.00002
Pseudomonas sp. THAF7b	2587845	S	97	217	314	0.00002
Pseudomonas sp. FDAARGOS_380	2018067	S	87	82	169	0.00001
Pseudomonas sp. SC3(2021)	2871493	S	86	109	195	0.00001
Pseudomonas sp. Y5-11	2749808	S	83	268	351	0.00002
Pseudomonas sp. HN2	2884805	S	83	86	169	0.00001
Pseudomonas sp. LBUM920	2126069	S	83	211	294	0.00002
Pseudomonas sp. S150	2559074	S	82	150	232	0.00002
Pseudomonas sp. S49	1573720	S	81	217	298	0.00002
Pseudomonas sp. DR 5-09	1534110	S	80	122	202	0.00001
Pseudomonas sp. J380	2605424	S	79	110	189	0.00001
Pseudomonas sp. 3-2	2867408	S	78	113	191	0.00001
Pseudomonas sp. 09C 129	2054915	S	76	111	187	0.00001
Pseudomonas sp. MYb193	1827300	S	73	85	158	0.00001
Pseudomonas sp. C27(2019)	2604941	S	73	12	85	0.00001
Pseudomonas sp. PONIH3	1636610	S	73	466	539	0.00004
Pseudomonas sp. St29	1500687	S	70	295	365	0.00002
Pseudomonas sp. ATCC 43928	676210	S	67	177	244	0.00002
Pseudomonas sp. ADAK22	2730851	S	67	172	239	0.00002
Pseudomonas sp. BC42	2933816	S	67	342	409	0.00003
Pseudomonas sp. ArH3a	2862945	S	66	170	236	0.00002
Pseudomonas sp. GR 6-02	1659194	S	60	157	217	0.00001
Pseudomonas sp. BIOMIG1BAC	1758730	S	57	208	265	0.00002
Pseudomonas sp. DR208	2870840	S	57	161	218	0.00001
Pseudomonas sp. A2	107445	S	52	322	374	0.00002
Pseudomonas sp. IAC-BECa141	2793103	S	51	124	175	0.00001
Pseudomonas sp. PS1(2021)	2866282	S	49	1675	1724	0.00011
Pseudomonas sp. R3-18-08	1173283	S	48	142	190	0.00001
Pseudomonas sp. LG1D9	2083054	S	46	174	220	0.00001
Pseudomonas sp. Y39-6	2749807	S	46	173	219	0.00001
Pseudomonas sp. Os17	1500686	S	41	209	250	0.00002
Pseudomonas sp. SXM-1	2169583	S	41	135	176	0.00001
Pseudomonas sp. SWI36	2083052	S	40	128	168	0.00001
Pseudomonas sp. CFSAN084952	2664899	S	39	136	175	0.00001
Pseudomonas sp. R32	1573704	S	38	115	153	0.00001
Pseudomonas sp. SWI44	2083053	S	37	311	348	0.00002
Pseudomonas sp. R4-34-07	658642	S	36	209	245	0.00002
Pseudomonas sp. MPDS	2762896	S	36	159	195	0.00001
Pseudomonas sp. R2-37-08W	1173273	S	35	166	201	0.00001
Pseudomonas sp. B14-6	2738843	S	35	111	146	0.00001
Pseudomonas sp. XWY-1	2069256	S	33	216	249	0.00002
Pseudomonas sp. R3-52-08	1173284	S	32	195	227	0.00001
Pseudomonas sp. IB20	1702250	S	31	184	215	0.00001
Pseudomonas sp. NC02	2067572	S	31	109	140	0.00001
Pseudomonas sp. CIP-10	2892442	S	30	325	355	0.00002
Pseudomonas sp. TMW 2.1634	1886807	S	30	92	122	0.00001
Pseudomonas sp. TKP	1415630	S	30	121	151	0.00001
Pseudomonas sp. HN8-3	2886361	S	29	67	96	0.00001
Pseudomonas sp. A214	1855331	S	29	95	124	0.00001
Pseudomonas sp. R11-23-07	658632	S	29	260	289	0.00002
Pseudomonas sp. SWI6	2083051	S	29	482	511	0.00003
Pseudomonas sp. BJP69	2597770	S	28	198	226	0.00001
Pseudomonas sp. R1-43-08	1173270	S	28	166	194	0.00001
Pseudomonas sp. 7-41	2898483	S	27	140	167	0.00001
Pseudomonas sp. LH1G9	2083055	S	27	109	136	0.00001
Pseudomonas sp. DTU12.1	2654238	S	26	105	131	0.00001
Pseudomonas sp. CFA	2651048	S	26	137	163	0.00001
Pseudomonas sp. R2-60-08W	1173280	S	23	161	184	0.00001
Pseudomonas sp. Colony2	2861799	S	23	104	127	0.00001
Pseudomonas sp. Eqa60	2799184	S	22	148	170	0.00001
Pseudomonas sp. R4-39-08	1173288	S	21	124	145	0.00001
Pseudomonas sp. BYT-1	2816906	S	20	203	223	0.00001
Pseudomonas sp. I3-I5	2926671	S	20	90	110	0.00001
Pseudomonas sp. R4-35-07	658643	S	19	128	147	0.00001
Pseudomonas sp. OST1909	2777367	S	19	68	87	0.00001
Pseudomonas sp. So3.2b	2864101	S	18	68	86	0.00001
Pseudomonas sp. SK2	2841063	S	18	326	344	0.00002
Pseudomonas sp. St290	1602166	S	17	77	94	0.00001
Pseudomonas sp. VLB120	69328	S	16	225	241	0.00002
Pseudomonas sp. SW-3	147212	S	14	61	75	0.00000
Pseudomonas sp. R2-7-07	658641	S	12	113	125	0.00001
Pseudomonas sp. LTGT-11-2Z	2479393	S	12	382	394	0.00003
Pseudomonas sp. 13159349	2662034	S	11	124	135	0.00001
Pseudomonas fluorescens	294	S	6485	5852	12337	0.00081
Pseudomonas protegens	380021	S	1552	1551	3103	0.00020
Pseudomonas orientalis	76758	S	1045	313	1358	0.00009
Pseudomonas azotoformans	47878	S	861	373	1234	0.00008
Pseudomonas synxantha	47883	S	774	573	1347	0.00009
Pseudomonas rhodesiae	76760	S	611	264	875	0.00006
Pseudomonas poae	200451	S	553	324	877	0.00006
Pseudomonas tolaasii	29442	S	484	101	585	0.00004
Pseudomonas trivialis	200450	S	466	180	646	0.00004
Pseudomonas corrugata	47879	S	445	104	549	0.00004
Pseudomonas migulae	78543	S	429	270	699	0.00005
Pseudomonas mediterranea	183795	S	422	116	538	0.00004
Pseudomonas cedrina	651740	S	349	98	447	0.00003
Pseudomonas mucidolens	46679	S	299	48	347	0.00002
Pseudomonas brenneri	129817	S	252	110	362	0.00002
Pseudomonas congelans	200452	S	250	84	334	0.00002
Pseudomonas libanensis	75588	S	177	209	386	0.00003
Pseudomonas mandelii	75612	S	161	458	619	0.00004
Pseudomonas ogarae	1114970	S	153	125	278	0.00002
Pseudomonas veronii	76761	S	130	381	511	0.00003
Pseudomonas extremorientalis	169669	S	40	105	145	0.00001
Pseudomonas aeruginosa	287	S	6408	61276	67684	0.00442
Pseudomonas mendocina	300	S	2523	1019	3542	0.00023
Pseudomonas alcaligenes	43263	S	2335	1741	4076	0.00027
Pseudomonas furukawaii	1149133	S	1600	526	2126	0.00014
Pseudomonas oleovorans	301	S	310	1178	1488	0.00010
Pseudomonas resinovorans	53412	S	1430	345	1775	0.00012
Pseudomonas multiresinivorans	95301	S	710	265	975	0.00006
Pseudomonas nitroreducens	46680	S	220	518	738	0.00005
Pseudomonas citronellolis	53408	S	774	1264	2038	0.00013
Pseudomonas putida	303	S	8061	11814	19875	0.00130
Pseudomonas oryzihabitans	47885	S	2438	584	3022	0.00020
Pseudomonas fulva	47880	S	1559	4703	6262	0.00041
Pseudomonas plecoglossicida	70775	S	596	526	1122	0.00007
Pseudomonas mosselii	78327	S	296	600	896	0.00006
Pseudomonas monteilii	76759	S	278	477	755	0.00005
Pseudomonas sp. SGAir0191	2217867	S	126	89	215	0.00001
Pseudomonas shirazica	1940636	S	17	251	268	0.00002
Pseudomonas stutzeri	316	S	9873	7062	16935	0.00111
Pseudomonas chloritidismutans	203192	S	108	168	276	0.00002
Pseudomonas balearica	74829	S	1745	2362	4107	0.00027
Pseudomonas xanthomarina	271420	S	491	87	578	0.00004
Pseudomonas luteola	47886	S	134	71	205	0.00001
Pseudomonas syringae	317	S	2146	7121	9267	0.00061
Pseudomonas viridiflava	33069	S	1304	167	1471	0.00010
Pseudomonas cichorii	36746	S	701	71	772	0.00005
Pseudomonas asturiensis	1190415	S	430	48	478	0.00003
Pseudomonas amygdali	47877	S	181	755	936	0.00006
Pseudomonas savastanoi	29438	S	84	366	450	0.00003
Pseudomonas syringae group genomosp. 7	251699	S	358	47	405	0.00003
Pseudomonas fuscovaginae	50340	S	218	140	358	0.00002
Pseudomonas avellanae	46257	S	112	115	227	0.00001
Pseudomonas coronafaciens	53409	S	80	149	229	0.00001
Pseudomonas syringae group genomosp. 3	251701	S	71	1647	1718	0.00011
Pseudomonas sp. Lz4W	1206777	S	38	75	113	0.00001
Pseudomonas tremae	200454	S	23	35	58	0.00000
Pseudomonas chlororaphis	587753	S	3840	4654	8494	0.00056
Pseudomonas lundensis	86185	S	391	57	448	0.00003
Pseudomonas fragi	296	S	222	201	423	0.00003
Pseudomonas otitidis	319939	S	2426	616	3042	0.00020
Pseudomonas psychrotolerans	237610	S	2358	586	2944	0.00019
Pseudomonas knackmussii	65741	S	2267	2039	4306	0.00028
Pseudomonas oryzae	1392877	S	2143	788	2931	0.00019
Pseudomonas lalkuanensis	2604832	S	2070	440	2510	0.00016
Pseudomonas entomophila	312306	S	1823	883	2706	0.00018
Pseudomonas cavernae	2320867	S	1599	291	1890	0.00012
Pseudomonas guangdongensis	1245526	S	1396	521	1917	0.00013
Pseudomonas eucalypticola	2599595	S	929	137	1066	0.00007
Pseudomonas parafulva	157782	S	923	298	1221	0.00008
Pseudomonas qingdaonensis	2056231	S	919	211	1130	0.00007
Pseudomonas vanderleydeniana	2745495	S	842	133	975	0.00006
Pseudomonas campi	2731681	S	837	131	968	0.00006
Pseudomonas nanhaiensis	2830842	S	789	97	886	0.00006
Pseudomonas cremoricolorata	157783	S	713	124	837	0.00005
Pseudomonas frederiksbergensis	104087	S	697	230	927	0.00006
Pseudomonas argentinensis	289370	S	678	174	852	0.00006
Pseudomonas brassicacearum	930166	S	673	1357	2030	0.00013
Pseudomonas rhizosphaerae	216142	S	670	94	764	0.00005
Pseudomonas alkylphenolica	237609	S	653	144	797	0.00005
Pseudomonas yamanorum	515393	S	639	157	796	0.00005
Pseudomonas muyukensis	2842357	S	634	210	844	0.00006
Pseudomonas tohonis	2725477	S	622	561	1183	0.00008
Pseudomonas saudiphocaensis	1499686	S	608	159	767	0.00005
Pseudomonas zhaodongensis	1176257	S	608	305	913	0.00006
Pseudomonas pohangensis	364197	S	597	51	648	0.00004
Pseudomonas umsongensis	198618	S	569	102	671	0.00004
Pseudomonas palleroniana	191390	S	528	95	623	0.00004
Pseudomonas alvandae	2842348	S	528	93	621	0.00004
Pseudomonas phragmitis	1931241	S	522	48	570	0.00004
Pseudomonas vancouverensis	95300	S	488	87	575	0.00004
Pseudomonas tructae	2518644	S	477	94	571	0.00004
Pseudomonas koreensis	198620	S	461	197	658	0.00004
Pseudomonas fakonensis	2842355	S	457	159	616	0.00004
Pseudomonas xanthosomae	2842356	S	457	162	619	0.00004
Pseudomonas xantholysinigenes	2745490	S	443	135	578	0.00004
Pseudomonas arsenicoxydans	702115	S	413	97	510	0.00003
Pseudomonas hamedanensis	2745504	S	401	81	482	0.00003
Pseudomonas antarctica	219572	S	389	107	496	0.00003
Pseudomonas thivervalensis	86265	S	385	89	474	0.00003
Pseudomonas agarici	46677	S	384	20	404	0.00003
Pseudomonas prosekii	1148509	S	384	71	455	0.00003
Pseudomonas granadensis	1421430	S	383	199	582	0.00004
Pseudomonas extremaustralis	359110	S	378	92	470	0.00003
Pseudomonas silesiensis	1853130	S	372	88	460	0.00003
Pseudomonas marincola	437900	S	370	66	436	0.00003
Pseudomonas promysalinigenes	485898	S	345	61	406	0.00003
Pseudomonas graminis	158627	S	339	103	442	0.00003
Pseudomonas sediminis	1691904	S	332	106	438	0.00003
Pseudomonas lurida	244566	S	331	82	413	0.00003
Pseudomonas simiae	321846	S	311	84	395	0.00003
Pseudomonas asgharzadehiana	2842349	S	299	77	376	0.00002
Pseudomonas lini	163011	S	299	65	364	0.00002
Pseudomonas wenzhouensis	2906062	S	293	123	416	0.00003
Pseudomonas maumuensis	2842354	S	284	151	435	0.00003
Pseudomonas taetrolens	47884	S	265	38	303	0.00002
Pseudomonas versuta	1788301	S	264	47	311	0.00002
Pseudomonas reinekei	395598	S	261	82	343	0.00002
Pseudomonas viciae	2505979	S	260	69	329	0.00002
Pseudomonas kribbensis	1628086	S	258	269	527	0.00003
Pseudomonas psychrophila	122355	S	241	37	278	0.00002
Pseudomonas alcaliphila	101564	S	217	257	474	0.00003
Pseudomonas oryziphila	2894079	S	200	174	374	0.00002
Pseudomonas sihuiensis	1274359	S	195	279	474	0.00003
Pseudomonas allokribbensis	2774460	S	193	82	275	0.00002
Pseudomonas chengduensis	489632	S	190	422	612	0.00004
Pseudomonas tritici	2745518	S	188	65	253	0.00002
Pseudomonas moraviensis	321662	S	184	315	499	0.00003
Pseudomonas toyotomiensis	554344	S	178	178	356	0.00002
Pseudomonas gozinkensis	2774461	S	174	89	263	0.00002
Pseudomonas asplenii	53407	S	172	116	288	0.00002
Pseudomonas khazarica	2502979	S	156	209	365	0.00002
Pseudomonas atacamensis	2565368	S	151	160	311	0.00002
Pseudomonas kunmingensis	1211807	S	147	234	381	0.00002
Pseudomonas anuradhapurensis	485870	S	144	141	285	0.00002
Pseudomonas azerbaijanoriens	2842350	S	142	104	246	0.00002
Pseudomonas zeae	2745510	S	138	76	214	0.00001
Pseudomonas tensinigenes	2745511	S	132	78	210	0.00001
Pseudomonas zarinae	2745498	S	127	104	231	0.00002
Pseudomonas germanica	2815720	S	125	74	199	0.00001
Pseudomonas iranensis	2745503	S	106	87	193	0.00001
Pseudomonas salmasensis	2745514	S	90	63	153	0.00001
Pseudomonas monsensis	2745509	S	78	91	169	0.00001
Pseudomonas juntendi	2666183	S	76	763	839	0.00005
Pseudomonas donghuensis	1163398	S	72	219	291	0.00002
Pseudomonas lactis	1615674	S	63	50	113	0.00001
Pseudomonas soli	1306993	S	62	259	321	0.00002
Pseudomonas sessilinigenes	658629	S	53	147	200	0.00001
Pseudomonas bijieensis	2681983	S	50	204	254	0.00002
Pseudomonas cerasi	1583341	S	47	107	154	0.00001
Pseudomonas glycinae	1785145	S	44	85	129	0.00001
Pseudomonas rhizophila	2045200	S	34	96	130	0.00001
Pseudomonas shahriarae	2745512	S	31	131	162	0.00001
Pseudomonas asiatica	2219225	S	30	183	213	0.00001
Pseudomonas taiwanensis	470150	S	11	151	162	0.00001
Candidatus Pseudomonas adelgestsugas	1302376	S	10	0	10	0.00000
Azotobacter chroococcum	353	S	2335	1111	3446	0.00023
Azotobacter salinestris	69964	S	1985	712	2697	0.00018
Azotobacter vinelandii	354	S	1399	5193	6592	0.00043
Halopseudomonas xinjiangensis	487184	S	600	63	663	0.00004
Halopseudomonas sabulinigri	472181	S	520	50	570	0.00004
Halopseudomonas sp. RR6	2918528	S	517	80	597	0.00004
Halopseudomonas aestusnigri	857252	S	479	355	834	0.00005
Halopseudomonas litoralis	797277	S	429	110	539	0.00004
Halopseudomonas salegens	1434072	S	334	28	362	0.00002
Permianibacter aggregans	1510150	S	536	20	556	0.00004
Thiopseudomonas alkaliphila	1697053	S	51	12	63	0.00000
Entomomonas sp. F2A	2785331	S	12	1	13	0.00000
Entomomonas moraniae	2213226	S	10	1	11	0.00000
Marinobacter sp. CA1	2817656	S	647	57	704	0.00005
Marinobacter sp. LPB0319	2769486	S	408	30	438	0.00003
Marinobacter sp. Arc7-DN-1	2304594	S	401	59	460	0.00003
Marinobacter sp. NP-4(2019)	2488665	S	385	78	463	0.00003
Marinobacter sp. LV10R510-11A	1415568	S	224	11	235	0.00002
Marinobacter sp. LQ44	1749259	S	198	319	517	0.00003
Marinobacter sp. es.042	1761794	S	163	156	319	0.00002
Marinobacter sp. JH2	2547598	S	138	45	183	0.00001
Marinobacter sp. CP1	1671721	S	135	258	393	0.00003
Marinobacter sp. BSs20148	490759	S	105	60	165	0.00001
Marinobacter fonticola	2603215	S	585	35	620	0.00004
Marinobacter nauticus	2743	S	478	186	664	0.00004
Marinobacter salarius	1420917	S	459	64	523	0.00003
Marinobacter similis	1420916	S	384	37	421	0.00003
Marinobacter salsuginis	418719	S	348	50	398	0.00003
Marinobacter salinus	1874317	S	340	24	364	0.00002
Marinobacter adhaerens	1033846	S	144	267	411	0.00003
Marinobacter psychrophilus	330734	S	95	55	150	0.00001
Klebsiella pneumoniae	573	S	1254	50178	51432	0.00336
Klebsiella quasipneumoniae	1463165	S	616	2890	3506	0.00023
Klebsiella oxytoca	571	S	401	1949	2350	0.00015
Klebsiella aerogenes	548	S	388	277	665	0.00004
Klebsiella sp. A52	2834819	S	26	34	60	0.00000
Klebsiella sp. CTHL.F3a	2873296	S	15	367	382	0.00003
Klebsiella variicola	244366	S	249	1223	1472	0.00010
Klebsiella michiganensis	1134687	S	221	1732	1953	0.00013
Klebsiella quasivariicola	2026240	S	111	147	258	0.00002
Klebsiella africana	2489010	S	101	76	177	0.00001
Klebsiella huaxiensis	2153354	S	89	107	196	0.00001
Klebsiella grimontii	2058152	S	48	409	457	0.00003
Raoultella sp. HC6	2923366	S	231	188	419	0.00003
Raoultella planticola	575	S	170	212	382	0.00003
Raoultella ornithinolytica	54291	S	146	1268	1414	0.00009
Raoultella terrigena	577	S	126	284	410	0.00003
Raoultella electrica	1259973	S	97	288	385	0.00003
Enterobacter cloacae	550	S	1139	2268	3407	0.00022
Enterobacter hormaechei	158836	S	377	8035	8412	0.00055
Enterobacter cancerogenus	69218	S	347	152	499	0.00003
Enterobacter asburiae	61645	S	323	1839	2162	0.00014
Enterobacter roggenkampii	1812935	S	198	995	1193	0.00008
Enterobacter ludwigii	299767	S	130	369	499	0.00003
Enterobacter chengduensis	2494701	S	115	99	214	0.00001
Enterobacter cloacae complex sp.	2027919	S	31	972	1003	0.00007
Enterobacter sp. BIDMC 29	1329841	S	22	88	110	0.00001
Enterobacter chuandaensis	2497875	S	82	67	149	0.00001
Enterobacter kobei	208224	S	67	959	1026	0.00007
Enterobacter sichuanensis	2071710	S	48	53	101	0.00001
Enterobacter sp. JUb54	2724468	S	271	71	342	0.00002
Enterobacter sp. SA187	1914861	S	241	55	296	0.00002
Enterobacter sp. E76	2596949	S	121	292	413	0.00003
Enterobacter sp. RHBSTW-00994	2742676	S	91	29	120	0.00001
Enterobacter sp. RHBSTW-00175	2742639	S	67	79	146	0.00001
Enterobacter sp. SGAir0187	2836161	S	51	73	124	0.00001
Enterobacter sp. Colony194	2866201	S	50	81	131	0.00001
Enterobacter sp. JBIWA008	2831892	S	41	33	74	0.00000
Enterobacter sp. JBIWA003	2831890	S	39	62	101	0.00001
Enterobacter sp. SES19	2705458	S	29	32	61	0.00000
Enterobacter sp. JBIWA005	2831891	S	26	61	87	0.00001
Enterobacter sp. E20	1560339	S	17	183	200	0.00001
Enterobacter sp. DNB-S2	2720029	S	13	70	83	0.00001
Enterobacter sp. 18A13	2565914	S	13	68	81	0.00001
Enterobacter huaxiensis	2494702	S	145	55	200	0.00001
Enterobacter bugandensis	881260	S	132	294	426	0.00003
Enterobacter oligotrophicus	2478464	S	114	45	159	0.00001
Enterobacter mori	539813	S	110	173	283	0.00002
Enterobacter soli	885040	S	81	27	108	0.00001
Citrobacter freundii	546	S	261	1463	1724	0.00011
Citrobacter werkmanii	67827	S	71	220	291	0.00002
Citrobacter braakii	57706	S	55	540	595	0.00004
Citrobacter freundii complex sp. CFNIH2	2066049	S	34	50	84	0.00001
Citrobacter portucalensis	1639133	S	38	500	538	0.00004
Citrobacter sedlakii	67826	S	32	122	154	0.00001
Citrobacter sp. R56	1573676	S	126	60	186	0.00001
Citrobacter sp. RHB25-C09	2742624	S	120	76	196	0.00001
Citrobacter sp. BDA59-3	2781952	S	30	17	47	0.00000
Citrobacter rodentium	67825	S	232	0	232	0.00002
Citrobacter amalonaticus	35703	S	168	1016	1184	0.00008
Citrobacter farmeri	67824	S	168	109	277	0.00002
Citrobacter koseri	545	S	79	137	216	0.00001
Citrobacter tructae	2562449	S	70	42	112	0.00001
Citrobacter pasteurii	1563222	S	45	48	93	0.00001
Citrobacter arsenatis	2546350	S	36	16	52	0.00000
Citrobacter cronae	1748967	S	12	121	133	0.00001
Cronobacter sakazakii	28141	S	410	376	786	0.00005
Cronobacter dublinensis	413497	S	306	130	436	0.00003
Cronobacter condimenti	1163710	S	202	69	271	0.00002
Cronobacter universalis	535744	S	193	157	350	0.00002
Cronobacter malonaticus	413503	S	129	148	277	0.00002
Cronobacter muytjensii	413501	S	44	183	227	0.00001
Cronobacter sp. JZ38	1906275	S	41	131	172	0.00001
Kosakonia sp. SMBL-WEM22	2725560	S	168	85	253	0.00002
Kosakonia sp. MUSA4	2067958	S	88	49	137	0.00001
Kosakonia sp. CCTCC M2018092	2492396	S	87	92	179	0.00001
Kosakonia cowanii	208223	S	316	272	588	0.00004
Kosakonia sacchari	1158459	S	238	122	360	0.00002
Kosakonia radicincitans	283686	S	124	115	239	0.00002
Kosakonia arachidis	551989	S	107	34	141	0.00001
Kosakonia oryzae	497725	S	88	70	158	0.00001
Kosakonia pseudosacchari	1646340	S	82	50	132	0.00001
Leclercia adecarboxylata	83655	S	499	992	1491	0.00010
Leclercia sp. 29361	2714951	S	214	103	317	0.00002
Leclercia sp. J807	2681307	S	28	48	76	0.00000
Leclercia sp. 119287	2681308	S	26	86	112	0.00001
Leclercia sp. W17	2282309	S	23	75	98	0.00001
Leclercia sp. W6	2282310	S	21	45	66	0.00000
Leclercia sp. G3L	2898725	S	16	97	113	0.00001
Leclercia sp. Colony189	2681309	S	11	203	214	0.00001
Leclercia pneumoniae	2815358	S	140	85	225	0.00001
Salmonella enterica	28901	S	1017	48215	49232	0.00322
Salmonella bongori	54736	S	123	46	169	0.00001
Pluralibacter gergoviae	61647	S	848	271	1119	0.00007
[Enterobacter] lignolyticus	1334193	S	428	135	563	0.00004
Escherichia coli	562	S	691	28100	28791	0.00188
Escherichia albertii	208962	S	137	217	354	0.00002
Escherichia fergusonii	564	S	67	131	198	0.00001
Escherichia marmotae	1499973	S	61	43	104	0.00001
Escherichia sp. E4742	2044467	S	56	45	101	0.00001
Cedecea neteri	158822	S	589	143	732	0.00005
Cedecea lapagei	158823	S	179	53	232	0.00002
Cedecea sp. FDAARGOS_727	2545798	S	124	30	154	0.00001
Lelliottia amnigena	61646	S	439	152	591	0.00004
Lelliottia sp. AC1	2067959	S	64	81	145	0.00001
Lelliottia sp. WB101	2153385	S	55	84	139	0.00001
Kluyvera ascorbata	51288	S	152	145	297	0.00002
Kluyvera intermedia	61648	S	134	127	261	0.00002
Kluyvera sp. CRP	2873269	S	25	78	103	0.00001
Kluyvera genomosp. 3	2774055	S	16	46	62	0.00000
Candidatus Symbiopectobacterium sp. SyEd1	2871826	S	188	29	217	0.00001
Blochmannia endosymbiont of Camponotus sp.	700220	S	31	15	46	0.00000
Blochmannia endosymbiont of Colobopsis nipponica	2681987	S	17	1	18	0.00000
Candidatus Hamiltonella defensa	138072	S	39	4	43	0.00000
secondary endosymbiont of Ctenarytaina eucalypti	1199245	S	29	1	30	0.00000
secondary endosymbiont of Heteropsylla cubana	134287	S	10	0	10	0.00000
Candidatus Doolittlea endobia	1778262	S	29	2	31	0.00000
Candidatus Hoaglandella endobia	1778263	S	11	1	12	0.00000
Jejubacter calystegiae	2579935	S	304	41	345	0.00002
Pseudescherichia vulneris	566	S	269	20	289	0.00002
Atlantibacter hermannii	565	S	248	66	314	0.00002
Buttiauxella agrestis	82977	S	93	21	114	0.00001
Buttiauxella ferragutiae	82989	S	26	69	95	0.00001
Buttiauxella sp. 3AFRM03	2479367	S	22	53	75	0.00000
Shimwellia blattae	563	S	242	61	303	0.00002
Plesiomonas shigelloides	703	S	221	89	310	0.00002
Yokenella regensburgei	158877	S	191	105	296	0.00002
Scandinavium goeteborgense	1851514	S	164	38	202	0.00001
Phytobacter ursingii	1972431	S	145	236	381	0.00002
Phytobacter diazotrophicus	395631	S	10	79	89	0.00001
Pseudocitrobacter sp. G163CM	2891570	S	153	48	201	0.00001
Shigella flexneri	623	S	39	2527	2566	0.00017
Shigella boydii	621	S	23	508	531	0.00003
Candidatus Moranella endobia	1048758	S	38	0	38	0.00000
Candidatus Ishikawaella capsulata	168169	S	15	1	16	0.00000
Candidatus Schneideria nysicola	1081631	S	10	0	10	0.00000
Serratia marcescens	615	S	1675	4275	5950	0.00039
Serratia plymuthica	82996	S	600	346	946	0.00006
Serratia sp. ATCC 39006	104623	S	119	16	135	0.00001
Serratia sp. FDAARGOS_506	2420306	S	98	108	206	0.00001
Serratia sp. FGI94	671990	S	77	93	170	0.00001
Serratia sp. 1D1416	2447890	S	32	117	149	0.00001
Serratia sp. MYb239	2033438	S	31	287	318	0.00002
Serratia sp. 3ACOL1	2448483	S	29	46	75	0.00000
Serratia sp. FS14	1327989	S	15	81	96	0.00001
Serratia sp. SCBI	488142	S	14	134	148	0.00001
Serratia sp. Tan611	2773264	S	13	93	106	0.00001
Serratia sp. JSRIV006	2831896	S	12	70	82	0.00001
Serratia sp. P2ACOL2	2482769	S	10	33	43	0.00000
Serratia sp. JSRIV004	2831895	S	10	59	69	0.00000
Serratia rubidaea	61652	S	421	534	955	0.00006
Serratia entomophila	42906	S	381	113	494	0.00003
Serratia odorifera	618	S	284	59	343	0.00002
Serratia proteamaculans	28151	S	283	74	357	0.00002
Serratia fonticola	47917	S	226	221	447	0.00003
Serratia surfactantfaciens	2741499	S	208	134	342	0.00002
Serratia quinivorans	137545	S	144	62	206	0.00001
Serratia liquefaciens	614	S	129	190	319	0.00002
Serratia symbiotica	138074	S	104	21	125	0.00001
Serratia grimesii	82995	S	101	13	114	0.00001
Serratia inhibens	2338073	S	89	54	143	0.00001
Serratia ureilytica	300181	S	88	1258	1346	0.00009
Serratia rhizosphaerae	2597702	S	84	88	172	0.00001
Serratia ficaria	61651	S	25	125	150	0.00001
Rahnella aquatilis	34038	S	209	370	579	0.00004
Rahnella victoriana	1510570	S	188	36	224	0.00001
Rahnella sp. ERMR1:05	1805933	S	144	26	170	0.00001
Rahnella inusitata	58169	S	140	48	188	0.00001
Rahnella aceris	2703885	S	27	74	101	0.00001
Yersinia pseudotuberculosis	633	S	26	115	141	0.00001
Yersinia pestis	632	S	20	1080	1100	0.00007
Yersinia similis	367190	S	19	4	23	0.00000
Yersinia enterocolitica	630	S	103	99	202	0.00001
Yersinia ruckeri	29486	S	81	18	99	0.00001
Yersinia mollaretii	33060	S	63	16	79	0.00001
Yersinia aldovae	29483	S	53	13	66	0.00000
Yersinia entomophaga	935293	S	52	11	63	0.00000
Yersinia canariae	2607663	S	34	14	48	0.00000
Yersinia frederiksenii	29484	S	33	30	63	0.00000
Yersinia aleksiciae	263819	S	33	9	42	0.00000
Yersinia rohdei	29485	S	29	6	35	0.00000
Yersinia kristensenii	28152	S	28	79	107	0.00001
Yersinia intermedia	631	S	22	71	93	0.00001
Yersinia hibernica	2339259	S	11	18	29	0.00000
Yersinia massiliensis	419257	S	10	31	41	0.00000
Nissabacter sp. SGAir0207	2126321	S	661	124	785	0.00005
Gibbsiella quercinecans	929813	S	436	75	511	0.00003
Rouxiella badensis	1646377	S	219	25	244	0.00002
Ewingella americana	41202	S	203	36	239	0.00002
Chania multitudinisentens	1639108	S	110	15	125	0.00001
Candidatus Fukatsuia symbiotica	1878942	S	63	5	68	0.00000
Pantoea sp. Z09	2886821	S	529	197	726	0.00005
Pantoea sp. SO10	2575375	S	241	54	295	0.00002
Pantoea sp. MSR2	2052056	S	213	26	239	0.00002
Pantoea sp. At-9b	592316	S	176	40	216	0.00001
Pantoea sp. CCBC3-3-1	2490851	S	141	33	174	0.00001
Pantoea sp. MT58	2768165	S	19	139	158	0.00001
Pantoea sp. SM3640	2787629	S	14	95	109	0.00001
Pantoea agglomerans	549	S	1205	409	1614	0.00011
Pantoea dispersa	59814	S	936	293	1229	0.00008
Pantoea deleyi	470932	S	349	93	442	0.00003
Pantoea ananatis	553	S	347	116	463	0.00003
Pantoea vagans	470934	S	321	490	811	0.00005
Pantoea alhagi	1891675	S	218	79	297	0.00002
Pantoea cypripedii	55209	S	201	12	213	0.00001
Pantoea stewartii	66269	S	190	53	243	0.00002
Pantoea rwandensis	1076550	S	107	27	134	0.00001
Pantoea eucalypti	470933	S	16	106	122	0.00001
Erwinia sp. E602	2675378	S	572	122	694	0.00005
Erwinia sp. J780	2681984	S	123	27	150	0.00001
Erwinia sp. QL-Z3	2547962	S	34	90	124	0.00001
Erwinia sp. Ejp617	215689	S	25	39	64	0.00000
Erwinia gerundensis	1619313	S	265	60	325	0.00002
Erwinia persicina	55211	S	200	48	248	0.00002
Erwinia rhapontici	55212	S	193	43	236	0.00002
Erwinia tasmaniensis	338565	S	161	39	200	0.00001
Erwinia amylovora	552	S	125	52	177	0.00001
Erwinia billingiae	182337	S	120	225	345	0.00002
Erwinia tracheiphila	65700	S	99	15	114	0.00001
Candidatus Erwinia haradaeae	1922217	S	87	2	89	0.00001
[Pantoea] beijingensis	1324864	S	64	15	79	0.00001
Erwinia pyrifoliae	79967	S	38	58	96	0.00001
Mixta gaviniae	665914	S	421	183	604	0.00004
Mixta calida	665913	S	324	206	530	0.00003
Mixta theicola	1458355	S	304	110	414	0.00003
Mixta intestinalis	1615494	S	173	55	228	0.00001
Mixta sp. X22927	2872648	S	172	109	281	0.00002
Buchnera aphidicola	9	S	212	34	246	0.00002
Tatumella citrea	53336	S	66	12	78	0.00001
Tatumella ptyseos	82987	S	59	13	72	0.00000
Wigglesworthia glossinidia	51229	S	24	3	27	0.00000
Dickeya dadantii	204038	S	346	250	596	0.00004
Dickeya zeae	204042	S	346	428	774	0.00005
Dickeya dianthicola	204039	S	309	186	495	0.00003
Dickeya chrysanthemi	556	S	281	45	326	0.00002
Dickeya fangzhongdai	1778540	S	130	676	806	0.00005
Dickeya poaceiphila	568768	S	120	25	145	0.00001
Dickeya sp. NCPPB 3274	568766	S	109	91	200	0.00001
Dickeya solani	1089444	S	100	65	165	0.00001
Dickeya oryzae	1240404	S	17	44	61	0.00000
Dickeya parazeae	2893572	S	11	52	63	0.00000
Pectobacterium carotovorum	554	S	210	517	727	0.00005
Pectobacterium brasiliense	180957	S	141	181	322	0.00002
Pectobacterium parmentieri	1905730	S	111	42	153	0.00001
Pectobacterium sp. LJ1	2878098	S	67	22	89	0.00001
Pectobacterium sp. PL64	2738983	S	37	29	66	0.00000
Pectobacterium atrosepticum	29471	S	107	43	150	0.00001
Pectobacterium punjabense	2108399	S	69	19	88	0.00001
Pectobacterium polaris	2042057	S	63	50	113	0.00001
Pectobacterium odoriferum	78398	S	56	45	101	0.00001
Pectobacterium versatile	2488639	S	46	112	158	0.00001
Pectobacterium wasabiae	55208	S	40	13	53	0.00000
Pectobacterium parvum	2778550	S	30	51	81	0.00001
Pectobacterium aroidearum	1201031	S	26	44	70	0.00000
Pectobacterium quasiaquaticum	2774015	S	26	28	54	0.00000
Pectobacterium aquaticum	2204145	S	19	26	45	0.00000
Brenneria izadpanahii	2722756	S	260	311	571	0.00004
Brenneria goodwinii	1109412	S	212	245	457	0.00003
Brenneria rubrifaciens	55213	S	203	90	293	0.00002
Lonsdalea populi	1172565	S	267	81	348	0.00002
Lonsdalea britannica	1082704	S	239	67	306	0.00002
Musicola paradisiaca	69223	S	323	0	323	0.00002
Edwardsiella tarda	636	S	403	308	711	0.00005
Edwardsiella hoshinae	93378	S	280	78	358	0.00002
Edwardsiella ictaluri	67780	S	181	502	683	0.00004
Edwardsiella piscicida	1263550	S	54	813	867	0.00006
Hafnia alvei	569	S	99	130	229	0.00002
Hafnia paralvei	546367	S	44	22	66	0.00000
Obesumbacterium proteus	82983	S	38	33	71	0.00000
Morganella morganii	582	S	479	497	976	0.00006
Xenorhabdus bovienii	40576	S	118	33	151	0.00001
Xenorhabdus doucetiae	351671	S	86	15	101	0.00001
Xenorhabdus nematophila	628	S	62	12	74	0.00000
Xenorhabdus budapestensis	290110	S	44	7	51	0.00000
Xenorhabdus hominickii	351679	S	44	8	52	0.00000
Xenorhabdus poinarii	40577	S	33	7	40	0.00000
Providencia rettgeri	587	S	88	186	274	0.00002
Providencia alcalifaciens	126385	S	41	22	63	0.00000
Providencia sp. R33	2828763	S	19	6	25	0.00000
Providencia rustigianii	158850	S	17	7	24	0.00000
Providencia heimbachae	333962	S	17	8	25	0.00000
Providencia sneebia	516075	S	13	1	14	0.00000
Providencia stuartii	588	S	11	83	94	0.00001
Proteus mirabilis	584	S	79	139	218	0.00001
Proteus vulgaris	585	S	31	45	76	0.00000
Proteus terrae	1574161	S	22	252	274	0.00002
Photorhabdus thracensis	230089	S	62	15	77	0.00001
Photorhabdus akhurstii	171438	S	36	9	45	0.00000
Photorhabdus laumondii	2218628	S	30	9	39	0.00000
Photorhabdus asymbiotica	291112	S	25	3	28	0.00000
Arsenophonus endosymbiont of Aphis craccivora	1231049	S	15	4	19	0.00000
Arsenophonus nasoniae	638	S	17	7	24	0.00000
Moellerella wisconsensis	158849	S	25	23	48	0.00000
Sodalis sp. dw_23	2697027	S	540	44	584	0.00004
Sodalis endosymbiont of Henestaris halophilus	1929246	S	25	0	25	0.00000
Sodalis glossinidius	63612	S	247	41	288	0.00002
Sodalis praecaptivus	1239307	S	243	173	416	0.00003
Candidatus Sodalis pierantonius	1486991	S	74	55	129	0.00001
Leminorella richardii	158841	S	183	30	213	0.00001
Pragia fontium	82985	S	60	10	70	0.00000
Limnobaculum parvum	2172103	S	44	9	53	0.00000
Jinshanibacter zhutongyuii	2498113	S	38	6	44	0.00000
Thioalkalivibrio paradoxus	108010	S	2029	662	2691	0.00018
Thioalkalivibrio sulfidiphilus	1033854	S	2011	1370	3381	0.00022
Thioalkalivibrio nitratireducens	186931	S	1901	561	2462	0.00016
Thioalkalivibrio sp. K90mix	396595	S	1448	206	1654	0.00011
Thioalkalivibrio versutus	106634	S	1439	213	1652	0.00011
Spiribacter sp. E85	2182432	S	4298	472	4770	0.00031
Spiribacter sp. 2438	2666185	S	797	93	890	0.00006
Spiribacter curvatus	1335757	S	972	65	1037	0.00007
Spiribacter salinus	1335746	S	573	54	627	0.00004
Acidihalobacter aeolianus	2792603	S	1577	258	1835	0.00012
Acidihalobacter ferrooxydans	1765967	S	1404	170	1574	0.00010
Acidihalobacter yilgarnensis	2819280	S	952	76	1028	0.00007
Halorhodospira halophila	1053	S	1943	263	2206	0.00014
Halorhodospira halochloris	1052	S	331	18	349	0.00002
Alkalilimnicola ehrlichii	351052	S	1971	295	2266	0.00015
Aquisalimonas sp. 2447	2740807	S	1781	144	1925	0.00013
Ectothiorhodospira sp. BSL-9	1442136	S	664	247	911	0.00006
Ectothiorhodospira haloalkaliphila	421628	S	658	260	918	0.00006
Ectothiorhodosinus mongolicus	233100	S	242	19	261	0.00002
Candidatus Thiodictyon syntrophicum	1166950	S	3661	225	3886	0.00025
Thioflavicoccus mobilis	80679	S	3303	355	3658	0.00024
Allochromatium vinosum	1049	S	1400	613	2013	0.00013
Allochromatium tepidum	553982	S	1373	749	2122	0.00014
Marichromatium purpuratum	37487	S	2959	663	3622	0.00024
Thiocapsa bogorovii	521689	S	2337	144	2481	0.00016
Thiocystis violascens	73141	S	1880	186	2066	0.00014
Thermochromatium tepidum	1050	S	1205	321	1526	0.00010
Nitrosococcus wardiae	1814290	S	282	36	318	0.00002
Nitrosococcus halophilus	133539	S	251	33	284	0.00002
Nitrosococcus oceani	1229	S	174	40	214	0.00001
Nitrosococcus watsonii	473531	S	148	37	185	0.00001
Caldichromatium japonicum	2699430	S	828	111	939	0.00006
Rheinheimera sp. F8	1763998	S	136	10	146	0.00001
Rheinheimera sp. D18	2545632	S	30	32	62	0.00000
Rheinheimera mangrovi	2498451	S	78	11	89	0.00001
Candidatus Nitrosacidococcus tergens	553981	S	36	2	38	0.00000
Candidatus Nitrosoglobus terrae	1630141	S	30	2	32	0.00000
Wenzhouxiangella marina	1579979	S	1983	156	2139	0.00014
Wenzhouxiangella sp. AB-CW3	2771012	S	1240	68	1308	0.00009
Thiohalobacter sp. COW1	2795687	S	484	1026	1510	0.00010
Thiohalobacter thiocyanaticus	585455	S	398	1044	1442	0.00009
Guyparkeria halophila	47960	S	1933	568	2501	0.00016
Sulfurivermis fontis	1972068	S	1798	785	2583	0.00017
Halothiobacillus sp. LS2	1860122	S	782	78	860	0.00006
Halothiobacillus neapolitanus	927	S	291	35	326	0.00002
Woeseia oceani	1548547	S	952	19	971	0.00006
Sulfuriflexus mobilis	1811807	S	406	14	420	0.00003
Granulosicoccus antarcticus	437505	S	364	7	371	0.00002
Halomonas sp. THAF5a	2587844	S	1589	711	2300	0.00015
Halomonas sp. 1513	1883416	S	1356	346	1702	0.00011
Halomonas sp. JS92-SW72	2306583	S	1203	1441	2644	0.00017
Halomonas sp. HG01	1609967	S	1199	571	1770	0.00012
Halomonas sp. THAF12	2587849	S	1125	773	1898	0.00012
Halomonas sp. YLGW01	2773308	S	1114	222	1336	0.00009
Halomonas sp. MCCC 1A13316	2733487	S	1063	163	1226	0.00008
Halomonas sp. PGE1	2730360	S	695	1044	1739	0.00011
Halomonas sp. Y2R2	2562282	S	371	24	395	0.00003
Halomonas sp. A40-4	2785909	S	350	111	461	0.00003
Halomonas sp. R57-5	1610576	S	271	127	398	0.00003
Halomonas sp. SH5A2	2749040	S	259	53	312	0.00002
Halomonas sp. KO116	1504981	S	215	103	318	0.00002
Halomonas sp. 18071143	2855441	S	179	452	631	0.00004
Halomonas sp. FeN2	2832500	S	169	82	251	0.00002
Halomonas sp. SS10-MC5	2854257	S	133	1302	1435	0.00009
Halomonas sp. GFAJ-1	1118153	S	132	29	161	0.00001
Halomonas sp. SF2003	2136172	S	125	575	700	0.00005
Halomonas sp. NyZ770	2883106	S	89	421	510	0.00003
Halomonas sp. TD01	999141	S	68	40	108	0.00001
Halomonas sp. hl-4	1761789	S	53	349	402	0.00003
Halomonas sp. HL-93	1666906	S	49	333	382	0.00002
Halomonas sp. GT	1971364	S	48	38	86	0.00001
Halomonas sp. N3-2A	2014541	S	46	64	110	0.00001
Halomonas sp. A3H3	1346287	S	19	555	574	0.00004
Halomonas beimenensis	475662	S	1941	448	2389	0.00016
Halomonas aestuarii	1897729	S	1463	357	1820	0.00012
Halomonas socia	1081866	S	1241	273	1514	0.00010
Halomonas sulfidivorans	2733488	S	1110	262	1372	0.00009
Halomonas tianxiuensis	2497861	S	1104	278	1382	0.00009
Halomonas elongata	2746	S	1019	124	1143	0.00007
Halomonas chromatireducens	507626	S	797	73	870	0.00006
Halomonas subglaciescola	29571	S	552	73	625	0.00004
Halomonas meridiana	29570	S	521	490	1011	0.00007
Halomonas huangheensis	1178482	S	445	30	475	0.00003
Halomonas piezotolerans	2609667	S	350	221	571	0.00004
Halomonas profundi	2852117	S	147	25	172	0.00001
Halomonas sulfidoxydans	2733484	S	135	1300	1435	0.00009
Halomonas titanicae	664683	S	119	663	782	0.00005
Halomonas hydrothermalis	115561	S	94	305	399	0.00003
Halomonas venusta	44935	S	81	114	195	0.00001
Halomonas alkaliphila	272774	S	15	86	101	0.00001
Halomonas campaniensis	213554	S	15	78	93	0.00001
Cobetia sp. L2A1	2686360	S	393	57	450	0.00003
Cobetia sp. cqz5-12	2609415	S	232	355	587	0.00004
Cobetia sp. 4B	2758724	S	96	457	553	0.00004
Cobetia sp. AM6	2661553	S	75	476	551	0.00004
Cobetia pacifica	1055101	S	120	443	563	0.00004
Cobetia amphilecti	1055104	S	85	579	664	0.00004
Halotalea alkalilenta	376489	S	1733	399	2132	0.00014
Salinicola tamaricis	1771309	S	1636	223	1859	0.00012
Kushneria phosphatilytica	657387	S	425	20	445	0.00003
Kushneria marisflavi	157779	S	358	91	449	0.00003
Kushneria konosiri	698828	S	357	93	450	0.00003
Chromohalobacter salexigens	158080	S	1178	153	1331	0.00009
Pistricoccus aurantiacus	1883414	S	808	65	873	0.00006
Zymobacter palmae	33074	S	242	39	281	0.00002
Candidatus Portiera aleyrodidarum	91844	S	32	23	55	0.00000
Alcanivorax sp. N3-2A	2014542	S	1299	1742	3041	0.00020
Alcanivorax pacificus	1306787	S	971	417	1388	0.00009
Alcanivorax dieselolei	285091	S	597	211	808	0.00005
Alcanivorax xenomutans	1094342	S	577	349	926	0.00006
Alcanivorax borkumensis	59754	S	13	193	206	0.00001
Ketobacter alkanivorans	1917421	S	183	17	200	0.00001
Marinobacterium aestuarii	1821621	S	742	66	808	0.00005
Marinobacterium sediminicola	518898	S	303	41	344	0.00002
Marinobacterium georgiense	48076	S	284	101	385	0.00003
Marinobacterium sp. LSUCC0821	2668067	S	51	4	55	0.00000
Marinomonas sp. A3A	2065312	S	30	3	33	0.00000
Marinomonas sp. CT5	2066133	S	30	2	32	0.00000
Marinomonas sp. FW-1	2071621	S	27	6	33	0.00000
Marinomonas posidonica	936476	S	55	8	63	0.00000
Marinomonas algicola	2773454	S	55	12	67	0.00000
Marinomonas primoryensis	178399	S	51	6	57	0.00000
Marinomonas profundi	2726122	S	47	14	61	0.00000
Marinomonas foliarum	491950	S	43	13	56	0.00000
Marinomonas arctica	383750	S	41	8	49	0.00000
Marinomonas mediterranea	119864	S	35	3	38	0.00000
Thalassolituus sp. C2-1	2597518	S	201	16	217	0.00001
Thalassolituus oleivorans	187493	S	69	20	89	0.00001
Venatorbacter cucullus	2661630	S	194	56	250	0.00002
Bacterioplanes sanyensis	1249553	S	156	10	166	0.00001
Neptunomonas japonica	417574	S	57	4	61	0.00000
Neptunomonas concharum	1031538	S	52	5	57	0.00000
Neptunomonas phycophila	1572645	S	33	3	36	0.00000
Nitrincola iocasae	2614693	S	130	25	155	0.00001
Amphritea japonica	452627	S	81	8	89	0.00001
Bermanella marisrubri	207949	S	39	2	41	0.00000
Hahella sp. KA22	1628392	S	420	74	494	0.00003
Hahella chejuensis	158327	S	395	60	455	0.00003
Saccharospirillum mangrovi	2161747	S	472	33	505	0.00003
Reinekea forsetii	1336806	S	177	11	188	0.00001
Gynuella sunshinyii	1445505	S	150	5	155	0.00001
Litoricola lipolytica	418701	S	309	18	327	0.00002
Spartinivicinus ruber	2683272	S	216	8	224	0.00001
Oleiphilus messinensis	141451	S	114	10	124	0.00001
Endozoicomonas montiporae	1027273	S	98	7	105	0.00001
Methylococcus sp. EFPC2	2812648	S	1988	164	2152	0.00014
Methylococcus sp. Mc7	2860258	S	1623	533	2156	0.00014
Methylococcus capsulatus	414	S	1586	399	1985	0.00013
Methylococcus geothermalis	2681310	S	1349	389	1738	0.00011
Methylomonas sp. LL1	2785785	S	514	27	541	0.00004
Methylomonas sp. DH-1	1727196	S	193	365	558	0.00004
Methylomonas sp. EFPC1	2812647	S	191	110	301	0.00002
Methylomonas sp. LW13	107637	S	188	101	289	0.00002
Methylomonas koyamae	702114	S	527	538	1065	0.00007
Methylomonas rhizoryzae	2608981	S	443	21	464	0.00003
Methylomonas denitrificans	1538553	S	419	32	451	0.00003
Methylomonas methanica	421	S	350	20	370	0.00002
Methylomonas paludis	1173101	S	112	6	118	0.00001
Methylomagnum ishizawai	1760988	S	2161	112	2273	0.00015
Methylocaldum marinum	1432792	S	1869	128	1997	0.00013
Methylomicrobium album	39775	S	1546	73	1619	0.00011
Methylomicrobium sp. wino1	2049332	S	309	270	579	0.00004
Methylogaea oryzae	1295382	S	1841	166	2007	0.00013
Candidatus Methylospira mobilis	1808979	S	687	35	722	0.00005
Methylotuvimicrobium buryatense	95641	S	184	199	383	0.00003
Methylotuvimicrobium alcaliphilum	271065	S	141	180	321	0.00002
Methylovulum psychrotolerans	1704499	S	236	6	242	0.00002
Methylobacter sp. S3L5C	2839024	S	148	11	159	0.00001
Aeromonas hydrophila	644	S	1524	5523	7047	0.00046
Aeromonas sp. FDAARGOS 1415	2778064	S	327	207	534	0.00003
Aeromonas sp. CA23	2033032	S	261	127	388	0.00003
Aeromonas sp. FDAARGOS 1409	2778058	S	156	247	403	0.00003
Aeromonas sp. CU5	2033033	S	139	66	205	0.00001
Aeromonas sp. FDAARGOS 1407	2778056	S	56	194	250	0.00002
Aeromonas sp. 1805	2560028	S	46	137	183	0.00001
Aeromonas sp. 2692-1	2560029	S	42	222	264	0.00002
Aeromonas sp. FDAARGOS 1403	2778052	S	40	130	170	0.00001
Aeromonas sp. FDAARGOS 1405	2778054	S	39	70	109	0.00001
Aeromonas sp. FDAARGOS 1410	2778059	S	39	102	141	0.00001
Aeromonas sp. ASNIH4	1636609	S	38	206	244	0.00002
Aeromonas sp. FDAARGOS 1402	2778051	S	24	291	315	0.00002
Aeromonas sp. FDAARGOS 1417	2778066	S	23	72	95	0.00001
Aeromonas sp. FDAARGOS 1416	2778065	S	22	69	91	0.00001
Aeromonas sp. FDAARGOS 1414	2778063	S	20	68	88	0.00001
Aeromonas sp. FDAARGOS 1404	2778053	S	20	78	98	0.00001
Aeromonas sp. FDAARGOS 1408	2778057	S	19	119	138	0.00001
Aeromonas sp. FDAARGOS 1419	2778068	S	16	50	66	0.00000
Aeromonas sp. ASNIH1	1636606	S	16	352	368	0.00002
Aeromonas sp. FDAARGOS 1406	2778055	S	14	150	164	0.00001
Aeromonas sp. WP2-W18-CRE-05	2675707	S	14	625	639	0.00004
Aeromonas sp. ASNIH5	1758179	S	11	210	221	0.00001
Aeromonas sp. ASNIH2	1636607	S	11	165	176	0.00001
Aeromonas sp. FDAARGOS 1418	2778067	S	10	113	123	0.00001
Aeromonas veronii	654	S	995	2443	3438	0.00022
Aeromonas schubertii	652	S	793	271	1064	0.00007
Aeromonas media	651	S	721	1693	2414	0.00016
Aeromonas encheleia	73010	S	664	268	932	0.00006
Aeromonas salmonicida	645	S	634	1019	1653	0.00011
Aeromonas simiae	218936	S	607	748	1355	0.00009
Aeromonas caviae	648	S	452	4110	4562	0.00030
Aeromonas enteropelogenes	29489	S	405	363	768	0.00005
Aeromonas rivuli	648794	S	398	132	530	0.00003
Aeromonas dhakensis	196024	S	332	712	1044	0.00007
Aeromonas jandaei	650	S	253	275	528	0.00003
Aeromonas sanarellii	633415	S	102	566	668	0.00004
Aeromonas rivipollensis	948519	S	61	103	164	0.00001
Aeromonas allosaccharophila	656	S	57	98	155	0.00001
Zobellella denitrificans	347534	S	1440	376	1816	0.00012
Oceanimonas sp. GK1	511062	S	580	137	717	0.00005
Dongshaea marina	2047966	S	183	21	204	0.00001
Oceanisphaera profunda	1416627	S	82	12	94	0.00001
Oceanisphaera avium	1903694	S	35	6	41	0.00000
Tolumonas auensis	43948	S	96	47	143	0.00001
Succinivibrio dextrinosolvens	83771	S	27	1	28	0.00000
Solimonas sp. K1W22B-7	2303331	S	7989	990	8979	0.00059
Flagellatimonas centrodinii	2806210	S	2081	173	2254	0.00015
Sinimarinibacterium sp. NLF-5-8	2698684	S	907	587	1494	0.00010
Steroidobacter denitrificans	465721	S	6339	2016	8355	0.00055
Sulfurifustis variabilis	1675686	S	8204	619	8823	0.00058
Sulfuricaulis limicola	1620215	S	2848	256	3104	0.00020
Acidiferrobacter sp. SPIII_3	1281578	S	938	246	1184	0.00008
Acidiferrobacter thiooxydans	163359	S	769	203	972	0.00006
Microbulbifer sp. YPW16	2904242	S	785	79	864	0.00006
Microbulbifer sp. SH-1	2681547	S	540	91	631	0.00004
Microbulbifer sp. YPW1	2745199	S	383	73	456	0.00003
Microbulbifer sp. ALW1	1516059	S	343	62	405	0.00003
Microbulbifer sp. THAF38	2587856	S	128	46	174	0.00001
Microbulbifer sp. A4B17	359370	S	126	32	158	0.00001
Microbulbifer sp. GL-2	2591606	S	125	23	148	0.00001
Microbulbifer aggregans	1769779	S	463	60	523	0.00003
Microbulbifer hydrolyticus	48074	S	445	84	529	0.00003
Microbulbifer elongatus	86173	S	398	67	465	0.00003
Microbulbifer celer	435905	S	396	51	447	0.00003
Microbulbifer thermotolerans	252514	S	347	23	370	0.00002
Microbulbifer agarilyticus	260552	S	236	27	263	0.00002
Microbulbifer variabilis	266805	S	110	40	150	0.00001
Kineobactrum salinum	2708301	S	1080	46	1126	0.00007
Halioglobus japonicus	930805	S	414	21	435	0.00003
Halioglobus maricola	2601894	S	311	13	324	0.00002
Congregibacter litoralis	393662	S	444	190	634	0.00004
Aequoribacter fuscus	2518989	S	115	15	130	0.00001
Cellvibrio sp. PSBB006	1987723	S	379	12	391	0.00003
Cellvibrio sp. KY-GH-1	2303332	S	152	11	163	0.00001
Cellvibrio sp. PSBB023	1945512	S	145	14	159	0.00001
Cellvibrio sp. KY-YJ-3	454662	S	138	19	157	0.00001
Cellvibrio japonicus	155077	S	214	14	228	0.00001
Teredinibacter turnerae	2426	S	192	9	201	0.00001
Teredinibacter haidensis	2731755	S	95	8	103	0.00001
Teredinibacter purpureus	2731756	S	67	4	71	0.00000
Simiduia agarivorans	447471	S	332	19	351	0.00002
Saccharophagus degradans	86304	S	51	1	52	0.00000
Marinagarivorans sp. GE09	2721545	S	48	4	52	0.00000
Agarilytica rhodophyticola	1737490	S	37	1	38	0.00000
Spongiibacter taiwanensis	1748242	S	343	18	361	0.00002
Spongiibacter nanhainus	2794344	S	315	35	350	0.00002
Spongiibacter sp. IMCC21906	1620392	S	108	32	140	0.00001
Zhongshania aliphaticivorans	1470434	S	138	12	150	0.00001
Oceanicoccus sagamiensis	716816	S	84	2	86	0.00001
Shewanella sp. FJAT-54031	2864209	S	74	116	190	0.00001
Shewanella sp. FJAT-53532	2864203	S	67	119	186	0.00001
Shewanella sp. FJAT-53555	2864204	S	66	60	126	0.00001
Shewanella sp. FJAT-53764	2864207	S	59	95	154	0.00001
Shewanella sp. FJAT-52076	2864202	S	53	76	129	0.00001
Shewanella sp. KX20019	2803864	S	53	7	60	0.00000
Shewanella sp. FJAT-51860	2864212	S	47	8	55	0.00000
Shewanella sp. FJAT-53681	2864205	S	45	75	120	0.00001
Shewanella sp. FJAT-52072	2864213	S	43	59	102	0.00001
Shewanella sp. FJAT-53749	2864206	S	35	7	42	0.00000
Shewanella sp. SNU WT4	2590015	S	30	8	38	0.00000
Shewanella sp. MR-4	60480	S	30	34	64	0.00000
Shewanella sp. Scap07	2589987	S	29	4	33	0.00000
Shewanella sp. FJAT-53870	2864208	S	28	5	33	0.00000
Shewanella sp. WE21	2029986	S	26	14	40	0.00000
Shewanella sp. FJAT-51754	2864211	S	21	31	52	0.00000
Shewanella sp. FJAT-51649	2864210	S	20	31	51	0.00000
Shewanella sp. ANA-3	94122	S	15	42	57	0.00000
Shewanella sp. Arc9-LZ	2698686	S	14	6	20	0.00000
Shewanella sp. LZH-2	2806008	S	13	63	76	0.00000
Shewanella sp. OM3-2	2908650	S	11	1	12	0.00000
Shewanella khirikhana	1965282	S	210	37	247	0.00002
Shewanella algae	38313	S	202	192	394	0.00003
Shewanella cyperi	2814292	S	201	119	320	0.00002
Shewanella litorisediminis	1173586	S	126	34	160	0.00001
Shewanella baltica	62322	S	115	155	270	0.00002
Shewanella putrefaciens	24	S	114	415	529	0.00003
Shewanella marisflavi	260364	S	114	24	138	0.00001
Shewanella sedimentimangrovi	2814293	S	103	84	187	0.00001
Shewanella amazonensis	60478	S	93	26	119	0.00001
Shewanella sediminis	271097	S	83	12	95	0.00001
Shewanella dokdonensis	712036	S	76	8	84	0.00001
Shewanella yunxiaonensis	2829809	S	62	11	73	0.00000
Shewanella denitrificans	192073	S	61	10	71	0.00000
Shewanella glacialimarina	2590884	S	59	8	67	0.00000
Shewanella avicenniae	2814294	S	57	10	67	0.00000
Shewanella psychropiezotolerans	2593655	S	55	11	66	0.00000
Shewanella pealeana	70864	S	55	10	65	0.00000
Shewanella loihica	359303	S	52	95	147	0.00001
Shewanella oneidensis	70863	S	51	16	67	0.00000
Shewanella benthica	43661	S	51	12	63	0.00000
Shewanella violacea	60217	S	45	9	54	0.00000
Shewanella woodyi	60961	S	44	5	49	0.00000
Shewanella psychrophila	225848	S	42	6	48	0.00000
Shewanella halifaxensis	271098	S	38	5	43	0.00000
Shewanella psychromarinicola	2487742	S	38	6	44	0.00000
Shewanella chilikensis	558541	S	35	114	149	0.00001
Shewanella piezotolerans	404011	S	34	4	38	0.00000
Shewanella decolorationis	256839	S	31	39	70	0.00000
Shewanella carassii	1987584	S	28	33	61	0.00000
Shewanella aestuarii	1028752	S	26	11	37	0.00000
Shewanella vesiculosa	518738	S	26	7	33	0.00000
Shewanella xiamenensis	332186	S	26	150	176	0.00001
Shewanella inventionis	1738770	S	25	12	37	0.00000
Shewanella maritima	2520507	S	25	2	27	0.00000
Shewanella indica	768528	S	23	35	58	0.00000
Shewanella donghaensis	238836	S	21	2	23	0.00000
Shewanella frigidimarina	56812	S	13	7	20	0.00000
Shewanella livingstonensis	150120	S	12	2	14	0.00000
Parashewanella tropica	2547970	S	28	3	31	0.00000
Parashewanella spongiae	342950	S	19	1	20	0.00000
Alteromonas sp. RKMC-009	2267264	S	79	24	103	0.00001
Alteromonas sp. BL110	1714845	S	29	49	78	0.00001
Alteromonas sp. 76-1	2358187	S	11	11	22	0.00000
Alteromonas macleodii	28108	S	157	61	218	0.00001
Alteromonas pelagimontana	1858656	S	63	8	71	0.00000
Alteromonas mediterranea	314275	S	55	53	108	0.00001
Alteromonas australica	589873	S	28	41	69	0.00000
Alteromonas stellipolaris	233316	S	15	35	50	0.00000
Salinimonas marina	2785918	S	105	12	117	0.00001
Salinimonas lutimaris	914153	S	85	17	102	0.00001
Salinimonas iocasae	2572577	S	60	12	72	0.00000
Salinimonas sediminis	2303538	S	45	11	56	0.00000
Hydrocarboniclastica marina	2259620	S	486	81	567	0.00004
Saliniradius amylolyticus	2183582	S	169	17	186	0.00001
Agarivorans sp. TSD2052	2937286	S	34	4	38	0.00000
Agarivorans sp. B2Z047	2652721	S	14	15	29	0.00000
Agarivorans gilvus	680279	S	39	4	43	0.00000
Agarivorans aestuarii	1563703	S	13	7	20	0.00000
Agarivorans albus	182262	S	11	14	25	0.00000
Lacimicrobium alkaliphilum	1526571	S	129	10	139	0.00001
Paraglaciecola sp. L3A3	2686358	S	28	2	30	0.00000
Paraglaciecola sp. L1A13	2686359	S	25	1	26	0.00000
Paraglaciecola psychrophila	326544	S	32	2	34	0.00000
Paraglaciecola mesophila	197222	S	28	2	30	0.00000
Glaciecola nitratireducens	300231	S	56	4	60	0.00000
Paraneptunicella aestuarii	2831148	S	50	3	53	0.00000
Catenovulum sediminis	1740262	S	28	2	30	0.00000
Saccharobesus litoralis	2172099	S	28	2	30	0.00000
Pseudoalteromonas rubra	43658	S	221	28	249	0.00002
Pseudoalteromonas sp. R3	1709477	S	66	19	85	0.00001
Pseudoalteromonas sp. A25	116092	S	34	15	49	0.00000
Pseudoalteromonas sp. THAF3	2587843	S	26	33	59	0.00000
Pseudoalteromonas viridis	339617	S	107	32	139	0.00001
Pseudoalteromonas luteoviolacea	43657	S	83	13	96	0.00001
Pseudoalteromonas piscicida	43662	S	50	46	96	0.00001
Pseudoalteromonas shioyasakiensis	1190813	S	45	20	65	0.00000
Pseudoalteromonas spongiae	298657	S	38	9	47	0.00000
Pseudoalteromonas tunicata	314281	S	35	5	40	0.00000
Pseudoalteromonas xiamenensis	882626	S	32	4	36	0.00000
Pseudoalteromonas prydzensis	182141	S	25	4	29	0.00000
Pseudoalteromonas aliena	247523	S	24	9	33	0.00000
Pseudoalteromonas ulvae	107327	S	22	1	23	0.00000
Pseudoalteromonas phenolica	161398	S	21	3	24	0.00000
Pseudoalteromonas ruthenica	151081	S	19	19	38	0.00000
Pseudoalteromonas mariniglutinosa	206042	S	18	33	51	0.00000
Pseudoalteromonas donghaensis	621376	S	16	130	146	0.00001
Pseudoalteromonas agarivorans	176102	S	14	39	53	0.00000
Pseudoalteromonas piratica	1348114	S	12	1	13	0.00000
Pseudoalteromonas translucida	166935	S	12	42	54	0.00000
Pseudoalteromonas arctica	394751	S	10	6	16	0.00000
Pseudoalteromonas carrageenovora	227	S	10	3	13	0.00000
Psychrosphaera ytuae	2820710	S	22	5	27	0.00000
Psychrosphaera aestuarii	1266052	S	10	2	12	0.00000
Flocculibacter collagenilyticus	2744479	S	23	2	25	0.00000
Ferrimonas balearica	44012	S	543	77	620	0.00004
Ferrimonas lipolytica	2724191	S	77	12	89	0.00001
Thalassotalea sp. PS06	2594005	S	61	7	68	0.00000
Thalassotalea sp. HSM 43	2552945	S	31	3	34	0.00000
Thalassotalea sp. LPB0316	2769490	S	26	7	33	0.00000
Thalassotalea crassostreae	1763536	S	17	2	19	0.00000
Colwellia sp. PAMC 20917	1816218	S	23	2	25	0.00000
Colwellia sp. Arc7-635	2497879	S	17	2	19	0.00000
Colwellia sp. MT41	58049	S	16	2	18	0.00000
Colwellia sp. Arc7-D	2161872	S	15	2	17	0.00000
Colwellia sp. 20A7	2689569	S	14	1	15	0.00000
Litorilituus sediminis	718192	S	22	2	24	0.00000
Cognaticolwellia beringensis	1967665	S	20	2	22	0.00000
Idiomarina sp. OT37-5b	2100422	S	91	24	115	0.00001
Idiomarina sp. X4	2055892	S	30	14	44	0.00000
Idiomarina abyssalis	86102	S	55	7	62	0.00000
Idiomarina loihiensis	135577	S	48	0	48	0.00000
Idiomarina piscisalsi	1096243	S	29	13	42	0.00000
Moritella yayanosii	69539	S	43	13	56	0.00000
Moritella sp. 24	2746230	S	18	23	41	0.00000
Moritella marina	90736	S	16	4	20	0.00000
Psychromonas ingrahamii	357794	S	62	16	78	0.00001
Psychromonas sp. CNPT3	314282	S	14	6	20	0.00000
Vibrio parahaemolyticus	670	S	172	82	254	0.00002
Vibrio harveyi	669	S	70	36	106	0.00001
Vibrio campbellii	680	S	59	128	187	0.00001
Vibrio diabolicus	50719	S	26	54	80	0.00001
Vibrio owensii	696485	S	38	42	80	0.00001
Vibrio rotiferianus	190895	S	35	20	55	0.00000
Vibrio alginolyticus	663	S	32	113	145	0.00001
Vibrio natriegens	691	S	28	71	99	0.00001
Vibrio azureus	512649	S	13	2	15	0.00000
Vibrio jasicida	766224	S	10	25	35	0.00000
Vibrio sp. OG9-811	2841925	S	147	30	177	0.00001
Vibrio sp. B1FLJ16	2751178	S	58	16	74	0.00000
Vibrio sp. THAF190c	2587865	S	48	8	56	0.00000
Vibrio sp. HDW18	2714948	S	42	9	51	0.00000
Vibrio sp. VB16	2785746	S	35	3	38	0.00000
Vibrio sp. SCSIO 43132	2779363	S	26	24	50	0.00000
Vibrio sp. ED004	2785124	S	21	18	39	0.00000
Vibrio sp. Scap24	2589990	S	15	11	26	0.00000
Vibrio sp. SS-MA-C1-2	2908646	S	10	2	12	0.00000
Vibrio fluvialis	676	S	297	79	376	0.00002
Vibrio furnissii	29494	S	267	138	405	0.00003
Vibrio vulnificus	672	S	207	54	261	0.00002
Vibrio sinaloensis	379097	S	64	11	75	0.00000
Vibrio tubiashii	29498	S	42	19	61	0.00000
Vibrio europaeus	300876	S	33	11	44	0.00000
Vibrio navarrensis	29495	S	119	61	180	0.00001
Vibrio cholerae	666	S	96	179	275	0.00002
Vibrio anguillarum	55601	S	95	42	137	0.00001
Vibrio mimicus	674	S	82	34	116	0.00001
Vibrio nigripulchritudo	28173	S	80	40	120	0.00001
Vibrio coralliilyticus	190893	S	76	64	140	0.00001
Vibrio spartinae	1918945	S	74	11	85	0.00001
Vibrio alfacsensis	1074311	S	72	62	134	0.00001
Vibrio cyclitrophicus	47951	S	58	29	87	0.00001
Vibrio penaeicida	104609	S	47	7	54	0.00000
Vibrio tapetis	52443	S	47	4	51	0.00000
Vibrio astriarenae	1481923	S	45	7	52	0.00000
Vibrio tritonius	1435069	S	44	6	50	0.00000
Vibrio maritimus	990268	S	44	6	50	0.00000
Vibrio metoecus	1481663	S	43	28	71	0.00000
Vibrio scophthalmi	45658	S	43	9	52	0.00000
Vibrio taketomensis	2572923	S	42	7	49	0.00000
Vibrio splendidus	29497	S	41	24	65	0.00000
Vibrio mediterranei	689	S	41	5	46	0.00000
Vibrio breoganii	553239	S	40	5	45	0.00000
Vibrio gazogenes	687	S	40	6	46	0.00000
Vibrio cincinnatiensis	675	S	39	10	49	0.00000
Vibrio ponticus	265668	S	39	4	43	0.00000
Vibrio metschnikovii	28172	S	38	8	46	0.00000
Vibrio panuliri	1381081	S	37	6	43	0.00000
Vibrio neptunius	170651	S	37	8	45	0.00000
Vibrio zhugei	2479546	S	36	10	46	0.00000
Vibrio algicola	2662262	S	35	7	42	0.00000
Vibrio kanaloae	170673	S	35	14	49	0.00000
Vibrio chagasii	170679	S	30	8	38	0.00000
Vibrio cidicii	1763883	S	26	20	46	0.00000
Vibrio rumoiensis	76258	S	23	16	39	0.00000
Vibrio gigantis	296199	S	21	10	31	0.00000
Vibrio casei	673372	S	20	7	27	0.00000
Vibrio aquimaris	2587862	S	20	2	22	0.00000
Vibrio aphrogenes	1891186	S	18	2	20	0.00000
Vibrio hyugaensis	1534743	S	17	14	31	0.00000
Vibrio ziniensis	2711221	S	17	2	19	0.00000
Vibrio crassostreae	246167	S	16	14	30	0.00000
Vibrio bathopelagicus	2777577	S	16	6	22	0.00000
Vibrio atlanticus	693153	S	10	5	15	0.00000
Photobacterium sp. GJ3	2829502	S	167	25	192	0.00001
Photobacterium sp. TLY01	2907534	S	139	27	166	0.00001
Photobacterium damselae	38293	S	223	122	345	0.00002
Photobacterium gaetbulicola	1295392	S	177	19	196	0.00001
Photobacterium ganghwense	320778	S	136	35	171	0.00001
Photobacterium profundum	74109	S	31	4	35	0.00000
Salinivibrio kushneri	1908198	S	86	16	102	0.00001
Salinivibrio sp. YCSC6	2003370	S	25	51	76	0.00001
Salinivibrio costicola	51367	S	15	31	46	0.00000
Grimontia hollisae	673	S	121	18	139	0.00001
Thaumasiovibrio subtropicus	1891207	S	63	9	72	0.00000
Aliivibrio fischeri	668	S	32	6	38	0.00000
Aliivibrio salmonicida	40269	S	10	4	14	0.00000
Candidatus Enterovibrio luxaltus	1927128	S	18	0	18	0.00000
Immundisolibacter cernigliae	1810504	S	5919	1275	7194	0.00047
Acinetobacter sp. WCHAc010034	1879049	S	183	90	273	0.00002
Acinetobacter sp. TTH0-4	1646498	S	31	6	37	0.00000
Acinetobacter sp. 10FS3-1	2563897	S	29	25	54	0.00000
Acinetobacter sp. CS-2	2798861	S	24	15	39	0.00000
Acinetobacter sp. TGL-Y2	1407071	S	22	2	24	0.00000
Acinetobacter sp. LoGeW2-3	1808001	S	21	4	25	0.00000
Acinetobacter sp. Marseille-Q1620	2714110	S	16	1	17	0.00000
Acinetobacter sp. ASP199	2773709	S	15	6	21	0.00000
Acinetobacter sp. YH12138	2601122	S	14	50	64	0.00000
Acinetobacter sp. WCHA55	2004646	S	10	12	22	0.00000
Acinetobacter baumannii	470	S	316	1618	1934	0.00013
Acinetobacter pittii	48296	S	44	72	116	0.00001
Acinetobacter calcoaceticus	471	S	27	3	30	0.00000
Acinetobacter seifertii	1530123	S	18	8	26	0.00000
Acinetobacter nosocomialis	106654	S	10	4	14	0.00000
Acinetobacter indicus	756892	S	92	97	189	0.00001
Acinetobacter johnsonii	40214	S	85	85	170	0.00001
Acinetobacter soli	487316	S	68	8	76	0.00000
Acinetobacter lwoffii	28090	S	48	65	113	0.00001
Acinetobacter schindleri	108981	S	40	45	85	0.00001
Acinetobacter haemolyticus	29430	S	38	24	62	0.00000
Acinetobacter radioresistens	40216	S	31	6	37	0.00000
Acinetobacter lanii	2715163	S	28	4	32	0.00000
Acinetobacter larvae	1789224	S	27	2	29	0.00000
Acinetobacter bouvetii	202951	S	27	5	32	0.00000
Acinetobacter junii	40215	S	27	13	40	0.00000
Acinetobacter variabilis	70346	S	26	43	69	0.00000
Acinetobacter baylyi	202950	S	20	2	22	0.00000
Acinetobacter piscicola	2006115	S	18	13	31	0.00000
Acinetobacter guillouiae	106649	S	17	6	23	0.00000
Acinetobacter chinensis	2004650	S	16	12	28	0.00000
Acinetobacter wuhouensis	1879050	S	16	9	25	0.00000
Acinetobacter tandoii	202954	S	15	1	16	0.00000
Acinetobacter cumulans	2136182	S	13	6	19	0.00000
Acinetobacter wanghuae	2662362	S	13	1	14	0.00000
Acinetobacter bereziniae	106648	S	13	10	23	0.00000
Acinetobacter dispersus	70348	S	13	1	14	0.00000
Acinetobacter towneri	202956	S	11	30	41	0.00000
Acinetobacter gyllenbergii	134534	S	11	1	12	0.00000
Psychrobacter sp. DAB_AL43B	1028416	S	38	12	50	0.00000
Psychrobacter sp. P11F6	1699621	S	18	50	68	0.00000
Psychrobacter sp. P11G3	1699623	S	15	22	37	0.00000
Psychrobacter sp. 28M-43	2772254	S	12	18	30	0.00000
Psychrobacter sp. WY6	2708350	S	11	29	40	0.00000
Psychrobacter arenosus	256326	S	37	4	41	0.00000
Psychrobacter urativorans	45610	S	28	8	36	0.00000
Psychrobacter arcticus	334543	S	15	11	26	0.00000
Psychrobacter cryohalolentis	330922	S	10	109	119	0.00001
Psychrobacter sanguinis	861445	S	10	7	17	0.00000
Moraxella osloensis	34062	S	109	21	130	0.00001
Moraxella bovoculi	386891	S	32	59	91	0.00001
Moraxella bovis	476	S	27	8	35	0.00000
Moraxella cuniculi	34061	S	22	2	24	0.00000
Moraxella nonliquefaciens	478	S	21	5	26	0.00000
Moraxella catarrhalis	480	S	20	4	24	0.00000
Moraxella sp. ZY201115	2904121	S	20	2	22	0.00000
Aquirhabdus parva	2283318	S	69	3	72	0.00000
Candidatus Endoriftia persephone	393765	S	947	51	998	0.00007
Candidatus Vesicomyosocius sp. SY067_SCS001	2732590	S	25	16	41	0.00000
Bathymodiolus thermophilus thioautotrophic gill symbiont	2360	S	22	1	23	0.00000
Bathymodiolus septemdierum thioautotrophic gill symbiont	113267	S	17	2	19	0.00000
Candidatus Ruthia endofausta	2738852	S	11	4	15	0.00000
Sedimenticola thiotaurini	1543721	S	650	29	679	0.00004
Candidatus Reidiella endopervernicosa	2738883	S	459	11	470	0.00003
Thiolapillus brandeum	1076588	S	344	9	353	0.00002
Pseudohongiella spirulinae	1249552	S	254	8	262	0.00002
Gallaecimonas mangrovi	2291597	S	113	10	123	0.00001
Celerinatantimonas diazotrophica	412034	S	54	4	58	0.00000
Ignatzschineria sp. HR5S32	2923279	S	30	3	33	0.00000
Candidatus Thioglobus autotrophicus	1705394	S	18	1	19	0.00000
Candidatus Thioglobus sp. NP1	2508687	S	10	1	11	0.00000
Candidatus Pseudothioglobus singularis	1427364	S	18	4	22	0.00000
Legionella sp. PC1000	2746060	S	157	23	180	0.00001
Legionella sp. MW5194	2662448	S	117	18	135	0.00001
Legionella sp. PC997	2755562	S	58	9	67	0.00000
Legionella pneumophila	446	S	188	62	250	0.00002
Legionella anisa	28082	S	181	36	217	0.00001
Legionella geestiana	45065	S	142	12	154	0.00001
Legionella spiritensis	452	S	110	10	120	0.00001
Legionella israelensis	454	S	53	2	55	0.00000
Legionella sainthelensi	28087	S	53	7	60	0.00000
Legionella longbeachae	450	S	46	16	62	0.00000
Legionella jordanis	456	S	44	5	49	0.00000
Legionella clemsonensis	1867846	S	42	5	47	0.00000
Legionella oakridgensis	29423	S	39	3	42	0.00000
Legionella lansingensis	45067	S	38	2	40	0.00000
Legionella waltersii	66969	S	36	5	41	0.00000
Legionella cherrii	28084	S	33	2	35	0.00000
Legionella fallonii	96230	S	28	2	30	0.00000
Legionella antarctica	2708020	S	27	1	28	0.00000
Legionella hackeliae	449	S	26	4	30	0.00000
Legionella adelaidensis	45056	S	20	1	21	0.00000
Fluoribacter dumoffii	463	S	54	18	72	0.00000
Tatlockia micdadei	451	S	44	2	46	0.00000
Aquicella siphonis	254247	S	226	72	298	0.00002
Aquicella lusitana	254246	S	190	65	255	0.00002
Coxiella burnetii	777	S	167	50	217	0.00001
Coxiella endosymbiont of Amblyomma sculptum	2487929	S	28	15	43	0.00000
Coxiella endosymbiont of Amblyomma nuttalli	2749996	S	25	4	29	0.00000
Candidatus Coxiella mudrowiae	2054173	S	24	3	27	0.00000
Candidatus Rickettsiella viridis	676208	S	22	15	37	0.00000
Rickettsiella endosymbiont of Dermanyssus gallinae	2856608	S	21	12	33	0.00000
Thiomicrorhabdus xiamenensis	2739063	S	99	6	105	0.00001
Thiomicrorhabdus aquaedulcis	2211106	S	83	4	87	0.00001
Thiomicrorhabdus sediminis	2580412	S	45	2	47	0.00000
Thiomicrorhabdus indica	2267253	S	26	1	27	0.00000
Thiomicrorhabdus sp. Am19	2791037	S	24	1	25	0.00000
Methylophaga frappieri	754477	S	94	54	148	0.00001
Methylophaga nitratireducenticrescens	754476	S	83	14	97	0.00001
Methylophaga sp. TMB456	2881052	S	56	22	78	0.00001
Thiomicrospira sp. S5	1803865	S	58	60	118	0.00001
Thiomicrospira microaerophila	406020	S	45	10	55	0.00000
Thiomicrospira aerophila	92245	S	40	7	47	0.00000
Thiomicrospira cyclica	147268	S	32	3	35	0.00000
Hydrogenovibrio thermophilus	265883	S	69	70	139	0.00001
Hydrogenovibrio crunogenus	39765	S	39	2	41	0.00000
Hydrogenovibrio marinus	28885	S	32	1	33	0.00000
Thiosulfatimonas sediminis	2675054	S	42	3	45	0.00000
Piscirickettsia salmonis	1238	S	36	3	39	0.00000
Thiosulfativibrio zosterae	2675053	S	36	2	38	0.00000
Thiothrix litoralis	2891210	S	264	22	286	0.00002
Thiothrix sp. CT3	96472	S	158	58	216	0.00001
Thiothrix subterranea	2735563	S	140	42	182	0.00001
Thiothrix unzii	111769	S	112	63	175	0.00001
Candidatus Thiothrix anitrata	2823902	S	83	52	135	0.00001
Beggiatoa leptomitoformis	288004	S	74	3	77	0.00001
Francisella tularensis	263	S	27	67	94	0.00001
Francisella frigiditurris	1542390	S	11	1	12	0.00000
Francisella persica	954	S	10	0	10	0.00000
Allofrancisella guangzhouensis	594679	S	23	3	26	0.00000
Salinisphaera sp. LB1	2183911	S	1883	95	1978	0.00013
endosymbiont of unidentified scaly snail isolate Monju	1248727	S	1568	157	1725	0.00011
Abyssogena phaseoliformis symbiont	596095	S	13	3	16	0.00000
Isorropodon fossajaponicum symbiont	883811	S	12	2	14	0.00000
Pasteurella multocida	747	S	324	933	1257	0.00008
Pasteurella canis	753	S	13	3	16	0.00000
Haemophilus parainfluenzae	729	S	63	25	88	0.00001
Haemophilus influenzae	727	S	45	62	107	0.00001
Haemophilus haemolyticus	726	S	17	7	24	0.00000
Haemophilus pittmaniae	249188	S	14	3	17	0.00000
Haemophilus parahaemolyticus	735	S	13	2	15	0.00000
[Haemophilus] ducreyi	730	S	10	6	16	0.00000
Aggregatibacter actinomycetemcomitans	714	S	76	94	170	0.00001
Aggregatibacter aphrophilus	732	S	58	25	83	0.00001
Actinobacillus sp. GY-402	2774188	S	81	48	129	0.00001
Actinobacillus pleuropneumoniae	715	S	25	40	65	0.00000
Actinobacillus delphinicola	51161	S	11	2	13	0.00000
Mannheimia granulomatis	85402	S	49	10	59	0.00000
Mannheimia varigena	85404	S	37	34	71	0.00000
Mannheimia haemolytica	75985	S	23	9	32	0.00000
Mannheimia bovis	2770636	S	12	7	19	0.00000
Avibacterium volantium	762	S	22	9	31	0.00000
Avibacterium paragallinarum	728	S	14	5	19	0.00000
Glaesserella parasuis	738	S	28	9	37	0.00000
Glaesserella sp. 15-184	2030797	S	21	5	26	0.00000
Rodentibacter heylii	1906744	S	21	3	24	0.00000
Rodentibacter haemolyticus	2778911	S	17	2	19	0.00000
Frederiksenia canicola	123824	S	19	5	24	0.00000
Bibersteinia trehalosi	47735	S	18	9	27	0.00000
Gallibacterium anatis	750	S	17	6	23	0.00000
Histophilus somni	731	S	13	4	17	0.00000
Bisgaardia hudsonensis	109472	S	12	2	14	0.00000
Cardiobacterium hominis	2718	S	578	128	706	0.00005
Cardiobacterium sp. Marseille-Q4385	2866573	S	366	72	438	0.00003
Dichelobacter nodosus	870	S	79	23	102	0.00001
Suttonella sp. R2A3	2908648	S	70	4	74	0.00000
Kangiella sediminilitoris	1144748	S	54	4	58	0.00000
Kangiella koreensis	261964	S	53	8	61	0.00000
Kangiella profundi	1561924	S	44	11	55	0.00000
Kangiella geojedonensis	914150	S	26	2	28	0.00000
Gilliamella sp. ESL0443	2704655	S	11	6	17	0.00000
Gilliamella sp. ESL0405	2704653	S	10	4	14	0.00000
Zophobihabitans entericus	1635327	S	17	3	20	0.00000
Anaeromyxobacter sp. Red232	2918170	S	21329	2624	23953	0.00157
Anaeromyxobacter sp. Fw109-5	404589	S	17413	2615	20028	0.00131
Anaeromyxobacter sp. Red630	2918171	S	13518	2120	15638	0.00102
Anaeromyxobacter sp. K	447217	S	3382	6908	10290	0.00067
Anaeromyxobacter dehalogenans	161493	S	11141	8309	19450	0.00127
Myxococcus xanthus	34	S	8595	43043	51638	0.00338
Myxococcus hansupus	1297742	S	4769	452	5221	0.00034
Myxococcus stipitatus	83455	S	4120	492	4612	0.00030
Myxococcus sp. SCHIC003	2813577	S	3642	442	4084	0.00027
Corallococcus coralloides	184914	S	8508	3470	11978	0.00078
Corallococcus macrosporus	35	S	5463	1021	6484	0.00042
Corallococcus sp. EGB	1521117	S	5016	1910	6926	0.00045
Pyxidicoccus sp. SCPEA002	2813578	S	14311	789	15100	0.00099
Archangium violaceum	83451	S	23048	4386	27434	0.00179
Archangium gephyra	48	S	10990	2445	13435	0.00088
Cystobacter fuscus	43	S	15564	3843	19407	0.00127
Stigmatella aurantiaca	41	S	7207	640	7847	0.00051
Melittangium boletus	83453	S	6267	1431	7698	0.00050
Vulgatibacter incomptus	1391653	S	6843	657	7500	0.00049
Sorangium cellulosum	56	S	94099	12881	106980	0.00699
Polyangium aurulentum	2567896	S	22296	2249	24545	0.00160
Chondromyces crocatus	52	S	10807	533	11340	0.00074
Pajaroellobacter abortibovis	1882918	S	166	5	171	0.00001
Sandaracinus amylolyticus	927083	S	33408	2114	35522	0.00232
Labilithrix luteola	1391654	S	11397	552	11949	0.00078
Haliangium ochraceum	80816	S	14938	948	15886	0.00104
Geomonas sp. RF6	2897342	S	3256	457	3713	0.00024
Geomonas paludis	2740185	S	2312	1195	3507	0.00023
Geomonas nitrogeniifigens	2847991	S	2178	1161	3339	0.00022
Geomonas subterranea	2847989	S	1897	911	2808	0.00018
Geomonas oryzisoli	2847992	S	1814	1023	2837	0.00019
Geobacter sp. FeAm09	2597769	S	2198	311	2509	0.00016
Geobacter sp. SVR	2495594	S	1486	231	1717	0.00011
Geobacter sp. DSM 9736	1277350	S	839	68	907	0.00006
Geobacter sulfurreducens	35554	S	2491	654	3145	0.00021
Geobacter pickeringii	345632	S	2188	614	2802	0.00018
Geobacter metallireducens	28232	S	1401	359	1760	0.00012
Geobacter benzoatilyticus	2815309	S	871	211	1082	0.00007
Citrifermentans bremense	60035	S	1884	785	2669	0.00017
Citrifermentans bemidjiense	225194	S	1786	683	2469	0.00016
Geotalea uraniireducens	351604	S	1277	106	1383	0.00009
Geotalea daltonii	1203471	S	714	63	777	0.00005
Geoalkalibacter subterraneus	483547	S	939	924	1863	0.00012
Trichlorobacter lovleyi	313985	S	540	77	617	0.00004
Desulfuromonas versatilis	2802975	S	3733	736	4469	0.00029
Desulfuromonas sp. DDH964	1823759	S	2416	504	2920	0.00019
Desulfuromonas sp. AOP6	1566351	S	758	96	854	0.00006
Desulfuromonas soudanensis	1603606	S	2295	290	2585	0.00017
Pelobacter propionicus	29543	S	1491	569	2060	0.00013
Syntrophotalea acetylenica	29542	S	819	176	995	0.00007
Syntrophotalea carbinolica	19	S	546	48	594	0.00004
Syntrophotalea acetylenivorans	1842532	S	424	68	492	0.00003
Pseudodesulfovibrio mercurii	641491	S	1728	438	2166	0.00014
Pseudodesulfovibrio indicus	1716143	S	1609	361	1970	0.00013
Pseudodesulfovibrio aespoeensis	182210	S	1308	1013	2321	0.00015
Pseudodesulfovibrio cashew	2678688	S	890	189	1079	0.00007
Pseudodesulfovibrio sp. SF6	2810563	S	413	43	456	0.00003
Pseudodesulfovibrio sp. zrk46	2725288	S	375	68	443	0.00003
Pseudodesulfovibrio tunisiensis	463192	S	770	88	858	0.00006
Pseudodesulfovibrio profundus	57320	S	260	285	545	0.00004
Pseudodesulfovibrio piezophilus	879567	S	109	16	125	0.00001
Desulfovibrio sp. IOR2	2583823	S	1040	216	1256	0.00008
Desulfovibrio sp. 86	2666132	S	332	107	439	0.00003
Desulfovibrio sp. G11	631220	S	270	229	499	0.00003
Desulfovibrio vulgaris	881	S	1374	62	1436	0.00009
Desulfovibrio sulfodismutans	63561	S	1240	325	1565	0.00010
Desulfovibrio desulfuricans	876	S	1052	285	1337	0.00009
Desulfovibrio piger	901	S	856	196	1052	0.00007
Desulfovibrio fairfieldensis	44742	S	666	67	733	0.00005
Desulfovibrio ferrophilus	241368	S	463	42	505	0.00003
Candidatus Desulfovibrio trichonymphae	1725232	S	153	15	168	0.00001
Solidesulfovibrio carbinoliphilus	345370	S	2327	320	2647	0.00017
Solidesulfovibrio magneticus	184917	S	956	595	1551	0.00010
Solidesulfovibrio carbinolicus	296842	S	925	779	1704	0.00011
Oceanidesulfovibrio marinus	370038	S	2307	160	2467	0.00016
Desulfocurvibacter africanus	873	S	1686	144	1830	0.00012
Desulfolutivibrio sulfoxidireducens	2773299	S	1611	460	2071	0.00014
Megalodesulfovibrio gigas	879	S	1235	67	1302	0.00009
Oleidesulfovibrio alaskensis	58180	S	391	597	988	0.00006
Maridesulfovibrio hydrothermalis	191026	S	126	16	142	0.00001
Maridesulfovibrio salexigens	880	S	125	15	140	0.00001
Paradesulfovibrio bizertensis	376490	S	185	21	206	0.00001
Lawsonia intracellularis	29546	S	55	0	55	0.00000
Desulfomicrobium baculatum	899	S	1071	90	1161	0.00008
Desulfomicrobium orale	132132	S	612	174	786	0.00005
Desulfohalobium retbaense	45663	S	454	26	480	0.00003
Desulfosarcina alkanivorans	571177	S	1422	667	2089	0.00014
Desulfosarcina ovata	83564	S	1295	79	1374	0.00009
Desulfosarcina widdelii	947919	S	1061	132	1193	0.00008
Desulfococcus multivorans	897	S	992	204	1196	0.00008
Desulfatibacillum aliphaticivorans	218208	S	770	29	799	0.00005
Desulfoluna sp. ASN36	2810562	S	717	42	759	0.00005
Desulfobacter hydrogenophilus	2291	S	169	35	204	0.00001
Desulfobacter postgatei	2293	S	154	30	184	0.00001
Desulfonema magnum	45655	S	276	6	282	0.00002
Desulfonema limicola	45656	S	65	4	69	0.00000
Desulforapulum autotrophicum	2296	S	217	28	245	0.00002
Desulfobacula toluolica	28223	S	92	8	100	0.00001
Desulfobulbus propionicus	894	S	1074	69	1143	0.00007
Desulfobulbus oralis	1986146	S	746	180	926	0.00006
Desulfobulbus oligotrophicus	1909699	S	310	295	605	0.00004
Desulfurivibrio alkaliphilus	427923	S	948	54	1002	0.00007
Desulfomarina profundi	2772557	S	97	9	106	0.00001
Desulfosudis oleivorans	181663	S	792	47	839	0.00005
Desulfosediminicola ganghwensis	2569540	S	234	27	261	0.00002
Desulfosediminicola flagellatus	2569541	S	84	9	93	0.00001
Desulfotalea psychrophila	84980	S	117	22	139	0.00001
Desulfocapsa sulfexigens	65555	S	98	6	104	0.00001
Persicimonas caeni	2292766	S	5720	212	5932	0.00039
Bradymonas sediminis	1548548	S	1905	159	2064	0.00013
Bradymonadales bacterium V1718	2600177	S	710	41	751	0.00005
Syntrophobacter fumaroxidans	119484	S	1612	753	2365	0.00015
Desulfoglaeba alkanexedens	361111	S	1227	79	1306	0.00009
Desulfarculus baarsii	453230	S	2547	1667	4214	0.00028
Desulfomonile tiedjei	2358	S	677	6	683	0.00004
Desulfobacca acetoxidans	60893	S	565	16	581	0.00004
Syntrophus aciditrophicus	316277	S	412	32	444	0.00003
Candidatus Desulfofervidus auxilii	1621989	S	289	8	297	0.00002
Dissulfurimicrobium hydrothermale	1750598	S	261	20	281	0.00002
Hippea maritima	84405	S	69	4	73	0.00000
Campylobacter concisus	199	S	181	28	209	0.00001
Campylobacter showae	204	S	149	14	163	0.00001
Campylobacter gracilis	824	S	133	9	142	0.00001
Campylobacter curvus	200	S	128	13	141	0.00001
Campylobacter sp. 19-13652	2840180	S	27	3	30	0.00000
Campylobacter sp. RM6914	1032243	S	14	1	15	0.00000
Campylobacter sp. CCUG 57310	2517362	S	12	4	16	0.00000
Campylobacter rectus	203	S	55	9	64	0.00000
Campylobacter coli	195	S	21	21	42	0.00000
Campylobacter jejuni	197	S	19	138	157	0.00001
Campylobacter pinnipediorum	1965231	S	16	1	17	0.00000
Campylobacter hominis	76517	S	14	6	20	0.00000
Campylobacter geochelonis	1780362	S	13	1	14	0.00000
Campylobacter fetus	196	S	12	40	52	0.00000
Campylobacter helveticus	28898	S	10	4	14	0.00000
Campylobacter lanienae	75658	S	10	3	13	0.00000
Campylobacter ureolyticus	827	S	10	3	13	0.00000
Campylobacter lari	201	S	10	5	15	0.00000
Sulfurimonas sp. HSL-3221	2894755	S	554	48	602	0.00004
Sulfurimonas sp. SWIR-19	2878390	S	58	62	120	0.00001
Sulfurimonas sp. B2	2590551	S	18	2	20	0.00000
Sulfurimonas hydrogeniphila	2509341	S	23	8	31	0.00000
Sulfurimonas paralvinellae	317658	S	15	2	17	0.00000
Sulfuricurvum kujiense	148813	S	63	5	68	0.00000
Helicobacter pylori	210	S	156	67	223	0.00001
Helicobacter sp. NHP19-0003	2849641	S	42	10	52	0.00000
Helicobacter sp. NHP19-0012	2849642	S	29	12	41	0.00000
Helicobacter heilmannii	35817	S	38	19	57	0.00000
Helicobacter bizzozeronii	56877	S	29	4	33	0.00000
Helicobacter himalayensis	1591088	S	21	3	24	0.00000
Helicobacter suis	104628	S	16	6	22	0.00000
Helicobacter felis	214	S	16	2	18	0.00000
Helicobacter mustelae	217	S	14	3	17	0.00000
Helicobacter canis	29419	S	14	4	18	0.00000
Helicobacter typhlonius	76936	S	14	13	27	0.00000
Helicobacter enhydrae	222136	S	12	2	14	0.00000
Helicobacter cinaedi	213	S	11	4	15	0.00000
Helicobacter cetorum	138563	S	11	1	12	0.00000
Wolinella succinogenes	844	S	58	21	79	0.00001
Nitratifractor salsuginis	269261	S	287	22	309	0.00002
Sulfurovum sp. NBC37-1	387093	S	33	25	58	0.00000
Sulfurovum sp. HSL1-3	2893889	S	32	10	42	0.00000
Sulfurovum sp. XGS-02	2925411	S	17	2	19	0.00000
Sulfurovum lithotrophicum	206403	S	29	25	54	0.00000
Sulfurovum indicum	2779528	S	26	3	29	0.00000
Hydrogenimonas urashimensis	2740515	S	331	38	369	0.00002
Sulfurospirillum cavolei	366522	S	71	7	78	0.00001
Sulfurospirillum sp. UCH001	1581011	S	13	28	41	0.00000
Sulfurospirillum halorespirans	194424	S	25	20	45	0.00000
Sulfurospirillum deleyianum	65553	S	20	2	22	0.00000
Sulfurospirillum multivorans	66821	S	19	16	35	0.00000
Arcobacter sp. FWKO B	2593672	S	15	8	23	0.00000
Aliarcobacter cryaerophilus	28198	S	11	24	35	0.00000
Pseudoarcobacter acticola	1849015	S	12	30	42	0.00000
Nitrosophilus alvini	2714855	S	83	26	109	0.00001
Nitrosophilus labii	2706014	S	42	20	62	0.00000
Nitratiruptor sp. YY09-18	2724901	S	32	33	65	0.00000
Nitratiruptor sp. SB155-2	387092	S	19	30	49	0.00000
Caminibacter mediatlanticus	291048	S	23	24	47	0.00000
Caminibacter pacificus	1424653	S	21	19	40	0.00000
Nautilia profundicola	244787	S	21	11	32	0.00000
Nautilia sp. PV-1	2579250	S	18	9	27	0.00000
Acidithiobacillus caldus	33059	S	635	104	739	0.00005
Acidithiobacillus ferrivorans	160808	S	406	86	492	0.00003
Acidithiobacillus ferrooxidans	920	S	321	281	602	0.00004
Acidithiobacillus ferriphilus	1689834	S	151	34	185	0.00001
Acidithiobacillus thiooxidans	930	S	129	8	137	0.00001
Acidithiobacillus ferridurans	1232575	S	21	197	218	0.00001
Acidithiobacillus sp. 'AMD consortium'	2614801	S	11	162	173	0.00001
Bdellovibrio bacteriovorus	959	S	420	44	464	0.00003
Bdellovibrio sp. LBG001	2835041	S	78	7	85	0.00001
Bdellovibrio sp. NC01	2220073	S	68	5	73	0.00000
Bdellovibrio sp. ZAP7	2231053	S	64	16	80	0.00001
Bdellovibrio sp. KM01	2748865	S	36	9	45	0.00000
Pseudobdellovibrio exovorus	453816	S	51	2	53	0.00000
Bacteriovorax stolpii	960	S	53	18	71	0.00000
Halobacteriovorax marinus	97084	S	22	14	36	0.00000
Halobacteriovorax sp. BALOs_7	2109558	S	13	4	17	0.00000
Silvanigrella aquatica	1915309	S	27	6	33	0.00000
Fluviispira sanaruensis	2493639	S	17	4	21	0.00000
Hydrogenophilus thermoluteolus	297	S	743	182	925	0.00006
Mariprofundus ferrinatatus	1921087	S	296	30	326	0.00002
Mariprofundus aestuarium	1921086	S	194	24	218	0.00001
Gemmata obscuriglobus	114	S	39193	7612	46805	0.00306
Gemmata massiliana	1210884	S	16226	6854	23080	0.00151
Gemmata sp. SH-PL17	1630693	S	14508	6903	21411	0.00140
Urbifossiella limnaea	2528023	S	73925	7161	81086	0.00530
Frigoriglobus tundricola	2774151	S	46549	7864	54413	0.00356
Limnoglobus roseus	2598579	S	35467	1808	37275	0.00244
Tuwongella immobilis	692036	S	3072	143	3215	0.00021
Telmatocola sphagniphila	1123043	S	2622	29	2651	0.00017
Tautonia plasticadhaerens	2527974	S	36706	3778	40484	0.00265
Aquisphaera giovannonii	406548	S	29987	5929	35916	0.00235
Paludisphaera borealis	1387353	S	17738	4502	22240	0.00145
Singulisphaera acidiphila	466153	S	15168	2558	17726	0.00116
Isosphaera pallida	128	S	2950	241	3191	0.00021
Lacipirellula parvula	2650471	S	10353	1290	11643	0.00076
Lacipirellula limnantheis	2528024	S	10259	1475	11734	0.00077
Pirellulimonas nuda	2528009	S	9121	1097	10218	0.00067
Botrimarina mediterranea	2528022	S	7299	752	8051	0.00053
Aeoliella mucimassa	2527972	S	2618	234	2852	0.00019
Adhaeretor mobilis	1930276	S	1461	155	1616	0.00011
Bythopirellula goksoeyrii	1400387	S	1291	100	1391	0.00009
Lignipirellula cremea	2528010	S	5637	688	6325	0.00041
Stieleria maiorica	2795974	S	2559	577	3136	0.00021
Stieleria neptunia	2527979	S	2415	304	2719	0.00018
Anatilimnocola aggregata	2528021	S	4585	531	5116	0.00033
Rosistilla oblonga	2527990	S	1469	685	2154	0.00014
Rosistilla carotiformis	2528017	S	972	410	1382	0.00009
Rosistilla ulvae	1930277	S	893	510	1403	0.00009
Bremerella volcania	2527984	S	3258	266	3524	0.00023
Pirellula staleyi	125	S	2430	101	2531	0.00017
Pirellula sp. SH-Sr6A	1632865	S	647	19	666	0.00004
Roseimaritima ulvae	980254	S	2242	161	2403	0.00016
Roseimaritima multifibrata	1930274	S	607	75	682	0.00004
Rubripirellula lacrimiformis	1930273	S	1086	225	1311	0.00009
Mariniblastus fucicola	980251	S	851	18	869	0.00006
Aureliella helgolandensis	2527968	S	787	67	854	0.00006
Rhodopirellula baltica	265606	S	756	58	814	0.00005
Thermogutta terrifontis	1331910	S	1078	37	1115	0.00007
Planctomyces sp. SH-PL62	1636152	S	17015	7034	24049	0.00157
Planctomyces sp. SH-PL14	1632864	S	11076	792	11868	0.00078
Gimesia panareensis	2527978	S	2154	265	2419	0.00016
Gimesia chilikensis	2605989	S	1220	725	1945	0.00013
Gimesia maris	122	S	784	124	908	0.00006
Gimesia alba	2527973	S	508	91	599	0.00004
Gimesia fumaroli	2527976	S	485	99	584	0.00004
Gimesia algae	2527971	S	433	110	543	0.00004
Gimesia benthica	2608982	S	428	589	1017	0.00007
Gimesia aquarii	2527964	S	330	23	353	0.00002
Caulifigura coniformis	2527983	S	7498	553	8051	0.00053
Maioricimonas rarisocia	2528026	S	6945	965	7910	0.00052
Alienimonas californiensis	2527989	S	6707	558	7265	0.00047
Symmachiella dynata	2527995	S	2505	163	2668	0.00017
Rubinisphaera brasiliensis	119	S	1442	156	1598	0.00010
Fuerstiella marisgermanici	1891926	S	1338	26	1364	0.00009
Planctopirus ephydatiae	2528019	S	467	224	691	0.00005
Planctopirus limnophila	120	S	434	195	629	0.00004
Calycomorphotria hydatis	2528027	S	1202	49	1251	0.00008
Crateriforma conspicua	2527996	S	1097	259	1356	0.00009
Polystyrenella longa	2528007	S	470	45	515	0.00003
Thalassoglobus polymorphus	2527994	S	442	26	468	0.00003
Humisphaera borealis	2807512	S	10888	302	11190	0.00073
Phycisphaera mikurensis	547188	S	4089	367	4456	0.00029
Mucisphaera calidilacus	2527982	S	1971	115	2086	0.00014
Poriferisphaera corsica	2528020	S	215	1	216	0.00001
Anaerohalosphaera lusitana	1936003	S	445	13	458	0.00003
Limihaloglobus sulfuriphilus	1851148	S	188	9	197	0.00001
Sedimentisphaera salicampi	1941349	S	71	15	86	0.00001
Sedimentisphaera cyanobacteriorum	1940790	S	57	67	124	0.00001
Candidatus Kuenenia stuttgartiensis	174633	S	192	1	193	0.00001
Candidatus Uabimicrobium amorphum	2596890	S	128	2	130	0.00001
Opitutus terrae	107709	S	6080	315	6395	0.00042
Opitutus sp. GAS368	1882749	S	5169	838	6007	0.00039
Lacunisphaera limnophila	1838286	S	4232	645	4877	0.00032
Oleiharenicola sp. KSB-15	2862869	S	2440	144	2584	0.00017
Nibricoccus aquaticus	2576891	S	2358	115	2473	0.00016
Ereboglobus luteus	1796921	S	1691	91	1782	0.00012
Ruficoccus sp. ZRK36	2866311	S	962	178	1140	0.00007
Coraliomargarita akajimensis	395922	S	235	7	242	0.00002
Verrucomicrobium sp. GAS474	1882831	S	2869	315	3184	0.00021
Verrucomicrobium spinosum	2736	S	1813	100	1913	0.00013
Luteolibacter ambystomatis	2824561	S	1777	133	1910	0.00012
Luteolibacter luteus	2728835	S	1749	89	1838	0.00012
Roseimicrobium sp. ORNL1	2711231	S	3248	108	3356	0.00022
Sulfuriroseicoccus oceanibius	2707525	S	580	57	637	0.00004
Akkermansia muciniphila	239935	S	1108	139	1247	0.00008
Akkermansia glycaniphila	1679444	S	378	27	405	0.00003
Methylacidimicrobium sp. AP8	2730359	S	757	109	866	0.00006
Methylacidimicrobium sp. B4	2796139	S	668	127	795	0.00005
Methylacidiphilum kamchatkense	431057	S	25	1	26	0.00000
Methylacidiphilum sp. IT5	2795384	S	12	28	40	0.00000
Methylacidiphilum sp. IT6	2795386	S	12	1	13	0.00000
Methylacidiphilum infernorum	511746	S	17	38	55	0.00000
Candidatus Xiphinematobacter sp. Idaho Grape	1704307	S	124	9	133	0.00001
Kiritimatiella glycovorans	1307763	S	1183	1442	2625	0.00017
Tichowtungia aerotolerans	2697043	S	434	16	450	0.00003
Candidatus Protochlamydia naegleriophila	389348	S	39	16	55	0.00000
Candidatus Protochlamydia amoebophila	362787	S	10	3	13	0.00000
Parachlamydia acanthamoebae	83552	S	38	10	48	0.00000
Neochlamydia sp. S13	1353976	S	29	5	34	0.00000
Waddlia chondrophila	71667	S	45	5	50	0.00000
Candidatus Rhabdochlamydia oedothoracis	2720720	S	11	20	31	0.00000
Simkania negevensis	83561	S	29	2	31	0.00000
Chlamydia trachomatis	813	S	21	4	25	0.00000
Chlamydia suis	83559	S	13	9	22	0.00000
Chlamydia pecorum	85991	S	13	67	80	0.00001
Chlamydia pneumoniae	83558	S	10	0	10	0.00000
Candidatus Velamenicoccus archaeovorus	1930593	S	376	1	377	0.00002
Hymenobacter sp. PAMC 26628	1484118	S	1137	275	1412	0.00009
Hymenobacter sp. 5317J-9	2932250	S	1106	256	1362	0.00009
Hymenobacter sp. PAMC 26554	1484116	S	937	94	1031	0.00007
Hymenobacter sp. APR13	1356852	S	929	357	1286	0.00008
Hymenobacter sp. BRD128	2675878	S	861	116	977	0.00006
Hymenobacter sp. 5116S-3	2932248	S	628	91	719	0.00005
Hymenobacter sp. 5116S-27	2932249	S	609	91	700	0.00005
Hymenobacter sp. BT18	2835648	S	537	69	606	0.00004
Hymenobacter sp. DG01	2584940	S	525	133	658	0.00004
Hymenobacter sp. NBH84	2596915	S	525	74	599	0.00004
Hymenobacter sp. 5420S-77	2932254	S	476	65	541	0.00004
Hymenobacter sp. 5413J-13	2932251	S	463	64	527	0.00003
Hymenobacter sp. BRD67	2675877	S	393	370	763	0.00005
Hymenobacter sp. S2-20-2	2761579	S	359	54	413	0.00003
Hymenobacter sp. DG25B	1385664	S	318	106	424	0.00003
Hymenobacter sp. DG25A	1385663	S	278	95	373	0.00002
Hymenobacter sp. HDW8	2714932	S	189	595	784	0.00005
Hymenobacter sp. 5516S-25	2933777	S	171	623	794	0.00005
Hymenobacter sp. 5516J-16	2932253	S	127	491	618	0.00004
Hymenobacter busanensis	2607656	S	1106	123	1229	0.00008
Hymenobacter monticola	1705399	S	1043	193	1236	0.00008
Hymenobacter sedentarius	1411621	S	865	132	997	0.00007
Hymenobacter oligotrophus	2319843	S	753	85	838	0.00005
Hymenobacter nivis	1850093	S	746	189	935	0.00006
Hymenobacter jejuensis	2502781	S	707	55	762	0.00005
Hymenobacter swuensis	1446467	S	500	110	610	0.00004
Hymenobacter tibetensis	497967	S	463	71	534	0.00003
Hymenobacter baengnokdamensis	2615203	S	413	436	849	0.00006
Hymenobacter qilianensis	1385715	S	371	66	437	0.00003
Hymenobacter radiodurans	2496028	S	159	524	683	0.00004
Pontibacter russatus	2694929	S	1067	110	1177	0.00008
Pontibacter actiniarum	323450	S	586	138	724	0.00005
Pontibacter akesuensis	388950	S	406	61	467	0.00003
Pontibacter korlensis	400092	S	236	33	269	0.00002
Pontibacter pudoricolor	2694930	S	232	27	259	0.00002
Pontibacter sp. SGAir0037	2571030	S	199	33	232	0.00002
Rufibacter radiotolerans	1379910	S	302	39	341	0.00002
Rufibacter tibetensis	512763	S	265	49	314	0.00002
Rufibacter sp. DG15C	1379909	S	220	127	347	0.00002
Adhaeribacter swui	2086471	S	203	23	226	0.00001
Adhaeribacter radiodurans	2745197	S	116	11	127	0.00001
Nibribacter ruber	2698458	S	179	101	280	0.00002
Spirosoma sp. CJU-R4	2728024	S	593	44	637	0.00004
Spirosoma sp. KUDC1026	2745947	S	417	36	453	0.00003
Spirosoma sp. KCTC 42546	2520506	S	262	35	297	0.00002
Spirosoma sp. RHs26	2898794	S	254	17	271	0.00002
Spirosoma sp. KCTC 72228	2710596	S	170	23	193	0.00001
Spirosoma rigui	564064	S	461	29	490	0.00003
Spirosoma taeanense	2735870	S	427	35	462	0.00003
Spirosoma montaniterrae	1178516	S	408	23	431	0.00003
Spirosoma radiotolerans	1379870	S	251	16	267	0.00002
Spirosoma aerolatum	1211326	S	244	11	255	0.00002
Spirosoma endbachense	2666025	S	242	94	336	0.00002
Spirosoma pollinicola	2057025	S	220	28	248	0.00002
Spirosoma aureum	2692134	S	193	90	283	0.00002
Rhodocytophaga rosea	2704465	S	149	5	154	0.00001
Aquirufa sp. 9H-EGSE	2696560	S	42	22	64	0.00000
Aquirufa nivalisilvae	2516557	S	22	9	31	0.00000
Cytophaga hutchinsonii	985	S	67	5	72	0.00000
Fibrella aestuarina	651143	S	936	74	1010	0.00007
Fibrella sp. ES10-3-2-2	1834519	S	351	25	376	0.00002
Dyadobacter fermentans	94254	S	709	61	770	0.00005
Dyadobacter sp. LJ419	2906456	S	162	9	171	0.00001
Dyadobacter sp. NIV53	2861765	S	83	4	87	0.00001
Dyadobacter sandarakinus	2747268	S	237	21	258	0.00002
Runella slithyformis	106	S	263	18	281	0.00002
Runella rosea	2259595	S	177	14	191	0.00001
Runella sp. SP2	2268026	S	121	6	127	0.00001
Larkinella sp. IE-0392	2907205	S	225	15	240	0.00002
Leadbetterella byssophila	316068	S	33	15	48	0.00000
Arcticibacterium luteifluviistationis	1784714	S	30	1	31	0.00000
Chryseolinea soli	2321403	S	1673	47	1720	0.00011
Fulvivirga sp. SS9-22	2904245	S	94	9	103	0.00001
Fulvivirga sp. SW1-E11	2904247	S	44	22	66	0.00000
Fulvivirga sp. W9P-11	2904246	S	42	15	57	0.00000
Fulvivirga lutea	2810512	S	45	5	50	0.00000
Echinicola rosea	1807691	S	77	29	106	0.00001
Echinicola vietnamensis	390884	S	72	31	103	0.00001
Echinicola sp. 20G	2781961	S	32	4	36	0.00000
Echinicola sp. SCS 3-6	2859768	S	30	11	41	0.00000
Echinicola strongylocentroti	1795355	S	64	9	73	0.00000
Echinicola soli	2591634	S	52	4	56	0.00000
Algoriphagus sp. Y33	2772483	S	66	4	70	0.00000
Algoriphagus sp. NBT04N3	2705473	S	48	12	60	0.00000
Algoriphagus sanaruensis	1727163	S	68	5	73	0.00000
Algoriphagus machipongonensis	388413	S	43	2	45	0.00000
Cyclobacterium marinum	104	S	39	11	50	0.00000
Cyclobacterium amurskyense	320787	S	36	6	42	0.00000
Aquiflexum balticum	280473	S	51	7	58	0.00000
Belliella baltica	232259	S	45	18	63	0.00000
Mongoliitalea daihaiensis	2782006	S	36	3	39	0.00000
Candidatus Amoebophilus asiaticus	281120	S	67	1	68	0.00000
Flammeovirga pectinis	2494373	S	32	10	42	0.00000
Flammeovirga sp. MY04	1191459	S	10	24	34	0.00000
Marivirga tractuosa	1006	S	69	21	90	0.00001
Mangrovivirga cuniculi	2715131	S	53	3	56	0.00000
Bernardetia litoralis	999	S	31	2	33	0.00000
Rhodocaloribacter litoris	2558931	S	5757	714	6471	0.00042
Rhodothermus marinus	29549	S	5143	351	5494	0.00036
Salinibacter ruber	146919	S	2948	58	3006	0.00020
Alistipes dispar	2585119	S	660	83	743	0.00005
Alistipes onderdonkii	328813	S	649	718	1367	0.00009
Alistipes communis	2585118	S	630	424	1054	0.00007
Alistipes senegalensis	1288121	S	530	122	652	0.00004
Alistipes finegoldii	214856	S	527	465	992	0.00006
Alistipes megaguti	2364787	S	483	56	539	0.00004
Alistipes sp. dk3624	2662363	S	427	88	515	0.00003
Alistipes shahii	328814	S	418	243	661	0.00004
Alistipes indistinctus	626932	S	374	71	445	0.00003
Prevotella sp. Rep29	2691580	S	84	11	95	0.00001
Prevotella sp. E13-17	2913616	S	75	23	98	0.00001
Prevotella sp. E15-22	2937774	S	71	44	115	0.00001
Prevotella sp. oral taxon 475	712471	S	62	6	68	0.00000
Prevotella sp. E2-28	2913620	S	42	20	62	0.00000
Prevotella sp. E9-3	2913621	S	41	17	58	0.00000
Prevotella dentalis	52227	S	333	72	405	0.00003
Prevotella denticola	28129	S	126	34	160	0.00001
Prevotella multiformis	282402	S	115	39	154	0.00001
Prevotella intermedia	28131	S	87	36	123	0.00001
Prevotella melaninogenica	28132	S	82	25	107	0.00001
Prevotella ruminicola	839	S	79	3	82	0.00001
Prevotella copri	165179	S	60	26	86	0.00001
Prevotella enoeca	76123	S	44	6	50	0.00000
Prevotella buccalis	28127	S	33	32	65	0.00000
Prevotella nigrescens	28133	S	26	13	39	0.00000
Prevotella bryantii	77095	S	18	1	19	0.00000
Prevotella oris	28135	S	18	2	20	0.00000
Prevotella fusca	589436	S	17	3	20	0.00000
Prevotella veroralis	28137	S	12	2	14	0.00000
Prevotella scopos	589437	S	11	4	15	0.00000
Prevotella jejuni	1177574	S	11	3	14	0.00000
Paraprevotella xylaniphila	454155	S	68	52	120	0.00001
Pseudoprevotella muciniphila	2133944	S	58	6	64	0.00000
Bacteroides fragilis	817	S	106	152	258	0.00002
Bacteroides sp. CBA7301	2715212	S	50	11	61	0.00000
Bacteroides sp. M10	2763022	S	26	44	70	0.00000
Bacteroides thetaiotaomicron	818	S	86	49	135	0.00001
Bacteroides zoogleoformans	28119	S	68	15	83	0.00001
Bacteroides cellulosilyticus	246787	S	65	20	85	0.00001
Bacteroides eggerthii	28111	S	65	62	127	0.00001
Bacteroides helcogenes	290053	S	55	2	57	0.00000
Bacteroides salyersiae	291644	S	54	45	99	0.00001
Bacteroides stercoris	46506	S	50	42	92	0.00001
Bacteroides heparinolyticus	28113	S	45	9	54	0.00000
Bacteroides xylanisolvens	371601	S	45	100	145	0.00001
Bacteroides uniformis	820	S	41	96	137	0.00001
Bacteroides zhangwenhongii	2650157	S	33	19	52	0.00000
Bacteroides ovatus	28116	S	29	46	75	0.00000
Bacteroides intestinalis	329854	S	27	4	31	0.00000
Bacteroides caccae	47678	S	25	2	27	0.00000
Bacteroides nordii	291645	S	25	16	41	0.00000
Bacteroides caecimuris	1796613	S	22	26	48	0.00000
Bacteroides faecis	674529	S	21	14	35	0.00000
Bacteroides luhongzhouii	2650158	S	20	7	27	0.00000
Bacteroides coprosuis	151276	S	14	1	15	0.00000
Phocaeicola salanitronis	376805	S	130	51	181	0.00001
Phocaeicola coprophilus	387090	S	40	20	60	0.00000
Phocaeicola vulgatus	821	S	39	40	79	0.00001
Phocaeicola dorei	357276	S	25	42	67	0.00000
Tannerella serpentiformis	712710	S	387	19	406	0.00003
Tannerella forsythia	28112	S	107	12	119	0.00001
Parabacteroides goldsteinii	328812	S	131	31	162	0.00001
Parabacteroides merdae	46503	S	103	101	204	0.00001
Parabacteroides distasonis	823	S	62	201	263	0.00002
Parabacteroides johnsonii	387661	S	48	34	82	0.00001
Sodaliphilus pleomorphus	2606626	S	351	154	505	0.00003
Muribaculum intestinale	1796646	S	118	11	129	0.00001
Muribaculum gordoncarteri	2530390	S	117	13	130	0.00001
Duncaniella dubosii	2518971	S	80	15	95	0.00001
Porphyromonas sp. oral taxon 275	712435	S	340	33	373	0.00002
Porphyromonas asaccharolytica	28123	S	98	6	104	0.00001
Porphyromonas gingivalis	837	S	73	9	82	0.00001
Porphyromonas cangingivalis	36874	S	37	4	41	0.00000
Porphyromonas somerae	322095	S	37	8	45	0.00000
Porphyromonas crevioricanis	393921	S	21	4	25	0.00000
Porphyromonas endodontalis	28124	S	19	1	20	0.00000
Petrimonas mucosa	1642646	S	133	5	138	0.00001
Proteiniphilum saccharofermentans	1642647	S	60	5	65	0.00000
Proteiniphilum sp. JNU-WLY501	2829812	S	31	1	32	0.00000
Dysgonomonas sp. HDW5B	2714927	S	11	12	23	0.00000
Barnesiella viscericola	397865	S	167	190	357	0.00002
Coprobacter secundus	1501392	S	30	24	54	0.00000
Butyricimonas virosa	544645	S	43	14	57	0.00000
Butyricimonas faecalis	2093856	S	40	46	86	0.00001
Odoribacter splanchnicus	28118	S	35	4	39	0.00000
Salinivirga cyanobacteriivorans	1307839	S	42	1	43	0.00000
Paludibacter propionicigenes	185300	S	40	1	41	0.00000
Tenuifilum thalassicum	2590900	S	25	0	25	0.00000
Draconibacterium halophilum	2706887	S	44	2	46	0.00000
Draconibacterium orientale	1168034	S	38	2	40	0.00000
Maribellus comscasis	2681766	S	65	3	68	0.00000
Alkalitalea saponilacus	889453	S	35	2	37	0.00000
Labilibaculum antarcticum	1717717	S	26	1	27	0.00000
Chitinophaga sp. XS-30	2604421	S	476	160	636	0.00004
Chitinophaga sp. KRA15-503	2829818	S	261	128	389	0.00003
Chitinophaga oryzae	2725414	S	540	71	611	0.00004
Chitinophaga filiformis	104663	S	371	52	423	0.00003
Chitinophaga alhagiae	2203219	S	296	5	301	0.00002
Chitinophaga pinensis	79329	S	217	38	255	0.00002
Chitinophaga agri	2703787	S	205	45	250	0.00002
Chitinophaga caeni	2029983	S	136	20	156	0.00001
Flavisolibacter ginsenosidimutans	661481	S	769	46	815	0.00005
Flavisolibacter tropicus	1492898	S	728	107	835	0.00005
Niastella koreensis	354356	S	1450	152	1602	0.00010
Pseudocnuella soli	2502779	S	785	96	881	0.00006
Paraflavitalea soli	2315862	S	758	58	816	0.00005
Flavihumibacter sp. IMCC34838	2838156	S	358	34	392	0.00003
Flavihumibacter sp. IMCC34837	2838157	S	303	23	326	0.00002
Pseudobacter ginsenosidimutans	661488	S	524	45	569	0.00004
Niabella soli	446683	S	243	30	273	0.00002
Niabella ginsenosidivorans	1176587	S	230	23	253	0.00002
Arachidicoccus sp. BS20	1850526	S	107	32	139	0.00001
Arachidicoccus sp. 5GH13-10	2875539	S	78	10	88	0.00001
Arachidicoccus sp. B3-10	2545455	S	45	3	48	0.00000
Arachidicoccus ginsenosidivorans	496057	S	69	8	77	0.00001
Arachidicoccus soli	2341117	S	36	3	39	0.00000
Phnomibacter ginsenosidimutans	2676868	S	279	33	312	0.00002
Lacibacter sp. S13-6-6	2760713	S	268	12	280	0.00002
Panacibacter ginsenosidivorans	1813871	S	245	11	256	0.00002
Filimonas lacunae	477680	S	221	27	248	0.00002
Ferruginibacter sp. KIS38-8	2875540	S	114	10	124	0.00001
Ferruginibacter lapsinanis	563172	S	72	6	78	0.00001
Flavobacterium sp. HJ-32-4	1160795	S	209	17	226	0.00001
Flavobacterium sp. MDT1-60	1979344	S	72	20	92	0.00001
Flavobacterium sp. CJ74	2294119	S	45	4	49	0.00000
Flavobacterium sp. IGB 4-14	1871076	S	39	4	43	0.00000
Flavobacterium sp. CLA17	2724135	S	36	8	44	0.00000
Flavobacterium sp. KSM-R2A25	2895947	S	23	8	31	0.00000
Flavobacterium sp. K5-23	2746225	S	23	7	30	0.00000
Flavobacterium sp. KBS0721	1179672	S	22	9	31	0.00000
Flavobacterium sp. KSM-R2A30	2897181	S	22	10	32	0.00000
Flavobacterium sp. F-323	2893885	S	22	6	28	0.00000
Flavobacterium sp. MMS21-Er5	2937442	S	21	14	35	0.00000
Flavobacterium sp. SLB02	2665645	S	21	6	27	0.00000
Flavobacterium sp. M31R6	2739062	S	19	4	23	0.00000
Flavobacterium sp. Sr18	935222	S	17	3	20	0.00000
Flavobacterium sp. F-70	2893884	S	17	4	21	0.00000
Flavobacterium sp. F-29	2893883	S	17	5	22	0.00000
Flavobacterium sp. CS20	2775246	S	15	7	22	0.00000
Flavobacterium sp. KK2020170	2830782	S	15	6	21	0.00000
Flavobacterium sp. WSW3-B6	2856519	S	13	1	14	0.00000
Flavobacterium sp. F-340	2893886	S	13	5	18	0.00000
Flavobacterium sp. 140616W15	2478552	S	13	3	16	0.00000
Flavobacterium sp. B183	907046	S	12	3	15	0.00000
Flavobacterium sp. LPB0248	2614441	S	12	10	22	0.00000
Flavobacterium album	2175091	S	112	10	122	0.00001
Flavobacterium magnum	2162713	S	96	14	110	0.00001
Flavobacterium pallidum	2172098	S	80	10	90	0.00001
Flavobacterium nackdongense	2547394	S	59	6	65	0.00000
Flavobacterium commune	1306519	S	42	8	50	0.00000
Flavobacterium enshiense	1341165	S	39	5	44	0.00000
Flavobacterium inviolabile	2748320	S	35	6	41	0.00000
Flavobacterium fluviale	2249356	S	35	20	55	0.00000
Flavobacterium johnsoniae	986	S	31	20	51	0.00000
Flavobacterium jumunjinense	998845	S	27	5	32	0.00000
Flavobacterium sediminilitoris	2024526	S	27	4	31	0.00000
Flavobacterium anhuiense	459526	S	26	16	42	0.00000
Flavobacterium sangjuense	2518177	S	24	3	27	0.00000
Flavobacterium crocinum	2183896	S	22	10	32	0.00000
Flavobacterium endoglycinae	2816357	S	21	6	27	0.00000
Flavobacterium kingsejongi	1678728	S	20	3	23	0.00000
Flavobacterium gilvum	1492737	S	19	3	22	0.00000
Flavobacterium nitrogenifigens	1617283	S	18	14	32	0.00000
Flavobacterium sediminis	2201181	S	18	21	39	0.00000
Flavobacterium alkalisoli	2602769	S	17	1	18	0.00000
Flavobacterium psychrophilum	96345	S	16	4	20	0.00000
Flavobacterium faecale	1355330	S	15	2	17	0.00000
Flavobacterium oreochromis	2906078	S	13	7	20	0.00000
Flavobacterium branchiophilum	55197	S	10	1	11	0.00000
Flavobacterium crassostreae	1763534	S	10	3	13	0.00000
Muricauda sp. SCSIO 65647	2908843	S	61	3	64	0.00000
Muricauda sp. SCSIO 64092	2908842	S	40	1	41	0.00000
Muricauda lutaonensis	516051	S	81	23	104	0.00001
Muricauda aquimarina	254955	S	61	37	98	0.00001
Muricauda ruestringensis	111501	S	49	5	54	0.00000
Muricauda oceani	2698672	S	45	27	72	0.00000
Muricauda aurantiaca	1383885	S	20	2	22	0.00000
Capnocytophaga haemolytica	45243	S	63	7	70	0.00000
Capnocytophaga sp. oral taxon 878	1316596	S	12	5	17	0.00000
Capnocytophaga sp. oral taxon 902	2748316	S	10	28	38	0.00000
Capnocytophaga gingivalis	1017	S	48	7	55	0.00000
Capnocytophaga sputigena	1019	S	48	23	71	0.00000
Capnocytophaga canimorsus	28188	S	28	9	37	0.00000
Capnocytophaga endodontalis	2708117	S	15	10	25	0.00000
Capnocytophaga leadbetteri	327575	S	12	9	21	0.00000
Robiginitalea biformata	252307	S	321	23	344	0.00002
Gramella sp. GC03-9	2920386	S	32	9	41	0.00000
Gramella sp. MT6	2705471	S	29	4	33	0.00000
Gramella sp. MAR_2010_147	1250205	S	27	4	31	0.00000
Gramella fulva	2126553	S	60	5	65	0.00000
Gramella flava	1486245	S	46	15	61	0.00000
Gramella forsetii	411153	S	27	7	34	0.00000
Gramella echinicola	279359	S	13	1	14	0.00000
Gramella salexigens	1913577	S	12	1	13	0.00000
Nonlabens sp. Hel1_33_55	1336802	S	26	6	32	0.00000
Nonlabens sp. Ci31	2608253	S	17	8	25	0.00000
Nonlabens spongiae	331648	S	44	26	70	0.00000
Nonlabens ponticola	2496866	S	33	6	39	0.00000
Nonlabens marinus	930802	S	14	6	20	0.00000
Nonlabens dokdonensis	328515	S	11	3	14	0.00000
Polaribacter sp. SM13	2818493	S	20	9	29	0.00000
Polaribacter sp. G4M1	2808900	S	15	6	21	0.00000
Polaribacter sp. Hel1_33_78	1336804	S	10	3	13	0.00000
Polaribacter sp. Q13	2806551	S	10	12	22	0.00000
Polaribacter litorisediminis	1908341	S	14	2	16	0.00000
Polaribacter reichenbachii	996801	S	12	2	14	0.00000
Polaribacter vadi	1774273	S	11	2	13	0.00000
Aequorivita sublithincola	101385	S	49	43	92	0.00001
Aequorivita sp. H23M31	2494375	S	28	11	39	0.00000
Maribacter sp. HTCC2170	313603	S	39	6	45	0.00000
Maribacter sp. MJ134	2496865	S	28	7	35	0.00000
Maribacter cobaltidurans	1178778	S	25	27	52	0.00000
Sinomicrobium sp. HD2P242	2900738	S	117	5	122	0.00001
Antarcticibacterium flavum	2058175	S	43	10	53	0.00000
Antarcticibacterium sp. 1MA-6-2	2908210	S	39	5	44	0.00000
Antarcticibacterium arcticum	2585771	S	29	4	33	0.00000
Winogradskyella forsetii	2686077	S	30	12	42	0.00000
Winogradskyella schleiferi	2686078	S	13	8	21	0.00000
Kordia antarctica	1218801	S	76	6	82	0.00001
Kordia sp. SMS9	2282170	S	20	1	21	0.00000
Salegentibacter salegens	143223	S	35	7	42	0.00000
Salegentibacter mishustinae	270918	S	21	24	45	0.00000
Salegentibacter sp. T436	1729720	S	20	25	45	0.00000
Myroides odoratus	256	S	14	7	21	0.00000
Myroides phaeus	702745	S	12	13	25	0.00000
Myroides fluvii	2572594	S	11	7	18	0.00000
Formosa sp. Hel1_33_131	1336794	S	11	1	12	0.00000
Formosa sp. Hel3_A1_48	1336795	S	10	3	13	0.00000
Formosa sp. Hel1_31_208	1798225	S	10	1	11	0.00000
Formosa agariphila	320324	S	12	3	15	0.00000
Formosa sediminum	2594004	S	12	3	15	0.00000
Tenacibaculum mesophilum	104268	S	11	5	16	0.00000
Dokdonia sp. 4H-3-7-5	983548	S	17	25	42	0.00000
Zobellia galactanivorans	63186	S	54	4	58	0.00000
Cellulophaga baltica	76594	S	10	6	16	0.00000
Aggregatimonas sangjinii	2583587	S	50	3	53	0.00000
Aquimarina sp. AD10	1714849	S	15	1	16	0.00000
Aquimarina sp. BL5	1714860	S	15	3	18	0.00000
Arenibacter algicola	616991	S	45	17	62	0.00000
Leeuwenhoekiella palythoae	573501	S	15	15	30	0.00000
Leeuwenhoekiella sp. ZYFB001	2719912	S	12	9	21	0.00000
Pukyongia salina	2094025	S	38	3	41	0.00000
Zunongwangia profunda	398743	S	26	24	50	0.00000
Zunongwangia sp. SCSIO 43204	2779359	S	11	8	19	0.00000
Flagellimonas sp. HMM57	2905121	S	19	1	20	0.00000
Flagellimonas sp. CMM7	2654676	S	16	1	17	0.00000
Amniculibacterium sp. G2-70	2767188	S	33	47	80	0.00001
Mariniflexile sp. TRM1-10	2027857	S	33	3	36	0.00000
Tamlana carrageenivorans	2069432	S	21	8	29	0.00000
Lacinutrix sp. Bg11-31	2057808	S	13	3	16	0.00000
Lacinutrix sp. WUR7	2653681	S	11	3	14	0.00000
Euzebyella marina	1761453	S	30	19	49	0.00000
Constantimarinum furrinae	2562285	S	27	3	30	0.00000
Muriicola soli	2507538	S	27	2	29	0.00000
Zhouia spongiae	2202721	S	26	7	33	0.00000
Gilvibacter sp. SZ-19	754429	S	26	4	30	0.00000
Psychroflexus sp. ALD_RP9	2777186	S	13	1	14	0.00000
Psychroflexus torquis	57029	S	10	0	10	0.00000
Sediminicola sp. YIK13	1453352	S	21	2	23	0.00000
Galbibacter sp. BG1	1170699	S	21	2	23	0.00000
Lutibacter profundi	1622118	S	10	2	12	0.00000
Costertonia aggregata	343403	S	19	5	24	0.00000
Urechidicola croceus	1850246	S	17	10	27	0.00000
Flavivirga eckloniae	1803846	S	17	1	18	0.00000
Seonamhaeicola sp. S2-3	1936081	S	12	4	16	0.00000
Aegicerativicinus sediminis	2893202	S	16	1	17	0.00000
Siansivirga zeaxanthinifaciens	762954	S	15	4	19	0.00000
Bizionia sp. M204	2675331	S	14	3	17	0.00000
Changchengzhania lutea	2049305	S	14	2	16	0.00000
Oceanihabitans sp. IOP_32	2529032	S	14	6	20	0.00000
Croceibacter atlanticus	313588	S	12	2	14	0.00000
Flavobacteriaceae bacterium 10Alg115	2584122	S	10	0	10	0.00000
Gillisia sp. Hel1_33_143	1336796	S	10	4	14	0.00000
Chryseobacterium sp. 6424	2039166	S	61	18	79	0.00001
Chryseobacterium sp. G0201	2487065	S	41	14	55	0.00000
Chryseobacterium sp. SC2-2	2929800	S	39	28	67	0.00000
Chryseobacterium sp.	1871047	S	38	17	55	0.00000
Chryseobacterium sp. cx-624	2758037	S	38	7	45	0.00000
Chryseobacterium sp. F4	2852098	S	35	2	37	0.00000
Chryseobacterium sp. ZHDP1	2838877	S	34	32	66	0.00000
Chryseobacterium sp. MEBOG07	2879939	S	29	10	39	0.00000
Chryseobacterium sp. IHB B 17019	1721091	S	26	5	31	0.00000
Chryseobacterium sp. MEBOG06	2879938	S	25	7	32	0.00000
Chryseobacterium sp. Y16C	2920939	S	22	18	40	0.00000
Chryseobacterium sp. PCH239	2825845	S	21	21	42	0.00000
Chryseobacterium sp. C-17	2898076	S	20	10	30	0.00000
Chryseobacterium sp. T16E-39	2015076	S	20	3	23	0.00000
Chryseobacterium sp. G0186	2487064	S	18	15	33	0.00000
Chryseobacterium sp. StRB126	878220	S	17	6	23	0.00000
Chryseobacterium sp. 3008163	2478663	S	16	8	24	0.00000
Chryseobacterium sp. LJ668	2864040	S	14	2	16	0.00000
Chryseobacterium sp. POL2	2713414	S	13	11	24	0.00000
Chryseobacterium sp. DH-B6	2759528	S	12	6	18	0.00000
Chryseobacterium sp. SNU WT5	2594269	S	12	5	17	0.00000
Chryseobacterium sp. ADR-1	2929799	S	11	4	15	0.00000
Chryseobacterium daecheongense	192389	S	109	24	133	0.00001
Chryseobacterium indologenes	253	S	77	45	122	0.00001
Chryseobacterium taklimakanense	536441	S	76	47	123	0.00001
Chryseobacterium camelliae	1265445	S	67	44	111	0.00001
Chryseobacterium indoltheticum	254	S	36	11	47	0.00000
Chryseobacterium salivictor	2547600	S	35	5	40	0.00000
Chryseobacterium gleum	250	S	34	53	87	0.00001
Chryseobacterium shandongense	1493872	S	33	24	57	0.00000
Chryseobacterium arthrosphaerae	651561	S	32	20	52	0.00000
Chryseobacterium gallinarum	1324352	S	30	13	43	0.00000
Chryseobacterium carnipullorum	1124835	S	29	13	42	0.00000
Chryseobacterium lactis	1241981	S	28	33	61	0.00000
Chryseobacterium aureum	2497456	S	27	8	35	0.00000
Chryseobacterium nepalense	1854498	S	22	4	26	0.00000
Chryseobacterium piperi	558152	S	20	3	23	0.00000
Chryseobacterium cucumeris	1813611	S	15	11	26	0.00000
Chryseobacterium manosquense	2754694	S	15	13	28	0.00000
Chryseobacterium glaciei	1685010	S	14	4	18	0.00000
Chryseobacterium balustinum	246	S	13	6	19	0.00000
Chryseobacterium joostei	112234	S	13	6	19	0.00000
Kaistella sp. 97-N-M2	2908645	S	53	7	60	0.00000
Kaistella sp. GW4-15	2878534	S	19	2	21	0.00000
Kaistella daneshvariae	2487074	S	51	5	56	0.00000
Kaistella jeonii	266749	S	42	3	45	0.00000
Kaistella antarctica	266748	S	31	3	34	0.00000
Candidatus Kaistella beijingensis	2820270	S	28	11	39	0.00000
Kaistella flava (ex Peng et al. 2021)	2038776	S	18	3	21	0.00000
Kaistella carnis	1241979	S	15	4	19	0.00000
Epilithonimonas zeae	1416779	S	22	3	25	0.00000
Epilithonimonas vandammei	2487072	S	21	37	58	0.00000
Elizabethkingia anophelis	1117645	S	23	39	62	0.00000
Elizabethkingia meningoseptica	238	S	18	1	19	0.00000
Elizabethkingia miricola	172045	S	17	15	32	0.00000
Cruoricaptor ignavus	1118202	S	70	11	81	0.00001
Empedobacter falsenii	343874	S	23	20	43	0.00000
Empedobacter brevis	247	S	21	10	31	0.00000
Ornithobacterium rhinotracheale	28251	S	32	25	57	0.00000
Cloacibacterium caeni	2004710	S	13	17	30	0.00000
Cloacibacterium normanense	237258	S	10	8	18	0.00000
Bergeyella cardium	1585976	S	22	5	27	0.00000
Riemerella anatipestifer	34085	S	20	33	53	0.00000
Weeksella virosa	1014	S	15	7	22	0.00000
Faecalibacter bovis	2898187	S	11	2	13	0.00000
Blattabacterium cuenoti	1653831	S	99	46	145	0.00001
Croceimicrobium hydrocarbonivorans	2761580	S	42	9	51	0.00000
Owenweeksia hongkongensis	253245	S	35	3	38	0.00000
Fluviicola taffensis	191579	S	51	3	54	0.00000
Crocinitomix sp. GM2_3_6_6	2862509	S	29	1	30	0.00000
Candidatus Sulcia muelleri	336810	S	20	6	26	0.00000
Candidatus Walczuchella monophlebidarum	1415657	S	11	2	13	0.00000
Mucilaginibacter sp. 14171R-50	2703789	S	151	7	158	0.00001
Mucilaginibacter sp. SMC90	2929803	S	127	7	134	0.00001
Mucilaginibacter sp. F39-2	2728022	S	69	4	73	0.00000
Mucilaginibacter sp. 21P	2778902	S	61	3	64	0.00000
Mucilaginibacter mali	2740462	S	220	7	227	0.00001
Mucilaginibacter daejeonensis	398049	S	207	12	219	0.00001
Mucilaginibacter ginsenosidivorans	398053	S	199	6	205	0.00001
Mucilaginibacter gotjawali	1550579	S	161	4	165	0.00001
Mucilaginibacter paludis	423351	S	139	6	145	0.00001
Mucilaginibacter celer	2305508	S	133	5	138	0.00001
Mucilaginibacter ginsenosidivorax	862126	S	107	4	111	0.00001
Mucilaginibacter ginkgonis	2682091	S	105	4	109	0.00001
Mucilaginibacter xinganensis	1234841	S	97	4	101	0.00001
Mucilaginibacter mallensis	652787	S	92	3	95	0.00001
Mucilaginibacter rubeus	2027860	S	91	240	331	0.00002
Mucilaginibacter gossypii	551996	S	64	52	116	0.00001
Pedobacter sp. PACM 27299	1727164	S	61	9	70	0.00000
Pedobacter sp. KBS0701	2578106	S	57	15	72	0.00000
Pedobacter sp. HDW13	2714940	S	55	6	61	0.00000
Pedobacter sp. SW-16	2766984	S	42	6	48	0.00000
Pedobacter sp. Q8-18	2895286	S	36	2	38	0.00000
Pedobacter sp. D749	2856523	S	33	8	41	0.00000
Pedobacter sp. G11	2482728	S	28	3	31	0.00000
Pedobacter endophyticus	2789740	S	88	8	96	0.00001
Pedobacter heparinus	984	S	82	7	89	0.00001
Pedobacter schmidteae	2201271	S	66	5	71	0.00000
Pedobacter roseus	336820	S	45	12	57	0.00000
Pedobacter cryoconitis	188932	S	36	3	39	0.00000
Pedobacter suwonensis	332999	S	36	7	43	0.00000
Pedobacter aquae	2605747	S	35	3	38	0.00000
Pedobacter steynii	430522	S	34	3	37	0.00000
Pedobacter ginsengisoli	363852	S	30	3	33	0.00000
Sphingobacterium sp. DR205	2713573	S	70	7	77	0.00001
Sphingobacterium sp. CZ-2	2557994	S	47	12	59	0.00000
Sphingobacterium sp. UDSM-2020	2795738	S	25	8	33	0.00000
Sphingobacterium sp. dk4302	2662364	S	17	1	18	0.00000
Sphingobacterium sp. SRCM116780	2907623	S	15	2	17	0.00000
Sphingobacterium sp. ML3W	1538644	S	14	5	19	0.00000
Sphingobacterium sp. PCS056	2931400	S	12	2	14	0.00000
Sphingobacterium thalpophilum	259	S	120	126	246	0.00002
Sphingobacterium spiritivorum	258	S	99	65	164	0.00001
Sphingobacterium lactis	797291	S	54	43	97	0.00001
Sphingobacterium hotanense	649196	S	41	12	53	0.00000
Sphingobacterium psychroaquaticum	561061	S	37	7	44	0.00000
Sphingobacterium multivorum	28454	S	35	77	112	0.00001
Sphingobacterium daejeonense	371142	S	32	8	40	0.00000
Sphingobacterium mizutaii	1010	S	20	2	22	0.00000
Sphingobacterium paramultivorum	2886510	S	10	11	21	0.00000
Anseongella ginsenosidimutans	496056	S	203	8	211	0.00001
Olivibacter sp. LS-1	2592345	S	85	4	89	0.00001
Olivibacter sp. SDN3	2764720	S	51	6	57	0.00000
Solitalea sp. S2-8	2911172	S	68	9	77	0.00001
Solitalea canadensis	995	S	47	4	51	0.00000
Pseudopedobacter saltans	151895	S	44	33	77	0.00001
Haliscomenobacter hydrossis	2350	S	301	4	305	0.00002
Saprospira grandis	1008	S	52	1	53	0.00000
Candidatus Sulfidibacterium hydrothermale	2875962	S	77	2	79	0.00001
Chlorobaculum limnaeum	274537	S	950	167	1117	0.00007
Chlorobaculum tepidum	1097	S	566	171	737	0.00005
Chlorobaculum parvum	274539	S	542	111	653	0.00004
Pelodictyon luteolum	1100	S	534	98	632	0.00004
Pelodictyon phaeoclathratiforme	34090	S	95	6	101	0.00001
Chlorobium limicola	1092	S	260	20	280	0.00002
Chlorobium phaeovibrioides	1094	S	103	24	127	0.00001
Chlorobium phaeobacteroides	1096	S	103	13	116	0.00001
Prosthecochloris sp. GSB1	281093	S	450	38	488	0.00003
Prosthecochloris sp. HL-130-GSB	1974213	S	148	34	182	0.00001
Prosthecochloris sp. CIB 2401	1868325	S	138	43	181	0.00001
Prosthecochloris aestuarii	1102	S	164	19	183	0.00001
Chloroherpeton thalassium	100716	S	268	6	274	0.00002
Candidatus Cyclonatronum proteinivorum	1457365	S	303	35	338	0.00002
Melioribacter roseus	1134405	S	156	14	170	0.00001
Ignavibacterium album	591197	S	84	9	93	0.00001
Gemmatirosa kalamazoonesis	861299	S	73512	8302	81814	0.00535
Gemmatimonas groenlandica	2732249	S	9141	1193	10334	0.00068
Gemmatimonas aurantiaca	173480	S	6799	797	7596	0.00050
Gemmatimonas phototrophica	1379270	S	5631	889	6520	0.00043
Fibrobacter succinogenes	833	S	185	4	189	0.00001
Candidatus Cloacimonas acidaminovorans	456827	S	82	2	84	0.00001
Luteitalea sp. TBR-22	2802971	S	43576	8940	52516	0.00343
Luteitalea pratensis	1855912	S	39227	5120	44347	0.00290
Granulicella sp. WH15	2602070	S	3199	641	3840	0.00025
Granulicella sp. 5B5	1617967	S	2473	444	2917	0.00019
Granulicella mallensis	940614	S	2274	299	2573	0.00017
Granulicella tundricola	940615	S	1776	256	2032	0.00013
Terriglobus roseus	392734	S	2850	699	3549	0.00023
Terriglobus albidus	1592106	S	2263	247	2510	0.00016
Terriglobus saanensis	870903	S	1398	209	1607	0.00011
Acidobacterium capsulatum	33075	S	2703	385	3088	0.00020
Acidobacterium sp. 4Y35	2763107	S	2489	198	2687	0.00018
Candidatus Koribacter versatilis	658062	S	4131	162	4293	0.00028
Edaphobacter sp. 12200R-103	2703788	S	1851	345	2196	0.00014
Edaphobacter sp. 4G125	2763071	S	1030	163	1193	0.00008
Acidisarcina polymorpha	2211140	S	1886	152	2038	0.00013
Paludibaculum fermentans	1473598	S	8953	324	9277	0.00061
Chloracidobacterium aggregatum	2851959	S	1490	1144	2634	0.00017
Chloracidobacterium validum	2821543	S	1229	28	1257	0.00008
Chloracidobacterium sp. D	2821536	S	126	338	464	0.00003
Chloracidobacterium thermophilum	458033	S	107	790	897	0.00006
Sulfidibacter corallicola	2818388	S	2742	75	2817	0.00018
Thermotomaculum hydrothermale	981385	S	125	8	133	0.00001
Nitrospira moscoviensis	42253	S	6659	630	7289	0.00048
Nitrospira japonica	1325564	S	4048	510	4558	0.00030
Nitrospira sp. KM1	1936990	S	3282	321	3603	0.00024
Candidatus Nitrospira inopinata	1715989	S	2472	230	2702	0.00018
Leptospirillum ferrooxidans	180	S	148	3	151	0.00001
Leptospirillum sp. Group II 'CF-1'	1660083	S	69	145	214	0.00001
Leptospirillum ferriphilum	178606	S	60	116	176	0.00001
Thermodesulfovibrio yellowstonii	28262	S	173	6	179	0.00001
Dissulfurispira thermophila	2715679	S	108	9	117	0.00001
Treponema brennaborense	81028	S	193	81	274	0.00002
Treponema azotonutricium	150829	S	143	6	149	0.00001
Treponema primitia	88058	S	116	6	122	0.00001
Treponema sp. Marseille-Q4132	2766701	S	62	34	96	0.00001
Treponema sp. OMZ 838	1539298	S	22	26	48	0.00000
Treponema caldarium	215591	S	82	10	92	0.00001
Treponema socranskii	53419	S	69	38	107	0.00001
Treponema parvum	138851	S	60	3	63	0.00000
Treponema medium	58231	S	47	69	116	0.00001
Treponema vincentii	69710	S	44	53	97	0.00001
Treponema succinifaciens	167	S	41	39	80	0.00001
Treponema peruense	2787628	S	32	5	37	0.00000
Treponema pedis	409322	S	27	6	33	0.00000
Treponema denticola	158	S	21	3	24	0.00000
Treponema phagedenis	162	S	18	9	27	0.00000
Spirochaeta thermophila	154	S	624	18	642	0.00004
Spirochaeta africana	46355	S	247	14	261	0.00002
Salinispira pacifica	1307761	S	102	3	105	0.00001
Sediminispirochaeta smaragdinae	55206	S	90	3	93	0.00001
Oceanispirochaeta crateris	2518645	S	35	2	37	0.00000
Thiospirochaeta perfilievii	252967	S	14	1	15	0.00000
Sphaerochaeta associata	1129264	S	110	14	124	0.00001
Sphaerochaeta coccoides	273376	S	96	5	101	0.00001
Sphaerochaeta globosa	1131703	S	66	9	75	0.00000
Sphaerochaeta pleomorpha	1131707	S	41	7	48	0.00000
Breznakiella homolactica	2798577	S	214	18	232	0.00002
Borrelia puertoricensis	2756107	S	10	90	100	0.00001
Leptospira santarosai	28183	S	106	31	137	0.00001
Leptospira kmetyi	408139	S	97	11	108	0.00001
Leptospira weilii	28184	S	60	38	98	0.00001
Leptospira tipperaryensis	2564040	S	48	3	51	0.00000
Leptospira noguchii	28182	S	33	14	47	0.00000
Leptospira mayottensis	1137606	S	33	25	58	0.00000
Leptospira kobayashii	1917830	S	27	0	27	0.00000
Leptospira borgpetersenii	174	S	21	14	35	0.00000
Leptospira biflexa	172	S	12	0	12	0.00000
Turneriella parva	29510	S	357	4	361	0.00002
Pyramidobacter piscolens	638849	S	811	68	879	0.00006
Fretibacterium fastidiosum	651822	S	710	13	723	0.00005
Aminomonas paucivorans	81412	S	673	104	777	0.00005
Thermanaerovibrio acidaminovorans	81462	S	330	142	472	0.00003
Thermanaerovibrio velox	108007	S	184	49	233	0.00002
Cloacibacillus porcorum	1197717	S	501	132	633	0.00004
Jonquetella anthropi	428712	S	359	71	430	0.00003
Acetomicrobium mobile	97477	S	140	5	145	0.00001
Aminobacterium colombiense	81468	S	79	6	85	0.00001
Thermovirga lienii	336261	S	63	67	130	0.00001
Thermotoga caldifontis	1508419	S	137	27	164	0.00001
Thermotoga sp. RQ7	126738	S	11	74	85	0.00001
Thermotoga sp. 2812B	1157948	S	10	33	43	0.00000
Thermotoga petrophila	93929	S	17	116	133	0.00001
Thermotoga profunda	1508420	S	17	2	19	0.00000
Pseudothermotoga hypogea	57487	S	61	37	98	0.00001
Pseudothermotoga thermarum	119394	S	21	8	29	0.00000
Fervidobacterium pennivorans	93466	S	28	84	112	0.00001
Thermosipho ferrireducens	2571116	S	20	10	30	0.00000
Kosmotoga pacifica	1330330	S	32	70	102	0.00001
Kosmotoga olearia	651457	S	25	52	77	0.00001
Mesotoga infera	1236046	S	84	19	103	0.00001
Mesotoga prima	1184387	S	26	6	32	0.00000
Athalassotoga saccharophila	1441386	S	94	4	98	0.00001
Defluviitoga tunisiensis	1006576	S	16	34	50	0.00000
Tepiditoga spiralis	2108365	S	15	5	20	0.00000
Petrotoga mobilis	69499	S	12	15	27	0.00000
Candidatus Bipolaricaulis anaerobius	2026885	S	877	47	924	0.00006
Candidatus Nanosynbacter featherlites	2572088	S	20	10	30	0.00000
Candidatus Nanosynbacter lyticus	2093824	S	17	44	61	0.00000
Nanosynbacter sp. HMT-352	2899133	S	17	48	65	0.00000
Candidatus Saccharimonas aalborgensis	1332188	S	52	0	52	0.00000
Candidatus Babela massiliensis	673862	S	72	1	73	0.00000
Candidatus Chazhemtobacterium aquaticus	2715735	S	47	0	47	0.00000
Candidatus Absconditicoccus praedator	2735562	S	37	0	37	0.00000
Thermocrinis minervae	381751	S	130	12	142	0.00001
Thermocrinis albus	136094	S	20	1	21	0.00000
Thermocrinis ruber	75906	S	17	1	18	0.00000
Hydrogenobacter sp. T-8	1632019	S	83	18	101	0.00001
Hydrogenobacter thermophilus	940	S	22	6	28	0.00000
Aquifex aeolicus	63363	S	64	2	66	0.00000
Sulfurihydrogenibium azorense	309806	S	91	13	104	0.00001
Persephonella marina	309805	S	80	5	85	0.00001
Thermosulfidibacter takaii	412593	S	140	6	146	0.00001
Thermovibrio ammonificans	228745	S	111	34	145	0.00001
Desulfurobacterium thermolithotrophum	64160	S	41	10	51	0.00000
Thermosulfurimonas marina	2047767	S	279	43	322	0.00002
Thermosulfuriphilus ammonigenes	1936021	S	184	9	193	0.00001
Thermodesulfobacterium commune	1741	S	39	23	62	0.00000
Thermodesulfobacterium geofontis	1295609	S	17	8	25	0.00000
Thermodesulfobacterium sp. TA1	2234087	S	13	6	19	0.00000
Thermodesulfatator indicus	171695	S	77	12	89	0.00001
Caldimicrobium thiodismutans	1653476	S	41	8	49	0.00000
Caldithrix abyssi	187145	S	427	5	432	0.00003
Geovibrio thiophilus	139438	S	88	16	104	0.00001
Flexistipes sinusarabici	2352	S	79	9	88	0.00001
Deferribacter desulfuricans	197162	S	61	11	72	0.00000
Denitrovibrio acetiphilus	118000	S	53	6	59	0.00000
Mucispirillum schaedleri	248039	S	51	6	57	0.00000
Calditerrivibrio nitroreducens	477976	S	44	6	50	0.00000
Desulfurispirillum indicum	936456	S	377	215	592	0.00004
Leptotrichia sp. oral taxon 212	712357	S	10	58	68	0.00000
Pseudoleptotrichia goodfellowii	157692	S	33	5	38	0.00000
Sebaldella termitidis	826	S	18	1	19	0.00000
Fusobacterium ulcerans	861	S	30	6	36	0.00000
Fusobacterium gonidiaformans	849	S	14	7	21	0.00000
Fusobacterium nucleatum	851	S	14	41	55	0.00000
Cetobacterium somerae	188913	S	11	2	13	0.00000
Elusimicrobium minutum	423605	S	137	1	138	0.00001
Endomicrobium proavitum	1408281	S	51	27	78	0.00001
Candidatus Endomicrobium trichonymphae	1408204	S	20	10	30	0.00000
Coprothermobacter proteolyticus	35786	S	149	39	188	0.00001
Dictyoglomus thermophilum	14	S	13	120	133	0.00001
Caldisericum exile	693075	S	114	0	114	0.00001
Atribacter laminatus	2847778	S	109	3	112	0.00001
Fusarium sambucinum	5128	S	2259	360	2619	0.00017
Fusarium poae	36050	S	105	24	129	0.00001
Fusarium longipes	694270	S	97	3	100	0.00001
Fusarium sporotrichioides	5514	S	90	3	93	0.00001
Fusarium pseudograminearum	101028	S	80	8	88	0.00001
Fusarium venenatum	56646	S	68	95	163	0.00001
Fusarium graminearum	5518	S	42	100	142	0.00001
Fusarium culmorum	5516	S	35	7	42	0.00000
Fusarium acuminatum	5515	S	2411	154	2565	0.00017
Fusarium avenaceum	40199	S	85	4	89	0.00001
Fusarium oxysporum	5507	S	1180	454	1634	0.00011
Fusarium nygamai	42673	S	586	152	738	0.00005
Fusarium fujikuroi	5127	S	96	8	104	0.00001
Fusarium thapsinum	120644	S	72	13	85	0.00001
Fusarium pseudonygamai	47755	S	67	13	80	0.00001
Fusarium verticillioides	117187	S	27	39	66	0.00000
Fusarium decemcellulare	57161	S	418	8	426	0.00003
Fusarium graminum	86546	S	125	18	143	0.00001
Fusarium heterosporum	42747	S	111	16	127	0.00001
Fusarium equiseti	61235	S	84	27	111	0.00001
Fusarium scirpi	2211609	S	70	20	90	0.00001
Fusarium lateritium	5523	S	188	5	193	0.00001
Fusarium chlamydosporum	86545	S	83	16	99	0.00001
Fusarium nelsonii	77846	S	71	14	85	0.00001
Fusarium dimerum	57145	S	172	4	176	0.00001
Fusarium musae	1042133	S	30	42	72	0.00000
Trichoderma asperellum	101201	S	454	37	491	0.00003
Trichoderma citrinoviride	58853	S	331	41	372	0.00002
Trichoderma reesei	51453	S	313	30	343	0.00002
Trichoderma erinaceum	202914	S	275	48	323	0.00002
Trichoderma pleuroti	500994	S	207	24	231	0.00002
Trichoderma afroharzianum	1567482	S	192	48	240	0.00002
Trichoderma atroviride	63577	S	164	42	206	0.00001
Trichoderma hamatum	49224	S	158	13	171	0.00001
Trichoderma gamsii	398673	S	131	21	152	0.00001
Trichoderma koningiopsis	337941	S	114	19	133	0.00001
Trichoderma harzianum	5544	S	93	23	116	0.00001
Trichoderma virens	29875	S	31	396	427	0.00003
Trichoderma longibrachiatum	5548	S	21	263	284	0.00002
Trichoderma koningii	97093	S	17	206	223	0.00001
Beauveria felina	37994	S	642	33	675	0.00004
Beauveria pseudobassiana	931006	S	504	84	588	0.00004
Beauveria brongniartii	118266	S	209	59	268	0.00002
Beauveria rudraprayagi	1481906	S	143	203	346	0.00002
Beauveria bassiana	176275	S	113	169	282	0.00002
Cordyceps fumosorosea	114497	S	976	64	1040	0.00007
Metarhizium album	92629	S	448	14	462	0.00003
Metarhizium rileyi	1649241	S	334	49	383	0.00003
Metarhizium acridum	92637	S	219	133	352	0.00002
Metarhizium guizhouense	169041	S	218	143	361	0.00002
Metarhizium anisopliae	5530	S	111	182	293	0.00002
Metarhizium majus	1650735	S	104	57	161	0.00001
Metarhizium brunneum	500148	S	93	96	189	0.00001
Metarhizium humberi	2596975	S	75	57	132	0.00001
Metarhizium robertsii	568076	S	63	56	119	0.00001
Ustilaginoidea virens	1159556	S	715	33	748	0.00005
Pochonia chlamydosporia	280754	S	190	10	200	0.00001
Purpureocillium lilacinum	33203	S	1100	78	1178	0.00008
Drechmeria coniospora	98403	S	808	37	845	0.00006
Clonostachys rosea	29856	S	400	28	428	0.00003
Colletotrichum higginsianum	80884	S	1176	229	1405	0.00009
Thermothielavioides terrestris	2587410	S	1632	113	1745	0.00011
Thermothelomyces thermophilus	78579	S	1397	71	1468	0.00010
Neurospora crassa	5141	S	386	18	404	0.00003
Pyricularia oryzae	318829	S	387	93	480	0.00003
Pyricularia pennisetigena	1578925	S	372	52	424	0.00003
Pyricularia grisea	148305	S	282	38	320	0.00002
Neopestalotiopsis rosae	1562205	S	160	140	300	0.00002
Neopestalotiopsis clavispora	289240	S	140	133	273	0.00002
Botrytis cinerea	40559	S	174	1	175	0.00001
Aspergillus chevalieri	182096	S	1520	147	1667	0.00011
Aspergillus oryzae	5062	S	163	478	641	0.00004
Aspergillus flavus	5059	S	114	361	475	0.00003
Aspergillus luchuensis	1069201	S	714	51	765	0.00005
Aspergillus puulaauensis	1220207	S	221	8	229	0.00002
Aspergillus fumigatus	746128	S	213	11	224	0.00001
Penicillium citrinum	5077	S	196	22	218	0.00001
Penicillium aurantiogriseum	36655	S	165	46	211	0.00001
Penicillium chrysogenum	5076	S	165	26	191	0.00001
Penicillium expansum	27334	S	126	41	167	0.00001
Penicillium italicum	40296	S	101	30	131	0.00001
Penicillium digitatum	36651	S	81	13	94	0.00001
Paecilomyces niveus	5093	S	146	8	154	0.00001
Paecilomyces variotii	264951	S	129	14	143	0.00001
Talaromyces rugulosus	121627	S	186	10	196	0.00001
Paraphaeosphaeria minitans	565426	S	390	122	512	0.00003
Ampelomyces quisqualis	50730	S	242	23	265	0.00002
Zymoseptoria tritici	1047171	S	220	3	223	0.00001
Cercospora beticola	122368	S	157	0	157	0.00001
Eremothecium gossypii	33169	S	163	121	284	0.00002
Eremothecium cymbalariae	45285	S	19	0	19	0.00000
Lachancea thermotolerans	381046	S	67	3	70	0.00000
Saccharomyces eubayanus	1080349	S	28	0	28	0.00000
Saccharomyces cerevisiae	4932	S	17	2	19	0.00000
Saccharomyces paradoxus	27291	S	13	0	13	0.00000
Kazachstania naganishii	588726	S	49	1	50	0.00000
Naumovozyma castellii	27288	S	31	2	33	0.00000
Naumovozyma dairenensis	27289	S	24	1	25	0.00000
Kluyveromyces marxianus	4911	S	34	6	40	0.00000
Kluyveromyces lactis	28985	S	14	1	15	0.00000
[Candida] glabrata	5478	S	44	1	45	0.00000
Tetrapisispora blattae	1071379	S	28	1	29	0.00000
Tetrapisispora phaffii	113608	S	12	0	12	0.00000
Torulaspora globosa	48254	S	30	1	31	0.00000
Zygosaccharomyces rouxii	4956	S	25	1	26	0.00000
Zygotorulaspora mrakii	42260	S	20	2	22	0.00000
Candida dubliniensis	42374	S	42	0	42	0.00000
Candida albicans	5476	S	22	0	22	0.00000
Candida orthopsilosis	273371	S	22	0	22	0.00000
Scheffersomyces stipitis	4924	S	22	0	22	0.00000
Debaryomyces hansenii	4959	S	17	0	17	0.00000
Brettanomyces nanus	13502	S	29	3	32	0.00000
Brettanomyces bruxellensis	5007	S	20	1	21	0.00000
Ogataea parapolymorpha	1005962	S	40	0	40	0.00000
Pichia kudriavzevii	4909	S	21	0	21	0.00000
Yarrowia lipolytica	4952	S	101	0	101	0.00001
Sugiyamaella lignohabitans	796027	S	65	5	70	0.00000
Saccharomycodes ludwigii	36035	S	19	2	21	0.00000
Komagataella phaffii	460519	S	12	0	12	0.00000
Schizosaccharomyces pombe	4896	S	36	0	36	0.00000
Pseudozyma flocculosa	84751	S	1628	13	1641	0.00011
Ustilago maydis	5270	S	394	8	402	0.00003
Sporisorium graminicola	280036	S	339	43	382	0.00003
Malassezia restricta	76775	S	157	22	179	0.00001
Phlebiopsis gigantea	82310	S	423	4	427	0.00003
Rhizoctonia solani	456999	S	76	3	79	0.00001
Marasmius oreades	181124	S	60	2	62	0.00000
Cryptococcus neoformans	5207	S	96	4	100	0.00001
Cryptococcus gattii VGI	37769	S	38	25	63	0.00000
Phytophthora cryptogea	4786	S	1909	120	2029	0.00013
Phytophthora cinnamomi	4785	S	943	119	1062	0.00007
Phytophthora fragariae	53985	S	776	83	859	0.00006
Phytophthora infestans	4787	S	333	508	841	0.00006
Phytophthora cactorum	29920	S	267	30	297	0.00002
Phytophthora boehmeriae	109152	S	244	22	266	0.00002
Phytophthora parasitica	4792	S	172	17	189	0.00001
Pythium aphanidermatum	65070	S	388	9	397	0.00003
