name	taxonomy_id	taxonomy_lvl	kraken_assigned_reads	added_reads	new_est_reads	fraction_total_reads
Bradyrhizobium sp. 200	2782665	S	28395	6710	35105	0.00260
Bradyrhizobium sp. 170	2782641	S	26027	7108	33135	0.00245
Bradyrhizobium sp. CCBAU 051011	858422	S	24369	4990	29359	0.00217
Bradyrhizobium sp. CCBAU 51753	1325100	S	11345	2667	14012	0.00104
Bradyrhizobium sp. A19	2898149	S	8507	1621	10128	0.00075
Bradyrhizobium sp. ORS 278	114615	S	8093	2019	10112	0.00075
Bradyrhizobium sp. ORS 285	115808	S	7977	1956	9933	0.00074
Bradyrhizobium sp. BTAi1	288000	S	7910	1580	9490	0.00070
Bradyrhizobium sp. SK17	2057741	S	7384	2613	9997	0.00074
Bradyrhizobium sp. CCGE-LA001	1223566	S	6675	2656	9331	0.00069
Bradyrhizobium sp. 186	2782654	S	6230	1790	8020	0.00059
Bradyrhizobium sp. CCBAU 53421	1325120	S	5860	1959	7819	0.00058
Bradyrhizobium sp. 1(2017)	1404888	S	5237	1750	6987	0.00052
Bradyrhizobium sp. 195	2782662	S	4801	1833	6634	0.00049
Bradyrhizobium sp. CCBAU 53351	1325114	S	4729	2537	7266	0.00054
Bradyrhizobium sp. CCBAU 53338	1325111	S	4681	2036	6717	0.00050
Bradyrhizobium sp. CCBAU 53340	1325112	S	4606	1902	6508	0.00048
Bradyrhizobium sp. S2-11-2	2840472	S	4462	3584	8046	0.00060
Bradyrhizobium sp. 6(2017)	1197460	S	4353	2264	6617	0.00049
Bradyrhizobium sp. 191	2782659	S	4043	4201	8244	0.00061
Bradyrhizobium sp. S2-20-1	2840469	S	3783	3226	7009	0.00052
Bradyrhizobium sp. S2-11-4	2840473	S	3686	3457	7143	0.00053
Bradyrhizobium sp. 41S5	1404443	S	3404	2447	5851	0.00043
Bradyrhizobium sp. I71	2590772	S	3285	3023	6308	0.00047
Bradyrhizobium sp. CCBAU 51765	1325102	S	3190	3060	6250	0.00046
Bradyrhizobium sp. C-145	574727	S	1806	1891	3697	0.00027
Bradyrhizobium sp.	376	S	1438	4971	6409	0.00047
Bradyrhizobium sp. 40	2782674	S	1202	2830	4032	0.00030
Bradyrhizobium sp. 144S4	2823807	S	1176	3046	4222	0.00031
Bradyrhizobium sp. 4	2782678	S	1113	2938	4051	0.00030
Bradyrhizobium sp. 323S2	1404649	S	1055	2790	3845	0.00028
Bradyrhizobium sp. 192	2782660	S	863	2195	3058	0.00023
Bradyrhizobium sp. LCT2	2493093	S	667	1964	2631	0.00019
Bradyrhizobium sp. SG09	2599805	S	419	3134	3553	0.00026
Bradyrhizobium sp. 187	2782655	S	397	2015	2412	0.00018
Bradyrhizobium sp. TM102	2599819	S	385	2750	3135	0.00023
Bradyrhizobium sp. CW1	2782686	S	239	3788	4027	0.00030
Bradyrhizobium sp. 1S5	2816456	S	199	2292	2491	0.00018
Bradyrhizobium sp. 172	2782643	S	197	2456	2653	0.00020
Bradyrhizobium sp. 131	2782609	S	184	3078	3262	0.00024
Bradyrhizobium sp. 38S5	2819348	S	177	2215	2392	0.00018
Bradyrhizobium sp. 155	2782629	S	147	2712	2859	0.00021
Bradyrhizobium sp. CCBAU 21365	1325083	S	17	868	885	0.00007
Bradyrhizobium erythrophlei	1437360	S	28321	2542	30863	0.00229
Bradyrhizobium paxllaeri	190148	S	21293	4278	25571	0.00189
Bradyrhizobium icense	1274631	S	21129	3292	24421	0.00181
Bradyrhizobium diazoefficiens	1355477	S	19511	33933	53444	0.00396
Bradyrhizobium lablabi	722472	S	9501	11387	20888	0.00155
Bradyrhizobium genosp. L	83637	S	7899	1739	9638	0.00071
Bradyrhizobium canariense	255045	S	7864	13031	20895	0.00155
Bradyrhizobium japonicum	375	S	7332	11499	18831	0.00139
Bradyrhizobium oligotrophicum	44255	S	6973	1348	8321	0.00062
Bradyrhizobium arachidis	858423	S	5886	1813	7699	0.00057
Bradyrhizobium quebecense	2748629	S	4804	2894	7698	0.00057
Bradyrhizobium vignae	1549949	S	4550	1162	5712	0.00042
Bradyrhizobium genosp. B	83627	S	4549	1055	5604	0.00042
Bradyrhizobium cosmicum	1404864	S	4514	1579	6093	0.00045
Bradyrhizobium guangdongense	1325090	S	4437	1757	6194	0.00046
Bradyrhizobium guangzhouense	1325095	S	4096	1664	5760	0.00043
Bradyrhizobium septentrionale	1404411	S	4083	2651	6734	0.00050
Bradyrhizobium guangxiense	1325115	S	4053	1882	5935	0.00044
Bradyrhizobium daqingense	993502	S	3664	2118	5782	0.00043
Bradyrhizobium amphicarpaeae	1404768	S	2865	1276	4141	0.00031
Bradyrhizobium symbiodeficiens	1404367	S	2639	4183	6822	0.00051
Bradyrhizobium betae	244734	S	2539	1533	4072	0.00030
Bradyrhizobium zhanjiangense	1325107	S	1868	1973	3841	0.00028
Bradyrhizobium elkanii	29448	S	1307	5039	6346	0.00047
Bradyrhizobium ottawaense	931866	S	1027	6659	7686	0.00057
Rhodopseudomonas palustris	1076	S	26316	10013	36329	0.00269
Rhodopseudomonas sp. SK50-23	340268	S	3698	811	4509	0.00033
Rhodopseudomonas boonkerdii	475937	S	3678	1019	4697	0.00035
Tardiphaga sp. 37S4	1404741	S	1955	1529	3484	0.00026
Tardiphaga sp. vice154	2592814	S	141	2598	2739	0.00020
Tardiphaga sp. vice278	2592815	S	60	1740	1800	0.00013
Tardiphaga sp. vice304	2592817	S	56	1265	1321	0.00010
Tardiphaga sp. vice352	2592816	S	18	650	668	0.00005
Tardiphaga robiniae	943830	S	2064	1439	3503	0.00026
Afipia carboxidovorans	40137	S	4789	1000	5789	0.00043
Afipia sp. GAS231	1882747	S	4150	2913	7063	0.00052
Variibacter gotjawalensis	1333996	S	8526	769	9295	0.00069
Nitrobacter hamburgensis	912	S	4504	851	5355	0.00040
Nitrobacter winogradskyi	913	S	3413	657	4070	0.00030
Rhizobium sp. WYJ-E13	2849093	S	2632	376	3008	0.00022
Rhizobium sp. BG4	2613770	S	2540	549	3089	0.00023
Rhizobium sp. NXC24	2048897	S	2180	350	2530	0.00019
Rhizobium sp. SL42	2806346	S	1696	348	2044	0.00015
Rhizobium sp. WL3	2603277	S	1651	354	2005	0.00015
Rhizobium sp. ACO-34A	1571470	S	1630	387	2017	0.00015
Rhizobium sp. 11515TR	2028343	S	1441	342	1783	0.00013
Rhizobium sp. AB2/73	2795216	S	1363	743	2106	0.00016
Rhizobium sp. NZLR1	2731096	S	1294	462	1756	0.00013
Rhizobium sp. NXC14	1981173	S	1151	480	1631	0.00012
Rhizobium sp. CIAT894	2020312	S	1123	507	1630	0.00012
Rhizobium sp. NLR16a	2731112	S	1103	493	1596	0.00012
Rhizobium sp. K102	2918527	S	1037	713	1750	0.00013
Rhizobium sp. C104	2917727	S	962	531	1493	0.00011
Rhizobium sp. L51/94	2819999	S	759	862	1621	0.00012
Rhizobium sp. IE4771	1301032	S	707	1398	2105	0.00016
Rhizobium sp. 007	2785056	S	553	991	1544	0.00011
Rhizobium sp. Kim5	2020311	S	500	1077	1577	0.00012
Rhizobium sp. X9	2815360	S	493	1122	1615	0.00012
Rhizobium sp. TAL182	2020313	S	277	779	1056	0.00008
Rhizobium sp. NIBRBAC000502774	2590777	S	188	841	1029	0.00008
Rhizobium sp. ZX09	2291939	S	126	570	696	0.00005
Rhizobium sp. B230/85	2819994	S	96	904	1000	0.00007
Rhizobium sp. Y9	1914541	S	77	294	371	0.00003
Rhizobium sp. CCGE531	2364271	S	50	1563	1613	0.00012
Rhizobium sp. T136	555319	S	41	1168	1209	0.00009
Rhizobium sp. N324	1703969	S	40	745	785	0.00006
Rhizobium sp. B21/90	2819993	S	35	1072	1107	0.00008
Rhizobium sp. CCGE532	2364272	S	21	1387	1408	0.00010
Rhizobium leguminosarum	384	S	11797	16009	27806	0.00206
Rhizobium etli	29449	S	3870	5214	9084	0.00067
Rhizobium jaguaris	1312183	S	2339	334	2673	0.00020
Rhizobium pseudoryzae	379684	S	2188	528	2716	0.00020
Rhizobium gallicum	56730	S	2185	2882	5067	0.00038
Rhizobium phaseoli	396	S	2044	4286	6330	0.00047
Rhizobium bangladeshense	1138189	S	1682	438	2120	0.00016
Rhizobium lentis	1138194	S	1441	482	1923	0.00014
Rhizobium tropici	398	S	1421	405	1826	0.00014
Rhizobium rosettiformans	1368430	S	1265	645	1910	0.00014
Rhizobium daejeonense	240521	S	1211	461	1672	0.00012
Rhizobium binae	1138190	S	1177	465	1642	0.00012
Rhizobium rhizoryzae	451876	S	1062	166	1228	0.00009
Rhizobium indicum	2583231	S	886	803	1689	0.00013
Rhizobium acidisoli	1538158	S	685	584	1269	0.00009
Rhizobium pusense	648995	S	678	2752	3430	0.00025
Rhizobium oryzihabitans	2267833	S	379	541	920	0.00007
Rhizobium laguerreae	1076926	S	322	564	886	0.00007
Rhizobium hidalgonense	1538159	S	267	624	891	0.00007
Rhizobium ruizarguesonis	2081791	S	240	1790	2030	0.00015
Rhizobium favelukesii	348824	S	20	683	703	0.00005
Agrobacterium tumefaciens	358	S	5603	5676	11279	0.00084
Agrobacterium fabrum	1176649	S	632	840	1472	0.00011
Agrobacterium fabacearum	1183401	S	139	1833	1972	0.00015
Agrobacterium vitis	373	S	3267	458	3725	0.00028
Agrobacterium sp. T29	2580515	S	380	303	683	0.00005
Agrobacterium sp. RAC06	1842536	S	303	680	983	0.00007
Agrobacterium sp. MA01	2664893	S	281	618	899	0.00007
Agrobacterium sp. CGMCC 11546	2579248	S	147	303	450	0.00003
Agrobacterium sp. S7/73	2820002	S	104	556	660	0.00005
Agrobacterium vaccinii	2735528	S	1254	192	1446	0.00011
Agrobacterium larrymoorei	160699	S	856	169	1025	0.00008
Agrobacterium rubi	28099	S	727	233	960	0.00007
Agrobacterium salinitolerans	1183413	S	618	243	861	0.00006
Agrobacterium rhizogenes	359	S	530	1276	1806	0.00013
Neorhizobium galegae	399	S	6470	2086	8556	0.00063
Neorhizobium sp. NCHU2750	1825976	S	1773	463	2236	0.00017
Neorhizobium sp. SOG26	2060726	S	1733	406	2139	0.00016
Pseudorhizobium flavum	1335061	S	1193	808	2001	0.00015
Pseudorhizobium banfieldiae	1125847	S	1133	690	1823	0.00014
Sinorhizobium fredii	380	S	9409	13494	22903	0.00170
Sinorhizobium meliloti	382	S	7313	2942	10255	0.00076
Sinorhizobium americanum	194963	S	5113	2392	7505	0.00056
Sinorhizobium sp. BG8	2613773	S	2495	487	2982	0.00022
Sinorhizobium sp. CCBAU 05631	794846	S	409	622	1031	0.00008
Sinorhizobium medicae	110321	S	2478	370	2848	0.00021
Ensifer adhaerens	106592	S	12339	5867	18206	0.00135
Ensifer mexicanus	375549	S	3666	654	4320	0.00032
Ensifer sp. PDNC004	2811423	S	2828	1217	4045	0.00030
Ensifer sp. T173	555315	S	530	1921	2451	0.00018
Ensifer alkalisoli	1752398	S	2602	579	3181	0.00024
Ensifer sojae	716925	S	2259	979	3238	0.00024
Shinella sp. HZN7	879274	S	3956	3849	7805	0.00058
Shinella sp. PSBB067	2715959	S	2896	2505	5401	0.00040
Shinella sp. XGS7	2877941	S	2551	2719	5270	0.00039
Shinella sp. H4-D48	2925841	S	1348	604	1952	0.00014
Shinella zoogloeoides	352475	S	3208	5147	8355	0.00062
Shinella oryzae	2871820	S	1685	844	2529	0.00019
Georhizobium profundi	2341112	S	2539	653	3192	0.00024
Ciceribacter thiooxidans	1969821	S	2472	586	3058	0.00023
Peteryoungia desertarenae	1813451	S	819	175	994	0.00007
Candidatus Liberibacter americanus	309868	S	20	3	23	0.00000
Candidatus Liberibacter solanacearum	556287	S	20	3	23	0.00000
Candidatus Liberibacter africanus	34020	S	19	21	40	0.00000
Liberibacter crescens	1273132	S	18	58	76	0.00001
Mesorhizobium sp. 8	2584466	S	5779	1590	7369	0.00055
Mesorhizobium sp. DCY119	2108445	S	4705	1257	5962	0.00044
Mesorhizobium sp. M1A.F.Ca.IN.022.06.1.1	2493680	S	4179	1484	5663	0.00042
Mesorhizobium sp. Pch-S	2082387	S	3689	582	4271	0.00032
Mesorhizobium sp. M1B.F.Ca.ET.045.04.1.1	2493673	S	3563	1516	5079	0.00038
Mesorhizobium sp. M3A.F.Ca.ET.080.04.2.1	2493676	S	3419	1163	4582	0.00034
Mesorhizobium sp. B1-1-8	2589976	S	3407	968	4375	0.00032
Mesorhizobium sp. M1D.F.Ca.ET.043.01.1.1	2493669	S	3393	2244	5637	0.00042
Mesorhizobium sp. L-2-11	2744521	S	3390	1459	4849	0.00036
Mesorhizobium sp. J8	2777475	S	3298	1193	4491	0.00033
Mesorhizobium sp. M1E.F.Ca.ET.045.02.1.1	2493672	S	3228	1782	5010	0.00037
Mesorhizobium sp. B2-1-1	2589974	S	3215	828	4043	0.00030
Mesorhizobium sp. 131-2-1	2744518	S	3173	1867	5040	0.00037
Mesorhizobium sp. M9A.F.Ca.ET.002.03.1.2	2493668	S	3169	1604	4773	0.00035
Mesorhizobium sp. M4B.F.Ca.ET.058.02.1.1	2493675	S	3094	1454	4548	0.00034
Mesorhizobium sp. B2-8-5	2589903	S	3073	1142	4215	0.00031
Mesorhizobium sp. INR15	2654248	S	3007	490	3497	0.00026
Mesorhizobium sp. PAMC28654	2880934	S	2828	602	3430	0.00025
Mesorhizobium sp. M6A.T.Cr.TU.016.01.1.1	2493677	S	2604	972	3576	0.00026
Mesorhizobium sp. B4-1-4	2589888	S	2192	598	2790	0.00021
Mesorhizobium sp. B2-1-8	2589967	S	2173	746	2919	0.00022
Mesorhizobium sp. M8A.F.Ca.ET.057.01.1.1	2493679	S	2053	865	2918	0.00022
Mesorhizobium sp. M7D.F.Ca.US.005.01.1.1	2493678	S	2019	772	2791	0.00021
Mesorhizobium sp. NZP2077	2483404	S	1839	681	2520	0.00019
Mesorhizobium sp. M2A.F.Ca.ET.043.05.1.1	2493671	S	1811	1687	3498	0.00026
Mesorhizobium sp. L-8-10	2744523	S	1772	6048	7820	0.00058
Mesorhizobium sp. L-8-3	2744522	S	1732	6074	7806	0.00058
Mesorhizobium sp. 113-1-2	2744515	S	1708	936	2644	0.00020
Mesorhizobium sp. NBSH29	2654249	S	1658	134	1792	0.00013
Mesorhizobium sp. 113-3-3	2744516	S	1657	1013	2670	0.00020
Mesorhizobium sp. M7A.F.Ce.TU.012.03.2.1	2493681	S	1646	674	2320	0.00017
Mesorhizobium sp. AA22	1854057	S	1622	1140	2762	0.00020
Mesorhizobium sp. NZP2298	2483403	S	1268	834	2102	0.00016
Mesorhizobium sp. 113-3-9	2744517	S	1220	1002	2222	0.00016
Mesorhizobium sp. M2A.F.Ca.ET.046.03.2.1	2493674	S	1059	3062	4121	0.00031
Mesorhizobium sp. M2A.F.Ca.ET.043.02.1.1	2493670	S	943	2594	3537	0.00026
Mesorhizobium sp. WSM1497	278153	S	408	910	1318	0.00010
Mesorhizobium sp. 131-2-5	2744519	S	253	1884	2137	0.00016
Mesorhizobium sp. 131-3-5	2744520	S	220	751	971	0.00007
Mesorhizobium sp. NZP2234	2483402	S	177	699	876	0.00006
Mesorhizobium terrae	2725666	S	3766	1442	5208	0.00039
Mesorhizobium opportunistum	593909	S	3275	1520	4795	0.00036
Mesorhizobium amorphae	71433	S	2849	786	3635	0.00027
Mesorhizobium ciceri	39645	S	2190	6039	8229	0.00061
Mesorhizobium loti	381	S	1969	17579	19548	0.00145
Mesorhizobium australicum	536018	S	1917	676	2593	0.00019
Mesorhizobium huakuii	28104	S	1843	1380	3223	0.00024
Mesorhizobium erdmanii	1777866	S	1648	529	2177	0.00016
Mesorhizobium japonicum	2066070	S	1546	1278	2824	0.00021
Aminobacter sp. MSH1	374606	S	4198	2913	7111	0.00053
Aminobacter sp. SR38	2774562	S	2057	9242	11299	0.00084
Aminobacter sp. MDW-2	2666139	S	749	3401	4150	0.00031
Aminobacter aminovorans	83263	S	856	2626	3482	0.00026
Aquibium microcysteis	675281	S	6937	2263	9200	0.00068
Aquibium oceanicum	1670800	S	5405	1455	6860	0.00051
Nitratireductor sp. SY7	2599600	S	4619	1003	5622	0.00042
Nitratireductor sp. OM-1	1756988	S	2244	444	2688	0.00020
Nitratireductor kimnyeongensis	430679	S	1436	237	1673	0.00012
Phyllobacterium sp. T1018	555316	S	1629	243	1872	0.00014
Phyllobacterium sp. 628	2718938	S	840	138	978	0.00007
Phyllobacterium sp. T1293	555317	S	739	107	846	0.00006
Phyllobacterium zundukense	1867719	S	1734	286	2020	0.00015
Roseitalea porphyridii	1852022	S	3492	690	4182	0.00031
Hoeflea sp. IMCC20628	1620421	S	1546	180	1726	0.00013
Hoeflea phototrophica	244596	S	1420	204	1624	0.00012
Oricola thermophila	2742145	S	2766	444	3210	0.00024
Salaquimonas pukyongi	2712698	S	1211	62	1273	0.00009
Lentilitoribacter sp. Alg239-R112	2305987	S	97	2	99	0.00001
Methylobacterium nodulans	114616	S	10944	1700	12644	0.00094
Methylobacterium aquaticum	270351	S	8817	4568	13385	0.00099
Methylobacterium sp. 17Sr1-1	2202826	S	4099	2297	6396	0.00047
Methylobacterium sp. WL1	2603276	S	3914	946	4860	0.00036
Methylobacterium sp. C1	1479019	S	488	4045	4533	0.00034
Methylobacterium sp. XJLW	739141	S	273	3885	4158	0.00031
Methylobacterium durans	2202825	S	6750	1178	7928	0.00059
Methylobacterium radiodurans	2202828	S	5948	1763	7711	0.00057
Methylobacterium currus	2051553	S	5658	2791	8449	0.00063
Methylobacterium organophilum	410	S	4738	3066	7804	0.00058
Methylobacterium terrae	2202827	S	4307	2351	6658	0.00049
Methylobacterium brachiatum	269660	S	4172	1764	5936	0.00044
Methylobacterium mesophilicum	39956	S	4001	979	4980	0.00037
Methylobacterium tardum	374432	S	3776	1535	5311	0.00039
Methylobacterium indicum	1775910	S	3749	2189	5938	0.00044
Methylobacterium oryzae	334852	S	3143	4692	7835	0.00058
Methylobacterium radiotolerans	31998	S	1409	8408	9817	0.00073
Methylobacterium phyllosphaerae	418223	S	611	2442	3053	0.00023
Microvirga sp. VF16	2807101	S	21776	3878	25654	0.00190
Microvirga sp. 17 mud 1-3	2082949	S	7014	1699	8713	0.00065
Microvirga ossetica	1882682	S	21402	4318	25720	0.00190
Microvirga thermotolerans	2651334	S	9241	2949	12190	0.00090
Methylorubrum populi	223967	S	7242	3805	11047	0.00082
Methylorubrum extorquens	408	S	5589	10107	15696	0.00116
Methylorubrum sp. B1-46	2897334	S	2636	1288	3924	0.00029
Methylorubrum zatmanii	29429	S	137	752	889	0.00007
Rhodoplanes sp. Z2-YC6860	674703	S	53199	6333	59532	0.00441
Hyphomicrobium nitrativorans	1427356	S	7766	833	8599	0.00064
Hyphomicrobium denitrificans	53399	S	7461	1195	8656	0.00064
Hyphomicrobium sp. MC1	717785	S	3856	401	4257	0.00032
Methyloceanibacter caenitepidi	1384459	S	2795	650	3445	0.00026
Methyloceanibacter sp. wino2	2170729	S	2627	652	3279	0.00024
Methyloligella sp. GL2	2742204	S	4295	625	4920	0.00036
Aquabacter sp. L1I39	2820278	S	3944	801	4745	0.00035
Rhodomicrobium vannielii	1069	S	3523	287	3810	0.00028
Caenibius sp. WL	2872646	S	1259	274	1533	0.00011
Caenibius tardaugens	169176	S	888	794	1682	0.00012
Candidatus Filomicrobium marinum	1608628	S	1726	59	1785	0.00013
Pseudolabrys taiwanensis	331696	S	17740	3665	21405	0.00159
Pseudolabrys sp. FHR47	2562284	S	12659	2788	15447	0.00114
Starkeya sp. ORNL1	2709380	S	8260	2036	10296	0.00076
Starkeya novella	921	S	6390	2906	9296	0.00069
Xanthobacter dioxanivorans	2528964	S	6793	2803	9596	0.00071
Xanthobacter sp. YC-JY1	2419844	S	2150	2527	4677	0.00035
Xanthobacter autotrophicus	280	S	1998	2534	4532	0.00034
Ancylobacter sp. TS-1	1850374	S	4729	2407	7136	0.00053
Ancylobacter polymorphus	223390	S	4490	2695	7185	0.00053
Ancylobacter pratisalsi	1745854	S	3807	1059	4866	0.00036
Labrys sp. KNU-23	2789216	S	5201	648	5849	0.00043
Azorhizobium caulinodans	7	S	4825	1234	6059	0.00045
Bosea sp. Tri-49	1867715	S	7863	2136	9999	0.00074
Bosea sp. F3-2	2599640	S	6664	2503	9167	0.00068
Bosea sp. RAC05	1842539	S	6465	2466	8931	0.00066
Bosea sp. ANAM02	2020412	S	6055	2635	8690	0.00064
Bosea sp. AS-1	2015316	S	5274	1955	7229	0.00054
Bosea sp. PAMC 26642	1792307	S	5168	1293	6461	0.00048
Bosea vaviloviae	1526658	S	5757	1643	7400	0.00055
Devosia sp. A16	1736675	S	8662	1196	9858	0.00073
Devosia sp. SL43	2806348	S	2401	466	2867	0.00021
Devosia sp. JXJ CY 41	2917991	S	2303	444	2747	0.00020
Devosia sp. 1566	2499144	S	2119	252	2371	0.00018
Devosia sp. I507	2083786	S	1560	487	2047	0.00015
Devosia sp. MC521	2759954	S	848	148	996	0.00007
Devosia ginsengisoli	400770	S	2544	499	3043	0.00023
Devosia oryziradicis	2801335	S	2318	458	2776	0.00021
Devosia beringensis	2657486	S	2296	368	2664	0.00020
Devosia salina	2860336	S	2208	768	2976	0.00022
Devosia rhizoryzae	2774137	S	1952	230	2182	0.00016
Youhaiella tibetensis	1447062	S	3285	825	4110	0.00030
Paradevosia shaoguanensis	1335043	S	3247	1363	4610	0.00034
Pelagibacterium halotolerans	531813	S	1798	270	2068	0.00015
Maritalea myrionectae	454601	S	348	13	361	0.00003
Aureimonas sp. SA4125	2826993	S	4464	991	5455	0.00040
Aureimonas sp. AU20	1349819	S	3744	641	4385	0.00032
Aureimonas sp. OT7	2816454	S	2022	1869	3891	0.00029
Aureimonas populi	1701758	S	3368	774	4142	0.00031
Aureimonas mangrovi	2758041	S	2975	744	3719	0.00028
Aureimonas altamirensis	370622	S	1902	720	2622	0.00019
Martelella sp. AD-3	686597	S	1119	3333	4452	0.00033
Martelella mediterranea	293089	S	2110	870	2980	0.00022
Martelella endophytica	1486262	S	1902	497	2399	0.00018
Martelella lutilitoris	2583532	S	1045	925	1970	0.00015
Aurantimonas sp. HBX-1	2906072	S	5403	1941	7344	0.00054
Nordella sp. HKS 07	2712222	S	15993	1066	17059	0.00126
Pseudorhodoplanes sinuspersici	1235591	S	12210	1096	13306	0.00099
Terrihabitans soli	708113	S	3572	487	4059	0.00030
Candidatus Hodgkinia cicadicola	573658	S	40	0	40	0.00000
Methylocystis parvus	134	S	3156	441	3597	0.00027
Methylocystis bryophila	655015	S	3102	369	3471	0.00026
Methylocystis heyeri	391905	S	2763	364	3127	0.00023
Methylocystis sp. SC2	187303	S	1769	518	2287	0.00017
Methylocystis sp. SB2	743836	S	714	1170	1884	0.00014
Methylocystis rosea	173366	S	2213	1752	3965	0.00029
Methylosinus trichosporium	426	S	4040	938	4978	0.00037
Methylosinus sp. C49	2699395	S	3362	765	4127	0.00031
Phreatobacter stygius	1940610	S	8570	1526	10096	0.00075
Phreatobacter cathodiphilus	1868589	S	7749	2710	10459	0.00077
Phreatobacter sp. NMCR1094	2570229	S	5488	1217	6705	0.00050
Stappia indica	538381	S	5666	1602	7268	0.00054
Stappia sp. ES.058	1881061	S	3058	453	3511	0.00026
Roseibium aggregatum	187304	S	3378	542	3920	0.00029
Roseibium alexandrii	388408	S	978	98	1076	0.00008
Pannonibacter phragmitetus	121719	S	3987	3285	7272	0.00054
Labrenzia sp. VG12	2021862	S	1975	260	2235	0.00017
Labrenzia sp. PHM005	2590016	S	858	73	931	0.00007
Labrenzia sp. THAF82	2587861	S	774	53	827	0.00006
Pseudovibrio sp. FO-BEG1	911045	S	352	133	485	0.00004
Pseudovibrio brasiliensis	1898042	S	286	106	392	0.00003
Kaustia mangrovi	2593653	S	7607	889	8496	0.00063
Parvibaculum lavamentivorans	256618	S	3546	2811	6357	0.00047
Pyruvatibacter mobilis	1712261	S	2251	319	2570	0.00019
Candidatus Phaeomarinobacter ectocarpi	1458461	S	963	53	1016	0.00008
Chelatococcus sp. CO-6	1702325	S	6558	4509	11067	0.00082
Chelatococcus daeguensis	444444	S	3718	2510	6228	0.00046
Blastochloris tepida	2233851	S	6607	2682	9289	0.00069
Blastochloris viridis	1079	S	5654	1839	7493	0.00055
Methylocella silvestris	199596	S	3054	413	3467	0.00026
Methylocella tundrae	227605	S	2665	305	2970	0.00022
Methylovirgula ligni	569860	S	2802	388	3190	0.00024
Methylovirgula sp. HY1	2822761	S	2119	142	2261	0.00017
Beijerinckia indica	533	S	1358	121	1479	0.00011
Kaistia sp. 32K	2795690	S	7249	2175	9424	0.00070
Acuticoccus sp. I52.16.1	2928472	S	6967	906	7873	0.00058
Brucella anthropi	529	S	1229	869	2098	0.00016
Brucella intermedia	94625	S	1042	218	1260	0.00009
Brucella sp. BTU1	2840456	S	195	48	243	0.00002
Brucella sp. 10RB9215	1149953	S	73	87	160	0.00001
Brucella sp. 6810	2769351	S	68	119	187	0.00001
Brucella sp. 09RB8910	1844051	S	56	64	120	0.00001
Brucella sp. BO3	2691913	S	47	84	131	0.00001
Brucella sp. 09RB8471	1149952	S	41	83	124	0.00001
Brucella sp. 2280	2592625	S	41	88	129	0.00001
Brucella sp. BO2	693750	S	35	86	121	0.00001
Brucella sp. 458	2821140	S	34	82	116	0.00001
[Ochrobactrum] quorumnocens	271865	S	484	86	570	0.00004
Brucella pseudogrignonensis	419475	S	296	121	417	0.00003
Brucella pituitosa	571256	S	118	55	173	0.00001
Brucella melitensis	29459	S	59	1583	1642	0.00012
Brucella inopinata	1218315	S	28	40	68	0.00001
Brucella suis	29461	S	21	644	665	0.00005
Brucella abortus	235	S	19	812	831	0.00006
Brucella ovis	236	S	19	74	93	0.00001
Pseudochrobactrum sp. XF203	2879116	S	148	152	300	0.00002
Pseudochrobactrum sp. Wa41.01b-1	2864102	S	129	143	272	0.00002
Pseudochrobactrum algeriensis	2834768	S	121	126	247	0.00002
Hartmannibacter diazotrophicus	1482074	S	4730	1027	5757	0.00043
Breoghania sp. L-A4	2304600	S	4379	695	5074	0.00038
Lichenihabitans psoromatis	2528642	S	1561	891	2452	0.00018
Lichenihabitans sp. PAMC28606	2880932	S	1242	823	2065	0.00015
Cohaesibacter sp. ES.047	1798205	S	869	41	910	0.00007
Bartonella apis	1686310	S	290	21	311	0.00002
Bartonella sp. HY038	2759660	S	67	13	80	0.00001
Bartonella sp. 46A	2893471	S	20	19	39	0.00000
Bartonella sp. WD16.2	1933904	S	11	29	40	0.00000
Bartonella australis	388640	S	41	6	47	0.00000
Bartonella quintana	803	S	30	9	39	0.00000
Bartonella vinsonii	33047	S	20	20	40	0.00000
Bartonella ancashensis	1318743	S	19	4	23	0.00000
Bartonella henselae	38323	S	17	8	25	0.00000
Bartonella krasnovii	2267275	S	16	27	43	0.00000
Bartonella birtlesii	111504	S	15	8	23	0.00000
Bartonella schoenbuchensis	165694	S	14	20	34	0.00000
Bartonella bacilliformis	774	S	13	3	16	0.00000
Bartonella grahamii	33045	S	11	13	24	0.00000
Sphingomonas sp. DM2-R-LB4	2899123	S	5914	2079	7993	0.00059
Sphingomonas sp. S8-45	2938948	S	5570	703	6273	0.00046
Sphingomonas sp. HDW15A	2714942	S	5340	457	5797	0.00043
Sphingomonas sp. MM-1	745310	S	4163	5356	9519	0.00070
Sphingomonas sp. CL5.1	2653203	S	4151	1450	5601	0.00041
Sphingomonas sp. AK-PDB1-5	2872652	S	4137	689	4826	0.00036
Sphingomonas sp. Cra20	1327635	S	3831	616	4447	0.00033
Sphingomonas sp. AP4-R1	2735134	S	3556	474	4030	0.00030
Sphingomonas sp. LM7	1938607	S	3366	747	4113	0.00030
Sphingomonas sp. AAP5	1523415	S	3129	839	3968	0.00029
Sphingomonas sp. NBWT7	2596913	S	3076	1030	4106	0.00030
Sphingomonas sp. S2-65	2903960	S	2993	622	3615	0.00027
Sphingomonas sp. FARSPH	2219696	S	2664	2214	4878	0.00036
Sphingomonas sp. PAMC26645	2565555	S	2392	806	3198	0.00024
Sphingomonas sp. KC8	1030157	S	2348	315	2663	0.00020
Sphingomonas sp. HMP9	1517554	S	2310	1039	3349	0.00025
Sphingomonas sp. HMP6	1517551	S	1919	384	2303	0.00017
Sphingomonas sp. LK11	1390395	S	1490	1397	2887	0.00021
Sphingomonas sp. NIC1	1961362	S	1265	3609	4874	0.00036
Sphingomonas sp. IC081	304378	S	617	3657	4274	0.00032
Sphingomonas sediminicola	386874	S	12050	1184	13234	0.00098
Sphingomonas daechungensis	1176646	S	10288	1018	11306	0.00084
Sphingomonas lutea	1045317	S	9535	1289	10824	0.00080
Sphingomonas ginsengisoli An et al. 2013	363835	S	7321	1036	8357	0.00062
Sphingomonas sabuli	2764186	S	7094	917	8011	0.00059
Sphingomonas sinipercae	2714944	S	6698	942	7640	0.00057
Sphingomonas rhizophila	2071607	S	6554	1596	8150	0.00060
Sphingomonas xanthus	2594473	S	5860	1230	7090	0.00053
Sphingomonas profundi	2681549	S	5288	864	6152	0.00046
Sphingomonas alpina	653931	S	5265	441	5706	0.00042
Sphingomonas sanxanigenens	397260	S	5262	2518	7780	0.00058
Sphingomonas piscis	2714943	S	5037	490	5527	0.00041
Sphingomonas koreensis	93064	S	3487	2495	5982	0.00044
Sphingomonas taxi	1549858	S	3480	1062	4542	0.00034
Sphingomonas hengshuiensis	1609977	S	3382	437	3819	0.00028
Sphingomonas changnyeongensis	2698679	S	3361	688	4049	0.00030
Sphingomonas panacis	1560345	S	3250	483	3733	0.00028
Sphingomonas panacisoli	1813879	S	2779	378	3157	0.00023
Sphingomonas radiodurans	2890321	S	2662	358	3020	0.00022
Sphingomonas suaedae	2599297	S	2555	329	2884	0.00021
Sphingomonas aliaeris	2759526	S	2204	282	2486	0.00018
Sphingomonas insulae	424800	S	2185	609	2794	0.00021
Sphingomonas paucimobilis	13689	S	2102	1292	3394	0.00025
Sphingomonas sanguinis	33051	S	1581	1290	2871	0.00021
Sphingomonas melonis	152682	S	1380	5211	6591	0.00049
Sphingomonas lacunae	2698828	S	1234	189	1423	0.00011
Sphingomonas paeninsulae	2319844	S	1050	50	1100	0.00008
Sphingobium sp. Cam5-1	2789327	S	3167	1171	4338	0.00032
Sphingobium sp. SYK-6	627192	S	3022	838	3860	0.00029
Sphingobium sp. TKS	1315974	S	1797	2701	4498	0.00033
Sphingobium sp. RAC03	1843368	S	1729	342	2071	0.00015
Sphingobium sp. CAP-1	2676077	S	1711	1067	2778	0.00021
Sphingobium sp. YG1	2082188	S	1703	737	2440	0.00018
Sphingobium sp. SCG-1	2072936	S	1589	134	1723	0.00013
Sphingobium sp. EP60837	1855519	S	1561	459	2020	0.00015
Sphingobium sp. KCTC 72723	2733867	S	1475	278	1753	0.00013
Sphingobium sp. MI1205	407020	S	1092	1571	2663	0.00020
Sphingobium sp. PAMC28499	2565554	S	564	1092	1656	0.00012
Sphingobium sp. YBL2	484429	S	224	1415	1639	0.00012
Sphingobium sp. RSMS	520734	S	191	1076	1267	0.00009
Sphingobium sp. LF-16	2185111	S	42	656	698	0.00005
Sphingobium yanoikuyae	13690	S	3533	6691	10224	0.00076
Sphingobium phenoxybenzoativorans	1592790	S	2121	917	3038	0.00023
Sphingobium indicum	332055	S	2004	1529	3533	0.00026
Sphingobium amiense	135719	S	1884	2391	4275	0.00032
Sphingobium cloacae	120107	S	1701	2545	4246	0.00031
Sphingobium xenophagum	121428	S	1643	1087	2730	0.00020
Sphingobium chlorophenolicum	46429	S	1459	688	2147	0.00016
Sphingobium baderi	1332080	S	1298	1347	2645	0.00020
Sphingobium herbicidovorans	76947	S	1171	1094	2265	0.00017
Sphingobium fuliginis	336203	S	668	2514	3182	0.00024
Novosphingobium sp. Sx8-5	2896849	S	5081	789	5870	0.00043
Novosphingobium sp. Gsoil 351	2675225	S	4404	419	4823	0.00036
Novosphingobium sp. EMRT-2	2571749	S	3843	2369	6212	0.00046
Novosphingobium sp. P6W	1609758	S	3561	665	4226	0.00031
Novosphingobium sp. ES2-1	2780074	S	2322	1359	3681	0.00027
Novosphingobium sp. THN1	1016987	S	2262	941	3203	0.00024
Novosphingobium sp. PP1Y	702113	S	1336	1735	3071	0.00023
Novosphingobium sp. KA1	164608	S	856	4132	4988	0.00037
Novosphingobium resinovorum	158500	S	4537	2324	6861	0.00051
Novosphingobium decolorationis	2698673	S	3177	1786	4963	0.00037
Novosphingobium aromaticivorans	48935	S	2972	1447	4419	0.00033
Novosphingobium ginsenosidimutans	1176536	S	2721	308	3029	0.00022
Novosphingobium pentaromativorans	205844	S	1313	2463	3776	0.00028
Sphingopyxis sp. QXT-31	1357916	S	3003	854	3857	0.00029
Sphingopyxis sp. OPL5	2486273	S	2624	517	3141	0.00023
Sphingopyxis sp. YF1	2482763	S	2595	626	3221	0.00024
Sphingopyxis sp. BSN-002	2911495	S	2161	406	2567	0.00019
Sphingopyxis sp. 113P3	292913	S	2132	847	2979	0.00022
Sphingopyxis sp. PAMC25046	2565556	S	2111	987	3098	0.00023
Sphingopyxis sp. FD7	1914525	S	1834	788	2622	0.00019
Sphingopyxis sp. EG6	1874061	S	1783	932	2715	0.00020
Sphingopyxis sp. MG	1866325	S	125	1192	1317	0.00010
Sphingopyxis macrogoltabida	33050	S	4084	2092	6176	0.00046
Sphingopyxis terrae	33052	S	2353	1341	3694	0.00027
Sphingopyxis lindanitolerans	2054227	S	2038	987	3025	0.00022
Sphingopyxis fribergensis	1515612	S	1833	741	2574	0.00019
Sphingopyxis granuli	267128	S	1782	5066	6848	0.00051
Sphingopyxis alaskensis	117207	S	1697	411	2108	0.00016
Rhizorhabdus wittichii	160791	S	6066	3702	9768	0.00072
Rhizorhabdus dicambivorans	1850238	S	4025	3394	7419	0.00055
Rhizorhabdus phycosphaerae	2711156	S	2864	389	3253	0.00024
Allosphingosinicella indica	941907	S	6147	818	6965	0.00052
Sphingosinithalassobacter sp. CS137	2762748	S	3047	661	3708	0.00027
Sphingosinithalassobacter tenebrarum	2711215	S	2637	844	3481	0.00026
Parasphingopyxis algicola	2026624	S	2867	199	3066	0.00023
Parasphingopyxis sp. CP4	2724527	S	903	43	946	0.00007
Sphingorhabdus sp. YGSMI21	2077182	S	980	170	1150	0.00009
Sphingorhabdus sp. SMR4y	2584094	S	909	163	1072	0.00008
Sphingorhabdus sp. M41	1806885	S	717	98	815	0.00006
Sphingorhabdus lacus	392610	S	614	29	643	0.00005
Sphingorhabdus lutea	1913578	S	112	9	121	0.00001
Blastomonas sp. RAC04	1842535	S	722	1171	1893	0.00014
Blastomonas fulva	1550728	S	626	1307	1933	0.00014
Hankyongella ginsenosidimutans	1763828	S	2481	503	2984	0.00022
Tardibacter chloracetimidivorans	1921510	S	2064	1621	3685	0.00027
Citromicrobium sp. JL477	1634516	S	1797	854	2651	0.00020
Novosphingopyxis iocasae	2762729	S	1441	830	2271	0.00017
Parasphingorhabdus halotolerans	2725558	S	377	17	394	0.00003
Parasphingorhabdus sp. JHSY0214	2806553	S	352	27	379	0.00003
Parasphingorhabdus litoris	394733	S	293	24	317	0.00002
Aquisediminimonas profunda	1550733	S	953	42	995	0.00007
Erythrobacter sp. HL-111	1798193	S	2311	471	2782	0.00021
Erythrobacter sp. HKB08	2502843	S	1865	433	2298	0.00017
Erythrobacter sp. JK5	2829500	S	1847	573	2420	0.00018
Erythrobacter sp. SDW2	2907154	S	1740	487	2227	0.00016
Erythrobacter sp. THAF29	2587851	S	1090	264	1354	0.00010
Erythrobacter sp. KY5	2011159	S	935	80	1015	0.00008
Erythrobacter sp. A30-3	2785907	S	845	687	1532	0.00011
Erythrobacter sp. 3-20A1M	2653850	S	833	1312	2145	0.00016
Erythrobacter sp. LQ02-29	2920384	S	815	915	1730	0.00013
Erythrobacter sp. SCSIO 43205	2779361	S	509	100	609	0.00005
Erythrobacter litoralis	39960	S	3042	1364	4406	0.00033
Erythrobacter mangrovi	2739433	S	1361	505	1866	0.00014
Erythrobacter neustonensis	1112	S	1358	344	1702	0.00013
Erythrobacter aureus	2182384	S	1039	204	1243	0.00009
Porphyrobacter sp. CACIAM 03H1	2003315	S	2495	794	3289	0.00024
Porphyrobacter sp. LM 6	1896196	S	1353	520	1873	0.00014
Porphyrobacter sp. HT-58-2	2023229	S	1305	341	1646	0.00012
Porphyrobacter sp. GA68	2883480	S	1242	586	1828	0.00014
Qipengyuania flava	192812	S	3621	2108	5729	0.00042
Qipengyuania sediminis	1532023	S	1946	309	2255	0.00017
Qipengyuania soli	2782568	S	1429	284	1713	0.00013
Qipengyuania aurantiaca	2867233	S	1255	443	1698	0.00013
Qipengyuania gelatinilytica	2867231	S	1063	216	1279	0.00009
Qipengyuania seohaensis	266951	S	912	206	1118	0.00008
Qipengyuania xiapuensis	2867236	S	682	719	1401	0.00010
Qipengyuania psychrotolerans	2867238	S	660	94	754	0.00006
Qipengyuania aquimaris	255984	S	606	646	1252	0.00009
Altererythrobacter sp. B11	2060312	S	2917	1441	4358	0.00032
Altererythrobacter sp. TH136	2067415	S	1989	402	2391	0.00018
Altererythrobacter sp. BO-6	2604537	S	1207	204	1411	0.00010
Altererythrobacter sp. ZODW24	2185142	S	487	27	514	0.00004
Altererythrobacter epoxidivorans	361183	S	1071	323	1394	0.00010
Altererythrobacter ishigakiensis	476157	S	455	38	493	0.00004
Tsuneonella dongtanensis	692370	S	2635	571	3206	0.00024
Tsuneonella amylolytica	2338327	S	2563	790	3353	0.00025
Tsuneonella mangrovi	1982042	S	1824	302	2126	0.00016
Tsuneonella flava	2055955	S	845	263	1108	0.00008
Croceicoccus sp. YJ47	2798724	S	1485	899	2384	0.00018
Croceicoccus sp. Ery5	1703340	S	612	691	1303	0.00010
Croceicoccus sp. Ery15	1703338	S	528	865	1393	0.00010
Croceicoccus marinus	450378	S	2859	1589	4448	0.00033
Croceicoccus naphthovorans	1348774	S	1314	1597	2911	0.00022
Croceibacterium atlanticum	1267766	S	1503	672	2175	0.00016
Aurantiacibacter gangjinensis	502682	S	1055	112	1167	0.00009
Aurantiacibacter atlanticus	1648404	S	441	150	591	0.00004
Paraurantiacibacter namhicola	645517	S	1494	213	1707	0.00013
Pelagerythrobacter marensis	543877	S	1402	213	1615	0.00012
Sphingosinicella sp. BN140058	1892855	S	6579	656	7235	0.00054
Sphingosinicella microcystinivorans	335406	S	3706	502	4208	0.00031
Sphingosinicella flava	2771430	S	2951	460	3411	0.00025
Polymorphobacter sp. PAMC 29362	2835787	S	1526	1111	2637	0.00020
Polymorphobacter sp. PAMC 29334	2862331	S	1443	1084	2527	0.00019
Sandaracinobacter sp. M6	2759707	S	2306	175	2481	0.00018
Zymomonas mobilis	542	S	192	187	379	0.00003
Azospirillum brasilense	192	S	11454	9862	21316	0.00158
Azospirillum sp. B510	137722	S	3342	1242	4584	0.00034
Azospirillum sp. TSH100	652764	S	2728	1246	3974	0.00029
Azospirillum sp. TSA2s	709810	S	2707	2025	4732	0.00035
Azospirillum sp. TSH58	664962	S	2094	2727	4821	0.00036
Azospirillum thermophilum	2202148	S	7808	1867	9675	0.00072
Azospirillum thiophilum	528244	S	4230	1398	5628	0.00042
Azospirillum ramasamyi	682998	S	2464	1418	3882	0.00029
Azospirillum humicireducens	1226968	S	2122	1223	3345	0.00025
Azospirillum lipoferum	193	S	1961	1429	3390	0.00025
Azospirillum oryzae	286727	S	1912	1624	3536	0.00026
Azospirillum baldaniorum	1064539	S	1245	2457	3702	0.00027
Skermanella mucosa	1789672	S	9525	5415	14940	0.00111
Skermanella sp. TT6	2775420	S	9039	8124	17163	0.00127
Skermanella pratensis	2233999	S	7654	3548	11202	0.00083
Skermanella rosea	1817965	S	7395	5421	12816	0.00095
Nitrospirillum amazonense	28077	S	4659	574	5233	0.00039
Indioceanicola profundi	2220096	S	3905	566	4471	0.00033
Niveispirillum cyanobacteriorum	1612173	S	2051	238	2289	0.00017
Roseomonas sp. S08	1750527	S	10044	683	10727	0.00079
Roseomonas sp. OT10	2897332	S	9130	2430	11560	0.00086
Roseomonas sp. FDAARGOS_362	2018065	S	643	3065	3708	0.00027
Roseomonas gilardii	257708	S	6074	2719	8793	0.00065
Roseomonas haemaphysalidis	2768162	S	5475	676	6151	0.00046
Roseomonas marmotae	2768161	S	4833	586	5419	0.00040
Roseomonas mucosa	207340	S	638	3580	4218	0.00031
Rhodovastum atsumiense	504468	S	7372	805	8177	0.00061
Roseococcus microcysteis	2771361	S	5177	508	5685	0.00042
Komagataeibacter xylinus	28448	S	1346	2404	3750	0.00028
Komagataeibacter saccharivorans	265959	S	603	219	822	0.00006
Komagataeibacter nataicola	265960	S	415	195	610	0.00005
Komagataeibacter europaeus	33995	S	396	202	598	0.00004
Komagataeibacter oboediens	65958	S	393	198	591	0.00004
Komagataeibacter medellinensis	1177712	S	334	273	607	0.00005
Komagataeibacter rhaeticus	215221	S	20	354	374	0.00003
Acidiphilium multivorum	62140	S	1195	4796	5991	0.00044
Acidiphilium cryptum	524	S	260	1654	1914	0.00014
Sediminicoccus rosea	1225128	S	3786	205	3991	0.00030
Acidibrevibacterium fodinaquatile	1969806	S	3131	302	3433	0.00025
Lichenicola cladoniae	1484109	S	3057	158	3215	0.00024
Acetobacter aceti	435	S	1305	493	1798	0.00013
Acetobacter persici	1076596	S	295	42	337	0.00002
Acetobacter sp. KACC 21233	2592655	S	289	62	351	0.00003
Acetobacter ghanensis	431306	S	174	44	218	0.00002
Acetobacter pasteurianus	438	S	124	292	416	0.00003
Acetobacter ascendens	481146	S	76	87	163	0.00001
Acetobacter senegalensis	446692	S	75	89	164	0.00001
Acetobacter orientalis	146474	S	72	10	82	0.00001
Acetobacter tropicalis	104102	S	71	78	149	0.00001
Acetobacter oryzoeni	2500548	S	30	57	87	0.00001
Acetobacter oryzifermentans	1633874	S	10	100	110	0.00001
Gluconobacter oxydans	442	S	785	760	1545	0.00011
Gluconobacter albidus	318683	S	396	72	468	0.00003
Gluconobacter sphaericus	574987	S	258	60	318	0.00002
Gluconobacter frateurii	38308	S	154	40	194	0.00001
Gluconobacter thailandicus	257438	S	69	49	118	0.00001
Gluconacetobacter diazotrophicus	33996	S	1927	412	2339	0.00017
Granulibacter bethesdensis	364410	S	1452	139	1591	0.00012
Asaia bogorensis	91915	S	929	170	1099	0.00008
Neoasaia chiangmaiensis	320497	S	827	171	998	0.00007
Kozakia baliensis	153496	S	668	237	905	0.00007
Novacetimonas hansenii	436	S	515	252	767	0.00006
Oecophyllibacter saccharovorans	2558360	S	416	15	431	0.00003
Swingsia sp. F3b2	2558361	S	234	7	241	0.00002
Swingsia samuiensis	1293412	S	32	5	37	0.00000
Parasaccharibacter sp. TMW 2.1888	2268025	S	26	121	147	0.00001
Parasaccharibacter apium	1510841	S	23	103	126	0.00001
Neokomagataea tanensis	661191	S	102	18	120	0.00001
Entomobacter blattae	2762277	S	41	3	44	0.00000
Bombella sp. KACC 21507	2697033	S	24	3	27	0.00000
Hypericibacter adhaerens	2602016	S	10711	2132	12843	0.00095
Hypericibacter terrae	2602015	S	8443	1333	9776	0.00072
Magnetospirillum sp. XM-1	1663591	S	2353	823	3176	0.00024
Magnetospirillum sp. ME-1	1639348	S	2084	791	2875	0.00021
Magnetospirillum gryphiswaldense	55518	S	2897	263292	266189	0.01971
Magnetospirillum magneticum	84159	S	2170	254	2424	0.00018
Rhodospirillum centenum	34018	S	4695	721	5416	0.00040
Rhodospirillum rubrum	1085	S	2390	196	2586	0.00019
Ferrovibrio terrae	2594003	S	5241	366	5607	0.00042
Tistrella mobilis	171437	S	5046	2529	7575	0.00056
Defluviicoccus vanus	111831	S	2918	288	3206	0.00024
Pararhodospirillum photometricum	1084	S	1685	142	1827	0.00014
Haematospirillum jordaniae	1549855	S	271	26	297	0.00002
Candidatus Endolissoclinum faulkneri	1263979	S	111	1	112	0.00001
Stella humosa	94	S	12587	963	13550	0.00100
Elioraea tepida	2843330	S	5365	300	5665	0.00042
Thalassospira sp. A40-3	2785908	S	301	115	416	0.00003
Thalassospira sp. B30-1	2785911	S	175	256	431	0.00003
Thalassospira marina	2048283	S	459	32	491	0.00004
Thalassospira indica	1891279	S	355	225	580	0.00004
Thalassospira xiamenensis	220697	S	192	264	456	0.00003
Magnetospira sp. QH-2	1288970	S	1136	42	1178	0.00009
Terasakiella sp. SH-1	2560057	S	138	3	141	0.00001
Paracoccus sp. MC1862	2760307	S	1693	195	1888	0.00014
Paracoccus sp. MA	2895796	S	1402	758	2160	0.00016
Paracoccus sp. AK26	2589076	S	1186	225	1411	0.00010
Paracoccus sp. H4-D09	2812658	S	966	210	1176	0.00009
Paracoccus sp. S8-55	2903900	S	871	132	1003	0.00007
Paracoccus sp. Arc7-R13	2500532	S	520	520	1040	0.00008
Paracoccus sanguinis	1545044	S	2613	723	3336	0.00025
Paracoccus yeei	147645	S	1939	3030	4969	0.00037
Paracoccus liaowanqingii	2560053	S	1802	217	2019	0.00015
Paracoccus denitrificans	266	S	1762	1648	3410	0.00025
Paracoccus zhejiangensis	1077935	S	1673	421	2094	0.00016
Paracoccus aminovorans	34004	S	1549	467	2016	0.00015
Paracoccus pantotrophus	82367	S	1510	876	2386	0.00018
Paracoccus suum	2259340	S	1466	282	1748	0.00013
Paracoccus contaminans	1945662	S	1322	310	1632	0.00012
Paracoccus aminophilus	34003	S	1230	127	1357	0.00010
Paracoccus jeotgali	2065379	S	1215	242	1457	0.00011
Paracoccus tegillarcae	1529068	S	712	44	756	0.00006
Paracoccus kondratievae	135740	S	687	138	825	0.00006
Paracoccus marcusii	59779	S	586	516	1102	0.00008
Paracoccus mutanolyticus	1499308	S	207	666	873	0.00006
Rhodobacter sp. CZR27	2033869	S	2270	737	3007	0.00022
Rhodobacter sp. N10	2807096	S	1934	240	2174	0.00016
Rhodobacter sp. LPB0142	1850250	S	1831	1392	3223	0.00024
Rhodobacter capsulatus	1061	S	2290	499	2789	0.00021
Cereibacter sphaeroides	1063	S	5467	3056	8523	0.00063
Cereibacter azotoformans	43057	S	555	1943	2498	0.00019
Rhodovulum sp. P5	1564506	S	1107	125	1232	0.00009
Rhodovulum sp. MB263	308754	S	1094	457	1551	0.00011
Rhodovulum sulfidophilum	35806	S	1808	1090	2898	0.00021
Polymorphum gilvum	991904	S	4378	1189	5567	0.00041
Paroceanicella profunda	2579971	S	3869	1047	4916	0.00036
Pikeienuella piscinae	2748098	S	2975	309	3284	0.00024
Thioclava electrotropha	1549850	S	1169	301	1470	0.00011
Thioclava nitratireducens	1915078	S	1036	364	1400	0.00010
Pontivivens ytuae	2789856	S	2452	201	2653	0.00020
Silicimonas algicola	1826607	S	2416	153	2569	0.00019
Pelagovum pacificum	2588711	S	2026	269	2295	0.00017
Frigidibacter mobilis	1335048	S	1857	833	2690	0.00020
Pukyongiella litopenaei	2605946	S	1629	395	2024	0.00015
Brevirhabdus pacifica	1267768	S	1476	694	2170	0.00016
Fuscovulum blasticum	1075	S	1353	180	1533	0.00011
Gymnodinialimonas ceratoperidinii	2856823	S	1205	120	1325	0.00010
Haematobacter massiliensis	195105	S	1199	512	1711	0.00013
Tabrizicola piscis	2494374	S	1172	112	1284	0.00010
Falsirhodobacter sp. PG104	2692330	S	1153	176	1329	0.00010
Gemmobacter aquarius	2169400	S	1125	255	1380	0.00010
Pacificitalea manganoxidans	1411902	S	1074	238	1312	0.00010
Pseudopuniceibacterium antarcticum	2613965	S	1069	87	1156	0.00009
Pseudooceanicola algae	1537215	S	931	96	1027	0.00008
Roseicitreum antarcticum	564137	S	839	46	885	0.00007
Monaibacterium sp. h42	2758038	S	832	194	1026	0.00008
Tritonibacter mobilis	379347	S	693	309	1002	0.00007
Yoonia vestfoldensis	245188	S	642	144	786	0.00006
Qingshengfaniella alkalisoli	2599296	S	618	35	653	0.00005
Rhodophyticola sp. CCM32	2916397	S	566	17	583	0.00004
Pseudohalocynthiibacter aestuariivivens	1591409	S	560	111	671	0.00005
Rhodobaca barguzinensis	441209	S	544	26	570	0.00004
Profundibacter amoris	2171755	S	444	16	460	0.00003
Pseudorhodobacter turbinis	2500533	S	411	27	438	0.00003
Parasedimentitalea marina	2483033	S	377	18	395	0.00003
Aestuarium zhoushanense	2820523	S	353	143	496	0.00004
Cognatishimia activa	1715691	S	325	15	340	0.00003
Planktomarina temperata	1284658	S	198	5	203	0.00002
Roseovarius sp. SCSIO 43702	2823043	S	1821	148	1969	0.00015
Roseovarius sp. THAF9	2587847	S	961	235	1196	0.00009
Roseovarius sp. THAF8	2587846	S	415	680	1095	0.00008
Roseovarius sp. THAF27	2587850	S	329	575	904	0.00007
Roseovarius sp. TM1035	391613	S	184	403	587	0.00004
Roseovarius indicus	540747	S	2240	689	2929	0.00022
Roseovarius faecimaris	2494550	S	975	42	1017	0.00008
Roseovarius mucosus	215743	S	161	353	514	0.00004
Sulfitobacter sp. JK7-1	2829501	S	915	51	966	0.00007
Sulfitobacter sp. THAF37	2587855	S	872	359	1231	0.00009
Sulfitobacter sp. JL08	2070369	S	476	11	487	0.00004
Sulfitobacter sp. D7	1968541	S	446	166	612	0.00005
Sulfitobacter sp. SK011	1389004	S	388	10	398	0.00003
Sulfitobacter sp. DSM 110093	2883127	S	369	110	479	0.00004
Sulfitobacter sp. SK012	1389005	S	321	6	327	0.00002
Sulfitobacter sp. BSw21498	664426	S	314	47	361	0.00003
Sulfitobacter sp. SK025	1389011	S	110	230	340	0.00003
Sulfitobacter sp. CB2047	1525218	S	83	235	318	0.00002
Sulfitobacter sp. B30-2	2785912	S	58	129	187	0.00001
Sulfitobacter alexandrii	1917485	S	1283	631	1914	0.00014
Sulfitobacter mediterraneus	83219	S	791	78	869	0.00006
Sulfitobacter indolifex	225422	S	429	95	524	0.00004
Sulfitobacter dubius	218673	S	363	161	524	0.00004
Sulfitobacter pontiacus	60137	S	178	404	582	0.00004
Salipiger profundus	1229727	S	2470	1085	3555	0.00026
Salipiger abyssi	1250539	S	1906	759	2665	0.00020
Salipiger sp. CCB-MM3	1792508	S	1663	241	1904	0.00014
Roseivivax sp. THAF30	2587852	S	1398	285	1683	0.00012
Roseivivax sp. THAF197b	2588299	S	44	623	667	0.00005
Roseivivax sp. THAF40	2587858	S	37	678	715	0.00005
Roseivivax marinus	1379903	S	2387	384	2771	0.00021
Celeribacter indicus	1208324	S	2005	958	2963	0.00022
Celeribacter ethanolicus	1758178	S	886	294	1180	0.00009
Celeribacter baekdonensis	875171	S	404	104	508	0.00004
Celeribacter marinus	1397108	S	293	10	303	0.00002
Phaeobacter gallaeciensis	60890	S	1066	304	1370	0.00010
Phaeobacter inhibens	221822	S	744	2879	3623	0.00027
Phaeobacter piscinae	1580596	S	369	137	506	0.00004
Phaeobacter porticola	1844006	S	239	31	270	0.00002
Phaeobacter sp. LSS9	681157	S	76	24	100	0.00001
Leisingera aquaemixtae	1396826	S	1108	213	1321	0.00010
Leisingera sp. NJS204	2508307	S	214	369	583	0.00004
Leisingera sp. NJS201	2508306	S	205	335	540	0.00004
Leisingera methylohalidivorans	133924	S	717	172	889	0.00007
Ruegeria sp. TM1040	292414	S	495	83	578	0.00004
Ruegeria sp. THAF33	2587853	S	380	94	474	0.00004
Ruegeria sp. SCSIO 43209	2793010	S	349	63	412	0.00003
Ruegeria sp. AD91A	2293862	S	300	33	333	0.00002
Ruegeria pomeroyi	89184	S	1241	228	1469	0.00011
Sulfitobacter pseudonitzschiae	1402135	S	1577	525	2102	0.00016
Pseudosulfitobacter sp. DSM 107133	2883100	S	593	225	818	0.00006
Yangia pacifica	311180	S	2145	370	2515	0.00019
Sagittula sp. P11	2009329	S	2143	864	3007	0.00022
Ponticoccus alexandrii	1943633	S	1594	242	1836	0.00014
Mameliella alba	561184	S	1579	288	1867	0.00014
Roseobacter ponti	1891787	S	614	16	630	0.00005
Roseobacter denitrificans	2434	S	472	55	527	0.00004
Roseobacter litoralis	42443	S	350	44	394	0.00003
Dinoroseobacter shibae	215813	S	1428	500	1928	0.00014
Ketogulonicigenium vulgare	92945	S	666	104	770	0.00006
Ketogulonicigenium robustum	92947	S	650	79	729	0.00005
Octadecabacter sp. SW4	2602067	S	486	68	554	0.00004
Octadecabacter arcticus	53946	S	314	37	351	0.00003
Octadecabacter antarcticus	1217908	S	262	25	287	0.00002
Octadecabacter temperatus	1458307	S	190	4	194	0.00001
Actibacterium sp. EMB200-NS6	1609966	S	1253	589	1842	0.00014
Oceanicola sp. D3	2587163	S	1174	62	1236	0.00009
Roseibacterium elongatum	159346	S	1160	101	1261	0.00009
Maribius sp. THAF1	2587842	S	859	46	905	0.00007
Tateyamaria omphalii	299262	S	856	29	885	0.00007
Thalassococcus sp. S3	2017482	S	839	22	861	0.00006
Antarctobacter heliothermus	74033	S	832	43	875	0.00006
Jannaschia sp. CCS1	290400	S	765	21	786	0.00006
Thalassobius gelatinovorus	53501	S	521	28	549	0.00004
Falsihalocynthiibacter arcticus	1579316	S	232	7	239	0.00002
Caulobacter sp. S6	2823693	S	5337	625	5962	0.00044
Caulobacter sp. FWC26	69665	S	1981	869	2850	0.00021
Caulobacter segnis	88688	S	6213	3586	9799	0.00073
Caulobacter mirabilis	69666	S	5184	1025	6209	0.00046
Caulobacter vibrioides	155892	S	4228	1733	5961	0.00044
Caulobacter flavus	1679497	S	3908	1115	5023	0.00037
Caulobacter soli	2708539	S	3446	1094	4540	0.00034
Caulobacter rhizosphaerae	2010972	S	3267	950	4217	0.00031
Caulobacter henricii	69395	S	1754	305	2059	0.00015
Brevundimonas sp. M20	2591463	S	1686	272	1958	0.00015
Brevundimonas sp. PAMC22021	2861285	S	1665	376	2041	0.00015
Brevundimonas sp. LM2	1938605	S	1643	291	1934	0.00014
Brevundimonas sp. MF30-B	2561924	S	1570	257	1827	0.00014
Brevundimonas sp. AJA228-03	2752515	S	1207	164	1371	0.00010
Brevundimonas sp. CS1	2813778	S	485	483	968	0.00007
Brevundimonas sp. SGAir0440	2579977	S	405	393	798	0.00006
Brevundimonas sp. GW460-12-10-14-LB2	1827469	S	392	686	1078	0.00008
Brevundimonas sp. DS20	1532555	S	377	918	1295	0.00010
Brevundimonas sp. Bb-A	2560058	S	323	645	968	0.00007
Brevundimonas sp. 'scallop'	2562582	S	299	528	827	0.00006
Brevundimonas naejangsanensis	588932	S	2929	1031	3960	0.00029
Brevundimonas goettingensis	2774190	S	1932	314	2246	0.00017
Brevundimonas albigilva	1312364	S	1858	1061	2919	0.00022
Brevundimonas subvibrioides	74313	S	1567	290	1857	0.00014
Brevundimonas pondensis	2774189	S	1284	404	1688	0.00013
Brevundimonas diminuta	293	S	1242	2369	3611	0.00027
Brevundimonas vitisensis	2800818	S	1224	156	1380	0.00010
Brevundimonas nasdae	172043	S	1101	778	1879	0.00014
Brevundimonas mediterranea	74329	S	1091	430	1521	0.00011
Brevundimonas vesicularis	41276	S	369	830	1199	0.00009
Brevundimonas vancanneytii	1325724	S	342	1329	1671	0.00012
Terricaulis silvestris	2686094	S	23785	903	24688	0.00183
Phenylobacterium zucineum	284016	S	9745	2172	11917	0.00088
Phenylobacterium parvum	2201350	S	2922	356	3278	0.00024
Asticcacaulis excentricus	78587	S	1586	268	1854	0.00014
Asticcacaulis sp. AND118	2840468	S	1319	215	1534	0.00011
Candidatus Viadribacter manganicus	1759059	S	12141	372	12513	0.00093
Hyphomonas sp. CACIAM 19H1	1873716	S	1268	220	1488	0.00011
Hyphomonas sp. Mor2	1906738	S	861	20	881	0.00007
Hyphomonas sp. KY3	2016196	S	771	95	866	0.00006
Hyphomonas neptunium	81032	S	1153	153	1306	0.00010
Hirschia baltica	2724	S	88	2	90	0.00001
Marinicauda algicola	2029849	S	3082	575	3657	0.00027
Maricaulis maris	74318	S	1182	85	1267	0.00009
Glycocaulis alkaliphilus	1434191	S	1180	69	1249	0.00009
Hyphobacterium sp. CCMP332	2749086	S	891	41	932	0.00007
Aquisalinus flavus	1526572	S	1374	71	1445	0.00011
Parvularcula bermudensis	208216	S	536	69	605	0.00004
Anaplasma ovis	142058	S	52	10	62	0.00000
Anaplasma platys	949	S	43	8	51	0.00000
Anaplasma marginale	770	S	22	24	46	0.00000
Anaplasma phagocytophilum	948	S	22	3	25	0.00000
Anaplasma centrale	769	S	17	18	35	0.00000
Ehrlichia ruminantium	779	S	33	17	50	0.00000
Neorickettsia helminthoeca	33994	S	14	18	32	0.00000
Candidatus Neoehrlichia mikurensis	89586	S	16	6	22	0.00000
Rickettsia tillamookensis	2761623	S	31	68	99	0.00001
Rickettsia endosymbiont of Oedothorax gibbosus	931099	S	28	8	36	0.00000
Rickettsia endosymbiont of Bemisia tabaci	337479	S	10	20	30	0.00000
Orientia tsutsugamushi	784	S	20	1	21	0.00000
Candidatus Sneabacter namystus	2601646	S	18	3	21	0.00000
Candidatus Phycorickettsia trachydisci	2115978	S	38	5	43	0.00000
Candidatus Midichloria mitochondrii	234827	S	31	5	36	0.00000
Candidatus Fokinia solitaria	1802984	S	25	1	26	0.00000
Rickettsiales endosymbiont of Stachyamoeba lipophora	2486578	S	35	6	41	0.00000
Candidatus Deianiraea vastatrix	2163644	S	24	0	24	0.00000
Micavibrio aeruginosavorus	349221	S	759	10	769	0.00006
Candidatus Puniceispirillum marinum	767892	S	146	4	150	0.00001
Paremcibacter congregatus	2043170	S	406	14	420	0.00003
Luteithermobacter gelatinilyticus	2582913	S	399	79	478	0.00004
Candidatus Hydrogenosomobacter endosymbioticus	2558174	S	37	0	37	0.00000
endosymbiont of Acanthamoeba sp. UWC8	86106	S	36	0	36	0.00000
Candidatus Cytomitobacter indipagum	2601575	S	16	4	20	0.00000
Candidatus Cytomitobacter primus	2066024	S	11	2	13	0.00000
Candidatus Gromoviella agglomerans	2806609	S	19	0	19	0.00000
Candidatus Nesciobacter abundans	2601668	S	14	2	16	0.00000
Candidatus Nucleicultrix amoebiphila	1509244	S	74	3	77	0.00001
Candidatus Paracaedibacter acanthamoebae	91604	S	65	2	67	0.00000
Magnetococcus marinus	1124597	S	222	6	228	0.00002
Candidatus Pelagibacter sp. RS40	1977865	S	19	13	32	0.00000
Candidatus Fonsibacter ubiquis	1925548	S	30	4	34	0.00000
Kordiimonas pumila	2161677	S	105	2	107	0.00001
Burkholderia multivorans	87883	S	6304	2873	9177	0.00068
Burkholderia ubonensis	101571	S	6302	3949	10251	0.00076
Burkholderia cenocepacia	95486	S	4675	12635	17310	0.00128
Burkholderia cepacia	292	S	4163	7714	11877	0.00088
Burkholderia pyrrocinia	60550	S	2672	1374	4046	0.00030
Burkholderia ambifaria	152480	S	2209	1682	3891	0.00029
Burkholderia stagnalis	1503054	S	2061	752	2813	0.00021
Burkholderia contaminans	488447	S	2037	1292	3329	0.00025
Burkholderia anthina	179879	S	1940	1750	3690	0.00027
Burkholderia dolosa	152500	S	1783	8074	9857	0.00073
Burkholderia stabilis	95485	S	1725	1252	2977	0.00022
Burkholderia lata	482957	S	1691	1501	3192	0.00024
Burkholderia territorii	1503055	S	1375	644	2019	0.00015
Burkholderia seminalis	488731	S	1174	533	1707	0.00013
Burkholderia vietnamiensis	60552	S	1159	52211	53370	0.00395
Burkholderia metallica	488729	S	889	420	1309	0.00010
Burkholderia diffusa	488732	S	707	334	1041	0.00008
Burkholderia pseudomultivorans	1207504	S	533	567	1100	0.00008
Burkholderia latens	488446	S	289	585	874	0.00006
Burkholderia aenigmatica	2015348	S	274	599	873	0.00006
Burkholderia pseudomallei	28450	S	2737	9295	12032	0.00089
Burkholderia mayonis	1385591	S	2003	492	2495	0.00018
Burkholderia thailandensis	57975	S	1962	2031	3993	0.00030
Burkholderia oklahomensis	342113	S	1350	1288	2638	0.00020
Burkholderia savannae	1637837	S	337	420	757	0.00006
Burkholderia sp. MSMB1588	1636423	S	169	325	494	0.00004
Burkholderia sp. MSMB617WGS	1637831	S	83	210	293	0.00002
Burkholderia mallei	13373	S	81	10403	10484	0.00078
Burkholderia sp. DHOD12	2571746	S	3546	446	3992	0.00030
Burkholderia sp. Bp7605	1740163	S	1943	308	2251	0.00017
Burkholderia sp. LA-2-3-30-S1-D2	1637862	S	705	378	1083	0.00008
Burkholderia sp. NRF60-BP8	1637853	S	663	329	992	0.00007
Burkholderia sp. MSMB0856	1637869	S	632	365	997	0.00007
Burkholderia sp. JP2-270	2217913	S	618	354	972	0.00007
Burkholderia sp. PAMC 26561	1795043	S	539	618	1157	0.00009
Burkholderia sp. MS455	2811788	S	459	293	752	0.00006
Burkholderia sp. PAMC 28687	1795874	S	388	682	1070	0.00008
Burkholderia sp. IDO3	1705310	S	309	407	716	0.00005
Burkholderia sp. KBS0801	1179675	S	143	248	391	0.00003
Burkholderia sp. LAS2	2813843	S	96	396	492	0.00004
Burkholderia sp. MBR-1	2732364	S	51	195	246	0.00002
Burkholderia sp. KJ006	416344	S	50	291	341	0.00003
Burkholderia sp. MS389	2811789	S	34	224	258	0.00002
Burkholderia sp. B21-007	2890407	S	12	436	448	0.00003
Burkholderia gladioli	28095	S	7212	2672	9884	0.00073
Burkholderia glumae	337	S	2764	1015	3779	0.00028
Burkholderia plantarii	41899	S	2057	755	2812	0.00021
Burkholderia perseverans	2615214	S	1691	661	2352	0.00017
Cupriavidus taiwanensis	164546	S	12741	11306	24047	0.00178
Cupriavidus pauculus	82633	S	10547	5120	15667	0.00116
Cupriavidus oxalaticus	96344	S	8391	4125	12516	0.00093
Cupriavidus necator	106590	S	5425	4830	10255	0.00076
Cupriavidus basilensis	68895	S	5115	3121	8236	0.00061
Cupriavidus sp. EM10	2839983	S	2257	1475	3732	0.00028
Cupriavidus sp. MP-37	2884455	S	1190	1339	2529	0.00019
Cupriavidus sp. KK10	1478019	S	441	1435	1876	0.00014
Cupriavidus sp. ISTL7	2771360	S	333	2340	2673	0.00020
Cupriavidus sp. USMAA2-4	876364	S	285	2156	2441	0.00018
Cupriavidus sp. USMAHM13	1389192	S	196	1487	1683	0.00012
Cupriavidus campinensis	151783	S	4374	1777	6151	0.00046
Cupriavidus metallidurans	119219	S	3274	2343	5617	0.00042
Cupriavidus pinatubonensis	248026	S	2939	572	3511	0.00026
Cupriavidus gilardii	82541	S	1120	6107	7227	0.00054
Cupriavidus neocaledonicus	1040979	S	1084	1453	2537	0.00019
Cupriavidus nantongensis	1796606	S	926	2736	3662	0.00027
Cupriavidus malaysiensis	367825	S	224	1616	1840	0.00014
Paraburkholderia sp. SOS3	1926494	S	2716	442	3158	0.00023
Paraburkholderia sp. PGU16	2735433	S	1467	870	2337	0.00017
Paraburkholderia sp. PGU19	2735434	S	1105	1007	2112	0.00016
Paraburkholderia pallida	2547399	S	3653	744	4397	0.00033
Paraburkholderia aromaticivorans	2026199	S	3355	1589	4944	0.00037
Paraburkholderia caribensis	75105	S	3213	2583	5796	0.00043
Paraburkholderia acidisoli	2571748	S	3145	640	3785	0.00028
Paraburkholderia tropica	92647	S	2804	706	3510	0.00026
Paraburkholderia edwinii	2861782	S	2734	415	3149	0.00023
Paraburkholderia acidiphila	2571747	S	2604	574	3178	0.00024
Paraburkholderia phytofirmans	261302	S	2527	1172	3699	0.00027
Paraburkholderia atlantica	2654982	S	2340	629	2969	0.00022
Paraburkholderia terricola	169427	S	2282	751	3033	0.00022
Paraburkholderia phymatum	148447	S	2218	611	2829	0.00021
Paraburkholderia sprentiae	948107	S	2067	499	2566	0.00019
Paraburkholderia fungorum	134537	S	1957	499	2456	0.00018
Paraburkholderia megapolitana	420953	S	1930	210	2140	0.00016
Paraburkholderia graminis	60548	S	1921	516	2437	0.00018
Paraburkholderia phenoliruptrix	252970	S	1915	596	2511	0.00019
Paraburkholderia caledonica	134536	S	1772	352	2124	0.00016
Paraburkholderia terrae	311230	S	1767	2121	3888	0.00029
Paraburkholderia ginsengisoli	311231	S	1712	572	2284	0.00017
Paraburkholderia dokdonella	2211211	S	1560	466	2026	0.00015
Paraburkholderia hospita	169430	S	1496	1793	3289	0.00024
Paraburkholderia caffeinilytica	1761016	S	1481	419	1900	0.00014
Paraburkholderia xenovorans	36873	S	1416	1980	3396	0.00025
Paraburkholderia dioscoreae	2604047	S	1018	719	1737	0.00013
Ralstonia solanacearum	305	S	6679	40028	46707	0.00346
Ralstonia insidiosa	190721	S	1951	1634	3585	0.00027
Ralstonia pickettii	329	S	1453	636	2089	0.00015
Ralstonia mannitolilytica	105219	S	1352	1642	2994	0.00022
Ralstonia sp. 56D2	2842456	S	1264	214	1478	0.00011
Ralstonia syzygii	28097	S	109	366	475	0.00004
Ralstonia pseudosolanacearum	1310165	S	29	593	622	0.00005
Pandoraea pnomenusa	93220	S	2821	1518	4339	0.00032
Pandoraea thiooxydans	445709	S	2328	222	2550	0.00019
Pandoraea pulmonicola	93221	S	2137	538	2675	0.00020
Pandoraea vervacti	656178	S	1599	534	2133	0.00016
Pandoraea sp. XY-2	2518599	S	1594	954	2548	0.00019
Pandoraea norimbergensis	93219	S	1531	279	1810	0.00013
Pandoraea faecigallinarum	656179	S	1499	462	1961	0.00015
Pandoraea apista	93218	S	1271	801	2072	0.00015
Pandoraea fibrosis	1891094	S	1165	441	1606	0.00012
Pandoraea oxalativorans	573737	S	1125	605	1730	0.00013
Pandoraea sputorum	93222	S	1062	534	1596	0.00012
Caballeronia sp. Lep1P3	2878150	S	2259	616	2875	0.00021
Caballeronia sp. TF1N1	2878153	S	1975	268	2243	0.00017
Caballeronia sp. SL2Y3	2878151	S	1116	687	1803	0.00013
Caballeronia sp. Sq4a	2878152	S	964	749	1713	0.00013
Caballeronia sp. M1242	2814653	S	953	721	1674	0.00012
Caballeronia sp. SBC2	2705547	S	129	1110	1239	0.00009
Caballeronia sp. SBC1	2705548	S	103	1239	1342	0.00010
Caballeronia zhejiangensis	871203	S	2748	752	3500	0.00026
Caballeronia insecticola	758793	S	2405	592	2997	0.00022
Caballeronia grimmiae	1071679	S	2103	1242	3345	0.00025
Polynucleobacter sp. MWH-Braz-FAM2G	1855883	S	62	7	69	0.00001
Polynucleobacter sp. MWH-UH24A	2689110	S	58	3	61	0.00000
Polynucleobacter sp. AP-Nino-20-G2	2576917	S	58	12	70	0.00001
Polynucleobacter sp. MWH-P3-07-1	1743173	S	54	7	61	0.00000
Polynucleobacter sp. MWH-CaK5	2689107	S	53	3	56	0.00000
Polynucleobacter sp. JS-JIR-II-50	2576919	S	45	17	62	0.00000
Polynucleobacter sp. AP-Kolm-20A-A1	2081041	S	44	23	67	0.00000
Polynucleobacter sp. MWH-Aus1W21	1855880	S	41	8	49	0.00000
Polynucleobacter sp. TSB-Sco08W16	1758374	S	39	5	44	0.00000
Polynucleobacter sp. MWH-UH21B	1743174	S	39	6	45	0.00000
Polynucleobacter sp. AP-Ainpum-60-G11	2576926	S	38	8	46	0.00000
Polynucleobacter sp. MWH-UH25E	1855616	S	37	6	43	0.00000
Polynucleobacter sp. MWH-UH35A	1855619	S	35	5	40	0.00000
Polynucleobacter sp. es-MAR-2	1819725	S	35	6	41	0.00000
Polynucleobacter sp. VK25	1758398	S	34	7	41	0.00000
Polynucleobacter sp. LimPoW16	1743162	S	34	1	35	0.00000
Polynucleobacter sp. MWH-UH2A	1855617	S	33	5	38	0.00000
Polynucleobacter sp. es-EL-1	1855652	S	31	4	35	0.00000
Polynucleobacter sp. MWH-Spelu-300-X4	2689109	S	31	1	32	0.00000
Polynucleobacter sp. MWH-Svant-W18	1855909	S	30	5	35	0.00000
Polynucleobacter sp. AP-Titi-500A-B4	2576923	S	29	5	34	0.00000
Polynucleobacter sp. JS-JIR-II-b4	1758390	S	29	13	42	0.00000
Polynucleobacter sp. AP-Elch-400A-B2	2576930	S	27	10	37	0.00000
Polynucleobacter sp. JS-Mosq-20-D10	2576922	S	27	8	35	0.00000
Polynucleobacter sp. Adler-ghost	2770234	S	26	9	35	0.00000
Polynucleobacter sp. MG-6-Vaara-E2	2576932	S	22	3	25	0.00000
Polynucleobacter sp. AP-Sving-400A-A2	2081049	S	21	9	30	0.00000
Polynucleobacter sp. AP-Jannik-300A-C4	2576928	S	19	15	34	0.00000
Polynucleobacter sp. MG-Unter2-18	2081052	S	16	10	26	0.00000
Polynucleobacter sp. AP-Melu-1000-A1	2081042	S	16	5	21	0.00000
Polynucleobacter sp. MWH-S4W17	1855910	S	14	5	19	0.00000
Polynucleobacter sp. AM-7D1	2689102	S	13	11	24	0.00000
Polynucleobacter sp. MG-5-Ahmo-C2	2081051	S	10	60	70	0.00001
Polynucleobacter sp. UB-Siik-W21	1855646	S	10	21	31	0.00000
Polynucleobacter necessarius	576610	S	243	40	283	0.00002
Polynucleobacter difficilis	556054	S	131	11	142	0.00001
Polynucleobacter asymbioticus	576611	S	127	17	144	0.00001
Polynucleobacter acidiphobus	556053	S	79	5	84	0.00001
Polynucleobacter paneuropaeus	2527775	S	69	7	76	0.00001
Polynucleobacter wuianus	1743168	S	41	11	52	0.00000
Polynucleobacter duraquae	1835254	S	24	14	38	0.00000
Lautropia mirabilis	47671	S	2132	460	2592	0.00019
Chitinimonas arctica	2594795	S	1439	137	1576	0.00012
Mycetohabitans rhizoxinica	412963	S	1255	102	1357	0.00010
Mycoavidus sp. HKI	2840467	S	155	14	169	0.00001
Mycoavidus sp. B2-EB	2651972	S	62	11	73	0.00001
Mycoavidus cysteinexigens	1553431	S	166	19	185	0.00001
Limnobacter sp. SAORIC-580	2732163	S	234	13	247	0.00002
Candidatus Vallotia cooleyia	1177211	S	55	8	63	0.00000
Candidatus Vallotia sp. (ex Adelges kitamiensis)	2864217	S	54	23	77	0.00001
Candidatus Vallotia lariciata	2018052	S	47	21	68	0.00001
Candidatus Vallotia tarda	1177213	S	36	7	43	0.00000
Ephemeroptericola cinctiostellae	2268024	S	133	10	143	0.00001
Variovorax sp. HW608	1034889	S	9827	1937	11764	0.00087
Variovorax sp. RA8	662548	S	5644	4988	10632	0.00079
Variovorax sp. WDL1	207745	S	5309	9337	14646	0.00108
Variovorax sp. PBL-H6	434009	S	5190	5368	10558	0.00078
Variovorax sp. PBS-H4	434008	S	5145	3769	8914	0.00066
Variovorax sp. PAMC 28711	1795631	S	3901	773	4674	0.00035
Variovorax sp. RKNM96	2681552	S	3730	1561	5291	0.00039
Variovorax sp. PAMC28562	2762323	S	3094	312	3406	0.00025
Variovorax sp. PAMC26660	2762322	S	3059	853	3912	0.00029
Variovorax sp. SRS16	282217	S	2642	5975	8617	0.00064
Variovorax sp. PBL-E5	434014	S	1955	5128	7083	0.00052
Variovorax sp. 38R	2774875	S	1943	2703	4646	0.00034
Variovorax sp. PDNC026	2811425	S	97	3564	3661	0.00027
Variovorax sp. PMC12	2126319	S	39	1841	1880	0.00014
Variovorax paradoxus	34073	S	18984	19185	38169	0.00283
Variovorax boronicumulans	436515	S	2659	2128	4787	0.00035
Hydrogenophaga sp. BA0156	2716225	S	4727	3973	8700	0.00064
Hydrogenophaga sp. YM1	2806262	S	4077	2451	6528	0.00048
Hydrogenophaga sp. BPS33	2651974	S	3967	3739	7706	0.00057
Hydrogenophaga sp. PBC	795665	S	3952	5465	9417	0.00070
Hydrogenophaga sp. SL48	2806347	S	3293	932	4225	0.00031
Hydrogenophaga sp. RAC07	1842537	S	2626	1030	3656	0.00027
Hydrogenophaga sp. PBL-H3	434010	S	2478	2670	5148	0.00038
Hydrogenophaga sp. NH-16	2184519	S	1457	3393	4850	0.00036
Hydrogenophaga sp. PAMC20947	2565558	S	1227	98	1325	0.00010
Hydrogenophaga taeniospiralis	65656	S	2625	931	3556	0.00026
Hydrogenophaga pseudoflava	47421	S	1529	2704	4233	0.00031
Hydrogenophaga crassostreae	1763535	S	1140	85	1225	0.00009
Acidovorax sp. YS12	2738413	S	2392	2460	4852	0.00036
Acidovorax sp. JMULE5	2518343	S	1586	517	2103	0.00016
Acidovorax sp. RAC01	1842533	S	1577	1543	3120	0.00023
Acidovorax sp. HDW3	2714923	S	1487	1276	2763	0.00020
Acidovorax sp. KKS102	358220	S	1418	1209	2627	0.00019
Acidovorax sp. 1608163	2478662	S	1169	293	1462	0.00011
Acidovorax sp. T1	1858609	S	908	3947	4855	0.00036
Acidovorax avenae	80867	S	5163	3657	8820	0.00065
Acidovorax antarcticus	2743470	S	2945	2687	5632	0.00042
Acidovorax monticola	1926868	S	2877	1357	4234	0.00031
Acidovorax carolinensis	553814	S	1914	1833	3747	0.00028
Acidovorax citrulli	80869	S	1446	2146	3592	0.00027
Acidovorax cattleyae	80868	S	1345	1027	2372	0.00018
Acidovorax radicis	758826	S	1201	288	1489	0.00011
Ramlibacter tataouinensis	94132	S	20988	9623	30611	0.00227
Comamonas sp. NLF-7-7	2597701	S	2055	1861	3916	0.00029
Comamonas sp. NLF-1-9	2853163	S	1658	1136	2794	0.00021
Comamonas sp. B21-038	2918299	S	1015	289	1304	0.00010
Comamonas sp. Y33R10-2	2853257	S	326	73	399	0.00003
Comamonas serinivorans	1082851	S	2396	808	3204	0.00024
Comamonas aquatica	225991	S	2384	2812	5196	0.00038
Comamonas testosteroni	285	S	1556	2556	4112	0.00030
Comamonas koreensis	160825	S	986	722	1708	0.00013
Comamonas odontotermitis	379895	S	920	218	1138	0.00008
Comamonas thiooxydans	363952	S	752	1795	2547	0.00019
Comamonas piscis	1562974	S	745	169	914	0.00007
Comamonas kerstersii	225992	S	605	396	1001	0.00007
Comamonas fluminis	2796366	S	500	258	758	0.00006
Rhodoferax sp. BAB1	2741720	S	3084	1013	4097	0.00030
Rhodoferax sp. AJA081-3	2752316	S	1073	91	1164	0.00009
Rhodoferax sp. PAMC 29310	2822760	S	710	95	805	0.00006
Rhodoferax sp. MIZ03	2798804	S	577	72	649	0.00005
Rhodoferax koreense	1842727	S	4581	2878	7459	0.00055
Rhodoferax sediminis	2509614	S	3439	632	4071	0.00030
Rhodoferax ferrireducens	192843	S	1487	121	1608	0.00012
Rhodoferax saidenbachensis	1484693	S	1050	137	1187	0.00009
Rhodoferax antarcticus	81479	S	771	72	843	0.00006
Rhodoferax aquaticus	2527691	S	446	53	499	0.00004
Schlegelella thermodepolymerans	215580	S	8362	4868	13230	0.00098
Schlegelella brevitalea	413882	S	6971	1206	8177	0.00061
Diaphorobacter sp. HDW4A	2714924	S	1939	2256	4195	0.00031
Diaphorobacter sp. HDW4B	2714925	S	1698	257	1955	0.00014
Diaphorobacter sp. JS3051	2792224	S	176	3296	3472	0.00026
Diaphorobacter sp. MNS-0	2866628	S	170	1584	1754	0.00013
Diaphorobacter sp. JS3050	2735554	S	159	1967	2126	0.00016
Diaphorobacter ruginosibacter	1715720	S	2141	467	2608	0.00019
Diaphorobacter aerolatus	1288495	S	1640	3039	4679	0.00035
[Acidovorax] ebreus	721785	S	282	1851	2133	0.00016
Diaphorobacter nitroreducens	164759	S	253	753	1006	0.00007
Polaromonas sp. JS666	296591	S	3345	3097	6442	0.00048
Polaromonas naphthalenivorans	216465	S	2412	455	2867	0.00021
Polaromonas vacuolata	37448	S	294	38	332	0.00002
Delftia tsuruhatensis	180282	S	1989	6293	8282	0.00061
Delftia acidovorans	80866	S	1598	3407	5005	0.00037
Delftia lacustris	558537	S	552	3634	4186	0.00031
Delftia sp. Cs1-4	742013	S	229	587	816	0.00006
Delftia sp. HK171	1920191	S	140	415	555	0.00004
Kinneretia sp. DAIF2	2714952	S	6802	2942	9744	0.00072
Kinneretia sp. XES5	2877940	S	1726	2555	4281	0.00032
Ottowia sp. 27C	2816950	S	2786	635	3421	0.00025
Ottowia sp. oral taxon 894	1658672	S	1015	174	1189	0.00009
Ottowia oryzae	2109914	S	2069	534	2603	0.00019
Alicycliphilus denitrificans	179636	S	5360	11905	17265	0.00128
Melaminivora sp. SC2-9	2109913	S	2443	3383	5826	0.00043
Melaminivora jejuensis	1267217	S	1747	1601	3348	0.00025
Serpentinimonas maccroryi	1458426	S	1754	669	2423	0.00018
Serpentinimonas raichei	1458425	S	1411	598	2009	0.00015
Hylemonella gracilis	80880	S	2514	430	2944	0.00022
Verminephrobacter eiseniae	364317	S	2486	362	2848	0.00021
Pulveribacter suum	2116657	S	1845	1128	2973	0.00022
Simplicispira suum	2109915	S	1596	713	2309	0.00017
Limnohabitans sp. 63ED37-2	1678128	S	858	112	970	0.00007
Limnohabitans sp. 103DPR2	1678129	S	279	25	304	0.00002
Candidatus Symbiobacter mobilis	1436290	S	760	32	792	0.00006
Curvibacter sp. AEP1-3	1844971	S	755	64	819	0.00006
Rhizobacter sp. AJA081-3	2753607	S	17455	5663	23118	0.00171
Rhizobacter gummiphilus	946333	S	9817	2460	12277	0.00091
Sphaerotilus sp. FB-5	2914710	S	6458	5039	11497	0.00085
Sphaerotilus natans	34103	S	5840	2893	8733	0.00065
Methylibium sp. Pch-M	2082386	S	4092	4290	8382	0.00062
Methylibium petroleiphilum	105560	S	3801	4328	8129	0.00060
Rubrivivax gelatinosus	28068	S	11486	4549	16035	0.00119
Aquincola tertiaricarbonis	391953	S	9025	3925	12950	0.00096
Leptothrix cholodnii	34029	S	7690	3107	10797	0.00080
Thiomonas sp. X19	1050370	S	2388	970	3358	0.00025
Thiomonas intermedia	926	S	1614	265	1879	0.00014
Thiomonas arsenitoxydans	426114	S	568	1081	1649	0.00012
Mitsuaria sp. 7	1658665	S	6116	1539	7655	0.00057
Ideonella dechloratans	36863	S	3868	2913	6781	0.00050
Xylophilus rhododendri	2697032	S	3793	1384	5177	0.00038
Tepidimonas taiwanensis	307486	S	3197	1438	4635	0.00034
Aquabacterium olei	1296669	S	2920	973	3893	0.00029
Roseateles depolymerans	76731	S	2653	642	3295	0.00024
Inhella inkyongensis	392593	S	2135	428	2563	0.00019
Paucibacter sp. KCTC 42545	1768242	S	1680	362	2042	0.00015
Candidatus Ichthyocystis hellenicum	1561003	S	49	1	50	0.00000
Massilia sp. WG5	1707785	S	4145	2183	6328	0.00047
Massilia sp. HC52	2852099	S	3360	1113	4473	0.00033
Massilia sp. LPB0304	2769491	S	3090	927	4017	0.00030
Massilia sp. DM-R-R2A-13	2899220	S	2724	736	3460	0.00026
Massilia sp. YMA4	1593482	S	2576	1574	4150	0.00031
Massilia sp. NP310	2861282	S	2352	1829	4181	0.00031
Massilia sp. PAMC28688	2861283	S	1961	357	2318	0.00017
Massilia sp. MB5	2919578	S	399	1478	1877	0.00014
Massilia sp. NR 4-1	1678028	S	385	1379	1764	0.00013
Massilia sp. Dwa41.01b	2709302	S	52	1956	2008	0.00015
Massilia sp. Se16.2.3	2709303	S	40	1518	1558	0.00012
Massilia putida	1141883	S	4955	1888	6843	0.00051
Massilia violaceinigra	2045208	S	4779	1594	6373	0.00047
Massilia flava	871742	S	4308	1254	5562	0.00041
Massilia lutea	321985	S	2816	1018	3834	0.00028
Massilia umbonata	864828	S	2772	1312	4084	0.00030
Massilia albidiflava	321983	S	2705	1269	3974	0.00029
Massilia plicata	321984	S	2509	780	3289	0.00024
Massilia armeniaca	2072590	S	2493	1541	4034	0.00030
Massilia antarctica	2765360	S	2021	886	2907	0.00022
Massilia oculi	945844	S	1995	1496	3491	0.00026
Duganella sp. GN2-R2	2728020	S	3506	1755	5261	0.00039
Duganella sp. AF9R3	2728021	S	2284	563	2847	0.00021
Herbaspirillum robiniae	2014887	S	2553	1119	3672	0.00027
Herbaspirillum seropedicae	964	S	1779	878	2657	0.00020
Herbaspirillum frisingense	92645	S	1759	656	2415	0.00018
Herbaspirillum hiltneri	341045	S	1694	343	2037	0.00015
Herbaspirillum rubrisubalbicans	80842	S	1578	864	2442	0.00018
Herbaspirillum huttiense	863372	S	1122	535	1657	0.00012
Herbaspirillum sp. meg3	2025949	S	938	129	1067	0.00008
Janthinobacterium sp. 17J80-10	2497863	S	1555	276	1831	0.00014
Janthinobacterium sp. 1_2014MBL_MicDiv	1644131	S	1403	577	1980	0.00015
Janthinobacterium sp. LM6	1938606	S	683	461	1144	0.00008
Janthinobacterium sp. PAMC25594	2861284	S	462	312	774	0.00006
Janthinobacterium sp. Marseille	375286	S	426	127	553	0.00004
Janthinobacterium sp. HH102	1537274	S	298	516	814	0.00006
Janthinobacterium sp. B9-8	1236179	S	142	50	192	0.00001
Janthinobacterium agaricidamnosum	55508	S	2014	3550	5564	0.00041
Janthinobacterium lividum	29581	S	538	608	1146	0.00008
Janthinobacterium tructae	2590869	S	499	292	791	0.00006
Janthinobacterium svalbardensis	368607	S	431	246	677	0.00005
Collimonas fungivorans	158899	S	2031	641	2672	0.00020
Collimonas arenae	279058	S	1593	236	1829	0.00014
Collimonas pratensis	279113	S	1368	318	1686	0.00012
Noviherbaspirillum sp. UKPF54	2601898	S	3501	712	4213	0.00031
Undibacterium sp. YM2	2058625	S	220	80	300	0.00002
Undibacterium sp. KW1	2058624	S	169	61	230	0.00002
Undibacterium parvum	401471	S	269	42	311	0.00002
Glaciimonas sp. PAMC28666	2807626	S	352	27	379	0.00003
Herminiimonas arsenitoxidans	1809410	S	290	53	343	0.00003
Oxalobacter formigenes	847	S	205	23	228	0.00002
Achromobacter xylosoxidans	85698	S	7655	14748	22403	0.00166
Achromobacter sp. AONIH1	1758194	S	2629	3953	6582	0.00049
Achromobacter sp. MFA1 R4	1881016	S	2113	715	2828	0.00021
Achromobacter sp. 77	2756133	S	334	938	1272	0.00009
Achromobacter sp. B7	2282475	S	280	767	1047	0.00008
Achromobacter sp. ES-001	2860286	S	246	920	1166	0.00009
Achromobacter spanius	217203	S	3992	1892	5884	0.00044
Achromobacter denitrificans	32002	S	3792	3181	6973	0.00052
Achromobacter deleyi	1353891	S	2656	2143	4799	0.00036
Achromobacter insolitus	217204	S	1866	601	2467	0.00018
Achromobacter pestifer	1353889	S	1533	1226	2759	0.00020
Achromobacter mucicolens	1389922	S	454	781	1235	0.00009
Achromobacter ruhlandii	72557	S	34	1747	1781	0.00013
Bordetella sp. H567	1697043	S	2761	380	3141	0.00023
Bordetella sp. N	1746199	S	2510	325	2835	0.00021
Bordetella bronchialis	463025	S	3343	503	3846	0.00028
Bordetella genomosp. 13	463040	S	3336	2793	6129	0.00045
Bordetella genomosp. 8	1416806	S	3104	410	3514	0.00026
Bordetella flabilis	463014	S	2844	276	3120	0.00023
Bordetella genomosp. 9	1416803	S	2769	827	3596	0.00027
Bordetella hinzii	103855	S	2292	1099	3391	0.00025
Bordetella petrii	94624	S	2213	3546	5759	0.00043
Bordetella trematum	123899	S	1839	925	2764	0.00020
Bordetella pseudohinzii	1331258	S	1323	639	1962	0.00015
Bordetella bronchiseptica	518	S	1184	3342	4526	0.00034
Bordetella holmesii	35814	S	951	353	1304	0.00010
Bordetella avium	521	S	736	118	854	0.00006
Bordetella genomosp. 6	463024	S	426	602	1028	0.00008
Bordetella pertussis	520	S	236	5641	5877	0.00044
Bordetella parapertussis	519	S	155	13084	13239	0.00098
Pigmentiphaga sp. H8	2488560	S	5126	775	5901	0.00044
Pigmentiphaga aceris	1940612	S	1461	120	1581	0.00012
Orrella dioscoreae	1851544	S	2571	1066	3637	0.00027
Orrella marina	2163011	S	329	73	402	0.00003
Orrella sp. f23	2782176	S	185	15	200	0.00001
Castellaniella defragrans	75697	S	2966	2386	5352	0.00040
Alcaligenes faecalis	511	S	631	564	1195	0.00009
Alcaligenes sp. SORT26	2813780	S	195	37	232	0.00002
Alcaligenes sp. DN25	1367435	S	34	73	107	0.00001
Alcaligenes aquatilis	323284	S	119	437	556	0.00004
Alcaligenes ammonioxydans	2582914	S	27	294	321	0.00002
Pusillimonas thiosulfatoxidans	2028345	S	776	253	1029	0.00008
Pusillimonas sp. T7-7	1007105	S	481	86	567	0.00004
Pusillimonas sp. DMV24BSW_D	2716226	S	235	18	253	0.00002
Paralcaligenes sp. KSB-10	2901142	S	868	41	909	0.00007
Kerstersia gyiorum	206506	S	856	212	1068	0.00008
Advenella kashmirensis	310575	S	397	22	419	0.00003
Advenella mimigardefordensis	302406	S	352	19	371	0.00003
Oligella urethralis	90245	S	70	5	75	0.00001
Oligella ureolytica	90244	S	68	56	124	0.00001
Paenalcaligenes hominis	643674	S	66	4	70	0.00001
Basilea psittacipulmonis	1472345	S	43	4	47	0.00000
Taylorella asinigenitalis	84590	S	19	2	21	0.00000
Taylorella equigenitalis	29575	S	11	1	12	0.00000
Pelistega ratti	2652177	S	20	3	23	0.00000
Sutterella megalosphaeroides	2494234	S	949	195	1144	0.00008
Sutterella faecalis	2584944	S	772	132	904	0.00007
Sutterella wadsworthensis	40545	S	315	46	361	0.00003
Turicimonas muris	1796652	S	187	16	203	0.00002
Thauera sp. MZ1T	85643	S	4560	5492	10052	0.00074
Thauera sp. K11	2005884	S	4412	3201	7613	0.00056
Thauera humireducens	1134435	S	2979	2085	5064	0.00038
Thauera chlorobenzoica	96773	S	2267	2335	4602	0.00034
Thauera aromatica	59405	S	1875	3008	4883	0.00036
Thauera hydrothermalis	2184083	S	1265	439	1704	0.00013
Azoarcus sp. KH32C	748247	S	5003	1102	6105	0.00045
Azoarcus sp. DD4	2027405	S	3334	2557	5891	0.00044
Azoarcus olearius	418699	S	3948	1755	5703	0.00042
Azoarcus communis	41977	S	2788	1276	4064	0.00030
Nitrogeniibacter mangrovi	2016596	S	3379	855	4234	0.00031
Nitrogeniibacter aestuarii	2815343	S	1587	208	1795	0.00013
Aromatoleum petrolei	76116	S	4448	1304	5752	0.00043
Aromatoleum aromaticum	551760	S	3674	2912	6586	0.00049
Aromatoleum pumilum	2067960	S	3036	1360	4396	0.00033
Aromatoleum bremense	76115	S	3035	1994	5029	0.00037
Azospira restricta	404405	S	7669	4686	12355	0.00092
Azospira inquinata	2785627	S	620	64	684	0.00005
Azospira oryzae	146939	S	467	1260	1727	0.00013
Azospira sp. I09	1765049	S	441	1459	1900	0.00014
Niveibacterium microcysteis	2811415	S	2626	459	3085	0.00023
Oryzomicrobium terrae	1735038	S	2063	640	2703	0.00020
Rugosibacter aromaticivorans	1565605	S	545	113	658	0.00005
Dechloromonas denitrificans	281362	S	2873	820	3693	0.00027
Dechloromonas sp. HYN0024	2231055	S	820	191	1011	0.00007
Dechloromonas sp. TW-R-39-2	2654218	S	478	241	719	0.00005
Ferribacterium limneticum	76259	S	3957	777	4734	0.00035
Quatrionicoccus australiensis	138118	S	1679	571	2250	0.00017
Fluviibacter phosphoraccumulans	1751046	S	268	111	379	0.00003
Usitatibacter rugosus	2732067	S	16371	2201	18572	0.00138
Usitatibacter palustris	2732487	S	12846	1834	14680	0.00109
Nitrosospira multiformis	1231	S	6562	238	6800	0.00050
Nitrosospira lacus	1288494	S	871	33	904	0.00007
Nitrosospira sp. NRS527	155925	S	375	268	643	0.00005
Nitrosospira briensis	35799	S	278	212	490	0.00004
Nitrosomonas ureae	44577	S	2941	108	3049	0.00023
Nitrosomonas communis	44574	S	2898	81	2979	0.00022
Nitrosomonas europaea	915	S	226	38	264	0.00002
Nitrosomonas eutropha	916	S	163	109	272	0.00002
Nitrosomonas stercoris	1444684	S	69	46	115	0.00001
Denitratisoma sp. DHT3	1981880	S	2680	2418	5098	0.00038
Denitratisoma oestradiolicum	311182	S	1374	281	1655	0.00012
Sulfuritalea hydrogenivorans	748811	S	3428	616	4044	0.00030
Methyloversatilis sp. RAC08	1842540	S	2889	476	3365	0.00025
Sterolibacterium denitrificans	157592	S	2077	700	2777	0.00021
Thiobacillus denitrificans	36861	S	4098	984	5082	0.00038
Sulfuritortus calidifontis	1914471	S	3079	1614	4693	0.00035
Sideroxydans sp. MIZ01	2764705	S	1749	434	2183	0.00016
Sideroxydans lithotrophicus	63745	S	1192	216	1408	0.00010
Ferrigenium kumadai	1682490	S	2043	503	2546	0.00019
Ferriphaselus amnicola	1188319	S	701	112	813	0.00006
Candidatus Nitrotoga arctica	453162	S	250	96	346	0.00003
Candidatus Nitrotoga sp. AM1P	2559597	S	149	61	210	0.00002
Gallionella capsiferriformans	370405	S	490	52	542	0.00004
Sulfurimicrobium lacus	2715678	S	2243	354	2597	0.00019
Sulfuriferula plumbiphila	171865	S	1330	278	1608	0.00012
Sulfuriferula sp. AH1	1985873	S	666	157	823	0.00006
Sulfuriferula nivalis	2675298	S	114	10	124	0.00001
Sulfuricella denitrificans	649841	S	1072	122	1194	0.00009
Methylobacillus flagellatus	405	S	570	163	733	0.00005
Methylovorus sp. MP688	887061	S	181	163	344	0.00003
Methylovorus glucosotrophus	266009	S	147	120	267	0.00002
Methylophilus sp. TWE2	1662285	S	147	12	159	0.00001
Methylophilus medardicus	2588534	S	114	11	125	0.00001
Candidatus Methylopumilus universalis	2588536	S	51	20	71	0.00001
Candidatus Methylopumilus turicensis	1581680	S	46	5	51	0.00000
Candidatus Methylopumilus planktonicus	1581557	S	36	16	52	0.00000
Candidatus Methylopumilus rimovensis	2588535	S	13	2	15	0.00000
Methylotenera mobilis	359408	S	100	9	109	0.00001
Methylotenera versatilis	1055487	S	60	6	66	0.00000
Methyloradius palustris	2778876	S	98	8	106	0.00001
Chromobacterium sp. ATCC 53434	2059672	S	1639	676	2315	0.00017
Chromobacterium sp. Rain0013	2292447	S	315	411	726	0.00005
Chromobacterium sp. Beijing	2735795	S	220	653	873	0.00006
Chromobacterium violaceum	536	S	1721	1187	2908	0.00022
Chromobacterium vaccinii	1108595	S	1635	818	2453	0.00018
Chromobacterium phragmitis	2202141	S	1100	559	1659	0.00012
Chromobacterium paludis	2605945	S	932	430	1362	0.00010
Chromobacterium rhizoryzae	1778675	S	258	1411	1669	0.00012
Chromobacterium haemolyticum	394935	S	187	1267	1454	0.00011
Iodobacter ciconiae	2496266	S	111	34	145	0.00001
Iodobacter fluviatilis	537	S	108	37	145	0.00001
Jeongeupia sp. USM3	1906741	S	2574	811	3385	0.00025
Jeongeupia sp. HS-3	1009682	S	1135	266	1401	0.00010
Paludibacterium paludis	1225769	S	1344	323	1667	0.00012
Paludibacterium yongneupense	400061	S	1198	207	1405	0.00010
Paludibacterium sp. B53371	2806263	S	800	202	1002	0.00007
Pseudogulbenkiania sp. NH8B	748280	S	2349	958	3307	0.00024
Vogesella sp. LIG4	1192162	S	1526	481	2007	0.00015
Vogesella sp. XCS3	2877939	S	674	222	896	0.00007
Aquitalea aquatilis	1537400	S	527	188	715	0.00005
Aquitalea magnusonii	332411	S	302	181	483	0.00004
Aquitalea denitrificans	519081	S	302	163	465	0.00003
Aquitalea sp. USM4	1590041	S	282	162	444	0.00003
Microvirgula aerodenitrificans	57480	S	1561	359	1920	0.00014
Laribacter hongkongensis	168471	S	1265	1380	2645	0.00020
Aquaspirillum sp. LM1	1938604	S	787	141	928	0.00007
Chitinibacter bivalviorum	2739434	S	164	153	317	0.00002
Chitinibacter fontanus	1737446	S	131	22	153	0.00001
Deefgea sp. D25	2865840	S	84	14	98	0.00001
Deefgea sp. D17	2739061	S	82	31	113	0.00001
Deefgea sp. D13	2864875	S	78	25	103	0.00001
Neisseria sp. KEM232	655307	S	334	62	396	0.00003
Neisseria sp. oral taxon 014	641148	S	136	75	211	0.00002
Neisseria sp. ZJ785	2709396	S	93	14	107	0.00001
Neisseria sp. Dent CA1/247	2912675	S	76	52	128	0.00001
Neisseria bacilliformis	267212	S	338	100	438	0.00003
Neisseria shayeganii	607712	S	290	53	343	0.00003
Neisseria dentiae	194197	S	270	40	310	0.00002
Neisseria chenwenguii	1853278	S	262	40	302	0.00002
Neisseria musculi	1815583	S	241	28	269	0.00002
Neisseria elongata	495	S	239	168	407	0.00003
Neisseria meningitidis	487	S	221	847	1068	0.00008
Neisseria animalis	492	S	128	22	150	0.00001
Neisseria animaloris	326522	S	103	31	134	0.00001
Neisseria sicca	490	S	96	240	336	0.00002
Neisseria gonorrhoeae	485	S	95	121	216	0.00002
Neisseria lactamica	486	S	91	165	256	0.00002
Neisseria weaveri	28091	S	86	45	131	0.00001
Neisseria weixii	1853276	S	78	12	90	0.00001
Neisseria brasiliensis	2666100	S	76	89	165	0.00001
Neisseria wadsworthii	607711	S	75	21	96	0.00001
Neisseria canis	493	S	71	24	95	0.00001
Neisseria zalophi	640030	S	64	8	72	0.00001
Neisseria dumasiana	1931275	S	60	34	94	0.00001
Neisseria mucosa	488	S	52	141	193	0.00001
Neisseria arctica	1470200	S	50	6	56	0.00000
Neisseria flavescens	484	S	40	42	82	0.00001
Neisseria zoodegmatis	326523	S	39	38	77	0.00001
Neisseria macacae	496	S	39	108	147	0.00001
Neisseria cinerea	483	S	36	29	65	0.00000
Neisseria subflava	28449	S	22	23	45	0.00000
Crenobacter cavernae	2290923	S	3058	1240	4298	0.00032
Chitinolyticbacter meiyuanensis	682798	S	2046	308	2354	0.00017
Vitreoscilla filiformis	63	S	916	205	1121	0.00008
Vitreoscilla massiliensis	1689272	S	134	47	181	0.00001
Kingella potus	265175	S	197	32	229	0.00002
Kingella denitrificans	502	S	187	144	331	0.00002
Kingella oralis	505	S	172	33	205	0.00002
Kingella kingae	504	S	59	11	70	0.00001
Eikenella corrodens	539	S	333	233	566	0.00004
Eikenella exigua	2528037	S	119	84	203	0.00002
Uruburuella suis	252130	S	283	51	334	0.00002
Uruburuella testudinis	1282863	S	190	41	231	0.00002
Paralysiella testudinis	2809020	S	213	55	268	0.00002
Alysiella crassa	153491	S	61	18	79	0.00001
Alysiella filiformis	194196	S	61	65	126	0.00001
Conchiformibius steedae	153493	S	73	13	86	0.00001
Neisseriaceae bacterium CCUG 44465	2917790	S	51	9	60	0.00000
Aquella oligotrophica	2067065	S	40	2	42	0.00000
Snodgrassella alvi	1196083	S	39	14	53	0.00000
Morococcus cerebrosus	1056807	S	33	199	232	0.00002
Simonsiella muelleri	72	S	24	81	105	0.00001
Casimicrobium huifangae	2591109	S	2415	1351	3766	0.00028
Candidatus Kinetoplastibacterium crithidii	33056	S	17	0	17	0.00000
Candidatus Kinetoplastibacterium sorsogonicusi	1576550	S	12	9	21	0.00000
Pseudomonas sp. TCU-HL1	1856685	S	5390	808	6198	0.00046
Pseudomonas sp. DY-1	1755504	S	4246	567	4813	0.00036
Pseudomonas sp. ATCC 13867	1294143	S	1321	491	1812	0.00013
Pseudomonas sp. SCB32	2653853	S	1219	273	1492	0.00011
Pseudomonas sp. PDNC002	2811422	S	1129	273	1402	0.00010
Pseudomonas sp. CC6-YY-74	1930532	S	1105	140	1245	0.00009
Pseudomonas sp. LPB0260	2614442	S	1070	229	1299	0.00010
Pseudomonas sp. KNUC1026	2893890	S	1062	109	1171	0.00009
Pseudomonas sp. Ost2	2678260	S	919	144	1063	0.00008
Pseudomonas sp. Pc102	2678261	S	804	476	1280	0.00009
Pseudomonas sp. MTM4	2705472	S	791	147	938	0.00007
Pseudomonas sp. ABC1	2748080	S	764	115	879	0.00007
Pseudomonas sp. StFLB209	1028989	S	737	211	948	0.00007
Pseudomonas sp. MM211	2866808	S	719	70	789	0.00006
Pseudomonas sp. L5B5	2883205	S	686	133	819	0.00006
Pseudomonas sp. B11D7D	2735906	S	679	139	818	0.00006
Pseudomonas sp. 7SR1	1881017	S	617	124	741	0.00005
Pseudomonas sp. CMR5c	658630	S	615	191	806	0.00006
Pseudomonas sp. OIL-1	2706126	S	615	107	722	0.00005
Pseudomonas sp. p1(2021b)	2874628	S	574	341	915	0.00007
Pseudomonas sp. MSPm1	2726956	S	563	133	696	0.00005
Pseudomonas sp. LAB-08	143813	S	550	111	661	0.00005
Pseudomonas sp. HN2-3	2886360	S	536	131	667	0.00005
Pseudomonas sp. gcc21	2726989	S	508	241	749	0.00006
Pseudomonas sp. Marseille-Q3773	2866592	S	463	165	628	0.00005
Pseudomonas sp. MPC6	2498848	S	454	107	561	0.00004
Pseudomonas sp. HLS-6	2049589	S	439	146	585	0.00004
Pseudomonas sp. Leaf58	1736226	S	434	90	524	0.00004
Pseudomonas sp. ADAK13	2730847	S	424	109	533	0.00004
Pseudomonas sp. DG56-2	2320270	S	403	48	451	0.00003
Pseudomonas sp. 15A4	2804761	S	398	112	510	0.00004
Pseudomonas sp. S09G 359	2054919	S	382	101	483	0.00004
Pseudomonas sp. 31-12	2201356	S	382	106	488	0.00004
Pseudomonas sp. S34	1573718	S	380	98	478	0.00004
Pseudomonas sp. URMO17WK12:I11	1283291	S	374	280	654	0.00005
Pseudomonas sp. MM213	2866807	S	374	88	462	0.00003
Pseudomonas sp. ADPe	2774873	S	371	1005	1376	0.00010
Pseudomonas sp. DTU12.3	2073078	S	357	99	456	0.00003
Pseudomonas sp. Tri1	2823875	S	335	89	424	0.00003
Pseudomonas sp. RtIB026	2749999	S	318	203	521	0.00004
Pseudomonas sp. M1	95619	S	306	793	1099	0.00008
Pseudomonas sp. 2hn	2866626	S	302	222	524	0.00004
Pseudomonas sp. R5-89-07	658644	S	293	99	392	0.00003
Pseudomonas sp. Seg1	2678259	S	285	72	357	0.00003
Pseudomonas sp. LS.1a	2920387	S	285	134	419	0.00003
Pseudomonas sp. NIBR-H-19	2901380	S	283	68	351	0.00003
Pseudomonas sp. S35	1573719	S	278	81	359	0.00003
Pseudomonas sp. DR48	2871095	S	278	219	497	0.00004
Pseudomonas sp. OE 28.3	2745519	S	272	73	345	0.00003
Pseudomonas sp. ACM7	2052956	S	268	52	320	0.00002
Pseudomonas sp. RC3H12	2834406	S	266	177	443	0.00003
Pseudomonas sp. M30-35	1981174	S	265	16	281	0.00002
Pseudomonas sp. HS6	2850559	S	256	76	332	0.00002
Pseudomonas sp. ADAK18	2730848	S	252	49	301	0.00002
Pseudomonas sp. LG1E9	2219057	S	247	80	327	0.00002
Pseudomonas sp. NS1(2017)	2025658	S	247	72	319	0.00002
Pseudomonas sp. PP3	2815936	S	242	106	348	0.00003
Pseudomonas sp. CCOS 191	1649877	S	233	213	446	0.00003
Pseudomonas sp. DNDY-54	2870860	S	227	123	350	0.00003
Pseudomonas sp. HN11	1344094	S	223	56	279	0.00002
Pseudomonas sp. SK3(2021)	2841064	S	217	157	374	0.00003
Pseudomonas sp. St316	2678257	S	217	79	296	0.00002
Pseudomonas sp. LPH1	1898684	S	210	214	424	0.00003
Pseudomonas sp. NIBRBAC000502773	2590776	S	203	116	319	0.00002
Pseudomonas sp. R84	1573712	S	199	102	301	0.00002
Pseudomonas sp. SCA2728.1_7	2825975	S	192	115	307	0.00002
Pseudomonas sp. 14181154	2662033	S	182	224	406	0.00003
Pseudomonas sp. UW4	1207075	S	179	131	310	0.00002
Pseudomonas sp. HS-18	2879114	S	178	408	586	0.00004
Pseudomonas sp. R2A2	2213057	S	173	219	392	0.00003
Pseudomonas sp. IzPS59	2774459	S	172	91	263	0.00002
Pseudomonas sp. LTJR-52	2479392	S	156	58	214	0.00002
Pseudomonas sp. MRSN12121	1611770	S	155	246	401	0.00003
Pseudomonas sp. SDM007	2812000	S	152	107	259	0.00002
Pseudomonas sp. SK	2729423	S	151	144	295	0.00002
Pseudomonas sp. CYM-20-01	2870750	S	142	78	220	0.00002
Pseudomonas sp. FIT81	2837969	S	141	93	234	0.00002
Pseudomonas sp. Cab53	2678258	S	139	248	387	0.00003
Pseudomonas sp. AO-1	2855434	S	136	145	281	0.00002
Pseudomonas sp. BIGb0427	2724470	S	131	322	453	0.00003
Pseudomonas sp. R76	1573711	S	130	72	202	0.00001
Pseudomonas sp. SORT22	2813842	S	129	337	466	0.00003
Pseudomonas sp. 02C 26	2054914	S	129	312	441	0.00003
Pseudomonas sp. DR 5-09	1534110	S	126	193	319	0.00002
Pseudomonas sp. THAF7b	2587845	S	123	268	391	0.00003
Pseudomonas sp. S07E 245	2866278	S	122	312	434	0.00003
Pseudomonas sp. RBPA9	2746321	S	122	290	412	0.00003
Pseudomonas sp. Z003-0.4C(8344-21)	1855380	S	117	93	210	0.00002
Pseudomonas sp. phDV1	253237	S	114	441	555	0.00004
Pseudomonas sp. FGI182	1259844	S	107	133	240	0.00002
Pseudomonas sp. HN2	2884805	S	106	105	211	0.00002
Pseudomonas sp. B10	118613	S	103	84	187	0.00001
Pseudomonas sp. 3-2	2867408	S	94	137	231	0.00002
Pseudomonas sp. C27(2019)	2604941	S	89	13	102	0.00001
Pseudomonas sp. 09C 129	2054915	S	88	122	210	0.00002
Pseudomonas sp. SC3(2021)	2871493	S	88	107	195	0.00001
Pseudomonas sp. FDAARGOS_380	2018067	S	85	77	162	0.00001
Pseudomonas sp. Y5-11	2749808	S	83	281	364	0.00003
Pseudomonas sp. RU47	2005388	S	82	230	312	0.00002
Pseudomonas sp. ADAK22	2730851	S	81	223	304	0.00002
Pseudomonas sp. PONIH3	1636610	S	80	502	582	0.00004
Pseudomonas sp. AN-B15	2697023	S	76	236	312	0.00002
Pseudomonas sp. LBUM920	2126069	S	75	205	280	0.00002
Pseudomonas sp. MPFS	2795724	S	74	140	214	0.00002
Pseudomonas sp. BIOMIG1BAC	1758730	S	74	262	336	0.00002
Pseudomonas sp. S150	2559074	S	73	128	201	0.00001
Pseudomonas sp. J380	2605424	S	72	102	174	0.00001
Pseudomonas sp. ArH3a	2862945	S	69	189	258	0.00002
Pseudomonas sp. MYb193	1827300	S	68	80	148	0.00001
Pseudomonas sp. St29	1500687	S	67	299	366	0.00003
Pseudomonas sp. GR 6-02	1659194	S	66	179	245	0.00002
Pseudomonas sp. SWI44	2083053	S	62	563	625	0.00005
Pseudomonas sp. SXM-1	2169583	S	61	201	262	0.00002
Pseudomonas sp. A2	107445	S	59	355	414	0.00003
Pseudomonas sp. R3-52-08	1173284	S	57	373	430	0.00003
Pseudomonas sp. NC02	2067572	S	56	197	253	0.00002
Pseudomonas sp. ATCC 43928	676210	S	55	151	206	0.00002
Pseudomonas sp. Y39-6	2749807	S	52	188	240	0.00002
Pseudomonas sp. LG1D9	2083054	S	50	202	252	0.00002
Pseudomonas sp. S49	1573720	S	48	136	184	0.00001
Pseudomonas sp. IAC-BECa141	2793103	S	46	106	152	0.00001
Pseudomonas sp. R2-37-08W	1173273	S	45	229	274	0.00002
Pseudomonas sp. Os17	1500686	S	43	233	276	0.00002
Pseudomonas sp. R32	1573704	S	43	123	166	0.00001
Pseudomonas sp. DTU12.1	2654238	S	43	186	229	0.00002
Pseudomonas sp. DR208	2870840	S	41	110	151	0.00001
Pseudomonas sp. R4-34-07	658642	S	41	256	297	0.00002
Pseudomonas sp. B14-6	2738843	S	41	125	166	0.00001
Pseudomonas sp. BC42	2933816	S	40	217	257	0.00002
Pseudomonas sp. CFSAN084952	2664899	S	40	133	173	0.00001
Pseudomonas sp. R3-18-08	1173283	S	38	120	158	0.00001
Pseudomonas sp. LH1G9	2083055	S	37	143	180	0.00001
Pseudomonas sp. SWI36	2083052	S	37	116	153	0.00001
Pseudomonas sp. BYT-1	2816906	S	36	348	384	0.00003
Pseudomonas sp. A214	1855331	S	35	113	148	0.00001
Pseudomonas sp. MPDS	2762896	S	33	143	176	0.00001
Pseudomonas sp. Colony2	2861799	S	30	136	166	0.00001
Pseudomonas sp. 7-41	2898483	S	30	149	179	0.00001
Pseudomonas sp. Eqa60	2799184	S	30	192	222	0.00002
Pseudomonas sp. HN8-3	2886361	S	28	62	90	0.00001
Pseudomonas sp. XWY-1	2069256	S	28	180	208	0.00002
Pseudomonas sp. R4-35-07	658643	S	28	204	232	0.00002
Pseudomonas sp. PS1(2021)	2866282	S	27	898	925	0.00007
Pseudomonas sp. TMW 2.1634	1886807	S	27	78	105	0.00001
Pseudomonas sp. TKP	1415630	S	26	100	126	0.00001
Pseudomonas sp. CFA	2651048	S	26	137	163	0.00001
Pseudomonas sp. R2-60-08W	1173280	S	25	188	213	0.00002
Pseudomonas sp. BJP69	2597770	S	25	169	194	0.00001
Pseudomonas sp. R11-23-07	658632	S	25	241	266	0.00002
Pseudomonas sp. OST1909	2777367	S	24	82	106	0.00001
Pseudomonas sp. So3.2b	2864101	S	24	86	110	0.00001
Pseudomonas sp. R1-43-08	1173270	S	20	127	147	0.00001
Pseudomonas sp. IB20	1702250	S	20	127	147	0.00001
Pseudomonas sp. VLB120	69328	S	20	300	320	0.00002
Pseudomonas sp. SW-3	147212	S	20	84	104	0.00001
Pseudomonas sp. St386	2678256	S	19	175	194	0.00001
Pseudomonas sp. I3-I5	2926671	S	18	78	96	0.00001
Pseudomonas sp. CIP-10	2892442	S	18	185	203	0.00002
Pseudomonas sp. St290	1602166	S	15	65	80	0.00001
Pseudomonas sp. SWI7	2587597	S	15	105	120	0.00001
Pseudomonas sp. R4-39-08	1173288	S	15	95	110	0.00001
Pseudomonas sp. SK2	2841063	S	14	273	287	0.00002
Pseudomonas sp. R2-7-07	658641	S	14	142	156	0.00001
Pseudomonas sp. SWI6	2083051	S	12	215	227	0.00002
Pseudomonas aeruginosa	287	S	6676	47272	53948	0.00400
Pseudomonas resinovorans	53412	S	6458	1506	7964	0.00059
Pseudomonas furukawaii	1149133	S	4676	1522	6198	0.00046
Pseudomonas oleovorans	301	S	384	1323	1707	0.00013
Pseudomonas mendocina	300	S	3594	1405	4999	0.00037
Pseudomonas alcaligenes	43263	S	2735	2009	4744	0.00035
Pseudomonas multiresinivorans	95301	S	778	269	1047	0.00008
Pseudomonas nitroreducens	46680	S	229	519	748	0.00006
Pseudomonas citronellolis	53408	S	748	1193	1941	0.00014
Pseudomonas fluorescens	294	S	6610	5740	12350	0.00091
Pseudomonas protegens	380021	S	1497	1391	2888	0.00021
Pseudomonas orientalis	76758	S	1081	303	1384	0.00010
Pseudomonas azotoformans	47878	S	861	351	1212	0.00009
Pseudomonas synxantha	47883	S	739	510	1249	0.00009
Pseudomonas poae	200451	S	565	309	874	0.00006
Pseudomonas rhodesiae	76760	S	556	231	787	0.00006
Pseudomonas mediterranea	183795	S	509	132	641	0.00005
Pseudomonas corrugata	47879	S	488	107	595	0.00004
Pseudomonas trivialis	200450	S	486	176	662	0.00005
Pseudomonas tolaasii	29442	S	478	93	571	0.00004
Pseudomonas migulae	78543	S	389	228	617	0.00005
Pseudomonas cedrina	651740	S	355	94	449	0.00003
Pseudomonas mucidolens	46679	S	331	50	381	0.00003
Pseudomonas brenneri	129817	S	253	103	356	0.00003
Pseudomonas congelans	200452	S	249	79	328	0.00002
Pseudomonas veronii	76761	S	180	501	681	0.00005
Pseudomonas ogarae	1114970	S	173	134	307	0.00002
Pseudomonas libanensis	75588	S	155	173	328	0.00002
Pseudomonas mandelii	75612	S	149	373	522	0.00004
Pseudomonas extremorientalis	169669	S	40	100	140	0.00001
Pseudomonas putida	303	S	8577	18180	26757	0.00198
Pseudomonas oryzihabitans	47885	S	2382	537	2919	0.00022
Pseudomonas fulva	47880	S	1647	4704	6351	0.00047
Pseudomonas plecoglossicida	70775	S	670	569	1239	0.00009
Pseudomonas mosselii	78327	S	275	557	832	0.00006
Pseudomonas monteilii	76759	S	266	577	843	0.00006
Pseudomonas sp. SGAir0191	2217867	S	141	94	235	0.00002
Pseudomonas shirazica	1940636	S	14	199	213	0.00002
Pseudomonas stutzeri	316	S	10601	7340	17941	0.00133
Pseudomonas chloritidismutans	203192	S	106	149	255	0.00002
Pseudomonas balearica	74829	S	1672	2213	3885	0.00029
Pseudomonas xanthomarina	271420	S	591	102	693	0.00005
Pseudomonas luteola	47886	S	142	70	212	0.00002
Pseudomonas syringae	317	S	2049	53861	55910	0.00414
Pseudomonas viridiflava	33069	S	1340	150	1490	0.00011
Pseudomonas cichorii	36746	S	744	68	812	0.00006
Pseudomonas asturiensis	1190415	S	542	51	593	0.00004
Pseudomonas syringae group genomosp. 7	251699	S	402	31	433	0.00003
Pseudomonas amygdali	47877	S	197	802	999	0.00007
Pseudomonas savastanoi	29438	S	76	315	391	0.00003
Pseudomonas fuscovaginae	50340	S	203	123	326	0.00002
Pseudomonas avellanae	46257	S	109	42	151	0.00001
Pseudomonas coronafaciens	53409	S	86	54	140	0.00001
Pseudomonas syringae group genomosp. 3	251701	S	61	155	216	0.00002
Pseudomonas sp. Lz4W	1206777	S	31	58	89	0.00001
Pseudomonas tremae	200454	S	28	13	41	0.00000
Pseudomonas lalkuanensis	2604832	S	5846	1164	7010	0.00052
Pseudomonas chlororaphis	587753	S	3744	3931	7675	0.00057
Pseudomonas lundensis	86185	S	471	63	534	0.00004
Pseudomonas fragi	296	S	282	241	523	0.00004
Pseudomonas otitidis	319939	S	3155	753	3908	0.00029
Pseudomonas knackmussii	65741	S	2393	2218	4611	0.00034
Pseudomonas oryzae	1392877	S	2325	789	3114	0.00023
Pseudomonas psychrotolerans	237610	S	2286	533	2819	0.00021
Pseudomonas cavernae	2320867	S	1965	331	2296	0.00017
Pseudomonas entomophila	312306	S	1669	773	2442	0.00018
Pseudomonas campi	2731681	S	1495	218	1713	0.00013
Pseudomonas guangdongensis	1245526	S	1346	460	1806	0.00013
Pseudomonas parafulva	157782	S	1018	307	1325	0.00010
Pseudomonas nanhaiensis	2830842	S	999	104	1103	0.00008
Pseudomonas vanderleydeniana	2745495	S	902	133	1035	0.00008
Pseudomonas eucalypticola	2599595	S	890	121	1011	0.00007
Pseudomonas qingdaonensis	2056231	S	889	193	1082	0.00008
Pseudomonas rhizosphaerae	216142	S	803	104	907	0.00007
Pseudomonas cremoricolorata	157783	S	777	125	902	0.00007
Pseudomonas alkylphenolica	237609	S	753	156	909	0.00007
Pseudomonas tohonis	2725477	S	746	637	1383	0.00010
Pseudomonas frederiksbergensis	104087	S	742	229	971	0.00007
Pseudomonas brassicacearum	930166	S	709	1331	2040	0.00015
Pseudomonas pohangensis	364197	S	705	55	760	0.00006
Pseudomonas umsongensis	198618	S	676	114	790	0.00006
Pseudomonas phragmitis	1931241	S	651	53	704	0.00005
Pseudomonas argentinensis	289370	S	648	156	804	0.00006
Pseudomonas saudiphocaensis	1499686	S	641	156	797	0.00006
Pseudomonas muyukensis	2842357	S	605	187	792	0.00006
Pseudomonas yamanorum	515393	S	579	134	713	0.00005
Pseudomonas zhaodongensis	1176257	S	571	272	843	0.00006
Pseudomonas palleroniana	191390	S	540	91	631	0.00005
Pseudomonas vancouverensis	95300	S	529	88	617	0.00005
Pseudomonas koreensis	198620	S	523	211	734	0.00005
Pseudomonas marincola	437900	S	521	88	609	0.00005
Pseudomonas xanthosomae	2842356	S	518	172	690	0.00005
Pseudomonas alvandae	2842348	S	514	85	599	0.00004
Pseudomonas xantholysinigenes	2745490	S	508	146	654	0.00005
Pseudomonas tructae	2518644	S	494	90	584	0.00004
Pseudomonas fakonensis	2842355	S	465	152	617	0.00005
Pseudomonas silesiensis	1853130	S	465	103	568	0.00004
Pseudomonas sediminis	1691904	S	426	128	554	0.00004
Pseudomonas prosekii	1148509	S	425	73	498	0.00004
Pseudomonas wenzhouensis	2906062	S	423	167	590	0.00004
Pseudomonas promysalinigenes	485898	S	421	68	489	0.00004
Pseudomonas antarctica	219572	S	421	109	530	0.00004
Pseudomonas extremaustralis	359110	S	413	94	507	0.00004
Pseudomonas agarici	46677	S	395	20	415	0.00003
Pseudomonas hamedanensis	2745504	S	389	73	462	0.00003
Pseudomonas arsenicoxydans	702115	S	384	85	469	0.00003
Pseudomonas graminis	158627	S	379	108	487	0.00004
Pseudomonas granadensis	1421430	S	376	184	560	0.00004
Pseudomonas thivervalensis	86265	S	373	82	455	0.00003
Pseudomonas simiae	321846	S	357	91	448	0.00003
Pseudomonas asgharzadehiana	2842349	S	356	86	442	0.00003
Pseudomonas lurida	244566	S	353	83	436	0.00003
Pseudomonas viciae	2505979	S	349	88	437	0.00003
Pseudomonas taetrolens	47884	S	336	45	381	0.00003
Pseudomonas maumuensis	2842354	S	297	149	446	0.00003
Pseudomonas lini	163011	S	287	59	346	0.00003
Pseudomonas reinekei	395598	S	281	83	364	0.00003
Pseudomonas versuta	1788301	S	271	45	316	0.00002
Pseudomonas psychrophila	122355	S	269	38	307	0.00002
Pseudomonas alcaliphila	101564	S	268	303	571	0.00004
Pseudomonas toyotomiensis	554344	S	257	244	501	0.00004
Pseudomonas chengduensis	489632	S	238	505	743	0.00006
Pseudomonas allokribbensis	2774460	S	234	94	328	0.00002
Pseudomonas sihuiensis	1274359	S	232	316	548	0.00004
Pseudomonas khazarica	2502979	S	221	279	500	0.00004
Pseudomonas kribbensis	1628086	S	219	216	435	0.00003
Pseudomonas tritici	2745518	S	219	71	290	0.00002
Pseudomonas moraviensis	321662	S	183	304	487	0.00004
Pseudomonas oryziphila	2894079	S	178	146	324	0.00002
Pseudomonas gozinkensis	2774461	S	174	83	257	0.00002
Pseudomonas kunmingensis	1211807	S	170	258	428	0.00003
Pseudomonas asplenii	53407	S	168	106	274	0.00002
Pseudomonas atacamensis	2565368	S	160	160	320	0.00002
Pseudomonas anuradhapurensis	485870	S	144	133	277	0.00002
Pseudomonas tensinigenes	2745511	S	144	81	225	0.00002
Pseudomonas azerbaijanoriens	2842350	S	143	98	241	0.00002
Pseudomonas zeae	2745510	S	142	73	215	0.00002
Pseudomonas zarinae	2745498	S	133	103	236	0.00002
Pseudomonas germanica	2815720	S	126	70	196	0.00001
Pseudomonas iranensis	2745503	S	96	75	171	0.00001
Pseudomonas juntendi	2666183	S	89	863	952	0.00007
Pseudomonas lactis	1615674	S	89	67	156	0.00001
Pseudomonas salmasensis	2745514	S	75	50	125	0.00001
Pseudomonas soli	1306993	S	72	290	362	0.00003
Pseudomonas monsensis	2745509	S	70	77	147	0.00001
Pseudomonas glycinae	1785145	S	53	97	150	0.00001
Pseudomonas sessilinigenes	658629	S	50	132	182	0.00001
Pseudomonas donghuensis	1163398	S	45	129	174	0.00001
Pseudomonas bijieensis	2681983	S	45	174	219	0.00002
Pseudomonas asiatica	2219225	S	42	242	284	0.00002
Pseudomonas rhizophila	2045200	S	40	107	147	0.00001
Pseudomonas cerasi	1583341	S	32	69	101	0.00001
Pseudomonas shahriarae	2745512	S	27	108	135	0.00001
Candidatus Pseudomonas adelgestsugas	1302376	S	18	0	18	0.00000
Pseudomonas taiwanensis	470150	S	15	194	209	0.00002
Azotobacter chroococcum	353	S	2561	1022	3583	0.00027
Azotobacter vinelandii	354	S	1346	9237	10583	0.00078
Azotobacter salinestris	69964	S	1301	359	1660	0.00012
Halopseudomonas xinjiangensis	487184	S	696	62	758	0.00006
Halopseudomonas sabulinigri	472181	S	606	55	661	0.00005
Halopseudomonas aestusnigri	857252	S	580	402	982	0.00007
Halopseudomonas sp. RR6	2918528	S	520	81	601	0.00004
Halopseudomonas litoralis	797277	S	470	110	580	0.00004
Halopseudomonas salegens	1434072	S	349	26	375	0.00003
Permianibacter aggregans	1510150	S	644	22	666	0.00005
Thiopseudomonas alkaliphila	1697053	S	69	15	84	0.00001
Entomomonas moraniae	2213226	S	27	2	29	0.00000
Entomomonas sp. F2A	2785331	S	14	1	15	0.00000
Marinobacter sp. CA1	2817656	S	718	59	777	0.00006
Marinobacter sp. Arc7-DN-1	2304594	S	453	67	520	0.00004
Marinobacter sp. NP-4(2019)	2488665	S	432	87	519	0.00004
Marinobacter sp. LPB0319	2769486	S	402	28	430	0.00003
Marinobacter sp. LQ44	1749259	S	197	316	513	0.00004
Marinobacter sp. LV10R510-11A	1415568	S	190	9	199	0.00001
Marinobacter sp. JH2	2547598	S	183	56	239	0.00002
Marinobacter sp. es.042	1761794	S	158	167	325	0.00002
Marinobacter sp. CP1	1671721	S	146	304	450	0.00003
Marinobacter sp. BSs20148	490759	S	86	57	143	0.00001
Marinobacter fonticola	2603215	S	562	31	593	0.00004
Marinobacter nauticus	2743	S	482	159	641	0.00005
Marinobacter salarius	1420917	S	466	67	533	0.00004
Marinobacter similis	1420916	S	344	31	375	0.00003
Marinobacter salsuginis	418719	S	325	51	376	0.00003
Marinobacter salinus	1874317	S	324	23	347	0.00003
Marinobacter adhaerens	1033846	S	140	281	421	0.00003
Marinobacter psychrophilus	330734	S	72	48	120	0.00001
Lysobacter sp. KIS68-7	2904252	S	4445	863	5308	0.00039
Lysobacter sp. TY2-98	2290922	S	3478	601	4079	0.00030
Lysobacter sp. 5GHs7-4	2904253	S	2505	698	3203	0.00024
Lysobacter sp. S4-A87	2925843	S	2289	559	2848	0.00021
Lysobacter sp. CECT 30171	2822368	S	2258	574	2832	0.00021
Lysobacter sp. K5869	2820808	S	1757	462	2219	0.00016
Lysobacter sp. CW239	2762611	S	1636	884	2520	0.00019
Lysobacter sp. CJ11	2764185	S	577	49	626	0.00005
Lysobacter sp. H21R4	2781021	S	549	382	931	0.00007
Lysobacter sp. HDW10	2714936	S	386	121	507	0.00004
Lysobacter sp. H23M47	2781024	S	336	444	780	0.00006
Lysobacter soli	453783	S	7706	1581	9287	0.00069
Lysobacter enzymogenes	69	S	7362	1876	9238	0.00068
Lysobacter capsici	435897	S	4705	1399	6104	0.00045
Lysobacter solisilvae (ex Woo and Kim 2022)	2865112	S	3097	905	4002	0.00030
Lysobacter solisilvae (ex Kim et al. 2021)	2763317	S	2971	618	3589	0.00027
Lysobacter antibioticus	84531	S	2930	490	3420	0.00025
Lysobacter maris	1605891	S	2620	648	3268	0.00024
Lysobacter lycopersici	1324796	S	2276	527	2803	0.00021
Lysobacter arenosi	2795387	S	2218	525	2743	0.00020
Lysobacter alkalisoli	2591633	S	1912	354	2266	0.00017
Lysobacter oculi	2698682	S	1750	527	2277	0.00017
Lysobacter ciconiae	2781022	S	521	256	777	0.00006
Lysobacter gummosus	262324	S	419	606	1025	0.00008
Lysobacter avium	2781023	S	274	240	514	0.00004
Lysobacter caseinilyticus	2675101	S	16	18756	18772	0.00139
Stenotrophomonas maltophilia	40324	S	8120	13007	21127	0.00156
Stenotrophomonas sp. ESTM1D_MKCIP4_1	2072414	S	579	263	842	0.00006
Stenotrophomonas sp. SAU14A_NAIMI4_5	2072413	S	535	367	902	0.00007
Stenotrophomonas sp. ZAC14D2_NAIMI4_7	2072405	S	255	294	549	0.00004
Stenotrophomonas sp. YAU14D1_LEIMI4_1	2072407	S	216	396	612	0.00005
Stenotrophomonas sp. ZAC14A_NAIMI4_1	2072412	S	201	403	604	0.00004
Stenotrophomonas sp. ZAC14D2_NAIMI4_6	2072406	S	148	308	456	0.00003
Stenotrophomonas sp. SAU14A_NAIMI4_8	2072409	S	67	403	470	0.00003
Stenotrophomonas sp. YAU14A_MKIMI4_1	2072408	S	60	361	421	0.00003
Stenotrophomonas sp. LM091	1904944	S	1034	447	1481	0.00011
Stenotrophomonas sp. 169	2770322	S	989	185	1174	0.00009
Stenotrophomonas sp. 364	2691571	S	685	296	981	0.00007
Stenotrophomonas sp. NA06056	2742129	S	397	217	614	0.00005
Stenotrophomonas sp. WZN-1	2005046	S	218	288	506	0.00004
Stenotrophomonas sp. DR822	2871174	S	119	216	335	0.00002
Stenotrophomonas sp. Pemsol	2040586	S	112	365	477	0.00004
Stenotrophomonas sp. MYb57	1827305	S	82	390	472	0.00003
Stenotrophomonas sp. pho	2211160	S	68	345	413	0.00003
Stenotrophomonas sp. ASS1	2282124	S	60	307	367	0.00003
Stenotrophomonas sp. SI-NJAU-1	2886359	S	52	246	298	0.00002
Stenotrophomonas sp. NY11291	2939415	S	44	549	593	0.00004
Stenotrophomonas sp. CW117	2775920	S	38	928	966	0.00007
Stenotrophomonas sp. G4	2303750	S	38	174	212	0.00002
Stenotrophomonas sp. SXG-1	2682487	S	20	253	273	0.00002
Stenotrophomonas rhizophila	216778	S	3353	1121	4474	0.00033
Stenotrophomonas acidaminiphila	128780	S	1872	4904	6776	0.00050
Stenotrophomonas indicatrix	2045451	S	130	571	701	0.00005
Xanthomonas translucens	343	S	3173	5139	8312	0.00062
Xanthomonas campestris	339	S	2577	6294	8871	0.00066
Xanthomonas sp. GW	2724121	S	389	565	954	0.00007
Xanthomonas sp. SI	2724123	S	320	541	861	0.00006
Xanthomonas sp. SS	2724122	S	284	476	760	0.00006
Xanthomonas sp. MLO165	2081477	S	94	145	239	0.00002
Xanthomonas sacchari	56458	S	1648	652	2300	0.00017
Xanthomonas arboricola	56448	S	1570	1892	3462	0.00026
Xanthomonas oryzae	347	S	1312	593	1905	0.00014
Xanthomonas theicola	56464	S	1095	409	1504	0.00011
Xanthomonas citri	346	S	1052	8748	9800	0.00073
Xanthomonas hyacinthi	56455	S	845	581	1426	0.00011
Xanthomonas hortorum	56454	S	780	654	1434	0.00011
Xanthomonas albilineans	29447	S	775	107	882	0.00007
Xanthomonas fragariae	48664	S	747	159	906	0.00007
Xanthomonas vesicatoria	56460	S	732	469	1201	0.00009
Xanthomonas cucurbitae	56453	S	659	136	795	0.00006
Xanthomonas vasicola	56459	S	579	216	795	0.00006
Xanthomonas cassavae	56450	S	467	131	598	0.00004
Xanthomonas euroxanthea	2259622	S	461	566	1027	0.00008
Xanthomonas axonopodis	53413	S	357	348	705	0.00005
Xanthomonas hydrangeae	2775159	S	343	128	471	0.00003
Xanthomonas phaseoli	1985254	S	246	1265	1511	0.00011
Xanthomonas euvesicatoria	456327	S	202	983	1185	0.00009
Xanthomonas perforans	442694	S	27	155	182	0.00001
Luteimonas sp. MC1750	2799326	S	2338	967	3305	0.00024
Luteimonas sp. S4-F44	2925842	S	2279	504	2783	0.00021
Luteimonas sp. JM171	1896164	S	2093	486	2579	0.00019
Luteimonas sp. D4P002	2901869	S	1975	580	2555	0.00019
Luteimonas sp. MC1572	2799325	S	1890	993	2883	0.00021
Luteimonas sp. MC1825	2761107	S	1827	983	2810	0.00021
Luteimonas sp. YGD11-2	2508168	S	1710	799	2509	0.00019
Luteimonas granuli	1176533	S	2482	952	3434	0.00025
Luteimonas chenhongjianii	2006110	S	1935	467	2402	0.00018
Luteimonas yindakuii	2565782	S	1765	745	2510	0.00019
Pseudoxanthomonas suwonensis	314722	S	5250	3041	8291	0.00061
Pseudoxanthomonas mexicana	128785	S	3397	5171	8568	0.00063
Pseudoxanthomonas daejeonensis	266062	S	2346	685	3031	0.00022
Pseudoxanthomonas sp. X-1	2571115	S	2225	2285	4510	0.00033
Pseudoxanthomonas spadix	415229	S	1342	554	1896	0.00014
Thermomonas sp. XSG	2771436	S	1642	808	2450	0.00018
Thermomonas sp. HDW16	2714945	S	1076	330	1406	0.00010
Thermomonas brevis	215691	S	2143	991	3134	0.00023
Thermomonas carbonis	1463158	S	1798	431	2229	0.00017
Thermomonas aquatica	2202149	S	1742	1049	2791	0.00021
Arenimonas daejeonensis	370777	S	3657	871	4528	0.00034
Pseudolysobacter antarcticus	2511995	S	1884	59	1943	0.00014
Xylella fastidiosa	2371	S	313	101	414	0.00003
Xylella taiwanensis	1444770	S	182	9	191	0.00001
Luteibacter sp. 321	2911537	S	2171	732	2903	0.00022
Luteibacter sp. EIF3	2780091	S	1590	292	1882	0.00014
Luteibacter sp. 335	2911538	S	1549	396	1945	0.00014
Luteibacter sp. 353	2911539	S	1314	456	1770	0.00013
Luteibacter rhizovicinus	242606	S	1764	295	2059	0.00015
Luteibacter pinisoli	2589080	S	1603	502	2105	0.00016
Luteibacter anthropi	564369	S	1340	291	1631	0.00012
Rhodanobacter denitrificans	666685	S	3090	1411	4501	0.00033
Rhodanobacter sp. FDAARGOS 1247	2778082	S	2113	851	2964	0.00022
Rhodanobacter thiooxydans	416169	S	1846	990	2836	0.00021
Rhodanobacter glycinis	582702	S	1455	314	1769	0.00013
Dyella thiooxydans	445710	S	2623	964	3587	0.00027
Dyella japonica	231455	S	1483	532	2015	0.00015
Dyella telluris	2763498	S	1325	420	1745	0.00013
Dyella terrae	522259	S	1143	192	1335	0.00010
Dyella caseinilytica	1849581	S	917	84	1001	0.00007
Dyella sp. M7H15-1	2501295	S	683	82	765	0.00006
Frateuria sp. 5GH9-34	2898793	S	2377	908	3285	0.00024
Frateuria sp. 5GH9-11	1542730	S	2219	1077	3296	0.00024
Frateuria aurantia	81475	S	869	132	1001	0.00007
Dokdonella koreensis	323415	S	5457	1154	6611	0.00049
Aerosticca soli	2010829	S	2531	3837	6368	0.00047
Ahniella affigens	2021234	S	1870	58	1928	0.00014
Klebsiella pneumoniae	573	S	800	39002	39802	0.00295
Klebsiella quasipneumoniae	1463165	S	589	2182	2771	0.00021
Klebsiella oxytoca	571	S	410	335	745	0.00006
Klebsiella aerogenes	548	S	378	259	637	0.00005
Klebsiella sp. A52	2834819	S	17	312	329	0.00002
Klebsiella variicola	244366	S	271	1141	1412	0.00010
Klebsiella michiganensis	1134687	S	239	1111	1350	0.00010
Klebsiella africana	2489010	S	98	71	169	0.00001
Klebsiella quasivariicola	2026240	S	88	114	202	0.00002
Klebsiella huaxiensis	2153354	S	86	98	184	0.00001
Klebsiella grimontii	2058152	S	59	488	547	0.00004
Raoultella sp. HC6	2923366	S	240	180	420	0.00003
Raoultella ornithinolytica	54291	S	178	1343	1521	0.00011
Raoultella planticola	575	S	166	194	360	0.00003
Raoultella terrigena	577	S	93	184	277	0.00002
Raoultella electrica	1259973	S	77	210	287	0.00002
Enterobacter cloacae	550	S	920	1782	2702	0.00020
Enterobacter hormaechei	158836	S	313	5506	5819	0.00043
Enterobacter cancerogenus	69218	S	260	110	370	0.00003
Enterobacter asburiae	61645	S	258	1441	1699	0.00013
Enterobacter roggenkampii	1812935	S	164	803	967	0.00007
Enterobacter chengduensis	2494701	S	132	111	243	0.00002
Enterobacter ludwigii	299767	S	126	361	487	0.00004
Enterobacter chuandaensis	2497875	S	116	92	208	0.00002
Enterobacter kobei	208224	S	98	1359	1457	0.00011
Enterobacter cloacae complex sp.	2027919	S	36	1108	1144	0.00008
Enterobacter sp. BIDMC 29	1329841	S	25	101	126	0.00001
Enterobacter cloacae complex sp. ECNIH7	1915310	S	10	90	100	0.00001
Enterobacter sichuanensis	2071710	S	59	63	122	0.00001
Enterobacter sp. JUb54	2724468	S	233	59	292	0.00002
Enterobacter sp. SA187	1914861	S	226	49	275	0.00002
Enterobacter sp. E76	2596949	S	137	311	448	0.00003
Enterobacter sp. RHBSTW-00994	2742676	S	91	28	119	0.00001
Enterobacter sp. RHBSTW-00175	2742639	S	85	98	183	0.00001
Enterobacter sp. Colony194	2866201	S	65	91	156	0.00001
Enterobacter sp. SGAir0187	2836161	S	51	70	121	0.00001
Enterobacter sp. JBIWA008	2831892	S	45	35	80	0.00001
Enterobacter sp. JBIWA003	2831890	S	41	63	104	0.00001
Enterobacter sp. SES19	2705458	S	26	30	56	0.00000
Enterobacter sp. JBIWA005	2831891	S	21	47	68	0.00001
Enterobacter sp. N18-03635	2500132	S	14	42	56	0.00000
Enterobacter sp. HK169	1868135	S	13	70	83	0.00001
Enterobacter sp. E20	1560339	S	10	108	118	0.00001
Enterobacter sp. RHBSTW-00975	2742673	S	10	87	97	0.00001
Enterobacter huaxiensis	2494702	S	172	63	235	0.00002
Enterobacter mori	539813	S	148	233	381	0.00003
Enterobacter oligotrophicus	2478464	S	106	40	146	0.00001
Enterobacter soli	885040	S	91	29	120	0.00001
Enterobacter bugandensis	881260	S	86	190	276	0.00002
Citrobacter freundii	546	S	331	1790	2121	0.00016
Citrobacter werkmanii	67827	S	56	166	222	0.00002
Citrobacter braakii	57706	S	55	518	573	0.00004
Citrobacter portucalensis	1639133	S	51	640	691	0.00005
Citrobacter sedlakii	67826	S	25	90	115	0.00001
Citrobacter freundii complex sp. CFNIH2	2066049	S	19	27	46	0.00000
Citrobacter youngae	133448	S	12	46	58	0.00000
Citrobacter sp. R56	1573676	S	146	71	217	0.00002
Citrobacter sp. RHB25-C09	2742624	S	110	81	191	0.00001
Citrobacter sp. BDA59-3	2781952	S	37	24	61	0.00000
Citrobacter rodentium	67825	S	230	0	230	0.00002
Citrobacter farmeri	67824	S	161	99	260	0.00002
Citrobacter amalonaticus	35703	S	160	935	1095	0.00008
Citrobacter koseri	545	S	89	149	238	0.00002
Citrobacter tructae	2562449	S	86	49	135	0.00001
Citrobacter pasteurii	1563222	S	43	44	87	0.00001
Citrobacter arsenatis	2546350	S	40	17	57	0.00000
Citrobacter cronae	1748967	S	14	135	149	0.00001
Cronobacter sakazakii	28141	S	390	368	758	0.00006
Cronobacter dublinensis	413497	S	311	133	444	0.00003
Cronobacter universalis	535744	S	219	182	401	0.00003
Cronobacter condimenti	1163710	S	212	71	283	0.00002
Cronobacter malonaticus	413503	S	93	110	203	0.00002
Cronobacter muytjensii	413501	S	48	211	259	0.00002
Cronobacter sp. JZ38	1906275	S	33	112	145	0.00001
Kosakonia cowanii	208223	S	307	259	566	0.00004
Kosakonia sp. SMBL-WEM22	2725560	S	120	59	179	0.00001
Kosakonia sp. CCTCC M2018092	2492396	S	91	94	185	0.00001
Kosakonia sp. MUSA4	2067958	S	88	48	136	0.00001
Kosakonia sacchari	1158459	S	276	140	416	0.00003
Kosakonia radicincitans	283686	S	120	165	285	0.00002
Kosakonia arachidis	551989	S	107	33	140	0.00001
Kosakonia pseudosacchari	1646340	S	93	55	148	0.00001
Kosakonia oryzae	497725	S	91	71	162	0.00001
Leclercia adecarboxylata	83655	S	499	1038	1537	0.00011
Leclercia sp. 29361	2714951	S	189	91	280	0.00002
Leclercia sp. J807	2681307	S	38	65	103	0.00001
Leclercia sp. W17	2282309	S	33	107	140	0.00001
Leclercia sp. G3L	2898725	S	26	157	183	0.00001
Leclercia sp. W6	2282310	S	22	47	69	0.00001
Leclercia sp. 119287	2681308	S	18	63	81	0.00001
Leclercia sp. LSNIH1	1920114	S	14	228	242	0.00002
Leclercia pneumoniae	2815358	S	138	79	217	0.00002
Salmonella enterica	28901	S	1098	37322	38420	0.00285
Salmonella bongori	54736	S	133	45	178	0.00001
Pluralibacter gergoviae	61647	S	879	272	1151	0.00009
[Enterobacter] lignolyticus	1334193	S	462	145	607	0.00005
Escherichia coli	562	S	653	18635	19288	0.00143
Escherichia albertii	208962	S	143	148	291	0.00002
Escherichia fergusonii	564	S	78	251	329	0.00002
Escherichia marmotae	1499973	S	69	48	117	0.00001
Escherichia sp. E4742	2044467	S	37	30	67	0.00000
Cedecea neteri	158822	S	639	151	790	0.00006
Cedecea sp. FDAARGOS_727	2545798	S	170	40	210	0.00002
Cedecea lapagei	158823	S	149	44	193	0.00001
Lelliottia amnigena	61646	S	459	151	610	0.00005
Lelliottia sp. AC1	2067959	S	64	62	126	0.00001
Lelliottia sp. WB101	2153385	S	50	62	112	0.00001
Kluyvera ascorbata	51288	S	174	160	334	0.00002
Kluyvera intermedia	61648	S	113	102	215	0.00002
Kluyvera sp. CRP	2873269	S	19	57	76	0.00001
Kluyvera genomosp. 3	2774055	S	15	42	57	0.00000
Candidatus Symbiopectobacterium sp. SyEd1	2871826	S	171	25	196	0.00001
Candidatus Hamiltonella defensa	138072	S	35	2	37	0.00000
secondary endosymbiont of Ctenarytaina eucalypti	1199245	S	34	1	35	0.00000
secondary endosymbiont of Heteropsylla cubana	134287	S	21	1	22	0.00000
Blochmannia endosymbiont of Colobopsis nipponica	2681987	S	17	10	27	0.00000
Candidatus Doolittlea endobia	1778262	S	23	1	24	0.00000
Candidatus Hoaglandella endobia	1778263	S	18	1	19	0.00000
Candidatus Mikella endobia	1778264	S	12	1	13	0.00000
Candidatus Purcelliella pentastirinorum	472834	S	11	1	12	0.00000
Candidatus Tachikawaea gelatinosa	1410383	S	10	2	12	0.00000
Jejubacter calystegiae	2579935	S	307	39	346	0.00003
Pseudescherichia vulneris	566	S	256	19	275	0.00002
Atlantibacter hermannii	565	S	248	62	310	0.00002
Plesiomonas shigelloides	703	S	243	90	333	0.00002
Shimwellia blattae	563	S	232	55	287	0.00002
Buttiauxella agrestis	82977	S	82	18	100	0.00001
Buttiauxella ferragutiae	82989	S	24	75	99	0.00001
Buttiauxella sp. 3AFRM03	2479367	S	13	37	50	0.00000
Yokenella regensburgei	158877	S	188	98	286	0.00002
Pseudocitrobacter sp. G163CM	2891570	S	186	56	242	0.00002
Scandinavium goeteborgense	1851514	S	155	34	189	0.00001
Phytobacter ursingii	1972431	S	115	180	295	0.00002
Phytobacter diazotrophicus	395631	S	13	101	114	0.00001
Phytobacter sp. SCO41	1756993	S	13	23	36	0.00000
Shigella flexneri	623	S	20	1254	1274	0.00009
Shigella boydii	621	S	16	348	364	0.00003
Candidatus Profftia tarda	1177216	S	17	0	17	0.00000
Candidatus Profftia lariciata	1987921	S	12	1	13	0.00000
Candidatus Moranella endobia	1048758	S	30	0	30	0.00000
Candidatus Ishikawaella capsulata	168169	S	23	1	24	0.00000
Candidatus Schneideria nysicola	1081631	S	11	0	11	0.00000
Serratia marcescens	615	S	1553	3786	5339	0.00040
Serratia sp. ATCC 39006	104623	S	132	16	148	0.00001
Serratia sp. FDAARGOS_506	2420306	S	132	152	284	0.00002
Serratia sp. FGI94	671990	S	67	85	152	0.00001
Serratia sp. 1D1416	2447890	S	35	137	172	0.00001
Serratia sp. 3ACOL1	2448483	S	32	54	86	0.00001
Serratia sp. FS14	1327989	S	26	150	176	0.00001
Serratia sp. JSRIV002	2831894	S	22	99	121	0.00001
Serratia sp. Tan611	2773264	S	15	114	129	0.00001
Serratia sp. P2ACOL2	2482769	S	15	54	69	0.00001
Serratia sp. MYb239	2033438	S	13	128	141	0.00001
Serratia sp. JSRIV006	2831896	S	10	61	71	0.00001
Serratia sp. JSRIV004	2831895	S	10	61	71	0.00001
Serratia plymuthica	82996	S	548	341	889	0.00007
Serratia entomophila	42906	S	427	126	553	0.00004
Serratia rubidaea	61652	S	367	492	859	0.00006
Serratia odorifera	618	S	303	61	364	0.00003
Serratia proteamaculans	28151	S	266	73	339	0.00003
Serratia fonticola	47917	S	244	252	496	0.00004
Serratia surfactantfaciens	2741499	S	204	139	343	0.00003
Serratia quinivorans	137545	S	146	65	211	0.00002
Serratia liquefaciens	614	S	134	204	338	0.00003
Serratia grimesii	82995	S	127	17	144	0.00001
Serratia symbiotica	138074	S	98	18	116	0.00001
Serratia inhibens	2338073	S	96	61	157	0.00001
Serratia rhizosphaerae	2597702	S	87	96	183	0.00001
Serratia ureilytica	300181	S	48	736	784	0.00006
Serratia ficaria	61651	S	26	139	165	0.00001
Serratia nematodiphila	458197	S	13	150	163	0.00001
Rahnella aquatilis	34038	S	256	391	647	0.00005
Rahnella victoriana	1510570	S	198	34	232	0.00002
Rahnella inusitata	58169	S	182	58	240	0.00002
Rahnella sp. ERMR1:05	1805933	S	176	30	206	0.00002
Rahnella aceris	2703885	S	33	74	107	0.00001
Yersinia similis	367190	S	25	4	29	0.00000
Yersinia pseudotuberculosis	633	S	20	18	38	0.00000
Yersinia pestis	632	S	19	4742	4761	0.00035
Yersinia ruckeri	29486	S	87	18	105	0.00001
Yersinia enterocolitica	630	S	86	133	219	0.00002
Yersinia rohdei	29485	S	71	15	86	0.00001
Yersinia entomophaga	935293	S	68	13	81	0.00001
Yersinia frederiksenii	29484	S	56	42	98	0.00001
Yersinia mollaretii	33060	S	52	11	63	0.00000
Yersinia aldovae	29483	S	42	9	51	0.00000
Yersinia canariae	2607663	S	41	15	56	0.00000
Yersinia aleksiciae	263819	S	33	8	41	0.00000
Yersinia intermedia	631	S	31	83	114	0.00001
Yersinia kristensenii	28152	S	18	41	59	0.00000
Yersinia massiliensis	419257	S	13	33	46	0.00000
Yersinia hibernica	2339259	S	10	14	24	0.00000
Nissabacter sp. SGAir0207	2126321	S	641	114	755	0.00006
Gibbsiella quercinecans	929813	S	381	62	443	0.00003
Ewingella americana	41202	S	218	36	254	0.00002
Rouxiella badensis	1646377	S	187	20	207	0.00002
Chania multitudinisentens	1639108	S	109	14	123	0.00001
Candidatus Fukatsuia symbiotica	1878942	S	56	4	60	0.00000
Pantoea sp. Z09	2886821	S	540	190	730	0.00005
Pantoea sp. SO10	2575375	S	288	61	349	0.00003
Pantoea sp. At-9b	592316	S	202	43	245	0.00002
Pantoea sp. MSR2	2052056	S	190	22	212	0.00002
Pantoea sp. CCBC3-3-1	2490851	S	170	38	208	0.00002
Pantoea sp. MT58	2768165	S	21	147	168	0.00001
Pantoea sp. SM3640	2787629	S	13	84	97	0.00001
Pantoea agglomerans	549	S	1256	403	1659	0.00012
Pantoea dispersa	59814	S	957	284	1241	0.00009
Pantoea vagans	470934	S	404	562	966	0.00007
Pantoea ananatis	553	S	320	99	419	0.00003
Pantoea deleyi	470932	S	266	67	333	0.00002
Pantoea cypripedii	55209	S	217	13	230	0.00002
Pantoea alhagi	1891675	S	213	73	286	0.00002
Pantoea stewartii	66269	S	182	49	231	0.00002
Pantoea rwandensis	1076550	S	155	36	191	0.00001
Candidatus Pantoea carbekii	1235990	S	18	2	20	0.00000
Pantoea eucalypti	470933	S	13	82	95	0.00001
Erwinia sp. E602	2675378	S	533	109	642	0.00005
Erwinia sp. J780	2681984	S	122	26	148	0.00001
Erwinia sp. QL-Z3	2547962	S	29	96	125	0.00001
Erwinia sp. Ejp617	215689	S	20	39	59	0.00000
Erwinia gerundensis	1619313	S	291	63	354	0.00003
Erwinia persicina	55211	S	254	60	314	0.00002
Erwinia rhapontici	55212	S	197	43	240	0.00002
Erwinia amylovora	552	S	152	61	213	0.00002
Erwinia tasmaniensis	338565	S	147	34	181	0.00001
Erwinia billingiae	182337	S	113	245	358	0.00003
Candidatus Erwinia haradaeae	1922217	S	98	2	100	0.00001
Erwinia tracheiphila	65700	S	91	14	105	0.00001
[Pantoea] beijingensis	1324864	S	90	19	109	0.00001
Erwinia pyrifoliae	79967	S	22	41	63	0.00000
Mixta gaviniae	665914	S	397	171	568	0.00004
Mixta calida	665913	S	353	217	570	0.00004
Mixta theicola	1458355	S	245	89	334	0.00002
Mixta sp. X22927	2872648	S	172	103	275	0.00002
Mixta intestinalis	1615494	S	158	50	208	0.00002
Buchnera aphidicola	9	S	268	42	310	0.00002
Tatumella ptyseos	82987	S	84	17	101	0.00001
Tatumella citrea	53336	S	51	8	59	0.00000
Wigglesworthia glossinidia	51229	S	25	2	27	0.00000
Dickeya dadantii	204038	S	350	297	647	0.00005
Dickeya chrysanthemi	556	S	303	103	406	0.00003
Dickeya zeae	204042	S	286	306	592	0.00004
Dickeya dianthicola	204039	S	243	124	367	0.00003
Dickeya fangzhongdai	1778540	S	139	598	737	0.00005
Dickeya poaceiphila	568768	S	135	26	161	0.00001
Dickeya sp. NCPPB 3274	568766	S	91	63	154	0.00001
Dickeya sp. Secpp 1600	2037915	S	10	100	110	0.00001
Dickeya solani	1089444	S	101	244	345	0.00003
Dickeya oryzae	1240404	S	17	36	53	0.00000
Pectobacterium carotovorum	554	S	241	561	802	0.00006
Pectobacterium brasiliense	180957	S	158	196	354	0.00003
Pectobacterium sp. LJ1	2878098	S	71	22	93	0.00001
Pectobacterium sp. PL64	2738983	S	33	23	56	0.00000
Pectobacterium atrosepticum	29471	S	92	38	130	0.00001
Pectobacterium parmentieri	1905730	S	86	30	116	0.00001
Pectobacterium polaris	2042057	S	86	65	151	0.00001
Pectobacterium punjabense	2108399	S	62	16	78	0.00001
Pectobacterium versatile	2488639	S	47	111	158	0.00001
Pectobacterium odoriferum	78398	S	46	36	82	0.00001
Pectobacterium wasabiae	55208	S	43	14	57	0.00000
Pectobacterium quasiaquaticum	2774015	S	33	34	67	0.00000
Pectobacterium parvum	2778550	S	33	53	86	0.00001
Pectobacterium aroidearum	1201031	S	31	50	81	0.00001
Pectobacterium aquaticum	2204145	S	15	20	35	0.00000
Brenneria goodwinii	1109412	S	252	275	527	0.00004
Brenneria izadpanahii	2722756	S	248	280	528	0.00004
Brenneria rubrifaciens	55213	S	171	72	243	0.00002
Lonsdalea populi	1172565	S	243	80	323	0.00002
Lonsdalea britannica	1082704	S	226	68	294	0.00002
Musicola paradisiaca	69223	S	311	0	311	0.00002
Edwardsiella tarda	636	S	443	652	1095	0.00008
Edwardsiella hoshinae	93378	S	278	67	345	0.00003
Edwardsiella ictaluri	67780	S	164	396	560	0.00004
Edwardsiella piscicida	1263550	S	60	539	599	0.00004
Edwardsiella sp. EA181011	1578828	S	11	102	113	0.00001
Hafnia alvei	569	S	122	149	271	0.00002
Hafnia paralvei	546367	S	50	22	72	0.00001
Obesumbacterium proteus	82983	S	40	32	72	0.00001
Morganella morganii	582	S	473	486	959	0.00007
Providencia rettgeri	587	S	88	171	259	0.00002
Providencia alcalifaciens	126385	S	64	32	96	0.00001
Providencia heimbachae	333962	S	27	11	38	0.00000
Providencia sneebia	516075	S	27	2	29	0.00000
Providencia sp. R33	2828763	S	24	7	31	0.00000
Providencia rustigianii	158850	S	21	8	29	0.00000
Providencia stuartii	588	S	13	95	108	0.00001
Xenorhabdus bovienii	40576	S	78	21	99	0.00001
Xenorhabdus doucetiae	351671	S	68	11	79	0.00001
Xenorhabdus nematophila	628	S	47	9	56	0.00000
Xenorhabdus poinarii	40577	S	41	9	50	0.00000
Xenorhabdus hominickii	351679	S	38	7	45	0.00000
Xenorhabdus budapestensis	290110	S	29	4	33	0.00000
Proteus mirabilis	584	S	71	215	286	0.00002
Proteus vulgaris	585	S	27	68	95	0.00001
Proteus penneri	102862	S	19	22	41	0.00000
Proteus hauseri	183417	S	10	2	12	0.00000
Photorhabdus laumondii	2218628	S	47	9	56	0.00000
Photorhabdus akhurstii	171438	S	46	8	54	0.00000
Photorhabdus thracensis	230089	S	43	7	50	0.00000
Photorhabdus asymbiotica	291112	S	37	4	41	0.00000
Arsenophonus endosymbiont of Aleurodicus dispersus	235559	S	14	0	14	0.00000
Arsenophonus endosymbiont of Aphis craccivora	1231049	S	13	4	17	0.00000
Arsenophonus endosymbiont of Apis mellifera	1541805	S	10	3	13	0.00000
Arsenophonus nasoniae	638	S	13	4	17	0.00000
Moellerella wisconsensis	158849	S	31	25	56	0.00000
Sodalis sp. dw_23	2697027	S	455	34	489	0.00004
Sodalis endosymbiont of Henestaris halophilus	1929246	S	22	0	22	0.00000
Sodalis praecaptivus	1239307	S	270	199	469	0.00003
Sodalis glossinidius	63612	S	251	40	291	0.00002
Candidatus Sodalis pierantonius	1486991	S	92	72	164	0.00001
Leminorella richardii	158841	S	171	28	199	0.00001
Pragia fontium	82985	S	59	11	70	0.00001
Jinshanibacter zhutongyuii	2498113	S	37	13	50	0.00000
Limnobaculum parvum	2172103	S	29	12	41	0.00000
Thioalkalivibrio sulfidiphilus	1033854	S	2282	1531	3813	0.00028
Thioalkalivibrio paradoxus	108010	S	2253	748	3001	0.00022
Thioalkalivibrio nitratireducens	186931	S	2153	648	2801	0.00021
Thioalkalivibrio versutus	106634	S	1532	236	1768	0.00013
Thioalkalivibrio sp. K90mix	396595	S	1508	223	1731	0.00013
Spiribacter sp. E85	2182432	S	4449	523	4972	0.00037
Spiribacter sp. 2438	2666185	S	820	106	926	0.00007
Spiribacter curvatus	1335757	S	1014	72	1086	0.00008
Spiribacter salinus	1335746	S	724	75	799	0.00006
Acidihalobacter aeolianus	2792603	S	1899	308	2207	0.00016
Acidihalobacter ferrooxydans	1765967	S	1596	192	1788	0.00013
Acidihalobacter yilgarnensis	2819280	S	991	78	1069	0.00008
Halorhodospira halophila	1053	S	1963	282	2245	0.00017
Halorhodospira halochloris	1052	S	340	19	359	0.00003
Aquisalimonas sp. 2447	2740807	S	1947	171	2118	0.00016
Alkalilimnicola ehrlichii	351052	S	1812	289	2101	0.00016
Ectothiorhodospira haloalkaliphila	421628	S	729	285	1014	0.00008
Ectothiorhodospira sp. BSL-9	1442136	S	706	264	970	0.00007
Ectothiorhodosinus mongolicus	233100	S	252	21	273	0.00002
Allochromatium tepidum	553982	S	1591	915	2506	0.00019
Allochromatium vinosum	1049	S	1463	681	2144	0.00016
Thioflavicoccus mobilis	80679	S	3331	355	3686	0.00027
Candidatus Thiodictyon syntrophicum	1166950	S	3296	205	3501	0.00026
Marichromatium purpuratum	37487	S	2929	661	3590	0.00027
Thiocapsa bogorovii	521689	S	2529	156	2685	0.00020
Thiocystis violascens	73141	S	1902	187	2089	0.00015
Thermochromatium tepidum	1050	S	1187	323	1510	0.00011
Caldichromatium japonicum	2699430	S	861	114	975	0.00007
Nitrosococcus wardiae	1814290	S	207	29	236	0.00002
Nitrosococcus halophilus	133539	S	206	30	236	0.00002
Nitrosococcus watsonii	473531	S	136	38	174	0.00001
Nitrosococcus oceani	1229	S	132	34	166	0.00001
Rheinheimera sp. F8	1763998	S	140	8	148	0.00001
Rheinheimera sp. D18	2545632	S	46	46	92	0.00001
Rheinheimera mangrovi	2498451	S	64	7	71	0.00001
Candidatus Nitrosacidococcus tergens	553981	S	74	4	78	0.00001
Candidatus Nitrosoglobus terrae	1630141	S	45	3	48	0.00000
Wenzhouxiangella marina	1579979	S	2226	164	2390	0.00018
Wenzhouxiangella sp. AB-CW3	2771012	S	1337	68	1405	0.00010
Thiohalobacter sp. COW1	2795687	S	502	1130	1632	0.00012
Thiohalobacter thiocyanaticus	585455	S	415	1156	1571	0.00012
Sulfurivermis fontis	1972068	S	1990	874	2864	0.00021
Guyparkeria halophila	47960	S	1925	558	2483	0.00018
Woeseia oceani	1548547	S	1355	27	1382	0.00010
Halothiobacillus sp. LS2	1860122	S	896	109	1005	0.00007
Halothiobacillus neapolitanus	927	S	332	47	379	0.00003
Sulfuriflexus mobilis	1811807	S	498	17	515	0.00004
Granulosicoccus antarcticus	437505	S	396	7	403	0.00003
Halomonas sp. THAF5a	2587844	S	1470	627	2097	0.00016
Halomonas sp. 1513	1883416	S	1256	295	1551	0.00011
Halomonas sp. YLGW01	2773308	S	1079	199	1278	0.00009
Halomonas sp. MCCC 1A13316	2733487	S	1060	147	1207	0.00009
Halomonas sp. HG01	1609967	S	1031	502	1533	0.00011
Halomonas sp. THAF12	2587849	S	1022	709	1731	0.00013
Halomonas sp. JS92-SW72	2306583	S	858	1084	1942	0.00014
Halomonas sp. PGE1	2730360	S	678	1051	1729	0.00013
Halomonas sp. Y2R2	2562282	S	426	25	451	0.00003
Halomonas sp. A40-4	2785909	S	314	91	405	0.00003
Halomonas sp. SH5A2	2749040	S	283	53	336	0.00002
Halomonas sp. KO116	1504981	S	231	102	333	0.00002
Halomonas sp. R57-5	1610576	S	195	83	278	0.00002
Halomonas sp. 18071143	2855441	S	181	411	592	0.00004
Halomonas sp. SS10-MC5	2854257	S	149	1286	1435	0.00011
Halomonas sp. FeN2	2832500	S	147	64	211	0.00002
Halomonas sp. GFAJ-1	1118153	S	125	23	148	0.00001
Halomonas sp. SF2003	2136172	S	125	587	712	0.00005
Halomonas sp. NyZ770	2883106	S	90	382	472	0.00004
Halomonas sp. TD01	999141	S	76	43	119	0.00001
Halomonas sp. HL-93	1666906	S	65	479	544	0.00004
Halomonas sp. N3-2A	2014541	S	64	81	145	0.00001
Halomonas sp. hl-4	1761789	S	60	428	488	0.00004
Halomonas sp. GT	1971364	S	32	23	55	0.00000
Halomonas sp. A3H3	1346287	S	28	719	747	0.00006
Halomonas beimenensis	475662	S	1645	348	1993	0.00015
Halomonas aestuarii	1897729	S	1214	271	1485	0.00011
Halomonas socia	1081866	S	1148	228	1376	0.00010
Halomonas tianxiuensis	2497861	S	1097	247	1344	0.00010
Halomonas sulfidivorans	2733488	S	1063	227	1290	0.00010
Halomonas elongata	2746	S	1022	113	1135	0.00008
Halomonas chromatireducens	507626	S	833	70	903	0.00007
Halomonas subglaciescola	29571	S	588	68	656	0.00005
Halomonas meridiana	29570	S	513	430	943	0.00007
Halomonas huangheensis	1178482	S	475	28	503	0.00004
Halomonas piezotolerans	2609667	S	365	199	564	0.00004
Halomonas profundi	2852117	S	198	29	227	0.00002
Halomonas titanicae	664683	S	145	711	856	0.00006
Halomonas sulfidoxydans	2733484	S	137	1163	1300	0.00010
Halomonas hydrothermalis	115561	S	118	334	452	0.00003
Halomonas venusta	44935	S	98	120	218	0.00002
Halomonas campaniensis	213554	S	24	109	133	0.00001
Halomonas alkaliphila	272774	S	15	75	90	0.00001
Cobetia sp. L2A1	2686360	S	393	51	444	0.00003
Cobetia sp. cqz5-12	2609415	S	246	339	585	0.00004
Cobetia sp. AM6	2661553	S	96	537	633	0.00005
Cobetia sp. 4B	2758724	S	96	416	512	0.00004
Cobetia pacifica	1055101	S	149	391	540	0.00004
Cobetia amphilecti	1055104	S	52	312	364	0.00003
Cobetia marina	28258	S	23	258	281	0.00002
Halotalea alkalilenta	376489	S	1758	386	2144	0.00016
Salinicola tamaricis	1771309	S	1583	200	1783	0.00013
Kushneria phosphatilytica	657387	S	484	20	504	0.00004
Kushneria marisflavi	157779	S	400	80	480	0.00004
Kushneria konosiri	698828	S	378	77	455	0.00003
Chromohalobacter salexigens	158080	S	1267	152	1419	0.00011
Pistricoccus aurantiacus	1883414	S	723	53	776	0.00006
Zymobacter palmae	33074	S	275	40	315	0.00002
Candidatus Portiera aleyrodidarum	91844	S	43	6	49	0.00000
Candidatus Carsonella ruddii	114186	S	10	10	20	0.00000
Alcanivorax sp. N3-2A	2014542	S	1215	1526	2741	0.00020
Alcanivorax sp. NBRC 101098	1113728	S	12	204	216	0.00002
Alcanivorax pacificus	1306787	S	1051	421	1472	0.00011
Alcanivorax xenomutans	1094342	S	598	370	968	0.00007
Alcanivorax dieselolei	285091	S	567	217	784	0.00006
Ketobacter alkanivorans	1917421	S	212	20	232	0.00002
Marinobacterium aestuarii	1821621	S	718	62	780	0.00006
Marinobacterium georgiense	48076	S	303	121	424	0.00003
Marinobacterium sediminicola	518898	S	300	63	363	0.00003
Marinobacterium sp. LSUCC0821	2668067	S	53	4	57	0.00000
Marinomonas sp. A3A	2065312	S	32	6	38	0.00000
Marinomonas sp. CT5	2066133	S	29	3	32	0.00000
Marinomonas sp. FW-1	2071621	S	26	9	35	0.00000
Marinomonas primoryensis	178399	S	69	12	81	0.00001
Marinomonas mediterranea	119864	S	60	7	67	0.00000
Marinomonas profundi	2726122	S	59	25	84	0.00001
Marinomonas arctica	383750	S	43	14	57	0.00000
Marinomonas posidonica	936476	S	40	7	47	0.00000
Marinomonas foliarum	491950	S	35	20	55	0.00000
Marinomonas algicola	2773454	S	22	4	26	0.00000
Thalassolituus sp. C2-1	2597518	S	191	16	207	0.00002
Thalassolituus oleivorans	187493	S	75	21	96	0.00001
Venatorbacter cucullus	2661630	S	250	69	319	0.00002
Bacterioplanes sanyensis	1249553	S	183	12	195	0.00001
Neptunomonas phycophila	1572645	S	53	5	58	0.00000
Neptunomonas concharum	1031538	S	51	5	56	0.00000
Neptunomonas japonica	417574	S	38	3	41	0.00000
Nitrincola iocasae	2614693	S	114	21	135	0.00001
Amphritea japonica	452627	S	72	6	78	0.00001
Bermanella marisrubri	207949	S	44	2	46	0.00000
Hahella sp. KA22	1628392	S	425	64	489	0.00004
Hahella chejuensis	158327	S	405	52	457	0.00003
Saccharospirillum mangrovi	2161747	S	539	36	575	0.00004
Reinekea forsetii	1336806	S	222	13	235	0.00002
Gynuella sunshinyii	1445505	S	141	4	145	0.00001
Litoricola lipolytica	418701	S	343	19	362	0.00003
Spartinivicinus ruber	2683272	S	210	7	217	0.00002
Endozoicomonas montiporae	1027273	S	129	8	137	0.00001
Oleiphilus messinensis	141451	S	128	11	139	0.00001
Methylococcus sp. EFPC2	2812648	S	1898	145	2043	0.00015
Methylococcus sp. Mc7	2860258	S	1640	575	2215	0.00016
Methylococcus capsulatus	414	S	1529	417	1946	0.00014
Methylococcus geothermalis	2681310	S	1316	401	1717	0.00013
Methylomonas sp. LL1	2785785	S	575	29	604	0.00004
Methylomonas sp. DH-1	1727196	S	203	368	571	0.00004
Methylomonas sp. LW13	107637	S	197	120	317	0.00002
Methylomonas sp. EFPC1	2812647	S	193	125	318	0.00002
Methylomonas koyamae	702114	S	538	526	1064	0.00008
Methylomonas rhizoryzae	2608981	S	507	22	529	0.00004
Methylomonas denitrificans	1538553	S	437	31	468	0.00003
Methylomonas methanica	421	S	354	19	373	0.00003
Methylomonas paludis	1173101	S	123	6	129	0.00001
Methylomagnum ishizawai	1760988	S	2008	98	2106	0.00016
Methylomicrobium album	39775	S	1605	71	1676	0.00012
Methylomicrobium sp. wino1	2049332	S	318	269	587	0.00004
Methylocaldum marinum	1432792	S	1841	118	1959	0.00015
Methylogaea oryzae	1295382	S	1811	155	1966	0.00015
Candidatus Methylospira mobilis	1808979	S	645	30	675	0.00005
Methylotuvimicrobium buryatense	95641	S	209	241	450	0.00003
Methylotuvimicrobium alcaliphilum	271065	S	152	205	357	0.00003
Methylovulum psychrotolerans	1704499	S	281	7	288	0.00002
Methylobacter sp. S3L5C	2839024	S	133	9	142	0.00001
Aeromonas sp. FDAARGOS 1415	2778064	S	278	173	451	0.00003
Aeromonas sp. CA23	2033032	S	235	112	347	0.00003
Aeromonas sp. CU5	2033033	S	157	74	231	0.00002
Aeromonas sp. FDAARGOS 1409	2778058	S	130	213	343	0.00003
Aeromonas sp. FDAARGOS 1407	2778056	S	51	178	229	0.00002
Aeromonas sp. FDAARGOS 1405	2778054	S	45	84	129	0.00001
Aeromonas sp. ASNIH4	1636609	S	42	228	270	0.00002
Aeromonas sp. FDAARGOS 1410	2778059	S	40	108	148	0.00001
Aeromonas sp. 2692-1	2560029	S	35	193	228	0.00002
Aeromonas sp. 1805	2560028	S	33	104	137	0.00001
Aeromonas sp. FDAARGOS 1403	2778052	S	30	103	133	0.00001
Aeromonas sp. FDAARGOS 1404	2778053	S	29	117	146	0.00001
Aeromonas sp. FDAARGOS 1408	2778057	S	26	170	196	0.00001
Aeromonas sp. FDAARGOS 1417	2778066	S	25	82	107	0.00001
Aeromonas sp. ASNIH2	1636607	S	19	281	300	0.00002
Aeromonas sp. WP2-W18-CRE-05	2675707	S	19	840	859	0.00006
Aeromonas sp. ASNIH1	1636606	S	17	372	389	0.00003
Aeromonas sp. ASNIH5	1758179	S	15	287	302	0.00002
Aeromonas sp. FDAARGOS 1411	2778060	S	15	54	69	0.00001
Aeromonas sp. FDAARGOS 1419	2778068	S	15	49	64	0.00000
Aeromonas sp. FDAARGOS 1406	2778055	S	14	152	166	0.00001
Aeromonas sp. FDAARGOS 1416	2778065	S	14	46	60	0.00000
Aeromonas sp. FDAARGOS 1402	2778051	S	13	156	169	0.00001
Aeromonas sp. FDAARGOS 1414	2778063	S	13	46	59	0.00000
Aeromonas sp. ASNIH7	1920107	S	10	423	433	0.00003
Aeromonas hydrophila	644	S	1395	3695	5090	0.00038
Aeromonas veronii	654	S	1036	2526	3562	0.00026
Aeromonas schubertii	652	S	745	240	985	0.00007
Aeromonas media	651	S	739	1515	2254	0.00017
Aeromonas encheleia	73010	S	696	270	966	0.00007
Aeromonas simiae	218936	S	619	712	1331	0.00010
Aeromonas salmonicida	645	S	613	649	1262	0.00009
Aeromonas caviae	648	S	446	4071	4517	0.00033
Aeromonas rivuli	648794	S	397	124	521	0.00004
Aeromonas enteropelogenes	29489	S	373	343	716	0.00005
Aeromonas dhakensis	196024	S	312	704	1016	0.00008
Aeromonas jandaei	650	S	296	338	634	0.00005
Aeromonas sanarellii	633415	S	91	491	582	0.00004
Aeromonas allosaccharophila	656	S	57	100	157	0.00001
Aeromonas rivipollensis	948519	S	51	91	142	0.00001
Zobellella denitrificans	347534	S	1236	320	1556	0.00012
Oceanimonas sp. GK1	511062	S	595	140	735	0.00005
Dongshaea marina	2047966	S	172	18	190	0.00001
Oceanisphaera profunda	1416627	S	93	15	108	0.00001
Oceanisphaera avium	1903694	S	43	8	51	0.00000
Tolumonas auensis	43948	S	114	53	167	0.00001
Succinivibrio dextrinosolvens	83771	S	44	2	46	0.00000
Solimonas sp. K1W22B-7	2303331	S	6116	760	6876	0.00051
Flagellatimonas centrodinii	2806210	S	1836	162	1998	0.00015
Sinimarinibacterium sp. NLF-5-8	2698684	S	988	614	1602	0.00012
Steroidobacter denitrificans	465721	S	6235	1898	8133	0.00060
Sulfurifustis variabilis	1675686	S	8297	620	8917	0.00066
Sulfuricaulis limicola	1620215	S	3477	311	3788	0.00028
Acidiferrobacter sp. SPIII_3	1281578	S	984	267	1251	0.00009
Acidiferrobacter thiooxydans	163359	S	837	229	1066	0.00008
Microbulbifer sp. YPW16	2904242	S	750	79	829	0.00006
Microbulbifer sp. SH-1	2681547	S	631	111	742	0.00005
Microbulbifer sp. YPW1	2745199	S	498	101	599	0.00004
Microbulbifer sp. ALW1	1516059	S	368	70	438	0.00003
Microbulbifer sp. GL-2	2591606	S	148	28	176	0.00001
Microbulbifer sp. THAF38	2587856	S	143	56	199	0.00001
Microbulbifer sp. A4B17	359370	S	118	31	149	0.00001
Microbulbifer aggregans	1769779	S	506	71	577	0.00004
Microbulbifer celer	435905	S	449	65	514	0.00004
Microbulbifer hydrolyticus	48074	S	438	95	533	0.00004
Microbulbifer thermotolerans	252514	S	433	31	464	0.00003
Microbulbifer elongatus	86173	S	424	82	506	0.00004
Microbulbifer agarilyticus	260552	S	269	35	304	0.00002
Microbulbifer variabilis	266805	S	116	50	166	0.00001
Kineobactrum salinum	2708301	S	1129	50	1179	0.00009
Halioglobus japonicus	930805	S	557	43	600	0.00004
Halioglobus maricola	2601894	S	431	28	459	0.00003
Congregibacter litoralis	393662	S	425	200	625	0.00005
Aequoribacter fuscus	2518989	S	154	23	177	0.00001
Cellvibrio sp. PSBB006	1987723	S	403	14	417	0.00003
Cellvibrio sp. KY-YJ-3	454662	S	250	43	293	0.00002
Cellvibrio sp. KY-GH-1	2303332	S	181	16	197	0.00001
Cellvibrio sp. PSBB023	1945512	S	163	19	182	0.00001
Cellvibrio japonicus	155077	S	244	18	262	0.00002
Simiduia agarivorans	447471	S	419	24	443	0.00003
Teredinibacter turnerae	2426	S	214	9	223	0.00002
Teredinibacter haidensis	2731755	S	94	7	101	0.00001
Teredinibacter purpureus	2731756	S	93	3	96	0.00001
Marinagarivorans sp. GE09	2721545	S	81	7	88	0.00001
Saccharophagus degradans	86304	S	76	2	78	0.00001
Agarilytica rhodophyticola	1737490	S	42	1	43	0.00000
Spongiibacter nanhainus	2794344	S	439	56	495	0.00004
Spongiibacter taiwanensis	1748242	S	432	22	454	0.00003
Spongiibacter sp. IMCC21906	1620392	S	103	32	135	0.00001
Zhongshania aliphaticivorans	1470434	S	212	18	230	0.00002
Oceanicoccus sagamiensis	716816	S	96	2	98	0.00001
Shewanella sp. FJAT-53764	2864207	S	71	105	176	0.00001
Shewanella sp. FJAT-53532	2864203	S	66	108	174	0.00001
Shewanella sp. FJAT-54031	2864209	S	66	95	161	0.00001
Shewanella sp. FJAT-53555	2864204	S	62	52	114	0.00001
Shewanella sp. FJAT-51860	2864212	S	56	9	65	0.00000
Shewanella sp. FJAT-53681	2864205	S	51	79	130	0.00001
Shewanella sp. FJAT-52072	2864213	S	49	59	108	0.00001
Shewanella sp. FJAT-53870	2864208	S	48	8	56	0.00000
Shewanella sp. FJAT-52076	2864202	S	47	60	107	0.00001
Shewanella sp. KX20019	2803864	S	46	6	52	0.00000
Shewanella sp. FJAT-53749	2864206	S	41	7	48	0.00000
Shewanella sp. Scap07	2589987	S	38	5	43	0.00000
Shewanella sp. FJAT-51649	2864210	S	33	49	82	0.00001
Shewanella sp. WE21	2029986	S	33	18	51	0.00000
Shewanella sp. SNU WT4	2590015	S	32	8	40	0.00000
Shewanella sp. ANA-3	94122	S	23	62	85	0.00001
Shewanella sp. Arc9-LZ	2698686	S	21	9	30	0.00000
Shewanella sp. MR-4	60480	S	21	23	44	0.00000
Shewanella sp. FJAT-51754	2864211	S	18	25	43	0.00000
Shewanella sp. OM3-2	2908650	S	16	2	18	0.00000
Shewanella sp. Pdp11	2059264	S	16	48	64	0.00000
Shewanella sp. W3-18-1	351745	S	10	128	138	0.00001
Shewanella khirikhana	1965282	S	209	34	243	0.00002
Shewanella algae	38313	S	196	181	377	0.00003
Shewanella cyperi	2814292	S	194	113	307	0.00002
Shewanella marisflavi	260364	S	138	27	165	0.00001
Shewanella baltica	62322	S	127	142	269	0.00002
Shewanella litorisediminis	1173586	S	124	32	156	0.00001
Shewanella amazonensis	60478	S	119	32	151	0.00001
Shewanella putrefaciens	24	S	95	339	434	0.00003
Shewanella sedimentimangrovi	2814293	S	91	74	165	0.00001
Shewanella avicenniae	2814294	S	83	14	97	0.00001
Shewanella sediminis	271097	S	79	10	89	0.00001
Shewanella yunxiaonensis	2829809	S	74	12	86	0.00001
Shewanella dokdonensis	712036	S	74	7	81	0.00001
Shewanella loihica	359303	S	64	117	181	0.00001
Shewanella denitrificans	192073	S	51	8	59	0.00000
Shewanella benthica	43661	S	49	11	60	0.00000
Shewanella psychropiezotolerans	2593655	S	49	9	58	0.00000
Shewanella psychromarinicola	2487742	S	49	7	56	0.00000
Shewanella woodyi	60961	S	46	5	51	0.00000
Shewanella carassii	1987584	S	46	54	100	0.00001
Shewanella inventionis	1738770	S	43	20	63	0.00000
Shewanella maritima	2520507	S	42	4	46	0.00000
Shewanella oneidensis	70863	S	42	13	55	0.00000
Shewanella psychrophila	225848	S	42	6	48	0.00000
Shewanella pealeana	70864	S	41	7	48	0.00000
Shewanella decolorationis	256839	S	38	46	84	0.00001
Shewanella glacialimarina	2590884	S	38	5	43	0.00000
Shewanella halifaxensis	271098	S	36	5	41	0.00000
Shewanella piezotolerans	404011	S	34	3	37	0.00000
Shewanella donghaensis	238836	S	33	4	37	0.00000
Shewanella violacea	60217	S	33	6	39	0.00000
Shewanella xiamenensis	332186	S	29	164	193	0.00001
Shewanella chilikensis	558541	S	27	86	113	0.00001
Shewanella vesiculosa	518738	S	22	5	27	0.00000
Shewanella indica	768528	S	21	31	52	0.00000
Shewanella frigidimarina	56812	S	19	10	29	0.00000
Shewanella aestuarii	1028752	S	18	7	25	0.00000
Shewanella livingstonensis	150120	S	15	3	18	0.00000
Shewanella bicestrii	2018305	S	14	61	75	0.00001
Parashewanella spongiae	342950	S	36	3	39	0.00000
Parashewanella tropica	2547970	S	19	2	21	0.00000
Alteromonas sp. RKMC-009	2267264	S	115	14	129	0.00001
Alteromonas sp. BL110	1714845	S	32	8	40	0.00000
Alteromonas sp. MB-3u-76	2058133	S	11	76	87	0.00001
Alteromonas sp. 76-1	2358187	S	10	6	16	0.00000
Alteromonas macleodii	28108	S	149	71	220	0.00002
Alteromonas pelagimontana	1858656	S	83	11	94	0.00001
Alteromonas mediterranea	314275	S	79	31	110	0.00001
Alteromonas australica	589873	S	17	55	72	0.00001
Alteromonas naphthalenivorans	715451	S	10	8	18	0.00000
Salinimonas marina	2785918	S	113	12	125	0.00001
Salinimonas lutimaris	914153	S	90	17	107	0.00001
Salinimonas sediminis	2303538	S	73	17	90	0.00001
Salinimonas iocasae	2572577	S	68	14	82	0.00001
Hydrocarboniclastica marina	2259620	S	525	81	606	0.00004
Agarivorans sp. TSD2052	2937286	S	64	8	72	0.00001
Agarivorans sp. B2Z047	2652721	S	13	11	24	0.00000
Agarivorans gilvus	680279	S	53	5	58	0.00000
Agarivorans albus	182262	S	20	19	39	0.00000
Agarivorans aestuarii	1563703	S	17	7	24	0.00000
Lacimicrobium alkaliphilum	1526571	S	156	11	167	0.00001
Saliniradius amylolyticus	2183582	S	154	15	169	0.00001
Paraglaciecola sp. L1A13	2686359	S	43	6	49	0.00000
Paraglaciecola sp. L3A3	2686358	S	36	3	39	0.00000
Paraglaciecola mesophila	197222	S	42	6	48	0.00000
Paraglaciecola psychrophila	326544	S	20	1	21	0.00000
Paraneptunicella aestuarii	2831148	S	76	4	80	0.00001
Glaciecola nitratireducens	300231	S	66	4	70	0.00001
Catenovulum sediminis	1740262	S	38	2	40	0.00000
Saccharobesus litoralis	2172099	S	29	1	30	0.00000
Pseudoalteromonas sp. R3	1709477	S	69	11	80	0.00001
Pseudoalteromonas sp. A25	116092	S	31	4	35	0.00000
Pseudoalteromonas sp. GCY	2003316	S	22	23	45	0.00000
Pseudoalteromonas sp. THAF3	2587843	S	20	22	42	0.00000
Pseudoalteromonas sp. PS1M3	87791	S	13	59	72	0.00001
Pseudoalteromonas rubra	43658	S	167	20	187	0.00001
Pseudoalteromonas viridis	339617	S	105	30	135	0.00001
Pseudoalteromonas luteoviolacea	43657	S	84	12	96	0.00001
Pseudoalteromonas xiamenensis	882626	S	56	6	62	0.00000
Pseudoalteromonas piscicida	43662	S	54	52	106	0.00001
Pseudoalteromonas ulvae	107327	S	50	3	53	0.00000
Pseudoalteromonas shioyasakiensis	1190813	S	47	19	66	0.00000
Pseudoalteromonas mariniglutinosa	206042	S	45	88	133	0.00001
Pseudoalteromonas spongiae	298657	S	37	8	45	0.00000
Pseudoalteromonas tunicata	314281	S	33	4	37	0.00000
Pseudoalteromonas prydzensis	182141	S	28	4	32	0.00000
Pseudoalteromonas agarivorans	176102	S	26	57	83	0.00001
Pseudoalteromonas carrageenovora	227	S	25	8	33	0.00000
Pseudoalteromonas piratica	1348114	S	23	3	26	0.00000
Pseudoalteromonas aliena	247523	S	21	7	28	0.00000
Pseudoalteromonas phenolica	161398	S	20	2	22	0.00000
Pseudoalteromonas translucida	166935	S	18	65	83	0.00001
Pseudoalteromonas ruthenica	151081	S	18	19	37	0.00000
Psychrosphaera ytuae	2820710	S	37	8	45	0.00000
Psychrosphaera aestuarii	1266052	S	14	2	16	0.00000
Flocculibacter collagenilyticus	2744479	S	20	2	22	0.00000
Ferrimonas balearica	44012	S	507	66	573	0.00004
Ferrimonas lipolytica	2724191	S	93	14	107	0.00001
Thalassotalea sp. PS06	2594005	S	48	5	53	0.00000
Thalassotalea sp. LPB0316	2769490	S	47	13	60	0.00000
Thalassotalea sp. HSM 43	2552945	S	30	3	33	0.00000
Thalassotalea crassostreae	1763536	S	20	3	23	0.00000
Colwellia sp. PAMC 20917	1816218	S	34	3	37	0.00000
Colwellia sp. Arc7-635	2497879	S	22	3	25	0.00000
Colwellia sp. Arc7-D	2161872	S	20	5	25	0.00000
Colwellia sp. MT41	58049	S	16	2	18	0.00000
Colwellia sp. 20A7	2689569	S	12	1	13	0.00000
Colwellia psychrerythraea	28229	S	18	2	20	0.00000
Cognaticolwellia beringensis	1967665	S	21	4	25	0.00000
Litorilituus sediminis	718192	S	18	1	19	0.00000
Idiomarina sp. OT37-5b	2100422	S	103	25	128	0.00001
Idiomarina sp. X4	2055892	S	33	12	45	0.00000
Idiomarina loihiensis	135577	S	61	0	61	0.00000
Idiomarina abyssalis	86102	S	52	6	58	0.00000
Idiomarina piscisalsi	1096243	S	41	14	55	0.00000
Moritella sp. 24	2746230	S	18	20	38	0.00000
Moritella yayanosii	69539	S	27	10	37	0.00000
Moritella marina	90736	S	12	4	16	0.00000
Psychromonas ingrahamii	357794	S	70	7	77	0.00001
Psychromonas sp. CNPT3	314282	S	12	2	14	0.00000
Vibrio parahaemolyticus	670	S	176	62	238	0.00002
Vibrio campbellii	680	S	61	48	109	0.00001
Vibrio alginolyticus	663	S	56	68	124	0.00001
Vibrio harveyi	669	S	54	19	73	0.00001
Vibrio diabolicus	50719	S	27	36	63	0.00000
Vibrio owensii	696485	S	39	22	61	0.00000
Vibrio rotiferianus	190895	S	37	15	52	0.00000
Vibrio natriegens	691	S	34	24	58	0.00000
Vibrio azureus	512649	S	26	3	29	0.00000
Vibrio jasicida	766224	S	11	8	19	0.00000
Vibrio sp. OG9-811	2841925	S	135	21	156	0.00001
Vibrio sp. B1FLJ16	2751178	S	56	12	68	0.00001
Vibrio sp. THAF190c	2587865	S	46	6	52	0.00000
Vibrio sp. HDW18	2714948	S	39	6	45	0.00000
Vibrio sp. SCSIO 43132	2779363	S	34	8	42	0.00000
Vibrio sp. VB16	2785746	S	29	2	31	0.00000
Vibrio sp. B1FIG11	2751177	S	22	25	47	0.00000
Vibrio sp. Scap24	2589990	S	21	12	33	0.00000
Vibrio sp. SS-MA-C1-2	2908646	S	11	2	13	0.00000
Vibrio sp. ED004	2785124	S	11	6	17	0.00000
Vibrio sp. dhg	2163016	S	11	19	30	0.00000
Vibrio fluvialis	676	S	291	47	338	0.00003
Vibrio furnissii	29494	S	277	94	371	0.00003
Vibrio vulnificus	672	S	248	55	303	0.00002
Vibrio sinaloensis	379097	S	55	7	62	0.00000
Vibrio europaeus	300876	S	34	13	47	0.00000
Vibrio tubiashii	29498	S	32	16	48	0.00000
Vibrio cholerae	666	S	139	3998	4137	0.00031
Vibrio mimicus	674	S	97	20	117	0.00001
Vibrio navarrensis	29495	S	92	21	113	0.00001
Vibrio coralliilyticus	190893	S	83	23	106	0.00001
Vibrio cyclitrophicus	47951	S	78	16	94	0.00001
Vibrio anguillarum	55601	S	72	10	82	0.00001
Vibrio alfacsensis	1074311	S	67	30	97	0.00001
Vibrio spartinae	1918945	S	63	6	69	0.00001
Vibrio mediterranei	689	S	61	6	67	0.00000
Vibrio maritimus	990268	S	57	6	63	0.00000
Vibrio neptunius	170651	S	57	7	64	0.00000
Vibrio nigripulchritudo	28173	S	56	8	64	0.00000
Vibrio splendidus	29497	S	56	13	69	0.00001
Vibrio taketomensis	2572923	S	54	7	61	0.00000
Vibrio breoganii	553239	S	52	5	57	0.00000
Vibrio scophthalmi	45658	S	46	8	54	0.00000
Vibrio astriarenae	1481923	S	45	5	50	0.00000
Vibrio algicola	2662262	S	44	7	51	0.00000
Vibrio metschnikovii	28172	S	44	8	52	0.00000
Vibrio zhugei	2479546	S	43	10	53	0.00000
Vibrio cincinnatiensis	675	S	42	8	50	0.00000
Vibrio gazogenes	687	S	42	4	46	0.00000
Vibrio metoecus	1481663	S	42	11	53	0.00000
Vibrio panuliri	1381081	S	42	5	47	0.00000
Vibrio ponticus	265668	S	41	3	44	0.00000
Vibrio tapetis	52443	S	40	3	43	0.00000
Vibrio penaeicida	104609	S	38	4	42	0.00000
Vibrio rumoiensis	76258	S	38	24	62	0.00000
Vibrio aphrogenes	1891186	S	34	4	38	0.00000
Vibrio kanaloae	170673	S	32	7	39	0.00000
Vibrio crassostreae	246167	S	31	10	41	0.00000
Vibrio cidicii	1763883	S	31	9	40	0.00000
Vibrio chagasii	170679	S	30	4	34	0.00000
Vibrio tritonius	1435069	S	29	3	32	0.00000
Vibrio bathopelagicus	2777577	S	29	5	34	0.00000
Vibrio aquimaris	2587862	S	25	2	27	0.00000
Vibrio ziniensis	2711221	S	21	2	23	0.00000
Vibrio hyugaensis	1534743	S	17	4	21	0.00000
Vibrio casei	673372	S	16	4	20	0.00000
Vibrio atlanticus	693153	S	15	2	17	0.00000
Vibrio gigantis	296199	S	15	3	18	0.00000
Vibrio qinghaiensis	2025808	S	12	4	16	0.00000
Photobacterium sp. TLY01	2907534	S	166	28	194	0.00001
Photobacterium sp. GJ3	2829502	S	164	21	185	0.00001
Photobacterium gaetbulicola	1295392	S	205	20	225	0.00002
Photobacterium ganghwense	320778	S	143	32	175	0.00001
Photobacterium damselae	38293	S	125	69	194	0.00001
Photobacterium profundum	74109	S	33	4	37	0.00000
Salinivibrio kushneri	1908198	S	118	18	136	0.00001
Salinivibrio sp. YCSC6	2003370	S	25	39	64	0.00000
Salinivibrio costicola	51367	S	24	37	61	0.00000
Grimontia hollisae	673	S	115	15	130	0.00001
Thaumasiovibrio subtropicus	1891207	S	84	10	94	0.00001
Aliivibrio fischeri	668	S	19	2	21	0.00000
Aliivibrio salmonicida	40269	S	14	9	23	0.00000
Candidatus Enterovibrio luxaltus	1927128	S	18	0	18	0.00000
Paraphotobacterium marinum	1755811	S	14	2	16	0.00000
Immundisolibacter cernigliae	1810504	S	3492	733	4225	0.00031
Candidatus Endoriftia persephone	393765	S	1029	55	1084	0.00008
Candidatus Vesicomyosocius sp. SY067_SCS001	2732590	S	18	35	53	0.00000
Bathymodiolus thermophilus thioautotrophic gill symbiont	2360	S	32	1	33	0.00000
Candidatus Ruthia magnifica	386487	S	15	2	17	0.00000
Candidatus Ruthia endofausta	2738852	S	14	4	18	0.00000
Bathymodiolus septemdierum thioautotrophic gill symbiont	113267	S	17	1	18	0.00000
Sedimenticola thiotaurini	1543721	S	624	30	654	0.00005
Candidatus Reidiella endopervernicosa	2738883	S	540	13	553	0.00004
Thiolapillus brandeum	1076588	S	449	12	461	0.00003
Pseudohongiella spirulinae	1249552	S	281	8	289	0.00002
Gallaecimonas mangrovi	2291597	S	155	13	168	0.00001
Celerinatantimonas diazotrophica	412034	S	71	5	76	0.00001
Ignatzschineria sp. HR5S32	2923279	S	35	3	38	0.00000
Candidatus Thioglobus autotrophicus	1705394	S	20	1	21	0.00000
Candidatus Pseudothioglobus singularis	1427364	S	21	7	28	0.00000
Candidatus Azoamicus ciliaticola	2652803	S	12	1	13	0.00000
Candidatus Steffania adelgidicola	1076626	S	11	0	11	0.00000
Acinetobacter sp. WCHAc010034	1879049	S	222	103	325	0.00002
Acinetobacter sp. 10FS3-1	2563897	S	30	26	56	0.00000
Acinetobacter sp. LoGeW2-3	1808001	S	26	4	30	0.00000
Acinetobacter sp. Marseille-Q1620	2714110	S	22	2	24	0.00000
Acinetobacter sp. TTH0-4	1646498	S	22	4	26	0.00000
Acinetobacter sp. C16S1	2609668	S	21	8	29	0.00000
Acinetobacter sp. CS-2	2798861	S	18	12	30	0.00000
Acinetobacter sp. TGL-Y2	1407071	S	16	1	17	0.00000
Acinetobacter sp. ASP199	2773709	S	16	6	22	0.00000
Acinetobacter sp. WCHAc010052	2004647	S	14	10	24	0.00000
Acinetobacter sp. NCu2D-2	1608473	S	12	3	15	0.00000
Acinetobacter sp. ACNIH2	1758189	S	12	25	37	0.00000
Acinetobacter sp. PK01	2930198	S	11	18	29	0.00000
Acinetobacter baumannii	470	S	113	745	858	0.00006
Acinetobacter pittii	48296	S	38	84	122	0.00001
Acinetobacter seifertii	1530123	S	30	16	46	0.00000
Acinetobacter calcoaceticus	471	S	28	5	33	0.00000
Acinetobacter nosocomialis	106654	S	13	7	20	0.00000
Acinetobacter johnsonii	40214	S	117	132	249	0.00002
Acinetobacter indicus	756892	S	112	115	227	0.00002
Acinetobacter soli	487316	S	90	12	102	0.00001
Acinetobacter lwoffii	28090	S	74	140	214	0.00002
Acinetobacter schindleri	108981	S	44	50	94	0.00001
Acinetobacter haemolyticus	29430	S	42	29	71	0.00001
Acinetobacter radioresistens	40216	S	39	6	45	0.00000
Acinetobacter larvae	1789224	S	38	3	41	0.00000
Acinetobacter baylyi	202950	S	24	2	26	0.00000
Acinetobacter wanghuae	2662362	S	24	3	27	0.00000
Acinetobacter cumulans	2136182	S	22	10	32	0.00000
Acinetobacter bouvetii	202951	S	21	5	26	0.00000
Acinetobacter junii	40215	S	21	11	32	0.00000
Acinetobacter wuhouensis	1879050	S	19	11	30	0.00000
Acinetobacter equi	1324350	S	19	2	21	0.00000
Acinetobacter dispersus	70348	S	16	1	17	0.00000
Acinetobacter tandoii	202954	S	16	1	17	0.00000
Acinetobacter chinensis	2004650	S	15	13	28	0.00000
Acinetobacter portensis	1839785	S	15	19	34	0.00000
Acinetobacter towneri	202956	S	15	46	61	0.00000
Acinetobacter venetianus	52133	S	14	4	18	0.00000
Acinetobacter ursingii	108980	S	13	19	32	0.00000
Acinetobacter variabilis	70346	S	13	25	38	0.00000
Acinetobacter gyllenbergii	134534	S	12	1	13	0.00000
Acinetobacter lanii	2715163	S	12	1	13	0.00000
Acinetobacter piscicola	2006115	S	11	8	19	0.00000
Acinetobacter shaoyimingii	2715164	S	10	1	11	0.00000
Psychrobacter sp. DAB_AL43B	1028416	S	25	3	28	0.00000
Psychrobacter sp. WY6	2708350	S	17	14	31	0.00000
Psychrobacter sp. P11G5	1699624	S	15	38	53	0.00000
Psychrobacter sp. P11G3	1699623	S	14	7	21	0.00000
Psychrobacter sp. 28M-43	2772254	S	13	7	20	0.00000
Psychrobacter sp. P11F6	1699621	S	11	9	20	0.00000
Psychrobacter sp. P2G3	1699622	S	10	24	34	0.00000
Psychrobacter sp. KCTC 72983	2733866	S	10	29	39	0.00000
Psychrobacter arenosus	256326	S	40	2	42	0.00000
Psychrobacter urativorans	45610	S	27	4	31	0.00000
Psychrobacter arcticus	334543	S	23	7	30	0.00000
Psychrobacter sanguinis	861445	S	23	8	31	0.00000
Psychrobacter cryohalolentis	330922	S	22	85	107	0.00001
Moraxella osloensis	34062	S	114	22	136	0.00001
Moraxella bovis	476	S	41	11	52	0.00000
Moraxella catarrhalis	480	S	39	8	47	0.00000
Moraxella bovoculi	386891	S	37	58	95	0.00001
Moraxella nonliquefaciens	478	S	27	6	33	0.00000
Moraxella cuniculi	34061	S	27	3	30	0.00000
Moraxella sp. ZY201115	2904121	S	18	2	20	0.00000
Aquirhabdus parva	2283318	S	124	6	130	0.00001
Legionella pneumophila	446	S	242	143	385	0.00003
Legionella sp. MW5194	2662448	S	117	20	137	0.00001
Legionella sp. PC1000	2746060	S	54	8	62	0.00000
Legionella sp. PC997	2755562	S	52	8	60	0.00000
Legionella geestiana	45065	S	183	15	198	0.00001
Legionella spiritensis	452	S	130	13	143	0.00001
Legionella sainthelensi	28087	S	107	16	123	0.00001
Legionella oakridgensis	29423	S	87	8	95	0.00001
Legionella waltersii	66969	S	87	14	101	0.00001
Legionella israelensis	454	S	85	4	89	0.00001
Legionella longbeachae	450	S	79	53	132	0.00001
Legionella fallonii	96230	S	78	6	84	0.00001
Legionella jordanis	456	S	74	9	83	0.00001
Legionella antarctica	2708020	S	73	3	76	0.00001
Legionella clemsonensis	1867846	S	64	9	73	0.00001
Legionella anisa	28082	S	64	14	78	0.00001
Legionella lansingensis	45067	S	61	4	65	0.00000
Legionella cherrii	28084	S	58	3	61	0.00000
Legionella hackeliae	449	S	52	8	60	0.00000
Legionella adelaidensis	45056	S	41	3	44	0.00000
Fluoribacter dumoffii	463	S	56	16	72	0.00001
Tatlockia micdadei	451	S	56	3	59	0.00000
Aquicella siphonis	254247	S	334	89	423	0.00003
Aquicella lusitana	254246	S	263	74	337	0.00003
Coxiella burnetii	777	S	162	81	243	0.00002
Coxiella endosymbiont of Amblyomma sculptum	2487929	S	37	13	50	0.00000
Coxiella endosymbiont of Amblyomma nuttalli	2749996	S	23	3	26	0.00000
Candidatus Coxiella mudrowiae	2054173	S	49	5	54	0.00000
Candidatus Rickettsiella viridis	676208	S	37	19	56	0.00000
Rickettsiella endosymbiont of Dermanyssus gallinae	2856608	S	31	13	44	0.00000
Thiomicrorhabdus xiamenensis	2739063	S	110	10	120	0.00001
Thiomicrorhabdus aquaedulcis	2211106	S	74	5	79	0.00001
Thiomicrorhabdus sediminis	2580412	S	57	5	62	0.00000
Thiomicrorhabdus sp. Am19	2791037	S	29	2	31	0.00000
Thiomicrorhabdus indica	2267253	S	27	1	28	0.00000
Thiomicrospira sp. S5	1803865	S	82	74	156	0.00001
Thiomicrospira aerophila	92245	S	64	8	72	0.00001
Thiomicrospira cyclica	147268	S	49	4	53	0.00000
Thiomicrospira microaerophila	406020	S	43	7	50	0.00000
Methylophaga frappieri	754477	S	77	43	120	0.00001
Methylophaga nitratireducenticrescens	754476	S	72	18	90	0.00001
Methylophaga sp. TMB456	2881052	S	66	31	97	0.00001
Hydrogenovibrio thermophilus	265883	S	90	81	171	0.00001
Hydrogenovibrio marinus	28885	S	37	1	38	0.00000
Hydrogenovibrio crunogenus	39765	S	34	1	35	0.00000
Piscirickettsia salmonis	1238	S	69	6	75	0.00001
Thiosulfatimonas sediminis	2675054	S	65	4	69	0.00001
Thiosulfativibrio zosterae	2675053	S	49	2	51	0.00000
Thiothrix litoralis	2891210	S	319	25	344	0.00003
Thiothrix sp. CT3	96472	S	206	71	277	0.00002
Thiothrix subterranea	2735563	S	174	50	224	0.00002
Thiothrix unzii	111769	S	105	56	161	0.00001
Candidatus Thiothrix anitrata	2823902	S	86	52	138	0.00001
Beggiatoa leptomitoformis	288004	S	94	3	97	0.00001
Francisella tularensis	263	S	22	17	39	0.00000
Francisella sp. LA112445	1395624	S	11	2	13	0.00000
Francisella frigiditurris	1542390	S	20	3	23	0.00000
Francisella philomiragia	28110	S	10	15	25	0.00000
Francisella halioticida	549298	S	10	1	11	0.00000
Allofrancisella guangzhouensis	594679	S	31	12	43	0.00000
Salinisphaera sp. LB1	2183911	S	2091	100	2191	0.00016
endosymbiont of unidentified scaly snail isolate Monju	1248727	S	1811	171	1982	0.00015
Isorropodon fossajaponicum symbiont	883811	S	19	5	24	0.00000
Abyssogena phaseoliformis symbiont	596095	S	13	4	17	0.00000
Aggregatibacter actinomycetemcomitans	714	S	93	19	112	0.00001
Aggregatibacter aphrophilus	732	S	54	31	85	0.00001
Aggregatibacter sp. 2125159857	2820817	S	15	9	24	0.00000
Aggregatibacter sp. Marseille-P9115	2866570	S	10	13	23	0.00000
Actinobacillus sp. GY-402	2774188	S	82	50	132	0.00001
Actinobacillus pleuropneumoniae	715	S	28	39	67	0.00000
Actinobacillus porcitonsillarum	189834	S	14	6	20	0.00000
Actinobacillus indolicus	51049	S	13	14	27	0.00000
Actinobacillus suis	716	S	12	6	18	0.00000
Haemophilus parainfluenzae	729	S	67	31	98	0.00001
Haemophilus influenzae	727	S	32	31	63	0.00000
[Haemophilus] ducreyi	730	S	23	15	38	0.00000
Haemophilus haemolyticus	726	S	19	12	31	0.00000
Haemophilus pittmaniae	249188	S	19	5	24	0.00000
Haemophilus parahaemolyticus	735	S	11	2	13	0.00000
Mannheimia granulomatis	85402	S	54	11	65	0.00000
Mannheimia varigena	85404	S	44	39	83	0.00001
Mannheimia haemolytica	75985	S	36	16	52	0.00000
Mannheimia bovis	2770636	S	10	6	16	0.00000
Pasteurella multocida	747	S	84	302	386	0.00003
Pasteurella canis	753	S	19	5	24	0.00000
Pasteurella atlantica	2827233	S	14	1	15	0.00000
Avibacterium volantium	762	S	57	15	72	0.00001
Avibacterium paragallinarum	728	S	43	13	56	0.00000
Avibacterium sp. 20-132	2911526	S	11	21	32	0.00000
Glaesserella parasuis	738	S	35	40	75	0.00001
Glaesserella sp. 15-184	2030797	S	19	6	25	0.00000
Rodentibacter haemolyticus	2778911	S	31	3	34	0.00000
Rodentibacter heylii	1906744	S	17	2	19	0.00000
Histophilus somni	731	S	26	9	35	0.00000
Gallibacterium anatis	750	S	24	8	32	0.00000
Frederiksenia canicola	123824	S	24	6	30	0.00000
Bibersteinia trehalosi	47735	S	19	7	26	0.00000
Bisgaardia hudsonensis	109472	S	14	2	16	0.00000
Otariodibacter oris	1032623	S	14	2	16	0.00000
Cardiobacterium hominis	2718	S	584	130	714	0.00005
Cardiobacterium sp. Marseille-Q4385	2866573	S	434	86	520	0.00004
Suttonella sp. R2A3	2908648	S	68	4	72	0.00001
Dichelobacter nodosus	870	S	63	24	87	0.00001
Kangiella koreensis	261964	S	82	9	91	0.00001
Kangiella profundi	1561924	S	46	9	55	0.00000
Kangiella sediminilitoris	1144748	S	41	2	43	0.00000
Kangiella geojedonensis	914150	S	36	2	38	0.00000
Gilliamella sp. ESL0405	2704653	S	12	2	14	0.00000
Gilliamella apicola	1196095	S	17	5	22	0.00000
Zophobihabitans entericus	1635327	S	21	2	23	0.00000
Frischella perrara	1267021	S	13	2	15	0.00000
Archangium violaceum	83451	S	22934	4677	27611	0.00204
Archangium gephyra	48	S	11213	2617	13830	0.00102
Stigmatella aurantiaca	41	S	9179	808	9987	0.00074
Cystobacter fuscus	43	S	7607	2150	9757	0.00072
Melittangium boletus	83453	S	5736	1481	7217	0.00053
Myxococcus xanthus	34	S	7879	40881	48760	0.00361
Myxococcus hansupus	1297742	S	4375	391	4766	0.00035
Myxococcus stipitatus	83455	S	3971	460	4431	0.00033
Myxococcus sp. SCHIC003	2813577	S	3522	413	3935	0.00029
Corallococcus coralloides	184914	S	7699	3284	10983	0.00081
Corallococcus macrosporus	35	S	4971	905	5876	0.00044
Corallococcus sp. EGB	1521117	S	4367	1759	6126	0.00045
Pyxidicoccus sp. SCPEA002	2813578	S	11393	585	11978	0.00089
Anaeromyxobacter sp. Red232	2918170	S	15265	1853	17118	0.00127
Anaeromyxobacter sp. Fw109-5	404589	S	13444	1986	15430	0.00114
Anaeromyxobacter sp. Red630	2918171	S	10555	1600	12155	0.00090
Anaeromyxobacter sp. K	447217	S	2561	5682	8243	0.00061
Anaeromyxobacter dehalogenans	161493	S	8535	6916	15451	0.00114
Vulgatibacter incomptus	1391653	S	6282	569	6851	0.00051
Sorangium cellulosum	56	S	99730	13166	112896	0.00836
Polyangium aurulentum	2567896	S	37313	3519	40832	0.00302
Chondromyces crocatus	52	S	10834	500	11334	0.00084
Pajaroellobacter abortibovis	1882918	S	190	6	196	0.00001
Sandaracinus amylolyticus	927083	S	34095	2063	36158	0.00268
Labilithrix luteola	1391654	S	12717	600	13317	0.00099
Haliangium ochraceum	80816	S	16882	1026	17908	0.00133
Geomonas sp. RF6	2897342	S	2638	374	3012	0.00022
Geomonas nitrogeniifigens	2847991	S	1911	1037	2948	0.00022
Geomonas paludis	2740185	S	1853	971	2824	0.00021
Geomonas subterranea	2847989	S	1606	785	2391	0.00018
Geomonas oryzisoli	2847992	S	1569	897	2466	0.00018
Geobacter sp. FeAm09	2597769	S	1721	250	1971	0.00015
Geobacter sp. SVR	2495594	S	1330	218	1548	0.00011
Geobacter sp. DSM 9736	1277350	S	767	61	828	0.00006
Geobacter sulfurreducens	35554	S	2036	509	2545	0.00019
Geobacter pickeringii	345632	S	1867	504	2371	0.00018
Geobacter metallireducens	28232	S	1153	280	1433	0.00011
Geobacter benzoatilyticus	2815309	S	769	178	947	0.00007
Citrifermentans bremense	60035	S	1590	699	2289	0.00017
Citrifermentans bemidjiense	225194	S	1435	579	2014	0.00015
Geotalea uraniireducens	351604	S	1000	80	1080	0.00008
Geotalea daltonii	1203471	S	544	46	590	0.00004
Geoalkalibacter subterraneus	483547	S	924	896	1820	0.00013
Trichlorobacter lovleyi	313985	S	510	76	586	0.00004
Desulfuromonas sp. DDH964	1823759	S	2272	479	2751	0.00020
Desulfuromonas sp. AOP6	1566351	S	821	107	928	0.00007
Desulfuromonas versatilis	2802975	S	3074	622	3696	0.00027
Desulfuromonas soudanensis	1603606	S	1916	248	2164	0.00016
Pelobacter propionicus	29543	S	1250	492	1742	0.00013
Syntrophotalea acetylenica	29542	S	718	154	872	0.00006
Syntrophotalea carbinolica	19	S	485	43	528	0.00004
Syntrophotalea acetylenivorans	1842532	S	399	64	463	0.00003
Desulfovibrio sp. IOR2	2583823	S	886	180	1066	0.00008
Desulfovibrio sp. 86	2666132	S	377	110	487	0.00004
Desulfovibrio sp. G11	631220	S	251	203	454	0.00003
Desulfovibrio vulgaris	881	S	1172	228	1400	0.00010
Desulfovibrio sulfodismutans	63561	S	1093	286	1379	0.00010
Desulfovibrio desulfuricans	876	S	891	229	1120	0.00008
Desulfovibrio piger	901	S	770	168	938	0.00007
Desulfovibrio fairfieldensis	44742	S	701	67	768	0.00006
Desulfovibrio ferrophilus	241368	S	434	39	473	0.00004
Candidatus Desulfovibrio trichonymphae	1725232	S	182	16	198	0.00001
Pseudodesulfovibrio mercurii	641491	S	1381	357	1738	0.00013
Pseudodesulfovibrio indicus	1716143	S	1348	311	1659	0.00012
Pseudodesulfovibrio aespoeensis	182210	S	1004	771	1775	0.00013
Pseudodesulfovibrio cashew	2678688	S	855	183	1038	0.00008
Pseudodesulfovibrio sp. SF6	2810563	S	428	46	474	0.00004
Pseudodesulfovibrio sp. zrk46	2725288	S	336	62	398	0.00003
Pseudodesulfovibrio tunisiensis	463192	S	723	80	803	0.00006
Pseudodesulfovibrio profundus	57320	S	232	252	484	0.00004
Pseudodesulfovibrio piezophilus	879567	S	122	18	140	0.00001
Solidesulfovibrio carbinoliphilus	345370	S	1917	258	2175	0.00016
Solidesulfovibrio magneticus	184917	S	804	509	1313	0.00010
Solidesulfovibrio carbinolicus	296842	S	787	671	1458	0.00011
Oceanidesulfovibrio marinus	370038	S	1812	122	1934	0.00014
Desulfocurvibacter africanus	873	S	1529	126	1655	0.00012
Desulfolutivibrio sulfoxidireducens	2773299	S	1346	382	1728	0.00013
Megalodesulfovibrio gigas	879	S	1003	53	1056	0.00008
Oleidesulfovibrio alaskensis	58180	S	340	510	850	0.00006
Maridesulfovibrio salexigens	880	S	108	12	120	0.00001
Maridesulfovibrio hydrothermalis	191026	S	78	9	87	0.00001
Paradesulfovibrio bizertensis	376490	S	158	17	175	0.00001
Lawsonia intracellularis	29546	S	40	0	40	0.00000
Desulfomicrobium baculatum	899	S	1016	87	1103	0.00008
Desulfomicrobium orale	132132	S	492	140	632	0.00005
Desulfohalobium retbaense	45663	S	455	25	480	0.00004
Desulfosarcina ovata	83564	S	1201	65	1266	0.00009
Desulfosarcina alkanivorans	571177	S	1079	505	1584	0.00012
Desulfosarcina widdelii	947919	S	1001	125	1126	0.00008
Desulfococcus multivorans	897	S	853	180	1033	0.00008
Desulfatibacillum aliphaticivorans	218208	S	687	27	714	0.00005
Desulfoluna sp. ASN36	2810562	S	614	38	652	0.00005
Desulfonema magnum	45655	S	269	8	277	0.00002
Desulfonema limicola	45656	S	92	8	100	0.00001
Desulfobacter postgatei	2293	S	145	27	172	0.00001
Desulfobacter hydrogenophilus	2291	S	129	27	156	0.00001
Desulforapulum autotrophicum	2296	S	214	29	243	0.00002
Desulfobacula toluolica	28223	S	92	9	101	0.00001
Desulfobulbus propionicus	894	S	995	64	1059	0.00008
Desulfobulbus oralis	1986146	S	629	150	779	0.00006
Desulfobulbus oligotrophicus	1909699	S	229	215	444	0.00003
Desulfurivibrio alkaliphilus	427923	S	752	44	796	0.00006
Desulfomarina profundi	2772557	S	107	11	118	0.00001
Desulfosudis oleivorans	181663	S	818	57	875	0.00006
Desulfosediminicola ganghwensis	2569540	S	230	30	260	0.00002
Desulfosediminicola flagellatus	2569541	S	79	9	88	0.00001
Desulfotalea psychrophila	84980	S	97	20	117	0.00001
Desulfocapsa sulfexigens	65555	S	92	6	98	0.00001
Persicimonas caeni	2292766	S	5221	189	5410	0.00040
Bradymonas sediminis	1548548	S	1691	140	1831	0.00014
Bradymonadales bacterium V1718	2600177	S	720	41	761	0.00006
Syntrophobacter fumaroxidans	119484	S	1382	626	2008	0.00015
Desulfoglaeba alkanexedens	361111	S	1175	66	1241	0.00009
Desulfarculus baarsii	453230	S	2222	1423	3645	0.00027
Desulfomonile tiedjei	2358	S	546	6	552	0.00004
Desulfobacca acetoxidans	60893	S	432	12	444	0.00003
Syntrophus aciditrophicus	316277	S	405	30	435	0.00003
Dissulfurimicrobium hydrothermale	1750598	S	258	18	276	0.00002
Candidatus Desulfofervidus auxilii	1621989	S	121	3	124	0.00001
Hippea maritima	84405	S	48	2	50	0.00000
Campylobacter showae	204	S	174	22	196	0.00001
Campylobacter gracilis	824	S	150	12	162	0.00001
Campylobacter curvus	200	S	139	16	155	0.00001
Campylobacter concisus	199	S	111	18	129	0.00001
Campylobacter rectus	203	S	78	15	93	0.00001
Campylobacter sp. CCUG 57310	2517362	S	17	2	19	0.00000
Campylobacter sp. 19-13652	2840180	S	15	1	16	0.00000
Campylobacter coli	195	S	24	48	72	0.00001
Campylobacter hyointestinalis	198	S	16	3	19	0.00000
Campylobacter pinnipediorum	1965231	S	15	2	17	0.00000
Campylobacter jejuni	197	S	14	83	97	0.00001
Campylobacter fetus	196	S	13	7	20	0.00000
Campylobacter cuniculorum	374106	S	13	1	14	0.00000
Campylobacter lari	201	S	10	7	17	0.00000
Campylobacter helveticus	28898	S	10	5	15	0.00000
Campylobacter blaseri	2042961	S	10	1	11	0.00000
Helicobacter pylori	210	S	210	109	319	0.00002
Helicobacter sp. NHP19-0003	2849641	S	39	11	50	0.00000
Helicobacter sp. NHP19-0012	2849642	S	26	13	39	0.00000
Helicobacter heilmannii	35817	S	45	26	71	0.00001
Helicobacter mustelae	217	S	25	5	30	0.00000
Helicobacter canis	29419	S	23	8	31	0.00000
Helicobacter cinaedi	213	S	19	8	27	0.00000
Helicobacter suis	104628	S	19	9	28	0.00000
Helicobacter bizzozeronii	56877	S	16	2	18	0.00000
Helicobacter enhydrae	222136	S	15	3	18	0.00000
Helicobacter felis	214	S	14	2	16	0.00000
Helicobacter cetorum	138563	S	13	2	15	0.00000
Helicobacter himalayensis	1591088	S	13	2	15	0.00000
Helicobacter typhlonius	76936	S	11	13	24	0.00000
Wolinella succinogenes	844	S	41	12	53	0.00000
Sulfurimonas sp. HSL-3221	2894755	S	495	44	539	0.00004
Sulfurimonas sp. SWIR-19	2878390	S	36	37	73	0.00001
Sulfurimonas sp. B2	2590551	S	13	1	14	0.00000
Sulfurimonas gotlandica	1176482	S	17	1	18	0.00000
Sulfurimonas paralvinellae	317658	S	16	2	18	0.00000
Sulfurimonas hydrogeniphila	2509341	S	14	4	18	0.00000
Candidatus Sulfurimonas baltica	2740404	S	11	1	12	0.00000
Sulfuricurvum kujiense	148813	S	61	4	65	0.00000
Nitratifractor salsuginis	269261	S	291	27	318	0.00002
Sulfurovum sp. HSL1-3	2893889	S	39	12	51	0.00000
Sulfurovum sp. NBC37-1	387093	S	38	22	60	0.00000
Sulfurovum sp. XGS-02	2925411	S	17	2	19	0.00000
Sulfurovum indicum	2779528	S	43	5	48	0.00000
Sulfurovum lithotrophicum	206403	S	38	25	63	0.00000
Hydrogenimonas urashimensis	2740515	S	334	41	375	0.00003
Sulfurospirillum cavolei	366522	S	69	7	76	0.00001
Sulfurospirillum sp. JPD-1	220622	S	14	41	55	0.00000
Sulfurospirillum sp. UCH001	1581011	S	11	1	12	0.00000
Sulfurospirillum halorespirans	194424	S	27	16	43	0.00000
Sulfurospirillum multivorans	66821	S	20	12	32	0.00000
Sulfurospirillum barnesii	44674	S	16	1	17	0.00000
Sulfurospirillum deleyianum	65553	S	16	2	18	0.00000
Arcobacter venerupis	1054033	S	10	9	19	0.00000
Aliarcobacter cryaerophilus	28198	S	12	17	29	0.00000
Malaciobacter mytili	603050	S	13	9	22	0.00000
Pseudoarcobacter acticola	1849015	S	12	12	24	0.00000
Nitratiruptor sp. YY09-18	2724901	S	34	42	76	0.00001
Nitratiruptor sp. SB155-2	387092	S	11	21	32	0.00000
Nitrosophilus alvini	2714855	S	62	20	82	0.00001
Nitrosophilus labii	2706014	S	28	14	42	0.00000
Caminibacter mediatlanticus	291048	S	30	21	51	0.00000
Caminibacter pacificus	1424653	S	16	9	25	0.00000
Nautilia profundicola	244787	S	28	14	42	0.00000
Nautilia sp. PV-1	2579250	S	10	4	14	0.00000
Acidithiobacillus caldus	33059	S	681	101	782	0.00006
Acidithiobacillus ferrivorans	160808	S	381	67	448	0.00003
Acidithiobacillus ferrooxidans	920	S	279	250	529	0.00004
Acidithiobacillus thiooxidans	930	S	178	10	188	0.00001
Acidithiobacillus ferriphilus	1689834	S	174	33	207	0.00002
Acidithiobacillus ferridurans	1232575	S	28	218	246	0.00002
Acidithiobacillus sp. 'AMD consortium'	2614801	S	16	196	212	0.00002
Bdellovibrio bacteriovorus	959	S	459	69	528	0.00004
Bdellovibrio sp. NC01	2220073	S	89	9	98	0.00001
Bdellovibrio sp. LBG001	2835041	S	69	8	77	0.00001
Bdellovibrio sp. ZAP7	2231053	S	66	22	88	0.00001
Bdellovibrio sp. KM01	2748865	S	52	18	70	0.00001
Pseudobdellovibrio exovorus	453816	S	60	3	63	0.00000
Bacteriovorax stolpii	960	S	78	11	89	0.00001
Halobacteriovorax marinus	97084	S	23	11	34	0.00000
Halobacteriovorax sp. BALOs_7	2109558	S	19	5	24	0.00000
Silvanigrella aquatica	1915309	S	44	6	50	0.00000
Fluviispira sanaruensis	2493639	S	37	5	42	0.00000
Hydrogenophilus thermoluteolus	297	S	876	202	1078	0.00008
Mariprofundus ferrinatatus	1921087	S	310	25	335	0.00002
Mariprofundus aestuarium	1921086	S	193	19	212	0.00002
Streptomyces sp. GQFP	2907545	S	22682	4809	27491	0.00204
Streptomyces sp. SCSIO 64649	2878388	S	6465	1512	7977	0.00059
Streptomyces sp. CB01881	2078691	S	6022	1478	7500	0.00056
Streptomyces sp. WAC 01438	2203204	S	5725	2380	8105	0.00060
Streptomyces sp. BJ20	2930049	S	5676	2815	8491	0.00063
Streptomyces sp. SN-593	659352	S	5553	1694	7247	0.00054
Streptomyces sp. ZYC-3	2797636	S	5506	1341	6847	0.00051
Streptomyces sp. CdTB01	1725411	S	5323	1872	7195	0.00053
Streptomyces sp. MA3_2.13	2867410	S	5290	880	6170	0.00046
Streptomyces sp. So13.3	2136173	S	5125	1226	6351	0.00047
Streptomyces sp. NHF165	2175864	S	4606	1022	5628	0.00042
Streptomyces sp. ST1015	1848900	S	4457	1158	5615	0.00042
Streptomyces sp. NA02950	2742137	S	4370	1091	5461	0.00040
Streptomyces sp. A2-16	2781734	S	4368	1641	6009	0.00045
Streptomyces sp. BH-MK-02	2880933	S	4286	1154	5440	0.00040
Streptomyces sp. SCUT-3	2684469	S	4094	2068	6162	0.00046
Streptomyces sp. Z423-1	2730915	S	4086	1453	5539	0.00041
Streptomyces sp. P3	2135430	S	3931	1213	5144	0.00038
Streptomyces sp. LRE541	2931983	S	3900	1091	4991	0.00037
Streptomyces sp. 3214.6	1882757	S	3854	1378	5232	0.00039
Streptomyces sp. 3025	2923272	S	3756	848	4604	0.00034
Streptomyces sp. 891-h	2720714	S	3646	845	4491	0.00033
Streptomyces sp. MST-110588	2833628	S	3543	1089	4632	0.00034
Streptomyces sp. MG28	2865673	S	3483	1458	4941	0.00037
Streptomyces sp. W1SF4	2305220	S	3458	1509	4967	0.00037
Streptomyces sp. YIM 121038	2136401	S	3403	1212	4615	0.00034
Streptomyces sp. GMY02	1333528	S	3337	745	4082	0.00030
Streptomyces sp. RTd22	1841249	S	3296	1538	4834	0.00036
Streptomyces sp. Rer75	2750011	S	3282	1682	4964	0.00037
Streptomyces sp. HM190	2695266	S	3239	1262	4501	0.00033
Streptomyces sp. MBT27	1488356	S	3233	1180	4413	0.00033
Streptomyces sp. C8S0	2585716	S	3220	1159	4379	0.00032
Streptomyces sp. AMCC400023	2056258	S	3182	1501	4683	0.00035
Streptomyces sp. NA04227	2742136	S	3111	907	4018	0.00030
Streptomyces sp. GS7	2692234	S	3064	1020	4084	0.00030
Streptomyces sp. MG62	2838015	S	3046	1364	4410	0.00033
Streptomyces sp. DSM 40868	2721173	S	3044	1347	4391	0.00033
Streptomyces sp. NEAU-sy36	2751189	S	3042	1385	4427	0.00033
Streptomyces sp. QHH-9511	2684468	S	3033	1034	4067	0.00030
Streptomyces sp. SAT1	1849967	S	2993	1375	4368	0.00032
Streptomyces sp. JB150	2714844	S	2952	1207	4159	0.00031
Streptomyces sp. RPA4-2	2721244	S	2874	1012	3886	0.00029
Streptomyces sp. Go-475	2072505	S	2854	1564	4418	0.00033
Streptomyces sp. BHT-5-2	2866715	S	2835	1079	3914	0.00029
Streptomyces sp. CMB-StM0423	2059884	S	2720	1428	4148	0.00031
Streptomyces sp. Go 40/10	2825844	S	2630	1380	4010	0.00030
Streptomyces sp. Tu 2975	2676871	S	2603	1002	3605	0.00027
Streptomyces sp. SM18	1736046	S	2531	854	3385	0.00025
Streptomyces sp. SirexAA-E	862751	S	2523	914	3437	0.00025
Streptomyces sp. 135	2838850	S	2494	969	3463	0.00026
Streptomyces sp. HP-A2021	2927875	S	2445	1566	4011	0.00030
Streptomyces sp. INR7	2607753	S	2427	1403	3830	0.00028
Streptomyces sp. fd1-xmd	1812480	S	2395	1218	3613	0.00027
Streptomyces sp. HSG2	2797167	S	2353	649	3002	0.00022
Streptomyces sp. WAC 01529	2203205	S	2351	991	3342	0.00025
Streptomyces sp. SYP-A7193	2662065	S	2147	1442	3589	0.00027
Streptomyces sp. S1D4-11	2721246	S	2027	1585	3612	0.00027
Streptomyces sp. TN58	234612	S	1981	1048	3029	0.00022
Streptomyces sp. S4.7	2705439	S	1959	772	2731	0.00020
Streptomyces sp. jing01	2726118	S	1878	1221	3099	0.00023
Streptomyces sp. WAC 06738	2203210	S	1744	1796	3540	0.00026
Streptomyces sp. CB09001	2083284	S	1740	1290	3030	0.00022
Streptomyces sp. ADI95-16	1522758	S	1658	1556	3214	0.00024
Streptomyces sp. WY228	2855836	S	1635	987	2622	0.00019
Streptomyces sp. SUK 48	2582831	S	1598	1123	2721	0.00020
Streptomyces sp. CNQ-509	444103	S	1567	1585	3152	0.00023
Streptomyces sp. CCM_MD2014	1561022	S	1500	1458	2958	0.00022
Streptomyces sp. YPW6	2840373	S	1478	868	2346	0.00017
Streptomyces sp. Mg1	465541	S	1438	1437	2875	0.00021
Streptomyces sp. 769	1262452	S	1330	1102	2432	0.00018
Streptomyces sp. AgN23	1188315	S	1299	1252	2551	0.00019
Streptomyces sp. HF10	2692233	S	1253	985	2238	0.00017
Streptomyces sp. 2323.1	1938841	S	1219	830	2049	0.00015
Streptomyces sp. RPA4-5	2721245	S	1213	865	2078	0.00015
Streptomyces sp. S8	1837283	S	1056	1008	2064	0.00015
Streptomyces sp. 3211	1964449	S	1051	1438	2489	0.00018
Streptomyces sp. S063	2005885	S	1027	788	1815	0.00013
Streptomyces sp. EAS-AB2608	2779671	S	939	1611	2550	0.00019
Streptomyces sp. ID38640	1265399	S	937	716	1653	0.00012
Streptomyces sp. NA02536	2742133	S	922	2648	3570	0.00026
Streptomyces sp. NEAU-S7GS2	2202000	S	911	813	1724	0.00013
Streptomyces sp. Sge12	1972846	S	862	1450	2312	0.00017
Streptomyces sp. RLB1-33	2721243	S	835	2607	3442	0.00025
Streptomyces sp. MOE7	1961713	S	815	1070	1885	0.00014
Streptomyces sp. PBH53	1577075	S	813	1290	2103	0.00016
Streptomyces sp. WA6-1-16	2879427	S	802	887	1689	0.00013
Streptomyces sp. XC 2026	2782004	S	794	759	1553	0.00012
Streptomyces sp. HNA39	2850561	S	767	960	1727	0.00013
Streptomyces sp. Tue 6075	1661694	S	679	846	1525	0.00011
Streptomyces sp. 11-1-2	1851167	S	679	1361	2040	0.00015
Streptomyces sp. CB00271	2750025	S	651	958	1609	0.00012
Streptomyces sp. CFMR 7	1649184	S	599	1120	1719	0.00013
Streptomyces sp. WAC00303	2933779	S	540	842	1382	0.00010
Streptomyces sp. CLI2509	1984801	S	471	1773	2244	0.00017
Streptomyces sp. PAMC 26508	1265601	S	444	1735	2179	0.00016
Streptomyces sp. Tu6071	355249	S	442	1485	1927	0.00014
Streptomyces sp. M56	1495638	S	440	1253	1693	0.00013
Streptomyces sp. A144	2871487	S	416	2065	2481	0.00018
Streptomyces sp. CB04723	2748873	S	409	793	1202	0.00009
Streptomyces sp. M2	646637	S	392	2304	2696	0.00020
Streptomyces sp. S501	2420135	S	342	1443	1785	0.00013
Streptomyces sp. CB09030	2913412	S	335	1216	1551	0.00011
Streptomyces sp. HU2014	2939414	S	333	1239	1572	0.00012
Streptomyces sp. endophyte_N2	2153485	S	330	1038	1368	0.00010
Streptomyces sp. CRSS-Y-16	2906474	S	324	2015	2339	0.00017
Streptomyces sp. SGAir0924	2109593	S	310	1673	1983	0.00015
Streptomyces sp. SS52	2563602	S	307	1600	1907	0.00014
Streptomyces sp. V17-9	2831149	S	296	1523	1819	0.00013
Streptomyces sp. VN1	1821625	S	286	1311	1597	0.00012
Streptomyces sp. A1-5	2738410	S	273	1377	1650	0.00012
Streptomyces sp. S1A1-7	2594459	S	269	2792	3061	0.00023
Streptomyces sp. BSE6.1	2605730	S	255	1244	1499	0.00011
Streptomyces sp. NA03103	2742134	S	255	1787	2042	0.00015
Streptomyces sp. 2114.2	1881022	S	246	1653	1899	0.00014
Streptomyces sp. WAC00288	2094021	S	243	1098	1341	0.00010
Streptomyces sp. R527F	1664033	S	233	1436	1669	0.00012
Streptomyces sp. WA1-19	2884220	S	222	1292	1514	0.00011
Streptomyces sp. LBUM 1480	2609808	S	213	2309	2522	0.00019
Streptomyces sp. KPB2	2305221	S	209	1853	2062	0.00015
Streptomyces sp. GF20	2692235	S	187	1147	1334	0.00010
Streptomyces sp. 604F	1476754	S	152	1499	1651	0.00012
Streptomyces sp. NBU3104	2911367	S	150	1075	1225	0.00009
Streptomyces sp. CA-256286	2801033	S	142	955	1097	0.00008
Streptomyces sp. LBUM 1482	2609809	S	141	3941	4082	0.00030
Streptomyces sp. CC0208	2306165	S	129	3750	3879	0.00029
Streptomyces sp. OUCMDZ-3434	1535304	S	120	1374	1494	0.00011
Streptomyces sp. FR-008	206662	S	119	1060	1179	0.00009
Streptomyces sp. PLM4	2929798	S	118	1063	1181	0.00009
Streptomyces sp. RLB3-6	2594457	S	104	3606	3710	0.00027
Streptomyces sp. RLB3-17	2594455	S	99	1710	1809	0.00013
Streptomyces sp. GBA 94-10	1218177	S	97	1350	1447	0.00011
Streptomyces sp. S1D4-20	2594462	S	82	2463	2545	0.00019
Streptomyces sp. S1D4-23	2594463	S	73	4318	4391	0.00033
Streptomyces sp. A10(2020)	2782013	S	63	801	864	0.00006
Streptomyces sp. S1D4-14	2594461	S	62	4474	4536	0.00034
Streptomyces sp. PVA_94-07	1225337	S	60	965	1025	0.00008
Streptomyces sp. LBUM 1475	2609807	S	57	1869	1926	0.00014
Streptomyces sp. RLB1-9	2594454	S	41	2496	2537	0.00019
Streptomyces sp. SM17	565560	S	22	985	1007	0.00007
Streptomyces sp. ICC1	2099583	S	19	1217	1236	0.00009
Streptomyces sp. ICC4	2099584	S	17	1259	1276	0.00009
Streptomyces venezuelae	54571	S	18355	7754	26109	0.00193
Streptomyces cadmiisoli	2184053	S	3681	1047	4728	0.00035
Streptomyces aurantiacus	47760	S	3222	875	4097	0.00030
Streptomyces qaidamensis	1783515	S	2868	1325	4193	0.00031
Streptomyces alboniger	132473	S	2016	834	2850	0.00021
Streptomyces koyangensis	188770	S	1505	1648	3153	0.00023
Streptomyces hygroscopicus	1912	S	5208	9409	14617	0.00108
Streptomyces rapamycinicus	1226757	S	4075	1053	5128	0.00038
Streptomyces violaceusniger	68280	S	1436	1014	2450	0.00018
Streptomyces yatensis	155177	S	1378	1073	2451	0.00018
Streptomyces malaysiensis	92644	S	366	1148	1514	0.00011
Streptomyces chartreusis	1969	S	11423	4817	16240	0.00120
Streptomyces bathyalis	2710756	S	9577	1867	11444	0.00085
Streptomyces griseus	1911	S	2746	2636	5382	0.00040
Streptomyces sp. M54	2759525	S	302	818	1120	0.00008
Streptomyces anulatus	1892	S	2207	2437	4644	0.00034
Streptomyces microflavus	1919	S	1071	4948	6019	0.00045
Streptomyces globisporus	1908	S	920	7022	7942	0.00059
Streptomyces albus	1888	S	6721	3727	10448	0.00077
Streptomyces formicae	1616117	S	6310	2250	8560	0.00063
Streptomyces lydicus	47763	S	6270	4591	10861	0.00080
Streptomyces nigra	1827580	S	6202	2752	8954	0.00066
Streptomyces bingchenggensis	379067	S	6125	1354	7479	0.00055
Streptomyces capitiformicae	2014920	S	5506	962	6468	0.00048
Streptomyces cyaneochromogenes	2496836	S	5466	1795	7261	0.00054
Streptomyces griseorubiginosus	67304	S	5436	2004	7440	0.00055
Streptomyces lunaelactis	1535768	S	5319	1274	6593	0.00049
Streptomyces buecherae	2763006	S	5316	1570	6886	0.00051
Streptomyces calvus	67282	S	5219	2273	7492	0.00055
Streptomyces armeniacus	83291	S	5015	844	5859	0.00043
Streptomyces spectabilis	68270	S	4873	1781	6654	0.00049
Streptomyces tsukubensis	83656	S	4849	1385	6234	0.00046
Streptomyces niveus	193462	S	4795	2416	7211	0.00053
Streptomyces cattleya	29303	S	4666	1583	6249	0.00046
Streptomyces pristinaespiralis	38300	S	4623	2111	6734	0.00050
Streptomyces aquilus	2548456	S	4541	1509	6050	0.00045
Streptomyces lincolnensis	1915	S	4440	1443	5883	0.00044
Streptomyces seoulensis	73044	S	4385	1915	6300	0.00047
Streptomyces ferrugineus	1413221	S	4151	1494	5645	0.00042
Streptomyces roseirectus	2768066	S	4102	1136	5238	0.00039
Streptomyces durmitorensis	319947	S	4082	1004	5086	0.00038
Streptomyces phaeolivaceus	2653200	S	4080	1251	5331	0.00039
Streptomyces xanthii	2768069	S	4048	1403	5451	0.00040
Streptomyces viridosporus	67581	S	3995	1816	5811	0.00043
Streptomyces asoensis	249586	S	3979	1331	5310	0.00039
Streptomyces rimosus	1927	S	3851	1113	4964	0.00037
Streptomyces davaonensis	348043	S	3848	1213	5061	0.00037
Streptomyces xinghaiensis	1038928	S	3803	1341	5144	0.00038
Streptomyces genisteinicus	2768068	S	3706	1343	5049	0.00037
Streptomyces vietnamensis	362257	S	3602	1361	4963	0.00037
Streptomyces dengpaensis	2049881	S	3586	1128	4714	0.00035
Streptomyces griseoviridis	45398	S	3554	1308	4862	0.00036
Streptomyces peucetius	1950	S	3551	1110	4661	0.00035
Streptomyces tendae	1932	S	3534	1642	5176	0.00038
Streptomyces albulus	68570	S	3521	1212	4733	0.00035
Streptomyces olivoreticuli	68246	S	3479	1133	4612	0.00034
Streptomyces griseocarneus	51201	S	3476	1403	4879	0.00036
Streptomyces rectiverticillatus	173860	S	3424	1267	4691	0.00035
Streptomyces avermitilis	33903	S	3353	1089	4442	0.00033
Streptomyces liangshanensis	2717324	S	3352	977	4329	0.00032
Streptomyces alboflavus	67267	S	3341	1051	4392	0.00033
Streptomyces actuosus	1885	S	3341	1600	4941	0.00037
Streptomyces antibioticus	1890	S	3333	1342	4675	0.00035
Streptomyces prasinus	67345	S	3296	1219	4515	0.00033
Streptomyces paludis	2282738	S	3293	828	4121	0.00031
Streptomyces luteoverticillatus	66425	S	3260	1247	4507	0.00033
Streptomyces griseochromogenes	68214	S	3254	1016	4270	0.00032
Streptomyces clavuligerus	1901	S	3254	909	4163	0.00031
Streptomyces aureoverticillatus	66871	S	3209	981	4190	0.00031
Streptomyces globosus	68209	S	3193	1342	4535	0.00034
Streptomyces harbinensis	1176198	S	3150	999	4149	0.00031
Streptomyces exfoliatus	1905	S	3082	1198	4280	0.00032
Streptomyces ficellus	1977088	S	3069	1260	4329	0.00032
Streptomyces galilaeus	33899	S	3039	1155	4194	0.00031
Streptomyces lavendulae	1914	S	2940	1158	4098	0.00030
Streptomyces atratus	1893	S	2926	679	3605	0.00027
Streptomyces deccanensis	424188	S	2906	1316	4222	0.00031
Streptomyces ambofaciens	1889	S	2889	1926	4815	0.00036
Streptomyces vinaceus	1960	S	2858	1159	4017	0.00030
Streptomyces subrutilus	36818	S	2837	1197	4034	0.00030
Streptomyces katrae	68223	S	2833	1208	4041	0.00030
Streptomyces broussonetiae	2686304	S	2810	954	3764	0.00028
Streptomyces collinus	42684	S	2809	2212	5021	0.00037
Streptomyces glaucescens	1907	S	2798	1363	4161	0.00031
Streptomyces nodosus	40318	S	2789	813	3602	0.00027
Streptomyces parvulus	146923	S	2751	1364	4115	0.00030
Streptomyces chromofuscus	42881	S	2700	1170	3870	0.00029
Streptomyces roseochromogenus	285450	S	2671	937	3608	0.00027
Streptomyces fodineus	1904616	S	2649	1043	3692	0.00027
Streptomyces pactum	68249	S	2634	1188	3822	0.00028
Streptomyces inhibens	2293571	S	2611	886	3497	0.00026
Streptomyces tuirus	68278	S	2590	1449	4039	0.00030
Streptomyces incarnatus	665007	S	2582	831	3413	0.00025
Streptomyces hundungensis	1077946	S	2564	915	3479	0.00026
Streptomyces coeruleorubidus	116188	S	2533	1323	3856	0.00029
Streptomyces hawaiiensis	67305	S	2520	1208	3728	0.00028
Streptomyces kanamyceticus	1967	S	2507	934	3441	0.00025
Streptomyces dangxiongensis	1442032	S	2460	957	3417	0.00025
Streptomyces gilvosporeus	553510	S	2453	889	3342	0.00025
Streptomyces tirandamycinicus	2174846	S	2414	908	3322	0.00025
Streptomyces nitrosporeus	28894	S	2393	771	3164	0.00023
Streptomyces mobaraensis	35621	S	2389	97664	100053	0.00741
Streptomyces gardneri	66892	S	2329	1038	3367	0.00025
Streptomyces qinzhouensis	2599401	S	2322	630	2952	0.00022
Streptomyces pratensis	1169025	S	2262	623	2885	0.00021
Streptomyces rutgersensis	53451	S	2242	1231	3473	0.00026
Streptomyces spongiicola	1690221	S	2226	1043	3269	0.00024
Streptomyces angustmyceticus	285578	S	2207	1003	3210	0.00024
Streptomyces finlayi	67296	S	2194	571	2765	0.00020
Streptomyces fagopyri	2662397	S	2155	817	2972	0.00022
Streptomyces gobiensis	2875706	S	2120	466	2586	0.00019
Streptomyces huasconensis	1854574	S	2118	920	3038	0.00023
Streptomyces nojiriensis	66374	S	2106	996	3102	0.00023
Streptomyces pluripotens	1355015	S	2097	550	2647	0.00020
Streptomyces cyanogenus	80860	S	2069	1015	3084	0.00023
Streptomyces leeuwenhoekii	1437453	S	1594	1205	2799	0.00021
Streptomyces cyaneogriseus	68192	S	1379	1161	2540	0.00019
Streptomyces decoyicus	249567	S	1283	771	2054	0.00015
Streptomyces lydicamycinicus	1546107	S	1070	691	1761	0.00013
Streptomyces antimycoticus	68175	S	1037	1122	2159	0.00016
Streptomyces auratus	114687	S	1033	739	1772	0.00013
Streptomyces xiamenensis	408015	S	927	848	1775	0.00013
Streptomyces fungicidicus	68203	S	896	2781	3677	0.00027
Streptomyces platensis	58346	S	885	706	1591	0.00012
Streptomyces albidoflavus	1886	S	288	4611	4899	0.00036
Streptomyces coelicolor	1902	S	268	2425	2693	0.00020
Streptomyces sampsonii	42239	S	137	1169	1306	0.00010
Streptomyces filamentosus	67294	S	621	833	1454	0.00011
Streptomyces alfalfae	1642299	S	579	3456	4035	0.00030
Streptomyces cavourensis	67258	S	537	1052	1589	0.00012
Streptomyces californicus	67351	S	517	1787	2304	0.00017
Streptomyces olivaceus	47716	S	479	1864	2343	0.00017
Streptomyces autolyticus	75293	S	433	1531	1964	0.00015
Streptomyces mirabilis	68239	S	400	2509	2909	0.00022
Streptomyces fradiae	1906	S	369	6100	6469	0.00048
Streptomyces murinus	33900	S	335	1012	1347	0.00010
Streptomyces noursei	1971	S	305	1265	1570	0.00012
Streptomyces griseofuscus	146922	S	276	1308	1584	0.00012
Streptomyces albireticuli	1940	S	275	1232	1507	0.00011
Streptomyces scabiei	1930	S	233	2155	2388	0.00018
Streptomyces cinereoruber	67260	S	219	1216	1435	0.00011
Streptomyces lividans	1916	S	199	2333	2532	0.00019
Streptomyces violaceoruber	1935	S	151	704	855	0.00006
Streptomyces rubrolavendulae	285473	S	127	985	1112	0.00008
Streptomyces rochei	1928	S	117	929	1046	0.00008
Kitasatospora sp. MMS16-BH015	2018025	S	4423	1739	6162	0.00046
Kitasatospora sp. NA04385	2742135	S	3605	2236	5841	0.00043
Kitasatospora setae	2066	S	3772	2261	6033	0.00045
Kitasatospora aureofaciens	1894	S	3093	1514	4607	0.00034
Kitasatospora albolonga	68173	S	1208	1082	2290	0.00017
Streptacidiphilus sp. P02-A3a	2704468	S	4187	1554	5741	0.00043
Streptacidiphilus sp. PB12-B1b	2705012	S	3788	1799	5587	0.00041
Streptacidiphilus bronchialis	2126346	S	3497	1367	4864	0.00036
Yinghuangia sp. ASG 101	2896848	S	5468	1107	6575	0.00049
Microbacterium sp. No. 7	1714373	S	2934	1425	4359	0.00032
Microbacterium sp. 4R-513	2567934	S	2676	537	3213	0.00024
Microbacterium sp. JZ31	1906274	S	2123	653	2776	0.00021
Microbacterium sp. 10M-3C3	2483401	S	2081	668	2749	0.00020
Microbacterium sp. SSW1-51	2851650	S	1654	445	2099	0.00016
Microbacterium sp. YJN-G	2763257	S	1646	576	2222	0.00016
Microbacterium sp. BH-3-3-3	1906742	S	1608	422	2030	0.00015
Microbacterium sp. ABRD_28	2268461	S	1492	222	1714	0.00013
Microbacterium sp. NIBRBAC000506063	2734618	S	1470	653	2123	0.00016
Microbacterium sp. XT11	367477	S	1406	324	1730	0.00013
Microbacterium sp. cx-55	2875948	S	1384	224	1608	0.00012
Microbacterium sp. H1-D42	2925844	S	1323	240	1563	0.00012
Microbacterium sp. LKL04	912630	S	1280	333	1613	0.00012
Microbacterium sp. SSW1-36	2851648	S	1280	300	1580	0.00012
Microbacterium sp. PM5	2014534	S	1268	257	1525	0.00011
Microbacterium sp. A18JL241	2782166	S	1252	320	1572	0.00012
Microbacterium sp. Y-01	2048898	S	1179	493	1672	0.00012
Microbacterium sp. CBA3102	2603598	S	1096	282	1378	0.00010
Microbacterium sp. 1S1	2606451	S	1012	447	1459	0.00011
Microbacterium sp. TPU 3598	1938334	S	1005	276	1281	0.00009
Microbacterium sp. Nx66	2766784	S	854	572	1426	0.00011
Microbacterium sp. RG1	2489212	S	511	402	913	0.00007
Microbacterium sp. CGR1	1696072	S	252	886	1138	0.00008
Microbacterium sp. 1.5R	1916917	S	245	830	1075	0.00008
Microbacterium sp. SGAir0570	2070348	S	214	766	980	0.00007
Microbacterium sp. PAMC22086	2861281	S	209	445	654	0.00005
Microbacterium sp. str. 'China'	2103230	S	143	736	879	0.00007
Microbacterium sp. PAMC 28756	1795053	S	56	886	942	0.00007
Microbacterium sp. KUDC0406	2909588	S	27	2103	2130	0.00016
Microbacterium sp. Se5.02b	2864103	S	16	1257	1273	0.00009
Microbacterium sp. PAMC21962	2861280	S	11	455	466	0.00003
Microbacterium foliorum	104336	S	3224	730	3954	0.00029
Microbacterium atlanticum	2782168	S	2933	718	3651	0.00027
Microbacterium cremeum	2782169	S	2876	672	3548	0.00026
Microbacterium hominis	162426	S	2876	8152	11028	0.00082
Microbacterium oleivorans	273677	S	2868	617	3485	0.00026
Microbacterium resistens	156977	S	1989	409	2398	0.00018
Microbacterium sediminis	904291	S	1962	985	2947	0.00022
Microbacterium lemovicicum	1072463	S	1943	490	2433	0.00018
Microbacterium pygmaeum	370764	S	1931	268	2199	0.00016
Microbacterium oryzae	743009	S	1677	559	2236	0.00017
Microbacterium wangchenii	2541726	S	1575	391	1966	0.00015
Microbacterium testaceum	2033	S	1564	313	1877	0.00014
Microbacterium aurum	36805	S	1530	531	2061	0.00015
Microbacterium lushaniae	2614639	S	1497	379	1876	0.00014
Microbacterium luteum	2782167	S	1465	673	2138	0.00016
Microbacterium caowuchunii	2614638	S	1459	310	1769	0.00013
Microbacterium chocolatum	84292	S	1382	348	1730	0.00013
Microbacterium oxydans	82380	S	1380	1100	2480	0.00018
Microbacterium protaetiae	2509458	S	1337	332	1669	0.00012
Microbacterium esteraromaticum	57043	S	1328	326	1654	0.00012
Microbacterium hydrocarbonoxydans	273678	S	1082	212	1294	0.00010
Microbacterium schleiferi	69362	S	985	382	1367	0.00010
Microbacterium fandaimingii	2708079	S	776	75	851	0.00006
Microbacterium amylolyticum	936337	S	593	143	736	0.00005
Microbacterium binotii	462710	S	588	455	1043	0.00008
Microbacterium chengjingii	2769067	S	549	32	581	0.00004
Microbacterium endophyticum	1526412	S	461	36	497	0.00004
Microbacterium paraoxydans	199592	S	195	1344	1539	0.00011
Microbacterium paludicola	300019	S	190	711	901	0.00007
Agromyces sp. H17E-10	2932244	S	4602	1774	6376	0.00047
Agromyces sp. LHK192	2498704	S	3742	1277	5019	0.00037
Agromyces sp. CFWR-12	2929802	S	2696	1874	4570	0.00034
Agromyces flavus	589382	S	8447	3128	11575	0.00086
Agromyces aureus	453304	S	4131	1367	5498	0.00041
Agromyces soli	659012	S	3575	1516	5091	0.00038
Agromyces badenianii	2080742	S	3220	1237	4457	0.00033
Agromyces marinus	1389020	S	3213	1380	4593	0.00034
Agromyces protaetiae	2509455	S	2978	997	3975	0.00029
Agromyces laixinhei	2585717	S	2574	695	3269	0.00024
Agromyces archimandritae	2781962	S	2326	786	3112	0.00023
Agromyces intestinalis	2592652	S	2274	1496	3770	0.00028
Curtobacterium sp. BH-2-1-1	1905847	S	1467	554	2021	0.00015
Curtobacterium sp. L6-1	2841594	S	1455	546	2001	0.00015
Curtobacterium sp. MR_MD2014	1561023	S	1116	590	1706	0.00013
Curtobacterium sp. YC1	2795488	S	1108	574	1682	0.00012
Curtobacterium sp. TC1	2862880	S	971	562	1533	0.00011
Curtobacterium sp. 24E2	2804758	S	938	577	1515	0.00011
Curtobacterium sp. SGAir0471	2070337	S	823	746	1569	0.00012
Curtobacterium sp. TXMA1	2876939	S	744	698	1442	0.00011
Curtobacterium sp. C1	2898151	S	294	1004	1298	0.00010
Curtobacterium sp. Csp2	2495430	S	254	980	1234	0.00009
Curtobacterium sp. Csp1	2495429	S	39	982	1021	0.00008
Curtobacterium flaccumfaciens	2035	S	2358	1234	3592	0.00027
Curtobacterium luteum	33881	S	1439	587	2026	0.00015
Rathayibacter sp. VKM Ac-2759	2609252	S	2107	844	2951	0.00022
Rathayibacter sp. VKM Ac-2760	2609253	S	1829	1026	2855	0.00021
Rathayibacter sp. VKM Ac-2804	2609257	S	1298	1003	2301	0.00017
Rathayibacter sp. VKM Ac-2801	2609255	S	805	783	1588	0.00012
Rathayibacter sp. VKM Ac-2762	2609254	S	406	1112	1518	0.00011
Rathayibacter sp. VKM Ac-2805	2609258	S	336	947	1283	0.00010
Rathayibacter festucae	110937	S	2095	2364	4459	0.00033
Rathayibacter tanaceti	1671680	S	1239	360	1599	0.00012
Rathayibacter iranicus	59737	S	810	124	934	0.00007
Rathayibacter tritici	33888	S	775	259	1034	0.00008
Rathayibacter rathayi	33887	S	650	194	844	0.00006
Rathayibacter toxicus	145458	S	359	37	396	0.00003
Leucobacter sp. H25R-14	2932245	S	1459	281	1740	0.00013
Leucobacter sp. NB 10	2873270	S	1367	440	1807	0.00013
Leucobacter sp. Psy1	2875729	S	1181	171	1352	0.00010
Leucobacter sp. CX169	2813744	S	1039	319	1358	0.00010
Leucobacter sp. H21R-36	2932246	S	511	1365	1876	0.00014
Leucobacter sp. H21R-40	2932247	S	374	998	1372	0.00010
Leucobacter triazinivorans	1784719	S	1642	1130	2772	0.00021
Leucobacter muris	1935379	S	1596	657	2253	0.00017
Leucobacter luti	340320	S	605	67	672	0.00005
Leucobacter viscericola	2714935	S	481	54	535	0.00004
Leucobacter insecticola	2714934	S	410	41	451	0.00003
Leucobacter denitrificans	683042	S	355	63	418	0.00003
Leucobacter coleopterorum	2714933	S	288	33	321	0.00002
Leifsonia sp. ZF2019	2781978	S	2083	673	2756	0.00020
Leifsonia sp. PS1209	2724914	S	1958	628	2586	0.00019
Leifsonia sp. 21MFCrub1.1	1798223	S	1887	2578	4465	0.00033
Leifsonia shinshuensis	150026	S	2840	950	3790	0.00028
Leifsonia xyli	1575	S	1744	285	2029	0.00015
Clavibacter michiganensis	28447	S	8788	8940	17728	0.00131
Clavibacter zhangzhiyongii	2768071	S	1136	669	1805	0.00013
Clavibacter sp. A6099	2860285	S	668	537	1205	0.00009
Agrococcus sp. SCSIO52902	2933290	S	2297	1362	3659	0.00027
Agrococcus sp. SGAir0287	2070347	S	2239	821	3060	0.00023
Agrococcus sp. Marseille-Q4369	2810513	S	2223	942	3165	0.00023
Agrococcus jejuensis	399736	S	2387	915	3302	0.00024
Agrococcus carbonis	684552	S	2243	1252	3495	0.00026
Protaetiibacter sp. SSC-01	2759943	S	2164	952	3116	0.00023
Protaetiibacter intestinalis	2419774	S	2138	918	3056	0.00023
Protaetiibacter larvae	2592654	S	1647	631	2278	0.00017
Salinibacterium sp. ZJ450	2708338	S	1686	314	2000	0.00015
Salinibacterium sp. ZJ70	2708084	S	1260	382	1642	0.00012
Salinibacterium sp. dk2585	2603292	S	1124	228	1352	0.00010
Salinibacterium sp. UTAS2018	2508880	S	375	42	417	0.00003
Salinibacterium sp. M195	2583374	S	346	46	392	0.00003
Salinibacterium hongtaonis	2079791	S	574	74	648	0.00005
Cryobacterium sp. LW097	1978566	S	1251	322	1573	0.00012
Cryobacterium sp. PAMC25264	2861288	S	721	477	1198	0.00009
Cryobacterium soli	2220095	S	1005	565	1570	0.00012
Cryobacterium arcticum	670052	S	842	681	1523	0.00011
Frondihabitans sp. PAMC 28766	1795630	S	1898	312	2210	0.00016
Frondihabitans sp. 762G35	1446794	S	1740	454	2194	0.00016
Microterricola viridarii	412690	S	3512	1046	4558	0.00034
Plantibacter sp. M259	2583822	S	612	614	1226	0.00009
Plantibacter sp. PA-3-X8	2480625	S	583	606	1189	0.00009
Plantibacter flavus	150123	S	674	605	1279	0.00009
Microcella flavibacter	1804990	S	1876	1090	2966	0.00022
Microcella alkaliphila	279828	S	1273	267	1540	0.00011
Mycetocola sp. JXN-3	2116510	S	880	159	1039	0.00008
Mycetocola zhujimingii	2079792	S	815	117	932	0.00007
Mycetocola spongiae	2859226	S	669	108	777	0.00006
Cnuibacter physcomitrellae	1619308	S	2357	617	2974	0.00022
Herbiconiux sp. SALV-R1	2735133	S	2240	543	2783	0.00021
Subtercola sp. AK-R2A1-2	2895559	S	1302	157	1459	0.00011
Subtercola sp. PAMC28395	2846775	S	817	107	924	0.00007
Frigoribacterium sp. NBH87	2596916	S	2146	763	2909	0.00022
Gryllotalpicola protaetiae	2419771	S	2101	494	2595	0.00019
Humibacter sp. WJ7-1	2599293	S	1823	486	2309	0.00017
Amnibacterium sp. L3-i23	2905871	S	1709	497	2206	0.00016
Chryseoglobus indicus	2750620	S	324	736	1060	0.00008
Chryseoglobus sp. 28M-23	2772253	S	322	688	1010	0.00007
Marisediminicola antarctica	674079	S	1467	220	1687	0.00012
Gulosibacter sediminis	1729695	S	1464	521	1985	0.00015
Diaminobutyricimonas sp. LJ205	2683590	S	1377	313	1690	0.00013
Glaciihabitans sp. INWT7	2596912	S	1071	103	1174	0.00009
Agreia sp. COWG	2773266	S	1061	155	1216	0.00009
Aquiluna borgnonia	2499157	S	168	18	186	0.00001
Candidatus Aquiluna sp. UB-MaderosW2red	1855377	S	82	5	87	0.00001
Rhodoluna limnophila	232537	S	106	10	116	0.00001
Candidatus Rhodoluna planktonica	535712	S	62	4	66	0.00000
Rhodoluna lacicola	529884	S	55	5	60	0.00000
Pseudoclavibacter sp. Marseille-Q3772	2866588	S	307	72	379	0.00003
Aurantimicrobium photophilum	1987356	S	90	9	99	0.00001
Aurantimicrobium sp. MWH-Uga1	2079575	S	51	17	68	0.00001
Aurantimicrobium minutum	708131	S	45	15	60	0.00000
Pontimonas salivibrio	1159327	S	123	7	130	0.00001
Arthrobacter sp. QXT-31	1357915	S	8282	2906	11188	0.00083
Arthrobacter sp. FW305-BF8	2879617	S	3977	1375	5352	0.00040
Arthrobacter sp. QL17	2895818	S	1758	495	2253	0.00017
Arthrobacter sp. 24S4-2	2575374	S	1667	475	2142	0.00016
Arthrobacter sp. PM3	2017685	S	1587	313	1900	0.00014
Arthrobacter sp. NicSoilB8	2830998	S	1501	493	1994	0.00015
Arthrobacter sp. PAMC25564	2565366	S	1278	439	1717	0.00013
Arthrobacter sp. ERGS1:01	1704044	S	1215	288	1503	0.00011
Arthrobacter sp. U41	1849032	S	1210	435	1645	0.00012
Arthrobacter sp. KBS0702	2578107	S	1205	606	1811	0.00013
Arthrobacter sp. UKPF54-2	2600159	S	1162	620	1782	0.00013
Arthrobacter sp. NicSoilB4	2830997	S	1153	457	1610	0.00012
Arthrobacter sp. FB24	290399	S	1148	461	1609	0.00012
Arthrobacter sp. PGP41	2079227	S	1131	493	1624	0.00012
Arthrobacter sp. NicSoilC5	2831000	S	1098	709	1807	0.00013
Arthrobacter sp. FW306-2-2C-D06B	2879618	S	1030	253	1283	0.00010
Arthrobacter sp. Helios	2828862	S	893	181	1074	0.00008
Arthrobacter sp. PAMC25284	2861279	S	837	275	1112	0.00008
Arthrobacter sp. PAMC 25486	1494608	S	609	122	731	0.00005
Arthrobacter sp. zg-Y462	2886936	S	599	151	750	0.00006
Arthrobacter sp. StoSoilB5	2830992	S	574	207	781	0.00006
Arthrobacter sp. zg-Y809	2886940	S	568	220	788	0.00006
Arthrobacter sp. StoSoilB20	2830995	S	506	178	684	0.00005
Arthrobacter sp. NtRootA1	2830983	S	491	188	679	0.00005
Arthrobacter sp. YN	2020486	S	388	202	590	0.00004
Arthrobacter sp. D5-1	1477518	S	366	306	672	0.00005
Arthrobacter sp. C1-1	2813727	S	305	52	357	0.00003
Arthrobacter sp. NicSoilB11	2830999	S	221	1090	1311	0.00010
Arthrobacter sp. FW306-06-A	2879621	S	198	860	1058	0.00008
Arthrobacter sp. StoSoilB13	2830993	S	169	389	558	0.00004
Arthrobacter sp. FW306-07-I	2879622	S	168	1166	1334	0.00010
Arthrobacter sp. StoSoilB19	2830994	S	166	940	1106	0.00008
Arthrobacter sp. StoSoilA2	2830990	S	148	330	478	0.00004
Arthrobacter sp. FW306-05-C	2879620	S	124	807	931	0.00007
Arthrobacter sp. AQ5-05	2184581	S	36	535	571	0.00004
Arthrobacter agilis	37921	S	2582	451	3033	0.00022
Arthrobacter crystallopoietes	37928	S	2102	469	2571	0.00019
Arthrobacter sulfonylureivorans	2486855	S	1321	258	1579	0.00012
Arthrobacter woluwensis	156980	S	1243	347	1590	0.00012
Arthrobacter dokdonellae	2211210	S	1118	230	1348	0.00010
Arthrobacter jiangjiafuii	2817475	S	849	271	1120	0.00008
Arthrobacter alpinus	656366	S	784	1044	1828	0.00014
Arthrobacter sunyaminii	2816859	S	614	219	833	0.00006
Kocuria rosea	1275	S	2942	1089	4031	0.00030
Kocuria turfanensis	388357	S	2356	943	3299	0.00024
Kocuria flava	446860	S	2339	1364	3703	0.00027
Kocuria palustris	71999	S	1385	654	2039	0.00015
Kocuria rhizophila	72000	S	975	1526	2501	0.00019
Kocuria varians	1272	S	822	668	1490	0.00011
Kocuria sp. TGY1127_2	2711328	S	405	80	485	0.00004
Kocuria sp. KD4	2719588	S	215	361	576	0.00004
Kocuria sp. BT304	1702043	S	110	563	673	0.00005
Kocuria indica	1049583	S	172	347	519	0.00004
Pseudarthrobacter sp. L1SW	2851598	S	1091	522	1613	0.00012
Pseudarthrobacter sp. BIM B-2242	2772401	S	1061	323	1384	0.00010
Pseudarthrobacter sp. NIBRBAC000502772	2590775	S	642	495	1137	0.00008
Pseudarthrobacter sp. NBSH8	2596911	S	504	217	721	0.00005
Pseudarthrobacter sp. SSS035	2931399	S	459	413	872	0.00006
Pseudarthrobacter sp. NIBRBAC000502770	2590785	S	282	896	1178	0.00009
Pseudarthrobacter sp. NIBRBAC000502771	2590774	S	246	894	1140	0.00008
Pseudarthrobacter phenanthrenivorans	361575	S	1115	642	1757	0.00013
Pseudarthrobacter chlorophenolicus	85085	S	869	371	1240	0.00009
Pseudarthrobacter equi	728066	S	868	389	1257	0.00009
Pseudarthrobacter psychrotolerans	2697569	S	812	368	1180	0.00009
Pseudarthrobacter sulfonivorans	121292	S	640	695	1335	0.00010
Micrococcus luteus	1270	S	2849	5050	7899	0.00059
Micrococcus sp. KD337-16	2856555	S	1249	905	2154	0.00016
Micrococcus sp. KBS0714	1179670	S	57	533	590	0.00004
Micrococcus yunnanensis	566027	S	33	289	322	0.00002
Sinomonas atrocyanea	37927	S	2596	1044	3640	0.00027
Sinomonas sp. R1AF57	2020377	S	2188	623	2811	0.00021
Glutamicibacter creatinolyticus	162496	S	854	252	1106	0.00008
Glutamicibacter protophormiae	37930	S	822	623	1445	0.00011
Glutamicibacter halophytocola	1933880	S	494	111	605	0.00004
Glutamicibacter mishrai	1775880	S	330	88	418	0.00003
Glutamicibacter arilaitensis	256701	S	260	115	375	0.00003
Glutamicibacter nicotianae	37929	S	241	810	1051	0.00008
Glutamicibacter sp. ZJUTW	1155384	S	70	331	401	0.00003
Rothia kristinae	37923	S	1487	1032	2519	0.00019
Rothia mucilaginosa	43675	S	459	113	572	0.00004
Rothia nasimurium	85336	S	258	155	413	0.00003
Rothia aeria	172042	S	218	95	313	0.00002
Rothia dentocariosa	2047	S	126	54	180	0.00001
Rothia terrae	396015	S	112	57	169	0.00001
Rothia sp. ZJ932	2810516	S	85	15	100	0.00001
Rothia amarae	169480	S	78	42	120	0.00001
Paenarthrobacter ureafaciens	37931	S	697	1338	2035	0.00015
Paenarthrobacter aurescens	43663	S	598	473	1071	0.00008
Paenarthrobacter sp. YJN-5	2735316	S	209	529	738	0.00005
Paenarthrobacter sp. YJN-D	2735317	S	123	280	403	0.00003
Paenarthrobacter nicotinovorans	29320	S	148	293	441	0.00003
Citricoccus sp. SGAir0253	2567881	S	2104	706	2810	0.00021
Nesterenkonia sp. NBAIMH1	2600320	S	841	67	908	0.00007
Paeniglutamicibacter sp. Y32M11	2853258	S	425	83	508	0.00004
Psychromicrobium lacuslunae	1618207	S	355	62	417	0.00003
Neomicrococcus aestuarii	556325	S	303	167	470	0.00003
Auritidibacter sp. NML130574	2170745	S	282	36	318	0.00002
Renibacterium salmoninarum	1646	S	191	14	205	0.00002
Cellulomonas sp. H30R-01	2704467	S	3960	1975	5935	0.00044
Cellulomonas sp. Y8	2591145	S	3908	2173	6081	0.00045
Cellulomonas sp. JZ18	2654191	S	3072	1687	4759	0.00035
Cellulomonas sp. C5510	2871170	S	3029	1564	4593	0.00034
Cellulomonas sp. zg-ZUI188	2819978	S	2971	1082	4053	0.00030
Cellulomonas sp. zg-ZUI222	2816956	S	2670	1294	3964	0.00029
Cellulomonas sp. zg-ZUI157	2819979	S	2509	1115	3624	0.00027
Cellulomonas sp. EW123	2608402	S	2356	1723	4079	0.00030
Cellulomonas sp. PSBB021	2003551	S	2123	2092	4215	0.00031
Cellulomonas fimi	1708	S	3610	3680	7290	0.00054
Cellulomonas iranensis	76862	S	2828	1679	4507	0.00033
Cellulomonas shaoxiangyii	2566013	S	2682	1422	4104	0.00030
Cellulomonas flavigena	1711	S	2669	1285	3954	0.00029
Cellulomonas gilvus	11	S	2279	1271	3550	0.00026
Cellulomonas taurus	2729175	S	2123	890	3013	0.00022
Actinotalea sp. JY-7876	2758442	S	3157	1462	4619	0.00034
Oerskovia sp. KBS0722	1179673	S	2347	962	3309	0.00025
Pseudactinotalea sp. HY158	2654547	S	2188	413	2601	0.00019
Paraoerskovia marina	545619	S	1670	562	2232	0.00017
Janibacter melonis	262209	S	3126	1363	4489	0.00033
Janibacter limosus	53458	S	2142	726	2868	0.00021
Janibacter indicus	857417	S	1143	1812	2955	0.00022
Janibacter sp. YB324	2761047	S	687	1437	2124	0.00016
Phycicoccus sp. HDW14	2714941	S	4266	1790	6056	0.00045
Phycicoccus endophyticus	1690220	S	3449	1277	4726	0.00035
Intrasporangium calvum	53358	S	5174	1781	6955	0.00052
Pedococcus dokdonensis	443156	S	3773	1406	5179	0.00038
Tetrasphaera sp. HKS02	1813880	S	3127	1028	4155	0.00031
Arsenicicoccus sp. oral taxon 190	1658671	S	3027	1492	4519	0.00033
Cellulosimicrobium cellulans	1710	S	5288	6529	11817	0.00088
Cellulosimicrobium sp. BI34T	2587808	S	2355	1338	3693	0.00027
Cellulosimicrobium sp. JZ28	1906273	S	442	1170	1612	0.00012
Cellulosimicrobium sp. 72-3	2731680	S	291	1452	1743	0.00013
Cellulosimicrobium sp. TH-20	1980001	S	208	1071	1279	0.00009
Xylanimonas protaetiae	2509457	S	2646	1480	4126	0.00031
Xylanimonas cellulosilytica	186189	S	2335	1069	3404	0.00025
Xylanimonas allomyrinae	2509459	S	2206	895	3101	0.00023
Isoptericola dokdonensis	372663	S	3677	1834	5511	0.00041
Isoptericola variabilis	139208	S	3008	2014	5022	0.00037
Ornithinimicrobium avium	2283195	S	3439	1155	4594	0.00034
Ornithinimicrobium sp. HY006	2508882	S	2383	972	3355	0.00025
Ornithinimicrobium sp. INDO-MA30-4	2908651	S	478	109	587	0.00004
Ornithinimicrobium flavum	1288636	S	2647	1048	3695	0.00027
Ornithinimicrobium ciconiae	2594265	S	2073	412	2485	0.00018
Ornithinimicrobium pratense	2593973	S	1744	608	2352	0.00017
Serinicoccus chungangensis	767452	S	2340	994	3334	0.00025
Serinicoccus hydrothermalis	1758689	S	2246	1237	3483	0.00026
Serinicoccus profundi	1078471	S	2134	961	3095	0.00023
Serinicoccus marinus	247333	S	1879	1087	2966	0.00022
Brachybacterium sp. SGAir0954	2571029	S	2012	681	2693	0.00020
Brachybacterium sp. CBA3105	2887346	S	1963	561	2524	0.00019
Brachybacterium sp. P6-10-X1	1903186	S	1839	388	2227	0.00016
Brachybacterium ginsengisoli	1331682	S	1906	648	2554	0.00019
Brachybacterium saurashtrense	556288	S	1745	585	2330	0.00017
Brachybacterium faecium	43669	S	1611	573	2184	0.00016
Brachybacterium vulturis	2017484	S	1367	560	1927	0.00014
Brachybacterium avium	2017485	S	1193	487	1680	0.00012
Dermabacter vaginalis	1630135	S	611	535	1146	0.00008
Dermabacter jinjuensis	1667168	S	530	584	1114	0.00008
Devriesea agamarum	472569	S	272	19	291	0.00002
Brevibacterium sp. CS2	2575923	S	1869	964	2833	0.00021
Brevibacterium sp. SMBL_HHYL_HB1	2777556	S	881	243	1124	0.00008
Brevibacterium sp. HY170	2898795	S	458	159	617	0.00005
Brevibacterium sp. 'Marine'	2725563	S	343	261	604	0.00004
Brevibacterium sp. W7.2	2823518	S	288	1640	1928	0.00014
Brevibacterium casei	33889	S	2069	1710	3779	0.00028
Brevibacterium luteolum	199591	S	1185	610	1795	0.00013
Brevibacterium linens	1703	S	1072	754	1826	0.00014
Brevibacterium aurantiacum	273384	S	755	611	1366	0.00010
Brevibacterium sandarakinum	629680	S	692	152	844	0.00006
Brevibacterium atlanticum	2697563	S	689	173	862	0.00006
Brevibacterium oceani	358099	S	641	170	811	0.00006
Brevibacterium limosum	2697565	S	526	229	755	0.00006
Brevibacterium siliguriense	1136497	S	458	157	615	0.00005
Brevibacterium pigmentatum	1496080	S	330	284	614	0.00005
Georgenia yuyongxinii	2589797	S	3542	1128	4670	0.00035
Georgenia sp. TF02-10	2917725	S	3501	1659	5160	0.00038
Georgenia wutianyii	2585135	S	2835	1270	4105	0.00030
Georgenia faecalis	2483799	S	2829	1011	3840	0.00028
Haloactinobacterium kanbiaonis	2675754	S	3428	641	4069	0.00030
Ruania sp. LR1S40	2897774	S	1878	496	2374	0.00018
Ruania sp. M4N3S171	2897773	S	1216	204	1420	0.00011
Ruania zhangjianzhongii	2603206	S	2057	267	2324	0.00017
Ruania alkalisoli	2779775	S	1402	288	1690	0.00013
Dermacoccus nishinomiyaensis	1274	S	1972	1060	3032	0.00022
Dermacoccus sp. PAMC28757	2762331	S	1365	617	1982	0.00015
Luteipulveratus mongoliensis	571913	S	2745	494	3239	0.00024
Allobranchiibius sp. GilTou73	2904523	S	2165	613	2778	0.00021
Yimella sp. cx-51	2770551	S	1376	356	1732	0.00013
Beutenbergia cavernae	84757	S	3973	852	4825	0.00036
Miniimonas sp. S16	2171623	S	2791	1856	4647	0.00034
Pengzhenrongella sicca	2819238	S	3728	1330	5058	0.00037
Luteimicrobium xylanilyticum	1133546	S	2975	1174	4149	0.00031
Sanguibacter keddieii	60920	S	2274	869	3143	0.00023
Sanguibacter sp. HDW7	2714931	S	1992	800	2792	0.00021
Gephyromycinifex aptenodytis	2716227	S	1194	180	1374	0.00010
Austwickia chelonae	100225	S	1041	105	1146	0.00008
Dermatophilus congolensis	1863	S	291	34	325	0.00002
Kytococcus sedentarius	1276	S	2040	951	2991	0.00022
Demequina sp. TMPB413	2881056	S	841	86	927	0.00007
Jonesia denitrificans	43674	S	165	37	202	0.00002
Tropheryma whipplei	2039	S	42	0	42	0.00000
Mycolicibacterium litorale	758802	S	4420	1294	5714	0.00042
Mycolicibacterium smegmatis	1772	S	3435	2300	5735	0.00042
Mycolicibacterium thermoresistibile	1797	S	3416	824	4240	0.00031
Mycolicibacterium sp. YH-1	2908837	S	2220	1299	3519	0.00026
Mycolicibacterium madagascariense	212765	S	2874	483	3357	0.00025
Mycolicibacterium hassiacum	46351	S	2856	832	3688	0.00027
Mycolicibacterium gadium	1794	S	2851	407	3258	0.00024
Mycolicibacterium rhodesiae	36814	S	2843	495	3338	0.00025
Mycolicibacterium phlei	1771	S	2752	1011	3763	0.00028
Mycolicibacterium chubuense	1800	S	2748	666	3414	0.00025
Mycolicibacterium arabiense	1286181	S	2734	464	3198	0.00024
Mycolicibacterium rutilum	370526	S	2729	863	3592	0.00027
Mycolicibacterium sediminis	1286180	S	2728	541	3269	0.00024
Mycolicibacterium moriokaense	39691	S	2722	364	3086	0.00023
Mycolicibacterium neoaurum	1795	S	2709	552	3261	0.00024
Mycolicibacterium mageritense	53462	S	2580	468	3048	0.00023
Mycolicibacterium pulveris	36813	S	2570	468	3038	0.00023
Mycolicibacterium vaccae	1810	S	2539	546	3085	0.00023
Mycolicibacterium psychrotolerans	216929	S	2461	601	3062	0.00023
Mycolicibacterium parafortuitum	39692	S	2407	523	2930	0.00022
Mycolicibacterium celeriflavum	1249101	S	2368	496	2864	0.00021
Mycolicibacterium chitae	1792	S	2329	606	2935	0.00022
Mycolicibacterium fortuitum	1766	S	2292	841	3133	0.00023
Mycolicibacterium duvalii	39688	S	2283	483	2766	0.00020
Mycolicibacterium monacense	85693	S	2238	983	3221	0.00024
Mycolicibacterium poriferae	39694	S	2211	498	2709	0.00020
Mycolicibacterium fluoranthenivorans	258505	S	2179	311	2490	0.00018
Mycolicibacterium tokaiense	39695	S	2165	375	2540	0.00019
Mycolicibacterium aurum	1791	S	2089	300	2389	0.00018
Mycolicibacterium fallax	1793	S	2032	880	2912	0.00022
Mycolicibacterium phocaicum	319706	S	2030	1050	3080	0.00023
Mycolicibacterium baixiangningiae	2761578	S	2003	349	2352	0.00017
Mycolicibacterium gilvum	1804	S	1982	758	2740	0.00020
Mycolicibacterium confluentis	28047	S	1968	330	2298	0.00017
Mycolicibacterium insubricum	444597	S	1861	568	2429	0.00018
Mycolicibacterium aichiense	1799	S	1777	332	2109	0.00016
Mycolicibacterium boenickei	146017	S	1739	2125	3864	0.00029
Mycolicibacterium anyangense	1431246	S	1713	306	2019	0.00015
Mycolicibacterium mengxianglii	2736649	S	1694	201	1895	0.00014
Mycolicibacterium helvum	1534349	S	1611	207	1818	0.00013
Mycolicibacterium austroafricanum	39687	S	1596	5550	7146	0.00053
Mycobacterium doricum	126673	S	1421	343	1764	0.00013
Mycolicibacterium mucogenicum	56689	S	1287	521	1808	0.00013
Mycolicibacterium alvei	67081	S	1256	356	1612	0.00012
Mycolicibacterium sarraceniae	1534348	S	1192	165	1357	0.00010
Mycolicibacterium septicum	98668	S	1083	696	1779	0.00013
Mycolicibacterium farcinogenes	1802	S	631	2184	2815	0.00021
Mycolicibacterium vanbaalenii	110539	S	486	6722	7208	0.00053
Mycolicibacterium nivoides	2487344	S	217	909	1126	0.00008
Mycobacterium sp. JS623	212767	S	6034	559	6593	0.00049
Mycobacterium sp. IDR2000157661	2867005	S	2327	462	2789	0.00021
Mycobacterium sp. DL592	2675524	S	1647	296	1943	0.00014
Mycobacterium sp. EPa45	1545728	S	1616	293	1909	0.00014
Mycobacterium sp. MS1601	1936029	S	1604	248	1852	0.00014
Mycobacterium sp. YC-RL4	1682113	S	1563	594	2157	0.00016
Mycobacterium sp. DL440	2675523	S	1112	263	1375	0.00010
Mycobacterium sp. TY59	2775496	S	1097	190	1287	0.00010
Mycobacterium sp. WY10	1920667	S	233	623	856	0.00006
Mycobacterium sp. PYR15	2051552	S	99	761	860	0.00006
Mycobacterium sp. 20KCMC460	2903536	S	73	1260	1333	0.00010
Mycobacterium sp. MOTT36Y	1168287	S	28	317	345	0.00003
Mycobacterium sp. IWGMT90018-18076	2871094	S	28	870	898	0.00007
Mycobacterium saskatchewanense	220927	S	2163	448	2611	0.00019
Mycobacterium parmense	185642	S	1893	368	2261	0.00017
Mycobacterium kubicae	120959	S	1858	308	2166	0.00016
Mycobacterium simiae	1784	S	1555	148	1703	0.00013
Mycobacterium shigaense	722731	S	1441	223	1664	0.00012
Mycobacterium florentinum	292462	S	1436	333	1769	0.00013
Mycobacterium stomatepiae	470076	S	1357	282	1639	0.00012
Mycobacterium heidelbergense	53376	S	1302	322	1624	0.00012
Mycobacterium lentiflavum	141349	S	1285	313	1598	0.00012
Mycobacterium avium	1764	S	3300	3660	6960	0.00052
Mycobacterium intracellulare	1767	S	1508	14118	15626	0.00116
Mycobacterium mantenii	560555	S	1335	175	1510	0.00011
Mycobacterium colombiense	339268	S	1268	230	1498	0.00011
Mycobacterium marseillense	701042	S	1199	285	1484	0.00011
Mycobacterium paraintracellulare	1138383	S	402	2326	2728	0.00020
Mycobacterium grossiae	1552759	S	2912	949	3861	0.00029
Mycobacterium rufum	318424	S	2649	844	3493	0.00026
Mycobacterium dioxanotrophicus	482462	S	2277	593	2870	0.00021
Mycobacterium canettii	78331	S	814	595	1409	0.00010
Mycobacterium tuberculosis	1773	S	422	20638	21060	0.00156
Mycobacterium frederiksbergense	117567	S	2129	694	2823	0.00021
Mycobacterium holsaticum	152142	S	2091	360	2451	0.00018
Mycobacterium branderi	43348	S	2046	269	2315	0.00017
Mycobacterium conspicuum	44010	S	1911	248	2159	0.00016
Mycobacterium diernhoferi	1801	S	1887	411	2298	0.00017
Mycobacterium goodii	134601	S	1858	706	2564	0.00019
Mycobacterium paragordonae	1389713	S	1819	229	2048	0.00015
Mycobacterium cookii	1775	S	1643	182	1825	0.00014
Mycobacterium gordonae	1778	S	1617	145	1762	0.00013
Mycobacterium koreense	1069220	S	1599	503	2102	0.00016
Mycobacterium heckeshornense	110505	S	1585	131	1716	0.00013
Mycobacterium paraterrae	577492	S	1454	175	1629	0.00012
Mycobacterium riyadhense	486698	S	1441	66	1507	0.00011
Mycobacterium shinjukuense	398694	S	1374	143	1517	0.00011
Mycobacterium lacus	169765	S	1374	110	1484	0.00011
Mycobacterium vicinigordonae	1719132	S	1372	80	1452	0.00011
Mycobacterium noviomagense	459858	S	1361	120	1481	0.00011
Mycobacterium ostraviense	2738409	S	1337	131	1468	0.00011
Mycobacterium kansasii	1768	S	1294	128	1422	0.00011
Mycobacterium xenopi	1789	S	1292	155	1447	0.00011
Mycobacterium malmoense	1780	S	1287	212	1499	0.00011
Mycobacterium paraseoulense	590652	S	1217	246	1463	0.00011
Mycobacterium seoulense	386911	S	1123	265	1388	0.00010
Mycobacterium basiliense	2094119	S	1104	44	1148	0.00009
Mycobacterium virginiense	1795032	S	980	279	1259	0.00009
Mycobacterium spongiae	886343	S	943	29	972	0.00007
Mycobacterium crocinum	388459	S	757	406	1163	0.00009
Mycobacterium haemophilum	29311	S	678	36	714	0.00005
Mycobacterium marinum	1781	S	366	1071	1437	0.00011
Mycobacterium senegalense	1796	S	286	1614	1900	0.00014
Mycobacterium leprae	1769	S	186	5	191	0.00001
Mycobacterium novum	2492438	S	162	2288	2450	0.00018
Mycobacterium lepromatosis	480418	S	161	4	165	0.00001
Mycobacterium ulcerans	1809	S	115	612	727	0.00005
Mycobacterium shottsii	133549	S	91	140	231	0.00002
Mycobacterium pallens	370524	S	60	515	575	0.00004
Mycobacterium pseudoshottsii	265949	S	40	213	253	0.00002
Mycolicibacter sp. MYC340	2855503	S	1073	300	1373	0.00010
Mycolicibacter sp. MYC098	2872309	S	1020	287	1307	0.00010
Mycolicibacter sp. MYC017	2875777	S	636	551	1187	0.00009
Mycolicibacter sp. MYC101	2872311	S	174	767	941	0.00007
Mycolicibacter sp. MYC123	2855502	S	165	744	909	0.00007
Mycolicibacter hiberniae	29314	S	1286	312	1598	0.00012
Mycolicibacter terrae	1788	S	1226	430	1656	0.00012
Mycolicibacter minnesotensis	1118379	S	859	170	1029	0.00008
Mycolicibacter sinensis	875328	S	176	2031	2207	0.00016
Mycobacteroides abscessus	36809	S	1954	1848	3802	0.00028
Mycobacteroides chelonae	1774	S	1322	491	1813	0.00013
Mycobacteroides saopaulense	1578165	S	791	134	925	0.00007
Mycobacteroides immunogenum	83262	S	747	183	930	0.00007
Mycobacteroides salmoniphilum	404941	S	705	92	797	0.00006
[Mycobacterium] stephanolepidis	1520670	S	438	175	613	0.00005
Mycolicibacillus parakoreensis	1069221	S	1816	575	2391	0.00018
Hoyosella subflava	639313	S	877	59	936	0.00007
Rhodococcus sp. X156	2499145	S	3180	1339	4519	0.00033
Rhodococcus sp. MTM3W5.2	1805827	S	2829	811	3640	0.00027
Rhodococcus sp. SGAir0479	2567884	S	2195	765	2960	0.00022
Rhodococcus sp. W8901	2742603	S	2134	671	2805	0.00021
Rhodococcus sp. PBTS 1	1653478	S	1951	609	2560	0.00019
Rhodococcus sp. R79	2811421	S	1504	942	2446	0.00018
Rhodococcus sp. ABRD24	2507582	S	1365	288	1653	0.00012
Rhodococcus sp. USK10	2789739	S	1141	749	1890	0.00014
Rhodococcus sp. USK13	2806442	S	1095	737	1832	0.00014
Rhodococcus sp. B7740	1564114	S	984	160	1144	0.00008
Rhodococcus sp. P1Y	1302308	S	981	108	1089	0.00008
Rhodococcus sp. WAY2	2663121	S	945	785	1730	0.00013
Rhodococcus sp. WMMA185	679318	S	796	123	919	0.00007
Rhodococcus sp. RDE2	2885078	S	593	600	1193	0.00009
Rhodococcus sp. WB9	2594007	S	489	664	1153	0.00009
Rhodococcus sp. ZPP	2749906	S	408	1051	1459	0.00011
Rhodococcus sp. DMU1	2722825	S	393	1490	1883	0.00014
Rhodococcus sp. S2-17	1990687	S	350	939	1289	0.00010
Rhodococcus sp. M8	1925550	S	320	1008	1328	0.00010
Rhodococcus sp. P-2	2795031	S	151	180	331	0.00002
Rhodococcus sp. WB1	1033922	S	146	1265	1411	0.00010
Rhodococcus sp. 21391	2683591	S	138	630	768	0.00006
Rhodococcus sp. 2G	1570939	S	127	525	652	0.00005
Rhodococcus sp. DMF-1	2907624	S	86	690	776	0.00006
Rhodococcus sp. p52	935199	S	79	432	511	0.00004
Rhodococcus sp. YL-1	1045808	S	72	310	382	0.00003
Rhodococcus sp. LW-XY12	2856851	S	68	624	692	0.00005
Rhodococcus sp. AQ5-07	2054902	S	55	190	245	0.00002
Rhodococcus sp. PSBB049	2812863	S	49	713	762	0.00006
Rhodococcus sp. NJ-530	2490853	S	37	209	246	0.00002
Rhodococcus sp. 008	1723645	S	36	218	254	0.00002
Rhodococcus sp. H-CA8f	1727214	S	32	139	171	0.00001
Rhodococcus sp. BH4	1807790	S	30	193	223	0.00002
Rhodococcus sp. C1	644410	S	16	186	202	0.00001
Rhodococcus opacus	37919	S	6932	7161	14093	0.00104
Rhodococcus equi	43767	S	3346	1467	4813	0.00036
Rhodococcus fascians	1828	S	2842	743	3585	0.00027
Rhodococcus rhodochrous	1829	S	2174	1352	3526	0.00026
Rhodococcus koreensis	99653	S	1757	556	2313	0.00017
Rhodococcus triatomae	300028	S	1702	571	2273	0.00017
Rhodococcus coprophilus	38310	S	1417	298	1715	0.00013
Rhodococcus jostii	132919	S	1310	568	1878	0.00014
Rhodococcus pyridinivorans	103816	S	1105	4293	5398	0.00040
Rhodococcus qingshengii	334542	S	529	2874	3403	0.00025
Rhodococcus erythropolis	1833	S	427	1942	2369	0.00018
Rhodococcus ruber	1830	S	1027	3402	4429	0.00033
Rhodococcus globerulus	33008	S	892	121	1013	0.00008
Rhodococcus aetherivorans	191292	S	318	2974	3292	0.00024
Nocardia asteroides	1824	S	12535	4884	17419	0.00129
Nocardia brasiliensis	37326	S	6758	2098	8856	0.00066
Nocardia terpenica	455432	S	4740	988	5728	0.00042
Nocardia cyriacigeorgica	135487	S	4586	2203	6789	0.00050
Nocardia farcinica	37329	S	3753	2677	6430	0.00048
Nocardia gipuzkoensis	2749991	S	3211	1289	4500	0.00033
Nocardia arthritidis	228602	S	2972	432	3404	0.00025
Nocardia wallacei	480035	S	2943	939	3882	0.00029
Nocardia huaxiensis	2755382	S	2651	597	3248	0.00024
Nocardia otitidiscaviarum	1823	S	2468	565	3033	0.00022
Nocardia seriolae	37332	S	2438	739	3177	0.00024
Nocardia iowensis	204891	S	2397	583	2980	0.00022
Nocardia yamanashiensis	209247	S	2354	537	2891	0.00021
Nocardia nova	37330	S	2353	386	2739	0.00020
Nocardia yunnanensis	2382165	S	2327	636	2963	0.00022
Nocardia tengchongensis	2055889	S	2319	656	2975	0.00022
Nocardia sp. CS682	1047172	S	2264	610	2874	0.00021
Nocardia mangyaensis	2213200	S	2162	657	2819	0.00021
Corynebacterium cyclohexanicum	322009	S	1956	911	2867	0.00021
Corynebacterium sphenisci	191493	S	1745	595	2340	0.00017
Corynebacterium frankenforstense	1230998	S	1530	514	2044	0.00015
Corynebacterium xerosis	1725	S	1395	861	2256	0.00017
Corynebacterium bovis	36808	S	1340	342	1682	0.00012
Corynebacterium nuruki	1032851	S	1200	315	1515	0.00011
Corynebacterium halotolerans	225326	S	1129	286	1415	0.00010
Corynebacterium freneyi	134034	S	1078	455	1533	0.00011
Corynebacterium sp. CNCTC7651	2815361	S	454	96	550	0.00004
Corynebacterium sp. NML98-0116	702967	S	295	118	413	0.00003
Corynebacterium sp. 1864	2820399	S	90	180	270	0.00002
Corynebacterium sp. FDAARGOS 1242	2778078	S	81	207	288	0.00002
Corynebacterium sp. 4H37-19	2684405	S	48	5	53	0.00000
Corynebacterium sp. sy039	2599641	S	29	3	32	0.00000
Corynebacterium humireducens	1223514	S	914	291	1205	0.00009
Corynebacterium maris	575200	S	884	157	1041	0.00008
Corynebacterium variabile	1727	S	878	568	1446	0.00011
Corynebacterium vitaeruminis	38305	S	847	280	1127	0.00008
Corynebacterium marinum	349751	S	759	307	1066	0.00008
Corynebacterium yudongzhengii	2080740	S	720	147	867	0.00006
Corynebacterium liangguodongii	2079535	S	713	176	889	0.00007
Corynebacterium timonense	441500	S	705	187	892	0.00007
Corynebacterium doosanense	1121358	S	686	360	1046	0.00008
Corynebacterium mycetoides	38302	S	685	349	1034	0.00008
Corynebacterium jeikeium	38289	S	621	1599	2220	0.00016
Corynebacterium comes	2675218	S	612	165	777	0.00006
Corynebacterium atypicum	191610	S	606	199	805	0.00006
Corynebacterium terpenotabidum	89154	S	593	186	779	0.00006
Corynebacterium uterequi	1072256	S	584	112	696	0.00005
Corynebacterium provencense	1737425	S	574	148	722	0.00005
Corynebacterium sanguinis	2594913	S	551	402	953	0.00007
Corynebacterium urealyticum	43771	S	521	720	1241	0.00009
Corynebacterium glyciniphilum	1404244	S	517	72	589	0.00004
Corynebacterium imitans	156978	S	516	360	876	0.00006
Corynebacterium lujinxingii	2763010	S	510	190	700	0.00005
Corynebacterium ureicelerivorans	401472	S	495	179	674	0.00005
Corynebacterium falsenii	108486	S	484	231	715	0.00005
Corynebacterium uberis	2883169	S	452	62	514	0.00004
Corynebacterium testudinoris	136857	S	436	99	535	0.00004
Corynebacterium efficiens	152794	S	429	87	516	0.00004
Corynebacterium qintianiae	2709392	S	416	123	539	0.00004
Corynebacterium genitalium	38288	S	406	99	505	0.00004
Corynebacterium kroppenstedtii	161879	S	395	45	440	0.00003
Corynebacterium glaucum	187491	S	394	94	488	0.00004
Corynebacterium glucuronolyticum	39791	S	360	95	455	0.00003
Corynebacterium tuberculostearicum	38304	S	357	236	593	0.00004
Corynebacterium coyleae	53374	S	357	97	454	0.00003
Corynebacterium occultum	2675219	S	356	71	427	0.00003
Corynebacterium lactis	1231000	S	350	62	412	0.00003
Corynebacterium aurimucosum	169292	S	340	174	514	0.00004
Corynebacterium striatum	43770	S	334	306	640	0.00005
Corynebacterium matruchotii	43768	S	321	26	347	0.00003
Corynebacterium riegelii	156976	S	307	85	392	0.00003
Corynebacterium incognita	2754725	S	306	78	384	0.00003
Corynebacterium aquilae	203263	S	295	51	346	0.00003
Corynebacterium renale	1724	S	278	37	315	0.00002
Corynebacterium zhongnanshanii	2768834	S	268	42	310	0.00002
Corynebacterium endometrii	2488819	S	228	49	277	0.00002
Corynebacterium singulare	161899	S	224	214	438	0.00003
Corynebacterium kalinowskii	2675216	S	223	127	350	0.00003
Corynebacterium camporealensis	161896	S	222	62	284	0.00002
Corynebacterium flavescens	28028	S	220	71	291	0.00002
Corynebacterium urogenitale	2487892	S	220	45	265	0.00002
Corynebacterium cystitidis	35757	S	217	15	232	0.00002
Corynebacterium minutissimum	38301	S	195	200	395	0.00003
Corynebacterium lizhenjunii	2709394	S	188	37	225	0.00002
Corynebacterium phocae	161895	S	185	29	214	0.00002
Corynebacterium epidermidicanis	1050174	S	181	34	215	0.00002
Corynebacterium gerontici	2079234	S	180	40	220	0.00002
Corynebacterium diphtheriae	1717	S	180	327	507	0.00004
Corynebacterium simulans	146827	S	175	139	314	0.00002
Corynebacterium macginleyi	38290	S	174	46	220	0.00002
Corynebacterium propinquum	43769	S	146	68	214	0.00002
Corynebacterium ulcerans	65058	S	136	67	203	0.00002
Corynebacterium pelargi	1471400	S	136	48	184	0.00001
Corynebacterium argentoratense	42817	S	131	32	163	0.00001
Corynebacterium deserti	1408191	S	123	48	171	0.00001
Corynebacterium kefirresidentii	1979527	S	122	88	210	0.00002
Corynebacterium choanae	1862358	S	118	14	132	0.00001
Corynebacterium pseudodiphtheriticum	37637	S	113	39	152	0.00001
Corynebacterium pseudopelargi	2080757	S	112	41	153	0.00001
Corynebacterium glutamicum	1718	S	111	1546	1657	0.00012
Corynebacterium resistens	258224	S	108	68	176	0.00001
Corynebacterium stationis	1705	S	104	28	132	0.00001
Corynebacterium casei	160386	S	98	133	231	0.00002
Corynebacterium ammoniagenes	1697	S	90	21	111	0.00001
Corynebacterium mustelae	571915	S	90	8	98	0.00001
Corynebacterium accolens	38284	S	78	185	263	0.00002
Corynebacterium suranareeae	2506452	S	73	22	95	0.00001
Corynebacterium anserum	2684406	S	73	10	83	0.00001
Corynebacterium segmentosum	43990	S	69	164	233	0.00002
Corynebacterium pseudotuberculosis	1719	S	65	213	278	0.00002
Corynebacterium amycolatum	43765	S	60	453	513	0.00004
Corynebacterium hindlerae	699041	S	57	108	165	0.00001
Corynebacterium callunae	1721	S	56	20	76	0.00001
Corynebacterium rouxii	2719119	S	55	33	88	0.00001
Corynebacterium crudilactis	1652495	S	44	57	101	0.00001
Corynebacterium silvaticum	2320431	S	43	19	62	0.00000
Corynebacterium kutscheri	35755	S	21	3	24	0.00000
Gordonia sp. PP30	2935861	S	2057	672	2729	0.00020
Gordonia sp. YC-JH1	2059875	S	1465	1169	2634	0.00020
Gordonia sp. KTR9	337191	S	1363	316	1679	0.00012
Gordonia sp. PDNC005	2811424	S	1124	198	1322	0.00010
Gordonia sp. WA4-43	2878678	S	273	1007	1280	0.00009
Gordonia sp. JH63	2698900	S	162	543	705	0.00005
Gordonia sp. 135	2676309	S	105	726	831	0.00006
Gordonia sp. 1D	1737359	S	59	909	968	0.00007
Gordonia polyisoprenivorans	84595	S	3300	764	4064	0.00030
Gordonia terrae	2055	S	2190	1344	3534	0.00026
Gordonia insulae	2420509	S	1850	301	2151	0.00016
Gordonia amarae	36821	S	1687	393	2080	0.00015
Gordonia bronchialis	2054	S	1626	439	2065	0.00015
Gordonia phthalatica	1136941	S	1621	763	2384	0.00018
Gordonia iterans	1004901	S	1574	620	2194	0.00016
Gordonia jinghuaiqii	2758710	S	1465	335	1800	0.00013
Gordonia pseudoamarae	2831662	S	1444	317	1761	0.00013
Gordonia rubripertincta	36822	S	1369	886	2255	0.00017
Gordonia otitidis	249058	S	1337	256	1593	0.00012
Gordonia zhaorongruii	2597659	S	1018	218	1236	0.00009
Gordonia alkanivorans	84096	S	360	1382	1742	0.00013
Gordonia amicalis	89053	S	269	2001	2270	0.00017
Gordonia hongkongensis	1701090	S	242	782	1024	0.00008
Skermania piniformis	39122	S	1866	275	2141	0.00016
Tsukamurella paurometabola	2061	S	3128	1740	4868	0.00036
Tsukamurella tyrosinosolvens	57704	S	2829	1411	4240	0.00031
Tsukamurella pulmonis	47312	S	1847	756	2603	0.00019
Tsukamurella sp. PLM1	2929795	S	1821	678	2499	0.00019
Dietzia sp. oral taxon 368	712270	S	1160	2232	3392	0.00025
Dietzia psychralcaliphila	139021	S	1312	437	1749	0.00013
Dietzia lutea	546160	S	1128	738	1866	0.00014
Dietzia timorensis	499555	S	932	594	1526	0.00011
Tomitella gaofuii	2760083	S	2092	736	2828	0.00021
Tomitella fengzijianii	2597660	S	1746	663	2409	0.00018
Segniliparus rotundus	286802	S	1037	72	1109	0.00008
Lawsonella clevelandensis	1528099	S	185	26	211	0.00002
Micromonospora sp. WMMC415	2675222	S	7700	3309	11009	0.00082
Micromonospora sp. HM134	2583243	S	4610	2301	6911	0.00051
Micromonospora sp. WMMA2032	2039870	S	4538	3304	7842	0.00058
Micromonospora sp. B006	2201999	S	3604	3044	6648	0.00049
Micromonospora sp. L5	648999	S	367	4053	4420	0.00033
Micromonospora purpureochromogenes	47872	S	12156	7310	19466	0.00144
Micromonospora inositola	47865	S	8314	4646	12960	0.00096
Micromonospora echinaurantiaca	47857	S	7571	4160	11731	0.00087
Micromonospora terminaliae	1914461	S	7048	4032	11080	0.00082
Micromonospora krabiensis	307121	S	6994	2772	9766	0.00072
Micromonospora carbonacea	47853	S	6814	3492	10306	0.00076
Micromonospora viridifaciens	1881	S	6161	3049	9210	0.00068
Micromonospora echinofusca	47858	S	6128	3199	9327	0.00069
Micromonospora coriariae	285665	S	5855	2378	8233	0.00061
Micromonospora siamensis	299152	S	5531	3015	8546	0.00063
Micromonospora echinospora	1877	S	5479	2179	7658	0.00057
Micromonospora coxensis	356852	S	5379	3386	8765	0.00065
Micromonospora auratinigra	261654	S	5377	3199	8576	0.00064
Micromonospora maris	1003110	S	5124	1798	6922	0.00051
Micromonospora ferruginea	2749844	S	4994	3248	8242	0.00061
Micromonospora narathiwatensis	299146	S	4959	2620	7579	0.00056
Micromonospora sagamiensis	47875	S	4760	2072	6832	0.00051
Micromonospora endophytica (Xie et al. 2001) Li et al. 2019	515350	S	4745	1651	6396	0.00047
Micromonospora chokoriensis	356851	S	4576	1686	6262	0.00046
Micromonospora zamorensis	709883	S	4396	1604	6000	0.00044
Micromonospora rifamycinica	291594	S	4021	2037	6058	0.00045
Micromonospora craniellae	2294034	S	3476	2393	5869	0.00043
Micromonospora tulbaghiae	479978	S	2657	3079	5736	0.00042
Micromonospora aurantiaca	47850	S	2017	14171	16188	0.00120
Actinoplanes sp. L3-i22	2836373	S	13400	10004	23404	0.00173
Actinoplanes sp. N902-109	649831	S	11933	4120	16053	0.00119
Actinoplanes sp. OR16	946334	S	11063	5701	16764	0.00124
Actinoplanes friuliensis	196914	S	13540	2656	16196	0.00120
Actinoplanes ianthinogenes	122358	S	10598	4873	15471	0.00115
Actinoplanes derwentensis	113562	S	10558	1920	12478	0.00092
Actinoplanes missouriensis	1866	S	10348	3889	14237	0.00105
Actinoplanes teichomyceticus	1867	S	9421	4580	14001	0.00104
Phytohabitans suffuscus	624315	S	13390	3908	17298	0.00128
Phytohabitans flavus	1076124	S	11469	2539	14008	0.00104
Plantactinospora sp. KBS50	2024580	S	7167	2170	9337	0.00069
Plantactinospora sp. BC1	2108470	S	1703	4886	6589	0.00049
Plantactinospora sp. BB1	2071627	S	1612	4575	6187	0.00046
Catellatospora sp. IY07-71	2728827	S	16540	4656	21196	0.00157
Dactylosporangium vinaceum	53362	S	14859	2126	16985	0.00126
Actinocatenispora sera	390989	S	5921	2011	7932	0.00059
Actinocatenispora thailandica	227318	S	5886	1893	7779	0.00058
Couchioplanes caeruleus	56438	S	13129	4079	17208	0.00127
Polymorphospora rubra	338584	S	8372	2272	10644	0.00079
Natronosporangium hydrolyticum	2811111	S	5413	477	5890	0.00044
Verrucosispora sp. NA02020	2742132	S	3370	2900	6270	0.00046
Salinispora tropica	168695	S	2859	575	3434	0.00025
Pseudonocardia sp. DSM 110487	2865833	S	28379	5182	33561	0.00249
Pseudonocardia sp. CGMCC 4.1532	2761535	S	9420	6388	15808	0.00117
Pseudonocardia sp. HH130630-07	1690815	S	6833	2393	9226	0.00068
Pseudonocardia sp. AL041005-10	445576	S	5841	2566	8407	0.00062
Pseudonocardia sp. HH130629-09	1641402	S	4393	2129	6522	0.00048
Pseudonocardia sp. EC080625-04	1096868	S	172	4041	4213	0.00031
Pseudonocardia sp. EC080619-01	1096856	S	28	6030	6058	0.00045
Pseudonocardia sp. EC080610-09	1688404	S	21	1539	1560	0.00012
Pseudonocardia broussonetiae	2736640	S	13734	5644	19378	0.00144
Pseudonocardia dioxanivorans	240495	S	13081	4540	17621	0.00131
Pseudonocardia abyssalis	2792008	S	7386	4501	11887	0.00088
Pseudonocardia autotrophica	2074	S	7259	2493	9752	0.00072
Amycolatopsis sp. DSM 110486	2865832	S	7589	1853	9442	0.00070
Amycolatopsis sp. WQ 127309	2932773	S	6599	2260	8859	0.00066
Amycolatopsis sp. FDAARGOS 1241	2778070	S	6454	1721	8175	0.00061
Amycolatopsis sp. Hca4	2742131	S	5753	2553	8306	0.00062
Amycolatopsis sp. CA-230715	2745196	S	5665	1106	6771	0.00050
Amycolatopsis sp. YIM 10	2653857	S	5162	1880	7042	0.00052
Amycolatopsis sp. FU40	2914159	S	3354	1649	5003	0.00037
Amycolatopsis sp. AA4	1896961	S	3102	1779	4881	0.00036
Amycolatopsis sp. BJA-103	1911175	S	2863	1355	4218	0.00031
Amycolatopsis sp. TNS106	2861750	S	2217	1519	3736	0.00028
Amycolatopsis sp. EV170708-02-1	2919322	S	1711	1959	3670	0.00027
Amycolatopsis acidiphila	715473	S	7010	1929	8939	0.00066
Amycolatopsis mediterranei	33910	S	5767	4734	10501	0.00078
Amycolatopsis pretoriensis	218821	S	5587	2219	7806	0.00058
Amycolatopsis thermalba	944492	S	5036	2632	7668	0.00057
Amycolatopsis albispora	1804986	S	4971	3627	8598	0.00064
Amycolatopsis methanolica	1814	S	4827	2387	7214	0.00053
Amycolatopsis keratiniphila	129921	S	2740	2636	5376	0.00040
Amycolatopsis japonica	208439	S	1443	1559	3002	0.00022
Amycolatopsis aidingensis	2842453	S	4427	678	5105	0.00038
Amycolatopsis orientalis	31958	S	3059	1262	4321	0.00032
Saccharopolyspora erythraea	1836	S	9912	4190	14102	0.00104
Saccharopolyspora gregorii	33914	S	3597	944	4541	0.00034
Saccharopolyspora spinosa	60894	S	2461	1572	4033	0.00030
Saccharopolyspora pogona	333966	S	2278	2462	4740	0.00035
Saccharopolyspora sp. ASAGF58	2719023	S	1472	1762	3234	0.00024
Saccharothrix syringae	103733	S	7923	3514	11437	0.00085
Saccharothrix sp. 6-C	2781735	S	6668	2890	9558	0.00071
Saccharothrix espanaensis	103731	S	6249	2358	8607	0.00064
Saccharomonospora viridis	1852	S	3617	711	4328	0.00032
Saccharomonospora marina	632569	S	3386	1025	4411	0.00033
Saccharomonospora azurea	40988	S	2361	882	3243	0.00024
Saccharomonospora cyanea	40989	S	2338	1057	3395	0.00025
Saccharomonospora xinjiangensis	75294	S	1965	420	2385	0.00018
Saccharomonospora glauca	40990	S	1779	794	2573	0.00019
Kutzneria sp. CA-103260	2802641	S	8142	2279	10421	0.00077
Kutzneria albida	43357	S	5964	1786	7750	0.00057
Actinoalloteichus hoggarensis	1470176	S	2754	484	3238	0.00024
Actinoalloteichus hymeniacidonis	340345	S	2160	270	2430	0.00018
Actinoalloteichus sp. GBA129-24	1612551	S	132	1915	2047	0.00015
Actinoalloteichus fjordicus	1612552	S	89	1560	1649	0.00012
Actinosynnema pretiosum	42197	S	2637	5640	8277	0.00061
Actinosynnema mirum	40567	S	230	2314	2544	0.00019
Lentzea guizhouensis	1586287	S	7415	2028	9443	0.00070
Kibdelosporangium phytohabitans	860235	S	6060	951	7011	0.00052
Allokutzneria albata	211114	S	5528	1727	7255	0.00054
Alloactinosynnema sp. L-07	1653480	S	4968	1433	6401	0.00047
Prauserella marina	530584	S	2849	333	3182	0.00024
Allosaccharopolyspora coralli	2665642	S	2582	721	3303	0.00024
Nocardioides sp. G188	2849501	S	7812	3118	10930	0.00081
Nocardioides sp. JS614	196162	S	6930	2545	9475	0.00070
Nocardioides sp. LMS-CY	2840457	S	6511	2664	9175	0.00068
Nocardioides sp. zg-1228	2763008	S	5458	2954	8412	0.00062
Nocardioides sp. TF02-7	2917724	S	5340	2217	7557	0.00056
Nocardioides sp. HDW12B	2714939	S	5338	2285	7623	0.00056
Nocardioides sp. W7	2931390	S	5088	2128	7216	0.00053
Nocardioides sp. S-1144	2582905	S	4728	2285	7013	0.00052
Nocardioides sp. S5	2017486	S	4655	2826	7481	0.00055
Nocardioides sp. cx-173	2898796	S	4586	1957	6543	0.00048
Nocardioides sp. zg-579	2663857	S	4462	2775	7237	0.00054
Nocardioides sp. SCSIO 67246	2872154	S	4343	1456	5799	0.00043
Nocardioides sp. InS609-2	2760705	S	3902	1136	5038	0.00037
Nocardioides sp. 603	2483798	S	3760	2151	5911	0.00044
Nocardioides sp. CF8	110319	S	3488	1741	5229	0.00039
Nocardioides sp. MC1495	2736757	S	3465	1550	5015	0.00037
Nocardioides sp. zg-536	2803858	S	3147	1711	4858	0.00036
Nocardioides sp. JQ2195	2592334	S	2890	772	3662	0.00027
Nocardioides sp. WS12	2486272	S	2678	599	3277	0.00024
Nocardioides sp. ZJ1313	2685869	S	2652	3037	5689	0.00042
Nocardioides sp. dk884	2662361	S	2607	2970	5577	0.00041
Nocardioides sp. Kera G14	2884264	S	2497	683	3180	0.00024
Nocardioides mesophilus	433659	S	6496	2571	9067	0.00067
Nocardioides anomalus	2712223	S	5837	2260	8097	0.00060
Nocardioides ungokensis	1643322	S	5643	2499	8142	0.00060
Nocardioides euryhalodurans	2518370	S	5014	1959	6973	0.00052
Nocardioides humi	449461	S	4957	2059	7016	0.00052
Nocardioides okcheonensis	2894081	S	4923	2822	7745	0.00057
Nocardioides cynanchi	2558918	S	4635	1425	6060	0.00045
Nocardioides aromaticivorans	200618	S	4349	2073	6422	0.00048
Nocardioides dongkuii	2760089	S	4254	2622	6876	0.00051
Nocardioides aquaticus	160826	S	4027	1574	5601	0.00041
Nocardioides rotundus	1774216	S	3881	1940	5821	0.00043
Nocardioides marinisabuli	419476	S	3704	2545	6249	0.00046
Nocardioides sambongensis	2589074	S	3532	1310	4842	0.00036
Nocardioides dokdonensis	450734	S	3281	1856	5137	0.00038
Nocardioides panacisoli	627624	S	3089	995	4084	0.00030
Nocardioides houyundeii	2045452	S	3073	1200	4273	0.00032
Nocardioides seonyuensis	2518371	S	3056	1032	4088	0.00030
Nocardioides piscis	2714938	S	2725	1236	3961	0.00029
Nocardioides daphniae	402297	S	2319	1335	3654	0.00027
Nocardioides jishulii	2575440	S	2078	947	3025	0.00022
Nocardioides baekrokdamisoli	1804624	S	1441	240	1681	0.00012
Nocardioides yefusunii	2500546	S	1440	551	1991	0.00015
Aeromicrobium sp. Leaf245	1736306	S	2657	1065	3722	0.00028
Aeromicrobium sp. zg-629	2663859	S	1973	837	2810	0.00021
Aeromicrobium sp. A1-2	2107713	S	1951	359	2310	0.00017
Aeromicrobium choanae	1736691	S	2783	1087	3870	0.00029
Aeromicrobium erythreum	2041	S	2632	1027	3659	0.00027
Aeromicrobium chenweiae	2079793	S	2529	1082	3611	0.00027
Aeromicrobium marinum	219314	S	2342	679	3021	0.00022
Aeromicrobium yanjiei	2662028	S	2313	914	3227	0.00024
Friedmanniella luteola	546871	S	7016	1958	8974	0.00066
Pimelobacter simplex	2045	S	4498	2212	6710	0.00050
Marmoricola scoriae	642780	S	4277	2160	6437	0.00048
Mumia sp. ZJ1417	2708082	S	3380	799	4179	0.00031
Micropruina glycogenica	75385	S	2485	501	2986	0.00022
Microlunatus sagamiharensis	546874	S	5252	1717	6969	0.00052
Microlunatus phosphovorus	29405	S	4296	723	5019	0.00037
Microlunatus soli	630515	S	3439	521	3960	0.00029
Microlunatus elymi	2596828	S	3225	562	3787	0.00028
Microlunatus sp. Gsoil 973	2672569	S	2826	347	3173	0.00024
Tessaracoccus sp. J1M15	2829499	S	1815	665	2480	0.00018
Tessaracoccus sp. MC1865	2760310	S	1500	464	1964	0.00015
Tessaracoccus defluvii	1285901	S	2068	1513	3581	0.00027
Tessaracoccus aquimaris	1332264	S	1715	965	2680	0.00020
Tessaracoccus flavescens	399497	S	1511	1338	2849	0.00021
Tessaracoccus flavus	1610493	S	1489	1195	2684	0.00020
Tessaracoccus timonensis	2161816	S	970	521	1491	0.00011
Brevilactibacter coleopterorum	2714937	S	2923	1735	4658	0.00035
Brevilactibacter sp. MC1595	2819349	S	2784	1447	4231	0.00031
Acidipropionibacterium jensenii	1749	S	1771	1430	3201	0.00024
Acidipropionibacterium acidipropionici	1748	S	1678	1239	2917	0.00022
Acidipropionibacterium virtanenii	2057246	S	1227	310	1537	0.00011
Propionibacterium acidifaciens	556499	S	1745	475	2220	0.00016
Propionibacterium australiense	119981	S	1451	293	1744	0.00013
Propionibacterium freudenreichii	1744	S	1423	1828	3251	0.00024
Auraticoccus monumenti	675864	S	3944	983	4927	0.00036
Cutibacterium avidum	33010	S	1174	471	1645	0.00012
Cutibacterium granulosum	33011	S	650	182	832	0.00006
Cutibacterium acnes	1747	S	440	167	607	0.00005
Cutibacterium modestum	2559073	S	246	51	297	0.00002
Arachnia propionica	1750	S	1480	218	1698	0.00013
Arachnia rubra	1547448	S	879	118	997	0.00007
Raineyella fluvialis	2662261	S	2382	430	2812	0.00021
Vaginimicrobium propionicum	1871034	S	111	54	165	0.00001
Kribbella flavida	182640	S	9332	2748	12080	0.00089
Kribbella qitaiheensis	1544730	S	7411	1452	8863	0.00066
Actinopolymorpha singaporensis	117157	S	5879	900	6779	0.00050
Nonomuraea nitratireducens	2656914	S	11332	3176	14508	0.00107
Nonomuraea sp. ATCC 55076	1909395	S	10452	4189	14641	0.00108
Nonomuraea gerenzanensis	93944	S	10195	4265	14460	0.00107
Nonomuraea coxensis	404386	S	9495	3603	13098	0.00097
Streptosporangium roseum	2001	S	8489	3018	11507	0.00085
Streptosporangium sp. 'caverna'	2202249	S	7937	2221	10158	0.00075
Thermobispora bispora	2006	S	5198	1584	6782	0.00050
Actinomadura sp. NAK00032	2742128	S	7460	3512	10972	0.00081
Actinomadura sp. WMMB 499	1219491	S	7240	2310	9550	0.00071
Actinomadura sp. WMMA1423	2591108	S	7108	2816	9924	0.00073
Actinomadura madurae	1993	S	9492	3864	13356	0.00099
Actinomadura verrucosospora	46165	S	8114	3337	11451	0.00085
Actinomadura graeca	2750812	S	6368	1993	8361	0.00062
Thermomonospora amylolytica	1411117	S	6670	3278	9948	0.00074
Thermomonospora curvata	2020	S	4762	1835	6597	0.00049
Nocardiopsis sp. MT53	2865672	S	4352	1367	5719	0.00042
Nocardiopsis sp. HDS12	2831968	S	1297	1464	2761	0.00020
Nocardiopsis gilva	280236	S	3290	890	4180	0.00031
Nocardiopsis alba	53437	S	2395	579	2974	0.00022
Nocardiopsis dassonvillei	2014	S	2269	2802	5071	0.00038
Thermobifida alba	53522	S	2826	1369	4195	0.00031
Thermobifida fusca	2021	S	2723	579	3302	0.00024
Thermobifida halotolerans	483545	S	2624	1055	3679	0.00027
Streptomonospora litoralis	2498135	S	3910	1022	4932	0.00037
Spiractinospora alimapuensis	2820884	S	2426	214	2640	0.00020
Geodermatophilus obscurus	1861	S	42673	17542	60215	0.00446
Blastococcus sp. PRF04-17	2933797	S	20590	8783	29373	0.00218
Blastococcus saxobsidens	138336	S	16264	6155	22419	0.00166
Modestobacter marinus	477641	S	15561	6638	22199	0.00164
Modestobacter sp. L9-4	2851567	S	8964	4242	13206	0.00098
Frankia inefficax	298654	S	10767	1669	12436	0.00092
Frankia sp. QA3	710111	S	3816	1841	5657	0.00042
Frankia sp. ArI3	1858	S	2915	2186	5101	0.00038
Candidatus Frankia datiscae	2716812	S	4353	719	5072	0.00038
Frankia casuarinae	106370	S	3682	500	4182	0.00031
Frankia alni	1859	S	3200	2490	5690	0.00042
Actinomyces sp. oral taxon 414	712122	S	1372	342	1714	0.00013
Actinomyces sp. MAS-1	2755559	S	1028	244	1272	0.00009
Actinomyces sp. Z16	2079536	S	732	281	1013	0.00008
Actinomyces sp. Chiba101	1851395	S	645	329	974	0.00007
Actinomyces sp. 432	2057798	S	598	150	748	0.00006
Actinomyces sp. oral taxon 171	706438	S	400	341	741	0.00005
Actinomyces sp. oral taxon 169	712116	S	199	366	565	0.00004
Actinomyces sp. oral taxon 897	2081702	S	143	447	590	0.00004
Actinomyces sp. HMT897	2789424	S	139	426	565	0.00004
Actinomyces sp. HMT 175	2789425	S	118	484	602	0.00004
Actinomyces sp. zg-332	2708340	S	18	4	22	0.00000
Actinomyces radicidentis	111015	S	1504	786	2290	0.00017
Actinomyces howellii	52771	S	1375	264	1639	0.00012
Actinomyces respiraculi	2744574	S	969	276	1245	0.00009
Actinomyces slackii	52774	S	926	188	1114	0.00008
Actinomyces procaprae	2560010	S	800	314	1114	0.00008
Actinomyces weissii	675090	S	642	154	796	0.00006
Actinomyces faecalis	2722820	S	638	112	750	0.00006
Actinomyces viscosus	1656	S	634	287	921	0.00007
Actinomyces qiguomingii	2057800	S	620	96	716	0.00005
Actinomyces naeslundii	1655	S	497	311	808	0.00006
Actinomyces oris	544580	S	490	1417	1907	0.00014
Actinomyces wuliandei	2057743	S	487	139	626	0.00005
Actinomyces marmotae	2737173	S	431	259	690	0.00005
Actinomyces gaoshouyii	1960083	S	415	230	645	0.00005
Actinomyces lilanjuaniae	2321394	S	378	98	476	0.00004
Actinomyces trachealis	2763540	S	295	65	360	0.00003
Actinomyces pacaensis	1852377	S	122	18	140	0.00001
Schaalia sp. 19OD2882	2794089	S	647	107	754	0.00006
Schaalia sp. JY-X169	2758572	S	224	10	234	0.00002
Schaalia sp. ZJ405	2709403	S	170	19	189	0.00001
Schaalia odontolytica	1660	S	833	235	1068	0.00008
Schaalia meyeri	52773	S	524	109	633	0.00005
Schaalia cardiffensis	181487	S	280	49	329	0.00002
Schaalia turicensis	131111	S	110	141	251	0.00002
Flaviflexus salsibiostraticola	1282737	S	766	267	1033	0.00008
Flaviflexus sp. dk850	2758573	S	459	216	675	0.00005
Flaviflexus ciconiae	2496867	S	320	53	373	0.00003
Trueperella pecoris	2733571	S	665	238	903	0.00007
Trueperella pyogenes	1661	S	444	311	755	0.00006
Trueperella bialowiezensis	312285	S	305	20	325	0.00002
Pauljensenia hongkongensis	178339	S	745	329	1074	0.00008
Nanchangia anserum	2692125	S	729	102	831	0.00006
Actinobaculum sp. 313	2495645	S	305	21	326	0.00002
Actinotignum schaalii	59505	S	245	21	266	0.00002
Changpingibacter yushuensis	2758440	S	216	81	297	0.00002
Arcanobacterium haemolyticum	28264	S	73	43	116	0.00001
Arcanobacterium phocae	131112	S	51	21	72	0.00001
Arcanobacterium phocisimile	1302235	S	31	12	43	0.00000
Arcanobacterium sp. 2701	2722751	S	31	10	41	0.00000
Mobiluncus curtisii	2051	S	143	53	196	0.00001
Varibaculum sp. EMRHCC_39	2811781	S	83	32	115	0.00001
Boudabousia tangfeifanii	1912795	S	62	6	68	0.00001
Fannyhessea vaginae	82135	S	59	21	80	0.00001
Jiangella alkaliphila	419479	S	8526	3016	11542	0.00085
Jiangella sp. DSM 45060	1798224	S	8140	2999	11139	0.00082
Bifidobacterium pseudolongum	1694	S	1005	379	1384	0.00010
Bifidobacterium choerinum	35760	S	966	497	1463	0.00011
Bifidobacterium longum	216816	S	913	1142	2055	0.00015
Bifidobacterium scardovii	158787	S	820	77	897	0.00007
Bifidobacterium bifidum	1681	S	668	218	886	0.00007
Bifidobacterium pullorum	78448	S	606	269	875	0.00006
Bifidobacterium animalis	28025	S	542	525	1067	0.00008
Bifidobacterium subtile	77635	S	519	92	611	0.00005
Bifidobacterium asteroides	1684	S	492	16	508	0.00004
Bifidobacterium adolescentis	1680	S	429	62	491	0.00004
Bifidobacterium thermophilum	33905	S	348	95	443	0.00003
Bifidobacterium breve	1685	S	340	5512	5852	0.00043
Bifidobacterium eulemuris	1765219	S	319	29	348	0.00003
Bifidobacterium lemurum	1603886	S	288	30	318	0.00002
Bifidobacterium actinocoloniiforme	638619	S	269	10	279	0.00002
Bifidobacterium dentium	1689	S	264	14	278	0.00002
Bifidobacterium angulatum	1683	S	220	49	269	0.00002
Bifidobacterium catenulatum	1686	S	171	111	282	0.00002
Bifidobacterium pseudocatenulatum	28026	S	170	59	229	0.00002
Bifidobacterium imperatoris	2020965	S	75	13	88	0.00001
Bifidobacterium saguini	762210	S	72	8	80	0.00001
Bifidobacterium coryneforme	1687	S	35	9	44	0.00000
Bifidobacterium indicum	1691	S	23	5	28	0.00000
Parascardovia denticolens	78258	S	234	48	282	0.00002
Gardnerella vaginalis	2702	S	36	70	106	0.00001
Scardovia inopinata	78259	S	45	20	65	0.00000
Nakamurella multipartita	53461	S	6044	1494	7538	0.00056
Nakamurella panacisegetis	1090615	S	2743	486	3229	0.00024
Nakamurella sp. PAMC28650	2762325	S	2534	344	2878	0.00021
Nakamurella antarctica	1902245	S	463	44	507	0.00004
Catenulispora acidiphila	304895	S	6226	1194	7420	0.00055
Jatrophihabitans sp. GAS493	1907575	S	2679	323	3002	0.00022
Jatrophihabitans telluris	2038343	S	2477	284	2761	0.00020
Stackebrandtia nassauensis	283811	S	3990	485	4475	0.00033
Natronoglycomyces albus	2811108	S	710	33	743	0.00006
Kineococcus radiotolerans	131568	S	3747	1359	5106	0.00038
Epidermidibacterium keratini	1891644	S	2328	1492	3820	0.00028
Actinopolyspora erythraea	414996	S	2063	277	2340	0.00017
Acidothermus cellulolyticus	28049	S	1713	111	1824	0.00014
Candidatus Planktophila versatilis	1884905	S	97	21	118	0.00001
Candidatus Planktophila lacus	1884913	S	77	11	88	0.00001
Candidatus Planktophila sulfonica	1884904	S	56	17	73	0.00001
Candidatus Planktophila dulcis	1884914	S	34	20	54	0.00000
Candidatus Planktophila vernalis	1884907	S	30	6	36	0.00000
Candidatus Planktophila limnetica	573600	S	29	4	33	0.00000
Candidatus Nanopelagicus hibericus	1884915	S	17	19	36	0.00000
Rubrobacter tropicus	2653851	S	28321	2432	30753	0.00228
Rubrobacter xylanophilus	49319	S	26520	4126	30646	0.00227
Rubrobacter marinus	2653852	S	17824	1822	19646	0.00145
Rubrobacter radiotolerans	42256	S	6620	998	7618	0.00056
Rubrobacter indicoceani	2051957	S	3545	322	3867	0.00029
Baekduia soli	496014	S	19683	3965	23648	0.00175
Conexibacter sp. SYSU D00693	2812560	S	22652	6493	29145	0.00216
Conexibacter sp. DBS9H8	2937801	S	6425	722	7147	0.00053
Conexibacter sp. S30A1	2937800	S	6394	796	7190	0.00053
Conexibacter woesei	191495	S	28730	6075	34805	0.00258
Miltoncostaea marina	2843215	S	10156	2931	13087	0.00097
Miltoncostaea oceani	2843216	S	9733	1676	11409	0.00084
Aquihabitans sp. G128	2849779	S	15151	3542	18693	0.00138
Aquihabitans sp. Kera 3	2884263	S	13597	2577	16174	0.00120
Iamia sp. SCSIO 61187	2722752	S	16487	3049	19536	0.00145
Actinomarinicola tropica	2789776	S	14302	3269	17571	0.00130
Ilumatobacter coccineus	467094	S	6171	443	6614	0.00049
Acidimicrobium ferrooxidans	53635	S	1963	178	2141	0.00016
Eggerthella lenta	84112	S	1081	909	1990	0.00015
Eggerthella guodeyinii	2690837	S	935	467	1402	0.00010
Eggerthella sp. YY7918	502558	S	186	93	279	0.00002
Gordonibacter urolithinfaciens	1335613	S	571	482	1053	0.00008
Gordonibacter pamelaeae	471189	S	434	495	929	0.00007
Arabiibacter massiliensis	1870985	S	1140	269	1409	0.00010
Adlercreutzia equolifaciens	446660	S	447	268	715	0.00005
Adlercreutzia hattorii	2707299	S	283	372	655	0.00005
Raoultibacter timonensis	1907662	S	670	63	733	0.00005
Berryella intestinalis	1531429	S	542	717	1259	0.00009
Slackia heliotrinireducens	84110	S	479	17	496	0.00004
Denitrobacterium detoxificans	79604	S	314	155	469	0.00003
Phoenicibacter congonensis	1944646	S	62	32	94	0.00001
Cryptobacterium curtum	84163	S	53	7	60	0.00000
Olsenella timonensis	1805478	S	1064	374	1438	0.00011
Olsenella uli	133926	S	585	68	653	0.00005
Olsenella sp. oral taxon 807	712411	S	415	27	442	0.00003
Parolsenella massiliensis	1871022	S	489	295	784	0.00006
Parolsenella catena	2003188	S	474	303	777	0.00006
Thermophilibacter immobilis	2779519	S	707	322	1029	0.00008
Parafannyhessea umbonata	604330	S	625	436	1061	0.00008
Atopobium sp. oral taxon 416	712157	S	179	22	201	0.00001
Lancefieldella parvula	1382	S	49	6	55	0.00000
Collinsella aerofaciens	74426	S	890	522	1412	0.00010
Collinsella stercoris	147206	S	576	96	672	0.00005
Collinsella sp. zg1085	2844380	S	56	3	59	0.00000
Coriobacterium glomerans	33871	S	443	17	460	0.00003
Egicoccus halophilus	1670830	S	5202	962	6164	0.00046
Euzebya pacifica	1608957	S	4898	490	5388	0.00040
Egibacter rhizosphaerae	1670831	S	4606	329	4935	0.00037
Priestia megaterium	1404	S	11408	16182	27590	0.00204
Priestia filamentosa	1402861	S	446	75	521	0.00004
Priestia aryabhattai	412384	S	254	1327	1581	0.00012
Priestia flexa	86664	S	84	34	118	0.00001
Priestia koreensis	284581	S	52	24	76	0.00001
Priestia sp. J2	2886505	S	18	151	169	0.00001
[Brevibacterium] frigoritolerans	450367	S	2781	1271	4052	0.00030
Bacillus sp. Y1	352858	S	571	288	859	0.00006
Bacillus sp. S3	486398	S	439	167	606	0.00004
Bacillus sp. 1NLA3E	666686	S	371	172	543	0.00004
Bacillus sp. OxB-1	98228	S	145	47	192	0.00001
Bacillus sp. FJAT-18017	1705566	S	144	50	194	0.00001
Bacillus sp. FJAT-22090	1581038	S	121	43	164	0.00001
Bacillus sp. NSP9.1	1071078	S	109	11	120	0.00001
Bacillus sp. FJAT-42376	2014076	S	103	50	153	0.00001
Bacillus sp. KH172YL63	2709784	S	88	40	128	0.00001
Bacillus sp. SB49	1071080	S	86	19	105	0.00001
Bacillus sp. THAF10	2587848	S	65	28	93	0.00001
Bacillus sp. PAMC26568	2760090	S	64	8	72	0.00001
Bacillus sp. JY-23	2933872	S	62	31	93	0.00001
Bacillus sp. M4U3P1	2592382	S	51	8	59	0.00000
Bacillus sp. N1-1	2682541	S	38	45	83	0.00001
Bacillus sp. Cs-700	2589818	S	17	21	38	0.00000
Bacillus sp. COPE52	2233998	S	14	21	35	0.00000
Bacillus sp. NP247	2846779	S	12	23	35	0.00000
Bacillus cereus	1396	S	251	7862	8113	0.00060
Bacillus mycoides	1405	S	142	279	421	0.00003
Bacillus thuringiensis	1428	S	136	9966	10102	0.00075
Bacillus pseudomycoides	64104	S	115	67	182	0.00001
Bacillus toyonensis	155322	S	103	1132	1235	0.00009
Bacillus cytotoxicus	580165	S	48	41	89	0.00001
Bacillus wiedmannii	1890302	S	33	69	102	0.00001
Bacillus luti	2026191	S	22	29	51	0.00000
Bacillus anthracis	1392	S	19	1895	1914	0.00014
Bacillus nitratireducens	2026193	S	14	31	45	0.00000
Bacillus velezensis	492670	S	92	2161	2253	0.00017
Bacillus amyloliquefaciens	1390	S	58	1538	1596	0.00012
Bacillus siamensis	659243	S	21	85	106	0.00001
Bacillus paralicheniformis	1648923	S	159	450	609	0.00005
Bacillus mojavensis	72360	S	93	148	241	0.00002
Bacillus halotolerans	260554	S	36	123	159	0.00001
Bacillus subtilis	1423	S	130	7718	7848	0.00058
Bacillus vallismortis	72361	S	60	97	157	0.00001
Bacillus atrophaeus	1452	S	48	108	156	0.00001
Bacillus licheniformis	1402	S	43	446	489	0.00004
Bacillus tequilensis	227866	S	37	44	81	0.00001
Bacillus safensis	561879	S	286	656	942	0.00007
Bacillus glycinifermentans	1664069	S	203	88	291	0.00002
Bacillus dafuensis	1742359	S	160	76	236	0.00002
Bacillus infantis	324767	S	130	48	178	0.00001
Bacillus methanolicus	1471	S	116	82	198	0.00001
Bacillus pumilus	1408	S	111	137	248	0.00002
Bacillus badius	1455	S	101	53	154	0.00001
Bacillus smithii	1479	S	87	63	150	0.00001
Bacillus gobiensis	1441095	S	82	32	114	0.00001
Bacillus aquiflavi	2672567	S	75	26	101	0.00001
Bacillus altitudinis	293387	S	55	295	350	0.00003
Bacillus shivajii	1983719	S	58	11	69	0.00001
Bacillus fonticola	2728853	S	56	20	76	0.00001
Bacillus weihaiensis	1547283	S	53	24	77	0.00001
Bacillus cabrialesii	2487276	S	32	41	73	0.00001
Bacillus rugosus	2715209	S	22	29	51	0.00000
Metabacillus sp. KUDC1714	2745198	S	2302	1036	3338	0.00025
Metabacillus sp. cB07	2806989	S	101	51	152	0.00001
Metabacillus sp. B2-18	2897333	S	27	41	68	0.00001
Metabacillus sediminilitoris	2567941	S	1039	509	1548	0.00011
Metabacillus dongyingensis	2874282	S	868	402	1270	0.00009
Metabacillus litoralis	152268	S	54	60	114	0.00001
Metabacillus endolithicus	1535204	S	40	52	92	0.00001
Geobacillus subterraneus	129338	S	535	375	910	0.00007
Geobacillus genomosp. 3	1921421	S	268	94	362	0.00003
Geobacillus stearothermophilus	1422	S	242	297	539	0.00004
Geobacillus sp. 46C-IIa	1963025	S	106	50	156	0.00001
Geobacillus sp. Y412MC52	550542	S	20	56	76	0.00001
Geobacillus sp. JS12	1813182	S	20	54	74	0.00001
Geobacillus sp. C56-T3	691437	S	16	54	70	0.00001
Geobacillus sp. GHH01	1233873	S	13	101	114	0.00001
Geobacillus thermocatenulatus	33938	S	103	96	199	0.00001
Geobacillus thermoleovorans	33941	S	30	1191	1221	0.00009
Geobacillus kaustophilus	1462	S	17	117	134	0.00001
Geobacillus thermodenitrificans	33940	S	30	172	202	0.00001
Geobacillus zalihae	213419	S	18	99	117	0.00001
Hydrogenibacillus sp. N12	2866627	S	1559	250	1809	0.00013
Sutcliffiella cohnii	33932	S	1345	766	2111	0.00016
Sutcliffiella horikoshii	79883	S	186	66	252	0.00002
Peribacillus simplex	1478	S	1068	900	1968	0.00015
Peribacillus asahii	228899	S	157	103	260	0.00002
Peribacillus butanolivorans	421767	S	126	51	177	0.00001
Peribacillus muralis	264697	S	87	26	113	0.00001
Peribacillus psychrosaccharolyticus	1407	S	58	27	85	0.00001
Neobacillus drentensis	220684	S	1091	631	1722	0.00013
Neobacillus mesonae	1193713	S	245	108	353	0.00003
Anoxybacillus sediminis	2613334	S	778	234	1012	0.00007
Anoxybacillus sp. PDR2	1636720	S	11	80	91	0.00001
Anoxybacillus flavithermus	33934	S	80	113	193	0.00001
Anoxybacillus amylolyticus	294699	S	75	23	98	0.00001
Anoxybacillus caldiproteolyticus	247480	S	52	15	67	0.00001
Cytobacillus oceanisediminis	665099	S	223	163	386	0.00003
Cytobacillus ciccensis	1670641	S	131	64	195	0.00001
Cytobacillus firmus	1399	S	117	79	196	0.00001
Cytobacillus sp. CY-G	2901381	S	94	44	138	0.00001
Cytobacillus gottheilii	859144	S	83	36	119	0.00001
Cytobacillus kochii	859143	S	61	24	85	0.00001
Mesobacillus jeotgali	129985	S	256	121	377	0.00003
Mesobacillus sp. S13	2880221	S	189	99	288	0.00002
Mesobacillus foraminis	279826	S	181	63	244	0.00002
Alkalihalobacillus clausii	79880	S	458	102	560	0.00004
Alkalihalobacillus krulwichiae	199441	S	68	26	94	0.00001
Alkalihalobacillus sp. LMS39	2924032	S	33	9	42	0.00000
Alkalihalobacillus lehensis	300825	S	26	7	33	0.00000
Alkalihalobacillus miscanthi	2598861	S	26	8	34	0.00000
Parageobacillus thermoglucosidasius	1426	S	121	95	216	0.00002
Parageobacillus caldoxylosilyticus	81408	S	108	58	166	0.00001
Parageobacillus genomosp. 1	1295642	S	97	45	142	0.00001
Parageobacillus sp. KH3-4	2916802	S	88	48	136	0.00001
Parageobacillus toebii	153151	S	84	58	142	0.00001
Lysinibacillus sp. SGAir0095	2070463	S	86	49	135	0.00001
Lysinibacillus sp. PLM2	2929796	S	48	27	75	0.00001
Lysinibacillus sp. CD3-6	2892541	S	27	16	43	0.00000
Lysinibacillus sp. Ag94	2936682	S	27	5	32	0.00000
Lysinibacillus sp. 2017	2169540	S	25	15	40	0.00000
Lysinibacillus timonensis	2086577	S	47	32	79	0.00001
Lysinibacillus fusiformis	28031	S	46	67	113	0.00001
Lysinibacillus sphaericus	1421	S	28	47	75	0.00001
Lysinibacillus agricola	2590012	S	23	9	32	0.00000
Lysinibacillus parviboronicapiens	436516	S	20	9	29	0.00000
Salicibibacter halophilus	2502791	S	176	38	214	0.00002
Salicibibacter cibarius	2743000	S	108	20	128	0.00001
Salicibibacter kimchii	2099786	S	87	8	95	0.00001
Salicibibacter cibi	2743001	S	73	10	83	0.00001
Alkalihalophilus pseudofirmus	79885	S	471	109	580	0.00004
Virgibacillus sp. NKC19-16	2831673	S	67	7	74	0.00001
Virgibacillus sp. MSP4-1	2700081	S	49	13	62	0.00000
Virgibacillus sp. Bac332	2419842	S	44	6	50	0.00000
Virgibacillus sp. SK37	403957	S	31	36	67	0.00000
Virgibacillus halodenitrificans	1482	S	56	47	103	0.00001
Virgibacillus necropolis	163877	S	50	9	59	0.00000
Virgibacillus phasianinus	2017483	S	47	8	55	0.00000
Virgibacillus dokdonensis	302167	S	15	20	35	0.00000
Rossellomorea marisflavi	189381	S	244	127	371	0.00003
Rossellomorea vietnamensis	218284	S	68	35	103	0.00001
Weizmannia coagulans	1398	S	313	167	480	0.00004
Halobacillus sp. SSBR10-3	2932257	S	74	12	86	0.00001
Halobacillus sp. SSTM10-2	2932258	S	46	11	57	0.00000
Halobacillus sp. SSHM10-5	2932259	S	44	12	56	0.00000
Halobacillus halophilus	1570	S	61	10	71	0.00001
Halobacillus litoralis	45668	S	42	8	50	0.00000
Halobacillus mangrovi	402384	S	33	6	39	0.00000
Terribacillus goriensis	386490	S	264	55	319	0.00002
Terribacillus aidingensis	586416	S	31	6	37	0.00000
Niallia sp. Man26	2912824	S	143	44	187	0.00001
Niallia circulans	1397	S	138	53	191	0.00001
Oceanobacillus kimchii	746691	S	135	25	160	0.00001
Oceanobacillus zhaokaii	2052660	S	79	20	99	0.00001
Oceanobacillus iheyensis	182710	S	28	9	37	0.00000
Salisediminibacterium selenitireducens	85683	S	140	26	166	0.00001
Salisediminibacterium beveridgei	632773	S	97	18	115	0.00001
Fictibacillus arsenicus	255247	S	146	34	180	0.00001
Fictibacillus phosphorivorans	1221500	S	49	11	60	0.00000
Caldalkalibacillus thermarum	296745	S	193	47	240	0.00002
Lentibacillus sp. CBA3610	2518176	S	89	8	97	0.00001
Lentibacillus amyloliquefaciens	1472767	S	72	10	82	0.00001
Heyndrickxia vini	1476025	S	78	30	108	0.00001
Heyndrickxia oleronia	38875	S	72	35	107	0.00001
Caldibacillus thermoamylovorans	35841	S	131	59	190	0.00001
Gracilibacillus sp. SSWR10-1	2932256	S	35	8	43	0.00000
Gracilibacillus sp. SSPM10-3	2932255	S	33	7	40	0.00000
Gracilibacillus salitolerans	2663022	S	53	8	61	0.00000
Salimicrobium jeotgali	1230341	S	96	19	115	0.00001
Psychrobacillus sp. INOP01	2829187	S	41	17	58	0.00000
Psychrobacillus glaciei	2283160	S	45	20	65	0.00000
Halalkalibacterium halodurans	86665	S	80	76	156	0.00001
Aeribacillus pallidus	33936	S	79	47	126	0.00001
Gottfriedia acidiceleris	371036	S	73	28	101	0.00001
Sediminibacillus sp. DP4-553-S	2729421	S	69	15	84	0.00001
Radiobacillus sp. 80	2844358	S	41	11	52	0.00000
Radiobacillus deserti	2594883	S	23	6	29	0.00000
Pontibacillus sp. ALD_SL1	2777185	S	34	5	39	0.00000
Pontibacillus sp. HMF3514	2692425	S	31	6	37	0.00000
Anaerobacillus isosaccharinicus	1532552	S	57	17	74	0.00001
Evansella cellulosilytica	1413	S	56	11	67	0.00000
Pradoshia sp. D12	2651284	S	53	21	74	0.00001
Lederbergia lenta	1467	S	47	15	62	0.00000
Mangrovibacillus cuniculi	2593652	S	39	28	67	0.00000
Amphibacillus xylanus	1449	S	39	9	48	0.00000
Paraliobacillus zengyii	2213194	S	26	5	31	0.00000
Paenibacillus sp. B01	2660554	S	1745	623	2368	0.00018
Paenibacillus sp. RUD330	2023772	S	1053	137	1190	0.00009
Paenibacillus sp. 32O-W	1695218	S	874	101	975	0.00007
Paenibacillus sp. R14(2021)	2859228	S	460	78	538	0.00004
Paenibacillus sp. H1-7	2282849	S	418	46	464	0.00003
Paenibacillus sp. sptzw28	715179	S	332	36	368	0.00003
Paenibacillus sp. JZ16	1906272	S	319	93	412	0.00003
Paenibacillus sp. URB8-2	2741301	S	293	79	372	0.00003
Paenibacillus sp. FSL R7-0273	1536772	S	257	61	318	0.00002
Paenibacillus sp. FSL H7-0357	1536774	S	243	39	282	0.00002
Paenibacillus sp. PK3_47	2072642	S	240	41	281	0.00002
Paenibacillus sp. YPD9-1	2908839	S	239	37	276	0.00002
Paenibacillus sp. HWE-109	1306526	S	235	24	259	0.00002
Paenibacillus sp. PAMC21692	2762320	S	229	210	439	0.00003
Paenibacillus sp. FSL R7-0331	1536773	S	205	50	255	0.00002
Paenibacillus sp. BIHB4019	1870819	S	194	18	212	0.00002
Paenibacillus sp. CAA11	1532905	S	135	32	167	0.00001
Paenibacillus sp. YPG26	2878915	S	113	27	140	0.00001
Paenibacillus sp. FSL R5-0912	1536771	S	110	85	195	0.00001
Paenibacillus sp. Y412MC10	481743	S	108	320	428	0.00003
Paenibacillus sp. 19GGS1-52	2758563	S	108	13	121	0.00001
Paenibacillus sp. 481	2835869	S	104	12	116	0.00001
Paenibacillus sp. FSL P4-0081	1536769	S	99	81	180	0.00001
Paenibacillus sp. IHB B 3084	867076	S	91	57	148	0.00001
Paenibacillus sp. JNUCC-31	2777983	S	79	27	106	0.00001
Paenibacillus sp. JNUCC-32	2777984	S	73	227	300	0.00002
Paenibacillus sp. E222	2748863	S	72	30	102	0.00001
Paenibacillus sp. DCT19	2211212	S	64	13	77	0.00001
Paenibacillus sp. IHBB 10380	1566358	S	45	10	55	0.00000
Paenibacillus sp. N3/727	2925845	S	43	57	100	0.00001
Paenibacillus sp. FSL H7-0737	1536775	S	38	17	55	0.00000
Paenibacillus sp. FSL R5-0345	1536770	S	29	12	41	0.00000
Paenibacillus sp. Cedars	1980674	S	19	118	137	0.00001
Paenibacillus sp. lzh-N1	2069255	S	10	181	191	0.00001
Paenibacillus mucilaginosus	61624	S	2015	172	2187	0.00016
Paenibacillus albicereus	2726185	S	1531	503	2034	0.00015
Paenibacillus lycopersici	2704462	S	1225	180	1405	0.00010
Paenibacillus rhizovicinus	2704463	S	709	113	822	0.00006
Paenibacillus konkukensis	2020716	S	640	82	722	0.00005
Paenibacillus dendritiformis	130049	S	629	124	753	0.00006
Paenibacillus macerans	44252	S	613	67	680	0.00005
Paenibacillus beijingensis	1126833	S	590	82	672	0.00005
Paenibacillus cellulositrophicus	562959	S	574	68	642	0.00005
Paenibacillus durus	44251	S	530	220	750	0.00006
Paenibacillus chitinolyticus	79263	S	481	70	551	0.00004
Paenibacillus stellifer	169760	S	452	95	547	0.00004
Paenibacillus thiaminolyticus	49283	S	405	79	484	0.00004
Paenibacillus ihbetae	1870820	S	401	67	468	0.00003
Paenibacillus cellulosilyticus	375489	S	367	56	423	0.00003
Paenibacillus xylanilyticus	248903	S	309	77	386	0.00003
Paenibacillus sabinae	365617	S	307	87	394	0.00003
Paenibacillus naphthalenovorans	162209	S	306	52	358	0.00003
Paenibacillus albus	2495582	S	293	48	341	0.00003
Paenibacillus donghaensis	414771	S	291	36	327	0.00002
Paenibacillus protaetiae	2509456	S	253	45	298	0.00002
Paenibacillus riograndensis	483937	S	98	79	177	0.00001
Paenibacillus sonchi	373687	S	85	150	235	0.00002
Paenibacillus algicola	2565926	S	240	47	287	0.00002
Paenibacillus polymyxa	1406	S	236	945	1181	0.00009
Paenibacillus azoreducens	116718	S	231	32	263	0.00002
Paenibacillus sophorae	1333845	S	219	87	306	0.00002
Paenibacillus agaridevorans	171404	S	209	260	469	0.00003
Paenibacillus yonginensis	1462996	S	207	103	310	0.00002
Paenibacillus tritici	1873425	S	205	35	240	0.00002
Paenibacillus guangzhouensis	1473112	S	204	23	227	0.00002
Paenibacillus tianjinensis	2810347	S	203	40	243	0.00002
Paenibacillus jilunlii	682956	S	197	147	344	0.00003
Paenibacillus swuensis	1178515	S	185	32	217	0.00002
Paenibacillus physcomitrellae	1619311	S	178	68	246	0.00002
Paenibacillus borealis	160799	S	177	68	245	0.00002
Paenibacillus graminis	189425	S	154	89	243	0.00002
Paenibacillus alvei	44250	S	144	22	166	0.00001
Paenibacillus lentus	1338368	S	143	17	160	0.00001
Paenibacillus bovis	1616788	S	140	22	162	0.00001
Paenibacillus lutimineralis	2707005	S	138	22	160	0.00001
Paenibacillus psychroresistens	1778678	S	129	9	138	0.00001
Paenibacillus lautus	1401	S	111	148	259	0.00002
Paenibacillus baekrokdamisoli	1712516	S	110	14	124	0.00001
Paenibacillus barcinonensis	198119	S	101	20	121	0.00001
Paenibacillus kribbensis	172713	S	97	41	138	0.00001
Paenibacillus pabuli	1472	S	75	30	105	0.00001
Paenibacillus xylanexedens	528191	S	74	57	131	0.00001
Paenibacillus terrae	159743	S	71	38	109	0.00001
Paenibacillus odorifer	189426	S	70	14	84	0.00001
Paenibacillus peoriae	59893	S	70	438	508	0.00004
Paenibacillus larvae	1464	S	62	15	77	0.00001
Paenibacillus brasilensis	128574	S	59	30	89	0.00001
Paenibacillus crassostreae	1763538	S	48	9	57	0.00000
Paenibacillus uliginis	683737	S	45	52	97	0.00001
Paenibacillus antarcticus	253703	S	41	7	48	0.00000
Paenibacillus glucanolyticus	59843	S	35	225	260	0.00002
Brevibacillus marinus	2496837	S	790	156	946	0.00007
Brevibacillus agri	51101	S	498	150	648	0.00005
Brevibacillus composti	2796470	S	449	135	584	0.00004
Brevibacillus sp. MMS20-4M-10-Y	2895522	S	292	48	340	0.00003
Brevibacillus sp. DP1.3A	2738867	S	36	37	73	0.00001
Brevibacillus sp. HD3.3A	2738979	S	36	176	212	0.00002
Brevibacillus brevis	1393	S	306	178	484	0.00004
Brevibacillus choshinensis	54911	S	269	75	344	0.00003
Brevibacillus laterosporus	1465	S	107	132	239	0.00002
Brevibacillus parabrevis	54914	S	40	202	242	0.00002
Brevibacillus formosus	54913	S	32	32	64	0.00000
Cohnella candidum	2674991	S	880	136	1016	0.00008
Cohnella sp. LGH	1619153	S	592	241	833	0.00006
Cohnella sp. MFER-1	2728023	S	276	46	322	0.00002
Cohnella cholangitidis	2598458	S	380	83	463	0.00003
Cohnella abietis	2507935	S	79	11	90	0.00001
Thermobacillus composti	377615	S	1690	280	1970	0.00015
Saccharibacillus brassicae	2583377	S	1073	153	1226	0.00009
Aneurinibacillus soli	1500254	S	109	182	291	0.00002
Novibacillus thermophilus	1471761	S	6815	1150	7965	0.00059
Kroppenstedtia eburnea	714067	S	459	57	516	0.00004
Kroppenstedtia pulmonis	1380685	S	72	6	78	0.00001
Staphylospora marina	2490858	S	513	95	608	0.00005
Thermoactinomyces vulgaris	2026	S	325	76	401	0.00003
Polycladomyces abyssicola	1125966	S	307	32	339	0.00003
Laceyella sacchari	37482	S	191	51	242	0.00002
Alicyclobacillus acidocaldarius	405212	S	1994	211	2205	0.00016
Alicyclobacillus acidoterrestris	1450	S	253	50	303	0.00002
Alicyclobacillus mengziensis	2931921	S	202	17	219	0.00002
Alicyclobacillus sp. SO9	2665646	S	97	8	105	0.00001
Alicyclobacillus sp. TC	2606450	S	39	6	45	0.00000
Tumebacillus avium	1903704	S	1243	625	1868	0.00014
Tumebacillus algifaecis	1214604	S	539	228	767	0.00006
Kyrpidia spormannii	2055160	S	299	167	466	0.00003
Kyrpidia tusciae	33943	S	174	137	311	0.00002
Effusibacillus dendaii	2743772	S	160	25	185	0.00001
Planococcus plakortidis	1038856	S	171	132	303	0.00002
Planococcus sp. MB-3u-03	2058136	S	75	65	140	0.00001
Planococcus sp. 107-1	2908840	S	60	34	94	0.00001
Planococcus sp. PAMC 21323	1526927	S	11	6	17	0.00000
Planococcus lenghuensis	2213202	S	145	41	186	0.00001
Planococcus glaciei	459472	S	140	55	195	0.00001
Planococcus maritimus	192421	S	123	69	192	0.00001
Planococcus rifietoensis	200991	S	101	93	194	0.00001
Planococcus halotolerans	2233542	S	87	35	122	0.00001
Planococcus massiliensis	1499687	S	73	21	94	0.00001
Planococcus antarcticus	161360	S	32	13	45	0.00000
Planococcus halocryophilus	1215089	S	22	14	36	0.00000
Planococcus versutus	1302659	S	20	12	32	0.00000
Planococcus donghaensis	414778	S	11	8	19	0.00000
Sporosarcina sp. Te-1	2818390	S	59	21	80	0.00001
Sporosarcina sp. Marseille-Q4063	2810514	S	38	14	52	0.00000
Sporosarcina sp. PTS2304	2283194	S	30	42	72	0.00001
Sporosarcina sp. resist	2762563	S	15	59	74	0.00001
Sporosarcina ureae	1571	S	105	37	142	0.00001
Sporosarcina ureilytica	298596	S	28	11	39	0.00000
Sporosarcina pasteurii	1474	S	20	7	27	0.00000
Ureibacillus thermosphaericus	51173	S	118	185	303	0.00002
Ureibacillus thermophilus	367743	S	77	58	135	0.00001
Solibacillus silvestris	76853	S	89	44	133	0.00001
Solibacillus sp. R5-41	2048654	S	33	18	51	0.00000
Paenisporosarcina antarctica	417367	S	42	16	58	0.00000
Paenisporosarcina cavernae	2320858	S	22	16	38	0.00000
Jeotgalibacillus malaysiensis	1508404	S	50	21	71	0.00001
Kurthia zopfii	1650	S	22	14	36	0.00000
Kurthia sp. 11kri321	1750719	S	20	15	35	0.00000
Rummeliibacillus stabekisii	241244	S	33	21	54	0.00000
Viridibacillus sp. JNUCC-6	2779527	S	27	12	39	0.00000
Exiguobacterium alkaliphilum	1428684	S	280	118	398	0.00003
Exiguobacterium sp. N4-1P	2051906	S	52	41	93	0.00001
Exiguobacterium sp. Helios	2735868	S	43	23	66	0.00000
Exiguobacterium sp. PFWT01	2829816	S	39	44	83	0.00001
Exiguobacterium sp. AT1b	360911	S	32	35	67	0.00000
Exiguobacterium sp. MH3	1399115	S	26	42	68	0.00001
Exiguobacterium mexicanum	340146	S	187	82	269	0.00002
Exiguobacterium acetylicum	41170	S	86	166	252	0.00002
Exiguobacterium antarcticum	132920	S	55	24	79	0.00001
Exiguobacterium sibiricum	332410	S	52	30	82	0.00001
Staphylococcus epidermidis	1282	S	55	57	112	0.00001
Staphylococcus aureus	1280	S	49	1160	1209	0.00009
Staphylococcus pseudintermedius	283734	S	29	33	62	0.00000
Staphylococcus delphini	53344	S	13	11	24	0.00000
Staphylococcus sp. CCM 9025	2892440	S	13	7	20	0.00000
Staphylococcus haemolyticus	1283	S	23	30	53	0.00000
Staphylococcus hominis	1290	S	19	14	33	0.00000
Staphylococcus carnosus	1281	S	14	6	20	0.00000
Staphylococcus pettenkoferi	170573	S	14	4	18	0.00000
Staphylococcus capitis	29388	S	14	20	34	0.00000
Staphylococcus lugdunensis	28035	S	14	8	22	0.00000
Staphylococcus schleiferi	1295	S	14	28	42	0.00000
Staphylococcus muscae	1294	S	13	7	20	0.00000
Staphylococcus edaphicus	1955013	S	13	5	18	0.00000
Staphylococcus hyicus	1284	S	12	7	19	0.00000
Staphylococcus felis	46127	S	11	6	17	0.00000
Staphylococcus simiae	308354	S	11	7	18	0.00000
Staphylococcus chromogenes	46126	S	11	6	17	0.00000
Staphylococcus pasteuri	45972	S	11	11	22	0.00000
Staphylococcus saprophyticus	29385	S	10	6	16	0.00000
Staphylococcus nepalensis	214473	S	10	4	14	0.00000
Staphylococcus lutrae	155085	S	10	5	15	0.00000
Staphylococcus auricularis	29379	S	10	4	14	0.00000
Staphylococcus pseudoxylosus	2282419	S	10	6	16	0.00000
Jeotgalicoccus sp. WY2	2708346	S	45	12	57	0.00000
Jeotgalicoccus saudimassiliensis	1461582	S	50	7	57	0.00000
Macrococcus brunensis	198483	S	31	13	44	0.00000
Macrococcus canis	1855823	S	22	26	48	0.00000
Macrococcus armenti	2875764	S	11	13	24	0.00000
Salinicoccus halodurans	407035	S	62	24	86	0.00001
Mammaliicoccus sciuri	1296	S	22	19	41	0.00000
Nosocomiicoccus ampullae	489910	S	19	4	23	0.00000
Abyssicoccus albus	1817405	S	13	5	18	0.00000
Listeria monocytogenes	1639	S	62	42	104	0.00001
Listeria weihenstephanensis	1006155	S	41	11	52	0.00000
Listeria grayi	1641	S	35	13	48	0.00000
Listeria ivanovii	1638	S	23	10	33	0.00000
Listeria innocua	1642	S	18	27	45	0.00000
Listeria marthii	529731	S	12	7	19	0.00000
Listeria welshimeri	1643	S	11	17	28	0.00000
Listeria sp. PSOL-1	1844999	S	10	3	13	0.00000
Brochothrix thermosphacta	2756	S	35	15	50	0.00000
Sporolactobacillus terrae	269673	S	120	21	141	0.00001
Limosilactobacillus fermentum	1613	S	151	135	286	0.00002
Limosilactobacillus pontis	35787	S	130	83	213	0.00002
Limosilactobacillus mucosae	97478	S	64	32	96	0.00001
Limosilactobacillus reuteri	1598	S	42	49	91	0.00001
Limosilactobacillus panis	47493	S	42	19	61	0.00000
Limosilactobacillus gastricus	227942	S	13	6	19	0.00000
Limosilactobacillus frumenti	104955	S	10	4	14	0.00000
Lactobacillus delbrueckii	1584	S	160	304	464	0.00003
Lactobacillus sp. CBA3605	2099788	S	14	7	21	0.00000
Lactobacillus sp. CBA3606	2099789	S	14	9	23	0.00000
Lactobacillus amylovorus	1604	S	20	42	62	0.00000
Lactobacillus crispatus	47770	S	14	11	25	0.00000
Lactobacillus panisapium	2012495	S	14	3	17	0.00000
Lactobacillus acetotolerans	1600	S	11	3	14	0.00000
Lactobacillus iners	147802	S	10	16	26	0.00000
Levilactobacillus zymae	267363	S	149	49	198	0.00001
Levilactobacillus brevis	1580	S	104	36	140	0.00001
Levilactobacillus suantsaii	2292255	S	45	16	61	0.00000
Levilactobacillus koreensis	637971	S	38	6	44	0.00000
Lacticaseibacillus rhamnosus	47715	S	60	11	71	0.00001
Lacticaseibacillus casei	1582	S	48	32	80	0.00001
Lacticaseibacillus paracasei	1597	S	46	146	192	0.00001
Lacticaseibacillus manihotivorans	88233	S	29	9	38	0.00000
Lacticaseibacillus chiayiensis	2100821	S	28	5	33	0.00000
Lacticaseibacillus zeae	57037	S	22	8	30	0.00000
Lactiplantibacillus pentosus	1589	S	74	22	96	0.00001
Lactiplantibacillus plantarum	1590	S	53	82	135	0.00001
Lactiplantibacillus paraplantarum	60520	S	27	7	34	0.00000
Schleiferilactobacillus harbinensis	304207	S	151	19	170	0.00001
Weissella confusa	1583	S	25	30	55	0.00000
Weissella cibaria	137591	S	17	19	36	0.00000
Weissella soli	155866	S	12	4	16	0.00000
Weissella viridescens	1629	S	11	6	17	0.00000
Weissella coleopterorum	2714949	S	10	7	17	0.00000
Ligilactobacillus ruminis	1623	S	39	16	55	0.00000
Ligilactobacillus agilis	1601	S	17	13	30	0.00000
Ligilactobacillus murinus	1622	S	17	17	34	0.00000
Leuconostoc lactis	1246	S	23	32	55	0.00000
Leuconostoc gelidum	1244	S	12	3	15	0.00000
Leuconostoc mesenteroides	1245	S	11	25	36	0.00000
Lentilactobacillus buchneri	1581	S	36	12	48	0.00000
Lentilactobacillus parabuchneri	152331	S	24	7	31	0.00000
Lentilactobacillus kefiri	33962	S	18	6	24	0.00000
Lentilactobacillus hilgardii	1588	S	15	3	18	0.00000
Oenococcus kitaharae	336988	S	26	2	28	0.00000
Oenococcus sicerae	2203724	S	18	0	18	0.00000
Oenococcus oeni	1247	S	11	2	13	0.00000
Oenococcus sp. UCMA 16435	2259623	S	10	2	12	0.00000
Pediococcus acidilactici	1254	S	28	15	43	0.00000
Pediococcus inopinatus	114090	S	12	7	19	0.00000
Pediococcus pentosaceus	1255	S	10	5	15	0.00000
Pediococcus damnosus	51663	S	10	4	14	0.00000
Loigolactobacillus coryniformis	1610	S	41	34	75	0.00001
Loigolactobacillus backii	375175	S	12	5	17	0.00000
Loigolactobacillus bifermentans	1607	S	11	3	14	0.00000
Latilactobacillus curvatus	28038	S	26	16	42	0.00000
Latilactobacillus sakei	1599	S	17	19	36	0.00000
Secundilactobacillus paracollinoides	240427	S	40	14	54	0.00000
Secundilactobacillus malefermentans	176292	S	15	6	21	0.00000
Paucilactobacillus hokkaidonensis	1193095	S	14	9	23	0.00000
Furfurilactobacillus rossiae	231049	S	29	5	34	0.00000
Periweissella cryptocerci	2506420	S	27	4	31	0.00000
Amylolactobacillus amylophilus	1603	S	21	23	44	0.00000
Streptococcus sp. HKU75	2781599	S	33	19	52	0.00000
Streptococcus sanguinis	1305	S	41	15	56	0.00000
Streptococcus suis	1307	S	39	36	75	0.00001
Streptococcus oralis	1303	S	34	45	79	0.00001
Streptococcus equi	1336	S	23	9	32	0.00000
Streptococcus pyogenes	1314	S	27	113	140	0.00001
Streptococcus gordonii	1302	S	24	11	35	0.00000
Streptococcus sobrinus	1310	S	23	5	28	0.00000
Streptococcus respiraculi	2021971	S	23	6	29	0.00000
Streptococcus salivarius	1304	S	22	41	63	0.00000
Streptococcus agalactiae	1311	S	21	373	394	0.00003
Streptococcus cristatus	45634	S	21	38	59	0.00000
Streptococcus merionis	400065	S	17	2	19	0.00000
Streptococcus ratti	1341	S	16	2	18	0.00000
Streptococcus pluranimalium	82348	S	16	10	26	0.00000
Streptococcus mitis	28037	S	16	24	40	0.00000
Streptococcus ferus	1345	S	15	3	18	0.00000
Streptococcus infantis	68892	S	15	6	21	0.00000
Streptococcus pantholopis	1811193	S	13	1	14	0.00000
Streptococcus chenjunshii	2173853	S	12	1	13	0.00000
Streptococcus halichoeri	254785	S	11	18	29	0.00000
Streptococcus pneumoniae	1313	S	11	81	92	0.00001
Streptococcus parasanguinis	1318	S	10	6	16	0.00000
Streptococcus thermophilus	1308	S	10	412	422	0.00003
Lactococcus raffinolactis	1366	S	29	18	47	0.00000
Lactococcus cremoris	1359	S	15	19	34	0.00000
Lactococcus garvieae	1363	S	14	30	44	0.00000
Lactococcus lactis	1358	S	13	41	54	0.00000
Enterococcus avium	33945	S	41	28	69	0.00001
Enterococcus gilvus	160453	S	26	13	39	0.00000
Enterococcus raffinosus	71452	S	26	19	45	0.00000
Enterococcus faecium	1352	S	24	387	411	0.00003
Enterococcus durans	53345	S	24	29	53	0.00000
Enterococcus casseliflavus	37734	S	22	49	71	0.00001
Enterococcus hirae	1354	S	20	102	122	0.00001
Enterococcus mundtii	53346	S	20	10	30	0.00000
Enterococcus faecalis	1351	S	20	39	59	0.00000
Enterococcus thailandicus	417368	S	12	7	19	0.00000
Enterococcus saigonensis	1805431	S	11	21	32	0.00000
Enterococcus rotai	118060	S	10	0	10	0.00000
Enterococcus wangshanyuanii	2005703	S	10	1	11	0.00000
Vagococcus lutrae	81947	S	29	68	97	0.00001
Vagococcus fluvialis	2738	S	13	15	28	0.00000
Vagococcus coleopterorum	2714946	S	12	6	18	0.00000
Vagococcus zengguangii	2571750	S	11	8	19	0.00000
Vagococcus hydrophili	2714947	S	10	5	15	0.00000
Tetragenococcus halophilus	51669	S	29	21	50	0.00000
Tetragenococcus koreensis	290335	S	13	6	19	0.00000
Aerococcus sanguinicola	119206	S	37	10	47	0.00000
Aerococcus urinae	1376	S	32	14	46	0.00000
Aerococcus urinaehominis	128944	S	13	3	16	0.00000
Aerococcus christensenii	87541	S	12	22	34	0.00000
Aerococcus urinaeequi	51665	S	11	77	88	0.00001
Abiotrophia defectiva	46125	S	21	7	28	0.00000
Suicoccus acidiformans	2036206	S	19	15	34	0.00000
Jeotgalibaca porci	1868793	S	19	16	35	0.00000
Jeotgalibaca arthritidis	1868794	S	17	33	50	0.00000
Jeotgalibaca dankookensis	708126	S	15	4	19	0.00000
Jeotgalibaca ciconiae	2496265	S	11	5	16	0.00000
Carnobacterium divergens	2748	S	14	4	18	0.00000
Carnobacterium maltaromaticum	2751	S	13	4	17	0.00000
Dolosigranulum pigrum	29394	S	39	14	53	0.00000
Marinilactibacillus sp. 15R	1911586	S	14	6	20	0.00000
Faecalibacterium prausnitzii	853	S	1405	1520	2925	0.00022
Dysosmobacter sp. Marseille-Q4140	2830675	S	608	294	902	0.00007
Dysosmobacter welbionis	2093857	S	436	336	772	0.00006
Flavonifractor plautii	292800	S	889	255	1144	0.00008
Acetivibrio saccincola	1677857	S	380	267	647	0.00005
Acetivibrio thermocellus	1515	S	59	44	103	0.00001
Acetivibrio clariflavus	288965	S	57	41	98	0.00001
Vescimonas coprocola	2714355	S	280	275	555	0.00004
Vescimonas fastidiosa	2714353	S	185	326	511	0.00004
Ethanoligenens harbinense	253239	S	467	28	495	0.00004
Ruthenibacterium lactatiformans	1550024	S	431	143	574	0.00004
Anaerotruncus colihominis	169435	S	361	210	571	0.00004
Oscillibacter sp. NSJ-62	2763056	S	352	127	479	0.00004
Caproiciproducens sp. NJN-50	2507162	S	345	47	392	0.00003
Caproicibacter fermentans	2576756	S	238	15	253	0.00002
Acutalibacter muris	1796620	S	221	12	233	0.00002
Ruminococcus champanellensis	1161942	S	96	3	99	0.00001
Ruminococcus albus	1264	S	49	1	50	0.00000
Ruminococcus bicirculans	1160721	S	22	4	26	0.00000
Ruminococcus bovis	2564099	S	21	3	24	0.00000
Pusillibacter faecalis	2714358	S	186	145	331	0.00002
Caproicibacterium lactatifermentans	2666138	S	82	9	91	0.00001
Caproicibacterium amylolyticum	2766537	S	79	5	84	0.00001
Solibaculum mannosilyticum	2780922	S	143	152	295	0.00002
Thermoclostridium stercorarium	1510	S	72	119	191	0.00001
Pseudoclostridium thermosuccinogenes	84032	S	57	15	72	0.00001
Ruminiclostridium herbifermentans	2488810	S	32	8	40	0.00000
Ruminiclostridium cellulolyticum	1521	S	14	3	17	0.00000
Mageeibacillus indolicus	884684	S	19	30	49	0.00000
Monoglobus pectinilyticus	1981510	S	16	9	25	0.00000
Fastidiosipila sanguinis	236753	S	16	11	27	0.00000
Thermaerobacter sp. FW80	2546351	S	2241	506	2747	0.00020
Thermaerobacter sp. PB12/4term	2293838	S	1579	424	2003	0.00015
Thermaerobacter marianensis	73919	S	1857	505	2362	0.00017
Intestinimonas butyriciproducens	1297617	S	392	173	565	0.00004
Flintibacter sp. KGMB00164	2610895	S	269	37	306	0.00002
Aminipila terrae	2697030	S	53	6	59	0.00000
Aminipila luticellarii	2507160	S	47	6	53	0.00000
Aminipila butyrica	433296	S	45	5	50	0.00000
Emergencia timonensis	1776384	S	84	35	119	0.00001
Mogibacterium pumilum	86332	S	10	14	24	0.00000
Massilistercora timonensis	2086584	S	141	162	303	0.00002
Carboxydocella thermautotrophica	178899	S	112	13	125	0.00001
Herbinix luporum	1679721	S	422	326	748	0.00006
Lachnoclostridium phocaeense	1871021	S	126	125	251	0.00002
[Clostridium] hylemonae	89153	S	121	42	163	0.00001
[Clostridium] scindens	29347	S	116	58	174	0.00001
Lachnoclostridium sp. YL32	1834196	S	25	41	66	0.00000
Lachnoclostridium phytofermentans	66219	S	16	1	17	0.00000
Blautia producta	33035	S	98	25	123	0.00001
Blautia sp. NBRC 113351	2877527	S	78	103	181	0.00001
Blautia pseudococcoides	1796616	S	48	8	56	0.00000
Blautia liquoris	2779518	S	28	2	30	0.00000
Blautia obeum	40520	S	21	23	44	0.00000
Blautia argi	1912897	S	16	17	33	0.00000
Blautia hansenii	1322	S	13	10	23	0.00000
Blautia massiliensis	1737424	S	13	34	47	0.00000
Lachnospiraceae bacterium NSJ-29	2763667	S	106	37	143	0.00001
Lachnospiraceae bacterium NSJ-38	2763669	S	65	29	94	0.00001
Lachnospiraceae bacterium sunii NSJ-8	2763672	S	55	47	102	0.00001
Lachnospiraceae bacterium NSJ-4	2763670	S	33	36	69	0.00001
Roseburia hominis	301301	S	123	149	272	0.00002
Roseburia intestinalis	166486	S	36	28	64	0.00000
Roseburia sp. NSJ-69	2763062	S	18	7	25	0.00000
Enterocloster bolteae	208479	S	124	43	167	0.00001
Enterocloster clostridioformis	1531	S	28	85	113	0.00001
Anaerostipes caccae	105841	S	56	16	72	0.00001
Anaerostipes rhamnosivorans	1229621	S	55	24	79	0.00001
Anaerostipes hadrus	649756	S	21	23	44	0.00000
Anaerocolumna sedimenticola	2696063	S	55	5	60	0.00000
Anaerocolumna chitinilytica	1727145	S	33	2	35	0.00000
Anaerocolumna cellulosilytica	433286	S	31	2	33	0.00000
Coprococcus comes	410072	S	36	44	80	0.00001
Coprococcus catus	116085	S	23	14	37	0.00000
Coprococcus eutactus	33043	S	18	21	39	0.00000
Coprococcus sp. ART55/1	751585	S	16	16	32	0.00000
Lacrimispora sphenoides	29370	S	55	4	59	0.00000
Lacrimispora saccharolytica	84030	S	35	5	40	0.00000
Butyrivibrio fibrisolvens	831	S	39	12	51	0.00000
Butyrivibrio hungatei	185008	S	17	3	20	0.00000
Butyrivibrio proteoclasticus	43305	S	15	3	18	0.00000
Anaerotignum propionicum	28446	S	60	7	67	0.00000
[Ruminococcus] gnavus	33038	S	40	31	71	0.00001
[Ruminococcus] torques	33039	S	15	14	29	0.00000
Sellimonas intestinalis	1653434	S	47	30	77	0.00001
Novisyntrophococcus fermenticellae	2068655	S	41	6	47	0.00000
Anaerobutyricum hallii	39488	S	25	10	35	0.00000
Pseudobutyrivibrio xylanivorans	185007	S	25	1	26	0.00000
Dorea longicatena	88431	S	23	25	48	0.00000
Faecalicatena sp. Marseille-Q4148	2823316	S	21	11	32	0.00000
Lachnospira eligens	39485	S	18	3	21	0.00000
Lachnoanaerobaculum umeaense	617123	S	12	3	15	0.00000
Symbiobacterium thermophilum	2734	S	2763	278	3041	0.00023
Clostridium sp. SY8519	1042156	S	94	31	125	0.00001
Clostridium sp. M62/1	411486	S	80	115	195	0.00001
Clostridium sp. DL-VIII	641107	S	80	19	99	0.00001
Clostridium sp. C5S11	704125	S	56	9	65	0.00000
Clostridium sp. JN-9	2507159	S	28	5	33	0.00000
Clostridium sp. BNL1100	755731	S	23	2	25	0.00000
Clostridium sp. MD294	97138	S	18	1	19	0.00000
Clostridium sp. 'deep sea'	2779445	S	17	0	17	0.00000
Clostridium sp. JN-1	2483110	S	16	3	19	0.00000
Clostridium sp. C1	1155388	S	14	15	29	0.00000
Clostridium sp. BJN0001	2930219	S	11	3	14	0.00000
Clostridium saccharoperbutylacetonicum	36745	S	91	22	113	0.00001
Clostridium beijerinckii	1520	S	72	229	301	0.00002
Clostridium perfringens	1502	S	65	20	85	0.00001
Clostridium botulinum	1491	S	63	64	127	0.00001
Clostridium kluyveri	1534	S	43	3	46	0.00000
Clostridium baratii	1561	S	42	11	53	0.00000
Clostridium pasteurianum	1501	S	38	7	45	0.00000
Clostridium fermenticellae	2068654	S	32	4	36	0.00000
Clostridium butyricum	1492	S	31	6	37	0.00000
Clostridium intestinale	36845	S	27	3	30	0.00000
Clostridium saccharobutylicum	169679	S	27	6	33	0.00000
Clostridium tyrobutyricum	1519	S	26	2	28	0.00000
Clostridium carboxidivorans	217159	S	26	8	34	0.00000
Clostridium thermarum	1716543	S	25	16	41	0.00000
Clostridium argentinense	29341	S	24	3	27	0.00000
Clostridium estertheticum	238834	S	24	5	29	0.00000
Clostridium bornimense	1216932	S	19	7	26	0.00000
Clostridium tetani	1513	S	19	7	26	0.00000
Clostridium aceticum	84022	S	19	2	21	0.00000
Clostridium formicaceticum	1497	S	19	4	23	0.00000
Clostridium cellulovorans	1493	S	17	3	20	0.00000
Clostridium manihotivorum	2320868	S	17	2	19	0.00000
Clostridium gasigenes	94869	S	16	3	19	0.00000
Clostridium isatidis	182773	S	16	8	24	0.00000
Clostridium taeniosporum	394958	S	14	2	16	0.00000
Clostridium cadaveris	1529	S	12	3	15	0.00000
Clostridium septicum	1504	S	12	3	15	0.00000
Clostridium acetobutylicum	1488	S	11	0	11	0.00000
Clostridium drakei	332101	S	10	10	20	0.00000
Clostridium novyi	1542	S	10	88	98	0.00001
Hungatella hathewayi	154046	S	165	7	172	0.00001
Alkaliphilus sp. B6464	2731219	S	23	10	33	0.00000
Alkaliphilus metalliredigens	208226	S	20	5	25	0.00000
Alkaliphilus oremlandii	461876	S	13	6	19	0.00000
Crassaminicella thermophila	2599308	S	20	7	27	0.00000
Crassaminicella profunda	1286698	S	12	3	15	0.00000
Crassaminicella sp. 143-21	2855394	S	10	5	15	0.00000
Geosporobacter ferrireducens	1424294	S	46	8	54	0.00000
Caloramator sp. E03	2576307	S	27	3	30	0.00000
Serpentinicella alkaliphila	1734049	S	16	3	19	0.00000
Hathewaya histolytica	1498	S	13	5	18	0.00000
Paraclostridium bifermentans	1490	S	12	4	16	0.00000
Candidatus Desulforudis audaxviator	471827	S	658	44	702	0.00005
Desulforamulus ruminis	1564	S	144	20	164	0.00001
Desulforamulus ferrireducens	1833852	S	128	86	214	0.00002
Desulforamulus reducens	59610	S	42	8	50	0.00000
Acididesulfobacillus acetoxydans	1561005	S	250	11	261	0.00002
Candidatus Formimonas warabiya	1761012	S	146	10	156	0.00001
Desulfofarcimen acetoxidans	58138	S	90	11	101	0.00001
Thermanaerosceptrum fracticalcis	1712410	S	77	13	90	0.00001
Dehalobacterium formicoaceticum	51515	S	60	12	72	0.00001
Christensenella sp. Marseille-P3954	2086585	S	628	373	1001	0.00007
Christensenella minuta	626937	S	213	66	279	0.00002
Heliomicrobium modesticaldum	35701	S	717	366	1083	0.00008
Heliorestis convoluta	356322	S	57	3	60	0.00000
Eubacterium limosum	1736	S	99	95	194	0.00001
Eubacterium sp. c-25	2841037	S	29	17	46	0.00000
Eubacterium sp. MSJ-33	2841528	S	17	11	28	0.00000
Eubacterium sp. NSJ-61	2764325	S	12	21	33	0.00000
Eubacterium callanderi	53442	S	51	37	88	0.00001
Eubacterium maltosivorans	2041044	S	26	109	135	0.00001
Acetobacterium sp. KB-1	2184575	S	143	45	188	0.00001
Acetobacterium wieringae	52694	S	61	37	98	0.00001
Acetobacterium woodii	33952	S	22	4	26	0.00000
Alkalibacter sp. ES005	2815577	S	91	6	97	0.00001
Desulfosporosinus meridiei	79209	S	72	27	99	0.00001
Desulfosporosinus youngiae	339862	S	66	20	86	0.00001
Desulfosporosinus orientis	1563	S	59	13	72	0.00001
Desulfosporosinus acidiphilus	885581	S	46	9	55	0.00000
Desulfitobacterium hafniense	49338	S	105	27	132	0.00001
Desulfitobacterium dehalogenans	36854	S	47	8	55	0.00000
Desulfitobacterium dichloroeliminans	233055	S	43	44	87	0.00001
Desulfitobacterium metallireducens	142877	S	25	6	31	0.00000
Dehalobacter restrictus	55583	S	27	64	91	0.00001
Syntrophobotulus glycolicus	51197	S	72	5	77	0.00001
Peptoclostridium acidaminophilum	1731	S	65	12	77	0.00001
Romboutsia ilealis	1115758	S	20	13	33	0.00000
Romboutsia sp. CE17	2724150	S	17	10	27	0.00000
Romboutsia hominis	1507512	S	11	5	16	0.00000
Clostridioides difficile	1496	S	29	27	56	0.00000
Terrisporobacter sp. MCA3	2813371	S	36	7	43	0.00000
Paeniclostridium sordellii	1505	S	30	8	38	0.00000
Peptacetobacter hiranonis	89152	S	30	10	40	0.00000
Filifactor alocis	143361	S	25	41	66	0.00000
Tepidibacter sp. 8C15b	2925782	S	15	3	18	0.00000
Acetoanaerobium sticklandii	1511	S	10	1	11	0.00000
Syntrophothermus lipocalidus	86170	S	146	17	163	0.00001
Syntrophomonas wolfei	863	S	56	16	72	0.00001
Candidatus Contubernalis alkalaceticum	338645	S	55	3	58	0.00000
Candidatus Syntrophocurvum alkaliphilum	2293317	S	20	7	27	0.00000
Desulfoscipio gibsoniae	102134	S	159	15	174	0.00001
Desulfotomaculum nigrificans	1565	S	84	38	122	0.00001
Thermincola potens	863643	S	79	7	86	0.00001
Vallitalea pronyensis	1348613	S	25	10	35	0.00000
Petrocella atlantisensis	2173034	S	19	3	22	0.00000
Alkalicella caledoniensis	2731377	S	30	4	34	0.00000
Caloranaerobacter azorensis	116090	S	30	4	34	0.00000
Moorella sp. Hama-1	2138101	S	401	70	471	0.00003
Moorella thermoacetica	1525	S	339	49	388	0.00003
Moorella glycerini	55779	S	270	22	292	0.00002
Ammonifex degensii	42838	S	385	16	401	0.00003
Gelria sp. Kuro-4	2796927	S	893	76	969	0.00007
Thermacetogenium phaeum	85874	S	334	331	665	0.00005
Carboxydothermus hydrogenoformans	129958	S	161	15	176	0.00001
Thermoanaerobacter mathranii	583357	S	29	64	93	0.00001
Thermoanaerobacter kivui	2325	S	19	15	34	0.00000
Thermanaeromonas toyohensis	161154	S	103	3	106	0.00001
Caldanaerobacter subterraneus	911092	S	41	45	86	0.00001
Caldicellulosiruptor changbaiensis	1222016	S	17	78	95	0.00001
Caldicellulosiruptor acetigenus	301953	S	11	24	35	0.00000
Thermoanaerobacterium thermosaccharolyticum	1517	S	30	58	88	0.00001
Thermoanaerobacterium sp. RBIITD	1550240	S	10	9	19	0.00000
Mahella australiensis	252966	S	94	54	148	0.00001
Zhaonella formicivorans	2528593	S	77	13	90	0.00001
Thermodesulfobium acidiphilum	1794699	S	18	31	49	0.00000
Iocasia fonsfrigidae	2682810	S	81	8	89	0.00001
Halothermothrix orenii	31909	S	77	13	90	0.00001
Halanaerobium hydrogeniformans	656519	S	20	10	30	0.00000
Halanaerobium praevalens	2331	S	18	11	29	0.00000
Anoxybacter fermentans	1323375	S	106	23	129	0.00001
Halobacteroides halobius	42422	S	31	5	36	0.00000
Acetohalobium arabaticum	28187	S	21	2	23	0.00000
Thermosediminibacter oceani	291990	S	183	19	202	0.00001
Biomaibacter acetigenes	2316383	S	77	6	83	0.00001
Tepidanaerobacter acetatoxydans	499229	S	46	2	48	0.00000
Koleobacter methoxysyntrophicus	2751313	S	83	8	91	0.00001
Natranaerofaba carboxydovora	2742683	S	53	3	56	0.00000
Natranaerobius thermophilus	375929	S	22	3	25	0.00000
Selenomonas sp. oral taxon 126	712528	S	422	119	541	0.00004
Selenomonas sp. oral taxon 920	1884263	S	339	82	421	0.00003
Selenomonas sp. oral taxon 136	713030	S	155	212	367	0.00003
Selenomonas sp. oral taxon 478	712538	S	126	181	307	0.00002
Selenomonas sputigena	69823	S	811	75	886	0.00007
Selenomonas timonae	2754044	S	306	151	457	0.00003
Selenomonas ruminantium	971	S	134	13	147	0.00001
Megamonas funiformis	437897	S	12	64	76	0.00001
Pectinatus frisingensis	865	S	23	1	24	0.00000
Sporomusa termitida	2377	S	148	21	169	0.00001
Pelosinus fermentans	365349	S	61	19	80	0.00001
Pelosinus sp. UFO1	484770	S	55	29	84	0.00001
Methylomusa anaerophila	1930071	S	133	10	143	0.00001
Megasphaera elsdenii	907	S	317	136	453	0.00003
Megasphaera stantonii	2144175	S	297	188	485	0.00004
Megasphaera massiliensis	1232428	S	131	51	182	0.00001
Dialister pneumosintes	39950	S	24	123	147	0.00001
Veillonella rodentium	248315	S	18	11	29	0.00000
Veillonella parvula	29466	S	11	14	25	0.00000
Acidaminococcus fermentans	905	S	218	39	257	0.00002
Acidaminococcus intestini	187327	S	91	7	98	0.00001
Phascolarctobacterium faecium	33025	S	71	7	78	0.00001
Phascolarctobacterium sp. Marseille-Q4147	2823317	S	36	23	59	0.00000
Phascolarctobacterium succinatutens	626940	S	35	85	120	0.00001
Limnochorda pilosa	1555112	S	2734	130	2864	0.00021
Peptoniphilus ivorii	54006	S	173	44	217	0.00002
Peptoniphilus harei	54005	S	12	14	26	0.00000
Murdochiella vaginalis	1852373	S	74	81	155	0.00001
Anaerococcus mediterraneensis	1870984	S	20	42	62	0.00000
Finegoldia magna	1260	S	22	23	45	0.00000
Miniphocaeibacter halophilus	2931922	S	18	1	19	0.00000
Parvimonas micra	33033	S	15	30	45	0.00000
Schnuerera ultunensis	45497	S	91	8	99	0.00001
Keratinibaculum paraultunense	1278232	S	39	13	52	0.00000
Tissierella sp. JN-28	2507161	S	25	5	30	0.00000
Gudongella oleilytica	1582259	S	20	4	24	0.00000
Gottschalkia acidurici	1556	S	71	8	79	0.00001
Ezakiella coagulans	46507	S	95	279	374	0.00003
Ezakiella massiliensis	1852374	S	17	10	27	0.00000
Sedimentibacter sp. zth1	2816908	S	28	3	31	0.00000
Faecalibaculum rodentium	1702221	S	146	34	180	0.00001
Allobaculum sp. Allo2	2853432	S	83	14	97	0.00001
Allobaculum mucolyticum	2834459	S	56	10	66	0.00000
Erysipelothrix sp. HDW6C	2714930	S	16	9	25	0.00000
Erysipelothrix sp. HDW6A	2714928	S	10	3	13	0.00000
Erysipelothrix larvae	1514105	S	18	10	28	0.00000
[Clostridium] innocuum	1522	S	59	54	113	0.00001
Erysipelatoclostridium ramosum	1547	S	14	7	21	0.00000
Intestinibaculum porci	2487118	S	33	16	49	0.00000
Bulleidia sp. zg-1006	2806552	S	14	6	20	0.00000
Longicatena caecimuris	1796635	S	13	23	36	0.00000
Amedibacterium intestinale	2583452	S	11	22	33	0.00000
Turicibacter sp. H121	1712675	S	33	47	80	0.00001
Turicibacter sp. TJ11	2806443	S	14	17	31	0.00000
Turicibacter sanguinis	154288	S	14	7	21	0.00000
Ndongobacter massiliensis	1871025	S	134	124	258	0.00002
endosymbiont 'TC1' of Trimyema compressum	243899	S	26	1	27	0.00000
Synechococcus sp. CBW1004	1353136	S	883	243	1126	0.00008
Synechococcus sp. RSCCF101	2511069	S	730	187	917	0.00007
Synechococcus sp. CBW1107	2789857	S	718	148	866	0.00006
Synechococcus sp. CBW1108	1353147	S	493	73	566	0.00004
Synechococcus sp. JA-3-3Ab	321327	S	461	119	580	0.00004
Synechococcus sp. SynAce01	1916956	S	430	51	481	0.00004
Synechococcus sp. CB0101	232348	S	371	87	458	0.00003
Synechococcus sp. NB0720_10	2907159	S	342	97	439	0.00003
Synechococcus sp. LA31	2741953	S	298	71	369	0.00003
Synechococcus sp. LTW-R	2751170	S	276	73	349	0.00003
Synechococcus sp. PCC 7336	195250	S	268	10	278	0.00002
Synechococcus sp. RS9909	221352	S	262	100	362	0.00003
Synechococcus sp. JA-2-3B'a(2-13)	321332	S	259	61	320	0.00002
Synechococcus sp. Minos11	221341	S	229	18	247	0.00002
Synechococcus sp. HK01-R	2751171	S	210	38	248	0.00002
Synechococcus sp. A10-1-5-1	2936507	S	203	49	252	0.00002
Synechococcus sp. WH 8101	59932	S	189	67	256	0.00002
Synechococcus sp. NOUM97013	1442555	S	181	30	211	0.00002
Synechococcus sp. BIOS-E4-1	1400864	S	164	18	182	0.00001
Synechococcus sp. KORDI-100	1280380	S	164	12	176	0.00001
Synechococcus sp. PROS-U-1	1400866	S	137	25	162	0.00001
Synechococcus sp. BMK-MC-1	1442551	S	131	54	185	0.00001
Synechococcus sp. KORDI-52	585425	S	121	39	160	0.00001
Synechococcus sp. MEDNS5	1442554	S	120	40	160	0.00001
Synechococcus sp. KORDI-49	585423	S	110	109	219	0.00002
Synechococcus sp. PROS-7-1	1442556	S	107	48	155	0.00001
Synechococcus sp. PCC 6312	195253	S	102	5	107	0.00001
Synechococcus sp. A15-127	1050624	S	96	95	191	0.00001
Synechococcus sp. CC9902	316279	S	92	10	102	0.00001
Synechococcus sp. BIOS-U3-1	1400865	S	87	10	97	0.00001
Synechococcus sp. A15-62	1050657	S	86	60	146	0.00001
Synechococcus sp. MIT S9220	166309	S	84	13	97	0.00001
Synechococcus sp. A15-44	1050646	S	81	141	222	0.00002
Synechococcus sp. WH 8020	32052	S	75	14	89	0.00001
Synechococcus sp. CBW1002	1353134	S	65	537	602	0.00004
Synechococcus sp. RS9907	221350	S	65	148	213	0.00002
Synechococcus sp. NIES-970	1827144	S	65	13	78	0.00001
Synechococcus sp. WH 8109	166314	S	62	47	109	0.00001
Synechococcus sp. PCC 7003	374981	S	60	19	79	0.00001
Synechococcus sp. ROS8604	1442557	S	59	15	74	0.00001
Synechococcus sp. CBW1006	1353138	S	58	421	479	0.00004
Synechococcus sp. TAK9802	1442558	S	50	119	169	0.00001
Synechococcus sp. RS9902	221345	S	44	88	132	0.00001
Synechococcus sp. PCC 7502	1173263	S	44	2	46	0.00000
Synechococcus sp. M16.1	1442553	S	43	125	168	0.00001
Synechococcus sp. PROS-9-1	1968775	S	43	11	54	0.00000
Synechococcus sp. CC9311	64471	S	36	9	45	0.00000
Synechococcus sp. MVIR-18-1	1386941	S	29	50	79	0.00001
Synechococcus sp. A18-25c	1866938	S	24	171	195	0.00001
Synechococcus sp. SYN20	1050714	S	21	30	51	0.00000
Synechococcus sp. PCC 7002	32049	S	17	73	90	0.00001
Synechococcus sp. A15-60	1050655	S	15	103	118	0.00001
Synechococcus sp. PCC 11901	2579791	S	14	65	79	0.00001
Synechococcus elongatus	32046	S	496	25	521	0.00004
Dactylococcopsis salina	292566	S	75	33	108	0.00001
Cyanobium sp. NIES-981	1851505	S	713	241	954	0.00007
Cyanobium sp. NS01	261284	S	669	252	921	0.00007
Cyanobium gracile	59930	S	1052	228	1280	0.00009
Parasynechococcus marenigrum	2881428	S	203	65	268	0.00002
Prochlorococcus marinus	1219	S	128	19	147	0.00001
Acaryochloris marina	155978	S	122	30	152	0.00001
Acaryochloris sp. 'Moss Beach'	2740837	S	40	47	87	0.00001
Chamaesiphon minutus	1173032	S	194	12	206	0.00002
Synechocystis sp. PCC 6714	1147	S	41	11	52	0.00000
Synechocystis sp. CACIAM 05	1933929	S	20	95	115	0.00001
Nostoc sp. NIES-4103	2005458	S	168	39	207	0.00002
Nostoc sp. UHCC 0702	2814655	S	140	31	171	0.00001
Nostoc sp. C052	2576902	S	114	32	146	0.00001
Nostoc sp. ATCC 53789	76335	S	95	153	248	0.00002
Nostoc sp. CENA543	1869241	S	91	16	107	0.00001
Nostoc sp. TCL26-01	2576904	S	90	14	104	0.00001
Nostoc sp. MS1	2764711	S	79	25	104	0.00001
Nostoc sp. 'Lobaria pulmonaria (5183) cyanobiont'	1618022	S	75	18	93	0.00001
Nostoc sp. UHCC 0870	2914041	S	71	26	97	0.00001
Nostoc sp. 'Peltigera membranacea cyanobiont' N6	1261031	S	67	22	89	0.00001
Nostoc sp. PCC 7524	28072	S	59	13	72	0.00001
Nostoc sp. PCC 7107	317936	S	46	27	73	0.00001
Nostoc sp. C057	2576903	S	43	72	115	0.00001
Nostoc sp. NIES-2111	1973475	S	31	73	104	0.00001
Nostoc sp. TCL240-02	2572090	S	31	18	49	0.00000
Nostoc sp. NIES-3756	1751286	S	15	41	56	0.00000
Nostoc linckia	92942	S	193	51	244	0.00002
Nostoc edaphicum	264686	S	101	33	134	0.00001
Nostoc sphaeroides	446679	S	101	70	171	0.00001
Nostoc flagelliforme	1306274	S	89	38	127	0.00001
Nostoc punctiforme	272131	S	84	70	154	0.00001
Nostoc piscinale	224012	S	66	36	102	0.00001
Nostoc commune	1178	S	60	23	83	0.00001
Cylindrospermum stagnale	142864	S	173	67	240	0.00002
Anabaena sp. WA102	1647413	S	60	138	198	0.00001
Anabaena sp. 90	46234	S	18	178	196	0.00001
Anabaena cylindrica	1165	S	72	24	96	0.00001
Trichormus azollae	1164	S	52	10	62	0.00000
Richelia sinica	1357545	S	42	8	50	0.00000
Calothrix sp. NIES-2100	1954172	S	160	101	261	0.00002
Calothrix sp. PCC 7716	2853227	S	153	99	252	0.00002
Calothrix sp. PCC 7507	99598	S	127	30	157	0.00001
Calothrix sp. NIES-3974	2005462	S	119	10	129	0.00001
Calothrix sp. NIES-2098	1954171	S	80	48	128	0.00001
Calothrix sp. 336/3	1337936	S	73	21	94	0.00001
Calothrix sp. PCC 6303	1170562	S	56	16	72	0.00001
Calothrix parasitica	1973486	S	135	9	144	0.00001
Calothrix brevissima	938406	S	119	54	173	0.00001
Scytonema sp. NIES-4073	2005464	S	360	136	496	0.00004
Scytonema sp. HK-05	1137095	S	228	69	297	0.00002
Brasilonema sennae	1397703	S	105	11	116	0.00001
Nodularia sphaerocarpa	137816	S	118	26	144	0.00001
Nodularia spumigena	70799	S	78	22	100	0.00001
Sphaerospermopsis torques-reginae	984207	S	88	33	121	0.00001
Sphaerospermopsis kisseleviana	289435	S	79	32	111	0.00001
Dolichospermum compactum	136073	S	62	97	159	0.00001
Dolichospermum sp. UHCC 0315A	1914871	S	22	190	212	0.00002
Dolichospermum flos-aquae	1166	S	17	174	191	0.00001
Anabaenopsis circularis	109266	S	31	23	54	0.00000
Anabaenopsis elenkinii	156213	S	20	3	23	0.00000
Fischerella sp. NIES-3754	1752063	S	161	39	200	0.00001
Fischerella sp. NIES-4106	2005456	S	92	12	104	0.00001
Tolypothrix sp. PCC 7910	2099387	S	85	36	121	0.00001
Tolypothrix tenuis	457083	S	70	40	110	0.00001
Rivularia sp. PCC 7116	373994	S	48	3	51	0.00000
Leptolyngbya sp. 7M	2812896	S	2334	190	2524	0.00019
Leptolyngbya sp. BL0902	1115757	S	440	32	472	0.00003
Leptolyngbya sp. NIES-3755	1752064	S	125	18	143	0.00001
Leptolyngbya sp. PCC 7376	111781	S	46	4	50	0.00000
Leptolyngbya boryana	1184	S	152	0	152	0.00001
Kovacikia minuta	2931930	S	340	36	376	0.00003
Leptothermofonsia sichuanensis	2917832	S	222	20	242	0.00002
Leptodesmis sichuanensis	2906798	S	202	21	223	0.00002
Thermoleptolyngbya sp. PKUAC-SCTB121	2811482	S	25	635	660	0.00005
Thermosynechococcus sp. NK55a	1394889	S	59	25	84	0.00001
Thermosynechococcus sp. TA-1	2813673	S	38	34	72	0.00001
Thermosynechococcus sp. CL-1	2583530	S	19	18	37	0.00000
Thermosynechococcus vestitus	146786	S	110	37	147	0.00001
Halomicronema hongdechloris	1209493	S	304	14	318	0.00002
Pseudanabaena sp. PCC 7367	82654	S	114	5	119	0.00001
Pseudanabaena sp. ABRG5-3	685565	S	60	4	64	0.00000
Gloeobacter kilaueensis	1416614	S	1385	42	1427	0.00011
Gloeobacter morelensis	2907343	S	966	391	1357	0.00010
Gloeobacter violaceus	33072	S	897	399	1296	0.00010
Anthocerotibacter panamensis	2857077	S	294	8	302	0.00002
Moorena producens	1155739	S	525	15	540	0.00004
Oscillatoria nigro-viridis	482564	S	148	70	218	0.00002
Oscillatoria acuminata	118323	S	124	8	132	0.00001
Geitlerinema sp. PCC 7407	1173025	S	668	113	781	0.00006
Allocoleopsis franciscana	2886352	S	128	15	143	0.00001
Oxynema aestuarii	2874213	S	314	31	345	0.00003
Microcoleus vaginatus	119532	S	175	55	230	0.00002
Planktothrix rubescens	59512	S	25	17	42	0.00000
Planktothrix agardhii	1160	S	17	16	33	0.00000
[Phormidium] sp. ETS-05	222819	S	233	15	248	0.00002
Crinalium epipsammum	241425	S	76	10	86	0.00001
Microcystis aeruginosa	1126	S	220	227	447	0.00003
Microcystis sp. MC19	1967666	S	31	19	50	0.00000
Halothece sp. PCC 7418	65093	S	69	25	94	0.00001
Euhalothece natronophila	577489	S	24	3	27	0.00000
Gloeothece citriformis	2546356	S	46	4	50	0.00000
Gloeothece verrucosa	2546359	S	37	3	40	0.00000
Rippkaea orientalis	2546366	S	61	9	70	0.00001
Crocosphaera subtropica	2546360	S	56	7	63	0.00000
Candidatus Atelocyanobacterium thalassa	713887	S	15	4	19	0.00000
Geminocystis herdmanii	669359	S	64	11	75	0.00001
Geminocystis sp. NIES-3709	1617448	S	19	5	24	0.00000
Geminocystis sp. NIES-3708	1615909	S	16	4	20	0.00000
Gloeocapsa sp. PCC 7428	1173026	S	91	10	101	0.00001
Chondrocystis sp. NIES-4102	2005460	S	43	7	50	0.00000
Cyanobacterium aponinum	379064	S	53	14	67	0.00001
Chroococcidiopsis sp. CCMEE 29	155894	S	234	47	281	0.00002
Chroococcidiopsis sp. CCNUC1	2653189	S	58	89	147	0.00001
Chroococcidiopsis thermalis	54299	S	65	109	174	0.00001
Pleurocapsa sp. PCC 7327	118163	S	133	17	150	0.00001
Stanieria sp. NIES-3757	1807358	S	37	14	51	0.00000
Stanieria cyanosphaera	102116	S	16	5	21	0.00000
Gloeomargarita lithophora	1188228	S	128	5	133	0.00001
Thermostichus lividus	33070	S	81	13	94	0.00001
cyanobacterium endosymbiont of Rhopalodia gibberula	1763363	S	15	2	17	0.00000
cyanobacterium endosymbiont of Epithemia turgida	718217	S	12	2	14	0.00000
Deinococcus sp. NW-56	2080419	S	1270	192	1462	0.00011
Deinococcus sp. TS-293	2737050	S	1106	124	1230	0.00009
Deinococcus sp. KNUC1210	2917691	S	934	43	977	0.00007
Deinococcus sp. AJ005	2652443	S	686	62	748	0.00006
Deinococcus sp. QL22	2939437	S	555	49	604	0.00004
Deinococcus maricopensis	309887	S	1659	166	1825	0.00014
Deinococcus gobiensis	502394	S	1539	227	1766	0.00013
Deinococcus metallilatus	1211322	S	1538	191	1729	0.00013
Deinococcus actinosclerus	1768108	S	1524	967	2491	0.00018
Deinococcus ficus	317577	S	1395	143	1538	0.00011
Deinococcus irradiatisoli	2202254	S	1185	120	1305	0.00010
Deinococcus peraridilitoris	432329	S	1145	64	1209	0.00009
Deinococcus wulumuqiensis	980427	S	1010	425	1435	0.00011
Deinococcus radiopugnans	57497	S	907	122	1029	0.00008
Deinococcus radiodurans	1299	S	837	1046	1883	0.00014
Deinococcus geothermalis	68909	S	751	125	876	0.00006
Deinococcus soli (ex Cha et al. 2016)	1309411	S	685	673	1358	0.00010
Deinococcus psychrotolerans	2489213	S	568	18	586	0.00004
Deinococcus deserti	310783	S	563	44	607	0.00004
Deinococcus proteolyticus	55148	S	543	125	668	0.00005
Deinococcus radiophilus	32062	S	318	68	386	0.00003
Deinococcus puniceus	1182568	S	290	47	337	0.00002
Thermus thermophilus	274	S	831	969	1800	0.00013
Thermus sp. CCB_US3_UF1	1111069	S	410	67	477	0.00004
Thermus sp. NEB1569	2918899	S	85	166	251	0.00002
Thermus aquaticus	271	S	459	74	533	0.00004
Thermus oshimai	56957	S	426	89	515	0.00004
Thermus brockianus	56956	S	411	87	498	0.00004
Thermus caldilimi	2483360	S	186	51	237	0.00002
Thermus scotoductus	37636	S	125	207	332	0.00002
Thermus parvatiensis	456163	S	58	303	361	0.00003
Meiothermus silvanus	52022	S	792	135	927	0.00007
Meiothermus taiwanensis	172827	S	629	224	853	0.00006
Meiothermus ruber	277	S	569	214	783	0.00006
Oceanithermus profundus	187137	S	2182	266	2448	0.00018
Marinithermus hydrothermalis	186192	S	1432	267	1699	0.00013
Truepera radiovictrix	332249	S	1958	121	2079	0.00015
Sphaerobacter thermophilus	2057	S	6700	404	7104	0.00053
Thermomicrobium roseum	500	S	1384	27	1411	0.00010
Roseiflexus sp. RS-1	357808	S	1586	253	1839	0.00014
Roseiflexus castenholzii	120962	S	1579	271	1850	0.00014
Chloroflexus aurantiacus	1108	S	690	54	744	0.00006
Chloroflexus aggregans	152260	S	597	80	677	0.00005
Candidatus Promineofilum breve	1806508	S	4014	93	4107	0.00030
Tepidiforma bonchosmolovskayae	2601677	S	3989	193	4182	0.00031
Anaerolinea thermophila	167964	S	855	91	946	0.00007
Pelolinea submarina	913107	S	739	37	776	0.00006
Brevefilum fermentans	1986204	S	339	14	353	0.00003
Caldilinea aerophila	133453	S	1949	127	2076	0.00015
Dehalogenimonas formicexedens	1839801	S	374	109	483	0.00004
Dehalogenimonas sp. GP	1536648	S	258	75	333	0.00002
Dehalococcoides mccartyi	61435	S	132	217	349	0.00003
Phototrophicus methaneseepsis	2710758	S	847	9	856	0.00006
Ktedonosporobacter rubrisoli	2509675	S	771	23	794	0.00006
Thermobaculum terrenum	166501	S	612	99	711	0.00005
Fimbriimonas ginsengisoli	1005039	S	2171	14	2185	0.00016
Chthonomonas calidirosea	454171	S	440	4	444	0.00003
Mycoplasma sp. (ex Biomphalaria glabrata)	1749074	S	13	25	38	0.00000
Mycoplasma genitalium	2097	S	13	0	13	0.00000
Candidatus Hepatoplasma crinochetorum	295596	S	17	75	92	0.00001
Alteracholeplasma palmae	38986	S	55	10	65	0.00000
Paracholeplasma brassicae	61635	S	17	6	23	0.00000
Haploplasma axanthum	29552	S	12	7	19	0.00000
Metamycoplasma orale	2121	S	12	34	46	0.00000
Candidatus Izimaplasma sp. HR1	1541959	S	11	0	11	0.00000
Gemmata obscuriglobus	114	S	24114	4786	28900	0.00214
Gemmata massiliana	1210884	S	10948	4592	15540	0.00115
Gemmata sp. SH-PL17	1630693	S	10088	4767	14855	0.00110
Urbifossiella limnaea	2528023	S	44110	4264	48374	0.00358
Frigoriglobus tundricola	2774151	S	29383	4870	34253	0.00254
Limnoglobus roseus	2598579	S	21289	1085	22374	0.00166
Tuwongella immobilis	692036	S	2460	119	2579	0.00019
Telmatocola sphagniphila	1123043	S	1978	22	2000	0.00015
Lacipirellula limnantheis	2528024	S	13903	2226	16129	0.00119
Lacipirellula parvula	2650471	S	13859	1900	15759	0.00117
Pirellulimonas nuda	2528009	S	9580	1301	10881	0.00081
Botrimarina mediterranea	2528022	S	9184	1072	10256	0.00076
Aeoliella mucimassa	2527972	S	3568	369	3937	0.00029
Adhaeretor mobilis	1930276	S	2113	259	2372	0.00018
Bythopirellula goksoeyrii	1400387	S	1965	178	2143	0.00016
Anatilimnocola aggregata	2528021	S	7324	935	8259	0.00061
Lignipirellula cremea	2528010	S	6658	901	7559	0.00056
Rosistilla oblonga	2527990	S	1698	874	2572	0.00019
Rosistilla carotiformis	2528017	S	1263	589	1852	0.00014
Rosistilla ulvae	1930277	S	1163	735	1898	0.00014
Stieleria maiorica	2795974	S	2810	673	3483	0.00026
Stieleria neptunia	2527979	S	2701	357	3058	0.00023
Pirellula staleyi	125	S	3803	178	3981	0.00029
Pirellula sp. SH-Sr6A	1632865	S	853	29	882	0.00007
Bremerella volcania	2527984	S	4519	403	4922	0.00036
Roseimaritima ulvae	980254	S	2688	218	2906	0.00022
Roseimaritima multifibrata	1930274	S	729	103	832	0.00006
Rubripirellula lacrimiformis	1930273	S	1453	330	1783	0.00013
Mariniblastus fucicola	980251	S	1145	26	1171	0.00009
Rhodopirellula baltica	265606	S	1060	89	1149	0.00009
Aureliella helgolandensis	2527968	S	921	89	1010	0.00007
Thermogutta terrifontis	1331910	S	1085	42	1127	0.00008
Tautonia plasticadhaerens	2527974	S	26072	2690	28762	0.00213
Aquisphaera giovannonii	406548	S	20630	4140	24770	0.00183
Paludisphaera borealis	1387353	S	13406	3485	16891	0.00125
Singulisphaera acidiphila	466153	S	11122	1931	13053	0.00097
Isosphaera pallida	128	S	2376	200	2576	0.00019
Planctomyces sp. SH-PL62	1636152	S	12205	5279	17484	0.00129
Planctomyces sp. SH-PL14	1632864	S	9799	711	10510	0.00078
Gimesia panareensis	2527978	S	2327	304	2631	0.00019
Gimesia chilikensis	2605989	S	1338	849	2187	0.00016
Gimesia maris	122	S	910	153	1063	0.00008
Gimesia alba	2527973	S	588	112	700	0.00005
Gimesia algae	2527971	S	578	157	735	0.00005
Gimesia fumaroli	2527976	S	545	118	663	0.00005
Gimesia aquarii	2527964	S	442	33	475	0.00004
Gimesia benthica	2608982	S	379	557	936	0.00007
Caulifigura coniformis	2527983	S	7838	602	8440	0.00063
Maioricimonas rarisocia	2528026	S	6870	1005	7875	0.00058
Alienimonas californiensis	2527989	S	5335	461	5796	0.00043
Symmachiella dynata	2527995	S	3006	206	3212	0.00024
Rubinisphaera brasiliensis	119	S	1676	193	1869	0.00014
Fuerstiella marisgermanici	1891926	S	1618	33	1651	0.00012
Planctopirus ephydatiae	2528019	S	612	261	873	0.00006
Planctopirus limnophila	120	S	579	230	809	0.00006
Crateriforma conspicua	2527996	S	1408	353	1761	0.00013
Calycomorphotria hydatis	2528027	S	1404	61	1465	0.00011
Polystyrenella longa	2528007	S	589	60	649	0.00005
Thalassoglobus polymorphus	2527994	S	521	32	553	0.00004
Humisphaera borealis	2807512	S	8308	238	8546	0.00063
Phycisphaera mikurensis	547188	S	3504	338	3842	0.00028
Mucisphaera calidilacus	2527982	S	1871	128	1999	0.00015
Poriferisphaera corsica	2528020	S	260	2	262	0.00002
Anaerohalosphaera lusitana	1936003	S	376	14	390	0.00003
Sedimentisphaera salicampi	1941349	S	77	18	95	0.00001
Sedimentisphaera cyanobacteriorum	1940790	S	74	91	165	0.00001
Limihaloglobus sulfuriphilus	1851148	S	164	10	174	0.00001
Candidatus Kuenenia stuttgartiensis	174633	S	195	1	196	0.00001
Candidatus Uabimicrobium amorphum	2596890	S	147	3	150	0.00001
Opitutus sp. GAS368	1882749	S	10660	1455	12115	0.00090
Opitutus terrae	107709	S	6754	301	7055	0.00052
Lacunisphaera limnophila	1838286	S	8005	1017	9022	0.00067
Nibricoccus aquaticus	2576891	S	3830	158	3988	0.00030
Oleiharenicola sp. KSB-15	2862869	S	2735	136	2871	0.00021
Ereboglobus luteus	1796921	S	1979	94	2073	0.00015
Ruficoccus sp. ZRK36	2866311	S	885	151	1036	0.00008
Coraliomargarita akajimensis	395922	S	230	6	236	0.00002
Roseimicrobium sp. ORNL1	2711231	S	4927	154	5081	0.00038
Verrucomicrobium sp. GAS474	1882831	S	2714	295	3009	0.00022
Verrucomicrobium spinosum	2736	S	1934	102	2036	0.00015
Luteolibacter ambystomatis	2824561	S	2189	147	2336	0.00017
Luteolibacter luteus	2728835	S	2099	93	2192	0.00016
Sulfuriroseicoccus oceanibius	2707525	S	556	52	608	0.00005
Akkermansia muciniphila	239935	S	1101	136	1237	0.00009
Akkermansia glycaniphila	1679444	S	398	29	427	0.00003
Methylacidimicrobium sp. AP8	2730359	S	692	98	790	0.00006
Methylacidimicrobium sp. B4	2796139	S	646	119	765	0.00006
Methylacidiphilum sp. IT6	2795386	S	19	1	20	0.00000
Methylacidiphilum sp. IT5	2795384	S	14	31	45	0.00000
Methylacidiphilum kamchatkense	431057	S	28	1	29	0.00000
Methylacidiphilum infernorum	511746	S	18	39	57	0.00000
Candidatus Xiphinematobacter sp. Idaho Grape	1704307	S	108	7	115	0.00001
Kiritimatiella glycovorans	1307763	S	1111	1377	2488	0.00018
Tichowtungia aerotolerans	2697043	S	400	17	417	0.00003
Candidatus Protochlamydia naegleriophila	389348	S	58	44	102	0.00001
Candidatus Protochlamydia amoebophila	362787	S	24	17	41	0.00000
Parachlamydia acanthamoebae	83552	S	55	16	71	0.00001
Neochlamydia sp. S13	1353976	S	39	7	46	0.00000
Candidatus Rhabdochlamydia oedothoracis	2720720	S	22	32	54	0.00000
Candidatus Rhabdochlamydia porcellionis	225148	S	13	25	38	0.00000
Waddlia chondrophila	71667	S	68	11	79	0.00001
Simkania negevensis	83561	S	54	4	58	0.00000
Chlamydia suis	83559	S	18	37	55	0.00000
Chlamydia trachomatis	813	S	15	22	37	0.00000
Candidatus Velamenicoccus archaeovorus	1930593	S	337	1	338	0.00003
Hymenobacter sp. 5317J-9	2932250	S	947	234	1181	0.00009
Hymenobacter sp. PAMC 26628	1484118	S	888	222	1110	0.00008
Hymenobacter sp. PAMC 26554	1484116	S	754	83	837	0.00006
Hymenobacter sp. BRD128	2675878	S	724	107	831	0.00006
Hymenobacter sp. APR13	1356852	S	712	316	1028	0.00008
Hymenobacter sp. 5116S-3	2932248	S	538	93	631	0.00005
Hymenobacter sp. BT18	2835648	S	533	76	609	0.00005
Hymenobacter sp. 5116S-27	2932249	S	530	94	624	0.00005
Hymenobacter sp. 5413J-13	2932251	S	436	71	507	0.00004
Hymenobacter sp. 5420S-77	2932254	S	433	62	495	0.00004
Hymenobacter sp. NBH84	2596915	S	429	72	501	0.00004
Hymenobacter sp. DG01	2584940	S	407	124	531	0.00004
Hymenobacter sp. S2-20-2	2761579	S	392	66	458	0.00003
Hymenobacter sp. DG25B	1385664	S	337	139	476	0.00004
Hymenobacter sp. BRD67	2675877	S	327	313	640	0.00005
Hymenobacter sp. DG25A	1385663	S	293	124	417	0.00003
Hymenobacter sp. HDW8	2714932	S	175	553	728	0.00005
Hymenobacter sp. 5516J-16	2932253	S	97	480	577	0.00004
Hymenobacter sp. 5516S-25	2933777	S	95	443	538	0.00004
Hymenobacter monticola	1705399	S	873	164	1037	0.00008
Hymenobacter busanensis	2607656	S	852	97	949	0.00007
Hymenobacter sedentarius	1411621	S	734	115	849	0.00006
Hymenobacter nivis	1850093	S	633	163	796	0.00006
Hymenobacter oligotrophus	2319843	S	627	74	701	0.00005
Hymenobacter jejuensis	2502781	S	604	49	653	0.00005
Hymenobacter swuensis	1446467	S	457	102	559	0.00004
Hymenobacter tibetensis	497967	S	428	68	496	0.00004
Hymenobacter baengnokdamensis	2615203	S	330	351	681	0.00005
Hymenobacter qilianensis	1385715	S	292	53	345	0.00003
Hymenobacter radiodurans	2496028	S	177	585	762	0.00006
Pontibacter russatus	2694929	S	996	111	1107	0.00008
Pontibacter actiniarum	323450	S	534	137	671	0.00005
Pontibacter akesuensis	388950	S	357	58	415	0.00003
Pontibacter korlensis	400092	S	239	37	276	0.00002
Pontibacter pudoricolor	2694930	S	216	27	243	0.00002
Pontibacter sp. SGAir0037	2571030	S	185	33	218	0.00002
Rufibacter radiotolerans	1379910	S	298	39	337	0.00003
Rufibacter tibetensis	512763	S	232	44	276	0.00002
Rufibacter sp. DG15C	1379909	S	232	136	368	0.00003
Adhaeribacter swui	2086471	S	213	27	240	0.00002
Adhaeribacter radiodurans	2745197	S	212	23	235	0.00002
Nibribacter ruber	2698458	S	200	115	315	0.00002
Spirosoma sp. CJU-R4	2728024	S	606	51	657	0.00005
Spirosoma sp. KUDC1026	2745947	S	384	37	421	0.00003
Spirosoma sp. KCTC 42546	2520506	S	274	39	313	0.00002
Spirosoma sp. RHs26	2898794	S	255	20	275	0.00002
Spirosoma sp. KCTC 72228	2710596	S	196	28	224	0.00002
Spirosoma rigui	564064	S	450	34	484	0.00004
Spirosoma taeanense	2735870	S	423	41	464	0.00003
Spirosoma montaniterrae	1178516	S	389	25	414	0.00003
Spirosoma radiotolerans	1379870	S	253	19	272	0.00002
Spirosoma pollinicola	2057025	S	252	33	285	0.00002
Spirosoma aerolatum	1211326	S	243	12	255	0.00002
Spirosoma endbachense	2666025	S	242	124	366	0.00003
Spirosoma aureum	2692134	S	185	114	299	0.00002
Rhodocytophaga rosea	2704465	S	282	10	292	0.00002
Aquirufa sp. 9H-EGSE	2696560	S	58	20	78	0.00001
Aquirufa nivalisilvae	2516557	S	41	11	52	0.00000
Cytophaga hutchinsonii	985	S	97	9	106	0.00001
Dyadobacter fermentans	94254	S	721	75	796	0.00006
Dyadobacter sp. LJ419	2906456	S	209	15	224	0.00002
Dyadobacter sp. NIV53	2861765	S	112	7	119	0.00001
Dyadobacter sandarakinus	2747268	S	310	33	343	0.00003
Fibrella aestuarina	651143	S	791	74	865	0.00006
Fibrella sp. ES10-3-2-2	1834519	S	355	30	385	0.00003
Runella slithyformis	106	S	259	30	289	0.00002
Runella rosea	2259595	S	218	29	247	0.00002
Runella sp. SP2	2268026	S	168	11	179	0.00001
Larkinella sp. IE-0392	2907205	S	216	16	232	0.00002
Leadbetterella byssophila	316068	S	73	40	113	0.00001
Arcticibacterium luteifluviistationis	1784714	S	42	2	44	0.00000
Chryseolinea soli	2321403	S	2985	97	3082	0.00023
Fulvivirga sp. SS9-22	2904245	S	159	14	173	0.00001
Fulvivirga sp. W9P-11	2904246	S	97	22	119	0.00001
Fulvivirga sp. SW1-E11	2904247	S	63	21	84	0.00001
Fulvivirga lutea	2810512	S	82	13	95	0.00001
Echinicola sp. 20G	2781961	S	66	7	73	0.00001
Echinicola sp. SCS 3-6	2859768	S	66	26	92	0.00001
Echinicola vietnamensis	390884	S	102	52	154	0.00001
Echinicola strongylocentroti	1795355	S	93	16	109	0.00001
Echinicola rosea	1807691	S	82	36	118	0.00001
Echinicola soli	2591634	S	81	7	88	0.00001
Algoriphagus sp. Y33	2772483	S	131	11	142	0.00001
Algoriphagus sp. NBT04N3	2705473	S	62	19	81	0.00001
Algoriphagus sanaruensis	1727163	S	102	11	113	0.00001
Algoriphagus machipongonensis	388413	S	40	3	43	0.00000
Cyclobacterium marinum	104	S	65	15	80	0.00001
Cyclobacterium amurskyense	320787	S	62	5	67	0.00000
Aquiflexum balticum	280473	S	88	13	101	0.00001
Belliella baltica	232259	S	56	26	82	0.00001
Mongoliitalea daihaiensis	2782006	S	49	5	54	0.00000
Flammeovirga pectinis	2494373	S	28	6	34	0.00000
Flammeovirga kamogawensis	373891	S	18	4	22	0.00000
Flammeovirga yaeyamensis	367791	S	16	18	34	0.00000
Flammeovirga sp. MY04	1191459	S	16	18	34	0.00000
Marivirga tractuosa	1006	S	91	34	125	0.00001
Mangrovivirga cuniculi	2715131	S	91	7	98	0.00001
Candidatus Amoebophilus asiaticus	281120	S	43	5	48	0.00000
Candidatus Cardinium hertigii	247481	S	13	2	15	0.00000
Bernardetia litoralis	999	S	32	2	34	0.00000
Chitinophaga sp. XS-30	2604421	S	548	194	742	0.00005
Chitinophaga sp. KRA15-503	2829818	S	333	173	506	0.00004
Chitinophaga oryzae	2725414	S	559	78	637	0.00005
Chitinophaga filiformis	104663	S	320	47	367	0.00003
Chitinophaga pinensis	79329	S	296	55	351	0.00003
Chitinophaga agri	2703787	S	278	64	342	0.00003
Chitinophaga alhagiae	2203219	S	264	5	269	0.00002
Chitinophaga caeni	2029983	S	201	34	235	0.00002
Niastella koreensis	354356	S	2594	292	2886	0.00021
Paraflavitalea soli	2315862	S	1342	110	1452	0.00011
Flavisolibacter ginsenosidimutans	661481	S	566	35	601	0.00004
Flavisolibacter tropicus	1492898	S	566	88	654	0.00005
Flavihumibacter sp. IMCC34838	2838156	S	522	47	569	0.00004
Flavihumibacter sp. IMCC34837	2838157	S	462	32	494	0.00004
Niabella ginsenosidivorans	1176587	S	436	55	491	0.00004
Niabella soli	446683	S	430	65	495	0.00004
Lacibacter sp. S13-6-6	2760713	S	819	40	859	0.00006
Pseudobacter ginsenosidimutans	661488	S	806	75	881	0.00007
Pseudocnuella soli	2502779	S	713	93	806	0.00006
Arachidicoccus sp. BS20	1850526	S	199	74	273	0.00002
Arachidicoccus sp. 5GH13-10	2875539	S	150	29	179	0.00001
Arachidicoccus sp. B3-10	2545455	S	86	7	93	0.00001
Arachidicoccus ginsenosidivorans	496057	S	119	22	141	0.00001
Arachidicoccus soli	2341117	S	112	14	126	0.00001
Ferruginibacter lapsinanis	563172	S	309	25	334	0.00002
Ferruginibacter sp. KIS38-8	2875540	S	298	25	323	0.00002
Panacibacter ginsenosidivorans	1813871	S	567	29	596	0.00004
Filimonas lacunae	477680	S	364	47	411	0.00003
Phnomibacter ginsenosidimutans	2676868	S	350	45	395	0.00003
Flavobacterium sp. HJ-32-4	1160795	S	233	18	251	0.00002
Flavobacterium sp. CLA17	2724135	S	67	15	82	0.00001
Flavobacterium sp. CJ74	2294119	S	67	6	73	0.00001
Flavobacterium sp. MDT1-60	1979344	S	62	16	78	0.00001
Flavobacterium sp. IGB 4-14	1871076	S	60	6	66	0.00000
Flavobacterium sp. F-70	2893884	S	52	13	65	0.00000
Flavobacterium sp. SLB02	2665645	S	43	12	55	0.00000
Flavobacterium sp. F-29	2893883	S	42	11	53	0.00000
Flavobacterium sp. Sr18	935222	S	40	8	48	0.00000
Flavobacterium sp. M31R6	2739062	S	39	7	46	0.00000
Flavobacterium sp. F-323	2893885	S	39	10	49	0.00000
Flavobacterium sp. 140616W15	2478552	S	39	10	49	0.00000
Flavobacterium sp. B183	907046	S	37	10	47	0.00000
Flavobacterium sp. KBS0721	1179672	S	37	15	52	0.00000
Flavobacterium sp. K5-23	2746225	S	34	9	43	0.00000
Flavobacterium sp. I3-2	2748319	S	32	52	84	0.00001
Flavobacterium sp. CS20	2775246	S	32	14	46	0.00000
Flavobacterium sp. KSM-R2A25	2895947	S	32	11	43	0.00000
Flavobacterium sp. MMS21-Er5	2937442	S	30	16	46	0.00000
Flavobacterium sp. F-340	2893886	S	30	11	41	0.00000
Flavobacterium sp. WSW3-B6	2856519	S	29	4	33	0.00000
Flavobacterium sp. LPB0248	2614441	S	28	18	46	0.00000
Flavobacterium sp. GENT5	1751095	S	28	8	36	0.00000
Flavobacterium sp. KSM-R2A30	2897181	S	24	10	34	0.00000
Flavobacterium sp. KK2020170	2830782	S	22	7	29	0.00000
Flavobacterium sp. CECT 9288	2845819	S	19	29	48	0.00000
Flavobacterium sp. xlx-214	2654325	S	17	4	21	0.00000
Flavobacterium sp. CHNK8	2871165	S	14	21	35	0.00000
Flavobacterium commune	1306519	S	233	43	276	0.00002
Flavobacterium album	2175091	S	145	12	157	0.00001
Flavobacterium magnum	2162713	S	134	17	151	0.00001
Flavobacterium pallidum	2172098	S	102	12	114	0.00001
Flavobacterium enshiense	1341165	S	100	13	113	0.00001
Flavobacterium nackdongense	2547394	S	80	8	88	0.00001
Flavobacterium inviolabile	2748320	S	73	13	86	0.00001
Flavobacterium gilvum	1492737	S	61	10	71	0.00001
Flavobacterium sediminis	2201181	S	54	58	112	0.00001
Flavobacterium endoglycinae	2816357	S	50	13	63	0.00000
Flavobacterium kingsejongi	1678728	S	50	8	58	0.00000
Flavobacterium johnsoniae	986	S	48	30	78	0.00001
Flavobacterium alkalisoli	2602769	S	46	4	50	0.00000
Flavobacterium anhuiense	459526	S	46	21	67	0.00001
Flavobacterium crocinum	2183896	S	44	15	59	0.00000
Flavobacterium sangjuense	2518177	S	41	5	46	0.00000
Flavobacterium psychrophilum	96345	S	40	9	49	0.00000
Flavobacterium indicum	312277	S	33	6	39	0.00000
Flavobacterium nitrogenifigens	1617283	S	31	19	50	0.00000
Flavobacterium arcticum	1784713	S	31	4	35	0.00000
Flavobacterium fluviale	2249356	S	31	14	45	0.00000
Flavobacterium jumunjinense	998845	S	29	5	34	0.00000
Flavobacterium davisii	2906077	S	28	13	41	0.00000
Flavobacterium oreochromis	2906078	S	28	13	41	0.00000
Flavobacterium branchiophilum	55197	S	28	3	31	0.00000
Flavobacterium crassostreae	1763534	S	26	8	34	0.00000
Flavobacterium columnare	996	S	26	36	62	0.00000
Flavobacterium sediminilitoris	2024526	S	25	4	29	0.00000
Flavobacterium covae	2906076	S	25	39	64	0.00000
Flavobacterium faecale	1355330	S	21	3	24	0.00000
Flavobacterium haoranii	683124	S	17	8	25	0.00000
Capnocytophaga sp. oral taxon 878	1316596	S	26	12	38	0.00000
Capnocytophaga sp. oral taxon 902	2748316	S	18	52	70	0.00001
Capnocytophaga haemolytica	45243	S	75	7	82	0.00001
Capnocytophaga sputigena	1019	S	57	24	81	0.00001
Capnocytophaga gingivalis	1017	S	51	7	58	0.00000
Capnocytophaga canimorsus	28188	S	34	11	45	0.00000
Capnocytophaga stomatis	1848904	S	18	5	23	0.00000
Capnocytophaga cynodegmi	28189	S	13	4	17	0.00000
Capnocytophaga endodontalis	2708117	S	12	7	19	0.00000
Capnocytophaga ochracea	1018	S	11	19	30	0.00000
Capnocytophaga leadbetteri	327575	S	11	7	18	0.00000
Muricauda sp. SCSIO 65647	2908843	S	73	3	76	0.00001
Muricauda sp. SCSIO 64092	2908842	S	57	2	59	0.00000
Muricauda aquimarina	254955	S	90	56	146	0.00001
Muricauda oceani	2698672	S	69	45	114	0.00001
Muricauda lutaonensis	516051	S	64	18	82	0.00001
Muricauda ruestringensis	111501	S	36	4	40	0.00000
Muricauda aurantiaca	1383885	S	34	3	37	0.00000
Gramella sp. MT6	2705471	S	53	9	62	0.00000
Gramella sp. GC03-9	2920386	S	53	17	70	0.00001
Gramella sp. MAR_2010_147	1250205	S	33	5	38	0.00000
Gramella fulva	2126553	S	76	8	84	0.00001
Gramella flava	1486245	S	71	27	98	0.00001
Gramella salexigens	1913577	S	39	5	44	0.00000
Gramella forsetii	411153	S	32	9	41	0.00000
Gramella echinicola	279359	S	27	4	31	0.00000
Robiginitalea biformata	252307	S	316	22	338	0.00003
Polaribacter sp. SM13	2818493	S	22	6	28	0.00000
Polaribacter sp. SA4-12	1312072	S	17	6	23	0.00000
Polaribacter sp. G4M1	2808900	S	16	3	19	0.00000
Polaribacter sp. NJDZ03	2855841	S	15	19	34	0.00000
Polaribacter sp. L3A8	2686361	S	14	9	23	0.00000
Polaribacter sp. Hel1_33_78	1336804	S	14	3	17	0.00000
Polaribacter sp. L12M9	2738844	S	13	10	23	0.00000
Polaribacter sp. Q13	2806551	S	13	8	21	0.00000
Polaribacter sp. KT25b	1855336	S	12	4	16	0.00000
Polaribacter sp. ALD11	2058137	S	12	5	17	0.00000
Polaribacter sp. SA4-10	754397	S	12	2	14	0.00000
Polaribacter sp. MED152	313598	S	11	2	13	0.00000
Polaribacter litorisediminis	1908341	S	20	3	23	0.00000
Polaribacter vadi	1774273	S	18	3	21	0.00000
Polaribacter reichenbachii	996801	S	15	2	17	0.00000
Nonlabens sp. Hel1_33_55	1336802	S	40	8	48	0.00000
Nonlabens sp. MB-3u-79	2058134	S	21	7	28	0.00000
Nonlabens sp. Ci31	2608253	S	21	6	27	0.00000
Nonlabens spongiae	331648	S	39	22	61	0.00000
Nonlabens ponticola	2496866	S	37	6	43	0.00000
Nonlabens dokdonensis	328515	S	32	9	41	0.00000
Nonlabens marinus	930802	S	25	11	36	0.00000
Winogradskyella sp. J14-2	1936080	S	19	6	25	0.00000
Winogradskyella sp. HaHa_3_26	2749995	S	19	11	30	0.00000
Winogradskyella sp. MH6	2929510	S	17	5	22	0.00000
Winogradskyella sp. PC-19	754417	S	12	4	16	0.00000
Winogradskyella sp. PG-2	754409	S	11	1	12	0.00000
Winogradskyella forsetii	2686077	S	40	16	56	0.00000
Winogradskyella sediminis	1382466	S	26	10	36	0.00000
Winogradskyella schleiferi	2686078	S	24	14	38	0.00000
Winogradskyella helgolandensis	2697010	S	13	4	17	0.00000
Antarcticibacterium arcticum	2585771	S	62	10	72	0.00001
Antarcticibacterium flavum	2058175	S	59	16	75	0.00001
Antarcticibacterium sp. 1MA-6-2	2908210	S	54	9	63	0.00000
Maribacter sp. MJ134	2496865	S	31	3	34	0.00000
Maribacter sp. HTCC2170	313603	S	29	2	31	0.00000
Maribacter sp. 1_2014MBL_MicDiv	1644130	S	13	13	26	0.00000
Maribacter cobaltidurans	1178778	S	34	34	68	0.00001
Maribacter hydrothermalis	1836467	S	17	3	20	0.00000
Maribacter dokdonensis	320912	S	10	10	20	0.00000
Aequorivita sublithincola	101385	S	56	45	101	0.00001
Aequorivita sp. H23M31	2494375	S	37	13	50	0.00000
Kordia antarctica	1218801	S	88	8	96	0.00001
Kordia sp. SMS9	2282170	S	41	2	43	0.00000
Tenacibaculum sp. SZ-18	754423	S	16	25	41	0.00000
Tenacibaculum jejuense	584609	S	17	2	19	0.00000
Tenacibaculum maritimum	107401	S	16	4	20	0.00000
Tenacibaculum singaporense	2358479	S	16	10	26	0.00000
Tenacibaculum todarodis	1850252	S	14	6	20	0.00000
Tenacibaculum dicentrarchi	669041	S	10	5	15	0.00000
Salegentibacter salegens	143223	S	49	7	56	0.00000
Salegentibacter sp. T436	1729720	S	46	51	97	0.00001
Salegentibacter mishustinae	270918	S	24	24	48	0.00000
Cellulophaga sp. L1A9	2686362	S	28	16	44	0.00000
Cellulophaga sp. HaHaR_3_176	1942464	S	22	5	27	0.00000
Cellulophaga baltica	76594	S	18	4	22	0.00000
Cellulophaga lytica	979	S	16	7	23	0.00000
Cellulophaga algicola	59600	S	16	4	20	0.00000
Sinomicrobium sp. HD2P242	2900738	S	122	5	127	0.00001
Formosa sp. Hel1_33_131	1336794	S	22	3	25	0.00000
Formosa sp. Hel3_A1_48	1336795	S	19	6	25	0.00000
Formosa sp. Hel1_31_208	1798225	S	15	2	17	0.00000
Formosa sp. L2A11	2686363	S	14	5	19	0.00000
Formosa sediminum	2594004	S	22	6	28	0.00000
Formosa agariphila	320324	S	17	4	21	0.00000
Myroides odoratus	256	S	27	13	40	0.00000
Myroides fluvii	2572594	S	24	15	39	0.00000
Myroides phaeus	702745	S	20	22	42	0.00000
Aquimarina sp. BL5	1714860	S	27	3	30	0.00000
Aquimarina sp. AD10	1714849	S	25	2	27	0.00000
Aquimarina sp. TRL1	2736252	S	23	2	25	0.00000
Aquimarina sp. AD1	1714848	S	22	2	24	0.00000
Leeuwenhoekiella palythoae	573501	S	33	43	76	0.00001
Leeuwenhoekiella sp. ZYFB001	2719912	S	15	16	31	0.00000
Dokdonia sp. 4H-3-7-5	983548	S	14	10	24	0.00000
Dokdonia sp. Dokd-P16	2173169	S	12	7	19	0.00000
Dokdonia sp. PRO95	1239415	S	11	4	15	0.00000
Dokdonia donghaensis	326320	S	10	11	21	0.00000
Flagellimonas sp. HMM57	2905121	S	48	4	52	0.00000
Flagellimonas sp. CMM7	2654676	S	28	2	30	0.00000
Zunongwangia profunda	398743	S	37	35	72	0.00001
Zunongwangia sp. SCSIO 43204	2779359	S	35	28	63	0.00000
Algibacter sp. L3A6	2686366	S	19	10	29	0.00000
Algibacter sp. L1A34	2686365	S	14	7	21	0.00000
Algibacter alginicilyticus	1736674	S	32	10	42	0.00000
Mariniflexile sp. TRM1-10	2027857	S	65	7	72	0.00001
Pukyongia salina	2094025	S	63	5	68	0.00001
Tamlana carrageenivorans	2069432	S	27	11	38	0.00000
Tamlana sp. s12	1630406	S	20	9	29	0.00000
Lacinutrix sp. Bg11-31	2057808	S	21	6	27	0.00000
Lacinutrix sp. WUR7	2653681	S	18	5	23	0.00000
Zhouia spongiae	2202721	S	53	15	68	0.00001
Lutibacter sp. A64	2918526	S	12	8	20	0.00000
Lutibacter profundi	1622118	S	23	4	27	0.00000
Arenibacter algicola	616991	S	50	19	69	0.00001
Muriicola soli	2507538	S	49	4	53	0.00000
Aggregatimonas sangjinii	2583587	S	48	2	50	0.00000
Zobellia galactanivorans	63186	S	44	3	47	0.00000
Gilvibacter sp. SZ-19	754429	S	43	6	49	0.00000
Euzebyella marina	1761453	S	43	27	70	0.00001
Seonamhaeicola sp. ML3	2937786	S	25	3	28	0.00000
Seonamhaeicola sp. S2-3	1936081	S	17	5	22	0.00000
Amniculibacterium sp. G2-70	2767188	S	39	52	91	0.00001
Constantimarinum furrinae	2562285	S	38	4	42	0.00000
Costertonia aggregata	343403	S	32	8	40	0.00000
Flavivirga eckloniae	1803846	S	32	3	35	0.00000
Olleya aquimaris	639310	S	13	7	20	0.00000
Psychroflexus torquis	57029	S	18	1	19	0.00000
Psychroflexus sp. ALD_RP9	2777186	S	13	1	14	0.00000
Flavobacteriaceae bacterium 10Alg115	2584122	S	29	2	31	0.00000
Sediminicola sp. YIK13	1453352	S	28	3	31	0.00000
Galbibacter sp. BG1	1170699	S	28	3	31	0.00000
Marixanthomonas sp. SCSIO 43207	2779360	S	25	8	33	0.00000
Changchengzhania lutea	2049305	S	25	3	28	0.00000
Gillisia sp. Hel1_33_143	1336796	S	25	10	35	0.00000
Croceibacter atlanticus	313588	S	24	5	29	0.00000
Aegicerativicinus sediminis	2893202	S	24	1	25	0.00000
Sabulilitoribacter sp. BrNp1-15	2916754	S	20	5	25	0.00000
Urechidicola croceus	1850246	S	19	12	31	0.00000
Bizionia sp. M204	2675331	S	19	4	23	0.00000
Wenyingzhuangia fucanilytica	1790137	S	17	3	20	0.00000
Oceanihabitans sp. IOP_32	2529032	S	17	8	25	0.00000
Siansivirga zeaxanthinifaciens	762954	S	17	4	21	0.00000
Chryseobacterium sp. 6424	2039166	S	69	22	91	0.00001
Chryseobacterium sp. SC2-2	2929800	S	57	41	98	0.00001
Chryseobacterium sp.	1871047	S	56	28	84	0.00001
Chryseobacterium sp. cx-624	2758037	S	49	11	60	0.00000
Chryseobacterium sp. F4	2852098	S	42	2	44	0.00000
Chryseobacterium sp. ZHDP1	2838877	S	42	47	89	0.00001
Chryseobacterium sp. G0186	2487064	S	38	34	72	0.00001
Chryseobacterium sp. MEBOG07	2879939	S	34	13	47	0.00000
Chryseobacterium sp. MEBOG06	2879938	S	32	10	42	0.00000
Chryseobacterium sp. G0201	2487065	S	32	12	44	0.00000
Chryseobacterium sp. POL2	2713414	S	31	27	58	0.00000
Chryseobacterium sp. ADR-1	2929799	S	27	12	39	0.00000
Chryseobacterium sp. 3008163	2478663	S	27	18	45	0.00000
Chryseobacterium sp. DH-B6	2759528	S	24	14	38	0.00000
Chryseobacterium sp. IHB B 17019	1721091	S	24	5	29	0.00000
Chryseobacterium sp. T16E-39	2015076	S	23	3	26	0.00000
Chryseobacterium sp. Y16C	2920939	S	23	20	43	0.00000
Chryseobacterium sp. PCH239	2825845	S	22	24	46	0.00000
Chryseobacterium sp. LJ668	2864040	S	18	3	21	0.00000
Chryseobacterium sp. StRB126	878220	S	16	6	22	0.00000
Chryseobacterium sp. C-17	2898076	S	15	9	24	0.00000
Chryseobacterium sp. SNU WT5	2594269	S	14	6	20	0.00000
Chryseobacterium sp. G0162	2487063	S	12	18	30	0.00000
Chryseobacterium taklimakanense	536441	S	102	71	173	0.00001
Chryseobacterium camelliae	1265445	S	84	66	150	0.00001
Chryseobacterium indologenes	253	S	81	52	133	0.00001
Chryseobacterium indoltheticum	254	S	61	20	81	0.00001
Chryseobacterium carnipullorum	1124835	S	59	29	88	0.00001
Chryseobacterium arthrosphaerae	651561	S	54	38	92	0.00001
Chryseobacterium shandongense	1493872	S	51	42	93	0.00001
Chryseobacterium salivictor	2547600	S	50	7	57	0.00000
Chryseobacterium gleum	250	S	47	82	129	0.00001
Chryseobacterium daecheongense	192389	S	41	9	50	0.00000
Chryseobacterium aureum	2497456	S	38	12	50	0.00000
Chryseobacterium nepalense	1854498	S	37	7	44	0.00000
Chryseobacterium gallinarum	1324352	S	37	18	55	0.00000
Chryseobacterium piperi	558152	S	30	4	34	0.00000
Chryseobacterium balustinum	246	S	24	11	35	0.00000
Chryseobacterium manosquense	2754694	S	24	23	47	0.00000
Chryseobacterium joostei	112234	S	24	13	37	0.00000
Chryseobacterium lactis	1241981	S	21	29	50	0.00000
Chryseobacterium glaciei	1685010	S	17	5	22	0.00000
Chryseobacterium nakagawai	1241982	S	16	34	50	0.00000
Chryseobacterium cucumeris	1813611	S	13	10	23	0.00000
Kaistella sp. 97-N-M2	2908645	S	58	8	66	0.00000
Kaistella sp. GW4-15	2878534	S	22	2	24	0.00000
Kaistella daneshvariae	2487074	S	70	7	77	0.00001
Kaistella carnis	1241979	S	38	12	50	0.00000
Candidatus Kaistella beijingensis	2820270	S	37	15	52	0.00000
Kaistella jeonii	266749	S	36	2	38	0.00000
Kaistella antarctica	266748	S	31	3	34	0.00000
Kaistella flava (ex Peng et al. 2021)	2038776	S	31	5	36	0.00000
Epilithonimonas vandammei	2487072	S	59	109	168	0.00001
Epilithonimonas zeae	1416779	S	19	3	22	0.00000
Elizabethkingia anophelis	1117645	S	42	63	105	0.00001
Elizabethkingia meningoseptica	238	S	36	3	39	0.00000
Elizabethkingia sp. JS20170427COW	2583851	S	17	3	20	0.00000
Elizabethkingia sp. 2-6	2575699	S	12	33	45	0.00000
Elizabethkingia miricola	172045	S	24	18	42	0.00000
Elizabethkingia ursingii	1756150	S	13	3	16	0.00000
Cruoricaptor ignavus	1118202	S	100	17	117	0.00001
Empedobacter brevis	247	S	36	17	53	0.00000
Empedobacter falsenii	343874	S	24	21	45	0.00000
Apibacter raozihei	2500547	S	16	8	24	0.00000
Ornithobacterium rhinotracheale	28251	S	58	54	112	0.00001
Riemerella anatipestifer	34085	S	39	20	59	0.00000
Cloacibacterium caeni	2004710	S	21	26	47	0.00000
Weeksella virosa	1014	S	28	15	43	0.00000
Bergeyella cardium	1585976	S	28	7	35	0.00000
Faecalibacter bovis	2898187	S	18	3	21	0.00000
Blattabacterium cuenoti	1653831	S	154	47	201	0.00001
Owenweeksia hongkongensis	253245	S	51	5	56	0.00000
Croceimicrobium hydrocarbonivorans	2761580	S	51	13	64	0.00000
Fluviicola taffensis	191579	S	61	6	67	0.00000
Crocinitomix sp. GM2_3_6_6	2862509	S	36	2	38	0.00000
Candidatus Sulcia muelleri	336810	S	18	5	23	0.00000
Candidatus Walczuchella monophlebidarum	1415657	S	12	1	13	0.00000
Alistipes communis	2585118	S	612	485	1097	0.00008
Alistipes onderdonkii	328813	S	589	731	1320	0.00010
Alistipes dispar	2585119	S	572	73	645	0.00005
Alistipes finegoldii	214856	S	492	480	972	0.00007
Alistipes senegalensis	1288121	S	454	96	550	0.00004
Alistipes sp. dk3624	2662363	S	442	104	546	0.00004
Alistipes megaguti	2364787	S	409	49	458	0.00003
Alistipes indistinctus	626932	S	356	80	436	0.00003
Alistipes shahii	328814	S	355	202	557	0.00004
Prevotella sp. Rep29	2691580	S	90	13	103	0.00001
Prevotella sp. E13-17	2913616	S	84	29	113	0.00001
Prevotella sp. oral taxon 475	712471	S	67	6	73	0.00001
Prevotella sp. E15-22	2937774	S	61	43	104	0.00001
Prevotella sp. E2-28	2913620	S	49	27	76	0.00001
Prevotella sp. E9-3	2913621	S	37	18	55	0.00000
Prevotella dentalis	52227	S	302	64	366	0.00003
Prevotella denticola	28129	S	103	29	132	0.00001
Prevotella intermedia	28131	S	90	39	129	0.00001
Prevotella melaninogenica	28132	S	88	29	117	0.00001
Prevotella multiformis	282402	S	84	30	114	0.00001
Prevotella buccalis	28127	S	66	76	142	0.00001
Prevotella ruminicola	839	S	65	2	67	0.00001
Prevotella copri	165179	S	64	32	96	0.00001
Prevotella nigrescens	28133	S	43	18	61	0.00000
Prevotella enoeca	76123	S	39	6	45	0.00000
Prevotella oris	28135	S	30	3	33	0.00000
Prevotella bryantii	77095	S	29	2	31	0.00000
Prevotella fusca	589436	S	23	4	27	0.00000
Prevotella jejuni	1177574	S	16	5	21	0.00000
Prevotella herbatica	2801997	S	16	0	16	0.00000
Prevotella veroralis	28137	S	13	2	15	0.00000
Prevotella histicola	470565	S	12	2	14	0.00000
Paraprevotella xylaniphila	454155	S	76	70	146	0.00001
Pseudoprevotella muciniphila	2133944	S	71	8	79	0.00001
Bacteroides sp. CBA7301	2715212	S	61	17	78	0.00001
Bacteroides sp. M10	2763022	S	32	65	97	0.00001
Bacteroides fragilis	817	S	126	213	339	0.00003
Bacteroides thetaiotaomicron	818	S	86	56	142	0.00001
Bacteroides cellulosilyticus	246787	S	82	29	111	0.00001
Bacteroides zoogleoformans	28119	S	67	15	82	0.00001
Bacteroides eggerthii	28111	S	67	76	143	0.00001
Bacteroides stercoris	46506	S	62	63	125	0.00001
Bacteroides salyersiae	291644	S	62	63	125	0.00001
Bacteroides helcogenes	290053	S	61	3	64	0.00000
Bacteroides zhangwenhongii	2650157	S	47	31	78	0.00001
Bacteroides heparinolyticus	28113	S	46	10	56	0.00000
Bacteroides intestinalis	329854	S	45	7	52	0.00000
Bacteroides faecis	674529	S	45	36	81	0.00001
Bacteroides xylanisolvens	371601	S	43	102	145	0.00001
Bacteroides caccae	47678	S	40	16	56	0.00000
Bacteroides nordii	291645	S	39	30	69	0.00001
Bacteroides uniformis	820	S	36	120	156	0.00001
Bacteroides ovatus	28116	S	27	48	75	0.00001
Bacteroides caecimuris	1796613	S	19	26	45	0.00000
Bacteroides luhongzhouii	2650158	S	19	7	26	0.00000
Bacteroides coprosuis	151276	S	10	0	10	0.00000
Phocaeicola salanitronis	376805	S	116	53	169	0.00001
Phocaeicola coprophilus	387090	S	55	32	87	0.00001
Phocaeicola dorei	357276	S	34	54	88	0.00001
Phocaeicola vulgatus	821	S	19	22	41	0.00000
Tannerella serpentiformis	712710	S	333	17	350	0.00003
Tannerella forsythia	28112	S	153	21	174	0.00001
Parabacteroides goldsteinii	328812	S	98	26	124	0.00001
Parabacteroides merdae	46503	S	95	110	205	0.00002
Parabacteroides johnsonii	387661	S	74	62	136	0.00001
Parabacteroides distasonis	823	S	64	172	236	0.00002
Sodaliphilus pleomorphus	2606626	S	349	184	533	0.00004
Duncaniella dubosii	2518971	S	84	17	101	0.00001
Muribaculum gordoncarteri	2530390	S	102	13	115	0.00001
Muribaculum intestinale	1796646	S	80	9	89	0.00001
Porphyromonas sp. oral taxon 275	712435	S	277	31	308	0.00002
Porphyromonas gingivalis	837	S	84	16	100	0.00001
Porphyromonas asaccharolytica	28123	S	83	7	90	0.00001
Porphyromonas cangingivalis	36874	S	42	6	48	0.00000
Porphyromonas somerae	322095	S	36	10	46	0.00000
Porphyromonas endodontalis	28124	S	31	3	34	0.00000
Porphyromonas crevioricanis	393921	S	25	6	31	0.00000
Petrimonas mucosa	1642646	S	124	9	133	0.00001
Proteiniphilum saccharofermentans	1642647	S	74	5	79	0.00001
Proteiniphilum sp. JNU-WLY501	2829812	S	46	1	47	0.00000
Dysgonomonas sp. HDW5B	2714927	S	11	21	32	0.00000
Barnesiella viscericola	397865	S	161	221	382	0.00003
Coprobacter secundus	1501392	S	34	32	66	0.00000
Butyricimonas virosa	544645	S	54	10	64	0.00000
Butyricimonas faecalis	2093856	S	52	55	107	0.00001
Odoribacter splanchnicus	28118	S	54	6	60	0.00000
Paludibacter propionicigenes	185300	S	55	2	57	0.00000
Salinivirga cyanobacteriivorans	1307839	S	46	1	47	0.00000
Tenuifilum thalassicum	2590900	S	39	1	40	0.00000
Draconibacterium orientale	1168034	S	83	7	90	0.00001
Draconibacterium halophilum	2706887	S	57	4	61	0.00000
Maribellus comscasis	2681766	S	62	2	64	0.00000
Alkalitalea saponilacus	889453	S	55	4	59	0.00000
Labilibaculum antarcticum	1717717	S	36	2	38	0.00000
Rhodocaloribacter litoris	2558931	S	4327	519	4846	0.00036
Rhodothermus marinus	29549	S	4042	272	4314	0.00032
Salinibacter ruber	146919	S	2399	46	2445	0.00018
Mucilaginibacter sp. SMC90	2929803	S	164	10	174	0.00001
Mucilaginibacter sp. 14171R-50	2703789	S	156	11	167	0.00001
Mucilaginibacter sp. 21P	2778902	S	107	8	115	0.00001
Mucilaginibacter sp. F39-2	2728022	S	98	7	105	0.00001
Mucilaginibacter ginsenosidivorans	398053	S	255	10	265	0.00002
Mucilaginibacter daejeonensis	398049	S	239	15	254	0.00002
Mucilaginibacter mali	2740462	S	232	9	241	0.00002
Mucilaginibacter ginsenosidivorax	862126	S	225	10	235	0.00002
Mucilaginibacter gotjawali	1550579	S	193	6	199	0.00001
Mucilaginibacter celer	2305508	S	164	7	171	0.00001
Mucilaginibacter rubeus	2027860	S	152	374	526	0.00004
Mucilaginibacter paludis	423351	S	149	8	157	0.00001
Mucilaginibacter xinganensis	1234841	S	135	7	142	0.00001
Mucilaginibacter mallensis	652787	S	123	5	128	0.00001
Mucilaginibacter ginkgonis	2682091	S	102	5	107	0.00001
Mucilaginibacter gossypii	551996	S	70	53	123	0.00001
Pedobacter sp. PACM 27299	1727164	S	104	18	122	0.00001
Pedobacter sp. HDW13	2714940	S	87	13	100	0.00001
Pedobacter sp. SW-16	2766984	S	70	15	85	0.00001
Pedobacter sp. KBS0701	2578106	S	62	23	85	0.00001
Pedobacter sp. G11	2482728	S	59	9	68	0.00001
Pedobacter sp. D749	2856523	S	57	21	78	0.00001
Pedobacter sp. Q8-18	2895286	S	51	4	55	0.00000
Pedobacter heparinus	984	S	116	12	128	0.00001
Pedobacter endophyticus	2789740	S	99	11	110	0.00001
Pedobacter schmidteae	2201271	S	97	10	107	0.00001
Pedobacter steynii	430522	S	90	10	100	0.00001
Pedobacter roseus	336820	S	81	30	111	0.00001
Pedobacter suwonensis	332999	S	74	19	93	0.00001
Pedobacter cryoconitis	188932	S	71	8	79	0.00001
Pedobacter aquae	2605747	S	62	7	69	0.00001
Pedobacter ginsengisoli	363852	S	60	9	69	0.00001
Sphingobacterium sp. DR205	2713573	S	96	12	108	0.00001
Sphingobacterium sp. UDSM-2020	2795738	S	55	20	75	0.00001
Sphingobacterium sp. CZ-2	2557994	S	46	14	60	0.00000
Sphingobacterium sp. ML3W	1538644	S	40	15	55	0.00000
Sphingobacterium sp. PCS056	2931400	S	38	8	46	0.00000
Sphingobacterium sp. dk4302	2662364	S	30	4	34	0.00000
Sphingobacterium sp. SRCM116780	2907623	S	27	5	32	0.00000
Sphingobacterium spiritivorum	258	S	123	99	222	0.00002
Sphingobacterium lactis	797291	S	96	94	190	0.00001
Sphingobacterium thalpophilum	259	S	95	121	216	0.00002
Sphingobacterium mizutaii	1010	S	59	10	69	0.00001
Sphingobacterium multivorum	28454	S	53	148	201	0.00001
Sphingobacterium hotanense	649196	S	52	19	71	0.00001
Sphingobacterium psychroaquaticum	561061	S	46	10	56	0.00000
Sphingobacterium daejeonense	371142	S	43	14	57	0.00000
Sphingobacterium paramultivorum	2886510	S	22	32	54	0.00000
Anseongella ginsenosidimutans	496056	S	262	12	274	0.00002
Solitalea sp. S2-8	2911172	S	98	13	111	0.00001
Solitalea canadensis	995	S	82	8	90	0.00001
Olivibacter sp. LS-1	2592345	S	82	4	86	0.00001
Olivibacter sp. SDN3	2764720	S	75	12	87	0.00001
Pseudopedobacter saltans	151895	S	50	46	96	0.00001
Haliscomenobacter hydrossis	2350	S	433	7	440	0.00003
Saprospira grandis	1008	S	79	3	82	0.00001
Candidatus Sulfidibacterium hydrothermale	2875962	S	107	4	111	0.00001
Chlorobaculum limnaeum	274537	S	902	162	1064	0.00008
Chlorobaculum tepidum	1097	S	470	148	618	0.00005
Chlorobaculum parvum	274539	S	447	96	543	0.00004
Pelodictyon luteolum	1100	S	407	57	464	0.00003
Pelodictyon phaeoclathratiforme	34090	S	119	7	126	0.00001
Chlorobium limicola	1092	S	215	15	230	0.00002
Chlorobium phaeobacteroides	1096	S	119	14	133	0.00001
Chlorobium phaeovibrioides	1094	S	98	17	115	0.00001
Prosthecochloris sp. GSB1	281093	S	460	32	492	0.00004
Prosthecochloris sp. CIB 2401	1868325	S	151	37	188	0.00001
Prosthecochloris sp. HL-130-GSB	1974213	S	116	20	136	0.00001
Prosthecochloris aestuarii	1102	S	131	11	142	0.00001
Chloroherpeton thalassium	100716	S	195	4	199	0.00001
Candidatus Cyclonatronum proteinivorum	1457365	S	293	35	328	0.00002
Melioribacter roseus	1134405	S	152	14	166	0.00001
Ignavibacterium album	591197	S	88	10	98	0.00001
Gemmatirosa kalamazoonesis	861299	S	42527	4705	47232	0.00350
Gemmatimonas groenlandica	2732249	S	7453	862	8315	0.00062
Gemmatimonas aurantiaca	173480	S	5149	534	5683	0.00042
Gemmatimonas phototrophica	1379270	S	4369	609	4978	0.00037
Fibrobacter succinogenes	833	S	182	4	186	0.00001
Candidatus Cloacimonas acidaminovorans	456827	S	63	1	64	0.00000
Luteitalea sp. TBR-22	2802971	S	49033	9724	58757	0.00435
Luteitalea pratensis	1855912	S	46078	5884	51962	0.00385
Granulicella sp. WH15	2602070	S	3007	626	3633	0.00027
Granulicella sp. 5B5	1617967	S	2424	456	2880	0.00021
Granulicella mallensis	940614	S	2150	296	2446	0.00018
Granulicella tundricola	940615	S	1626	246	1872	0.00014
Terriglobus roseus	392734	S	2957	726	3683	0.00027
Terriglobus albidus	1592106	S	2339	263	2602	0.00019
Terriglobus saanensis	870903	S	1508	233	1741	0.00013
Acidobacterium capsulatum	33075	S	2688	392	3080	0.00023
Acidobacterium sp. 4Y35	2763107	S	2496	206	2702	0.00020
Candidatus Koribacter versatilis	658062	S	4152	166	4318	0.00032
Edaphobacter sp. 12200R-103	2703788	S	1648	347	1995	0.00015
Edaphobacter sp. 4G125	2763071	S	1030	185	1215	0.00009
Acidisarcina polymorpha	2211140	S	1911	165	2076	0.00015
Paludibaculum fermentans	1473598	S	8560	301	8861	0.00066
Chloracidobacterium aggregatum	2851959	S	1305	985	2290	0.00017
Chloracidobacterium validum	2821543	S	1108	24	1132	0.00008
Chloracidobacterium thermophilum	458033	S	85	399	484	0.00004
Chloracidobacterium sp. D	2821536	S	82	417	499	0.00004
Sulfidibacter corallicola	2818388	S	2534	63	2597	0.00019
Thermotomaculum hydrothermale	981385	S	88	5	93	0.00001
Nitrospira moscoviensis	42253	S	6099	549	6648	0.00049
Nitrospira japonica	1325564	S	3312	399	3711	0.00027
Candidatus Nitrospira inopinata	1715989	S	3190	283	3473	0.00026
Nitrospira sp. KM1	1936990	S	2253	211	2464	0.00018
Leptospirillum ferrooxidans	180	S	128	3	131	0.00001
Leptospirillum ferriphilum	178606	S	72	111	183	0.00001
Leptospirillum sp. Group II 'CF-1'	1660083	S	44	86	130	0.00001
Thermodesulfovibrio yellowstonii	28262	S	97	2	99	0.00001
Dissulfurispira thermophila	2715679	S	95	4	99	0.00001
Treponema brennaborense	81028	S	145	56	201	0.00001
Treponema azotonutricium	150829	S	115	4	119	0.00001
Treponema sp. Marseille-Q4132	2766701	S	85	37	122	0.00001
Treponema sp. OMZ 838	1539298	S	26	25	51	0.00000
Treponema primitia	88058	S	102	4	106	0.00001
Treponema caldarium	215591	S	90	9	99	0.00001
Treponema socranskii	53419	S	87	38	125	0.00001
Treponema parvum	138851	S	59	3	62	0.00000
Treponema vincentii	69710	S	51	48	99	0.00001
Treponema succinifaciens	167	S	48	41	89	0.00001
Treponema denticola	158	S	36	11	47	0.00000
Treponema phagedenis	162	S	35	16	51	0.00000
Treponema medium	58231	S	34	39	73	0.00001
Treponema peruense	2787628	S	29	4	33	0.00000
Treponema pedis	409322	S	12	3	15	0.00000
Spirochaeta thermophila	154	S	626	18	644	0.00005
Spirochaeta africana	46355	S	236	17	253	0.00002
Salinispira pacifica	1307761	S	110	4	114	0.00001
Sediminispirochaeta smaragdinae	55206	S	101	3	104	0.00001
Oceanispirochaeta crateris	2518645	S	42	3	45	0.00000
Sphaerochaeta associata	1129264	S	115	12	127	0.00001
Sphaerochaeta coccoides	273376	S	84	3	87	0.00001
Sphaerochaeta globosa	1131703	S	64	7	71	0.00001
Sphaerochaeta pleomorpha	1131707	S	30	5	35	0.00000
Breznakiella homolactica	2798577	S	167	11	178	0.00001
Borrelia sp. HM	1882662	S	10	74	84	0.00001
Leptospira kmetyi	408139	S	101	1	102	0.00001
Leptospira santarosai	28183	S	89	1	90	0.00001
Leptospira tipperaryensis	2564040	S	69	1	70	0.00001
Leptospira weilii	28184	S	49	1	50	0.00000
Leptospira kobayashii	1917830	S	32	0	32	0.00000
Leptospira biflexa	172	S	30	0	30	0.00000
Leptospira mayottensis	1137606	S	25	0	25	0.00000
Leptospira noguchii	28182	S	24	0	24	0.00000
Leptospira borgpetersenii	174	S	16	0	16	0.00000
Leptospira interrogans	173	S	14	127	141	0.00001
Turneriella parva	29510	S	384	4	388	0.00003
Brachyspira pilosicoli	52584	S	21	40	61	0.00000
Pyramidobacter piscolens	638849	S	663	42	705	0.00005
Fretibacterium fastidiosum	651822	S	542	9	551	0.00004
Aminomonas paucivorans	81412	S	510	56	566	0.00004
Thermanaerovibrio acidaminovorans	81462	S	246	98	344	0.00003
Thermanaerovibrio velox	108007	S	180	45	225	0.00002
Cloacibacillus porcorum	1197717	S	461	108	569	0.00004
Jonquetella anthropi	428712	S	268	47	315	0.00002
Aminobacterium colombiense	81468	S	88	5	93	0.00001
Acetomicrobium mobile	97477	S	81	2	83	0.00001
Thermovirga lienii	336261	S	49	47	96	0.00001
Candidatus Bipolaricaulis anaerobius	2026885	S	679	34	713	0.00005
Candidatus Nanosynbacter featherlites	2572088	S	41	14	55	0.00000
Candidatus Nanosynbacter lyticus	2093824	S	22	43	65	0.00000
Nanosynbacter sp. HMT-352	2899133	S	17	33	50	0.00000
Candidatus Nanosynbacter sp. HMT352	2902423	S	11	23	34	0.00000
Candidatus Saccharimonas aalborgensis	1332188	S	54	0	54	0.00000
Candidatus Babela massiliensis	673862	S	107	2	109	0.00001
Candidatus Chazhemtobacterium aquaticus	2715735	S	44	0	44	0.00000
Candidatus Absconditicoccus praedator	2735562	S	29	0	29	0.00000
Thermotoga caldifontis	1508419	S	102	161	263	0.00002
Thermotoga profunda	1508420	S	16	7	23	0.00000
Pseudothermotoga hypogea	57487	S	68	35	103	0.00001
Pseudothermotoga thermarum	119394	S	22	6	28	0.00000
Fervidobacterium pennivorans	93466	S	20	56	76	0.00001
Thermosipho ferrireducens	2571116	S	16	14	30	0.00000
Kosmotoga olearia	651457	S	37	47	84	0.00001
Kosmotoga pacifica	1330330	S	14	18	32	0.00000
Mesotoga infera	1236046	S	63	13	76	0.00001
Mesotoga prima	1184387	S	28	6	34	0.00000
Tepiditoga spiralis	2108365	S	25	5	30	0.00000
Defluviitoga tunisiensis	1006576	S	12	22	34	0.00000
Athalassotoga saccharophila	1441386	S	69	2	71	0.00001
Thermocrinis minervae	381751	S	79	10	89	0.00001
Thermocrinis albus	136094	S	28	3	31	0.00000
Thermocrinis ruber	75906	S	11	1	12	0.00000
Hydrogenobacter sp. T-8	1632019	S	50	18	68	0.00001
Aquifex aeolicus	63363	S	41	2	43	0.00000
Sulfurihydrogenibium azorense	309806	S	78	8	86	0.00001
Persephonella marina	309805	S	70	4	74	0.00001
Thermosulfidibacter takaii	412593	S	94	3	97	0.00001
Thermovibrio ammonificans	228745	S	113	19	132	0.00001
Desulfurobacterium thermolithotrophum	64160	S	32	4	36	0.00000
Thermosulfurimonas marina	2047767	S	205	16	221	0.00002
Thermosulfuriphilus ammonigenes	1936021	S	139	4	143	0.00001
Thermodesulfatator indicus	171695	S	80	7	87	0.00001
Thermodesulfobacterium geofontis	1295609	S	20	5	25	0.00000
Thermodesulfobacterium commune	1741	S	12	4	16	0.00000
Caldimicrobium thiodismutans	1653476	S	32	3	35	0.00000
Caldithrix abyssi	187145	S	390	4	394	0.00003
Geovibrio thiophilus	139438	S	90	24	114	0.00001
Mucispirillum schaedleri	248039	S	66	9	75	0.00001
Flexistipes sinusarabici	2352	S	55	9	64	0.00000
Calditerrivibrio nitroreducens	477976	S	36	7	43	0.00000
Denitrovibrio acetiphilus	118000	S	34	6	40	0.00000
Deferribacter desulfuricans	197162	S	33	8	41	0.00000
Fusobacterium sp. NSJ-57	2764326	S	20	34	54	0.00000
Fusobacterium nucleatum	851	S	17	41	58	0.00000
Fusobacterium ulcerans	861	S	14	3	17	0.00000
Fusobacterium pseudoperiodonticum	2663009	S	11	17	28	0.00000
Cetobacterium somerae	188913	S	12	2	14	0.00000
Ilyobacter polytropus	167642	S	11	1	12	0.00000
Sebaldella termitidis	826	S	15	6	21	0.00000
Desulfurispirillum indicum	936456	S	260	140	400	0.00003
Endomicrobium proavitum	1408281	S	57	13	70	0.00001
Candidatus Endomicrobium trichonymphae	1408204	S	32	6	38	0.00000
Elusimicrobium minutum	423605	S	96	1	97	0.00001
Caldisericum exile	693075	S	97	0	97	0.00001
Coprothermobacter proteolyticus	35786	S	86	21	107	0.00001
Dictyoglomus thermophilum	14	S	13	66	79	0.00001
Atribacter laminatus	2847778	S	56	1	57	0.00000
Fusarium acuminatum	5515	S	10000	559	10559	0.00078
Fusarium avenaceum	40199	S	128	4	132	0.00001
Fusarium poae	36050	S	141	45	186	0.00001
Fusarium longipes	694270	S	138	6	144	0.00001
Fusarium pseudograminearum	101028	S	114	44	158	0.00001
Fusarium sporotrichioides	5514	S	101	9	110	0.00001
Fusarium sambucinum	5128	S	95	39	134	0.00001
Fusarium venenatum	56646	S	62	112	174	0.00001
Fusarium graminearum	5518	S	49	166	215	0.00002
Fusarium culmorum	5516	S	47	43	90	0.00001
Fusarium oxysporum	5507	S	807	327	1134	0.00008
Fusarium nygamai	42673	S	211	68	279	0.00002
Fusarium fujikuroi	5127	S	123	13	136	0.00001
Fusarium thapsinum	120644	S	86	19	105	0.00001
Fusarium pseudonygamai	47755	S	78	19	97	0.00001
Fusarium verticillioides	117187	S	28	47	75	0.00001
Fusarium decemcellulare	57161	S	402	9	411	0.00003
Fusarium equiseti	61235	S	221	33	254	0.00002
Fusarium scirpi	2211609	S	127	16	143	0.00001
Fusarium graminum	86546	S	115	12	127	0.00001
Fusarium heterosporum	42747	S	109	11	120	0.00001
Fusarium dimerum	57145	S	192	6	198	0.00001
Fusarium lateritium	5523	S	186	6	192	0.00001
Fusarium chlamydosporum	86545	S	81	15	96	0.00001
Fusarium nelsonii	77846	S	75	14	89	0.00001
Fusarium musae	1042133	S	32	52	84	0.00001
Trichoderma citrinoviride	58853	S	287	35	322	0.00002
Trichoderma reesei	51453	S	278	27	305	0.00002
Trichoderma harzianum	5544	S	261	63	324	0.00002
Trichoderma afroharzianum	1567482	S	261	63	324	0.00002
Trichoderma pleuroti	500994	S	242	28	270	0.00002
Trichoderma atroviride	63577	S	196	51	247	0.00002
Trichoderma asperellum	101201	S	141	11	152	0.00001
Trichoderma gamsii	398673	S	135	21	156	0.00001
Trichoderma koningiopsis	337941	S	133	22	155	0.00001
Trichoderma hamatum	49224	S	128	11	139	0.00001
Trichoderma erinaceum	202914	S	102	17	119	0.00001
Trichoderma longibrachiatum	5548	S	37	437	474	0.00004
Trichoderma koningii	97093	S	19	216	235	0.00002
Trichoderma virens	29875	S	13	156	169	0.00001
Metarhizium album	92629	S	485	16	501	0.00004
Metarhizium guizhouense	169041	S	344	175	519	0.00004
Metarhizium rileyi	1649241	S	267	44	311	0.00002
Metarhizium acridum	92637	S	145	104	249	0.00002
Metarhizium anisopliae	5530	S	108	156	264	0.00002
Metarhizium humberi	2596975	S	98	56	154	0.00001
Metarhizium majus	1650735	S	96	41	137	0.00001
Metarhizium brunneum	500148	S	93	72	165	0.00001
Metarhizium robertsii	568076	S	57	38	95	0.00001
Ustilaginoidea virens	1159556	S	739	39	778	0.00006
Pochonia chlamydosporia	280754	S	210	14	224	0.00002
Beauveria felina	37994	S	503	28	531	0.00004
Beauveria pseudobassiana	931006	S	257	45	302	0.00002
Beauveria brongniartii	118266	S	234	69	303	0.00002
Beauveria rudraprayagi	1481906	S	132	197	329	0.00002
Beauveria bassiana	176275	S	76	119	195	0.00001
Cordyceps fumosorosea	114497	S	792	55	847	0.00006
Purpureocillium lilacinum	33203	S	1597	117	1714	0.00013
Drechmeria coniospora	98403	S	702	33	735	0.00005
Clonostachys rosea	29856	S	410	31	441	0.00003
Colletotrichum higginsianum	80884	S	962	214	1176	0.00009
Thermothielavioides terrestris	2587410	S	1349	92	1441	0.00011
Thermothelomyces thermophilus	78579	S	1120	56	1176	0.00009
Neurospora crassa	5141	S	487	25	512	0.00004
Pyricularia pennisetigena	1578925	S	386	68	454	0.00003
Pyricularia oryzae	318829	S	361	109	470	0.00003
Pyricularia grisea	148305	S	234	40	274	0.00002
Neopestalotiopsis rosae	1562205	S	145	125	270	0.00002
Neopestalotiopsis clavispora	289240	S	131	122	253	0.00002
Botrytis cinerea	40559	S	275	2	277	0.00002
Aspergillus puulaauensis	1220207	S	341	18	359	0.00003
Aspergillus luchuensis	1069201	S	297	30	327	0.00002
Aspergillus fumigatus	746128	S	224	18	242	0.00002
Aspergillus chevalieri	182096	S	208	26	234	0.00002
Aspergillus oryzae	5062	S	23	114	137	0.00001
Penicillium citrinum	5077	S	266	36	302	0.00002
Penicillium chrysogenum	5076	S	206	32	238	0.00002
Penicillium expansum	27334	S	104	30	134	0.00001
Penicillium aurantiogriseum	36655	S	98	26	124	0.00001
Penicillium digitatum	36651	S	66	10	76	0.00001
Penicillium italicum	40296	S	59	15	74	0.00001
Talaromyces rugulosus	121627	S	345	24	369	0.00003
Paecilomyces variotii	264951	S	188	15	203	0.00002
Paecilomyces niveus	5093	S	131	3	134	0.00001
Paraphaeosphaeria minitans	565426	S	444	161	605	0.00004
Ampelomyces quisqualis	50730	S	309	37	346	0.00003
Zymoseptoria tritici	1047171	S	218	3	221	0.00002
Cercospora beticola	122368	S	155	0	155	0.00001
Eremothecium gossypii	33169	S	149	126	275	0.00002
Eremothecium cymbalariae	45285	S	31	1	32	0.00000
Naumovozyma castellii	27288	S	47	3	50	0.00000
Naumovozyma dairenensis	27289	S	46	1	47	0.00000
Saccharomyces eubayanus	1080349	S	30	1	31	0.00000
Saccharomyces cerevisiae	4932	S	21	5	26	0.00000
Saccharomyces paradoxus	27291	S	16	2	18	0.00000
Lachancea thermotolerans	381046	S	68	4	72	0.00001
Tetrapisispora blattae	1071379	S	31	1	32	0.00000
Tetrapisispora phaffii	113608	S	25	0	25	0.00000
Torulaspora globosa	48254	S	32	2	34	0.00000
Torulaspora delbrueckii	4950	S	16	1	17	0.00000
Kluyveromyces marxianus	4911	S	31	6	37	0.00000
Kluyveromyces lactis	28985	S	12	1	13	0.00000
Kazachstania naganishii	588726	S	33	1	34	0.00000
[Candida] glabrata	5478	S	37	1	38	0.00000
Zygosaccharomyces rouxii	4956	S	30	1	31	0.00000
Zygotorulaspora mrakii	42260	S	27	3	30	0.00000
Candida albicans	5476	S	51	2	53	0.00000
Candida dubliniensis	42374	S	51	2	53	0.00000
Candida orthopsilosis	273371	S	32	0	32	0.00000
Scheffersomyces stipitis	4924	S	25	0	25	0.00000
Debaryomyces hansenii	4959	S	24	0	24	0.00000
Brettanomyces bruxellensis	5007	S	24	1	25	0.00000
Brettanomyces nanus	13502	S	24	3	27	0.00000
Ogataea parapolymorpha	1005962	S	46	1	47	0.00000
Pichia kudriavzevii	4909	S	32	1	33	0.00000
Yarrowia lipolytica	4952	S	112	1	113	0.00001
Sugiyamaella lignohabitans	796027	S	53	5	58	0.00000
Saccharomycodes ludwigii	36035	S	26	4	30	0.00000
Schizosaccharomyces pombe	4896	S	45	1	46	0.00000
Pseudozyma flocculosa	84751	S	1445	18	1463	0.00011
Ustilago maydis	5270	S	418	17	435	0.00003
Sporisorium graminicola	280036	S	283	62	345	0.00003
Malassezia restricta	76775	S	156	32	188	0.00001
Phlebiopsis gigantea	82310	S	387	4	391	0.00003
Rhizoctonia solani	456999	S	128	8	136	0.00001
Marasmius oreades	181124	S	82	5	87	0.00001
Cryptococcus neoformans	5207	S	73	4	77	0.00001
Cryptococcus gattii VGI	37769	S	30	24	54	0.00000
Phytophthora cinnamomi	4785	S	831	149	980	0.00007
Phytophthora fragariae	53985	S	616	94	710	0.00005
Phytophthora cryptogea	4786	S	396	34	430	0.00003
Phytophthora infestans	4787	S	335	547	882	0.00007
Phytophthora cactorum	29920	S	277	44	321	0.00002
Phytophthora boehmeriae	109152	S	208	28	236	0.00002
Phytophthora parasitica	4792	S	171	24	195	0.00001
Pythium aphanidermatum	65070	S	337	13	350	0.00003
