name	taxonomy_id	taxonomy_lvl	kraken_assigned_reads	added_reads	new_est_reads	fraction_total_reads
Streptomyces sp. BJ20	2930049	S	33502	12827	46329	0.00376
Streptomyces sp. Go 40/10	2825844	S	14762	6118	20880	0.00169
Streptomyces sp. CdTB01	1725411	S	9946	2697	12643	0.00103
Streptomyces sp. jing01	2726118	S	9382	4924	14306	0.00116
Streptomyces sp. HM190	2695266	S	9343	2789	12132	0.00098
Streptomyces sp. DSM 40868	2721173	S	9195	3168	12363	0.00100
Streptomyces sp. P3	2135430	S	9166	2186	11352	0.00092
Streptomyces sp. AMCC400023	2056258	S	8827	3455	12282	0.00100
Streptomyces sp. SAT1	1849967	S	8753	3061	11814	0.00096
Streptomyces sp. 3214.6	1882757	S	8544	2368	10912	0.00089
Streptomyces sp. WAC 01438	2203204	S	7840	2508	10348	0.00084
Streptomyces sp. Z423-1	2730915	S	7186	2005	9191	0.00075
Streptomyces sp. Go-475	2072505	S	6336	2782	9118	0.00074
Streptomyces sp. MG62	2838015	S	6312	2222	8534	0.00069
Streptomyces sp. NEAU-sy36	2751189	S	6305	2242	8547	0.00069
Streptomyces sp. SCSIO 64649	2878388	S	6280	1117	7397	0.00060
Streptomyces sp. ZYC-3	2797636	S	6215	1177	7392	0.00060
Streptomyces sp. ST1015	1848900	S	6181	1218	7399	0.00060
Streptomyces sp. SN-593	659352	S	6006	1358	7364	0.00060
Streptomyces sp. A2-16	2781734	S	5947	1774	7721	0.00063
Streptomyces sp. JB150	2714844	S	5557	1870	7427	0.00060
Streptomyces sp. MG28	2865673	S	5531	1864	7395	0.00060
Streptomyces sp. 891-h	2720714	S	5392	934	6326	0.00051
Streptomyces sp. CB01881	2078691	S	5371	1033	6404	0.00052
Streptomyces sp. BH-MK-02	2880933	S	5138	1032	6170	0.00050
Streptomyces sp. So13.3	2136173	S	4904	865	5769	0.00047
Streptomyces sp. GQFP	2907545	S	4866	791	5657	0.00046
Streptomyces sp. NA02950	2742137	S	4772	901	5673	0.00046
Streptomyces sp. NHF165	2175864	S	4724	791	5515	0.00045
Streptomyces sp. HP-A2021	2927875	S	4708	2431	7139	0.00058
Streptomyces sp. LRE541	2931983	S	4679	1003	5682	0.00046
Streptomyces sp. RTd22	1841249	S	4519	1790	6309	0.00051
Streptomyces sp. MA3_2.13	2867410	S	4485	564	5049	0.00041
Streptomyces sp. Rer75	2750011	S	4421	1940	6361	0.00052
Streptomyces sp. SCUT-3	2684469	S	4393	1662	6055	0.00049
Streptomyces sp. 3025	2923272	S	4253	726	4979	0.00040
Streptomyces sp. RPA4-2	2721244	S	3967	1112	5079	0.00041
Streptomyces sp. YIM 121038	2136401	S	3719	1049	4768	0.00039
Streptomyces sp. MBT27	1488356	S	3622	978	4600	0.00037
Streptomyces sp. SYP-A7193	2662065	S	3471	1923	5394	0.00044
Streptomyces sp. NA04227	2742136	S	3469	748	4217	0.00034
Streptomyces sp. C8S0	2585716	S	3456	940	4396	0.00036
Streptomyces sp. W1SF4	2305220	S	3342	1129	4471	0.00036
Streptomyces sp. QHH-9511	2684468	S	3341	875	4216	0.00034
Streptomyces sp. GMY02	1333528	S	3264	539	3803	0.00031
Streptomyces sp. MST-110588	2833628	S	3249	743	3992	0.00032
Streptomyces sp. GS7	2692234	S	3173	823	3996	0.00032
Streptomyces sp. CCM_MD2014	1561022	S	3156	2607	5763	0.00047
Streptomyces sp. HSG2	2797167	S	2892	565	3457	0.00028
Streptomyces sp. SUK 48	2582831	S	2850	1639	4489	0.00036
Streptomyces sp. 135	2838850	S	2827	885	3712	0.00030
Streptomyces sp. EAS-AB2608	2779671	S	2818	4267	7085	0.00058
Streptomyces sp. BHT-5-2	2866715	S	2779	834	3613	0.00029
Streptomyces sp. CB09001	2083284	S	2767	1698	4465	0.00036
Streptomyces sp. SirexAA-E	862751	S	2746	772	3518	0.00029
Streptomyces sp. PBH53	1577075	S	2687	3885	6572	0.00053
Streptomyces sp. SM18	1736046	S	2676	696	3372	0.00027
Streptomyces sp. CMB-StM0423	2059884	S	2597	1168	3765	0.00031
Streptomyces sp. HF10	2692233	S	2543	1648	4191	0.00034
Streptomyces sp. Tu 2975	2676871	S	2541	765	3306	0.00027
Streptomyces sp. S1D4-11	2721246	S	2442	1677	4119	0.00033
Streptomyces sp. WAC 01529	2203205	S	2393	803	3196	0.00026
Streptomyces sp. fd1-xmd	1812480	S	2319	947	3266	0.00027
Streptomyces sp. TN58	234612	S	2180	926	3106	0.00025
Streptomyces sp. INR7	2607753	S	2171	1028	3199	0.00026
Streptomyces sp. S4.7	2705439	S	2083	653	2736	0.00022
Streptomyces sp. WAC 06738	2203210	S	1689	1558	3247	0.00026
Streptomyces sp. YPW6	2840373	S	1563	756	2319	0.00019
Streptomyces sp. Mg1	465541	S	1478	1280	2758	0.00022
Streptomyces sp. WY228	2855836	S	1445	729	2174	0.00018
Streptomyces sp. CNQ-509	444103	S	1442	1304	2746	0.00022
Streptomyces sp. ADI95-16	1522758	S	1402	1143	2545	0.00021
Streptomyces sp. 769	1262452	S	1313	941	2254	0.00018
Streptomyces sp. AgN23	1188315	S	1286	1096	2382	0.00019
Streptomyces sp. RPA4-5	2721245	S	1162	713	1875	0.00015
Streptomyces sp. 2323.1	1938841	S	1162	673	1835	0.00015
Streptomyces sp. S8	1837283	S	1023	821	1844	0.00015
Streptomyces sp. NA02536	2742133	S	1022	2583	3605	0.00029
Streptomyces sp. 3211	1964449	S	1000	1213	2213	0.00018
Streptomyces sp. RLB1-33	2721243	S	989	2824	3813	0.00031
Streptomyces sp. S063	2005885	S	954	616	1570	0.00013
Streptomyces sp. XC 2026	2782004	S	918	774	1692	0.00014
Streptomyces sp. NEAU-S7GS2	2202000	S	874	684	1558	0.00013
Streptomyces sp. ID38640	1265399	S	843	587	1430	0.00012
Streptomyces sp. HNA39	2850561	S	832	888	1720	0.00014
Streptomyces sp. WA6-1-16	2879427	S	820	784	1604	0.00013
Streptomyces sp. MOE7	1961713	S	796	910	1706	0.00014
Streptomyces sp. Sge12	1972846	S	789	1176	1965	0.00016
Streptomyces sp. 11-1-2	1851167	S	737	1345	2082	0.00017
Streptomyces sp. M2	646637	S	716	3839	4555	0.00037
Streptomyces sp. Tue 6075	1661694	S	631	683	1314	0.00011
Streptomyces sp. CRSS-Y-16	2906474	S	597	3386	3983	0.00032
Streptomyces sp. SS52	2563602	S	592	2789	3381	0.00027
Streptomyces sp. A144	2871487	S	590	2650	3240	0.00026
Streptomyces sp. CFMR 7	1649184	S	587	959	1546	0.00013
Streptomyces sp. SGAir0924	2109593	S	557	2718	3275	0.00027
Streptomyces sp. CB00271	2750025	S	548	714	1262	0.00010
Streptomyces sp. NA03103	2742134	S	544	3461	4005	0.00033
Streptomyces sp. M56	1495638	S	530	1387	1917	0.00016
Streptomyces sp. V17-9	2831149	S	513	2382	2895	0.00023
Streptomyces sp. BSE6.1	2605730	S	509	2310	2819	0.00023
Streptomyces sp. endophyte_N2	2153485	S	507	1411	1918	0.00016
Streptomyces sp. WAC00303	2933779	S	499	686	1185	0.00010
Streptomyces sp. CLI2509	1984801	S	462	1572	2034	0.00017
Streptomyces sp. Tu6071	355249	S	451	1370	1821	0.00015
Streptomyces sp. CB09030	2913412	S	424	1376	1800	0.00015
Streptomyces sp. CB04723	2748873	S	414	703	1117	0.00009
Streptomyces sp. VN1	1821625	S	395	1623	2018	0.00016
Streptomyces sp. HU2014	2939414	S	386	1286	1672	0.00014
Streptomyces sp. PAMC 26508	1265601	S	348	1246	1594	0.00013
Streptomyces sp. KPB2	2305221	S	338	2721	3059	0.00025
Streptomyces sp. S501	2420135	S	321	1244	1565	0.00013
Streptomyces sp. LBUM 1480	2609808	S	317	3143	3460	0.00028
Streptomyces sp. WAC00288	2094021	S	299	1209	1508	0.00012
Streptomyces sp. 2114.2	1881022	S	271	1633	1904	0.00015
Streptomyces sp. S1A1-7	2594459	S	269	2593	2862	0.00023
Streptomyces sp. WA1-19	2884220	S	265	1358	1623	0.00013
Streptomyces sp. LBUM 1482	2609809	S	224	5746	5970	0.00048
Streptomyces sp. R527F	1664033	S	219	1216	1435	0.00012
Streptomyces sp. A1-5	2738410	S	199	909	1108	0.00009
Streptomyces sp. RLB3-17	2594455	S	187	3006	3193	0.00026
Streptomyces sp. GF20	2692235	S	183	991	1174	0.00010
Streptomyces sp. CA-256286	2801033	S	169	1026	1195	0.00010
Streptomyces sp. LBUM 1475	2609807	S	149	4484	4633	0.00038
Streptomyces sp. 604F	1476754	S	137	1214	1351	0.00011
Streptomyces sp. CC0208	2306165	S	134	3565	3699	0.00030
Streptomyces sp. FR-008	206662	S	123	971	1094	0.00009
Streptomyces sp. RLB3-6	2594457	S	123	3979	4102	0.00033
Streptomyces sp. NBU3104	2911367	S	117	740	857	0.00007
Streptomyces sp. PLM4	2929798	S	108	861	969	0.00008
Streptomyces sp. OUCMDZ-3434	1535304	S	99	1016	1115	0.00009
Streptomyces sp. S1D4-20	2594462	S	99	2772	2871	0.00023
Streptomyces sp. RLB1-9	2594454	S	89	5055	5144	0.00042
Streptomyces sp. GBA 94-10	1218177	S	85	1067	1152	0.00009
Streptomyces sp. PVA_94-07	1225337	S	73	1058	1131	0.00009
Streptomyces sp. A10(2020)	2782013	S	72	811	883	0.00007
Streptomyces sp. S1D4-14	2594461	S	54	3632	3686	0.00030
Streptomyces sp. S1D4-23	2594463	S	53	2924	2977	0.00024
Streptomyces sp. ICC4	2099584	S	28	1958	1986	0.00016
Streptomyces sp. ICC1	2099583	S	24	1450	1474	0.00012
Streptomyces sp. SM17	565560	S	20	797	817	0.00007
Streptomyces cyanogenus	80860	S	25081	9723	34804	0.00282
Streptomyces hygroscopicus	1912	S	15076	19802	34878	0.00283
Streptomyces rapamycinicus	1226757	S	3588	782	4370	0.00035
Streptomyces yatensis	155177	S	1422	920	2342	0.00019
Streptomyces violaceusniger	68280	S	1386	809	2195	0.00018
Streptomyces malaysiensis	92644	S	337	968	1305	0.00011
Streptomyces venezuelae	54571	S	18359	6027	24386	0.00198
Streptomyces cadmiisoli	2184053	S	5070	1099	6169	0.00050
Streptomyces qaidamensis	1783515	S	3939	1472	5411	0.00044
Streptomyces aurantiacus	47760	S	3752	776	4528	0.00037
Streptomyces alboniger	132473	S	2154	711	2865	0.00023
Streptomyces koyangensis	188770	S	1403	1272	2675	0.00022
Streptomyces harbinensis	1176198	S	15616	3810	19426	0.00158
Streptomyces griseorubiginosus	67304	S	11689	3346	15035	0.00122
Streptomyces chartreusis	1969	S	11481	4871	16352	0.00133
Streptomyces actuosus	1885	S	11168	4091	15259	0.00124
Streptomyces griseochromogenes	68214	S	10876	2621	13497	0.00110
Streptomyces incarnatus	665007	S	9225	2543	11768	0.00095
Streptomyces collinus	42684	S	9131	4756	13887	0.00113
Streptomyces capitiformicae	2014920	S	8176	1203	9379	0.00076
Streptomyces seoulensis	73044	S	7593	2523	10116	0.00082
Streptomyces davaonensis	348043	S	7528	1811	9339	0.00076
Streptomyces bingchenggensis	379067	S	7294	1228	8522	0.00069
Streptomyces asoensis	249586	S	7262	1872	9134	0.00074
Streptomyces griseus	1911	S	2745	2157	4902	0.00040
Streptomyces sp. M54	2759525	S	322	776	1098	0.00009
Streptomyces anulatus	1892	S	2001	1926	3927	0.00032
Streptomyces microflavus	1919	S	1043	4304	5347	0.00043
Streptomyces globisporus	1908	S	845	5776	6621	0.00054
Streptomyces albus	1888	S	7052	3187	10239	0.00083
Streptomyces viridosporus	67581	S	6997	2529	9526	0.00077
Streptomyces fodineus	1904616	S	6945	2145	9090	0.00074
Streptomyces tendae	1932	S	6730	2420	9150	0.00074
Streptomyces aquilus	2548456	S	6604	1690	8294	0.00067
Streptomyces cyaneochromogenes	2496836	S	6551	1675	8226	0.00067
Streptomyces galilaeus	33899	S	6527	1871	8398	0.00068
Streptomyces broussonetiae	2686304	S	6524	1711	8235	0.00067
Streptomyces antibioticus	1890	S	6427	1972	8399	0.00068
Streptomyces lincolnensis	1915	S	6269	1569	7838	0.00064
Streptomyces ferrugineus	1413221	S	6201	1755	7956	0.00065
Streptomyces lydicus	47763	S	6197	3840	10037	0.00081
Streptomyces dangxiongensis	1442032	S	6144	1857	8001	0.00065
Streptomyces formicae	1616117	S	6122	1710	7832	0.00064
Streptomyces roseochromogenus	285450	S	5929	1606	7535	0.00061
Streptomyces buecherae	2763006	S	5332	1170	6502	0.00053
Streptomyces calvus	67282	S	5327	1868	7195	0.00058
Streptomyces roseirectus	2768066	S	5226	1093	6319	0.00051
Streptomyces spectabilis	68270	S	5074	1453	6527	0.00053
Streptomyces phaeolivaceus	2653200	S	5068	1224	6292	0.00051
Streptomyces avermitilis	33903	S	5067	1256	6323	0.00051
Streptomyces tsukubensis	83656	S	5014	932	5946	0.00048
Streptomyces glaucescens	1907	S	4918	1836	6754	0.00055
Streptomyces griseoviridis	45398	S	4883	1346	6229	0.00051
Streptomyces niveus	193462	S	4871	1928	6799	0.00055
Streptomyces nodosus	40318	S	4855	1037	5892	0.00048
Streptomyces cattleya	29303	S	4812	1217	6029	0.00049
Streptomyces nigra	1827580	S	4765	1617	6382	0.00052
Streptomyces deccanensis	424188	S	4672	1731	6403	0.00052
Streptomyces armeniacus	83291	S	4649	607	5256	0.00043
Streptomyces xanthii	2768069	S	4473	1165	5638	0.00046
Streptomyces bathyalis	2710756	S	4456	635	5091	0.00041
Streptomyces pluripotens	1355015	S	4243	822	5065	0.00041
Streptomyces chromofuscus	42881	S	4185	1399	5584	0.00045
Streptomyces prasinus	67345	S	4143	1177	5320	0.00043
Streptomyces coeruleorubidus	116188	S	4084	1746	5830	0.00047
Streptomyces dengpaensis	2049881	S	4066	961	5027	0.00041
Streptomyces vietnamensis	362257	S	4037	1187	5224	0.00042
Streptomyces ambofaciens	1889	S	3984	2088	6072	0.00049
Streptomyces rimosus	1927	S	3963	863	4826	0.00039
Streptomyces hawaiiensis	67305	S	3918	1517	5435	0.00044
Streptomyces parvulus	146923	S	3901	1495	5396	0.00044
Streptomyces durmitorensis	319947	S	3810	703	4513	0.00037
Streptomyces pactum	68249	S	3746	1319	5065	0.00041
Streptomyces xinghaiensis	1038928	S	3737	977	4714	0.00038
Streptomyces genisteinicus	2768068	S	3548	968	4516	0.00037
Streptomyces tuirus	68278	S	3548	1564	5112	0.00041
Streptomyces liangshanensis	2717324	S	3543	762	4305	0.00035
Streptomyces alboflavus	67267	S	3504	846	4350	0.00035
Streptomyces globosus	68209	S	3487	1100	4587	0.00037
Streptomyces griseocarneus	51201	S	3479	1049	4528	0.00037
Streptomyces aureoverticillatus	66871	S	3445	814	4259	0.00035
Streptomyces albulus	68570	S	3428	916	4344	0.00035
Streptomyces rectiverticillatus	173860	S	3372	934	4306	0.00035
Streptomyces luteoverticillatus	66425	S	3315	944	4259	0.00035
Streptomyces olivoreticuli	68246	S	3314	813	4127	0.00033
Streptomyces clavuligerus	1901	S	3308	666	3974	0.00032
Streptomyces paludis	2282738	S	3246	606	3852	0.00031
Streptomyces ficellus	1977088	S	3137	970	4107	0.00033
Streptomyces lunaelactis	1535768	S	3063	561	3624	0.00029
Streptomyces lavendulae	1914	S	2946	896	3842	0.00031
Streptomyces subrutilus	36818	S	2889	927	3816	0.00031
Streptomyces hundungensis	1077946	S	2877	758	3635	0.00029
Streptomyces peucetius	1950	S	2866	678	3544	0.00029
Streptomyces exfoliatus	1905	S	2857	853	3710	0.00030
Streptomyces atratus	1893	S	2755	481	3236	0.00026
Streptomyces vinaceus	1960	S	2703	841	3544	0.00029
Streptomyces tirandamycinicus	2174846	S	2690	785	3475	0.00028
Streptomyces fagopyri	2662397	S	2674	794	3468	0.00028
Streptomyces katrae	68223	S	2592	850	3442	0.00028
Streptomyces pristinaespiralis	38300	S	2580	919	3499	0.00028
Streptomyces gilvosporeus	553510	S	2511	678	3189	0.00026
Streptomyces kanamyceticus	1967	S	2509	749	3258	0.00026
Streptomyces spongiicola	1690221	S	2424	807	3231	0.00026
Streptomyces nitrosporeus	28894	S	2421	591	3012	0.00024
Streptomyces mobaraensis	35621	S	2413	89011	91424	0.00742
Streptomyces gardneri	66892	S	2369	857	3226	0.00026
Streptomyces angustmyceticus	285578	S	2287	823	3110	0.00025
Streptomyces inhibens	2293571	S	2265	605	2870	0.00023
Streptomyces rutgersensis	53451	S	2228	935	3163	0.00026
Streptomyces huasconensis	1854574	S	2194	751	2945	0.00024
Streptomyces pratensis	1169025	S	2184	463	2647	0.00021
Streptomyces leeuwenhoekii	1437453	S	2182	1374	3556	0.00029
Streptomyces finlayi	67296	S	2174	423	2597	0.00021
Streptomyces qinzhouensis	2599401	S	2126	434	2560	0.00021
Streptomyces cyaneogriseus	68192	S	2112	1476	3588	0.00029
Streptomyces nojiriensis	66374	S	2032	775	2807	0.00023
Streptomyces gobiensis	2875706	S	1891	299	2190	0.00018
Streptomyces antimycoticus	68175	S	1086	1045	2131	0.00017
Streptomyces decoyicus	249567	S	1086	550	1636	0.00013
Streptomyces auratus	114687	S	998	606	1604	0.00013
Streptomyces xiamenensis	408015	S	941	758	1699	0.00014
Streptomyces lydicamycinicus	1546107	S	941	515	1456	0.00012
Streptomyces fungicidicus	68203	S	865	2350	3215	0.00026
Streptomyces platensis	58346	S	843	578	1421	0.00012
Streptomyces coelicolor	1902	S	276	2073	2349	0.00019
Streptomyces albidoflavus	1886	S	269	3764	4033	0.00033
Streptomyces sampsonii	42239	S	171	1294	1465	0.00012
Streptomyces olivaceus	47716	S	683	2368	3051	0.00025
Streptomyces alfalfae	1642299	S	636	3423	4059	0.00033
Streptomyces filamentosus	67294	S	586	682	1268	0.00010
Streptomyces californicus	67351	S	535	1642	2177	0.00018
Streptomyces cavourensis	67258	S	508	864	1372	0.00011
Streptomyces griseofuscus	146922	S	495	2107	2602	0.00021
Streptomyces mirabilis	68239	S	427	2439	2866	0.00023
Streptomyces murinus	33900	S	410	1095	1505	0.00012
Streptomyces fradiae	1906	S	395	5752	6147	0.00050
Streptomyces albireticuli	1940	S	306	1228	1534	0.00012
Streptomyces scabiei	1930	S	303	2563	2866	0.00023
Streptomyces autolyticus	75293	S	290	939	1229	0.00010
Streptomyces noursei	1971	S	269	1010	1279	0.00010
Streptomyces lividans	1916	S	242	3380	3622	0.00029
Streptomyces cinereoruber	67260	S	212	1054	1266	0.00010
Streptomyces rochei	1928	S	163	1160	1323	0.00011
Streptomyces rubrolavendulae	285473	S	149	1022	1171	0.00010
Streptomyces violaceoruber	1935	S	134	559	693	0.00006
Kitasatospora sp. MMS16-BH015	2018025	S	3818	1109	4927	0.00040
Kitasatospora sp. NA04385	2742135	S	3200	1595	4795	0.00039
Kitasatospora setae	2066	S	3307	1590	4897	0.00040
Kitasatospora aureofaciens	1894	S	2692	981	3673	0.00030
Kitasatospora albolonga	68173	S	1057	736	1793	0.00015
Streptacidiphilus sp. P02-A3a	2704468	S	3797	1055	4852	0.00039
Streptacidiphilus sp. PB12-B1b	2705012	S	3137	1110	4247	0.00034
Streptacidiphilus bronchialis	2126346	S	4729	1356	6085	0.00049
Yinghuangia sp. ASG 101	2896848	S	4852	737	5589	0.00045
Microbacterium sp. No. 7	1714373	S	2948	1292	4240	0.00034
Microbacterium sp. 4R-513	2567934	S	2555	457	3012	0.00024
Microbacterium sp. 10M-3C3	2483401	S	2396	740	3136	0.00025
Microbacterium sp. JZ31	1906274	S	2198	588	2786	0.00023
Microbacterium sp. SSW1-51	2851650	S	1761	441	2202	0.00018
Microbacterium sp. ABRD_28	2268461	S	1681	222	1903	0.00015
Microbacterium sp. YJN-G	2763257	S	1635	527	2162	0.00018
Microbacterium sp. XT11	367477	S	1588	331	1919	0.00016
Microbacterium sp. BH-3-3-3	1906742	S	1575	364	1939	0.00016
Microbacterium sp. NIBRBAC000506063	2734618	S	1393	561	1954	0.00016
Microbacterium sp. cx-55	2875948	S	1370	196	1566	0.00013
Microbacterium sp. LKL04	912630	S	1335	308	1643	0.00013
Microbacterium sp. PM5	2014534	S	1334	239	1573	0.00013
Microbacterium sp. SSW1-36	2851648	S	1320	287	1607	0.00013
Microbacterium sp. Y-01	2048898	S	1281	511	1792	0.00015
Microbacterium sp. A18JL241	2782166	S	1271	287	1558	0.00013
Microbacterium sp. H1-D42	2925844	S	1248	198	1446	0.00012
Microbacterium sp. 1S1	2606451	S	1024	447	1471	0.00012
Microbacterium sp. CBA3102	2603598	S	1004	247	1251	0.00010
Microbacterium sp. TPU 3598	1938334	S	893	236	1129	0.00009
Microbacterium sp. Nx66	2766784	S	824	552	1376	0.00011
Microbacterium sp. RG1	2489212	S	537	406	943	0.00008
Microbacterium sp. SGAir0570	2070348	S	231	811	1042	0.00008
Microbacterium sp. 1.5R	1916917	S	229	958	1187	0.00010
Microbacterium sp. CGR1	1696072	S	229	991	1220	0.00010
Microbacterium sp. PAMC22086	2861281	S	202	424	626	0.00005
Microbacterium sp. str. 'China'	2103230	S	145	752	897	0.00007
Microbacterium sp. PAMC 28756	1795053	S	61	955	1016	0.00008
Microbacterium sp. Se5.02b	2864103	S	14	1388	1402	0.00011
Microbacterium sp. KUDC0406	2909588	S	13	1265	1278	0.00010
Microbacterium cremeum	2782169	S	4798	982	5780	0.00047
Microbacterium atlanticum	2782168	S	3250	693	3943	0.00032
Microbacterium hominis	162426	S	3080	8481	11561	0.00094
Microbacterium foliorum	104336	S	3060	618	3678	0.00030
Microbacterium oleivorans	273677	S	2640	497	3137	0.00025
Microbacterium lemovicicum	1072463	S	2051	449	2500	0.00020
Microbacterium resistens	156977	S	2029	359	2388	0.00019
Microbacterium sediminis	904291	S	1956	860	2816	0.00023
Microbacterium oryzae	743009	S	1797	508	2305	0.00019
Microbacterium pygmaeum	370764	S	1756	212	1968	0.00016
Microbacterium testaceum	2033	S	1686	299	1985	0.00016
Microbacterium aurum	36805	S	1638	504	2142	0.00017
Microbacterium caowuchunii	2614638	S	1572	286	1858	0.00015
Microbacterium wangchenii	2541726	S	1544	339	1883	0.00015
Microbacterium chocolatum	84292	S	1496	324	1820	0.00015
Microbacterium luteum	2782167	S	1450	592	2042	0.00017
Microbacterium lushaniae	2614639	S	1418	315	1733	0.00014
Microbacterium protaetiae	2509458	S	1414	310	1724	0.00014
Microbacterium oxydans	82380	S	1322	1004	2326	0.00019
Microbacterium esteraromaticum	57043	S	1298	278	1576	0.00013
Microbacterium hydrocarbonoxydans	273678	S	975	170	1145	0.00009
Microbacterium schleiferi	69362	S	959	315	1274	0.00010
Microbacterium fandaimingii	2708079	S	708	55	763	0.00006
Microbacterium binotii	462710	S	542	403	945	0.00008
Microbacterium chengjingii	2769067	S	505	25	530	0.00004
Microbacterium amylolyticum	936337	S	480	98	578	0.00005
Microbacterium endophyticum	1526412	S	305	19	324	0.00003
Microbacterium paraoxydans	199592	S	235	1569	1804	0.00015
Microbacterium paludicola	300019	S	231	847	1078	0.00009
Agromyces sp. H17E-10	2932244	S	2877	1010	3887	0.00032
Agromyces sp. LHK192	2498704	S	2632	813	3445	0.00028
Agromyces sp. CFWR-12	2929802	S	2004	1258	3262	0.00026
Agromyces soli	659012	S	2970	1136	4106	0.00033
Agromyces flavus	589382	S	2898	964	3862	0.00031
Agromyces aureus	453304	S	2317	689	3006	0.00024
Agromyces protaetiae	2509455	S	2234	664	2898	0.00024
Agromyces archimandritae	2781962	S	2055	609	2664	0.00022
Agromyces marinus	1389020	S	2030	774	2804	0.00023
Agromyces intestinalis	2592652	S	1957	1157	3114	0.00025
Agromyces laixinhei	2585717	S	1640	395	2035	0.00017
Agromyces badenianii	2080742	S	1615	555	2170	0.00018
Curtobacterium sp. BH-2-1-1	1905847	S	1564	534	2098	0.00017
Curtobacterium sp. L6-1	2841594	S	1465	482	1947	0.00016
Curtobacterium sp. MR_MD2014	1561023	S	1100	528	1628	0.00013
Curtobacterium sp. YC1	2795488	S	1080	505	1585	0.00013
Curtobacterium sp. TC1	2862880	S	959	516	1475	0.00012
Curtobacterium sp. 24E2	2804758	S	935	534	1469	0.00012
Curtobacterium sp. SGAir0471	2070337	S	814	706	1520	0.00012
Curtobacterium sp. TXMA1	2876939	S	653	586	1239	0.00010
Curtobacterium sp. C1	2898151	S	327	1118	1445	0.00012
Curtobacterium sp. Csp2	2495430	S	280	1094	1374	0.00011
Curtobacterium sp. Csp1	2495429	S	29	751	780	0.00006
Curtobacterium flaccumfaciens	2035	S	2372	1082	3454	0.00028
Curtobacterium luteum	33881	S	1632	591	2223	0.00018
Rathayibacter sp. VKM Ac-2759	2609252	S	2004	736	2740	0.00022
Rathayibacter sp. VKM Ac-2760	2609253	S	1796	961	2757	0.00022
Rathayibacter sp. VKM Ac-2804	2609257	S	1239	951	2190	0.00018
Rathayibacter sp. VKM Ac-2801	2609255	S	769	737	1506	0.00012
Rathayibacter sp. VKM Ac-2762	2609254	S	358	989	1347	0.00011
Rathayibacter sp. VKM Ac-2805	2609258	S	285	812	1097	0.00009
Rathayibacter festucae	110937	S	2022	2279	4301	0.00035
Rathayibacter tanaceti	1671680	S	1210	323	1533	0.00012
Rathayibacter tritici	33888	S	744	236	980	0.00008
Rathayibacter iranicus	59737	S	707	95	802	0.00007
Rathayibacter rathayi	33887	S	678	189	867	0.00007
Rathayibacter toxicus	145458	S	263	21	284	0.00002
Leucobacter sp. H25R-14	2932245	S	1487	248	1735	0.00014
Leucobacter sp. NB 10	2873270	S	1461	410	1871	0.00015
Leucobacter sp. Psy1	2875729	S	1178	149	1327	0.00011
Leucobacter sp. CX169	2813744	S	931	250	1181	0.00010
Leucobacter sp. H21R-36	2932246	S	471	1249	1720	0.00014
Leucobacter sp. H21R-40	2932247	S	390	1035	1425	0.00012
Leucobacter muris	1935379	S	1588	581	2169	0.00018
Leucobacter triazinivorans	1784719	S	1390	687	2077	0.00017
Leucobacter luti	340320	S	521	46	567	0.00005
Leucobacter insecticola	2714934	S	425	34	459	0.00004
Leucobacter viscericola	2714935	S	397	38	435	0.00004
Leucobacter denitrificans	683042	S	293	43	336	0.00003
Leucobacter coleopterorum	2714933	S	272	27	299	0.00002
Leifsonia sp. 21MFCrub1.1	1798223	S	2149	2705	4854	0.00039
Leifsonia sp. ZF2019	2781978	S	2074	621	2695	0.00022
Leifsonia sp. PS1209	2724914	S	1907	565	2472	0.00020
Leifsonia shinshuensis	150026	S	2790	883	3673	0.00030
Leifsonia xyli	1575	S	1512	218	1730	0.00014
Agrococcus sp. SGAir0287	2070347	S	2416	796	3212	0.00026
Agrococcus sp. SCSIO52902	2933290	S	2214	1171	3385	0.00027
Agrococcus sp. Marseille-Q4369	2810513	S	2195	841	3036	0.00025
Agrococcus jejuensis	399736	S	2405	825	3230	0.00026
Agrococcus carbonis	684552	S	2273	1136	3409	0.00028
Clavibacter michiganensis	28447	S	8798	9114	17912	0.00145
Clavibacter zhangzhiyongii	2768071	S	1185	613	1798	0.00015
Clavibacter sp. A6099	2860285	S	590	412	1002	0.00008
Protaetiibacter sp. SSC-01	2759943	S	2297	945	3242	0.00026
Protaetiibacter intestinalis	2419774	S	2218	889	3107	0.00025
Protaetiibacter larvae	2592654	S	1599	564	2163	0.00018
Salinibacterium sp. ZJ450	2708338	S	1386	227	1613	0.00013
Salinibacterium sp. ZJ70	2708084	S	1314	364	1678	0.00014
Salinibacterium sp. dk2585	2603292	S	1003	175	1178	0.00010
Salinibacterium sp. M195	2583374	S	312	34	346	0.00003
Salinibacterium sp. UTAS2018	2508880	S	310	29	339	0.00003
Salinibacterium hongtaonis	2079791	S	497	53	550	0.00004
Cryobacterium sp. LW097	1978566	S	1081	239	1320	0.00011
Cryobacterium sp. PAMC25264	2861288	S	564	359	923	0.00007
Cryobacterium soli	2220095	S	795	437	1232	0.00010
Cryobacterium arcticum	670052	S	662	531	1193	0.00010
Frondihabitans sp. PAMC 28766	1795630	S	1872	271	2143	0.00017
Frondihabitans sp. 762G35	1446794	S	1741	411	2152	0.00017
Microcella flavibacter	1804990	S	1907	980	2887	0.00023
Microcella alkaliphila	279828	S	1150	216	1366	0.00011
Plantibacter sp. PA-3-X8	2480625	S	599	583	1182	0.00010
Plantibacter sp. M259	2583822	S	587	554	1141	0.00009
Plantibacter flavus	150123	S	630	544	1174	0.00010
Microterricola viridarii	412690	S	3022	802	3824	0.00031
Cnuibacter physcomitrellae	1619308	S	2304	547	2851	0.00023
Gryllotalpicola protaetiae	2419771	S	2271	467	2738	0.00022
Herbiconiux sp. SALV-R1	2735133	S	2151	468	2619	0.00021
Frigoribacterium sp. NBH87	2596916	S	2068	663	2731	0.00022
Mycetocola zhujimingii	2079792	S	768	93	861	0.00007
Mycetocola sp. JXN-3	2116510	S	675	104	779	0.00006
Mycetocola spongiae	2859226	S	540	72	612	0.00005
Subtercola sp. AK-R2A1-2	2895559	S	1128	105	1233	0.00010
Subtercola sp. PAMC28395	2846775	S	643	64	707	0.00006
Chryseoglobus indicus	2750620	S	381	817	1198	0.00010
Chryseoglobus sp. 28M-23	2772253	S	324	659	983	0.00008
Humibacter sp. WJ7-1	2599293	S	1778	428	2206	0.00018
Amnibacterium sp. L3-i23	2905871	S	1697	441	2138	0.00017
Gulosibacter sediminis	1729695	S	1503	460	1963	0.00016
Marisediminicola antarctica	674079	S	1468	194	1662	0.00013
Diaminobutyricimonas sp. LJ205	2683590	S	1107	223	1330	0.00011
Glaciihabitans sp. INWT7	2596912	S	958	81	1039	0.00008
Agreia sp. COWG	2773266	S	932	119	1051	0.00009
Rhodoluna limnophila	232537	S	69	5	74	0.00001
Candidatus Rhodoluna planktonica	535712	S	59	3	62	0.00001
Rhodoluna lacicola	529884	S	35	2	37	0.00000
Aquiluna borgnonia	2499157	S	97	10	107	0.00001
Candidatus Aquiluna sp. UB-MaderosW2red	1855377	S	56	4	60	0.00000
Pseudoclavibacter sp. Marseille-Q3772	2866588	S	233	45	278	0.00002
Aurantimicrobium photophilum	1987356	S	62	5	67	0.00001
Aurantimicrobium minutum	708131	S	34	11	45	0.00000
Aurantimicrobium sp. MWH-Uga1	2079575	S	31	10	41	0.00000
Pontimonas salivibrio	1159327	S	100	4	104	0.00001
Arthrobacter sp. NicSoilC5	2831000	S	3398	1677	5075	0.00041
Arthrobacter sp. QL17	2895818	S	1698	379	2077	0.00017
Arthrobacter sp. QXT-31	1357915	S	1693	430	2123	0.00017
Arthrobacter sp. FW305-BF8	2879617	S	1502	379	1881	0.00015
Arthrobacter sp. NicSoilB8	2830998	S	1374	335	1709	0.00014
Arthrobacter sp. PM3	2017685	S	1370	221	1591	0.00013
Arthrobacter sp. UKPF54-2	2600159	S	1264	501	1765	0.00014
Arthrobacter sp. KBS0702	2578107	S	1226	458	1684	0.00014
Arthrobacter sp. PAMC25564	2565366	S	1195	303	1498	0.00012
Arthrobacter sp. 24S4-2	2575374	S	1135	238	1373	0.00011
Arthrobacter sp. U41	1849032	S	1129	304	1433	0.00012
Arthrobacter sp. ERGS1:01	1704044	S	1115	196	1311	0.00011
Arthrobacter sp. NicSoilB4	2830997	S	1086	320	1406	0.00011
Arthrobacter sp. FB24	290399	S	1027	322	1349	0.00011
Arthrobacter sp. PGP41	2079227	S	1011	350	1361	0.00011
Arthrobacter sp. Helios	2828862	S	1010	150	1160	0.00009
Arthrobacter sp. FW306-2-2C-D06B	2879618	S	885	156	1041	0.00008
Arthrobacter sp. PAMC25284	2861279	S	789	187	976	0.00008
Arthrobacter sp. zg-Y462	2886936	S	786	145	931	0.00008
Arthrobacter sp. PAMC 25486	1494608	S	641	94	735	0.00006
Arthrobacter sp. zg-Y809	2886940	S	580	193	773	0.00006
Arthrobacter sp. NtRootA1	2830983	S	487	141	628	0.00005
Arthrobacter sp. StoSoilB5	2830992	S	477	128	605	0.00005
Arthrobacter sp. StoSoilB20	2830995	S	468	126	594	0.00005
Arthrobacter sp. NicSoilB11	2830999	S	439	1678	2117	0.00017
Arthrobacter sp. FW306-06-A	2879621	S	423	1424	1847	0.00015
Arthrobacter sp. D5-1	1477518	S	412	258	670	0.00005
Arthrobacter sp. YN	2020486	S	360	145	505	0.00004
Arthrobacter sp. StoSoilB19	2830994	S	308	1353	1661	0.00013
Arthrobacter sp. C1-1	2813727	S	260	32	292	0.00002
Arthrobacter sp. FW306-07-I	2879622	S	255	1370	1625	0.00013
Arthrobacter sp. FW306-05-C	2879620	S	243	1220	1463	0.00012
Arthrobacter sp. StoSoilB13	2830993	S	131	230	361	0.00003
Arthrobacter sp. StoSoilA2	2830990	S	126	215	341	0.00003
Arthrobacter sp. AQ5-05	2184581	S	25	445	470	0.00004
Arthrobacter crystallopoietes	37928	S	3203	536	3739	0.00030
Arthrobacter agilis	37921	S	2606	379	2985	0.00024
Arthrobacter sulfonylureivorans	2486855	S	2027	305	2332	0.00019
Arthrobacter woluwensis	156980	S	1193	254	1447	0.00012
Arthrobacter dokdonellae	2211210	S	1147	177	1324	0.00011
Arthrobacter jiangjiafuii	2817475	S	849	212	1061	0.00009
Arthrobacter alpinus	656366	S	718	1076	1794	0.00015
Arthrobacter sunyaminii	2816859	S	586	181	767	0.00006
Kocuria rosea	1275	S	2404	741	3145	0.00026
Kocuria flava	446860	S	2121	1046	3167	0.00026
Kocuria turfanensis	388357	S	2022	681	2703	0.00022
Kocuria palustris	71999	S	1243	478	1721	0.00014
Kocuria rhizophila	72000	S	949	1458	2407	0.00020
Kocuria varians	1272	S	771	536	1307	0.00011
Kocuria sp. TGY1127_2	2711328	S	318	51	369	0.00003
Kocuria sp. KD4	2719588	S	168	283	451	0.00004
Kocuria sp. BT304	1702043	S	85	431	516	0.00004
Kocuria indica	1049583	S	177	350	527	0.00004
Pseudarthrobacter sp. L1SW	2851598	S	842	330	1172	0.00010
Pseudarthrobacter sp. BIM B-2242	2772401	S	824	190	1014	0.00008
Pseudarthrobacter sp. NBSH8	2596911	S	459	168	627	0.00005
Pseudarthrobacter sp. NIBRBAC000502772	2590775	S	407	300	707	0.00006
Pseudarthrobacter sp. SSS035	2931399	S	402	357	759	0.00006
Pseudarthrobacter sp. NIBRBAC000502770	2590785	S	353	982	1335	0.00011
Pseudarthrobacter sp. NIBRBAC000502771	2590774	S	348	1066	1414	0.00011
Pseudarthrobacter phenanthrenivorans	361575	S	878	418	1296	0.00011
Pseudarthrobacter chlorophenolicus	85085	S	865	303	1168	0.00009
Pseudarthrobacter equi	728066	S	784	288	1072	0.00009
Pseudarthrobacter psychrotolerans	2697569	S	609	239	848	0.00007
Pseudarthrobacter sulfonivorans	121292	S	334	353	687	0.00006
Micrococcus luteus	1270	S	2607	4746	7353	0.00060
Micrococcus sp. KD337-16	2856555	S	1151	701	1852	0.00015
Micrococcus sp. KBS0714	1179670	S	32	266	298	0.00002
Micrococcus yunnanensis	566027	S	33	258	291	0.00002
Sinomonas atrocyanea	37927	S	2678	867	3545	0.00029
Sinomonas sp. R1AF57	2020377	S	2408	569	2977	0.00024
Glutamicibacter creatinolyticus	162496	S	873	181	1054	0.00009
Glutamicibacter protophormiae	37930	S	867	446	1313	0.00011
Glutamicibacter halophytocola	1933880	S	409	70	479	0.00004
Glutamicibacter mishrai	1775880	S	322	68	390	0.00003
Glutamicibacter arilaitensis	256701	S	270	99	369	0.00003
Glutamicibacter nicotianae	37929	S	198	582	780	0.00006
Glutamicibacter sp. ZJUTW	1155384	S	60	270	330	0.00003
Paenarthrobacter ureafaciens	37931	S	1297	1843	3140	0.00025
Paenarthrobacter aurescens	43663	S	525	274	799	0.00006
Paenarthrobacter sp. YJN-5	2735316	S	244	497	741	0.00006
Paenarthrobacter sp. YJN-D	2735317	S	112	225	337	0.00003
Paenarthrobacter nicotinovorans	29320	S	117	200	317	0.00003
Rothia kristinae	37923	S	1342	784	2126	0.00017
Rothia mucilaginosa	43675	S	375	66	441	0.00004
Rothia nasimurium	85336	S	198	74	272	0.00002
Rothia aeria	172042	S	155	66	221	0.00002
Rothia dentocariosa	2047	S	109	55	164	0.00001
Rothia amarae	169480	S	72	31	103	0.00001
Rothia terrae	396015	S	71	29	100	0.00001
Rothia sp. ZJ932	2810516	S	69	10	79	0.00001
Citricoccus sp. SGAir0253	2567881	S	2178	584	2762	0.00022
Nesterenkonia sp. NBAIMH1	2600320	S	705	44	749	0.00006
Paeniglutamicibacter sp. Y32M11	2853258	S	389	55	444	0.00004
Psychromicrobium lacuslunae	1618207	S	273	29	302	0.00002
Neomicrococcus aestuarii	556325	S	249	84	333	0.00003
Auritidibacter sp. NML130574	2170745	S	176	18	194	0.00002
Renibacterium salmoninarum	1646	S	155	8	163	0.00001
Cellulomonas sp. H30R-01	2704467	S	4529	1974	6503	0.00053
Cellulomonas sp. Y8	2591145	S	4235	2013	6248	0.00051
Cellulomonas sp. JZ18	2654191	S	3262	1556	4818	0.00039
Cellulomonas sp. C5510	2871170	S	3120	1402	4522	0.00037
Cellulomonas sp. zg-ZUI188	2819978	S	2778	865	3643	0.00030
Cellulomonas sp. zg-ZUI157	2819979	S	2559	995	3554	0.00029
Cellulomonas sp. zg-ZUI222	2816956	S	2552	1066	3618	0.00029
Cellulomonas sp. EW123	2608402	S	2336	1535	3871	0.00031
Cellulomonas sp. PSBB021	2003551	S	2183	1972	4155	0.00034
Cellulomonas fimi	1708	S	3352	2981	6333	0.00051
Cellulomonas iranensis	76862	S	2972	1542	4514	0.00037
Cellulomonas shaoxiangyii	2566013	S	2900	1334	4234	0.00034
Cellulomonas flavigena	1711	S	2582	1098	3680	0.00030
Cellulomonas gilvus	11	S	2341	1151	3492	0.00028
Cellulomonas taurus	2729175	S	1754	609	2363	0.00019
Actinotalea sp. JY-7876	2758442	S	3041	1212	4253	0.00035
Oerskovia sp. KBS0722	1179673	S	2406	848	3254	0.00026
Pseudactinotalea sp. HY158	2654547	S	2179	341	2520	0.00020
Paraoerskovia marina	545619	S	1674	474	2148	0.00017
Janibacter melonis	262209	S	3079	1122	4201	0.00034
Janibacter limosus	53458	S	1980	568	2548	0.00021
Janibacter indicus	857417	S	1058	1661	2719	0.00022
Janibacter sp. YB324	2761047	S	694	1466	2160	0.00018
Phycicoccus sp. HDW14	2714941	S	4123	1452	5575	0.00045
Phycicoccus endophyticus	1690220	S	3376	1050	4426	0.00036
Pedococcus dokdonensis	443156	S	4663	1493	6156	0.00050
Tetrasphaera sp. HKS02	1813880	S	3745	1056	4801	0.00039
Intrasporangium calvum	53358	S	3538	976	4514	0.00037
Arsenicicoccus sp. oral taxon 190	1658671	S	2911	1208	4119	0.00033
Cellulosimicrobium cellulans	1710	S	6704	7446	14150	0.00115
Cellulosimicrobium sp. BI34T	2587808	S	2731	1368	4099	0.00033
Cellulosimicrobium sp. JZ28	1906273	S	605	1469	2074	0.00017
Cellulosimicrobium sp. 72-3	2731680	S	305	1409	1714	0.00014
Cellulosimicrobium sp. TH-20	1980001	S	284	1352	1636	0.00013
Xylanimonas protaetiae	2509457	S	2854	1405	4259	0.00035
Xylanimonas cellulosilytica	186189	S	2461	971	3432	0.00028
Xylanimonas allomyrinae	2509459	S	2388	833	3221	0.00026
Isoptericola variabilis	139208	S	3320	1949	5269	0.00043
Isoptericola dokdonensis	372663	S	2718	1163	3881	0.00031
Ornithinimicrobium avium	2283195	S	3134	882	4016	0.00033
Ornithinimicrobium sp. HY006	2508882	S	2091	747	2838	0.00023
Ornithinimicrobium sp. INDO-MA30-4	2908651	S	345	64	409	0.00003
Ornithinimicrobium flavum	1288636	S	2083	714	2797	0.00023
Ornithinimicrobium ciconiae	2594265	S	1721	279	2000	0.00016
Ornithinimicrobium pratense	2593973	S	1366	415	1781	0.00014
Serinicoccus chungangensis	767452	S	2256	806	3062	0.00025
Serinicoccus hydrothermalis	1758689	S	1949	923	2872	0.00023
Serinicoccus marinus	247333	S	1788	894	2682	0.00022
Serinicoccus profundi	1078471	S	1788	676	2464	0.00020
Georgenia yuyongxinii	2589797	S	6022	1609	7631	0.00062
Georgenia sp. TF02-10	2917725	S	4311	1759	6070	0.00049
Georgenia wutianyii	2585135	S	3134	1194	4328	0.00035
Georgenia faecalis	2483799	S	2829	872	3701	0.00030
Brachybacterium sp. CBA3105	2887346	S	2197	527	2724	0.00022
Brachybacterium sp. SGAir0954	2571029	S	2165	628	2793	0.00023
Brachybacterium sp. P6-10-X1	1903186	S	1682	305	1987	0.00016
Brachybacterium faecium	43669	S	1690	541	2231	0.00018
Brachybacterium saurashtrense	556288	S	1619	482	2101	0.00017
Brachybacterium ginsengisoli	1331682	S	1583	481	2064	0.00017
Brachybacterium vulturis	2017484	S	1106	428	1534	0.00012
Brachybacterium avium	2017485	S	1025	397	1422	0.00012
Dermabacter vaginalis	1630135	S	491	335	826	0.00007
Dermabacter jinjuensis	1667168	S	448	373	821	0.00007
Devriesea agamarum	472569	S	262	14	276	0.00002
Brevibacterium sp. CS2	2575923	S	1979	859	2838	0.00023
Brevibacterium sp. SMBL_HHYL_HB1	2777556	S	790	196	986	0.00008
Brevibacterium sp. HY170	2898795	S	298	101	399	0.00003
Brevibacterium sp. 'Marine'	2725563	S	270	210	480	0.00004
Brevibacterium sp. W7.2	2823518	S	243	1353	1596	0.00013
Brevibacterium casei	33889	S	1980	1534	3514	0.00029
Brevibacterium luteolum	199591	S	1049	451	1500	0.00012
Brevibacterium linens	1703	S	965	662	1627	0.00013
Brevibacterium aurantiacum	273384	S	622	453	1075	0.00009
Brevibacterium oceani	358099	S	620	153	773	0.00006
Brevibacterium atlanticum	2697563	S	606	140	746	0.00006
Brevibacterium sandarakinum	629680	S	538	109	647	0.00005
Brevibacterium limosum	2697565	S	474	196	670	0.00005
Brevibacterium siliguriense	1136497	S	335	111	446	0.00004
Brevibacterium pigmentatum	1496080	S	262	223	485	0.00004
Dermacoccus nishinomiyaensis	1274	S	2003	932	2935	0.00024
Dermacoccus sp. PAMC28757	2762331	S	1425	544	1969	0.00016
Luteipulveratus mongoliensis	571913	S	2421	365	2786	0.00023
Allobranchiibius sp. GilTou73	2904523	S	2041	485	2526	0.00021
Yimella sp. cx-51	2770551	S	1315	279	1594	0.00013
Haloactinobacterium kanbiaonis	2675754	S	2985	472	3457	0.00028
Ruania sp. LR1S40	2897774	S	1770	405	2175	0.00018
Ruania sp. M4N3S171	2897773	S	1034	165	1199	0.00010
Ruania zhangjianzhongii	2603206	S	1724	185	1909	0.00015
Ruania alkalisoli	2779775	S	1223	235	1458	0.00012
Pengzhenrongella sicca	2819238	S	3765	1138	4903	0.00040
Luteimicrobium xylanilyticum	1133546	S	3089	1053	4142	0.00034
Beutenbergia cavernae	84757	S	3879	714	4593	0.00037
Miniimonas sp. S16	2171623	S	2608	1546	4154	0.00034
Sanguibacter keddieii	60920	S	2312	749	3061	0.00025
Sanguibacter sp. HDW7	2714931	S	2152	735	2887	0.00023
Gephyromycinifex aptenodytis	2716227	S	976	115	1091	0.00009
Austwickia chelonae	100225	S	767	60	827	0.00007
Dermatophilus congolensis	1863	S	199	17	216	0.00002
Kytococcus sedentarius	1276	S	1864	728	2592	0.00021
Demequina sp. TMPB413	2881056	S	745	61	806	0.00007
Jonesia denitrificans	43674	S	91	16	107	0.00001
Tropheryma whipplei	2039	S	35	0	35	0.00000
Mycolicibacterium rutilum	370526	S	10518	2834	13352	0.00108
Mycolicibacterium litorale	758802	S	6729	1708	8437	0.00068
Mycolicibacterium celeriflavum	1249101	S	5363	934	6297	0.00051
Mycolicibacterium pulveris	36813	S	4909	747	5656	0.00046
Mycolicibacterium fortuitum	1766	S	4453	1597	6050	0.00049
Mycolicibacterium smegmatis	1772	S	4330	2317	6647	0.00054
Mycolicibacterium sp. YH-1	2908837	S	2435	2057	4492	0.00036
Mycolicibacterium phlei	1771	S	4267	1314	5581	0.00045
Mycolicibacterium moriokaense	39691	S	4245	467	4712	0.00038
Mycolicibacterium vaccae	1810	S	3340	603	3943	0.00032
Mycolicibacterium parafortuitum	39692	S	3253	594	3847	0.00031
Mycolicibacterium monacense	85693	S	3239	1614	4853	0.00039
Mycolicibacterium chubuense	1800	S	3187	645	3832	0.00031
Mycolicibacterium hassiacum	46351	S	3181	795	3976	0.00032
Mycolicibacterium mageritense	53462	S	3112	477	3589	0.00029
Mycolicibacterium neoaurum	1795	S	3042	519	3561	0.00029
Mycolicibacterium madagascariense	212765	S	3039	414	3453	0.00028
Mycolicibacterium duvalii	39688	S	2979	537	3516	0.00029
Mycolicibacterium rhodesiae	36814	S	2958	444	3402	0.00028
Mycolicibacterium sediminis	1286180	S	2958	486	3444	0.00028
Mycolicibacterium gadium	1794	S	2842	351	3193	0.00026
Mycolicibacterium psychrotolerans	216929	S	2824	574	3398	0.00028
Mycolicibacterium arabiense	1286181	S	2799	387	3186	0.00026
Mycolicibacterium baixiangningiae	2761578	S	2759	412	3171	0.00026
Mycolicibacterium thermoresistibile	1797	S	2635	538	3173	0.00026
Mycolicibacterium chitae	1792	S	2560	553	3113	0.00025
Mycolicibacterium poriferae	39694	S	2524	485	3009	0.00024
Mycolicibacterium gilvum	1804	S	2505	847	3352	0.00027
Mycolicibacterium aurum	1791	S	2494	292	2786	0.00023
Mycolicibacterium fluoranthenivorans	258505	S	2312	271	2583	0.00021
Mycolicibacterium confluentis	28047	S	2195	297	2492	0.00020
Mycolicibacterium phocaicum	319706	S	2122	1091	3213	0.00026
Mycolicibacterium tokaiense	39695	S	2070	291	2361	0.00019
Mycolicibacterium fallax	1793	S	1886	676	2562	0.00021
Mycolicibacterium aichiense	1799	S	1875	288	2163	0.00018
Mycolicibacterium austroafricanum	39687	S	1840	7708	9548	0.00077
Mycolicibacterium boenickei	146017	S	1819	2551	4370	0.00035
Mycolicibacterium mengxianglii	2736649	S	1792	170	1962	0.00016
Mycolicibacterium insubricum	444597	S	1691	424	2115	0.00017
Mycolicibacterium anyangense	1431246	S	1670	245	1915	0.00016
Mycobacterium doricum	126673	S	1651	354	2005	0.00016
Mycolicibacterium helvum	1534349	S	1560	171	1731	0.00014
Mycolicibacterium mucogenicum	56689	S	1538	621	2159	0.00018
Mycolicibacterium alvei	67081	S	1260	317	1577	0.00013
Mycolicibacterium sarraceniae	1534348	S	1202	142	1344	0.00011
Mycolicibacterium septicum	98668	S	851	589	1440	0.00012
Mycolicibacterium farcinogenes	1802	S	613	1831	2444	0.00020
Mycolicibacterium vanbaalenii	110539	S	283	4903	5186	0.00042
Mycolicibacterium nivoides	2487344	S	181	914	1095	0.00009
Mycobacterium sp. JS623	212767	S	13307	981	14288	0.00116
Mycobacterium sp. IDR2000157661	2867005	S	3362	544	3906	0.00032
Mycobacterium sp. EPa45	1545728	S	1859	283	2142	0.00017
Mycobacterium sp. DL592	2675524	S	1829	264	2093	0.00017
Mycobacterium sp. YC-RL4	1682113	S	1710	551	2261	0.00018
Mycobacterium sp. MS1601	1936029	S	1615	200	1815	0.00015
Mycobacterium sp. TY59	2775496	S	1245	207	1452	0.00012
Mycobacterium sp. DL440	2675523	S	1220	242	1462	0.00012
Mycobacterium sp. WY10	1920667	S	453	1473	1926	0.00016
Mycobacterium sp. PYR15	2051552	S	136	1296	1432	0.00012
Mycobacterium sp. 20KCMC460	2903536	S	52	1403	1455	0.00012
Mycobacterium sp. MOTT36Y	1168287	S	38	548	586	0.00005
Mycobacterium sp. IWGMT90018-18076	2871094	S	11	541	552	0.00004
Mycobacterium saskatchewanense	220927	S	2187	406	2593	0.00021
Mycobacterium parmense	185642	S	2111	385	2496	0.00020
Mycobacterium kubicae	120959	S	1875	304	2179	0.00018
Mycobacterium shigaense	722731	S	1672	222	1894	0.00015
Mycobacterium simiae	1784	S	1568	125	1693	0.00014
Mycobacterium heidelbergense	53376	S	1510	346	1856	0.00015
Mycobacterium florentinum	292462	S	1485	316	1801	0.00015
Mycobacterium lentiflavum	141349	S	1458	329	1787	0.00015
Mycobacterium stomatepiae	470076	S	1431	272	1703	0.00014
Mycobacterium goodii	134601	S	13332	4222	17554	0.00142
Mycobacterium avium	1764	S	3068	2743	5811	0.00047
Mycobacterium mantenii	560555	S	1529	175	1704	0.00014
Mycobacterium intracellulare	1767	S	1509	10561	12070	0.00098
Mycobacterium colombiense	339268	S	1473	239	1712	0.00014
Mycobacterium marseillense	701042	S	1381	310	1691	0.00014
Mycobacterium paraintracellulare	1138383	S	319	2316	2635	0.00021
Mycobacterium holsaticum	152142	S	5158	710	5868	0.00048
Mycobacterium dioxanotrophicus	482462	S	3975	852	4827	0.00039
Mycobacterium rufum	318424	S	3578	930	4508	0.00037
Mycobacterium grossiae	1552759	S	3139	828	3967	0.00032
Mycobacterium branderi	43348	S	2883	311	3194	0.00026
Mycobacterium crocinum	388459	S	2135	1228	3363	0.00027
Mycobacterium conspicuum	44010	S	2095	236	2331	0.00019
Mycobacterium canettii	78331	S	679	386	1065	0.00009
Mycobacterium tuberculosis	1773	S	402	7547	7949	0.00065
Mycobacterium diernhoferi	1801	S	1954	345	2299	0.00019
Mycobacterium paragordonae	1389713	S	1951	219	2170	0.00018
Mycobacterium frederiksbergense	117567	S	1950	534	2484	0.00020
Mycobacterium cookii	1775	S	1937	170	2107	0.00017
Mycobacterium noviomagense	459858	S	1832	128	1960	0.00016
Mycobacterium paraterrae	577492	S	1705	166	1871	0.00015
Mycobacterium gordonae	1778	S	1574	117	1691	0.00014
Mycobacterium heckeshornense	110505	S	1557	112	1669	0.00014
Mycobacterium kansasii	1768	S	1450	138	1588	0.00013
Mycobacterium koreense	1069220	S	1439	373	1812	0.00015
Mycobacterium paraseoulense	590652	S	1424	288	1712	0.00014
Mycobacterium malmoense	1780	S	1398	210	1608	0.00013
Mycobacterium vicinigordonae	1719132	S	1371	66	1437	0.00012
Mycobacterium shinjukuense	398694	S	1364	121	1485	0.00012
Mycobacterium xenopi	1789	S	1337	145	1482	0.00012
Mycobacterium riyadhense	486698	S	1335	50	1385	0.00011
Mycobacterium lacus	169765	S	1255	83	1338	0.00011
Mycobacterium virginiense	1795032	S	1203	282	1485	0.00012
Mycobacterium ostraviense	2738409	S	1187	120	1307	0.00011
Mycobacterium seoulense	386911	S	1151	270	1421	0.00012
Mycobacterium basiliense	2094119	S	1117	35	1152	0.00009
Mycobacterium spongiae	886343	S	1059	25	1084	0.00009
Mycobacterium haemophilum	29311	S	748	33	781	0.00006
Mycobacterium senegalense	1796	S	289	1397	1686	0.00014
Mycobacterium marinum	1781	S	285	1166	1451	0.00012
Mycobacterium leprae	1769	S	178	4	182	0.00001
Mycobacterium novum	2492438	S	170	2054	2224	0.00018
Mycobacterium lepromatosis	480418	S	167	3	170	0.00001
Mycobacterium pallens	370524	S	134	1404	1538	0.00012
Mycobacterium ulcerans	1809	S	112	620	732	0.00006
Mycobacterium shottsii	133549	S	75	153	228	0.00002
Mycobacterium pseudoshottsii	265949	S	26	185	211	0.00002
Mycolicibacter sp. MYC340	2855503	S	1025	239	1264	0.00010
Mycolicibacter sp. MYC098	2872309	S	895	209	1104	0.00009
Mycolicibacter sp. MYC017	2875777	S	646	484	1130	0.00009
Mycolicibacter sp. MYC123	2855502	S	178	711	889	0.00007
Mycolicibacter sp. MYC101	2872311	S	166	647	813	0.00007
Mycolicibacter terrae	1788	S	1306	373	1679	0.00014
Mycolicibacter hiberniae	29314	S	1167	227	1394	0.00011
Mycolicibacter minnesotensis	1118379	S	808	128	936	0.00008
Mycolicibacter sinensis	875328	S	143	1413	1556	0.00013
Mycobacteroides abscessus	36809	S	1806	1392	3198	0.00026
Mycobacteroides chelonae	1774	S	1096	378	1474	0.00012
Mycobacteroides saopaulense	1578165	S	701	105	806	0.00007
Mycobacteroides immunogenum	83262	S	633	133	766	0.00006
Mycobacteroides salmoniphilum	404941	S	613	69	682	0.00006
[Mycobacterium] stephanolepidis	1520670	S	323	124	447	0.00004
Mycolicibacillus parakoreensis	1069221	S	1549	399	1948	0.00016
Hoyosella subflava	639313	S	732	35	767	0.00006
Nocardia asteroides	1824	S	12211	3986	16197	0.00131
Nocardia brasiliensis	37326	S	6320	1648	7968	0.00065
Nocardia farcinica	37329	S	5566	3524	9090	0.00074
Nocardia cyriacigeorgica	135487	S	4433	1810	6243	0.00051
Nocardia terpenica	455432	S	4233	718	4951	0.00040
Nocardia gipuzkoensis	2749991	S	3848	1369	5217	0.00042
Nocardia nova	37330	S	3200	426	3626	0.00029
Nocardia arthritidis	228602	S	2639	316	2955	0.00024
Nocardia wallacei	480035	S	2620	718	3338	0.00027
Nocardia sp. CS682	1047172	S	2198	511	2709	0.00022
Nocardia otitidiscaviarum	1823	S	2137	401	2538	0.00021
Nocardia yunnanensis	2382165	S	2133	503	2636	0.00021
Nocardia tengchongensis	2055889	S	2132	510	2642	0.00021
Nocardia huaxiensis	2755382	S	2132	397	2529	0.00021
Nocardia yamanashiensis	209247	S	2119	402	2521	0.00020
Nocardia iowensis	204891	S	2014	419	2433	0.00020
Nocardia seriolae	37332	S	2008	519	2527	0.00021
Nocardia mangyaensis	2213200	S	1843	471	2314	0.00019
Rhodococcus sp. X156	2499145	S	2829	935	3764	0.00031
Rhodococcus sp. MTM3W5.2	1805827	S	2305	527	2832	0.00023
Rhodococcus sp. SGAir0479	2567884	S	2265	633	2898	0.00024
Rhodococcus sp. W8901	2742603	S	1953	493	2446	0.00020
Rhodococcus sp. PBTS 1	1653478	S	1849	459	2308	0.00019
Rhodococcus sp. RDE2	2885078	S	1292	1178	2470	0.00020
Rhodococcus sp. ABRD24	2507582	S	1185	199	1384	0.00011
Rhodococcus sp. R79	2811421	S	1050	678	1728	0.00014
Rhodococcus sp. USK10	2789739	S	866	586	1452	0.00012
Rhodococcus sp. B7740	1564114	S	864	111	975	0.00008
Rhodococcus sp. P1Y	1302308	S	798	68	866	0.00007
Rhodococcus sp. WMMA185	679318	S	764	91	855	0.00007
Rhodococcus sp. USK13	2806442	S	569	425	994	0.00008
Rhodococcus sp. WAY2	2663121	S	484	449	933	0.00008
Rhodococcus sp. S2-17	1990687	S	272	847	1119	0.00009
Rhodococcus sp. ZPP	2749906	S	272	816	1088	0.00009
Rhodococcus sp. WB9	2594007	S	264	333	597	0.00005
Rhodococcus sp. DMU1	2722825	S	258	906	1164	0.00009
Rhodococcus sp. M8	1925550	S	204	591	795	0.00006
Rhodococcus sp. 2G	1570939	S	179	686	865	0.00007
Rhodococcus sp. p52	935199	S	127	639	766	0.00006
Rhodococcus sp. WB1	1033922	S	121	968	1089	0.00009
Rhodococcus sp. 21391	2683591	S	112	487	599	0.00005
Rhodococcus sp. P-2	2795031	S	97	111	208	0.00002
Rhodococcus sp. LW-XY12	2856851	S	89	743	832	0.00007
Rhodococcus sp. DMF-1	2907624	S	56	414	470	0.00004
Rhodococcus sp. YL-1	1045808	S	51	212	263	0.00002
Rhodococcus sp. PSBB049	2812863	S	51	685	736	0.00006
Rhodococcus sp. AQ5-07	2054902	S	44	141	185	0.00002
Rhodococcus sp. BH4	1807790	S	40	247	287	0.00002
Rhodococcus sp. H-CA8f	1727214	S	40	160	200	0.00002
Rhodococcus sp. NJ-530	2490853	S	31	168	199	0.00002
Rhodococcus sp. 008	1723645	S	24	140	164	0.00001
Rhodococcus sp. C1	644410	S	12	133	145	0.00001
Rhodococcus opacus	37919	S	5146	4889	10035	0.00081
Rhodococcus rhodochrous	1829	S	4351	2355	6706	0.00054
Rhodococcus equi	43767	S	3275	1111	4386	0.00036
Rhodococcus fascians	1828	S	2424	491	2915	0.00024
Rhodococcus pyridinivorans	103816	S	1597	5840	7437	0.00060
Rhodococcus triatomae	300028	S	1549	424	1973	0.00016
Rhodococcus coprophilus	38310	S	1303	214	1517	0.00012
Rhodococcus koreensis	99653	S	1221	341	1562	0.00013
Rhodococcus jostii	132919	S	961	372	1333	0.00011
Rhodococcus ruber	1830	S	816	2453	3269	0.00027
Rhodococcus qingshengii	334542	S	364	1929	2293	0.00019
Rhodococcus erythropolis	1833	S	360	1489	1849	0.00015
Rhodococcus globerulus	33008	S	703	73	776	0.00006
Rhodococcus aetherivorans	191292	S	226	1942	2168	0.00018
Corynebacterium cyclohexanicum	322009	S	2050	746	2796	0.00023
Corynebacterium frankenforstense	1230998	S	1498	387	1885	0.00015
Corynebacterium sphenisci	191493	S	1355	346	1701	0.00014
Corynebacterium bovis	36808	S	1349	255	1604	0.00013
Corynebacterium xerosis	1725	S	1276	610	1886	0.00015
Corynebacterium halotolerans	225326	S	1106	225	1331	0.00011
Corynebacterium freneyi	134034	S	951	336	1287	0.00010
Corynebacterium nuruki	1032851	S	911	181	1092	0.00009
Corynebacterium sp. CNCTC7651	2815361	S	441	73	514	0.00004
Corynebacterium sp. NML98-0116	702967	S	248	74	322	0.00003
Corynebacterium sp. 1864	2820399	S	67	147	214	0.00002
Corynebacterium sp. FDAARGOS 1242	2778078	S	66	171	237	0.00002
Corynebacterium sp. 4H37-19	2684405	S	47	3	50	0.00000
Corynebacterium sp. sy039	2599641	S	16	1	17	0.00000
Corynebacterium maris	575200	S	822	113	935	0.00008
Corynebacterium vitaeruminis	38305	S	782	195	977	0.00008
Corynebacterium variabile	1727	S	724	370	1094	0.00009
Corynebacterium timonense	441500	S	723	149	872	0.00007
Corynebacterium doosanense	1121358	S	720	305	1025	0.00008
Corynebacterium humireducens	1223514	S	717	182	899	0.00007
Corynebacterium liangguodongii	2079535	S	678	128	806	0.00007
Corynebacterium marinum	349751	S	648	226	874	0.00007
Corynebacterium yudongzhengii	2080740	S	647	107	754	0.00006
Corynebacterium mycetoides	38302	S	635	280	915	0.00007
Corynebacterium comes	2675218	S	568	126	694	0.00006
Corynebacterium imitans	156978	S	544	241	785	0.00006
Corynebacterium sanguinis	2594913	S	530	329	859	0.00007
Corynebacterium jeikeium	38289	S	508	1169	1677	0.00014
Corynebacterium atypicum	191610	S	507	136	643	0.00005
Corynebacterium uterequi	1072256	S	504	69	573	0.00005
Corynebacterium terpenotabidum	89154	S	483	114	597	0.00005
Corynebacterium glyciniphilum	1404244	S	474	48	522	0.00004
Corynebacterium provencense	1737425	S	453	81	534	0.00004
Corynebacterium lujinxingii	2763010	S	438	131	569	0.00005
Corynebacterium urealyticum	43771	S	436	337	773	0.00006
Corynebacterium uberis	2883169	S	426	42	468	0.00004
Corynebacterium ureicelerivorans	401472	S	424	122	546	0.00004
Corynebacterium qintianiae	2709392	S	391	98	489	0.00004
Corynebacterium glaucum	187491	S	386	70	456	0.00004
Corynebacterium falsenii	108486	S	385	142	527	0.00004
Corynebacterium aurimucosum	169292	S	374	145	519	0.00004
Corynebacterium glucuronolyticum	39791	S	371	71	442	0.00004
Corynebacterium tuberculostearicum	38304	S	347	185	532	0.00004
Corynebacterium kroppenstedtii	161879	S	342	28	370	0.00003
Corynebacterium genitalium	38288	S	336	64	400	0.00003
Corynebacterium efficiens	152794	S	334	53	387	0.00003
Corynebacterium striatum	43770	S	312	230	542	0.00004
Corynebacterium coyleae	53374	S	311	71	382	0.00003
Corynebacterium testudinoris	136857	S	299	52	351	0.00003
Corynebacterium incognita	2754725	S	291	57	348	0.00003
Corynebacterium occultum	2675219	S	288	40	328	0.00003
Corynebacterium lactis	1231000	S	286	38	324	0.00003
Corynebacterium zhongnanshanii	2768834	S	254	27	281	0.00002
Corynebacterium aquilae	203263	S	249	30	279	0.00002
Corynebacterium matruchotii	43768	S	245	14	259	0.00002
Corynebacterium riegelii	156976	S	241	56	297	0.00002
Corynebacterium renale	1724	S	207	19	226	0.00002
Corynebacterium endometrii	2488819	S	196	30	226	0.00002
Corynebacterium flavescens	28028	S	186	42	228	0.00002
Corynebacterium lizhenjunii	2709394	S	185	23	208	0.00002
Corynebacterium camporealensis	161896	S	175	38	213	0.00002
Corynebacterium simulans	146827	S	171	124	295	0.00002
Corynebacterium phocae	161895	S	170	17	187	0.00002
Corynebacterium epidermidicanis	1050174	S	159	23	182	0.00001
Corynebacterium urogenitale	2487892	S	157	24	181	0.00001
Corynebacterium kalinowskii	2675216	S	157	53	210	0.00002
Corynebacterium minutissimum	38301	S	153	151	304	0.00002
Corynebacterium singulare	161899	S	147	99	246	0.00002
Corynebacterium cystitidis	35757	S	131	6	137	0.00001
Corynebacterium propinquum	43769	S	128	47	175	0.00001
Corynebacterium gerontici	2079234	S	125	22	147	0.00001
Corynebacterium diphtheriae	1717	S	124	152	276	0.00002
Corynebacterium macginleyi	38290	S	122	25	147	0.00001
Corynebacterium argentoratense	42817	S	120	20	140	0.00001
Corynebacterium pelargi	1471400	S	117	37	154	0.00001
Corynebacterium kefirresidentii	1979527	S	117	71	188	0.00002
Corynebacterium resistens	258224	S	114	59	173	0.00001
Corynebacterium stationis	1705	S	107	25	132	0.00001
Corynebacterium choanae	1862358	S	99	7	106	0.00001
Corynebacterium deserti	1408191	S	97	33	130	0.00001
Corynebacterium casei	160386	S	94	104	198	0.00002
Corynebacterium pseudodiphtheriticum	37637	S	94	28	122	0.00001
Corynebacterium ulcerans	65058	S	85	45	130	0.00001
Corynebacterium pseudopelargi	2080757	S	76	25	101	0.00001
Corynebacterium glutamicum	1718	S	75	1047	1122	0.00009
Corynebacterium accolens	38284	S	69	174	243	0.00002
Corynebacterium ammoniagenes	1697	S	68	13	81	0.00001
Corynebacterium anserum	2684406	S	61	5	66	0.00001
Corynebacterium pseudotuberculosis	1719	S	57	23	80	0.00001
Corynebacterium mustelae	571915	S	55	3	58	0.00000
Corynebacterium hindlerae	699041	S	44	92	136	0.00001
Corynebacterium callunae	1721	S	43	13	56	0.00000
Corynebacterium crudilactis	1652495	S	42	34	76	0.00001
Corynebacterium segmentosum	43990	S	41	104	145	0.00001
Corynebacterium suranareeae	2506452	S	41	11	52	0.00000
Corynebacterium amycolatum	43765	S	36	274	310	0.00003
Corynebacterium rouxii	2719119	S	34	20	54	0.00000
Corynebacterium silvaticum	2320431	S	29	11	40	0.00000
Corynebacterium kutscheri	35755	S	17	2	19	0.00000
Gordonia sp. PP30	2935861	S	1752	452	2204	0.00018
Gordonia sp. KTR9	337191	S	1300	258	1558	0.00013
Gordonia sp. YC-JH1	2059875	S	1296	864	2160	0.00018
Gordonia sp. PDNC005	2811424	S	1080	147	1227	0.00010
Gordonia sp. WA4-43	2878678	S	223	782	1005	0.00008
Gordonia sp. JH63	2698900	S	186	626	812	0.00007
Gordonia sp. 135	2676309	S	84	581	665	0.00005
Gordonia sp. 1D	1737359	S	49	766	815	0.00007
Gordonia polyisoprenivorans	84595	S	2689	501	3190	0.00026
Gordonia terrae	2055	S	1873	1072	2945	0.00024
Gordonia insulae	2420509	S	1637	222	1859	0.00015
Gordonia phthalatica	1136941	S	1581	598	2179	0.00018
Gordonia bronchialis	2054	S	1465	332	1797	0.00015
Gordonia amarae	36821	S	1389	261	1650	0.00013
Gordonia iterans	1004901	S	1382	436	1818	0.00015
Gordonia jinghuaiqii	2758710	S	1352	246	1598	0.00013
Gordonia otitidis	249058	S	1214	192	1406	0.00011
Gordonia rubripertincta	36822	S	1209	699	1908	0.00015
Gordonia pseudoamarae	2831662	S	1182	208	1390	0.00011
Gordonia zhaorongruii	2597659	S	886	148	1034	0.00008
Gordonia alkanivorans	84096	S	311	1180	1491	0.00012
Gordonia hongkongensis	1701090	S	210	685	895	0.00007
Gordonia amicalis	89053	S	208	1563	1771	0.00014
Skermania piniformis	39122	S	1570	179	1749	0.00014
Tsukamurella paurometabola	2061	S	3012	1408	4420	0.00036
Tsukamurella tyrosinosolvens	57704	S	2450	1047	3497	0.00028
Tsukamurella pulmonis	47312	S	1792	614	2406	0.00020
Tsukamurella sp. PLM1	2929795	S	1742	545	2287	0.00019
Dietzia sp. oral taxon 368	712270	S	1012	1749	2761	0.00022
Dietzia lutea	546160	S	1171	661	1832	0.00015
Dietzia psychralcaliphila	139021	S	1169	322	1491	0.00012
Dietzia timorensis	499555	S	982	524	1506	0.00012
Tomitella gaofuii	2760083	S	1891	554	2445	0.00020
Tomitella fengzijianii	2597660	S	1578	499	2077	0.00017
Segniliparus rotundus	286802	S	929	50	979	0.00008
Lawsonella clevelandensis	1528099	S	162	16	178	0.00001
Nocardioides sp. G188	2849501	S	16604	5566	22170	0.00180
Nocardioides sp. JS614	196162	S	10242	3362	13604	0.00110
Nocardioides sp. LMS-CY	2840457	S	9755	3537	13292	0.00108
Nocardioides sp. TF02-7	2917724	S	8000	2872	10872	0.00088
Nocardioides sp. HDW12B	2714939	S	7858	2806	10664	0.00087
Nocardioides sp. zg-579	2663857	S	6322	3547	9869	0.00080
Nocardioides sp. W7	2931390	S	6123	2297	8420	0.00068
Nocardioides sp. S-1144	2582905	S	5750	2438	8188	0.00066
Nocardioides sp. cx-173	2898796	S	5737	2173	7910	0.00064
Nocardioides sp. SCSIO 67246	2872154	S	5298	1539	6837	0.00055
Nocardioides sp. 603	2483798	S	5237	2685	7922	0.00064
Nocardioides sp. zg-1228	2763008	S	5124	2484	7608	0.00062
Nocardioides sp. InS609-2	2760705	S	4709	1187	5896	0.00048
Nocardioides sp. S5	2017486	S	4592	2593	7185	0.00058
Nocardioides sp. MC1495	2736757	S	4522	1762	6284	0.00051
Nocardioides sp. CF8	110319	S	4154	1940	6094	0.00049
Nocardioides sp. JQ2195	2592334	S	3990	912	4902	0.00040
Nocardioides sp. zg-536	2803858	S	3977	1906	5883	0.00048
Nocardioides sp. dk884	2662361	S	3499	4182	7681	0.00062
Nocardioides sp. ZJ1313	2685869	S	3419	4118	7537	0.00061
Nocardioides sp. WS12	2486272	S	3396	653	4049	0.00033
Nocardioides sp. Kera G14	2884264	S	3279	733	4012	0.00033
Nocardioides mesophilus	433659	S	12686	4192	16878	0.00137
Nocardioides cynanchi	2558918	S	8445	2184	10629	0.00086
Nocardioides ungokensis	1643322	S	8231	3214	11445	0.00093
Nocardioides anomalus	2712223	S	7705	2587	10292	0.00084
Nocardioides humi	449461	S	6236	2335	8571	0.00070
Nocardioides euryhalodurans	2518370	S	5922	2010	7932	0.00064
Nocardioides aromaticivorans	200618	S	5515	2347	7862	0.00064
Nocardioides dongkuii	2760089	S	5511	3062	8573	0.00070
Nocardioides okcheonensis	2894081	S	5410	2758	8168	0.00066
Nocardioides rotundus	1774216	S	4884	2101	6985	0.00057
Nocardioides aquaticus	160826	S	4600	1564	6164	0.00050
Nocardioides marinisabuli	419476	S	4430	2757	7187	0.00058
Nocardioides sambongensis	2589074	S	4279	1353	5632	0.00046
Nocardioides dokdonensis	450734	S	3947	2092	6039	0.00049
Nocardioides seonyuensis	2518371	S	3541	1061	4602	0.00037
Nocardioides panacisoli	627624	S	3463	935	4398	0.00036
Nocardioides houyundeii	2045452	S	3461	1166	4627	0.00038
Nocardioides piscis	2714938	S	3029	1313	4342	0.00035
Nocardioides daphniae	402297	S	2502	1277	3779	0.00031
Nocardioides jishulii	2575440	S	2088	853	2941	0.00024
Nocardioides baekrokdamisoli	1804624	S	1669	223	1892	0.00015
Nocardioides yefusunii	2500546	S	1641	513	2154	0.00017
Aeromicrobium sp. Leaf245	1736306	S	2465	819	3284	0.00027
Aeromicrobium sp. zg-629	2663859	S	2115	744	2859	0.00023
Aeromicrobium sp. A1-2	2107713	S	1801	271	2072	0.00017
Aeromicrobium erythreum	2041	S	3025	969	3994	0.00032
Aeromicrobium choanae	1736691	S	2577	824	3401	0.00028
Aeromicrobium chenweiae	2079793	S	2492	908	3400	0.00028
Aeromicrobium yanjiei	2662028	S	2341	790	3131	0.00025
Aeromicrobium marinum	219314	S	2053	484	2537	0.00021
Pimelobacter simplex	2045	S	5196	2178	7374	0.00060
Marmoricola scoriae	642780	S	5191	2158	7349	0.00060
Friedmanniella luteola	546871	S	4015	884	4899	0.00040
Mumia sp. ZJ1417	2708082	S	3340	622	3962	0.00032
Micropruina glycogenica	75385	S	1781	277	2058	0.00017
Microlunatus sagamiharensis	546874	S	3909	969	4878	0.00040
Microlunatus soli	630515	S	2418	249	2667	0.00022
Microlunatus elymi	2596828	S	2167	246	2413	0.00020
Microlunatus phosphovorus	29405	S	1986	252	2238	0.00018
Microlunatus sp. Gsoil 973	2672569	S	1916	153	2069	0.00017
Tessaracoccus sp. J1M15	2829499	S	1598	486	2084	0.00017
Tessaracoccus sp. MC1865	2760310	S	1176	313	1489	0.00012
Tessaracoccus defluvii	1285901	S	1812	1183	2995	0.00024
Tessaracoccus aquimaris	1332264	S	1638	789	2427	0.00020
Tessaracoccus flavescens	399497	S	1248	983	2231	0.00018
Tessaracoccus flavus	1610493	S	1189	767	1956	0.00016
Tessaracoccus timonensis	2161816	S	831	323	1154	0.00009
Brevilactibacter coleopterorum	2714937	S	2406	1129	3535	0.00029
Brevilactibacter sp. MC1595	2819349	S	2232	911	3143	0.00026
Propionibacterium acidifaciens	556499	S	1601	380	1981	0.00016
Propionibacterium australiense	119981	S	1125	206	1331	0.00011
Propionibacterium freudenreichii	1744	S	1108	1168	2276	0.00018
Acidipropionibacterium jensenii	1749	S	1446	931	2377	0.00019
Acidipropionibacterium acidipropionici	1748	S	1335	815	2150	0.00017
Acidipropionibacterium virtanenii	2057246	S	876	169	1045	0.00008
Cutibacterium acnes	1747	S	1856	693	2549	0.00021
Cutibacterium avidum	33010	S	731	202	933	0.00008
Cutibacterium granulosum	33011	S	476	95	571	0.00005
Cutibacterium modestum	2559073	S	193	25	218	0.00002
Auraticoccus monumenti	675864	S	2831	546	3377	0.00027
Arachnia propionica	1750	S	1118	130	1248	0.00010
Arachnia rubra	1547448	S	652	71	723	0.00006
Raineyella fluvialis	2662261	S	1722	234	1956	0.00016
Vaginimicrobium propionicum	1871034	S	70	26	96	0.00001
Kribbella flavida	182640	S	6587	1562	8149	0.00066
Kribbella qitaiheensis	1544730	S	5293	837	6130	0.00050
Actinopolymorpha singaporensis	117157	S	5843	695	6538	0.00053
Micromonospora sp. WMMC415	2675222	S	4896	1813	6709	0.00054
Micromonospora sp. HM134	2583243	S	3870	1706	5576	0.00045
Micromonospora sp. WMMA2032	2039870	S	3811	2451	6262	0.00051
Micromonospora sp. B006	2201999	S	3172	2427	5599	0.00045
Micromonospora sp. L5	648999	S	329	3522	3851	0.00031
Micromonospora krabiensis	307121	S	6064	2066	8130	0.00066
Micromonospora terminaliae	1914461	S	5875	2941	8816	0.00072
Micromonospora carbonacea	47853	S	5861	2572	8433	0.00068
Micromonospora echinaurantiaca	47857	S	5590	2692	8282	0.00067
Micromonospora echinofusca	47858	S	4800	2167	6967	0.00057
Micromonospora inositola	47865	S	4519	2216	6735	0.00055
Micromonospora siamensis	299152	S	4495	2123	6618	0.00054
Micromonospora coriariae	285665	S	4414	1565	5979	0.00049
Micromonospora echinospora	1877	S	4399	1531	5930	0.00048
Micromonospora viridifaciens	1881	S	4390	1910	6300	0.00051
Micromonospora purpureochromogenes	47872	S	4260	2230	6490	0.00053
Micromonospora ferruginea	2749844	S	4212	2418	6630	0.00054
Micromonospora auratinigra	261654	S	4211	2197	6408	0.00052
Micromonospora coxensis	356852	S	4107	2259	6366	0.00052
Micromonospora maris	1003110	S	3931	1196	5127	0.00042
Micromonospora endophytica (Xie et al. 2001) Li et al. 2019	515350	S	3897	1187	5084	0.00041
Micromonospora sagamiensis	47875	S	3765	1435	5200	0.00042
Micromonospora narathiwatensis	299146	S	3703	1725	5428	0.00044
Micromonospora chokoriensis	356851	S	3440	1107	4547	0.00037
Micromonospora zamorensis	709883	S	3354	1070	4424	0.00036
Micromonospora rifamycinica	291594	S	3310	1472	4782	0.00039
Micromonospora craniellae	2294034	S	2733	1760	4493	0.00036
Micromonospora tulbaghiae	479978	S	2349	2536	4885	0.00040
Micromonospora aurantiaca	47850	S	1727	11806	13533	0.00110
Actinoplanes sp. N902-109	649831	S	14148	3007	17155	0.00139
Actinoplanes sp. L3-i22	2836373	S	13462	3083	16545	0.00134
Actinoplanes sp. OR16	946334	S	11232	2807	14039	0.00114
Actinoplanes sp. SE50	2033844	S	10	19303	19313	0.00157
Actinoplanes friuliensis	196914	S	13351	2093	15444	0.00125
Actinoplanes ianthinogenes	122358	S	12041	4267	16308	0.00132
Actinoplanes teichomyceticus	1867	S	11241	4241	15482	0.00126
Actinoplanes missouriensis	1866	S	10084	2919	13003	0.00106
Actinoplanes derwentensis	113562	S	7907	1108	9015	0.00073
Phytohabitans suffuscus	624315	S	9449	2567	12016	0.00098
Phytohabitans flavus	1076124	S	7804	1636	9440	0.00077
Couchioplanes caeruleus	56438	S	17032	4482	21514	0.00175
Plantactinospora sp. KBS50	2024580	S	6434	1639	8073	0.00066
Plantactinospora sp. BB1	2071627	S	1333	3954	5287	0.00043
Plantactinospora sp. BC1	2108470	S	1330	3989	5319	0.00043
Dactylosporangium vinaceum	53362	S	15004	1707	16711	0.00136
Actinocatenispora thailandica	227318	S	5152	1521	6673	0.00054
Actinocatenispora sera	390989	S	4942	1539	6481	0.00053
Catellatospora sp. IY07-71	2728827	S	9195	2066	11261	0.00091
Polymorphospora rubra	338584	S	8384	1904	10288	0.00083
Natronosporangium hydrolyticum	2811111	S	3799	260	4059	0.00033
Verrucosispora sp. NA02020	2742132	S	2636	2147	4783	0.00039
Salinispora tropica	168695	S	2289	390	2679	0.00022
Amycolatopsis sp. DSM 110486	2865832	S	6461	1308	7769	0.00063
Amycolatopsis sp. WQ 127309	2932773	S	6255	1768	8023	0.00065
Amycolatopsis sp. FDAARGOS 1241	2778070	S	6006	1317	7323	0.00059
Amycolatopsis sp. Hca4	2742131	S	5718	2140	7858	0.00064
Amycolatopsis sp. CA-230715	2745196	S	5344	822	6166	0.00050
Amycolatopsis sp. YIM 10	2653857	S	4615	1372	5987	0.00049
Amycolatopsis sp. FU40	2914159	S	3470	1580	5050	0.00041
Amycolatopsis sp. AA4	1896961	S	2993	1586	4579	0.00037
Amycolatopsis sp. BJA-103	1911175	S	2395	995	3390	0.00028
Amycolatopsis sp. TNS106	2861750	S	2014	1239	3253	0.00026
Amycolatopsis sp. EV170708-02-1	2919322	S	1636	1702	3338	0.00027
Amycolatopsis acidiphila	715473	S	6487	1397	7884	0.00064
Amycolatopsis mediterranei	33910	S	5587	6846	12433	0.00101
Amycolatopsis pretoriensis	218821	S	5454	1786	7240	0.00059
Amycolatopsis thermalba	944492	S	4566	1934	6500	0.00053
Amycolatopsis methanolica	1814	S	4513	1809	6322	0.00051
Amycolatopsis keratiniphila	129921	S	2469	2182	4651	0.00038
Amycolatopsis japonica	208439	S	1298	1311	2609	0.00021
Amycolatopsis albispora	1804986	S	4113	2398	6511	0.00053
Amycolatopsis aidingensis	2842453	S	3773	450	4223	0.00034
Amycolatopsis orientalis	31958	S	2718	955	3673	0.00030
Pseudonocardia sp. DSM 110487	2865833	S	15066	2135	17201	0.00140
Pseudonocardia sp. CGMCC 4.1532	2761535	S	6327	3730	10057	0.00082
Pseudonocardia sp. HH130630-07	1690815	S	4923	1569	6492	0.00053
Pseudonocardia sp. AL041005-10	445576	S	4231	1607	5838	0.00047
Pseudonocardia sp. HH130629-09	1641402	S	3502	1611	5113	0.00041
Pseudonocardia sp. EC080625-04	1096868	S	62	1816	1878	0.00015
Pseudonocardia sp. EC080610-09	1688404	S	23	2113	2136	0.00017
Pseudonocardia sp. EC080619-01	1096856	S	13	3515	3528	0.00029
Pseudonocardia dioxanivorans	240495	S	10682	2899	13581	0.00110
Pseudonocardia broussonetiae	2736640	S	8651	2919	11570	0.00094
Pseudonocardia autotrophica	2074	S	5176	1430	6606	0.00054
Pseudonocardia abyssalis	2792008	S	4732	2512	7244	0.00059
Saccharomonospora cyanea	40989	S	33652	9471	43123	0.00350
Saccharomonospora glauca	40990	S	5086	1368	6454	0.00052
Saccharomonospora azurea	40988	S	4381	1013	5394	0.00044
Saccharomonospora xinjiangensis	75294	S	3660	539	4199	0.00034
Saccharomonospora marina	632569	S	3622	817	4439	0.00036
Saccharomonospora viridis	1852	S	2148	288	2436	0.00020
Saccharopolyspora erythraea	1836	S	9269	3310	12579	0.00102
Saccharopolyspora gregorii	33914	S	3358	674	4032	0.00033
Saccharopolyspora spinosa	60894	S	2132	1294	3426	0.00028
Saccharopolyspora pogona	333966	S	1674	1930	3604	0.00029
Saccharopolyspora sp. ASAGF58	2719023	S	1442	1843	3285	0.00027
Saccharothrix syringae	103733	S	6794	2363	9157	0.00074
Saccharothrix sp. 6-C	2781735	S	6074	2072	8146	0.00066
Saccharothrix espanaensis	103731	S	5757	1690	7447	0.00060
Lentzea guizhouensis	1586287	S	17788	3689	21477	0.00174
Kutzneria sp. CA-103260	2802641	S	8242	1749	9991	0.00081
Kutzneria albida	43357	S	5068	1156	6224	0.00051
Actinoalloteichus hoggarensis	1470176	S	2725	365	3090	0.00025
Actinoalloteichus hymeniacidonis	340345	S	1772	167	1939	0.00016
Actinoalloteichus sp. GBA129-24	1612551	S	135	1467	1602	0.00013
Actinoalloteichus fjordicus	1612552	S	103	1352	1455	0.00012
Actinosynnema pretiosum	42197	S	2198	4301	6499	0.00053
Actinosynnema mirum	40567	S	226	2213	2439	0.00020
Kibdelosporangium phytohabitans	860235	S	5672	682	6354	0.00052
Allokutzneria albata	211114	S	5520	1318	6838	0.00055
Alloactinosynnema sp. L-07	1653480	S	3946	867	4813	0.00039
Prauserella marina	530584	S	2782	245	3027	0.00025
Allosaccharopolyspora coralli	2665642	S	2231	471	2702	0.00022
Actinomadura sp. NAK00032	2742128	S	17182	6413	23595	0.00191
Actinomadura sp. WMMB 499	1219491	S	16453	4013	20466	0.00166
Actinomadura sp. WMMA1423	2591108	S	11645	3659	15304	0.00124
Actinomadura verrucosospora	46165	S	14665	4690	19355	0.00157
Actinomadura madurae	1993	S	12613	4062	16675	0.00135
Actinomadura graeca	2750812	S	9473	2268	11741	0.00095
Thermomonospora amylolytica	1411117	S	41416	14709	56125	0.00455
Thermomonospora curvata	2020	S	32472	8896	41368	0.00336
Nonomuraea coxensis	404386	S	24215	7114	31329	0.00254
Nonomuraea nitratireducens	2656914	S	19662	4317	23979	0.00195
Nonomuraea sp. ATCC 55076	1909395	S	13124	4343	17467	0.00142
Nonomuraea gerenzanensis	93944	S	11513	4006	15519	0.00126
Streptosporangium roseum	2001	S	11910	3521	15431	0.00125
Streptosporangium sp. 'caverna'	2202249	S	9504	2232	11736	0.00095
Thermobispora bispora	2006	S	6155	1429	7584	0.00062
Nocardiopsis sp. MT53	2865672	S	3921	934	4855	0.00039
Nocardiopsis sp. HDS12	2831968	S	1166	1029	2195	0.00018
Nocardiopsis gilva	280236	S	3464	711	4175	0.00034
Nocardiopsis dassonvillei	2014	S	2369	2744	5113	0.00041
Nocardiopsis alba	53437	S	2008	371	2379	0.00019
Thermobifida halotolerans	483545	S	2788	959	3747	0.00030
Thermobifida alba	53522	S	2602	1104	3706	0.00030
Thermobifida fusca	2021	S	1349	244	1593	0.00013
Streptomonospora litoralis	2498135	S	3656	731	4387	0.00036
Spiractinospora alimapuensis	2820884	S	2270	153	2423	0.00020
Blastococcus sp. PRF04-17	2933797	S	17000	6007	23007	0.00187
Blastococcus saxobsidens	138336	S	14325	4549	18874	0.00153
Modestobacter marinus	477641	S	15398	5499	20897	0.00170
Modestobacter sp. L9-4	2851567	S	9295	3658	12953	0.00105
Geodermatophilus obscurus	1861	S	23406	8139	31545	0.00256
Actinomyces sp. oral taxon 414	712122	S	1203	254	1457	0.00012
Actinomyces sp. MAS-1	2755559	S	836	162	998	0.00008
Actinomyces sp. Z16	2079536	S	672	239	911	0.00007
Actinomyces sp. 432	2057798	S	575	128	703	0.00006
Actinomyces sp. Chiba101	1851395	S	551	257	808	0.00007
Actinomyces sp. oral taxon 171	706438	S	312	246	558	0.00005
Actinomyces sp. oral taxon 169	712116	S	153	277	430	0.00003
Actinomyces sp. oral taxon 897	2081702	S	114	385	499	0.00004
Actinomyces sp. HMT897	2789424	S	100	330	430	0.00003
Actinomyces sp. HMT 175	2789425	S	86	352	438	0.00004
Actinomyces sp. zg-332	2708340	S	18	2	20	0.00000
Actinomyces radicidentis	111015	S	1466	620	2086	0.00017
Actinomyces howellii	52771	S	1114	172	1286	0.00010
Actinomyces respiraculi	2744574	S	769	187	956	0.00008
Actinomyces slackii	52774	S	744	123	867	0.00007
Actinomyces procaprae	2560010	S	658	240	898	0.00007
Actinomyces weissii	675090	S	554	106	660	0.00005
Actinomyces faecalis	2722820	S	544	77	621	0.00005
Actinomyces qiguomingii	2057800	S	528	72	600	0.00005
Actinomyces viscosus	1656	S	475	198	673	0.00005
Actinomyces naeslundii	1655	S	469	265	734	0.00006
Actinomyces marmotae	2737173	S	414	228	642	0.00005
Actinomyces oris	544580	S	384	1171	1555	0.00013
Actinomyces wuliandei	2057743	S	378	102	480	0.00004
Actinomyces gaoshouyii	1960083	S	377	193	570	0.00005
Actinomyces lilanjuaniae	2321394	S	308	76	384	0.00003
Actinomyces trachealis	2763540	S	253	47	300	0.00002
Actinomyces pacaensis	1852377	S	73	9	82	0.00001
Schaalia sp. 19OD2882	2794089	S	527	73	600	0.00005
Schaalia sp. JY-X169	2758572	S	170	6	176	0.00001
Schaalia sp. ZJ405	2709403	S	130	11	141	0.00001
Schaalia odontolytica	1660	S	768	190	958	0.00008
Schaalia meyeri	52773	S	398	76	474	0.00004
Schaalia cardiffensis	181487	S	259	39	298	0.00002
Schaalia turicensis	131111	S	104	87	191	0.00002
Flaviflexus salsibiostraticola	1282737	S	792	205	997	0.00008
Flaviflexus sp. dk850	2758573	S	410	127	537	0.00004
Flaviflexus ciconiae	2496867	S	290	35	325	0.00003
Trueperella pecoris	2733571	S	512	144	656	0.00005
Trueperella pyogenes	1661	S	341	195	536	0.00004
Trueperella bialowiezensis	312285	S	290	14	304	0.00002
Nanchangia anserum	2692125	S	659	68	727	0.00006
Pauljensenia hongkongensis	178339	S	639	243	882	0.00007
Actinotignum schaalii	59505	S	273	16	289	0.00002
Actinobaculum sp. 313	2495645	S	253	14	267	0.00002
Arcanobacterium haemolyticum	28264	S	73	34	107	0.00001
Arcanobacterium phocae	131112	S	41	12	53	0.00000
Arcanobacterium phocisimile	1302235	S	29	8	37	0.00000
Arcanobacterium sp. 2701	2722751	S	23	5	28	0.00000
Mobiluncus curtisii	2051	S	149	38	187	0.00002
Changpingibacter yushuensis	2758440	S	145	43	188	0.00002
Varibaculum sp. EMRHCC_39	2811781	S	67	18	85	0.00001
Boudabousia tangfeifanii	1912795	S	49	3	52	0.00000
Fannyhessea vaginae	82135	S	44	12	56	0.00000
Frankia inefficax	298654	S	7459	882	8341	0.00068
Frankia sp. QA3	710111	S	2970	1300	4270	0.00035
Frankia sp. ArI3	1858	S	2239	1564	3803	0.00031
Candidatus Frankia datiscae	2716812	S	3049	449	3498	0.00028
Frankia casuarinae	106370	S	2619	285	2904	0.00024
Frankia alni	1859	S	2472	1846	4318	0.00035
Jiangella sp. DSM 45060	1798224	S	7208	2193	9401	0.00076
Jiangella alkaliphila	419479	S	6061	1768	7829	0.00064
Bifidobacterium choerinum	35760	S	974	355	1329	0.00011
Bifidobacterium pseudolongum	1694	S	922	307	1229	0.00010
Bifidobacterium scardovii	158787	S	751	67	818	0.00007
Bifidobacterium longum	216816	S	698	1044	1742	0.00014
Bifidobacterium bifidum	1681	S	538	195	733	0.00006
Bifidobacterium pullorum	78448	S	471	151	622	0.00005
Bifidobacterium animalis	28025	S	429	1025	1454	0.00012
Bifidobacterium subtile	77635	S	382	48	430	0.00003
Bifidobacterium adolescentis	1680	S	371	84	455	0.00004
Bifidobacterium asteroides	1684	S	331	8	339	0.00003
Bifidobacterium eulemuris	1765219	S	303	76	379	0.00003
Bifidobacterium lemurum	1603886	S	267	68	335	0.00003
Bifidobacterium thermophilum	33905	S	258	44	302	0.00002
Bifidobacterium breve	1685	S	253	255	508	0.00004
Bifidobacterium actinocoloniiforme	638619	S	234	7	241	0.00002
Bifidobacterium angulatum	1683	S	231	60	291	0.00002
Bifidobacterium dentium	1689	S	189	13	202	0.00002
Bifidobacterium catenulatum	1686	S	129	181	310	0.00003
Bifidobacterium pseudocatenulatum	28026	S	127	78	205	0.00002
Bifidobacterium imperatoris	2020965	S	63	37	100	0.00001
Bifidobacterium saguini	762210	S	45	24	69	0.00001
Bifidobacterium indicum	1691	S	28	42	70	0.00001
Bifidobacterium coryneforme	1687	S	15	22	37	0.00000
Parascardovia denticolens	78258	S	130	18	148	0.00001
Gardnerella vaginalis	2702	S	29	39	68	0.00001
Scardovia inopinata	78259	S	26	8	34	0.00000
Nakamurella multipartita	53461	S	3750	725	4475	0.00036
Nakamurella panacisegetis	1090615	S	2143	322	2465	0.00020
Nakamurella sp. PAMC28650	2762325	S	1917	222	2139	0.00017
Nakamurella antarctica	1902245	S	421	31	452	0.00004
Catenulispora acidiphila	304895	S	5447	805	6252	0.00051
Jatrophihabitans sp. GAS493	1907575	S	2305	211	2516	0.00020
Jatrophihabitans telluris	2038343	S	2279	200	2479	0.00020
Stackebrandtia nassauensis	283811	S	3017	284	3301	0.00027
Natronoglycomyces albus	2811108	S	495	16	511	0.00004
Kineococcus radiotolerans	131568	S	3262	910	4172	0.00034
Epidermidibacterium keratini	1891644	S	2120	1085	3205	0.00026
Actinopolyspora erythraea	414996	S	1749	179	1928	0.00016
Acidothermus cellulolyticus	28049	S	1376	61	1437	0.00012
Candidatus Planktophila versatilis	1884905	S	56	9	65	0.00001
Candidatus Planktophila lacus	1884913	S	55	6	61	0.00000
Candidatus Planktophila sulfonica	1884904	S	43	11	54	0.00000
Candidatus Planktophila dulcis	1884914	S	36	16	52	0.00000
Candidatus Planktophila limnetica	573600	S	23	2	25	0.00000
Candidatus Planktophila vernalis	1884907	S	22	3	25	0.00000
Candidatus Nanopelagicus hibericus	1884915	S	21	12	33	0.00000
Candidatus Nanopelagicus limnes	1884634	S	12	14	26	0.00000
Conexibacter sp. SYSU D00693	2812560	S	42811	10334	53145	0.00431
Conexibacter sp. S30A1	2937800	S	11160	1160	12320	0.00100
Conexibacter sp. DBS9H8	2937801	S	10610	1019	11629	0.00094
Conexibacter woesei	191495	S	53337	9284	62621	0.00508
Miltoncostaea marina	2843215	S	14477	3648	18125	0.00147
Miltoncostaea oceani	2843216	S	13426	2033	15459	0.00125
Baekduia soli	496014	S	38508	6425	44933	0.00365
Rubrobacter xylanophilus	49319	S	7339	823	8162	0.00066
Rubrobacter marinus	2653852	S	4936	435	5371	0.00044
Rubrobacter tropicus	2653851	S	3662	264	3926	0.00032
Rubrobacter radiotolerans	42256	S	2274	303	2577	0.00021
Rubrobacter indicoceani	2051957	S	1158	91	1249	0.00010
Aquihabitans sp. Kera 3	2884263	S	9972	1633	11605	0.00094
Aquihabitans sp. G128	2849779	S	7887	1608	9495	0.00077
Actinomarinicola tropica	2789776	S	9283	1852	11135	0.00090
Iamia sp. SCSIO 61187	2722752	S	8523	1382	9905	0.00080
Ilumatobacter coccineus	467094	S	3921	239	4160	0.00034
Acidimicrobium ferrooxidans	53635	S	1590	118	1708	0.00014
Eggerthella lenta	84112	S	914	590	1504	0.00012
Eggerthella guodeyinii	2690837	S	900	469	1369	0.00011
Eggerthella sp. YY7918	502558	S	213	95	308	0.00003
Gordonibacter urolithinfaciens	1335613	S	519	439	958	0.00008
Gordonibacter pamelaeae	471189	S	418	514	932	0.00008
Adlercreutzia equolifaciens	446660	S	445	354	799	0.00006
Adlercreutzia hattorii	2707299	S	260	410	670	0.00005
Arabiibacter massiliensis	1870985	S	1148	267	1415	0.00011
Raoultibacter timonensis	1907662	S	638	56	694	0.00006
Berryella intestinalis	1531429	S	510	596	1106	0.00009
Slackia heliotrinireducens	84110	S	409	12	421	0.00003
Denitrobacterium detoxificans	79604	S	255	109	364	0.00003
Cryptobacterium curtum	84163	S	48	4	52	0.00000
Phoenicibacter congonensis	1944646	S	41	16	57	0.00000
Olsenella timonensis	1805478	S	953	311	1264	0.00010
Olsenella uli	133926	S	522	68	590	0.00005
Olsenella sp. oral taxon 807	712411	S	330	23	353	0.00003
Parolsenella massiliensis	1871022	S	516	302	818	0.00007
Parolsenella catena	2003188	S	449	291	740	0.00006
Thermophilibacter immobilis	2779519	S	639	252	891	0.00007
Parafannyhessea umbonata	604330	S	624	384	1008	0.00008
Atopobium sp. oral taxon 416	712157	S	148	18	166	0.00001
Lancefieldella parvula	1382	S	21	2	23	0.00000
Collinsella aerofaciens	74426	S	854	466	1320	0.00011
Collinsella stercoris	147206	S	642	106	748	0.00006
Collinsella sp. zg1085	2844380	S	28	1	29	0.00000
Coriobacterium glomerans	33871	S	425	14	439	0.00004
Egibacter rhizosphaerae	1670831	S	4369	262	4631	0.00038
Egicoccus halophilus	1670830	S	4065	637	4702	0.00038
Euzebya pacifica	1608957	S	3563	302	3865	0.00031
Priestia megaterium	1404	S	121301	98962	220263	0.01787
Priestia filamentosa	1402861	S	32101	3018	35119	0.00285
Priestia aryabhattai	412384	S	1949	7459	9408	0.00076
Priestia flexa	86664	S	1042	238	1280	0.00010
Priestia koreensis	284581	S	776	195	971	0.00008
Priestia sp. J2	2886505	S	288	1754	2042	0.00017
Bacillus paralicheniformis	1648923	S	9201	4509	13710	0.00111
Bacillus subtilis	1423	S	5841	175851	181692	0.01474
Bacillus velezensis	492670	S	858	15421	16279	0.00132
Bacillus amyloliquefaciens	1390	S	248	6401	6649	0.00054
Bacillus siamensis	659243	S	62	139	201	0.00002
Bacillus mojavensis	72360	S	129	113	242	0.00002
Bacillus halotolerans	260554	S	96	183	279	0.00002
Bacillus licheniformis	1402	S	226	6844	7070	0.00057
Bacillus vallismortis	72361	S	209	182	391	0.00003
Bacillus tequilensis	227866	S	209	135	344	0.00003
Bacillus atrophaeus	1452	S	164	199	363	0.00003
Bacillus inaquosorum	483913	S	50	351	401	0.00003
Bacillus spizizenii	96241	S	39	103	142	0.00001
Bacillus sp. S3	486398	S	2845	589	3434	0.00028
Bacillus sp. 1NLA3E	666686	S	1598	404	2002	0.00016
Bacillus sp. Y1	352858	S	1151	313	1464	0.00012
Bacillus sp. FJAT-18017	1705566	S	864	165	1029	0.00008
Bacillus sp. JY-23	2933872	S	648	180	828	0.00007
Bacillus sp. PAMC26568	2760090	S	434	31	465	0.00004
Bacillus sp. FJAT-22090	1581038	S	416	83	499	0.00004
Bacillus sp. THAF10	2587848	S	381	91	472	0.00004
Bacillus sp. FJAT-42376	2014076	S	380	101	481	0.00004
Bacillus sp. KH172YL63	2709784	S	355	88	443	0.00004
Bacillus sp. NSP9.1	1071078	S	272	15	287	0.00002
Bacillus sp. OxB-1	98228	S	234	41	275	0.00002
Bacillus sp. SB49	1071080	S	185	23	208	0.00002
Bacillus sp. N1-1	2682541	S	176	68	244	0.00002
Bacillus sp. M4U3P1	2592382	S	156	15	171	0.00001
Bacillus sp. Cs-700	2589818	S	120	48	168	0.00001
Bacillus sp. NP247	2846779	S	70	74	144	0.00001
Bacillus sp. WP8	756828	S	65	62	127	0.00001
Bacillus sp. 3a	580459	S	63	284	347	0.00003
Bacillus sp. MBGLi79	2070759	S	62	250	312	0.00003
Bacillus sp. H8-1	2930532	S	45	617	662	0.00005
Bacillus sp. FCW2	2867004	S	45	264	309	0.00003
Bacillus sp. N3536	2666127	S	44	46	90	0.00001
Bacillus sp. N447-1	2789208	S	43	324	367	0.00003
Bacillus sp. JS	1127744	S	38	346	384	0.00003
Bacillus sp. N5-665	2925318	S	29	43	72	0.00001
Bacillus sp. BD59S	2499213	S	27	30	57	0.00000
Bacillus sp. ZJS3	2928154	S	27	48	75	0.00001
Bacillus sp. AM1(2019)	2665175	S	26	310	336	0.00003
Bacillus sp. 275	1941347	S	26	2325	2351	0.00019
Bacillus sp. LJBS17	2859227	S	24	327	351	0.00003
Bacillus sp. SYJ	2529386	S	19	45	64	0.00001
Bacillus sp. MD-5	2009331	S	19	162	181	0.00001
Bacillus sp. JNUCC-24	2842458	S	15	160	175	0.00001
Bacillus sp. LJBS06	2809036	S	14	128	142	0.00001
Bacillus sp. PDNC022	2812759	S	12	34	46	0.00000
Bacillus sp. COPE52	2233998	S	12	10	22	0.00000
Bacillus pseudomycoides	64104	S	3886	1255	5141	0.00042
Bacillus cereus	1396	S	2330	40196	42526	0.00345
Bacillus thuringiensis	1428	S	824	8047	8871	0.00072
Bacillus mycoides	1405	S	740	943	1683	0.00014
Bacillus cytotoxicus	580165	S	629	547	1176	0.00010
Bacillus wiedmannii	1890302	S	209	247	456	0.00004
Bacillus anthracis	1392	S	110	4864	4974	0.00040
Bacillus sp. ABP14	1892404	S	74	320	394	0.00003
Bacillus sp. JAS24-2	2217832	S	15	54	69	0.00001
Bacillus luti	2026191	S	97	73	170	0.00001
Bacillus nitratireducens	2026193	S	59	76	135	0.00001
Bacillus toyonensis	155322	S	58	389	447	0.00004
Bacillus paranthracis	2026186	S	57	1017	1074	0.00009
Bacillus albus	2026189	S	24	81	105	0.00001
Bacillus tropicus	2026188	S	15	366	381	0.00003
Bacillus bombysepticus	658666	S	11	83	94	0.00001
Bacillus infantis	324767	S	4950	1010	5960	0.00048
Bacillus glycinifermentans	1664069	S	1218	285	1503	0.00012
Bacillus dafuensis	1742359	S	1157	304	1461	0.00012
Bacillus safensis	561879	S	898	916	1814	0.00015
Bacillus methanolicus	1471	S	814	283	1097	0.00009
Bacillus badius	1455	S	747	216	963	0.00008
[Brevibacterium] frigoritolerans	450367	S	674	176	850	0.00007
Bacillus aquiflavi	2672567	S	614	120	734	0.00006
Bacillus pumilus	1408	S	582	396	978	0.00008
Bacillus weihaiensis	1547283	S	541	134	675	0.00005
Bacillus gobiensis	1441095	S	446	95	541	0.00004
Bacillus smithii	1479	S	353	143	496	0.00004
Bacillus shivajii	1983719	S	315	34	349	0.00003
Bacillus altitudinis	293387	S	279	838	1117	0.00009
Bacillus fonticola	2728853	S	311	62	373	0.00003
Bacillus cabrialesii	2487276	S	201	139	340	0.00003
Bacillus rugosus	2715209	S	144	105	249	0.00002
Bacillus haynesii	1925021	S	19	45	64	0.00001
Bacillus intestinalis	1963032	S	10	2199	2209	0.00018
Alkalihalobacillus clausii	79880	S	18783	2617	21400	0.00174
Alkalihalobacillus krulwichiae	199441	S	371	81	452	0.00004
Alkalihalobacillus sp. LMS39	2924032	S	318	50	368	0.00003
Alkalihalobacillus lehensis	300825	S	114	30	144	0.00001
Alkalihalobacillus miscanthi	2598861	S	93	26	119	0.00001
Lysinibacillus sp. PLM2	2929796	S	2298	686	2984	0.00024
Lysinibacillus sp. SGAir0095	2070463	S	1911	572	2483	0.00020
Lysinibacillus sp. 2017	2169540	S	421	142	563	0.00005
Lysinibacillus sp. CD3-6	2892541	S	388	114	502	0.00004
Lysinibacillus sp. Ag94	2936682	S	364	32	396	0.00003
Lysinibacillus sp. YS11	2072025	S	94	255	349	0.00003
Lysinibacillus sp. ACHW1.5	2913506	S	84	200	284	0.00002
Lysinibacillus sp. GJ-1	2896845	S	25	279	304	0.00002
Lysinibacillus timonensis	2086577	S	5654	2147	7801	0.00063
Lysinibacillus fusiformis	28031	S	566	488	1054	0.00009
Lysinibacillus parviboronicapiens	436516	S	356	93	449	0.00004
Lysinibacillus sphaericus	1421	S	353	344	697	0.00006
Lysinibacillus agricola	2590012	S	321	73	394	0.00003
Lysinibacillus capsici	2115968	S	98	151	249	0.00002
Lysinibacillus varians	1145276	S	19	152	171	0.00001
Peribacillus asahii	228899	S	7441	2720	10161	0.00082
Peribacillus simplex	1478	S	780	365	1145	0.00009
Peribacillus butanolivorans	421767	S	635	179	814	0.00007
Peribacillus psychrosaccharolyticus	1407	S	496	126	622	0.00005
Peribacillus muralis	264697	S	323	59	382	0.00003
Cytobacillus oceanisediminis	665099	S	2858	1292	4150	0.00034
Cytobacillus ciccensis	1670641	S	1703	456	2159	0.00018
Cytobacillus firmus	1399	S	1091	460	1551	0.00013
Cytobacillus gottheilii	859144	S	990	237	1227	0.00010
Cytobacillus sp. CY-G	2901381	S	708	181	889	0.00007
Cytobacillus kochii	859143	S	609	135	744	0.00006
Neobacillus drentensis	220684	S	5752	1844	7596	0.00062
Neobacillus mesonae	1193713	S	2196	542	2738	0.00022
Heyndrickxia oleronia	38875	S	6684	1817	8501	0.00069
Heyndrickxia vini	1476025	S	832	177	1009	0.00008
Metabacillus sp. KUDC1714	2745198	S	1327	333	1660	0.00013
Metabacillus sp. cB07	2806989	S	709	195	904	0.00007
Metabacillus sp. B2-18	2897333	S	560	640	1200	0.00010
Metabacillus sediminilitoris	2567941	S	1769	478	2247	0.00018
Metabacillus litoralis	152268	S	912	673	1585	0.00013
Metabacillus dongyingensis	2874282	S	538	137	675	0.00005
Metabacillus endolithicus	1535204	S	448	426	874	0.00007
Niallia circulans	1397	S	3252	679	3931	0.00032
Niallia sp. Man26	2912824	S	889	150	1039	0.00008
Terribacillus goriensis	386490	S	2880	446	3326	0.00027
Terribacillus aidingensis	586416	S	477	76	553	0.00004
Virgibacillus sp. Bac332	2419842	S	431	38	469	0.00004
Virgibacillus sp. MSP4-1	2700081	S	338	52	390	0.00003
Virgibacillus sp. NKC19-16	2831673	S	284	17	301	0.00002
Virgibacillus sp. SK37	403957	S	213	69	282	0.00002
Virgibacillus sp. Bac330	2419841	S	139	44	183	0.00001
Virgibacillus sp. 6R	1911587	S	27	204	231	0.00002
Virgibacillus phasianinus	2017483	S	455	43	498	0.00004
Virgibacillus necropolis	163877	S	395	38	433	0.00004
Virgibacillus halodenitrificans	1482	S	359	99	458	0.00004
Virgibacillus dokdonensis	302167	S	98	32	130	0.00001
Virgibacillus pantothenticus	1473	S	54	394	448	0.00004
Gracilibacillus salitolerans	2663022	S	1624	315	1939	0.00016
Gracilibacillus sp. SSPM10-3	2932255	S	606	265	871	0.00007
Gracilibacillus sp. SSWR10-1	2932256	S	539	241	780	0.00006
Oceanobacillus kimchii	746691	S	1627	193	1820	0.00015
Oceanobacillus zhaokaii	2052660	S	583	82	665	0.00005
Oceanobacillus iheyensis	182710	S	543	107	650	0.00005
Geobacillus subterraneus	129338	S	512	308	820	0.00007
Geobacillus genomosp. 3	1921421	S	307	78	385	0.00003
Geobacillus stearothermophilus	1422	S	262	324	586	0.00005
Geobacillus sp. 46C-IIa	1963025	S	128	52	180	0.00001
Geobacillus sp. JS12	1813182	S	34	104	138	0.00001
Geobacillus sp. Y412MC52	550542	S	18	57	75	0.00001
Geobacillus sp. C56-T3	691437	S	18	69	87	0.00001
Geobacillus thermocatenulatus	33938	S	68	63	131	0.00001
Geobacillus thermoleovorans	33941	S	33	339	372	0.00003
[Bacillus] caldolyticus	1394	S	13	139	152	0.00001
Geobacillus kaustophilus	1462	S	12	100	112	0.00001
Geobacillus thermodenitrificans	33940	S	29	180	209	0.00002
Geobacillus zalihae	213419	S	20	133	153	0.00001
Anoxybacillus sediminis	2613334	S	851	143	994	0.00008
Anoxybacillus sp. PDR2	1636720	S	57	364	421	0.00003
Anoxybacillus flavithermus	33934	S	336	196	532	0.00004
Anoxybacillus caldiproteolyticus	247480	S	333	54	387	0.00003
Anoxybacillus amylolyticus	294699	S	293	47	340	0.00003
Anoxybacillus gonensis	198467	S	30	162	192	0.00002
Anoxybacillus kamchatkensis	196180	S	24	120	144	0.00001
Mesobacillus foraminis	279826	S	1059	206	1265	0.00010
Mesobacillus jeotgali	129985	S	650	246	896	0.00007
Mesobacillus sp. S13	2880221	S	578	236	814	0.00007
Hydrogenibacillus sp. N12	2866627	S	1639	149	1788	0.00015
Parageobacillus thermoglucosidasius	1426	S	247	125	372	0.00003
Parageobacillus caldoxylosilyticus	81408	S	242	90	332	0.00003
Parageobacillus toebii	153151	S	233	111	344	0.00003
Parageobacillus genomosp. 1	1295642	S	171	59	230	0.00002
Parageobacillus sp. KH3-4	2916802	S	167	65	232	0.00002
Halobacillus sp. SSTM10-2	2932258	S	204	49	253	0.00002
Halobacillus sp. SSBR10-3	2932257	S	202	22	224	0.00002
Halobacillus sp. SSHM10-5	2932259	S	198	54	252	0.00002
Halobacillus mangrovi	402384	S	216	29	245	0.00002
Halobacillus litoralis	45668	S	183	27	210	0.00002
Halobacillus halophilus	1570	S	161	20	181	0.00001
Sutcliffiella horikoshii	79883	S	591	119	710	0.00006
Sutcliffiella cohnii	33932	S	523	165	688	0.00006
Rossellomorea marisflavi	189381	S	634	177	811	0.00007
Rossellomorea vietnamensis	218284	S	398	112	510	0.00004
Gottfriedia acidiceleris	371036	S	966	207	1173	0.00010
Radiobacillus sp. 80	2844358	S	417	84	501	0.00004
Radiobacillus deserti	2594883	S	357	72	429	0.00003
Psychrobacillus sp. INOP01	2829187	S	302	72	374	0.00003
Psychrobacillus sp. AK 1817	2303505	S	67	67	134	0.00001
Psychrobacillus glaciei	2283160	S	326	83	409	0.00003
Fictibacillus phosphorivorans	1221500	S	339	76	415	0.00003
Fictibacillus arsenicus	255247	S	284	67	351	0.00003
Weizmannia coagulans	1398	S	597	216	813	0.00007
Lentibacillus amyloliquefaciens	1472767	S	247	37	284	0.00002
Lentibacillus sp. CBA3610	2518176	S	184	20	204	0.00002
Salicibibacter cibarius	2743000	S	118	28	146	0.00001
Salicibibacter kimchii	2099786	S	103	8	111	0.00001
Salicibibacter halophilus	2502791	S	102	26	128	0.00001
Salicibibacter cibi	2743001	S	74	10	84	0.00001
Caldibacillus thermoamylovorans	35841	S	441	110	551	0.00004
Pontibacillus sp. ALD_SL1	2777185	S	214	27	241	0.00002
Pontibacillus sp. HMF3514	2692425	S	208	31	239	0.00002
Lederbergia lenta	1467	S	425	77	502	0.00004
Anaerobacillus isosaccharinicus	1532552	S	398	66	464	0.00004
Sediminibacillus sp. DP4-553-S	2729421	S	378	48	426	0.00003
Pradoshia sp. D12	2651284	S	371	80	451	0.00004
Alkalihalophilus pseudofirmus	79885	S	356	45	401	0.00003
Paraliobacillus zengyii	2213194	S	335	41	376	0.00003
Salisediminibacterium selenitireducens	85683	S	156	20	176	0.00001
Salisediminibacterium beveridgei	632773	S	148	18	166	0.00001
Evansella cellulosilytica	1413	S	303	33	336	0.00003
Halalkalibacterium halodurans	86665	S	292	139	431	0.00004
Mangrovibacillus cuniculi	2593652	S	281	108	389	0.00003
Aeribacillus pallidus	33936	S	276	95	371	0.00003
Amphibacillus xylanus	1449	S	223	30	253	0.00002
Caldalkalibacillus thermarum	296745	S	168	23	191	0.00002
Salimicrobium jeotgali	1230341	S	136	15	151	0.00001
Paenibacillus sp. CAA11	1532905	S	2298	345	2643	0.00021
Paenibacillus sp. B01	2660554	S	1929	517	2446	0.00020
Paenibacillus sp. 32O-W	1695218	S	1283	97	1380	0.00011
Paenibacillus sp. H1-7	2282849	S	1244	88	1332	0.00011
Paenibacillus sp. RUD330	2023772	S	1216	100	1316	0.00011
Paenibacillus sp. Y412MC10	481743	S	790	1230	2020	0.00016
Paenibacillus sp. YPD9-1	2908839	S	778	73	851	0.00007
Paenibacillus sp. R14(2021)	2859228	S	705	76	781	0.00006
Paenibacillus sp. sptzw28	715179	S	702	48	750	0.00006
Paenibacillus sp. JNUCC-32	2777984	S	669	1109	1778	0.00014
Paenibacillus sp. HWE-109	1306526	S	668	44	712	0.00006
Paenibacillus sp. JZ16	1906272	S	528	102	630	0.00005
Paenibacillus sp. BIHB4019	1870819	S	522	31	553	0.00004
Paenibacillus sp. URB8-2	2741301	S	388	74	462	0.00004
Paenibacillus sp. PK3_47	2072642	S	381	41	422	0.00003
Paenibacillus sp. PAMC21692	2762320	S	339	247	586	0.00005
Paenibacillus sp. FSL R7-0273	1536772	S	307	39	346	0.00003
Paenibacillus sp. FSL H7-0357	1536774	S	300	32	332	0.00003
Paenibacillus sp. JNUCC-31	2777983	S	252	56	308	0.00003
Paenibacillus sp. DCT19	2211212	S	251	33	284	0.00002
Paenibacillus sp. FSL R7-0331	1536773	S	250	33	283	0.00002
Paenibacillus sp. YPG26	2878915	S	248	37	285	0.00002
Paenibacillus sp. 19GGS1-52	2758563	S	206	15	221	0.00002
Paenibacillus sp. 481	2835869	S	186	13	199	0.00002
Paenibacillus sp. FSL R5-0912	1536771	S	163	64	227	0.00002
Paenibacillus sp. E222	2748863	S	163	46	209	0.00002
Paenibacillus sp. IHB B 3084	867076	S	153	74	227	0.00002
Paenibacillus sp. FSL P4-0081	1536769	S	150	66	216	0.00002
Paenibacillus sp. IHBB 10380	1566358	S	136	19	155	0.00001
Paenibacillus sp. N3/727	2925845	S	121	125	246	0.00002
Paenibacillus sp. FSL H7-0737	1536775	S	95	23	118	0.00001
Paenibacillus sp. FSL R5-0345	1536770	S	83	18	101	0.00001
Paenibacillus sp. Cedars	1980674	S	62	311	373	0.00003
Paenibacillus sp. 37	2607911	S	22	209	231	0.00002
Paenibacillus sp. M-152	2487928	S	22	290	312	0.00003
Paenibacillus sp. lzh-N1	2069255	S	21	298	319	0.00003
Paenibacillus sp. S02	2823904	S	19	131	150	0.00001
Paenibacillus sp. DR312	2871175	S	13	169	182	0.00001
Paenibacillus sp. S25	2823905	S	11	151	162	0.00001
Paenibacillus ihbetae	1870820	S	4068	451	4519	0.00037
Paenibacillus macerans	44252	S	2904	201	3105	0.00025
Paenibacillus mucilaginosus	61624	S	2426	131	2557	0.00021
Paenibacillus cellulositrophicus	562959	S	1734	134	1868	0.00015
Paenibacillus albicereus	2726185	S	1570	377	1947	0.00016
Paenibacillus lycopersici	2704462	S	1541	144	1685	0.00014
Paenibacillus thiaminolyticus	49283	S	1366	190	1556	0.00013
Paenibacillus konkukensis	2020716	S	1148	101	1249	0.00010
Paenibacillus cellulosilyticus	375489	S	1016	98	1114	0.00009
Paenibacillus rhizovicinus	2704463	S	963	98	1061	0.00009
Paenibacillus dendritiformis	130049	S	937	132	1069	0.00009
Paenibacillus beijingensis	1126833	S	920	81	1001	0.00008
Paenibacillus chitinolyticus	79263	S	689	65	754	0.00006
Paenibacillus stellifer	169760	S	648	93	741	0.00006
Paenibacillus protaetiae	2509456	S	622	67	689	0.00006
Paenibacillus polymyxa	1406	S	622	1627	2249	0.00018
Paenibacillus naphthalenovorans	162209	S	551	59	610	0.00005
Paenibacillus durus	44251	S	538	163	701	0.00006
Paenibacillus azoreducens	116718	S	507	46	553	0.00004
Paenibacillus albus	2495582	S	495	50	545	0.00004
Paenibacillus lautus	1401	S	494	526	1020	0.00008
Paenibacillus algicola	2565926	S	471	58	529	0.00004
Paenibacillus xylanilyticus	248903	S	449	74	523	0.00004
Paenibacillus yonginensis	1462996	S	395	146	541	0.00004
Paenibacillus sabinae	365617	S	384	78	462	0.00004
Paenibacillus alvei	44250	S	381	38	419	0.00003
Paenibacillus donghaensis	414771	S	372	31	403	0.00003
Paenibacillus riograndensis	483937	S	153	120	273	0.00002
Paenibacillus sonchi	373687	S	99	132	231	0.00002
Paenibacillus lutimineralis	2707005	S	341	35	376	0.00003
Paenibacillus lentus	1338368	S	341	26	367	0.00003
Paenibacillus agaridevorans	171404	S	324	330	654	0.00005
Paenibacillus guangzhouensis	1473112	S	315	23	338	0.00003
Paenibacillus physcomitrellae	1619311	S	310	89	399	0.00003
Paenibacillus swuensis	1178515	S	301	32	333	0.00003
Paenibacillus tritici	1873425	S	293	36	329	0.00003
Paenibacillus baekrokdamisoli	1712516	S	258	21	279	0.00002
Paenibacillus tianjinensis	2810347	S	254	35	289	0.00002
Paenibacillus barcinonensis	198119	S	252	33	285	0.00002
Paenibacillus larvae	1464	S	237	21	258	0.00002
Paenibacillus kribbensis	172713	S	233	73	306	0.00002
Paenibacillus odorifer	189426	S	233	35	268	0.00002
Paenibacillus borealis	160799	S	231	68	299	0.00002
Paenibacillus psychroresistens	1778678	S	224	9	233	0.00002
Paenibacillus sophorae	1333845	S	221	66	287	0.00002
Paenibacillus bovis	1616788	S	202	19	221	0.00002
Paenibacillus graminis	189425	S	188	84	272	0.00002
Paenibacillus brasilensis	128574	S	184	71	255	0.00002
Paenibacillus pabuli	1472	S	178	54	232	0.00002
Paenibacillus crassostreae	1763538	S	173	20	193	0.00002
Paenibacillus antarcticus	253703	S	145	17	162	0.00001
Paenibacillus terrae	159743	S	142	58	200	0.00002
Paenibacillus jilunlii	682956	S	132	77	209	0.00002
Paenibacillus uliginis	683737	S	124	116	240	0.00002
Paenibacillus xylanexedens	528191	S	92	55	147	0.00001
Paenibacillus peoriae	59893	S	80	401	481	0.00004
Paenibacillus glucanolyticus	59843	S	77	394	471	0.00004
Brevibacillus choshinensis	54911	S	3134	507	3641	0.00030
Brevibacillus brevis	1393	S	1538	603	2141	0.00017
Brevibacillus marinus	2496837	S	757	88	845	0.00007
Brevibacillus composti	2796470	S	727	136	863	0.00007
Brevibacillus agri	51101	S	651	116	767	0.00006
Brevibacillus sp. MMS20-4M-10-Y	2895522	S	393	38	431	0.00004
Brevibacillus sp. DP1.3A	2738867	S	92	62	154	0.00001
Brevibacillus sp. HD3.3A	2738979	S	61	199	260	0.00002
Brevibacillus sp. 7WMA2	2683193	S	18	65	83	0.00001
Brevibacillus laterosporus	1465	S	530	643	1173	0.00010
Brevibacillus formosus	54913	S	182	118	300	0.00002
Brevibacillus parabrevis	54914	S	57	190	247	0.00002
Cohnella sp. LGH	1619153	S	1200	423	1623	0.00013
Cohnella sp. MFER-1	2728023	S	508	74	582	0.00005
Cohnella candidum	2674991	S	1449	153	1602	0.00013
Cohnella cholangitidis	2598458	S	527	99	626	0.00005
Cohnella abietis	2507935	S	176	19	195	0.00002
Thermobacillus composti	377615	S	1734	206	1940	0.00016
Saccharibacillus brassicae	2583377	S	1126	104	1230	0.00010
Aneurinibacillus soli	1500254	S	550	135	685	0.00006
Aneurinibacillus sp. XH2	1450761	S	12	378	390	0.00003
Planococcus sp. PAMC 21323	1526927	S	108	39	147	0.00001
Planococcus sp. MB-3u-03	2058136	S	102	57	159	0.00001
Planococcus sp. 107-1	2908840	S	95	33	128	0.00001
Planococcus maritimus	192421	S	187	62	249	0.00002
Planococcus lenghuensis	2213202	S	180	27	207	0.00002
Planococcus glaciei	459472	S	160	36	196	0.00002
Planococcus plakortidis	1038856	S	147	69	216	0.00002
Planococcus massiliensis	1499687	S	136	25	161	0.00001
Planococcus antarcticus	161360	S	113	27	140	0.00001
Planococcus rifietoensis	200991	S	111	66	177	0.00001
Planococcus versutus	1302659	S	109	39	148	0.00001
Planococcus halotolerans	2233542	S	106	24	130	0.00001
Planococcus donghaensis	414778	S	72	32	104	0.00001
Planococcus halocryophilus	1215089	S	64	26	90	0.00001
Planococcus faecalis	1598147	S	21	63	84	0.00001
Planococcus kocurii	1374	S	20	60	80	0.00001
Sporosarcina sp. Marseille-Q4063	2810514	S	168	21	189	0.00002
Sporosarcina sp. Te-1	2818390	S	154	26	180	0.00001
Sporosarcina sp. PTS2304	2283194	S	127	26	153	0.00001
Sporosarcina sp. resist	2762563	S	45	108	153	0.00001
Sporosarcina sp. P37	1930546	S	17	71	88	0.00001
Sporosarcina sp. P33	1930764	S	10	46	56	0.00000
Sporosarcina ureae	1571	S	363	77	440	0.00004
Sporosarcina ureilytica	298596	S	125	29	154	0.00001
Sporosarcina pasteurii	1474	S	105	24	129	0.00001
Sporosarcina psychrophila	1476	S	32	92	124	0.00001
Solibacillus silvestris	76853	S	337	98	435	0.00004
Solibacillus sp. R5-41	2048654	S	314	104	418	0.00003
Ureibacillus thermosphaericus	51173	S	361	304	665	0.00005
Ureibacillus thermophilus	367743	S	211	85	296	0.00002
Rummeliibacillus stabekisii	241244	S	370	146	516	0.00004
Paenisporosarcina antarctica	417367	S	197	46	243	0.00002
Paenisporosarcina cavernae	2320858	S	135	58	193	0.00002
Kurthia sp. 11kri321	1750719	S	167	70	237	0.00002
Kurthia zopfii	1650	S	136	55	191	0.00002
Viridibacillus sp. JNUCC-6	2779527	S	297	85	382	0.00003
Jeotgalibacillus malaysiensis	1508404	S	179	43	222	0.00002
Tumebacillus avium	1903704	S	1553	815	2368	0.00019
Tumebacillus algifaecis	1214604	S	652	288	940	0.00008
Alicyclobacillus acidocaldarius	405212	S	1807	133	1940	0.00016
Alicyclobacillus acidoterrestris	1450	S	241	32	273	0.00002
Alicyclobacillus mengziensis	2931921	S	197	11	208	0.00002
Alicyclobacillus sp. SO9	2665646	S	110	6	116	0.00001
Alicyclobacillus sp. TC	2606450	S	60	5	65	0.00001
Kyrpidia spormannii	2055160	S	238	135	373	0.00003
Kyrpidia tusciae	33943	S	177	143	320	0.00003
Effusibacillus dendaii	2743772	S	230	26	256	0.00002
Staphylococcus aureus	1280	S	149	1356	1505	0.00012
Staphylococcus sp. CCM 9025	2892440	S	56	18	74	0.00001
Staphylococcus sp. 17KM0847	2583989	S	53	18	71	0.00001
Staphylococcus sp. MI 10-1553	1912064	S	13	4	17	0.00000
Staphylococcus haemolyticus	1283	S	111	97	208	0.00002
Staphylococcus epidermidis	1282	S	92	57	149	0.00001
Staphylococcus pseudintermedius	283734	S	47	38	85	0.00001
Staphylococcus delphini	53344	S	18	12	30	0.00000
Staphylococcus capitis	29388	S	69	51	120	0.00001
Staphylococcus hominis	1290	S	67	33	100	0.00001
Staphylococcus simiae	308354	S	64	24	88	0.00001
Staphylococcus pasteuri	45972	S	61	52	113	0.00001
Staphylococcus simulans	1286	S	53	15	68	0.00001
Staphylococcus lugdunensis	28035	S	52	55	107	0.00001
Staphylococcus xylosus	1288	S	52	19	71	0.00001
Staphylococcus gallinarum	1293	S	50	3	53	0.00000
Staphylococcus felis	46127	S	50	15	65	0.00001
Staphylococcus lutrae	155085	S	49	15	64	0.00001
Staphylococcus nepalensis	214473	S	44	11	55	0.00000
Staphylococcus chromogenes	46126	S	44	15	59	0.00000
Staphylococcus arlettae	29378	S	43	23	66	0.00001
Staphylococcus pseudoxylosus	2282419	S	43	17	60	0.00000
Staphylococcus agnetis	985762	S	41	11	52	0.00000
Staphylococcus auricularis	29379	S	40	10	50	0.00000
Staphylococcus saccharolyticus	33028	S	40	10	50	0.00000
Staphylococcus hyicus	1284	S	37	12	49	0.00000
Staphylococcus cohnii	29382	S	37	27	64	0.00001
Staphylococcus caprae	29380	S	37	17	54	0.00000
Staphylococcus saprophyticus	29385	S	36	14	50	0.00000
Staphylococcus lloydii	2781774	S	36	12	48	0.00000
Staphylococcus succinus	61015	S	34	8	42	0.00000
Staphylococcus pettenkoferi	170573	S	34	6	40	0.00000
Staphylococcus condimenti	70255	S	33	10	43	0.00000
Staphylococcus debuckii	2044912	S	31	11	42	0.00000
Staphylococcus edaphicus	1955013	S	31	6	37	0.00000
Staphylococcus carnosus	1281	S	28	8	36	0.00000
Staphylococcus piscifermentans	70258	S	28	8	36	0.00000
Staphylococcus kloosii	29384	S	27	10	37	0.00000
Staphylococcus schleiferi	1295	S	26	42	68	0.00001
Staphylococcus equorum	246432	S	24	37	61	0.00001
Staphylococcus muscae	1294	S	22	6	28	0.00000
Staphylococcus warneri	1292	S	21	22	43	0.00000
Staphylococcus schweitzeri	1654388	S	18	10	28	0.00000
Staphylococcus argenteus	985002	S	17	87	104	0.00001
Staphylococcus roterodami	2699836	S	16	11	27	0.00000
Macrococcus armenti	2875764	S	91	40	131	0.00001
Macrococcus canis	1855823	S	67	27	94	0.00001
Macrococcus caseolyticus	69966	S	45	112	157	0.00001
Macrococcus brunensis	198483	S	42	9	51	0.00000
Mammaliicoccus sciuri	1296	S	121	65	186	0.00002
Mammaliicoccus lentus	42858	S	74	44	118	0.00001
Mammaliicoccus vitulinus	71237	S	58	24	82	0.00001
Mammaliicoccus stepanovicii	643214	S	48	13	61	0.00001
Jeotgalicoccus sp. ATCC 8456	946435	S	33	5	38	0.00000
Jeotgalicoccus sp. WY2	2708346	S	31	9	40	0.00000
Jeotgalicoccus saudimassiliensis	1461582	S	51	8	59	0.00000
Salinicoccus halodurans	407035	S	57	14	71	0.00001
Abyssicoccus albus	1817405	S	42	12	54	0.00000
Nosocomiicoccus ampullae	489910	S	20	2	22	0.00000
Kroppenstedtia eburnea	714067	S	289	25	314	0.00003
Kroppenstedtia pulmonis	1380685	S	124	8	132	0.00001
Staphylospora marina	2490858	S	397	51	448	0.00004
Polycladomyces abyssicola	1125966	S	336	26	362	0.00003
Novibacillus thermophilus	1471761	S	276	26	302	0.00002
Laceyella sacchari	37482	S	197	36	233	0.00002
Thermoactinomyces vulgaris	2026	S	120	19	139	0.00001
Exiguobacterium alkaliphilum	1428684	S	253	64	317	0.00003
Exiguobacterium sp. N4-1P	2051906	S	66	29	95	0.00001
Exiguobacterium sp. Helios	2735868	S	56	22	78	0.00001
Exiguobacterium sp. PFWT01	2829816	S	29	34	63	0.00001
Exiguobacterium sp. AT1b	360911	S	27	31	58	0.00000
Exiguobacterium sp. MH3	1399115	S	16	23	39	0.00000
Exiguobacterium mexicanum	340146	S	177	46	223	0.00002
Exiguobacterium acetylicum	41170	S	83	140	223	0.00002
Exiguobacterium antarcticum	132920	S	80	23	103	0.00001
Exiguobacterium sibiricum	332410	S	80	33	113	0.00001
Gemella sp. zg-570	2840371	S	20	18	38	0.00000
Gemella haemolysans	1379	S	34	14	48	0.00000
Gemella sanguinis	84135	S	23	15	38	0.00000
Gemella morbillorum	29391	S	13	13	26	0.00000
Listeria monocytogenes	1639	S	212	107	319	0.00003
Listeria ivanovii	1638	S	111	27	138	0.00001
Listeria innocua	1642	S	76	75	151	0.00001
Listeria weihenstephanensis	1006155	S	76	12	88	0.00001
Listeria seeligeri	1640	S	75	30	105	0.00001
Listeria sp. PSOL-1	1844999	S	75	14	89	0.00001
Listeria grayi	1641	S	67	14	81	0.00001
Listeria welshimeri	1643	S	51	56	107	0.00001
Listeria marthii	529731	S	43	17	60	0.00000
Brochothrix thermosphacta	2756	S	57	14	71	0.00001
Sporolactobacillus terrae	269673	S	169	17	186	0.00002
Limosilactobacillus fermentum	1613	S	147	121	268	0.00002
Limosilactobacillus pontis	35787	S	89	38	127	0.00001
Limosilactobacillus mucosae	97478	S	58	21	79	0.00001
Limosilactobacillus reuteri	1598	S	44	41	85	0.00001
Limosilactobacillus panis	47493	S	43	14	57	0.00000
Limosilactobacillus frumenti	104955	S	17	5	22	0.00000
Limosilactobacillus vaginalis	1633	S	13	5	18	0.00000
Limosilactobacillus gastricus	227942	S	11	3	14	0.00000
Lactobacillus delbrueckii	1584	S	135	255	390	0.00003
Lactobacillus sp. CBA3606	2099789	S	16	7	23	0.00000
Lactobacillus sp. 3B(2020)	2695882	S	14	3	17	0.00000
Lactobacillus sp. CBA3605	2099788	S	12	3	15	0.00000
Lactobacillus iners	147802	S	23	23	46	0.00000
Lactobacillus johnsonii	33959	S	21	14	35	0.00000
Lactobacillus jensenii	109790	S	20	5	25	0.00000
Lactobacillus terrae	2269374	S	18	2	20	0.00000
Lactobacillus panisapium	2012495	S	15	2	17	0.00000
Lactobacillus crispatus	47770	S	12	6	18	0.00000
Lactobacillus kefiranofaciens	267818	S	11	13	24	0.00000
Lactobacillus amylovorus	1604	S	10	16	26	0.00000
Levilactobacillus zymae	267363	S	118	33	151	0.00001
Levilactobacillus brevis	1580	S	67	25	92	0.00001
Levilactobacillus suantsaii	2292255	S	44	13	57	0.00000
Levilactobacillus koreensis	637971	S	38	4	42	0.00000
Lacticaseibacillus rhamnosus	47715	S	53	8	61	0.00000
Lacticaseibacillus manihotivorans	88233	S	35	9	44	0.00000
Lacticaseibacillus casei	1582	S	32	10	42	0.00000
Lacticaseibacillus paracasei	1597	S	29	104	133	0.00001
Lacticaseibacillus chiayiensis	2100821	S	27	3	30	0.00000
Lacticaseibacillus zeae	57037	S	18	7	25	0.00000
Leuconostoc gelidum	1244	S	21	2	23	0.00000
Leuconostoc mesenteroides	1245	S	18	62	80	0.00001
Leuconostoc pseudomesenteroides	33968	S	17	22	39	0.00000
Leuconostoc carnosum	1252	S	16	8	24	0.00000
Leuconostoc lactis	1246	S	13	26	39	0.00000
Lactiplantibacillus pentosus	1589	S	70	17	87	0.00001
Lactiplantibacillus plantarum	1590	S	57	41	98	0.00001
Lactiplantibacillus paraplantarum	60520	S	26	7	33	0.00000
Weissella cibaria	137591	S	29	12	41	0.00000
Weissella confusa	1583	S	23	10	33	0.00000
Weissella soli	155866	S	16	3	19	0.00000
Weissella paramesenteroides	1249	S	15	8	23	0.00000
Weissella viridescens	1629	S	12	3	15	0.00000
Weissella hellenica	46256	S	12	7	19	0.00000
Weissella koreensis	165096	S	12	6	18	0.00000
Weissella jogaejeotgali	1631871	S	10	6	16	0.00000
Ligilactobacillus salivarius	1624	S	40	49	89	0.00001
Ligilactobacillus ruminis	1623	S	36	9	45	0.00000
Ligilactobacillus murinus	1622	S	20	16	36	0.00000
Ligilactobacillus saerimneri	228229	S	20	16	36	0.00000
Ligilactobacillus acidipiscis	89059	S	14	5	19	0.00000
Ligilactobacillus agilis	1601	S	11	5	16	0.00000
Ligilactobacillus animalis	1605	S	11	11	22	0.00000
Schleiferilactobacillus harbinensis	304207	S	132	11	143	0.00001
Lentilactobacillus buchneri	1581	S	32	11	43	0.00000
Lentilactobacillus hilgardii	1588	S	20	3	23	0.00000
Lentilactobacillus kefiri	33962	S	18	5	23	0.00000
Lentilactobacillus parabuchneri	152331	S	18	4	22	0.00000
Lentilactobacillus curieae	1138822	S	15	2	17	0.00000
Lentilactobacillus sp. IM3328	2883998	S	11	2	13	0.00000
Companilactobacillus zhachilii	2304606	S	19	3	22	0.00000
Companilactobacillus futsaii	938155	S	17	9	26	0.00000
Companilactobacillus heilongjiangensis	1074467	S	13	2	15	0.00000
Companilactobacillus allii	1847728	S	13	1	14	0.00000
Companilactobacillus ginsenosidimutans	1007676	S	12	1	13	0.00000
Latilactobacillus sakei	1599	S	45	18	63	0.00001
Latilactobacillus curvatus	28038	S	24	12	36	0.00000
Latilactobacillus fuchuensis	164393	S	17	0	17	0.00000
Latilactobacillus graminis	60519	S	15	4	19	0.00000
Pediococcus pentosaceus	1255	S	19	8	27	0.00000
Pediococcus acidilactici	1254	S	19	7	26	0.00000
Pediococcus inopinatus	114090	S	18	11	29	0.00000
Pediococcus damnosus	51663	S	14	8	22	0.00000
Pediococcus claussenii	187452	S	13	4	17	0.00000
Loigolactobacillus coryniformis	1610	S	29	23	52	0.00000
Loigolactobacillus bifermentans	1607	S	28	7	35	0.00000
Loigolactobacillus backii	375175	S	22	10	32	0.00000
Oenococcus kitaharae	336988	S	27	1	28	0.00000
Oenococcus oeni	1247	S	18	4	22	0.00000
Oenococcus sp. UCMA 16435	2259623	S	14	4	18	0.00000
Oenococcus sicerae	2203724	S	11	0	11	0.00000
Liquorilactobacillus nagelii	82688	S	26	8	34	0.00000
Liquorilactobacillus hordei	468911	S	23	12	35	0.00000
Liquorilactobacillus mali	1618	S	18	8	26	0.00000
Secundilactobacillus paracollinoides	240427	S	37	13	50	0.00000
Secundilactobacillus malefermentans	176292	S	17	6	23	0.00000
Paucilactobacillus oligofermentans	293371	S	16	5	21	0.00000
Paucilactobacillus nenjiangensis	1296540	S	15	12	27	0.00000
Fructilactobacillus sanfranciscensis	1625	S	18	13	31	0.00000
Fructilactobacillus lindneri	53444	S	12	5	17	0.00000
Furfurilactobacillus rossiae	231049	S	39	6	45	0.00000
Apilactobacillus bombintestini	2419772	S	12	4	16	0.00000
Apilactobacillus kunkeei	148814	S	11	3	14	0.00000
Amylolactobacillus amylophilus	1603	S	21	15	36	0.00000
Periweissella cryptocerci	2506420	S	18	1	19	0.00000
Lapidilactobacillus dextrinicus	51664	S	14	2	16	0.00000
Bombilactobacillus bombi	1303590	S	12	1	13	0.00000
Acetilactobacillus jinshanensis	1720083	S	10	0	10	0.00000
Streptococcus sp. HKU75	2781599	S	21	11	32	0.00000
Streptococcus sp. zg-86	2664091	S	12	14	26	0.00000
Streptococcus suis	1307	S	62	44	106	0.00001
Streptococcus sanguinis	1305	S	51	15	66	0.00001
Streptococcus equi	1336	S	29	6	35	0.00000
Streptococcus dysgalactiae	1334	S	20	77	97	0.00001
Streptococcus oralis	1303	S	44	78	122	0.00001
Streptococcus intermedius	1338	S	17	16	33	0.00000
Streptococcus anginosus	1328	S	12	85	97	0.00001
Streptococcus pluranimalium	82348	S	28	12	40	0.00000
Streptococcus porcinus	1340	S	28	13	41	0.00000
Streptococcus cristatus	45634	S	24	28	52	0.00000
Streptococcus pyogenes	1314	S	24	28	52	0.00000
Streptococcus infantis	68892	S	24	13	37	0.00000
Streptococcus pneumoniae	1313	S	22	25	47	0.00000
Streptococcus pantholopis	1811193	S	21	2	23	0.00000
Streptococcus sobrinus	1310	S	20	3	23	0.00000
Streptococcus equinus	1335	S	19	18	37	0.00000
Streptococcus mitis	28037	S	19	22	41	0.00000
Streptococcus halotolerans	1814128	S	19	3	22	0.00000
Streptococcus merionis	400065	S	18	1	19	0.00000
Streptococcus pseudoporcinus	361101	S	18	15	33	0.00000
Streptococcus thermophilus	1308	S	18	27	45	0.00000
Streptococcus salivarius	1304	S	18	35	53	0.00000
Streptococcus respiraculi	2021971	S	18	4	22	0.00000
Streptococcus gordonii	1302	S	18	7	25	0.00000
Streptococcus ratti	1341	S	17	2	19	0.00000
Streptococcus ferus	1345	S	16	2	18	0.00000
Streptococcus uberis	1349	S	15	4	19	0.00000
Streptococcus iniae	1346	S	15	4	19	0.00000
Streptococcus mutans	1309	S	14	5	19	0.00000
Streptococcus canis	1329	S	14	10	24	0.00000
Streptococcus chenjunshii	2173853	S	13	1	14	0.00000
Streptococcus urinalis	149016	S	12	6	18	0.00000
Streptococcus halichoeri	254785	S	12	12	24	0.00000
Streptococcus himalayensis	1888195	S	12	3	15	0.00000
Streptococcus parauberis	1348	S	12	22	34	0.00000
Streptococcus australis	113107	S	11	28	39	0.00000
Streptococcus gallolyticus	315405	S	10	37	47	0.00000
Streptococcus troglodytae	1111760	S	10	4	14	0.00000
Streptococcus lactarius	684066	S	10	8	18	0.00000
Lactococcus lactis	1358	S	49	74	123	0.00001
Lactococcus garvieae	1363	S	26	47	73	0.00001
Lactococcus raffinolactis	1366	S	24	16	40	0.00000
Lactococcus cremoris	1359	S	21	43	64	0.00001
Lactococcus taiwanensis	1151742	S	18	5	23	0.00000
Lactococcus protaetiae	2592653	S	18	5	23	0.00000
Lactococcus allomyrinae	2419773	S	15	4	19	0.00000
Floricoccus penangensis	1859475	S	23	4	27	0.00000
Enterococcus faecalis	1351	S	70	101	171	0.00001
Enterococcus avium	33945	S	59	26	85	0.00001
Enterococcus cecorum	44008	S	56	35	91	0.00001
Enterococcus durans	53345	S	53	49	102	0.00001
Enterococcus mundtii	53346	S	47	15	62	0.00001
Enterococcus raffinosus	71452	S	43	20	63	0.00001
Enterococcus faecium	1352	S	41	455	496	0.00004
Enterococcus wangshanyuanii	2005703	S	35	3	38	0.00000
Enterococcus thailandicus	417368	S	33	12	45	0.00000
Enterococcus casseliflavus	37734	S	30	69	99	0.00001
Enterococcus gilvus	160453	S	29	12	41	0.00000
Enterococcus hirae	1354	S	28	17	45	0.00000
Enterococcus rotai	118060	S	27	1	28	0.00000
Enterococcus saigonensis	1805431	S	18	24	42	0.00000
Vagococcus fluvialis	2738	S	49	31	80	0.00001
Vagococcus lutrae	81947	S	45	62	107	0.00001
Vagococcus xieshaowenii	2562451	S	32	17	49	0.00000
Vagococcus carniphilus	218144	S	27	11	38	0.00000
Vagococcus penaei	633807	S	24	6	30	0.00000
Vagococcus hydrophili	2714947	S	24	6	30	0.00000
Vagococcus teuberi	519472	S	21	18	39	0.00000
Vagococcus zengguangii	2571750	S	20	7	27	0.00000
Vagococcus sp. CY52-2	2925838	S	18	17	35	0.00000
Vagococcus coleopterorum	2714946	S	18	5	23	0.00000
Tetragenococcus halophilus	51669	S	34	17	51	0.00000
Tetragenococcus osmophilus	526944	S	17	11	28	0.00000
Tetragenococcus koreensis	290335	S	15	6	21	0.00000
Melissococcus plutonius	33970	S	34	25	59	0.00000
Carnobacterium sp. 17-4	208596	S	24	40	64	0.00001
Carnobacterium divergens	2748	S	45	10	55	0.00000
Carnobacterium maltaromaticum	2751	S	44	13	57	0.00000
Carnobacterium inhibens	147709	S	34	27	61	0.00001
Carnobacterium viridans	174587	S	15	13	28	0.00000
Jeotgalibaca sp. MA1X17-3	2908211	S	29	5	34	0.00000
Jeotgalibaca sp. PTS2502	1903686	S	18	27	45	0.00000
Jeotgalibaca ciconiae	2496265	S	38	15	53	0.00000
Jeotgalibaca porci	1868793	S	32	21	53	0.00000
Jeotgalibaca dankookensis	708126	S	31	6	37	0.00000
Jeotgalibaca arthritidis	1868794	S	22	33	55	0.00000
Dolosigranulum pigrum	29394	S	60	13	73	0.00001
Granulicatella adiacens	46124	S	30	12	42	0.00000
Granulicatella elegans	137732	S	27	53	80	0.00001
Marinilactibacillus sp. 15R	1911586	S	26	10	36	0.00000
Aerococcus sanguinicola	119206	S	41	6	47	0.00000
Aerococcus urinae	1376	S	26	7	33	0.00000
Aerococcus christensenii	87541	S	16	17	33	0.00000
Aerococcus urinaeequi	51665	S	14	32	46	0.00000
Aerococcus urinaehominis	128944	S	11	1	12	0.00000
Abiotrophia defectiva	46125	S	29	6	35	0.00000
Suicoccus acidiformans	2036206	S	28	15	43	0.00000
Ignavigranum ruoffiae	89093	S	21	2	23	0.00000
Thermaerobacter sp. FW80	2546351	S	2055	376	2431	0.00020
Thermaerobacter sp. PB12/4term	2293838	S	1431	321	1752	0.00014
Thermaerobacter marianensis	73919	S	1766	381	2147	0.00017
Intestinimonas butyriciproducens	1297617	S	390	112	502	0.00004
Aminipila luticellarii	2507160	S	52	5	57	0.00000
Aminipila terrae	2697030	S	31	2	33	0.00000
Aminipila butyrica	433296	S	25	2	27	0.00000
Emergencia timonensis	1776384	S	106	28	134	0.00001
Mogibacterium diversum	114527	S	13	21	34	0.00000
Flintibacter sp. KGMB00164	2610895	S	206	22	228	0.00002
Massilistercora timonensis	2086584	S	107	92	199	0.00002
Carboxydocella thermautotrophica	178899	S	104	7	111	0.00001
Fenollaria sp. EMRHCC_24	2811778	S	10	15	25	0.00000
Faecalibacterium prausnitzii	853	S	1177	948	2125	0.00017
Dysosmobacter sp. Marseille-Q4140	2830675	S	471	169	640	0.00005
Dysosmobacter welbionis	2093857	S	372	239	611	0.00005
Flavonifractor plautii	292800	S	744	166	910	0.00007
Vescimonas coprocola	2714355	S	235	170	405	0.00003
Vescimonas fastidiosa	2714353	S	188	231	419	0.00003
Ruthenibacterium lactatiformans	1550024	S	414	97	511	0.00004
Ethanoligenens harbinense	253239	S	391	19	410	0.00003
Caproiciproducens sp. NJN-50	2507162	S	310	34	344	0.00003
Oscillibacter sp. NSJ-62	2763056	S	289	78	367	0.00003
Anaerotruncus colihominis	169435	S	273	133	406	0.00003
Caproicibacter fermentans	2576756	S	234	12	246	0.00002
Acutalibacter muris	1796620	S	195	9	204	0.00002
Ruminococcus champanellensis	1161942	S	73	4	77	0.00001
Ruminococcus albus	1264	S	39	0	39	0.00000
Ruminococcus bicirculans	1160721	S	27	5	32	0.00000
Ruminococcus bovis	2564099	S	16	1	17	0.00000
Acetivibrio clariflavus	288965	S	52	29	81	0.00001
Acetivibrio thermocellus	1515	S	47	8	55	0.00000
Acetivibrio saccincola	1677857	S	37	20	57	0.00000
Pusillibacter faecalis	2714358	S	141	73	214	0.00002
Solibaculum mannosilyticum	2780922	S	130	102	232	0.00002
Caproicibacterium amylolyticum	2766537	S	62	4	66	0.00001
Caproicibacterium lactatifermentans	2666138	S	56	6	62	0.00001
Ruminiclostridium herbifermentans	2488810	S	34	9	43	0.00000
Ruminiclostridium cellulolyticum	1521	S	27	5	32	0.00000
Pseudoclostridium thermosuccinogenes	84032	S	58	11	69	0.00001
Thermoclostridium stercorarium	1510	S	52	4	56	0.00000
Monoglobus pectinilyticus	1981510	S	33	12	45	0.00000
Mageeibacillus indolicus	884684	S	31	28	59	0.00000
Fastidiosipila sanguinis	236753	S	18	7	25	0.00000
Clostridium sp. DL-VIII	641107	S	66	7	73	0.00001
Clostridium sp. SY8519	1042156	S	66	15	81	0.00001
Clostridium sp. M62/1	411486	S	59	61	120	0.00001
Clostridium sp. C5S11	704125	S	57	4	61	0.00001
Clostridium sp. JN-9	2507159	S	40	4	44	0.00000
Clostridium sp. BNL1100	755731	S	34	3	37	0.00000
Clostridium sp. JN-1	2483110	S	27	2	29	0.00000
Clostridium sp. BJN0001	2930219	S	27	4	31	0.00000
Clostridium sp. 'deep sea'	2779445	S	26	0	26	0.00000
Clostridium sp. C1	1155388	S	22	15	37	0.00000
Clostridium sp. MD294	97138	S	19	1	20	0.00000
Clostridium sp. 001	1970093	S	17	11	28	0.00000
Clostridium sp. AWRP	2212991	S	17	7	24	0.00000
Clostridium argentinense	29341	S	144	13	157	0.00001
Clostridium botulinum	1491	S	144	163	307	0.00002
Clostridium perfringens	1502	S	128	33	161	0.00001
Clostridium beijerinckii	1520	S	91	128	219	0.00002
Clostridium pasteurianum	1501	S	76	8	84	0.00001
Clostridium kluyveri	1534	S	72	3	75	0.00001
Clostridium saccharoperbutylacetonicum	36745	S	68	9	77	0.00001
Clostridium tetani	1513	S	65	7	72	0.00001
Clostridium intestinale	36845	S	57	4	61	0.00001
Clostridium butyricum	1492	S	54	6	60	0.00000
Clostridium cellulovorans	1493	S	53	5	58	0.00000
Clostridium thermarum	1716543	S	50	21	71	0.00001
Clostridium aceticum	84022	S	47	3	50	0.00000
Clostridium saccharobutylicum	169679	S	45	5	50	0.00000
Clostridium manihotivorum	2320868	S	44	3	47	0.00000
Clostridium baratii	1561	S	44	8	52	0.00000
Clostridium carboxidivorans	217159	S	43	8	51	0.00000
Clostridium sporogenes	1509	S	39	169	208	0.00002
Clostridium tyrobutyricum	1519	S	34	1	35	0.00000
Clostridium formicaceticum	1497	S	34	4	38	0.00000
Clostridium bornimense	1216932	S	33	9	42	0.00000
Clostridium cadaveris	1529	S	32	5	37	0.00000
Clostridium estertheticum	238834	S	29	3	32	0.00000
Clostridium acetobutylicum	1488	S	28	35	63	0.00001
Clostridium gasigenes	94869	S	28	3	31	0.00000
Clostridium septicum	1504	S	26	4	30	0.00000
Clostridium isatidis	182773	S	25	7	32	0.00000
Clostridium taeniosporum	394958	S	24	2	26	0.00000
Clostridium chauvoei	46867	S	18	3	21	0.00000
Clostridium drakei	332101	S	17	9	26	0.00000
Clostridium fermenticellae	2068654	S	17	1	18	0.00000
Clostridium scatologenes	1548	S	17	11	28	0.00000
Clostridium novyi	1542	S	16	76	92	0.00001
Clostridium cochlearium	1494	S	12	2	14	0.00000
Alkaliphilus sp. B6464	2731219	S	152	27	179	0.00001
Alkaliphilus metalliredigens	208226	S	39	5	44	0.00000
Alkaliphilus oremlandii	461876	S	34	6	40	0.00000
Hungatella hathewayi	154046	S	125	3	128	0.00001
Crassaminicella thermophila	2599308	S	31	7	38	0.00000
Crassaminicella profunda	1286698	S	29	4	33	0.00000
Crassaminicella sp. 143-21	2855394	S	27	9	36	0.00000
Geosporobacter ferrireducens	1424294	S	61	6	67	0.00001
Caloramator sp. E03	2576307	S	44	2	46	0.00000
Serpentinicella alkaliphila	1734049	S	38	4	42	0.00000
Paraclostridium bifermentans	1490	S	28	6	34	0.00000
Hathewaya histolytica	1498	S	24	4	28	0.00000
Sarcina sp. JB2	2726954	S	21	5	26	0.00000
Candidatus Arthromitus sp. SFB-rat-Yit	1041504	S	10	10	20	0.00000
Symbiobacterium thermophilum	2734	S	2479	156	2635	0.00021
[Clostridium] hylemonae	89153	S	117	25	142	0.00001
[Clostridium] scindens	29347	S	116	36	152	0.00001
Lachnoclostridium phocaeense	1871021	S	102	72	174	0.00001
Lachnoclostridium phytofermentans	66219	S	24	1	25	0.00000
Lachnoclostridium sp. YL32	1834196	S	17	24	41	0.00000
Blautia producta	33035	S	58	9	67	0.00001
Blautia sp. NBRC 113351	2877527	S	41	34	75	0.00001
Blautia sp. SC05B48	2479767	S	12	25	37	0.00000
Blautia pseudococcoides	1796616	S	47	5	52	0.00000
Blautia liquoris	2779518	S	28	1	29	0.00000
Blautia obeum	40520	S	19	14	33	0.00000
Blautia argi	1912897	S	18	12	30	0.00000
Blautia hansenii	1322	S	14	8	22	0.00000
Blautia massiliensis	1737424	S	14	22	36	0.00000
Lachnospiraceae bacterium NSJ-38	2763669	S	75	22	97	0.00001
Lachnospiraceae bacterium NSJ-29	2763667	S	71	15	86	0.00001
Lachnospiraceae bacterium sunii NSJ-8	2763672	S	44	27	71	0.00001
Lachnospiraceae bacterium NSJ-4	2763670	S	38	32	70	0.00001
Anaerocolumna cellulosilytica	433286	S	117	4	121	0.00001
Anaerocolumna chitinilytica	1727145	S	49	1	50	0.00000
Anaerocolumna sedimenticola	2696063	S	44	2	46	0.00000
Roseburia hominis	301301	S	110	90	200	0.00002
Roseburia intestinalis	166486	S	36	34	70	0.00001
Roseburia sp. NSJ-69	2763062	S	15	3	18	0.00000
Coprococcus comes	410072	S	42	37	79	0.00001
Coprococcus catus	116085	S	37	16	53	0.00000
Coprococcus eutactus	33043	S	23	23	46	0.00000
Anaerostipes caccae	105841	S	43	11	54	0.00000
Anaerostipes rhamnosivorans	1229621	S	36	16	52	0.00000
Anaerostipes hadrus	649756	S	24	17	41	0.00000
Enterocloster bolteae	208479	S	98	26	124	0.00001
Enterocloster clostridioformis	1531	S	14	36	50	0.00000
Butyrivibrio fibrisolvens	831	S	47	8	55	0.00000
Butyrivibrio proteoclasticus	43305	S	32	3	35	0.00000
Butyrivibrio hungatei	185008	S	20	1	21	0.00000
Lacrimispora saccharolytica	84030	S	41	5	46	0.00000
Lacrimispora sphenoides	29370	S	37	2	39	0.00000
Anaerotignum propionicum	28446	S	56	4	60	0.00000
Sellimonas intestinalis	1653434	S	50	20	70	0.00001
Cellulosilyticum lentocellum	29360	S	15	27	42	0.00000
[Ruminococcus] gnavus	33038	S	25	17	42	0.00000
[Ruminococcus] torques	33039	S	17	12	29	0.00000
Anaerobutyricum hallii	39488	S	40	11	51	0.00000
Novisyntrophococcus fermenticellae	2068655	S	39	4	43	0.00000
Herbinix luporum	1679721	S	29	15	44	0.00000
Dorea longicatena	88431	S	22	18	40	0.00000
Lachnospira eligens	39485	S	20	2	22	0.00000
Faecalicatena sp. Marseille-Q4148	2823316	S	15	6	21	0.00000
Pseudobutyrivibrio xylanivorans	185007	S	11	0	11	0.00000
Candidatus Desulforudis audaxviator	471827	S	620	28	648	0.00005
Desulforamulus ruminis	1564	S	91	12	103	0.00001
Desulforamulus ferrireducens	1833852	S	91	52	143	0.00001
Desulforamulus reducens	59610	S	45	8	53	0.00000
Acididesulfobacillus acetoxydans	1561005	S	241	7	248	0.00002
Candidatus Formimonas warabiya	1761012	S	161	9	170	0.00001
Thermanaerosceptrum fracticalcis	1712410	S	97	11	108	0.00001
Desulfofarcimen acetoxidans	58138	S	79	7	86	0.00001
Dehalobacterium formicoaceticum	51515	S	50	8	58	0.00000
Desulfitobacterium hafniense	49338	S	100	28	128	0.00001
Desulfitobacterium metallireducens	142877	S	62	12	74	0.00001
Desulfitobacterium dehalogenans	36854	S	51	14	65	0.00001
Desulfitobacterium dichloroeliminans	233055	S	51	38	89	0.00001
Desulfosporosinus orientis	1563	S	69	9	78	0.00001
Desulfosporosinus youngiae	339862	S	69	13	82	0.00001
Desulfosporosinus acidiphilus	885581	S	65	8	73	0.00001
Desulfosporosinus meridiei	79209	S	53	12	65	0.00001
Dehalobacter restrictus	55583	S	41	66	107	0.00001
Syntrophobotulus glycolicus	51197	S	74	4	78	0.00001
Christensenella sp. Marseille-P3954	2086585	S	564	189	753	0.00006
Christensenella minuta	626937	S	159	37	196	0.00002
Heliomicrobium modesticaldum	35701	S	626	284	910	0.00007
Heliorestis convoluta	356322	S	65	3	68	0.00001
Eubacterium limosum	1736	S	72	57	129	0.00001
Eubacterium sp. MSJ-33	2841528	S	27	14	41	0.00000
Eubacterium sp. c-25	2841037	S	26	10	36	0.00000
Eubacterium sp. NSJ-61	2764325	S	10	11	21	0.00000
Eubacterium callanderi	53442	S	41	26	67	0.00001
Eubacterium maltosivorans	2041044	S	24	79	103	0.00001
Acetobacterium wieringae	52694	S	52	30	82	0.00001
Acetobacterium sp. KB-1	2184575	S	52	23	75	0.00001
Acetobacterium woodii	33952	S	23	7	30	0.00000
Alkalibacter sp. ES005	2815577	S	87	4	91	0.00001
Clostridioides difficile	1496	S	41	957	998	0.00008
Peptoclostridium acidaminophilum	1731	S	50	6	56	0.00000
Romboutsia sp. CE17	2724150	S	16	7	23	0.00000
Romboutsia hominis	1507512	S	15	6	21	0.00000
Acetoanaerobium sticklandii	1511	S	30	2	32	0.00000
Paeniclostridium sordellii	1505	S	28	5	33	0.00000
Tepidibacter sp. 8C15b	2925782	S	24	3	27	0.00000
Filifactor alocis	143361	S	19	18	37	0.00000
Terrisporobacter sp. MCA3	2813371	S	18	2	20	0.00000
Peptacetobacter hiranonis	89152	S	13	2	15	0.00000
Syntrophothermus lipocalidus	86170	S	99	7	106	0.00001
Candidatus Contubernalis alkalaceticum	338645	S	50	1	51	0.00000
Syntrophomonas wolfei	863	S	39	6	45	0.00000
Candidatus Syntrophocurvum alkaliphilum	2293317	S	22	4	26	0.00000
Desulfoscipio gibsoniae	102134	S	152	9	161	0.00001
Thermincola potens	863643	S	82	6	88	0.00001
Vallitalea guaymasensis	1185412	S	25	3	28	0.00000
Vallitalea pronyensis	1348613	S	22	2	24	0.00000
Petrocella atlantisensis	2173034	S	27	2	29	0.00000
Desulfotomaculum nigrificans	1565	S	67	24	91	0.00001
Caloranaerobacter azorensis	116090	S	61	6	67	0.00001
Alkalicella caledoniensis	2731377	S	34	3	37	0.00000
Moorella sp. Hama-1	2138101	S	328	70	398	0.00003
Moorella thermoacetica	1525	S	310	55	365	0.00003
Moorella glycerini	55779	S	259	26	285	0.00002
Ammonifex degensii	42838	S	384	10	394	0.00003
Gelria sp. Kuro-4	2796927	S	867	48	915	0.00007
Thermacetogenium phaeum	85874	S	312	248	560	0.00005
Carboxydothermus hydrogenoformans	129958	S	106	8	114	0.00001
Thermoanaerobacter kivui	2325	S	14	21	35	0.00000
Thermoanaerobacter mathranii	583357	S	14	63	77	0.00001
Thermanaeromonas toyohensis	161154	S	99	2	101	0.00001
Caldanaerobacter subterraneus	911092	S	34	66	100	0.00001
Caldicellulosiruptor changbaiensis	1222016	S	22	56	78	0.00001
Caldicellulosiruptor acetigenus	301953	S	14	22	36	0.00000
Thermoanaerobacterium thermosaccharolyticum	1517	S	27	34	61	0.00000
Thermoanaerobacterium sp. RBIITD	1550240	S	23	15	38	0.00000
Thermoanaerobacterium xylanolyticum	29329	S	13	11	24	0.00000
Zhaonella formicivorans	2528593	S	95	12	107	0.00001
Mahella australiensis	252966	S	93	36	129	0.00001
Thermodesulfobium narugense	184064	S	15	22	37	0.00000
Thermodesulfobium acidiphilum	1794699	S	11	16	27	0.00000
Iocasia fonsfrigidae	2682810	S	66	5	71	0.00001
Halanaerobium praevalens	2331	S	27	13	40	0.00000
Halanaerobium hydrogeniformans	656519	S	12	4	16	0.00000
Halothermothrix orenii	31909	S	41	5	46	0.00000
Acetohalobium arabaticum	28187	S	44	6	50	0.00000
Halobacteroides halobius	42422	S	32	6	38	0.00000
Anoxybacter fermentans	1323375	S	62	11	73	0.00001
Thermosediminibacter oceani	291990	S	139	9	148	0.00001
Biomaibacter acetigenes	2316383	S	87	7	94	0.00001
Tepidanaerobacter acetatoxydans	499229	S	19	1	20	0.00000
Natranaerofaba carboxydovora	2742683	S	78	3	81	0.00001
Natranaerobius thermophilus	375929	S	33	4	37	0.00000
Koleobacter methoxysyntrophicus	2751313	S	86	7	93	0.00001
Selenomonas sp. oral taxon 126	712528	S	439	110	549	0.00004
Selenomonas sp. oral taxon 920	1884263	S	272	55	327	0.00003
Selenomonas sp. oral taxon 478	712538	S	136	173	309	0.00003
Selenomonas sp. oral taxon 136	713030	S	113	134	247	0.00002
Selenomonas sputigena	69823	S	753	42	795	0.00006
Selenomonas timonae	2754044	S	287	125	412	0.00003
Selenomonas ruminantium	971	S	123	7	130	0.00001
Megamonas funiformis	437897	S	19	5	24	0.00000
Megamonas hypermegale	158847	S	15	5	20	0.00000
Pectinatus frisingensis	865	S	24	1	25	0.00000
Sporomusa termitida	2377	S	168	16	184	0.00001
Methylomusa anaerophila	1930071	S	117	5	122	0.00001
Pelosinus sp. UFO1	484770	S	49	13	62	0.00001
Pelosinus fermentans	365349	S	45	7	52	0.00000
Megasphaera stantonii	2144175	S	256	107	363	0.00003
Megasphaera elsdenii	907	S	253	101	354	0.00003
Megasphaera massiliensis	1232428	S	102	28	130	0.00001
Dialister pneumosintes	39950	S	20	77	97	0.00001
Veillonella parvula	29466	S	24	18	42	0.00000
Veillonella rodentium	248315	S	20	7	27	0.00000
Veillonella atypica	39777	S	12	8	20	0.00000
Acidaminococcus fermentans	905	S	152	22	174	0.00001
Acidaminococcus intestini	187327	S	77	9	86	0.00001
Phascolarctobacterium faecium	33025	S	72	5	77	0.00001
Phascolarctobacterium sp. Marseille-Q4147	2823317	S	35	27	62	0.00001
Phascolarctobacterium succinatutens	626940	S	24	46	70	0.00001
Limnochorda pilosa	1555112	S	2436	70	2506	0.00020
Peptoniphilus ivorii	54006	S	141	25	166	0.00001
Peptoniphilus harei	54005	S	16	11	27	0.00000
Murdochiella vaginalis	1852373	S	72	47	119	0.00001
Anaerococcus mediterraneensis	1870984	S	30	34	64	0.00001
Anaerococcus prevotii	33034	S	10	5	15	0.00000
Finegoldia magna	1260	S	23	13	36	0.00000
Helcococcus kunzii	40091	S	15	4	19	0.00000
Parvimonas micra	33033	S	11	12	23	0.00000
Miniphocaeibacter halophilus	2931922	S	10	0	10	0.00000
Schnuerera ultunensis	45497	S	40	6	46	0.00000
Tissierella sp. JN-28	2507161	S	38	5	43	0.00000
Keratinibaculum paraultunense	1278232	S	34	11	45	0.00000
Gudongella oleilytica	1582259	S	19	2	21	0.00000
Gottschalkia acidurici	1556	S	77	6	83	0.00001
Ezakiella coagulans	46507	S	55	95	150	0.00001
Ezakiella massiliensis	1852374	S	15	7	22	0.00000
Sedimentibacter sp. zth1	2816908	S	24	1	25	0.00000
Allobaculum sp. Allo2	2853432	S	64	9	73	0.00001
Allobaculum mucolyticum	2834459	S	39	7	46	0.00000
Faecalibaculum rodentium	1702221	S	101	17	118	0.00001
Erysipelothrix sp. HDW6A	2714928	S	18	8	26	0.00000
Erysipelothrix sp. HDW6C	2714930	S	13	9	22	0.00000
Erysipelothrix larvae	1514105	S	13	8	21	0.00000
[Clostridium] innocuum	1522	S	46	27	73	0.00001
Erysipelatoclostridium ramosum	1547	S	19	6	25	0.00000
Bulleidia sp. zg-1006	2806552	S	26	6	32	0.00000
Intestinibaculum porci	2487118	S	24	6	30	0.00000
Longicatena caecimuris	1796635	S	18	20	38	0.00000
Amedibacterium intestinale	2583452	S	17	22	39	0.00000
Faecalibacillus intestinalis	1982626	S	16	13	29	0.00000
Erysipelotrichaceae bacterium BP52G	2899121	S	10	1	11	0.00000
Turicibacter sp. H121	1712675	S	30	23	53	0.00000
Turicibacter sp. TJ11	2806443	S	26	17	43	0.00000
Turicibacter sanguinis	154288	S	25	5	30	0.00000
Ndongobacter massiliensis	1871025	S	81	44	125	0.00001
endosymbiont 'TC1' of Trimyema compressum	243899	S	43	1	44	0.00000
Nostoc sp. MS1	2764711	S	962	110	1072	0.00009
Nostoc sp. CENA543	1869241	S	769	56	825	0.00007
Nostoc sp. PCC 7524	28072	S	412	34	446	0.00004
Nostoc sp. UHCC 0870	2914041	S	396	36	432	0.00004
Nostoc sp. TCL26-01	2576904	S	357	21	378	0.00003
Nostoc sp. UHCC 0702	2814655	S	268	25	293	0.00002
Nostoc sp. NIES-4103	2005458	S	266	26	292	0.00002
Nostoc sp. NIES-2111	1973475	S	211	332	543	0.00004
Nostoc sp. PCC 7107	317936	S	209	47	256	0.00002
Nostoc sp. NIES-3756	1751286	S	195	397	592	0.00005
Nostoc sp. C052	2576902	S	164	36	200	0.00002
Nostoc sp. 'Lobaria pulmonaria (5183) cyanobiont'	1618022	S	118	25	143	0.00001
Nostoc sp. 'Peltigera membranacea cyanobiont' N6	1261031	S	112	31	143	0.00001
Nostoc sp. ATCC 53789	76335	S	94	142	236	0.00002
Nostoc sp. TCL240-02	2572090	S	58	33	91	0.00001
Nostoc sp. C057	2576903	S	55	81	136	0.00001
Nostoc sp. PCC 7120 = FACHB-418	103690	S	12	503	515	0.00004
Nostoc piscinale	224012	S	285	31	316	0.00003
Nostoc linckia	92942	S	203	23	226	0.00002
Nostoc edaphicum	264686	S	141	44	185	0.00002
Nostoc sphaeroides	446679	S	131	87	218	0.00002
Nostoc flagelliforme	1306274	S	111	43	154	0.00001
Nostoc punctiforme	272131	S	86	72	158	0.00001
Nostoc commune	1178	S	85	27	112	0.00001
Anabaena cylindrica	1165	S	766	74	840	0.00007
Anabaena sp. WA102	1647413	S	172	145	317	0.00003
Anabaena sp. 90	46234	S	95	340	435	0.00004
Trichormus azollae	1164	S	794	53	847	0.00007
Trichormus variabilis	264691	S	12	189	201	0.00002
Richelia sinica	1357545	S	378	28	406	0.00003
Cylindrospermum stagnale	142864	S	238	16	254	0.00002
Sphaerospermopsis torques-reginae	984207	S	2131	527	2658	0.00022
Sphaerospermopsis kisseleviana	289435	S	1868	476	2344	0.00019
Dolichospermum compactum	136073	S	168	100	268	0.00002
Dolichospermum flos-aquae	1166	S	88	338	426	0.00003
Dolichospermum sp. UHCC 0315A	1914871	S	86	279	365	0.00003
Nodularia spumigena	70799	S	167	47	214	0.00002
Nodularia sphaerocarpa	137816	S	133	21	154	0.00001
Anabaenopsis circularis	109266	S	168	48	216	0.00002
Anabaenopsis elenkinii	156213	S	89	8	97	0.00001
Cylindrospermopsis curvispora	747548	S	34	18	52	0.00000
Cylindrospermopsis raciborskii	77022	S	27	30	57	0.00000
Calothrix sp. PCC 7716	2853227	S	188	93	281	0.00002
Calothrix sp. PCC 7507	99598	S	174	25	199	0.00002
Calothrix sp. NIES-2100	1954172	S	168	74	242	0.00002
Calothrix sp. NIES-3974	2005462	S	165	9	174	0.00001
Calothrix sp. NIES-2098	1954171	S	143	59	202	0.00002
Calothrix sp. 336/3	1337936	S	110	23	133	0.00001
Calothrix sp. PCC 6303	1170562	S	85	17	102	0.00001
Calothrix brevissima	938406	S	222	49	271	0.00002
Calothrix parasitica	1973486	S	144	4	148	0.00001
Scytonema sp. NIES-4073	2005464	S	155	52	207	0.00002
Scytonema sp. HK-05	1137095	S	134	42	176	0.00001
Brasilonema sennae	1397703	S	120	10	130	0.00001
Tolypothrix sp. PCC 7910	2099387	S	166	36	202	0.00002
Tolypothrix tenuis	457083	S	140	37	177	0.00001
Fischerella sp. NIES-3754	1752063	S	162	23	185	0.00002
Fischerella sp. NIES-4106	2005456	S	109	10	119	0.00001
Rivularia sp. PCC 7116	373994	S	86	3	89	0.00001
Synechococcus sp. CBW1004	1353136	S	799	177	976	0.00008
Synechococcus sp. RSCCF101	2511069	S	619	104	723	0.00006
Synechococcus sp. CBW1107	2789857	S	535	89	624	0.00005
Synechococcus sp. JA-3-3Ab	321327	S	393	77	470	0.00004
Synechococcus sp. CBW1108	1353147	S	382	46	428	0.00003
Synechococcus sp. SynAce01	1916956	S	346	30	376	0.00003
Synechococcus sp. CB0101	232348	S	345	63	408	0.00003
Synechococcus sp. NB0720_10	2907159	S	283	60	343	0.00003
Synechococcus sp. RS9909	221352	S	241	76	317	0.00003
Synechococcus sp. LA31	2741953	S	240	45	285	0.00002
Synechococcus sp. PCC 7336	195250	S	240	5	245	0.00002
Synechococcus sp. LTW-R	2751170	S	211	43	254	0.00002
Synechococcus sp. JA-2-3B'a(2-13)	321332	S	210	38	248	0.00002
Synechococcus sp. WH 8101	59932	S	187	54	241	0.00002
Synechococcus sp. HK01-R	2751171	S	175	25	200	0.00002
Synechococcus sp. A10-1-5-1	2936507	S	175	33	208	0.00002
Synechococcus sp. KORDI-100	1280380	S	156	9	165	0.00001
Synechococcus sp. Minos11	221341	S	154	9	163	0.00001
Synechococcus sp. NOUM97013	1442555	S	120	16	136	0.00001
Synechococcus sp. BMK-MC-1	1442551	S	112	38	150	0.00001
Synechococcus sp. KORDI-52	585425	S	105	28	133	0.00001
Synechococcus sp. PROS-U-1	1400866	S	96	14	110	0.00001
Synechococcus sp. KORDI-49	585423	S	92	77	169	0.00001
Synechococcus sp. MEDNS5	1442554	S	87	25	112	0.00001
Synechococcus sp. CC9902	316279	S	84	7	91	0.00001
Synechococcus sp. PROS-7-1	1442556	S	83	31	114	0.00001
Synechococcus sp. A15-127	1050624	S	82	69	151	0.00001
Synechococcus sp. PCC 6312	195253	S	79	2	81	0.00001
Synechococcus sp. CBW1006	1353138	S	77	478	555	0.00005
Synechococcus sp. BIOS-E4-1	1400864	S	71	6	77	0.00001
Synechococcus sp. A15-62	1050657	S	67	39	106	0.00001
Synechococcus sp. PCC 7003	374981	S	65	15	80	0.00001
Synechococcus sp. MIT S9220	166309	S	65	8	73	0.00001
Synechococcus sp. A15-44	1050646	S	62	91	153	0.00001
Synechococcus sp. BIOS-U3-1	1400865	S	62	5	67	0.00001
Synechococcus sp. CBW1002	1353134	S	60	425	485	0.00004
Synechococcus sp. NIES-970	1827144	S	59	7	66	0.00001
Synechococcus sp. ROS8604	1442557	S	50	10	60	0.00000
Synechococcus sp. WH 8020	32052	S	45	7	52	0.00000
Synechococcus sp. WH 8109	166314	S	43	27	70	0.00001
Synechococcus sp. TAK9802	1442558	S	38	77	115	0.00001
Synechococcus sp. RS9907	221350	S	37	71	108	0.00001
Synechococcus sp. RS9902	221345	S	37	63	100	0.00001
Synechococcus sp. PCC 7502	1173263	S	32	1	33	0.00000
Synechococcus sp. M16.1	1442553	S	32	79	111	0.00001
Synechococcus sp. PROS-9-1	1968775	S	29	6	35	0.00000
Synechococcus sp. MVIR-18-1	1386941	S	25	36	61	0.00001
Synechococcus sp. CC9311	64471	S	22	4	26	0.00000
Synechococcus sp. A15-60	1050655	S	19	111	130	0.00001
Synechococcus sp. SYN20	1050714	S	18	22	40	0.00000
Synechococcus sp. A18-25c	1866938	S	16	97	113	0.00001
Synechococcus sp. PCC 7002	32049	S	11	39	50	0.00000
Synechococcus elongatus	32046	S	376	12	388	0.00003
Dactylococcopsis salina	292566	S	137	36	173	0.00001
Cyanobium sp. NIES-981	1851505	S	678	194	872	0.00007
Cyanobium sp. NS01	261284	S	517	166	683	0.00006
Cyanobium gracile	59930	S	847	151	998	0.00008
Prochlorococcus marinus	1219	S	126	27	153	0.00001
Parasynechococcus marenigrum	2881428	S	142	42	184	0.00001
Acaryochloris marina	155978	S	93	26	119	0.00001
Acaryochloris sp. 'Moss Beach'	2740837	S	27	45	72	0.00001
Chamaesiphon minutus	1173032	S	173	6	179	0.00001
Synechocystis sp. PCC 6714	1147	S	32	8	40	0.00000
Synechocystis sp. CACIAM 05	1933929	S	16	94	110	0.00001
Leptolyngbya sp. 7M	2812896	S	1485	68	1553	0.00013
Leptolyngbya sp. BL0902	1115757	S	297	13	310	0.00003
Leptolyngbya sp. NIES-3755	1752064	S	111	5	116	0.00001
Leptolyngbya sp. PCC 7376	111781	S	30	1	31	0.00000
Leptolyngbya boryana	1184	S	183	193	376	0.00003
Kovacikia minuta	2931930	S	435	30	465	0.00004
Leptodesmis sichuanensis	2906798	S	241	27	268	0.00002
Leptothermofonsia sichuanensis	2917832	S	228	21	249	0.00002
Thermoleptolyngbya sp. PKUAC-SCTB121	2811482	S	17	454	471	0.00004
Halomicronema hongdechloris	1209493	S	269	7	276	0.00002
Thermosynechococcus sp. NK55a	1394889	S	46	21	67	0.00001
Thermosynechococcus sp. TA-1	2813673	S	34	34	68	0.00001
Thermosynechococcus sp. CL-1	2583530	S	14	14	28	0.00000
Thermosynechococcus vestitus	146786	S	81	30	111	0.00001
Pseudanabaena sp. PCC 7367	82654	S	90	3	93	0.00001
Pseudanabaena sp. ABRG5-3	685565	S	54	3	57	0.00000
Geitlerinema sp. PCC 7407	1173025	S	575	58	633	0.00005
Allocoleopsis franciscana	2886352	S	135	9	144	0.00001
Moorena producens	1155739	S	468	7	475	0.00004
Oscillatoria nigro-viridis	482564	S	127	58	185	0.00002
Oscillatoria acuminata	118323	S	99	4	103	0.00001
Oxynema aestuarii	2874213	S	275	16	291	0.00002
Microcoleus vaginatus	119532	S	167	54	221	0.00002
Planktothrix rubescens	59512	S	29	10	39	0.00000
Planktothrix agardhii	1160	S	20	10	30	0.00000
[Phormidium] sp. ETS-05	222819	S	220	8	228	0.00002
Crinalium epipsammum	241425	S	94	8	102	0.00001
Microcystis aeruginosa	1126	S	264	257	521	0.00004
Microcystis sp. MC19	1967666	S	49	20	69	0.00001
Gloeothece citriformis	2546356	S	55	2	57	0.00000
Gloeothece verrucosa	2546359	S	52	2	54	0.00000
Halothece sp. PCC 7418	65093	S	69	16	85	0.00001
Euhalothece natronophila	577489	S	35	3	38	0.00000
Crocosphaera subtropica	2546360	S	77	7	84	0.00001
Rippkaea orientalis	2546366	S	65	6	71	0.00001
Candidatus Atelocyanobacterium thalassa	713887	S	12	2	14	0.00000
Geminocystis herdmanii	669359	S	69	8	77	0.00001
Geminocystis sp. NIES-3709	1617448	S	21	5	26	0.00000
Geminocystis sp. NIES-3708	1615909	S	18	4	22	0.00000
Gloeocapsa sp. PCC 7428	1173026	S	77	5	82	0.00001
Chondrocystis sp. NIES-4102	2005460	S	47	4	51	0.00000
Cyanobacterium aponinum	379064	S	39	6	45	0.00000
Gloeobacter kilaueensis	1416614	S	1131	24	1155	0.00009
Gloeobacter morelensis	2907343	S	732	323	1055	0.00009
Gloeobacter violaceus	33072	S	720	348	1068	0.00009
Anthocerotibacter panamensis	2857077	S	281	6	287	0.00002
Chroococcidiopsis sp. CCMEE 29	155894	S	189	22	211	0.00002
Chroococcidiopsis sp. CCNUC1	2653189	S	66	90	156	0.00001
Chroococcidiopsis thermalis	54299	S	43	65	108	0.00001
Stanieria sp. NIES-3757	1807358	S	44	15	59	0.00000
Stanieria cyanosphaera	102116	S	35	7	42	0.00000
Pleurocapsa sp. PCC 7327	118163	S	76	6	82	0.00001
Gloeomargarita lithophora	1188228	S	105	2	107	0.00001
Thermostichus lividus	33070	S	48	4	52	0.00000
Deinococcus sp. NW-56	2080419	S	1176	182	1358	0.00011
Deinococcus sp. TS-293	2737050	S	1011	110	1121	0.00009
Deinococcus sp. KNUC1210	2917691	S	908	35	943	0.00008
Deinococcus sp. AJ005	2652443	S	698	64	762	0.00006
Deinococcus sp. QL22	2939437	S	423	42	465	0.00004
Deinococcus maricopensis	309887	S	1658	140	1798	0.00015
Deinococcus metallilatus	1211322	S	1515	186	1701	0.00014
Deinococcus gobiensis	502394	S	1475	201	1676	0.00014
Deinococcus actinosclerus	1768108	S	1400	1067	2467	0.00020
Deinococcus ficus	317577	S	1334	131	1465	0.00012
Deinococcus irradiatisoli	2202254	S	1111	100	1211	0.00010
Deinococcus peraridilitoris	432329	S	949	43	992	0.00008
Deinococcus wulumuqiensis	980427	S	890	406	1296	0.00011
Deinococcus radiopugnans	57497	S	812	107	919	0.00007
Deinococcus geothermalis	68909	S	740	130	870	0.00007
Deinococcus radiodurans	1299	S	738	314	1052	0.00009
Deinococcus soli (ex Cha et al. 2016)	1309411	S	572	695	1267	0.00010
Deinococcus psychrotolerans	2489213	S	571	16	587	0.00005
Deinococcus deserti	310783	S	490	36	526	0.00004
Deinococcus proteolyticus	55148	S	462	122	584	0.00005
Deinococcus puniceus	1182568	S	269	50	319	0.00003
Deinococcus radiophilus	32062	S	257	64	321	0.00003
Thermus thermophilus	274	S	796	903	1699	0.00014
Thermus aquaticus	271	S	399	54	453	0.00004
Thermus oshimai	56957	S	395	71	466	0.00004
Thermus sp. CCB_US3_UF1	1111069	S	337	46	383	0.00003
Thermus sp. NEB1569	2918899	S	52	90	142	0.00001
Thermus brockianus	56956	S	338	62	400	0.00003
Thermus caldilimi	2483360	S	182	44	226	0.00002
Thermus scotoductus	37636	S	86	126	212	0.00002
Thermus parvatiensis	456163	S	71	334	405	0.00003
Oceanithermus profundus	187137	S	2218	202	2420	0.00020
Meiothermus silvanus	52022	S	653	91	744	0.00006
Meiothermus taiwanensis	172827	S	543	194	737	0.00006
Meiothermus ruber	277	S	486	182	668	0.00005
Marinithermus hydrothermalis	186192	S	1391	224	1615	0.00013
Truepera radiovictrix	332249	S	2020	102	2122	0.00017
Sphaerobacter thermophilus	2057	S	7869	512	8381	0.00068
Thermomicrobium roseum	500	S	1704	42	1746	0.00014
Roseiflexus sp. RS-1	357808	S	2773	585	3358	0.00027
Roseiflexus castenholzii	120962	S	2544	558	3102	0.00025
Chloroflexus aurantiacus	1108	S	820	106	926	0.00008
Chloroflexus aggregans	152260	S	727	141	868	0.00007
Tepidiforma bonchosmolovskayae	2601677	S	4825	164	4989	0.00040
Candidatus Promineofilum breve	1806508	S	3652	58	3710	0.00030
Caldilinea aerophila	133453	S	1916	139	2055	0.00017
Anaerolinea thermophila	167964	S	744	83	827	0.00007
Pelolinea submarina	913107	S	600	31	631	0.00005
Brevefilum fermentans	1986204	S	254	10	264	0.00002
Dehalogenimonas formicexedens	1839801	S	404	122	526	0.00004
Dehalogenimonas sp. GP	1536648	S	293	87	380	0.00003
Dehalococcoides mccartyi	61435	S	95	277	372	0.00003
Ktedonosporobacter rubrisoli	2509675	S	1044	35	1079	0.00009
Thermobaculum terrenum	166501	S	868	108	976	0.00008
Phototrophicus methaneseepsis	2710758	S	514	5	519	0.00004
Fimbriimonas ginsengisoli	1005039	S	1974	7	1981	0.00016
Chthonomonas calidirosea	454171	S	520	2	522	0.00004
Mycoplasma sp. Pen4	640330	S	13	4	17	0.00000
Mycoplasma pneumoniae	2104	S	13	0	13	0.00000
Mycoplasma gallisepticum	2096	S	12	138	150	0.00001
Mycoplasma phocoenae	754517	S	11	1	12	0.00000
Mesomycoplasma neurolyticum	2120	S	10	2	12	0.00000
Mesoplasma syrphidae	225999	S	12	23	35	0.00000
Candidatus Phytoplasma ziziphi	135727	S	11	16	27	0.00000
Alteracholeplasma palmae	38986	S	36	5	41	0.00000
Haploplasma axanthum	29552	S	17	5	22	0.00000
Paracholeplasma brassicae	61635	S	14	5	19	0.00000
Candidatus Izimaplasma sp. HR1	1541959	S	10	0	10	0.00000
Bradyrhizobium sp. 200	2782665	S	12518	2899	15417	0.00125
Bradyrhizobium sp. 170	2782641	S	11415	3059	14474	0.00117
Bradyrhizobium sp. CCBAU 051011	858422	S	11171	2195	13366	0.00108
Bradyrhizobium sp. CCBAU 51753	1325100	S	7750	1719	9469	0.00077
Bradyrhizobium sp. A19	2898149	S	6131	1080	7211	0.00059
Bradyrhizobium sp. BTAi1	288000	S	5940	1110	7050	0.00057
Bradyrhizobium sp. ORS 278	114615	S	5899	1375	7274	0.00059
Bradyrhizobium sp. ORS 285	115808	S	5609	1291	6900	0.00056
Bradyrhizobium sp. CCBAU 53351	1325114	S	5196	2664	7860	0.00064
Bradyrhizobium sp. SK17	2057741	S	5164	1766	6930	0.00056
Bradyrhizobium sp. 186	2782654	S	4727	1317	6044	0.00049
Bradyrhizobium sp. CCBAU 53338	1325111	S	4362	1812	6174	0.00050
Bradyrhizobium sp. 195	2782662	S	4115	1521	5636	0.00046
Bradyrhizobium sp. CCBAU 53421	1325120	S	4103	1315	5418	0.00044
Bradyrhizobium sp. CCBAU 53340	1325112	S	3877	1526	5403	0.00044
Bradyrhizobium sp. 1(2017)	1404888	S	3856	1222	5078	0.00041
Bradyrhizobium sp. I71	2590772	S	3141	2873	6014	0.00049
Bradyrhizobium sp. CCBAU 51765	1325102	S	3122	2973	6095	0.00049
Bradyrhizobium sp. CCGE-LA001	1223566	S	3090	1175	4265	0.00035
Bradyrhizobium sp. 191	2782659	S	3081	3186	6267	0.00051
Bradyrhizobium sp. S2-11-2	2840472	S	3061	2462	5523	0.00045
Bradyrhizobium sp. 6(2017)	1197460	S	2907	1450	4357	0.00035
Bradyrhizobium sp. 41S5	1404443	S	2543	1758	4301	0.00035
Bradyrhizobium sp. S2-20-1	2840469	S	2418	2075	4493	0.00036
Bradyrhizobium sp. S2-11-4	2840473	S	2382	2250	4632	0.00038
Bradyrhizobium sp. C-145	574727	S	1521	1527	3048	0.00025
Bradyrhizobium sp.	376	S	1117	3723	4840	0.00039
Bradyrhizobium sp. 40	2782674	S	904	2138	3042	0.00025
Bradyrhizobium sp. 4	2782678	S	848	2254	3102	0.00025
Bradyrhizobium sp. 144S4	2823807	S	790	1991	2781	0.00023
Bradyrhizobium sp. 323S2	1404649	S	784	2014	2798	0.00023
Bradyrhizobium sp. 192	2782660	S	736	1814	2550	0.00021
Bradyrhizobium sp. LCT2	2493093	S	495	1400	1895	0.00015
Bradyrhizobium sp. TM102	2599819	S	361	2510	2871	0.00023
Bradyrhizobium sp. SG09	2599805	S	353	2565	2918	0.00024
Bradyrhizobium sp. 187	2782655	S	266	1332	1598	0.00013
Bradyrhizobium sp. 1S5	2816456	S	139	1594	1733	0.00014
Bradyrhizobium sp. 172	2782643	S	131	1623	1754	0.00014
Bradyrhizobium sp. 38S5	2819348	S	125	1555	1680	0.00014
Bradyrhizobium sp. 131	2782609	S	116	1929	2045	0.00017
Bradyrhizobium sp. CW1	2782686	S	87	1372	1459	0.00012
Bradyrhizobium sp. 155	2782629	S	81	1485	1566	0.00013
Bradyrhizobium sp. CCBAU 21365	1325083	S	20	981	1001	0.00008
Bradyrhizobium erythrophlei	1437360	S	19477	1615	21092	0.00171
Bradyrhizobium diazoefficiens	1355477	S	16231	28031	44262	0.00359
Bradyrhizobium icense	1274631	S	11480	1667	13147	0.00107
Bradyrhizobium paxllaeri	190148	S	10260	1959	12219	0.00099
Bradyrhizobium lablabi	722472	S	6532	7660	14192	0.00115
Bradyrhizobium canariense	255045	S	5959	9474	15433	0.00125
Bradyrhizobium genosp. L	83637	S	5865	1199	7064	0.00057
Bradyrhizobium oligotrophicum	44255	S	5264	935	6199	0.00050
Bradyrhizobium japonicum	375	S	5086	7572	12658	0.00103
Bradyrhizobium arachidis	858423	S	4511	1312	5823	0.00047
Bradyrhizobium vignae	1549949	S	4491	1072	5563	0.00045
Bradyrhizobium guangxiense	1325115	S	4447	1953	6400	0.00052
Bradyrhizobium guangdongense	1325090	S	3984	1503	5487	0.00045
Bradyrhizobium genosp. B	83627	S	3537	767	4304	0.00035
Bradyrhizobium cosmicum	1404864	S	3462	1137	4599	0.00037
Bradyrhizobium quebecense	2748629	S	3354	1923	5277	0.00043
Bradyrhizobium guangzhouense	1325095	S	3268	1256	4524	0.00037
Bradyrhizobium septentrionale	1404411	S	2768	1713	4481	0.00036
Bradyrhizobium amphicarpaeae	1404768	S	2493	1048	3541	0.00029
Bradyrhizobium daqingense	993502	S	2484	1359	3843	0.00031
Bradyrhizobium betae	244734	S	2133	1228	3361	0.00027
Bradyrhizobium symbiodeficiens	1404367	S	1988	3010	4998	0.00041
Bradyrhizobium zhanjiangense	1325107	S	1404	1416	2820	0.00023
Bradyrhizobium elkanii	29448	S	857	2851	3708	0.00030
Bradyrhizobium ottawaense	931866	S	751	4725	5476	0.00044
Rhodopseudomonas palustris	1076	S	19295	6405	25700	0.00209
Rhodopseudomonas sp. SK50-23	340268	S	2604	550	3154	0.00026
Rhodopseudomonas boonkerdii	475937	S	2581	711	3292	0.00027
Tardiphaga sp. 37S4	1404741	S	1346	1037	2383	0.00019
Tardiphaga sp. vice154	2592814	S	97	1521	1618	0.00013
Tardiphaga sp. vice278	2592815	S	60	1479	1539	0.00012
Tardiphaga sp. vice304	2592817	S	49	942	991	0.00008
Tardiphaga sp. vice352	2592816	S	17	522	539	0.00004
Tardiphaga robiniae	943830	S	1320	910	2230	0.00018
Nitrobacter hamburgensis	912	S	4277	747	5024	0.00041
Nitrobacter winogradskyi	913	S	3115	550	3665	0.00030
Afipia carboxidovorans	40137	S	3699	725	4424	0.00036
Afipia sp. GAS231	1882747	S	2633	1927	4560	0.00037
Variibacter gotjawalensis	1333996	S	5928	470	6398	0.00052
Mesorhizobium sp. 8	2584466	S	6683	1672	8355	0.00068
Mesorhizobium sp. J8	2777475	S	6336	2139	8475	0.00069
Mesorhizobium sp. B2-8-5	2589903	S	4029	1396	5425	0.00044
Mesorhizobium sp. DCY119	2108445	S	3383	835	4218	0.00034
Mesorhizobium sp. M1B.F.Ca.ET.045.04.1.1	2493673	S	3260	1302	4562	0.00037
Mesorhizobium sp. B1-1-8	2589976	S	3018	801	3819	0.00031
Mesorhizobium sp. Pch-S	2082387	S	2944	420	3364	0.00027
Mesorhizobium sp. M3A.F.Ca.ET.080.04.2.1	2493676	S	2877	919	3796	0.00031
Mesorhizobium sp. M1E.F.Ca.ET.045.02.1.1	2493672	S	2860	1492	4352	0.00035
Mesorhizobium sp. M1A.F.Ca.IN.022.06.1.1	2493680	S	2797	945	3742	0.00030
Mesorhizobium sp. B2-1-1	2589974	S	2783	659	3442	0.00028
Mesorhizobium sp. M1D.F.Ca.ET.043.01.1.1	2493669	S	2760	1731	4491	0.00036
Mesorhizobium sp. 131-2-1	2744518	S	2446	1358	3804	0.00031
Mesorhizobium sp. M4B.F.Ca.ET.058.02.1.1	2493675	S	2321	1027	3348	0.00027
Mesorhizobium sp. INR15	2654248	S	2233	336	2569	0.00021
Mesorhizobium sp. PAMC28654	2880934	S	2205	433	2638	0.00021
Mesorhizobium sp. M9A.F.Ca.ET.002.03.1.2	2493668	S	1965	946	2911	0.00024
Mesorhizobium sp. L-2-11	2744521	S	1950	792	2742	0.00022
Mesorhizobium sp. B4-1-4	2589888	S	1900	481	2381	0.00019
Mesorhizobium sp. M2A.F.Ca.ET.043.05.1.1	2493671	S	1893	1692	3585	0.00029
Mesorhizobium sp. M6A.T.Cr.TU.016.01.1.1	2493677	S	1703	599	2302	0.00019
Mesorhizobium sp. B2-1-8	2589967	S	1696	547	2243	0.00018
Mesorhizobium sp. M7D.F.Ca.US.005.01.1.1	2493678	S	1587	575	2162	0.00018
Mesorhizobium sp. M8A.F.Ca.ET.057.01.1.1	2493679	S	1473	595	2068	0.00017
Mesorhizobium sp. NZP2077	2483404	S	1372	481	1853	0.00015
Mesorhizobium sp. 113-3-3	2744516	S	1309	765	2074	0.00017
Mesorhizobium sp. M7A.F.Ce.TU.012.03.2.1	2493681	S	1269	496	1765	0.00014
Mesorhizobium sp. L-8-3	2744522	S	1266	4308	5574	0.00045
Mesorhizobium sp. L-8-10	2744523	S	1250	4142	5392	0.00044
Mesorhizobium sp. 113-1-2	2744515	S	1227	642	1869	0.00015
Mesorhizobium sp. NBSH29	2654249	S	1126	82	1208	0.00010
Mesorhizobium sp. M2A.F.Ca.ET.043.02.1.1	2493670	S	1037	2755	3792	0.00031
Mesorhizobium sp. M2A.F.Ca.ET.046.03.2.1	2493674	S	1032	2883	3915	0.00032
Mesorhizobium sp. NZP2298	2483403	S	997	630	1627	0.00013
Mesorhizobium sp. 113-3-9	2744517	S	991	785	1776	0.00014
Mesorhizobium sp. AA22	1854057	S	810	547	1357	0.00011
Mesorhizobium sp. WSM1497	278153	S	352	775	1127	0.00009
Mesorhizobium sp. 131-3-5	2744520	S	171	577	748	0.00006
Mesorhizobium sp. NZP2234	2483402	S	163	637	800	0.00006
Mesorhizobium sp. 131-2-5	2744519	S	92	677	769	0.00006
Mesorhizobium terrae	2725666	S	2983	1052	4035	0.00033
Mesorhizobium opportunistum	593909	S	2507	1103	3610	0.00029
Mesorhizobium amorphae	71433	S	2054	523	2577	0.00021
Mesorhizobium loti	381	S	1486	13157	14643	0.00119
Mesorhizobium australicum	536018	S	1357	453	1810	0.00015
Mesorhizobium ciceri	39645	S	1347	3657	5004	0.00041
Mesorhizobium huakuii	28104	S	1274	981	2255	0.00018
Mesorhizobium erdmanii	1777866	S	1259	382	1641	0.00013
Mesorhizobium japonicum	2066070	S	1081	868	1949	0.00016
Aquibium microcysteis	675281	S	5059	1498	6557	0.00053
Aquibium oceanicum	1670800	S	3838	959	4797	0.00039
Aminobacter sp. MSH1	374606	S	2671	1715	4386	0.00036
Aminobacter sp. SR38	2774562	S	500	2046	2546	0.00021
Aminobacter sp. MDW-2	2666139	S	349	1757	2106	0.00017
Aminobacter aminovorans	83263	S	363	1279	1642	0.00013
Nitratireductor sp. SY7	2599600	S	3230	652	3882	0.00032
Nitratireductor sp. OM-1	1756988	S	1711	311	2022	0.00016
Nitratireductor kimnyeongensis	430679	S	1033	156	1189	0.00010
Phyllobacterium sp. T1018	555316	S	1049	141	1190	0.00010
Phyllobacterium sp. 628	2718938	S	589	84	673	0.00005
Phyllobacterium sp. T1293	555317	S	571	71	642	0.00005
Phyllobacterium zundukense	1867719	S	1034	158	1192	0.00010
Roseitalea porphyridii	1852022	S	2565	460	3025	0.00025
Hoeflea sp. IMCC20628	1620421	S	1027	102	1129	0.00009
Hoeflea phototrophica	244596	S	966	118	1084	0.00009
Oricola thermophila	2742145	S	1954	280	2234	0.00018
Salaquimonas pukyongi	2712698	S	742	33	775	0.00006
Lentilitoribacter sp. Alg239-R112	2305987	S	42	0	42	0.00000
Rhizobium sp. BG4	2613770	S	1702	327	2029	0.00016
Rhizobium sp. WYJ-E13	2849093	S	1555	199	1754	0.00014
Rhizobium sp. NXC24	2048897	S	1456	215	1671	0.00014
Rhizobium sp. ACO-34A	1571470	S	1245	268	1513	0.00012
Rhizobium sp. WL3	2603277	S	1216	239	1455	0.00012
Rhizobium sp. AB2/73	2795216	S	1215	696	1911	0.00016
Rhizobium sp. SL42	2806346	S	1093	197	1290	0.00010
Rhizobium sp. 11515TR	2028343	S	1044	263	1307	0.00011
Rhizobium sp. NXC14	1981173	S	846	360	1206	0.00010
Rhizobium sp. NZLR1	2731096	S	829	292	1121	0.00009
Rhizobium sp. CIAT894	2020312	S	811	366	1177	0.00010
Rhizobium sp. NLR16a	2731112	S	765	357	1122	0.00009
Rhizobium sp. K102	2918527	S	697	489	1186	0.00010
Rhizobium sp. C104	2917727	S	628	353	981	0.00008
Rhizobium sp. L51/94	2819999	S	498	714	1212	0.00010
Rhizobium sp. X9	2815360	S	315	678	993	0.00008
Rhizobium sp. Kim5	2020311	S	307	714	1021	0.00008
Rhizobium sp. 007	2785056	S	255	459	714	0.00006
Rhizobium sp. IE4771	1301032	S	246	525	771	0.00006
Rhizobium sp. TAL182	2020313	S	180	539	719	0.00006
Rhizobium sp. NIBRBAC000502774	2590777	S	106	496	602	0.00005
Rhizobium sp. ZX09	2291939	S	92	404	496	0.00004
Rhizobium sp. Y9	1914541	S	85	334	419	0.00003
Rhizobium sp. CCGE531	2364271	S	46	1867	1913	0.00016
Rhizobium sp. B230/85	2819994	S	42	518	560	0.00005
Rhizobium sp. N324	1703969	S	39	922	961	0.00008
Rhizobium sp. T136	555319	S	22	636	658	0.00005
Rhizobium leguminosarum	384	S	7585	10112	17697	0.00144
Rhizobium rhizoryzae	451876	S	3570	465	4035	0.00033
Rhizobium binae	1138190	S	2351	896	3247	0.00026
Rhizobium etli	29449	S	2267	2801	5068	0.00041
Rhizobium jaguaris	1312183	S	1588	202	1790	0.00015
Rhizobium pseudoryzae	379684	S	1561	332	1893	0.00015
Rhizobium phaseoli	396	S	1509	3239	4748	0.00039
Rhizobium gallicum	56730	S	1249	1646	2895	0.00023
Rhizobium bangladeshense	1138189	S	1115	273	1388	0.00011
Rhizobium tropici	398	S	980	265	1245	0.00010
Rhizobium lentis	1138194	S	940	298	1238	0.00010
Rhizobium rosettiformans	1368430	S	935	451	1386	0.00011
Rhizobium daejeonense	240521	S	816	285	1101	0.00009
Rhizobium indicum	2583231	S	602	545	1147	0.00009
Rhizobium pusense	648995	S	522	2118	2640	0.00021
Rhizobium acidisoli	1538158	S	474	401	875	0.00007
Rhizobium oryzihabitans	2267833	S	269	380	649	0.00005
Rhizobium hidalgonense	1538159	S	217	513	730	0.00006
Rhizobium laguerreae	1076926	S	210	371	581	0.00005
Rhizobium ruizarguesonis	2081791	S	160	1215	1375	0.00011
Rhizobium favelukesii	348824	S	11	382	393	0.00003
Agrobacterium tumefaciens	358	S	4189	4005	8194	0.00066
Agrobacterium fabrum	1176649	S	402	522	924	0.00008
Agrobacterium fabacearum	1183401	S	72	977	1049	0.00009
Agrobacterium vitis	373	S	2159	258	2417	0.00020
Agrobacterium sp. T29	2580515	S	310	247	557	0.00005
Agrobacterium sp. MA01	2664893	S	223	496	719	0.00006
Agrobacterium sp. RAC06	1842536	S	201	456	657	0.00005
Agrobacterium sp. CGMCC 11546	2579248	S	109	228	337	0.00003
Agrobacterium sp. S7/73	2820002	S	47	260	307	0.00002
Agrobacterium vaccinii	2735528	S	781	107	888	0.00007
Agrobacterium larrymoorei	160699	S	560	87	647	0.00005
Agrobacterium rubi	28099	S	523	136	659	0.00005
Agrobacterium salinitolerans	1183413	S	433	164	597	0.00005
Agrobacterium rhizogenes	359	S	381	935	1316	0.00011
Neorhizobium galegae	399	S	4416	1246	5662	0.00046
Neorhizobium sp. SOG26	2060726	S	1299	269	1568	0.00013
Neorhizobium sp. NCHU2750	1825976	S	1261	309	1570	0.00013
Pseudorhizobium flavum	1335061	S	948	569	1517	0.00012
Pseudorhizobium banfieldiae	1125847	S	842	453	1295	0.00011
Ensifer adhaerens	106592	S	5941	3167	9108	0.00074
Ensifer alkalisoli	1752398	S	4396	893	5289	0.00043
Ensifer mexicanus	375549	S	2630	419	3049	0.00025
Ensifer sojae	716925	S	2479	1009	3488	0.00028
Ensifer sp. PDNC004	2811423	S	1661	702	2363	0.00019
Ensifer sp. T173	555315	S	280	1156	1436	0.00012
Sinorhizobium fredii	380	S	6146	8515	14661	0.00119
Sinorhizobium meliloti	382	S	4668	2080	6748	0.00055
Sinorhizobium americanum	194963	S	2137	834	2971	0.00024
Sinorhizobium sp. BG8	2613773	S	1724	291	2015	0.00016
Sinorhizobium sp. CCBAU 05631	794846	S	303	468	771	0.00006
Sinorhizobium medicae	110321	S	1902	251	2153	0.00017
Shinella sp. HZN7	879274	S	4875	4443	9318	0.00076
Shinella sp. PSBB067	2715959	S	2520	2008	4528	0.00037
Shinella sp. XGS7	2877941	S	1838	1638	3476	0.00028
Shinella sp. H4-D48	2925841	S	1002	399	1401	0.00011
Shinella zoogloeoides	352475	S	2695	3980	6675	0.00054
Shinella oryzae	2871820	S	1385	619	2004	0.00016
Ciceribacter thiooxidans	1969821	S	1825	382	2207	0.00018
Georhizobium profundi	2341112	S	1729	402	2131	0.00017
Peteryoungia desertarenae	1813451	S	579	109	688	0.00006
Candidatus Liberibacter africanus	34020	S	21	4	25	0.00000
Candidatus Liberibacter asiaticus	34021	S	18	3	21	0.00000
Liberibacter crescens	1273132	S	16	41	57	0.00000
Candidatus Liberibacter americanus	309868	S	11	1	12	0.00000
Candidatus Liberibacter solanacearum	556287	S	11	1	12	0.00000
Methylobacterium nodulans	114616	S	8257	1077	9334	0.00076
Methylobacterium sp. 17Sr1-1	2202826	S	3272	1632	4904	0.00040
Methylobacterium sp. WL1	2603276	S	3085	654	3739	0.00030
Methylobacterium sp. C1	1479019	S	384	3105	3489	0.00028
Methylobacterium sp. XJLW	739141	S	178	2485	2663	0.00022
Methylobacterium aquaticum	270351	S	6487	3021	9508	0.00077
Methylobacterium durans	2202825	S	4941	750	5691	0.00046
Methylobacterium radiodurans	2202828	S	4452	1126	5578	0.00045
Methylobacterium currus	2051553	S	4299	1913	6212	0.00050
Methylobacterium organophilum	410	S	3698	2228	5926	0.00048
Methylobacterium tardum	374432	S	3500	1306	4806	0.00039
Methylobacterium terrae	2202827	S	3474	1688	5162	0.00042
Methylobacterium mesophilicum	39956	S	3378	759	4137	0.00034
Methylobacterium brachiatum	269660	S	3126	1215	4341	0.00035
Methylobacterium indicum	1775910	S	3036	1596	4632	0.00038
Methylobacterium oryzae	334852	S	2558	3440	5998	0.00049
Methylobacterium radiotolerans	31998	S	1100	6461	7561	0.00061
Methylobacterium phyllosphaerae	418223	S	430	1672	2102	0.00017
Microvirga sp. VF16	2807101	S	17788	3059	20847	0.00169
Microvirga sp. 17 mud 1-3	2082949	S	10500	2413	12913	0.00105
Microvirga ossetica	1882682	S	16920	3255	20175	0.00164
Microvirga thermotolerans	2651334	S	10225	2970	13195	0.00107
Methylorubrum populi	223967	S	5438	2592	8030	0.00065
Methylorubrum extorquens	408	S	4055	6902	10957	0.00089
Methylorubrum sp. B1-46	2897334	S	1982	897	2879	0.00023
Methylorubrum zatmanii	29429	S	110	593	703	0.00006
Pseudolabrys taiwanensis	331696	S	17186	3223	20409	0.00166
Pseudolabrys sp. FHR47	2562284	S	11352	2302	13654	0.00111
Xanthobacter dioxanivorans	2528964	S	4721	1799	6520	0.00053
Xanthobacter sp. YC-JY1	2419844	S	1600	1709	3309	0.00027
Xanthobacter autotrophicus	280	S	1408	1627	3035	0.00025
Starkeya sp. ORNL1	2709380	S	5326	1173	6499	0.00053
Starkeya novella	921	S	4339	1804	6143	0.00050
Ancylobacter sp. TS-1	1850374	S	3364	1533	4897	0.00040
Ancylobacter polymorphus	223390	S	3156	1754	4910	0.00040
Ancylobacter pratisalsi	1745854	S	2724	676	3400	0.00028
Labrys sp. KNU-23	2789216	S	3560	388	3948	0.00032
Azorhizobium caulinodans	7	S	3415	780	4195	0.00034
Rhodoplanes sp. Z2-YC6860	674703	S	31198	3333	34531	0.00280
Hyphomicrobium denitrificans	53399	S	5289	689	5978	0.00049
Hyphomicrobium nitrativorans	1427356	S	3827	356	4183	0.00034
Hyphomicrobium sp. MC1	717785	S	2737	239	2976	0.00024
Methyloceanibacter sp. wino2	2170729	S	2542	643	3185	0.00026
Methyloceanibacter caenitepidi	1384459	S	2486	588	3074	0.00025
Methyloligella sp. GL2	2742204	S	3826	496	4322	0.00035
Aquabacter sp. L1I39	2820278	S	3004	546	3550	0.00029
Rhodomicrobium vannielii	1069	S	2359	163	2522	0.00020
Caenibius sp. WL	2872646	S	768	133	901	0.00007
Caenibius tardaugens	169176	S	490	440	930	0.00008
Candidatus Filomicrobium marinum	1608628	S	1116	33	1149	0.00009
Bosea sp. Tri-49	1867715	S	5285	1338	6623	0.00054
Bosea sp. RAC05	1842539	S	4447	1583	6030	0.00049
Bosea sp. F3-2	2599640	S	4150	1473	5623	0.00046
Bosea sp. ANAM02	2020412	S	3729	1556	5285	0.00043
Bosea sp. AS-1	2015316	S	3637	1281	4918	0.00040
Bosea sp. PAMC 26642	1792307	S	3436	805	4241	0.00034
Bosea vaviloviae	1526658	S	3991	1043	5034	0.00041
Devosia sp. A16	1736675	S	5272	645	5917	0.00048
Devosia sp. JXJ CY 41	2917991	S	1545	276	1821	0.00015
Devosia sp. SL43	2806348	S	1431	258	1689	0.00014
Devosia sp. 1566	2499144	S	1426	151	1577	0.00013
Devosia sp. I507	2083786	S	1040	306	1346	0.00011
Devosia sp. MC521	2759954	S	536	81	617	0.00005
Devosia ginsengisoli	400770	S	1642	299	1941	0.00016
Devosia salina	2860336	S	1576	517	2093	0.00017
Devosia beringensis	2657486	S	1497	221	1718	0.00014
Devosia oryziradicis	2801335	S	1345	247	1592	0.00013
Devosia rhizoryzae	2774137	S	1194	128	1322	0.00011
Youhaiella tibetensis	1447062	S	2450	575	3025	0.00025
Paradevosia shaoguanensis	1335043	S	2323	946	3269	0.00027
Pelagibacterium halotolerans	531813	S	1206	140	1346	0.00011
Maritalea myrionectae	454601	S	272	7	279	0.00002
Aureimonas sp. SA4125	2826993	S	3040	592	3632	0.00029
Aureimonas sp. AU20	1349819	S	2872	440	3312	0.00027
Aureimonas sp. OT7	2816454	S	1400	1288	2688	0.00022
Aureimonas populi	1701758	S	2460	506	2966	0.00024
Aureimonas mangrovi	2758041	S	2270	498	2768	0.00022
Aureimonas altamirensis	370622	S	1329	489	1818	0.00015
Martelella sp. AD-3	686597	S	747	2245	2992	0.00024
Martelella mediterranea	293089	S	1486	585	2071	0.00017
Martelella endophytica	1486262	S	1361	316	1677	0.00014
Martelella lutilitoris	2583532	S	791	693	1484	0.00012
Aurantimonas sp. HBX-1	2906072	S	3906	1234	5140	0.00042
Methylocystis bryophila	655015	S	2240	238	2478	0.00020
Methylocystis parvus	134	S	2202	272	2474	0.00020
Methylocystis heyeri	391905	S	2135	244	2379	0.00019
Methylocystis sp. SC2	187303	S	1372	372	1744	0.00014
Methylocystis sp. SB2	743836	S	525	816	1341	0.00011
Methylocystis rosea	173366	S	1436	1076	2512	0.00020
Methylosinus trichosporium	426	S	2887	640	3527	0.00029
Methylosinus sp. C49	2699395	S	2454	526	2980	0.00024
Pseudorhodoplanes sinuspersici	1235591	S	8256	664	8920	0.00072
Nordella sp. HKS 07	2712222	S	6741	405	7146	0.00058
Terrihabitans soli	708113	S	2730	338	3068	0.00025
Candidatus Hodgkinia cicadicola	573658	S	34	0	34	0.00000
Chelatococcus sp. CO-6	1702325	S	9376	5168	14544	0.00118
Chelatococcus daeguensis	444444	S	3879	2009	5888	0.00048
Phreatobacter stygius	1940610	S	5628	914	6542	0.00053
Phreatobacter cathodiphilus	1868589	S	5140	1624	6764	0.00055
Phreatobacter sp. NMCR1094	2570229	S	3596	731	4327	0.00035
Stappia indica	538381	S	3895	998	4893	0.00040
Stappia sp. ES.058	1881061	S	2009	268	2277	0.00018
Roseibium aggregatum	187304	S	2148	332	2480	0.00020
Roseibium alexandrii	388408	S	582	57	639	0.00005
Pannonibacter phragmitetus	121719	S	2630	2070	4700	0.00038
Labrenzia sp. VG12	2021862	S	1093	141	1234	0.00010
Labrenzia sp. PHM005	2590016	S	502	42	544	0.00004
Labrenzia sp. THAF82	2587861	S	454	30	484	0.00004
Pseudovibrio sp. FO-BEG1	911045	S	190	79	269	0.00002
Pseudovibrio brasiliensis	1898042	S	158	65	223	0.00002
Kaustia mangrovi	2593653	S	5420	560	5980	0.00049
Parvibaculum lavamentivorans	256618	S	2412	1858	4270	0.00035
Pyruvatibacter mobilis	1712261	S	1518	201	1719	0.00014
Candidatus Phaeomarinobacter ectocarpi	1458461	S	580	29	609	0.00005
Blastochloris tepida	2233851	S	4593	1677	6270	0.00051
Blastochloris viridis	1079	S	3917	1133	5050	0.00041
Methylocella silvestris	199596	S	2255	265	2520	0.00020
Methylocella tundrae	227605	S	1935	191	2126	0.00017
Methylovirgula ligni	569860	S	1919	236	2155	0.00017
Methylovirgula sp. HY1	2822761	S	1441	84	1525	0.00012
Beijerinckia indica	533	S	981	77	1058	0.00009
Acuticoccus sp. I52.16.1	2928472	S	5217	572	5789	0.00047
Kaistia sp. 32K	2795690	S	5129	1352	6481	0.00053
Brucella anthropi	529	S	923	598	1521	0.00012
Brucella intermedia	94625	S	770	134	904	0.00007
Brucella sp. BTU1	2840456	S	122	17	139	0.00001
Brucella sp. 09RB8910	1844051	S	57	46	103	0.00001
Brucella sp. 6810	2769351	S	48	60	108	0.00001
Brucella sp. 10RB9215	1149953	S	39	33	72	0.00001
Brucella sp. 09RB8471	1149952	S	30	42	72	0.00001
Brucella sp. BO2	693750	S	29	53	82	0.00001
Brucella sp. 2280	2592625	S	25	40	65	0.00001
Brucella sp. BO3	2691913	S	25	31	56	0.00000
Brucella sp. 458	2821140	S	20	33	53	0.00000
[Ochrobactrum] quorumnocens	271865	S	310	46	356	0.00003
Brucella pseudogrignonensis	419475	S	210	50	260	0.00002
Brucella pituitosa	571256	S	103	27	130	0.00001
Brucella melitensis	29459	S	49	499	548	0.00004
Brucella inopinata	1218315	S	21	14	35	0.00000
Brucella abortus	235	S	19	792	811	0.00007
Brucella suis	29461	S	18	10778	10796	0.00088
Brucella ovis	236	S	11	20	31	0.00000
Pseudochrobactrum sp. XF203	2879116	S	87	93	180	0.00001
Pseudochrobactrum sp. Wa41.01b-1	2864102	S	64	73	137	0.00001
Pseudochrobactrum algeriensis	2834768	S	76	88	164	0.00001
Hartmannibacter diazotrophicus	1482074	S	3057	594	3651	0.00030
Lichenihabitans psoromatis	2528642	S	1023	588	1611	0.00013
Lichenihabitans sp. PAMC28606	2880932	S	890	595	1485	0.00012
Breoghania sp. L-A4	2304600	S	2949	414	3363	0.00027
Cohaesibacter sp. ES.047	1798205	S	576	21	597	0.00005
Bartonella apis	1686310	S	207	11	218	0.00002
Bartonella sp. HY038	2759660	S	56	10	66	0.00001
Bartonella sp. 46A	2893471	S	12	16	28	0.00000
Bartonella australis	388640	S	22	2	24	0.00000
Bartonella quintana	803	S	18	8	26	0.00000
Bartonella vinsonii	33047	S	18	8	26	0.00000
Bartonella henselae	38323	S	17	4	21	0.00000
Bartonella tribocorum	85701	S	14	34	48	0.00000
Bartonella birtlesii	111504	S	14	4	18	0.00000
Bartonella ancashensis	1318743	S	12	1	13	0.00000
Bartonella bacilliformis	774	S	12	1	13	0.00000
Sphingomonas sp. DM2-R-LB4	2899123	S	6127	2050	8177	0.00066
Sphingomonas sp. S8-45	2938948	S	3840	435	4275	0.00035
Sphingomonas sp. HDW15A	2714942	S	3136	222	3358	0.00027
Sphingomonas sp. CL5.1	2653203	S	3134	1040	4174	0.00034
Sphingomonas sp. AK-PDB1-5	2872652	S	3029	456	3485	0.00028
Sphingomonas sp. MM-1	745310	S	2696	3218	5914	0.00048
Sphingomonas sp. Cra20	1327635	S	2683	385	3068	0.00025
Sphingomonas sp. AP4-R1	2735134	S	2466	291	2757	0.00022
Sphingomonas sp. LM7	1938607	S	2412	481	2893	0.00023
Sphingomonas sp. AAP5	1523415	S	2242	556	2798	0.00023
Sphingomonas sp. NBWT7	2596913	S	2122	644	2766	0.00022
Sphingomonas sp. FARSPH	2219696	S	2085	1478	3563	0.00029
Sphingomonas sp. S2-65	2903960	S	2059	369	2428	0.00020
Sphingomonas sp. PAMC26645	2565555	S	1729	523	2252	0.00018
Sphingomonas sp. HMP9	1517554	S	1720	689	2409	0.00020
Sphingomonas sp. KC8	1030157	S	1410	164	1574	0.00013
Sphingomonas sp. HMP6	1517551	S	1274	229	1503	0.00012
Sphingomonas sp. LK11	1390395	S	1036	977	2013	0.00016
Sphingomonas sp. NIC1	1961362	S	890	2639	3529	0.00029
Sphingomonas sp. IC081	304378	S	290	1695	1985	0.00016
Sphingomonas lutea	1045317	S	10166	1216	11382	0.00092
Sphingomonas sediminicola	386874	S	7748	684	8432	0.00068
Sphingomonas daechungensis	1176646	S	7245	650	7895	0.00064
Sphingomonas sabuli	2764186	S	6513	755	7268	0.00059
Sphingomonas ginsengisoli An et al. 2013	363835	S	5811	749	6560	0.00053
Sphingomonas sinipercae	2714944	S	5796	716	6512	0.00053
Sphingomonas piscis	2714943	S	4087	346	4433	0.00036
Sphingomonas rhizophila	2071607	S	3892	912	4804	0.00039
Sphingomonas profundi	2681549	S	3628	540	4168	0.00034
Sphingomonas alpina	653931	S	3463	269	3732	0.00030
Sphingomonas sanxanigenens	397260	S	3291	1519	4810	0.00039
Sphingomonas xanthus	2594473	S	2741	546	3287	0.00027
Sphingomonas taxi	1549858	S	2451	708	3159	0.00026
Sphingomonas hengshuiensis	1609977	S	2425	294	2719	0.00022
Sphingomonas panacis	1560345	S	2353	321	2674	0.00022
Sphingomonas changnyeongensis	2698679	S	2289	411	2700	0.00022
Sphingomonas koreensis	93064	S	2220	1578	3798	0.00031
Sphingomonas panacisoli	1813879	S	1988	252	2240	0.00018
Sphingomonas radiodurans	2890321	S	1815	218	2033	0.00016
Sphingomonas suaedae	2599297	S	1675	204	1879	0.00015
Sphingomonas insulae	424800	S	1593	417	2010	0.00016
Sphingomonas aliaeris	2759526	S	1492	169	1661	0.00013
Sphingomonas paucimobilis	13689	S	1428	876	2304	0.00019
Sphingomonas sanguinis	33051	S	1115	919	2034	0.00017
Sphingomonas melonis	152682	S	1046	3805	4851	0.00039
Sphingomonas lacunae	2698828	S	696	71	767	0.00006
Sphingomonas paeninsulae	2319844	S	607	21	628	0.00005
Sphingobium sp. SYK-6	627192	S	1890	469	2359	0.00019
Sphingobium sp. EP60837	1855519	S	1477	382	1859	0.00015
Sphingobium sp. Cam5-1	2789327	S	1284	423	1707	0.00014
Sphingobium sp. TKS	1315974	S	1127	1568	2695	0.00022
Sphingobium sp. YG1	2082188	S	1007	398	1405	0.00011
Sphingobium sp. CAP-1	2676077	S	984	574	1558	0.00013
Sphingobium sp. SCG-1	2072936	S	945	57	1002	0.00008
Sphingobium sp. RAC03	1843368	S	861	145	1006	0.00008
Sphingobium sp. KCTC 72723	2733867	S	798	121	919	0.00007
Sphingobium sp. MI1205	407020	S	740	1008	1748	0.00014
Sphingobium sp. PAMC28499	2565554	S	249	444	693	0.00006
Sphingobium sp. YBL2	484429	S	144	883	1027	0.00008
Sphingobium sp. RSMS	520734	S	112	618	730	0.00006
Sphingobium sp. LF-16	2185111	S	23	345	368	0.00003
Sphingobium yanoikuyae	13690	S	1737	3047	4784	0.00039
Sphingobium indicum	332055	S	1282	918	2200	0.00018
Sphingobium phenoxybenzoativorans	1592790	S	1118	483	1601	0.00013
Sphingobium amiense	135719	S	1107	1392	2499	0.00020
Sphingobium cloacae	120107	S	1023	1477	2500	0.00020
Sphingobium chlorophenolicum	46429	S	955	423	1378	0.00011
Sphingobium xenophagum	121428	S	885	535	1420	0.00012
Sphingobium herbicidovorans	76947	S	801	660	1461	0.00012
Sphingobium baderi	1332080	S	800	809	1609	0.00013
Sphingobium fuliginis	336203	S	457	1736	2193	0.00018
Sphingopyxis sp. FD7	1914525	S	1943	779	2722	0.00022
Sphingopyxis sp. YF1	2482763	S	1678	372	2050	0.00017
Sphingopyxis sp. QXT-31	1357916	S	1640	446	2086	0.00017
Sphingopyxis sp. 113P3	292913	S	1552	608	2160	0.00018
Sphingopyxis sp. OPL5	2486273	S	1536	284	1820	0.00015
Sphingopyxis sp. BSN-002	2911495	S	1481	258	1739	0.00014
Sphingopyxis sp. PAMC25046	2565556	S	1397	624	2021	0.00016
Sphingopyxis sp. EG6	1874061	S	1141	544	1685	0.00014
Sphingopyxis sp. MG	1866325	S	98	868	966	0.00008
Sphingopyxis macrogoltabida	33050	S	2712	1327	4039	0.00033
Sphingopyxis terrae	33052	S	1590	813	2403	0.00020
Sphingopyxis lindanitolerans	2054227	S	1428	640	2068	0.00017
Sphingopyxis granuli	267128	S	1257	3308	4565	0.00037
Sphingopyxis fribergensis	1515612	S	1224	471	1695	0.00014
Sphingopyxis alaskensis	117207	S	1152	251	1403	0.00011
Novosphingobium sp. Gsoil 351	2675225	S	2061	154	2215	0.00018
Novosphingobium sp. Sx8-5	2896849	S	2005	264	2269	0.00018
Novosphingobium sp. EMRT-2	2571749	S	1700	938	2638	0.00021
Novosphingobium sp. P6W	1609758	S	1376	187	1563	0.00013
Novosphingobium sp. ES2-1	2780074	S	1075	509	1584	0.00013
Novosphingobium sp. THN1	1016987	S	1069	357	1426	0.00012
Novosphingobium sp. PP1Y	702113	S	671	789	1460	0.00012
Novosphingobium sp. KA1	164608	S	410	1946	2356	0.00019
Novosphingobium resinovorum	158500	S	1763	851	2614	0.00021
Novosphingobium decolorationis	2698673	S	1699	866	2565	0.00021
Novosphingobium aromaticivorans	48935	S	1465	614	2079	0.00017
Novosphingobium ginsenosidimutans	1176536	S	1018	95	1113	0.00009
Novosphingobium pentaromativorans	205844	S	581	1021	1602	0.00013
Rhizorhabdus wittichii	160791	S	4114	2392	6506	0.00053
Rhizorhabdus dicambivorans	1850238	S	2408	1996	4404	0.00036
Rhizorhabdus phycosphaerae	2711156	S	1877	219	2096	0.00017
Sphingosinithalassobacter sp. CS137	2762748	S	2075	412	2487	0.00020
Sphingosinithalassobacter tenebrarum	2711215	S	1462	456	1918	0.00016
Allosphingosinicella indica	941907	S	3340	385	3725	0.00030
Parasphingopyxis algicola	2026624	S	1806	114	1920	0.00016
Parasphingopyxis sp. CP4	2724527	S	477	19	496	0.00004
Sphingorhabdus sp. YGSMI21	2077182	S	600	89	689	0.00006
Sphingorhabdus sp. SMR4y	2584094	S	488	72	560	0.00005
Sphingorhabdus sp. M41	1806885	S	424	45	469	0.00004
Sphingorhabdus lacus	392610	S	362	12	374	0.00003
Sphingorhabdus lutea	1913578	S	65	3	68	0.00001
Blastomonas sp. RAC04	1842535	S	420	598	1018	0.00008
Blastomonas fulva	1550728	S	382	716	1098	0.00009
Hankyongella ginsenosidimutans	1763828	S	1727	331	2058	0.00017
Tardibacter chloracetimidivorans	1921510	S	1401	1077	2478	0.00020
Citromicrobium sp. JL477	1634516	S	1096	500	1596	0.00013
Novosphingopyxis iocasae	2762729	S	1004	552	1556	0.00013
Parasphingorhabdus halotolerans	2725558	S	227	7	234	0.00002
Parasphingorhabdus sp. JHSY0214	2806553	S	208	12	220	0.00002
Parasphingorhabdus litoris	394733	S	142	9	151	0.00001
Aquisediminimonas profunda	1550733	S	519	16	535	0.00004
Erythrobacter sp. HL-111	1798193	S	1501	262	1763	0.00014
Erythrobacter sp. JK5	2829500	S	1019	284	1303	0.00011
Erythrobacter sp. HKB08	2502843	S	1018	204	1222	0.00010
Erythrobacter sp. SDW2	2907154	S	866	208	1074	0.00009
Erythrobacter sp. THAF29	2587851	S	676	145	821	0.00007
Erythrobacter sp. A30-3	2785907	S	522	386	908	0.00007
Erythrobacter sp. LQ02-29	2920384	S	520	554	1074	0.00009
Erythrobacter sp. 3-20A1M	2653850	S	506	761	1267	0.00010
Erythrobacter sp. KY5	2011159	S	477	32	509	0.00004
Erythrobacter sp. SCSIO 43205	2779361	S	263	47	310	0.00003
Erythrobacter litoralis	39960	S	1884	742	2626	0.00021
Erythrobacter neustonensis	1112	S	872	174	1046	0.00008
Erythrobacter mangrovi	2739433	S	762	253	1015	0.00008
Erythrobacter aureus	2182384	S	601	93	694	0.00006
Porphyrobacter sp. CACIAM 03H1	2003315	S	1711	461	2172	0.00018
Porphyrobacter sp. HT-58-2	2023229	S	1386	298	1684	0.00014
Porphyrobacter sp. LM 6	1896196	S	951	320	1271	0.00010
Porphyrobacter sp. GA68	2883480	S	737	277	1014	0.00008
Qipengyuania flava	192812	S	2062	1097	3159	0.00026
Qipengyuania sediminis	1532023	S	1218	147	1365	0.00011
Qipengyuania soli	2782568	S	844	138	982	0.00008
Qipengyuania aurantiaca	2867233	S	732	217	949	0.00008
Qipengyuania gelatinilytica	2867231	S	609	106	715	0.00006
Qipengyuania seohaensis	266951	S	538	107	645	0.00005
Qipengyuania xiapuensis	2867236	S	380	366	746	0.00006
Qipengyuania aquimaris	255984	S	375	365	740	0.00006
Qipengyuania psychrotolerans	2867238	S	369	38	407	0.00003
Altererythrobacter sp. B11	2060312	S	1625	720	2345	0.00019
Altererythrobacter sp. TH136	2067415	S	1210	207	1417	0.00012
Altererythrobacter sp. BO-6	2604537	S	740	102	842	0.00007
Altererythrobacter sp. ZODW24	2185142	S	317	12	329	0.00003
Altererythrobacter epoxidivorans	361183	S	572	151	723	0.00006
Altererythrobacter ishigakiensis	476157	S	229	14	243	0.00002
Tsuneonella amylolytica	2338327	S	1498	399	1897	0.00015
Tsuneonella dongtanensis	692370	S	1456	256	1712	0.00014
Tsuneonella mangrovi	1982042	S	1054	143	1197	0.00010
Tsuneonella flava	2055955	S	448	124	572	0.00005
Croceicoccus sp. YJ47	2798724	S	980	508	1488	0.00012
Croceicoccus sp. Ery5	1703340	S	340	366	706	0.00006
Croceicoccus sp. Ery15	1703338	S	268	420	688	0.00006
Croceicoccus marinus	450378	S	1741	869	2610	0.00021
Croceicoccus naphthovorans	1348774	S	745	884	1629	0.00013
Aurantiacibacter gangjinensis	502682	S	655	53	708	0.00006
Aurantiacibacter atlanticus	1648404	S	310	95	405	0.00003
Pelagerythrobacter marensis	543877	S	884	110	994	0.00008
Paraurantiacibacter namhicola	645517	S	794	94	888	0.00007
Croceibacterium atlanticum	1267766	S	633	247	880	0.00007
Sphingosinicella sp. BN140058	1892855	S	3887	322	4209	0.00034
Sphingosinicella microcystinivorans	335406	S	2146	269	2415	0.00020
Sphingosinicella flava	2771430	S	1621	225	1846	0.00015
Polymorphobacter sp. PAMC 29362	2835787	S	1234	810	2044	0.00017
Polymorphobacter sp. PAMC 29334	2862331	S	1107	749	1856	0.00015
Sandaracinobacter sp. M6	2759707	S	1582	102	1684	0.00014
Zymomonas mobilis	542	S	144	73	217	0.00002
Roseomonas sp. OT10	2897332	S	8870	2221	11091	0.00090
Roseomonas sp. S08	1750527	S	8177	473	8650	0.00070
Roseomonas sp. FDAARGOS_362	2018065	S	511	2795	3306	0.00027
Roseomonas gilardii	257708	S	6122	2733	8855	0.00072
Roseomonas marmotae	2768161	S	5471	536	6007	0.00049
Roseomonas haemaphysalidis	2768162	S	5152	519	5671	0.00046
Roseomonas mucosa	207340	S	445	2843	3288	0.00027
Rhodovastum atsumiense	504468	S	6788	605	7393	0.00060
Roseococcus microcysteis	2771361	S	5569	475	6044	0.00049
Komagataeibacter xylinus	28448	S	1132	2220	3352	0.00027
Komagataeibacter saccharivorans	265959	S	480	182	662	0.00005
Komagataeibacter nataicola	265960	S	366	181	547	0.00004
Komagataeibacter oboediens	65958	S	291	138	429	0.00003
Komagataeibacter europaeus	33995	S	268	145	413	0.00003
Komagataeibacter medellinensis	1177712	S	239	215	454	0.00004
Komagataeibacter rhaeticus	215221	S	13	253	266	0.00002
Acidiphilium multivorum	62140	S	832	3760	4592	0.00037
Acidiphilium cryptum	524	S	191	1375	1566	0.00013
Sediminicoccus rosea	1225128	S	4045	191	4236	0.00034
Acidibrevibacterium fodinaquatile	1969806	S	2917	265	3182	0.00026
Lichenicola cladoniae	1484109	S	2637	111	2748	0.00022
Acetobacter aceti	435	S	935	372	1307	0.00011
Acetobacter persici	1076596	S	235	33	268	0.00002
Acetobacter sp. KACC 21233	2592655	S	224	47	271	0.00002
Acetobacter ghanensis	431306	S	155	40	195	0.00002
Acetobacter pasteurianus	438	S	72	188	260	0.00002
Acetobacter ascendens	481146	S	66	98	164	0.00001
Acetobacter senegalensis	446692	S	60	112	172	0.00001
Acetobacter orientalis	146474	S	57	7	64	0.00001
Acetobacter tropicalis	104102	S	53	96	149	0.00001
Acetobacter oryzoeni	2500548	S	16	49	65	0.00001
Gluconacetobacter diazotrophicus	33996	S	1789	379	2168	0.00018
Gluconobacter oxydans	442	S	633	623	1256	0.00010
Gluconobacter albidus	318683	S	265	43	308	0.00003
Gluconobacter sphaericus	574987	S	188	42	230	0.00002
Gluconobacter frateurii	38308	S	129	32	161	0.00001
Gluconobacter thailandicus	257438	S	56	37	93	0.00001
Granulibacter bethesdensis	364410	S	1228	94	1322	0.00011
Asaia bogorensis	91915	S	701	103	804	0.00007
Neoasaia chiangmaiensis	320497	S	666	139	805	0.00007
Kozakia baliensis	153496	S	495	184	679	0.00006
Novacetimonas hansenii	436	S	456	245	701	0.00006
Oecophyllibacter saccharovorans	2558360	S	341	9	350	0.00003
Parasaccharibacter apium	1510841	S	30	131	161	0.00001
Parasaccharibacter sp. TMW 2.1888	2268025	S	13	58	71	0.00001
Swingsia sp. F3b2	2558361	S	156	3	159	0.00001
Swingsia samuiensis	1293412	S	40	5	45	0.00000
Neokomagataea tanensis	661191	S	72	10	82	0.00001
Entomobacter blattae	2762277	S	48	2	50	0.00000
Bombella sp. KACC 21507	2697033	S	21	1	22	0.00000
Azospirillum sp. B510	137722	S	2435	898	3333	0.00027
Azospirillum sp. TSA2s	709810	S	2087	1586	3673	0.00030
Azospirillum sp. TSH100	652764	S	2014	911	2925	0.00024
Azospirillum sp. TSH58	664962	S	1585	2096	3681	0.00030
Azospirillum brasilense	192	S	8275	7183	15458	0.00125
Azospirillum thermophilum	2202148	S	6090	1314	7404	0.00060
Azospirillum thiophilum	528244	S	3090	985	4075	0.00033
Azospirillum ramasamyi	682998	S	1918	1082	3000	0.00024
Azospirillum lipoferum	193	S	1572	1154	2726	0.00022
Azospirillum humicireducens	1226968	S	1519	889	2408	0.00020
Azospirillum oryzae	286727	S	1489	1283	2772	0.00022
Azospirillum baldaniorum	1064539	S	937	1899	2836	0.00023
Skermanella mucosa	1789672	S	2767	2060	4827	0.00039
Skermanella sp. TT6	2775420	S	2597	2893	5490	0.00045
Skermanella rosea	1817965	S	2500	2458	4958	0.00040
Skermanella pratensis	2233999	S	2309	1354	3663	0.00030
Nitrospirillum amazonense	28077	S	3534	388	3922	0.00032
Indioceanicola profundi	2220096	S	2983	382	3365	0.00027
Niveispirillum cyanobacteriorum	1612173	S	1275	137	1412	0.00011
Hypericibacter adhaerens	2602016	S	10097	1836	11933	0.00097
Hypericibacter terrae	2602015	S	7397	1051	8448	0.00069
Magnetospirillum sp. XM-1	1663591	S	1720	589	2309	0.00019
Magnetospirillum sp. ME-1	1639348	S	1581	589	2170	0.00018
Magnetospirillum gryphiswaldense	55518	S	1979	152871	154850	0.01257
Magnetospirillum magneticum	84159	S	1725	166	1891	0.00015
Rhodospirillum centenum	34018	S	3953	515	4468	0.00036
Rhodospirillum rubrum	1085	S	1897	126	2023	0.00016
Tistrella mobilis	171437	S	3768	1783	5551	0.00045
Ferrovibrio terrae	2594003	S	3309	210	3519	0.00029
Defluviicoccus vanus	111831	S	2050	178	2228	0.00018
Pararhodospirillum photometricum	1084	S	1187	75	1262	0.00010
Haematospirillum jordaniae	1549855	S	177	11	188	0.00002
Candidatus Endolissoclinum faulkneri	1263979	S	86	0	86	0.00001
Stella humosa	94	S	9063	617	9680	0.00079
Elioraea tepida	2843330	S	4490	196	4686	0.00038
Thalassospira sp. A40-3	2785908	S	215	76	291	0.00002
Thalassospira sp. B30-1	2785911	S	129	177	306	0.00002
Thalassospira marina	2048283	S	305	15	320	0.00003
Thalassospira indica	1891279	S	217	117	334	0.00003
Thalassospira xiamenensis	220697	S	122	157	279	0.00002
Magnetospira sp. QH-2	1288970	S	756	20	776	0.00006
Terasakiella sp. SH-1	2560057	S	87	1	88	0.00001
Paracoccus sp. MC1862	2760307	S	1320	146	1466	0.00012
Paracoccus sp. MA	2895796	S	1062	586	1648	0.00013
Paracoccus sp. AK26	2589076	S	910	168	1078	0.00009
Paracoccus sp. H4-D09	2812658	S	663	145	808	0.00007
Paracoccus sp. S8-55	2903900	S	565	84	649	0.00005
Paracoccus sp. Arc7-R13	2500532	S	400	417	817	0.00007
Paracoccus sanguinis	1545044	S	2098	563	2661	0.00022
Paracoccus yeei	147645	S	1416	2305	3721	0.00030
Paracoccus liaowanqingii	2560053	S	1357	156	1513	0.00012
Paracoccus denitrificans	266	S	1246	601	1847	0.00015
Paracoccus zhejiangensis	1077935	S	1228	317	1545	0.00013
Paracoccus pantotrophus	82367	S	1177	659	1836	0.00015
Paracoccus suum	2259340	S	1119	217	1336	0.00011
Paracoccus aminovorans	34004	S	1111	334	1445	0.00012
Paracoccus jeotgali	2065379	S	1083	215	1298	0.00011
Paracoccus contaminans	1945662	S	1080	253	1333	0.00011
Paracoccus aminophilus	34003	S	900	90	990	0.00008
Paracoccus kondratievae	135740	S	502	102	604	0.00005
Paracoccus tegillarcae	1529068	S	486	29	515	0.00004
Paracoccus marcusii	59779	S	422	387	809	0.00007
Paracoccus mutanolyticus	1499308	S	180	608	788	0.00006
Cereibacter sphaeroides	1063	S	4346	1796	6142	0.00050
Cereibacter azotoformans	43057	S	431	1574	2005	0.00016
Rhodobacter sp. CZR27	2033869	S	1691	556	2247	0.00018
Rhodobacter sp. N10	2807096	S	1468	185	1653	0.00013
Rhodobacter sp. LPB0142	1850250	S	1330	896	2226	0.00018
Rhodobacter capsulatus	1061	S	1744	357	2101	0.00017
Rhodovulum sp. P5	1564506	S	871	97	968	0.00008
Rhodovulum sp. MB263	308754	S	802	301	1103	0.00009
Rhodovulum sulfidophilum	35806	S	1314	794	2108	0.00017
Polymorphum gilvum	991904	S	3139	832	3971	0.00032
Paroceanicella profunda	2579971	S	2991	805	3796	0.00031
Pikeienuella piscinae	2748098	S	2171	224	2395	0.00019
Thioclava electrotropha	1549850	S	878	241	1119	0.00009
Thioclava nitratireducens	1915078	S	786	291	1077	0.00009
Pontivivens ytuae	2789856	S	1884	140	2024	0.00016
Silicimonas algicola	1826607	S	1727	107	1834	0.00015
Pelagovum pacificum	2588711	S	1691	221	1912	0.00016
Frigidibacter mobilis	1335048	S	1320	602	1922	0.00016
Pukyongiella litopenaei	2605946	S	1204	304	1508	0.00012
Brevirhabdus pacifica	1267768	S	1181	579	1760	0.00014
Gymnodinialimonas ceratoperidinii	2856823	S	964	94	1058	0.00009
Fuscovulum blasticum	1075	S	954	126	1080	0.00009
Haematobacter massiliensis	195105	S	922	405	1327	0.00011
Falsirhodobacter sp. PG104	2692330	S	913	131	1044	0.00008
Gemmobacter aquarius	2169400	S	831	162	993	0.00008
Pseudopuniceibacterium antarcticum	2613965	S	765	62	827	0.00007
Tabrizicola piscis	2494374	S	746	70	816	0.00007
Pacificitalea manganoxidans	1411902	S	734	169	903	0.00007
Pseudooceanicola algae	1537215	S	674	67	741	0.00006
Monaibacterium sp. h42	2758038	S	656	158	814	0.00007
Roseicitreum antarcticum	564137	S	633	33	666	0.00005
Tritonibacter mobilis	379347	S	465	220	685	0.00006
Yoonia vestfoldensis	245188	S	409	96	505	0.00004
Pseudohalocynthiibacter aestuariivivens	1591409	S	398	84	482	0.00004
Qingshengfaniella alkalisoli	2599296	S	389	21	410	0.00003
Rhodophyticola sp. CCM32	2916397	S	363	11	374	0.00003
Rhodobaca barguzinensis	441209	S	311	13	324	0.00003
Profundibacter amoris	2171755	S	283	9	292	0.00002
Parasedimentitalea marina	2483033	S	253	11	264	0.00002
Pseudorhodobacter turbinis	2500533	S	233	14	247	0.00002
Aestuarium zhoushanense	2820523	S	219	93	312	0.00003
Cognatishimia activa	1715691	S	217	9	226	0.00002
Planktomarina temperata	1284658	S	116	3	119	0.00001
Roseovarius sp. SCSIO 43702	2823043	S	1321	105	1426	0.00012
Roseovarius sp. THAF9	2587847	S	700	174	874	0.00007
Roseovarius sp. THAF8	2587846	S	276	457	733	0.00006
Roseovarius sp. THAF27	2587850	S	248	439	687	0.00006
Roseovarius sp. TM1035	391613	S	107	215	322	0.00003
Roseovarius indicus	540747	S	1645	528	2173	0.00018
Roseovarius faecimaris	2494550	S	633	27	660	0.00005
Roseovarius mucosus	215743	S	132	268	400	0.00003
Sulfitobacter sp. JK7-1	2829501	S	672	36	708	0.00006
Sulfitobacter sp. THAF37	2587855	S	669	285	954	0.00008
Sulfitobacter sp. D7	1968541	S	332	124	456	0.00004
Sulfitobacter sp. SK011	1389004	S	302	7	309	0.00003
Sulfitobacter sp. JL08	2070369	S	302	6	308	0.00003
Sulfitobacter sp. DSM 110093	2883127	S	195	56	251	0.00002
Sulfitobacter sp. BSw21498	664426	S	192	29	221	0.00002
Sulfitobacter sp. SK012	1389005	S	163	3	166	0.00001
Sulfitobacter sp. SK025	1389011	S	70	143	213	0.00002
Sulfitobacter sp. CB2047	1525218	S	61	167	228	0.00002
Sulfitobacter sp. B30-2	2785912	S	55	116	171	0.00001
Sulfitobacter alexandrii	1917485	S	985	504	1489	0.00012
Sulfitobacter mediterraneus	83219	S	539	55	594	0.00005
Sulfitobacter indolifex	225422	S	324	72	396	0.00003
Sulfitobacter dubius	218673	S	237	104	341	0.00003
Sulfitobacter pontiacus	60137	S	118	262	380	0.00003
Salipiger profundus	1229727	S	1973	891	2864	0.00023
Salipiger abyssi	1250539	S	1437	599	2036	0.00017
Salipiger sp. CCB-MM3	1792508	S	1244	177	1421	0.00012
Roseivivax sp. THAF30	2587852	S	980	209	1189	0.00010
Roseivivax sp. THAF40	2587858	S	31	626	657	0.00005
Roseivivax sp. THAF197b	2588299	S	24	374	398	0.00003
Roseivivax marinus	1379903	S	1933	313	2246	0.00018
Celeribacter indicus	1208324	S	1626	811	2437	0.00020
Celeribacter ethanolicus	1758178	S	572	198	770	0.00006
Celeribacter baekdonensis	875171	S	286	77	363	0.00003
Celeribacter marinus	1397108	S	197	6	203	0.00002
Phaeobacter gallaeciensis	60890	S	675	297	972	0.00008
Phaeobacter inhibens	221822	S	540	217	757	0.00006
Phaeobacter piscinae	1580596	S	222	191	413	0.00003
Phaeobacter porticola	1844006	S	161	54	215	0.00002
Phaeobacter sp. LSS9	681157	S	52	87	139	0.00001
Ruegeria sp. TM1040	292414	S	330	55	385	0.00003
Ruegeria sp. THAF33	2587853	S	245	69	314	0.00003
Ruegeria sp. SCSIO 43209	2793010	S	234	47	281	0.00002
Ruegeria sp. AD91A	2293862	S	214	26	240	0.00002
Ruegeria pomeroyi	89184	S	864	150	1014	0.00008
Leisingera aquaemixtae	1396826	S	802	157	959	0.00008
Leisingera sp. NJS204	2508307	S	125	219	344	0.00003
Leisingera sp. NJS201	2508306	S	124	206	330	0.00003
Leisingera methylohalidivorans	133924	S	457	114	571	0.00005
Yangia pacifica	311180	S	1722	286	2008	0.00016
Sagittula sp. P11	2009329	S	1620	678	2298	0.00019
Sulfitobacter pseudonitzschiae	1402135	S	1017	363	1380	0.00011
Pseudosulfitobacter sp. DSM 107133	2883100	S	381	156	537	0.00004
Ponticoccus alexandrii	1943633	S	1248	190	1438	0.00012
Dinoroseobacter shibae	215813	S	1106	404	1510	0.00012
Mameliella alba	561184	S	1086	203	1289	0.00010
Roseobacter ponti	1891787	S	391	9	400	0.00003
Roseobacter denitrificans	2434	S	297	47	344	0.00003
Roseobacter litoralis	42443	S	223	25	248	0.00002
Ketogulonicigenium robustum	92947	S	457	49	506	0.00004
Ketogulonicigenium vulgare	92945	S	442	134	576	0.00005
Roseibacterium elongatum	159346	S	909	76	985	0.00008
Octadecabacter sp. SW4	2602067	S	338	50	388	0.00003
Octadecabacter arcticus	53946	S	208	16	224	0.00002
Octadecabacter antarcticus	1217908	S	192	12	204	0.00002
Octadecabacter temperatus	1458307	S	124	2	126	0.00001
Actibacterium sp. EMB200-NS6	1609966	S	857	425	1282	0.00010
Oceanicola sp. D3	2587163	S	838	43	881	0.00007
Tateyamaria omphalii	299262	S	619	20	639	0.00005
Maribius sp. THAF1	2587842	S	582	29	611	0.00005
Jannaschia sp. CCS1	290400	S	549	14	563	0.00005
Thalassococcus sp. S3	2017482	S	546	14	560	0.00005
Antarctobacter heliothermus	74033	S	513	26	539	0.00004
Thalassobius gelatinovorus	53501	S	328	17	345	0.00003
Falsihalocynthiibacter arcticus	1579316	S	141	4	145	0.00001
Caulobacter sp. S6	2823693	S	4366	455	4821	0.00039
Caulobacter sp. FWC26	69665	S	1459	657	2116	0.00017
Caulobacter segnis	88688	S	4931	1611	6542	0.00053
Caulobacter mirabilis	69666	S	3667	652	4319	0.00035
Caulobacter vibrioides	155892	S	3059	1270	4329	0.00035
Caulobacter flavus	1679497	S	2993	819	3812	0.00031
Caulobacter rhizosphaerae	2010972	S	2591	754	3345	0.00027
Caulobacter soli	2708539	S	2398	766	3164	0.00026
Caulobacter henricii	69395	S	1239	208	1447	0.00012
Brevundimonas sp. PAMC22021	2861285	S	1242	251	1493	0.00012
Brevundimonas sp. LM2	1938605	S	1143	178	1321	0.00011
Brevundimonas sp. M20	2591463	S	1131	163	1294	0.00011
Brevundimonas sp. MF30-B	2561924	S	1092	162	1254	0.00010
Brevundimonas sp. AJA228-03	2752515	S	897	110	1007	0.00008
Brevundimonas sp. CS1	2813778	S	317	292	609	0.00005
Brevundimonas sp. SGAir0440	2579977	S	309	277	586	0.00005
Brevundimonas sp. DS20	1532555	S	272	634	906	0.00007
Brevundimonas sp. Bb-A	2560058	S	265	506	771	0.00006
Brevundimonas sp. GW460-12-10-14-LB2	1827469	S	254	416	670	0.00005
Brevundimonas sp. 'scallop'	2562582	S	204	337	541	0.00004
Brevundimonas naejangsanensis	588932	S	2113	668	2781	0.00023
Brevundimonas goettingensis	2774190	S	1315	189	1504	0.00012
Brevundimonas albigilva	1312364	S	1310	708	2018	0.00016
Brevundimonas subvibrioides	74313	S	1102	183	1285	0.00010
Brevundimonas diminuta	293	S	867	1544	2411	0.00020
Brevundimonas vitisensis	2800818	S	861	98	959	0.00008
Brevundimonas mediterranea	74329	S	784	281	1065	0.00009
Brevundimonas pondensis	2774189	S	771	226	997	0.00008
Brevundimonas nasdae	172043	S	720	400	1120	0.00009
Brevundimonas vancanneytii	1325724	S	254	922	1176	0.00010
Brevundimonas vesicularis	41276	S	245	516	761	0.00006
Phenylobacterium zucineum	284016	S	10033	1980	12013	0.00097
Phenylobacterium parvum	2201350	S	2469	255	2724	0.00022
Terricaulis silvestris	2686094	S	2550	88	2638	0.00021
Asticcacaulis excentricus	78587	S	965	146	1111	0.00009
Asticcacaulis sp. AND118	2840468	S	828	122	950	0.00008
Marinicauda algicola	2029849	S	2200	384	2584	0.00021
Maricaulis maris	74318	S	709	42	751	0.00006
Glycocaulis alkaliphilus	1434191	S	690	35	725	0.00006
Hyphobacterium sp. CCMP332	2749086	S	512	16	528	0.00004
Hyphomonas sp. CACIAM 19H1	1873716	S	747	107	854	0.00007
Hyphomonas sp. KY3	2016196	S	414	49	463	0.00004
Hyphomonas sp. Mor2	1906738	S	402	7	409	0.00003
Hyphomonas neptunium	81032	S	661	77	738	0.00006
Candidatus Viadribacter manganicus	1759059	S	1496	39	1535	0.00012
Hirschia baltica	2724	S	37	0	37	0.00000
Aquisalinus flavus	1526572	S	819	37	856	0.00007
Parvularcula bermudensis	208216	S	351	45	396	0.00003
Anaplasma ovis	142058	S	63	14	77	0.00001
Anaplasma platys	949	S	25	5	30	0.00000
Anaplasma phagocytophilum	948	S	22	6	28	0.00000
Anaplasma marginale	770	S	18	17	35	0.00000
Anaplasma centrale	769	S	10	13	23	0.00000
Wolbachia pipientis	955	S	10	36	46	0.00000
Ehrlichia ruminantium	779	S	21	10	31	0.00000
Rickettsia tillamookensis	2761623	S	25	72	97	0.00001
Rickettsia endosymbiont of Oedothorax gibbosus	931099	S	12	13	25	0.00000
Orientia tsutsugamushi	784	S	21	3	24	0.00000
Candidatus Phycorickettsia trachydisci	2115978	S	31	5	36	0.00000
Candidatus Midichloria mitochondrii	234827	S	36	8	44	0.00000
Candidatus Fokinia solitaria	1802984	S	16	0	16	0.00000
Rickettsiales endosymbiont of Stachyamoeba lipophora	2486578	S	16	4	20	0.00000
Candidatus Deianiraea vastatrix	2163644	S	11	0	11	0.00000
Luteithermobacter gelatinilyticus	2582913	S	330	39	369	0.00003
Paremcibacter congregatus	2043170	S	291	7	298	0.00002
Micavibrio aeruginosavorus	349221	S	484	5	489	0.00004
Candidatus Puniceispirillum marinum	767892	S	82	2	84	0.00001
Candidatus Hydrogenosomobacter endosymbioticus	2558174	S	40	0	40	0.00000
endosymbiont of Acanthamoeba sp. UWC8	86106	S	27	0	27	0.00000
Candidatus Cytomitobacter indipagum	2601575	S	16	6	22	0.00000
Candidatus Gromoviella agglomerans	2806609	S	24	0	24	0.00000
Candidatus Nesciobacter abundans	2601668	S	13	2	15	0.00000
Candidatus Paracaedibacter acanthamoebae	91604	S	65	4	69	0.00001
Candidatus Nucleicultrix amoebiphila	1509244	S	46	2	48	0.00000
Magnetococcus marinus	1124597	S	172	3	175	0.00001
Candidatus Pelagibacter sp. IMCC9063	1002672	S	15	1	16	0.00000
Candidatus Pelagibacter sp. RS40	1977865	S	14	12	26	0.00000
Candidatus Fonsibacter ubiquis	1925548	S	29	1	30	0.00000
Kordiimonas pumila	2161677	S	57	0	57	0.00000
Burkholderia multivorans	87883	S	5133	2010	7143	0.00058
Burkholderia ubonensis	101571	S	4786	2520	7306	0.00059
Burkholderia cenocepacia	95486	S	3646	8032	11678	0.00095
Burkholderia cepacia	292	S	3086	5827	8913	0.00072
Burkholderia pyrrocinia	60550	S	1971	831	2802	0.00023
Burkholderia ambifaria	152480	S	1661	1043	2704	0.00022
Burkholderia contaminans	488447	S	1637	900	2537	0.00021
Burkholderia stagnalis	1503054	S	1636	486	2122	0.00017
Burkholderia dolosa	152500	S	1489	408	1897	0.00015
Burkholderia anthina	179879	S	1431	1041	2472	0.00020
Burkholderia stabilis	95485	S	1393	875	2268	0.00018
Burkholderia lata	482957	S	1312	1039	2351	0.00019
Burkholderia territorii	1503055	S	1182	450	1632	0.00013
Burkholderia seminalis	488731	S	936	352	1288	0.00010
Burkholderia vietnamiensis	60552	S	881	40618	41499	0.00337
Burkholderia metallica	488729	S	726	284	1010	0.00008
Burkholderia diffusa	488732	S	513	199	712	0.00006
Burkholderia pseudomultivorans	1207504	S	448	419	867	0.00007
Burkholderia latens	488446	S	251	456	707	0.00006
Burkholderia aenigmatica	2015348	S	209	420	629	0.00005
Burkholderia pseudomallei	28450	S	2229	34061	36290	0.00294
Burkholderia mayonis	1385591	S	1661	303	1964	0.00016
Burkholderia thailandensis	57975	S	1620	9038	10658	0.00086
Burkholderia oklahomensis	342113	S	1088	594	1682	0.00014
Burkholderia savannae	1637837	S	260	206	466	0.00004
Burkholderia sp. MSMB617WGS	1637831	S	103	161	264	0.00002
Burkholderia sp. MSMB1588	1636423	S	89	127	216	0.00002
Burkholderia mallei	13373	S	70	661	731	0.00006
Burkholderia sp. DHOD12	2571746	S	2560	256	2816	0.00023
Burkholderia sp. Bp7605	1740163	S	1588	202	1790	0.00015
Burkholderia sp. LA-2-3-30-S1-D2	1637862	S	586	238	824	0.00007
Burkholderia sp. NRF60-BP8	1637853	S	560	214	774	0.00006
Burkholderia sp. MSMB0856	1637869	S	478	209	687	0.00006
Burkholderia sp. JP2-270	2217913	S	470	205	675	0.00005
Burkholderia sp. PAMC 26561	1795043	S	362	296	658	0.00005
Burkholderia sp. MS455	2811788	S	338	164	502	0.00004
Burkholderia sp. PAMC 28687	1795874	S	249	312	561	0.00005
Burkholderia sp. IDO3	1705310	S	216	217	433	0.00004
Burkholderia sp. KBS0801	1179675	S	106	140	246	0.00002
Burkholderia sp. LAS2	2813843	S	86	267	353	0.00003
Burkholderia sp. MBR-1	2732364	S	62	183	245	0.00002
Burkholderia sp. MS389	2811789	S	42	209	251	0.00002
Burkholderia sp. KJ006	416344	S	35	155	190	0.00002
Burkholderia sp. B21-007	2890407	S	16	420	436	0.00004
Burkholderia sp. B21-005	2890406	S	14	435	449	0.00004
Burkholderia gladioli	28095	S	6034	1808	7842	0.00064
Burkholderia glumae	337	S	2269	9934	12203	0.00099
Burkholderia plantarii	41899	S	1640	477	2117	0.00017
Burkholderia perseverans	2615214	S	1327	414	1741	0.00014
Cupriavidus taiwanensis	164546	S	13013	10410	23423	0.00190
Cupriavidus pauculus	82633	S	7845	3183	11028	0.00089
Cupriavidus oxalaticus	96344	S	3993	1684	5677	0.00046
Cupriavidus sp. EM10	2839983	S	1789	1013	2802	0.00023
Cupriavidus sp. MP-37	2884455	S	927	864	1791	0.00015
Cupriavidus sp. ISTL7	2771360	S	326	1888	2214	0.00018
Cupriavidus sp. KK10	1478019	S	293	780	1073	0.00009
Cupriavidus sp. USMAA2-4	876364	S	235	1511	1746	0.00014
Cupriavidus sp. USMAHM13	1389192	S	173	1081	1254	0.00010
Cupriavidus necator	106590	S	3877	3214	7091	0.00058
Cupriavidus basilensis	68895	S	3819	2096	5915	0.00048
Cupriavidus campinensis	151783	S	3125	1025	4150	0.00034
Cupriavidus metallidurans	119219	S	2448	14049	16497	0.00134
Cupriavidus pinatubonensis	248026	S	2221	355	2576	0.00021
Cupriavidus gilardii	82541	S	1161	5537	6698	0.00054
Cupriavidus nantongensis	1796606	S	980	2554	3534	0.00029
Cupriavidus neocaledonicus	1040979	S	716	796	1512	0.00012
Cupriavidus malaysiensis	367825	S	195	1147	1342	0.00011
Paraburkholderia sp. SOS3	1926494	S	2100	306	2406	0.00020
Paraburkholderia sp. PGU16	2735433	S	964	566	1530	0.00012
Paraburkholderia sp. PGU19	2735434	S	736	676	1412	0.00011
Paraburkholderia pallida	2547399	S	2916	519	3435	0.00028
Paraburkholderia aromaticivorans	2026199	S	2440	1116	3556	0.00029
Paraburkholderia acidisoli	2571748	S	2382	423	2805	0.00023
Paraburkholderia caribensis	75105	S	2159	1685	3844	0.00031
Paraburkholderia tropica	92647	S	2127	467	2594	0.00021
Paraburkholderia acidiphila	2571747	S	2069	394	2463	0.00020
Paraburkholderia edwinii	2861782	S	1907	260	2167	0.00018
Paraburkholderia phytofirmans	261302	S	1783	776	2559	0.00021
Paraburkholderia terricola	169427	S	1698	497	2195	0.00018
Paraburkholderia atlantica	2654982	S	1654	405	2059	0.00017
Paraburkholderia sprentiae	948107	S	1558	341	1899	0.00015
Paraburkholderia phymatum	148447	S	1539	402	1941	0.00016
Paraburkholderia phenoliruptrix	252970	S	1512	448	1960	0.00016
Paraburkholderia fungorum	134537	S	1438	346	1784	0.00014
Paraburkholderia graminis	60548	S	1423	355	1778	0.00014
Paraburkholderia megapolitana	420953	S	1352	125	1477	0.00012
Paraburkholderia terrae	311230	S	1291	1581	2872	0.00023
Paraburkholderia ginsengisoli	311231	S	1260	389	1649	0.00013
Paraburkholderia caledonica	134536	S	1143	208	1351	0.00011
Paraburkholderia dokdonella	2211211	S	1020	272	1292	0.00010
Paraburkholderia xenovorans	36873	S	1002	1246	2248	0.00018
Paraburkholderia caffeinilytica	1761016	S	1001	269	1270	0.00010
Paraburkholderia hospita	169430	S	993	1201	2194	0.00018
Paraburkholderia dioscoreae	2604047	S	676	480	1156	0.00009
Ralstonia solanacearum	305	S	5019	10165	15184	0.00123
Ralstonia insidiosa	190721	S	1435	1035	2470	0.00020
Ralstonia mannitolilytica	105219	S	1248	1529	2777	0.00023
Ralstonia pickettii	329	S	1171	548	1719	0.00014
Ralstonia sp. 56D2	2842456	S	960	147	1107	0.00009
Ralstonia syzygii	28097	S	73	237	310	0.00003
Ralstonia pseudosolanacearum	1310165	S	39	1088	1127	0.00009
Pandoraea pnomenusa	93220	S	2087	969	3056	0.00025
Pandoraea pulmonicola	93221	S	1763	396	2159	0.00018
Pandoraea thiooxydans	445709	S	1695	133	1828	0.00015
Pandoraea sp. XY-2	2518599	S	1189	602	1791	0.00015
Pandoraea faecigallinarum	656179	S	1169	330	1499	0.00012
Pandoraea norimbergensis	93219	S	1122	181	1303	0.00011
Pandoraea vervacti	656178	S	1086	331	1417	0.00012
Pandoraea fibrosis	1891094	S	945	331	1276	0.00010
Pandoraea apista	93218	S	928	553	1481	0.00012
Pandoraea oxalativorans	573737	S	898	452	1350	0.00011
Pandoraea sputorum	93222	S	738	349	1087	0.00009
Caballeronia sp. Lep1P3	2878150	S	1825	441	2266	0.00018
Caballeronia sp. TF1N1	2878153	S	1398	161	1559	0.00013
Caballeronia sp. SL2Y3	2878151	S	867	533	1400	0.00011
Caballeronia sp. Sq4a	2878152	S	813	649	1462	0.00012
Caballeronia sp. M1242	2814653	S	756	588	1344	0.00011
Caballeronia sp. SBC2	2705547	S	69	667	736	0.00006
Caballeronia sp. SBC1	2705548	S	55	743	798	0.00006
Caballeronia zhejiangensis	871203	S	2144	516	2660	0.00022
Caballeronia insecticola	758793	S	1883	406	2289	0.00019
Caballeronia grimmiae	1071679	S	1628	814	2442	0.00020
Polynucleobacter sp. MWH-UH24A	2689110	S	65	3	68	0.00001
Polynucleobacter sp. AP-Nino-20-G2	2576917	S	35	8	43	0.00000
Polynucleobacter sp. LimPoW16	1743162	S	34	1	35	0.00000
Polynucleobacter sp. MWH-UH35A	1855619	S	33	5	38	0.00000
Polynucleobacter sp. MWH-P3-07-1	1743173	S	31	4	35	0.00000
Polynucleobacter sp. MWH-CaK5	2689107	S	31	1	32	0.00000
Polynucleobacter sp. AP-Titi-500A-B4	2576923	S	30	6	36	0.00000
Polynucleobacter sp. MWH-Braz-FAM2G	1855883	S	30	3	33	0.00000
Polynucleobacter sp. AP-Ainpum-60-G11	2576926	S	29	7	36	0.00000
Polynucleobacter sp. MWH-Svant-W18	1855909	S	29	5	34	0.00000
Polynucleobacter sp. TSB-Sco08W16	1758374	S	28	4	32	0.00000
Polynucleobacter sp. VK25	1758398	S	27	7	34	0.00000
Polynucleobacter sp. MWH-Aus1W21	1855880	S	27	6	33	0.00000
Polynucleobacter sp. MWH-UH2A	1855617	S	24	5	29	0.00000
Polynucleobacter sp. MWH-UH21B	1743174	S	23	4	27	0.00000
Polynucleobacter sp. AP-Sving-400A-A2	2081049	S	23	14	37	0.00000
Polynucleobacter sp. MG-6-Vaara-E2	2576932	S	22	4	26	0.00000
Polynucleobacter sp. AP-Jannik-300A-C4	2576928	S	21	25	46	0.00000
Polynucleobacter sp. AP-Kolm-20A-A1	2081041	S	21	11	32	0.00000
Polynucleobacter sp. MWH-S4W17	1855910	S	19	11	30	0.00000
Polynucleobacter sp. MWH-Spelu-300-X4	2689109	S	19	1	20	0.00000
Polynucleobacter sp. MG-Unter2-18	2081052	S	18	13	31	0.00000
Polynucleobacter sp. es-MAR-2	1819725	S	18	4	22	0.00000
Polynucleobacter sp. AP-Elch-400A-B2	2576930	S	18	9	27	0.00000
Polynucleobacter sp. JS-Mosq-20-D10	2576922	S	17	7	24	0.00000
Polynucleobacter sp. AP-Melu-1000-A1	2081042	S	17	8	25	0.00000
Polynucleobacter sp. JS-JIR-II-50	2576919	S	16	8	24	0.00000
Polynucleobacter sp. MWH-UH25E	1855616	S	15	3	18	0.00000
Polynucleobacter sp. es-EL-1	1855652	S	15	2	17	0.00000
Polynucleobacter sp. JS-JIR-II-b4	1758390	S	13	8	21	0.00000
Polynucleobacter necessarius	576610	S	154	24	178	0.00001
Polynucleobacter difficilis	556054	S	85	6	91	0.00001
Polynucleobacter asymbioticus	576611	S	76	9	85	0.00001
Polynucleobacter acidiphobus	556053	S	57	3	60	0.00000
Polynucleobacter paneuropaeus	2527775	S	28	2	30	0.00000
Polynucleobacter wuianus	1743168	S	23	6	29	0.00000
Polynucleobacter duraquae	1835254	S	18	10	28	0.00000
Lautropia mirabilis	47671	S	1323	240	1563	0.00013
Chitinimonas arctica	2594795	S	1072	85	1157	0.00009
Mycetohabitans rhizoxinica	412963	S	907	56	963	0.00008
Mycoavidus sp. HKI	2840467	S	100	7	107	0.00001
Mycoavidus sp. B2-EB	2651972	S	60	10	70	0.00001
Mycoavidus cysteinexigens	1553431	S	65	7	72	0.00001
Candidatus Vallotia cooleyia	1177211	S	44	4	48	0.00000
Candidatus Vallotia sp. (ex Adelges kitamiensis)	2864217	S	40	13	53	0.00000
Candidatus Vallotia lariciata	2018052	S	34	11	45	0.00000
Candidatus Vallotia tarda	1177213	S	25	3	28	0.00000
Limnobacter sp. SAORIC-580	2732163	S	151	6	157	0.00001
Ephemeroptericola cinctiostellae	2268024	S	84	5	89	0.00001
Variovorax sp. HW608	1034889	S	5841	1056	6897	0.00056
Variovorax sp. PBS-H4	434008	S	3223	1806	5029	0.00041
Variovorax sp. PBL-H6	434009	S	3011	2726	5737	0.00047
Variovorax sp. WDL1	207745	S	2744	4392	7136	0.00058
Variovorax sp. RA8	662548	S	2671	1941	4612	0.00037
Variovorax sp. PAMC 28711	1795631	S	2501	450	2951	0.00024
Variovorax sp. RKNM96	2681552	S	2281	931	3212	0.00026
Variovorax sp. PAMC26660	2762322	S	1954	529	2483	0.00020
Variovorax sp. PAMC28562	2762323	S	1914	172	2086	0.00017
Variovorax sp. SRS16	282217	S	1483	3349	4832	0.00039
Variovorax sp. 38R	2774875	S	1453	1730	3183	0.00026
Variovorax sp. PBL-E5	434014	S	1343	3519	4862	0.00039
Variovorax sp. PDNC026	2811425	S	39	1548	1587	0.00013
Variovorax sp. PMC12	2126319	S	23	1173	1196	0.00010
Variovorax paradoxus	34073	S	11748	11231	22979	0.00186
Variovorax boronicumulans	436515	S	1689	1323	3012	0.00024
Hydrogenophaga sp. BA0156	2716225	S	3694	2685	6379	0.00052
Hydrogenophaga sp. YM1	2806262	S	3336	1835	5171	0.00042
Hydrogenophaga sp. PBC	795665	S	2808	3135	5943	0.00048
Hydrogenophaga sp. BPS33	2651974	S	2748	1742	4490	0.00036
Hydrogenophaga sp. SL48	2806347	S	2185	571	2756	0.00022
Hydrogenophaga sp. PBL-H3	434010	S	1696	1503	3199	0.00026
Hydrogenophaga sp. RAC07	1842537	S	1672	601	2273	0.00018
Hydrogenophaga sp. PAMC20947	2565558	S	880	63	943	0.00008
Hydrogenophaga sp. NH-16	2184519	S	825	1954	2779	0.00023
Hydrogenophaga taeniospiralis	65656	S	1840	616	2456	0.00020
Hydrogenophaga pseudoflava	47421	S	821	1555	2376	0.00019
Hydrogenophaga crassostreae	1763535	S	792	53	845	0.00007
Acidovorax sp. YS12	2738413	S	1760	1715	3475	0.00028
Acidovorax sp. KKS102	358220	S	1409	1144	2553	0.00021
Acidovorax sp. RAC01	1842533	S	1137	920	2057	0.00017
Acidovorax sp. JMULE5	2518343	S	1029	314	1343	0.00011
Acidovorax sp. HDW3	2714923	S	1028	813	1841	0.00015
Acidovorax sp. 1608163	2478662	S	846	195	1041	0.00008
Acidovorax sp. T1	1858609	S	594	2244	2838	0.00023
Acidovorax avenae	80867	S	3662	2639	6301	0.00051
Acidovorax monticola	1926868	S	2107	927	3034	0.00025
Acidovorax antarcticus	2743470	S	1831	1560	3391	0.00028
Acidovorax carolinensis	553814	S	1203	1055	2258	0.00018
Acidovorax citrulli	80869	S	972	1028	2000	0.00016
Acidovorax cattleyae	80868	S	872	700	1572	0.00013
Acidovorax radicis	758826	S	770	174	944	0.00008
Ramlibacter tataouinensis	94132	S	13998	5859	19857	0.00161
Comamonas sp. NLF-7-7	2597701	S	1349	1130	2479	0.00020
Comamonas sp. NLF-1-9	2853163	S	1178	701	1879	0.00015
Comamonas sp. B21-038	2918299	S	674	179	853	0.00007
Comamonas sp. Y33R10-2	2853257	S	222	42	264	0.00002
Comamonas serinivorans	1082851	S	1691	524	2215	0.00018
Comamonas aquatica	225991	S	1519	1488	3007	0.00024
Comamonas testosteroni	285	S	991	1473	2464	0.00020
Comamonas koreensis	160825	S	641	348	989	0.00008
Comamonas odontotermitis	379895	S	636	137	773	0.00006
Comamonas piscis	1562974	S	548	115	663	0.00005
Comamonas thiooxydans	363952	S	482	1110	1592	0.00013
Comamonas kerstersii	225992	S	370	192	562	0.00005
Comamonas fluminis	2796366	S	359	160	519	0.00004
Rhodoferax sp. BAB1	2741720	S	1850	555	2405	0.00020
Rhodoferax sp. AJA081-3	2752316	S	687	52	739	0.00006
Rhodoferax sp. PAMC 29310	2822760	S	474	54	528	0.00004
Rhodoferax sp. MIZ03	2798804	S	374	42	416	0.00003
Rhodoferax koreense	1842727	S	2958	1658	4616	0.00037
Rhodoferax sediminis	2509614	S	2355	394	2749	0.00022
Rhodoferax ferrireducens	192843	S	940	67	1007	0.00008
Rhodoferax saidenbachensis	1484693	S	686	81	767	0.00006
Rhodoferax antarcticus	81479	S	426	33	459	0.00004
Rhodoferax aquaticus	2527691	S	306	32	338	0.00003
Schlegelella thermodepolymerans	215580	S	5302	2744	8046	0.00065
Schlegelella brevitalea	413882	S	4307	663	4970	0.00040
Diaphorobacter sp. HDW4A	2714924	S	1152	1041	2193	0.00018
Diaphorobacter sp. HDW4B	2714925	S	1071	146	1217	0.00010
Diaphorobacter sp. JS3051	2792224	S	127	2074	2201	0.00018
Diaphorobacter sp. MNS-0	2866628	S	124	1099	1223	0.00010
Diaphorobacter sp. JS3050	2735554	S	102	1130	1232	0.00010
Diaphorobacter ruginosibacter	1715720	S	1413	279	1692	0.00014
Diaphorobacter aerolatus	1288495	S	1069	1780	2849	0.00023
[Acidovorax] ebreus	721785	S	231	1444	1675	0.00014
Diaphorobacter nitroreducens	164759	S	148	418	566	0.00005
Delftia tsuruhatensis	180282	S	1319	3666	4985	0.00040
Delftia acidovorans	80866	S	1146	2030	3176	0.00026
Delftia lacustris	558537	S	898	5011	5909	0.00048
Delftia sp. Cs1-4	742013	S	156	340	496	0.00004
Delftia sp. HK171	1920191	S	104	260	364	0.00003
Kinneretia sp. DAIF2	2714952	S	4211	1651	5862	0.00048
Kinneretia sp. XES5	2877940	S	1417	2022	3439	0.00028
Polaromonas sp. JS666	296591	S	1795	1758	3553	0.00029
Polaromonas naphthalenivorans	216465	S	1489	252	1741	0.00014
Polaromonas vacuolata	37448	S	177	18	195	0.00002
Ottowia sp. 27C	2816950	S	1788	374	2162	0.00018
Ottowia sp. oral taxon 894	1658672	S	733	111	844	0.00007
Ottowia oryzae	2109914	S	1407	330	1737	0.00014
Alicycliphilus denitrificans	179636	S	3574	6272	9846	0.00080
Melaminivora sp. SC2-9	2109913	S	1637	1889	3526	0.00029
Melaminivora jejuensis	1267217	S	1329	1028	2357	0.00019
Serpentinimonas maccroryi	1458426	S	1126	361	1487	0.00012
Serpentinimonas raichei	1458425	S	1026	367	1393	0.00011
Verminephrobacter eiseniae	364317	S	1655	218	1873	0.00015
Hylemonella gracilis	80880	S	1468	228	1696	0.00014
Pulveribacter suum	2116657	S	1406	798	2204	0.00018
Simplicispira suum	2109915	S	1097	391	1488	0.00012
Limnohabitans sp. 63ED37-2	1678128	S	489	56	545	0.00004
Limnohabitans sp. 103DPR2	1678129	S	195	15	210	0.00002
Curvibacter sp. AEP1-3	1844971	S	500	37	537	0.00004
Candidatus Symbiobacter mobilis	1436290	S	448	15	463	0.00004
Massilia sp. WG5	1707785	S	5506	2430	7936	0.00064
Massilia sp. LPB0304	2769491	S	3106	790	3896	0.00032
Massilia sp. HC52	2852099	S	2707	766	3473	0.00028
Massilia sp. DM-R-R2A-13	2899220	S	2353	530	2883	0.00023
Massilia sp. YMA4	1593482	S	2130	1087	3217	0.00026
Massilia sp. NP310	2861282	S	2120	1386	3506	0.00028
Massilia sp. PAMC28688	2861283	S	1615	247	1862	0.00015
Massilia sp. MB5	2919578	S	321	1170	1491	0.00012
Massilia sp. NR 4-1	1678028	S	301	1060	1361	0.00011
Massilia sp. Se16.2.3	2709303	S	42	1584	1626	0.00013
Massilia sp. Dwa41.01b	2709302	S	38	1419	1457	0.00012
Massilia putida	1141883	S	11969	3789	15758	0.00128
Massilia violaceinigra	2045208	S	3727	1032	4759	0.00039
Massilia flava	871742	S	3507	848	4355	0.00035
Massilia lutea	321985	S	2287	686	2973	0.00024
Massilia albidiflava	321983	S	2192	859	3051	0.00025
Massilia umbonata	864828	S	2168	854	3022	0.00025
Massilia plicata	321984	S	1986	519	2505	0.00020
Massilia armeniaca	2072590	S	1958	1012	2970	0.00024
Massilia oculi	945844	S	1801	1122	2923	0.00024
Massilia antarctica	2765360	S	1625	591	2216	0.00018
Duganella sp. GN2-R2	2728020	S	3462	1382	4844	0.00039
Duganella sp. AF9R3	2728021	S	1666	346	2012	0.00016
Herbaspirillum robiniae	2014887	S	1878	746	2624	0.00021
Herbaspirillum seropedicae	964	S	1382	552	1934	0.00016
Herbaspirillum hiltneri	341045	S	1364	251	1615	0.00013
Herbaspirillum frisingense	92645	S	1312	453	1765	0.00014
Herbaspirillum rubrisubalbicans	80842	S	1185	571	1756	0.00014
Herbaspirillum huttiense	863372	S	922	398	1320	0.00011
Herbaspirillum sp. meg3	2025949	S	730	89	819	0.00007
Janthinobacterium sp. 17J80-10	2497863	S	1227	188	1415	0.00011
Janthinobacterium sp. 1_2014MBL_MicDiv	1644131	S	1055	401	1456	0.00012
Janthinobacterium sp. LM6	1938606	S	545	355	900	0.00007
Janthinobacterium sp. PAMC25594	2861284	S	407	263	670	0.00005
Janthinobacterium sp. Marseille	375286	S	372	102	474	0.00004
Janthinobacterium sp. HH102	1537274	S	215	356	571	0.00005
Janthinobacterium sp. B9-8	1236179	S	104	31	135	0.00001
Janthinobacterium agaricidamnosum	55508	S	1533	2516	4049	0.00033
Janthinobacterium tructae	2590869	S	391	208	599	0.00005
Janthinobacterium lividum	29581	S	379	397	776	0.00006
Janthinobacterium svalbardensis	368607	S	305	158	463	0.00004
Collimonas fungivorans	158899	S	1529	442	1971	0.00016
Collimonas arenae	279058	S	1229	164	1393	0.00011
Collimonas pratensis	279113	S	1094	238	1332	0.00011
Noviherbaspirillum sp. UKPF54	2601898	S	3681	651	4332	0.00035
Undibacterium sp. KW1	2058624	S	183	73	256	0.00002
Undibacterium sp. YM2	2058625	S	141	56	197	0.00002
Undibacterium parvum	401471	S	183	23	206	0.00002
Glaciimonas sp. PAMC28666	2807626	S	229	13	242	0.00002
Herminiimonas arsenitoxidans	1809410	S	227	37	264	0.00002
Oxalobacter formigenes	847	S	169	16	185	0.00002
Achromobacter xylosoxidans	85698	S	5371	9871	15242	0.00124
Achromobacter sp. AONIH1	1758194	S	1807	2633	4440	0.00036
Achromobacter sp. MFA1 R4	1881016	S	1649	542	2191	0.00018
Achromobacter sp. 77	2756133	S	277	750	1027	0.00008
Achromobacter sp. B7	2282475	S	213	542	755	0.00006
Achromobacter sp. ES-001	2860286	S	210	744	954	0.00008
Achromobacter spanius	217203	S	2814	1295	4109	0.00033
Achromobacter denitrificans	32002	S	2782	2224	5006	0.00041
Achromobacter deleyi	1353891	S	1936	1507	3443	0.00028
Achromobacter insolitus	217204	S	1305	395	1700	0.00014
Achromobacter pestifer	1353889	S	1036	756	1792	0.00015
Achromobacter mucicolens	1389922	S	437	731	1168	0.00009
Achromobacter ruhlandii	72557	S	21	1039	1060	0.00009
Bordetella sp. H567	1697043	S	1995	256	2251	0.00018
Bordetella sp. N	1746199	S	1734	220	1954	0.00016
Bordetella bronchialis	463025	S	2919	428	3347	0.00027
Bordetella genomosp. 13	463040	S	2381	1941	4322	0.00035
Bordetella genomosp. 8	1416806	S	2183	284	2467	0.00020
Bordetella genomosp. 9	1416803	S	2128	612	2740	0.00022
Bordetella flabilis	463014	S	2027	185	2212	0.00018
Bordetella hinzii	103855	S	1725	855	2580	0.00021
Bordetella petrii	94624	S	1684	2571	4255	0.00035
Bordetella trematum	123899	S	1222	558	1780	0.00014
Bordetella pseudohinzii	1331258	S	931	479	1410	0.00011
Bordetella bronchiseptica	518	S	920	4412	5332	0.00043
Bordetella holmesii	35814	S	592	170	762	0.00006
Bordetella avium	521	S	582	107	689	0.00006
Bordetella genomosp. 6	463024	S	282	614	896	0.00007
Bordetella pertussis	520	S	185	1719	1904	0.00015
Bordetella parapertussis	519	S	111	1492	1603	0.00013
Pigmentiphaga sp. H8	2488560	S	3570	495	4065	0.00033
Pigmentiphaga aceris	1940612	S	928	67	995	0.00008
Castellaniella defragrans	75697	S	2222	1716	3938	0.00032
Orrella dioscoreae	1851544	S	1866	755	2621	0.00021
Orrella marina	2163011	S	232	39	271	0.00002
Orrella sp. f23	2782176	S	112	7	119	0.00001
Alcaligenes faecalis	511	S	433	397	830	0.00007
Alcaligenes sp. SORT26	2813780	S	116	23	139	0.00001
Alcaligenes sp. DN25	1367435	S	37	89	126	0.00001
Alcaligenes aquatilis	323284	S	75	283	358	0.00003
Pusillimonas thiosulfatoxidans	2028345	S	486	113	599	0.00005
Pusillimonas sp. T7-7	1007105	S	304	53	357	0.00003
Pusillimonas sp. DMV24BSW_D	2716226	S	151	10	161	0.00001
Paralcaligenes sp. KSB-10	2901142	S	616	26	642	0.00005
Kerstersia gyiorum	206506	S	583	138	721	0.00006
Advenella kashmirensis	310575	S	254	13	267	0.00002
Advenella mimigardefordensis	302406	S	239	12	251	0.00002
Oligella ureolytica	90244	S	56	28	84	0.00001
Oligella urethralis	90245	S	53	4	57	0.00000
Paenalcaligenes hominis	643674	S	57	3	60	0.00000
Pelistega ratti	2652177	S	20	2	22	0.00000
Basilea psittacipulmonis	1472345	S	19	1	20	0.00000
Taylorella asinigenitalis	84590	S	10	1	11	0.00000
Rhizobacter sp. AJA081-3	2753607	S	6818	2018	8836	0.00072
Rhizobacter gummiphilus	946333	S	5569	1237	6806	0.00055
Sphaerotilus sp. FB-5	2914710	S	3830	2738	6568	0.00053
Sphaerotilus natans	34103	S	3308	1463	4771	0.00039
Rubrivivax gelatinosus	28068	S	6414	2271	8685	0.00070
Methylibium sp. Pch-M	2082386	S	2161	2165	4326	0.00035
Methylibium petroleiphilum	105560	S	1978	2170	4148	0.00034
Aquincola tertiaricarbonis	391953	S	5122	2048	7170	0.00058
Thiomonas sp. X19	1050370	S	1718	681	2399	0.00019
Thiomonas intermedia	926	S	1149	173	1322	0.00011
Thiomonas arsenitoxydans	426114	S	396	749	1145	0.00009
Leptothrix cholodnii	34029	S	4125	1522	5647	0.00046
Mitsuaria sp. 7	1658665	S	4058	924	4982	0.00040
Ideonella dechloratans	36863	S	2690	1873	4563	0.00037
Xylophilus rhododendri	2697032	S	2618	864	3482	0.00028
Tepidimonas taiwanensis	307486	S	2334	939	3273	0.00027
Aquabacterium olei	1296669	S	1911	573	2484	0.00020
Roseateles depolymerans	76731	S	1905	420	2325	0.00019
Inhella inkyongensis	392593	S	1354	241	1595	0.00013
Paucibacter sp. KCTC 42545	1768242	S	1028	196	1224	0.00010
Candidatus Ichthyocystis hellenicum	1561003	S	28	0	28	0.00000
Sutterella megalosphaeroides	2494234	S	630	102	732	0.00006
Sutterella faecalis	2584944	S	545	76	621	0.00005
Sutterella wadsworthensis	40545	S	231	27	258	0.00002
Turicimonas muris	1796652	S	82	5	87	0.00001
Thauera sp. MZ1T	85643	S	3221	3506	6727	0.00055
Thauera sp. K11	2005884	S	2982	1802	4784	0.00039
Thauera humireducens	1134435	S	1885	1084	2969	0.00024
Thauera chlorobenzoica	96773	S	1460	1399	2859	0.00023
Thauera aromatica	59405	S	1309	1868	3177	0.00026
Thauera hydrothermalis	2184083	S	843	263	1106	0.00009
Azoarcus sp. KH32C	748247	S	3761	718	4479	0.00036
Azoarcus sp. DD4	2027405	S	2198	1567	3765	0.00031
Azoarcus olearius	418699	S	2821	1115	3936	0.00032
Azoarcus communis	41977	S	2048	855	2903	0.00024
Nitrogeniibacter mangrovi	2016596	S	2374	511	2885	0.00023
Nitrogeniibacter aestuarii	2815343	S	1035	114	1149	0.00009
Aromatoleum petrolei	76116	S	3018	800	3818	0.00031
Aromatoleum aromaticum	551760	S	2386	1775	4161	0.00034
Aromatoleum bremense	76115	S	2122	1303	3425	0.00028
Aromatoleum pumilum	2067960	S	1982	726	2708	0.00022
Azospira restricta	404405	S	5326	2954	8280	0.00067
Azospira inquinata	2785627	S	495	42	537	0.00004
Azospira sp. I09	1765049	S	342	1059	1401	0.00011
Azospira oryzae	146939	S	325	814	1139	0.00009
Niveibacterium microcysteis	2811415	S	1872	261	2133	0.00017
Oryzomicrobium terrae	1735038	S	1291	355	1646	0.00013
Rugosibacter aromaticivorans	1565605	S	377	70	447	0.00004
Dechloromonas denitrificans	281362	S	1872	485	2357	0.00019
Dechloromonas sp. HYN0024	2231055	S	535	110	645	0.00005
Dechloromonas sp. TW-R-39-2	2654218	S	301	144	445	0.00004
Ferribacterium limneticum	76259	S	2590	451	3041	0.00025
Quatrionicoccus australiensis	138118	S	1117	345	1462	0.00012
Fluviibacter phosphoraccumulans	1751046	S	148	41	189	0.00002
Usitatibacter rugosus	2732067	S	11238	1356	12594	0.00102
Usitatibacter palustris	2732487	S	8729	1125	9854	0.00080
Nitrosomonas communis	44574	S	6092	114	6206	0.00050
Nitrosomonas ureae	44577	S	290	8	298	0.00002
Nitrosomonas europaea	915	S	147	21	168	0.00001
Nitrosomonas eutropha	916	S	101	50	151	0.00001
Nitrosomonas stercoris	1444684	S	46	25	71	0.00001
Nitrosospira multiformis	1231	S	4962	149	5111	0.00041
Nitrosospira lacus	1288494	S	528	17	545	0.00004
Nitrosospira sp. NRS527	155925	S	248	158	406	0.00003
Nitrosospira briensis	35799	S	226	154	380	0.00003
Denitratisoma sp. DHT3	1981880	S	1772	1460	3232	0.00026
Denitratisoma oestradiolicum	311182	S	895	158	1053	0.00009
Sulfuritalea hydrogenivorans	748811	S	2201	346	2547	0.00021
Methyloversatilis sp. RAC08	1842540	S	1831	258	2089	0.00017
Sterolibacterium denitrificans	157592	S	1409	437	1846	0.00015
Ferrigenium kumadai	1682490	S	2483	511	2994	0.00024
Sideroxydans sp. MIZ01	2764705	S	1230	265	1495	0.00012
Sideroxydans lithotrophicus	63745	S	921	144	1065	0.00009
Ferriphaselus amnicola	1188319	S	502	64	566	0.00005
Candidatus Nitrotoga arctica	453162	S	167	43	210	0.00002
Candidatus Nitrotoga sp. AM1P	2559597	S	121	34	155	0.00001
Gallionella capsiferriformans	370405	S	271	23	294	0.00002
Thiobacillus denitrificans	36861	S	2860	583	3443	0.00028
Sulfuritortus calidifontis	1914471	S	1956	909	2865	0.00023
Sulfurimicrobium lacus	2715678	S	1444	188	1632	0.00013
Sulfuriferula plumbiphila	171865	S	827	153	980	0.00008
Sulfuriferula sp. AH1	1985873	S	359	76	435	0.00004
Sulfuriferula nivalis	2675298	S	60	4	64	0.00001
Sulfuricella denitrificans	649841	S	619	55	674	0.00005
Methylovorus sp. MP688	887061	S	101	98	199	0.00002
Methylovorus glucosotrophus	266009	S	100	88	188	0.00002
Methylobacillus flagellatus	405	S	344	93	437	0.00004
Methylophilus sp. TWE2	1662285	S	78	5	83	0.00001
Methylophilus medardicus	2588534	S	69	6	75	0.00001
Candidatus Methylopumilus turicensis	1581680	S	34	5	39	0.00000
Candidatus Methylopumilus universalis	2588536	S	28	9	37	0.00000
Candidatus Methylopumilus planktonicus	1581557	S	24	8	32	0.00000
Candidatus Methylopumilus rimovensis	2588535	S	16	2	18	0.00000
Methylotenera mobilis	359408	S	69	7	76	0.00001
Methylotenera versatilis	1055487	S	34	4	38	0.00000
Methyloradius palustris	2778876	S	64	5	69	0.00001
Chromobacterium sp. ATCC 53434	2059672	S	1370	484	1854	0.00015
Chromobacterium sp. Rain0013	2292447	S	212	257	469	0.00004
Chromobacterium sp. Beijing	2735795	S	188	524	712	0.00006
Chromobacterium violaceum	536	S	1256	777	2033	0.00017
Chromobacterium vaccinii	1108595	S	1176	518	1694	0.00014
Chromobacterium phragmitis	2202141	S	779	348	1127	0.00009
Chromobacterium paludis	2605945	S	736	297	1033	0.00008
Chromobacterium rhizoryzae	1778675	S	213	1106	1319	0.00011
Chromobacterium haemolyticum	394935	S	141	910	1051	0.00009
Iodobacter fluviatilis	537	S	90	28	118	0.00001
Iodobacter ciconiae	2496266	S	59	16	75	0.00001
Jeongeupia sp. USM3	1906741	S	2007	565	2572	0.00021
Jeongeupia sp. HS-3	1009682	S	813	170	983	0.00008
Paludibacterium paludis	1225769	S	939	182	1121	0.00009
Paludibacterium yongneupense	400061	S	830	116	946	0.00008
Paludibacterium sp. B53371	2806263	S	583	117	700	0.00006
Pseudogulbenkiania sp. NH8B	748280	S	1769	619	2388	0.00019
Vogesella sp. LIG4	1192162	S	1116	316	1432	0.00012
Vogesella sp. XCS3	2877939	S	508	138	646	0.00005
Aquitalea aquatilis	1537400	S	350	109	459	0.00004
Aquitalea sp. USM4	1590041	S	245	130	375	0.00003
Aquitalea magnusonii	332411	S	229	127	356	0.00003
Aquitalea denitrificans	519081	S	228	113	341	0.00003
Microvirgula aerodenitrificans	57480	S	1240	245	1485	0.00012
Laribacter hongkongensis	168471	S	856	719	1575	0.00013
Aquaspirillum sp. LM1	1938604	S	631	96	727	0.00006
Chitinibacter fontanus	1737446	S	110	16	126	0.00001
Chitinibacter bivalviorum	2739434	S	103	73	176	0.00001
Deefgea sp. D25	2865840	S	79	10	89	0.00001
Deefgea sp. D17	2739061	S	61	18	79	0.00001
Deefgea sp. D13	2864875	S	51	12	63	0.00001
Neisseria sp. KEM232	655307	S	222	31	253	0.00002
Neisseria sp. oral taxon 014	641148	S	105	44	149	0.00001
Neisseria sp. ZJ785	2709396	S	53	6	59	0.00000
Neisseria sp. Dent CA1/247	2912675	S	46	20	66	0.00001
Neisseria bacilliformis	267212	S	293	69	362	0.00003
Neisseria shayeganii	607712	S	230	31	261	0.00002
Neisseria chenwenguii	1853278	S	187	20	207	0.00002
Neisseria elongata	495	S	180	83	263	0.00002
Neisseria meningitidis	487	S	169	489	658	0.00005
Neisseria musculi	1815583	S	166	14	180	0.00001
Neisseria dentiae	194197	S	164	18	182	0.00001
Neisseria gonorrhoeae	485	S	126	394	520	0.00004
Neisseria lactamica	486	S	83	91	174	0.00001
Neisseria animalis	492	S	76	10	86	0.00001
Neisseria weaveri	28091	S	76	25	101	0.00001
Neisseria sicca	490	S	59	118	177	0.00001
Neisseria weixii	1853276	S	58	6	64	0.00001
Neisseria animaloris	326522	S	57	11	68	0.00001
Neisseria brasiliensis	2666100	S	54	44	98	0.00001
Neisseria zalophi	640030	S	49	4	53	0.00000
Neisseria canis	493	S	49	11	60	0.00000
Neisseria mucosa	488	S	49	101	150	0.00001
Neisseria dumasiana	1931275	S	39	14	53	0.00000
Neisseria wadsworthii	607711	S	38	7	45	0.00000
Neisseria macacae	496	S	27	57	84	0.00001
Neisseria arctica	1470200	S	25	2	27	0.00000
Neisseria zoodegmatis	326523	S	24	14	38	0.00000
Neisseria subflava	28449	S	16	11	27	0.00000
Neisseria flavescens	484	S	16	11	27	0.00000
Neisseria cinerea	483	S	16	9	25	0.00000
Crenobacter cavernae	2290923	S	2350	786	3136	0.00025
Chitinolyticbacter meiyuanensis	682798	S	1406	181	1587	0.00013
Vitreoscilla filiformis	63	S	617	124	741	0.00006
Vitreoscilla massiliensis	1689272	S	75	38	113	0.00001
Kingella potus	265175	S	193	24	217	0.00002
Kingella denitrificans	502	S	137	80	217	0.00002
Kingella oralis	505	S	121	19	140	0.00001
Kingella kingae	504	S	33	5	38	0.00000
Eikenella corrodens	539	S	241	146	387	0.00003
Eikenella exigua	2528037	S	71	46	117	0.00001
Uruburuella suis	252130	S	234	35	269	0.00002
Uruburuella testudinis	1282863	S	148	27	175	0.00001
Paralysiella testudinis	2809020	S	123	26	149	0.00001
Alysiella filiformis	194196	S	39	13	52	0.00000
Alysiella crassa	153491	S	34	11	45	0.00000
Aquella oligotrophica	2067065	S	65	2	67	0.00001
Neisseriaceae bacterium CCUG 44465	2917790	S	64	9	73	0.00001
Conchiformibius steedae	153493	S	58	9	67	0.00001
Snodgrassella alvi	1196083	S	29	7	36	0.00000
Morococcus cerebrosus	1056807	S	20	106	126	0.00001
Simonsiella muelleri	72	S	13	2	15	0.00000
Casimicrobium huifangae	2591109	S	1565	830	2395	0.00019
Candidatus Kinetoplastibacterium sorsogonicusi	1576550	S	13	5	18	0.00000
Archangium violaceum	83451	S	180392	16223	196615	0.01596
Archangium gephyra	48	S	24735	2393	27128	0.00220
Cystobacter fuscus	43	S	14273	1762	16035	0.00130
Stigmatella aurantiaca	41	S	8588	509	9097	0.00074
Melittangium boletus	83453	S	7854	914	8768	0.00071
Pyxidicoccus sp. SCPEA002	2813578	S	31656	1295	32951	0.00267
Myxococcus xanthus	34	S	9651	25771	35422	0.00287
Myxococcus hansupus	1297742	S	5649	456	6105	0.00050
Myxococcus stipitatus	83455	S	4364	544	4908	0.00040
Myxococcus sp. SCHIC003	2813577	S	3677	456	4133	0.00034
Corallococcus coralloides	184914	S	10336	3687	14023	0.00114
Corallococcus macrosporus	35	S	6519	1121	7640	0.00062
Corallococcus sp. EGB	1521117	S	6008	1977	7985	0.00065
Anaeromyxobacter sp. Red232	2918170	S	14874	1468	16342	0.00133
Anaeromyxobacter sp. Fw109-5	404589	S	11354	1346	12700	0.00103
Anaeromyxobacter sp. Red630	2918171	S	10826	1228	12054	0.00098
Anaeromyxobacter sp. K	447217	S	2521	5204	7725	0.00063
Anaeromyxobacter dehalogenans	161493	S	8200	5901	14101	0.00114
Vulgatibacter incomptus	1391653	S	6620	395	7015	0.00057
Sorangium cellulosum	56	S	112779	10706	123485	0.01002
Polyangium aurulentum	2567896	S	20078	1512	21590	0.00175
Chondromyces crocatus	52	S	9822	352	10174	0.00083
Pajaroellobacter abortibovis	1882918	S	146	3	149	0.00001
Sandaracinus amylolyticus	927083	S	27647	1165	28812	0.00234
Labilithrix luteola	1391654	S	15281	565	15846	0.00129
Haliangium ochraceum	80816	S	12218	550	12768	0.00104
Geomonas sp. RF6	2897342	S	3121	356	3477	0.00028
Geomonas paludis	2740185	S	2118	1051	3169	0.00026
Geomonas nitrogeniifigens	2847991	S	1947	982	2929	0.00024
Geomonas subterranea	2847989	S	1656	753	2409	0.00020
Geomonas oryzisoli	2847992	S	1625	877	2502	0.00020
Geobacter sp. FeAm09	2597769	S	1646	216	1862	0.00015
Geobacter sp. SVR	2495594	S	1180	175	1355	0.00011
Geobacter sp. DSM 9736	1277350	S	748	48	796	0.00006
Geobacter pickeringii	345632	S	1772	434	2206	0.00018
Geobacter sulfurreducens	35554	S	1763	352	2115	0.00017
Geobacter metallireducens	28232	S	1108	255	1363	0.00011
Geobacter benzoatilyticus	2815309	S	704	152	856	0.00007
Citrifermentans bremense	60035	S	1815	696	2511	0.00020
Citrifermentans bemidjiense	225194	S	1579	556	2135	0.00017
Geotalea uraniireducens	351604	S	847	57	904	0.00007
Geotalea daltonii	1203471	S	530	38	568	0.00005
Geoalkalibacter subterraneus	483547	S	674	598	1272	0.00010
Trichlorobacter lovleyi	313985	S	402	53	455	0.00004
Desulfuromonas versatilis	2802975	S	2383	402	2785	0.00023
Desulfuromonas sp. DDH964	1823759	S	1750	316	2066	0.00017
Desulfuromonas sp. AOP6	1566351	S	532	58	590	0.00005
Desulfuromonas soudanensis	1603606	S	1484	161	1645	0.00013
Pelobacter propionicus	29543	S	1004	357	1361	0.00011
Syntrophotalea acetylenica	29542	S	471	82	553	0.00004
Syntrophotalea carbinolica	19	S	401	28	429	0.00003
Syntrophotalea acetylenivorans	1842532	S	255	33	288	0.00002
Desulfovibrio sp. IOR2	2583823	S	720	144	864	0.00007
Desulfovibrio sp. 86	2666132	S	267	64	331	0.00003
Desulfovibrio sp. G11	631220	S	221	168	389	0.00003
Desulfovibrio vulgaris	881	S	968	28	996	0.00008
Desulfovibrio sulfodismutans	63561	S	824	234	1058	0.00009
Desulfovibrio desulfuricans	876	S	684	138	822	0.00007
Desulfovibrio piger	901	S	577	108	685	0.00006
Desulfovibrio fairfieldensis	44742	S	540	48	588	0.00005
Desulfovibrio ferrophilus	241368	S	304	23	327	0.00003
Candidatus Desulfovibrio trichonymphae	1725232	S	126	10	136	0.00001
Pseudodesulfovibrio indicus	1716143	S	1092	239	1331	0.00011
Pseudodesulfovibrio mercurii	641491	S	1087	263	1350	0.00011
Pseudodesulfovibrio aespoeensis	182210	S	757	554	1311	0.00011
Pseudodesulfovibrio cashew	2678688	S	623	119	742	0.00006
Pseudodesulfovibrio sp. SF6	2810563	S	315	28	343	0.00003
Pseudodesulfovibrio sp. zrk46	2725288	S	228	35	263	0.00002
Pseudodesulfovibrio tunisiensis	463192	S	523	51	574	0.00005
Pseudodesulfovibrio profundus	57320	S	148	150	298	0.00002
Pseudodesulfovibrio piezophilus	879567	S	98	12	110	0.00001
Solidesulfovibrio carbinoliphilus	345370	S	1549	196	1745	0.00014
Solidesulfovibrio magneticus	184917	S	671	401	1072	0.00009
Solidesulfovibrio carbinolicus	296842	S	586	474	1060	0.00009
Oceanidesulfovibrio marinus	370038	S	1515	96	1611	0.00013
Desulfocurvibacter africanus	873	S	1071	75	1146	0.00009
Desulfolutivibrio sulfoxidireducens	2773299	S	949	291	1240	0.00010
Megalodesulfovibrio gigas	879	S	826	43	869	0.00007
Oleidesulfovibrio alaskensis	58180	S	250	357	607	0.00005
Maridesulfovibrio salexigens	880	S	81	11	92	0.00001
Maridesulfovibrio hydrothermalis	191026	S	50	7	57	0.00000
Paradesulfovibrio bizertensis	376490	S	131	12	143	0.00001
Lawsonia intracellularis	29546	S	25	0	25	0.00000
Desulfomicrobium baculatum	899	S	687	57	744	0.00006
Desulfomicrobium orale	132132	S	376	100	476	0.00004
Desulfohalobium retbaense	45663	S	294	13	307	0.00002
Desulfosarcina ovata	83564	S	900	42	942	0.00008
Desulfosarcina alkanivorans	571177	S	787	340	1127	0.00009
Desulfosarcina widdelii	947919	S	647	75	722	0.00006
Desulfococcus multivorans	897	S	577	108	685	0.00006
Desulfatibacillum aliphaticivorans	218208	S	494	16	510	0.00004
Desulfoluna sp. ASN36	2810562	S	441	21	462	0.00004
Desulfonema magnum	45655	S	159	3	162	0.00001
Desulfonema limicola	45656	S	58	3	61	0.00001
Desulfobacter hydrogenophilus	2291	S	90	16	106	0.00001
Desulfobacter postgatei	2293	S	79	12	91	0.00001
Desulforapulum autotrophicum	2296	S	161	18	179	0.00001
Desulfobacula toluolica	28223	S	59	4	63	0.00001
Desulfobulbus propionicus	894	S	781	41	822	0.00007
Desulfobulbus oralis	1986146	S	543	118	661	0.00005
Desulfobulbus oligotrophicus	1909699	S	161	137	298	0.00002
Desulfurivibrio alkaliphilus	427923	S	580	24	604	0.00005
Desulfomarina profundi	2772557	S	79	6	85	0.00001
Desulfosudis oleivorans	181663	S	567	34	601	0.00005
Desulfosediminicola ganghwensis	2569540	S	122	13	135	0.00001
Desulfosediminicola flagellatus	2569541	S	77	7	84	0.00001
Desulfotalea psychrophila	84980	S	71	11	82	0.00001
Desulfocapsa sulfexigens	65555	S	32	1	33	0.00000
Persicimonas caeni	2292766	S	4042	113	4155	0.00034
Bradymonas sediminis	1548548	S	1330	85	1415	0.00011
Bradymonadales bacterium V1718	2600177	S	489	22	511	0.00004
Syntrophobacter fumaroxidans	119484	S	1010	416	1426	0.00012
Desulfoglaeba alkanexedens	361111	S	882	36	918	0.00007
Desulfarculus baarsii	453230	S	1666	961	2627	0.00021
Desulfobacca acetoxidans	60893	S	347	7	354	0.00003
Syntrophus aciditrophicus	316277	S	306	14	320	0.00003
Desulfomonile tiedjei	2358	S	278	2	280	0.00002
Dissulfurimicrobium hydrothermale	1750598	S	196	9	205	0.00002
Candidatus Desulfofervidus auxilii	1621989	S	114	1	115	0.00001
Hippea maritima	84405	S	47	1	48	0.00000
Campylobacter gracilis	824	S	114	8	122	0.00001
Campylobacter showae	204	S	97	25	122	0.00001
Campylobacter curvus	200	S	87	9	96	0.00001
Campylobacter sp. 19-13652	2840180	S	19	4	23	0.00000
Campylobacter sp. RM6914	1032243	S	15	3	18	0.00000
Campylobacter concisus	199	S	80	10	90	0.00001
Campylobacter rectus	203	S	63	19	82	0.00001
Campylobacter coli	195	S	19	53	72	0.00001
Candidatus Campylobacter infans	2561898	S	14	1	15	0.00000
Campylobacter fetus	196	S	13	17	30	0.00000
Campylobacter hyointestinalis	198	S	12	7	19	0.00000
Campylobacter hominis	76517	S	12	4	16	0.00000
Campylobacter sputorum	206	S	10	1	11	0.00000
Campylobacter pinnipediorum	1965231	S	10	0	10	0.00000
Campylobacter helveticus	28898	S	10	7	17	0.00000
Sulfurimonas sp. HSL-3221	2894755	S	454	36	490	0.00004
Sulfurimonas sp. B2	2590551	S	10	3	13	0.00000
Sulfurimonas paralvinellae	317658	S	14	8	22	0.00000
Sulfurimonas lithotrophica	2590022	S	13	4	17	0.00000
Sulfuricurvum kujiense	148813	S	50	1	51	0.00000
Helicobacter pylori	210	S	136	232	368	0.00003
Helicobacter sp. NHP19-0012	2849642	S	24	3	27	0.00000
Helicobacter sp. NHP19-0003	2849641	S	21	2	23	0.00000
Helicobacter bizzozeronii	56877	S	22	0	22	0.00000
Helicobacter cinaedi	213	S	18	1	19	0.00000
Helicobacter heilmannii	35817	S	18	1	19	0.00000
Helicobacter cetorum	138563	S	14	0	14	0.00000
Helicobacter himalayensis	1591088	S	13	0	13	0.00000
Helicobacter suis	104628	S	13	0	13	0.00000
Helicobacter mustelae	217	S	12	0	12	0.00000
Helicobacter bilis	37372	S	10	1	11	0.00000
Wolinella succinogenes	844	S	43	3	46	0.00000
Nitratifractor salsuginis	269261	S	242	10	252	0.00002
Sulfurovum sp. NBC37-1	387093	S	33	13	46	0.00000
Sulfurovum sp. HSL1-3	2893889	S	25	4	29	0.00000
Sulfurovum sp. XGS-02	2925411	S	16	1	17	0.00000
Sulfurovum lithotrophicum	206403	S	31	15	46	0.00000
Sulfurovum indicum	2779528	S	22	1	23	0.00000
Hydrogenimonas urashimensis	2740515	S	263	15	278	0.00002
Aliarcobacter cryaerophilus	28198	S	14	15	29	0.00000
Arcobacter sp. FWKO B	2593672	S	12	8	20	0.00000
Malaciobacter molluscorum	1032072	S	11	6	17	0.00000
Pseudoarcobacter acticola	1849015	S	16	17	33	0.00000
Halarcobacter bivalviorum	663364	S	11	4	15	0.00000
Poseidonibacter lekithochrous	1904463	S	13	6	19	0.00000
Sulfurospirillum cavolei	366522	S	46	3	49	0.00000
Sulfurospirillum sp. UCH001	1581011	S	12	16	28	0.00000
Sulfurospirillum multivorans	66821	S	21	18	39	0.00000
Sulfurospirillum halorespirans	194424	S	16	13	29	0.00000
Sulfurospirillum deleyianum	65553	S	12	1	13	0.00000
Sulfurospirillum barnesii	44674	S	10	0	10	0.00000
Nitrosophilus alvini	2714855	S	66	18	84	0.00001
Nitrosophilus labii	2706014	S	27	15	42	0.00000
Nitratiruptor sp. YY09-18	2724901	S	22	18	40	0.00000
Nitratiruptor sp. SB155-2	387092	S	17	21	38	0.00000
Caminibacter mediatlanticus	291048	S	31	16	47	0.00000
Caminibacter pacificus	1424653	S	16	7	23	0.00000
Nautilia profundicola	244787	S	15	11	26	0.00000
Nautilia sp. PV-1	2579250	S	13	8	21	0.00000
Lysobacter sp. TY2-98	2290922	S	3033	473	3506	0.00028
Lysobacter sp. KIS68-7	2904252	S	2569	497	3066	0.00025
Lysobacter sp. 5GHs7-4	2904253	S	1941	594	2535	0.00021
Lysobacter sp. CECT 30171	2822368	S	1741	417	2158	0.00018
Lysobacter sp. S4-A87	2925843	S	1590	523	2113	0.00017
Lysobacter sp. K5869	2820808	S	1497	709	2206	0.00018
Lysobacter sp. CW239	2762611	S	1304	732	2036	0.00017
Lysobacter sp. H21R4	2781021	S	438	782	1220	0.00010
Lysobacter sp. CJ11	2764185	S	360	26	386	0.00003
Lysobacter sp. H23M47	2781024	S	233	1068	1301	0.00011
Lysobacter sp. HDW10	2714936	S	232	53	285	0.00002
Lysobacter lycopersici	1324796	S	5935	1307	7242	0.00059
Lysobacter enzymogenes	69	S	5923	2170	8093	0.00066
Lysobacter solisilvae (ex Woo and Kim 2022)	2865112	S	4017	1220	5237	0.00043
Lysobacter soli	453783	S	3927	846	4773	0.00039
Lysobacter capsici	435897	S	3623	3689	7312	0.00059
Lysobacter solisilvae (ex Kim et al. 2021)	2763317	S	2486	504	2990	0.00024
Lysobacter antibioticus	84531	S	2087	440	2527	0.00021
Lysobacter maris	1605891	S	2067	511	2578	0.00021
Lysobacter arenosi	2795387	S	1582	516	2098	0.00017
Lysobacter oculi	2698682	S	1459	427	1886	0.00015
Lysobacter alkalisoli	2591633	S	1449	266	1715	0.00014
Lysobacter ciconiae	2781022	S	358	621	979	0.00008
Lysobacter gummosus	262324	S	302	2387	2689	0.00022
Lysobacter avium	2781023	S	207	889	1096	0.00009
Xanthomonas translucens	343	S	2602	3486	6088	0.00049
Xanthomonas campestris	339	S	1889	3885	5774	0.00047
Xanthomonas sacchari	56458	S	1510	568	2078	0.00017
Xanthomonas sp. GW	2724121	S	262	390	652	0.00005
Xanthomonas sp. SS	2724122	S	225	388	613	0.00005
Xanthomonas sp. SI	2724123	S	210	364	574	0.00005
Xanthomonas sp. MLO165	2081477	S	62	110	172	0.00001
Xanthomonas arboricola	56448	S	1116	1378	2494	0.00020
Xanthomonas theicola	56464	S	967	346	1313	0.00011
Xanthomonas oryzae	347	S	895	541	1436	0.00012
Xanthomonas citri	346	S	733	4947	5680	0.00046
Xanthomonas hyacinthi	56455	S	653	443	1096	0.00009
Xanthomonas albilineans	29447	S	577	85	662	0.00005
Xanthomonas hortorum	56454	S	558	526	1084	0.00009
Xanthomonas vesicatoria	56460	S	545	303	848	0.00007
Xanthomonas fragariae	48664	S	515	111	626	0.00005
Xanthomonas cucurbitae	56453	S	473	95	568	0.00005
Xanthomonas cassavae	56450	S	416	124	540	0.00004
Xanthomonas vasicola	56459	S	412	164	576	0.00005
Xanthomonas euroxanthea	2259622	S	331	467	798	0.00006
Xanthomonas hydrangeae	2775159	S	261	107	368	0.00003
Xanthomonas axonopodis	53413	S	259	452	711	0.00006
Xanthomonas phaseoli	1985254	S	191	543	734	0.00006
Xanthomonas euvesicatoria	456327	S	131	700	831	0.00007
Xanthomonas perforans	442694	S	20	128	148	0.00001
Stenotrophomonas maltophilia	40324	S	6137	8877	15014	0.00122
Stenotrophomonas sp. ESTM1D_MKCIP4_1	2072414	S	404	170	574	0.00005
Stenotrophomonas sp. SAU14A_NAIMI4_5	2072413	S	378	244	622	0.00005
Stenotrophomonas sp. ZAC14D2_NAIMI4_7	2072405	S	197	218	415	0.00003
Stenotrophomonas sp. ZAC14A_NAIMI4_1	2072412	S	155	297	452	0.00004
Stenotrophomonas sp. YAU14D1_LEIMI4_1	2072407	S	147	259	406	0.00003
Stenotrophomonas sp. ZAC14D2_NAIMI4_6	2072406	S	101	202	303	0.00002
Stenotrophomonas sp. SAU14A_NAIMI4_8	2072409	S	54	314	368	0.00003
Stenotrophomonas sp. YAU14A_MKIMI4_1	2072408	S	39	227	266	0.00002
Stenotrophomonas sp. LM091	1904944	S	813	328	1141	0.00009
Stenotrophomonas sp. 169	2770322	S	722	117	839	0.00007
Stenotrophomonas sp. 364	2691571	S	522	210	732	0.00006
Stenotrophomonas sp. NA06056	2742129	S	277	136	413	0.00003
Stenotrophomonas sp. WZN-1	2005046	S	134	161	295	0.00002
Stenotrophomonas sp. DR822	2871174	S	97	168	265	0.00002
Stenotrophomonas sp. Pemsol	2040586	S	88	285	373	0.00003
Stenotrophomonas sp. pho	2211160	S	62	305	367	0.00003
Stenotrophomonas sp. MYb57	1827305	S	51	230	281	0.00002
Stenotrophomonas sp. ASS1	2282124	S	46	217	263	0.00002
Stenotrophomonas sp. CW117	2775920	S	44	1043	1087	0.00009
Stenotrophomonas sp. NY11291	2939415	S	35	377	412	0.00003
Stenotrophomonas sp. G4	2303750	S	35	163	198	0.00002
Stenotrophomonas sp. SI-NJAU-1	2886359	S	27	129	156	0.00001
Stenotrophomonas sp. SXG-1	2682487	S	16	176	192	0.00002
Stenotrophomonas rhizophila	216778	S	2301	711	3012	0.00024
Stenotrophomonas acidaminiphila	128780	S	1414	3396	4810	0.00039
Stenotrophomonas indicatrix	2045451	S	78	321	399	0.00003
Luteimonas sp. MC1750	2799326	S	1698	635	2333	0.00019
Luteimonas sp. S4-F44	2925842	S	1642	329	1971	0.00016
Luteimonas sp. D4P002	2901869	S	1520	424	1944	0.00016
Luteimonas sp. YGD11-2	2508168	S	1441	646	2087	0.00017
Luteimonas sp. JM171	1896164	S	1423	298	1721	0.00014
Luteimonas sp. MC1572	2799325	S	1408	681	2089	0.00017
Luteimonas sp. MC1825	2761107	S	1357	673	2030	0.00016
Luteimonas granuli	1176533	S	1804	652	2456	0.00020
Luteimonas chenhongjianii	2006110	S	1407	319	1726	0.00014
Luteimonas yindakuii	2565782	S	1312	532	1844	0.00015
Pseudoxanthomonas mexicana	128785	S	4037	4208	8245	0.00067
Pseudoxanthomonas suwonensis	314722	S	3425	1801	5226	0.00042
Pseudoxanthomonas sp. X-1	2571115	S	1788	1750	3538	0.00029
Pseudoxanthomonas sp. F37	2932492	S	15	630	645	0.00005
Pseudoxanthomonas daejeonensis	266062	S	1413	375	1788	0.00015
Pseudoxanthomonas spadix	415229	S	1020	403	1423	0.00012
Thermomonas sp. XSG	2771436	S	1313	602	1915	0.00016
Thermomonas sp. HDW16	2714945	S	877	247	1124	0.00009
Thermomonas brevis	215691	S	1944	815	2759	0.00022
Thermomonas aquatica	2202149	S	1614	819	2433	0.00020
Thermomonas carbonis	1463158	S	1325	292	1617	0.00013
Arenimonas daejeonensis	370777	S	2525	537	3062	0.00025
Pseudolysobacter antarcticus	2511995	S	1507	40	1547	0.00013
Xylella fastidiosa	2371	S	175	54	229	0.00002
Xylella taiwanensis	1444770	S	100	4	104	0.00001
Luteibacter sp. 321	2911537	S	1672	514	2186	0.00018
Luteibacter sp. EIF3	2780091	S	1331	218	1549	0.00013
Luteibacter sp. 335	2911538	S	1097	245	1342	0.00011
Luteibacter sp. 353	2911539	S	1041	326	1367	0.00011
Luteibacter rhizovicinus	242606	S	1359	204	1563	0.00013
Luteibacter pinisoli	2589080	S	1329	377	1706	0.00014
Luteibacter anthropi	564369	S	1037	205	1242	0.00010
Rhodanobacter denitrificans	666685	S	2564	1155	3719	0.00030
Rhodanobacter sp. FDAARGOS 1247	2778082	S	1664	597	2261	0.00018
Rhodanobacter thiooxydans	416169	S	1522	826	2348	0.00019
Rhodanobacter glycinis	582702	S	1187	242	1429	0.00012
Dyella thiooxydans	445710	S	2135	735	2870	0.00023
Dyella japonica	231455	S	1181	415	1596	0.00013
Dyella telluris	2763498	S	1054	328	1382	0.00011
Dyella terrae	522259	S	798	129	927	0.00008
Dyella caseinilytica	1849581	S	719	60	779	0.00006
Dyella sp. M7H15-1	2501295	S	448	50	498	0.00004
Frateuria sp. 5GH9-34	2898793	S	2834	1004	3838	0.00031
Frateuria sp. 5GH9-11	1542730	S	2746	1239	3985	0.00032
Frateuria aurantia	81475	S	614	82	696	0.00006
Dokdonella koreensis	323415	S	4708	871	5579	0.00045
Aerosticca soli	2010829	S	2005	2916	4921	0.00040
Ahniella affigens	2021234	S	950	23	973	0.00008
Pseudomonas sp. LPB0260	2614442	S	1099	209	1308	0.00011
Pseudomonas sp. CC6-YY-74	1930532	S	885	99	984	0.00008
Pseudomonas sp. B11D7D	2735906	S	869	151	1020	0.00008
Pseudomonas sp. ATCC 13867	1294143	S	850	287	1137	0.00009
Pseudomonas sp. SCB32	2653853	S	834	163	997	0.00008
Pseudomonas sp. TCU-HL1	1856685	S	787	104	891	0.00007
Pseudomonas sp. PDNC002	2811422	S	758	157	915	0.00007
Pseudomonas sp. KNUC1026	2893890	S	728	66	794	0.00006
Pseudomonas sp. MSPm1	2726956	S	674	131	805	0.00007
Pseudomonas sp. DY-1	1755504	S	659	78	737	0.00006
Pseudomonas sp. Ost2	2678260	S	643	86	729	0.00006
Pseudomonas sp. ABC1	2748080	S	515	71	586	0.00005
Pseudomonas sp. MTM4	2705472	S	505	86	591	0.00005
Pseudomonas sp. StFLB209	1028989	S	495	119	614	0.00005
Pseudomonas sp. MM211	2866808	S	491	42	533	0.00004
Pseudomonas sp. Pc102	2678261	S	491	229	720	0.00006
Pseudomonas sp. L5B5	2883205	S	442	73	515	0.00004
Pseudomonas sp. 7SR1	1881017	S	429	74	503	0.00004
Pseudomonas sp. p1(2021b)	2874628	S	424	225	649	0.00005
Pseudomonas sp. OIL-1	2706126	S	409	75	484	0.00004
Pseudomonas sp. CMR5c	658630	S	360	94	454	0.00004
Pseudomonas sp. HN2-3	2886360	S	348	71	419	0.00003
Pseudomonas sp. MPC6	2498848	S	332	64	396	0.00003
Pseudomonas sp. gcc21	2726989	S	328	134	462	0.00004
Pseudomonas sp. LAB-08	143813	S	305	51	356	0.00003
Pseudomonas sp. LPH1	1898684	S	292	231	523	0.00004
Pseudomonas sp. Marseille-Q3773	2866592	S	291	87	378	0.00003
Pseudomonas sp. HLS-6	2049589	S	279	75	354	0.00003
Pseudomonas sp. URMO17WK12:I11	1283291	S	260	153	413	0.00003
Pseudomonas sp. 15A4	2804761	S	247	55	302	0.00002
Pseudomonas sp. Leaf58	1736226	S	243	42	285	0.00002
Pseudomonas sp. RtIB026	2749999	S	242	130	372	0.00003
Pseudomonas sp. DG56-2	2320270	S	238	24	262	0.00002
Pseudomonas sp. 2hn	2866626	S	227	140	367	0.00003
Pseudomonas sp. ADAK13	2730847	S	226	47	273	0.00002
Pseudomonas sp. Tri1	2823875	S	225	47	272	0.00002
Pseudomonas sp. S34	1573718	S	222	48	270	0.00002
Pseudomonas sp. S09G 359	2054919	S	220	48	268	0.00002
Pseudomonas sp. DTU12.3	2073078	S	218	50	268	0.00002
Pseudomonas sp. MM213	2866807	S	212	41	253	0.00002
Pseudomonas sp. S35	1573719	S	210	52	262	0.00002
Pseudomonas sp. Seg1	2678259	S	209	43	252	0.00002
Pseudomonas sp. NIBR-H-19	2901380	S	207	41	248	0.00002
Pseudomonas sp. ADPe	2774873	S	204	468	672	0.00005
Pseudomonas sp. phDV1	253237	S	201	686	887	0.00007
Pseudomonas sp. DR48	2871095	S	201	101	302	0.00002
Pseudomonas sp. 31-12	2201356	S	200	46	246	0.00002
Pseudomonas sp. R5-89-07	658644	S	200	58	258	0.00002
Pseudomonas sp. M1	95619	S	189	419	608	0.00005
Pseudomonas sp. HS6	2850559	S	187	44	231	0.00002
Pseudomonas sp. OE 28.3	2745519	S	174	37	211	0.00002
Pseudomonas sp. RC3H12	2834406	S	163	91	254	0.00002
Pseudomonas sp. DNDY-54	2870860	S	162	69	231	0.00002
Pseudomonas sp. R2A2	2213057	S	162	169	331	0.00003
Pseudomonas sp. PP3	2815936	S	161	51	212	0.00002
Pseudomonas sp. NS1(2017)	2025658	S	158	36	194	0.00002
Pseudomonas sp. LG1E9	2219057	S	157	42	199	0.00002
Pseudomonas sp. LS.1a	2920387	S	156	60	216	0.00002
Pseudomonas sp. ACM7	2052956	S	155	24	179	0.00001
Pseudomonas sp. M30-35	1981174	S	153	8	161	0.00001
Pseudomonas sp. ADAK18	2730848	S	152	23	175	0.00001
Pseudomonas sp. SK3(2021)	2841064	S	146	82	228	0.00002
Pseudomonas sp. CCOS 191	1649877	S	145	110	255	0.00002
Pseudomonas sp. HN11	1344094	S	144	29	173	0.00001
Pseudomonas sp. UW4	1207075	S	132	76	208	0.00002
Pseudomonas sp. SDM007	2812000	S	131	79	210	0.00002
Pseudomonas sp. HS-18	2879114	S	129	235	364	0.00003
Pseudomonas sp. St316	2678257	S	125	36	161	0.00001
Pseudomonas sp. NIBRBAC000502773	2590776	S	125	55	180	0.00001
Pseudomonas sp. R84	1573712	S	124	54	178	0.00001
Pseudomonas sp. 14181154	2662033	S	123	127	250	0.00002
Pseudomonas sp. MRSN12121	1611770	S	116	148	264	0.00002
Pseudomonas sp. SCA2728.1_7	2825975	S	114	58	172	0.00001
Pseudomonas sp. FIT81	2837969	S	109	56	165	0.00001
Pseudomonas sp. IzPS59	2774459	S	108	45	153	0.00001
Pseudomonas sp. CYM-20-01	2870750	S	107	46	153	0.00001
Pseudomonas sp. SK	2729423	S	105	79	184	0.00002
Pseudomonas sp. BIGb0427	2724470	S	99	226	325	0.00003
Pseudomonas sp. AO-1	2855434	S	96	91	187	0.00002
Pseudomonas sp. R76	1573711	S	93	40	133	0.00001
Pseudomonas sp. 02C 26	2054914	S	92	208	300	0.00002
Pseudomonas sp. Z003-0.4C(8344-21)	1855380	S	90	55	145	0.00001
Pseudomonas sp. SORT22	2813842	S	87	211	298	0.00002
Pseudomonas sp. RBPA9	2746321	S	86	159	245	0.00002
Pseudomonas sp. 3-2	2867408	S	83	101	184	0.00002
Pseudomonas sp. LTJR-52	2479392	S	83	24	107	0.00001
Pseudomonas sp. FGI182	1259844	S	82	80	162	0.00001
Pseudomonas sp. B10	118613	S	78	49	127	0.00001
Pseudomonas sp. S07E 245	2866278	S	75	180	255	0.00002
Pseudomonas sp. Cab53	2678258	S	71	96	167	0.00001
Pseudomonas sp. BIOMIG1BAC	1758730	S	71	215	286	0.00002
Pseudomonas sp. J380	2605424	S	70	84	154	0.00001
Pseudomonas sp. LBUM920	2126069	S	69	174	243	0.00002
Pseudomonas sp. MPFS	2795724	S	69	105	174	0.00001
Pseudomonas sp. THAF7b	2587845	S	68	126	194	0.00002
Pseudomonas sp. FDAARGOS_380	2018067	S	65	45	110	0.00001
Pseudomonas sp. 09C 129	2054915	S	65	68	133	0.00001
Pseudomonas sp. Y5-11	2749808	S	64	201	265	0.00002
Pseudomonas sp. HN2	2884805	S	59	44	103	0.00001
Pseudomonas sp. DR 5-09	1534110	S	58	74	132	0.00001
Pseudomonas sp. PONIH3	1636610	S	55	309	364	0.00003
Pseudomonas sp. GR 6-02	1659194	S	55	132	187	0.00002
Pseudomonas sp. AN-B15	2697023	S	53	149	202	0.00002
Pseudomonas sp. ArH3a	2862945	S	53	133	186	0.00002
Pseudomonas sp. SC3(2021)	2871493	S	52	48	100	0.00001
Pseudomonas sp. MYb193	1827300	S	49	50	99	0.00001
Pseudomonas sp. C27(2019)	2604941	S	48	7	55	0.00000
Pseudomonas sp. ATCC 43928	676210	S	47	114	161	0.00001
Pseudomonas sp. RU47	2005388	S	46	118	164	0.00001
Pseudomonas sp. S150	2559074	S	45	60	105	0.00001
Pseudomonas sp. ADAK22	2730851	S	44	112	156	0.00001
Pseudomonas sp. R3-18-08	1173283	S	39	114	153	0.00001
Pseudomonas sp. St29	1500687	S	38	154	192	0.00002
Pseudomonas sp. S49	1573720	S	37	95	132	0.00001
Pseudomonas sp. 7-41	2898483	S	35	132	167	0.00001
Pseudomonas sp. Os17	1500686	S	34	168	202	0.00002
Pseudomonas sp. SWI44	2083053	S	33	281	314	0.00003
Pseudomonas sp. R4-39-08	1173288	S	32	188	220	0.00002
Pseudomonas sp. SXM-1	2169583	S	31	83	114	0.00001
Pseudomonas sp. A2	107445	S	31	170	201	0.00002
Pseudomonas sp. BC42	2933816	S	31	153	184	0.00001
Pseudomonas sp. R2-37-08W	1173273	S	30	142	172	0.00001
Pseudomonas sp. LG1D9	2083054	S	30	112	142	0.00001
Pseudomonas sp. CFSAN084952	2664899	S	28	70	98	0.00001
Pseudomonas sp. Colony2	2861799	S	27	99	126	0.00001
Pseudomonas sp. CFA	2651048	S	27	117	144	0.00001
Pseudomonas sp. IAC-BECa141	2793103	S	27	47	74	0.00001
Pseudomonas sp. DTU12.1	2654238	S	26	103	129	0.00001
Pseudomonas sp. DR208	2870840	S	26	53	79	0.00001
Pseudomonas sp. Y39-6	2749807	S	26	71	97	0.00001
Pseudomonas sp. BJP69	2597770	S	24	126	150	0.00001
Pseudomonas sp. XWY-1	2069256	S	24	125	149	0.00001
Pseudomonas sp. R4-35-07	658643	S	23	155	178	0.00001
Pseudomonas sp. R32	1573704	S	23	50	73	0.00001
Pseudomonas sp. NC02	2067572	S	21	60	81	0.00001
Pseudomonas sp. R4-34-07	658642	S	21	121	142	0.00001
Pseudomonas sp. R11-23-07	658632	S	21	188	209	0.00002
Pseudomonas sp. CIP-10	2892442	S	21	163	184	0.00001
Pseudomonas sp. SWI36	2083052	S	20	49	69	0.00001
Pseudomonas sp. HN8-3	2886361	S	20	33	53	0.00000
Pseudomonas sp. R1-43-08	1173270	S	20	118	138	0.00001
Pseudomonas sp. PS1(2021)	2866282	S	20	582	602	0.00005
Pseudomonas sp. IB20	1702250	S	20	116	136	0.00001
Pseudomonas sp. MPDS	2762896	S	19	68	87	0.00001
Pseudomonas sp. LH1G9	2083055	S	19	55	74	0.00001
Pseudomonas sp. R3-52-08	1173284	S	19	115	134	0.00001
Pseudomonas sp. BYT-1	2816906	S	19	141	160	0.00001
Pseudomonas sp. TKP	1415630	S	18	52	70	0.00001
Pseudomonas sp. B14-6	2738843	S	17	39	56	0.00000
Pseudomonas sp. A214	1855331	S	17	44	61	0.00000
Pseudomonas sp. Eqa60	2799184	S	17	81	98	0.00001
Pseudomonas sp. R2-60-08W	1173280	S	16	112	128	0.00001
Pseudomonas sp. I3-I5	2926671	S	15	50	65	0.00001
Pseudomonas sp. St290	1602166	S	15	48	63	0.00001
Pseudomonas sp. So3.2b	2864101	S	15	40	55	0.00000
Pseudomonas sp. R2-7-07	658641	S	14	132	146	0.00001
Pseudomonas sp. SW-3	147212	S	14	44	58	0.00000
Pseudomonas sp. SWI7	2587597	S	13	71	84	0.00001
Pseudomonas sp. KBS0802	2578115	S	12	3775	3787	0.00031
Pseudomonas sp. VLB120	69328	S	12	170	182	0.00001
Pseudomonas sp. St386	2678256	S	12	82	94	0.00001
Pseudomonas sp. OST1909	2777367	S	11	28	39	0.00000
Pseudomonas sp. SWI6	2083051	S	11	185	196	0.00002
Pseudomonas sp. JY-Q	1338689	S	10	65	75	0.00001
Pseudomonas sp. SK2	2841063	S	10	182	192	0.00002
Pseudomonas furukawaii	1149133	S	11726	3421	15147	0.00123
Pseudomonas oleovorans	301	S	485	1582	2067	0.00017
Pseudomonas mendocina	300	S	7635	2521	10156	0.00082
Pseudomonas aeruginosa	287	S	5208	61555	66763	0.00542
Pseudomonas alcaligenes	43263	S	2639	1680	4319	0.00035
Pseudomonas resinovorans	53412	S	1228	248	1476	0.00012
Pseudomonas multiresinivorans	95301	S	499	139	638	0.00005
Pseudomonas nitroreducens	46680	S	134	258	392	0.00003
Pseudomonas citronellolis	53408	S	523	658	1181	0.00010
Pseudomonas fluorescens	294	S	4340	2968	7308	0.00059
Pseudomonas protegens	380021	S	1058	4681	5739	0.00047
Pseudomonas orientalis	76758	S	758	178	936	0.00008
Pseudomonas azotoformans	47878	S	573	188	761	0.00006
Pseudomonas synxantha	47883	S	502	294	796	0.00006
Pseudomonas poae	200451	S	395	171	566	0.00005
Pseudomonas rhodesiae	76760	S	372	137	509	0.00004
Pseudomonas mediterranea	183795	S	331	74	405	0.00003
Pseudomonas trivialis	200450	S	325	100	425	0.00003
Pseudomonas tolaasii	29442	S	323	52	375	0.00003
Pseudomonas corrugata	47879	S	279	53	332	0.00003
Pseudomonas cedrina	651740	S	259	58	317	0.00003
Pseudomonas migulae	78543	S	243	102	345	0.00003
Pseudomonas mucidolens	46679	S	198	25	223	0.00002
Pseudomonas congelans	200452	S	187	45	232	0.00002
Pseudomonas veronii	76761	S	139	304	443	0.00004
Pseudomonas brenneri	129817	S	139	41	180	0.00001
Pseudomonas libanensis	75588	S	117	112	229	0.00002
Pseudomonas mandelii	75612	S	97	209	306	0.00002
Pseudomonas ogarae	1114970	S	87	52	139	0.00001
Pseudomonas extremorientalis	169669	S	20	37	57	0.00000
Pseudomonas putida	303	S	5663	6024	11687	0.00095
Pseudomonas oryzihabitans	47885	S	1819	346	2165	0.00018
Pseudomonas fulva	47880	S	1187	2552	3739	0.00030
Pseudomonas plecoglossicida	70775	S	362	257	619	0.00005
Pseudomonas mosselii	78327	S	211	370	581	0.00005
Pseudomonas monteilii	76759	S	210	494	704	0.00006
Pseudomonas sp. SGAir0191	2217867	S	104	53	157	0.00001
Pseudomonas stutzeri	316	S	7343	4400	11743	0.00095
Pseudomonas chloritidismutans	203192	S	92	110	202	0.00002
Pseudomonas balearica	74829	S	1292	1625	2917	0.00024
Pseudomonas xanthomarina	271420	S	393	57	450	0.00004
Pseudomonas luteola	47886	S	96	37	133	0.00001
Pseudomonas syringae	317	S	1330	1295	2625	0.00021
Pseudomonas viridiflava	33069	S	874	93	967	0.00008
Pseudomonas cichorii	36746	S	509	41	550	0.00004
Pseudomonas asturiensis	1190415	S	311	27	338	0.00003
Pseudomonas amygdali	47877	S	125	467	592	0.00005
Pseudomonas savastanoi	29438	S	71	341	412	0.00003
Pseudomonas syringae group genomosp. 7	251699	S	255	21	276	0.00002
Pseudomonas avellanae	46257	S	194	156	350	0.00003
Pseudomonas fuscovaginae	50340	S	156	73	229	0.00002
Pseudomonas syringae group genomosp. 3	251701	S	44	1240	1284	0.00010
Pseudomonas coronafaciens	53409	S	41	57	98	0.00001
Pseudomonas sp. Lz4W	1206777	S	33	46	79	0.00001
Pseudomonas tremae	200454	S	15	18	33	0.00000
Pseudomonas chlororaphis	587753	S	2621	2107	4728	0.00038
Pseudomonas lundensis	86185	S	306	35	341	0.00003
Pseudomonas fragi	296	S	179	120	299	0.00002
Pseudomonas otitidis	319939	S	1794	378	2172	0.00018
Pseudomonas oryzae	1392877	S	1683	513	2196	0.00018
Pseudomonas knackmussii	65741	S	1668	1431	3099	0.00025
Pseudomonas psychrotolerans	237610	S	1622	321	1943	0.00016
Pseudomonas cavernae	2320867	S	1251	188	1439	0.00012
Pseudomonas entomophila	312306	S	1174	429	1603	0.00013
Pseudomonas lalkuanensis	2604832	S	1115	192	1307	0.00011
Pseudomonas guangdongensis	1245526	S	1070	330	1400	0.00011
Pseudomonas campi	2731681	S	926	122	1048	0.00009
Pseudomonas qingdaonensis	2056231	S	670	128	798	0.00006
Pseudomonas vanderleydeniana	2745495	S	658	81	739	0.00006
Pseudomonas wenzhouensis	2906062	S	636	221	857	0.00007
Pseudomonas parafulva	157782	S	621	150	771	0.00006
Pseudomonas eucalypticola	2599595	S	606	72	678	0.00006
Pseudomonas nanhaiensis	2830842	S	563	61	624	0.00005
Pseudomonas argentinensis	289370	S	553	111	664	0.00005
Pseudomonas cremoricolorata	157783	S	504	69	573	0.00005
Pseudomonas rhizosphaerae	216142	S	482	55	537	0.00004
Pseudomonas frederiksbergensis	104087	S	481	115	596	0.00005
Pseudomonas sediminis	1691904	S	474	113	587	0.00005
Pseudomonas alkylphenolica	237609	S	468	85	553	0.00004
Pseudomonas tohonis	2725477	S	463	314	777	0.00006
Pseudomonas brassicacearum	930166	S	451	636	1087	0.00009
Pseudomonas alcaliphila	101564	S	447	426	873	0.00007
Pseudomonas pohangensis	364197	S	425	29	454	0.00004
Pseudomonas saudiphocaensis	1499686	S	419	73	492	0.00004
Pseudomonas toyotomiensis	554344	S	416	308	724	0.00006
Pseudomonas yamanorum	515393	S	414	74	488	0.00004
Pseudomonas muyukensis	2842357	S	402	102	504	0.00004
Pseudomonas palleroniana	191390	S	396	52	448	0.00004
Pseudomonas umsongensis	198618	S	395	54	449	0.00004
Pseudomonas zhaodongensis	1176257	S	389	152	541	0.00004
Pseudomonas khazarica	2502979	S	373	366	739	0.00006
Pseudomonas alvandae	2842348	S	370	49	419	0.00003
Pseudomonas xantholysinigenes	2745490	S	369	86	455	0.00004
Pseudomonas phragmitis	1931241	S	365	27	392	0.00003
Pseudomonas chengduensis	489632	S	359	657	1016	0.00008
Pseudomonas antarctica	219572	S	333	68	401	0.00003
Pseudomonas koreensis	198620	S	326	102	428	0.00003
Pseudomonas vancouverensis	95300	S	313	42	355	0.00003
Pseudomonas xanthosomae	2842356	S	298	79	377	0.00003
Pseudomonas tructae	2518644	S	288	44	332	0.00003
Pseudomonas extremaustralis	359110	S	285	52	337	0.00003
Pseudomonas marincola	437900	S	281	40	321	0.00003
Pseudomonas fakonensis	2842355	S	281	74	355	0.00003
Pseudomonas prosekii	1148509	S	277	38	315	0.00003
Pseudomonas arsenicoxydans	702115	S	272	45	317	0.00003
Pseudomonas granadensis	1421430	S	272	102	374	0.00003
Pseudomonas silesiensis	1853130	S	268	47	315	0.00003
Pseudomonas sihuiensis	1274359	S	266	294	560	0.00005
Pseudomonas hamedanensis	2745504	S	262	39	301	0.00002
Pseudomonas promysalinigenes	485898	S	258	35	293	0.00002
Pseudomonas thivervalensis	86265	S	256	43	299	0.00002
Pseudomonas agarici	46677	S	254	10	264	0.00002
Pseudomonas asgharzadehiana	2842349	S	240	46	286	0.00002
Pseudomonas graminis	158627	S	220	49	269	0.00002
Pseudomonas lurida	244566	S	219	40	259	0.00002
Pseudomonas simiae	321846	S	217	44	261	0.00002
Pseudomonas viciae	2505979	S	195	38	233	0.00002
Pseudomonas taetrolens	47884	S	193	21	214	0.00002
Pseudomonas lini	163011	S	188	30	218	0.00002
Pseudomonas reinekei	395598	S	183	42	225	0.00002
Pseudomonas maumuensis	2842354	S	183	72	255	0.00002
Pseudomonas allokribbensis	2774460	S	180	56	236	0.00002
Pseudomonas versuta	1788301	S	176	24	200	0.00002
Pseudomonas kribbensis	1628086	S	163	121	284	0.00002
Pseudomonas oryziphila	2894079	S	156	99	255	0.00002
Pseudomonas asplenii	53407	S	152	74	226	0.00002
Pseudomonas psychrophila	122355	S	150	18	168	0.00001
Pseudomonas tritici	2745518	S	122	30	152	0.00001
Pseudomonas gozinkensis	2774461	S	119	44	163	0.00001
Pseudomonas moraviensis	321662	S	115	140	255	0.00002
Pseudomonas zeae	2745510	S	112	44	156	0.00001
Pseudomonas kunmingensis	1211807	S	103	129	232	0.00002
Pseudomonas tensinigenes	2745511	S	101	45	146	0.00001
Pseudomonas iranensis	2745503	S	97	57	154	0.00001
Pseudomonas germanica	2815720	S	96	41	137	0.00001
Pseudomonas anuradhapurensis	485870	S	93	66	159	0.00001
Pseudomonas azerbaijanoriens	2842350	S	85	44	129	0.00001
Pseudomonas atacamensis	2565368	S	84	63	147	0.00001
Pseudomonas zarinae	2745498	S	77	45	122	0.00001
Pseudomonas juntendi	2666183	S	57	463	520	0.00004
Pseudomonas monsensis	2745509	S	55	45	100	0.00001
Pseudomonas salmasensis	2745514	S	53	27	80	0.00001
Pseudomonas soli	1306993	S	49	168	217	0.00002
Pseudomonas lactis	1615674	S	48	27	75	0.00001
Pseudomonas asiatica	2219225	S	48	208	256	0.00002
Pseudomonas sessilinigenes	658629	S	43	84	127	0.00001
Pseudomonas donghuensis	1163398	S	40	87	127	0.00001
Pseudomonas bijieensis	2681983	S	35	100	135	0.00001
Pseudomonas glycinae	1785145	S	31	42	73	0.00001
Pseudomonas cerasi	1583341	S	27	43	70	0.00001
Candidatus Pseudomonas adelgestsugas	1302376	S	17	0	17	0.00000
Pseudomonas rhizophila	2045200	S	16	31	47	0.00000
Pseudomonas taiwanensis	470150	S	12	114	126	0.00001
Pseudomonas shahriarae	2745512	S	11	32	43	0.00000
Azotobacter chroococcum	353	S	1371	866	2237	0.00018
Azotobacter vinelandii	354	S	956	0	956	0.00008
Azotobacter salinestris	69964	S	787	430	1217	0.00010
Halopseudomonas xinjiangensis	487184	S	426	40	466	0.00004
Halopseudomonas aestusnigri	857252	S	364	249	613	0.00005
Halopseudomonas sp. RR6	2918528	S	346	50	396	0.00003
Halopseudomonas sabulinigri	472181	S	339	29	368	0.00003
Halopseudomonas litoralis	797277	S	275	66	341	0.00003
Halopseudomonas salegens	1434072	S	219	15	234	0.00002
Permianibacter aggregans	1510150	S	408	10	418	0.00003
Thiopseudomonas alkaliphila	1697053	S	47	9	56	0.00000
Entomomonas sp. F2A	2785331	S	22	1	23	0.00000
Entomomonas moraniae	2213226	S	14	0	14	0.00000
Marinobacter sp. CA1	2817656	S	454	34	488	0.00004
Marinobacter sp. Arc7-DN-1	2304594	S	293	42	335	0.00003
Marinobacter sp. NP-4(2019)	2488665	S	260	51	311	0.00003
Marinobacter sp. LPB0319	2769486	S	256	16	272	0.00002
Marinobacter sp. LV10R510-11A	1415568	S	143	6	149	0.00001
Marinobacter sp. LQ44	1749259	S	130	205	335	0.00003
Marinobacter sp. CP1	1671721	S	94	191	285	0.00002
Marinobacter sp. JH2	2547598	S	93	25	118	0.00001
Marinobacter sp. es.042	1761794	S	92	95	187	0.00002
Marinobacter sp. BSs20148	490759	S	79	52	131	0.00001
Marinobacter fonticola	2603215	S	394	20	414	0.00003
Marinobacter salarius	1420917	S	327	45	372	0.00003
Marinobacter nauticus	2743	S	305	98	403	0.00003
Marinobacter salsuginis	418719	S	241	36	277	0.00002
Marinobacter similis	1420916	S	241	21	262	0.00002
Marinobacter salinus	1874317	S	217	14	231	0.00002
Marinobacter adhaerens	1033846	S	75	146	221	0.00002
Marinobacter psychrophilus	330734	S	41	27	68	0.00001
Klebsiella pneumoniae	573	S	659	26806	27465	0.00223
Klebsiella quasipneumoniae	1463165	S	453	1515	1968	0.00016
Klebsiella oxytoca	571	S	293	174	467	0.00004
Klebsiella aerogenes	548	S	268	134	402	0.00003
Klebsiella sp. A52	2834819	S	20	241	261	0.00002
Klebsiella michiganensis	1134687	S	163	576	739	0.00006
Klebsiella variicola	244366	S	150	466	616	0.00005
Klebsiella quasivariicola	2026240	S	84	84	168	0.00001
Klebsiella huaxiensis	2153354	S	71	55	126	0.00001
Klebsiella africana	2489010	S	51	27	78	0.00001
Klebsiella grimontii	2058152	S	48	283	331	0.00003
Raoultella sp. HC6	2923366	S	190	131	321	0.00003
Raoultella planticola	575	S	144	142	286	0.00002
Raoultella ornithinolytica	54291	S	87	723	810	0.00007
Raoultella terrigena	577	S	54	121	175	0.00001
Raoultella electrica	1259973	S	26	69	95	0.00001
Enterobacter cloacae	550	S	690	1035	1725	0.00014
Enterobacter hormaechei	158836	S	221	3413	3634	0.00029
Enterobacter cancerogenus	69218	S	214	67	281	0.00002
Enterobacter asburiae	61645	S	185	815	1000	0.00008
Enterobacter roggenkampii	1812935	S	127	507	634	0.00005
Enterobacter chengduensis	2494701	S	97	63	160	0.00001
Enterobacter ludwigii	299767	S	77	189	266	0.00002
Enterobacter chuandaensis	2497875	S	67	41	108	0.00001
Enterobacter sp. BIDMC 29	1329841	S	18	64	82	0.00001
Enterobacter cloacae complex sp.	2027919	S	15	373	388	0.00003
Enterobacter kobei	208224	S	44	457	501	0.00004
Enterobacter sichuanensis	2071710	S	40	38	78	0.00001
Enterobacter sp. SA187	1914861	S	196	34	230	0.00002
Enterobacter sp. JUb54	2724468	S	184	35	219	0.00002
Enterobacter sp. E76	2596949	S	90	183	273	0.00002
Enterobacter sp. RHBSTW-00994	2742676	S	76	17	93	0.00001
Enterobacter sp. Colony194	2866201	S	64	86	150	0.00001
Enterobacter sp. RHBSTW-00175	2742639	S	53	48	101	0.00001
Enterobacter sp. JBIWA008	2831892	S	35	22	57	0.00000
Enterobacter sp. SGAir0187	2836161	S	25	29	54	0.00000
Enterobacter sp. JBIWA003	2831890	S	23	31	54	0.00000
Enterobacter sp. SES19	2705458	S	18	19	37	0.00000
Enterobacter sp. JBIWA005	2831891	S	16	31	47	0.00000
Enterobacter huaxiensis	2494702	S	125	34	159	0.00001
Enterobacter bugandensis	881260	S	79	137	216	0.00002
Enterobacter oligotrophicus	2478464	S	78	22	100	0.00001
Enterobacter mori	539813	S	72	91	163	0.00001
Enterobacter soli	885040	S	51	12	63	0.00001
Citrobacter freundii	546	S	204	914	1118	0.00009
Citrobacter braakii	57706	S	34	291	325	0.00003
Citrobacter werkmanii	67827	S	31	74	105	0.00001
Citrobacter sedlakii	67826	S	30	88	118	0.00001
Citrobacter portucalensis	1639133	S	30	306	336	0.00003
Citrobacter freundii complex sp. CFNIH2	2066049	S	23	27	50	0.00000
Citrobacter sp. R56	1573676	S	81	23	104	0.00001
Citrobacter sp. RHB25-C09	2742624	S	76	21	97	0.00001
Citrobacter sp. BDA59-3	2781952	S	21	9	30	0.00000
Citrobacter sp. MGH 55	1439319	S	10	53	63	0.00001
Citrobacter rodentium	67825	S	191	0	191	0.00002
Citrobacter farmeri	67824	S	126	57	183	0.00001
Citrobacter amalonaticus	35703	S	93	467	560	0.00005
Citrobacter koseri	545	S	61	85	146	0.00001
Citrobacter tructae	2562449	S	51	20	71	0.00001
Citrobacter pasteurii	1563222	S	39	34	73	0.00001
Citrobacter arsenatis	2546350	S	26	9	35	0.00000
Citrobacter cronae	1748967	S	17	143	160	0.00001
Cronobacter sakazakii	28141	S	272	278	550	0.00004
Cronobacter dublinensis	413497	S	226	82	308	0.00003
Cronobacter condimenti	1163710	S	168	47	215	0.00002
Cronobacter universalis	535744	S	135	100	235	0.00002
Cronobacter malonaticus	413503	S	80	119	199	0.00002
Cronobacter sp. JZ38	1906275	S	46	141	187	0.00002
Cronobacter muytjensii	413501	S	30	120	150	0.00001
Leclercia adecarboxylata	83655	S	411	750	1161	0.00009
Leclercia sp. 29361	2714951	S	117	46	163	0.00001
Leclercia sp. J807	2681307	S	26	45	71	0.00001
Leclercia sp. G3L	2898725	S	23	108	131	0.00001
Leclercia sp. W6	2282310	S	17	36	53	0.00000
Leclercia sp. W17	2282309	S	16	49	65	0.00001
Leclercia sp. 119287	2681308	S	13	41	54	0.00000
Leclercia pneumoniae	2815358	S	121	44	165	0.00001
Kosakonia sp. SMBL-WEM22	2725560	S	99	43	142	0.00001
Kosakonia sp. CCTCC M2018092	2492396	S	67	65	132	0.00001
Kosakonia sp. MUSA4	2067958	S	60	32	92	0.00001
Kosakonia cowanii	208223	S	225	166	391	0.00003
Kosakonia sacchari	1158459	S	183	89	272	0.00002
Kosakonia pseudosacchari	1646340	S	77	41	118	0.00001
Kosakonia oryzae	497725	S	74	54	128	0.00001
Kosakonia arachidis	551989	S	63	17	80	0.00001
Kosakonia radicincitans	283686	S	59	41	100	0.00001
Salmonella enterica	28901	S	771	27451	28222	0.00229
Salmonella bongori	54736	S	75	39	114	0.00001
Pluralibacter gergoviae	61647	S	582	145	727	0.00006
[Enterobacter] lignolyticus	1334193	S	307	74	381	0.00003
Cedecea neteri	158822	S	467	97	564	0.00005
Cedecea lapagei	158823	S	119	31	150	0.00001
Cedecea sp. FDAARGOS_727	2545798	S	95	19	114	0.00001
Escherichia coli	562	S	459	12939	13398	0.00109
Escherichia albertii	208962	S	72	47	119	0.00001
Escherichia marmotae	1499973	S	43	19	62	0.00001
Escherichia fergusonii	564	S	41	50	91	0.00001
Escherichia sp. E4742	2044467	S	19	10	29	0.00000
Lelliottia amnigena	61646	S	311	82	393	0.00003
Lelliottia sp. WB101	2153385	S	61	70	131	0.00001
Lelliottia sp. AC1	2067959	S	40	39	79	0.00001
Kluyvera ascorbata	51288	S	118	90	208	0.00002
Kluyvera intermedia	61648	S	75	45	120	0.00001
Kluyvera genomosp. 3	2774055	S	18	43	61	0.00000
Kluyvera sp. CRP	2873269	S	16	40	56	0.00000
Candidatus Symbiopectobacterium sp. SyEd1	2871826	S	109	12	121	0.00001
Candidatus Hamiltonella defensa	138072	S	37	2	39	0.00000
secondary endosymbiont of Ctenarytaina eucalypti	1199245	S	28	0	28	0.00000
Blochmannia endosymbiont of Colobopsis nipponica	2681987	S	11	11	22	0.00000
Candidatus Doolittlea endobia	1778262	S	28	1	29	0.00000
Candidatus Hoaglandella endobia	1778263	S	12	0	12	0.00000
Candidatus Mikella endobia	1778264	S	11	0	11	0.00000
Jejubacter calystegiae	2579935	S	281	29	310	0.00003
Pseudescherichia vulneris	566	S	206	12	218	0.00002
Plesiomonas shigelloides	703	S	180	50	230	0.00002
Buttiauxella agrestis	82977	S	47	8	55	0.00000
Buttiauxella ferragutiae	82989	S	14	44	58	0.00000
Buttiauxella sp. 3AFRM03	2479367	S	13	38	51	0.00000
Shimwellia blattae	563	S	140	24	164	0.00001
Atlantibacter hermannii	565	S	131	25	156	0.00001
Yokenella regensburgei	158877	S	124	42	166	0.00001
Scandinavium goeteborgense	1851514	S	120	20	140	0.00001
Phytobacter ursingii	1972431	S	91	107	198	0.00002
Pseudocitrobacter sp. G163CM	2891570	S	108	24	132	0.00001
Shigella flexneri	623	S	20	744	764	0.00006
Shigella boydii	621	S	13	175	188	0.00002
Candidatus Moranella endobia	1048758	S	13	0	13	0.00000
Candidatus Ishikawaella capsulata	168169	S	13	0	13	0.00000
Candidatus Schneideria nysicola	1081631	S	12	0	12	0.00000
Serratia marcescens	615	S	1105	2473	3578	0.00029
Serratia plymuthica	82996	S	490	257	747	0.00006
Serratia sp. FDAARGOS_506	2420306	S	87	95	182	0.00001
Serratia sp. ATCC 39006	104623	S	74	7	81	0.00001
Serratia sp. FGI94	671990	S	58	71	129	0.00001
Serratia sp. 1D1416	2447890	S	37	142	179	0.00001
Serratia sp. FS14	1327989	S	22	124	146	0.00001
Serratia sp. 3ACOL1	2448483	S	20	33	53	0.00000
Serratia sp. P2ACOL2	2482769	S	16	57	73	0.00001
Serratia sp. MYb239	2033438	S	16	162	178	0.00001
Serratia sp. Tan611	2773264	S	12	94	106	0.00001
Serratia entomophila	42906	S	301	79	380	0.00003
Serratia rubidaea	61652	S	283	365	648	0.00005
Serratia proteamaculans	28151	S	196	50	246	0.00002
Serratia odorifera	618	S	190	33	223	0.00002
Serratia fonticola	47917	S	154	154	308	0.00002
Serratia quinivorans	137545	S	108	45	153	0.00001
Serratia symbiotica	138074	S	105	16	121	0.00001
Serratia surfactantfaciens	2741499	S	105	68	173	0.00001
Serratia liquefaciens	614	S	86	131	217	0.00002
Serratia inhibens	2338073	S	81	49	130	0.00001
Serratia grimesii	82995	S	64	8	72	0.00001
Serratia rhizosphaerae	2597702	S	60	63	123	0.00001
Serratia ureilytica	300181	S	46	691	737	0.00006
Serratia ficaria	61651	S	21	110	131	0.00001
Yersinia similis	367190	S	26	5	31	0.00000
Yersinia pseudotuberculosis	633	S	19	122	141	0.00001
Yersinia enterocolitica	630	S	86	94	180	0.00001
Yersinia ruckeri	29486	S	52	9	61	0.00000
Yersinia mollaretii	33060	S	47	10	57	0.00000
Yersinia entomophaga	935293	S	46	8	54	0.00000
Yersinia rohdei	29485	S	38	7	45	0.00000
Yersinia aleksiciae	263819	S	33	8	41	0.00000
Yersinia canariae	2607663	S	28	9	37	0.00000
Yersinia kristensenii	28152	S	27	85	112	0.00001
Yersinia aldovae	29483	S	25	5	30	0.00000
Yersinia frederiksenii	29484	S	25	24	49	0.00000
Yersinia intermedia	631	S	17	61	78	0.00001
Rahnella aquatilis	34038	S	217	260	477	0.00004
Rahnella victoriana	1510570	S	123	18	141	0.00001
Rahnella sp. ERMR1:05	1805933	S	119	16	135	0.00001
Rahnella inusitata	58169	S	112	27	139	0.00001
Nissabacter sp. SGAir0207	2126321	S	513	73	586	0.00005
Gibbsiella quercinecans	929813	S	311	42	353	0.00003
Ewingella americana	41202	S	172	24	196	0.00002
Rouxiella badensis	1646377	S	168	15	183	0.00001
Chania multitudinisentens	1639108	S	89	10	99	0.00001
Candidatus Fukatsuia symbiotica	1878942	S	24	1	25	0.00000
Pantoea sp. Z09	2886821	S	402	133	535	0.00004
Pantoea sp. SO10	2575375	S	164	32	196	0.00002
Pantoea sp. At-9b	592316	S	145	31	176	0.00001
Pantoea sp. MSR2	2052056	S	125	17	142	0.00001
Pantoea sp. CCBC3-3-1	2490851	S	98	19	117	0.00001
Pantoea agglomerans	549	S	841	301	1142	0.00009
Pantoea dispersa	59814	S	690	184	874	0.00007
Pantoea deleyi	470932	S	279	72	351	0.00003
Pantoea vagans	470934	S	232	486	718	0.00006
Pantoea ananatis	553	S	211	71	282	0.00002
Pantoea alhagi	1891675	S	163	52	215	0.00002
Pantoea stewartii	66269	S	124	30	154	0.00001
Pantoea cypripedii	55209	S	119	9	128	0.00001
Pantoea rwandensis	1076550	S	98	22	120	0.00001
Erwinia sp. E602	2675378	S	448	75	523	0.00004
Erwinia sp. J780	2681984	S	103	18	121	0.00001
Erwinia sp. QL-Z3	2547962	S	23	75	98	0.00001
Erwinia sp. Ejp617	215689	S	15	29	44	0.00000
Erwinia gerundensis	1619313	S	230	40	270	0.00002
Erwinia persicina	55211	S	145	29	174	0.00001
Erwinia rhapontici	55212	S	137	25	162	0.00001
Erwinia tasmaniensis	338565	S	108	21	129	0.00001
Erwinia amylovora	552	S	93	41	134	0.00001
Erwinia billingiae	182337	S	85	172	257	0.00002
Erwinia tracheiphila	65700	S	80	10	90	0.00001
Candidatus Erwinia haradaeae	1922217	S	74	1	75	0.00001
[Pantoea] beijingensis	1324864	S	69	12	81	0.00001
Erwinia pyrifoliae	79967	S	13	24	37	0.00000
Mixta gaviniae	665914	S	311	120	431	0.00003
Mixta calida	665913	S	237	117	354	0.00003
Mixta theicola	1458355	S	205	65	270	0.00002
Mixta sp. X22927	2872648	S	125	60	185	0.00002
Mixta intestinalis	1615494	S	110	31	141	0.00001
Buchnera aphidicola	9	S	193	21	214	0.00002
Tatumella ptyseos	82987	S	65	10	75	0.00001
Tatumella citrea	53336	S	50	6	56	0.00000
Wigglesworthia glossinidia	51229	S	20	1	21	0.00000
Dickeya dadantii	204038	S	285	187	472	0.00004
Dickeya zeae	204042	S	206	228	434	0.00004
Dickeya dianthicola	204039	S	202	166	368	0.00003
Dickeya chrysanthemi	556	S	201	126	327	0.00003
Dickeya fangzhongdai	1778540	S	120	526	646	0.00005
Dickeya sp. NCPPB 3274	568766	S	77	55	132	0.00001
Dickeya poaceiphila	568768	S	78	13	91	0.00001
Dickeya solani	1089444	S	64	34	98	0.00001
Dickeya oryzae	1240404	S	10	22	32	0.00000
Pectobacterium brasiliense	180957	S	117	140	257	0.00002
Pectobacterium carotovorum	554	S	115	271	386	0.00003
Pectobacterium parmentieri	1905730	S	88	33	121	0.00001
Pectobacterium sp. LJ1	2878098	S	51	14	65	0.00001
Pectobacterium sp. PL64	2738983	S	23	15	38	0.00000
Pectobacterium atrosepticum	29471	S	59	23	82	0.00001
Pectobacterium punjabense	2108399	S	58	14	72	0.00001
Pectobacterium polaris	2042057	S	44	32	76	0.00001
Pectobacterium versatile	2488639	S	32	74	106	0.00001
Pectobacterium wasabiae	55208	S	29	8	37	0.00000
Pectobacterium odoriferum	78398	S	26	19	45	0.00000
Pectobacterium quasiaquaticum	2774015	S	25	24	49	0.00000
Pectobacterium aroidearum	1201031	S	23	36	59	0.00000
Pectobacterium parvum	2778550	S	13	16	29	0.00000
Brenneria goodwinii	1109412	S	203	230	433	0.00004
Brenneria izadpanahii	2722756	S	185	217	402	0.00003
Brenneria rubrifaciens	55213	S	119	48	167	0.00001
Lonsdalea populi	1172565	S	222	58	280	0.00002
Lonsdalea britannica	1082704	S	169	41	210	0.00002
Musicola paradisiaca	69223	S	230	25	255	0.00002
Edwardsiella tarda	636	S	318	790	1108	0.00009
Edwardsiella hoshinae	93378	S	147	29	176	0.00001
Edwardsiella ictaluri	67780	S	105	47	152	0.00001
Edwardsiella piscicida	1263550	S	37	306	343	0.00003
Hafnia alvei	569	S	65	75	140	0.00001
Hafnia paralvei	546367	S	32	12	44	0.00000
Obesumbacterium proteus	82983	S	34	23	57	0.00000
Morganella morganii	582	S	295	258	553	0.00004
Xenorhabdus bovienii	40576	S	69	10	79	0.00001
Xenorhabdus doucetiae	351671	S	66	7	73	0.00001
Xenorhabdus poinarii	40577	S	45	6	51	0.00000
Xenorhabdus nematophila	628	S	40	593	633	0.00005
Xenorhabdus budapestensis	290110	S	33	3	36	0.00000
Xenorhabdus hominickii	351679	S	21	2	23	0.00000
Providencia rettgeri	587	S	59	112	171	0.00001
Providencia alcalifaciens	126385	S	51	18	69	0.00001
Providencia heimbachae	333962	S	20	6	26	0.00000
Providencia sp. R33	2828763	S	19	3	22	0.00000
Providencia rustigianii	158850	S	15	4	19	0.00000
Providencia sneebia	516075	S	13	1	14	0.00000
Proteus mirabilis	584	S	108	167	275	0.00002
Proteus vulgaris	585	S	25	61	86	0.00001
Proteus hauseri	183417	S	23	4	27	0.00000
Photorhabdus thracensis	230089	S	49	9	58	0.00000
Photorhabdus asymbiotica	291112	S	23	2	25	0.00000
Photorhabdus akhurstii	171438	S	22	4	26	0.00000
Photorhabdus laumondii	2218628	S	21	5	26	0.00000
Arsenophonus endosymbiont of Apis mellifera	1541805	S	11	3	14	0.00000
Arsenophonus nasoniae	638	S	12	2	14	0.00000
Moellerella wisconsensis	158849	S	21	12	33	0.00000
Sodalis sp. dw_23	2697027	S	365	22	387	0.00003
Sodalis endosymbiont of Henestaris halophilus	1929246	S	11	0	11	0.00000
Sodalis praecaptivus	1239307	S	194	107	301	0.00002
Sodalis glossinidius	63612	S	139	17	156	0.00001
Candidatus Sodalis pierantonius	1486991	S	90	52	142	0.00001
Leminorella richardii	158841	S	111	13	124	0.00001
Pragia fontium	82985	S	32	4	36	0.00000
Jinshanibacter zhutongyuii	2498113	S	28	4	32	0.00000
Limnobaculum parvum	2172103	S	27	4	31	0.00000
Thioalkalivibrio sulfidiphilus	1033854	S	1471	883	2354	0.00019
Thioalkalivibrio paradoxus	108010	S	1382	435	1817	0.00015
Thioalkalivibrio nitratireducens	186931	S	1369	391	1760	0.00014
Thioalkalivibrio versutus	106634	S	1046	139	1185	0.00010
Thioalkalivibrio sp. K90mix	396595	S	1011	129	1140	0.00009
Spiribacter sp. E85	2182432	S	2827	259	3086	0.00025
Spiribacter sp. 2438	2666185	S	561	54	615	0.00005
Spiribacter curvatus	1335757	S	661	35	696	0.00006
Spiribacter salinus	1335746	S	423	32	455	0.00004
Acidihalobacter aeolianus	2792603	S	1237	181	1418	0.00012
Acidihalobacter ferrooxydans	1765967	S	995	109	1104	0.00009
Acidihalobacter yilgarnensis	2819280	S	718	51	769	0.00006
Halorhodospira halophila	1053	S	1253	144	1397	0.00011
Halorhodospira halochloris	1052	S	212	10	222	0.00002
Alkalilimnicola ehrlichii	351052	S	1305	158	1463	0.00012
Aquisalimonas sp. 2447	2740807	S	1246	85	1331	0.00011
Ectothiorhodospira haloalkaliphila	421628	S	445	162	607	0.00005
Ectothiorhodospira sp. BSL-9	1442136	S	395	142	537	0.00004
Ectothiorhodosinus mongolicus	233100	S	185	11	196	0.00002
Allochromatium tepidum	553982	S	1041	516	1557	0.00013
Allochromatium vinosum	1049	S	1024	413	1437	0.00012
Candidatus Thiodictyon syntrophicum	1166950	S	2360	126	2486	0.00020
Thioflavicoccus mobilis	80679	S	2204	195	2399	0.00019
Marichromatium purpuratum	37487	S	2009	383	2392	0.00019
Thiocapsa bogorovii	521689	S	1626	87	1713	0.00014
Thiocystis violascens	73141	S	1186	100	1286	0.00010
Thermochromatium tepidum	1050	S	818	200	1018	0.00008
Nitrosococcus halophilus	133539	S	157	20	177	0.00001
Nitrosococcus wardiae	1814290	S	141	17	158	0.00001
Nitrosococcus watsonii	473531	S	119	29	148	0.00001
Nitrosococcus oceani	1229	S	110	25	135	0.00001
Caldichromatium japonicum	2699430	S	581	59	640	0.00005
Rheinheimera sp. F8	1763998	S	87	3	90	0.00001
Rheinheimera sp. D18	2545632	S	15	10	25	0.00000
Rheinheimera mangrovi	2498451	S	45	2	47	0.00000
Candidatus Nitrosacidococcus tergens	553981	S	34	1	35	0.00000
Candidatus Nitrosoglobus terrae	1630141	S	23	1	24	0.00000
Wenzhouxiangella marina	1579979	S	1315	82	1397	0.00011
Wenzhouxiangella sp. AB-CW3	2771012	S	785	33	818	0.00007
Thiohalobacter thiocyanaticus	585455	S	284	743	1027	0.00008
Thiohalobacter sp. COW1	2795687	S	266	563	829	0.00007
Guyparkeria halophila	47960	S	1333	273	1606	0.00013
Sulfurivermis fontis	1972068	S	1290	529	1819	0.00015
Halothiobacillus sp. LS2	1860122	S	543	46	589	0.00005
Halothiobacillus neapolitanus	927	S	222	23	245	0.00002
Woeseia oceani	1548547	S	593	9	602	0.00005
Sulfuriflexus mobilis	1811807	S	279	8	287	0.00002
Granulosicoccus antarcticus	437505	S	254	4	258	0.00002
Halomonas sp. THAF5a	2587844	S	1108	394	1502	0.00012
Halomonas sp. JS92-SW72	2306583	S	924	989	1913	0.00016
Halomonas sp. 1513	1883416	S	866	192	1058	0.00009
Halomonas sp. HG01	1609967	S	825	343	1168	0.00009
Halomonas sp. THAF12	2587849	S	793	466	1259	0.00010
Halomonas sp. MCCC 1A13316	2733487	S	725	96	821	0.00007
Halomonas sp. YLGW01	2773308	S	710	117	827	0.00007
Halomonas sp. PGE1	2730360	S	526	685	1211	0.00010
Halomonas sp. Y2R2	2562282	S	269	15	284	0.00002
Halomonas sp. A40-4	2785909	S	206	51	257	0.00002
Halomonas sp. SH5A2	2749040	S	196	35	231	0.00002
Halomonas sp. KO116	1504981	S	132	51	183	0.00001
Halomonas sp. 18071143	2855441	S	130	283	413	0.00003
Halomonas sp. R57-5	1610576	S	126	52	178	0.00001
Halomonas sp. SS10-MC5	2854257	S	125	1080	1205	0.00010
Halomonas sp. FeN2	2832500	S	112	48	160	0.00001
Halomonas sp. GFAJ-1	1118153	S	78	15	93	0.00001
Halomonas sp. SF2003	2136172	S	71	358	429	0.00003
Halomonas sp. NyZ770	2883106	S	62	252	314	0.00003
Halomonas sp. TD01	999141	S	59	30	89	0.00001
Halomonas sp. HL-93	1666906	S	49	299	348	0.00003
Halomonas sp. hl-4	1761789	S	42	248	290	0.00002
Halomonas sp. N3-2A	2014541	S	25	29	54	0.00000
Halomonas sp. GT	1971364	S	25	17	42	0.00000
Halomonas sp. A3H3	1346287	S	14	361	375	0.00003
Halomonas beimenensis	475662	S	1215	236	1451	0.00012
Halomonas aestuarii	1897729	S	924	191	1115	0.00009
Halomonas socia	1081866	S	842	160	1002	0.00008
Halomonas sulfidivorans	2733488	S	754	149	903	0.00007
Halomonas tianxiuensis	2497861	S	736	161	897	0.00007
Halomonas elongata	2746	S	675	70	745	0.00006
Halomonas chromatireducens	507626	S	582	47	629	0.00005
Halomonas subglaciescola	29571	S	363	41	404	0.00003
Halomonas meridiana	29570	S	358	288	646	0.00005
Halomonas huangheensis	1178482	S	324	19	343	0.00003
Halomonas piezotolerans	2609667	S	204	109	313	0.00003
Halomonas profundi	2852117	S	104	15	119	0.00001
Halomonas sulfidoxydans	2733484	S	95	807	902	0.00007
Halomonas hydrothermalis	115561	S	90	254	344	0.00003
Halomonas titanicae	664683	S	87	426	513	0.00004
Halomonas venusta	44935	S	53	66	119	0.00001
Halomonas campaniensis	213554	S	12	55	67	0.00001
Halomonas alkaliphila	272774	S	10	49	59	0.00000
Halotalea alkalilenta	376489	S	1244	254	1498	0.00012
Cobetia sp. L2A1	2686360	S	235	29	264	0.00002
Cobetia sp. cqz5-12	2609415	S	162	232	394	0.00003
Cobetia sp. 4B	2758724	S	63	282	345	0.00003
Cobetia sp. AM6	2661553	S	49	287	336	0.00003
Cobetia pacifica	1055101	S	85	225	310	0.00003
Cobetia amphilecti	1055104	S	47	293	340	0.00003
Cobetia marina	28258	S	13	147	160	0.00001
Salinicola tamaricis	1771309	S	1112	128	1240	0.00010
Kushneria phosphatilytica	657387	S	273	10	283	0.00002
Kushneria marisflavi	157779	S	270	55	325	0.00003
Kushneria konosiri	698828	S	259	54	313	0.00003
Chromohalobacter salexigens	158080	S	790	86	876	0.00007
Pistricoccus aurantiacus	1883414	S	543	37	580	0.00005
Zymobacter palmae	33074	S	153	20	173	0.00001
Candidatus Portiera aleyrodidarum	91844	S	26	2	28	0.00000
Candidatus Carsonella ruddii	114186	S	16	8	24	0.00000
Alcanivorax sp. N3-2A	2014542	S	948	728	1676	0.00014
Alcanivorax pacificus	1306787	S	706	237	943	0.00008
Alcanivorax dieselolei	285091	S	419	211	630	0.00005
Alcanivorax xenomutans	1094342	S	382	253	635	0.00005
Ketobacter alkanivorans	1917421	S	136	9	145	0.00001
Marinobacterium aestuarii	1821621	S	455	33	488	0.00004
Marinobacterium georgiense	48076	S	170	48	218	0.00002
Marinobacterium sediminicola	518898	S	168	22	190	0.00002
Marinobacterium sp. LSUCC0821	2668067	S	38	2	40	0.00000
Marinomonas sp. FW-1	2071621	S	31	7	38	0.00000
Marinomonas sp. A3A	2065312	S	23	3	26	0.00000
Marinomonas sp. CT5	2066133	S	21	1	22	0.00000
Marinomonas profundi	2726122	S	36	10	46	0.00000
Marinomonas primoryensis	178399	S	32	4	36	0.00000
Marinomonas posidonica	936476	S	30	4	34	0.00000
Marinomonas algicola	2773454	S	29	5	34	0.00000
Marinomonas arctica	383750	S	27	6	33	0.00000
Marinomonas mediterranea	119864	S	22	1	23	0.00000
Marinomonas foliarum	491950	S	21	7	28	0.00000
Thalassolituus sp. C2-1	2597518	S	109	6	115	0.00001
Thalassolituus oleivorans	187493	S	51	11	62	0.00001
Venatorbacter cucullus	2661630	S	133	26	159	0.00001
Bacterioplanes sanyensis	1249553	S	122	6	128	0.00001
Neptunomonas concharum	1031538	S	40	4	44	0.00000
Neptunomonas japonica	417574	S	27	2	29	0.00000
Neptunomonas phycophila	1572645	S	25	2	27	0.00000
Nitrincola iocasae	2614693	S	61	10	71	0.00001
Amphritea japonica	452627	S	43	3	46	0.00000
Bermanella marisrubri	207949	S	35	1	36	0.00000
Saccharospirillum mangrovi	2161747	S	353	19	372	0.00003
Reinekea forsetii	1336806	S	159	7	166	0.00001
Gynuella sunshinyii	1445505	S	100	2	102	0.00001
Hahella chejuensis	158327	S	301	47	348	0.00003
Hahella sp. KA22	1628392	S	239	42	281	0.00002
Litoricola lipolytica	418701	S	198	9	207	0.00002
Oleiphilus messinensis	141451	S	86	6	92	0.00001
Endozoicomonas montiporae	1027273	S	79	4	83	0.00001
Spartinivicinus ruber	2683272	S	27	0	27	0.00000
Methylococcus sp. EFPC2	2812648	S	1107	74	1181	0.00010
Methylococcus sp. Mc7	2860258	S	1068	346	1414	0.00011
Methylococcus capsulatus	414	S	989	256	1245	0.00010
Methylococcus geothermalis	2681310	S	886	248	1134	0.00009
Methylomonas sp. LL1	2785785	S	339	14	353	0.00003
Methylomonas sp. DH-1	1727196	S	144	271	415	0.00003
Methylomonas sp. EFPC1	2812647	S	137	93	230	0.00002
Methylomonas sp. LW13	107637	S	129	82	211	0.00002
Methylomonas koyamae	702114	S	342	346	688	0.00006
Methylomonas rhizoryzae	2608981	S	301	10	311	0.00003
Methylomonas methanica	421	S	264	12	276	0.00002
Methylomonas denitrificans	1538553	S	264	17	281	0.00002
Methylomonas paludis	1173101	S	79	3	82	0.00001
Methylomicrobium album	39775	S	1103	40	1143	0.00009
Methylomicrobium sp. wino1	2049332	S	220	177	397	0.00003
Methylomagnum ishizawai	1760988	S	1315	54	1369	0.00011
Methylocaldum marinum	1432792	S	1228	72	1300	0.00011
Methylogaea oryzae	1295382	S	1171	88	1259	0.00010
Candidatus Methylospira mobilis	1808979	S	364	14	378	0.00003
Methylotuvimicrobium buryatense	95641	S	117	124	241	0.00002
Methylotuvimicrobium alcaliphilum	271065	S	100	125	225	0.00002
Methylovulum psychrotolerans	1704499	S	183	4	187	0.00002
Methylobacter sp. S3L5C	2839024	S	71	3	74	0.00001
Aeromonas sp. FDAARGOS 1415	2778064	S	214	121	335	0.00003
Aeromonas sp. CA23	2033032	S	183	81	264	0.00002
Aeromonas sp. FDAARGOS 1409	2778058	S	111	171	282	0.00002
Aeromonas sp. CU5	2033033	S	87	37	124	0.00001
Aeromonas sp. FDAARGOS 1403	2778052	S	37	123	160	0.00001
Aeromonas sp. FDAARGOS 1407	2778056	S	31	96	127	0.00001
Aeromonas sp. ASNIH4	1636609	S	28	142	170	0.00001
Aeromonas sp. 1805	2560028	S	27	83	110	0.00001
Aeromonas sp. FDAARGOS 1410	2778059	S	25	61	86	0.00001
Aeromonas sp. FDAARGOS 1405	2778054	S	25	44	69	0.00001
Aeromonas sp. FDAARGOS 1408	2778057	S	21	127	148	0.00001
Aeromonas sp. 2692-1	2560029	S	19	101	120	0.00001
Aeromonas sp. FDAARGOS 1416	2778065	S	17	54	71	0.00001
Aeromonas sp. FDAARGOS 1417	2778066	S	15	45	60	0.00000
Aeromonas sp. ASNIH1	1636606	S	15	298	313	0.00003
Aeromonas sp. ASNIH2	1636607	S	14	190	204	0.00002
Aeromonas sp. FDAARGOS 1406	2778055	S	13	131	144	0.00001
Aeromonas sp. ASNIH3	1636608	S	13	618	631	0.00005
Aeromonas sp. FDAARGOS 1411	2778060	S	12	41	53	0.00000
Aeromonas sp. FDAARGOS 1414	2778063	S	11	38	49	0.00000
Aeromonas sp. FDAARGOS 1404	2778053	S	10	37	47	0.00000
Aeromonas sp. ASNIH5	1758179	S	10	175	185	0.00002
Aeromonas hydrophila	644	S	980	2273	3253	0.00026
Aeromonas veronii	654	S	684	1560	2244	0.00018
Aeromonas schubertii	652	S	496	143	639	0.00005
Aeromonas media	651	S	472	851	1323	0.00011
Aeromonas encheleia	73010	S	443	155	598	0.00005
Aeromonas salmonicida	645	S	395	424	819	0.00007
Aeromonas simiae	218936	S	362	294	656	0.00005
Aeromonas caviae	648	S	304	2491	2795	0.00023
Aeromonas rivuli	648794	S	266	73	339	0.00003
Aeromonas enteropelogenes	29489	S	238	206	444	0.00004
Aeromonas jandaei	650	S	209	231	440	0.00004
Aeromonas dhakensis	196024	S	192	418	610	0.00005
Aeromonas sanarellii	633415	S	59	305	364	0.00003
Aeromonas allosaccharophila	656	S	44	74	118	0.00001
Aeromonas rivipollensis	948519	S	29	49	78	0.00001
Zobellella denitrificans	347534	S	787	188	975	0.00008
Oceanimonas sp. GK1	511062	S	432	95	527	0.00004
Dongshaea marina	2047966	S	125	10	135	0.00001
Oceanisphaera profunda	1416627	S	60	7	67	0.00001
Oceanisphaera avium	1903694	S	34	4	38	0.00000
Tolumonas auensis	43948	S	77	34	111	0.00001
Succinivibrio dextrinosolvens	83771	S	27	1	28	0.00000
Solimonas sp. K1W22B-7	2303331	S	5490	562	6052	0.00049
Flagellatimonas centrodinii	2806210	S	1466	103	1569	0.00013
Sinimarinibacterium sp. NLF-5-8	2698684	S	724	410	1134	0.00009
Steroidobacter denitrificans	465721	S	2878	879	3757	0.00030
Sulfurifustis variabilis	1675686	S	5364	325	5689	0.00046
Sulfuricaulis limicola	1620215	S	2120	162	2282	0.00019
Acidiferrobacter sp. SPIII_3	1281578	S	693	198	891	0.00007
Acidiferrobacter thiooxydans	163359	S	581	167	748	0.00006
Microbulbifer sp. YPW16	2904242	S	478	42	520	0.00004
Microbulbifer sp. SH-1	2681547	S	432	64	496	0.00004
Microbulbifer sp. YPW1	2745199	S	259	44	303	0.00002
Microbulbifer sp. ALW1	1516059	S	213	34	247	0.00002
Microbulbifer sp. GL-2	2591606	S	103	17	120	0.00001
Microbulbifer sp. THAF38	2587856	S	97	31	128	0.00001
Microbulbifer sp. A4B17	359370	S	79	18	97	0.00001
Microbulbifer aggregans	1769779	S	306	34	340	0.00003
Microbulbifer thermotolerans	252514	S	276	15	291	0.00002
Microbulbifer celer	435905	S	269	30	299	0.00002
Microbulbifer hydrolyticus	48074	S	266	44	310	0.00003
Microbulbifer elongatus	86173	S	254	37	291	0.00002
Microbulbifer agarilyticus	260552	S	153	15	168	0.00001
Microbulbifer variabilis	266805	S	80	26	106	0.00001
Kineobactrum salinum	2708301	S	717	27	744	0.00006
Halioglobus japonicus	930805	S	237	10	247	0.00002
Halioglobus maricola	2601894	S	235	8	243	0.00002
Congregibacter litoralis	393662	S	290	113	403	0.00003
Aequoribacter fuscus	2518989	S	88	10	98	0.00001
Cellvibrio sp. PSBB006	1987723	S	180	5	185	0.00002
Cellvibrio sp. PSBB023	1945512	S	98	7	105	0.00001
Cellvibrio sp. KY-YJ-3	454662	S	91	10	101	0.00001
Cellvibrio sp. KY-GH-1	2303332	S	87	5	92	0.00001
Cellvibrio japonicus	155077	S	138	9	147	0.00001
Simiduia agarivorans	447471	S	243	11	254	0.00002
Teredinibacter turnerae	2426	S	123	4	127	0.00001
Teredinibacter haidensis	2731755	S	64	3	67	0.00001
Teredinibacter purpureus	2731756	S	41	1	42	0.00000
Agarilytica rhodophyticola	1737490	S	42	0	42	0.00000
Marinagarivorans sp. GE09	2721545	S	40	3	43	0.00000
Saccharophagus degradans	86304	S	37	1	38	0.00000
Spongiibacter taiwanensis	1748242	S	212	8	220	0.00002
Spongiibacter nanhainus	2794344	S	189	20	209	0.00002
Spongiibacter sp. IMCC21906	1620392	S	62	14	76	0.00001
Zhongshania aliphaticivorans	1470434	S	86	5	91	0.00001
Oceanicoccus sagamiensis	716816	S	55	1	56	0.00000
Shewanella sp. FJAT-53555	2864204	S	48	37	85	0.00001
Shewanella sp. FJAT-54031	2864209	S	45	60	105	0.00001
Shewanella sp. FJAT-53681	2864205	S	41	59	100	0.00001
Shewanella sp. FJAT-53764	2864207	S	39	54	93	0.00001
Shewanella sp. FJAT-52072	2864213	S	36	43	79	0.00001
Shewanella sp. FJAT-52076	2864202	S	34	43	77	0.00001
Shewanella sp. SNU WT4	2590015	S	31	7	38	0.00000
Shewanella sp. FJAT-51860	2864212	S	31	4	35	0.00000
Shewanella sp. FJAT-53749	2864206	S	29	5	34	0.00000
Shewanella sp. KX20019	2803864	S	29	3	32	0.00000
Shewanella sp. FJAT-53532	2864203	S	27	41	68	0.00001
Shewanella sp. Scap07	2589987	S	25	2	27	0.00000
Shewanella sp. WE21	2029986	S	25	11	36	0.00000
Shewanella sp. FJAT-53870	2864208	S	19	2	21	0.00000
Shewanella sp. MR-4	60480	S	18	17	35	0.00000
Shewanella sp. ANA-3	94122	S	18	44	62	0.00001
Shewanella sp. FJAT-51754	2864211	S	15	19	34	0.00000
Shewanella sp. OM3-2	2908650	S	15	2	17	0.00000
Shewanella sp. Arc9-LZ	2698686	S	14	5	19	0.00000
Shewanella sp. FJAT-51649	2864210	S	14	19	33	0.00000
Shewanella sp. LZH-2	2806008	S	12	49	61	0.00000
Shewanella algae	38313	S	147	114	261	0.00002
Shewanella khirikhana	1965282	S	126	18	144	0.00001
Shewanella cyperi	2814292	S	118	57	175	0.00001
Shewanella litorisediminis	1173586	S	106	23	129	0.00001
Shewanella putrefaciens	24	S	87	258	345	0.00003
Shewanella marisflavi	260364	S	81	14	95	0.00001
Shewanella amazonensis	60478	S	67	15	82	0.00001
Shewanella sedimentimangrovi	2814293	S	63	42	105	0.00001
Shewanella baltica	62322	S	58	62	120	0.00001
Shewanella dokdonensis	712036	S	56	4	60	0.00000
Shewanella sediminis	271097	S	55	6	61	0.00000
Shewanella avicenniae	2814294	S	43	6	49	0.00000
Shewanella denitrificans	192073	S	43	6	49	0.00000
Shewanella yunxiaonensis	2829809	S	39	5	44	0.00000
Shewanella benthica	43661	S	38	7	45	0.00000
Shewanella violacea	60217	S	38	6	44	0.00000
Shewanella loihica	359303	S	34	52	86	0.00001
Shewanella maritima	2520507	S	31	2	33	0.00000
Shewanella psychropiezotolerans	2593655	S	29	4	33	0.00000
Shewanella oneidensis	70863	S	28	7	35	0.00000
Shewanella pealeana	70864	S	28	4	32	0.00000
Shewanella carassii	1987584	S	27	27	54	0.00000
Shewanella vesiculosa	518738	S	27	6	33	0.00000
Shewanella halifaxensis	271098	S	26	3	29	0.00000
Shewanella decolorationis	256839	S	23	24	47	0.00000
Shewanella psychrophila	225848	S	22	2	24	0.00000
Shewanella inventionis	1738770	S	22	9	31	0.00000
Shewanella piezotolerans	404011	S	22	2	24	0.00000
Shewanella chilikensis	558541	S	20	56	76	0.00001
Shewanella psychromarinicola	2487742	S	20	2	22	0.00000
Shewanella xiamenensis	332186	S	20	92	112	0.00001
Shewanella donghaensis	238836	S	17	1	18	0.00000
Shewanella indica	768528	S	17	21	38	0.00000
Shewanella woodyi	60961	S	17	1	18	0.00000
Shewanella glacialimarina	2590884	S	17	2	19	0.00000
Shewanella livingstonensis	150120	S	13	2	15	0.00000
Shewanella aestuarii	1028752	S	12	3	15	0.00000
Parashewanella tropica	2547970	S	19	2	21	0.00000
Parashewanella spongiae	342950	S	16	1	17	0.00000
Alteromonas sp. RKMC-009	2267264	S	66	6	72	0.00001
Alteromonas sp. RW2A1	1917158	S	14	70	84	0.00001
Alteromonas sp. 76-1	2358187	S	14	5	19	0.00000
Alteromonas macleodii	28108	S	80	28	108	0.00001
Alteromonas pelagimontana	1858656	S	66	7	73	0.00001
Alteromonas mediterranea	314275	S	47	13	60	0.00000
Alteromonas australica	589873	S	16	30	46	0.00000
Alteromonas stellipolaris	233316	S	11	44	55	0.00000
Alteromonas naphthalenivorans	715451	S	11	6	17	0.00000
Salinimonas lutimaris	914153	S	74	11	85	0.00001
Salinimonas marina	2785918	S	59	5	64	0.00001
Salinimonas iocasae	2572577	S	49	8	57	0.00000
Salinimonas sediminis	2303538	S	34	6	40	0.00000
Hydrocarboniclastica marina	2259620	S	309	38	347	0.00003
Agarivorans sp. TSD2052	2937286	S	34	4	38	0.00000
Agarivorans gilvus	680279	S	31	3	34	0.00000
Agarivorans aestuarii	1563703	S	17	7	24	0.00000
Agarivorans albus	182262	S	12	12	24	0.00000
Lacimicrobium alkaliphilum	1526571	S	104	6	110	0.00001
Paraglaciecola sp. L1A13	2686359	S	22	3	25	0.00000
Paraglaciecola sp. L3A3	2686358	S	20	1	21	0.00000
Paraglaciecola psychrophila	326544	S	29	2	31	0.00000
Paraglaciecola mesophila	197222	S	23	3	26	0.00000
Saliniradius amylolyticus	2183582	S	89	7	96	0.00001
Paraneptunicella aestuarii	2831148	S	37	1	38	0.00000
Catenovulum sediminis	1740262	S	29	1	30	0.00000
Glaciecola nitratireducens	300231	S	28	1	29	0.00000
Saccharobesus litoralis	2172099	S	18	1	19	0.00000
Pseudoalteromonas sp. R3	1709477	S	40	8	48	0.00000
Pseudoalteromonas sp. A25	116092	S	28	9	37	0.00000
Pseudoalteromonas rubra	43658	S	117	11	128	0.00001
Pseudoalteromonas viridis	339617	S	79	20	99	0.00001
Pseudoalteromonas luteoviolacea	43657	S	68	8	76	0.00001
Pseudoalteromonas donghaensis	621376	S	40	195	235	0.00002
Pseudoalteromonas piscicida	43662	S	35	20	55	0.00000
Pseudoalteromonas xiamenensis	882626	S	31	3	34	0.00000
Pseudoalteromonas ulvae	107327	S	25	1	26	0.00000
Pseudoalteromonas spongiae	298657	S	25	3	28	0.00000
Pseudoalteromonas shioyasakiensis	1190813	S	21	7	28	0.00000
Pseudoalteromonas prydzensis	182141	S	18	2	20	0.00000
Pseudoalteromonas agarivorans	176102	S	18	33	51	0.00000
Pseudoalteromonas mariniglutinosa	206042	S	16	17	33	0.00000
Pseudoalteromonas tunicata	314281	S	15	1	16	0.00000
Pseudoalteromonas phenolica	161398	S	14	1	15	0.00000
Pseudoalteromonas translucida	166935	S	13	27	40	0.00000
Pseudoalteromonas aliena	247523	S	12	3	15	0.00000
Pseudoalteromonas espejiana	28107	S	11	1	12	0.00000
Pseudoalteromonas piratica	1348114	S	10	1	11	0.00000
Pseudoalteromonas ruthenica	151081	S	10	6	16	0.00000
Psychrosphaera ytuae	2820710	S	15	3	18	0.00000
Flocculibacter collagenilyticus	2744479	S	11	0	11	0.00000
Ferrimonas balearica	44012	S	352	42	394	0.00003
Ferrimonas lipolytica	2724191	S	70	9	79	0.00001
Thalassotalea sp. HSM 43	2552945	S	36	5	41	0.00000
Thalassotalea sp. LPB0316	2769490	S	24	7	31	0.00000
Thalassotalea sp. PS06	2594005	S	20	2	22	0.00000
Thalassotalea crassostreae	1763536	S	19	1	20	0.00000
Colwellia sp. PAMC 20917	1816218	S	25	1	26	0.00000
Colwellia sp. Arc7-D	2161872	S	16	3	19	0.00000
Colwellia sp. 20A7	2689569	S	13	1	14	0.00000
Colwellia sp. MT41	58049	S	10	1	11	0.00000
Colwellia sp. Arc7-635	2497879	S	10	1	11	0.00000
Colwellia psychrerythraea	28229	S	14	1	15	0.00000
Litorilituus sediminis	718192	S	17	1	18	0.00000
Cognaticolwellia beringensis	1967665	S	14	3	17	0.00000
Idiomarina sp. OT37-5b	2100422	S	66	12	78	0.00001
Idiomarina sp. X4	2055892	S	14	4	18	0.00000
Idiomarina abyssalis	86102	S	31	3	34	0.00000
Idiomarina loihiensis	135577	S	30	0	30	0.00000
Idiomarina piscisalsi	1096243	S	20	6	26	0.00000
Moritella sp. 24	2746230	S	12	3	15	0.00000
Moritella sp. 5	2746231	S	10	24	34	0.00000
Moritella yayanosii	69539	S	23	7	30	0.00000
Moritella marina	90736	S	20	5	25	0.00000
Psychromonas ingrahamii	357794	S	42	7	49	0.00000
Psychromonas sp. CNPT3	314282	S	13	3	16	0.00000
Aquicella siphonis	254247	S	3334	101	3435	0.00028
Aquicella lusitana	254246	S	131	4	135	0.00001
Coxiella burnetii	777	S	117	34	151	0.00001
Coxiella endosymbiont of Amblyomma nuttalli	2749996	S	32	2	34	0.00000
Coxiella endosymbiont of Amblyomma sculptum	2487929	S	20	4	24	0.00000
Candidatus Coxiella mudrowiae	2054173	S	34	2	36	0.00000
Candidatus Rickettsiella viridis	676208	S	10	9	19	0.00000
Rickettsiella endosymbiont of Dermanyssus gallinae	2856608	S	10	8	18	0.00000
Legionella pneumophila	446	S	691	158	849	0.00007
Legionella sp. MW5194	2662448	S	70	8	78	0.00001
Legionella sp. PC1000	2746060	S	38	5	43	0.00000
Legionella sp. PC997	2755562	S	25	4	29	0.00000
Legionella waltersii	66969	S	124	12	136	0.00001
Legionella geestiana	45065	S	121	7	128	0.00001
Legionella spiritensis	452	S	74	5	79	0.00001
Legionella fallonii	96230	S	48	2	50	0.00000
Legionella sainthelensi	28087	S	48	5	53	0.00000
Legionella longbeachae	450	S	38	4	42	0.00000
Legionella israelensis	454	S	37	1	38	0.00000
Legionella antarctica	2708020	S	33	1	34	0.00000
Legionella oakridgensis	29423	S	31	1	32	0.00000
Legionella cherrii	28084	S	31	1	32	0.00000
Legionella clemsonensis	1867846	S	29	2	31	0.00000
Legionella jordanis	456	S	29	2	31	0.00000
Legionella lansingensis	45067	S	28	1	29	0.00000
Legionella adelaidensis	45056	S	27	1	28	0.00000
Legionella anisa	28082	S	27	4	31	0.00000
Legionella hackeliae	449	S	25	2	27	0.00000
Legionella endosymbiont of Polyplax serrata	2005262	S	10	0	10	0.00000
Tatlockia micdadei	451	S	34	1	35	0.00000
Fluoribacter dumoffii	463	S	25	9	34	0.00000
Vibrio parahaemolyticus	670	S	120	39	159	0.00001
Vibrio harveyi	669	S	41	12	53	0.00000
Vibrio campbellii	680	S	32	28	60	0.00000
Vibrio alginolyticus	663	S	31	44	75	0.00001
Vibrio owensii	696485	S	30	16	46	0.00000
Vibrio diabolicus	50719	S	23	19	42	0.00000
Vibrio rotiferianus	190895	S	22	8	30	0.00000
Vibrio azureus	512649	S	21	2	23	0.00000
Vibrio natriegens	691	S	19	19	38	0.00000
Vibrio jasicida	766224	S	14	13	27	0.00000
Vibrio sp. OG9-811	2841925	S	96	15	111	0.00001
Vibrio sp. VB16	2785746	S	32	2	34	0.00000
Vibrio sp. B1FLJ16	2751178	S	32	7	39	0.00000
Vibrio sp. SCSIO 43132	2779363	S	27	9	36	0.00000
Vibrio sp. SS-MA-C1-2	2908646	S	21	3	24	0.00000
Vibrio sp. THAF190c	2587865	S	21	2	23	0.00000
Vibrio sp. HDW18	2714948	S	21	3	24	0.00000
Vibrio sp. Scap24	2589990	S	14	7	21	0.00000
Vibrio sp. ED004	2785124	S	11	5	16	0.00000
Vibrio fluvialis	676	S	180	32	212	0.00002
Vibrio furnissii	29494	S	169	54	223	0.00002
Vibrio vulnificus	672	S	150	30	180	0.00001
Vibrio sinaloensis	379097	S	38	5	43	0.00000
Vibrio tubiashii	29498	S	31	13	44	0.00000
Vibrio europaeus	300876	S	20	6	26	0.00000
Vibrio cholerae	666	S	90	1144	1234	0.00010
Vibrio anguillarum	55601	S	86	16	102	0.00001
Vibrio navarrensis	29495	S	57	15	72	0.00001
Vibrio cyclitrophicus	47951	S	54	13	67	0.00001
Vibrio maritimus	990268	S	50	5	55	0.00000
Vibrio mimicus	674	S	48	11	59	0.00000
Vibrio coralliilyticus	190893	S	45	13	58	0.00000
Vibrio gazogenes	687	S	40	4	44	0.00000
Vibrio nigripulchritudo	28173	S	38	7	45	0.00000
Vibrio tritonius	1435069	S	36	4	40	0.00000
Vibrio alfacsensis	1074311	S	35	15	50	0.00000
Vibrio taketomensis	2572923	S	35	4	39	0.00000
Vibrio spartinae	1918945	S	34	3	37	0.00000
Vibrio zhugei	2479546	S	34	8	42	0.00000
Vibrio astriarenae	1481923	S	34	4	38	0.00000
Vibrio tapetis	52443	S	34	2	36	0.00000
Vibrio metschnikovii	28172	S	33	6	39	0.00000
Vibrio ponticus	265668	S	31	2	33	0.00000
Vibrio mediterranei	689	S	31	3	34	0.00000
Vibrio penaeicida	104609	S	30	3	33	0.00000
Vibrio panuliri	1381081	S	30	4	34	0.00000
Vibrio algicola	2662262	S	28	4	32	0.00000
Vibrio cincinnatiensis	675	S	26	5	31	0.00000
Vibrio neptunius	170651	S	25	3	28	0.00000
Vibrio rumoiensis	76258	S	25	15	40	0.00000
Vibrio splendidus	29497	S	23	6	29	0.00000
Vibrio metoecus	1481663	S	23	7	30	0.00000
Vibrio crassostreae	246167	S	22	7	29	0.00000
Vibrio scophthalmi	45658	S	22	4	26	0.00000
Vibrio cidicii	1763883	S	22	7	29	0.00000
Vibrio breoganii	553239	S	21	2	23	0.00000
Vibrio chagasii	170679	S	20	3	23	0.00000
Vibrio gigantis	296199	S	17	4	21	0.00000
Vibrio kanaloae	170673	S	17	4	21	0.00000
Vibrio aquimaris	2587862	S	16	1	17	0.00000
Vibrio bathopelagicus	2777577	S	14	3	17	0.00000
Vibrio casei	673372	S	13	3	16	0.00000
Vibrio ziniensis	2711221	S	13	1	14	0.00000
Vibrio atlanticus	693153	S	12	2	14	0.00000
Vibrio aphrogenes	1891186	S	10	1	11	0.00000
Photobacterium sp. GJ3	2829502	S	102	14	116	0.00001
Photobacterium sp. TLY01	2907534	S	72	13	85	0.00001
Photobacterium gaetbulicola	1295392	S	119	12	131	0.00001
Photobacterium damselae	38293	S	102	49	151	0.00001
Photobacterium ganghwense	320778	S	97	23	120	0.00001
Photobacterium profundum	74109	S	19	2	21	0.00000
Salinivibrio kushneri	1908198	S	53	8	61	0.00000
Salinivibrio sp. YCSC6	2003370	S	11	19	30	0.00000
Salinivibrio costicola	51367	S	10	18	28	0.00000
Grimontia hollisae	673	S	76	9	85	0.00001
Thaumasiovibrio subtropicus	1891207	S	44	5	49	0.00000
Aliivibrio fischeri	668	S	20	3	23	0.00000
Aliivibrio salmonicida	40269	S	10	3	13	0.00000
Candidatus Enterovibrio luxaltus	1927128	S	16	0	16	0.00000
Immundisolibacter cernigliae	1810504	S	3099	587	3686	0.00030
Acinetobacter sp. WCHAc010034	1879049	S	126	57	183	0.00001
Acinetobacter sp. 10FS3-1	2563897	S	22	14	36	0.00000
Acinetobacter sp. TGL-Y2	1407071	S	18	1	19	0.00000
Acinetobacter sp. TTH0-4	1646498	S	17	3	20	0.00000
Acinetobacter sp. Marseille-Q1620	2714110	S	16	1	17	0.00000
Acinetobacter sp. ASP199	2773709	S	15	7	22	0.00000
Acinetobacter sp. LoGeW2-3	1808001	S	14	3	17	0.00000
Acinetobacter sp. CS-2	2798861	S	13	7	20	0.00000
Acinetobacter baumannii	470	S	112	565	677	0.00005
Acinetobacter pittii	48296	S	30	54	84	0.00001
Acinetobacter calcoaceticus	471	S	29	4	33	0.00000
Acinetobacter seifertii	1530123	S	28	12	40	0.00000
Acinetobacter nosocomialis	106654	S	13	6	19	0.00000
Acinetobacter indicus	756892	S	74	52	126	0.00001
Acinetobacter johnsonii	40214	S	57	64	121	0.00001
Acinetobacter soli	487316	S	33	3	36	0.00000
Acinetobacter lwoffii	28090	S	32	52	84	0.00001
Acinetobacter schindleri	108981	S	31	25	56	0.00000
Acinetobacter radioresistens	40216	S	28	5	33	0.00000
Acinetobacter haemolyticus	29430	S	25	15	40	0.00000
Acinetobacter wuhouensis	1879050	S	23	11	34	0.00000
Acinetobacter equi	1324350	S	21	2	23	0.00000
Acinetobacter tandoii	202954	S	21	2	23	0.00000
Acinetobacter junii	40215	S	19	7	26	0.00000
Acinetobacter larvae	1789224	S	18	1	19	0.00000
Acinetobacter baylyi	202950	S	17	1	18	0.00000
Acinetobacter variabilis	70346	S	17	24	41	0.00000
Acinetobacter bouvetii	202951	S	16	3	19	0.00000
Acinetobacter piscicola	2006115	S	16	8	24	0.00000
Acinetobacter defluvii	1871111	S	15	10	25	0.00000
Acinetobacter gyllenbergii	134534	S	15	1	16	0.00000
Acinetobacter towneri	202956	S	14	30	44	0.00000
Acinetobacter portensis	1839785	S	13	12	25	0.00000
Acinetobacter shaoyimingii	2715164	S	11	1	12	0.00000
Psychrobacter sp. DAB_AL43B	1028416	S	23	11	34	0.00000
Psychrobacter sp. 28M-43	2772254	S	16	15	31	0.00000
Psychrobacter sp. P11F6	1699621	S	15	21	36	0.00000
Psychrobacter sp. P11G5	1699624	S	15	46	61	0.00000
Psychrobacter sp. KCTC 72983	2733866	S	15	52	67	0.00001
Psychrobacter sp. WY6	2708350	S	10	13	23	0.00000
Psychrobacter arenosus	256326	S	37	5	42	0.00000
Psychrobacter urativorans	45610	S	19	8	27	0.00000
Psychrobacter arcticus	334543	S	13	17	30	0.00000
Moraxella osloensis	34062	S	96	15	111	0.00001
Moraxella bovoculi	386891	S	28	31	59	0.00000
Moraxella bovis	476	S	22	4	26	0.00000
Moraxella catarrhalis	480	S	21	3	24	0.00000
Moraxella sp. ZY201115	2904121	S	21	1	22	0.00000
Moraxella cuniculi	34061	S	18	1	19	0.00000
Moraxella nonliquefaciens	478	S	10	1	11	0.00000
Aquirhabdus parva	2283318	S	58	2	60	0.00000
Candidatus Endoriftia persephone	393765	S	692	33	725	0.00006
Candidatus Ruthia magnifica	386487	S	11	3	14	0.00000
Bathymodiolus thermophilus thioautotrophic gill symbiont	2360	S	16	1	17	0.00000
Bathymodiolus septemdierum thioautotrophic gill symbiont	113267	S	14	2	16	0.00000
Sedimenticola thiotaurini	1543721	S	391	16	407	0.00003
Candidatus Reidiella endopervernicosa	2738883	S	300	5	305	0.00002
Thiolapillus brandeum	1076588	S	243	5	248	0.00002
Pseudohongiella spirulinae	1249552	S	138	3	141	0.00001
Gallaecimonas mangrovi	2291597	S	95	7	102	0.00001
Celerinatantimonas diazotrophica	412034	S	41	3	44	0.00000
Ignatzschineria sp. HR5S32	2923279	S	30	2	32	0.00000
Candidatus Pseudothioglobus singularis	1427364	S	24	7	31	0.00000
Candidatus Thioglobus autotrophicus	1705394	S	15	1	16	0.00000
Candidatus Azoamicus ciliaticola	2652803	S	13	1	14	0.00000
Thiomicrorhabdus xiamenensis	2739063	S	76	4	80	0.00001
Thiomicrorhabdus aquaedulcis	2211106	S	36	1	37	0.00000
Thiomicrorhabdus sediminis	2580412	S	35	1	36	0.00000
Thiomicrorhabdus sp. Am19	2791037	S	32	1	33	0.00000
Thiomicrorhabdus indica	2267253	S	17	0	17	0.00000
Methylophaga frappieri	754477	S	58	32	90	0.00001
Methylophaga nitratireducenticrescens	754476	S	54	10	64	0.00001
Methylophaga sp. TMB456	2881052	S	46	16	62	0.00001
Thiomicrospira sp. S5	1803865	S	54	36	90	0.00001
Thiomicrospira cyclica	147268	S	41	4	45	0.00000
Thiomicrospira aerophila	92245	S	32	7	39	0.00000
Thiomicrospira microaerophila	406020	S	30	7	37	0.00000
Hydrogenovibrio thermophilus	265883	S	62	41	103	0.00001
Hydrogenovibrio marinus	28885	S	41	1	42	0.00000
Hydrogenovibrio crunogenus	39765	S	16	0	16	0.00000
Thiosulfatimonas sediminis	2675054	S	43	2	45	0.00000
Piscirickettsia salmonis	1238	S	39	2	41	0.00000
Thiosulfativibrio zosterae	2675053	S	26	1	27	0.00000
Thiothrix litoralis	2891210	S	154	10	164	0.00001
Thiothrix subterranea	2735563	S	110	27	137	0.00001
Thiothrix sp. CT3	96472	S	102	30	132	0.00001
Thiothrix unzii	111769	S	80	38	118	0.00001
Candidatus Thiothrix anitrata	2823902	S	49	26	75	0.00001
Beggiatoa leptomitoformis	288004	S	54	0	54	0.00000
Francisella tularensis	263	S	20	72	92	0.00001
Francisella philomiragia	28110	S	14	8	22	0.00000
Francisella frigiditurris	1542390	S	12	0	12	0.00000
Francisella halioticida	549298	S	11	0	11	0.00000
Salinisphaera sp. LB1	2183911	S	1453	54	1507	0.00012
endosymbiont of unidentified scaly snail isolate Monju	1248727	S	1162	96	1258	0.00010
Pasteurella multocida	747	S	163	373	536	0.00004
Pasteurella canis	753	S	10	2	12	0.00000
Haemophilus parainfluenzae	729	S	59	22	81	0.00001
Haemophilus influenzae	727	S	38	32	70	0.00001
[Haemophilus] ducreyi	730	S	20	8	28	0.00000
Haemophilus haemolyticus	726	S	18	8	26	0.00000
Haemophilus parahaemolyticus	735	S	16	3	19	0.00000
Haemophilus pittmaniae	249188	S	13	2	15	0.00000
Aggregatibacter actinomycetemcomitans	714	S	64	9	73	0.00001
Aggregatibacter aphrophilus	732	S	38	19	57	0.00000
Aggregatibacter sp. Marseille-P9115	2866570	S	13	12	25	0.00000
Aggregatibacter sp. oral taxon 513	712150	S	10	9	19	0.00000
Aggregatibacter sp. 2125159857	2820817	S	10	4	14	0.00000
Actinobacillus sp. GY-402	2774188	S	48	21	69	0.00001
Actinobacillus pleuropneumoniae	715	S	21	21	42	0.00000
Actinobacillus porcitonsillarum	189834	S	11	4	15	0.00000
Mannheimia granulomatis	85402	S	33	6	39	0.00000
Mannheimia varigena	85404	S	26	15	41	0.00000
Mannheimia haemolytica	75985	S	25	9	34	0.00000
Avibacterium paragallinarum	728	S	27	6	33	0.00000
Avibacterium volantium	762	S	11	2	13	0.00000
Glaesserella parasuis	738	S	25	21	46	0.00000
Glaesserella sp. 15-184	2030797	S	24	7	31	0.00000
Rodentibacter heylii	1906744	S	27	2	29	0.00000
Rodentibacter haemolyticus	2778911	S	12	1	13	0.00000
Gallibacterium anatis	750	S	21	5	26	0.00000
Histophilus somni	731	S	18	4	22	0.00000
Bibersteinia trehalosi	47735	S	14	7	21	0.00000
Vespertiliibacter pulmonis	1443036	S	13	2	15	0.00000
Bisgaardia hudsonensis	109472	S	12	1	13	0.00000
Frederiksenia canicola	123824	S	11	2	13	0.00000
Cardiobacterium hominis	2718	S	420	89	509	0.00004
Cardiobacterium sp. Marseille-Q4385	2866573	S	289	53	342	0.00003
Suttonella sp. R2A3	2908648	S	42	2	44	0.00000
Dichelobacter nodosus	870	S	27	6	33	0.00000
Kangiella koreensis	261964	S	44	5	49	0.00000
Kangiella profundi	1561924	S	39	6	45	0.00000
Kangiella geojedonensis	914150	S	23	1	24	0.00000
Kangiella sediminilitoris	1144748	S	23	1	24	0.00000
Gilliamella sp. ESL0441	2704654	S	16	11	27	0.00000
Gilliamella sp. ESL0405	2704653	S	11	3	14	0.00000
Gilliamella apicola	1196095	S	12	4	16	0.00000
Zophobihabitans entericus	1635327	S	21	1	22	0.00000
Acidithiobacillus caldus	33059	S	451	68	519	0.00004
Acidithiobacillus ferrivorans	160808	S	251	42	293	0.00002
Acidithiobacillus ferrooxidans	920	S	202	161	363	0.00003
Acidithiobacillus thiooxidans	930	S	119	5	124	0.00001
Acidithiobacillus ferriphilus	1689834	S	116	20	136	0.00001
Acidithiobacillus ferridurans	1232575	S	20	146	166	0.00001
Acidithiobacillus sp. 'AMD consortium'	2614801	S	12	138	150	0.00001
Bdellovibrio bacteriovorus	959	S	338	40	378	0.00003
Bdellovibrio sp. LBG001	2835041	S	75	8	83	0.00001
Bdellovibrio sp. NC01	2220073	S	62	7	69	0.00001
Bdellovibrio sp. ZAP7	2231053	S	53	24	77	0.00001
Bdellovibrio sp. KM01	2748865	S	43	20	63	0.00001
Pseudobdellovibrio exovorus	453816	S	49	2	51	0.00000
Bacteriovorax stolpii	960	S	50	12	62	0.00001
Halobacteriovorax marinus	97084	S	15	6	21	0.00000
Halobacteriovorax sp. BALOs_7	2109558	S	13	4	17	0.00000
Fluviispira sanaruensis	2493639	S	28	7	35	0.00000
Silvanigrella aquatica	1915309	S	22	5	27	0.00000
Hydrogenophilus thermoluteolus	297	S	604	88	692	0.00006
Mariprofundus ferrinatatus	1921087	S	173	23	196	0.00002
Mariprofundus aestuarium	1921086	S	110	16	126	0.00001
Gemmata obscuriglobus	114	S	18531	2885	21416	0.00174
Gemmata massiliana	1210884	S	7187	3076	10263	0.00083
Gemmata sp. SH-PL17	1630693	S	6717	3242	9959	0.00081
Urbifossiella limnaea	2528023	S	32949	2590	35539	0.00288
Frigoriglobus tundricola	2774151	S	21536	3318	24854	0.00202
Limnoglobus roseus	2598579	S	15489	678	16167	0.00131
Tuwongella immobilis	692036	S	1590	61	1651	0.00013
Telmatocola sphagniphila	1123043	S	1459	12	1471	0.00012
Tautonia plasticadhaerens	2527974	S	32229	2438	34667	0.00281
Aquisphaera giovannonii	406548	S	23915	3632	27547	0.00224
Paludisphaera borealis	1387353	S	15500	3125	18625	0.00151
Singulisphaera acidiphila	466153	S	10551	1424	11975	0.00097
Isosphaera pallida	128	S	2088	140	2228	0.00018
Planctomyces sp. SH-PL62	1636152	S	14145	4364	18509	0.00150
Planctomyces sp. SH-PL14	1632864	S	5824	355	6179	0.00050
Gimesia panareensis	2527978	S	1200	147	1347	0.00011
Gimesia chilikensis	2605989	S	718	454	1172	0.00010
Gimesia maris	122	S	467	75	542	0.00004
Gimesia algae	2527971	S	300	78	378	0.00003
Gimesia alba	2527973	S	297	54	351	0.00003
Gimesia fumaroli	2527976	S	254	53	307	0.00002
Gimesia benthica	2608982	S	191	281	472	0.00004
Gimesia aquarii	2527964	S	184	12	196	0.00002
Caulifigura coniformis	2527983	S	4439	284	4723	0.00038
Maioricimonas rarisocia	2528026	S	4058	526	4584	0.00037
Alienimonas californiensis	2527989	S	3622	255	3877	0.00031
Symmachiella dynata	2527995	S	1548	94	1642	0.00013
Planctopirus ephydatiae	2528019	S	308	139	447	0.00004
Planctopirus limnophila	120	S	285	121	406	0.00003
Rubinisphaera brasiliensis	119	S	795	79	874	0.00007
Fuerstiella marisgermanici	1891926	S	788	14	802	0.00007
Calycomorphotria hydatis	2528027	S	743	28	771	0.00006
Crateriforma conspicua	2527996	S	699	125	824	0.00007
Thalassoglobus polymorphus	2527994	S	334	17	351	0.00003
Polystyrenella longa	2528007	S	287	25	312	0.00003
Lacipirellula parvula	2650471	S	4409	542	4951	0.00040
Lacipirellula limnantheis	2528024	S	4141	602	4743	0.00038
Pirellulimonas nuda	2528009	S	4935	558	5493	0.00045
Botrimarina mediterranea	2528022	S	4204	410	4614	0.00037
Aeoliella mucimassa	2527972	S	1510	136	1646	0.00013
Adhaeretor mobilis	1930276	S	837	88	925	0.00008
Bythopirellula goksoeyrii	1400387	S	706	56	762	0.00006
Lignipirellula cremea	2528010	S	3257	370	3627	0.00029
Stieleria neptunia	2527979	S	1413	163	1576	0.00013
Stieleria maiorica	2795974	S	1399	274	1673	0.00014
Rosistilla oblonga	2527990	S	795	382	1177	0.00010
Rosistilla ulvae	1930277	S	542	323	865	0.00007
Rosistilla carotiformis	2528017	S	538	230	768	0.00006
Anatilimnocola aggregata	2528021	S	2463	262	2725	0.00022
Bremerella volcania	2527984	S	1921	135	2056	0.00017
Pirellula staleyi	125	S	1308	48	1356	0.00011
Pirellula sp. SH-Sr6A	1632865	S	449	12	461	0.00004
Roseimaritima ulvae	980254	S	1246	78	1324	0.00011
Roseimaritima multifibrata	1930274	S	362	39	401	0.00003
Rubripirellula lacrimiformis	1930273	S	678	124	802	0.00007
Mariniblastus fucicola	980251	S	508	9	517	0.00004
Aureliella helgolandensis	2527968	S	454	36	490	0.00004
Rhodopirellula baltica	265606	S	449	29	478	0.00004
Thermogutta terrifontis	1331910	S	656	20	676	0.00005
Humisphaera borealis	2807512	S	6137	128	6265	0.00051
Phycisphaera mikurensis	547188	S	2818	197	3015	0.00024
Mucisphaera calidilacus	2527982	S	1307	72	1379	0.00011
Poriferisphaera corsica	2528020	S	181	1	182	0.00001
Anaerohalosphaera lusitana	1936003	S	252	6	258	0.00002
Limihaloglobus sulfuriphilus	1851148	S	118	6	124	0.00001
Sedimentisphaera salicampi	1941349	S	46	13	59	0.00000
Sedimentisphaera cyanobacteriorum	1940790	S	41	51	92	0.00001
Candidatus Kuenenia stuttgartiensis	174633	S	142	0	142	0.00001
Candidatus Uabimicrobium amorphum	2596890	S	82	1	83	0.00001
Opitutus terrae	107709	S	4135	184	4319	0.00035
Opitutus sp. GAS368	1882749	S	3853	569	4422	0.00036
Lacunisphaera limnophila	1838286	S	3039	448	3487	0.00028
Oleiharenicola sp. KSB-15	2862869	S	2062	110	2172	0.00018
Nibricoccus aquaticus	2576891	S	1643	77	1720	0.00014
Ereboglobus luteus	1796921	S	1330	66	1396	0.00011
Ruficoccus sp. ZRK36	2866311	S	616	62	678	0.00006
Coraliomargarita akajimensis	395922	S	161	3	164	0.00001
Verrucomicrobium sp. GAS474	1882831	S	2144	218	2362	0.00019
Verrucomicrobium spinosum	2736	S	1074	75	1149	0.00009
Luteolibacter ambystomatis	2824561	S	1229	93	1322	0.00011
Luteolibacter luteus	2728835	S	995	53	1048	0.00009
Roseimicrobium sp. ORNL1	2711231	S	1344	56	1400	0.00011
Sulfuriroseicoccus oceanibius	2707525	S	366	46	412	0.00003
Akkermansia muciniphila	239935	S	826	85	911	0.00007
Akkermansia glycaniphila	1679444	S	315	23	338	0.00003
Methylacidimicrobium sp. AP8	2730359	S	601	94	695	0.00006
Methylacidimicrobium sp. B4	2796139	S	540	124	664	0.00005
Candidatus Xiphinematobacter sp. Idaho Grape	1704307	S	193	16	209	0.00002
Methylacidiphilum sp. IT6	2795386	S	27	2	29	0.00000
Methylacidiphilum sp. IT5	2795384	S	13	29	42	0.00000
Methylacidiphilum kamchatkense	431057	S	33	2	35	0.00000
Methylacidiphilum infernorum	511746	S	10	21	31	0.00000
Kiritimatiella glycovorans	1307763	S	769	831	1600	0.00013
Tichowtungia aerotolerans	2697043	S	274	8	282	0.00002
Candidatus Protochlamydia naegleriophila	389348	S	83	57	140	0.00001
Candidatus Protochlamydia amoebophila	362787	S	62	41	103	0.00001
Parachlamydia acanthamoebae	83552	S	80	21	101	0.00001
Neochlamydia sp. S13	1353976	S	50	8	58	0.00000
Candidatus Rhabdochlamydia oedothoracis	2720720	S	23	25	48	0.00000
Candidatus Rhabdochlamydia porcellionis	225148	S	16	23	39	0.00000
Waddlia chondrophila	71667	S	48	9	57	0.00000
Simkania negevensis	83561	S	43	4	47	0.00000
Chlamydia pneumoniae	83558	S	15	46	61	0.00000
Candidatus Velamenicoccus archaeovorus	1930593	S	286	0	286	0.00002
Gemmatirosa kalamazoonesis	861299	S	77053	5024	82077	0.00666
Gemmatimonas groenlandica	2732249	S	6953	762	7715	0.00063
Gemmatimonas aurantiaca	173480	S	5127	501	5628	0.00046
Gemmatimonas phototrophica	1379270	S	4314	583	4897	0.00040
Hymenobacter sp. 5317J-9	2932250	S	743	174	917	0.00007
Hymenobacter sp. PAMC 26554	1484116	S	721	69	790	0.00006
Hymenobacter sp. PAMC 26628	1484118	S	711	173	884	0.00007
Hymenobacter sp. APR13	1356852	S	598	246	844	0.00007
Hymenobacter sp. BRD128	2675878	S	568	75	643	0.00005
Hymenobacter sp. 5116S-3	2932248	S	401	62	463	0.00004
Hymenobacter sp. 5116S-27	2932249	S	393	62	455	0.00004
Hymenobacter sp. BT18	2835648	S	356	46	402	0.00003
Hymenobacter sp. DG01	2584940	S	318	88	406	0.00003
Hymenobacter sp. S2-20-2	2761579	S	313	48	361	0.00003
Hymenobacter sp. 5420S-77	2932254	S	286	39	325	0.00003
Hymenobacter sp. BRD67	2675877	S	281	276	557	0.00005
Hymenobacter sp. NBH84	2596915	S	280	42	322	0.00003
Hymenobacter sp. DG25B	1385664	S	264	100	364	0.00003
Hymenobacter sp. 5413J-13	2932251	S	259	38	297	0.00002
Hymenobacter sp. DG25A	1385663	S	214	83	297	0.00002
Hymenobacter sp. HDW8	2714932	S	119	393	512	0.00004
Hymenobacter sp. 5516S-25	2933777	S	72	308	380	0.00003
Hymenobacter sp. 5516J-16	2932253	S	71	322	393	0.00003
Hymenobacter monticola	1705399	S	678	124	802	0.00007
Hymenobacter busanensis	2607656	S	678	72	750	0.00006
Hymenobacter sedentarius	1411621	S	658	97	755	0.00006
Hymenobacter nivis	1850093	S	508	130	638	0.00005
Hymenobacter oligotrophus	2319843	S	459	47	506	0.00004
Hymenobacter jejuensis	2502781	S	409	30	439	0.00004
Hymenobacter swuensis	1446467	S	304	67	371	0.00003
Hymenobacter baengnokdamensis	2615203	S	282	309	591	0.00005
Hymenobacter tibetensis	497967	S	267	41	308	0.00003
Hymenobacter qilianensis	1385715	S	256	46	302	0.00002
Hymenobacter radiodurans	2496028	S	103	355	458	0.00004
Pontibacter russatus	2694929	S	656	65	721	0.00006
Pontibacter actiniarum	323450	S	377	88	465	0.00004
Pontibacter akesuensis	388950	S	202	30	232	0.00002
Pontibacter sp. SGAir0037	2571030	S	104	17	121	0.00001
Pontibacter korlensis	400092	S	93	13	106	0.00001
Pontibacter pudoricolor	2694930	S	92	10	102	0.00001
Rufibacter radiotolerans	1379910	S	176	23	199	0.00002
Rufibacter tibetensis	512763	S	135	25	160	0.00001
Rufibacter sp. DG15C	1379909	S	110	70	180	0.00001
Adhaeribacter swui	2086471	S	100	11	111	0.00001
Adhaeribacter radiodurans	2745197	S	83	8	91	0.00001
Nibribacter ruber	2698458	S	122	77	199	0.00002
Spirosoma sp. CJU-R4	2728024	S	377	26	403	0.00003
Spirosoma sp. KUDC1026	2745947	S	214	17	231	0.00002
Spirosoma sp. RHs26	2898794	S	154	10	164	0.00001
Spirosoma sp. KCTC 42546	2520506	S	148	17	165	0.00001
Spirosoma sp. KCTC 72228	2710596	S	119	13	132	0.00001
Spirosoma rigui	564064	S	281	18	299	0.00002
Spirosoma taeanense	2735870	S	261	21	282	0.00002
Spirosoma montaniterrae	1178516	S	213	11	224	0.00002
Spirosoma pollinicola	2057025	S	159	13	172	0.00001
Spirosoma endbachense	2666025	S	155	72	227	0.00002
Spirosoma radiotolerans	1379870	S	152	10	162	0.00001
Spirosoma aerolatum	1211326	S	139	6	145	0.00001
Spirosoma aureum	2692134	S	107	60	167	0.00001
Rhodocytophaga rosea	2704465	S	109	3	112	0.00001
Aquirufa sp. 9H-EGSE	2696560	S	33	11	44	0.00000
Cytophaga hutchinsonii	985	S	42	3	45	0.00000
Dyadobacter fermentans	94254	S	508	37	545	0.00004
Dyadobacter sp. LJ419	2906456	S	109	6	115	0.00001
Dyadobacter sp. NIV53	2861765	S	52	2	54	0.00000
Dyadobacter sandarakinus	2747268	S	151	11	162	0.00001
Fibrella aestuarina	651143	S	537	48	585	0.00005
Fibrella sp. ES10-3-2-2	1834519	S	206	16	222	0.00002
Runella slithyformis	106	S	162	8	170	0.00001
Runella rosea	2259595	S	117	7	124	0.00001
Runella sp. SP2	2268026	S	103	5	108	0.00001
Larkinella sp. IE-0392	2907205	S	138	8	146	0.00001
Leadbetterella byssophila	316068	S	33	15	48	0.00000
Arcticibacterium luteifluviistationis	1784714	S	21	1	22	0.00000
Chryseolinea soli	2321403	S	737	17	754	0.00006
Fulvivirga sp. SS9-22	2904245	S	28	3	31	0.00000
Fulvivirga sp. W9P-11	2904246	S	26	13	39	0.00000
Fulvivirga sp. SW1-E11	2904247	S	25	17	42	0.00000
Fulvivirga lutea	2810512	S	29	4	33	0.00000
Echinicola strongylocentroti	1795355	S	59	8	67	0.00001
Echinicola sp. 20G	2781961	S	30	2	32	0.00000
Echinicola sp. SCS 3-6	2859768	S	27	8	35	0.00000
Echinicola soli	2591634	S	49	3	52	0.00000
Echinicola rosea	1807691	S	47	16	63	0.00001
Echinicola vietnamensis	390884	S	45	18	63	0.00001
Algoriphagus sp. Y33	2772483	S	50	4	54	0.00000
Algoriphagus sp. NBT04N3	2705473	S	19	4	23	0.00000
Algoriphagus sanaruensis	1727163	S	41	4	45	0.00000
Algoriphagus machipongonensis	388413	S	21	1	22	0.00000
Cyclobacterium amurskyense	320787	S	28	2	30	0.00000
Cyclobacterium marinum	104	S	17	3	20	0.00000
Aquiflexum balticum	280473	S	44	4	48	0.00000
Mongoliitalea daihaiensis	2782006	S	33	2	35	0.00000
Belliella baltica	232259	S	17	6	23	0.00000
Flammeovirga kamogawensis	373891	S	15	3	18	0.00000
Flammeovirga pectinis	2494373	S	15	3	18	0.00000
Flammeovirga yaeyamensis	367791	S	10	12	22	0.00000
Flammeovirga sp. MY04	1191459	S	10	12	22	0.00000
Candidatus Amoebophilus asiaticus	281120	S	35	0	35	0.00000
Marivirga tractuosa	1006	S	41	13	54	0.00000
Mangrovivirga cuniculi	2715131	S	31	1	32	0.00000
Bernardetia litoralis	999	S	20	1	21	0.00000
Niastella koreensis	354356	S	3360	254	3614	0.00029
Chitinophaga sp. XS-30	2604421	S	306	101	407	0.00003
Chitinophaga sp. KRA15-503	2829818	S	185	89	274	0.00002
Chitinophaga oryzae	2725414	S	398	43	441	0.00004
Chitinophaga filiformis	104663	S	225	26	251	0.00002
Chitinophaga alhagiae	2203219	S	170	2	172	0.00001
Chitinophaga agri	2703787	S	141	26	167	0.00001
Chitinophaga pinensis	79329	S	135	20	155	0.00001
Chitinophaga caeni	2029983	S	96	13	109	0.00001
Flavisolibacter ginsenosidimutans	661481	S	670	33	703	0.00006
Flavisolibacter tropicus	1492898	S	508	62	570	0.00005
Panacibacter ginsenosidivorans	1813871	S	1151	39	1190	0.00010
Paraflavitalea soli	2315862	S	576	31	607	0.00005
Pseudocnuella soli	2502779	S	565	50	615	0.00005
Pseudobacter ginsenosidimutans	661488	S	499	31	530	0.00004
Flavihumibacter sp. IMCC34838	2838156	S	254	16	270	0.00002
Flavihumibacter sp. IMCC34837	2838157	S	196	9	205	0.00002
Niabella ginsenosidivorans	1176587	S	200	15	215	0.00002
Niabella soli	446683	S	198	18	216	0.00002
Arachidicoccus sp. BS20	1850526	S	98	30	128	0.00001
Arachidicoccus sp. 5GH13-10	2875539	S	85	9	94	0.00001
Arachidicoccus sp. B3-10	2545455	S	60	4	64	0.00001
Arachidicoccus soli	2341117	S	71	5	76	0.00001
Arachidicoccus ginsenosidivorans	496057	S	61	5	66	0.00001
Ferruginibacter sp. KIS38-8	2875540	S	176	12	188	0.00002
Ferruginibacter lapsinanis	563172	S	142	9	151	0.00001
Lacibacter sp. S13-6-6	2760713	S	306	10	316	0.00003
Phnomibacter ginsenosidimutans	2676868	S	244	21	265	0.00002
Filimonas lacunae	477680	S	170	14	184	0.00001
Rhodocaloribacter litoris	2558931	S	3607	278	3885	0.00032
Rhodothermus marinus	29549	S	3488	139	3627	0.00029
Salinibacter ruber	146919	S	2236	25	2261	0.00018
Alistipes dispar	2585119	S	506	54	560	0.00005
Alistipes onderdonkii	328813	S	481	540	1021	0.00008
Alistipes communis	2585118	S	465	319	784	0.00006
Alistipes finegoldii	214856	S	387	340	727	0.00006
Alistipes senegalensis	1288121	S	379	83	462	0.00004
Alistipes megaguti	2364787	S	331	32	363	0.00003
Alistipes shahii	328814	S	330	187	517	0.00004
Alistipes sp. dk3624	2662363	S	324	62	386	0.00003
Alistipes indistinctus	626932	S	252	47	299	0.00002
Prevotella sp. Rep29	2691580	S	71	8	79	0.00001
Prevotella sp. E13-17	2913616	S	44	1	45	0.00000
Prevotella sp. oral taxon 475	712471	S	42	3	45	0.00000
Prevotella sp. E15-22	2937774	S	34	2	36	0.00000
Prevotella sp. E9-3	2913621	S	25	4	29	0.00000
Prevotella sp. E2-28	2913620	S	17	1	18	0.00000
Prevotella sp. E13-3	2913617	S	10	40	50	0.00000
Prevotella sp. E2-25	2913619	S	10	37	47	0.00000
Prevotella dentalis	52227	S	249	39	288	0.00002
Prevotella multiformis	282402	S	80	30	110	0.00001
Prevotella denticola	28129	S	76	22	98	0.00001
Prevotella melaninogenica	28132	S	67	20	87	0.00001
Prevotella copri	165179	S	54	22	76	0.00001
Prevotella intermedia	28131	S	51	21	72	0.00001
Prevotella ruminicola	839	S	46	1	47	0.00000
Prevotella buccalis	28127	S	33	32	65	0.00001
Prevotella enoeca	76123	S	22	3	25	0.00000
Prevotella oris	28135	S	21	2	23	0.00000
Prevotella jejuni	1177574	S	17	6	23	0.00000
Prevotella bryantii	77095	S	14	1	15	0.00000
Prevotella veroralis	28137	S	14	2	16	0.00000
Prevotella herbatica	2801997	S	14	0	14	0.00000
Prevotella nigrescens	28133	S	12	7	19	0.00000
Paraprevotella xylaniphila	454155	S	46	37	83	0.00001
Pseudoprevotella muciniphila	2133944	S	43	7	50	0.00000
Bacteroides sp. CBA7301	2715212	S	41	29	70	0.00001
Bacteroides fragilis	817	S	65	108	173	0.00001
Bacteroides eggerthii	28111	S	65	64	129	0.00001
Bacteroides cellulosilyticus	246787	S	59	19	78	0.00001
Bacteroides thetaiotaomicron	818	S	56	33	89	0.00001
Bacteroides heparinolyticus	28113	S	54	13	67	0.00001
Bacteroides zoogleoformans	28119	S	48	12	60	0.00000
Bacteroides stercoris	46506	S	47	42	89	0.00001
Bacteroides uniformis	820	S	33	100	133	0.00001
Bacteroides intestinalis	329854	S	29	5	34	0.00000
Bacteroides faecis	674529	S	29	22	51	0.00000
Bacteroides salyersiae	291644	S	26	22	48	0.00000
Bacteroides zhangwenhongii	2650157	S	24	14	38	0.00000
Bacteroides helcogenes	290053	S	21	0	21	0.00000
Bacteroides nordii	291645	S	21	14	35	0.00000
Bacteroides caccae	47678	S	20	2	22	0.00000
Bacteroides coprosuis	151276	S	18	1	19	0.00000
Bacteroides xylanisolvens	371601	S	17	38	55	0.00000
Bacteroides luhongzhouii	2650158	S	15	7	22	0.00000
Bacteroides caecimuris	1796613	S	10	12	22	0.00000
Phocaeicola salanitronis	376805	S	80	31	111	0.00001
Phocaeicola coprophilus	387090	S	39	18	57	0.00000
Phocaeicola vulgatus	821	S	22	26	48	0.00000
Phocaeicola dorei	357276	S	13	31	44	0.00000
Tannerella serpentiformis	712710	S	263	12	275	0.00002
Tannerella forsythia	28112	S	110	8	118	0.00001
Parabacteroides goldsteinii	328812	S	66	14	80	0.00001
Parabacteroides merdae	46503	S	60	59	119	0.00001
Parabacteroides distasonis	823	S	50	124	174	0.00001
Parabacteroides johnsonii	387661	S	37	26	63	0.00001
Sodaliphilus pleomorphus	2606626	S	216	96	312	0.00003
Duncaniella dubosii	2518971	S	55	11	66	0.00001
Muribaculum gordoncarteri	2530390	S	92	8	100	0.00001
Muribaculum intestinale	1796646	S	80	6	86	0.00001
Porphyromonas sp. oral taxon 275	712435	S	200	15	215	0.00002
Porphyromonas gingivalis	837	S	67	8	75	0.00001
Porphyromonas asaccharolytica	28123	S	67	3	70	0.00001
Porphyromonas somerae	322095	S	49	10	59	0.00000
Porphyromonas cangingivalis	36874	S	36	3	39	0.00000
Porphyromonas crevioricanis	393921	S	18	3	21	0.00000
Porphyromonas endodontalis	28124	S	17	1	18	0.00000
Proteiniphilum saccharofermentans	1642647	S	72	5	77	0.00001
Proteiniphilum sp. JNU-WLY501	2829812	S	20	0	20	0.00000
Petrimonas mucosa	1642646	S	81	3	84	0.00001
Barnesiella viscericola	397865	S	115	134	249	0.00002
Butyricimonas faecalis	2093856	S	29	27	56	0.00000
Butyricimonas virosa	544645	S	21	5	26	0.00000
Odoribacter splanchnicus	28118	S	32	3	35	0.00000
Paludibacter propionicigenes	185300	S	29	0	29	0.00000
Salinivirga cyanobacteriivorans	1307839	S	28	0	28	0.00000
Tenuifilum thalassicum	2590900	S	19	0	19	0.00000
Draconibacterium orientale	1168034	S	47	2	49	0.00000
Draconibacterium halophilum	2706887	S	25	1	26	0.00000
Maribellus comscasis	2681766	S	52	1	53	0.00000
Alkalitalea saponilacus	889453	S	35	2	37	0.00000
Labilibaculum antarcticum	1717717	S	25	1	26	0.00000
Flavobacterium sp. HJ-32-4	1160795	S	159	9	168	0.00001
Flavobacterium sp. KSM-R2A25	2895947	S	126	32	158	0.00001
Flavobacterium sp. KSM-R2A30	2897181	S	102	33	135	0.00001
Flavobacterium sp. CLA17	2724135	S	39	6	45	0.00000
Flavobacterium sp. IGB 4-14	1871076	S	35	2	37	0.00000
Flavobacterium sp. MDT1-60	1979344	S	33	6	39	0.00000
Flavobacterium sp. CJ74	2294119	S	33	2	35	0.00000
Flavobacterium sp. M31R6	2739062	S	27	3	30	0.00000
Flavobacterium sp. F-323	2893885	S	25	5	30	0.00000
Flavobacterium sp. SLB02	2665645	S	25	4	29	0.00000
Flavobacterium sp. KBS0721	1179672	S	20	5	25	0.00000
Flavobacterium sp. F-340	2893886	S	20	6	26	0.00000
Flavobacterium sp. B183	907046	S	19	3	22	0.00000
Flavobacterium sp. F-70	2893884	S	18	3	21	0.00000
Flavobacterium sp. F-29	2893883	S	17	3	20	0.00000
Flavobacterium sp. Sr18	935222	S	16	2	18	0.00000
Flavobacterium sp. I3-2	2748319	S	15	23	38	0.00000
Flavobacterium sp. WSW3-B6	2856519	S	15	1	16	0.00000
Flavobacterium sp. GENT5	1751095	S	15	3	18	0.00000
Flavobacterium sp. MMS21-Er5	2937442	S	15	6	21	0.00000
Flavobacterium sp. K5-23	2746225	S	14	3	17	0.00000
Flavobacterium sp. CS20	2775246	S	14	5	19	0.00000
Flavobacterium sp. KK2020170	2830782	S	14	4	18	0.00000
Flavobacterium sp. LPB0248	2614441	S	14	7	21	0.00000
Flavobacterium sp. 140616W15	2478552	S	14	2	16	0.00000
Flavobacterium sp. CHNK8	2871165	S	11	10	21	0.00000
Flavobacterium sp. xlx-214	2654325	S	11	2	13	0.00000
Flavobacterium magnum	2162713	S	78	7	85	0.00001
Flavobacterium album	2175091	S	64	4	68	0.00001
Flavobacterium pallidum	2172098	S	61	5	66	0.00001
Flavobacterium nackdongense	2547394	S	47	3	50	0.00000
Flavobacterium anhuiense	459526	S	41	15	56	0.00000
Flavobacterium johnsoniae	986	S	41	17	58	0.00000
Flavobacterium endoglycinae	2816357	S	34	7	41	0.00000
Flavobacterium commune	1306519	S	34	5	39	0.00000
Flavobacterium inviolabile	2748320	S	29	4	33	0.00000
Flavobacterium crocinum	2183896	S	28	8	36	0.00000
Flavobacterium kingsejongi	1678728	S	28	3	31	0.00000
Flavobacterium sangjuense	2518177	S	27	2	29	0.00000
Flavobacterium gilvum	1492737	S	20	2	22	0.00000
Flavobacterium enshiense	1341165	S	20	2	22	0.00000
Flavobacterium nitrogenifigens	1617283	S	19	9	28	0.00000
Flavobacterium faecale	1355330	S	18	2	20	0.00000
Flavobacterium jumunjinense	998845	S	18	2	20	0.00000
Flavobacterium haoranii	683124	S	17	6	23	0.00000
Flavobacterium sediminis	2201181	S	17	18	35	0.00000
Flavobacterium branchiophilum	55197	S	16	1	17	0.00000
Flavobacterium fluviale	2249356	S	16	5	21	0.00000
Flavobacterium crassostreae	1763534	S	14	3	17	0.00000
Flavobacterium davisii	2906077	S	13	4	17	0.00000
Flavobacterium sediminilitoris	2024526	S	13	1	14	0.00000
Flavobacterium psychrophilum	96345	S	13	2	15	0.00000
Flavobacterium columnare	996	S	13	32	45	0.00000
Flavobacterium indicum	312277	S	11	1	12	0.00000
Flavobacterium alkalisoli	2602769	S	11	0	11	0.00000
Capnocytophaga sp. oral taxon 902	2748316	S	17	31	48	0.00000
Capnocytophaga sp. FDAARGOS_737	2545799	S	13	7	20	0.00000
Capnocytophaga sp. oral taxon 878	1316596	S	11	4	15	0.00000
Capnocytophaga haemolytica	45243	S	47	3	50	0.00000
Capnocytophaga gingivalis	1017	S	45	5	50	0.00000
Capnocytophaga canimorsus	28188	S	33	9	42	0.00000
Capnocytophaga sputigena	1019	S	29	9	38	0.00000
Capnocytophaga stomatis	1848904	S	22	5	27	0.00000
Capnocytophaga ochracea	1018	S	15	19	34	0.00000
Capnocytophaga leadbetteri	327575	S	12	6	18	0.00000
Capnocytophaga endodontalis	2708117	S	11	5	16	0.00000
Muricauda sp. SCSIO 65647	2908843	S	34	1	35	0.00000
Muricauda sp. SCSIO 64092	2908842	S	33	0	33	0.00000
Muricauda oceani	2698672	S	60	30	90	0.00001
Muricauda ruestringensis	111501	S	37	2	39	0.00000
Muricauda aquimarina	254955	S	37	18	55	0.00000
Muricauda lutaonensis	516051	S	29	7	36	0.00000
Muricauda aurantiaca	1383885	S	15	1	16	0.00000
Polaribacter sp. SM13	2818493	S	15	4	19	0.00000
Polaribacter sp. Q13	2806551	S	13	10	23	0.00000
Polaribacter sp. NJDZ03	2855841	S	11	15	26	0.00000
Polaribacter sp. MED152	313598	S	10	1	11	0.00000
Polaribacter sp. Hel1_33_78	1336804	S	10	2	12	0.00000
Polaribacter sp. G4M1	2808900	S	10	2	12	0.00000
Polaribacter vadi	1774273	S	21	3	24	0.00000
Polaribacter litorisediminis	1908341	S	18	2	20	0.00000
Polaribacter reichenbachii	996801	S	15	2	17	0.00000
Polaribacter haliotis	1888915	S	11	5	16	0.00000
Gramella sp. GC03-9	2920386	S	35	10	45	0.00000
Gramella sp. MAR_2010_147	1250205	S	14	1	15	0.00000
Gramella sp. MT6	2705471	S	14	1	15	0.00000
Gramella forsetii	411153	S	40	10	50	0.00000
Gramella flava	1486245	S	39	13	52	0.00000
Gramella fulva	2126553	S	28	2	30	0.00000
Gramella echinicola	279359	S	17	2	19	0.00000
Gramella salexigens	1913577	S	13	1	14	0.00000
Robiginitalea biformata	252307	S	187	10	197	0.00002
Nonlabens sp. Hel1_33_55	1336802	S	24	4	28	0.00000
Nonlabens sp. Ci31	2608253	S	16	4	20	0.00000
Nonlabens sp. MB-3u-79	2058134	S	12	3	15	0.00000
Nonlabens spongiae	331648	S	35	17	52	0.00000
Nonlabens ponticola	2496866	S	22	2	24	0.00000
Nonlabens marinus	930802	S	18	6	24	0.00000
Winogradskyella sp. PG-2	754409	S	23	3	26	0.00000
Winogradskyella sp. J14-2	1936080	S	14	3	17	0.00000
Winogradskyella sp. PC-19	754417	S	13	4	17	0.00000
Winogradskyella sp. MH6	2929510	S	10	2	12	0.00000
Winogradskyella forsetii	2686077	S	35	13	48	0.00000
Winogradskyella helgolandensis	2697010	S	13	3	16	0.00000
Winogradskyella sediminis	1382466	S	10	3	13	0.00000
Aequorivita sublithincola	101385	S	37	29	66	0.00001
Aequorivita sp. H23M31	2494375	S	36	12	48	0.00000
Antarcticibacterium flavum	2058175	S	46	9	55	0.00000
Antarcticibacterium arcticum	2585771	S	37	4	41	0.00000
Antarcticibacterium sp. 1MA-6-2	2908210	S	24	3	27	0.00000
Tenacibaculum sp. SZ-18	754423	S	17	12	29	0.00000
Tenacibaculum dicentrarchi	669041	S	15	6	21	0.00000
Tenacibaculum singaporense	2358479	S	11	7	18	0.00000
Tenacibaculum jejuense	584609	S	10	0	10	0.00000
Sinomicrobium sp. HD2P242	2900738	S	90	3	93	0.00001
Maribacter sp. HTCC2170	313603	S	15	0	15	0.00000
Maribacter sp. MJ134	2496865	S	12	1	13	0.00000
Maribacter cobaltidurans	1178778	S	17	15	32	0.00000
Maribacter hydrothermalis	1836467	S	14	1	15	0.00000
Maribacter dokdonensis	320912	S	13	11	24	0.00000
Cellulophaga sp. L1A9	2686362	S	12	9	21	0.00000
Cellulophaga sp. HaHaR_3_176	1942464	S	10	2	12	0.00000
Cellulophaga lytica	979	S	19	9	28	0.00000
Cellulophaga algicola	59600	S	10	3	13	0.00000
Kordia antarctica	1218801	S	33	2	35	0.00000
Kordia sp. SMS9	2282170	S	31	1	32	0.00000
Salegentibacter salegens	143223	S	21	3	24	0.00000
Salegentibacter sp. T436	1729720	S	19	20	39	0.00000
Salegentibacter mishustinae	270918	S	18	17	35	0.00000
Formosa sp. Hel1_33_131	1336794	S	19	1	20	0.00000
Formosa sp. L2A11	2686363	S	10	6	16	0.00000
Aquimarina sp. TRL1	2736252	S	29	2	31	0.00000
Aquimarina sp. BL5	1714860	S	13	1	14	0.00000
Aquimarina sp. AD1	1714848	S	11	1	12	0.00000
Myroides odoratus	256	S	17	11	28	0.00000
Myroides fluvii	2572594	S	10	8	18	0.00000
Leeuwenhoekiella sp. ZYFB001	2719912	S	23	13	36	0.00000
Leeuwenhoekiella palythoae	573501	S	14	11	25	0.00000
Lacinutrix sp. Bg11-31	2057808	S	17	5	22	0.00000
Lacinutrix sp. WUR7	2653681	S	10	2	12	0.00000
Aggregatimonas sangjinii	2583587	S	42	1	43	0.00000
Psychroflexus sp. ALD_RP9	2777186	S	20	1	21	0.00000
Psychroflexus torquis	57029	S	16	0	16	0.00000
Algibacter alginicilyticus	1736674	S	16	4	20	0.00000
Flagellimonas sp. HMM57	2905121	S	18	1	19	0.00000
Flagellimonas sp. CMM7	2654676	S	17	1	18	0.00000
Lutibacter sp. A80	2918453	S	10	2	12	0.00000
Lutibacter sp. A64	2918526	S	10	2	12	0.00000
Lutibacter profundi	1622118	S	12	2	14	0.00000
Zunongwangia profunda	398743	S	17	14	31	0.00000
Zunongwangia sp. SCSIO 43204	2779359	S	15	11	26	0.00000
Tamlana carrageenivorans	2069432	S	16	3	19	0.00000
Tamlana sp. s12	1630406	S	14	2	16	0.00000
Galbibacter sp. BG1	1170699	S	29	3	32	0.00000
Euzebyella marina	1761453	S	27	15	42	0.00000
Zobellia galactanivorans	63186	S	25	1	26	0.00000
Gilvibacter sp. SZ-19	754429	S	24	3	27	0.00000
Constantimarinum furrinae	2562285	S	24	2	26	0.00000
Croceibacter atlanticus	313588	S	23	4	27	0.00000
Changchengzhania lutea	2049305	S	22	2	24	0.00000
Mariniflexile sp. TRM1-10	2027857	S	22	2	24	0.00000
Muriicola soli	2507538	S	21	1	22	0.00000
Pukyongia salina	2094025	S	20	1	21	0.00000
Costertonia aggregata	343403	S	19	4	23	0.00000
Seonamhaeicola sp. S2-3	1936081	S	14	3	17	0.00000
Arenibacter algicola	616991	S	18	6	24	0.00000
Aegicerativicinus sediminis	2893202	S	17	1	18	0.00000
Bizionia sp. M204	2675331	S	17	3	20	0.00000
Zhouia spongiae	2202721	S	16	3	19	0.00000
Sediminicola sp. YIK13	1453352	S	15	1	16	0.00000
Wenyingzhuangia fucanilytica	1790137	S	14	2	16	0.00000
Flavobacteriaceae bacterium 10Alg115	2584122	S	14	0	14	0.00000
Urechidicola croceus	1850246	S	14	7	21	0.00000
Oceanihabitans sp. IOP_32	2529032	S	13	5	18	0.00000
Gillisia sp. Hel1_33_143	1336796	S	13	4	17	0.00000
Amniculibacterium sp. G2-70	2767188	S	11	15	26	0.00000
Marixanthomonas sp. SCSIO 43207	2779360	S	11	3	14	0.00000
Sabulilitoribacter sp. BrNp1-15	2916754	S	10	2	12	0.00000
Chryseobacterium sp.	1871047	S	47	21	68	0.00001
Chryseobacterium sp. SC2-2	2929800	S	42	24	66	0.00001
Chryseobacterium sp. 6424	2039166	S	34	10	44	0.00000
Chryseobacterium sp. cx-624	2758037	S	31	6	37	0.00000
Chryseobacterium sp. F4	2852098	S	28	2	30	0.00000
Chryseobacterium sp. MEBOG06	2879938	S	24	6	30	0.00000
Chryseobacterium sp. ZHDP1	2838877	S	24	24	48	0.00000
Chryseobacterium sp. ADR-1	2929799	S	21	9	30	0.00000
Chryseobacterium sp. DH-B6	2759528	S	18	10	28	0.00000
Chryseobacterium sp. Y16C	2920939	S	18	15	33	0.00000
Chryseobacterium sp. T16E-39	2015076	S	18	2	20	0.00000
Chryseobacterium sp. LJ668	2864040	S	17	3	20	0.00000
Chryseobacterium sp. IHB B 17019	1721091	S	17	3	20	0.00000
Chryseobacterium sp. POL2	2713414	S	14	10	24	0.00000
Chryseobacterium sp. PCH239	2825845	S	13	13	26	0.00000
Chryseobacterium sp. G0186	2487064	S	13	11	24	0.00000
Chryseobacterium sp. StRB126	878220	S	12	4	16	0.00000
Chryseobacterium sp. MEBOG07	2879939	S	12	4	16	0.00000
Chryseobacterium sp. G0201	2487065	S	10	3	13	0.00000
Chryseobacterium sp. G0162	2487063	S	10	14	24	0.00000
Chryseobacterium sp. C-17	2898076	S	10	5	15	0.00000
Chryseobacterium taklimakanense	536441	S	78	50	128	0.00001
Chryseobacterium indologenes	253	S	47	27	74	0.00001
Chryseobacterium indoltheticum	254	S	37	11	48	0.00000
Chryseobacterium camelliae	1265445	S	37	25	62	0.00001
Chryseobacterium arthrosphaerae	651561	S	33	21	54	0.00000
Chryseobacterium shandongense	1493872	S	32	24	56	0.00000
Chryseobacterium carnipullorum	1124835	S	30	13	43	0.00000
Chryseobacterium nepalense	1854498	S	29	5	34	0.00000
Chryseobacterium gallinarum	1324352	S	25	10	35	0.00000
Chryseobacterium daecheongense	192389	S	24	5	29	0.00000
Chryseobacterium piperi	558152	S	20	2	22	0.00000
Chryseobacterium salivictor	2547600	S	20	3	23	0.00000
Chryseobacterium gleum	250	S	19	30	49	0.00000
Chryseobacterium lactis	1241981	S	17	21	38	0.00000
Chryseobacterium aureum	2497456	S	17	5	22	0.00000
Chryseobacterium cucumeris	1813611	S	15	12	27	0.00000
Chryseobacterium balustinum	246	S	15	6	21	0.00000
Chryseobacterium manosquense	2754694	S	14	13	27	0.00000
Chryseobacterium nakagawai	1241982	S	10	20	30	0.00000
Kaistella sp. 97-N-M2	2908645	S	38	4	42	0.00000
Kaistella sp. GW4-15	2878534	S	21	2	23	0.00000
Kaistella daneshvariae	2487074	S	48	5	53	0.00000
Kaistella jeonii	266749	S	21	1	22	0.00000
Candidatus Kaistella beijingensis	2820270	S	20	9	29	0.00000
Kaistella flava (ex Peng et al. 2021)	2038776	S	19	3	22	0.00000
Kaistella antarctica	266748	S	17	1	18	0.00000
Kaistella carnis	1241979	S	16	5	21	0.00000
Epilithonimonas vandammei	2487072	S	26	49	75	0.00001
Epilithonimonas zeae	1416779	S	18	2	20	0.00000
Elizabethkingia anophelis	1117645	S	41	61	102	0.00001
Elizabethkingia meningoseptica	238	S	34	3	37	0.00000
Elizabethkingia sp. JS20170427COW	2583851	S	13	2	15	0.00000
Elizabethkingia miricola	172045	S	11	9	20	0.00000
Cruoricaptor ignavus	1118202	S	71	11	82	0.00001
Apibacter raozihei	2500547	S	13	15	28	0.00000
Empedobacter falsenii	343874	S	18	15	33	0.00000
Empedobacter stercoris	1628248	S	15	5	20	0.00000
Empedobacter brevis	247	S	14	6	20	0.00000
Cloacibacterium caeni	2004710	S	17	23	40	0.00000
Ornithobacterium rhinotracheale	28251	S	30	23	53	0.00000
Riemerella anatipestifer	34085	S	28	11	39	0.00000
Bergeyella cardium	1585976	S	23	5	28	0.00000
Faecalibacter bovis	2898187	S	10	1	11	0.00000
Blattabacterium cuenoti	1653831	S	120	31	151	0.00001
Fluviicola taffensis	191579	S	81	5	86	0.00001
Crocinitomix sp. GM2_3_6_6	2862509	S	25	0	25	0.00000
Croceimicrobium hydrocarbonivorans	2761580	S	37	8	45	0.00000
Owenweeksia hongkongensis	253245	S	34	3	37	0.00000
Candidatus Sulcia muelleri	336810	S	28	6	34	0.00000
Candidatus Walczuchella monophlebidarum	1415657	S	17	1	18	0.00000
Mucilaginibacter sp. 14171R-50	2703789	S	104	6	110	0.00001
Mucilaginibacter sp. SMC90	2929803	S	91	5	96	0.00001
Mucilaginibacter sp. 21P	2778902	S	77	4	81	0.00001
Mucilaginibacter sp. F39-2	2728022	S	65	4	69	0.00001
Mucilaginibacter mali	2740462	S	164	6	170	0.00001
Mucilaginibacter daejeonensis	398049	S	138	7	145	0.00001
Mucilaginibacter gotjawali	1550579	S	131	3	134	0.00001
Mucilaginibacter ginsenosidivorans	398053	S	116	3	119	0.00001
Mucilaginibacter ginsenosidivorax	862126	S	99	4	103	0.00001
Mucilaginibacter celer	2305508	S	96	3	99	0.00001
Mucilaginibacter paludis	423351	S	91	4	95	0.00001
Mucilaginibacter xinganensis	1234841	S	89	4	93	0.00001
Mucilaginibacter rubeus	2027860	S	75	184	259	0.00002
Mucilaginibacter mallensis	652787	S	68	2	70	0.00001
Mucilaginibacter ginkgonis	2682091	S	58	2	60	0.00000
Mucilaginibacter gossypii	551996	S	33	24	57	0.00000
Pedobacter sp. SW-16	2766984	S	50	10	60	0.00000
Pedobacter sp. HDW13	2714940	S	43	5	48	0.00000
Pedobacter sp. KBS0701	2578106	S	42	15	57	0.00000
Pedobacter sp. PACM 27299	1727164	S	37	5	42	0.00000
Pedobacter sp. D749	2856523	S	37	14	51	0.00000
Pedobacter sp. G11	2482728	S	32	4	36	0.00000
Pedobacter sp. Q8-18	2895286	S	29	2	31	0.00000
Pedobacter aquae	2605747	S	120	11	131	0.00001
Pedobacter endophyticus	2789740	S	58	5	63	0.00001
Pedobacter heparinus	984	S	52	4	56	0.00000
Pedobacter suwonensis	332999	S	48	11	59	0.00000
Pedobacter steynii	430522	S	44	4	48	0.00000
Pedobacter schmidteae	2201271	S	43	4	47	0.00000
Pedobacter cryoconitis	188932	S	42	4	46	0.00000
Pedobacter roseus	336820	S	42	13	55	0.00000
Pedobacter ginsengisoli	363852	S	34	4	38	0.00000
Sphingobacterium sp. DR205	2713573	S	43	5	48	0.00000
Sphingobacterium sp. UDSM-2020	2795738	S	24	7	31	0.00000
Sphingobacterium sp. SRCM116780	2907623	S	24	3	27	0.00000
Sphingobacterium sp. ML3W	1538644	S	18	6	24	0.00000
Sphingobacterium sp. CZ-2	2557994	S	18	5	23	0.00000
Sphingobacterium sp. PCS056	2931400	S	13	2	15	0.00000
Sphingobacterium sp. dk4302	2662364	S	11	1	12	0.00000
Sphingobacterium spiritivorum	258	S	73	52	125	0.00001
Sphingobacterium thalpophilum	259	S	58	65	123	0.00001
Sphingobacterium hotanense	649196	S	39	12	51	0.00000
Sphingobacterium lactis	797291	S	34	29	63	0.00001
Sphingobacterium multivorum	28454	S	28	82	110	0.00001
Sphingobacterium mizutaii	1010	S	22	3	25	0.00000
Sphingobacterium daejeonense	371142	S	19	5	24	0.00000
Sphingobacterium psychroaquaticum	561061	S	16	3	19	0.00000
Sphingobacterium paramultivorum	2886510	S	13	24	37	0.00000
Anseongella ginsenosidimutans	496056	S	136	4	140	0.00001
Solitalea canadensis	995	S	55	6	61	0.00001
Solitalea sp. S2-8	2911172	S	43	7	50	0.00000
Olivibacter sp. LS-1	2592345	S	51	2	53	0.00000
Olivibacter sp. SDN3	2764720	S	47	6	53	0.00000
Pseudopedobacter saltans	151895	S	43	35	78	0.00001
Haliscomenobacter hydrossis	2350	S	194	2	196	0.00002
Saprospira grandis	1008	S	40	0	40	0.00000
Candidatus Sulfidibacterium hydrothermale	2875962	S	60	1	61	0.00001
Chlorobaculum limnaeum	274537	S	815	122	937	0.00008
Chlorobaculum parvum	274539	S	402	72	474	0.00004
Chlorobaculum tepidum	1097	S	378	95	473	0.00004
Pelodictyon luteolum	1100	S	334	50	384	0.00003
Pelodictyon phaeoclathratiforme	34090	S	74	4	78	0.00001
Chlorobium limicola	1092	S	159	12	171	0.00001
Chlorobium phaeobacteroides	1096	S	88	11	99	0.00001
Chlorobium phaeovibrioides	1094	S	82	15	97	0.00001
Prosthecochloris sp. GSB1	281093	S	326	23	349	0.00003
Prosthecochloris sp. HL-130-GSB	1974213	S	107	23	130	0.00001
Prosthecochloris sp. CIB 2401	1868325	S	103	28	131	0.00001
Prosthecochloris aestuarii	1102	S	111	14	125	0.00001
Chloroherpeton thalassium	100716	S	156	2	158	0.00001
Candidatus Cyclonatronum proteinivorum	1457365	S	249	25	274	0.00002
Melioribacter roseus	1134405	S	113	15	128	0.00001
Ignavibacterium album	591197	S	78	13	91	0.00001
Fibrobacter succinogenes	833	S	117	1	118	0.00001
Candidatus Cloacimonas acidaminovorans	456827	S	40	0	40	0.00000
Luteitalea sp. TBR-22	2802971	S	20338	3440	23778	0.00193
Luteitalea pratensis	1855912	S	15288	1682	16970	0.00138
Granulicella sp. WH15	2602070	S	2659	490	3149	0.00026
Granulicella sp. 5B5	1617967	S	2097	354	2451	0.00020
Granulicella mallensis	940614	S	1892	233	2125	0.00017
Granulicella tundricola	940615	S	1425	194	1619	0.00013
Terriglobus roseus	392734	S	2472	552	3024	0.00025
Terriglobus albidus	1592106	S	1803	180	1983	0.00016
Terriglobus saanensis	870903	S	1162	165	1327	0.00011
Acidobacterium capsulatum	33075	S	2504	334	2838	0.00023
Acidobacterium sp. 4Y35	2763107	S	2161	171	2332	0.00019
Candidatus Koribacter versatilis	658062	S	4650	162	4812	0.00039
Edaphobacter sp. 12200R-103	2703788	S	1470	272	1742	0.00014
Edaphobacter sp. 4G125	2763071	S	831	132	963	0.00008
Acidisarcina polymorpha	2211140	S	1558	122	1680	0.00014
Paludibaculum fermentans	1473598	S	6998	191	7189	0.00058
Chloracidobacterium aggregatum	2851959	S	1055	586	1641	0.00013
Chloracidobacterium validum	2821543	S	827	14	841	0.00007
Chloracidobacterium sp. D	2821536	S	92	429	521	0.00004
Chloracidobacterium thermophilum	458033	S	66	282	348	0.00003
Sulfidibacter corallicola	2818388	S	1610	29	1639	0.00013
Thermotomaculum hydrothermale	981385	S	68	2	70	0.00001
Nitrospira moscoviensis	42253	S	7295	549	7844	0.00064
Nitrospira japonica	1325564	S	2914	312	3226	0.00026
Candidatus Nitrospira inopinata	1715989	S	2103	159	2262	0.00018
Nitrospira sp. KM1	1936990	S	2009	171	2180	0.00018
Leptospirillum ferrooxidans	180	S	85	1	86	0.00001
Leptospirillum ferriphilum	178606	S	43	100	143	0.00001
Leptospirillum sp. Group II 'CF-1'	1660083	S	27	50	77	0.00001
Dissulfurispira thermophila	2715679	S	100	8	108	0.00001
Thermodesulfovibrio yellowstonii	28262	S	80	2	82	0.00001
Treponema brennaborense	81028	S	156	36	192	0.00002
Treponema primitia	88058	S	95	5	100	0.00001
Treponema azotonutricium	150829	S	93	3	96	0.00001
Treponema socranskii	53419	S	88	32	120	0.00001
Treponema sp. Marseille-Q4132	2766701	S	53	19	72	0.00001
Treponema sp. OMZ 838	1539298	S	17	13	30	0.00000
Treponema caldarium	215591	S	64	8	72	0.00001
Treponema vincentii	69710	S	50	39	89	0.00001
Treponema parvum	138851	S	44	1	45	0.00000
Treponema succinifaciens	167	S	41	20	61	0.00000
Treponema medium	58231	S	31	30	61	0.00000
Treponema denticola	158	S	28	5	33	0.00000
Treponema phagedenis	162	S	20	5	25	0.00000
Treponema pedis	409322	S	20	3	23	0.00000
Spirochaeta thermophila	154	S	516	10	526	0.00004
Spirochaeta africana	46355	S	184	9	193	0.00002
Salinispira pacifica	1307761	S	99	3	102	0.00001
Sediminispirochaeta smaragdinae	55206	S	69	2	71	0.00001
Oceanispirochaeta crateris	2518645	S	30	1	31	0.00000
Thiospirochaeta perfilievii	252967	S	17	1	18	0.00000
Sphaerochaeta associata	1129264	S	99	18	117	0.00001
Sphaerochaeta coccoides	273376	S	59	2	61	0.00001
Sphaerochaeta globosa	1131703	S	37	7	44	0.00000
Sphaerochaeta pleomorpha	1131707	S	22	2	24	0.00000
Breznakiella homolactica	2798577	S	137	12	149	0.00001
Leptospira santarosai	28183	S	69	0	69	0.00001
Leptospira kmetyi	408139	S	68	0	68	0.00001
Leptospira tipperaryensis	2564040	S	37	0	37	0.00000
Leptospira weilii	28184	S	26	0	26	0.00000
Leptospira kobayashii	1917830	S	23	0	23	0.00000
Leptospira biflexa	172	S	21	0	21	0.00000
Leptospira noguchii	28182	S	21	0	21	0.00000
Leptospira borgpetersenii	174	S	15	0	15	0.00000
Leptospira interrogans	173	S	11	121	132	0.00001
Leptospira mayottensis	1137606	S	11	0	11	0.00000
Turneriella parva	29510	S	239	1	240	0.00002
Brachyspira pilosicoli	52584	S	13	21	34	0.00000
Pyramidobacter piscolens	638849	S	545	24	569	0.00005
Fretibacterium fastidiosum	651822	S	527	5	532	0.00004
Aminomonas paucivorans	81412	S	486	41	527	0.00004
Cloacibacillus porcorum	1197717	S	393	52	445	0.00004
Thermanaerovibrio acidaminovorans	81462	S	196	54	250	0.00002
Thermanaerovibrio velox	108007	S	136	26	162	0.00001
Jonquetella anthropi	428712	S	302	30	332	0.00003
Acetomicrobium mobile	97477	S	77	1	78	0.00001
Thermovirga lienii	336261	S	58	30	88	0.00001
Aminobacterium colombiense	81468	S	54	2	56	0.00000
Candidatus Bipolaricaulis anaerobius	2026885	S	651	17	668	0.00005
Candidatus Nanosynbacter featherlites	2572088	S	38	14	52	0.00000
Candidatus Nanosynbacter lyticus	2093824	S	24	46	70	0.00001
Nanosynbacter sp. HMT-352	2899133	S	16	35	51	0.00000
Candidatus Nanosynbacter sp. HMT352	2902423	S	10	31	41	0.00000
Candidatus Saccharimonas aalborgensis	1332188	S	71	0	71	0.00001
Candidatus Minimicrobia vallesae	2841264	S	12	64	76	0.00001
Candidatus Babela massiliensis	673862	S	110	1	111	0.00001
Candidatus Chazhemtobacterium aquaticus	2715735	S	46	0	46	0.00000
Candidatus Absconditicoccus praedator	2735562	S	33	0	33	0.00000
Thermotoga caldifontis	1508419	S	92	120	212	0.00002
Thermotoga profunda	1508420	S	15	6	21	0.00000
Pseudothermotoga hypogea	57487	S	34	21	55	0.00000
Thermosipho ferrireducens	2571116	S	23	16	39	0.00000
Fervidobacterium pennivorans	93466	S	22	49	71	0.00001
Fervidobacterium nodosum	2424	S	10	6	16	0.00000
Mesotoga infera	1236046	S	50	7	57	0.00000
Mesotoga prima	1184387	S	27	4	31	0.00000
Kosmotoga olearia	651457	S	27	8	35	0.00000
Kosmotoga pacifica	1330330	S	19	6	25	0.00000
Tepiditoga spiralis	2108365	S	15	6	21	0.00000
Defluviitoga tunisiensis	1006576	S	11	16	27	0.00000
Athalassotoga saccharophila	1441386	S	30	1	31	0.00000
Thermocrinis minervae	381751	S	93	15	108	0.00001
Thermocrinis ruber	75906	S	20	3	23	0.00000
Thermocrinis albus	136094	S	16	2	18	0.00000
Hydrogenobacter thermophilus	940	S	20	8	28	0.00000
Hydrogenobacter sp. T-8	1632019	S	17	5	22	0.00000
Aquifex aeolicus	63363	S	36	2	38	0.00000
Sulfurihydrogenibium azorense	309806	S	57	6	63	0.00001
Persephonella marina	309805	S	55	3	58	0.00000
Thermosulfidibacter takaii	412593	S	99	2	101	0.00001
Thermovibrio ammonificans	228745	S	72	14	86	0.00001
Desulfurobacterium thermolithotrophum	64160	S	19	3	22	0.00000
Thermosulfurimonas marina	2047767	S	156	32	188	0.00002
Thermosulfuriphilus ammonigenes	1936021	S	88	4	92	0.00001
Thermodesulfatator indicus	171695	S	58	11	69	0.00001
Thermodesulfobacterium sp. TA1	2234087	S	12	11	23	0.00000
Thermodesulfobacterium geofontis	1295609	S	10	8	18	0.00000
Caldimicrobium thiodismutans	1653476	S	31	9	40	0.00000
Fusobacterium nucleatum	851	S	23	54	77	0.00001
Fusobacterium ulcerans	861	S	19	3	22	0.00000
Fusobacterium necrophorum	859	S	14	3	17	0.00000
Fusobacterium sp. NSJ-57	2764326	S	13	12	25	0.00000
Cetobacterium somerae	188913	S	14	1	15	0.00000
Leptotrichia sp. oral taxon 212	712357	S	19	12	31	0.00000
Leptotrichia trevisanii	109328	S	10	20	30	0.00000
Sebaldella termitidis	826	S	41	2	43	0.00000
Streptobacillus moniliformis	34105	S	11	5	16	0.00000
Geovibrio thiophilus	139438	S	85	17	102	0.00001
Mucispirillum schaedleri	248039	S	38	3	41	0.00000
Denitrovibrio acetiphilus	118000	S	37	5	42	0.00000
Flexistipes sinusarabici	2352	S	32	3	35	0.00000
Calditerrivibrio nitroreducens	477976	S	31	4	35	0.00000
Deferribacter desulfuricans	197162	S	26	4	30	0.00000
Caldithrix abyssi	187145	S	270	1	271	0.00002
Desulfurispirillum indicum	936456	S	230	66	296	0.00002
Endomicrobium proavitum	1408281	S	50	12	62	0.00001
Candidatus Endomicrobium trichonymphae	1408204	S	31	7	38	0.00000
Elusimicrobium minutum	423605	S	84	0	84	0.00001
Coprothermobacter proteolyticus	35786	S	93	12	105	0.00001
Caldisericum exile	693075	S	91	0	91	0.00001
Dictyoglomus thermophilum	14	S	17	27	44	0.00000
Dictyoglomus turgidum	513050	S	15	24	39	0.00000
Atribacter laminatus	2847778	S	37	0	37	0.00000
Fusarium acuminatum	5515	S	13071	973	14044	0.00114
Fusarium avenaceum	40199	S	114	5	119	0.00001
Fusarium sambucinum	5128	S	184	46	230	0.00002
Fusarium pseudograminearum	101028	S	108	20	128	0.00001
Fusarium poae	36050	S	104	37	141	0.00001
Fusarium sporotrichioides	5514	S	94	6	100	0.00001
Fusarium longipes	694270	S	86	4	90	0.00001
Fusarium venenatum	56646	S	66	140	206	0.00002
Fusarium graminearum	5518	S	63	363	426	0.00003
Fusarium culmorum	5516	S	49	20	69	0.00001
Fusarium decemcellulare	57161	S	449	14	463	0.00004
Fusarium nygamai	42673	S	114	46	160	0.00001
Fusarium pseudonygamai	47755	S	106	34	140	0.00001
Fusarium fujikuroi	5127	S	85	12	97	0.00001
Fusarium thapsinum	120644	S	69	19	88	0.00001
Fusarium verticillioides	117187	S	34	77	111	0.00001
Fusarium dimerum	57145	S	339	15	354	0.00003
Fusarium graminum	86546	S	118	29	147	0.00001
Fusarium heterosporum	42747	S	107	25	132	0.00001
Fusarium oxysporum	5507	S	259	138	397	0.00003
Fusarium lateritium	5523	S	245	10	255	0.00002
Fusarium chlamydosporum	86545	S	91	27	118	0.00001
Fusarium nelsonii	77846	S	88	26	114	0.00001
Fusarium equiseti	61235	S	83	26	109	0.00001
Fusarium scirpi	2211609	S	74	21	95	0.00001
Fusarium musae	1042133	S	39	86	125	0.00001
Trichoderma reesei	51453	S	337	37	374	0.00003
Trichoderma citrinoviride	58853	S	316	38	354	0.00003
Trichoderma pleuroti	500994	S	215	24	239	0.00002
Trichoderma asperellum	101201	S	178	14	192	0.00002
Trichoderma erinaceum	202914	S	164	26	190	0.00002
Trichoderma atroviride	63577	S	161	44	205	0.00002
Trichoderma afroharzianum	1567482	S	153	31	184	0.00001
Trichoderma hamatum	49224	S	147	13	160	0.00001
Trichoderma koningiopsis	337941	S	145	23	168	0.00001
Trichoderma gamsii	398673	S	110	15	125	0.00001
Trichoderma harzianum	5544	S	108	21	129	0.00001
Trichoderma longibrachiatum	5548	S	63	570	633	0.00005
Trichoderma virens	29875	S	32	288	320	0.00003
Trichoderma koningii	97093	S	21	177	198	0.00002
Trichoderma viride	5547	S	15	175	190	0.00002
Metarhizium album	92629	S	513	21	534	0.00004
Metarhizium guizhouense	169041	S	508	276	784	0.00006
Metarhizium rileyi	1649241	S	342	58	400	0.00003
Metarhizium acridum	92637	S	195	181	376	0.00003
Metarhizium anisopliae	5530	S	109	184	293	0.00002
Metarhizium humberi	2596975	S	84	50	134	0.00001
Metarhizium majus	1650735	S	81	37	118	0.00001
Metarhizium brunneum	500148	S	80	65	145	0.00001
Metarhizium robertsii	568076	S	48	33	81	0.00001
Ustilaginoidea virens	1159556	S	721	52	773	0.00006
Pochonia chlamydosporia	280754	S	191	20	211	0.00002
Beauveria felina	37994	S	597	48	645	0.00005
Beauveria pseudobassiana	931006	S	324	57	381	0.00003
Beauveria brongniartii	118266	S	222	66	288	0.00002
Beauveria rudraprayagi	1481906	S	154	217	371	0.00003
Beauveria bassiana	176275	S	100	148	248	0.00002
Cordyceps fumosorosea	114497	S	829	83	912	0.00007
Purpureocillium lilacinum	33203	S	1087	120	1207	0.00010
Drechmeria coniospora	98403	S	810	59	869	0.00007
Clonostachys rosea	29856	S	378	39	417	0.00003
Colletotrichum higginsianum	80884	S	1041	336	1377	0.00011
Thermothielavioides terrestris	2587410	S	2755	342	3097	0.00025
Thermothelomyces thermophilus	78579	S	2719	246	2965	0.00024
Neurospora crassa	5141	S	768	69	837	0.00007
Pyricularia pennisetigena	1578925	S	350	62	412	0.00003
Pyricularia oryzae	318829	S	348	104	452	0.00004
Pyricularia grisea	148305	S	273	47	320	0.00003
Neopestalotiopsis clavispora	289240	S	202	206	408	0.00003
Neopestalotiopsis rosae	1562205	S	169	159	328	0.00003
Botrytis cinerea	40559	S	227	1	228	0.00002
Aspergillus chevalieri	182096	S	14534	1261	15795	0.00128
Aspergillus luchuensis	1069201	S	5586	356	5942	0.00048
Aspergillus oryzae	5062	S	501	1272	1773	0.00014
Aspergillus flavus	5059	S	192	528	720	0.00006
Aspergillus puulaauensis	1220207	S	1662	57	1719	0.00014
Aspergillus fumigatus	746128	S	377	17	394	0.00003
Penicillium citrinum	5077	S	329	36	365	0.00003
Penicillium chrysogenum	5076	S	223	48	271	0.00002
Penicillium aurantiogriseum	36655	S	162	62	224	0.00002
Penicillium expansum	27334	S	136	67	203	0.00002
Penicillium italicum	40296	S	124	55	179	0.00001
Penicillium digitatum	36651	S	119	28	147	0.00001
Paecilomyces niveus	5093	S	318	14	332	0.00003
Paecilomyces variotii	264951	S	217	20	237	0.00002
Talaromyces rugulosus	121627	S	242	13	255	0.00002
Paraphaeosphaeria minitans	565426	S	434	150	584	0.00005
Ampelomyces quisqualis	50730	S	370	39	409	0.00003
Zymoseptoria tritici	1047171	S	215	5	220	0.00002
Cercospora beticola	122368	S	176	1	177	0.00001
Eremothecium gossypii	33169	S	128	136	264	0.00002
Eremothecium cymbalariae	45285	S	12	0	12	0.00000
Eremothecium sinecaudum	45286	S	11	8	19	0.00000
Naumovozyma castellii	27288	S	52	4	56	0.00000
Naumovozyma dairenensis	27289	S	46	2	48	0.00000
Tetrapisispora blattae	1071379	S	57	3	60	0.00000
Tetrapisispora phaffii	113608	S	26	1	27	0.00000
Kluyveromyces marxianus	4911	S	39	9	48	0.00000
Kluyveromyces lactis	28985	S	11	1	12	0.00000
[Candida] glabrata	5478	S	51	2	53	0.00000
Saccharomyces eubayanus	1080349	S	24	1	25	0.00000
Saccharomyces cerevisiae	4932	S	18	3	21	0.00000
Lachancea thermotolerans	381046	S	47	3	50	0.00000
Kazachstania naganishii	588726	S	41	2	43	0.00000
Torulaspora globosa	48254	S	20	1	21	0.00000
Torulaspora delbrueckii	4950	S	12	1	13	0.00000
Zygosaccharomyces rouxii	4956	S	31	1	32	0.00000
Zygotorulaspora mrakii	42260	S	22	3	25	0.00000
Candida dubliniensis	42374	S	80	3	83	0.00001
Candida orthopsilosis	273371	S	47	1	48	0.00000
Candida albicans	5476	S	37	1	38	0.00000
Scheffersomyces stipitis	4924	S	25	1	26	0.00000
Debaryomyces hansenii	4959	S	12	0	12	0.00000
Brettanomyces bruxellensis	5007	S	30	3	33	0.00000
Brettanomyces nanus	13502	S	29	7	36	0.00000
Ogataea parapolymorpha	1005962	S	53	2	55	0.00000
Pichia kudriavzevii	4909	S	24	1	25	0.00000
Yarrowia lipolytica	4952	S	96	1	97	0.00001
Sugiyamaella lignohabitans	796027	S	62	5	67	0.00001
Saccharomycodes ludwigii	36035	S	31	5	36	0.00000
Komagataella phaffii	460519	S	14	0	14	0.00000
Schizosaccharomyces pombe	4896	S	38	1	39	0.00000
Pseudozyma flocculosa	84751	S	1122	11	1133	0.00009
Ustilago maydis	5270	S	281	10	291	0.00002
Sporisorium graminicola	280036	S	274	55	329	0.00003
Malassezia restricta	76775	S	195	33	228	0.00002
Phlebiopsis gigantea	82310	S	389	3	392	0.00003
Rhizoctonia solani	456999	S	65	2	67	0.00001
Marasmius oreades	181124	S	62	2	64	0.00001
Cryptococcus neoformans	5207	S	77	5	82	0.00001
Cryptococcus gattii VGI	37769	S	31	23	54	0.00000
Phytophthora cinnamomi	4785	S	719	127	846	0.00007
Phytophthora fragariae	53985	S	619	93	712	0.00006
Phytophthora cryptogea	4786	S	366	31	397	0.00003
Phytophthora infestans	4787	S	323	585	908	0.00007
Phytophthora boehmeriae	109152	S	199	26	225	0.00002
Phytophthora cactorum	29920	S	186	29	215	0.00002
Phytophthora parasitica	4792	S	150	21	171	0.00001
Pythium aphanidermatum	65070	S	274	9	283	0.00002
