name	taxonomy_id	taxonomy_lvl	kraken_assigned_reads	added_reads	new_est_reads	fraction_total_reads
Bradyrhizobium	374	G	407084	54000	461084	0.02943
Rhodopseudomonas	1073	G	30282	9659	39941	0.00255
Nitrobacter	911	G	12262	1752	14014	0.00089
Tardiphaga	1395974	G	9979	1348	11327	0.00072
Afipia	1033	G	7485	3346	10831	0.00069
Variibacter	1649510	G	6730	565	7295	0.00047
Mesorhizobium	68287	G	192936	38514	231450	0.01477
Aquibium	2911176	G	13861	3680	17541	0.00112
Nitratireductor	245876	G	9578	1604	11182	0.00071
Aminobacter	31988	G	9249	6477	15726	0.00100
Phyllobacterium	28100	G	4590	508	5098	0.00033
Roseitalea	1915401	G	3791	707	4498	0.00029
Oricola	1594166	G	2840	427	3267	0.00021
Hoeflea	274591	G	2733	278	3011	0.00019
Salaquimonas	2712688	G	1174	56	1230	0.00008
Lentilitoribacter	1649463	G	82	1	83	0.00001
Rhizobium	379	G	91892	32082	123974	0.00791
Agrobacterium	357	G	18074	6292	24366	0.00156
Neorhizobium	1525371	G	10515	2671	13186	0.00084
Pseudorhizobium	1903858	G	3115	635	3750	0.00024
Sinorhizobium	28105	G	28072	16110	44182	0.00282
Ensifer	106591	G	20066	4099	24165	0.00154
Shinella	323620	G	16910	12971	29881	0.00191
Ciceribacter	1648508	G	2466	525	2991	0.00019
Georhizobium	2661800	G	2427	575	3002	0.00019
Peteryoungia	2853332	G	799	152	951	0.00006
Liberibacter	34019	G	127	54	181	0.00001
Methylobacterium	407	G	97301	18637	115938	0.00740
Microvirga	186650	G	37185	5035	42220	0.00269
Methylorubrum	2282523	G	20256	8879	29135	0.00186
Pseudolabrys	556257	G	35127	5891	41018	0.00262
Xanthobacter	279	G	12784	3209	15993	0.00102
Starkeya	152053	G	12180	3522	15702	0.00100
Ancylobacter	99	G	11881	4469	16350	0.00104
Labrys	204476	G	4430	507	4937	0.00032
Azorhizobium	6	G	4118	971	5089	0.00032
Rhodoplanes	29407	G	39124	4256	43380	0.00277
Hyphomicrobium	81	G	10264	752	11016	0.00070
Methyloceanibacter	1484898	G	4935	348	5283	0.00034
Aquabacter	45402	G	3566	665	4231	0.00027
Methyloligella	1485594	G	3315	428	3743	0.00024
Rhodomicrobium	1068	G	2851	204	3055	0.00020
Caenibius	2827482	G	2270	1011	3281	0.00021
Filomicrobium	119044	G	1036	29	1065	0.00007
Devosia	46913	G	32985	2850	35835	0.00229
Youhaiella	1827478	G	4279	1013	5292	0.00034
Paradevosia	1573407	G	4077	1656	5733	0.00037
Pelagibacterium	1082930	G	1733	211	1944	0.00012
Maritalea	623276	G	351	12	363	0.00002
Bosea	85413	G	37627	6453	44080	0.00281
Aureimonas	414371	G	19510	4363	23873	0.00152
Martelella	293088	G	9884	2032	11916	0.00076
Aurantimonas	182269	G	5774	1912	7686	0.00049
Methylocystis	133	G	15443	1467	16910	0.00108
Methylosinus	425	G	7477	1171	8648	0.00055
Stappia	152161	G	8006	1645	9651	0.00062
Roseibium	150830	G	3485	473	3958	0.00025
Pannonibacter	227873	G	3442	2705	6147	0.00039
Labrenzia	478070	G	2657	237	2894	0.00018
Pseudovibrio	258255	G	629	33	662	0.00004
Pseudorhodoplanes	1734920	G	8523	706	9229	0.00059
Nordella	169055	G	6537	406	6943	0.00044
Terrihabitans	2874214	G	3431	437	3868	0.00025
Candidatus Hodgkinia	573657	G	33	0	33	0.00000
Phreatobacter	1632780	G	17641	3375	21016	0.00134
Kaustia	2838250	G	7047	764	7811	0.00050
Parvibaculum	256616	G	3340	2620	5960	0.00038
Pyruvatibacter	1742974	G	2093	294	2387	0.00015
Candidatus Phaeomarinobacter	1541445	G	868	49	917	0.00006
Chelatococcus	28209	G	12036	3088	15124	0.00097
Methylocella	120652	G	5370	541	5911	0.00038
Methylovirgula	1156568	G	4436	404	4840	0.00031
Beijerinckia	532	G	1203	101	1304	0.00008
Blastochloris	59282	G	10750	2820	13570	0.00087
Brucella	234	G	7098	3935	11033	0.00070
Pseudochrobactrum	354349	G	547	101	648	0.00004
Acuticoccus	1904377	G	6662	793	7455	0.00048
Kaistia	166953	G	6211	1713	7924	0.00051
Hartmannibacter	1572860	G	4065	816	4881	0.00031
Lichenihabitans	2723776	G	3814	198	4012	0.00026
Breoghania	1406135	G	3712	545	4257	0.00027
Cohaesibacter	655352	G	690	29	719	0.00005
Bartonella	773	G	677	132	809	0.00005
Sphingomonas	13687	G	553432	68721	622153	0.03971
Sphingobium	165695	G	63696	32853	96549	0.00616
Sphingopyxis	165697	G	60965	13806	74771	0.00477
Novosphingobium	165696	G	42367	16224	58591	0.00374
Rhizorhabdus	1649486	G	20024	10621	30645	0.00196
Allosphingosinicella	2823232	G	10518	1404	11922	0.00076
Sphingosinithalassobacter	2676233	G	8950	2280	11230	0.00072
Parasphingopyxis	1234545	G	5876	308	6184	0.00039
Sphingorhabdus	1434046	G	4641	302	4943	0.00032
Blastomonas	150203	G	4295	783	5078	0.00032
Tardibacter	2685927	G	3320	2944	6264	0.00040
Hankyongella	1763827	G	3172	674	3846	0.00025
Citromicrobium	72173	G	2398	1165	3563	0.00023
Novosphingopyxis	2709686	G	2263	1330	3593	0.00023
Aquisediminimonas	2676781	G	1328	53	1381	0.00009
Parasphingorhabdus	2709685	G	1253	39	1292	0.00008
Erythrobacter	1041	G	28710	7774	36484	0.00233
Porphyrobacter	1111	G	8375	2445	10820	0.00069
Qipengyuania	1855416	G	17463	4827	22290	0.00142
Tsuneonella	2800686	G	11694	2444	14138	0.00090
Altererythrobacter	361177	G	11042	3060	14102	0.00090
Croceicoccus	1295327	G	9446	6039	15485	0.00099
Aurantiacibacter	2800681	G	2050	359	2409	0.00015
Pelagerythrobacter	2800685	G	2044	301	2345	0.00015
Paraurantiacibacter	2800682	G	1959	269	2228	0.00014
Croceibacterium	2676755	G	1636	745	2381	0.00015
Sphingosinicella	335405	G	18476	2060	20536	0.00131
Polymorphobacter	1508451	G	7007	294	7301	0.00047
Sandaracinobacter	56358	G	2885	211	3096	0.00020
Zymomonas	541	G	238	185	423	0.00003
Azospirillum	191	G	70959	9531	80490	0.00514
Skermanella	204447	G	25756	3742	29498	0.00188
Nitrospirillum	1543705	G	5500	692	6192	0.00040
Indioceanicola	2478349	G	4398	654	5052	0.00032
Niveispirillum	1543704	G	2231	263	2494	0.00016
Roseomonas	125216	G	43260	6384	49644	0.00317
Rhodovastum	504465	G	8393	842	9235	0.00059
Komagataeibacter	1434011	G	6029	2837	8866	0.00057
Acidiphilium	522	G	5693	3103	8796	0.00056
Roseococcus	35812	G	5400	501	5901	0.00038
Acidibrevibacterium	2603324	G	4301	406	4707	0.00030
Sediminicoccus	1706033	G	4115	211	4326	0.00028
Lichenicola	2804525	G	3775	181	3956	0.00025
Acetobacter	434	G	3263	1034	4297	0.00027
Gluconacetobacter	89583	G	2542	532	3074	0.00020
Gluconobacter	441	G	2355	637	2992	0.00019
Granulibacter	364409	G	1699	150	1849	0.00012
Asaia	91914	G	1063	175	1238	0.00008
Neoasaia	320496	G	984	199	1183	0.00008
Kozakia	153497	G	757	267	1024	0.00007
Novacetimonas	2919364	G	595	279	874	0.00006
Oecophyllibacter	2791118	G	502	16	518	0.00003
Parasaccharibacter	1602345	G	286	9	295	0.00002
Swingsia	1649499	G	255	10	265	0.00002
Neokomagataea	1223423	G	102	16	118	0.00001
Entomobacter	2811380	G	60	4	64	0.00000
Commensalibacter	1079922	G	50	1	51	0.00000
Bombella	1654741	G	23	2	25	0.00000
Hypericibacter	2705399	G	29394	1885	31279	0.00200
Magnetospirillum	13134	G	13964	259102	273066	0.01743
Rhodospirillum	1081	G	9038	1120	10158	0.00065
Ferrovibrio	1231242	G	8084	549	8633	0.00055
Tistrella	171436	G	5806	2877	8683	0.00055
Defluviicoccus	111830	G	3179	300	3479	0.00022
Pararhodospirillum	1612157	G	1773	137	1910	0.00012
Haematospirillum	1804663	G	294	24	318	0.00002
Candidatus Endolissoclinum	1263978	G	116	1	117	0.00001
Stella	93	G	14133	1049	15182	0.00097
Elioraea	457933	G	6394	332	6726	0.00043
Thalassospira	168934	G	2126	183	2309	0.00015
Magnetospira	1182780	G	1264	42	1306	0.00008
Terasakiella	196080	G	136	3	139	0.00001
Paracoccus	265	G	35667	6440	42107	0.00269
Cereibacter	1653176	G	9281	2330	11611	0.00074
Rhodobacter	1060	G	8750	2972	11722	0.00075
Rhodovulum	34008	G	4981	1189	6170	0.00039
Paroceanicella	2683599	G	4210	1203	5413	0.00035
Polymorphum	991903	G	4086	1103	5189	0.00033
Pikeienuella	2831955	G	3318	348	3666	0.00023
Thioclava	285107	G	2820	388	3208	0.00020
Pontivivens	1844015	G	2759	225	2984	0.00019
Silicimonas	1955420	G	2540	166	2706	0.00017
Pelagovum	2795377	G	2304	316	2620	0.00017
Frigidibacter	1775705	G	1833	858	2691	0.00017
Pukyongiella	2831925	G	1809	479	2288	0.00015
Brevirhabdus	1855413	G	1694	874	2568	0.00016
Gymnodinialimonas	2937410	G	1487	155	1642	0.00010
Haematobacter	366614	G	1304	578	1882	0.00012
Falsirhodobacter	1434002	G	1259	197	1456	0.00009
Fuscovulum	2818469	G	1249	175	1424	0.00009
Gemmobacter	204456	G	1151	254	1405	0.00009
Pacificitalea	2846749	G	1125	272	1397	0.00009
Pseudopuniceibacterium	2613960	G	1098	94	1192	0.00008
Tabrizicola	1443919	G	1014	101	1115	0.00007
Pseudooceanicola	1679449	G	938	101	1039	0.00007
Monaibacterium	2029873	G	884	226	1110	0.00007
Roseicitreum	1209946	G	866	49	915	0.00006
Yoonia	2211641	G	661	164	825	0.00005
Qingshengfaniella	2816884	G	583	34	617	0.00004
Tritonibacter	2083206	G	581	284	865	0.00006
Rhodophyticola	2680018	G	558	18	576	0.00004
Pseudohalocynthiibacter	1759417	G	511	113	624	0.00004
Rhodobaca	119541	G	453	22	475	0.00003
Profundibacter	2778525	G	439	16	455	0.00003
Pseudorhodobacter	238783	G	337	23	360	0.00002
Parasedimentitalea	2738399	G	296	15	311	0.00002
Aestuarium	2820509	G	271	121	392	0.00003
Cognatishimia	2211635	G	266	13	279	0.00002
Planktomarina	1284657	G	173	4	177	0.00001
Roseovarius	74030	G	9330	1511	10841	0.00069
Sulfitobacter	60136	G	8376	1795	10171	0.00065
Salipiger	263377	G	6729	2366	9095	0.00058
Roseivivax	93682	G	5418	861	6279	0.00040
Celeribacter	875170	G	3924	1622	5546	0.00035
Phaeobacter	302485	G	3179	658	3837	0.00024
Leisingera	191028	G	2804	407	3211	0.00020
Ruegeria	97050	G	2732	416	3148	0.00020
Yangia	2919626	G	2358	422	2780	0.00018
Sagittula	58842	G	2325	1018	3343	0.00021
Pseudosulfitobacter	2854186	G	2224	649	2873	0.00018
Ponticoccus	983507	G	1808	290	2098	0.00013
Mameliella	1434019	G	1529	301	1830	0.00012
Dinoroseobacter	309512	G	1510	582	2092	0.00013
Roseobacter	2433	G	1461	40	1501	0.00010
Ketogulonicigenium	92944	G	1385	220	1605	0.00010
Octadecabacter	53945	G	1235	88	1323	0.00008
Roseibacterium	159345	G	1232	111	1343	0.00009
Actibacterium	1433986	G	1188	616	1804	0.00012
Oceanicola	252301	G	1134	62	1196	0.00008
Maribius	387095	G	940	51	991	0.00006
Thalassococcus	436357	G	849	23	872	0.00006
Antarctobacter	74032	G	764	42	806	0.00005
Jannaschia	188905	G	764	22	786	0.00005
Tateyamaria	299261	G	755	26	781	0.00005
Thalassobius	335927	G	400	22	422	0.00003
Falsihalocynthiibacter	2854182	G	155	5	160	0.00001
Caulobacter	75	G	54493	6779	61272	0.00391
Brevundimonas	41275	G	37367	5675	43042	0.00275
Phenylobacterium	20	G	31634	5765	37399	0.00239
Asticcacaulis	76890	G	2952	241	3193	0.00020
Terricaulis	2768684	G	2223	81	2304	0.00015
Marinicauda	1649466	G	3125	567	3692	0.00024
Maricaulis	74317	G	1094	74	1168	0.00007
Glycocaulis	1433402	G	994	55	1049	0.00007
Hyphobacterium	2004661	G	707	29	736	0.00005
Hyphomonas	85	G	3240	161	3401	0.00022
Candidatus Viadribacter	2892997	G	1314	36	1350	0.00009
Hirschia	2723	G	63	1	64	0.00000
Aquisalinus	1795639	G	1209	61	1270	0.00008
Parvularcula	208215	G	501	65	566	0.00004
Rickettsia	780	G	452	35	487	0.00003
Orientia	69474	G	22	1	23	0.00000
Candidatus Sneabacter	2601645	G	15	1	16	0.00000
Candidatus Phycorickettsia	2115980	G	67	3	70	0.00000
Anaplasma	768	G	224	43	267	0.00002
Wolbachia	953	G	136	10	146	0.00001
Ehrlichia	943	G	67	9	76	0.00000
Neorickettsia	33993	G	41	0	41	0.00000
Candidatus Midichloria	411566	G	38	3	41	0.00000
Candidatus Fokinia	1802983	G	26	50	76	0.00000
Candidatus Deianiraea	2603321	G	19	0	19	0.00000
Micavibrio	213485	G	727	9	736	0.00005
Candidatus Puniceispirillum	767891	G	141	4	145	0.00001
Luteithermobacter	2813803	G	452	76	528	0.00003
Paremcibacter	2813804	G	403	12	415	0.00003
Candidatus Hydrogenosomobacter	2654634	G	53	1	54	0.00000
Candidatus Cytomitobacter	2601574	G	37	43	80	0.00001
Candidatus Gromoviella	2900571	G	27	1	28	0.00000
Candidatus Nesciobacter	2601651	G	13	2	15	0.00000
Candidatus Paracaedibacter	1521255	G	124	5	129	0.00001
Candidatus Nucleicultrix	1509243	G	118	6	124	0.00001
Magnetococcus	162171	G	213	5	218	0.00001
Candidatus Pelagibacter	198251	G	103	2	105	0.00001
Candidatus Fonsibacter	2045213	G	97	4	101	0.00001
Kordiimonas	288021	G	86	1	87	0.00001
Burkholderia	32008	G	146228	89205	235433	0.01503
Cupriavidus	106589	G	82044	32340	114384	0.00730
Paraburkholderia	1822464	G	75138	10199	85337	0.00545
Ralstonia	48736	G	22877	12536	35413	0.00226
Pandoraea	93217	G	22338	4094	26432	0.00169
Caballeronia	1827195	G	21435	3258	24693	0.00158
Polynucleobacter	44013	G	2385	72	2457	0.00016
Lautropia	47670	G	1856	396	2252	0.00014
Mycetohabitans	2571159	G	1720	136	1856	0.00012
Chitinimonas	240411	G	1293	123	1416	0.00009
Mycoavidus	1810868	G	394	20	414	0.00003
Limnobacter	131079	G	252	13	265	0.00002
Candidatus Vallotia	2018044	G	219	29	248	0.00002
Ephemeroptericola	2680021	G	121	9	130	0.00001
Variovorax	34072	G	82617	32075	114692	0.00732
Hydrogenophaga	47420	G	32819	16288	49107	0.00313
Acidovorax	12916	G	30422	17733	48155	0.00307
Ramlibacter	174951	G	20413	9570	29983	0.00191
Comamonas	283	G	17031	10533	27564	0.00176
Rhodoferax	28065	G	15107	4046	19153	0.00122
Schlegelella	215579	G	12469	4671	17140	0.00109
Diaphorobacter	238749	G	9825	11965	21790	0.00139
Delftia	80865	G	8007	11441	19448	0.00124
Polaromonas	52972	G	7084	651	7735	0.00049
Kinneretia	683756	G	7015	4899	11914	0.00076
Ottowia	219181	G	5301	1064	6365	0.00041
Alicycliphilus	201096	G	4539	8309	12848	0.00082
Melaminivora	1649468	G	4013	4055	8068	0.00051
Serpentinimonas	2490452	G	2950	783	3733	0.00024
Verminephrobacter	364316	G	2359	334	2693	0.00017
Pulveribacter	2678886	G	1918	1140	3058	0.00020
Hylemonella	232523	G	1861	315	2176	0.00014
Simplicispira	352450	G	1523	629	2152	0.00014
Limnohabitans	665874	G	864	95	959	0.00006
Candidatus Symbiobacter	1436289	G	652	27	679	0.00004
Curvibacter	281915	G	641	53	694	0.00004
Massilia	149698	G	83695	16605	100300	0.00640
Duganella	75654	G	6901	2587	9488	0.00061
Herbaspirillum	963	G	13205	2798	16003	0.00102
Janthinobacterium	29580	G	13107	4320	17427	0.00111
Collimonas	202907	G	5666	713	6379	0.00041
Noviherbaspirillum	1344552	G	4375	846	5221	0.00033
Undibacterium	401469	G	755	55	810	0.00005
Herminiimonas	303379	G	323	49	372	0.00002
Glaciimonas	1229970	G	271	18	289	0.00002
Oxalobacter	846	G	231	24	255	0.00002
Bordetella	517	G	44607	31333	75940	0.00485
Achromobacter	222	G	43762	22828	66590	0.00425
Pigmentiphaga	152267	G	6248	853	7101	0.00045
Castellaniella	359336	G	3085	2500	5585	0.00036
Orrella	1921582	G	3023	1118	4141	0.00026
Alcaligenes	507	G	1660	494	2154	0.00014
Pusillimonas (ex Stolz et al. 2005)	305976	G	1407	304	1711	0.00011
Paralcaligenes	1148163	G	933	44	977	0.00006
Kerstersia	257820	G	840	212	1052	0.00007
Advenella	290425	G	745	26	771	0.00005
Oligella	90243	G	138	45	183	0.00001
Paenalcaligenes	1100891	G	105	6	111	0.00001
Taylorella	29574	G	39	3	42	0.00000
Basilea	1472344	G	29	3	32	0.00000
Pelistega	106146	G	28	4	32	0.00000
Rhizobacter	212743	G	15068	4184	19252	0.00123
Sphaerotilus	34102	G	8979	5565	14544	0.00093
Rubrivivax	28067	G	7426	2901	10327	0.00066
Methylibium	316612	G	7290	2717	10007	0.00064
Mitsuaria	65047	G	7244	1805	9049	0.00058
Thiomonas	32012	G	6510	501	7011	0.00045
Aquincola	391952	G	5813	2530	8343	0.00053
Leptothrix	88	G	4907	1970	6877	0.00044
Xylophilus	54066	G	3508	1312	4820	0.00031
Tepidimonas	114248	G	2980	1347	4327	0.00028
Ideonella	36862	G	2886	2216	5102	0.00033
Aquabacterium	92793	G	2688	903	3591	0.00023
Roseateles	93681	G	2395	578	2973	0.00019
Inhella	644355	G	1800	362	2162	0.00014
Paucibacter	318147	G	1228	269	1497	0.00010
Candidatus Ichthyocystis	2929841	G	43	1	44	0.00000
Sutterella	40544	G	2168	236	2404	0.00015
Turicimonas	1918598	G	103	9	112	0.00001
Thauera	33057	G	19135	14154	33289	0.00212
Azoarcus	12960	G	15697	6036	21733	0.00139
Nitrogeniibacter	2891294	G	4649	900	5549	0.00035
Aromatoleum	551759	G	16313	5709	22022	0.00141
Azospira	146937	G	10919	6084	17003	0.00109
Niveibacterium	1769726	G	2549	432	2981	0.00019
Oryzomicrobium	1911577	G	1852	589	2441	0.00016
Rugosibacter	1914449	G	523	111	634	0.00004
Dechloromonas	73029	G	4388	898	5286	0.00034
Ferribacterium	88875	G	3609	718	4327	0.00028
Quatrionicoccus	138117	G	1739	607	2346	0.00015
Fluviibacter	2808942	G	279	103	382	0.00002
Usitatibacter	2803845	G	33282	3123	36405	0.00232
Denitratisoma	311181	G	4091	2585	6676	0.00043
Sulfuritalea	1054211	G	3337	639	3976	0.00025
Methyloversatilis	378210	G	2752	461	3213	0.00021
Sterolibacterium	157591	G	2281	783	3064	0.00020
Thiobacillus	919	G	4425	1052	5477	0.00035
Sulfuritortus	1938335	G	2887	1552	4439	0.00028
Nitrosospira	35798	G	5578	196	5774	0.00037
Nitrosomonas	914	G	1195	194	1389	0.00009
Sideroxydans	314343	G	2759	460	3219	0.00021
Ferrigenium	2249462	G	1910	486	2396	0.00015
Ferriphaselus	1443590	G	656	107	763	0.00005
Gallionella	96	G	470	51	521	0.00003
Candidatus Nitrotoga	453161	G	457	32	489	0.00003
Sulfuriferula	1778653	G	2161	437	2598	0.00017
Sulfurimicrobium	2772198	G	2128	356	2484	0.00016
Sulfuricella	935200	G	979	118	1097	0.00007
Methylovorus	81682	G	637	54	691	0.00004
Methylobacillus	404	G	621	187	808	0.00005
Methylophilus	16	G	523	38	561	0.00004
Candidatus Methylopumilus	1679002	G	239	20	259	0.00002
Methylotenera	359407	G	137	14	151	0.00001
Methyloradius	2872156	G	130	13	143	0.00001
Chromobacterium	535	G	12257	3169	15426	0.00098
Iodobacter	32014	G	223	73	296	0.00002
Jeongeupia	885864	G	4276	974	5250	0.00034
Paludibacterium	400060	G	3182	634	3816	0.00024
Pseudogulbenkiania	568394	G	2324	926	3250	0.00021
Vogesella	57739	G	2071	601	2672	0.00017
Microvirgula	57479	G	1725	393	2118	0.00014
Aquitalea	407217	G	1580	353	1933	0.00012
Laribacter	168470	G	1239	1277	2516	0.00016
Aquaspirillum	187	G	807	142	949	0.00006
Chitinibacter	230666	G	330	166	496	0.00003
Deefgea	400947	G	308	47	355	0.00002
Neisseria	482	G	4606	1996	6602	0.00042
Crenobacter	1654931	G	3179	1241	4420	0.00028
Chitinolyticbacter	1055692	G	1892	281	2173	0.00014
Vitreoscilla	59	G	973	204	1177	0.00008
Kingella	32257	G	633	201	834	0.00005
Eikenella	538	G	600	162	762	0.00005
Uruburuella	299568	G	539	90	629	0.00004
Paralysiella	2898489	G	237	60	297	0.00002
Alysiella	194195	G	118	21	139	0.00001
Conchiformibius	334107	G	75	86	161	0.00001
Snodgrassella	1193515	G	57	19	76	0.00000
Aquella	2593687	G	37	1	38	0.00000
Morococcus	212742	G	30	157	187	0.00001
Simonsiella	71	G	17	3	20	0.00000
Casimicrobium	2706000	G	2198	1241	3439	0.00022
Candidatus Kinetoplastibacterium	33055	G	78	11	89	0.00001
Candidatus Profftella	1381133	G	28	7	35	0.00000
Lysobacter	68	G	143370	26318	169688	0.01083
Stenotrophomonas	40323	G	40484	19771	60255	0.00385
Xanthomonas	338	G	40200	28564	68764	0.00439
Luteimonas	83614	G	32909	7249	40158	0.00256
Pseudoxanthomonas	83618	G	22535	11331	33866	0.00216
Thermomonas	141948	G	16517	5041	21558	0.00138
Arenimonas	490567	G	3402	743	4145	0.00026
Pseudolysobacter	2709666	G	2350	67	2417	0.00015
Xylella	2370	G	526	74	600	0.00004
Frateuria	70411	G	35066	9315	44381	0.00283
Rhodanobacter	75309	G	18768	3970	22738	0.00145
Luteibacter	242605	G	16813	1912	18725	0.00120
Dyella	231454	G	14451	2409	16860	0.00108
Dokdonella	323413	G	6034	1098	7132	0.00046
Aerosticca	2707020	G	3887	5669	9556	0.00061
Ahniella	2233801	G	1509	41	1550	0.00010
Pseudomonas	286	G	239096	72018	311114	0.01986
Azotobacter	352	G	5072	5196	10268	0.00066
Halopseudomonas	2901189	G	2878	532	3410	0.00022
Permianibacter	1649479	G	581	18	599	0.00004
Thiopseudomonas	1654787	G	60	13	73	0.00000
Entomomonas	2758906	G	59	3	62	0.00000
Marinobacter	2742	G	6067	531	6598	0.00042
Klebsiella	570	G	5990	66234	72224	0.00461
Raoultella	160674	G	1492	895	2387	0.00015
Enterobacter	547	G	7314	13061	20375	0.00130
Citrobacter	544	G	3052	3126	6178	0.00039
Cronobacter	413496	G	1981	457	2438	0.00016
Kosakonia	1330547	G	1684	307	1991	0.00013
Leclercia	83654	G	1619	849	2468	0.00016
Salmonella	590	G	1335	47749	49084	0.00313
Pluralibacter	1330546	G	1322	354	1676	0.00011
Escherichia	561	G	1072	17719	18791	0.00120
Cedecea	158483	G	986	150	1136	0.00007
Lelliottia	1330545	G	623	134	757	0.00005
Kluyvera	579	G	524	170	694	0.00004
Candidatus Symbiopectobacterium	801	G	174	22	196	0.00001
Candidatus Hamiltonella	568987	G	55	42	97	0.00001
Candidatus Blochmannia	203804	G	76	3	79	0.00001
Candidatus Doolittlea	1906657	G	29	1	30	0.00000
Candidatus Gullanella	1906661	G	18	1	19	0.00000
Candidatus Hoaglandella	1906659	G	14	1	15	0.00000
Pseudescherichia	2055880	G	290	18	308	0.00002
Jejubacter	2815296	G	246	28	274	0.00002
Scandinavium	2726810	G	225	44	269	0.00002
Buttiauxella	82976	G	217	33	250	0.00002
Plesiomonas	702	G	217	73	290	0.00002
Atlantibacter	1903434	G	216	48	264	0.00002
Shimwellia	1335483	G	188	1363	1551	0.00010
Yokenella	158876	G	178	78	256	0.00002
Pseudocitrobacter	1504576	G	175	45	220	0.00001
Phytobacter	447792	G	156	333	489	0.00003
Shigella	620	G	42	2734	2776	0.00018
Candidatus Profftia	1177214	G	38	2	40	0.00000
Candidatus Ishikawaella	409304	G	27	2	29	0.00000
Candidatus Moranella	1048757	G	18	0	18	0.00000
Candidatus Schneideria	1081630	G	11	0	11	0.00000
Serratia	613	G	9966	2864	12830	0.00082
Rahnella	34037	G	1062	277	1339	0.00009
Yersinia	629	G	984	1430	2414	0.00015
Nissabacter	1964366	G	672	106	778	0.00005
Gibbsiella	929812	G	352	51	403	0.00003
Ewingella	41201	G	256	38	294	0.00002
Rouxiella	1565532	G	227	22	249	0.00002
Chania	1745211	G	105	12	117	0.00001
Candidatus Fukatsuia	1927833	G	72	4	76	0.00000
Pantoea	53335	G	6045	1193	7238	0.00046
Erwinia	551	G	2471	445	2916	0.00019
Mixta	2100764	G	1511	454	1965	0.00013
Buchnera	32199	G	262	33	295	0.00002
Tatumella	82986	G	140	23	163	0.00001
Wigglesworthia	51228	G	43	4	47	0.00000
Dickeya	204037	G	2844	5499	8343	0.00053
Pectobacterium	122277	G	1690	323	2013	0.00013
Brenneria	71655	G	1217	86	1303	0.00008
Lonsdalea	1082702	G	575	91	666	0.00004
Musicola	2884243	G	326	0	326	0.00002
Edwardsiella	635	G	1782	427	2209	0.00014
Hafnia	568	G	189	70	259	0.00002
Obesumbacterium	82982	G	30	24	54	0.00000
Morganella	581	G	487	481	968	0.00006
Providencia	586	G	376	203	579	0.00004
Xenorhabdus	626	G	299	41	340	0.00002
Proteus	583	G	296	316	612	0.00004
Photorhabdus	29487	G	291	24	315	0.00002
Arsenophonus	637	G	101	9	110	0.00001
Moellerella	158848	G	27	21	48	0.00000
Sodalis	84565	G	1303	87	1390	0.00009
Leminorella	82980	G	153	21	174	0.00001
Pragia	82984	G	48	6	54	0.00000
Jinshanibacter	2810357	G	41	5	46	0.00000
Limnobaculum	2172100	G	28	4	32	0.00000
Thioalkalivibrio	106633	G	10080	1925	12005	0.00077
Spiribacter	1335745	G	6518	518	7036	0.00045
Acidihalobacter	1765964	G	4268	393	4661	0.00030
Halorhodospira	85108	G	2060	190	2250	0.00014
Aquisalimonas	406099	G	1947	153	2100	0.00013
Alkalilimnicola	133193	G	1732	247	1979	0.00013
Ectothiorhodospira	1051	G	1559	164	1723	0.00011
Ectothiorhodosinus	233099	G	293	22	315	0.00002
Allochromatium	85072	G	3469	843	4312	0.00028
Thiodictyon	53392	G	3055	178	3233	0.00021
Thioflavicoccus	156885	G	3045	300	3345	0.00021
Marichromatium	85076	G	2756	578	3334	0.00021
Thiocapsa	1056	G	2185	126	2311	0.00015
Thiocystis	13724	G	1703	156	1859	0.00012
Thermochromatium	85073	G	1139	289	1428	0.00009
Nitrosococcus	1227	G	845	24	869	0.00006
Caldichromatium	2828366	G	753	89	842	0.00005
Rheinheimera	67575	G	472	65	537	0.00003
Candidatus Nitrosoglobus	1980513	G	47	3	50	0.00000
Candidatus Nitrosacidococcus	2796146	G	40	2	42	0.00000
Wenzhouxiangella	1676142	G	3122	169	3291	0.00021
Thiohalobacter	1273155	G	2446	314	2760	0.00018
Guyparkeria	2035712	G	2109	542	2651	0.00017
Sulfurivermis	2034504	G	1915	823	2738	0.00017
Halothiobacillus	109262	G	1227	111	1338	0.00009
Woeseia	1738655	G	992	18	1010	0.00006
Sulfuriflexus	1860077	G	377	12	389	0.00002
Granulosicoccus	437504	G	342	6	348	0.00002
Halomonas	2745	G	29904	4399	34303	0.00219
Cobetia	204286	G	1847	1314	3161	0.00020
Halotalea	376488	G	1687	362	2049	0.00013
Salinicola	404432	G	1562	190	1752	0.00011
Kushneria	504090	G	1284	62	1346	0.00009
Chromohalobacter	42054	G	1136	131	1267	0.00008
Pistricoccus	1897649	G	818	58	876	0.00006
Zymobacter	33073	G	229	32	261	0.00002
Candidatus Portiera	235572	G	48	6	54	0.00000
Candidatus Carsonella	114185	G	29	6	35	0.00000
Alcanivorax	59753	G	3922	1910	5832	0.00037
Ketobacter	2025617	G	186	15	201	0.00001
Marinobacterium	48075	G	1237	154	1391	0.00009
Marinomonas	28253	G	463	54	517	0.00003
Thalassolituus	187492	G	221	30	251	0.00002
Venatorbacter	2893036	G	193	47	240	0.00002
Bacterioplanes	1537406	G	157	9	166	0.00001
Neptunomonas	75687	G	151	12	163	0.00001
Nitrincola	267849	G	104	18	122	0.00001
Amphritea	515417	G	80	6	86	0.00001
Bermanella	599651	G	51	2	53	0.00000
Hahella	158481	G	863	36	899	0.00006
Saccharospirillum	231683	G	465	28	493	0.00003
Reinekea	230494	G	174	9	183	0.00001
Gynuella	1445504	G	131	4	135	0.00001
Litoricola	418700	G	275	14	289	0.00002
Oleiphilus	141450	G	101	8	109	0.00001
Endozoicomonas	305899	G	95	5	100	0.00001
Spartinivicinus	2768738	G	46	1	47	0.00000
Methylococcus	413	G	6734	519	7253	0.00046
Methylomonas	416	G	3857	130	3987	0.00025
Methylomagnum	1760987	G	1867	87	1954	0.00012
Methylomicrobium	39773	G	1866	330	2196	0.00014
Methylocaldum	73778	G	1748	110	1858	0.00012
Methylogaea	1295378	G	1653	137	1790	0.00011
Candidatus Methylospira	1808977	G	532	24	556	0.00004
Methylotuvimicrobium	2822410	G	489	264	753	0.00005
Methylovulum	762296	G	226	5	231	0.00001
Methylobacter	429	G	107	6	113	0.00001
Aeromonas	642	G	15280	11174	26454	0.00169
Zobellella	347533	G	1240	294	1534	0.00010
Oceanimonas	129577	G	556	119	675	0.00004
Dongshaea	2802288	G	153	15	168	0.00001
Oceanisphaera	225143	G	144	17	161	0.00001
Tolumonas	43947	G	94	43	137	0.00001
Succinivibrio	83770	G	25	1	26	0.00000
Sulfurifustis	1692042	G	8681	601	9282	0.00059
Sulfuricaulis	1744881	G	3318	279	3597	0.00023
Acidiferrobacter	986106	G	2225	46	2271	0.00014
Solimonas	413435	G	6365	700	7065	0.00045
Flagellatimonas	2893022	G	1811	129	1940	0.00012
Sinimarinibacterium	1861863	G	888	528	1416	0.00009
Steroidobacter	469322	G	4336	1326	5662	0.00036
Microbulbifer	48073	G	5086	310	5396	0.00034
Cellvibrio	10	G	2067	87	2154	0.00014
Teredinibacter	2425	G	353	18	371	0.00002
Simiduia	447467	G	313	17	330	0.00002
Saccharophagus	316625	G	77	2	79	0.00001
Marinagarivorans	1792291	G	63	6	69	0.00000
Agarilytica	2036021	G	48	1	49	0.00000
Kineobactrum	2678529	G	1038	42	1080	0.00007
Halioglobus	1217416	G	678	22	700	0.00004
Congregibacter	393661	G	364	154	518	0.00003
Aequoribacter	2847769	G	122	16	138	0.00001
Spongiibacter	630749	G	619	59	678	0.00004
Zhongshania	1434050	G	127	8	135	0.00001
Oceanicoccus	1084558	G	104	2	106	0.00001
Shewanella	22	G	4490	866	5356	0.00034
Parashewanella	2547964	G	55	4	59	0.00000
Alteromonas	226	G	671	144	815	0.00005
Salinimonas	288793	G	297	54	351	0.00002
Hydrocarboniclastica	2650549	G	462	66	528	0.00003
Agarivorans	261825	G	161	15	176	0.00001
Lacimicrobium	1751872	G	158	11	169	0.00001
Paraglaciecola	1621534	G	147	11	158	0.00001
Saliniradius	2661818	G	121	11	132	0.00001
Saccharobesus	2894574	G	62	4	66	0.00000
Paraneptunicella	2905123	G	59	3	62	0.00000
Catenovulum	1172191	G	56	4	60	0.00000
Glaciecola	89404	G	45	3	48	0.00000
Pseudoalteromonas	53246	G	1355	212	1567	0.00010
Psychrosphaera	907197	G	47	7	54	0.00000
Flocculibacter	2834759	G	47	4	51	0.00000
Ferrimonas	44011	G	491	64	555	0.00004
Colwellia	28228	G	151	15	166	0.00001
Thalassotalea	1518149	G	142	17	159	0.00001
Cognaticolwellia	2848171	G	28	5	33	0.00000
Litorilituus	1407056	G	21	2	23	0.00000
Idiomarina	135575	G	289	29	318	0.00002
Moritella	58050	G	144	36	180	0.00001
Psychromonas	67572	G	97	10	107	0.00001
Vibrio	662	G	4669	5564	10233	0.00065
Photobacterium	657	G	773	161	934	0.00006
Salinivibrio	51366	G	136	15	151	0.00001
Grimontia	246861	G	104	13	117	0.00001
Aliivibrio	511678	G	50	9	59	0.00000
Thaumasiovibrio	2014233	G	49	5	54	0.00000
Paraphotobacterium	2042066	G	16	3	19	0.00000
Enterovibrio	188143	G	14	0	14	0.00000
Legionella	445	G	2980	273	3253	0.00021
Fluoribacter	461	G	100	41	141	0.00001
Tatlockia	465	G	67	3	70	0.00000
Aquicella	254245	G	968	33	1001	0.00006
Coxiella	776	G	297	67	364	0.00002
Rickettsiella	59195	G	110	6	116	0.00001
Acinetobacter	469	G	2341	1374	3715	0.00024
Psychrobacter	497	G	468	23	491	0.00003
Moraxella	475	G	432	47	479	0.00003
Aquirhabdus	2824158	G	86	4	90	0.00001
Immundisolibacter	1934947	G	3120	636	3756	0.00024
Candidatus Endoriftia	393764	G	882	70	952	0.00006
Candidatus Ruthia	1541743	G	19	4	23	0.00000
Candidatus Vesicomyosocius	2732587	G	19	12	31	0.00000
Sedimenticola	349742	G	555	26	581	0.00004
Candidatus Reidiella	2738850	G	438	9	447	0.00003
Thiolapillus	1608298	G	364	10	374	0.00002
Pseudohongiella	1524249	G	186	5	191	0.00001
Gallaecimonas	745410	G	140	11	151	0.00001
Celerinatantimonas	412033	G	58	4	62	0.00000
Ignatzschineria	112008	G	43	4	47	0.00000
Candidatus Thioglobus	655184	G	35	6	41	0.00000
Candidatus Steffania	1076625	G	16	0	16	0.00000
Candidatus Pseudothioglobus	2841677	G	14	8	22	0.00000
Thiomicrorhabdus	2039723	G	300	14	314	0.00002
Methylophaga	40222	G	292	77	369	0.00002
Thiomicrospira	933	G	209	64	273	0.00002
Hydrogenovibrio	28884	G	139	53	192	0.00001
Piscirickettsia	1237	G	87	6	93	0.00001
Cycloclasticus	34067	G	70	5	75	0.00000
Thiosulfatimonas	2781121	G	65	4	69	0.00000
Thiosulfativibrio	2781120	G	49	2	51	0.00000
Thiothrix	1030	G	1039	28	1067	0.00007
Beggiatoa	1021	G	101	1	102	0.00001
Francisella	262	G	175	194	369	0.00002
Allofrancisella	1869285	G	20	1	21	0.00000
Salinisphaera	180541	G	2067	1857	3924	0.00025
Pasteurella	745	G	234	344	578	0.00004
Aggregatibacter	416916	G	234	100	334	0.00002
Haemophilus	724	G	220	67	287	0.00002
Actinobacillus	713	G	192	76	268	0.00002
Mannheimia	75984	G	190	143	333	0.00002
Avibacterium	292486	G	77	11	88	0.00001
Glaesserella	2094023	G	44	24	68	0.00000
Rodentibacter	1960084	G	36	4	40	0.00000
Basfia	697331	G	35	3	38	0.00000
Histophilus	214906	G	29	9	38	0.00000
Gallibacterium	155493	G	24	7	31	0.00000
Bibersteinia	476528	G	24	10	34	0.00000
Frederiksenia	1649317	G	16	4	20	0.00000
Otariodibacter	1249016	G	14	2	16	0.00000
Bisgaardia	109471	G	12	1	13	0.00000
Vespertiliibacter	1520333	G	10	1	11	0.00000
Cardiobacterium	2717	G	972	161	1133	0.00007
Suttonella	13275	G	78	5	83	0.00001
Dichelobacter	869	G	50	17	67	0.00000
Kangiella	261963	G	211	13	224	0.00001
Gilliamella	1193503	G	94	21	115	0.00001
Zophobihabitans	2894762	G	17	1	18	0.00000
Frischella	1335631	G	12	2	14	0.00000
Archangium	47	G	62645	7361	70006	0.00447
Stigmatella	40	G	9968	974	10942	0.00070
Cystobacter	42	G	9810	2436	12246	0.00078
Melittangium	44	G	7163	1642	8805	0.00056
Myxococcus	32	G	27509	30765	58274	0.00372
Corallococcus	83461	G	25776	2841	28617	0.00183
Pyxidicoccus	224458	G	15344	909	16253	0.00104
Anaeromyxobacter	161492	G	77452	6094	83546	0.00533
Vulgatibacter	1524214	G	7760	656	8416	0.00054
Sorangium	39643	G	121402	15654	137056	0.00875
Polyangium	55	G	30390	3081	33471	0.00214
Chondromyces	50	G	13092	627	13719	0.00088
Pajaroellobacter	1882917	G	175	5	180	0.00001
Sandaracinus	1055688	G	39802	2299	42101	0.00269
Labilithrix	1524217	G	22358	1077	23435	0.00150
Haliangium	162027	G	19569	1151	20720	0.00132
Geomonas	2651583	G	12379	2169	14548	0.00093
Geobacter	28231	G	10813	1240	12053	0.00077
Citrifermentans	2883512	G	3659	954	4613	0.00029
Geotalea	2910589	G	1571	112	1683	0.00011
Geoalkalibacter	392332	G	882	897	1779	0.00011
Trichlorobacter	115782	G	468	67	535	0.00003
Desulfuromonas	890	G	8143	1076	9219	0.00059
Pelobacter	18	G	1314	490	1804	0.00012
Syntrophotalea	2812025	G	1486	182	1668	0.00011
Desulfovibrio	872	G	6944	993	7937	0.00051
Pseudodesulfovibrio	2035811	G	6852	1433	8285	0.00053
Solidesulfovibrio	2910984	G	4162	478	4640	0.00030
Oceanidesulfovibrio	2905722	G	2052	141	2193	0.00014
Desulfocurvibacter	2582840	G	1465	118	1583	0.00010
Desulfolutivibrio	2773294	G	1243	377	1620	0.00010
Megalodesulfovibrio	2910978	G	1138	62	1200	0.00008
Oleidesulfovibrio	2909705	G	317	505	822	0.00005
Paradesulfovibrio	2910986	G	190	21	211	0.00001
Maridesulfovibrio	2794998	G	181	18	199	0.00001
Lawsonia	41707	G	27	0	27	0.00000
Desulfomicrobium	898	G	1537	228	1765	0.00011
Desulfohalobium	45662	G	345	19	364	0.00002
Desulfosarcina	2299	G	3046	519	3565	0.00023
Desulfococcus	896	G	763	150	913	0.00006
Desulfatibacillum	218207	G	613	20	633	0.00004
Desulfoluna	497721	G	573	29	602	0.00004
Desulfonema	45654	G	274	6	280	0.00002
Desulfobacter	2289	G	260	24	284	0.00002
Desulforapulum	2904687	G	192	20	212	0.00001
Desulfobacula	28222	G	66	5	71	0.00000
Desulfobulbus	893	G	1794	392	2186	0.00014
Desulfurivibrio	427922	G	706	36	742	0.00005
Desulfomarina	2894767	G	60	6	66	0.00000
Desulfosudis	2904716	G	740	55	795	0.00005
Desulfosediminicola	2886823	G	226	25	251	0.00002
Desulfotalea	109168	G	112	21	133	0.00001
Desulfocapsa	53318	G	60	4	64	0.00000
Persicimonas	2766927	G	5575	172	5747	0.00037
Bradymonas	1779136	G	1760	833	2593	0.00017
Syntrophobacter	29526	G	1337	645	1982	0.00013
Desulfoglaeba	361106	G	1200	72	1272	0.00008
Desulfarculus	453229	G	2067	1391	3458	0.00022
Desulfomonile	2357	G	448	4	452	0.00003
Desulfobacca	60892	G	444	11	455	0.00003
Syntrophus	43773	G	411	26	437	0.00003
Dissulfurimicrobium	1769732	G	304	19	323	0.00002
Candidatus Desulfofervidus	1902583	G	114	2	116	0.00001
Hippea	84404	G	55	2	57	0.00000
Campylobacter	194	G	1080	316	1396	0.00009
Sulfurimonas	202746	G	669	38	707	0.00005
Sulfuricurvum	286130	G	58	3	61	0.00000
Helicobacter	209	G	520	44	564	0.00004
Wolinella	843	G	57	10	67	0.00000
Nitratifractor	269260	G	334	20	354	0.00002
Sulfurovum	265570	G	218	18	236	0.00002
Hydrogenimonas	223785	G	289	20	309	0.00002
Arcobacter	28196	G	63	37	100	0.00001
Malaciobacter	2321114	G	47	6	53	0.00000
Aliarcobacter	2321111	G	34	13	47	0.00000
Sulfurospirillum	57665	G	195	7	202	0.00001
Nitrosophilus	2795692	G	114	26	140	0.00001
Nitratiruptor	269258	G	98	13	111	0.00001
Caminibacter	191301	G	94	25	119	0.00001
Nautilia	191291	G	43	6	49	0.00000
Acidithiobacillus	119977	G	2176	227	2403	0.00015
Bdellovibrio	958	G	818	78	896	0.00006
Pseudobdellovibrio	2862745	G	73	7	80	0.00001
Bacteriovorax	146784	G	89	26	115	0.00001
Halobacteriovorax	1652133	G	53	21	74	0.00000
Fluviispira	2698753	G	31	11	42	0.00000
Silvanigrella	2024975	G	22	8	30	0.00000
Hydrogenophilus	70774	G	858	171	1029	0.00007
Mariprofundus	377315	G	503	15	518	0.00003
Streptomyces	1883	G	1445801	342422	1788223	0.11413
Kitasatospora	2063	G	18322	6414	24736	0.00158
Streptacidiphilus	228398	G	12715	3684	16399	0.00105
Yinghuangia	2805681	G	7117	1173	8290	0.00053
Microbacterium	33882	G	113240	20898	134138	0.00856
Agromyces	33877	G	34211	8800	43011	0.00275
Curtobacterium	2034	G	22303	4888	27191	0.00174
Rathayibacter	33886	G	19975	4919	24894	0.00159
Leucobacter	55968	G	16047	3179	19226	0.00123
Leifsonia	110932	G	15700	11182	26882	0.00172
Agrococcus	46352	G	15677	4522	20199	0.00129
Clavibacter	1573	G	15225	10531	25756	0.00164
Protaetiibacter	2680004	G	7366	2310	9676	0.00062
Salinibacterium	235888	G	6068	1038	7106	0.00045
Cryobacterium	69578	G	4941	740	5681	0.00036
Frondihabitans	447237	G	4550	769	5319	0.00034
Microterricola	518733	G	3907	1025	4932	0.00031
Plantibacter	190323	G	3850	517	4367	0.00028
Microcella	337004	G	3647	1352	4999	0.00032
Cnuibacter	1759331	G	2814	652	3466	0.00022
Gryllotalpicola	1195526	G	2745	565	3310	0.00021
Herbiconiux	881616	G	2550	545	3095	0.00020
Frigoribacterium	96492	G	2495	782	3277	0.00021
Mycetocola	76634	G	2404	321	2725	0.00017
Humibacter	427753	G	2295	551	2846	0.00018
Subtercola	120212	G	2262	199	2461	0.00016
Chryseoglobus	1331730	G	2156	457	2613	0.00017
Amnibacterium	1029631	G	2115	544	2659	0.00017
Gulosibacter	256818	G	1841	562	2403	0.00015
Marisediminicola	1230698	G	1696	224	1920	0.00012
Diaminobutyricimonas	1433997	G	1342	268	1610	0.00010
Agreia	110934	G	1258	161	1419	0.00009
Glaciihabitans	1649454	G	1195	101	1296	0.00008
Aquiluna	529881	G	218	10	228	0.00001
Rhodoluna	529883	G	180	8	188	0.00001
Pseudoclavibacter	255204	G	322	66	388	0.00002
Aurantimicrobium	1705353	G	218	11	229	0.00001
Pontimonas	1434032	G	123	6	129	0.00001
Arthrobacter	1663	G	49233	11921	61154	0.00390
Kocuria	57493	G	15062	4802	19864	0.00127
Pseudarthrobacter	1742993	G	9099	3376	12475	0.00080
Micrococcus	1269	G	6907	5018	11925	0.00076
Sinomonas	596707	G	6373	1764	8137	0.00052
Glutamicibacter	1742989	G	4259	1496	5755	0.00037
Rothia	32207	G	3038	1385	4423	0.00028
Paenarthrobacter	1742992	G	2768	1574	4342	0.00028
Citricoccus	169133	G	2501	733	3234	0.00021
Nesterenkonia	57494	G	967	67	1034	0.00007
Paeniglutamicibacter	1742990	G	426	71	497	0.00003
Psychromicrobium	2078575	G	337	49	386	0.00002
Neomicrococcus	1868332	G	300	137	437	0.00003
Auritidibacter	1160973	G	259	29	288	0.00002
Renibacterium	1645	G	188	12	200	0.00001
Cellulomonas	1707	G	56066	21594	77660	0.00496
Actinotalea	458839	G	3656	1533	5189	0.00033
Pseudactinotalea	1926259	G	2949	490	3439	0.00022
Oerskovia	162491	G	2830	1054	3884	0.00025
Paraoerskovia	665568	G	2108	632	2740	0.00017
Janibacter	53457	G	11643	3852	15495	0.00099
Phycicoccus	367298	G	9607	3039	12646	0.00081
Pedococcus	2805645	G	6966	2293	9259	0.00059
Tetrasphaera	99479	G	5444	1585	7029	0.00045
Intrasporangium	53357	G	4924	1480	6404	0.00041
Arsenicicoccus	267408	G	3816	1649	5465	0.00035
Cellulosimicrobium	157920	G	17567	8292	25859	0.00165
Xylanimonas	186188	G	8990	3313	12303	0.00079
Isoptericola	254250	G	6638	3474	10112	0.00065
Ornithinimicrobium	125287	G	15060	3514	18574	0.00119
Serinicoccus	265976	G	11157	3378	14535	0.00093
Brachybacterium	43668	G	17992	3340	21332	0.00136
Dermabacter	36739	G	1432	887	2319	0.00015
Devriesea	472568	G	305	19	324	0.00002
Brevibacterium	1696	G	18787	4255	23042	0.00147
Georgenia	154116	G	14941	4960	19901	0.00127
Dermacoccus	57495	G	4648	1863	6511	0.00042
Luteipulveratus	745364	G	3443	548	3991	0.00025
Allobranchiibius	2040262	G	2856	714	3570	0.00023
Yimella	908935	G	1586	359	1945	0.00012
Ruania	626119	G	11197	1507	12704	0.00081
Pengzhenrongella	2888818	G	4481	1433	5914	0.00038
Luteimicrobium	754249	G	3697	1317	5014	0.00032
Beutenbergia	84756	G	4780	914	5694	0.00036
Miniimonas	947525	G	3344	2041	5385	0.00034
Sanguibacter	60919	G	5450	1893	7343	0.00047
Kytococcus	57499	G	2362	965	3327	0.00021
Gephyromycinifex	2885697	G	1180	157	1337	0.00009
Austwickia	1184606	G	847	75	922	0.00006
Dermatophilus	1862	G	260	27	287	0.00002
Demequina	577469	G	879	76	955	0.00006
Jonesia	43673	G	158	31	189	0.00001
Tropheryma	2038	G	50	0	50	0.00000
Mycolicibacterium	1866885	G	145678	27536	173214	0.01106
Mycobacterium	1763	G	139056	42601	181657	0.01159
Mycolicibacter	1073531	G	8979	3221	12200	0.00078
Mycobacteroides	670516	G	7172	1729	8901	0.00057
Mycolicibacillus	2126281	G	1842	476	2318	0.00015
Hoyosella	697025	G	864	48	912	0.00006
Nocardia	1817	G	90041	18638	108679	0.00694
Rhodococcus	1827	G	79703	20915	100618	0.00642
Corynebacterium	1716	G	50249	12330	62579	0.00399
Gordonia	2053	G	39362	9077	48439	0.00309
Skermania	59613	G	1950	236	2186	0.00014
Tsukamurella	2060	G	12845	3420	16265	0.00104
Dietzia	37914	G	7944	2117	10061	0.00064
Tomitella	741759	G	4953	1071	6024	0.00038
Segniliparus	286801	G	1232	71	1303	0.00008
Lawsonella	1847725	G	188	22	210	0.00001
Amycolatopsis	1813	G	160403	29169	189572	0.01210
Pseudonocardia	1847	G	148883	27321	176204	0.01125
Saccharomonospora	1851	G	76686	16019	92705	0.00592
Saccharopolyspora	1835	G	47076	10221	57297	0.00366
Saccharothrix	2071	G	25062	7051	32113	0.00205
Allokutzneria	1137960	G	18707	4563	23270	0.00149
Kutzneria	43356	G	16051	3405	19456	0.00124
Actinoalloteichus	65496	G	9792	921	10713	0.00068
Actinosynnema	40566	G	8964	2495	11459	0.00073
Kibdelosporangium	2029	G	7542	919	8461	0.00054
Lentzea	165301	G	7340	1553	8893	0.00057
Alloactinosynnema	674734	G	5370	1203	6573	0.00042
Prauserella	142577	G	3870	348	4218	0.00027
Allosaccharopolyspora	2893576	G	3743	804	4547	0.00029
Nocardioides	1839	G	390611	91173	481784	0.03075
Aeromicrobium	2040	G	26880	5775	32655	0.00208
Marmoricola	86795	G	6967	2987	9954	0.00064
Pimelobacter	2044	G	6338	2715	9053	0.00058
Friedmanniella	53387	G	5215	1191	6406	0.00041
Mumia	1546255	G	4626	905	5531	0.00035
Micropruina	116071	G	2297	377	2674	0.00017
Microlunatus	29404	G	18564	2253	20817	0.00133
Tessaracoccus	72763	G	15171	3385	18556	0.00118
Brevilactibacter	2717325	G	5991	2611	8602	0.00055
Acidipropionibacterium	1912215	G	5071	2155	7226	0.00046
Propionibacterium	1743	G	4927	1965	6892	0.00044
Auraticoccus	1278221	G	3641	740	4381	0.00028
Cutibacterium	1912216	G	2544	767	3311	0.00021
Raineyella	1911549	G	2466	365	2831	0.00018
Arachnia	2801844	G	2416	1438	3854	0.00025
Vaginimicrobium	2919589	G	96	39	135	0.00001
Kribbella	182639	G	20523	3442	23965	0.00153
Actinopolymorpha	117156	G	8266	1029	9295	0.00059
Actinomadura	1988	G	190747	39041	229788	0.01467
Thermomonospora	2019	G	13196	3961	17157	0.00110
Nonomuraea	83681	G	127592	22191	149783	0.00956
Streptosporangium	2000	G	19419	3797	23216	0.00148
Thermobispora	147067	G	6685	1651	8336	0.00053
Nocardiopsis	2013	G	23926	5421	29347	0.00187
Thermobifida	83677	G	7867	1646	9513	0.00061
Streptomonospora	104204	G	4052	824	4876	0.00031
Spiractinospora	2913367	G	2929	203	3132	0.00020
Micromonospora	1873	G	160965	44228	205193	0.01310
Actinoplanes	1865	G	103303	17871	121174	0.00773
Phytohabitans	907364	G	20394	2841	23235	0.00148
Plantactinospora	673534	G	16190	3075	19265	0.00123
Dactylosporangium	35753	G	16044	1906	17950	0.00115
Couchioplanes	56433	G	14654	3914	18568	0.00119
Actinocatenispora	390988	G	14417	1912	16329	0.00104
Catellatospora	53365	G	10160	2384	12544	0.00080
Polymorphospora	338583	G	7152	1662	8814	0.00056
Natronosporangium	2920401	G	4457	325	4782	0.00031
Verrucosispora	84593	G	2895	2288	5183	0.00033
Salinispora	168694	G	2407	421	2828	0.00018
Blastococcus	38501	G	34326	11034	45360	0.00290
Modestobacter	88138	G	26179	8827	35006	0.00223
Geodermatophilus	1860	G	20182	7387	27569	0.00176
Actinomyces	1654	G	21887	3140	25027	0.00160
Schaalia	2529408	G	3006	557	3563	0.00023
Flaviflexus	1522056	G	1795	453	2248	0.00014
Trueperella	1069494	G	1669	518	2187	0.00014
Pauljensenia	2740557	G	846	316	1162	0.00007
Nanchangia	2888879	G	787	92	879	0.00006
Actinotignum	1653174	G	313	22	335	0.00002
Actinobaculum	76833	G	308	18	326	0.00002
Arcanobacterium	28263	G	224	63	287	0.00002
Changpingibacter	2912996	G	183	56	239	0.00002
Mobiluncus	2050	G	158	49	207	0.00001
Varibaculum	184869	G	80	25	105	0.00001
Boudabousia	2767318	G	59	5	64	0.00000
Fannyhessea	2767327	G	41	13	54	0.00000
Frankia	1854	G	31276	3203	34479	0.00220
Jiangella	281472	G	19692	3672	23364	0.00149
Bifidobacterium	1678	G	12682	3035	15717	0.00100
Parascardovia	196082	G	190	34	224	0.00001
Gardnerella	2701	G	78	18	96	0.00001
Scardovia	196081	G	26	10	36	0.00000
Nakamurella	53460	G	10820	1483	12303	0.00079
Catenulispora	414878	G	7244	1129	8373	0.00053
Jatrophihabitans	1434010	G	5730	534	6264	0.00040
Stackebrandtia	283810	G	3934	382	4316	0.00028
Natronoglycomyces	2838311	G	674	25	699	0.00004
Kineococcus	33981	G	3992	1179	5171	0.00033
Actinopolyspora	1849	G	2695	294	2989	0.00019
Epidermidibacterium	2078948	G	2688	1392	4080	0.00026
Acidothermus	28048	G	1916	102	2018	0.00013
Candidatus Planktophila	622681	G	280	49	329	0.00002
Candidatus Nanopelagicus	2039639	G	86	37	123	0.00001
Conexibacter	191494	G	134842	20563	155405	0.00992
Miltoncostaea	2843200	G	32928	4403	37331	0.00238
Baekduia	2600304	G	43462	7626	51088	0.00326
Rubrobacter	42255	G	36524	1636	38160	0.00244
Aquihabitans	1648491	G	22366	3885	26251	0.00168
Actinomarinicola	2789775	G	12491	2555	15046	0.00096
Iamia	467975	G	11410	1878	13288	0.00085
Ilumatobacter	682522	G	4520	302	4822	0.00031
Acidimicrobium	53634	G	2030	172	2202	0.00014
Eggerthella	84111	G	3041	1082	4123	0.00026
Gordonibacter	644652	G	1637	837	2474	0.00016
Adlercreutzia	447020	G	1475	364	1839	0.00012
Arabiibacter	2005386	G	1318	297	1615	0.00010
Raoultibacter	1926677	G	751	68	819	0.00005
Berryella	2815775	G	664	780	1444	0.00009
Slackia	84108	G	472	15	487	0.00003
Denitrobacterium	79603	G	320	143	463	0.00003
Cryptobacterium	84162	G	66	7	73	0.00000
Phoenicibacter	1981050	G	44	20	64	0.00000
Olsenella	133925	G	2278	452	2730	0.00017
Parolsenella	2082587	G	1419	571	1990	0.00013
Thermophilibacter	2847307	G	842	343	1185	0.00008
Parafannyhessea	2847312	G	831	520	1351	0.00009
Atopobium	1380	G	198	22	220	0.00001
Lancefieldella	2767353	G	19	2	21	0.00000
Collinsella	102106	G	1948	664	2612	0.00017
Coriobacterium	33870	G	490	18	508	0.00003
Egibacter	1747770	G	5085	321	5406	0.00035
Egicoccus	1755825	G	4679	764	5443	0.00035
Euzebya	908623	G	4163	369	4532	0.00029
Priestia	2800373	G	96115	82043	178158	0.01137
Bacillus	1386	G	24865	91323	116188	0.00742
Neobacillus	2675232	G	6315	2748	9063	0.00058
Alkalihalobacillus	2675234	G	4441	898	5339	0.00034
Cytobacillus	2675230	G	3529	1581	5110	0.00033
Geobacillus	129337	G	3045	1030	4075	0.00026
Hydrogenibacillus	1609627	G	2168	253	2421	0.00015
Metabacillus	2675233	G	2089	785	2874	0.00018
Peribacillus	2675229	G	1845	832	2677	0.00017
Anoxybacillus	150247	G	1543	390	1933	0.00012
Lysinibacillus	400634	G	1371	418	1789	0.00011
Terribacillus	459532	G	1273	199	1472	0.00009
Heyndrickxia	2837504	G	1253	449	1702	0.00011
Mesobacillus	2675231	G	990	291	1281	0.00008
Virgibacillus	84406	G	793	106	899	0.00006
Oceanobacillus	182709	G	765	92	857	0.00005
Parageobacillus	1906945	G	750	189	939	0.00006
Niallia	2837506	G	730	203	933	0.00006
Halobacillus	45667	G	492	63	555	0.00004
Rossellomorea	2837508	G	488	199	687	0.00004
Salicibibacter	2685905	G	461	24	485	0.00003
Gracilibacillus	74385	G	398	39	437	0.00003
Sutcliffiella	2837511	G	379	136	515	0.00003
Weizmannia	2817139	G	376	222	598	0.00004
Salisediminibacterium	1434042	G	270	37	307	0.00002
Fictibacillus	1329200	G	264	36	300	0.00002
Gottfriedia	2837503	G	254	80	334	0.00002
Psychrobacillus	1221880	G	191	72	263	0.00002
Lederbergia	2804231	G	165	44	209	0.00001
Lentibacillus	175304	G	164	11	175	0.00001
Anaerobacillus	704093	G	161	38	199	0.00001
Pontibacillus	289201	G	159	21	180	0.00001
Caldibacillus	1276290	G	152	51	203	0.00001
Caldalkalibacillus	379065	G	133	25	158	0.00001
Halalkalibacterium	2893055	G	132	94	226	0.00001
Aeribacillus	1055323	G	132	53	185	0.00001
Radiobacillus	2785518	G	130	25	155	0.00001
Alkalihalophilus	2893060	G	107	19	126	0.00001
Salimicrobium	351195	G	105	16	121	0.00001
Pradoshia	2651279	G	103	32	135	0.00001
Sediminibacillus	482460	G	97	17	114	0.00001
Mangrovibacillus	2920444	G	93	53	146	0.00001
Evansella	2837485	G	88	13	101	0.00001
Paraliobacillus	200903	G	63	11	74	0.00000
Amphibacillus	29331	G	56	10	66	0.00000
Paenibacillus	44249	G	43193	4175	47368	0.00302
Brevibacillus	55080	G	4399	770	5169	0.00033
Cohnella	329857	G	2731	452	3183	0.00020
Thermobacillus	76632	G	2143	310	2453	0.00016
Saccharibacillus	456492	G	1227	148	1375	0.00009
Aneurinibacillus	55079	G	509	121	630	0.00004
Alicyclobacillus	29330	G	2860	216	3076	0.00020
Tumebacillus	432330	G	1930	681	2611	0.00017
Kyrpidia	1129704	G	813	43	856	0.00005
Effusibacillus	1502725	G	162	22	184	0.00001
Planococcus	1372	G	1368	371	1739	0.00011
Sporosarcina	1569	G	667	148	815	0.00005
Solibacillus	648800	G	203	78	281	0.00002
Ureibacillus	160795	G	129	73	202	0.00001
Paenisporosarcina	651660	G	99	42	141	0.00001
Jeotgalibacillus	157226	G	91	30	121	0.00001
Kurthia	1649	G	63	29	92	0.00001
Viridibacillus	496496	G	57	21	78	0.00000
Rummeliibacillus	648802	G	44	22	66	0.00000
Novibacillus	1677050	G	615	79	694	0.00004
Staphylospora	2689589	G	596	105	701	0.00004
Kroppenstedtia	1274351	G	530	46	576	0.00004
Polycladomyces	1348505	G	314	32	346	0.00002
Laceyella	292635	G	242	60	302	0.00002
Thermoactinomyces	2023	G	161	34	195	0.00001
Staphylococcus	1279	G	937	2255	3192	0.00020
Macrococcus	69965	G	143	46	189	0.00001
Mammaliicoccus	2803850	G	106	57	163	0.00001
Jeotgalicoccus	227979	G	81	9	90	0.00001
Salinicoccus	45669	G	63	19	82	0.00001
Nosocomiicoccus	489909	G	26	4	30	0.00000
Abyssicoccus	1955413	G	24	6	30	0.00000
Exiguobacterium	33986	G	1081	289	1370	0.00009
Gemella	1378	G	67	23	90	0.00001
Listeria	1637	G	360	1096	1456	0.00009
Brochothrix	2755	G	30	10	40	0.00000
Sporolactobacillus	2077	G	107	15	122	0.00001
Limosilactobacillus	2742598	G	498	299	797	0.00005
Lactobacillus	1578	G	431	574	1005	0.00006
Levilactobacillus	2767886	G	334	96	430	0.00003
Lacticaseibacillus	2759736	G	289	89	378	0.00002
Schleiferilactobacillus	2767891	G	177	19	196	0.00001
Lactiplantibacillus	2767842	G	166	56	222	0.00001
Ligilactobacillus	2767887	G	136	73	209	0.00001
Weissella	46255	G	117	24	141	0.00001
Leuconostoc	1243	G	114	20	134	0.00001
Lentilactobacillus	2767893	G	91	25	116	0.00001
Pediococcus	1253	G	83	37	120	0.00001
Loigolactobacillus	2767889	G	73	47	120	0.00001
Latilactobacillus	2767885	G	68	22	90	0.00001
Oenococcus	46254	G	65	3	68	0.00000
Companilactobacillus	2767879	G	54	6	60	0.00000
Secundilactobacillus	2767892	G	51	17	68	0.00000
Liquorilactobacillus	2767888	G	42	21	63	0.00000
Furfurilactobacillus	2767882	G	29	4	33	0.00000
Apilactobacillus	2767877	G	27	4	31	0.00000
Acetilactobacillus	2767874	G	26	1	27	0.00000
Fructilactobacillus	2767881	G	19	6	25	0.00000
Paucilactobacillus	2767890	G	19	8	27	0.00000
Bombilactobacillus	2767878	G	13	2	15	0.00000
Amylolactobacillus	2767876	G	13	11	24	0.00000
Periweissella	2930384	G	12	1	13	0.00000
Streptococcus	1301	G	1002	1131	2133	0.00014
Lactococcus	1357	G	190	94	284	0.00002
Enterococcus	1350	G	417	392	809	0.00005
Vagococcus	2737	G	101	81	182	0.00001
Tetragenococcus	51668	G	37	9	46	0.00000
Carnobacterium	2747	G	83	25	108	0.00001
Jeotgalibaca	1470540	G	82	35	117	0.00001
Dolosigranulum	29393	G	53	15	68	0.00000
Granulicatella	117563	G	22	36	58	0.00000
Marinilactibacillus	191769	G	16	5	21	0.00000
Aerococcus	1375	G	186	51	237	0.00002
Abiotrophia	46123	G	24	7	31	0.00000
Ignavigranum	89092	G	21	3	24	0.00000
Suicoccus	2689587	G	20	13	33	0.00000
Thermaerobacter	73918	G	7238	546	7784	0.00050
Intestinimonas	1392389	G	413	158	571	0.00004
Aminipila	2060094	G	143	12	155	0.00001
Emergencia	1926556	G	131	47	178	0.00001
Mogibacterium	86331	G	50	5	55	0.00000
Flintibacter	1918454	G	268	36	304	0.00002
Massilistercora	2717089	G	137	140	277	0.00002
Carboxydocella	178898	G	124	12	136	0.00001
Faecalibacterium	216851	G	1662	1116	2778	0.00018
Dysosmobacter	2591381	G	1067	486	1553	0.00010
Flavonifractor	946234	G	830	218	1048	0.00007
Ethanoligenens	253238	G	558	31	589	0.00004
Vescimonas	2892396	G	520	572	1092	0.00007
Ruthenibacterium	1905344	G	493	144	637	0.00004
Caproiciproducens	1738645	G	414	53	467	0.00003
Oscillibacter	459786	G	333	109	442	0.00003
Anaerotruncus	244127	G	326	181	507	0.00003
Acutalibacter	1918385	G	300	15	315	0.00002
Caproicibacter	2576755	G	278	17	295	0.00002
Pusillibacter	2892397	G	197	133	330	0.00002
Ruminococcus	1263	G	195	8	203	0.00001
Caproicibacterium	2834348	G	176	13	189	0.00001
Solibaculum	2842531	G	172	164	336	0.00002
Acetivibrio	35829	G	93	39	132	0.00001
Thermoclostridium	2304691	G	45	7	52	0.00000
Pseudoclostridium	2304693	G	43	10	53	0.00000
Ruminiclostridium	1508657	G	42	10	52	0.00000
Monoglobus	2039302	G	38	19	57	0.00000
Mageeibacillus	1637257	G	23	31	54	0.00000
Fastidiosipila	236752	G	15	8	23	0.00000
Symbiobacterium	2733	G	2977	254	3231	0.00021
Clostridium	1485	G	2232	471	2703	0.00017
Alkaliphilus	114627	G	227	36	263	0.00002
Hungatella	1649459	G	156	5	161	0.00001
Crassaminicella	1848399	G	78	15	93	0.00001
Geosporobacter	390805	G	41	6	47	0.00000
Caloramator	44258	G	30	2	32	0.00000
Serpentinicella	1890059	G	18	2	20	0.00000
Paraclostridium	1849822	G	15	4	19	0.00000
Sarcina	1266	G	11	4	15	0.00000
Candidatus Arthromitus	49082	G	11	0	11	0.00000
Lachnoclostridium	1506553	G	451	243	694	0.00004
Blautia	572511	G	387	620	1007	0.00006
Roseburia	841	G	200	169	369	0.00002
Anaerocolumna	1843210	G	190	7	197	0.00001
Enterocloster	2719313	G	182	102	284	0.00002
Anaerostipes	207244	G	112	34	146	0.00001
Butyrivibrio	830	G	91	13	104	0.00001
Lacrimispora	2719231	G	90	7	97	0.00001
Coprococcus	33042	G	88	63	151	0.00001
Anaerotignum	2039240	G	77	7	84	0.00001
Sellimonas	1769710	G	59	32	91	0.00001
Mediterraneibacter	2316020	G	35	25	60	0.00000
Anaerobutyricum	2569097	G	28	9	37	0.00000
Dorea	189330	G	27	24	51	0.00000
Herbinix	1663717	G	22	14	36	0.00000
Cellulosilyticum	698776	G	21	1	22	0.00000
Novisyntrophococcus	2888809	G	21	2	23	0.00000
Pseudobutyrivibrio	46205	G	17	1	18	0.00000
Lachnoanaerobaculum	1164882	G	13	3	16	0.00000
Faecalicatena	2005359	G	11	5	16	0.00000
Lachnospira	28050	G	11	1	12	0.00000
Candidatus Desulforudis	471826	G	847	46	893	0.00006
Desulforamulus	2916693	G	288	83	371	0.00002
Acididesulfobacillus	2924872	G	257	10	267	0.00002
Candidatus Formimonas	2840454	G	154	11	165	0.00001
Thermanaerosceptrum	2651578	G	84	12	96	0.00001
Dehalobacterium	51514	G	67	13	80	0.00001
Desulfofarcimen	2282742	G	63	7	70	0.00000
Christensenella	990721	G	886	397	1283	0.00008
Heliomicrobium	2831443	G	775	372	1147	0.00007
Heliorestis	79598	G	57	3	60	0.00000
Desulfitobacterium	36853	G	304	63	367	0.00002
Desulfosporosinus	79206	G	231	27	258	0.00002
Dehalobacter	56112	G	117	24	141	0.00001
Syntrophobotulus	51196	G	72	5	77	0.00000
Eubacterium	1730	G	372	100	472	0.00003
Acetobacterium	33951	G	176	22	198	0.00001
Alkalibacter	274470	G	85	5	90	0.00001
Syntrophothermus	129001	G	125	10	135	0.00001
Syntrophomonas	862	G	66	10	76	0.00000
Candidatus Contubernalis	338648	G	54	2	56	0.00000
Candidatus Syntrophocurvum	2293313	G	24	4	28	0.00000
Romboutsia	1501226	G	40	15	55	0.00000
Peptoclostridium	1481960	G	38	6	44	0.00000
Clostridioides	1870884	G	33	427	460	0.00003
Terrisporobacter	1505652	G	21	3	24	0.00000
Tepidibacter	214904	G	18	3	21	0.00000
Acetoanaerobium	186831	G	16	1	17	0.00000
Paeniclostridium	1849828	G	16	3	19	0.00000
Filifactor	44259	G	11	14	25	0.00000
Desulfoscipio	2867376	G	148	12	160	0.00001
Thermincola	278993	G	78	6	84	0.00001
Desulfotomaculum	1562	G	74	30	104	0.00001
Vallitalea	1348611	G	32	1	33	0.00000
Petrocella	2603323	G	28	4	32	0.00000
Caloranaerobacter	171003	G	47	6	53	0.00000
Alkalicella	2838170	G	22	2	24	0.00000
Moorella	44260	G	1162	41	1203	0.00008
Ammonifex	42837	G	447	16	463	0.00003
Gelria	189326	G	1110	81	1191	0.00008
Thermacetogenium	140458	G	419	376	795	0.00005
Carboxydothermus	129957	G	197	17	214	0.00001
Thermoanaerobacter	1754	G	101	32	133	0.00001
Thermanaeromonas	202949	G	85	2	87	0.00001
Caldanaerobacter	249529	G	48	59	107	0.00001
Caldicellulosiruptor	44000	G	131	14	145	0.00001
Thermoanaerobacterium	28895	G	125	25	150	0.00001
Zhaonella	2748674	G	111	16	127	0.00001
Mahella	252965	G	97	49	146	0.00001
Thermodesulfobium	227388	G	69	1	70	0.00000
Iocasia	2899804	G	102	17	119	0.00001
Halanaerobium	2330	G	51	20	71	0.00000
Halothermothrix	32636	G	43	9	52	0.00000
Anoxybacter	1769008	G	87	41	128	0.00001
Halobacteroides	42417	G	30	23	53	0.00000
Acetohalobium	28186	G	25	13	38	0.00000
Thermosediminibacter	291988	G	154	9	163	0.00001
Biomaibacter	2770094	G	72	3	75	0.00000
Tepidanaerobacter	499228	G	31	1	32	0.00000
Natranaerofaba	2807497	G	66	3	69	0.00000
Natranaerobius	375928	G	31	4	35	0.00000
Koleobacter	2786989	G	57	5	62	0.00000
Selenomonas	970	G	3573	191	3764	0.00024
Megamonas	158846	G	29	2	31	0.00000
Pectinatus	864	G	21	1	22	0.00000
Sporomusa	2375	G	166	21	187	0.00001
Methylomusa	2093783	G	119	8	127	0.00001
Pelosinus	365348	G	110	13	123	0.00001
Megasphaera	906	G	787	290	1077	0.00007
Dialister	39948	G	138	4	142	0.00001
Veillonella	29465	G	92	5	97	0.00001
Acidaminococcus	904	G	289	30	319	0.00002
Phascolarctobacterium	33024	G	207	87	294	0.00002
Limnochorda	1676651	G	2953	118	3071	0.00020
Peptoniphilus	162289	G	166	53	219	0.00001
Murdochiella	1161127	G	86	78	164	0.00001
Anaerococcus	165779	G	62	66	128	0.00001
Finegoldia	150022	G	15	14	29	0.00000
Parvimonas	543311	G	15	25	40	0.00000
Helcococcus	31983	G	13	5	18	0.00000
Gudongella	2692382	G	43	8	51	0.00000
Keratinibaculum	1354809	G	24	12	36	0.00000
Tissierella	41273	G	21	4	25	0.00000
Schnuerera	2794837	G	18	4	22	0.00000
Gottschalkia	1505664	G	64	6	70	0.00000
Ezakiella	1582879	G	99	186	285	0.00002
Sedimentibacter	190972	G	23	2	25	0.00000
Allobaculum	174708	G	142	25	167	0.00001
Faecalibaculum	1729679	G	134	37	171	0.00001
Erysipelatoclostridium	1505663	G	61	46	107	0.00001
Erysipelothrix	1647	G	60	9	69	0.00000
Intestinibaculum	2679910	G	34	14	48	0.00000
Bulleidia	118747	G	28	10	38	0.00000
Faecalitalea	1573534	G	13	25	38	0.00000
Longicatena	1918536	G	13	23	36	0.00000
Faecalibacillus	2678885	G	13	25	38	0.00000
Turicibacter	191303	G	44	19	63	0.00000
Ndongobacter	1930845	G	111	126	237	0.00002
Deinococcus	1298	G	28883	1456	30339	0.00194
Thermus	270	G	5111	383	5494	0.00035
Oceanithermus	208447	G	2669	293	2962	0.00019
Meiothermus	65551	G	2651	164	2815	0.00018
Marinithermus	186191	G	1809	292	2101	0.00013
Truepera	332248	G	2728	163	2891	0.00018
Synechococcus	1129	G	12786	1319	14105	0.00090
Dactylococcopsis	13034	G	54	21	75	0.00000
Cyanobium	167375	G	2698	594	3292	0.00021
Parasynechococcus	2881427	G	231	66	297	0.00002
Prochlorococcus	1218	G	173	9	182	0.00001
Chamaesiphon	217161	G	190	10	200	0.00001
Acaryochloris	155977	G	166	6	172	0.00001
Synechocystis	1142	G	139	6	145	0.00001
Nostoc	1177	G	2281	255	2536	0.00016
Anabaena	1163	G	251	1017	1268	0.00008
Cylindrospermum	56106	G	95	9	104	0.00001
Trichormus	264688	G	44	14	58	0.00000
Richelia	98443	G	31	3	34	0.00000
Calothrix	1186	G	1195	91	1286	0.00008
Sphaerospermopsis	752201	G	227	33	260	0.00002
Nodularia	159191	G	162	20	182	0.00001
Dolichospermum	748770	G	134	366	500	0.00003
Anabaenopsis	110103	G	90	30	120	0.00001
Cylindrospermopsis	77021	G	16	2	18	0.00000
Scytonema	1203	G	356	45	401	0.00003
Brasilonema	383614	G	131	13	144	0.00001
Fischerella	1190	G	197	26	223	0.00001
Tolypothrix	111782	G	180	32	212	0.00001
Rivularia	373984	G	48	2	50	0.00000
Leptolyngbya	47251	G	2313	148	2461	0.00016
Kovacikia	1874526	G	374	35	409	0.00003
Leptodesmis	2664261	G	206	21	227	0.00001
Leptothermofonsia	2917830	G	201	18	219	0.00001
Thermoleptolyngbya	2303528	G	812	45	857	0.00005
Thermosynechococcus	146785	G	324	28	352	0.00002
Halomicronema	170610	G	283	11	294	0.00002
Pseudanabaena	1152	G	175	7	182	0.00001
Gloeobacter	33071	G	3941	103	4044	0.00026
Anthocerotibacter	2857076	G	326	12	338	0.00002
Moorena	1155738	G	598	14	612	0.00004
Oscillatoria	1158	G	297	100	397	0.00003
Geitlerinema	63132	G	672	100	772	0.00005
Allocoleopsis	2886347	G	152	16	168	0.00001
Oxynema	1492710	G	299	26	325	0.00002
Microcoleus	44471	G	190	69	259	0.00002
Planktothrix	54304	G	77	9	86	0.00001
Koinonema	2023214	G	216	12	228	0.00001
Crinalium	241421	G	66	8	74	0.00000
Limnospira	2596745	G	39	2	41	0.00000
Microcystis	1125	G	404	117	521	0.00003
Gloeothece	28070	G	103	6	109	0.00001
Crocosphaera	263510	G	80	5	85	0.00001
Rippkaea	2546365	G	71	6	77	0.00000
Halothece	76023	G	41	13	54	0.00000
Euhalothece	65097	G	24	3	27	0.00000
Candidatus Atelocyanobacterium	1453359	G	19	3	22	0.00000
Geminocystis	669357	G	129	14	143	0.00001
Gloeocapsa	102231	G	109	11	120	0.00001
Chondrocystis	268175	G	46	6	52	0.00000
Cyanobacterium	102234	G	48	12	60	0.00000
Chroococcidiopsis	54298	G	517	79	596	0.00004
Pleurocapsa	44474	G	104	11	115	0.00001
Stanieria	102115	G	60	5	65	0.00000
Gloeomargarita	1188227	G	103	3	106	0.00001
Thermostichus	2881385	G	63	48	111	0.00001
Sphaerobacter	2056	G	9098	577	9675	0.00062
Thermomicrobium	499	G	1855	44	1899	0.00012
Roseiflexus	120961	G	5727	327	6054	0.00039
Chloroflexus	1107	G	1785	78	1863	0.00012
Tepidiforma	2682228	G	7097	298	7395	0.00047
Candidatus Promineofilum	1988031	G	3793	76	3869	0.00025
Caldilinea	233191	G	1796	116	1912	0.00012
Anaerolinea	233189	G	608	59	667	0.00004
Pelolinea	1649478	G	594	27	621	0.00004
Brevefilum	2019482	G	258	9	267	0.00002
Dehalogenimonas	670486	G	982	46	1028	0.00007
Dehalococcoides	61434	G	377	17	394	0.00003
Ktedonosporobacter	2692417	G	1214	36	1250	0.00008
Thermobaculum	262406	G	974	139	1113	0.00007
Phototrophicus	2922426	G	408	4	412	0.00003
Fimbriimonas	1005038	G	3197	18	3215	0.00021
Chthonomonas	1077265	G	664	5	669	0.00004
Mycoplasma	2093	G	176	53	229	0.00001
Mycoplasmopsis	2767358	G	48	20	68	0.00000
Mesomycoplasma	2923352	G	31	28	59	0.00000
Candidatus Hepatoplasma	295595	G	16	1	17	0.00000
Ureaplasma	2129	G	14	0	14	0.00000
Candidatus Phytoplasma	33926	G	40	2	42	0.00000
Alteracholeplasma	2903105	G	27	2	29	0.00000
Acholeplasma	2147	G	20	1	21	0.00000
Paracholeplasma	2903107	G	17	3	20	0.00000
Mariniplasma	2903100	G	10	0	10	0.00000
Spiroplasma	2132	G	74	7	81	0.00001
Mesoplasma	46239	G	16	10	26	0.00000
Metamycoplasma	2895509	G	29	20	49	0.00000
Malacoplasma	2791001	G	13	0	13	0.00000
Gemmata	113	G	60003	5814	65817	0.00420
Urbifossiella	2807415	G	57276	4999	62275	0.00397
Frigoriglobus	2774146	G	33568	5500	39068	0.00249
Limnoglobus	2731450	G	26826	1263	28089	0.00179
Tuwongella	2051044	G	2202	90	2292	0.00015
Telmatocola	1382832	G	1880	18	1898	0.00012
Tautonia	2680020	G	50870	4312	55182	0.00352
Aquisphaera	1511635	G	35346	5797	41143	0.00263
Paludisphaera	1763521	G	22715	4795	27510	0.00176
Singulisphaera	466152	G	17111	2410	19521	0.00125
Isosphaera	127	G	3003	209	3212	0.00021
Planctomyces	118	G	32420	7647	40067	0.00256
Caulifigura	2795778	G	11816	795	12611	0.00080
Gimesia	1649453	G	7912	446	8358	0.00053
Maioricimonas	2795777	G	7228	955	8183	0.00052
Alienimonas	2714737	G	6590	494	7084	0.00045
Symmachiella	2795780	G	2604	162	2766	0.00018
Rubinisphaera	1649490	G	1671	171	1842	0.00012
Calycomorphotria	2795776	G	1508	58	1566	0.00010
Planctopirus	1649480	G	1470	53	1523	0.00010
Fuerstiella	1936111	G	1402	25	1427	0.00009
Crateriforma	2714592	G	1068	202	1270	0.00008
Thalassoglobus	2795865	G	538	28	566	0.00004
Polystyrenella	2795774	G	532	48	580	0.00004
Lacipirellula	2691417	G	17422	1239	18661	0.00119
Pirellulimonas	2795783	G	7435	845	8280	0.00053
Botrimarina	2795782	G	6222	607	6829	0.00044
Aeoliella	2795781	G	2115	185	2300	0.00015
Adhaeretor	2862451	G	1204	124	1328	0.00008
Bythopirellula	1400386	G	987	75	1062	0.00007
Lignipirellula	2795775	G	5038	600	5638	0.00036
Stieleria	2795973	G	4736	514	5250	0.00034
Rosistilla	2795779	G	4272	315	4587	0.00029
Anatilimnocola	2807414	G	4034	454	4488	0.00029
Bremerella	2714594	G	3052	225	3277	0.00021
Pirellula	123	G	3036	102	3138	0.00020
Roseimaritima	1579506	G	2603	170	2773	0.00018
Rubripirellula	1579505	G	1057	203	1260	0.00008
Aureliella	2795605	G	775	63	838	0.00005
Mariniblastus	2005380	G	768	14	782	0.00005
Rhodopirellula	265488	G	727	49	776	0.00005
Thermogutta	1676125	G	927	29	956	0.00006
Humisphaera	2807511	G	14174	344	14518	0.00093
Phycisphaera	666508	G	4367	348	4715	0.00030
Mucisphaera	2913022	G	2193	123	2316	0.00015
Poriferisphaera	2803301	G	256	2	258	0.00002
Anaerohalosphaera	2690159	G	388	10	398	0.00003
Limihaloglobus	2690160	G	185	8	193	0.00001
Sedimentisphaera	2483368	G	136	58	194	0.00001
Candidatus Kuenenia	380738	G	204	0	204	0.00001
Candidatus Uabimicrobium	2897349	G	76	1	77	0.00000
Opitutus	178440	G	16655	1477	18132	0.00116
Lacunisphaera	1961799	G	6060	928	6988	0.00045
Oleiharenicola	2100741	G	4318	248	4566	0.00029
Nibricoccus	2576890	G	3945	191	4136	0.00026
Ereboglobus	2028344	G	2505	130	2635	0.00017
Ruficoccus	2175957	G	973	140	1113	0.00007
Coraliomargarita	442430	G	257	6	263	0.00002
Verrucomicrobium	2735	G	4792	416	5208	0.00033
Luteolibacter	518753	G	3532	145	3677	0.00023
Roseimicrobium	1348508	G	2492	98	2590	0.00017
Sulfuriroseicoccus	2911469	G	533	63	596	0.00004
Akkermansia	239934	G	1565	123	1688	0.00011
Methylacidimicrobium	1541670	G	1532	146	1678	0.00011
Candidatus Xiphinematobacter	134550	G	273	21	294	0.00002
Methylacidiphilum	511745	G	178	8	186	0.00001
Kiritimatiella	1921784	G	1111	1269	2380	0.00015
Tichowtungia	2907187	G	431	18	449	0.00003
Candidatus Protochlamydia	282132	G	115	28	143	0.00001
Parachlamydia	83551	G	87	24	111	0.00001
Neochlamydia	112987	G	43	7	50	0.00000
Candidatus Rhabdochlamydia	292833	G	97	9	106	0.00001
Simkania	34093	G	63	5	68	0.00000
Waddlia	71666	G	38	4	42	0.00000
Chlamydia	810	G	103	56	159	0.00001
Chlamydiifrater	2822114	G	12	0	12	0.00000
Candidatus Velamenicoccus	2789201	G	321	1	322	0.00002
Gemmatirosa	1706036	G	135483	12285	147768	0.00943
Gemmatimonas	173479	G	36504	965	37469	0.00239
Hymenobacter	89966	G	21490	1009	22499	0.00144
Pontibacter	323449	G	3358	364	3722	0.00024
Rufibacter	1379908	G	828	186	1014	0.00006
Adhaeribacter	299566	G	390	29	419	0.00003
Nibribacter	1649474	G	196	119	315	0.00002
Spirosoma	107	G	4155	218	4373	0.00028
Rhodocytophaga	455076	G	197	7	204	0.00001
Cytophaga	978	G	101	9	110	0.00001
Aquirufa	2676247	G	82	11	93	0.00001
Dyadobacter	120831	G	1590	106	1696	0.00011
Fibrella	861914	G	1076	82	1158	0.00007
Runella	105	G	607	22	629	0.00004
Larkinella	332157	G	219	15	234	0.00001
Leadbetterella	319458	G	51	24	75	0.00000
Arcticibacterium	2173039	G	31	1	32	0.00000
Chryseolinea	1433993	G	1497	46	1543	0.00010
Fulvivirga	396811	G	372	19	391	0.00003
Echinicola	390846	G	448	70	518	0.00003
Algoriphagus	246875	G	272	31	303	0.00002
Aquiflexum	280472	G	119	17	136	0.00001
Cyclobacterium	68288	G	113	15	128	0.00001
Mongoliitalea	1511649	G	59	6	65	0.00000
Belliella	232244	G	49	22	71	0.00000
Flammeovirga	59739	G	113	7	120	0.00001
Candidatus Amoebophilus	281119	G	55	2	57	0.00000
Candidatus Cardinium	273135	G	41	13	54	0.00000
Marivirga	869806	G	62	23	85	0.00001
Mangrovivirga	2858886	G	59	4	63	0.00000
Bernardetia	1937972	G	38	3	41	0.00000
Chitinophaga	79328	G	4267	249	4516	0.00029
Flavisolibacter	398041	G	2712	220	2932	0.00019
Niastella	354354	G	2557	286	2843	0.00018
Panacibacter	1874621	G	1299	63	1362	0.00009
Pseudocnuella	2812019	G	1187	152	1339	0.00009
Flavihumibacter	1004301	G	940	57	997	0.00006
Lacibacter	649461	G	884	42	926	0.00006
Niabella	379899	G	882	71	953	0.00006
Arachidicoccus	1769012	G	869	126	995	0.00006
Paraflavitalea	2698688	G	839	68	907	0.00006
Pseudobacter	1860196	G	677	62	739	0.00005
Ferruginibacter	1004303	G	665	42	707	0.00005
Phnomibacter	2836216	G	478	59	537	0.00003
Filimonas	649460	G	426	54	480	0.00003
Rhodocaloribacter	2893090	G	5569	585	6154	0.00039
Rhodothermus	29548	G	4898	275	5173	0.00033
Salinibacter	146918	G	3042	48	3090	0.00020
Flavobacterium	237	G	3008	354	3362	0.00021
Muricauda	111500	G	491	113	604	0.00004
Capnocytophaga	1016	G	446	57	503	0.00003
Gramella	292691	G	390	61	451	0.00003
Polaribacter	52959	G	325	43	368	0.00002
Robiginitalea	252306	G	275	17	292	0.00002
Nonlabens	363408	G	244	37	281	0.00002
Winogradskyella	286104	G	209	45	254	0.00002
Maribacter	252356	G	160	43	203	0.00001
Antarcticibacterium	2058174	G	160	22	182	0.00001
Salegentibacter	143222	G	146	83	229	0.00001
Aequorivita	153265	G	142	6	148	0.00001
Tenacibaculum	104267	G	142	31	173	0.00001
Myroides	76831	G	129	51	180	0.00001
Cellulophaga	104264	G	128	21	149	0.00001
Sinomicrobium	1434045	G	124	5	129	0.00001
Formosa	225842	G	120	23	143	0.00001
Kordia	221065	G	101	6	107	0.00001
Aquimarina	290174	G	92	6	98	0.00001
Lacinutrix	291183	G	78	19	97	0.00001
Flagellimonas	444459	G	70	5	75	0.00000
Zunongwangia	417127	G	68	47	115	0.00001
Algibacter	261827	G	60	17	77	0.00000
Muriicola	762641	G	60	4	64	0.00000
Lutibacter	358023	G	60	6	66	0.00000
Leeuwenhoekiella	283735	G	55	12	67	0.00000
Zobellia	112040	G	53	3	56	0.00000
Aggregatimonas	2913017	G	52	2	54	0.00000
Dokdonia	326319	G	51	4	55	0.00000
Tamlana	393005	G	49	8	57	0.00000
Psychroflexus	83612	G	44	3	47	0.00000
Arenibacter	178469	G	44	14	58	0.00000
Mariniflexile	527198	G	44	4	48	0.00000
Pukyongia	2831916	G	42	2	44	0.00000
Zhouia	561555	G	41	10	51	0.00000
Gilvibacter	379070	G	40	5	45	0.00000
Seonamhaeicola	1649495	G	36	5	41	0.00000
Euzebyella	1287916	G	35	19	54	0.00000
Olleya	336276	G	35	42	77	0.00000
Costertonia	343334	G	33	7	40	0.00000
Flavivirga	1209327	G	33	2	35	0.00000
Mesoflavibacter	444051	G	32	3	35	0.00000
Constantimarinum	2907134	G	32	3	35	0.00000
Bizionia	283785	G	32	7	39	0.00000
Amniculibacterium	2715289	G	32	40	72	0.00000
Aegicerativicinus	2893197	G	30	1	31	0.00000
Gillisia	244698	G	29	10	39	0.00000
Galbibacter	379068	G	29	3	32	0.00000
Marixanthomonas	387658	G	27	8	35	0.00000
Changchengzhania	2049301	G	26	3	29	0.00000
Sediminicola	389486	G	25	2	27	0.00000
Croceibacter	216431	G	24	4	28	0.00000
Siansivirga	1204360	G	23	5	28	0.00000
Urechidicola	2700084	G	22	35	57	0.00000
Oceanihabitans	2045416	G	21	8	29	0.00000
Wenyingzhuangia	1518147	G	19	3	22	0.00000
Sabulilitoribacter	1573059	G	12	2	14	0.00000
Chryseobacterium	59732	G	2247	700	2947	0.00019
Kaistella	2782231	G	303	44	347	0.00002
Epilithonimonas	2782229	G	83	79	162	0.00001
Elizabethkingia	308865	G	205	51	256	0.00002
Cruoricaptor	1433995	G	116	16	132	0.00001
Empedobacter	59734	G	59	25	84	0.00001
Apibacter	1778601	G	51	7	58	0.00000
Bergeyella	59735	G	43	10	53	0.00000
Cloacibacterium	501783	G	43	20	63	0.00000
Ornithobacterium	28250	G	42	34	76	0.00000
Riemerella	34084	G	30	85	115	0.00001
Weeksella	1013	G	19	9	28	0.00000
Faecalibacter	2766734	G	18	3	21	0.00000
Fluviicola	332102	G	174	10	184	0.00001
Crocinitomix	246873	G	40	1	41	0.00000
Blattabacterium	34098	G	189	19	208	0.00001
Croceimicrobium	2828338	G	67	17	84	0.00001
Owenweeksia	267986	G	48	5	53	0.00000
Candidatus Sulcia	336809	G	29	12	41	0.00000
Candidatus Walczuchella	1940138	G	11	2	13	0.00000
Ichthyobacterium	1755829	G	14	0	14	0.00000
Alistipes	239759	G	5271	1736	7007	0.00045
Prevotella	838	G	1664	195	1859	0.00012
Pseudoprevotella	2884814	G	99	10	109	0.00001
Paraprevotella	577309	G	98	81	179	0.00001
Bacteroides	816	G	1498	692	2190	0.00014
Phocaeicola	909656	G	278	139	417	0.00003
Tannerella	195950	G	562	31	593	0.00004
Parabacteroides	375288	G	443	259	702	0.00004
Sodaliphilus	2815786	G	323	151	474	0.00003
Duncaniella	2518495	G	247	9	256	0.00002
Muribaculum	1918540	G	223	24	247	0.00002
Porphyromonas	836	G	636	63	699	0.00004
Proteiniphilum	294702	G	137	6	143	0.00001
Petrimonas	307628	G	129	4	133	0.00001
Dysgonomonas	156973	G	33	0	33	0.00000
Butyricimonas	574697	G	124	57	181	0.00001
Odoribacter	283168	G	69	60	129	0.00001
Barnesiella	397864	G	162	197	359	0.00002
Coprobacter	1348911	G	32	27	59	0.00000
Paludibacter	346096	G	57	1	58	0.00000
Tenuifilum	2760873	G	47	1	48	0.00000
Salinivirga	1970191	G	34	0	34	0.00000
Draconibacterium	1471399	G	137	8	145	0.00001
Maribellus	2678352	G	71	4	75	0.00000
Labilibaculum	2060722	G	40	4	44	0.00000
Alkalitalea	1193324	G	34	4	38	0.00000
Mucilaginibacter	423349	G	3000	230	3230	0.00021
Pedobacter	84567	G	1471	110	1581	0.00010
Sphingobacterium	28453	G	1339	788	2127	0.00014
Olivibacter	376469	G	359	30	389	0.00002
Anseongella	1773450	G	308	12	320	0.00002
Solitalea	929509	G	174	14	188	0.00001
Pseudopedobacter	1649482	G	83	71	154	0.00001
Haliscomenobacter	2349	G	311	3	314	0.00002
Saprospira	1007	G	55	1	56	0.00000
Candidatus Sulfidibacterium	2923290	G	91	3	94	0.00001
Chlorobaculum	256319	G	2420	168	2588	0.00017
Pelodictyon	1099	G	556	73	629	0.00004
Chlorobium	1091	G	398	43	441	0.00003
Prosthecochloris	1101	G	842	61	903	0.00006
Chloroherpeton	100715	G	185	3	188	0.00001
Candidatus Cyclonatronum	2489367	G	312	33	345	0.00002
Melioribacter	1134403	G	127	8	135	0.00001
Ignavibacterium	795750	G	80	6	86	0.00001
Fibrobacter	832	G	161	2	163	0.00001
Candidatus Cloacimonas	456826	G	79	1	80	0.00001
Luteitalea	2004797	G	80446	4668	85114	0.00543
Granulicella	940557	G	12774	1462	14236	0.00091
Terriglobus	392733	G	8171	1122	9293	0.00059
Acidobacterium	33973	G	7445	694	8139	0.00052
Candidatus Koribacter	658061	G	6462	241	6703	0.00043
Edaphobacter	388463	G	3849	525	4374	0.00028
Acidisarcina	2608728	G	2447	202	2649	0.00017
Paludibaculum	1649475	G	8314	244	8558	0.00055
Chloracidobacterium	458032	G	3887	151	4038	0.00026
Sulfidibacter	2915177	G	2186	54	2240	0.00014
Thermotomaculum	1172428	G	76	3	79	0.00001
Nitrospira	1234	G	18067	254	18321	0.00117
Leptospirillum	179	G	396	7	403	0.00003
Dissulfurispira	2811506	G	161	7	168	0.00001
Thermodesulfovibrio	28261	G	79	1	80	0.00001
Treponema	157	G	1093	146	1239	0.00008
Spirochaeta	146	G	837	25	862	0.00006
Salinispira	1616789	G	101	3	104	0.00001
Sediminispirochaeta	1911556	G	99	3	102	0.00001
Oceanispirochaeta	2035349	G	41	2	43	0.00000
Thiospirochaeta	2792240	G	11	0	11	0.00000
Sphaerochaeta	399320	G	283	16	299	0.00002
Borrelia	138	G	60	23	83	0.00001
Borreliella	64895	G	18	100	118	0.00001
Breznakiella	2845254	G	144	11	155	0.00001
Leptospira	171	G	565	8	573	0.00004
Turneriella	338321	G	304	2	306	0.00002
Brachyspira	29521	G	41	1	42	0.00000
Pyramidobacter	638847	G	703	39	742	0.00005
Aminomonas	81411	G	646	64	710	0.00005
Fretibacterium	1434006	G	581	8	589	0.00004
Thermanaerovibrio	81461	G	477	85	562	0.00004
Cloacibacillus	508459	G	476	93	569	0.00004
Jonquetella	428711	G	318	46	364	0.00002
Aminobacterium	81466	G	79	4	83	0.00001
Acetomicrobium	49894	G	64	1	65	0.00000
Thermovirga	336260	G	48	38	86	0.00001
Candidatus Bipolaricaulis	2250122	G	733	30	763	0.00005
Candidatus Nanosynbacter	2093823	G	286	167	453	0.00003
Candidatus Saccharimonas	1331051	G	207	2	209	0.00001
Candidatus Minimicrobia	2905967	G	10	71	81	0.00001
Candidatus Chazhemtobacterium	2715734	G	60	0	60	0.00000
Candidatus Babela	1551504	G	59	1	60	0.00000
Candidatus Absconditicoccus	2900570	G	46	0	46	0.00000
Thermotoga	2335	G	248	30	278	0.00002
Pseudothermotoga	1643951	G	107	8	115	0.00001
Thermosipho	2420	G	71	10	81	0.00001
Fervidobacterium	2422	G	54	25	79	0.00001
Mesotoga	1184396	G	114	10	124	0.00001
Kosmotoga	651456	G	34	4	38	0.00000
Marinitoga	160798	G	27	0	27	0.00000
Defluviitoga	1511648	G	13	29	42	0.00000
Athalassotoga	1769718	G	28	0	28	0.00000
Thermocrinis	75905	G	137	18	155	0.00001
Hydrogenobacter	939	G	49	5	54	0.00000
Aquifex	2713	G	48	3	51	0.00000
Hydrogenobaculum	168657	G	16	0	16	0.00000
Sulfurihydrogenibium	212790	G	110	12	122	0.00001
Persephonella	182899	G	75	5	80	0.00001
Thermosulfidibacter	412592	G	131	5	136	0.00001
Thermovibrio	171868	G	117	23	140	0.00001
Desulfurobacterium	64159	G	27	4	31	0.00000
Thermosulfurimonas	1522431	G	192	36	228	0.00001
Thermodesulfatator	241192	G	85	15	100	0.00001
Thermosulfuriphilus	2033601	G	81	4	85	0.00001
Thermodesulfobacterium	1740	G	60	14	74	0.00000
Caldimicrobium	444090	G	31	8	39	0.00000
Caldithrix	187144	G	396	3	399	0.00003
Geovibrio	46200	G	98	29	127	0.00001
Calditerrivibrio	545865	G	57	12	69	0.00000
Flexistipes	2351	G	45	8	53	0.00000
Denitrovibrio	117999	G	40	8	48	0.00000
Mucispirillum	248038	G	36	4	40	0.00000
Deferribacter	53572	G	24	6	30	0.00000
Fusobacterium	848	G	133	38	171	0.00001
Ilyobacter	167639	G	13	1	14	0.00000
Leptotrichia	32067	G	77	15	92	0.00001
Sebaldella	32068	G	24	1	25	0.00000
Pseudoleptotrichia	2755140	G	10	2	12	0.00000
Desulfurispirillum	393029	G	276	123	399	0.00003
Endomicrobium	1408194	G	104	1	105	0.00001
Elusimicrobium	423604	G	93	1	94	0.00001
Coprothermobacter	68335	G	134	27	161	0.00001
Caldisericum	693074	G	99	0	99	0.00001
Dictyoglomus	13	G	62	0	62	0.00000
Atribacter	2847777	G	51	1	52	0.00000
Fusarium	5506	G	18028	1455	19483	0.00124
Metarhizium	5529	G	3084	501	3585	0.00023
Ustilaginoidea	124426	G	832	46	878	0.00006
Pochonia	243023	G	248	20	268	0.00002
Trichoderma	5543	G	4038	217	4255	0.00027
Beauveria	5581	G	2119	95	2214	0.00014
Cordyceps	45234	G	979	90	1069	0.00007
Purpureocillium	1052105	G	1287	99	1386	0.00009
Drechmeria	98402	G	948	48	996	0.00006
Clonostachys	110564	G	445	35	480	0.00003
Colletotrichum	5455	G	1134	275	1409	0.00009
Thermothelomyces	1920207	G	6153	423	6576	0.00042
Thermothielavioides	2609811	G	4631	437	5068	0.00032
Neurospora	5140	G	1423	98	1521	0.00010
Pyricularia	48558	G	1377	14	1391	0.00009
Neopestalotiopsis	1562158	G	818	12	830	0.00005
Botrytis	33196	G	261	1	262	0.00002
Aspergillus	5052	G	8939	701	9640	0.00062
Penicillium	5073	G	2949	199	3148	0.00020
Paecilomyces	33202	G	630	26	656	0.00004
Talaromyces	5094	G	293	21	314	0.00002
Ampelomyces	50729	G	515	64	579	0.00004
Paraphaeosphaeria	125369	G	511	201	712	0.00005
Zymoseptoria	1047167	G	241	5	246	0.00002
Cercospora	29002	G	212	1	213	0.00001
Eremothecium	33170	G	176	121	297	0.00002
Naumovozyma	278028	G	104	6	110	0.00001
Saccharomyces	4930	G	76	5	81	0.00001
Tetrapisispora	113604	G	66	2	68	0.00000
Kluyveromyces	4910	G	63	8	71	0.00000
Lachancea	300275	G	62	4	66	0.00000
Nakaseomyces	374468	G	52	2	54	0.00000
Kazachstania	71245	G	51	2	53	0.00000
Torulaspora	4948	G	44	3	47	0.00000
Zygosaccharomyces	4953	G	27	1	28	0.00000
Zygotorulaspora	1196389	G	20	2	22	0.00000
Candida	1535326	G	156	2	158	0.00001
Scheffersomyces	766733	G	23	0	23	0.00000
Debaryomyces	4958	G	15	0	15	0.00000
Brettanomyces	13366	G	70	3	73	0.00000
Ogataea	461281	G	60	1	61	0.00000
Pichia	4919	G	48	2	50	0.00000
Yarrowia	4951	G	114	1	115	0.00001
Sugiyamaella	410829	G	78	7	85	0.00001
Saccharomycodes	36034	G	15	2	17	0.00000
Komagataella	460517	G	14	0	14	0.00000
Schizosaccharomyces	4895	G	37	1	38	0.00000
Pseudozyma	63298	G	1488	13	1501	0.00010
Ustilago	5269	G	440	11	451	0.00003
Sporisorium	63265	G	342	52	394	0.00003
Malassezia	55193	G	156	28	184	0.00001
Phlebiopsis	82309	G	508	5	513	0.00003
Rhizoctonia	1322061	G	120	6	126	0.00001
Marasmius	34448	G	101	4	105	0.00001
Cryptococcus	5206	G	134	14	148	0.00001
Encephalitozoon	6033	G	32	0	32	0.00000
Phytophthora	4783	G	4165	544	4709	0.00030
Pythium	4797	G	563	11	574	0.00004
