name	taxonomy_id	taxonomy_lvl	kraken_assigned_reads	added_reads	new_est_reads	fraction_total_reads
Bradyrhizobium sp. 200	2782665	S	10469	2504	12973	0.00103
Bradyrhizobium sp. 170	2782641	S	9065	2500	11565	0.00092
Bradyrhizobium sp. CCBAU 051011	858422	S	8494	1729	10223	0.00082
Bradyrhizobium sp. CCBAU 51753	1325100	S	8085	1895	9980	0.00080
Bradyrhizobium sp. A19	2898149	S	6643	1262	7905	0.00063
Bradyrhizobium sp. BTAi1	288000	S	6524	1300	7824	0.00062
Bradyrhizobium sp. ORS 278	114615	S	6406	1596	8002	0.00064
Bradyrhizobium sp. ORS 285	115808	S	6375	1564	7939	0.00063
Bradyrhizobium sp. CCBAU 53351	1325114	S	5445	2845	8290	0.00066
Bradyrhizobium sp. SK17	2057741	S	5143	1802	6945	0.00055
Bradyrhizobium sp. 186	2782654	S	4843	1389	6232	0.00050
Bradyrhizobium sp. CCBAU 53421	1325120	S	4392	1454	5846	0.00047
Bradyrhizobium sp. 195	2782662	S	4125	1561	5686	0.00045
Bradyrhizobium sp. CCBAU 53340	1325112	S	3923	1575	5498	0.00044
Bradyrhizobium sp. CCBAU 53338	1325111	S	3900	1651	5551	0.00044
Bradyrhizobium sp. 1(2017)	1404888	S	3767	1242	5009	0.00040
Bradyrhizobium sp. 6(2017)	1197460	S	3211	1626	4837	0.00039
Bradyrhizobium sp. S2-11-2	2840472	S	2967	2426	5393	0.00043
Bradyrhizobium sp. CCGE-LA001	1223566	S	2961	1155	4116	0.00033
Bradyrhizobium sp. S2-20-1	2840469	S	2623	2279	4902	0.00039
Bradyrhizobium sp. 41S5	1404443	S	2538	1780	4318	0.00034
Bradyrhizobium sp. CCBAU 51765	1325102	S	2495	2401	4896	0.00039
Bradyrhizobium sp. I71	2590772	S	2493	2314	4807	0.00038
Bradyrhizobium sp. 191	2782659	S	2433	2548	4981	0.00040
Bradyrhizobium sp. S2-11-4	2840473	S	2393	2287	4680	0.00037
Bradyrhizobium sp. C-145	574727	S	1822	1835	3657	0.00029
Bradyrhizobium sp.	376	S	1288	4278	5566	0.00044
Bradyrhizobium sp. 4	2782678	S	949	2529	3478	0.00028
Bradyrhizobium sp. 40	2782674	S	903	2143	3046	0.00024
Bradyrhizobium sp. 144S4	2823807	S	815	2052	2867	0.00023
Bradyrhizobium sp. 323S2	1404649	S	799	2050	2849	0.00023
Bradyrhizobium sp. 192	2782660	S	715	1762	2477	0.00020
Bradyrhizobium sp. LCT2	2493093	S	506	1427	1933	0.00015
Bradyrhizobium sp. SG09	2599805	S	348	2524	2872	0.00023
Bradyrhizobium sp. 187	2782655	S	313	1563	1876	0.00015
Bradyrhizobium sp. TM102	2599819	S	304	2111	2415	0.00019
Bradyrhizobium sp. 172	2782643	S	154	1902	2056	0.00016
Bradyrhizobium sp. 1S5	2816456	S	154	1764	1918	0.00015
Bradyrhizobium sp. 38S5	2819348	S	152	1888	2040	0.00016
Bradyrhizobium sp. CW1	2782686	S	130	2044	2174	0.00017
Bradyrhizobium sp. 131	2782609	S	124	2056	2180	0.00017
Bradyrhizobium sp. 155	2782629	S	71	1298	1369	0.00011
Bradyrhizobium sp. CCBAU 21365	1325083	S	18	878	896	0.00007
Bradyrhizobium erythrophlei	1437360	S	20902	1875	22777	0.00182
Bradyrhizobium diazoefficiens	1355477	S	16573	33225	49798	0.00397
Bradyrhizobium icense	1274631	S	8279	1277	9556	0.00076
Bradyrhizobium paxllaeri	190148	S	7806	1548	9354	0.00075
Bradyrhizobium lablabi	722472	S	7010	8266	15276	0.00122
Bradyrhizobium canariense	255045	S	6174	9785	15959	0.00127
Bradyrhizobium genosp. L	83637	S	6135	1340	7475	0.00060
Bradyrhizobium oligotrophicum	44255	S	5742	1096	6838	0.00055
Bradyrhizobium japonicum	375	S	5723	8203	13926	0.00111
Bradyrhizobium guangxiense	1325115	S	4918	2208	7126	0.00057
Bradyrhizobium arachidis	858423	S	4780	1430	6210	0.00050
Bradyrhizobium guangdongense	1325090	S	4272	1640	5912	0.00047
Bradyrhizobium vignae	1549949	S	3988	994	4982	0.00040
Bradyrhizobium genosp. B	83627	S	3780	858	4638	0.00037
Bradyrhizobium quebecense	2748629	S	3659	2132	5791	0.00046
Bradyrhizobium cosmicum	1404864	S	3637	1239	4876	0.00039
Bradyrhizobium guangzhouense	1325095	S	3536	1389	4925	0.00039
Bradyrhizobium septentrionale	1404411	S	3106	1948	5054	0.00040
Bradyrhizobium daqingense	993502	S	2535	1413	3948	0.00031
Bradyrhizobium amphicarpaeae	1404768	S	2358	1019	3377	0.00027
Bradyrhizobium betae	244734	S	2286	1356	3642	0.00029
Bradyrhizobium symbiodeficiens	1404367	S	2131	3239	5370	0.00043
Bradyrhizobium zhanjiangense	1325107	S	1904	1926	3830	0.00031
Bradyrhizobium elkanii	29448	S	964	3312	4276	0.00034
Bradyrhizobium ottawaense	931866	S	790	4968	5758	0.00046
Rhodopseudomonas palustris	1076	S	22535	8819	31354	0.00250
Rhodopseudomonas sp. SK50-23	340268	S	2969	672	3641	0.00029
Rhodopseudomonas boonkerdii	475937	S	2882	835	3717	0.00030
Tardiphaga sp. 37S4	1404741	S	1561	1247	2808	0.00022
Tardiphaga sp. vice154	2592814	S	114	1909	2023	0.00016
Tardiphaga sp. vice278	2592815	S	59	1553	1612	0.00013
Tardiphaga sp. vice304	2592817	S	42	862	904	0.00007
Tardiphaga sp. vice352	2592816	S	24	787	811	0.00006
Tardiphaga robiniae	943830	S	1561	1111	2672	0.00021
Nitrobacter hamburgensis	912	S	4088	788	4876	0.00039
Nitrobacter winogradskyi	913	S	2844	547	3391	0.00027
Afipia carboxidovorans	40137	S	4123	1331	5454	0.00043
Afipia sp. GAS231	1882747	S	2894	2208	5102	0.00041
Variibacter gotjawalensis	1333996	S	6592	586	7178	0.00057
Rhizobium sp. BG4	2613770	S	2240	476	2716	0.00022
Rhizobium sp. WYJ-E13	2849093	S	2223	312	2535	0.00020
Rhizobium sp. NXC24	2048897	S	2188	348	2536	0.00020
Rhizobium sp. AB2/73	2795216	S	1463	822	2285	0.00018
Rhizobium sp. ACO-34A	1571470	S	1445	338	1783	0.00014
Rhizobium sp. SL42	2806346	S	1412	285	1697	0.00014
Rhizobium sp. 11515TR	2028343	S	1406	340	1746	0.00014
Rhizobium sp. WL3	2603277	S	1250	266	1516	0.00012
Rhizobium sp. NZLR1	2731096	S	1073	383	1456	0.00012
Rhizobium sp. NXC14	1981173	S	1017	428	1445	0.00012
Rhizobium sp. NLR16a	2731112	S	950	429	1379	0.00011
Rhizobium sp. CIAT894	2020312	S	936	424	1360	0.00011
Rhizobium sp. C104	2917727	S	858	477	1335	0.00011
Rhizobium sp. K102	2918527	S	799	553	1352	0.00011
Rhizobium sp. L51/94	2819999	S	664	797	1461	0.00012
Rhizobium sp. 007	2785056	S	402	724	1126	0.00009
Rhizobium sp. X9	2815360	S	360	815	1175	0.00009
Rhizobium sp. Kim5	2020311	S	279	613	892	0.00007
Rhizobium sp. IE4771	1301032	S	276	557	833	0.00007
Rhizobium sp. TAL182	2020313	S	192	550	742	0.00006
Rhizobium sp. NIBRBAC000502774	2590777	S	151	712	863	0.00007
Rhizobium sp. ZX09	2291939	S	95	433	528	0.00004
Rhizobium sp. Y9	1914541	S	69	269	338	0.00003
Rhizobium sp. B230/85	2819994	S	68	682	750	0.00006
Rhizobium sp. CCGE531	2364271	S	47	1560	1607	0.00013
Rhizobium sp. N324	1703969	S	42	826	868	0.00007
Rhizobium sp. T136	555319	S	37	1059	1096	0.00009
Rhizobium sp. B21/90	2819993	S	23	751	774	0.00006
Rhizobium sp. CCGE532	2364272	S	15	1053	1068	0.00009
Rhizobium sp. N113	1703960	S	10	1601	1611	0.00013
Rhizobium leguminosarum	384	S	9291	12693	21984	0.00175
Rhizobium etli	29449	S	2846	3490	6336	0.00051
Rhizobium jaguaris	1312183	S	2191	307	2498	0.00020
Rhizobium pseudoryzae	379684	S	1872	444	2316	0.00018
Rhizobium phaseoli	396	S	1721	3623	5344	0.00043
Rhizobium gallicum	56730	S	1575	2110	3685	0.00029
Rhizobium bangladeshense	1138189	S	1393	360	1753	0.00014
Rhizobium lentis	1138194	S	1256	418	1674	0.00013
Rhizobium tropici	398	S	1185	336	1521	0.00012
Rhizobium binae	1138190	S	1017	401	1418	0.00011
Rhizobium rosettiformans	1368430	S	994	506	1500	0.00012
Rhizobium daejeonense	240521	S	956	354	1310	0.00010
Rhizobium rhizoryzae	451876	S	935	144	1079	0.00009
Rhizobium indicum	2583231	S	738	673	1411	0.00011
Rhizobium acidisoli	1538158	S	574	491	1065	0.00008
Rhizobium pusense	648995	S	502	2046	2548	0.00020
Rhizobium oryzihabitans	2267833	S	341	490	831	0.00007
Rhizobium laguerreae	1076926	S	269	475	744	0.00006
Rhizobium hidalgonense	1538159	S	246	580	826	0.00007
Rhizobium ruizarguesonis	2081791	S	171	1288	1459	0.00012
Rhizobium favelukesii	348824	S	18	619	637	0.00005
Agrobacterium tumefaciens	358	S	4672	4752	9424	0.00075
Agrobacterium fabrum	1176649	S	551	746	1297	0.00010
Agrobacterium fabacearum	1183401	S	93	1188	1281	0.00010
Agrobacterium vitis	373	S	2501	349	2850	0.00023
Agrobacterium sp. T29	2580515	S	376	306	682	0.00005
Agrobacterium sp. MA01	2664893	S	261	545	806	0.00006
Agrobacterium sp. RAC06	1842536	S	256	545	801	0.00006
Agrobacterium sp. CGMCC 11546	2579248	S	131	275	406	0.00003
Agrobacterium sp. S7/73	2820002	S	77	429	506	0.00004
Agrobacterium vaccinii	2735528	S	1062	161	1223	0.00010
Agrobacterium larrymoorei	160699	S	734	143	877	0.00007
Agrobacterium rubi	28099	S	647	207	854	0.00007
Agrobacterium salinitolerans	1183413	S	571	227	798	0.00006
Agrobacterium rhizogenes	359	S	450	1105	1555	0.00012
Neorhizobium galegae	399	S	7349	2276	9625	0.00077
Neorhizobium sp. SOG26	2060726	S	1854	424	2278	0.00018
Neorhizobium sp. NCHU2750	1825976	S	1660	432	2092	0.00017
Pseudorhizobium flavum	1335061	S	1129	754	1883	0.00015
Pseudorhizobium banfieldiae	1125847	S	1128	676	1804	0.00014
Sinorhizobium fredii	380	S	6928	9933	16861	0.00134
Sinorhizobium meliloti	382	S	6624	6347	12971	0.00103
Sinorhizobium americanum	194963	S	2471	1002	3473	0.00028
Sinorhizobium sp. BG8	2613773	S	2050	391	2441	0.00019
Sinorhizobium sp. CCBAU 05631	794846	S	342	534	876	0.00007
Sinorhizobium medicae	110321	S	2150	271	2421	0.00019
Ensifer adhaerens	106592	S	5484	3285	8769	0.00070
Ensifer mexicanus	375549	S	3316	575	3891	0.00031
Ensifer alkalisoli	1752398	S	2348	515	2863	0.00023
Ensifer sojae	716925	S	2127	864	2991	0.00024
Ensifer sp. PDNC004	2811423	S	1687	767	2454	0.00020
Ensifer sp. T173	555315	S	318	1377	1695	0.00014
Shinella sp. HZN7	879274	S	3139	2987	6126	0.00049
Shinella sp. PSBB067	2715959	S	2626	2216	4842	0.00039
Shinella sp. XGS7	2877941	S	2053	2224	4277	0.00034
Shinella sp. H4-D48	2925841	S	1097	482	1579	0.00013
Shinella zoogloeoides	352475	S	2532	4001	6533	0.00052
Shinella oryzae	2871820	S	1437	704	2141	0.00017
Ciceribacter thiooxidans	1969821	S	2283	525	2808	0.00022
Georhizobium profundi	2341112	S	2075	517	2592	0.00021
Peteryoungia desertarenae	1813451	S	747	154	901	0.00007
Candidatus Liberibacter africanus	34020	S	32	17	49	0.00000
Liberibacter crescens	1273132	S	22	61	83	0.00001
Candidatus Liberibacter solanacearum	556287	S	18	3	21	0.00000
Candidatus Liberibacter asiaticus	34021	S	15	4	19	0.00000
Candidatus Liberibacter americanus	309868	S	15	3	18	0.00000
Mesorhizobium sp. 8	2584466	S	4275	1152	5427	0.00043
Mesorhizobium sp. J8	2777475	S	4082	1434	5516	0.00044
Mesorhizobium sp. B2-8-5	2589903	S	3069	1109	4178	0.00033
Mesorhizobium sp. M1B.F.Ca.ET.045.04.1.1	2493673	S	2728	1128	3856	0.00031
Mesorhizobium sp. B1-1-8	2589976	S	2640	731	3371	0.00027
Mesorhizobium sp. Pch-S	2082387	S	2612	404	3016	0.00024
Mesorhizobium sp. DCY119	2108445	S	2595	681	3276	0.00026
Mesorhizobium sp. M3A.F.Ca.ET.080.04.2.1	2493676	S	2544	844	3388	0.00027
Mesorhizobium sp. B2-1-1	2589974	S	2535	639	3174	0.00025
Mesorhizobium sp. M1D.F.Ca.ET.043.01.1.1	2493669	S	2507	1605	4112	0.00033
Mesorhizobium sp. M1A.F.Ca.IN.022.06.1.1	2493680	S	2450	846	3296	0.00026
Mesorhizobium sp. M1E.F.Ca.ET.045.02.1.1	2493672	S	2403	1286	3689	0.00029
Mesorhizobium sp. 131-2-1	2744518	S	2287	1308	3595	0.00029
Mesorhizobium sp. L-2-11	2744521	S	2112	888	3000	0.00024
Mesorhizobium sp. M4B.F.Ca.ET.058.02.1.1	2493675	S	2076	949	3025	0.00024
Mesorhizobium sp. INR15	2654248	S	2040	326	2366	0.00019
Mesorhizobium sp. M9A.F.Ca.ET.002.03.1.2	2493668	S	2021	994	3015	0.00024
Mesorhizobium sp. M2A.F.Ca.ET.043.05.1.1	2493671	S	2002	1797	3799	0.00030
Mesorhizobium sp. PAMC28654	2880934	S	1988	414	2402	0.00019
Mesorhizobium sp. M6A.T.Cr.TU.016.01.1.1	2493677	S	1863	679	2542	0.00020
Mesorhizobium sp. B2-1-8	2589967	S	1749	586	2335	0.00019
Mesorhizobium sp. B4-1-4	2589888	S	1713	457	2170	0.00017
Mesorhizobium sp. M7D.F.Ca.US.005.01.1.1	2493678	S	1497	563	2060	0.00016
Mesorhizobium sp. M8A.F.Ca.ET.057.01.1.1	2493679	S	1420	584	2004	0.00016
Mesorhizobium sp. NZP2077	2483404	S	1342	487	1829	0.00015
Mesorhizobium sp. 113-3-3	2744516	S	1301	779	2080	0.00017
Mesorhizobium sp. M7A.F.Ce.TU.012.03.2.1	2493681	S	1240	500	1740	0.00014
Mesorhizobium sp. L-8-10	2744523	S	1146	3742	4888	0.00039
Mesorhizobium sp. 113-1-2	2744515	S	1118	602	1720	0.00014
Mesorhizobium sp. M2A.F.Ca.ET.046.03.2.1	2493674	S	1108	3071	4179	0.00033
Mesorhizobium sp. L-8-3	2744522	S	1062	3564	4626	0.00037
Mesorhizobium sp. NBSH29	2654249	S	1034	82	1116	0.00009
Mesorhizobium sp. 113-3-9	2744517	S	1015	814	1829	0.00015
Mesorhizobium sp. NZP2298	2483403	S	959	617	1576	0.00013
Mesorhizobium sp. AA22	1854057	S	949	660	1609	0.00013
Mesorhizobium sp. M2A.F.Ca.ET.043.02.1.1	2493670	S	938	2474	3412	0.00027
Mesorhizobium sp. WSM1497	278153	S	317	715	1032	0.00008
Mesorhizobium sp. 131-3-5	2744520	S	204	703	907	0.00007
Mesorhizobium sp. NZP2234	2483402	S	131	522	653	0.00005
Mesorhizobium sp. 131-2-5	2744519	S	124	928	1052	0.00008
Mesorhizobium opportunistum	593909	S	2677	1275	3952	0.00032
Mesorhizobium terrae	2725666	S	2645	989	3634	0.00029
Mesorhizobium amorphae	71433	S	2044	555	2599	0.00021
Mesorhizobium loti	381	S	1549	14069	15618	0.00125
Mesorhizobium ciceri	39645	S	1504	4089	5593	0.00045
Mesorhizobium australicum	536018	S	1405	494	1899	0.00015
Mesorhizobium huakuii	28104	S	1378	1144	2522	0.00020
Mesorhizobium erdmanii	1777866	S	1276	407	1683	0.00013
Mesorhizobium japonicum	2066070	S	1180	989	2169	0.00017
Aquibium microcysteis	675281	S	5461	1757	7218	0.00058
Aquibium oceanicum	1670800	S	4080	1080	5160	0.00041
Aminobacter sp. MSH1	374606	S	2669	1859	4528	0.00036
Aminobacter sp. SR38	2774562	S	553	2573	3126	0.00025
Aminobacter sp. MDW-2	2666139	S	355	1747	2102	0.00017
Aminobacter aminovorans	83263	S	407	1442	1849	0.00015
Nitratireductor sp. SY7	2599600	S	3410	719	4129	0.00033
Nitratireductor sp. OM-1	1756988	S	1786	348	2134	0.00017
Nitratireductor kimnyeongensis	430679	S	1084	180	1264	0.00010
Phyllobacterium sp. T1018	555316	S	1259	181	1440	0.00011
Phyllobacterium sp. T1293	555317	S	678	95	773	0.00006
Phyllobacterium sp. 628	2718938	S	669	107	776	0.00006
Phyllobacterium zundukense	1867719	S	1296	204	1500	0.00012
Roseitalea porphyridii	1852022	S	3068	595	3663	0.00029
Hoeflea sp. IMCC20628	1620421	S	1200	133	1333	0.00011
Hoeflea phototrophica	244596	S	1184	162	1346	0.00011
Oricola thermophila	2742145	S	2386	375	2761	0.00022
Salaquimonas pukyongi	2712698	S	991	50	1041	0.00008
Lentilitoribacter sp. Alg239-R112	2305987	S	59	1	60	0.00000
Methylobacterium nodulans	114616	S	8508	1290	9798	0.00078
Methylobacterium sp. 17Sr1-1	2202826	S	3303	1799	5102	0.00041
Methylobacterium sp. WL1	2603276	S	3273	770	4043	0.00032
Methylobacterium sp. C1	1479019	S	383	3071	3454	0.00028
Methylobacterium sp. XJLW	739141	S	235	3230	3465	0.00028
Methylobacterium aquaticum	270351	S	6846	3442	10288	0.00082
Methylobacterium durans	2202825	S	4886	827	5713	0.00046
Methylobacterium radiodurans	2202828	S	4548	1307	5855	0.00047
Methylobacterium currus	2051553	S	4532	2166	6698	0.00053
Methylobacterium organophilum	410	S	3778	2299	6077	0.00048
Methylobacterium terrae	2202827	S	3640	1931	5571	0.00044
Methylobacterium brachiatum	269660	S	3354	1362	4716	0.00038
Methylobacterium mesophilicum	39956	S	3330	790	4120	0.00033
Methylobacterium tardum	374432	S	3198	1261	4459	0.00036
Methylobacterium indicum	1775910	S	2987	1693	4680	0.00037
Methylobacterium oryzae	334852	S	2631	3669	6300	0.00050
Methylobacterium radiotolerans	31998	S	1166	6757	7923	0.00063
Methylobacterium phyllosphaerae	418223	S	455	1759	2214	0.00018
Microvirga sp. VF16	2807101	S	8952	1646	10598	0.00085
Microvirga sp. 17 mud 1-3	2082949	S	4728	1166	5894	0.00047
Microvirga ossetica	1882682	S	8951	1869	10820	0.00086
Microvirga thermotolerans	2651334	S	6242	2019	8261	0.00066
Methylorubrum populi	223967	S	6023	3054	9077	0.00072
Methylorubrum extorquens	408	S	4456	7730	12186	0.00097
Methylorubrum sp. B1-46	2897334	S	2185	1011	3196	0.00025
Methylorubrum zatmanii	29429	S	125	670	795	0.00006
Pseudolabrys sp. FHR47	2562284	S	30573	6240	36813	0.00294
Pseudolabrys taiwanensis	331696	S	17769	3406	21175	0.00169
Xanthobacter dioxanivorans	2528964	S	5395	2143	7538	0.00060
Xanthobacter sp. YC-JY1	2419844	S	1860	2063	3923	0.00031
Xanthobacter autotrophicus	280	S	1736	2076	3812	0.00030
Starkeya sp. ORNL1	2709380	S	6194	1467	7661	0.00061
Starkeya novella	921	S	5182	2255	7437	0.00059
Ancylobacter sp. TS-1	1850374	S	3806	1869	5675	0.00045
Ancylobacter polymorphus	223390	S	3640	2103	5743	0.00046
Ancylobacter pratisalsi	1745854	S	3161	849	4010	0.00032
Labrys sp. KNU-23	2789216	S	4247	516	4763	0.00038
Azorhizobium caulinodans	7	S	3903	970	4873	0.00039
Rhodoplanes sp. Z2-YC6860	674703	S	41052	4724	45776	0.00365
Hyphomicrobium denitrificans	53399	S	5764	782	6546	0.00052
Hyphomicrobium nitrativorans	1427356	S	4163	412	4575	0.00036
Hyphomicrobium sp. MC1	717785	S	2526	221	2747	0.00022
Methyloceanibacter sp. wino2	2170729	S	2737	684	3421	0.00027
Methyloceanibacter caenitepidi	1384459	S	2702	631	3333	0.00027
Methyloligella sp. GL2	2742204	S	3744	517	4261	0.00034
Aquabacter sp. L1I39	2820278	S	3421	673	4094	0.00033
Rhodomicrobium vannielii	1069	S	2778	216	2994	0.00024
Caenibius sp. WL	2872646	S	1198	265	1463	0.00012
Caenibius tardaugens	169176	S	811	705	1516	0.00012
Candidatus Filomicrobium marinum	1608628	S	1248	39	1287	0.00010
Bosea sp. Tri-49	1867715	S	5290	1402	6692	0.00053
Bosea sp. RAC05	1842539	S	4706	1750	6456	0.00051
Bosea sp. F3-2	2599640	S	4659	1718	6377	0.00051
Bosea sp. AS-1	2015316	S	4224	1540	5764	0.00046
Bosea sp. ANAM02	2020412	S	3891	1665	5556	0.00044
Bosea sp. PAMC 26642	1792307	S	3501	851	4352	0.00035
Bosea vaviloviae	1526658	S	4402	1197	5599	0.00045
Devosia sp. A16	1736675	S	6065	829	6894	0.00055
Devosia sp. SL43	2806348	S	1753	344	2097	0.00017
Devosia sp. 1566	2499144	S	1726	206	1932	0.00015
Devosia sp. JXJ CY 41	2917991	S	1701	331	2032	0.00016
Devosia sp. I507	2083786	S	1214	387	1601	0.00013
Devosia sp. MC521	2759954	S	615	108	723	0.00006
Devosia ginsengisoli	400770	S	2036	403	2439	0.00019
Devosia beringensis	2657486	S	1787	288	2075	0.00017
Devosia oryziradicis	2801335	S	1784	356	2140	0.00017
Devosia salina	2860336	S	1728	612	2340	0.00019
Devosia rhizoryzae	2774137	S	1516	178	1694	0.00014
Youhaiella tibetensis	1447062	S	2819	713	3532	0.00028
Paradevosia shaoguanensis	1335043	S	2787	1172	3959	0.00032
Pelagibacterium halotolerans	531813	S	1514	264	1778	0.00014
Maritalea myrionectae	454601	S	297	11	308	0.00002
Aureimonas sp. SA4125	2826993	S	3613	786	4399	0.00035
Aureimonas sp. AU20	1349819	S	3314	556	3870	0.00031
Aureimonas sp. OT7	2816454	S	1737	1591	3328	0.00027
Aureimonas populi	1701758	S	2845	643	3488	0.00028
Aureimonas mangrovi	2758041	S	2676	657	3333	0.00027
Aureimonas altamirensis	370622	S	1544	596	2140	0.00017
Martelella sp. AD-3	686597	S	958	2836	3794	0.00030
Martelella mediterranea	293089	S	1840	738	2578	0.00021
Martelella endophytica	1486262	S	1513	385	1898	0.00015
Martelella lutilitoris	2583532	S	1005	872	1877	0.00015
Aurantimonas sp. HBX-1	2906072	S	4682	1645	6327	0.00050
Methylocystis bryophila	655015	S	2919	336	3255	0.00026
Methylocystis parvus	134	S	2759	373	3132	0.00025
Methylocystis heyeri	391905	S	2504	320	2824	0.00023
Methylocystis sp. SC2	187303	S	1706	502	2208	0.00018
Methylocystis sp. SB2	743836	S	567	972	1539	0.00012
Methylocystis rosea	173366	S	1686	1400	3086	0.00025
Methylosinus trichosporium	426	S	3594	823	4417	0.00035
Methylosinus sp. C49	2699395	S	2841	639	3480	0.00028
Nordella sp. HKS 07	2712222	S	9845	636	10481	0.00084
Pseudorhodoplanes sinuspersici	1235591	S	8642	752	9394	0.00075
Terrihabitans soli	708113	S	3066	403	3469	0.00028
Candidatus Hodgkinia cicadicola	573658	S	32	0	32	0.00000
Stappia indica	538381	S	4578	1265	5843	0.00047
Stappia sp. ES.058	1881061	S	2435	353	2788	0.00022
Roseibium aggregatum	187304	S	2629	423	3052	0.00024
Roseibium alexandrii	388408	S	897	91	988	0.00008
Pannonibacter phragmitetus	121719	S	3241	2593	5834	0.00047
Labrenzia sp. VG12	2021862	S	1452	195	1647	0.00013
Labrenzia sp. PHM005	2590016	S	659	58	717	0.00006
Labrenzia sp. THAF82	2587861	S	586	41	627	0.00005
Pseudovibrio sp. FO-BEG1	911045	S	265	116	381	0.00003
Pseudovibrio brasiliensis	1898042	S	221	95	316	0.00003
Phreatobacter stygius	1940610	S	6715	1164	7879	0.00063
Phreatobacter cathodiphilus	1868589	S	5730	1951	7681	0.00061
Phreatobacter sp. NMCR1094	2570229	S	4023	868	4891	0.00039
Kaustia mangrovi	2593653	S	6925	790	7715	0.00062
Parvibaculum lavamentivorans	256618	S	3222	2599	5821	0.00046
Pyruvatibacter mobilis	1712261	S	2108	293	2401	0.00019
Candidatus Phaeomarinobacter ectocarpi	1458461	S	773	42	815	0.00007
Methylocella silvestris	199596	S	2680	342	3022	0.00024
Methylocella tundrae	227605	S	2369	255	2624	0.00021
Methylovirgula ligni	569860	S	2308	309	2617	0.00021
Methylovirgula sp. HY1	2822761	S	1849	119	1968	0.00016
Beijerinckia indica	533	S	1165	98	1263	0.00010
Chelatococcus sp. CO-6	1702325	S	5126	3437	8563	0.00068
Chelatococcus daeguensis	444444	S	2807	1851	4658	0.00037
Blastochloris tepida	2233851	S	5174	2045	7219	0.00058
Blastochloris viridis	1079	S	4597	1458	6055	0.00048
Acuticoccus sp. I52.16.1	2928472	S	6073	773	6846	0.00055
Kaistia sp. 32K	2795690	S	5835	1704	7539	0.00060
Brucella anthropi	529	S	1064	9043	10107	0.00081
Brucella intermedia	94625	S	962	194	1156	0.00009
Brucella sp. BTU1	2840456	S	167	36	203	0.00002
Brucella sp. 09RB8910	1844051	S	71	76	147	0.00001
Brucella sp. 10RB9215	1149953	S	62	69	131	0.00001
Brucella sp. BO3	2691913	S	48	80	128	0.00001
Brucella sp. 6810	2769351	S	47	77	124	0.00001
Brucella sp. 2280	2592625	S	43	88	131	0.00001
Brucella sp. BO2	693750	S	36	84	120	0.00001
Brucella sp. 09RB8471	1149952	S	29	54	83	0.00001
Brucella sp. 458	2821140	S	21	47	68	0.00001
[Ochrobactrum] quorumnocens	271865	S	389	67	456	0.00004
Brucella pseudogrignonensis	419475	S	263	94	357	0.00003
Brucella pituitosa	571256	S	104	42	146	0.00001
Brucella melitensis	29459	S	39	2458	2497	0.00020
Brucella inopinata	1218315	S	30	36	66	0.00001
Brucella abortus	235	S	12	413	425	0.00003
Pseudochrobactrum sp. Wa41.01b-1	2864102	S	104	106	210	0.00002
Pseudochrobactrum sp. XF203	2879116	S	83	76	159	0.00001
Pseudochrobactrum algeriensis	2834768	S	96	102	198	0.00002
Hartmannibacter diazotrophicus	1482074	S	3911	826	4737	0.00038
Breoghania sp. L-A4	2304600	S	3719	575	4294	0.00034
Lichenihabitans psoromatis	2528642	S	1200	687	1887	0.00015
Lichenihabitans sp. PAMC28606	2880932	S	1057	702	1759	0.00014
Cohaesibacter sp. ES.047	1798205	S	712	33	745	0.00006
Bartonella apis	1686310	S	265	18	283	0.00002
Bartonella sp. HY038	2759660	S	51	9	60	0.00000
Bartonella sp. 46A	2893471	S	16	13	29	0.00000
Bartonella sp. WD16.2	1933904	S	13	29	42	0.00000
Bartonella australis	388640	S	29	4	33	0.00000
Bartonella vinsonii	33047	S	21	16	37	0.00000
Bartonella henselae	38323	S	18	7	25	0.00000
Bartonella quintana	803	S	16	4	20	0.00000
Bartonella clarridgeiae	56426	S	15	12	27	0.00000
Bartonella ancashensis	1318743	S	15	2	17	0.00000
Bartonella alsatica	52764	S	14	4	18	0.00000
Bartonella krasnovii	2267275	S	14	19	33	0.00000
Bartonella bovis	155194	S	11	6	17	0.00000
Bartonella schoenbuchensis	165694	S	11	13	24	0.00000
Bartonella grahamii	33045	S	10	9	19	0.00000
Bartonella bacilliformis	774	S	10	2	12	0.00000
Sphingomonas sp. S8-45	2938948	S	10398	1430	11828	0.00094
Sphingomonas sp. HDW15A	2714942	S	9837	901	10738	0.00086
Sphingomonas sp. DM2-R-LB4	2899123	S	8973	3397	12370	0.00099
Sphingomonas sp. CL5.1	2653203	S	5853	2219	8072	0.00064
Sphingomonas sp. MM-1	745310	S	5517	7826	13343	0.00106
Sphingomonas sp. Cra20	1327635	S	5479	973	6452	0.00051
Sphingomonas sp. AK-PDB1-5	2872652	S	5479	1005	6484	0.00052
Sphingomonas sp. LM7	1938607	S	4967	1222	6189	0.00049
Sphingomonas sp. AP4-R1	2735134	S	4779	688	5467	0.00044
Sphingomonas sp. S2-65	2903960	S	4299	972	5271	0.00042
Sphingomonas sp. AAP5	1523415	S	4269	1240	5509	0.00044
Sphingomonas sp. NBWT7	2596913	S	4193	1561	5754	0.00046
Sphingomonas sp. FARSPH	2219696	S	3924	3646	7570	0.00060
Sphingomonas sp. PAMC26645	2565555	S	3286	1224	4510	0.00036
Sphingomonas sp. HMP9	1517554	S	3007	1490	4497	0.00036
Sphingomonas sp. KC8	1030157	S	2669	383	3052	0.00024
Sphingomonas sp. HMP6	1517551	S	2581	571	3152	0.00025
Sphingomonas sp. LK11	1390395	S	1852	2159	4011	0.00032
Sphingomonas sp. NIC1	1961362	S	1744	6279	8023	0.00064
Sphingomonas sp. IC081	304378	S	532	3645	4177	0.00033
Sphingomonas sediminicola	386874	S	30792	3392	34184	0.00273
Sphingomonas daechungensis	1176646	S	26838	2979	29817	0.00238
Sphingomonas lutea	1045317	S	26751	3955	30706	0.00245
Sphingomonas sabuli	2764186	S	20194	2829	23023	0.00184
Sphingomonas sinipercae	2714944	S	18200	2792	20992	0.00167
Sphingomonas ginsengisoli An et al. 2013	363835	S	16116	2515	18631	0.00149
Sphingomonas rhizophila	2071607	S	12611	3626	16237	0.00129
Sphingomonas piscis	2714943	S	11607	1226	12833	0.00102
Sphingomonas xanthus	2594473	S	10240	2572	12812	0.00102
Sphingomonas alpina	653931	S	6766	640	7406	0.00059
Sphingomonas profundi	2681549	S	6574	1197	7771	0.00062
Sphingomonas sanxanigenens	397260	S	6001	3223	9224	0.00074
Sphingomonas changnyeongensis	2698679	S	4853	1071	5924	0.00047
Sphingomonas koreensis	93064	S	4632	3924	8556	0.00068
Sphingomonas hengshuiensis	1609977	S	4538	673	5211	0.00042
Sphingomonas panacis	1560345	S	4388	739	5127	0.00041
Sphingomonas taxi	1549858	S	4361	1559	5920	0.00047
Sphingomonas panacisoli	1813879	S	4070	628	4698	0.00037
Sphingomonas suaedae	2599297	S	3538	522	4060	0.00032
Sphingomonas radiodurans	2890321	S	3288	497	3785	0.00030
Sphingomonas insulae	424800	S	2899	950	3849	0.00031
Sphingomonas aliaeris	2759526	S	2830	405	3235	0.00026
Sphingomonas paucimobilis	13689	S	2426	1800	4226	0.00034
Sphingomonas sanguinis	33051	S	2012	2055	4067	0.00032
Sphingomonas melonis	152682	S	1820	7473	9293	0.00074
Sphingomonas lacunae	2698828	S	1362	211	1573	0.00013
Sphingomonas paeninsulae	2319844	S	1216	60	1276	0.00010
Sphingobium sp. SYK-6	627192	S	3772	1124	4896	0.00039
Sphingobium sp. Cam5-1	2789327	S	3523	1364	4887	0.00039
Sphingobium sp. EP60837	1855519	S	2033	628	2661	0.00021
Sphingobium sp. TKS	1315974	S	2003	3146	5149	0.00041
Sphingobium sp. CAP-1	2676077	S	1777	1206	2983	0.00024
Sphingobium sp. SCG-1	2072936	S	1705	146	1851	0.00015
Sphingobium sp. YG1	2082188	S	1697	780	2477	0.00020
Sphingobium sp. RAC03	1843368	S	1532	316	1848	0.00015
Sphingobium sp. KCTC 72723	2733867	S	1325	259	1584	0.00013
Sphingobium sp. MI1205	407020	S	1280	1933	3213	0.00026
Sphingobium sp. PAMC28499	2565554	S	469	952	1421	0.00011
Sphingobium sp. YBL2	484429	S	215	1435	1650	0.00013
Sphingobium sp. RSMS	520734	S	212	1265	1477	0.00012
Sphingobium sp. LF-16	2185111	S	49	807	856	0.00007
Sphingobium yanoikuyae	13690	S	3038	6094	9132	0.00073
Sphingobium indicum	332055	S	2286	1937	4223	0.00034
Sphingobium phenoxybenzoativorans	1592790	S	2216	968	3184	0.00025
Sphingobium amiense	135719	S	2213	2949	5162	0.00041
Sphingobium cloacae	120107	S	1780	2828	4608	0.00037
Sphingobium chlorophenolicum	46429	S	1617	796	2413	0.00019
Sphingobium xenophagum	121428	S	1592	1147	2739	0.00022
Sphingobium baderi	1332080	S	1410	1509	2919	0.00023
Sphingobium herbicidovorans	76947	S	1376	1350	2726	0.00022
Sphingobium fuliginis	336203	S	657	2655	3312	0.00026
Sphingopyxis sp. QXT-31	1357916	S	3021	931	3952	0.00032
Sphingopyxis sp. YF1	2482763	S	2849	732	3581	0.00029
Sphingopyxis sp. OPL5	2486273	S	2688	571	3259	0.00026
Sphingopyxis sp. 113P3	292913	S	2585	1105	3690	0.00029
Sphingopyxis sp. PAMC25046	2565556	S	2488	1257	3745	0.00030
Sphingopyxis sp. BSN-002	2911495	S	2484	499	2983	0.00024
Sphingopyxis sp. FD7	1914525	S	2155	1002	3157	0.00025
Sphingopyxis sp. EG6	1874061	S	1911	1061	2972	0.00024
Sphingopyxis sp. MG	1866325	S	105	1076	1181	0.00009
Sphingopyxis macrogoltabida	33050	S	4581	2522	7103	0.00057
Sphingopyxis terrae	33052	S	2868	1721	4589	0.00037
Sphingopyxis lindanitolerans	2054227	S	2400	1287	3687	0.00029
Sphingopyxis granuli	267128	S	2067	6332	8399	0.00067
Sphingopyxis fribergensis	1515612	S	2048	903	2951	0.00024
Sphingopyxis alaskensis	117207	S	1999	517	2516	0.00020
Novosphingobium sp. Gsoil 351	2675225	S	4028	388	4416	0.00035
Novosphingobium sp. Sx8-5	2896849	S	3366	516	3882	0.00031
Novosphingobium sp. EMRT-2	2571749	S	2975	1929	4904	0.00039
Novosphingobium sp. P6W	1609758	S	2346	437	2783	0.00022
Novosphingobium sp. ES2-1	2780074	S	1987	1082	3069	0.00024
Novosphingobium sp. THN1	1016987	S	1827	682	2509	0.00020
Novosphingobium sp. PP1Y	702113	S	1141	1464	2605	0.00021
Novosphingobium sp. KA1	164608	S	613	3416	4029	0.00032
Novosphingobium resinovorum	158500	S	3091	1662	4753	0.00038
Novosphingobium aromaticivorans	48935	S	2594	1318	3912	0.00031
Novosphingobium decolorationis	2698673	S	2492	1499	3991	0.00032
Novosphingobium ginsenosidimutans	1176536	S	2053	236	2289	0.00018
Novosphingobium pentaromativorans	205844	S	1036	1969	3005	0.00024
Rhizorhabdus wittichii	160791	S	7065	4633	11698	0.00093
Rhizorhabdus dicambivorans	1850238	S	4375	3975	8350	0.00067
Rhizorhabdus phycosphaerae	2711156	S	3259	461	3720	0.00030
Allosphingosinicella indica	941907	S	8206	1139	9345	0.00075
Sphingosinithalassobacter sp. CS137	2762748	S	4057	924	4981	0.00040
Sphingosinithalassobacter tenebrarum	2711215	S	2743	923	3666	0.00029
Parasphingopyxis algicola	2026624	S	3653	271	3924	0.00031
Parasphingopyxis sp. CP4	2724527	S	992	51	1043	0.00008
Sphingorhabdus sp. YGSMI21	2077182	S	1073	188	1261	0.00010
Sphingorhabdus sp. SMR4y	2584094	S	943	170	1113	0.00009
Sphingorhabdus sp. M41	1806885	S	823	115	938	0.00007
Sphingorhabdus lacus	392610	S	679	35	714	0.00006
Sphingorhabdus lutea	1913578	S	101	9	110	0.00001
Blastomonas sp. RAC04	1842535	S	785	1195	1980	0.00016
Blastomonas fulva	1550728	S	661	1298	1959	0.00016
Hankyongella ginsenosidimutans	1763828	S	2737	586	3323	0.00027
Tardibacter chloracetimidivorans	1921510	S	2401	2095	4496	0.00036
Citromicrobium sp. JL477	1634516	S	1860	923	2783	0.00022
Novosphingopyxis iocasae	2762729	S	1696	1021	2717	0.00022
Parasphingorhabdus halotolerans	2725558	S	410	18	428	0.00003
Parasphingorhabdus sp. JHSY0214	2806553	S	348	28	376	0.00003
Parasphingorhabdus litoris	394733	S	333	28	361	0.00003
Aquisediminimonas profunda	1550733	S	1108	49	1157	0.00009
Erythrobacter sp. HL-111	1798193	S	2437	500	2937	0.00023
Erythrobacter sp. HKB08	2502843	S	2023	474	2497	0.00020
Erythrobacter sp. JK5	2829500	S	1907	603	2510	0.00020
Erythrobacter sp. SDW2	2907154	S	1775	504	2279	0.00018
Erythrobacter sp. THAF29	2587851	S	1239	306	1545	0.00012
Erythrobacter sp. KY5	2011159	S	954	82	1036	0.00008
Erythrobacter sp. LQ02-29	2920384	S	914	1049	1963	0.00016
Erythrobacter sp. 3-20A1M	2653850	S	892	1443	2335	0.00019
Erythrobacter sp. A30-3	2785907	S	866	718	1584	0.00013
Erythrobacter sp. SCSIO 43205	2779361	S	474	96	570	0.00005
Erythrobacter litoralis	39960	S	3317	1545	4862	0.00039
Erythrobacter neustonensis	1112	S	1426	357	1783	0.00014
Erythrobacter mangrovi	2739433	S	1352	512	1864	0.00015
Erythrobacter aureus	2182384	S	1062	210	1272	0.00010
Porphyrobacter sp. CACIAM 03H1	2003315	S	2652	842	3494	0.00028
Porphyrobacter sp. LM 6	1896196	S	1419	539	1958	0.00016
Porphyrobacter sp. HT-58-2	2023229	S	1243	321	1564	0.00012
Porphyrobacter sp. GA68	2883480	S	1211	577	1788	0.00014
Qipengyuania flava	192812	S	3783	2260	6043	0.00048
Qipengyuania sediminis	1532023	S	2306	368	2674	0.00021
Qipengyuania soli	2782568	S	1511	302	1813	0.00014
Qipengyuania aurantiaca	2867233	S	1341	476	1817	0.00014
Qipengyuania gelatinilytica	2867231	S	1138	230	1368	0.00011
Qipengyuania seohaensis	266951	S	923	209	1132	0.00009
Qipengyuania aquimaris	255984	S	746	755	1501	0.00012
Qipengyuania psychrotolerans	2867238	S	713	102	815	0.00007
Qipengyuania xiapuensis	2867236	S	701	701	1402	0.00011
Altererythrobacter sp. B11	2060312	S	3076	1555	4631	0.00037
Altererythrobacter sp. TH136	2067415	S	2177	443	2620	0.00021
Altererythrobacter sp. BO-6	2604537	S	1276	221	1497	0.00012
Altererythrobacter sp. ZODW24	2185142	S	560	31	591	0.00005
Altererythrobacter epoxidivorans	361183	S	1013	311	1324	0.00011
Altererythrobacter ishigakiensis	476157	S	403	34	437	0.00003
Tsuneonella amylolytica	2338327	S	2780	876	3656	0.00029
Tsuneonella dongtanensis	692370	S	2583	567	3150	0.00025
Tsuneonella mangrovi	1982042	S	1986	333	2319	0.00018
Tsuneonella flava	2055955	S	853	272	1125	0.00009
Croceicoccus sp. YJ47	2798724	S	1671	1041	2712	0.00022
Croceicoccus sp. Ery5	1703340	S	604	688	1292	0.00010
Croceicoccus sp. Ery15	1703338	S	477	787	1264	0.00010
Croceicoccus marinus	450378	S	2900	1629	4529	0.00036
Croceicoccus naphthovorans	1348774	S	1233	1538	2771	0.00022
Aurantiacibacter gangjinensis	502682	S	1192	128	1320	0.00011
Aurantiacibacter atlanticus	1648404	S	540	188	728	0.00006
Pelagerythrobacter marensis	543877	S	1669	256	1925	0.00015
Croceibacterium atlanticum	1267766	S	1506	684	2190	0.00017
Paraurantiacibacter namhicola	645517	S	1443	208	1651	0.00013
Sphingosinicella sp. BN140058	1892855	S	8251	843	9094	0.00073
Sphingosinicella flava	2771430	S	3987	642	4629	0.00037
Sphingosinicella microcystinivorans	335406	S	2948	414	3362	0.00027
Polymorphobacter sp. PAMC 29362	2835787	S	1806	1319	3125	0.00025
Polymorphobacter sp. PAMC 29334	2862331	S	1609	1212	2821	0.00023
Sandaracinobacter sp. M6	2759707	S	2452	193	2645	0.00021
Zymomonas mobilis	542	S	233	191	424	0.00003
Azospirillum sp. B510	137722	S	3171	1251	4422	0.00035
Azospirillum sp. TSH100	652764	S	2654	1287	3941	0.00031
Azospirillum sp. TSA2s	709810	S	2433	1954	4387	0.00035
Azospirillum sp. TSH58	664962	S	1825	2563	4388	0.00035
Azospirillum brasilense	192	S	10147	9405	19552	0.00156
Azospirillum thermophilum	2202148	S	7713	1927	9640	0.00077
Azospirillum thiophilum	528244	S	4036	1418	5454	0.00043
Azospirillum ramasamyi	682998	S	2364	1453	3817	0.00030
Azospirillum humicireducens	1226968	S	1961	1216	3177	0.00025
Azospirillum oryzae	286727	S	1864	1706	3570	0.00028
Azospirillum lipoferum	193	S	1863	1459	3322	0.00026
Azospirillum baldaniorum	1064539	S	1190	2540	3730	0.00030
Skermanella mucosa	1789672	S	3539	2725	6264	0.00050
Skermanella sp. TT6	2775420	S	3370	3784	7154	0.00057
Skermanella rosea	1817965	S	3198	3225	6423	0.00051
Skermanella pratensis	2233999	S	3074	1887	4961	0.00040
Nitrospirillum amazonense	28077	S	4626	604	5230	0.00042
Indioceanicola profundi	2220096	S	3933	607	4540	0.00036
Niveispirillum cyanobacteriorum	1612173	S	2166	259	2425	0.00019
Roseomonas sp. OT10	2897332	S	6659	1725	8384	0.00067
Roseomonas sp. S08	1750527	S	5967	402	6369	0.00051
Roseomonas sp. FDAARGOS_362	2018065	S	492	2661	3153	0.00025
Roseomonas gilardii	257708	S	4821	2301	7122	0.00057
Roseomonas haemaphysalidis	2768162	S	4371	540	4911	0.00039
Roseomonas marmotae	2768161	S	3940	478	4418	0.00035
Roseomonas mucosa	207340	S	376	2367	2743	0.00022
Rhodovastum atsumiense	504468	S	6830	739	7569	0.00060
Komagataeibacter xylinus	28448	S	1422	2505	3927	0.00031
Komagataeibacter saccharivorans	265959	S	580	204	784	0.00006
Komagataeibacter oboediens	65958	S	407	201	608	0.00005
Komagataeibacter nataicola	265960	S	397	184	581	0.00005
Komagataeibacter europaeus	33995	S	339	169	508	0.00004
Komagataeibacter medellinensis	1177712	S	316	248	564	0.00005
Komagataeibacter rhaeticus	215221	S	19	342	361	0.00003
Acidiphilium multivorum	62140	S	997	4553	5550	0.00044
Acidiphilium cryptum	524	S	247	1772	2019	0.00016
Roseococcus microcysteis	2771361	S	4104	395	4499	0.00036
Acidibrevibacterium fodinaquatile	1969806	S	3187	306	3493	0.00028
Lichenicola cladoniae	1484109	S	3043	155	3198	0.00026
Sediminicoccus rosea	1225128	S	2979	158	3137	0.00025
Acetobacter aceti	435	S	1322	472	1794	0.00014
Acetobacter sp. KACC 21233	2592655	S	271	57	328	0.00003
Acetobacter persici	1076596	S	264	37	301	0.00002
Acetobacter ghanensis	431306	S	176	44	220	0.00002
Acetobacter pasteurianus	438	S	109	246	355	0.00003
Acetobacter tropicalis	104102	S	78	107	185	0.00001
Acetobacter ascendens	481146	S	78	94	172	0.00001
Acetobacter senegalensis	446692	S	65	93	158	0.00001
Acetobacter orientalis	146474	S	58	8	66	0.00001
Acetobacter oryzoeni	2500548	S	35	81	116	0.00001
Gluconobacter oxydans	442	S	753	782	1535	0.00012
Gluconobacter albidus	318683	S	349	63	412	0.00003
Gluconobacter sphaericus	574987	S	268	62	330	0.00003
Gluconobacter frateurii	38308	S	170	43	213	0.00002
Gluconobacter thailandicus	257438	S	83	62	145	0.00001
Gluconacetobacter diazotrophicus	33996	S	2049	423	2472	0.00020
Granulibacter bethesdensis	364410	S	1325	125	1450	0.00012
Asaia bogorensis	91915	S	948	167	1115	0.00009
Neoasaia chiangmaiensis	320497	S	872	173	1045	0.00008
Kozakia baliensis	153496	S	573	194	767	0.00006
Novacetimonas hansenii	436	S	542	265	807	0.00006
Oecophyllibacter saccharovorans	2558360	S	454	16	470	0.00004
Parasaccharibacter apium	1510841	S	28	119	147	0.00001
Parasaccharibacter sp. TMW 2.1888	2268025	S	26	116	142	0.00001
Swingsia sp. F3b2	2558361	S	189	5	194	0.00002
Swingsia samuiensis	1293412	S	23	4	27	0.00000
Neokomagataea tanensis	661191	S	94	16	110	0.00001
Entomobacter blattae	2762277	S	59	4	63	0.00001
Bombella sp. KACC 21507	2697033	S	31	3	34	0.00000
Hypericibacter adhaerens	2602016	S	13227	2639	15866	0.00127
Hypericibacter terrae	2602015	S	10006	1590	11596	0.00092
Magnetospirillum sp. XM-1	1663591	S	2497	894	3391	0.00027
Magnetospirillum sp. ME-1	1639348	S	2166	841	3007	0.00024
Magnetospirillum gryphiswaldense	55518	S	3047	268810	271857	0.02168
Magnetospirillum magneticum	84159	S	2378	281	2659	0.00021
Rhodospirillum centenum	34018	S	5125	792	5917	0.00047
Rhodospirillum rubrum	1085	S	2487	207	2694	0.00021
Ferrovibrio terrae	2594003	S	7119	494	7613	0.00061
Tistrella mobilis	171437	S	4926	2549	7475	0.00060
Defluviicoccus vanus	111831	S	2894	281	3175	0.00025
Pararhodospirillum photometricum	1084	S	1685	141	1826	0.00015
Haematospirillum jordaniae	1549855	S	272	26	298	0.00002
Candidatus Endolissoclinum faulkneri	1263979	S	138	1	139	0.00001
Stella humosa	94	S	11914	908	12822	0.00102
Elioraea tepida	2843330	S	5167	287	5454	0.00043
Thalassospira sp. A40-3	2785908	S	312	125	437	0.00003
Thalassospira sp. B30-1	2785911	S	167	253	420	0.00003
Thalassospira marina	2048283	S	442	30	472	0.00004
Thalassospira indica	1891279	S	281	180	461	0.00004
Thalassospira xiamenensis	220697	S	182	257	439	0.00004
Magnetospira sp. QH-2	1288970	S	1113	41	1154	0.00009
Terasakiella sp. SH-1	2560057	S	125	3	128	0.00001
Paracoccus sp. MC1862	2760307	S	1488	178	1666	0.00013
Paracoccus sp. MA	2895796	S	1404	828	2232	0.00018
Paracoccus sp. AK26	2589076	S	1136	214	1350	0.00011
Paracoccus sp. H4-D09	2812658	S	818	190	1008	0.00008
Paracoccus sp. S8-55	2903900	S	750	111	861	0.00007
Paracoccus sp. Arc7-R13	2500532	S	511	578	1089	0.00009
Paracoccus sanguinis	1545044	S	2491	725	3216	0.00026
Paracoccus yeei	147645	S	1650	2825	4475	0.00036
Paracoccus liaowanqingii	2560053	S	1639	209	1848	0.00015
Paracoccus denitrificans	266	S	1554	802	2356	0.00019
Paracoccus zhejiangensis	1077935	S	1469	387	1856	0.00015
Paracoccus suum	2259340	S	1423	279	1702	0.00014
Paracoccus pantotrophus	82367	S	1345	852	2197	0.00018
Paracoccus jeotgali	2065379	S	1340	285	1625	0.00013
Paracoccus aminovorans	34004	S	1322	419	1741	0.00014
Paracoccus contaminans	1945662	S	1273	320	1593	0.00013
Paracoccus aminophilus	34003	S	1131	124	1255	0.00010
Paracoccus tegillarcae	1529068	S	674	45	719	0.00006
Paracoccus kondratievae	135740	S	615	131	746	0.00006
Paracoccus marcusii	59779	S	519	519	1038	0.00008
Paracoccus mutanolyticus	1499308	S	177	655	832	0.00007
Cereibacter sphaeroides	1063	S	5065	2418	7483	0.00060
Cereibacter azotoformans	43057	S	492	1856	2348	0.00019
Rhodobacter sp. CZR27	2033869	S	2010	702	2712	0.00022
Rhodobacter sp. N10	2807096	S	1693	225	1918	0.00015
Rhodobacter sp. LPB0142	1850250	S	1622	1280	2902	0.00023
Rhodobacter capsulatus	1061	S	2066	466	2532	0.00020
Rhodovulum sp. P5	1564506	S	1084	131	1215	0.00010
Rhodovulum sp. MB263	308754	S	999	411	1410	0.00011
Rhodovulum sulfidophilum	35806	S	1664	1045	2709	0.00022
Polymorphum gilvum	991904	S	3755	1005	4760	0.00038
Paroceanicella profunda	2579971	S	3432	990	4422	0.00035
Pikeienuella piscinae	2748098	S	2799	290	3089	0.00025
Thioclava nitratireducens	1915078	S	1047	383	1430	0.00011
Thioclava electrotropha	1549850	S	1011	268	1279	0.00010
Pontivivens ytuae	2789856	S	2315	196	2511	0.00020
Silicimonas algicola	1826607	S	2086	138	2224	0.00018
Pelagovum pacificum	2588711	S	1886	260	2146	0.00017
Frigidibacter mobilis	1335048	S	1643	768	2411	0.00019
Pukyongiella litopenaei	2605946	S	1459	386	1845	0.00015
Brevirhabdus pacifica	1267768	S	1434	742	2176	0.00017
Haematobacter massiliensis	195105	S	1222	532	1754	0.00014
Gymnodinialimonas ceratoperidinii	2856823	S	1205	127	1332	0.00011
Fuscovulum blasticum	1075	S	1176	166	1342	0.00011
Falsirhodobacter sp. PG104	2692330	S	1051	168	1219	0.00010
Pacificitalea manganoxidans	1411902	S	985	238	1223	0.00010
Pseudopuniceibacterium antarcticum	2613965	S	933	81	1014	0.00008
Tabrizicola piscis	2494374	S	914	93	1007	0.00008
Gemmobacter aquarius	2169400	S	905	213	1118	0.00009
Pseudooceanicola algae	1537215	S	897	98	995	0.00008
Monaibacterium sp. h42	2758038	S	874	224	1098	0.00009
Roseicitreum antarcticum	564137	S	802	46	848	0.00007
Tritonibacter mobilis	379347	S	655	329	984	0.00008
Yoonia vestfoldensis	245188	S	521	129	650	0.00005
Qingshengfaniella alkalisoli	2599296	S	520	31	551	0.00004
Rhodophyticola sp. CCM32	2916397	S	502	16	518	0.00004
Pseudohalocynthiibacter aestuariivivens	1591409	S	443	97	540	0.00004
Profundibacter amoris	2171755	S	425	16	441	0.00004
Rhodobaca barguzinensis	441209	S	412	20	432	0.00003
Pseudorhodobacter turbinis	2500533	S	337	24	361	0.00003
Parasedimentitalea marina	2483033	S	310	16	326	0.00003
Cognatishimia activa	1715691	S	263	13	276	0.00002
Aestuarium zhoushanense	2820523	S	255	114	369	0.00003
Planktomarina temperata	1284658	S	200	5	205	0.00002
Roseovarius sp. SCSIO 43702	2823043	S	1734	147	1881	0.00015
Roseovarius sp. THAF9	2587847	S	897	233	1130	0.00009
Roseovarius sp. THAF8	2587846	S	338	544	882	0.00007
Roseovarius sp. THAF27	2587850	S	336	580	916	0.00007
Roseovarius sp. TM1035	391613	S	166	335	501	0.00004
Roseovarius indicus	540747	S	2104	709	2813	0.00022
Roseovarius faecimaris	2494550	S	845	39	884	0.00007
Roseovarius mucosus	215743	S	155	317	472	0.00004
Sulfitobacter sp. JK7-1	2829501	S	872	51	923	0.00007
Sulfitobacter sp. THAF37	2587855	S	825	364	1189	0.00009
Sulfitobacter sp. D7	1968541	S	419	167	586	0.00005
Sulfitobacter sp. JL08	2070369	S	412	10	422	0.00003
Sulfitobacter sp. SK011	1389004	S	352	9	361	0.00003
Sulfitobacter sp. DSM 110093	2883127	S	294	86	380	0.00003
Sulfitobacter sp. SK012	1389005	S	258	5	263	0.00002
Sulfitobacter sp. BSw21498	664426	S	223	36	259	0.00002
Sulfitobacter sp. SK025	1389011	S	90	189	279	0.00002
Sulfitobacter sp. B30-2	2785912	S	62	134	196	0.00002
Sulfitobacter sp. CB2047	1525218	S	59	164	223	0.00002
Sulfitobacter alexandrii	1917485	S	1366	735	2101	0.00017
Sulfitobacter mediterraneus	83219	S	639	69	708	0.00006
Sulfitobacter indolifex	225422	S	435	101	536	0.00004
Sulfitobacter dubius	218673	S	327	147	474	0.00004
Sulfitobacter pontiacus	60137	S	157	345	502	0.00004
Salipiger profundus	1229727	S	2384	1131	3515	0.00028
Salipiger abyssi	1250539	S	1805	767	2572	0.00021
Salipiger sp. CCB-MM3	1792508	S	1538	236	1774	0.00014
Roseivivax sp. THAF30	2587852	S	1275	291	1566	0.00012
Roseivivax sp. THAF40	2587858	S	37	801	838	0.00007
Roseivivax sp. THAF197b	2588299	S	27	451	478	0.00004
Roseivivax marinus	1379903	S	2339	404	2743	0.00022
Celeribacter indicus	1208324	S	2081	1079	3160	0.00025
Celeribacter ethanolicus	1758178	S	783	286	1069	0.00009
Celeribacter baekdonensis	875171	S	346	99	445	0.00004
Celeribacter marinus	1397108	S	252	9	261	0.00002
Phaeobacter gallaeciensis	60890	S	935	418	1353	0.00011
Phaeobacter inhibens	221822	S	733	315	1048	0.00008
Phaeobacter piscinae	1580596	S	331	293	624	0.00005
Phaeobacter porticola	1844006	S	203	68	271	0.00002
Phaeobacter sp. LSS9	681157	S	65	106	171	0.00001
Leisingera aquaemixtae	1396826	S	1016	202	1218	0.00010
Leisingera sp. NJS201	2508306	S	199	330	529	0.00004
Leisingera sp. NJS204	2508307	S	169	296	465	0.00004
Leisingera methylohalidivorans	133924	S	686	167	853	0.00007
Ruegeria sp. TM1040	292414	S	432	79	511	0.00004
Ruegeria sp. SCSIO 43209	2793010	S	324	65	389	0.00003
Ruegeria sp. AD91A	2293862	S	309	37	346	0.00003
Ruegeria sp. THAF33	2587853	S	309	85	394	0.00003
Ruegeria pomeroyi	89184	S	1098	218	1316	0.00010
Yangia pacifica	311180	S	2086	383	2469	0.00020
Sulfitobacter pseudonitzschiae	1402135	S	1342	492	1834	0.00015
Pseudosulfitobacter sp. DSM 107133	2883100	S	549	230	779	0.00006
Sagittula sp. P11	2009329	S	1944	860	2804	0.00022
Ponticoccus alexandrii	1943633	S	1447	235	1682	0.00013
Mameliella alba	561184	S	1415	282	1697	0.00014
Dinoroseobacter shibae	215813	S	1352	527	1879	0.00015
Roseobacter ponti	1891787	S	558	14	572	0.00005
Roseobacter denitrificans	2434	S	422	33	455	0.00004
Roseobacter litoralis	42443	S	323	31	354	0.00003
Ketogulonicigenium vulgare	92945	S	595	167	762	0.00006
Ketogulonicigenium robustum	92947	S	576	71	647	0.00005
Octadecabacter sp. SW4	2602067	S	436	67	503	0.00004
Octadecabacter arcticus	53946	S	302	40	342	0.00003
Octadecabacter antarcticus	1217908	S	246	26	272	0.00002
Octadecabacter temperatus	1458307	S	152	3	155	0.00001
Actibacterium sp. EMB200-NS6	1609966	S	1112	578	1690	0.00013
Roseibacterium elongatum	159346	S	1093	101	1194	0.00010
Oceanicola sp. D3	2587163	S	1045	58	1103	0.00009
Maribius sp. THAF1	2587842	S	748	42	790	0.00006
Tateyamaria omphalii	299262	S	731	26	757	0.00006
Jannaschia sp. CCS1	290400	S	729	21	750	0.00006
Antarctobacter heliothermus	74033	S	710	40	750	0.00006
Thalassococcus sp. S3	2017482	S	686	19	705	0.00006
Thalassobius gelatinovorus	53501	S	471	27	498	0.00004
Falsihalocynthiibacter arcticus	1579316	S	196	6	202	0.00002
Caulobacter sp. S6	2823693	S	6727	779	7506	0.00060
Caulobacter sp. FWC26	69665	S	2217	986	3203	0.00026
Caulobacter segnis	88688	S	7383	3872	11255	0.00090
Caulobacter mirabilis	69666	S	6280	1223	7503	0.00060
Caulobacter vibrioides	155892	S	4838	2016	6854	0.00055
Caulobacter flavus	1679497	S	4492	1288	5780	0.00046
Caulobacter rhizosphaerae	2010972	S	3894	1147	5041	0.00040
Caulobacter soli	2708539	S	3421	1101	4522	0.00036
Caulobacter henricii	69395	S	1886	328	2214	0.00018
Brevundimonas sp. PAMC22021	2861285	S	1814	409	2223	0.00018
Brevundimonas sp. M20	2591463	S	1794	286	2080	0.00017
Brevundimonas sp. LM2	1938605	S	1779	313	2092	0.00017
Brevundimonas sp. MF30-B	2561924	S	1657	269	1926	0.00015
Brevundimonas sp. AJA228-03	2752515	S	1377	186	1563	0.00012
Brevundimonas sp. SGAir0440	2579977	S	437	434	871	0.00007
Brevundimonas sp. CS1	2813778	S	418	429	847	0.00007
Brevundimonas sp. 'scallop'	2562582	S	364	661	1025	0.00008
Brevundimonas sp. DS20	1532555	S	331	870	1201	0.00010
Brevundimonas sp. GW460-12-10-14-LB2	1827469	S	312	563	875	0.00007
Brevundimonas sp. Bb-A	2560058	S	309	673	982	0.00008
Brevundimonas naejangsanensis	588932	S	3063	1074	4137	0.00033
Brevundimonas goettingensis	2774190	S	1992	320	2312	0.00018
Brevundimonas albigilva	1312364	S	1961	1111	3072	0.00025
Brevundimonas subvibrioides	74313	S	1668	306	1974	0.00016
Brevundimonas vitisensis	2800818	S	1310	165	1475	0.00012
Brevundimonas pondensis	2774189	S	1237	386	1623	0.00013
Brevundimonas diminuta	293	S	1194	2295	3489	0.00028
Brevundimonas mediterranea	74329	S	1136	448	1584	0.00013
Brevundimonas nasdae	172043	S	1035	725	1760	0.00014
Brevundimonas vancanneytii	1325724	S	318	1250	1568	0.00013
Brevundimonas vesicularis	41276	S	311	697	1008	0.00008
Phenylobacterium zucineum	284016	S	18595	3981	22576	0.00180
Phenylobacterium parvum	2201350	S	3849	446	4295	0.00034
Terricaulis silvestris	2686094	S	6274	233	6507	0.00052
Asticcacaulis excentricus	78587	S	1346	215	1561	0.00012
Asticcacaulis sp. AND118	2840468	S	1261	193	1454	0.00012
Hyphomonas sp. CACIAM 19H1	1873716	S	1072	169	1241	0.00010
Hyphomonas sp. Mor2	1906738	S	630	14	644	0.00005
Hyphomonas sp. KY3	2016196	S	591	70	661	0.00005
Hyphomonas neptunium	81032	S	942	107	1049	0.00008
Candidatus Viadribacter manganicus	1759059	S	3216	93	3309	0.00026
Hirschia baltica	2724	S	60	1	61	0.00000
Marinicauda algicola	2029849	S	3051	555	3606	0.00029
Maricaulis maris	74318	S	1041	74	1115	0.00009
Glycocaulis alkaliphilus	1434191	S	966	55	1021	0.00008
Hyphobacterium sp. CCMP332	2749086	S	748	34	782	0.00006
Aquisalinus flavus	1526572	S	1298	68	1366	0.00011
Parvularcula bermudensis	208216	S	563	71	634	0.00005
Anaplasma ovis	142058	S	70	12	82	0.00001
Anaplasma marginale	770	S	37	57	94	0.00001
Anaplasma platys	949	S	31	5	36	0.00000
Anaplasma phagocytophilum	948	S	18	3	21	0.00000
Anaplasma centrale	769	S	11	10	21	0.00000
Wolbachia endosymbiont of Cruorifilaria tuberocauda	1812111	S	11	32	43	0.00000
Wolbachia endosymbiont of Ctenocephalides felis wCfeT	2732593	S	10	36	46	0.00000
Ehrlichia ruminantium	779	S	22	8	30	0.00000
Ehrlichia canis	944	S	12	8	20	0.00000
Candidatus Neoehrlichia mikurensis	89586	S	13	5	18	0.00000
Rickettsia tillamookensis	2761623	S	67	36	103	0.00001
Rickettsia conorii	781	S	13	51	64	0.00001
Rickettsia endosymbiont of Oedothorax gibbosus	931099	S	21	2	23	0.00000
Rickettsia endosymbiont of Bemisia tabaci	337479	S	14	6	20	0.00000
Rickettsia canadensis	788	S	13	2	15	0.00000
Rickettsia bellii	33990	S	11	18	29	0.00000
Orientia tsutsugamushi	784	S	28	1	29	0.00000
Candidatus Phycorickettsia trachydisci	2115978	S	57	4	61	0.00000
Candidatus Midichloria mitochondrii	234827	S	29	4	33	0.00000
Candidatus Fokinia solitaria	1802984	S	21	1	22	0.00000
Candidatus Deianiraea vastatrix	2163644	S	31	0	31	0.00000
Rickettsiales endosymbiont of Stachyamoeba lipophora	2486578	S	30	4	34	0.00000
Luteithermobacter gelatinilyticus	2582913	S	469	91	560	0.00004
Paremcibacter congregatus	2043170	S	445	14	459	0.00004
Micavibrio aeruginosavorus	349221	S	705	10	715	0.00006
Candidatus Puniceispirillum marinum	767892	S	151	5	156	0.00001
endosymbiont of Acanthamoeba sp. UWC8	86106	S	49	1	50	0.00000
Candidatus Hydrogenosomobacter endosymbioticus	2558174	S	48	1	49	0.00000
Candidatus Cytomitobacter primus	2066024	S	19	3	22	0.00000
Candidatus Cytomitobacter indipagum	2601575	S	10	1	11	0.00000
Candidatus Gromoviella agglomerans	2806609	S	31	1	32	0.00000
Candidatus Nesciobacter abundans	2601668	S	23	2	25	0.00000
Candidatus Paracaedibacter acanthamoebae	91604	S	89	3	92	0.00001
Candidatus Nucleicultrix amoebiphila	1509244	S	82	4	86	0.00001
Magnetococcus marinus	1124597	S	253	7	260	0.00002
Candidatus Pelagibacter sp. RS40	1977865	S	20	4	24	0.00000
Candidatus Pelagibacter sp. IMCC9063	1002672	S	17	1	18	0.00000
Candidatus Pelagibacter sp. HIMB1321	1388755	S	10	4	14	0.00000
Candidatus Pelagibacter giovannonii	2563896	S	13	8	21	0.00000
Candidatus Fonsibacter ubiquis	1925548	S	38	3	41	0.00000
Kordiimonas pumila	2161677	S	120	2	122	0.00001
Burkholderia multivorans	87883	S	6457	2971	9428	0.00075
Burkholderia ubonensis	101571	S	5900	3620	9520	0.00076
Burkholderia cenocepacia	95486	S	4614	16282	20896	0.00167
Burkholderia cepacia	292	S	3842	7073	10915	0.00087
Burkholderia pyrrocinia	60550	S	2507	1246	3753	0.00030
Burkholderia contaminans	488447	S	2159	1322	3481	0.00028
Burkholderia stagnalis	1503054	S	2070	751	2821	0.00022
Burkholderia ambifaria	152480	S	2027	1583	3610	0.00029
Burkholderia anthina	179879	S	1834	1650	3484	0.00028
Burkholderia dolosa	152500	S	1795	14830	16625	0.00133
Burkholderia stabilis	95485	S	1643	1178	2821	0.00023
Burkholderia lata	482957	S	1640	1377	3017	0.00024
Burkholderia territorii	1503055	S	1446	662	2108	0.00017
Burkholderia seminalis	488731	S	1181	518	1699	0.00014
Burkholderia vietnamiensis	60552	S	1145	51157	52302	0.00417
Burkholderia metallica	488729	S	831	379	1210	0.00010
Burkholderia diffusa	488732	S	669	306	975	0.00008
Burkholderia pseudomultivorans	1207504	S	505	492	997	0.00008
Burkholderia aenigmatica	2015348	S	300	628	928	0.00007
Burkholderia latens	488446	S	286	516	802	0.00006
Burkholderia pseudomallei	28450	S	2664	19314	21978	0.00175
Burkholderia mayonis	1385591	S	2118	526	2644	0.00021
Burkholderia thailandensis	57975	S	1960	1919	3879	0.00031
Burkholderia oklahomensis	342113	S	1418	644	2062	0.00016
Burkholderia savannae	1637837	S	299	365	664	0.00005
Burkholderia sp. MSMB1588	1636423	S	120	228	348	0.00003
Burkholderia sp. MSMB617WGS	1637831	S	101	249	350	0.00003
Burkholderia mallei	13373	S	64	3948	4012	0.00032
Burkholderia sp. DHOD12	2571746	S	3462	449	3911	0.00031
Burkholderia sp. Bp7605	1740163	S	1987	324	2311	0.00018
Burkholderia sp. NRF60-BP8	1637853	S	672	335	1007	0.00008
Burkholderia sp. LA-2-3-30-S1-D2	1637862	S	636	336	972	0.00008
Burkholderia sp. MSMB0856	1637869	S	626	356	982	0.00008
Burkholderia sp. JP2-270	2217913	S	603	341	944	0.00008
Burkholderia sp. PAMC 26561	1795043	S	462	487	949	0.00008
Burkholderia sp. MS455	2811788	S	433	273	706	0.00006
Burkholderia sp. PAMC 28687	1795874	S	379	612	991	0.00008
Burkholderia sp. IDO3	1705310	S	277	364	641	0.00005
Burkholderia sp. KBS0801	1179675	S	126	216	342	0.00003
Burkholderia sp. LAS2	2813843	S	125	504	629	0.00005
Burkholderia sp. MBR-1	2732364	S	48	182	230	0.00002
Burkholderia sp. MS389	2811789	S	47	303	350	0.00003
Burkholderia sp. KJ006	416344	S	34	195	229	0.00002
Burkholderia sp. B21-007	2890407	S	22	744	766	0.00006
Burkholderia gladioli	28095	S	7259	2653	9912	0.00079
Burkholderia glumae	337	S	2776	1084	3860	0.00031
Burkholderia plantarii	41899	S	1980	739	2719	0.00022
Burkholderia perseverans	2615214	S	1662	661	2323	0.00019
Cupriavidus taiwanensis	164546	S	11365	10172	21537	0.00172
Cupriavidus pauculus	82633	S	9514	4744	14258	0.00114
Cupriavidus oxalaticus	96344	S	5082	2560	7642	0.00061
Cupriavidus necator	106590	S	4781	4988	9769	0.00078
Cupriavidus basilensis	68895	S	4773	3032	7805	0.00062
Cupriavidus sp. EM10	2839983	S	2043	1371	3414	0.00027
Cupriavidus sp. MP-37	2884455	S	1051	1191	2242	0.00018
Cupriavidus sp. KK10	1478019	S	383	1232	1615	0.00013
Cupriavidus sp. ISTL7	2771360	S	321	2241	2562	0.00020
Cupriavidus sp. USMAA2-4	876364	S	265	2023	2288	0.00018
Cupriavidus sp. USMAHM13	1389192	S	208	1572	1780	0.00014
Cupriavidus campinensis	151783	S	3842	1593	5435	0.00043
Cupriavidus metallidurans	119219	S	3057	2259	5316	0.00042
Cupriavidus pinatubonensis	248026	S	2622	525	3147	0.00025
Cupriavidus gilardii	82541	S	1176	6493	7669	0.00061
Cupriavidus neocaledonicus	1040979	S	952	1276	2228	0.00018
Cupriavidus nantongensis	1796606	S	857	2589	3446	0.00027
Cupriavidus malaysiensis	367825	S	257	1834	2091	0.00017
Paraburkholderia sp. SOS3	1926494	S	2628	437	3065	0.00024
Paraburkholderia sp. PGU16	2735433	S	1322	785	2107	0.00017
Paraburkholderia sp. PGU19	2735434	S	1077	984	2061	0.00016
Paraburkholderia pallida	2547399	S	3541	739	4280	0.00034
Paraburkholderia caribensis	75105	S	3097	2529	5626	0.00045
Paraburkholderia acidisoli	2571748	S	2939	614	3553	0.00028
Paraburkholderia aromaticivorans	2026199	S	2936	1420	4356	0.00035
Paraburkholderia tropica	92647	S	2808	724	3532	0.00028
Paraburkholderia acidiphila	2571747	S	2547	575	3122	0.00025
Paraburkholderia edwinii	2861782	S	2495	388	2883	0.00023
Paraburkholderia phymatum	148447	S	2326	652	2978	0.00024
Paraburkholderia phytofirmans	261302	S	2308	1090	3398	0.00027
Paraburkholderia terricola	169427	S	2286	766	3052	0.00024
Paraburkholderia atlantica	2654982	S	2149	590	2739	0.00022
Paraburkholderia sprentiae	948107	S	2033	501	2534	0.00020
Paraburkholderia phenoliruptrix	252970	S	1981	628	2609	0.00021
Paraburkholderia graminis	60548	S	1935	530	2465	0.00020
Paraburkholderia megapolitana	420953	S	1845	206	2051	0.00016
Paraburkholderia fungorum	134537	S	1786	464	2250	0.00018
Paraburkholderia terrae	311230	S	1633	1983	3616	0.00029
Paraburkholderia ginsengisoli	311231	S	1612	550	2162	0.00017
Paraburkholderia caledonica	134536	S	1599	325	1924	0.00015
Paraburkholderia hospita	169430	S	1425	1728	3153	0.00025
Paraburkholderia xenovorans	36873	S	1378	1961	3339	0.00027
Paraburkholderia caffeinilytica	1761016	S	1348	389	1737	0.00014
Paraburkholderia dokdonella	2211211	S	1304	399	1703	0.00014
Paraburkholderia dioscoreae	2604047	S	878	628	1506	0.00012
Ralstonia solanacearum	305	S	6448	15869	22317	0.00178
Ralstonia insidiosa	190721	S	1835	1593	3428	0.00027
Ralstonia mannitolilytica	105219	S	1612	2169	3781	0.00030
Ralstonia pickettii	329	S	1475	751	2226	0.00018
Ralstonia sp. 56D2	2842456	S	1325	242	1567	0.00013
blood disease bacterium A2-HR MARDI	1944648	S	11	608	619	0.00005
Ralstonia syzygii	28097	S	108	234	342	0.00003
Ralstonia pseudosolanacearum	1310165	S	49	1335	1384	0.00011
Pandoraea pnomenusa	93220	S	2650	1436	4086	0.00033
Pandoraea thiooxydans	445709	S	2230	220	2450	0.00020
Pandoraea pulmonicola	93221	S	2133	546	2679	0.00021
Pandoraea sp. XY-2	2518599	S	1545	943	2488	0.00020
Pandoraea vervacti	656178	S	1497	504	2001	0.00016
Pandoraea norimbergensis	93219	S	1456	270	1726	0.00014
Pandoraea faecigallinarum	656179	S	1428	443	1871	0.00015
Pandoraea apista	93218	S	1192	769	1961	0.00016
Pandoraea fibrosis	1891094	S	1180	449	1629	0.00013
Pandoraea oxalativorans	573737	S	1029	554	1583	0.00013
Pandoraea sputorum	93222	S	1020	513	1533	0.00012
Caballeronia sp. Lep1P3	2878150	S	2179	610	2789	0.00022
Caballeronia sp. TF1N1	2878153	S	1928	269	2197	0.00018
Caballeronia sp. SL2Y3	2878151	S	1109	722	1831	0.00015
Caballeronia sp. Sq4a	2878152	S	947	783	1730	0.00014
Caballeronia sp. M1242	2814653	S	926	746	1672	0.00013
Caballeronia sp. SBC2	2705547	S	105	984	1089	0.00009
Caballeronia sp. SBC1	2705548	S	91	1192	1283	0.00010
Caballeronia zhejiangensis	871203	S	2610	730	3340	0.00027
Caballeronia insecticola	758793	S	2235	562	2797	0.00022
Caballeronia grimmiae	1071679	S	1920	1158	3078	0.00025
Polynucleobacter sp. MWH-UH24A	2689110	S	65	4	69	0.00001
Polynucleobacter sp. AP-Nino-20-G2	2576917	S	55	15	70	0.00001
Polynucleobacter sp. MWH-P3-07-1	1743173	S	53	9	62	0.00000
Polynucleobacter sp. JS-JIR-II-50	2576919	S	43	23	66	0.00001
Polynucleobacter sp. AP-Ainpum-60-G11	2576926	S	42	12	54	0.00000
Polynucleobacter sp. MWH-Spelu-300-X4	2689109	S	41	2	43	0.00000
Polynucleobacter sp. MWH-Aus1W21	1855880	S	41	11	52	0.00000
Polynucleobacter sp. MWH-UH25E	1855616	S	38	8	46	0.00000
Polynucleobacter sp. MWH-UH35A	1855619	S	38	7	45	0.00000
Polynucleobacter sp. TSB-Sco08W16	1758374	S	37	6	43	0.00000
Polynucleobacter sp. VK25	1758398	S	37	10	47	0.00000
Polynucleobacter sp. MWH-CaK5	2689107	S	35	2	37	0.00000
Polynucleobacter sp. MWH-Braz-FAM2G	1855883	S	34	4	38	0.00000
Polynucleobacter sp. es-EL-1	1855652	S	34	6	40	0.00000
Polynucleobacter sp. MG-6-Vaara-E2	2576932	S	33	7	40	0.00000
Polynucleobacter sp. MWH-UH21B	1743174	S	33	7	40	0.00000
Polynucleobacter sp. es-MAR-2	1819725	S	32	8	40	0.00000
Polynucleobacter sp. AP-Sving-400A-A2	2081049	S	32	19	51	0.00000
Polynucleobacter sp. MWH-Svant-W18	1855909	S	31	7	38	0.00000
Polynucleobacter sp. AP-Titi-500A-B4	2576923	S	31	7	38	0.00000
Polynucleobacter sp. Adler-ghost	2770234	S	30	16	46	0.00000
Polynucleobacter sp. MWH-UH2A	1855617	S	30	7	37	0.00000
Polynucleobacter sp. AP-Kolm-20A-A1	2081041	S	29	20	49	0.00000
Polynucleobacter sp. JS-Mosq-20-D10	2576922	S	29	12	41	0.00000
Polynucleobacter sp. LimPoW16	1743162	S	28	1	29	0.00000
Polynucleobacter sp. MWH-S4W17	1855910	S	23	13	36	0.00000
Polynucleobacter sp. JS-JIR-II-b4	1758390	S	23	14	37	0.00000
Polynucleobacter sp. AP-Melu-1000-A1	2081042	S	22	10	32	0.00000
Polynucleobacter sp. JS-JIR-5-A7	1758395	S	20	60	80	0.00001
Polynucleobacter sp. MG-Unter2-18	2081052	S	18	15	33	0.00000
Polynucleobacter sp. AP-Elch-400A-B2	2576930	S	13	7	20	0.00000
Polynucleobacter sp. AP-Jannik-300A-C4	2576928	S	10	11	21	0.00000
Polynucleobacter necessarius	576610	S	219	45	264	0.00002
Polynucleobacter asymbioticus	576611	S	103	18	121	0.00001
Polynucleobacter difficilis	556054	S	88	8	96	0.00001
Polynucleobacter acidiphobus	556053	S	73	6	79	0.00001
Polynucleobacter paneuropaeus	2527775	S	44	6	50	0.00000
Polynucleobacter wuianus	1743168	S	29	10	39	0.00000
Polynucleobacter duraquae	1835254	S	17	13	30	0.00000
Lautropia mirabilis	47671	S	1859	416	2275	0.00018
Chitinimonas arctica	2594795	S	1263	125	1388	0.00011
Mycetohabitans rhizoxinica	412963	S	1252	104	1356	0.00011
Mycoavidus sp. HKI	2840467	S	159	13	172	0.00001
Mycoavidus sp. B2-EB	2651972	S	97	16	113	0.00001
Mycoavidus cysteinexigens	1553431	S	102	13	115	0.00001
Limnobacter sp. SAORIC-580	2732163	S	196	11	207	0.00002
Candidatus Vallotia cooleyia	1177211	S	48	6	54	0.00000
Candidatus Vallotia lariciata	2018052	S	47	13	60	0.00000
Candidatus Vallotia sp. (ex Adelges kitamiensis)	2864217	S	41	11	52	0.00000
Candidatus Vallotia tarda	1177213	S	39	6	45	0.00000
Ephemeroptericola cinctiostellae	2268024	S	120	9	129	0.00001
Variovorax sp. HW608	1034889	S	8175	1673	9848	0.00079
Variovorax sp. PBS-H4	434008	S	4268	3163	7431	0.00059
Variovorax sp. PBL-H6	434009	S	4032	4293	8325	0.00066
Variovorax sp. RA8	662548	S	3903	3537	7440	0.00059
Variovorax sp. WDL1	207745	S	3824	6945	10769	0.00086
Variovorax sp. PAMC 28711	1795631	S	3381	693	4074	0.00032
Variovorax sp. RKNM96	2681552	S	3148	1362	4510	0.00036
Variovorax sp. PAMC26660	2762322	S	2639	762	3401	0.00027
Variovorax sp. PAMC28562	2762323	S	2521	263	2784	0.00022
Variovorax sp. SRS16	282217	S	2177	5134	7311	0.00058
Variovorax sp. 38R	2774875	S	1787	2534	4321	0.00034
Variovorax sp. PBL-E5	434014	S	1734	4743	6477	0.00052
Variovorax sp. PDNC026	2811425	S	88	3391	3479	0.00028
Variovorax sp. PMC12	2126319	S	24	1188	1212	0.00010
Variovorax paradoxus	34073	S	16114	16827	32941	0.00263
Variovorax boronicumulans	436515	S	2366	1953	4319	0.00034
Hydrogenophaga sp. BA0156	2716225	S	4348	3738	8086	0.00064
Hydrogenophaga sp. YM1	2806262	S	3777	2327	6104	0.00049
Hydrogenophaga sp. PBC	795665	S	3501	4927	8428	0.00067
Hydrogenophaga sp. BPS33	2651974	S	3422	3228	6650	0.00053
Hydrogenophaga sp. SL48	2806347	S	2704	790	3494	0.00028
Hydrogenophaga sp. RAC07	1842537	S	2184	868	3052	0.00024
Hydrogenophaga sp. PBL-H3	434010	S	2091	2282	4373	0.00035
Hydrogenophaga sp. PAMC20947	2565558	S	1094	90	1184	0.00009
Hydrogenophaga sp. NH-16	2184519	S	1081	2676	3757	0.00030
Hydrogenophaga taeniospiralis	65656	S	2249	831	3080	0.00025
Hydrogenophaga pseudoflava	47421	S	1109	2105	3214	0.00026
Hydrogenophaga crassostreae	1763535	S	1071	83	1154	0.00009
Acidovorax sp. YS12	2738413	S	2307	2448	4755	0.00038
Acidovorax sp. RAC01	1842533	S	1436	1431	2867	0.00023
Acidovorax sp. KKS102	358220	S	1401	1229	2630	0.00021
Acidovorax sp. JMULE5	2518343	S	1275	425	1700	0.00014
Acidovorax sp. HDW3	2714923	S	1264	1120	2384	0.00019
Acidovorax sp. 1608163	2478662	S	1061	273	1334	0.00011
Acidovorax sp. T1	1858609	S	785	3520	4305	0.00034
Acidovorax avenae	80867	S	4911	3727	8638	0.00069
Acidovorax monticola	1926868	S	2826	1372	4198	0.00033
Acidovorax antarcticus	2743470	S	2673	2531	5204	0.00042
Acidovorax carolinensis	553814	S	1635	1620	3255	0.00026
Acidovorax citrulli	80869	S	1480	1650	3130	0.00025
Acidovorax cattleyae	80868	S	1210	1019	2229	0.00018
Acidovorax radicis	758826	S	1019	256	1275	0.00010
Ramlibacter tataouinensis	94132	S	24390	11910	36300	0.00289
Comamonas sp. NLF-7-7	2597701	S	1906	1803	3709	0.00030
Comamonas sp. NLF-1-9	2853163	S	1534	1106	2640	0.00021
Comamonas sp. B21-038	2918299	S	929	276	1205	0.00010
Comamonas sp. Y33R10-2	2853257	S	314	73	387	0.00003
Comamonas serinivorans	1082851	S	2332	813	3145	0.00025
Comamonas aquatica	225991	S	2105	2538	4643	0.00037
Comamonas testosteroni	285	S	1340	2266	3606	0.00029
Comamonas odontotermitis	379895	S	872	213	1085	0.00009
Comamonas koreensis	160825	S	845	628	1473	0.00012
Comamonas piscis	1562974	S	675	159	834	0.00007
Comamonas thiooxydans	363952	S	650	1626	2276	0.00018
Comamonas fluminis	2796366	S	467	249	716	0.00006
Comamonas kerstersii	225992	S	456	305	761	0.00006
Rhodoferax sp. BAB1	2741720	S	2785	941	3726	0.00030
Rhodoferax sp. AJA081-3	2752316	S	853	74	927	0.00007
Rhodoferax sp. PAMC 29310	2822760	S	625	86	711	0.00006
Rhodoferax sp. MIZ03	2798804	S	481	62	543	0.00004
Rhodoferax koreense	1842727	S	4161	2687	6848	0.00055
Rhodoferax sediminis	2509614	S	3375	633	4008	0.00032
Rhodoferax ferrireducens	192843	S	1323	108	1431	0.00011
Rhodoferax saidenbachensis	1484693	S	965	127	1092	0.00009
Rhodoferax antarcticus	81479	S	655	62	717	0.00006
Rhodoferax aquaticus	2527691	S	374	46	420	0.00003
Schlegelella thermodepolymerans	215580	S	8650	5231	13881	0.00111
Schlegelella brevitalea	413882	S	6252	1123	7375	0.00059
Diaphorobacter sp. HDW4A	2714924	S	1593	1884	3477	0.00028
Diaphorobacter sp. HDW4B	2714925	S	1435	222	1657	0.00013
Diaphorobacter sp. MNS-0	2866628	S	202	1896	2098	0.00017
Diaphorobacter sp. JS3051	2792224	S	166	3150	3316	0.00026
Diaphorobacter sp. JS3050	2735554	S	146	1819	1965	0.00016
Diaphorobacter ruginosibacter	1715720	S	2056	460	2516	0.00020
Diaphorobacter aerolatus	1288495	S	1595	3056	4651	0.00037
Diaphorobacter nitroreducens	164759	S	303	895	1198	0.00010
[Acidovorax] ebreus	721785	S	235	1570	1805	0.00014
Delftia tsuruhatensis	180282	S	1844	5988	7832	0.00062
Delftia acidovorans	80866	S	1378	2990	4368	0.00035
Delftia lacustris	558537	S	559	3774	4333	0.00035
Delftia sp. Cs1-4	742013	S	193	508	701	0.00006
Delftia sp. HK171	1920191	S	99	302	401	0.00003
Polaromonas sp. JS666	296591	S	2824	2545	5369	0.00043
Polaromonas naphthalenivorans	216465	S	2013	384	2397	0.00019
Polaromonas vacuolata	37448	S	279	36	315	0.00003
Kinneretia sp. DAIF2	2714952	S	5217	2356	7573	0.00060
Kinneretia sp. XES5	2877940	S	1494	2303	3797	0.00030
Ottowia sp. 27C	2816950	S	2582	611	3193	0.00025
Ottowia sp. oral taxon 894	1658672	S	980	178	1158	0.00009
Ottowia oryzae	2109914	S	1898	498	2396	0.00019
Alicycliphilus denitrificans	179636	S	4905	9710	14615	0.00117
Melaminivora sp. SC2-9	2109913	S	2265	3194	5459	0.00044
Melaminivora jejuensis	1267217	S	1602	1495	3097	0.00025
Serpentinimonas maccroryi	1458426	S	1507	596	2103	0.00017
Serpentinimonas raichei	1458425	S	1177	517	1694	0.00014
Verminephrobacter eiseniae	364317	S	2176	324	2500	0.00020
Hylemonella gracilis	80880	S	2149	379	2528	0.00020
Pulveribacter suum	2116657	S	1845	1153	2998	0.00024
Simplicispira suum	2109915	S	1508	682	2190	0.00017
Limnohabitans sp. 63ED37-2	1678128	S	675	91	766	0.00006
Limnohabitans sp. 103DPR2	1678129	S	266	25	291	0.00002
Candidatus Symbiobacter mobilis	1436290	S	695	30	725	0.00006
Curvibacter sp. AEP1-3	1844971	S	643	56	699	0.00006
Massilia sp. WG5	1707785	S	4539	2422	6961	0.00056
Massilia sp. HC52	2852099	S	3325	1120	4445	0.00035
Massilia sp. LPB0304	2769491	S	3320	1016	4336	0.00035
Massilia sp. DM-R-R2A-13	2899220	S	2952	814	3766	0.00030
Massilia sp. YMA4	1593482	S	2509	1544	4053	0.00032
Massilia sp. NP310	2861282	S	2353	1842	4195	0.00033
Massilia sp. PAMC28688	2861283	S	1863	344	2207	0.00018
Massilia sp. MB5	2919578	S	358	1409	1767	0.00014
Massilia sp. NR 4-1	1678028	S	343	1305	1648	0.00013
Massilia sp. Dwa41.01b	2709302	S	45	1803	1848	0.00015
Massilia sp. Se16.2.3	2709303	S	38	1537	1575	0.00013
Massilia putida	1141883	S	5310	2050	7360	0.00059
Massilia violaceinigra	2045208	S	4517	1511	6028	0.00048
Massilia flava	871742	S	4367	1289	5656	0.00045
Massilia lutea	321985	S	2702	987	3689	0.00029
Massilia albidiflava	321983	S	2672	1264	3936	0.00031
Massilia umbonata	864828	S	2628	1255	3883	0.00031
Massilia plicata	321984	S	2493	785	3278	0.00026
Massilia armeniaca	2072590	S	2431	1511	3942	0.00031
Massilia oculi	945844	S	2100	1580	3680	0.00029
Massilia antarctica	2765360	S	2047	898	2945	0.00023
Duganella sp. GN2-R2	2728020	S	3640	1849	5489	0.00044
Duganella sp. AF9R3	2728021	S	2104	526	2630	0.00021
Herbaspirillum robiniae	2014887	S	2555	1151	3706	0.00030
Herbaspirillum frisingense	92645	S	1668	637	2305	0.00018
Herbaspirillum hiltneri	341045	S	1647	341	1988	0.00016
Herbaspirillum seropedicae	964	S	1563	684	2247	0.00018
Herbaspirillum rubrisubalbicans	80842	S	1412	760	2172	0.00017
Herbaspirillum huttiense	863372	S	1031	503	1534	0.00012
Herbaspirillum sp. meg3	2025949	S	917	129	1046	0.00008
Janthinobacterium sp. 17J80-10	2497863	S	1507	273	1780	0.00014
Janthinobacterium sp. 1_2014MBL_MicDiv	1644131	S	1438	580	2018	0.00016
Janthinobacterium sp. LM6	1938606	S	647	422	1069	0.00009
Janthinobacterium sp. PAMC25594	2861284	S	463	303	766	0.00006
Janthinobacterium sp. Marseille	375286	S	445	134	579	0.00005
Janthinobacterium sp. HH102	1537274	S	306	512	818	0.00007
Janthinobacterium sp. B9-8	1236179	S	151	55	206	0.00002
Janthinobacterium agaricidamnosum	55508	S	2022	3458	5480	0.00044
Janthinobacterium lividum	29581	S	467	512	979	0.00008
Janthinobacterium tructae	2590869	S	435	249	684	0.00005
Janthinobacterium svalbardensis	368607	S	392	218	610	0.00005
Collimonas fungivorans	158899	S	1963	612	2575	0.00021
Collimonas arenae	279058	S	1467	213	1680	0.00013
Collimonas pratensis	279113	S	1377	308	1685	0.00013
Noviherbaspirillum sp. UKPF54	2601898	S	3648	760	4408	0.00035
Undibacterium sp. YM2	2058625	S	209	68	277	0.00002
Undibacterium sp. KW1	2058624	S	198	64	262	0.00002
Undibacterium parvum	401471	S	235	37	272	0.00002
Herminiimonas arsenitoxidans	1809410	S	309	55	364	0.00003
Glaciimonas sp. PAMC28666	2807626	S	279	21	300	0.00002
Oxalobacter formigenes	847	S	202	23	225	0.00002
Achromobacter xylosoxidans	85698	S	7019	14269	21288	0.00170
Achromobacter sp. AONIH1	1758194	S	2446	3882	6328	0.00050
Achromobacter sp. MFA1 R4	1881016	S	1949	709	2658	0.00021
Achromobacter sp. 77	2756133	S	325	917	1242	0.00010
Achromobacter sp. B7	2282475	S	266	703	969	0.00008
Achromobacter sp. ES-001	2860286	S	260	962	1222	0.00010
Achromobacter spanius	217203	S	3708	1853	5561	0.00044
Achromobacter denitrificans	32002	S	3462	3038	6500	0.00052
Achromobacter deleyi	1353891	S	2524	2121	4645	0.00037
Achromobacter insolitus	217204	S	1736	592	2328	0.00019
Achromobacter pestifer	1353889	S	1367	1140	2507	0.00020
Achromobacter mucicolens	1389922	S	469	812	1281	0.00010
Achromobacter ruhlandii	72557	S	21	1083	1104	0.00009
Bordetella sp. H567	1697043	S	2809	424	3233	0.00026
Bordetella sp. N	1746199	S	2340	340	2680	0.00021
Bordetella bronchialis	463025	S	3211	546	3757	0.00030
Bordetella genomosp. 13	463040	S	3024	2703	5727	0.00046
Bordetella genomosp. 8	1416806	S	2822	427	3249	0.00026
Bordetella genomosp. 9	1416803	S	2653	856	3509	0.00028
Bordetella flabilis	463014	S	2615	282	2897	0.00023
Bordetella hinzii	103855	S	2128	1170	3298	0.00026
Bordetella petrii	94624	S	2064	3523	5587	0.00045
Bordetella trematum	123899	S	1622	874	2496	0.00020
Bordetella pseudohinzii	1331258	S	1283	731	2014	0.00016
Bordetella bronchiseptica	518	S	1191	5967	7158	0.00057
Bordetella holmesii	35814	S	806	329	1135	0.00009
Bordetella avium	521	S	697	114	811	0.00006
Bordetella genomosp. 6	463024	S	380	929	1309	0.00010
Bordetella pertussis	520	S	230	2945	3175	0.00025
Bordetella parapertussis	519	S	141	2026	2167	0.00017
Pigmentiphaga sp. H8	2488560	S	4767	781	5548	0.00044
Pigmentiphaga aceris	1940612	S	1258	110	1368	0.00011
Orrella dioscoreae	1851544	S	2254	1015	3269	0.00026
Orrella marina	2163011	S	338	74	412	0.00003
Orrella sp. f23	2782176	S	163	12	175	0.00001
Castellaniella defragrans	75697	S	2747	2337	5084	0.00041
Alcaligenes faecalis	511	S	578	530	1108	0.00009
Alcaligenes sp. SORT26	2813780	S	160	32	192	0.00002
Alcaligenes sp. DN25	1367435	S	47	104	151	0.00001
Alcaligenes aquatilis	323284	S	109	411	520	0.00004
Alcaligenes ammonioxydans	2582914	S	15	167	182	0.00001
Pusillimonas thiosulfatoxidans	2028345	S	683	226	909	0.00007
Pusillimonas sp. T7-7	1007105	S	427	83	510	0.00004
Pusillimonas sp. DMV24BSW_D	2716226	S	233	20	253	0.00002
Paralcaligenes sp. KSB-10	2901142	S	811	42	853	0.00007
Kerstersia gyiorum	206506	S	708	190	898	0.00007
Advenella kashmirensis	310575	S	312	26	338	0.00003
Advenella mimigardefordensis	302406	S	301	25	326	0.00003
Oligella urethralis	90245	S	68	5	73	0.00001
Oligella ureolytica	90244	S	49	40	89	0.00001
Paenalcaligenes hominis	643674	S	66	4	70	0.00001
Taylorella asinigenitalis	84590	S	18	5	23	0.00000
Taylorella equigenitalis	29575	S	17	3	20	0.00000
Pelistega ratti	2652177	S	21	4	25	0.00000
Basilea psittacipulmonis	1472345	S	17	1	18	0.00000
Rhizobacter sp. AJA081-3	2753607	S	7773	2589	10362	0.00083
Rhizobacter gummiphilus	946333	S	6839	1766	8605	0.00069
Sphaerotilus sp. FB-5	2914710	S	4639	3740	8379	0.00067
Sphaerotilus natans	34103	S	4101	2090	6191	0.00049
Methylibium sp. Pch-M	2082386	S	2493	2551	5044	0.00040
Methylibium petroleiphilum	105560	S	2440	2766	5206	0.00042
Rubrivivax gelatinosus	28068	S	7249	2956	10205	0.00081
Aquincola tertiaricarbonis	391953	S	6056	2732	8788	0.00070
Thiomonas sp. X19	1050370	S	2329	898	3227	0.00026
Thiomonas intermedia	926	S	1538	253	1791	0.00014
Thiomonas arsenitoxydans	426114	S	546	977	1523	0.00012
Mitsuaria sp. 7	1658665	S	5237	1359	6596	0.00053
Leptothrix cholodnii	34029	S	5047	2101	7148	0.00057
Xylophilus rhododendri	2697032	S	3397	1305	4702	0.00038
Ideonella dechloratans	36863	S	3069	2421	5490	0.00044
Tepidimonas taiwanensis	307486	S	3000	1404	4404	0.00035
Aquabacterium olei	1296669	S	2365	820	3185	0.00025
Roseateles depolymerans	76731	S	2191	548	2739	0.00022
Inhella inkyongensis	392593	S	1575	328	1903	0.00015
Paucibacter sp. KCTC 42545	1768242	S	1257	282	1539	0.00012
Candidatus Ichthyocystis hellenicum	1561003	S	28	0	28	0.00000
Sutterella megalosphaeroides	2494234	S	948	216	1164	0.00009
Sutterella faecalis	2584944	S	663	126	789	0.00006
Sutterella wadsworthensis	40545	S	332	54	386	0.00003
Turicimonas muris	1796652	S	134	13	147	0.00001
Thauera sp. MZ1T	85643	S	4168	5176	9344	0.00075
Thauera sp. K11	2005884	S	3893	2868	6761	0.00054
Thauera humireducens	1134435	S	2549	1826	4375	0.00035
Thauera chlorobenzoica	96773	S	2017	2155	4172	0.00033
Thauera aromatica	59405	S	1825	3028	4853	0.00039
Thauera hydrothermalis	2184083	S	1138	409	1547	0.00012
Azoarcus sp. KH32C	748247	S	4505	1009	5514	0.00044
Azoarcus sp. DD4	2027405	S	3138	2423	5561	0.00044
Azoarcus olearius	418699	S	3630	1595	5225	0.00042
Azoarcus communis	41977	S	2632	1244	3876	0.00031
Nitrogeniibacter mangrovi	2016596	S	3191	825	4016	0.00032
Nitrogeniibacter aestuarii	2815343	S	1450	193	1643	0.00013
Aromatoleum petrolei	76116	S	4114	1223	5337	0.00043
Aromatoleum aromaticum	551760	S	3317	2745	6062	0.00048
Aromatoleum pumilum	2067960	S	2891	1322	4213	0.00034
Aromatoleum bremense	76115	S	2822	1892	4714	0.00038
Azospira restricta	404405	S	7161	4499	11660	0.00093
Azospira inquinata	2785627	S	509	53	562	0.00004
Azospira sp. I09	1765049	S	437	1454	1891	0.00015
Azospira oryzae	146939	S	421	1125	1546	0.00012
Niveibacterium microcysteis	2811415	S	2521	450	2971	0.00024
Oryzomicrobium terrae	1735038	S	1860	589	2449	0.00020
Rugosibacter aromaticivorans	1565605	S	508	110	618	0.00005
Dechloromonas denitrificans	281362	S	2519	711	3230	0.00026
Dechloromonas sp. HYN0024	2231055	S	705	161	866	0.00007
Dechloromonas sp. TW-R-39-2	2654218	S	445	215	660	0.00005
Ferribacterium limneticum	76259	S	3385	664	4049	0.00032
Quatrionicoccus australiensis	138118	S	1620	550	2170	0.00017
Fluviibacter phosphoraccumulans	1751046	S	261	109	370	0.00003
Usitatibacter rugosus	2732067	S	16444	2285	18729	0.00149
Usitatibacter palustris	2732487	S	13030	1924	14954	0.00119
Denitratisoma sp. DHT3	1981880	S	2488	2325	4813	0.00038
Denitratisoma oestradiolicum	311182	S	1314	274	1588	0.00013
Sulfuritalea hydrogenivorans	748811	S	3311	626	3937	0.00031
Methyloversatilis sp. RAC08	1842540	S	2593	442	3035	0.00024
Sterolibacterium denitrificans	157592	S	2064	724	2788	0.00022
Thiobacillus denitrificans	36861	S	3979	969	4948	0.00039
Sulfuritortus calidifontis	1914471	S	2721	1474	4195	0.00033
Sideroxydans sp. MIZ01	2764705	S	1532	374	1906	0.00015
Sideroxydans lithotrophicus	63745	S	1134	201	1335	0.00011
Ferrigenium kumadai	1682490	S	1896	476	2372	0.00019
Ferriphaselus amnicola	1188319	S	595	96	691	0.00006
Candidatus Nitrotoga arctica	453162	S	228	79	307	0.00002
Candidatus Nitrotoga sp. AM1P	2559597	S	147	54	201	0.00002
Gallionella capsiferriformans	370405	S	412	45	457	0.00004
Nitrosomonas communis	44574	S	2314	73	2387	0.00019
Nitrosomonas ureae	44577	S	319	13	332	0.00003
Nitrosomonas europaea	915	S	203	36	239	0.00002
Nitrosomonas eutropha	916	S	141	97	238	0.00002
Nitrosomonas stercoris	1444684	S	63	43	106	0.00001
Nitrosospira multiformis	1231	S	1133	46	1179	0.00009
Nitrosospira lacus	1288494	S	711	31	742	0.00006
Nitrosospira briensis	35799	S	261	205	466	0.00004
Nitrosospira sp. NRS527	155925	S	256	187	443	0.00004
Sulfurimicrobium lacus	2715678	S	2042	319	2361	0.00019
Sulfuriferula plumbiphila	171865	S	1188	263	1451	0.00012
Sulfuriferula sp. AH1	1985873	S	629	159	788	0.00006
Sulfuriferula nivalis	2675298	S	110	11	121	0.00001
Sulfuricella denitrificans	649841	S	1058	117	1175	0.00009
Methylovorus sp. MP688	887061	S	176	158	334	0.00003
Methylovorus glucosotrophus	266009	S	160	130	290	0.00002
Methylobacillus flagellatus	405	S	506	153	659	0.00005
Methylophilus sp. TWE2	1662285	S	268	23	291	0.00002
Methylophilus medardicus	2588534	S	105	11	116	0.00001
Methylotenera mobilis	359408	S	121	13	134	0.00001
Methylotenera versatilis	1055487	S	57	6	63	0.00001
Candidatus Methylopumilus turicensis	1581680	S	54	8	62	0.00000
Candidatus Methylopumilus universalis	2588536	S	43	18	61	0.00000
Candidatus Methylopumilus planktonicus	1581557	S	18	8	26	0.00000
Candidatus Methylopumilus rimovensis	2588535	S	13	2	15	0.00000
Methyloradius palustris	2778876	S	111	10	121	0.00001
Chromobacterium sp. ATCC 53434	2059672	S	1570	656	2226	0.00018
Chromobacterium sp. Rain0013	2292447	S	288	393	681	0.00005
Chromobacterium sp. Beijing	2735795	S	240	748	988	0.00008
Chromobacterium vaccinii	1108595	S	1589	811	2400	0.00019
Chromobacterium violaceum	536	S	1545	1077	2622	0.00021
Chromobacterium phragmitis	2202141	S	1059	549	1608	0.00013
Chromobacterium paludis	2605945	S	859	403	1262	0.00010
Chromobacterium rhizoryzae	1778675	S	256	1470	1726	0.00014
Chromobacterium haemolyticum	394935	S	142	1012	1154	0.00009
Iodobacter ciconiae	2496266	S	111	35	146	0.00001
Iodobacter fluviatilis	537	S	83	30	113	0.00001
Jeongeupia sp. USM3	1906741	S	2610	821	3431	0.00027
Jeongeupia sp. HS-3	1009682	S	1047	243	1290	0.00010
Paludibacterium paludis	1225769	S	1171	282	1453	0.00012
Paludibacterium yongneupense	400061	S	1131	195	1326	0.00011
Paludibacterium sp. B53371	2806263	S	784	197	981	0.00008
Pseudogulbenkiania sp. NH8B	748280	S	2217	906	3123	0.00025
Vogesella sp. LIG4	1192162	S	1354	428	1782	0.00014
Vogesella sp. XCS3	2877939	S	603	198	801	0.00006
Aquitalea aquatilis	1537400	S	410	144	554	0.00004
Aquitalea magnusonii	332411	S	288	167	455	0.00004
Aquitalea sp. USM4	1590041	S	285	159	444	0.00004
Aquitalea denitrificans	519081	S	256	135	391	0.00003
Microvirgula aerodenitrificans	57480	S	1494	349	1843	0.00015
Laribacter hongkongensis	168471	S	1199	1330	2529	0.00020
Aquaspirillum sp. LM1	1938604	S	710	129	839	0.00007
Chitinibacter bivalviorum	2739434	S	158	149	307	0.00002
Chitinibacter fontanus	1737446	S	134	23	157	0.00001
Deefgea sp. D25	2865840	S	91	15	106	0.00001
Deefgea sp. D17	2739061	S	70	28	98	0.00001
Deefgea sp. D13	2864875	S	65	22	87	0.00001
Neisseria sp. KEM232	655307	S	297	55	352	0.00003
Neisseria sp. oral taxon 014	641148	S	158	86	244	0.00002
Neisseria sp. ZJ785	2709396	S	89	13	102	0.00001
Neisseria sp. Dent CA1/247	2912675	S	50	31	81	0.00001
Neisseria bacilliformis	267212	S	353	103	456	0.00004
Neisseria shayeganii	607712	S	306	55	361	0.00003
Neisseria elongata	495	S	283	175	458	0.00004
Neisseria meningitidis	487	S	231	788	1019	0.00008
Neisseria chenwenguii	1853278	S	227	34	261	0.00002
Neisseria dentiae	194197	S	209	31	240	0.00002
Neisseria musculi	1815583	S	187	21	208	0.00002
Neisseria animalis	492	S	129	23	152	0.00001
Neisseria lactamica	486	S	126	192	318	0.00003
Neisseria gonorrhoeae	485	S	106	227	333	0.00003
Neisseria brasiliensis	2666100	S	103	121	224	0.00002
Neisseria animaloris	326522	S	96	27	123	0.00001
Neisseria weaveri	28091	S	95	48	143	0.00001
Neisseria sicca	490	S	87	221	308	0.00002
Neisseria weixii	1853276	S	76	11	87	0.00001
Neisseria dumasiana	1931275	S	70	38	108	0.00001
Neisseria zalophi	640030	S	63	8	71	0.00001
Neisseria mucosa	488	S	60	160	220	0.00002
Neisseria arctica	1470200	S	55	6	61	0.00000
Neisseria wadsworthii	607711	S	54	14	68	0.00001
Neisseria zoodegmatis	326523	S	50	44	94	0.00001
Neisseria canis	493	S	48	15	63	0.00001
Neisseria cinerea	483	S	32	24	56	0.00000
Neisseria flavescens	484	S	23	23	46	0.00000
Neisseria macacae	496	S	21	56	77	0.00001
Neisseria subflava	28449	S	17	17	34	0.00000
Crenobacter cavernae	2290923	S	2806	1132	3938	0.00031
Chitinolyticbacter meiyuanensis	682798	S	1884	286	2170	0.00017
Vitreoscilla filiformis	63	S	750	175	925	0.00007
Vitreoscilla massiliensis	1689272	S	96	52	148	0.00001
Kingella potus	265175	S	243	39	282	0.00002
Kingella denitrificans	502	S	165	126	291	0.00002
Kingella oralis	505	S	145	27	172	0.00001
Kingella kingae	504	S	65	12	77	0.00001
Eikenella corrodens	539	S	328	238	566	0.00005
Eikenella exigua	2528037	S	71	53	124	0.00001
Uruburuella suis	252130	S	291	53	344	0.00003
Uruburuella testudinis	1282863	S	184	41	225	0.00002
Paralysiella testudinis	2809020	S	180	47	227	0.00002
Alysiella crassa	153491	S	63	22	85	0.00001
Alysiella filiformis	194196	S	59	21	80	0.00001
Conchiformibius steedae	153493	S	80	15	95	0.00001
Neisseriaceae bacterium CCUG 44465	2917790	S	78	15	93	0.00001
Aquella oligotrophica	2067065	S	52	2	54	0.00000
Snodgrassella alvi	1196083	S	46	17	63	0.00001
Morococcus cerebrosus	1056807	S	33	200	233	0.00002
Simonsiella muelleri	72	S	23	4	27	0.00000
Casimicrobium huifangae	2591109	S	2135	1244	3379	0.00027
Candidatus Kinetoplastibacterium crithidii	33056	S	12	0	12	0.00000
Lysobacter sp. KIS68-7	2904252	S	7109	1614	8723	0.00070
Lysobacter sp. TY2-98	2290922	S	5626	1055	6681	0.00053
Lysobacter sp. S4-A87	2925843	S	4122	1541	5663	0.00045
Lysobacter sp. 5GHs7-4	2904253	S	4053	1426	5479	0.00044
Lysobacter sp. CECT 30171	2822368	S	3681	1040	4721	0.00038
Lysobacter sp. CW239	2762611	S	2645	1687	4332	0.00035
Lysobacter sp. K5869	2820808	S	2425	1298	3723	0.00030
Lysobacter sp. H21R4	2781021	S	709	1474	2183	0.00017
Lysobacter sp. CJ11	2764185	S	645	61	706	0.00006
Lysobacter sp. HDW10	2714936	S	403	130	533	0.00004
Lysobacter sp. H23M47	2781024	S	399	2092	2491	0.00020
Lysobacter soli	453783	S	27167	6626	33793	0.00269
Lysobacter enzymogenes	69	S	9916	4115	14031	0.00112
Lysobacter solisilvae (ex Woo and Kim 2022)	2865112	S	6768	2346	9114	0.00073
Lysobacter capsici	435897	S	6014	6832	12846	0.00102
Lysobacter solisilvae (ex Kim et al. 2021)	2763317	S	5488	1305	6793	0.00054
Lysobacter lycopersici	1324796	S	4815	1223	6038	0.00048
Lysobacter arenosi	2795387	S	4107	1515	5622	0.00045
Lysobacter antibioticus	84531	S	3828	922	4750	0.00038
Lysobacter maris	1605891	S	3807	1085	4892	0.00039
Lysobacter alkalisoli	2591633	S	2966	629	3595	0.00029
Lysobacter oculi	2698682	S	2778	903	3681	0.00029
Lysobacter ciconiae	2781022	S	635	1242	1877	0.00015
Lysobacter gummosus	262324	S	498	4386	4884	0.00039
Lysobacter avium	2781023	S	370	1782	2152	0.00017
Stenotrophomonas maltophilia	40324	S	10558	16402	26960	0.00215
Stenotrophomonas sp. ESTM1D_MKCIP4_1	2072414	S	558	248	806	0.00006
Stenotrophomonas sp. SAU14A_NAIMI4_5	2072413	S	540	362	902	0.00007
Stenotrophomonas sp. ZAC14D2_NAIMI4_7	2072405	S	284	314	598	0.00005
Stenotrophomonas sp. ZAC14A_NAIMI4_1	2072412	S	244	465	709	0.00006
Stenotrophomonas sp. YAU14D1_LEIMI4_1	2072407	S	197	344	541	0.00004
Stenotrophomonas sp. ZAC14D2_NAIMI4_6	2072406	S	194	384	578	0.00005
Stenotrophomonas sp. SAU14A_NAIMI4_8	2072409	S	79	448	527	0.00004
Stenotrophomonas sp. YAU14A_MKIMI4_1	2072408	S	72	408	480	0.00004
Stenotrophomonas sp. LM091	1904944	S	1220	543	1763	0.00014
Stenotrophomonas sp. 169	2770322	S	1102	212	1314	0.00010
Stenotrophomonas sp. 364	2691571	S	796	343	1139	0.00009
Stenotrophomonas sp. NA06056	2742129	S	408	220	628	0.00005
Stenotrophomonas sp. WZN-1	2005046	S	217	278	495	0.00004
Stenotrophomonas sp. DR822	2871174	S	142	251	393	0.00003
Stenotrophomonas sp. Pemsol	2040586	S	93	303	396	0.00003
Stenotrophomonas sp. pho	2211160	S	74	380	454	0.00004
Stenotrophomonas sp. MYb57	1827305	S	71	321	392	0.00003
Stenotrophomonas sp. ASS1	2282124	S	59	287	346	0.00003
Stenotrophomonas sp. SI-NJAU-1	2886359	S	57	274	331	0.00003
Stenotrophomonas sp. CW117	2775920	S	45	1112	1157	0.00009
Stenotrophomonas sp. G4	2303750	S	44	205	249	0.00002
Stenotrophomonas sp. NY11291	2939415	S	43	526	569	0.00005
Stenotrophomonas sp. SXG-1	2682487	S	28	339	367	0.00003
Stenotrophomonas rhizophila	216778	S	3648	1239	4887	0.00039
Stenotrophomonas acidaminiphila	128780	S	2224	5837	8061	0.00064
Stenotrophomonas indicatrix	2045451	S	146	608	754	0.00006
Xanthomonas translucens	343	S	3700	5569	9269	0.00074
Xanthomonas campestris	339	S	2876	2748	5624	0.00045
Xanthomonas sacchari	56458	S	2047	833	2880	0.00023
Xanthomonas sp. GW	2724121	S	370	557	927	0.00007
Xanthomonas sp. SS	2724122	S	347	604	951	0.00008
Xanthomonas sp. SI	2724123	S	332	583	915	0.00007
Xanthomonas sp. MLO165	2081477	S	107	151	258	0.00002
Xanthomonas arboricola	56448	S	1671	1906	3577	0.00029
Xanthomonas theicola	56464	S	1349	515	1864	0.00015
Xanthomonas oryzae	347	S	1348	734	2082	0.00017
Xanthomonas citri	346	S	1053	14434	15487	0.00124
Xanthomonas hyacinthi	56455	S	970	678	1648	0.00013
Xanthomonas albilineans	29447	S	893	152	1045	0.00008
Xanthomonas vesicatoria	56460	S	849	543	1392	0.00011
Xanthomonas hortorum	56454	S	832	663	1495	0.00012
Xanthomonas fragariae	48664	S	795	189	984	0.00008
Xanthomonas cucurbitae	56453	S	738	153	891	0.00007
Xanthomonas vasicola	56459	S	600	222	822	0.00007
Xanthomonas cassavae	56450	S	572	156	728	0.00006
Xanthomonas euroxanthea	2259622	S	440	496	936	0.00007
Xanthomonas hydrangeae	2775159	S	379	137	516	0.00004
Xanthomonas axonopodis	53413	S	354	753	1107	0.00009
Xanthomonas phaseoli	1985254	S	278	794	1072	0.00009
Xanthomonas euvesicatoria	456327	S	226	1370	1596	0.00013
Xanthomonas perforans	442694	S	61	329	390	0.00003
Luteimonas sp. MC1750	2799326	S	2952	1276	4228	0.00034
Luteimonas sp. S4-F44	2925842	S	2699	621	3320	0.00026
Luteimonas sp. JM171	1896164	S	2388	576	2964	0.00024
Luteimonas sp. MC1572	2799325	S	2387	1341	3728	0.00030
Luteimonas sp. YGD11-2	2508168	S	2374	1176	3550	0.00028
Luteimonas sp. D4P002	2901869	S	2341	724	3065	0.00024
Luteimonas sp. MC1825	2761107	S	2239	1291	3530	0.00028
Luteimonas granuli	1176533	S	3042	1237	4279	0.00034
Luteimonas yindakuii	2565782	S	2229	991	3220	0.00026
Luteimonas chenhongjianii	2006110	S	2155	544	2699	0.00022
Pseudoxanthomonas suwonensis	314722	S	5692	3511	9203	0.00073
Pseudoxanthomonas mexicana	128785	S	3196	5526	8722	0.00070
Pseudoxanthomonas sp. X-1	2571115	S	2572	2754	5326	0.00042
Pseudoxanthomonas daejeonensis	266062	S	2176	666	2842	0.00023
Pseudoxanthomonas spadix	415229	S	1639	731	2370	0.00019
Thermomonas sp. XSG	2771436	S	2162	1120	3282	0.00026
Thermomonas sp. HDW16	2714945	S	1654	531	2185	0.00017
Thermomonas brevis	215691	S	3249	1566	4815	0.00038
Thermomonas aquatica	2202149	S	2973	1850	4823	0.00038
Thermomonas carbonis	1463158	S	2387	599	2986	0.00024
Arenimonas daejeonensis	370777	S	3372	827	4199	0.00033
Pseudolysobacter antarcticus	2511995	S	2192	71	2263	0.00018
Xylella fastidiosa	2371	S	265	101	366	0.00003
Xylella taiwanensis	1444770	S	195	11	206	0.00002
Luteibacter sp. 321	2911537	S	2421	823	3244	0.00026
Luteibacter sp. EIF3	2780091	S	1828	331	2159	0.00017
Luteibacter sp. 335	2911538	S	1588	405	1993	0.00016
Luteibacter sp. 353	2911539	S	1359	478	1837	0.00015
Luteibacter rhizovicinus	242606	S	1880	302	2182	0.00017
Luteibacter pinisoli	2589080	S	1768	524	2292	0.00018
Luteibacter anthropi	564369	S	1353	281	1634	0.00013
Rhodanobacter denitrificans	666685	S	3798	1802	5600	0.00045
Rhodanobacter sp. FDAARGOS 1247	2778082	S	2342	952	3294	0.00026
Rhodanobacter thiooxydans	416169	S	2097	1202	3299	0.00026
Rhodanobacter glycinis	582702	S	1730	373	2103	0.00017
Frateuria sp. 5GH9-34	2898793	S	4831	1763	6594	0.00053
Frateuria sp. 5GH9-11	1542730	S	4165	1938	6103	0.00049
Frateuria aurantia	81475	S	797	122	919	0.00007
Dyella thiooxydans	445710	S	2935	1066	4001	0.00032
Dyella japonica	231455	S	1705	605	2310	0.00018
Dyella telluris	2763498	S	1526	479	2005	0.00016
Dyella terrae	522259	S	1196	199	1395	0.00011
Dyella caseinilytica	1849581	S	1049	96	1145	0.00009
Dyella sp. M7H15-1	2501295	S	684	83	767	0.00006
Dokdonella koreensis	323415	S	6538	1381	7919	0.00063
Aerosticca soli	2010829	S	2815	4401	7216	0.00058
Ahniella affigens	2021234	S	1560	49	1609	0.00013
Pseudomonas sp. SCB32	2653853	S	1329	306	1635	0.00013
Pseudomonas sp. ATCC 13867	1294143	S	1256	484	1740	0.00014
Pseudomonas sp. PDNC002	2811422	S	1075	259	1334	0.00011
Pseudomonas sp. KNUC1026	2893890	S	1046	115	1161	0.00009
Pseudomonas sp. TCU-HL1	1856685	S	984	154	1138	0.00009
Pseudomonas sp. LPB0260	2614442	S	982	226	1208	0.00010
Pseudomonas sp. DY-1	1755504	S	913	128	1041	0.00008
Pseudomonas sp. Ost2	2678260	S	851	134	985	0.00008
Pseudomonas sp. CC6-YY-74	1930532	S	829	113	942	0.00008
Pseudomonas sp. ABC1	2748080	S	739	121	860	0.00007
Pseudomonas sp. MTM4	2705472	S	699	136	835	0.00007
Pseudomonas sp. StFLB209	1028989	S	646	193	839	0.00007
Pseudomonas sp. L5B5	2883205	S	599	115	714	0.00006
Pseudomonas sp. p1(2021b)	2874628	S	582	354	936	0.00007
Pseudomonas sp. OIL-1	2706126	S	580	131	711	0.00006
Pseudomonas sp. MM211	2866808	S	570	59	629	0.00005
Pseudomonas sp. Pc102	2678261	S	567	312	879	0.00007
Pseudomonas sp. 7SR1	1881017	S	564	113	677	0.00005
Pseudomonas sp. CMR5c	658630	S	506	150	656	0.00005
Pseudomonas sp. gcc21	2726989	S	465	243	708	0.00006
Pseudomonas sp. HN2-3	2886360	S	464	113	577	0.00005
Pseudomonas sp. MSPm1	2726956	S	455	104	559	0.00004
Pseudomonas sp. B11D7D	2735906	S	450	92	542	0.00004
Pseudomonas sp. MPC6	2498848	S	402	91	493	0.00004
Pseudomonas sp. LAB-08	143813	S	396	78	474	0.00004
Pseudomonas sp. Marseille-Q3773	2866592	S	381	132	513	0.00004
Pseudomonas sp. DG56-2	2320270	S	367	45	412	0.00003
Pseudomonas sp. ADAK13	2730847	S	364	87	451	0.00004
Pseudomonas sp. S09G 359	2054919	S	359	90	449	0.00004
Pseudomonas sp. MM213	2866807	S	353	80	433	0.00003
Pseudomonas sp. HLS-6	2049589	S	351	122	473	0.00004
Pseudomonas sp. Leaf58	1736226	S	346	71	417	0.00003
Pseudomonas sp. URMO17WK12:I11	1283291	S	344	234	578	0.00005
Pseudomonas sp. 15A4	2804761	S	328	85	413	0.00003
Pseudomonas sp. M1	95619	S	319	790	1109	0.00009
Pseudomonas sp. ADPe	2774873	S	315	820	1135	0.00009
Pseudomonas sp. S34	1573718	S	297	74	371	0.00003
Pseudomonas sp. RtIB026	2749999	S	292	178	470	0.00004
Pseudomonas sp. DTU12.3	2073078	S	284	74	358	0.00003
Pseudomonas sp. OE 28.3	2745519	S	281	72	353	0.00003
Pseudomonas sp. Seg1	2678259	S	271	65	336	0.00003
Pseudomonas sp. HS6	2850559	S	258	68	326	0.00003
Pseudomonas sp. R5-89-07	658644	S	258	83	341	0.00003
Pseudomonas sp. S35	1573719	S	253	72	325	0.00003
Pseudomonas sp. RC3H12	2834406	S	252	158	410	0.00003
Pseudomonas sp. Tri1	2823875	S	249	61	310	0.00002
Pseudomonas sp. NIBR-H-19	2901380	S	243	56	299	0.00002
Pseudomonas sp. LS.1a	2920387	S	239	107	346	0.00003
Pseudomonas sp. DR48	2871095	S	238	181	419	0.00003
Pseudomonas sp. 31-12	2201356	S	237	62	299	0.00002
Pseudomonas sp. LG1E9	2219057	S	227	69	296	0.00002
Pseudomonas sp. M30-35	1981174	S	225	15	240	0.00002
Pseudomonas sp. HN11	1344094	S	222	53	275	0.00002
Pseudomonas sp. ADAK18	2730848	S	219	40	259	0.00002
Pseudomonas sp. 2hn	2866626	S	219	152	371	0.00003
Pseudomonas sp. DNDY-54	2870860	S	205	101	306	0.00002
Pseudomonas sp. NS1(2017)	2025658	S	204	53	257	0.00002
Pseudomonas sp. ACM7	2052956	S	203	36	239	0.00002
Pseudomonas sp. PP3	2815936	S	203	84	287	0.00002
Pseudomonas sp. St316	2678257	S	198	66	264	0.00002
Pseudomonas sp. NIBRBAC000502773	2590776	S	181	94	275	0.00002
Pseudomonas sp. CCOS 191	1649877	S	176	150	326	0.00003
Pseudomonas sp. R84	1573712	S	169	80	249	0.00002
Pseudomonas sp. SK	2729423	S	168	147	315	0.00003
Pseudomonas sp. LPH1	1898684	S	167	153	320	0.00003
Pseudomonas sp. SK3(2021)	2841064	S	166	108	274	0.00002
Pseudomonas sp. R2A2	2213057	S	164	191	355	0.00003
Pseudomonas sp. SCA2728.1_7	2825975	S	163	90	253	0.00002
Pseudomonas sp. MRSN12121	1611770	S	163	245	408	0.00003
Pseudomonas sp. IzPS59	2774459	S	162	78	240	0.00002
Pseudomonas sp. HS-18	2879114	S	148	310	458	0.00004
Pseudomonas sp. AO-1	2855434	S	147	147	294	0.00002
Pseudomonas sp. SDM007	2812000	S	147	101	248	0.00002
Pseudomonas sp. UW4	1207075	S	140	93	233	0.00002
Pseudomonas sp. R76	1573711	S	138	68	206	0.00002
Pseudomonas sp. CYM-20-01	2870750	S	135	67	202	0.00002
Pseudomonas sp. 14181154	2662033	S	132	160	292	0.00002
Pseudomonas sp. FIT81	2837969	S	130	77	207	0.00002
Pseudomonas sp. Z003-0.4C(8344-21)	1855380	S	128	91	219	0.00002
Pseudomonas sp. THAF7b	2587845	S	126	259	385	0.00003
Pseudomonas sp. LTJR-52	2479392	S	124	42	166	0.00001
Pseudomonas sp. 02C 26	2054914	S	116	263	379	0.00003
Pseudomonas sp. RBPA9	2746321	S	115	248	363	0.00003
Pseudomonas sp. S07E 245	2866278	S	113	272	385	0.00003
Pseudomonas sp. FGI182	1259844	S	108	122	230	0.00002
Pseudomonas sp. BIGb0427	2724470	S	108	248	356	0.00003
Pseudomonas sp. Cab53	2678258	S	103	161	264	0.00002
Pseudomonas sp. SORT22	2813842	S	102	249	351	0.00003
Pseudomonas sp. phDV1	253237	S	98	375	473	0.00004
Pseudomonas sp. 09C 129	2054915	S	96	117	213	0.00002
Pseudomonas sp. Y5-11	2749808	S	89	287	376	0.00003
Pseudomonas sp. HN2	2884805	S	89	78	167	0.00001
Pseudomonas sp. MPFS	2795724	S	87	146	233	0.00002
Pseudomonas sp. 3-2	2867408	S	86	114	200	0.00002
Pseudomonas sp. C27(2019)	2604941	S	83	14	97	0.00001
Pseudomonas sp. SC3(2021)	2871493	S	80	85	165	0.00001
Pseudomonas sp. B10	118613	S	80	58	138	0.00001
Pseudomonas sp. PONIH3	1636610	S	78	488	566	0.00005
Pseudomonas sp. AN-B15	2697023	S	77	227	304	0.00002
Pseudomonas sp. ArH3a	2862945	S	76	193	269	0.00002
Pseudomonas sp. LBUM920	2126069	S	76	192	268	0.00002
Pseudomonas sp. FDAARGOS_380	2018067	S	73	58	131	0.00001
Pseudomonas sp. DR 5-09	1534110	S	69	96	165	0.00001
Pseudomonas sp. ATCC 43928	676210	S	67	168	235	0.00002
Pseudomonas sp. RU47	2005388	S	65	168	233	0.00002
Pseudomonas sp. J380	2605424	S	62	80	142	0.00001
Pseudomonas sp. GR 6-02	1659194	S	61	152	213	0.00002
Pseudomonas sp. ADAK22	2730851	S	60	153	213	0.00002
Pseudomonas sp. BIOMIG1BAC	1758730	S	58	200	258	0.00002
Pseudomonas sp. S150	2559074	S	56	86	142	0.00001
Pseudomonas sp. MYb193	1827300	S	56	60	116	0.00001
Pseudomonas sp. St29	1500687	S	53	218	271	0.00002
Pseudomonas sp. S49	1573720	S	53	139	192	0.00002
Pseudomonas sp. R3-18-08	1173283	S	50	147	197	0.00002
Pseudomonas sp. CFSAN084952	2664899	S	49	142	191	0.00002
Pseudomonas sp. Os17	1500686	S	49	245	294	0.00002
Pseudomonas sp. R32	1573704	S	48	122	170	0.00001
Pseudomonas sp. LG1D9	2083054	S	47	177	224	0.00002
Pseudomonas sp. BC42	2933816	S	46	230	276	0.00002
Pseudomonas sp. CFA	2651048	S	45	215	260	0.00002
Pseudomonas sp. 7-41	2898483	S	44	191	235	0.00002
Pseudomonas sp. SWI36	2083052	S	42	118	160	0.00001
Pseudomonas sp. DR208	2870840	S	41	96	137	0.00001
Pseudomonas sp. IAC-BECa141	2793103	S	39	79	118	0.00001
Pseudomonas sp. SXM-1	2169583	S	38	111	149	0.00001
Pseudomonas sp. R2-37-08W	1173273	S	37	175	212	0.00002
Pseudomonas sp. Colony2	2861799	S	36	145	181	0.00001
Pseudomonas sp. Y39-6	2749807	S	36	113	149	0.00001
Pseudomonas sp. HN8-3	2886361	S	35	68	103	0.00001
Pseudomonas sp. SWI44	2083053	S	35	296	331	0.00003
Pseudomonas sp. R1-43-08	1173270	S	35	207	242	0.00002
Pseudomonas sp. R3-52-08	1173284	S	34	206	240	0.00002
Pseudomonas sp. TMW 2.1634	1886807	S	33	85	118	0.00001
Pseudomonas sp. A2	107445	S	33	201	234	0.00002
Pseudomonas sp. NC02	2067572	S	33	103	136	0.00001
Pseudomonas sp. A214	1855331	S	32	92	124	0.00001
Pseudomonas sp. LH1G9	2083055	S	30	101	131	0.00001
Pseudomonas sp. DTU12.1	2654238	S	29	116	145	0.00001
Pseudomonas sp. B14-6	2738843	S	29	77	106	0.00001
Pseudomonas sp. R2-60-08W	1173280	S	28	195	223	0.00002
Pseudomonas sp. IB20	1702250	S	27	158	185	0.00001
Pseudomonas sp. R4-34-07	658642	S	27	156	183	0.00001
Pseudomonas sp. R4-35-07	658643	S	25	169	194	0.00002
Pseudomonas sp. R4-39-08	1173288	S	25	147	172	0.00001
Pseudomonas sp. BJP69	2597770	S	25	161	186	0.00001
Pseudomonas sp. TKP	1415630	S	25	84	109	0.00001
Pseudomonas sp. R11-23-07	658632	S	25	223	248	0.00002
Pseudomonas sp. PS1(2021)	2866282	S	24	788	812	0.00006
Pseudomonas sp. Eqa60	2799184	S	24	133	157	0.00001
Pseudomonas sp. St290	1602166	S	23	86	109	0.00001
Pseudomonas sp. OST1909	2777367	S	22	66	88	0.00001
Pseudomonas sp. XWY-1	2069256	S	22	131	153	0.00001
Pseudomonas sp. MPDS	2762896	S	22	87	109	0.00001
Pseudomonas sp. SWI6	2083051	S	21	352	373	0.00003
Pseudomonas sp. R2-7-07	658641	S	19	179	198	0.00002
Pseudomonas sp. VLB120	69328	S	18	256	274	0.00002
Pseudomonas sp. St386	2678256	S	17	135	152	0.00001
Pseudomonas sp. SWI7	2587597	S	15	93	108	0.00001
Pseudomonas sp. 13159349	2662034	S	15	146	161	0.00001
Pseudomonas sp. CIP-10	2892442	S	14	135	149	0.00001
Pseudomonas sp. SW-3	147212	S	13	47	60	0.00000
Pseudomonas sp. bs2935	1761895	S	12	354	366	0.00003
Pseudomonas sp. I3-I5	2926671	S	12	46	58	0.00000
Pseudomonas sp. So3.2b	2864101	S	11	34	45	0.00000
Pseudomonas aeruginosa	287	S	5814	70187	76001	0.00606
Pseudomonas alcaligenes	43263	S	2643	1995	4638	0.00037
Pseudomonas mendocina	300	S	2553	1007	3560	0.00028
Pseudomonas furukawaii	1149133	S	1759	585	2344	0.00019
Pseudomonas oleovorans	301	S	300	998	1298	0.00010
Pseudomonas resinovorans	53412	S	1352	321	1673	0.00013
Pseudomonas multiresinivorans	95301	S	658	216	874	0.00007
Pseudomonas nitroreducens	46680	S	188	405	593	0.00005
Pseudomonas citronellolis	53408	S	741	1080	1821	0.00015
Pseudomonas fluorescens	294	S	5816	4580	10396	0.00083
Pseudomonas protegens	380021	S	1361	10263	11624	0.00093
Pseudomonas orientalis	76758	S	1028	278	1306	0.00010
Pseudomonas azotoformans	47878	S	800	301	1101	0.00009
Pseudomonas synxantha	47883	S	669	435	1104	0.00009
Pseudomonas rhodesiae	76760	S	546	230	776	0.00006
Pseudomonas poae	200451	S	487	236	723	0.00006
Pseudomonas mediterranea	183795	S	436	109	545	0.00004
Pseudomonas trivialis	200450	S	423	146	569	0.00005
Pseudomonas corrugata	47879	S	403	87	490	0.00004
Pseudomonas tolaasii	29442	S	398	73	471	0.00004
Pseudomonas migulae	78543	S	365	212	577	0.00005
Pseudomonas mucidolens	46679	S	353	53	406	0.00003
Pseudomonas cedrina	651740	S	292	74	366	0.00003
Pseudomonas congelans	200452	S	288	83	371	0.00003
Pseudomonas brenneri	129817	S	199	78	277	0.00002
Pseudomonas mandelii	75612	S	158	388	546	0.00004
Pseudomonas libanensis	75588	S	156	162	318	0.00003
Pseudomonas veronii	76761	S	133	336	469	0.00004
Pseudomonas ogarae	1114970	S	129	89	218	0.00002
Pseudomonas extremorientalis	169669	S	40	87	127	0.00001
Pseudomonas stutzeri	316	S	10036	6869	16905	0.00135
Pseudomonas chloritidismutans	203192	S	124	159	283	0.00002
Pseudomonas balearica	74829	S	1688	2335	4023	0.00032
Pseudomonas xanthomarina	271420	S	540	92	632	0.00005
Pseudomonas luteola	47886	S	134	63	197	0.00002
Pseudomonas putida	303	S	7353	9445	16798	0.00134
Pseudomonas oryzihabitans	47885	S	2112	473	2585	0.00021
Pseudomonas fulva	47880	S	1464	4004	5468	0.00044
Pseudomonas plecoglossicida	70775	S	540	444	984	0.00008
Pseudomonas mosselii	78327	S	287	569	856	0.00007
Pseudomonas monteilii	76759	S	267	545	812	0.00006
Pseudomonas sp. SGAir0191	2217867	S	108	65	173	0.00001
Pseudomonas shirazica	1940636	S	12	167	179	0.00001
Pseudomonas syringae	317	S	1852	2442	4294	0.00034
Pseudomonas viridiflava	33069	S	1274	171	1445	0.00012
Pseudomonas cichorii	36746	S	696	70	766	0.00006
Pseudomonas asturiensis	1190415	S	400	47	447	0.00004
Pseudomonas amygdali	47877	S	166	955	1121	0.00009
Pseudomonas savastanoi	29438	S	59	240	299	0.00002
Pseudomonas syringae group genomosp. 7	251699	S	289	33	322	0.00003
Pseudomonas fuscovaginae	50340	S	181	99	280	0.00002
Pseudomonas avellanae	46257	S	137	228	365	0.00003
Pseudomonas coronafaciens	53409	S	72	216	288	0.00002
Pseudomonas syringae group genomosp. 3	251701	S	44	747	791	0.00006
Pseudomonas tremae	200454	S	28	73	101	0.00001
Pseudomonas sp. Lz4W	1206777	S	27	43	70	0.00001
Pseudomonas chlororaphis	587753	S	3387	3428	6815	0.00054
Pseudomonas lundensis	86185	S	395	56	451	0.00004
Pseudomonas fragi	296	S	209	166	375	0.00003
Pseudomonas otitidis	319939	S	2333	589	2922	0.00023
Pseudomonas knackmussii	65741	S	2196	2053	4249	0.00034
Pseudomonas psychrotolerans	237610	S	2180	511	2691	0.00021
Pseudomonas oryzae	1392877	S	2024	758	2782	0.00022
Pseudomonas lalkuanensis	2604832	S	1963	409	2372	0.00019
Pseudomonas entomophila	312306	S	1527	675	2202	0.00018
Pseudomonas cavernae	2320867	S	1494	273	1767	0.00014
Pseudomonas guangdongensis	1245526	S	1320	503	1823	0.00015
Pseudomonas campi	2731681	S	913	143	1056	0.00008
Pseudomonas parafulva	157782	S	899	263	1162	0.00009
Pseudomonas nanhaiensis	2830842	S	879	118	997	0.00008
Pseudomonas qingdaonensis	2056231	S	879	197	1076	0.00009
Pseudomonas eucalypticola	2599595	S	821	118	939	0.00007
Pseudomonas vanderleydeniana	2745495	S	817	123	940	0.00007
Pseudomonas frederiksbergensis	104087	S	672	193	865	0.00007
Pseudomonas alkylphenolica	237609	S	659	140	799	0.00006
Pseudomonas cremoricolorata	157783	S	649	110	759	0.00006
Pseudomonas rhizosphaerae	216142	S	638	88	726	0.00006
Pseudomonas tohonis	2725477	S	609	500	1109	0.00009
Pseudomonas pohangensis	364197	S	606	52	658	0.00005
Pseudomonas brassicacearum	930166	S	600	1011	1611	0.00013
Pseudomonas saudiphocaensis	1499686	S	568	142	710	0.00006
Pseudomonas zhaodongensis	1176257	S	552	253	805	0.00006
Pseudomonas argentinensis	289370	S	544	130	674	0.00005
Pseudomonas umsongensis	198618	S	528	87	615	0.00005
Pseudomonas phragmitis	1931241	S	519	49	568	0.00005
Pseudomonas yamanorum	515393	S	515	110	625	0.00005
Pseudomonas koreensis	198620	S	509	188	697	0.00006
Pseudomonas muyukensis	2842357	S	504	154	658	0.00005
Pseudomonas alvandae	2842348	S	499	80	579	0.00005
Pseudomonas palleroniana	191390	S	480	77	557	0.00004
Pseudomonas vancouverensis	95300	S	471	77	548	0.00004
Pseudomonas tructae	2518644	S	444	82	526	0.00004
Pseudomonas fakonensis	2842355	S	417	131	548	0.00004
Pseudomonas marincola	437900	S	414	73	487	0.00004
Pseudomonas xantholysinigenes	2745490	S	405	114	519	0.00004
Pseudomonas silesiensis	1853130	S	398	85	483	0.00004
Pseudomonas hamedanensis	2745504	S	397	71	468	0.00004
Pseudomonas xanthosomae	2842356	S	392	125	517	0.00004
Pseudomonas sediminis	1691904	S	382	111	493	0.00004
Pseudomonas antarctica	219572	S	381	92	473	0.00004
Pseudomonas prosekii	1148509	S	363	61	424	0.00003
Pseudomonas wenzhouensis	2906062	S	358	145	503	0.00004
Pseudomonas promysalinigenes	485898	S	357	60	417	0.00003
Pseudomonas agarici	46677	S	357	17	374	0.00003
Pseudomonas arsenicoxydans	702115	S	355	71	426	0.00003
Pseudomonas extremaustralis	359110	S	352	77	429	0.00003
Pseudomonas thivervalensis	86265	S	352	70	422	0.00003
Pseudomonas granadensis	1421430	S	322	143	465	0.00004
Pseudomonas graminis	158627	S	318	84	402	0.00003
Pseudomonas lurida	244566	S	298	64	362	0.00003
Pseudomonas viciae	2505979	S	286	66	352	0.00003
Pseudomonas versuta	1788301	S	269	45	314	0.00003
Pseudomonas asgharzadehiana	2842349	S	269	62	331	0.00003
Pseudomonas taetrolens	47884	S	261	36	297	0.00002
Pseudomonas simiae	321846	S	259	62	321	0.00003
Pseudomonas maumuensis	2842354	S	253	119	372	0.00003
Pseudomonas lini	163011	S	251	49	300	0.00002
Pseudomonas psychrophila	122355	S	230	34	264	0.00002
Pseudomonas reinekei	395598	S	230	63	293	0.00002
Pseudomonas kribbensis	1628086	S	205	179	384	0.00003
Pseudomonas alcaliphila	101564	S	200	218	418	0.00003
Pseudomonas allokribbensis	2774460	S	186	68	254	0.00002
Pseudomonas toyotomiensis	554344	S	184	159	343	0.00003
Pseudomonas kunmingensis	1211807	S	181	259	440	0.00004
Pseudomonas chengduensis	489632	S	168	358	526	0.00004
Pseudomonas oryziphila	2894079	S	162	121	283	0.00002
Pseudomonas zeae	2745510	S	161	74	235	0.00002
Pseudomonas tritici	2745518	S	157	46	203	0.00002
Pseudomonas asplenii	53407	S	155	88	243	0.00002
Pseudomonas gozinkensis	2774461	S	154	67	221	0.00002
Pseudomonas khazarica	2502979	S	151	173	324	0.00003
Pseudomonas atacamensis	2565368	S	143	126	269	0.00002
Pseudomonas anuradhapurensis	485870	S	143	120	263	0.00002
Pseudomonas moraviensis	321662	S	140	210	350	0.00003
Pseudomonas azerbaijanoriens	2842350	S	138	85	223	0.00002
Pseudomonas sihuiensis	1274359	S	136	173	309	0.00002
Pseudomonas tensinigenes	2745511	S	135	69	204	0.00002
Pseudomonas germanica	2815720	S	126	63	189	0.00002
Pseudomonas zarinae	2745498	S	112	77	189	0.00002
Pseudomonas iranensis	2745503	S	99	68	167	0.00001
Pseudomonas juntendi	2666183	S	94	899	993	0.00008
Pseudomonas salmasensis	2745514	S	93	55	148	0.00001
Pseudomonas lactis	1615674	S	84	56	140	0.00001
Pseudomonas monsensis	2745509	S	73	71	144	0.00001
Pseudomonas soli	1306993	S	67	262	329	0.00003
Pseudomonas donghuensis	1163398	S	49	124	173	0.00001
Pseudomonas sessilinigenes	658629	S	48	110	158	0.00001
Pseudomonas bijieensis	2681983	S	46	153	199	0.00002
Pseudomonas cerasi	1583341	S	35	66	101	0.00001
Pseudomonas rhizophila	2045200	S	32	73	105	0.00001
Pseudomonas glycinae	1785145	S	32	51	83	0.00001
Candidatus Pseudomonas adelgestsugas	1302376	S	26	0	26	0.00000
Pseudomonas asiatica	2219225	S	25	127	152	0.00001
Pseudomonas shahriarae	2745512	S	15	52	67	0.00001
Pseudomonas taiwanensis	470150	S	11	126	137	0.00001
Azotobacter chroococcum	353	S	1904	1342	3246	0.00026
Azotobacter vinelandii	354	S	1175	0	1175	0.00009
Azotobacter salinestris	69964	S	1121	656	1777	0.00014
Halopseudomonas xinjiangensis	487184	S	630	76	706	0.00006
Halopseudomonas sabulinigri	472181	S	527	58	585	0.00005
Halopseudomonas sp. RR6	2918528	S	481	91	572	0.00005
Halopseudomonas aestusnigri	857252	S	474	399	873	0.00007
Halopseudomonas litoralis	797277	S	435	129	564	0.00005
Halopseudomonas salegens	1434072	S	297	26	323	0.00003
Permianibacter aggregans	1510150	S	628	22	650	0.00005
Thiopseudomonas alkaliphila	1697053	S	69	17	86	0.00001
Entomomonas moraniae	2213226	S	20	1	21	0.00000
Entomomonas sp. F2A	2785331	S	14	1	15	0.00000
Marinobacter sp. CA1	2817656	S	696	62	758	0.00006
Marinobacter sp. Arc7-DN-1	2304594	S	408	61	469	0.00004
Marinobacter sp. NP-4(2019)	2488665	S	399	84	483	0.00004
Marinobacter sp. LPB0319	2769486	S	379	28	407	0.00003
Marinobacter sp. LV10R510-11A	1415568	S	199	10	209	0.00002
Marinobacter sp. LQ44	1749259	S	188	292	480	0.00004
Marinobacter sp. es.042	1761794	S	151	152	303	0.00002
Marinobacter sp. JH2	2547598	S	149	50	199	0.00002
Marinobacter sp. CP1	1671721	S	139	282	421	0.00003
Marinobacter sp. BSs20148	490759	S	131	85	216	0.00002
Marinobacter fonticola	2603215	S	594	36	630	0.00005
Marinobacter nauticus	2743	S	438	161	599	0.00005
Marinobacter salarius	1420917	S	416	63	479	0.00004
Marinobacter salsuginis	418719	S	367	58	425	0.00003
Marinobacter similis	1420916	S	366	38	404	0.00003
Marinobacter salinus	1874317	S	287	22	309	0.00002
Marinobacter adhaerens	1033846	S	98	205	303	0.00002
Marinobacter psychrophilus	330734	S	60	39	99	0.00001
Klebsiella pneumoniae	573	S	1008	44260	45268	0.00361
Klebsiella quasipneumoniae	1463165	S	548	2447	2995	0.00024
Klebsiella sp. A52	2834819	S	18	328	346	0.00003
Klebsiella aerogenes	548	S	364	252	616	0.00005
Klebsiella oxytoca	571	S	355	292	647	0.00005
Klebsiella variicola	244366	S	258	1198	1456	0.00012
Klebsiella michiganensis	1134687	S	217	984	1201	0.00010
Klebsiella huaxiensis	2153354	S	97	112	209	0.00002
Klebsiella quasivariicola	2026240	S	91	120	211	0.00002
Klebsiella africana	2489010	S	89	66	155	0.00001
Klebsiella grimontii	2058152	S	38	316	354	0.00003
Raoultella sp. HC6	2923366	S	214	181	395	0.00003
Raoultella planticola	575	S	153	194	347	0.00003
Raoultella ornithinolytica	54291	S	113	1088	1201	0.00010
Raoultella terrigena	577	S	89	225	314	0.00003
Raoultella electrica	1259973	S	41	130	171	0.00001
Enterobacter cloacae	550	S	1050	2118	3168	0.00025
Enterobacter cancerogenus	69218	S	307	131	438	0.00003
Enterobacter hormaechei	158836	S	293	5307	5600	0.00045
Enterobacter asburiae	61645	S	290	1659	1949	0.00016
Enterobacter roggenkampii	1812935	S	145	733	878	0.00007
Enterobacter chengduensis	2494701	S	115	98	213	0.00002
Enterobacter ludwigii	299767	S	105	308	413	0.00003
Enterobacter chuandaensis	2497875	S	93	75	168	0.00001
Enterobacter cloacae complex sp.	2027919	S	26	826	852	0.00007
Enterobacter sp. BIDMC 29	1329841	S	21	87	108	0.00001
Enterobacter kobei	208224	S	63	893	956	0.00008
Enterobacter sichuanensis	2071710	S	37	41	78	0.00001
Enterobacter sp. SA187	1914861	S	249	56	305	0.00002
Enterobacter sp. JUb54	2724468	S	248	63	311	0.00002
Enterobacter sp. E76	2596949	S	122	295	417	0.00003
Enterobacter sp. RHBSTW-00994	2742676	S	89	28	117	0.00001
Enterobacter sp. RHBSTW-00175	2742639	S	63	74	137	0.00001
Enterobacter sp. Colony194	2866201	S	52	82	134	0.00001
Enterobacter sp. JBIWA008	2831892	S	46	37	83	0.00001
Enterobacter sp. SES19	2705458	S	38	46	84	0.00001
Enterobacter sp. SGAir0187	2836161	S	37	53	90	0.00001
Enterobacter sp. JBIWA003	2831890	S	30	49	79	0.00001
Enterobacter sp. JBIWA005	2831891	S	28	66	94	0.00001
Enterobacter sp. E20	1560339	S	22	241	263	0.00002
Enterobacter sp. N18-03635	2500132	S	11	35	46	0.00000
Enterobacter huaxiensis	2494702	S	158	59	217	0.00002
Enterobacter mori	539813	S	111	178	289	0.00002
Enterobacter oligotrophicus	2478464	S	91	34	125	0.00001
Enterobacter bugandensis	881260	S	79	177	256	0.00002
Enterobacter soli	885040	S	75	24	99	0.00001
Citrobacter freundii	546	S	264	1522	1786	0.00014
Citrobacter werkmanii	67827	S	56	180	236	0.00002
Citrobacter braakii	57706	S	38	397	435	0.00003
Citrobacter freundii complex sp. CFNIH2	2066049	S	26	39	65	0.00001
Citrobacter portucalensis	1639133	S	30	407	437	0.00003
Citrobacter sedlakii	67826	S	29	113	142	0.00001
Citrobacter youngae	133448	S	12	50	62	0.00001
Citrobacter sp. RHB25-C09	2742624	S	125	38	163	0.00001
Citrobacter sp. R56	1573676	S	123	46	169	0.00001
Citrobacter sp. BDA59-3	2781952	S	22	12	34	0.00000
Citrobacter sp. MGH 55	1439319	S	18	62	80	0.00001
Citrobacter sp. RHB35-C21	2742626	S	12	135	147	0.00001
Citrobacter rodentium	67825	S	236	0	236	0.00002
Citrobacter farmeri	67824	S	156	98	254	0.00002
Citrobacter amalonaticus	35703	S	132	830	962	0.00008
Citrobacter koseri	545	S	92	164	256	0.00002
Citrobacter tructae	2562449	S	81	47	128	0.00001
Citrobacter pasteurii	1563222	S	44	48	92	0.00001
Citrobacter arsenatis	2546350	S	43	20	63	0.00001
Citrobacter cronae	1748967	S	11	115	126	0.00001
Cronobacter sakazakii	28141	S	420	398	818	0.00007
Cronobacter dublinensis	413497	S	275	115	390	0.00003
Cronobacter universalis	535744	S	229	187	416	0.00003
Cronobacter condimenti	1163710	S	217	72	289	0.00002
Cronobacter malonaticus	413503	S	117	134	251	0.00002
Cronobacter muytjensii	413501	S	48	201	249	0.00002
Cronobacter sp. JZ38	1906275	S	41	131	172	0.00001
Kosakonia sp. SMBL-WEM22	2725560	S	166	83	249	0.00002
Kosakonia sp. CCTCC M2018092	2492396	S	83	85	168	0.00001
Kosakonia sp. MUSA4	2067958	S	74	38	112	0.00001
Kosakonia cowanii	208223	S	332	279	611	0.00005
Kosakonia sacchari	1158459	S	238	125	363	0.00003
Kosakonia arachidis	551989	S	124	38	162	0.00001
Kosakonia radicincitans	283686	S	112	148	260	0.00002
Kosakonia oryzae	497725	S	89	66	155	0.00001
Kosakonia pseudosacchari	1646340	S	89	52	141	0.00001
Leclercia adecarboxylata	83655	S	500	942	1442	0.00012
Leclercia sp. 29361	2714951	S	169	78	247	0.00002
Leclercia sp. J807	2681307	S	39	59	98	0.00001
Leclercia sp. G3L	2898725	S	28	158	186	0.00001
Leclercia sp. W6	2282310	S	23	44	67	0.00001
Leclercia sp. 119287	2681308	S	21	64	85	0.00001
Leclercia sp. W17	2282309	S	16	48	64	0.00001
Leclercia sp. Colony189	2681309	S	16	272	288	0.00002
Leclercia sp. LSNIH1	1920114	S	11	171	182	0.00001
Leclercia pneumoniae	2815358	S	140	80	220	0.00002
Salmonella enterica	28901	S	1029	49179	50208	0.00400
Salmonella bongori	54736	S	99	57	156	0.00001
Pluralibacter gergoviae	61647	S	844	269	1113	0.00009
[Enterobacter] lignolyticus	1334193	S	421	141	562	0.00004
Escherichia coli	562	S	662	26867	27529	0.00220
Escherichia albertii	208962	S	125	127	252	0.00002
Escherichia fergusonii	564	S	66	124	190	0.00002
Escherichia marmotae	1499973	S	50	34	84	0.00001
Escherichia sp. E4742	2044467	S	41	32	73	0.00001
Cedecea neteri	158822	S	585	167	752	0.00006
Cedecea sp. FDAARGOS_727	2545798	S	142	39	181	0.00001
Cedecea lapagei	158823	S	136	51	187	0.00001
Lelliottia amnigena	61646	S	367	125	492	0.00004
Lelliottia sp. AC1	2067959	S	64	70	134	0.00001
Lelliottia sp. WB101	2153385	S	52	70	122	0.00001
Kluyvera ascorbata	51288	S	168	145	313	0.00002
Kluyvera intermedia	61648	S	105	95	200	0.00002
Kluyvera sp. CRP	2873269	S	35	98	133	0.00001
Kluyvera genomosp. 3	2774055	S	21	53	74	0.00001
Candidatus Symbiopectobacterium sp. SyEd1	2871826	S	171	25	196	0.00002
Blochmannia endosymbiont of Camponotus sp.	700220	S	19	10	29	0.00000
Blochmannia endosymbiont of Colobopsis nipponica	2681987	S	13	0	13	0.00000
Blochmannia endosymbiont of Camponotus nipponensis	2681986	S	11	0	11	0.00000
Candidatus Blochmannia vicinus	251540	S	13	4	17	0.00000
Candidatus Hamiltonella defensa	138072	S	42	3	45	0.00000
secondary endosymbiont of Ctenarytaina eucalypti	1199245	S	32	1	33	0.00000
secondary endosymbiont of Heteropsylla cubana	134287	S	16	0	16	0.00000
Candidatus Doolittlea endobia	1778262	S	36	2	38	0.00000
Candidatus Hoaglandella endobia	1778263	S	22	1	23	0.00000
Candidatus Mikella endobia	1778264	S	10	2	12	0.00000
Pseudescherichia vulneris	566	S	283	21	304	0.00002
Jejubacter calystegiae	2579935	S	280	37	317	0.00003
Buttiauxella agrestis	82977	S	89	20	109	0.00001
Buttiauxella ferragutiae	82989	S	21	60	81	0.00001
Buttiauxella sp. 3AFRM03	2479367	S	21	54	75	0.00001
Atlantibacter hermannii	565	S	215	55	270	0.00002
Plesiomonas shigelloides	703	S	215	84	299	0.00002
Shimwellia blattae	563	S	211	51	262	0.00002
Scandinavium goeteborgense	1851514	S	178	40	218	0.00002
Yokenella regensburgei	158877	S	161	84	245	0.00002
Phytobacter ursingii	1972431	S	130	208	338	0.00003
Phytobacter diazotrophicus	395631	S	11	85	96	0.00001
Pseudocitrobacter sp. G163CM	2891570	S	149	45	194	0.00002
Enterobacteriaceae endosymbiont of Donacia cincticornis	2675773	S	13	28	41	0.00000
Shigella flexneri	623	S	23	1823	1846	0.00015
Shigella boydii	621	S	18	376	394	0.00003
Candidatus Moranella endobia	1048758	S	31	0	31	0.00000
Candidatus Ishikawaella capsulata	168169	S	25	2	27	0.00000
Candidatus Schneideria nysicola	1081631	S	11	0	11	0.00000
Serratia marcescens	615	S	1550	3855	5405	0.00043
Serratia sp. ATCC 39006	104623	S	111	14	125	0.00001
Serratia sp. FDAARGOS_506	2420306	S	87	100	187	0.00001
Serratia sp. FGI94	671990	S	86	108	194	0.00002
Serratia sp. 1D1416	2447890	S	45	174	219	0.00002
Serratia sp. 3ACOL1	2448483	S	33	55	88	0.00001
Serratia sp. FS14	1327989	S	27	153	180	0.00001
Serratia sp. P2ACOL2	2482769	S	25	88	113	0.00001
Serratia sp. MYb239	2033438	S	20	197	217	0.00002
Serratia sp. Tan611	2773264	S	19	145	164	0.00001
Serratia sp. JSRIV006	2831896	S	10	64	74	0.00001
Serratia plymuthica	82996	S	499	276	775	0.00006
Serratia entomophila	42906	S	417	126	543	0.00004
Serratia rubidaea	61652	S	349	461	810	0.00006
Serratia odorifera	618	S	270	56	326	0.00003
Serratia proteamaculans	28151	S	233	63	296	0.00002
Serratia fonticola	47917	S	206	209	415	0.00003
Serratia surfactantfaciens	2741499	S	165	111	276	0.00002
Serratia liquefaciens	614	S	151	233	384	0.00003
Serratia quinivorans	137545	S	127	56	183	0.00001
Serratia symbiotica	138074	S	109	21	130	0.00001
Serratia grimesii	82995	S	101	14	115	0.00001
Serratia inhibens	2338073	S	85	54	139	0.00001
Serratia rhizosphaerae	2597702	S	67	73	140	0.00001
Serratia ureilytica	300181	S	62	931	993	0.00008
Serratia ficaria	61651	S	21	110	131	0.00001
Serratia nematodiphila	458197	S	11	125	136	0.00001
Yersinia pseudotuberculosis	633	S	20	70	90	0.00001
Yersinia similis	367190	S	15	3	18	0.00000
Yersinia pestis	632	S	13	393	406	0.00003
Yersinia ruckeri	29486	S	77	18	95	0.00001
Yersinia enterocolitica	630	S	76	100	176	0.00001
Yersinia entomophaga	935293	S	66	14	80	0.00001
Yersinia mollaretii	33060	S	64	17	81	0.00001
Yersinia rohdei	29485	S	53	13	66	0.00001
Yersinia aleksiciae	263819	S	45	14	59	0.00000
Yersinia aldovae	29483	S	40	10	50	0.00000
Yersinia canariae	2607663	S	34	15	49	0.00000
Yersinia kristensenii	28152	S	34	120	154	0.00001
Yersinia frederiksenii	29484	S	32	36	68	0.00001
Yersinia massiliensis	419257	S	14	56	70	0.00001
Yersinia hibernica	2339259	S	12	25	37	0.00000
Yersinia intermedia	631	S	11	44	55	0.00000
Rahnella aquatilis	34038	S	234	372	606	0.00005
Rahnella sp. ERMR1:05	1805933	S	190	34	224	0.00002
Rahnella inusitata	58169	S	167	55	222	0.00002
Rahnella victoriana	1510570	S	158	29	187	0.00001
Rahnella aceris	2703885	S	13	31	44	0.00000
Nissabacter sp. SGAir0207	2126321	S	616	114	730	0.00006
Gibbsiella quercinecans	929813	S	372	63	435	0.00003
Rouxiella badensis	1646377	S	242	27	269	0.00002
Ewingella americana	41202	S	226	40	266	0.00002
Chania multitudinisentens	1639108	S	116	16	132	0.00001
Candidatus Fukatsuia symbiotica	1878942	S	47	3	50	0.00000
Pantoea sp. Z09	2886821	S	546	203	749	0.00006
Pantoea sp. SO10	2575375	S	246	55	301	0.00002
Pantoea sp. At-9b	592316	S	184	44	228	0.00002
Pantoea sp. MSR2	2052056	S	167	23	190	0.00002
Pantoea sp. CCBC3-3-1	2490851	S	149	34	183	0.00001
Pantoea sp. MT58	2768165	S	12	89	101	0.00001
Pantoea sp. SM3640	2787629	S	11	76	87	0.00001
Pantoea agglomerans	549	S	1174	398	1572	0.00013
Pantoea dispersa	59814	S	904	282	1186	0.00009
Pantoea ananatis	553	S	318	97	415	0.00003
Pantoea deleyi	470932	S	311	82	393	0.00003
Pantoea vagans	470934	S	307	452	759	0.00006
Pantoea cypripedii	55209	S	188	12	200	0.00002
Pantoea alhagi	1891675	S	182	67	249	0.00002
Pantoea stewartii	66269	S	160	44	204	0.00002
Pantoea rwandensis	1076550	S	99	24	123	0.00001
Pantoea eucalypti	470933	S	19	129	148	0.00001
Candidatus Pantoea carbekii	1235990	S	16	1	17	0.00000
Erwinia sp. E602	2675378	S	513	108	621	0.00005
Erwinia sp. J780	2681984	S	133	28	161	0.00001
Erwinia sp. QL-Z3	2547962	S	30	53	83	0.00001
Erwinia sp. Ejp617	215689	S	29	32	61	0.00000
Erwinia gerundensis	1619313	S	268	60	328	0.00003
Erwinia persicina	55211	S	174	40	214	0.00002
Erwinia rhapontici	55212	S	160	33	193	0.00002
Erwinia tasmaniensis	338565	S	155	35	190	0.00002
Erwinia billingiae	182337	S	135	186	321	0.00003
Erwinia amylovora	552	S	130	67	197	0.00002
Erwinia tracheiphila	65700	S	99	15	114	0.00001
[Pantoea] beijingensis	1324864	S	87	19	106	0.00001
Candidatus Erwinia haradaeae	1922217	S	77	1	78	0.00001
Erwinia pyrifoliae	79967	S	30	293	323	0.00003
Mixta gaviniae	665914	S	357	155	512	0.00004
Mixta calida	665913	S	315	195	510	0.00004
Mixta theicola	1458355	S	282	100	382	0.00003
Mixta intestinalis	1615494	S	162	50	212	0.00002
Mixta sp. X22927	2872648	S	132	82	214	0.00002
Buchnera aphidicola	9	S	229	37	266	0.00002
Tatumella ptyseos	82987	S	88	19	107	0.00001
Tatumella citrea	53336	S	57	10	67	0.00001
Wigglesworthia glossinidia	51229	S	18	2	20	0.00000
Dickeya dadantii	204038	S	358	231	589	0.00005
Dickeya chrysanthemi	556	S	283	158	441	0.00004
Dickeya zeae	204042	S	251	296	547	0.00004
Dickeya dianthicola	204039	S	248	129	377	0.00003
Dickeya fangzhongdai	1778540	S	129	585	714	0.00006
Dickeya poaceiphila	568768	S	108	21	129	0.00001
Dickeya solani	1089444	S	108	259	367	0.00003
Dickeya sp. NCPPB 3274	568766	S	83	61	144	0.00001
Dickeya parazeae	2893572	S	15	62	77	0.00001
Dickeya oryzae	1240404	S	12	27	39	0.00000
Pectobacterium carotovorum	554	S	176	394	570	0.00005
Pectobacterium brasiliense	180957	S	163	205	368	0.00003
Pectobacterium sp. LJ1	2878098	S	72	23	95	0.00001
Pectobacterium sp. PL64	2738983	S	40	29	69	0.00001
Pectobacterium atrosepticum	29471	S	104	36	140	0.00001
Pectobacterium polaris	2042057	S	89	69	158	0.00001
Pectobacterium parmentieri	1905730	S	81	29	110	0.00001
Pectobacterium wasabiae	55208	S	58	19	77	0.00001
Pectobacterium odoriferum	78398	S	57	45	102	0.00001
Pectobacterium punjabense	2108399	S	52	14	66	0.00001
Pectobacterium versatile	2488639	S	43	103	146	0.00001
Pectobacterium parvum	2778550	S	25	40	65	0.00001
Pectobacterium quasiaquaticum	2774015	S	20	21	41	0.00000
Pectobacterium aroidearum	1201031	S	14	23	37	0.00000
Pectobacterium aquaticum	2204145	S	10	13	23	0.00000
Brenneria izadpanahii	2722756	S	271	296	567	0.00005
Brenneria goodwinii	1109412	S	215	227	442	0.00004
Brenneria rubrifaciens	55213	S	204	85	289	0.00002
Lonsdalea populi	1172565	S	280	89	369	0.00003
Lonsdalea britannica	1082704	S	244	71	315	0.00003
Musicola paradisiaca	69223	S	346	64	410	0.00003
Edwardsiella tarda	636	S	404	276	680	0.00005
Edwardsiella hoshinae	93378	S	241	63	304	0.00002
Edwardsiella ictaluri	67780	S	132	259	391	0.00003
Edwardsiella piscicida	1263550	S	51	739	790	0.00006
Edwardsiella sp. EA181011	1578828	S	12	150	162	0.00001
Hafnia alvei	569	S	80	119	199	0.00002
Hafnia paralvei	546367	S	35	18	53	0.00000
Obesumbacterium proteus	82983	S	43	38	81	0.00001
Morganella morganii	582	S	470	583	1053	0.00008
Xenorhabdus doucetiae	351671	S	104	18	122	0.00001
Xenorhabdus bovienii	40576	S	91	25	116	0.00001
Xenorhabdus nematophila	628	S	51	9	60	0.00000
Xenorhabdus poinarii	40577	S	37	8	45	0.00000
Xenorhabdus budapestensis	290110	S	28	4	32	0.00000
Xenorhabdus hominickii	351679	S	24	4	28	0.00000
Providencia rettgeri	587	S	88	196	284	0.00002
Providencia alcalifaciens	126385	S	55	29	84	0.00001
Providencia heimbachae	333962	S	21	10	31	0.00000
Providencia sp. R33	2828763	S	21	5	26	0.00000
Providencia rustigianii	158850	S	19	8	27	0.00000
Providencia sneebia	516075	S	15	1	16	0.00000
Photorhabdus thracensis	230089	S	86	20	106	0.00001
Photorhabdus akhurstii	171438	S	37	9	46	0.00000
Photorhabdus asymbiotica	291112	S	30	4	34	0.00000
Photorhabdus laumondii	2218628	S	30	8	38	0.00000
Proteus mirabilis	584	S	57	132	189	0.00002
Proteus vulgaris	585	S	37	99	136	0.00001
Proteus hauseri	183417	S	13	3	16	0.00000
Arsenophonus endosymbiont of Aphis craccivora	1231049	S	15	6	21	0.00000
Arsenophonus endosymbiont of Apis mellifera	1541805	S	12	7	19	0.00000
Arsenophonus nasoniae	638	S	12	7	19	0.00000
Candidatus Arsenophonus lipoptenae	634113	S	11	0	11	0.00000
Moellerella wisconsensis	158849	S	23	22	45	0.00000
Sodalis sp. dw_23	2697027	S	504	40	544	0.00004
Sodalis endosymbiont of Henestaris halophilus	1929246	S	15	0	15	0.00000
Sodalis praecaptivus	1239307	S	236	172	408	0.00003
Sodalis glossinidius	63612	S	230	38	268	0.00002
Candidatus Sodalis pierantonius	1486991	S	99	77	176	0.00001
Leminorella richardii	158841	S	157	25	182	0.00001
Pragia fontium	82985	S	51	8	59	0.00000
Jinshanibacter zhutongyuii	2498113	S	40	8	48	0.00000
Limnobaculum parvum	2172103	S	31	8	39	0.00000
Thioalkalivibrio sulfidiphilus	1033854	S	2184	1559	3743	0.00030
Thioalkalivibrio paradoxus	108010	S	2004	671	2675	0.00021
Thioalkalivibrio nitratireducens	186931	S	1921	581	2502	0.00020
Thioalkalivibrio sp. K90mix	396595	S	1492	219	1711	0.00014
Thioalkalivibrio versutus	106634	S	1480	226	1706	0.00014
Spiribacter sp. E85	2182432	S	3989	450	4439	0.00035
Spiribacter sp. 2438	2666185	S	797	92	889	0.00007
Spiribacter curvatus	1335757	S	984	64	1048	0.00008
Spiribacter salinus	1335746	S	666	60	726	0.00006
Acidihalobacter aeolianus	2792603	S	1676	271	1947	0.00016
Acidihalobacter ferrooxydans	1765967	S	1382	170	1552	0.00012
Acidihalobacter yilgarnensis	2819280	S	973	76	1049	0.00008
Halorhodospira halophila	1053	S	1873	245	2118	0.00017
Halorhodospira halochloris	1052	S	322	16	338	0.00003
Aquisalimonas sp. 2447	2740807	S	1902	153	2055	0.00016
Alkalilimnicola ehrlichii	351052	S	1785	266	2051	0.00016
Ectothiorhodospira sp. BSL-9	1442136	S	673	249	922	0.00007
Ectothiorhodospira haloalkaliphila	421628	S	639	249	888	0.00007
Ectothiorhodosinus mongolicus	233100	S	278	21	299	0.00002
Allochromatium tepidum	553982	S	1487	854	2341	0.00019
Allochromatium vinosum	1049	S	1467	681	2148	0.00017
Candidatus Thiodictyon syntrophicum	1166950	S	3146	199	3345	0.00027
Thioflavicoccus mobilis	80679	S	3071	334	3405	0.00027
Marichromatium purpuratum	37487	S	2707	621	3328	0.00027
Thiocapsa bogorovii	521689	S	2298	145	2443	0.00019
Thiocystis violascens	73141	S	1774	178	1952	0.00016
Thermochromatium tepidum	1050	S	1111	306	1417	0.00011
Caldichromatium japonicum	2699430	S	812	108	920	0.00007
Nitrosococcus wardiae	1814290	S	219	33	252	0.00002
Nitrosococcus halophilus	133539	S	197	31	228	0.00002
Nitrosococcus oceani	1229	S	139	38	177	0.00001
Nitrosococcus watsonii	473531	S	138	41	179	0.00001
Rheinheimera sp. F8	1763998	S	106	8	114	0.00001
Rheinheimera sp. D18	2545632	S	42	44	86	0.00001
Rheinheimera mangrovi	2498451	S	48	7	55	0.00000
Candidatus Nitrosacidococcus tergens	553981	S	63	3	66	0.00001
Candidatus Nitrosoglobus terrae	1630141	S	44	3	47	0.00000
Wenzhouxiangella marina	1579979	S	1969	152	2121	0.00017
Wenzhouxiangella sp. AB-CW3	2771012	S	1268	67	1335	0.00011
Thiohalobacter sp. COW1	2795687	S	449	1056	1505	0.00012
Thiohalobacter thiocyanaticus	585455	S	368	1071	1439	0.00011
Guyparkeria halophila	47960	S	1956	568	2524	0.00020
Sulfurivermis fontis	1972068	S	1888	876	2764	0.00022
Halothiobacillus sp. LS2	1860122	S	798	93	891	0.00007
Halothiobacillus neapolitanus	927	S	324	45	369	0.00003
Woeseia oceani	1548547	S	1106	23	1129	0.00009
Sulfuriflexus mobilis	1811807	S	429	15	444	0.00004
Granulosicoccus antarcticus	437505	S	308	6	314	0.00003
Halomonas sp. THAF5a	2587844	S	1513	673	2186	0.00017
Halomonas sp. 1513	1883416	S	1182	312	1494	0.00012
Halomonas sp. JS92-SW72	2306583	S	1073	1273	2346	0.00019
Halomonas sp. THAF12	2587849	S	1046	713	1759	0.00014
Halomonas sp. HG01	1609967	S	1044	498	1542	0.00012
Halomonas sp. MCCC 1A13316	2733487	S	1009	156	1165	0.00009
Halomonas sp. YLGW01	2773308	S	999	197	1196	0.00010
Halomonas sp. PGE1	2730360	S	648	951	1599	0.00013
Halomonas sp. Y2R2	2562282	S	376	24	400	0.00003
Halomonas sp. A40-4	2785909	S	288	87	375	0.00003
Halomonas sp. SH5A2	2749040	S	236	46	282	0.00002
Halomonas sp. KO116	1504981	S	206	99	305	0.00002
Halomonas sp. R57-5	1610576	S	191	91	282	0.00002
Halomonas sp. 18071143	2855441	S	164	420	584	0.00005
Halomonas sp. FeN2	2832500	S	144	72	216	0.00002
Halomonas sp. SS10-MC5	2854257	S	106	1125	1231	0.00010
Halomonas sp. SF2003	2136172	S	104	500	604	0.00005
Halomonas sp. GFAJ-1	1118153	S	102	21	123	0.00001
Halomonas sp. NyZ770	2883106	S	96	472	568	0.00005
Halomonas sp. TD01	999141	S	72	42	114	0.00001
Halomonas sp. hl-4	1761789	S	55	353	408	0.00003
Halomonas sp. GT	1971364	S	53	42	95	0.00001
Halomonas sp. HL-93	1666906	S	44	291	335	0.00003
Halomonas sp. N3-2A	2014541	S	43	63	106	0.00001
Halomonas beimenensis	475662	S	1633	384	2017	0.00016
Halomonas aestuarii	1897729	S	1217	305	1522	0.00012
Halomonas socia	1081866	S	1091	249	1340	0.00011
Halomonas sulfidivorans	2733488	S	1024	249	1273	0.00010
Halomonas tianxiuensis	2497861	S	920	242	1162	0.00009
Halomonas elongata	2746	S	857	104	961	0.00008
Halomonas chromatireducens	507626	S	728	69	797	0.00006
Halomonas subglaciescola	29571	S	573	73	646	0.00005
Halomonas meridiana	29570	S	514	493	1007	0.00008
Halomonas huangheensis	1178482	S	426	28	454	0.00004
Halomonas piezotolerans	2609667	S	312	197	509	0.00004
Halomonas profundi	2852117	S	163	27	190	0.00002
Halomonas sulfidoxydans	2733484	S	142	1483	1625	0.00013
Halomonas titanicae	664683	S	120	721	841	0.00007
Halomonas hydrothermalis	115561	S	102	350	452	0.00004
Halomonas venusta	44935	S	66	99	165	0.00001
Halomonas campaniensis	213554	S	15	84	99	0.00001
Halomonas alkaliphila	272774	S	12	73	85	0.00001
Cobetia sp. L2A1	2686360	S	328	45	373	0.00003
Cobetia sp. cqz5-12	2609415	S	218	310	528	0.00004
Cobetia sp. 4B	2758724	S	90	401	491	0.00004
Cobetia sp. AM6	2661553	S	79	457	536	0.00004
Cobetia pacifica	1055101	S	122	343	465	0.00004
Cobetia amphilecti	1055104	S	72	450	522	0.00004
Cobetia marina	28258	S	15	181	196	0.00002
Halotalea alkalilenta	376489	S	1604	379	1983	0.00016
Salinicola tamaricis	1771309	S	1512	204	1716	0.00014
Kushneria phosphatilytica	657387	S	407	18	425	0.00003
Kushneria marisflavi	157779	S	374	87	461	0.00004
Kushneria konosiri	698828	S	372	89	461	0.00004
Chromohalobacter salexigens	158080	S	1175	150	1325	0.00011
Pistricoccus aurantiacus	1883414	S	786	62	848	0.00007
Zymobacter palmae	33074	S	226	36	262	0.00002
Candidatus Portiera aleyrodidarum	91844	S	56	44	100	0.00001
Candidatus Carsonella ruddii	114186	S	13	8	21	0.00000
Alcanivorax sp. N3-2A	2014542	S	1272	1588	2860	0.00023
Alcanivorax sp. NBRC 101098	1113728	S	12	195	207	0.00002
Alcanivorax pacificus	1306787	S	1006	443	1449	0.00012
Alcanivorax xenomutans	1094342	S	543	330	873	0.00007
Alcanivorax dieselolei	285091	S	531	197	728	0.00006
Ketobacter alkanivorans	1917421	S	190	17	207	0.00002
Marinobacterium aestuarii	1821621	S	672	60	732	0.00006
Marinobacterium sediminicola	518898	S	291	51	342	0.00003
Marinobacterium georgiense	48076	S	286	110	396	0.00003
Marinobacterium sp. LSUCC0821	2668067	S	39	3	42	0.00000
Marinomonas sp. A3A	2065312	S	42	4	46	0.00000
Marinomonas sp. CT5	2066133	S	41	3	44	0.00000
Marinomonas sp. FW-1	2071621	S	25	5	30	0.00000
Marinomonas profundi	2726122	S	58	17	75	0.00001
Marinomonas primoryensis	178399	S	52	7	59	0.00000
Marinomonas arctica	383750	S	49	10	59	0.00000
Marinomonas mediterranea	119864	S	45	4	49	0.00000
Marinomonas posidonica	936476	S	45	6	51	0.00000
Marinomonas algicola	2773454	S	38	8	46	0.00000
Marinomonas foliarum	491950	S	31	9	40	0.00000
Thalassolituus sp. C2-1	2597518	S	149	11	160	0.00001
Thalassolituus oleivorans	187493	S	71	22	93	0.00001
Venatorbacter cucullus	2661630	S	203	58	261	0.00002
Bacterioplanes sanyensis	1249553	S	172	11	183	0.00001
Neptunomonas phycophila	1572645	S	46	4	50	0.00000
Neptunomonas japonica	417574	S	45	4	49	0.00000
Neptunomonas concharum	1031538	S	34	3	37	0.00000
Nitrincola iocasae	2614693	S	91	19	110	0.00001
Amphritea japonica	452627	S	68	6	74	0.00001
Bermanella marisrubri	207949	S	42	2	44	0.00000
Hahella chejuensis	158327	S	410	72	482	0.00004
Hahella sp. KA22	1628392	S	389	79	468	0.00004
Saccharospirillum mangrovi	2161747	S	429	31	460	0.00004
Reinekea forsetii	1336806	S	225	14	239	0.00002
Gynuella sunshinyii	1445505	S	158	5	163	0.00001
Litoricola lipolytica	418701	S	307	18	325	0.00003
Spartinivicinus ruber	2683272	S	136	5	141	0.00001
Endozoicomonas montiporae	1027273	S	109	7	116	0.00001
Oleiphilus messinensis	141451	S	106	9	115	0.00001
Methylococcus sp. EFPC2	2812648	S	1812	149	1961	0.00016
Methylococcus sp. Mc7	2860258	S	1535	548	2083	0.00017
Methylococcus capsulatus	414	S	1508	411	1919	0.00015
Methylococcus geothermalis	2681310	S	1336	414	1750	0.00014
Methylomonas sp. LL1	2785785	S	481	25	506	0.00004
Methylomonas sp. DH-1	1727196	S	225	407	632	0.00005
Methylomonas sp. LW13	107637	S	197	109	306	0.00002
Methylomonas sp. EFPC1	2812647	S	183	108	291	0.00002
Methylomonas koyamae	702114	S	499	487	986	0.00008
Methylomonas rhizoryzae	2608981	S	470	21	491	0.00004
Methylomonas denitrificans	1538553	S	390	28	418	0.00003
Methylomonas methanica	421	S	372	21	393	0.00003
Methylomonas paludis	1173101	S	143	7	150	0.00001
Methylocaldum marinum	1432792	S	1985	140	2125	0.00017
Methylomicrobium album	39775	S	1596	73	1669	0.00013
Methylomicrobium sp. wino1	2049332	S	307	257	564	0.00004
Methylomagnum ishizawai	1760988	S	1820	93	1913	0.00015
Methylogaea oryzae	1295382	S	1674	152	1826	0.00015
Candidatus Methylospira mobilis	1808979	S	649	32	681	0.00005
Methylotuvimicrobium buryatense	95641	S	164	196	360	0.00003
Methylotuvimicrobium alcaliphilum	271065	S	156	217	373	0.00003
Methylovulum psychrotolerans	1704499	S	286	8	294	0.00002
Methylobacter sp. S3L5C	2839024	S	86	6	92	0.00001
Aeromonas sp. FDAARGOS 1415	2778064	S	283	182	465	0.00004
Aeromonas sp. CA23	2033032	S	245	124	369	0.00003
Aeromonas sp. FDAARGOS 1409	2778058	S	195	320	515	0.00004
Aeromonas sp. CU5	2033033	S	124	61	185	0.00001
Aeromonas sp. FDAARGOS 1407	2778056	S	59	210	269	0.00002
Aeromonas sp. 1805	2560028	S	45	141	186	0.00001
Aeromonas sp. ASNIH4	1636609	S	45	255	300	0.00002
Aeromonas sp. FDAARGOS 1403	2778052	S	43	147	190	0.00002
Aeromonas sp. FDAARGOS 1410	2778059	S	41	110	151	0.00001
Aeromonas sp. FDAARGOS 1405	2778054	S	36	67	103	0.00001
Aeromonas sp. 2692-1	2560029	S	29	162	191	0.00002
Aeromonas sp. ASNIH1	1636606	S	23	524	547	0.00004
Aeromonas sp. ASNIH5	1758179	S	19	377	396	0.00003
Aeromonas sp. WP2-W18-CRE-05	2675707	S	19	865	884	0.00007
Aeromonas sp. FDAARGOS 1402	2778051	S	19	231	250	0.00002
Aeromonas sp. FDAARGOS 1408	2778057	S	18	117	135	0.00001
Aeromonas sp. FDAARGOS 1414	2778063	S	16	56	72	0.00001
Aeromonas sp. FDAARGOS 1416	2778065	S	16	52	68	0.00001
Aeromonas sp. FDAARGOS 1419	2778068	S	16	52	68	0.00001
Aeromonas sp. FDAARGOS 1417	2778066	S	15	48	63	0.00001
Aeromonas sp. FDAARGOS 1404	2778053	S	15	60	75	0.00001
Aeromonas sp. FDAARGOS 1411	2778060	S	15	53	68	0.00001
Aeromonas sp. ASNIH2	1636607	S	11	172	183	0.00001
Aeromonas sp. FDAARGOS 1406	2778055	S	10	111	121	0.00001
Aeromonas sp. ASNIH3	1636608	S	10	555	565	0.00005
Aeromonas sp. FDAARGOS 1418	2778067	S	10	119	129	0.00001
Aeromonas hydrophila	644	S	1317	3649	4966	0.00040
Aeromonas veronii	654	S	937	2391	3328	0.00027
Aeromonas schubertii	652	S	649	229	878	0.00007
Aeromonas media	651	S	612	1406	2018	0.00016
Aeromonas encheleia	73010	S	587	243	830	0.00007
Aeromonas salmonicida	645	S	558	751	1309	0.00010
Aeromonas simiae	218936	S	518	620	1138	0.00009
Aeromonas caviae	648	S	448	4206	4654	0.00037
Aeromonas enteropelogenes	29489	S	347	324	671	0.00005
Aeromonas rivuli	648794	S	335	113	448	0.00004
Aeromonas dhakensis	196024	S	296	668	964	0.00008
Aeromonas jandaei	650	S	250	287	537	0.00004
Aeromonas sanarellii	633415	S	100	593	693	0.00006
Aeromonas allosaccharophila	656	S	58	105	163	0.00001
Aeromonas rivipollensis	948519	S	52	93	145	0.00001
Zobellella denitrificans	347534	S	1186	320	1506	0.00012
Oceanimonas sp. GK1	511062	S	564	138	702	0.00006
Dongshaea marina	2047966	S	195	22	217	0.00002
Oceanisphaera profunda	1416627	S	94	17	111	0.00001
Oceanisphaera avium	1903694	S	43	9	52	0.00000
Tolumonas auensis	43948	S	101	52	153	0.00001
Succinivibrio dextrinosolvens	83771	S	39	2	41	0.00000
Solimonas sp. K1W22B-7	2303331	S	7709	958	8667	0.00069
Flagellatimonas centrodinii	2806210	S	2089	177	2266	0.00018
Sinimarinibacterium sp. NLF-5-8	2698684	S	998	676	1674	0.00013
Steroidobacter denitrificans	465721	S	6062	2095	8157	0.00065
Sulfurifustis variabilis	1675686	S	8402	642	9044	0.00072
Sulfuricaulis limicola	1620215	S	3588	331	3919	0.00031
Acidiferrobacter sp. SPIII_3	1281578	S	1002	297	1299	0.00010
Acidiferrobacter thiooxydans	163359	S	830	248	1078	0.00009
Microbulbifer sp. YPW16	2904242	S	758	81	839	0.00007
Microbulbifer sp. SH-1	2681547	S	618	111	729	0.00006
Microbulbifer sp. YPW1	2745199	S	411	84	495	0.00004
Microbulbifer sp. ALW1	1516059	S	331	64	395	0.00003
Microbulbifer sp. A4B17	359370	S	134	36	170	0.00001
Microbulbifer sp. GL-2	2591606	S	121	24	145	0.00001
Microbulbifer sp. THAF38	2587856	S	111	43	154	0.00001
Microbulbifer aggregans	1769779	S	494	68	562	0.00004
Microbulbifer hydrolyticus	48074	S	413	84	497	0.00004
Microbulbifer celer	435905	S	384	53	437	0.00003
Microbulbifer thermotolerans	252514	S	383	27	410	0.00003
Microbulbifer elongatus	86173	S	348	63	411	0.00003
Microbulbifer agarilyticus	260552	S	237	30	267	0.00002
Microbulbifer variabilis	266805	S	102	41	143	0.00001
Kineobactrum salinum	2708301	S	1016	46	1062	0.00008
Halioglobus japonicus	930805	S	367	20	387	0.00003
Halioglobus maricola	2601894	S	319	14	333	0.00003
Congregibacter litoralis	393662	S	413	191	604	0.00005
Aequoribacter fuscus	2518989	S	113	17	130	0.00001
Cellvibrio sp. PSBB006	1987723	S	389	13	402	0.00003
Cellvibrio sp. KY-GH-1	2303332	S	182	15	197	0.00002
Cellvibrio sp. KY-YJ-3	454662	S	158	25	183	0.00001
Cellvibrio sp. PSBB023	1945512	S	127	14	141	0.00001
Cellvibrio japonicus	155077	S	206	15	221	0.00002
Teredinibacter turnerae	2426	S	226	10	236	0.00002
Teredinibacter haidensis	2731755	S	106	6	112	0.00001
Teredinibacter purpureus	2731756	S	81	2	83	0.00001
Simiduia agarivorans	447471	S	394	23	417	0.00003
Marinagarivorans sp. GE09	2721545	S	71	6	77	0.00001
Saccharophagus degradans	86304	S	66	2	68	0.00001
Agarilytica rhodophyticola	1737490	S	57	1	58	0.00000
Spongiibacter nanhainus	2794344	S	325	40	365	0.00003
Spongiibacter taiwanensis	1748242	S	305	15	320	0.00003
Spongiibacter sp. IMCC21906	1620392	S	92	27	119	0.00001
Zhongshania aliphaticivorans	1470434	S	134	10	144	0.00001
Oceanicoccus sagamiensis	716816	S	92	2	94	0.00001
Shewanella sp. FJAT-53555	2864204	S	71	68	139	0.00001
Shewanella sp. FJAT-53764	2864207	S	58	99	157	0.00001
Shewanella sp. FJAT-52076	2864202	S	55	86	141	0.00001
Shewanella sp. Scap07	2589987	S	50	7	57	0.00000
Shewanella sp. FJAT-54031	2864209	S	48	79	127	0.00001
Shewanella sp. FJAT-53681	2864205	S	47	83	130	0.00001
Shewanella sp. KX20019	2803864	S	43	6	49	0.00000
Shewanella sp. FJAT-53532	2864203	S	41	77	118	0.00001
Shewanella sp. FJAT-51860	2864212	S	38	6	44	0.00000
Shewanella sp. SNU WT4	2590015	S	38	11	49	0.00000
Shewanella sp. FJAT-53870	2864208	S	38	7	45	0.00000
Shewanella sp. FJAT-52072	2864213	S	36	53	89	0.00001
Shewanella sp. FJAT-53749	2864206	S	33	7	40	0.00000
Shewanella sp. Arc9-LZ	2698686	S	25	11	36	0.00000
Shewanella sp. WE21	2029986	S	25	14	39	0.00000
Shewanella sp. FJAT-51754	2864211	S	24	37	61	0.00000
Shewanella sp. Pdp11	2059264	S	23	72	95	0.00001
Shewanella sp. OM3-2	2908650	S	21	3	24	0.00000
Shewanella sp. MR-4	60480	S	18	20	38	0.00000
Shewanella sp. ANA-3	94122	S	12	35	47	0.00000
Shewanella sp. FJAT-51649	2864210	S	11	18	29	0.00000
Shewanella cyperi	2814292	S	203	120	323	0.00003
Shewanella khirikhana	1965282	S	201	35	236	0.00002
Shewanella algae	38313	S	198	190	388	0.00003
Shewanella marisflavi	260364	S	124	27	151	0.00001
Shewanella litorisediminis	1173586	S	121	32	153	0.00001
Shewanella putrefaciens	24	S	118	431	549	0.00004
Shewanella sedimentimangrovi	2814293	S	114	93	207	0.00002
Shewanella baltica	62322	S	109	152	261	0.00002
Shewanella amazonensis	60478	S	93	25	118	0.00001
Shewanella yunxiaonensis	2829809	S	78	14	92	0.00001
Shewanella sediminis	271097	S	78	11	89	0.00001
Shewanella dokdonensis	712036	S	71	7	78	0.00001
Shewanella avicenniae	2814294	S	69	13	82	0.00001
Shewanella benthica	43661	S	65	15	80	0.00001
Shewanella psychropiezotolerans	2593655	S	61	12	73	0.00001
Shewanella pealeana	70864	S	53	10	63	0.00001
Shewanella loihica	359303	S	52	95	147	0.00001
Shewanella psychrophila	225848	S	51	7	58	0.00000
Shewanella denitrificans	192073	S	50	8	58	0.00000
Shewanella oneidensis	70863	S	49	16	65	0.00001
Shewanella xiamenensis	332186	S	44	254	298	0.00002
Shewanella psychromarinicola	2487742	S	43	7	50	0.00000
Shewanella halifaxensis	271098	S	41	6	47	0.00000
Shewanella carassii	1987584	S	41	49	90	0.00001
Shewanella maritima	2520507	S	38	4	42	0.00000
Shewanella decolorationis	256839	S	36	45	81	0.00001
Shewanella piezotolerans	404011	S	35	4	39	0.00000
Shewanella woodyi	60961	S	34	4	38	0.00000
Shewanella violacea	60217	S	31	6	37	0.00000
Shewanella indica	768528	S	31	47	78	0.00001
Shewanella inventionis	1738770	S	31	16	47	0.00000
Shewanella glacialimarina	2590884	S	30	4	34	0.00000
Shewanella livingstonensis	150120	S	30	7	37	0.00000
Shewanella chilikensis	558541	S	25	84	109	0.00001
Shewanella vesiculosa	518738	S	24	6	30	0.00000
Shewanella donghaensis	238836	S	21	2	23	0.00000
Shewanella aestuarii	1028752	S	20	8	28	0.00000
Shewanella frigidimarina	56812	S	13	7	20	0.00000
Shewanella bicestrii	2018305	S	11	50	61	0.00000
Parashewanella tropica	2547970	S	25	3	28	0.00000
Parashewanella spongiae	342950	S	22	2	24	0.00000
Alteromonas sp. RKMC-009	2267264	S	95	12	107	0.00001
Alteromonas sp. RW2A1	1917158	S	21	78	99	0.00001
Alteromonas sp. BL110	1714845	S	18	3	21	0.00000
Alteromonas sp. 76-1	2358187	S	18	6	24	0.00000
Alteromonas sp. MB-3u-76	2058133	S	11	23	34	0.00000
Alteromonas macleodii	28108	S	128	53	181	0.00001
Alteromonas pelagimontana	1858656	S	82	12	94	0.00001
Alteromonas mediterranea	314275	S	60	27	87	0.00001
Alteromonas australica	589873	S	21	35	56	0.00000
Alteromonas naphthalenivorans	715451	S	12	6	18	0.00000
Alteromonas stellipolaris	233316	S	11	38	49	0.00000
Salinimonas marina	2785918	S	95	10	105	0.00001
Salinimonas lutimaris	914153	S	87	17	104	0.00001
Salinimonas iocasae	2572577	S	61	12	73	0.00001
Salinimonas sediminis	2303538	S	51	11	62	0.00001
Hydrocarboniclastica marina	2259620	S	463	78	541	0.00004
Agarivorans sp. TSD2052	2937286	S	31	4	35	0.00000
Agarivorans sp. B2Z047	2652721	S	16	12	28	0.00000
Agarivorans gilvus	680279	S	42	4	46	0.00000
Agarivorans aestuarii	1563703	S	28	10	38	0.00000
Agarivorans albus	182262	S	12	9	21	0.00000
Lacimicrobium alkaliphilum	1526571	S	150	12	162	0.00001
Saliniradius amylolyticus	2183582	S	135	14	149	0.00001
Paraglaciecola sp. L1A13	2686359	S	41	3	44	0.00000
Paraglaciecola sp. L3A3	2686358	S	21	1	22	0.00000
Paraglaciecola mesophila	197222	S	34	3	37	0.00000
Paraglaciecola psychrophila	326544	S	33	2	35	0.00000
Glaciecola nitratireducens	300231	S	89	7	96	0.00001
Paraneptunicella aestuarii	2831148	S	69	4	73	0.00001
Catenovulum sediminis	1740262	S	39	3	42	0.00000
Saccharobesus litoralis	2172099	S	35	2	37	0.00000
Pseudoalteromonas sp. R3	1709477	S	66	13	79	0.00001
Pseudoalteromonas sp. A25	116092	S	35	5	40	0.00000
Pseudoalteromonas sp. THAF3	2587843	S	21	31	52	0.00000
Pseudoalteromonas sp. GCY	2003316	S	19	27	46	0.00000
Pseudoalteromonas sp. A22	327511	S	14	41	55	0.00000
Pseudoalteromonas sp. DL-6	1390185	S	13	17	30	0.00000
Pseudoalteromonas rubra	43658	S	194	28	222	0.00002
Pseudoalteromonas viridis	339617	S	106	37	143	0.00001
Pseudoalteromonas luteoviolacea	43657	S	68	11	79	0.00001
Pseudoalteromonas piscicida	43662	S	50	66	116	0.00001
Pseudoalteromonas shioyasakiensis	1190813	S	41	21	62	0.00000
Pseudoalteromonas xiamenensis	882626	S	40	5	45	0.00000
Pseudoalteromonas spongiae	298657	S	34	8	42	0.00000
Pseudoalteromonas prydzensis	182141	S	32	6	38	0.00000
Pseudoalteromonas tunicata	314281	S	26	4	30	0.00000
Pseudoalteromonas phenolica	161398	S	25	3	28	0.00000
Pseudoalteromonas ulvae	107327	S	22	2	24	0.00000
Pseudoalteromonas piratica	1348114	S	21	3	24	0.00000
Pseudoalteromonas ruthenica	151081	S	17	25	42	0.00000
Pseudoalteromonas aliena	247523	S	17	7	24	0.00000
Pseudoalteromonas translucida	166935	S	15	71	86	0.00001
Pseudoalteromonas agarivorans	176102	S	14	53	67	0.00001
Pseudoalteromonas carrageenovora	227	S	13	5	18	0.00000
Pseudoalteromonas espejiana	28107	S	13	4	17	0.00000
Pseudoalteromonas mariniglutinosa	206042	S	10	28	38	0.00000
Psychrosphaera ytuae	2820710	S	30	9	39	0.00000
Psychrosphaera aestuarii	1266052	S	15	3	18	0.00000
Flocculibacter collagenilyticus	2744479	S	25	2	27	0.00000
Ferrimonas balearica	44012	S	480	70	550	0.00004
Ferrimonas lipolytica	2724191	S	96	16	112	0.00001
Colwellia sp. PAMC 20917	1816218	S	33	2	35	0.00000
Colwellia sp. Arc7-635	2497879	S	32	4	36	0.00000
Colwellia sp. MT41	58049	S	19	2	21	0.00000
Colwellia sp. Arc7-D	2161872	S	19	2	21	0.00000
Colwellia sp. 20A7	2689569	S	19	2	21	0.00000
Colwellia psychrerythraea	28229	S	17	2	19	0.00000
Thalassotalea sp. PS06	2594005	S	35	6	41	0.00000
Thalassotalea sp. HSM 43	2552945	S	29	6	35	0.00000
Thalassotalea sp. LPB0316	2769490	S	18	6	24	0.00000
Thalassotalea crassostreae	1763536	S	22	2	24	0.00000
Cognaticolwellia beringensis	1967665	S	22	3	25	0.00000
Litorilituus sediminis	718192	S	21	2	23	0.00000
Idiomarina sp. OT37-5b	2100422	S	102	28	130	0.00001
Idiomarina sp. X4	2055892	S	23	14	37	0.00000
Idiomarina loihiensis	135577	S	59	0	59	0.00000
Idiomarina abyssalis	86102	S	37	5	42	0.00000
Idiomarina piscisalsi	1096243	S	25	15	40	0.00000
Moritella sp. 24	2746230	S	18	24	42	0.00000
Moritella yayanosii	69539	S	38	16	54	0.00000
Moritella marina	90736	S	21	7	28	0.00000
Psychromonas ingrahamii	357794	S	55	9	64	0.00001
Psychromonas sp. CNPT3	314282	S	21	6	27	0.00000
Vibrio parahaemolyticus	670	S	196	99	295	0.00002
Vibrio diabolicus	50719	S	34	58	92	0.00001
Vibrio harveyi	669	S	49	27	76	0.00001
Vibrio alginolyticus	663	S	45	149	194	0.00002
Vibrio campbellii	680	S	45	94	139	0.00001
Vibrio owensii	696485	S	37	41	78	0.00001
Vibrio azureus	512649	S	36	5	41	0.00000
Vibrio natriegens	691	S	31	61	92	0.00001
Vibrio rotiferianus	190895	S	24	14	38	0.00000
Vibrio jasicida	766224	S	14	33	47	0.00000
Vibrio sp. OG9-811	2841925	S	138	27	165	0.00001
Vibrio sp. B1FLJ16	2751178	S	56	16	72	0.00001
Vibrio sp. THAF190c	2587865	S	37	6	43	0.00000
Vibrio sp. HDW18	2714948	S	33	7	40	0.00000
Vibrio sp. VB16	2785746	S	31	3	34	0.00000
Vibrio sp. Scap24	2589990	S	24	14	38	0.00000
Vibrio sp. SS-MA-C1-2	2908646	S	21	4	25	0.00000
Vibrio sp. SCSIO 43132	2779363	S	20	17	37	0.00000
Vibrio sp. ED004	2785124	S	19	13	32	0.00000
Vibrio sp. B1FIG11	2751177	S	16	68	84	0.00001
Vibrio sp. dhg	2163016	S	10	39	49	0.00000
Vibrio furnissii	29494	S	279	134	413	0.00003
Vibrio fluvialis	676	S	253	65	318	0.00003
Vibrio vulnificus	672	S	227	60	287	0.00002
Vibrio sinaloensis	379097	S	94	16	110	0.00001
Vibrio tubiashii	29498	S	39	22	61	0.00000
Vibrio europaeus	300876	S	21	9	30	0.00000
Vibrio navarrensis	29495	S	111	53	164	0.00001
Vibrio cholerae	666	S	99	162	261	0.00002
Vibrio mimicus	674	S	90	35	125	0.00001
Vibrio anguillarum	55601	S	79	32	111	0.00001
Vibrio cyclitrophicus	47951	S	69	32	101	0.00001
Vibrio coralliilyticus	190893	S	63	58	121	0.00001
Vibrio mediterranei	689	S	54	7	61	0.00000
Vibrio nigripulchritudo	28173	S	50	23	73	0.00001
Vibrio algicola	2662262	S	49	9	58	0.00000
Vibrio spartinae	1918945	S	49	7	56	0.00000
Vibrio maritimus	990268	S	48	6	54	0.00000
Vibrio breoganii	553239	S	48	6	54	0.00000
Vibrio scophthalmi	45658	S	48	11	59	0.00000
Vibrio ponticus	265668	S	46	5	51	0.00000
Vibrio tapetis	52443	S	46	4	50	0.00000
Vibrio gazogenes	687	S	44	7	51	0.00000
Vibrio cincinnatiensis	675	S	43	11	54	0.00000
Vibrio astriarenae	1481923	S	41	6	47	0.00000
Vibrio metschnikovii	28172	S	39	9	48	0.00000
Vibrio metoecus	1481663	S	38	23	61	0.00000
Vibrio taketomensis	2572923	S	38	6	44	0.00000
Vibrio neptunius	170651	S	37	7	44	0.00000
Vibrio zhugei	2479546	S	36	11	47	0.00000
Vibrio penaeicida	104609	S	35	5	40	0.00000
Vibrio splendidus	29497	S	34	18	52	0.00000
Vibrio panuliri	1381081	S	34	5	39	0.00000
Vibrio casei	673372	S	33	12	45	0.00000
Vibrio alfacsensis	1074311	S	33	26	59	0.00000
Vibrio bathopelagicus	2777577	S	32	12	44	0.00000
Vibrio tritonius	1435069	S	31	4	35	0.00000
Vibrio atlanticus	693153	S	31	16	47	0.00000
Vibrio chagasii	170679	S	30	7	37	0.00000
Vibrio crassostreae	246167	S	29	22	51	0.00000
Vibrio kanaloae	170673	S	28	10	38	0.00000
Vibrio ziniensis	2711221	S	26	3	29	0.00000
Vibrio rumoiensis	76258	S	25	19	44	0.00000
Vibrio aquimaris	2587862	S	25	3	28	0.00000
Vibrio cidicii	1763883	S	24	17	41	0.00000
Vibrio aphrogenes	1891186	S	20	3	23	0.00000
Vibrio gigantis	296199	S	18	8	26	0.00000
Vibrio hyugaensis	1534743	S	13	10	23	0.00000
Vibrio qinghaiensis	2025808	S	10	10	20	0.00000
Photobacterium damselae	38293	S	523	243	766	0.00006
Photobacterium sp. GJ3	2829502	S	157	27	184	0.00001
Photobacterium sp. TLY01	2907534	S	134	30	164	0.00001
Photobacterium gaetbulicola	1295392	S	164	19	183	0.00001
Photobacterium ganghwense	320778	S	132	36	168	0.00001
Photobacterium profundum	74109	S	20	2	22	0.00000
Salinivibrio kushneri	1908198	S	103	18	121	0.00001
Salinivibrio sp. YCSC6	2003370	S	20	39	59	0.00000
Salinivibrio costicola	51367	S	17	33	50	0.00000
Grimontia hollisae	673	S	120	18	138	0.00001
Thaumasiovibrio subtropicus	1891207	S	73	11	84	0.00001
Aliivibrio fischeri	668	S	31	6	37	0.00000
Aliivibrio salmonicida	40269	S	17	8	25	0.00000
Paraphotobacterium marinum	1755811	S	10	2	12	0.00000
Acinetobacter sp. WCHAc010034	1879049	S	210	118	328	0.00003
Acinetobacter sp. 10FS3-1	2563897	S	34	30	64	0.00001
Acinetobacter sp. TTH0-4	1646498	S	29	7	36	0.00000
Acinetobacter sp. LoGeW2-3	1808001	S	25	8	33	0.00000
Acinetobacter sp. WCHAc010052	2004647	S	21	15	36	0.00000
Acinetobacter sp. TGL-Y2	1407071	S	17	2	19	0.00000
Acinetobacter sp. ASP199	2773709	S	17	10	27	0.00000
Acinetobacter sp. CS-2	2798861	S	15	11	26	0.00000
Acinetobacter sp. NCu2D-2	1608473	S	14	5	19	0.00000
Acinetobacter sp. C16S1	2609668	S	12	3	15	0.00000
Acinetobacter sp. Marseille-Q1620	2714110	S	12	1	13	0.00000
Acinetobacter sp. SCLZS86	2908637	S	11	23	34	0.00000
Acinetobacter baumannii	470	S	257	1554	1811	0.00014
Acinetobacter pittii	48296	S	81	142	223	0.00002
Acinetobacter calcoaceticus	471	S	41	6	47	0.00000
Acinetobacter seifertii	1530123	S	31	15	46	0.00000
Acinetobacter nosocomialis	106654	S	22	10	32	0.00000
Acinetobacter indicus	756892	S	106	108	214	0.00002
Acinetobacter johnsonii	40214	S	74	70	144	0.00001
Acinetobacter junii	40215	S	68	33	101	0.00001
Acinetobacter lwoffii	28090	S	50	73	123	0.00001
Acinetobacter schindleri	108981	S	49	55	104	0.00001
Acinetobacter haemolyticus	29430	S	38	25	63	0.00001
Acinetobacter soli	487316	S	34	4	38	0.00000
Acinetobacter radioresistens	40216	S	34	6	40	0.00000
Acinetobacter wuhouensis	1879050	S	29	17	46	0.00000
Acinetobacter baylyi	202950	S	26	2	28	0.00000
Acinetobacter variabilis	70346	S	25	42	67	0.00001
Acinetobacter tandoii	202954	S	25	2	27	0.00000
Acinetobacter larvae	1789224	S	25	2	27	0.00000
Acinetobacter dispersus	70348	S	22	2	24	0.00000
Acinetobacter cumulans	2136182	S	19	10	29	0.00000
Acinetobacter lanii	2715163	S	18	2	20	0.00000
Acinetobacter bouvetii	202951	S	18	3	21	0.00000
Acinetobacter gyllenbergii	134534	S	17	1	18	0.00000
Acinetobacter equi	1324350	S	17	2	19	0.00000
Acinetobacter shaoyimingii	2715164	S	16	1	17	0.00000
Acinetobacter towneri	202956	S	14	38	52	0.00000
Acinetobacter venetianus	52133	S	14	4	18	0.00000
Acinetobacter chinensis	2004650	S	12	10	22	0.00000
Acinetobacter piscicola	2006115	S	10	7	17	0.00000
Acinetobacter wanghuae	2662362	S	10	1	11	0.00000
Psychrobacter sp. P11F6	1699621	S	32	33	65	0.00001
Psychrobacter sp. DAB_AL43B	1028416	S	27	6	33	0.00000
Psychrobacter sp. P11G3	1699623	S	17	10	27	0.00000
Psychrobacter sp. P11G5	1699624	S	16	44	60	0.00000
Psychrobacter sp. WY6	2708350	S	13	12	25	0.00000
Psychrobacter sp. 28M-43	2772254	S	12	7	19	0.00000
Psychrobacter sp. KCTC 72983	2733866	S	11	34	45	0.00000
Psychrobacter arenosus	256326	S	31	2	33	0.00000
Psychrobacter sanguinis	861445	S	23	12	35	0.00000
Psychrobacter urativorans	45610	S	21	4	25	0.00000
Psychrobacter arcticus	334543	S	21	11	32	0.00000
Psychrobacter cryohalolentis	330922	S	10	72	82	0.00001
Moraxella osloensis	34062	S	112	21	133	0.00001
Moraxella cuniculi	34061	S	43	5	48	0.00000
Moraxella bovoculi	386891	S	30	53	83	0.00001
Moraxella bovis	476	S	28	8	36	0.00000
Moraxella nonliquefaciens	478	S	27	7	34	0.00000
Moraxella catarrhalis	480	S	23	5	28	0.00000
Moraxella sp. ZY201115	2904121	S	23	2	25	0.00000
Aquirhabdus parva	2283318	S	107	5	112	0.00001
Immundisolibacter cernigliae	1810504	S	3272	726	3998	0.00032
Candidatus Endoriftia persephone	393765	S	876	49	925	0.00007
Candidatus Vesicomyosocius sp. SY067_SCS001	2732590	S	29	27	56	0.00000
Bathymodiolus septemdierum thioautotrophic gill symbiont	113267	S	21	2	23	0.00000
Candidatus Ruthia endofausta	2738852	S	13	5	18	0.00000
Bathymodiolus thermophilus thioautotrophic gill symbiont	2360	S	19	0	19	0.00000
Sedimenticola thiotaurini	1543721	S	625	30	655	0.00005
Candidatus Reidiella endopervernicosa	2738883	S	455	11	466	0.00004
Thiolapillus brandeum	1076588	S	404	11	415	0.00003
Pseudohongiella spirulinae	1249552	S	215	7	222	0.00002
Gallaecimonas mangrovi	2291597	S	145	13	158	0.00001
Celerinatantimonas diazotrophica	412034	S	45	4	49	0.00000
Candidatus Thioglobus autotrophicus	1705394	S	21	1	22	0.00000
Candidatus Thioglobus sp. NP1	2508687	S	11	2	13	0.00000
Ignatzschineria sp. HR5S32	2923279	S	28	3	31	0.00000
Candidatus Steffania adelgidicola	1076626	S	20	0	20	0.00000
Candidatus Pseudothioglobus singularis	1427364	S	18	4	22	0.00000
Methylophaga frappieri	754477	S	114	72	186	0.00001
Methylophaga sp. TMB456	2881052	S	75	36	111	0.00001
Methylophaga nitratireducenticrescens	754476	S	69	18	87	0.00001
Thiomicrorhabdus xiamenensis	2739063	S	106	7	113	0.00001
Thiomicrorhabdus sediminis	2580412	S	62	4	66	0.00001
Thiomicrorhabdus aquaedulcis	2211106	S	49	3	52	0.00000
Thiomicrorhabdus indica	2267253	S	32	1	33	0.00000
Thiomicrorhabdus sp. Am19	2791037	S	23	1	24	0.00000
Thiomicrospira aerophila	92245	S	45	5	50	0.00000
Thiomicrospira sp. S5	1803865	S	45	42	87	0.00001
Thiomicrospira microaerophila	406020	S	44	7	51	0.00000
Thiomicrospira cyclica	147268	S	38	3	41	0.00000
Hydrogenovibrio thermophilus	265883	S	84	76	160	0.00001
Hydrogenovibrio marinus	28885	S	46	2	48	0.00000
Hydrogenovibrio crunogenus	39765	S	26	1	27	0.00000
Piscirickettsia salmonis	1238	S	74	6	80	0.00001
Thiosulfatimonas sediminis	2675054	S	56	4	60	0.00000
Thiosulfativibrio zosterae	2675053	S	36	2	38	0.00000
Thiothrix litoralis	2891210	S	252	22	274	0.00002
Thiothrix sp. CT3	96472	S	158	62	220	0.00002
Thiothrix subterranea	2735563	S	151	49	200	0.00002
Thiothrix unzii	111769	S	104	64	168	0.00001
Candidatus Thiothrix anitrata	2823902	S	93	65	158	0.00001
Beggiatoa leptomitoformis	288004	S	97	2	99	0.00001
Francisella tularensis	263	S	15	261	276	0.00002
Francisella halioticida	549298	S	12	0	12	0.00000
Francisella frigiditurris	1542390	S	12	0	12	0.00000
Allofrancisella guangzhouensis	594679	S	32	3	35	0.00000
Legionella sp. MW5194	2662448	S	113	21	134	0.00001
Legionella sp. PC997	2755562	S	46	10	56	0.00000
Legionella sp. PC1000	2746060	S	33	6	39	0.00000
Legionella pneumophila	446	S	165	62	227	0.00002
Legionella geestiana	45065	S	141	12	153	0.00001
Legionella spiritensis	452	S	115	13	128	0.00001
Legionella israelensis	454	S	76	4	80	0.00001
Legionella sainthelensi	28087	S	59	10	69	0.00001
Legionella lansingensis	45067	S	58	4	62	0.00000
Legionella jordanis	456	S	54	7	61	0.00000
Legionella anisa	28082	S	46	11	57	0.00000
Legionella longbeachae	450	S	45	18	63	0.00001
Legionella fallonii	96230	S	42	3	45	0.00000
Legionella waltersii	66969	S	40	6	46	0.00000
Legionella cherrii	28084	S	38	2	40	0.00000
Legionella oakridgensis	29423	S	36	3	39	0.00000
Legionella hackeliae	449	S	35	6	41	0.00000
Legionella clemsonensis	1867846	S	34	5	39	0.00000
Legionella antarctica	2708020	S	30	1	31	0.00000
Legionella adelaidensis	45056	S	25	2	27	0.00000
Legionella endosymbiont of Polyplax serrata	2005262	S	10	1	11	0.00000
Tatlockia micdadei	451	S	57	4	61	0.00000
Fluoribacter dumoffii	463	S	39	10	49	0.00000
Aquicella siphonis	254247	S	299	54	353	0.00003
Aquicella lusitana	254246	S	191	37	228	0.00002
Coxiella burnetii	777	S	169	52	221	0.00002
Coxiella endosymbiont of Amblyomma nuttalli	2749996	S	34	4	38	0.00000
Coxiella endosymbiont of Amblyomma sculptum	2487929	S	22	9	31	0.00000
Candidatus Coxiella mudrowiae	2054173	S	54	6	60	0.00000
Rickettsiella endosymbiont of Dermanyssus gallinae	2856608	S	30	12	42	0.00000
Candidatus Rickettsiella viridis	676208	S	23	11	34	0.00000
Salinisphaera sp. LB1	2183911	S	2024	101	2125	0.00017
endosymbiont of unidentified scaly snail isolate Monju	1248727	S	1624	166	1790	0.00014
Abyssogena phaseoliformis symbiont	596095	S	12	3	15	0.00000
Isorropodon fossajaponicum symbiont	883811	S	10	2	12	0.00000
Pasteurella multocida	747	S	419	1169	1588	0.00013
Haemophilus parainfluenzae	729	S	65	25	90	0.00001
Haemophilus influenzae	727	S	50	44	94	0.00001
Haemophilus haemolyticus	726	S	24	12	36	0.00000
[Haemophilus] ducreyi	730	S	17	10	27	0.00000
Haemophilus pittmaniae	249188	S	14	3	17	0.00000
Haemophilus parahaemolyticus	735	S	13	3	16	0.00000
Aggregatibacter actinomycetemcomitans	714	S	81	19	100	0.00001
Aggregatibacter aphrophilus	732	S	47	23	70	0.00001
Aggregatibacter sp. 2125159857	2820817	S	17	8	25	0.00000
Aggregatibacter sp. Marseille-P9115	2866570	S	14	12	26	0.00000
Aggregatibacter segnis	739	S	13	13	26	0.00000
Actinobacillus sp. GY-402	2774188	S	77	44	121	0.00001
Actinobacillus pleuropneumoniae	715	S	19	83	102	0.00001
Actinobacillus equuli	718	S	13	2	15	0.00000
Actinobacillus indolicus	51049	S	12	11	23	0.00000
Actinobacillus porcitonsillarum	189834	S	12	5	17	0.00000
Actinobacillus suis	716	S	10	3	13	0.00000
Actinobacillus delphinicola	51161	S	10	1	11	0.00000
Mannheimia haemolytica	75985	S	36	19	55	0.00000
Mannheimia granulomatis	85402	S	35	8	43	0.00000
Mannheimia varigena	85404	S	29	20	49	0.00000
Avibacterium paragallinarum	728	S	31	10	41	0.00000
Avibacterium volantium	762	S	21	7	28	0.00000
Glaesserella parasuis	738	S	34	26	60	0.00000
Glaesserella sp. 15-184	2030797	S	23	6	29	0.00000
Rodentibacter haemolyticus	2778911	S	27	3	30	0.00000
Rodentibacter heylii	1906744	S	19	2	21	0.00000
Gallibacterium anatis	750	S	25	8	33	0.00000
Histophilus somni	731	S	19	6	25	0.00000
Frederiksenia canicola	123824	S	18	5	23	0.00000
Bibersteinia trehalosi	47735	S	14	8	22	0.00000
Cardiobacterium hominis	2718	S	572	136	708	0.00006
Cardiobacterium sp. Marseille-Q4385	2866573	S	373	79	452	0.00004
Suttonella sp. R2A3	2908648	S	87	6	93	0.00001
Dichelobacter nodosus	870	S	58	18	76	0.00001
Kangiella koreensis	261964	S	68	8	76	0.00001
Kangiella profundi	1561924	S	38	8	46	0.00000
Kangiella sediminilitoris	1144748	S	35	2	37	0.00000
Kangiella geojedonensis	914150	S	32	2	34	0.00000
Gilliamella sp. ESL0405	2704653	S	17	4	21	0.00000
Gilliamella sp. ESL0443	2704655	S	15	5	20	0.00000
Gilliamella apicola	1196095	S	17	6	23	0.00000
Zophobihabitans entericus	1635327	S	24	2	26	0.00000
Frischella perrara	1267021	S	12	4	16	0.00000
Archangium violaceum	83451	S	36624	6165	42789	0.00341
Archangium gephyra	48	S	15048	2871	17919	0.00143
Cystobacter fuscus	43	S	8541	1988	10529	0.00084
Stigmatella aurantiaca	41	S	7169	503	7672	0.00061
Melittangium boletus	83453	S	6208	1325	7533	0.00060
Anaeromyxobacter sp. Red232	2918170	S	16879	1993	18872	0.00150
Anaeromyxobacter sp. Fw109-5	404589	S	14370	2070	16440	0.00131
Anaeromyxobacter sp. Red630	2918171	S	12049	1774	13823	0.00110
Anaeromyxobacter sp. K	447217	S	3056	6718	9774	0.00078
Anaeromyxobacter dehalogenans	161493	S	10079	7920	17999	0.00144
Myxococcus xanthus	34	S	7849	62504	70353	0.00561
Myxococcus hansupus	1297742	S	4375	307	4682	0.00037
Myxococcus stipitatus	83455	S	4009	324	4333	0.00035
Myxococcus sp. SCHIC003	2813577	S	3500	288	3788	0.00030
Corallococcus coralloides	184914	S	7865	3100	10965	0.00087
Corallococcus macrosporus	35	S	5403	766	6169	0.00049
Corallococcus sp. EGB	1521117	S	4992	1893	6885	0.00055
Pyxidicoccus sp. SCPEA002	2813578	S	11785	503	12288	0.00098
Vulgatibacter incomptus	1391653	S	6885	589	7474	0.00060
Sorangium cellulosum	56	S	128230	16707	144937	0.01156
Polyangium aurulentum	2567896	S	26603	2475	29078	0.00232
Chondromyces crocatus	52	S	11963	554	12517	0.00100
Pajaroellobacter abortibovis	1882918	S	244	7	251	0.00002
Sandaracinus amylolyticus	927083	S	39508	2309	41817	0.00333
Labilithrix luteola	1391654	S	14995	687	15682	0.00125
Haliangium ochraceum	80816	S	19976	1148	21124	0.00168
Geomonas sp. RF6	2897342	S	2951	411	3362	0.00027
Geomonas paludis	2740185	S	2032	1122	3154	0.00025
Geomonas nitrogeniifigens	2847991	S	1975	1118	3093	0.00025
Geomonas subterranea	2847989	S	1736	886	2622	0.00021
Geomonas oryzisoli	2847992	S	1597	960	2557	0.00020
Geobacter sp. FeAm09	2597769	S	1879	273	2152	0.00017
Geobacter sp. SVR	2495594	S	1431	233	1664	0.00013
Geobacter sp. DSM 9736	1277350	S	846	68	914	0.00007
Geobacter sulfurreducens	35554	S	2139	545	2684	0.00021
Geobacter pickeringii	345632	S	1965	555	2520	0.00020
Geobacter metallireducens	28232	S	1307	339	1646	0.00013
Geobacter benzoatilyticus	2815309	S	827	203	1030	0.00008
Citrifermentans bremense	60035	S	1840	787	2627	0.00021
Citrifermentans bemidjiense	225194	S	1603	629	2232	0.00018
Geotalea uraniireducens	351604	S	1028	83	1111	0.00009
Geotalea daltonii	1203471	S	588	50	638	0.00005
Geoalkalibacter subterraneus	483547	S	958	860	1818	0.00015
Trichlorobacter lovleyi	313985	S	547	80	627	0.00005
Desulfuromonas versatilis	2802975	S	3310	665	3975	0.00032
Desulfuromonas sp. DDH964	1823759	S	2190	443	2633	0.00021
Desulfuromonas sp. AOP6	1566351	S	854	109	963	0.00008
Desulfuromonas soudanensis	1603606	S	2051	264	2315	0.00018
Pelobacter propionicus	29543	S	1251	493	1744	0.00014
Syntrophotalea acetylenica	29542	S	744	151	895	0.00007
Syntrophotalea carbinolica	19	S	585	50	635	0.00005
Syntrophotalea acetylenivorans	1842532	S	447	67	514	0.00004
Desulfovibrio sp. IOR2	2583823	S	1062	226	1288	0.00010
Desulfovibrio sp. 86	2666132	S	368	97	465	0.00004
Desulfovibrio sp. G11	631220	S	285	213	498	0.00004
Desulfovibrio vulgaris	881	S	1347	75	1422	0.00011
Desulfovibrio sulfodismutans	63561	S	1118	313	1431	0.00011
Desulfovibrio desulfuricans	876	S	927	230	1157	0.00009
Desulfovibrio piger	901	S	841	184	1025	0.00008
Desulfovibrio fairfieldensis	44742	S	731	70	801	0.00006
Desulfovibrio ferrophilus	241368	S	442	40	482	0.00004
Candidatus Desulfovibrio trichonymphae	1725232	S	183	17	200	0.00002
Pseudodesulfovibrio mercurii	641491	S	1446	396	1842	0.00015
Pseudodesulfovibrio indicus	1716143	S	1366	335	1701	0.00014
Pseudodesulfovibrio aespoeensis	182210	S	1071	806	1877	0.00015
Pseudodesulfovibrio cashew	2678688	S	860	194	1054	0.00008
Pseudodesulfovibrio sp. SF6	2810563	S	424	47	471	0.00004
Pseudodesulfovibrio sp. zrk46	2725288	S	353	67	420	0.00003
Pseudodesulfovibrio tunisiensis	463192	S	752	86	838	0.00007
Pseudodesulfovibrio profundus	57320	S	266	280	546	0.00004
Pseudodesulfovibrio piezophilus	879567	S	128	20	148	0.00001
Solidesulfovibrio carbinoliphilus	345370	S	1908	266	2174	0.00017
Solidesulfovibrio magneticus	184917	S	869	569	1438	0.00011
Solidesulfovibrio carbinolicus	296842	S	783	689	1472	0.00012
Oceanidesulfovibrio marinus	370038	S	2096	146	2242	0.00018
Desulfocurvibacter africanus	873	S	1525	129	1654	0.00013
Desulfolutivibrio sulfoxidireducens	2773299	S	1343	405	1748	0.00014
Megalodesulfovibrio gigas	879	S	1097	61	1158	0.00009
Oleidesulfovibrio alaskensis	58180	S	359	512	871	0.00007
Maridesulfovibrio salexigens	880	S	148	21	169	0.00001
Maridesulfovibrio hydrothermalis	191026	S	79	11	90	0.00001
Paradesulfovibrio bizertensis	376490	S	190	21	211	0.00002
Lawsonia intracellularis	29546	S	37	0	37	0.00000
Desulfomicrobium baculatum	899	S	1033	88	1121	0.00009
Desulfomicrobium orale	132132	S	520	138	658	0.00005
Desulfohalobium retbaense	45663	S	437	24	461	0.00004
Desulfosarcina ovata	83564	S	1242	67	1309	0.00010
Desulfosarcina alkanivorans	571177	S	1131	507	1638	0.00013
Desulfosarcina widdelii	947919	S	995	125	1120	0.00009
Desulfococcus multivorans	897	S	872	167	1039	0.00008
Desulfatibacillum aliphaticivorans	218208	S	707	24	731	0.00006
Desulfoluna sp. ASN36	2810562	S	638	34	672	0.00005
Desulfonema magnum	45655	S	379	11	390	0.00003
Desulfonema limicola	45656	S	69	5	74	0.00001
Desulfobacter hydrogenophilus	2291	S	132	23	155	0.00001
Desulfobacter postgatei	2293	S	126	21	147	0.00001
Desulforapulum autotrophicum	2296	S	224	25	249	0.00002
Desulfobacula toluolica	28223	S	79	6	85	0.00001
Desulfobulbus propionicus	894	S	1050	64	1114	0.00009
Desulfobulbus oralis	1986146	S	838	184	1022	0.00008
Desulfobulbus oligotrophicus	1909699	S	241	208	449	0.00004
Desulfurivibrio alkaliphilus	427923	S	836	46	882	0.00007
Desulfomarina profundi	2772557	S	98	10	108	0.00001
Desulfosudis oleivorans	181663	S	824	55	879	0.00007
Desulfosediminicola ganghwensis	2569540	S	211	26	237	0.00002
Desulfosediminicola flagellatus	2569541	S	109	12	121	0.00001
Desulfotalea psychrophila	84980	S	90	17	107	0.00001
Desulfocapsa sulfexigens	65555	S	87	5	92	0.00001
Persicimonas caeni	2292766	S	5507	196	5703	0.00045
Bradymonas sediminis	1548548	S	1755	143	1898	0.00015
Bradymonadales bacterium V1718	2600177	S	739	40	779	0.00006
Syntrophobacter fumaroxidans	119484	S	1533	644	2177	0.00017
Desulfoglaeba alkanexedens	361111	S	1266	74	1340	0.00011
Desulfarculus baarsii	453230	S	2223	1315	3538	0.00028
Desulfomonile tiedjei	2358	S	519	8	527	0.00004
Desulfobacca acetoxidans	60893	S	467	15	482	0.00004
Syntrophus aciditrophicus	316277	S	424	30	454	0.00004
Dissulfurimicrobium hydrothermale	1750598	S	263	18	281	0.00002
Candidatus Desulfofervidus auxilii	1621989	S	110	2	112	0.00001
Hippea maritima	84405	S	68	3	71	0.00001
Campylobacter gracilis	824	S	161	10	171	0.00001
Campylobacter showae	204	S	142	12	154	0.00001
Campylobacter curvus	200	S	130	12	142	0.00001
Campylobacter concisus	199	S	129	18	147	0.00001
Campylobacter sp. 19-13652	2840180	S	24	2	26	0.00000
Campylobacter sp. CCUG 57310	2517362	S	22	6	28	0.00000
Campylobacter sp. RM6914	1032243	S	11	1	12	0.00000
Campylobacter rectus	203	S	75	11	86	0.00001
Campylobacter fetus	196	S	21	6	27	0.00000
Campylobacter jejuni	197	S	20	185	205	0.00002
Campylobacter geochelonis	1780362	S	20	1	21	0.00000
Campylobacter coli	195	S	19	28	47	0.00000
Campylobacter hyointestinalis	198	S	19	4	23	0.00000
Campylobacter pinnipediorum	1965231	S	17	2	19	0.00000
Candidatus Campylobacter infans	2561898	S	14	1	15	0.00000
Campylobacter hominis	76517	S	12	5	17	0.00000
Campylobacter corcagiensis	1448857	S	12	1	13	0.00000
Campylobacter blaseri	2042961	S	11	1	12	0.00000
Campylobacter helveticus	28898	S	11	4	15	0.00000
Campylobacter upsaliensis	28080	S	10	2	12	0.00000
Sulfurimonas sp. HSL-3221	2894755	S	598	49	647	0.00005
Sulfurimonas sp. B2	2590551	S	16	2	18	0.00000
Sulfurimonas sp. H1576	2672570	S	12	1	13	0.00000
Sulfurimonas sp. SWIR-19	2878390	S	12	29	41	0.00000
Sulfurimonas paralvinellae	317658	S	33	5	38	0.00000
Sulfurimonas gotlandica	1176482	S	13	1	14	0.00000
Sulfurimonas lithotrophica	2590022	S	13	1	14	0.00000
Sulfurimonas autotrophica	202747	S	12	2	14	0.00000
Sulfuricurvum kujiense	148813	S	65	4	69	0.00001
Helicobacter pylori	210	S	196	103	299	0.00002
Helicobacter sp. NHP19-0012	2849642	S	38	21	59	0.00000
Helicobacter sp. NHP19-0003	2849641	S	31	10	41	0.00000
Helicobacter canis	29419	S	31	11	42	0.00000
Helicobacter heilmannii	35817	S	26	16	42	0.00000
Helicobacter cinaedi	213	S	21	9	30	0.00000
Helicobacter bizzozeronii	56877	S	20	3	23	0.00000
Helicobacter himalayensis	1591088	S	19	3	22	0.00000
Helicobacter mustelae	217	S	17	4	21	0.00000
Helicobacter bilis	37372	S	16	11	27	0.00000
Helicobacter felis	214	S	16	3	19	0.00000
Helicobacter suis	104628	S	12	6	18	0.00000
Helicobacter cetorum	138563	S	10	1	11	0.00000
Wolinella succinogenes	844	S	54	18	72	0.00001
Nitratifractor salsuginis	269261	S	306	22	328	0.00003
Sulfurovum sp. NBC37-1	387093	S	49	20	69	0.00001
Sulfurovum sp. HSL1-3	2893889	S	44	11	55	0.00000
Sulfurovum sp. XGS-02	2925411	S	26	2	28	0.00000
Sulfurovum lithotrophicum	206403	S	45	21	66	0.00001
Sulfurovum indicum	2779528	S	36	4	40	0.00000
Hydrogenimonas urashimensis	2740515	S	291	30	321	0.00003
Sulfurospirillum cavolei	366522	S	85	8	93	0.00001
Sulfurospirillum sp. UCH001	1581011	S	12	28	40	0.00000
Sulfurospirillum halorespirans	194424	S	42	23	65	0.00001
Sulfurospirillum multivorans	66821	S	22	13	35	0.00000
Sulfurospirillum barnesii	44674	S	11	0	11	0.00000
Sulfurospirillum deleyianum	65553	S	11	1	12	0.00000
Aliarcobacter cryaerophilus	28198	S	11	29	40	0.00000
Arcobacter sp. FWKO B	2593672	S	12	7	19	0.00000
Pseudoarcobacter acticola	1849015	S	14	33	47	0.00000
Nitratiruptor sp. YY09-18	2724901	S	35	36	71	0.00001
Nitratiruptor sp. SB155-2	387092	S	22	34	56	0.00000
Nitrosophilus alvini	2714855	S	76	28	104	0.00001
Nitrosophilus labii	2706014	S	20	13	33	0.00000
Caminibacter mediatlanticus	291048	S	34	25	59	0.00000
Caminibacter pacificus	1424653	S	27	17	44	0.00000
Nautilia profundicola	244787	S	23	10	33	0.00000
Nautilia sp. PV-1	2579250	S	17	6	23	0.00000
Acidithiobacillus caldus	33059	S	659	109	768	0.00006
Acidithiobacillus ferrivorans	160808	S	391	84	475	0.00004
Acidithiobacillus ferrooxidans	920	S	256	266	522	0.00004
Acidithiobacillus thiooxidans	930	S	176	11	187	0.00001
Acidithiobacillus ferriphilus	1689834	S	163	35	198	0.00002
Acidithiobacillus ferridurans	1232575	S	37	334	371	0.00003
Bdellovibrio bacteriovorus	959	S	475	74	549	0.00004
Bdellovibrio sp. LBG001	2835041	S	96	14	110	0.00001
Bdellovibrio sp. ZAP7	2231053	S	78	38	116	0.00001
Bdellovibrio sp. NC01	2220073	S	72	11	83	0.00001
Bdellovibrio sp. KM01	2748865	S	53	27	80	0.00001
Pseudobdellovibrio exovorus	453816	S	68	5	73	0.00001
Bacteriovorax stolpii	960	S	64	12	76	0.00001
Halobacteriovorax marinus	97084	S	31	13	44	0.00000
Halobacteriovorax sp. BALOs_7	2109558	S	24	5	29	0.00000
Fluviispira sanaruensis	2493639	S	34	9	43	0.00000
Silvanigrella aquatica	1915309	S	20	5	25	0.00000
Hydrogenophilus thermoluteolus	297	S	780	180	960	0.00008
Mariprofundus ferrinatatus	1921087	S	279	22	301	0.00002
Mariprofundus aestuarium	1921086	S	185	18	203	0.00002
Streptomyces sp. SCSIO 64649	2878388	S	6159	1463	7622	0.00061
Streptomyces sp. SN-593	659352	S	5603	1728	7331	0.00058
Streptomyces sp. CB01881	2078691	S	5599	1396	6995	0.00056
Streptomyces sp. CdTB01	1725411	S	5385	1900	7285	0.00058
Streptomyces sp. So13.3	2136173	S	5011	1210	6221	0.00050
Streptomyces sp. MA3_2.13	2867410	S	4882	823	5705	0.00046
Streptomyces sp. NHF165	2175864	S	4751	1066	5817	0.00046
Streptomyces sp. P3	2135430	S	4639	1437	6076	0.00048
Streptomyces sp. ZYC-3	2797636	S	4387	1073	5460	0.00044
Streptomyces sp. WAC 01438	2203204	S	4371	1825	6196	0.00049
Streptomyces sp. ST1015	1848900	S	4120	1075	5195	0.00041
Streptomyces sp. NA02950	2742137	S	4100	1032	5132	0.00041
Streptomyces sp. SCUT-3	2684469	S	4089	2091	6180	0.00049
Streptomyces sp. BH-MK-02	2880933	S	3889	1053	4942	0.00039
Streptomyces sp. 3214.6	1882757	S	3819	1369	5188	0.00041
Streptomyces sp. 3025	2923272	S	3776	862	4638	0.00037
Streptomyces sp. Z423-1	2730915	S	3748	1338	5086	0.00041
Streptomyces sp. 891-h	2720714	S	3574	836	4410	0.00035
Streptomyces sp. AMCC400023	2056258	S	3529	1660	5189	0.00041
Streptomyces sp. LRE541	2931983	S	3459	970	4429	0.00035
Streptomyces sp. A2-16	2781734	S	3334	1255	4589	0.00037
Streptomyces sp. GMY02	1333528	S	3311	745	4056	0.00032
Streptomyces sp. DSM 40868	2721173	S	3305	1466	4771	0.00038
Streptomyces sp. BJ20	2930049	S	3303	1644	4947	0.00039
Streptomyces sp. SAT1	1849967	S	3251	1502	4753	0.00038
Streptomyces sp. YIM 121038	2136401	S	3234	1155	4389	0.00035
Streptomyces sp. MST-110588	2833628	S	3197	992	4189	0.00033
Streptomyces sp. NEAU-sy36	2751189	S	3147	1439	4586	0.00037
Streptomyces sp. HM190	2695266	S	3101	1213	4314	0.00034
Streptomyces sp. MBT27	1488356	S	3045	1119	4164	0.00033
Streptomyces sp. C8S0	2585716	S	3007	1092	4099	0.00033
Streptomyces sp. GQFP	2907545	S	2996	638	3634	0.00029
Streptomyces sp. CMB-StM0423	2059884	S	2989	1559	4548	0.00036
Streptomyces sp. GS7	2692234	S	2985	1000	3985	0.00032
Streptomyces sp. W1SF4	2305220	S	2979	1308	4287	0.00034
Streptomyces sp. NA04227	2742136	S	2916	857	3773	0.00030
Streptomyces sp. Go 40/10	2825844	S	2868	1506	4374	0.00035
Streptomyces sp. RTd22	1841249	S	2840	1316	4156	0.00033
Streptomyces sp. MG28	2865673	S	2833	1183	4016	0.00032
Streptomyces sp. JB150	2714844	S	2786	1144	3930	0.00031
Streptomyces sp. QHH-9511	2684468	S	2785	956	3741	0.00030
Streptomyces sp. RPA4-2	2721244	S	2760	973	3733	0.00030
Streptomyces sp. BHT-5-2	2866715	S	2729	1044	3773	0.00030
Streptomyces sp. Go-475	2072505	S	2726	1496	4222	0.00034
Streptomyces sp. Rer75	2750011	S	2633	1340	3973	0.00032
Streptomyces sp. SM18	1736046	S	2444	829	3273	0.00026
Streptomyces sp. 135	2838850	S	2431	946	3377	0.00027
Streptomyces sp. MG62	2838015	S	2368	1062	3430	0.00027
Streptomyces sp. HSG2	2797167	S	2310	643	2953	0.00024
Streptomyces sp. Tu 2975	2676871	S	2231	863	3094	0.00025
Streptomyces sp. SirexAA-E	862751	S	2231	813	3044	0.00024
Streptomyces sp. fd1-xmd	1812480	S	2162	1100	3262	0.00026
Streptomyces sp. HP-A2021	2927875	S	2084	1332	3416	0.00027
Streptomyces sp. SYP-A7193	2662065	S	2029	1357	3386	0.00027
Streptomyces sp. WAC 01529	2203205	S	2020	853	2873	0.00023
Streptomyces sp. INR7	2607753	S	2013	1162	3175	0.00025
Streptomyces sp. jing01	2726118	S	1952	1270	3222	0.00026
Streptomyces sp. S4.7	2705439	S	1903	752	2655	0.00021
Streptomyces sp. TN58	234612	S	1889	999	2888	0.00023
Streptomyces sp. WAC 06738	2203210	S	1762	1788	3550	0.00028
Streptomyces sp. S1D4-11	2721246	S	1744	1351	3095	0.00025
Streptomyces sp. CNQ-509	444103	S	1693	1688	3381	0.00027
Streptomyces sp. CB09001	2083284	S	1652	1222	2874	0.00023
Streptomyces sp. SUK 48	2582831	S	1521	1067	2588	0.00021
Streptomyces sp. CCM_MD2014	1561022	S	1465	1412	2877	0.00023
Streptomyces sp. WY228	2855836	S	1463	886	2349	0.00019
Streptomyces sp. Mg1	465541	S	1385	1369	2754	0.00022
Streptomyces sp. YPW6	2840373	S	1353	797	2150	0.00017
Streptomyces sp. ADI95-16	1522758	S	1353	1256	2609	0.00021
Streptomyces sp. HF10	2692233	S	1274	999	2273	0.00018
Streptomyces sp. 769	1262452	S	1274	1053	2327	0.00019
Streptomyces sp. AgN23	1188315	S	1161	1114	2275	0.00018
Streptomyces sp. RPA4-5	2721245	S	1086	774	1860	0.00015
Streptomyces sp. 2323.1	1938841	S	1047	712	1759	0.00014
Streptomyces sp. S063	2005885	S	986	758	1744	0.00014
Streptomyces sp. S8	1837283	S	898	860	1758	0.00014
Streptomyces sp. NEAU-S7GS2	2202000	S	863	766	1629	0.00013
Streptomyces sp. XC 2026	2782004	S	855	817	1672	0.00013
Streptomyces sp. EAS-AB2608	2779671	S	845	1429	2274	0.00018
Streptomyces sp. 3211	1964449	S	828	1116	1944	0.00016
Streptomyces sp. ID38640	1265399	S	792	601	1393	0.00011
Streptomyces sp. Sge12	1972846	S	767	1272	2039	0.00016
Streptomyces sp. PBH53	1577075	S	763	1191	1954	0.00016
Streptomyces sp. MOE7	1961713	S	749	981	1730	0.00014
Streptomyces sp. WA6-1-16	2879427	S	745	822	1567	0.00012
Streptomyces sp. RLB1-33	2721243	S	735	2274	3009	0.00024
Streptomyces sp. HNA39	2850561	S	724	908	1632	0.00013
Streptomyces sp. 11-1-2	1851167	S	658	1311	1969	0.00016
Streptomyces sp. NA02536	2742133	S	645	1845	2490	0.00020
Streptomyces sp. Tue 6075	1661694	S	644	800	1444	0.00012
Streptomyces sp. CFMR 7	1649184	S	580	1085	1665	0.00013
Streptomyces sp. CB00271	2750025	S	569	836	1405	0.00011
Streptomyces sp. CLI2509	1984801	S	509	1877	2386	0.00019
Streptomyces sp. SGAir0924	2109593	S	473	2507	2980	0.00024
Streptomyces sp. M56	1495638	S	445	1260	1705	0.00014
Streptomyces sp. WAC00303	2933779	S	442	687	1129	0.00009
Streptomyces sp. A144	2871487	S	433	2111	2544	0.00020
Streptomyces sp. CB04723	2748873	S	423	819	1242	0.00010
Streptomyces sp. Tu6071	355249	S	423	1393	1816	0.00014
Streptomyces sp. M2	646637	S	387	2226	2613	0.00021
Streptomyces sp. SS52	2563602	S	384	1965	2349	0.00019
Streptomyces sp. CRSS-Y-16	2906474	S	372	2265	2637	0.00021
Streptomyces sp. V17-9	2831149	S	367	1854	2221	0.00018
Streptomyces sp. PAMC 26508	1265601	S	338	1293	1631	0.00013
Streptomyces sp. HU2014	2939414	S	331	1226	1557	0.00012
Streptomyces sp. CB09030	2913412	S	328	1184	1512	0.00012
Streptomyces sp. BSE6.1	2605730	S	312	1492	1804	0.00014
Streptomyces sp. NA03103	2742134	S	306	2104	2410	0.00019
Streptomyces sp. endophyte_N2	2153485	S	292	914	1206	0.00010
Streptomyces sp. VN1	1821625	S	272	1240	1512	0.00012
Streptomyces sp. WAC00288	2094021	S	252	1134	1386	0.00011
Streptomyces sp. WA1-19	2884220	S	244	1414	1658	0.00013
Streptomyces sp. S501	2420135	S	228	942	1170	0.00009
Streptomyces sp. KPB2	2305221	S	219	1904	2123	0.00017
Streptomyces sp. A1-5	2738410	S	209	1048	1257	0.00010
Streptomyces sp. R527F	1664033	S	208	1277	1485	0.00012
Streptomyces sp. S1A1-7	2594459	S	206	2090	2296	0.00018
Streptomyces sp. 2114.2	1881022	S	190	1270	1460	0.00012
Streptomyces sp. LBUM 1480	2609808	S	180	1935	2115	0.00017
Streptomyces sp. GF20	2692235	S	149	909	1058	0.00008
Streptomyces sp. CA-256286	2801033	S	140	939	1079	0.00009
Streptomyces sp. NBU3104	2911367	S	129	919	1048	0.00008
Streptomyces sp. RLB3-17	2594455	S	127	2144	2271	0.00018
Streptomyces sp. 604F	1476754	S	119	1156	1275	0.00010
Streptomyces sp. RLB3-6	2594457	S	117	3963	4080	0.00033
Streptomyces sp. LBUM 1482	2609809	S	108	2988	3096	0.00025
Streptomyces sp. FR-008	206662	S	107	947	1054	0.00008
Streptomyces sp. S1D4-20	2594462	S	104	3053	3157	0.00025
Streptomyces sp. PLM4	2929798	S	99	887	986	0.00008
Streptomyces sp. LBUM 1475	2609807	S	85	2758	2843	0.00023
Streptomyces sp. OUCMDZ-3434	1535304	S	82	925	1007	0.00008
Streptomyces sp. CC0208	2306165	S	79	2280	2359	0.00019
Streptomyces sp. GBA 94-10	1218177	S	78	1069	1147	0.00009
Streptomyces sp. PVA_94-07	1225337	S	75	1188	1263	0.00010
Streptomyces sp. A10(2020)	2782013	S	65	822	887	0.00007
Streptomyces sp. S1D4-23	2594463	S	51	2947	2998	0.00024
Streptomyces sp. RLB1-9	2594454	S	42	2498	2540	0.00020
Streptomyces sp. ICC4	2099584	S	36	2602	2638	0.00021
Streptomyces sp. S1D4-14	2594461	S	32	2256	2288	0.00018
Streptomyces sp. ICC1	2099583	S	21	1312	1333	0.00011
Streptomyces sp. SM17	565560	S	17	757	774	0.00006
Streptomyces venezuelae	54571	S	16832	6597	23429	0.00187
Streptomyces cadmiisoli	2184053	S	3448	988	4436	0.00035
Streptomyces aurantiacus	47760	S	2970	812	3782	0.00030
Streptomyces qaidamensis	1783515	S	2295	1064	3359	0.00027
Streptomyces alboniger	132473	S	1752	728	2480	0.00020
Streptomyces koyangensis	188770	S	1389	1522	2911	0.00023
Streptomyces hygroscopicus	1912	S	5165	7504	12669	0.00101
Streptomyces rapamycinicus	1226757	S	3348	859	4207	0.00034
Streptomyces yatensis	155177	S	1321	1012	2333	0.00019
Streptomyces violaceusniger	68280	S	1298	899	2197	0.00018
Streptomyces malaysiensis	92644	S	354	1103	1457	0.00012
Streptomyces griseus	1911	S	2664	2585	5249	0.00042
Streptomyces sp. M54	2759525	S	302	816	1118	0.00009
Streptomyces anulatus	1892	S	1949	2147	4096	0.00033
Streptomyces microflavus	1919	S	958	4425	5383	0.00043
Streptomyces globisporus	1908	S	794	6042	6836	0.00055
Streptomyces albus	1888	S	6562	3649	10211	0.00081
Streptomyces chartreusis	1969	S	6490	3152	9642	0.00077
Streptomyces bathyalis	2710756	S	6050	1194	7244	0.00058
Streptomyces lydicus	47763	S	5933	4346	10279	0.00082
Streptomyces formicae	1616117	S	5752	2061	7813	0.00062
Streptomyces capitiformicae	2014920	S	5500	966	6466	0.00052
Streptomyces bingchenggensis	379067	S	5379	1199	6578	0.00052
Streptomyces buecherae	2763006	S	5141	1534	6675	0.00053
Streptomyces griseorubiginosus	67304	S	5123	1895	7018	0.00056
Streptomyces armeniacus	83291	S	4989	849	5838	0.00047
Streptomyces tsukubensis	83656	S	4648	1681	6329	0.00050
Streptomyces spectabilis	68270	S	4593	1685	6278	0.00050
Streptomyces cattleya	29303	S	4526	1553	6079	0.00048
Streptomyces niveus	193462	S	4507	2290	6797	0.00054
Streptomyces seoulensis	73044	S	4306	1894	6200	0.00049
Streptomyces cyaneochromogenes	2496836	S	4239	1397	5636	0.00045
Streptomyces ferrugineus	1413221	S	4187	1514	5701	0.00045
Streptomyces aquilus	2548456	S	3950	1318	5268	0.00042
Streptomyces rimosus	1927	S	3789	10265	14054	0.00112
Streptomyces xanthii	2768069	S	3717	1298	5015	0.00040
Streptomyces lincolnensis	1915	S	3714	1212	4926	0.00039
Streptomyces roseirectus	2768066	S	3680	1025	4705	0.00038
Streptomyces lunaelactis	1535768	S	3626	876	4502	0.00036
Streptomyces asoensis	249586	S	3576	1201	4777	0.00038
Streptomyces xinghaiensis	1038928	S	3552	1264	4816	0.00038
Streptomyces actuosus	1885	S	3459	1665	5124	0.00041
Streptomyces albulus	68570	S	3439	1193	4632	0.00037
Streptomyces davaonensis	348043	S	3400	1076	4476	0.00036
Streptomyces genisteinicus	2768068	S	3370	1232	4602	0.00037
Streptomyces nodosus	40318	S	3355	984	4339	0.00035
Streptomyces durmitorensis	319947	S	3340	826	4166	0.00033
Streptomyces griseoviridis	45398	S	3293	1218	4511	0.00036
Streptomyces avermitilis	33903	S	3271	1067	4338	0.00035
Streptomyces antibioticus	1890	S	3269	1323	4592	0.00037
Streptomyces griseochromogenes	68214	S	3250	1019	4269	0.00034
Streptomyces dengpaensis	2049881	S	3249	1027	4276	0.00034
Streptomyces vietnamensis	362257	S	3230	1229	4459	0.00036
Streptomyces rectiverticillatus	173860	S	3228	1205	4433	0.00035
Streptomyces harbinensis	1176198	S	3196	1026	4222	0.00034
Streptomyces alboflavus	67267	S	3193	1010	4203	0.00034
Streptomyces calvus	67282	S	3186	1395	4581	0.00037
Streptomyces liangshanensis	2717324	S	3168	930	4098	0.00033
Streptomyces olivoreticuli	68246	S	3154	1036	4190	0.00033
Streptomyces aureoverticillatus	66871	S	3129	962	4091	0.00033
Streptomyces griseocarneus	51201	S	3120	1270	4390	0.00035
Streptomyces paludis	2282738	S	3113	790	3903	0.00031
Streptomyces luteoverticillatus	66425	S	3107	1199	4306	0.00034
Streptomyces clavuligerus	1901	S	3091	870	3961	0.00032
Streptomyces viridosporus	67581	S	3063	1402	4465	0.00036
Streptomyces globosus	68209	S	3047	1292	4339	0.00035
Streptomyces phaeolivaceus	2653200	S	3034	932	3966	0.00032
Streptomyces nigra	1827580	S	2966	1323	4289	0.00034
Streptomyces ficellus	1977088	S	2840	1175	4015	0.00032
Streptomyces roseochromogenus	285450	S	2822	993	3815	0.00030
Streptomyces exfoliatus	1905	S	2794	1094	3888	0.00031
Streptomyces broussonetiae	2686304	S	2781	948	3729	0.00030
Streptomyces collinus	42684	S	2753	2094	4847	0.00039
Streptomyces incarnatus	665007	S	2737	885	3622	0.00029
Streptomyces lavendulae	1914	S	2728	1082	3810	0.00030
Streptomyces fodineus	1904616	S	2673	1056	3729	0.00030
Streptomyces prasinus	67345	S	2623	977	3600	0.00029
Streptomyces galilaeus	33899	S	2604	994	3598	0.00029
Streptomyces tendae	1932	S	2574	1202	3776	0.00030
Streptomyces subrutilus	36818	S	2571	1092	3663	0.00029
Streptomyces glaucescens	1907	S	2555	1251	3806	0.00030
Streptomyces atratus	1893	S	2540	594	3134	0.00025
Streptomyces peucetius	1950	S	2525	795	3320	0.00026
Streptomyces ambofaciens	1889	S	2511	1701	4212	0.00034
Streptomyces katrae	68223	S	2497	1073	3570	0.00028
Streptomyces parvulus	146923	S	2477	1233	3710	0.00030
Streptomyces chromofuscus	42881	S	2470	1076	3546	0.00028
Streptomyces deccanensis	424188	S	2449	1109	3558	0.00028
Streptomyces vinaceus	1960	S	2441	997	3438	0.00027
Streptomyces pristinaespiralis	38300	S	2414	1121	3535	0.00028
Streptomyces hundungensis	1077946	S	2403	864	3267	0.00026
Streptomyces gilvosporeus	553510	S	2342	854	3196	0.00025
Streptomyces tirandamycinicus	2174846	S	2309	875	3184	0.00025
Streptomyces dangxiongensis	1442032	S	2307	902	3209	0.00026
Streptomyces inhibens	2293571	S	2292	782	3074	0.00025
Streptomyces kanamyceticus	1967	S	2271	847	3118	0.00025
Streptomyces mobaraensis	35621	S	2263	92048	94311	0.00752
Streptomyces pactum	68249	S	2242	1015	3257	0.00026
Streptomyces cyanogenus	80860	S	2194	1079	3273	0.00026
Streptomyces pluripotens	1355015	S	2157	569	2726	0.00022
Streptomyces gardneri	66892	S	2140	957	3097	0.00025
Streptomyces nitrosporeus	28894	S	2126	691	2817	0.00022
Streptomyces pratensis	1169025	S	2100	583	2683	0.00021
Streptomyces spongiicola	1690221	S	2099	987	3086	0.00025
Streptomyces angustmyceticus	285578	S	2097	959	3056	0.00024
Streptomyces rutgersensis	53451	S	2043	1126	3169	0.00025
Streptomyces finlayi	67296	S	1998	524	2522	0.00020
Streptomyces qinzhouensis	2599401	S	1994	545	2539	0.00020
Streptomyces gobiensis	2875706	S	1975	439	2414	0.00019
Streptomyces fagopyri	2662397	S	1969	748	2717	0.00022
Streptomyces coeruleorubidus	116188	S	1962	1026	2988	0.00024
Streptomyces nojiriensis	66374	S	1950	926	2876	0.00023
Streptomyces huasconensis	1854574	S	1932	842	2774	0.00022
Streptomyces hawaiiensis	67305	S	1913	918	2831	0.00023
Streptomyces tuirus	68278	S	1856	1040	2896	0.00023
Streptomyces leeuwenhoekii	1437453	S	1393	1054	2447	0.00020
Streptomyces cyaneogriseus	68192	S	1282	1080	2362	0.00019
Streptomyces decoyicus	249567	S	1153	694	1847	0.00015
Streptomyces antimycoticus	68175	S	1019	1098	2117	0.00017
Streptomyces auratus	114687	S	989	708	1697	0.00014
Streptomyces lydicamycinicus	1546107	S	979	632	1611	0.00013
Streptomyces platensis	58346	S	904	721	1625	0.00013
Streptomyces xiamenensis	408015	S	874	800	1674	0.00013
Streptomyces albidoflavus	1886	S	260	4146	4406	0.00035
Streptomyces coelicolor	1902	S	229	2599	2828	0.00023
Streptomyces sampsonii	42239	S	168	1431	1599	0.00013
Streptomyces fungicidicus	68203	S	533	1648	2181	0.00017
Streptomyces filamentosus	67294	S	530	711	1241	0.00010
Streptomyces olivaceus	47716	S	511	1979	2490	0.00020
Streptomyces alfalfae	1642299	S	474	2812	3286	0.00026
Streptomyces mirabilis	68239	S	464	2891	3355	0.00027
Streptomyces californicus	67351	S	463	1596	2059	0.00016
Streptomyces cavourensis	67258	S	452	888	1340	0.00011
Streptomyces fradiae	1906	S	338	5408	5746	0.00046
Streptomyces autolyticus	75293	S	328	1153	1481	0.00012
Streptomyces griseofuscus	146922	S	321	1513	1834	0.00015
Streptomyces murinus	33900	S	305	917	1222	0.00010
Streptomyces noursei	1971	S	271	1118	1389	0.00011
Streptomyces albireticuli	1940	S	217	968	1185	0.00009
Streptomyces lividans	1916	S	215	2197	2412	0.00019
Streptomyces scabiei	1930	S	213	1957	2170	0.00017
Streptomyces cinereoruber	67260	S	202	1117	1319	0.00011
Streptomyces violaceoruber	1935	S	183	850	1033	0.00008
Streptomyces rubrolavendulae	285473	S	133	1027	1160	0.00009
Streptomyces rochei	1928	S	108	853	961	0.00008
Streptomyces sviceus	285530	S	15	1350	1365	0.00011
Kitasatospora sp. MMS16-BH015	2018025	S	4261	1701	5962	0.00048
Kitasatospora sp. NA04385	2742135	S	3369	2120	5489	0.00044
Kitasatospora setae	2066	S	3529	2142	5671	0.00045
Kitasatospora aureofaciens	1894	S	2975	1477	4452	0.00036
Kitasatospora albolonga	68173	S	1022	938	1960	0.00016
Streptacidiphilus sp. P02-A3a	2704468	S	4031	1481	5512	0.00044
Streptacidiphilus sp. PB12-B1b	2705012	S	3560	1671	5231	0.00042
Streptacidiphilus bronchialis	2126346	S	3821	1509	5330	0.00043
Yinghuangia sp. ASG 101	2896848	S	4815	989	5804	0.00046
Microbacterium sp. No. 7	1714373	S	2714	1331	4045	0.00032
Microbacterium sp. JZ31	1906274	S	2087	649	2736	0.00022
Microbacterium sp. 4R-513	2567934	S	1990	403	2393	0.00019
Microbacterium sp. 10M-3C3	2483401	S	1932	601	2533	0.00020
Microbacterium sp. YJN-G	2763257	S	1540	537	2077	0.00017
Microbacterium sp. SSW1-51	2851650	S	1492	393	1885	0.00015
Microbacterium sp. ABRD_28	2268461	S	1430	215	1645	0.00013
Microbacterium sp. BH-3-3-3	1906742	S	1417	374	1791	0.00014
Microbacterium sp. A18JL241	2782166	S	1328	339	1667	0.00013
Microbacterium sp. XT11	367477	S	1325	306	1631	0.00013
Microbacterium sp. NIBRBAC000506063	2734618	S	1300	581	1881	0.00015
Microbacterium sp. cx-55	2875948	S	1203	197	1400	0.00011
Microbacterium sp. LKL04	912630	S	1172	306	1478	0.00012
Microbacterium sp. H1-D42	2925844	S	1170	213	1383	0.00011
Microbacterium sp. PM5	2014534	S	1149	233	1382	0.00011
Microbacterium sp. SSW1-36	2851648	S	1147	266	1413	0.00011
Microbacterium sp. Y-01	2048898	S	1131	460	1591	0.00013
Microbacterium sp. 1S1	2606451	S	964	402	1366	0.00011
Microbacterium sp. CBA3102	2603598	S	940	233	1173	0.00009
Microbacterium sp. TPU 3598	1938334	S	881	232	1113	0.00009
Microbacterium sp. Nx66	2766784	S	850	535	1385	0.00011
Microbacterium sp. RG1	2489212	S	499	377	876	0.00007
Microbacterium sp. SGAir0570	2070348	S	219	744	963	0.00008
Microbacterium sp. 1.5R	1916917	S	218	599	817	0.00007
Microbacterium sp. CGR1	1696072	S	216	618	834	0.00007
Microbacterium sp. PAMC22086	2861281	S	180	363	543	0.00004
Microbacterium sp. str. 'China'	2103230	S	157	755	912	0.00007
Microbacterium sp. PAMC 28756	1795053	S	62	926	988	0.00008
Microbacterium sp. KUDC0406	2909588	S	22	1377	1399	0.00011
Microbacterium sp. PAMC21962	2861280	S	20	785	805	0.00006
Microbacterium sp. Se63.02b	2709304	S	11	724	735	0.00006
Microbacterium sp. Se5.02b	2864103	S	11	689	700	0.00006
Microbacterium sp. KUDC0405	2909587	S	10	623	633	0.00005
Microbacterium foliorum	104336	S	2889	652	3541	0.00028
Microbacterium hominis	162426	S	2579	6972	9551	0.00076
Microbacterium oleivorans	273677	S	2502	543	3045	0.00024
Microbacterium cremeum	2782169	S	2485	588	3073	0.00025
Microbacterium atlanticum	2782168	S	2012	499	2511	0.00020
Microbacterium sediminis	904291	S	1899	963	2862	0.00023
Microbacterium resistens	156977	S	1837	383	2220	0.00018
Microbacterium lemovicicum	1072463	S	1766	451	2217	0.00018
Microbacterium oryzae	743009	S	1655	561	2216	0.00018
Microbacterium testaceum	2033	S	1507	305	1812	0.00014
Microbacterium pygmaeum	370764	S	1449	203	1652	0.00013
Microbacterium wangchenii	2541726	S	1433	356	1789	0.00014
Microbacterium lushaniae	2614639	S	1387	352	1739	0.00014
Microbacterium caowuchunii	2614638	S	1368	295	1663	0.00013
Microbacterium esteraromaticum	57043	S	1353	334	1687	0.00013
Microbacterium aurum	36805	S	1346	470	1816	0.00014
Microbacterium protaetiae	2509458	S	1330	335	1665	0.00013
Microbacterium oxydans	82380	S	1277	984	2261	0.00018
Microbacterium chocolatum	84292	S	1271	323	1594	0.00013
Microbacterium luteum	2782167	S	1255	579	1834	0.00015
Microbacterium hydrocarbonoxydans	273678	S	1007	197	1204	0.00010
Microbacterium schleiferi	69362	S	875	342	1217	0.00010
Microbacterium fandaimingii	2708079	S	666	65	731	0.00006
Microbacterium binotii	462710	S	537	400	937	0.00007
Microbacterium chengjingii	2769067	S	534	32	566	0.00005
Microbacterium amylolyticum	936337	S	532	130	662	0.00005
Microbacterium endophyticum	1526412	S	359	29	388	0.00003
Microbacterium paludicola	300019	S	225	799	1024	0.00008
Microbacterium paraoxydans	199592	S	184	1209	1393	0.00011
Agromyces sp. H17E-10	2932244	S	2646	997	3643	0.00029
Agromyces sp. LHK192	2498704	S	2303	774	3077	0.00025
Agromyces sp. CFWR-12	2929802	S	1946	1207	3153	0.00025
Agromyces flavus	589382	S	3627	1328	4955	0.00040
Agromyces soli	659012	S	2470	1039	3509	0.00028
Agromyces aureus	453304	S	2213	727	2940	0.00023
Agromyces marinus	1389020	S	2024	863	2887	0.00023
Agromyces protaetiae	2509455	S	1985	658	2643	0.00021
Agromyces archimandritae	2781962	S	1802	610	2412	0.00019
Agromyces intestinalis	2592652	S	1711	997	2708	0.00022
Agromyces laixinhei	2585717	S	1584	420	2004	0.00016
Agromyces badenianii	2080742	S	1538	579	2117	0.00017
Curtobacterium sp. L6-1	2841594	S	1446	548	1994	0.00016
Curtobacterium sp. BH-2-1-1	1905847	S	1361	515	1876	0.00015
Curtobacterium sp. YC1	2795488	S	1096	567	1663	0.00013
Curtobacterium sp. MR_MD2014	1561023	S	1044	547	1591	0.00013
Curtobacterium sp. TC1	2862880	S	933	529	1462	0.00012
Curtobacterium sp. 24E2	2804758	S	870	524	1394	0.00011
Curtobacterium sp. SGAir0471	2070337	S	776	678	1454	0.00012
Curtobacterium sp. TXMA1	2876939	S	698	631	1329	0.00011
Curtobacterium sp. C1	2898151	S	301	965	1266	0.00010
Curtobacterium sp. Csp2	2495430	S	234	842	1076	0.00009
Curtobacterium sp. Csp1	2495429	S	54	1259	1313	0.00010
Curtobacterium flaccumfaciens	2035	S	2173	1138	3311	0.00026
Curtobacterium luteum	33881	S	1386	569	1955	0.00016
Rathayibacter sp. VKM Ac-2759	2609252	S	1882	772	2654	0.00021
Rathayibacter sp. VKM Ac-2760	2609253	S	1724	996	2720	0.00022
Rathayibacter sp. VKM Ac-2804	2609257	S	1211	972	2183	0.00017
Rathayibacter sp. VKM Ac-2801	2609255	S	726	703	1429	0.00011
Rathayibacter sp. VKM Ac-2762	2609254	S	364	972	1336	0.00011
Rathayibacter sp. VKM Ac-2805	2609258	S	287	788	1075	0.00009
Rathayibacter festucae	110937	S	1870	2172	4042	0.00032
Rathayibacter tanaceti	1671680	S	1125	337	1462	0.00012
Rathayibacter tritici	33888	S	765	266	1031	0.00008
Rathayibacter iranicus	59737	S	765	121	886	0.00007
Rathayibacter rathayi	33887	S	639	198	837	0.00007
Rathayibacter toxicus	145458	S	308	32	340	0.00003
Leucobacter sp. H25R-14	2932245	S	1479	295	1774	0.00014
Leucobacter sp. NB 10	2873270	S	1339	448	1787	0.00014
Leucobacter sp. Psy1	2875729	S	1187	177	1364	0.00011
Leucobacter sp. CX169	2813744	S	956	301	1257	0.00010
Leucobacter sp. H21R-36	2932246	S	435	1238	1673	0.00013
Leucobacter sp. H21R-40	2932247	S	364	1035	1399	0.00011
Leucobacter muris	1935379	S	1585	684	2269	0.00018
Leucobacter triazinivorans	1784719	S	1425	991	2416	0.00019
Leucobacter luti	340320	S	553	64	617	0.00005
Leucobacter viscericola	2714935	S	396	47	443	0.00004
Leucobacter insecticola	2714934	S	390	40	430	0.00003
Leucobacter denitrificans	683042	S	311	57	368	0.00003
Leucobacter coleopterorum	2714933	S	303	37	340	0.00003
Agrococcus sp. SCSIO52902	2933290	S	2283	1369	3652	0.00029
Agrococcus sp. SGAir0287	2070347	S	2270	839	3109	0.00025
Agrococcus sp. Marseille-Q4369	2810513	S	2123	908	3031	0.00024
Agrococcus jejuensis	399736	S	2304	891	3195	0.00025
Agrococcus carbonis	684552	S	2183	1229	3412	0.00027
Leifsonia sp. ZF2019	2781978	S	1916	618	2534	0.00020
Leifsonia sp. 21MFCrub1.1	1798223	S	1872	2446	4318	0.00034
Leifsonia sp. PS1209	2724914	S	1776	570	2346	0.00019
Leifsonia shinshuensis	150026	S	2651	893	3544	0.00028
Leifsonia xyli	1575	S	1599	262	1861	0.00015
Clavibacter michiganensis	28447	S	8487	10016	18503	0.00148
Clavibacter zhangzhiyongii	2768071	S	1033	601	1634	0.00013
Clavibacter sp. A6099	2860285	S	655	503	1158	0.00009
Protaetiibacter intestinalis	2419774	S	1910	825	2735	0.00022
Protaetiibacter sp. SSC-01	2759943	S	1902	844	2746	0.00022
Protaetiibacter larvae	2592654	S	1408	543	1951	0.00016
Salinibacterium sp. ZJ450	2708338	S	1418	270	1688	0.00013
Salinibacterium sp. ZJ70	2708084	S	1213	375	1588	0.00013
Salinibacterium sp. dk2585	2603292	S	1003	206	1209	0.00010
Salinibacterium sp. UTAS2018	2508880	S	354	38	392	0.00003
Salinibacterium sp. M195	2583374	S	292	37	329	0.00003
Salinibacterium hongtaonis	2079791	S	507	66	573	0.00005
Cryobacterium sp. LW097	1978566	S	1125	298	1423	0.00011
Cryobacterium sp. PAMC25264	2861288	S	577	409	986	0.00008
Cryobacterium soli	2220095	S	868	524	1392	0.00011
Cryobacterium arcticum	670052	S	665	581	1246	0.00010
Frondihabitans sp. PAMC 28766	1795630	S	1908	316	2224	0.00018
Frondihabitans sp. 762G35	1446794	S	1562	411	1973	0.00016
Microterricola viridarii	412690	S	3231	984	4215	0.00034
Plantibacter sp. M259	2583822	S	568	554	1122	0.00009
Plantibacter sp. PA-3-X8	2480625	S	539	544	1083	0.00009
Plantibacter flavus	150123	S	653	600	1253	0.00010
Microcella flavibacter	1804990	S	1824	1084	2908	0.00023
Microcella alkaliphila	279828	S	1105	237	1342	0.00011
Cnuibacter physcomitrellae	1619308	S	2258	605	2863	0.00023
Gryllotalpicola protaetiae	2419771	S	2159	519	2678	0.00021
Herbiconiux sp. SALV-R1	2735133	S	2067	512	2579	0.00021
Mycetocola sp. JXN-3	2116510	S	774	141	915	0.00007
Mycetocola zhujimingii	2079792	S	688	101	789	0.00006
Mycetocola spongiae	2859226	S	591	95	686	0.00005
Subtercola sp. AK-R2A1-2	2895559	S	1210	139	1349	0.00011
Subtercola sp. PAMC28395	2846775	S	727	89	816	0.00007
Frigoribacterium sp. NBH87	2596916	S	1942	706	2648	0.00021
Humibacter sp. WJ7-1	2599293	S	1742	473	2215	0.00018
Chryseoglobus sp. 28M-23	2772253	S	324	764	1088	0.00009
Chryseoglobus indicus	2750620	S	294	733	1027	0.00008
Amnibacterium sp. L3-i23	2905871	S	1562	464	2026	0.00016
Gulosibacter sediminis	1729695	S	1458	529	1987	0.00016
Marisediminicola antarctica	674079	S	1360	209	1569	0.00013
Diaminobutyricimonas sp. LJ205	2683590	S	1107	257	1364	0.00011
Glaciihabitans sp. INWT7	2596912	S	1018	100	1118	0.00009
Agreia sp. COWG	2773266	S	942	141	1083	0.00009
Aquiluna borgnonia	2499157	S	124	14	138	0.00001
Candidatus Aquiluna sp. UB-MaderosW2red	1855377	S	81	5	86	0.00001
Rhodoluna limnophila	232537	S	92	8	100	0.00001
Candidatus Rhodoluna planktonica	535712	S	60	4	64	0.00001
Rhodoluna lacicola	529884	S	56	4	60	0.00000
Pseudoclavibacter sp. Marseille-Q3772	2866588	S	266	63	329	0.00003
Aurantimicrobium photophilum	1987356	S	79	8	87	0.00001
Aurantimicrobium minutum	708131	S	44	16	60	0.00000
Aurantimicrobium sp. MWH-Uga1	2079575	S	26	9	35	0.00000
Pontimonas salivibrio	1159327	S	115	6	121	0.00001
Arthrobacter sp. QXT-31	1357915	S	1568	555	2123	0.00017
Arthrobacter sp. QL17	2895818	S	1459	417	1876	0.00015
Arthrobacter sp. NicSoilB8	2830998	S	1159	384	1543	0.00012
Arthrobacter sp. PM3	2017685	S	1153	230	1383	0.00011
Arthrobacter sp. FW305-BF8	2879617	S	1150	402	1552	0.00012
Arthrobacter sp. 24S4-2	2575374	S	1124	325	1449	0.00012
Arthrobacter sp. NicSoilC5	2831000	S	1066	707	1773	0.00014
Arthrobacter sp. KBS0702	2578107	S	1049	529	1578	0.00013
Arthrobacter sp. UKPF54-2	2600159	S	1031	552	1583	0.00013
Arthrobacter sp. ERGS1:01	1704044	S	1005	241	1246	0.00010
Arthrobacter sp. PAMC25564	2565366	S	968	336	1304	0.00010
Arthrobacter sp. U41	1849032	S	942	343	1285	0.00010
Arthrobacter sp. NicSoilB4	2830997	S	877	351	1228	0.00010
Arthrobacter sp. FB24	290399	S	779	322	1101	0.00009
Arthrobacter sp. Helios	2828862	S	778	160	938	0.00007
Arthrobacter sp. FW306-2-2C-D06B	2879618	S	737	184	921	0.00007
Arthrobacter sp. PGP41	2079227	S	731	331	1062	0.00008
Arthrobacter sp. PAMC25284	2861279	S	719	240	959	0.00008
Arthrobacter sp. PAMC 25486	1494608	S	634	129	763	0.00006
Arthrobacter sp. zg-Y462	2886936	S	543	138	681	0.00005
Arthrobacter sp. zg-Y809	2886940	S	492	193	685	0.00005
Arthrobacter sp. NtRootA1	2830983	S	422	163	585	0.00005
Arthrobacter sp. StoSoilB5	2830992	S	397	145	542	0.00004
Arthrobacter sp. StoSoilB20	2830995	S	384	139	523	0.00004
Arthrobacter sp. YN	2020486	S	319	166	485	0.00004
Arthrobacter sp. D5-1	1477518	S	305	256	561	0.00004
Arthrobacter sp. C1-1	2813727	S	249	43	292	0.00002
Arthrobacter sp. FW306-06-A	2879621	S	207	854	1061	0.00008
Arthrobacter sp. NicSoilB11	2830999	S	162	760	922	0.00007
Arthrobacter sp. FW306-05-C	2879620	S	157	966	1123	0.00009
Arthrobacter sp. FW306-07-I	2879622	S	140	921	1061	0.00008
Arthrobacter sp. StoSoilB19	2830994	S	139	750	889	0.00007
Arthrobacter sp. StoSoilB13	2830993	S	132	288	420	0.00003
Arthrobacter sp. StoSoilA2	2830990	S	109	230	339	0.00003
Arthrobacter sp. AQ5-05	2184581	S	39	597	636	0.00005
Arthrobacter agilis	37921	S	2353	418	2771	0.00022
Arthrobacter crystallopoietes	37928	S	1873	425	2298	0.00018
Arthrobacter woluwensis	156980	S	1141	324	1465	0.00012
Arthrobacter sulfonylureivorans	2486855	S	1078	214	1292	0.00010
Arthrobacter dokdonellae	2211210	S	1027	215	1242	0.00010
Arthrobacter jiangjiafuii	2817475	S	721	233	954	0.00008
Arthrobacter alpinus	656366	S	609	832	1441	0.00011
Arthrobacter sunyaminii	2816859	S	529	192	721	0.00006
Kocuria rosea	1275	S	2442	918	3360	0.00027
Kocuria flava	446860	S	2130	1262	3392	0.00027
Kocuria turfanensis	388357	S	1918	780	2698	0.00022
Kocuria palustris	71999	S	1274	611	1885	0.00015
Kocuria rhizophila	72000	S	915	1446	2361	0.00019
Kocuria varians	1272	S	745	614	1359	0.00011
Kocuria sp. TGY1127_2	2711328	S	349	70	419	0.00003
Kocuria sp. KD4	2719588	S	205	347	552	0.00004
Kocuria sp. BT304	1702043	S	90	465	555	0.00004
Kocuria indica	1049583	S	174	355	529	0.00004
Pseudarthrobacter sp. BIM B-2242	2772401	S	731	229	960	0.00008
Pseudarthrobacter sp. L1SW	2851598	S	628	314	942	0.00008
Pseudarthrobacter sp. NBSH8	2596911	S	384	172	556	0.00004
Pseudarthrobacter sp. NIBRBAC000502772	2590775	S	380	310	690	0.00006
Pseudarthrobacter sp. SSS035	2931399	S	368	352	720	0.00006
Pseudarthrobacter sp. NIBRBAC000502771	2590774	S	196	743	939	0.00007
Pseudarthrobacter sp. NIBRBAC000502770	2590785	S	170	566	736	0.00006
Pseudarthrobacter phenanthrenivorans	361575	S	699	419	1118	0.00009
Pseudarthrobacter chlorophenolicus	85085	S	648	288	936	0.00007
Pseudarthrobacter psychrotolerans	2697569	S	610	290	900	0.00007
Pseudarthrobacter equi	728066	S	577	269	846	0.00007
Pseudarthrobacter sulfonivorans	121292	S	329	378	707	0.00006
Micrococcus luteus	1270	S	2656	5471	8127	0.00065
Micrococcus sp. KD337-16	2856555	S	1254	917	2171	0.00017
Micrococcus sp. KBS0714	1179670	S	43	391	434	0.00003
Micrococcus yunnanensis	566027	S	39	332	371	0.00003
Sinomonas atrocyanea	37927	S	2703	1094	3797	0.00030
Sinomonas sp. R1AF57	2020377	S	2243	640	2883	0.00023
Glutamicibacter protophormiae	37930	S	807	612	1419	0.00011
Glutamicibacter creatinolyticus	162496	S	770	229	999	0.00008
Glutamicibacter halophytocola	1933880	S	368	81	449	0.00004
Glutamicibacter mishrai	1775880	S	293	76	369	0.00003
Glutamicibacter nicotianae	37929	S	234	716	950	0.00008
Glutamicibacter arilaitensis	256701	S	232	102	334	0.00003
Glutamicibacter sp. ZJUTW	1155384	S	68	284	352	0.00003
Rothia kristinae	37923	S	1388	981	2369	0.00019
Rothia mucilaginosa	43675	S	415	105	520	0.00004
Rothia nasimurium	85336	S	225	136	361	0.00003
Rothia aeria	172042	S	207	101	308	0.00002
Rothia dentocariosa	2047	S	136	68	204	0.00002
Rothia amarae	169480	S	98	54	152	0.00001
Rothia terrae	396015	S	90	47	137	0.00001
Rothia sp. ZJ932	2810516	S	64	12	76	0.00001
Paenarthrobacter ureafaciens	37931	S	509	1004	1513	0.00012
Paenarthrobacter aurescens	43663	S	400	321	721	0.00006
Paenarthrobacter sp. YJN-5	2735316	S	146	385	531	0.00004
Paenarthrobacter sp. YJN-D	2735317	S	106	253	359	0.00003
Paenarthrobacter nicotinovorans	29320	S	112	234	346	0.00003
Citricoccus sp. SGAir0253	2567881	S	2030	696	2726	0.00022
Nesterenkonia sp. NBAIMH1	2600320	S	751	61	812	0.00006
Paeniglutamicibacter sp. Y32M11	2853258	S	395	78	473	0.00004
Psychromicrobium lacuslunae	1618207	S	290	51	341	0.00003
Neomicrococcus aestuarii	556325	S	243	134	377	0.00003
Auritidibacter sp. NML130574	2170745	S	238	31	269	0.00002
Renibacterium salmoninarum	1646	S	174	13	187	0.00001
Cellulomonas sp. Y8	2591145	S	3545	1986	5531	0.00044
Cellulomonas sp. H30R-01	2704467	S	3179	1591	4770	0.00038
Cellulomonas sp. C5510	2871170	S	2845	1479	4324	0.00034
Cellulomonas sp. JZ18	2654191	S	2824	1560	4384	0.00035
Cellulomonas sp. zg-ZUI188	2819978	S	2684	987	3671	0.00029
Cellulomonas sp. zg-ZUI222	2816956	S	2378	1159	3537	0.00028
Cellulomonas sp. zg-ZUI157	2819979	S	2287	1020	3307	0.00026
Cellulomonas sp. EW123	2608402	S	2133	1549	3682	0.00029
Cellulomonas sp. PSBB021	2003551	S	2043	2003	4046	0.00032
Cellulomonas fimi	1708	S	2844	2792	5636	0.00045
Cellulomonas shaoxiangyii	2566013	S	2638	1407	4045	0.00032
Cellulomonas iranensis	76862	S	2628	1568	4196	0.00033
Cellulomonas flavigena	1711	S	2478	1198	3676	0.00029
Cellulomonas gilvus	11	S	2275	1276	3551	0.00028
Cellulomonas taurus	2729175	S	1829	776	2605	0.00021
Actinotalea sp. JY-7876	2758442	S	2785	1310	4095	0.00033
Oerskovia sp. KBS0722	1179673	S	2158	897	3055	0.00024
Pseudactinotalea sp. HY158	2654547	S	2132	408	2540	0.00020
Paraoerskovia marina	545619	S	1524	520	2044	0.00016
Janibacter melonis	262209	S	2782	1230	4012	0.00032
Janibacter limosus	53458	S	1779	613	2392	0.00019
Janibacter indicus	857417	S	1030	1757	2787	0.00022
Janibacter sp. YB324	2761047	S	602	1368	1970	0.00016
Phycicoccus sp. HDW14	2714941	S	3667	1554	5221	0.00042
Phycicoccus endophyticus	1690220	S	3000	1121	4121	0.00033
Intrasporangium calvum	53358	S	4266	1425	5691	0.00045
Pedococcus dokdonensis	443156	S	3949	1491	5440	0.00043
Tetrasphaera sp. HKS02	1813880	S	3076	1024	4100	0.00033
Arsenicicoccus sp. oral taxon 190	1658671	S	2830	1412	4242	0.00034
Cellulosimicrobium cellulans	1710	S	4738	5929	10667	0.00085
Cellulosimicrobium sp. BI34T	2587808	S	2042	1173	3215	0.00026
Cellulosimicrobium sp. JZ28	1906273	S	436	1177	1613	0.00013
Cellulosimicrobium sp. TH-20	1980001	S	230	1211	1441	0.00011
Cellulosimicrobium sp. 72-3	2731680	S	230	1174	1404	0.00011
Xylanimonas protaetiae	2509457	S	2568	1442	4010	0.00032
Xylanimonas allomyrinae	2509459	S	2173	889	3062	0.00024
Xylanimonas cellulosilytica	186189	S	2106	970	3076	0.00025
Isoptericola variabilis	139208	S	2781	1887	4668	0.00037
Isoptericola dokdonensis	372663	S	2382	1206	3588	0.00029
Ornithinimicrobium avium	2283195	S	3022	1040	4062	0.00032
Ornithinimicrobium sp. HY006	2508882	S	2042	882	2924	0.00023
Ornithinimicrobium sp. INDO-MA30-4	2908651	S	384	89	473	0.00004
Ornithinimicrobium flavum	1288636	S	2286	933	3219	0.00026
Ornithinimicrobium ciconiae	2594265	S	1772	359	2131	0.00017
Ornithinimicrobium pratense	2593973	S	1527	564	2091	0.00017
Serinicoccus chungangensis	767452	S	2127	916	3043	0.00024
Serinicoccus hydrothermalis	1758689	S	1910	1064	2974	0.00024
Serinicoccus profundi	1078471	S	1887	862	2749	0.00022
Serinicoccus marinus	247333	S	1734	1014	2748	0.00022
Brachybacterium sp. CBA3105	2887346	S	2069	603	2672	0.00021
Brachybacterium sp. SGAir0954	2571029	S	1942	674	2616	0.00021
Brachybacterium sp. P6-10-X1	1903186	S	1780	386	2166	0.00017
Brachybacterium saurashtrense	556288	S	1684	582	2266	0.00018
Brachybacterium ginsengisoli	1331682	S	1674	589	2263	0.00018
Brachybacterium faecium	43669	S	1672	614	2286	0.00018
Brachybacterium vulturis	2017484	S	1279	549	1828	0.00015
Brachybacterium avium	2017485	S	1062	453	1515	0.00012
Dermabacter vaginalis	1630135	S	650	551	1201	0.00010
Dermabacter jinjuensis	1667168	S	542	582	1124	0.00009
Devriesea agamarum	472569	S	269	19	288	0.00002
Brevibacterium sp. CS2	2575923	S	1915	1000	2915	0.00023
Brevibacterium sp. SMBL_HHYL_HB1	2777556	S	872	243	1115	0.00009
Brevibacterium sp. HY170	2898795	S	376	130	506	0.00004
Brevibacterium sp. 'Marine'	2725563	S	323	245	568	0.00005
Brevibacterium sp. W7.2	2823518	S	282	1602	1884	0.00015
Brevibacterium casei	33889	S	1933	1600	3533	0.00028
Brevibacterium luteolum	199591	S	1077	561	1638	0.00013
Brevibacterium linens	1703	S	1067	748	1815	0.00014
Brevibacterium atlanticum	2697563	S	731	184	915	0.00007
Brevibacterium aurantiacum	273384	S	655	533	1188	0.00009
Brevibacterium sandarakinum	629680	S	637	140	777	0.00006
Brevibacterium oceani	358099	S	615	163	778	0.00006
Brevibacterium limosum	2697565	S	484	211	695	0.00006
Brevibacterium siliguriense	1136497	S	380	130	510	0.00004
Brevibacterium pigmentatum	1496080	S	307	263	570	0.00005
Georgenia yuyongxinii	2589797	S	3128	1011	4139	0.00033
Georgenia sp. TF02-10	2917725	S	3061	1471	4532	0.00036
Georgenia faecalis	2483799	S	2491	904	3395	0.00027
Georgenia wutianyii	2585135	S	2461	1119	3580	0.00029
Haloactinobacterium kanbiaonis	2675754	S	2957	561	3518	0.00028
Ruania sp. LR1S40	2897774	S	1631	442	2073	0.00017
Ruania sp. M4N3S171	2897773	S	1084	194	1278	0.00010
Ruania zhangjianzhongii	2603206	S	1853	246	2099	0.00017
Ruania alkalisoli	2779775	S	1265	276	1541	0.00012
Dermacoccus nishinomiyaensis	1274	S	1814	978	2792	0.00022
Dermacoccus sp. PAMC28757	2762331	S	1226	553	1779	0.00014
Luteipulveratus mongoliensis	571913	S	2351	427	2778	0.00022
Allobranchiibius sp. GilTou73	2904523	S	1947	558	2505	0.00020
Yimella sp. cx-51	2770551	S	1213	318	1531	0.00012
Pengzhenrongella sicca	2819238	S	3427	1240	4667	0.00037
Luteimicrobium xylanilyticum	1133546	S	2999	1201	4200	0.00033
Beutenbergia cavernae	84757	S	3517	767	4284	0.00034
Miniimonas sp. S16	2171623	S	2710	1825	4535	0.00036
Sanguibacter keddieii	60920	S	2089	805	2894	0.00023
Sanguibacter sp. HDW7	2714931	S	1951	790	2741	0.00022
Gephyromycinifex aptenodytis	2716227	S	993	148	1141	0.00009
Austwickia chelonae	100225	S	842	84	926	0.00007
Dermatophilus congolensis	1863	S	201	24	225	0.00002
Kytococcus sedentarius	1276	S	1883	888	2771	0.00022
Demequina sp. TMPB413	2881056	S	783	81	864	0.00007
Jonesia denitrificans	43674	S	124	28	152	0.00001
Tropheryma whipplei	2039	S	44	0	44	0.00000
Mycolicibacterium litorale	758802	S	3842	1082	4924	0.00039
Mycolicibacterium smegmatis	1772	S	3000	1176	4176	0.00033
Mycolicibacterium fortuitum	1766	S	2999	1107	4106	0.00033
Mycolicibacterium sp. YH-1	2908837	S	1814	1139	2953	0.00024
Mycolicibacterium pulveris	36813	S	2556	450	3006	0.00024
Mycolicibacterium madagascariense	212765	S	2431	401	2832	0.00023
Mycolicibacterium hassiacum	46351	S	2408	689	3097	0.00025
Mycolicibacterium chubuense	1800	S	2300	527	2827	0.00023
Mycolicibacterium sediminis	1286180	S	2285	443	2728	0.00022
Mycolicibacterium rutilum	370526	S	2265	683	2948	0.00024
Mycolicibacterium phlei	1771	S	2238	799	3037	0.00024
Mycolicibacterium mageritense	53462	S	2224	382	2606	0.00021
Mycolicibacterium neoaurum	1795	S	2187	423	2610	0.00021
Mycolicibacterium arabiense	1286181	S	2182	364	2546	0.00020
Mycolicibacterium vaccae	1810	S	2041	427	2468	0.00020
Mycolicibacterium psychrotolerans	216929	S	2026	474	2500	0.00020
Mycolicibacterium parafortuitum	39692	S	2020	430	2450	0.00020
Mycolicibacterium thermoresistibile	1797	S	2015	476	2491	0.00020
Mycolicibacterium rhodesiae	36814	S	2003	333	2336	0.00019
Mycolicibacterium duvalii	39688	S	1999	414	2413	0.00019
Mycolicibacterium moriokaense	39691	S	1994	259	2253	0.00018
Mycolicibacterium monacense	85693	S	1947	845	2792	0.00022
Mycolicibacterium chitae	1792	S	1946	494	2440	0.00019
Mycolicibacterium gadium	1794	S	1842	253	2095	0.00017
Mycolicibacterium fallax	1793	S	1823	755	2578	0.00021
Mycolicibacterium tokaiense	39695	S	1808	302	2110	0.00017
Mycolicibacterium phocaicum	319706	S	1791	920	2711	0.00022
Mycolicibacterium poriferae	39694	S	1766	382	2148	0.00017
Mycolicibacterium gilvum	1804	S	1662	593	2255	0.00018
Mycolicibacterium baixiangningiae	2761578	S	1657	284	1941	0.00015
Mycolicibacterium celeriflavum	1249101	S	1653	326	1979	0.00016
Mycolicibacterium confluentis	28047	S	1652	271	1923	0.00015
Mycolicibacterium fluoranthenivorans	258505	S	1648	229	1877	0.00015
Mycolicibacterium aurum	1791	S	1622	229	1851	0.00015
Mycolicibacterium insubricum	444597	S	1540	446	1986	0.00016
Mycolicibacterium aichiense	1799	S	1472	261	1733	0.00014
Mycolicibacterium anyangense	1431246	S	1390	240	1630	0.00013
Mycolicibacterium mengxianglii	2736649	S	1381	160	1541	0.00012
Mycolicibacterium boenickei	146017	S	1378	1720	3098	0.00025
Mycolicibacterium austroafricanum	39687	S	1304	4715	6019	0.00048
Mycolicibacterium helvum	1534349	S	1299	163	1462	0.00012
Mycobacterium doricum	126673	S	1127	268	1395	0.00011
Mycolicibacterium mucogenicum	56689	S	1094	447	1541	0.00012
Mycolicibacterium alvei	67081	S	1001	265	1266	0.00010
Mycolicibacterium sarraceniae	1534348	S	944	127	1071	0.00009
Mycolicibacterium septicum	98668	S	716	461	1177	0.00009
Mycolicibacterium farcinogenes	1802	S	454	1333	1787	0.00014
Mycolicibacterium vanbaalenii	110539	S	304	4281	4585	0.00037
Mycolicibacterium nivoides	2487344	S	177	768	945	0.00008
Mycobacterium sp. JS623	212767	S	3364	300	3664	0.00029
Mycobacterium sp. IDR2000157661	2867005	S	1754	326	2080	0.00017
Mycobacterium sp. DL592	2675524	S	1444	247	1691	0.00013
Mycobacterium sp. MS1601	1936029	S	1358	198	1556	0.00012
Mycobacterium sp. YC-RL4	1682113	S	1357	476	1833	0.00015
Mycobacterium sp. EPa45	1545728	S	1301	220	1521	0.00012
Mycobacterium sp. DL440	2675523	S	1042	220	1262	0.00010
Mycobacterium sp. TY59	2775496	S	1035	168	1203	0.00010
Mycobacterium sp. WY10	1920667	S	269	629	898	0.00007
Mycobacterium sp. PYR15	2051552	S	103	689	792	0.00006
Mycobacterium sp. 20KCMC460	2903536	S	69	1166	1235	0.00010
Mycobacterium sp. MOTT36Y	1168287	S	28	273	301	0.00002
Mycobacterium sp. IWGMT90018-18076	2871094	S	20	611	631	0.00005
Mycobacterium saskatchewanense	220927	S	1956	388	2344	0.00019
Mycobacterium parmense	185642	S	1880	344	2224	0.00018
Mycobacterium kubicae	120959	S	1564	237	1801	0.00014
Mycobacterium shigaense	722731	S	1391	207	1598	0.00013
Mycobacterium simiae	1784	S	1326	122	1448	0.00012
Mycobacterium florentinum	292462	S	1253	277	1530	0.00012
Mycobacterium heidelbergense	53376	S	1241	289	1530	0.00012
Mycobacterium stomatepiae	470076	S	1167	232	1399	0.00011
Mycobacterium lentiflavum	141349	S	1155	265	1420	0.00011
Mycobacterium avium	1764	S	2796	2330	5126	0.00041
Mycobacterium intracellulare	1767	S	1499	10467	11966	0.00095
Mycobacterium colombiense	339268	S	1254	216	1470	0.00012
Mycobacterium mantenii	560555	S	1254	157	1411	0.00011
Mycobacterium marseillense	701042	S	1175	262	1437	0.00011
Mycobacterium paraintracellulare	1138383	S	312	1669	1981	0.00016
Mycobacterium goodii	134601	S	2869	969	3838	0.00031
Mycobacterium grossiae	1552759	S	2599	800	3399	0.00027
Mycobacterium rufum	318424	S	2284	675	2959	0.00024
Mycobacterium dioxanotrophicus	482462	S	1979	473	2452	0.00020
Mycobacterium holsaticum	152142	S	1914	312	2226	0.00018
Mycobacterium branderi	43348	S	1879	233	2112	0.00017
Mycobacterium canettii	78331	S	622	458	1080	0.00009
Mycobacterium tuberculosis	1773	S	371	9415	9786	0.00078
Mycobacterium conspicuum	44010	S	1757	217	1974	0.00016
Mycobacterium paragordonae	1389713	S	1697	199	1896	0.00015
Mycobacterium diernhoferi	1801	S	1599	331	1930	0.00015
Mycobacterium frederiksbergense	117567	S	1555	460	2015	0.00016
Mycobacterium koreense	1069220	S	1487	434	1921	0.00015
Mycobacterium gordonae	1778	S	1458	121	1579	0.00013
Mycobacterium cookii	1775	S	1394	150	1544	0.00012
Mycobacterium paraterrae	577492	S	1316	150	1466	0.00012
Mycobacterium heckeshornense	110505	S	1313	104	1417	0.00011
Mycobacterium noviomagense	459858	S	1257	108	1365	0.00011
Mycobacterium riyadhense	486698	S	1226	54	1280	0.00010
Mycobacterium shinjukuense	398694	S	1179	118	1297	0.00010
Mycobacterium lacus	169765	S	1165	90	1255	0.00010
Mycobacterium kansasii	1768	S	1152	11891	13043	0.00104
Mycobacterium paraseoulense	590652	S	1144	213	1357	0.00011
Mycobacterium vicinigordonae	1719132	S	1140	64	1204	0.00010
Mycobacterium malmoense	1780	S	1119	174	1293	0.00010
Mycobacterium ostraviense	2738409	S	1116	100	1216	0.00010
Mycobacterium xenopi	1789	S	1113	124	1237	0.00010
Mycobacterium seoulense	386911	S	1035	226	1261	0.00010
Mycobacterium virginiense	1795032	S	996	256	1252	0.00010
Mycobacterium crocinum	388459	S	975	464	1439	0.00011
Mycobacterium basiliense	2094119	S	960	37	997	0.00008
Mycobacterium spongiae	886343	S	901	27	928	0.00007
Mycobacterium haemophilum	29311	S	598	31	629	0.00005
Mycobacterium marinum	1781	S	283	880	1163	0.00009
Mycobacterium senegalense	1796	S	203	965	1168	0.00009
Mycobacterium leprae	1769	S	163	24	187	0.00001
Mycobacterium lepromatosis	480418	S	155	4	159	0.00001
Mycobacterium novum	2492438	S	143	1700	1843	0.00015
Mycobacterium ulcerans	1809	S	111	381	492	0.00004
Mycobacterium shottsii	133549	S	81	106	187	0.00001
Mycobacterium pallens	370524	S	71	525	596	0.00005
Mycobacterium pseudoshottsii	265949	S	22	99	121	0.00001
Mycolicibacter sp. MYC340	2855503	S	989	258	1247	0.00010
Mycolicibacter sp. MYC098	2872309	S	858	228	1086	0.00009
Mycolicibacter sp. MYC017	2875777	S	588	468	1056	0.00008
Mycolicibacter sp. MYC101	2872311	S	179	724	903	0.00007
Mycolicibacter sp. MYC123	2855502	S	171	703	874	0.00007
Mycolicibacter terrae	1788	S	1079	353	1432	0.00011
Mycolicibacter hiberniae	29314	S	1027	238	1265	0.00010
Mycolicibacter minnesotensis	1118379	S	754	143	897	0.00007
Mycolicibacter sinensis	875328	S	159	1545	1704	0.00014
Mycobacteroides abscessus	36809	S	1669	1337	3006	0.00024
Mycobacteroides chelonae	1774	S	1125	4106	5231	0.00042
Mycobacteroides saopaulense	1578165	S	715	77	792	0.00006
Mycobacteroides immunogenum	83262	S	706	124	830	0.00007
Mycobacteroides salmoniphilum	404941	S	614	54	668	0.00005
[Mycobacterium] stephanolepidis	1520670	S	328	41	369	0.00003
Mycolicibacillus parakoreensis	1069221	S	1577	460	2037	0.00016
Hoyosella subflava	639313	S	713	48	761	0.00006
Nocardia asteroides	1824	S	10605	4176	14781	0.00118
Nocardia brasiliensis	37326	S	6446	2018	8464	0.00067
Nocardia terpenica	455432	S	4715	989	5704	0.00045
Nocardia cyriacigeorgica	135487	S	4226	2078	6304	0.00050
Nocardia farcinica	37329	S	3515	2514	6029	0.00048
Nocardia huaxiensis	2755382	S	3077	700	3777	0.00030
Nocardia arthritidis	228602	S	2836	414	3250	0.00026
Nocardia wallacei	480035	S	2652	859	3511	0.00028
Nocardia otitidiscaviarum	1823	S	2293	528	2821	0.00023
Nocardia yunnanensis	2382165	S	2249	624	2873	0.00023
Nocardia tengchongensis	2055889	S	2248	644	2892	0.00023
Nocardia nova	37330	S	2234	367	2601	0.00021
Nocardia seriolae	37332	S	2220	683	2903	0.00023
Nocardia sp. CS682	1047172	S	2206	603	2809	0.00022
Nocardia yamanashiensis	209247	S	2205	509	2714	0.00022
Nocardia iowensis	204891	S	2151	531	2682	0.00021
Nocardia gipuzkoensis	2749991	S	2083	854	2937	0.00023
Nocardia mangyaensis	2213200	S	1919	590	2509	0.00020
Rhodococcus sp. X156	2499145	S	2578	1092	3670	0.00029
Rhodococcus sp. MTM3W5.2	1805827	S	2257	647	2904	0.00023
Rhodococcus sp. SGAir0479	2567884	S	2044	714	2758	0.00022
Rhodococcus sp. W8901	2742603	S	1850	584	2434	0.00019
Rhodococcus sp. PBTS 1	1653478	S	1741	543	2284	0.00018
Rhodococcus sp. R79	2811421	S	1282	838	2120	0.00017
Rhodococcus sp. ABRD24	2507582	S	1164	247	1411	0.00011
Rhodococcus sp. USK10	2789739	S	994	682	1676	0.00013
Rhodococcus sp. B7740	1564114	S	863	141	1004	0.00008
Rhodococcus sp. P1Y	1302308	S	803	89	892	0.00007
Rhodococcus sp. WMMA185	679318	S	757	117	874	0.00007
Rhodococcus sp. WAY2	2663121	S	665	581	1246	0.00010
Rhodococcus sp. USK13	2806442	S	611	433	1044	0.00008
Rhodococcus sp. RDE2	2885078	S	518	539	1057	0.00008
Rhodococcus sp. WB9	2594007	S	355	501	856	0.00007
Rhodococcus sp. ZPP	2749906	S	321	878	1199	0.00010
Rhodococcus sp. DMU1	2722825	S	296	1164	1460	0.00012
Rhodococcus sp. S2-17	1990687	S	280	796	1076	0.00009
Rhodococcus sp. M8	1925550	S	275	897	1172	0.00009
Rhodococcus sp. WB1	1033922	S	141	1268	1409	0.00011
Rhodococcus sp. 21391	2683591	S	125	598	723	0.00006
Rhodococcus sp. 2G	1570939	S	88	375	463	0.00004
Rhodococcus sp. P-2	2795031	S	86	108	194	0.00002
Rhodococcus sp. DMF-1	2907624	S	69	574	643	0.00005
Rhodococcus sp. p52	935199	S	61	345	406	0.00003
Rhodococcus sp. AQ5-07	2054902	S	51	185	236	0.00002
Rhodococcus sp. LW-XY12	2856851	S	46	430	476	0.00004
Rhodococcus sp. NJ-530	2490853	S	45	267	312	0.00002
Rhodococcus sp. BH4	1807790	S	42	284	326	0.00003
Rhodococcus sp. PSBB049	2812863	S	38	574	612	0.00005
Rhodococcus sp. YL-1	1045808	S	36	163	199	0.00002
Rhodococcus sp. H-CA8f	1727214	S	35	159	194	0.00002
Rhodococcus sp. 008	1723645	S	28	178	206	0.00002
Rhodococcus opacus	37919	S	5659	6065	11724	0.00094
Rhodococcus equi	43767	S	3317	1443	4760	0.00038
Rhodococcus fascians	1828	S	2381	629	3010	0.00024
Rhodococcus rhodochrous	1829	S	1860	1179	3039	0.00024
Rhodococcus triatomae	300028	S	1539	518	2057	0.00016
Rhodococcus koreensis	99653	S	1481	482	1963	0.00016
Rhodococcus coprophilus	38310	S	1333	281	1614	0.00013
Rhodococcus jostii	132919	S	1060	474	1534	0.00012
Rhodococcus qingshengii	334542	S	425	2340	2765	0.00022
Rhodococcus erythropolis	1833	S	377	1739	2116	0.00017
Rhodococcus pyridinivorans	103816	S	897	3587	4484	0.00036
Rhodococcus ruber	1830	S	839	2868	3707	0.00030
Rhodococcus globerulus	33008	S	762	104	866	0.00007
Rhodococcus aetherivorans	191292	S	276	2677	2953	0.00024
Corynebacterium cyclohexanicum	322009	S	1950	922	2872	0.00023
Corynebacterium sphenisci	191493	S	1579	543	2122	0.00017
Corynebacterium frankenforstense	1230998	S	1528	521	2049	0.00016
Corynebacterium bovis	36808	S	1300	334	1634	0.00013
Corynebacterium xerosis	1725	S	1299	813	2112	0.00017
Corynebacterium halotolerans	225326	S	1136	293	1429	0.00011
Corynebacterium freneyi	134034	S	1101	476	1577	0.00013
Corynebacterium sp. CNCTC7651	2815361	S	445	98	543	0.00004
Corynebacterium sp. NML98-0116	702967	S	314	130	444	0.00004
Corynebacterium sp. 4H37-19	2684405	S	76	9	85	0.00001
Corynebacterium sp. FDAARGOS 1242	2778078	S	70	189	259	0.00002
Corynebacterium sp. 1864	2820399	S	57	122	179	0.00001
Corynebacterium sp. sy039	2599641	S	21	2	23	0.00000
Corynebacterium nuruki	1032851	S	950	253	1203	0.00010
Corynebacterium vitaeruminis	38305	S	855	287	1142	0.00009
Corynebacterium maris	575200	S	849	154	1003	0.00008
Corynebacterium timonense	441500	S	832	225	1057	0.00008
Corynebacterium humireducens	1223514	S	788	255	1043	0.00008
Corynebacterium marinum	349751	S	761	317	1078	0.00009
Corynebacterium variabile	1727	S	758	499	1257	0.00010
Corynebacterium doosanense	1121358	S	719	385	1104	0.00009
Corynebacterium mycetoides	38302	S	691	363	1054	0.00008
Corynebacterium liangguodongii	2079535	S	690	173	863	0.00007
Corynebacterium yudongzhengii	2080740	S	664	139	803	0.00006
Corynebacterium uterequi	1072256	S	616	119	735	0.00006
Corynebacterium provencense	1737425	S	581	151	732	0.00006
Corynebacterium atypicum	191610	S	563	189	752	0.00006
Corynebacterium jeikeium	38289	S	557	1543	2100	0.00017
Corynebacterium glyciniphilum	1404244	S	538	76	614	0.00005
Corynebacterium comes	2675218	S	536	148	684	0.00005
Corynebacterium terpenotabidum	89154	S	526	168	694	0.00006
Corynebacterium imitans	156978	S	500	349	849	0.00007
Corynebacterium sanguinis	2594913	S	487	364	851	0.00007
Corynebacterium urealyticum	43771	S	476	532	1008	0.00008
Corynebacterium ureicelerivorans	401472	S	475	175	650	0.00005
Corynebacterium lujinxingii	2763010	S	463	176	639	0.00005
Corynebacterium uberis	2883169	S	447	62	509	0.00004
Corynebacterium falsenii	108486	S	417	202	619	0.00005
Corynebacterium qintianiae	2709392	S	408	125	533	0.00004
Corynebacterium glaucum	187491	S	408	99	507	0.00004
Corynebacterium efficiens	152794	S	406	84	490	0.00004
Corynebacterium testudinoris	136857	S	356	82	438	0.00003
Corynebacterium genitalium	38288	S	342	85	427	0.00003
Corynebacterium glucuronolyticum	39791	S	342	92	434	0.00003
Corynebacterium kroppenstedtii	161879	S	341	39	380	0.00003
Corynebacterium incognita	2754725	S	335	87	422	0.00003
Corynebacterium coyleae	53374	S	333	93	426	0.00003
Corynebacterium occultum	2675219	S	327	65	392	0.00003
Corynebacterium aurimucosum	169292	S	320	167	487	0.00004
Corynebacterium lactis	1231000	S	311	56	367	0.00003
Corynebacterium striatum	43770	S	302	284	586	0.00005
Corynebacterium tuberculostearicum	38304	S	301	203	504	0.00004
Corynebacterium riegelii	156976	S	294	84	378	0.00003
Corynebacterium matruchotii	43768	S	273	23	296	0.00002
Corynebacterium zhongnanshanii	2768834	S	266	42	308	0.00002
Corynebacterium endometrii	2488819	S	242	53	295	0.00002
Corynebacterium renale	1724	S	229	31	260	0.00002
Corynebacterium flavescens	28028	S	229	75	304	0.00002
Corynebacterium kalinowskii	2675216	S	213	121	334	0.00003
Corynebacterium urogenitale	2487892	S	204	42	246	0.00002
Corynebacterium epidermidicanis	1050174	S	200	39	239	0.00002
Corynebacterium aquilae	203263	S	197	34	231	0.00002
Corynebacterium lizhenjunii	2709394	S	194	38	232	0.00002
Corynebacterium simulans	146827	S	184	152	336	0.00003
Corynebacterium singulare	161899	S	184	178	362	0.00003
Corynebacterium camporealensis	161896	S	181	52	233	0.00002
Corynebacterium minutissimum	38301	S	168	181	349	0.00003
Corynebacterium phocae	161895	S	159	25	184	0.00001
Corynebacterium cystitidis	35757	S	158	11	169	0.00001
Corynebacterium gerontici	2079234	S	153	35	188	0.00001
Corynebacterium propinquum	43769	S	146	69	215	0.00002
Corynebacterium kefirresidentii	1979527	S	141	105	246	0.00002
Corynebacterium macginleyi	38290	S	140	38	178	0.00001
Corynebacterium argentoratense	42817	S	140	35	175	0.00001
Corynebacterium choanae	1862358	S	134	16	150	0.00001
Corynebacterium pelargi	1471400	S	120	44	164	0.00001
Corynebacterium resistens	258224	S	113	73	186	0.00001
Corynebacterium diphtheriae	1717	S	108	143	251	0.00002
Corynebacterium pseudopelargi	2080757	S	106	40	146	0.00001
Corynebacterium glutamicum	1718	S	101	1481	1582	0.00013
Corynebacterium deserti	1408191	S	100	40	140	0.00001
Corynebacterium stationis	1705	S	98	27	125	0.00001
Corynebacterium ulcerans	65058	S	98	51	149	0.00001
Corynebacterium casei	160386	S	97	134	231	0.00002
Corynebacterium pseudodiphtheriticum	37637	S	95	34	129	0.00001
Corynebacterium ammoniagenes	1697	S	91	22	113	0.00001
Corynebacterium mustelae	571915	S	89	8	97	0.00001
Corynebacterium hindlerae	699041	S	73	148	221	0.00002
Corynebacterium anserum	2684406	S	65	9	74	0.00001
Corynebacterium suranareeae	2506452	S	63	20	83	0.00001
Corynebacterium pseudotuberculosis	1719	S	62	16	78	0.00001
Corynebacterium amycolatum	43765	S	62	495	557	0.00004
Corynebacterium accolens	38284	S	60	152	212	0.00002
Corynebacterium segmentosum	43990	S	55	139	194	0.00002
Corynebacterium silvaticum	2320431	S	54	25	79	0.00001
Corynebacterium callunae	1721	S	43	16	59	0.00000
Corynebacterium crudilactis	1652495	S	43	56	99	0.00001
Corynebacterium rouxii	2719119	S	40	25	65	0.00001
Corynebacterium kutscheri	35755	S	27	4	31	0.00000
Gordonia sp. PP30	2935861	S	1907	620	2527	0.00020
Gordonia sp. YC-JH1	2059875	S	1333	1035	2368	0.00019
Gordonia sp. KTR9	337191	S	1175	275	1450	0.00012
Gordonia sp. PDNC005	2811424	S	1029	180	1209	0.00010
Gordonia sp. WA4-43	2878678	S	222	854	1076	0.00009
Gordonia sp. JH63	2698900	S	175	618	793	0.00006
Gordonia sp. 135	2676309	S	80	578	658	0.00005
Gordonia sp. 1D	1737359	S	47	758	805	0.00006
Gordonia polyisoprenivorans	84595	S	2923	678	3601	0.00029
Gordonia terrae	2055	S	1973	1236	3209	0.00026
Gordonia insulae	2420509	S	1644	266	1910	0.00015
Gordonia phthalatica	1136941	S	1530	719	2249	0.00018
Gordonia amarae	36821	S	1489	343	1832	0.00015
Gordonia bronchialis	2054	S	1456	390	1846	0.00015
Gordonia jinghuaiqii	2758710	S	1453	330	1783	0.00014
Gordonia iterans	1004901	S	1401	542	1943	0.00015
Gordonia pseudoamarae	2831662	S	1246	270	1516	0.00012
Gordonia rubripertincta	36822	S	1190	777	1967	0.00016
Gordonia otitidis	249058	S	1122	214	1336	0.00011
Gordonia zhaorongruii	2597659	S	931	199	1130	0.00009
Gordonia alkanivorans	84096	S	323	1290	1613	0.00013
Gordonia amicalis	89053	S	246	1912	2158	0.00017
Gordonia hongkongensis	1701090	S	183	619	802	0.00006
Skermania piniformis	39122	S	1653	226	1879	0.00015
Tsukamurella paurometabola	2061	S	2942	1661	4603	0.00037
Tsukamurella tyrosinosolvens	57704	S	2436	1236	3672	0.00029
Tsukamurella pulmonis	47312	S	1819	750	2569	0.00020
Tsukamurella sp. PLM1	2929795	S	1782	671	2453	0.00020
Dietzia sp. oral taxon 368	712270	S	1026	739	1765	0.00014
Dietzia sp. DQ12-45-1b	912801	S	10	1334	1344	0.00011
Dietzia psychralcaliphila	139021	S	1177	373	1550	0.00012
Dietzia lutea	546160	S	1135	675	1810	0.00014
Dietzia timorensis	499555	S	978	602	1580	0.00013
Tomitella gaofuii	2760083	S	1773	641	2414	0.00019
Tomitella fengzijianii	2597660	S	1614	630	2244	0.00018
Segniliparus rotundus	286802	S	985	69	1054	0.00008
Lawsonella clevelandensis	1528099	S	173	24	197	0.00002
Micromonospora sp. WMMC415	2675222	S	7602	3220	10822	0.00086
Micromonospora sp. WMMA2032	2039870	S	4842	3454	8296	0.00066
Micromonospora sp. HM134	2583243	S	4607	2246	6853	0.00055
Micromonospora sp. B006	2201999	S	3862	3171	7033	0.00056
Micromonospora sp. L5	648999	S	436	4565	5001	0.00040
Micromonospora inositola	47865	S	12481	6841	19322	0.00154
Micromonospora terminaliae	1914461	S	9803	5500	15303	0.00122
Micromonospora viridifaciens	1881	S	8197	3978	12175	0.00097
Micromonospora echinaurantiaca	47857	S	7767	4188	11955	0.00095
Micromonospora krabiensis	307121	S	7272	2842	10114	0.00081
Micromonospora auratinigra	261654	S	7136	4157	11293	0.00090
Micromonospora purpureochromogenes	47872	S	7069	4169	11238	0.00090
Micromonospora narathiwatensis	299146	S	6907	3569	10476	0.00084
Micromonospora carbonacea	47853	S	6853	3462	10315	0.00082
Micromonospora echinofusca	47858	S	6650	3419	10069	0.00080
Micromonospora coxensis	356852	S	6328	3908	10236	0.00082
Micromonospora siamensis	299152	S	6283	3363	9646	0.00077
Micromonospora coriariae	285665	S	6212	2476	8688	0.00069
Micromonospora ferruginea	2749844	S	5328	3388	8716	0.00070
Micromonospora echinospora	1877	S	5047	1970	7017	0.00056
Micromonospora sagamiensis	47875	S	4949	2113	7062	0.00056
Micromonospora maris	1003110	S	4663	1609	6272	0.00050
Micromonospora endophytica (Xie et al. 2001) Li et al. 2019	515350	S	4465	1524	5989	0.00048
Micromonospora zamorensis	709883	S	4447	1592	6039	0.00048
Micromonospora chokoriensis	356851	S	4233	1530	5763	0.00046
Micromonospora rifamycinica	291594	S	4100	2032	6132	0.00049
Micromonospora craniellae	2294034	S	3500	2321	5821	0.00046
Micromonospora tulbaghiae	479978	S	2693	2998	5691	0.00045
Micromonospora aurantiaca	47850	S	2242	15093	17335	0.00138
Actinoplanes sp. L3-i22	2836373	S	11134	8752	19886	0.00159
Actinoplanes sp. N902-109	649831	S	10863	3825	14688	0.00117
Actinoplanes sp. OR16	946334	S	8600	4612	13212	0.00105
Actinoplanes friuliensis	196914	S	10112	1994	12106	0.00097
Actinoplanes ianthinogenes	122358	S	9237	4346	13583	0.00108
Actinoplanes teichomyceticus	1867	S	8351	4138	12489	0.00100
Actinoplanes missouriensis	1866	S	7873	3026	10899	0.00087
Actinoplanes derwentensis	113562	S	7030	1298	8328	0.00066
Phytohabitans suffuscus	624315	S	15640	4481	20121	0.00160
Phytohabitans flavus	1076124	S	12592	2729	15321	0.00122
Plantactinospora sp. KBS50	2024580	S	7665	2301	9966	0.00079
Plantactinospora sp. BC1	2108470	S	1502	4717	6219	0.00050
Plantactinospora sp. BB1	2071627	S	1445	4490	5935	0.00047
Dactylosporangium vinaceum	53362	S	15577	2241	17818	0.00142
Actinocatenispora thailandica	227318	S	5931	1965	7896	0.00063
Actinocatenispora sera	390989	S	5790	2026	7816	0.00062
Catellatospora sp. IY07-71	2728827	S	11441	3232	14673	0.00117
Couchioplanes caeruleus	56438	S	11336	3488	14824	0.00118
Polymorphospora rubra	338584	S	7826	2107	9933	0.00079
Natronosporangium hydrolyticum	2811111	S	4997	444	5441	0.00043
Verrucosispora sp. NA02020	2742132	S	3053	2525	5578	0.00044
Salinispora tropica	168695	S	2732	542	3274	0.00026
Amycolatopsis sp. DSM 110486	2865832	S	6659	1631	8290	0.00066
Amycolatopsis sp. WQ 127309	2932773	S	6420	2168	8588	0.00068
Amycolatopsis sp. FDAARGOS 1241	2778070	S	6297	1685	7982	0.00064
Amycolatopsis sp. Hca4	2742131	S	5967	2577	8544	0.00068
Amycolatopsis sp. CA-230715	2745196	S	5274	1024	6298	0.00050
Amycolatopsis sp. YIM 10	2653857	S	4640	1644	6284	0.00050
Amycolatopsis sp. FU40	2914159	S	3363	1695	5058	0.00040
Amycolatopsis sp. AA4	1896961	S	2878	1690	4568	0.00036
Amycolatopsis sp. BJA-103	1911175	S	2417	1110	3527	0.00028
Amycolatopsis sp. TNS106	2861750	S	2001	1323	3324	0.00027
Amycolatopsis sp. EV170708-02-1	2919322	S	1725	1865	3590	0.00029
Amycolatopsis acidiphila	715473	S	6929	1887	8816	0.00070
Amycolatopsis mediterranei	33910	S	5539	6710	12249	0.00098
Amycolatopsis pretoriensis	218821	S	5371	2062	7433	0.00059
Amycolatopsis thermalba	944492	S	4648	2360	7008	0.00056
Amycolatopsis methanolica	1814	S	4515	2161	6676	0.00053
Amycolatopsis keratiniphila	129921	S	2571	2375	4946	0.00039
Amycolatopsis japonica	208439	S	1364	1431	2795	0.00022
Amycolatopsis albispora	1804986	S	4403	3120	7523	0.00060
Amycolatopsis aidingensis	2842453	S	4041	612	4653	0.00037
Amycolatopsis orientalis	31958	S	2818	1106	3924	0.00031
Pseudonocardia sp. DSM 110487	2865833	S	16226	2955	19181	0.00153
Pseudonocardia sp. CGMCC 4.1532	2761535	S	5523	3526	9049	0.00072
Pseudonocardia sp. HH130630-07	1690815	S	4365	1546	5911	0.00047
Pseudonocardia sp. AL041005-10	445576	S	3559	1568	5127	0.00041
Pseudonocardia sp. HH130629-09	1641402	S	2927	1443	4370	0.00035
Pseudonocardia sp. EC080625-04	1096868	S	82	2048	2130	0.00017
Pseudonocardia sp. EC080610-09	1688404	S	24	1872	1896	0.00015
Pseudonocardia sp. EC080619-01	1096856	S	15	3439	3454	0.00028
Pseudonocardia dioxanivorans	240495	S	8279	2856	11135	0.00089
Pseudonocardia broussonetiae	2736640	S	7497	2985	10482	0.00084
Pseudonocardia autotrophica	2074	S	4994	1687	6681	0.00053
Pseudonocardia abyssalis	2792008	S	4232	2422	6654	0.00053
Saccharopolyspora erythraea	1836	S	9205	3517	12722	0.00101
Saccharopolyspora gregorii	33914	S	3440	894	4334	0.00035
Saccharopolyspora spinosa	60894	S	2246	1499	3745	0.00030
Saccharopolyspora pogona	333966	S	1842	2123	3965	0.00032
Saccharopolyspora sp. ASAGF58	2719023	S	1322	1688	3010	0.00024
Saccharothrix syringae	103733	S	7172	3115	10287	0.00082
Saccharothrix sp. 6-C	2781735	S	6164	2608	8772	0.00070
Saccharothrix espanaensis	103731	S	5621	2076	7697	0.00061
Saccharomonospora marina	632569	S	3248	943	4191	0.00033
Saccharomonospora viridis	1852	S	2690	519	3209	0.00026
Saccharomonospora azurea	40988	S	2274	819	3093	0.00025
Saccharomonospora cyanea	40989	S	2155	927	3082	0.00025
Saccharomonospora xinjiangensis	75294	S	1830	383	2213	0.00018
Saccharomonospora glauca	40990	S	1553	669	2222	0.00018
Kutzneria sp. CA-103260	2802641	S	8431	2325	10756	0.00086
Kutzneria albida	43357	S	5420	1599	7019	0.00056
Allokutzneria albata	211114	S	10734	3328	14062	0.00112
Lentzea guizhouensis	1586287	S	7671	2070	9741	0.00078
Actinoalloteichus hoggarensis	1470176	S	2505	435	2940	0.00023
Actinoalloteichus hymeniacidonis	340345	S	1819	226	2045	0.00016
Actinoalloteichus sp. GBA129-24	1612551	S	119	1603	1722	0.00014
Actinoalloteichus fjordicus	1612552	S	84	1367	1451	0.00012
Actinosynnema pretiosum	42197	S	2272	4888	7160	0.00057
Actinosynnema mirum	40567	S	234	2372	2606	0.00021
Kibdelosporangium phytohabitans	860235	S	5534	859	6393	0.00051
Alloactinosynnema sp. L-07	1653480	S	4078	1163	5241	0.00042
Prauserella marina	530584	S	2752	316	3068	0.00024
Allosaccharopolyspora coralli	2665642	S	2188	601	2789	0.00022
Nocardioides sp. G188	2849501	S	7344	2958	10302	0.00082
Nocardioides sp. JS614	196162	S	5926	2185	8111	0.00065
Nocardioides sp. LMS-CY	2840457	S	5315	2186	7501	0.00060
Nocardioides sp. TF02-7	2917724	S	4866	2037	6903	0.00055
Nocardioides sp. HDW12B	2714939	S	4223	1824	6047	0.00048
Nocardioides sp. W7	2931390	S	4064	1708	5772	0.00046
Nocardioides sp. S-1144	2582905	S	3805	1850	5655	0.00045
Nocardioides sp. zg-579	2663857	S	3781	2362	6143	0.00049
Nocardioides sp. cx-173	2898796	S	3625	1555	5180	0.00041
Nocardioides sp. zg-1228	2763008	S	3562	1939	5501	0.00044
Nocardioides sp. SCSIO 67246	2872154	S	3411	1153	4564	0.00036
Nocardioides sp. 603	2483798	S	3227	1852	5079	0.00041
Nocardioides sp. S5	2017486	S	3164	1931	5095	0.00041
Nocardioides sp. InS609-2	2760705	S	3140	919	4059	0.00032
Nocardioides sp. MC1495	2736757	S	2998	1351	4349	0.00035
Nocardioides sp. CF8	110319	S	2823	1420	4243	0.00034
Nocardioides sp. zg-536	2803858	S	2749	1502	4251	0.00034
Nocardioides sp. JQ2195	2592334	S	2579	694	3273	0.00026
Nocardioides sp. dk884	2662361	S	2387	2648	5035	0.00040
Nocardioides sp. WS12	2486272	S	2387	537	2924	0.00023
Nocardioides sp. ZJ1313	2685869	S	2290	2553	4843	0.00039
Nocardioides sp. Kera G14	2884264	S	2180	601	2781	0.00022
Nocardioides mesophilus	433659	S	6649	2667	9316	0.00074
Nocardioides ungokensis	1643322	S	5092	2288	7380	0.00059
Nocardioides cynanchi	2558918	S	4971	1548	6519	0.00052
Nocardioides anomalus	2712223	S	4895	1922	6817	0.00054
Nocardioides humi	449461	S	4530	1906	6436	0.00051
Nocardioides euryhalodurans	2518370	S	3939	1562	5501	0.00044
Nocardioides okcheonensis	2894081	S	3792	2206	5998	0.00048
Nocardioides aromaticivorans	200618	S	3772	1822	5594	0.00045
Nocardioides dongkuii	2760089	S	3479	2178	5657	0.00045
Nocardioides rotundus	1774216	S	3470	1759	5229	0.00042
Nocardioides aquaticus	160826	S	3392	1345	4737	0.00038
Nocardioides marinisabuli	419476	S	3197	2232	5429	0.00043
Nocardioides sambongensis	2589074	S	2957	1111	4068	0.00032
Nocardioides dokdonensis	450734	S	2806	1615	4421	0.00035
Nocardioides panacisoli	627624	S	2742	895	3637	0.00029
Nocardioides seonyuensis	2518371	S	2567	880	3447	0.00027
Nocardioides houyundeii	2045452	S	2502	991	3493	0.00028
Nocardioides piscis	2714938	S	2326	1074	3400	0.00027
Nocardioides daphniae	402297	S	2045	1195	3240	0.00026
Nocardioides jishulii	2575440	S	1659	769	2428	0.00019
Nocardioides baekrokdamisoli	1804624	S	1305	220	1525	0.00012
Nocardioides yefusunii	2500546	S	1219	472	1691	0.00013
Aeromicrobium sp. Leaf245	1736306	S	2291	914	3205	0.00026
Aeromicrobium sp. zg-629	2663859	S	1829	770	2599	0.00021
Aeromicrobium sp. A1-2	2107713	S	1619	297	1916	0.00015
Aeromicrobium erythreum	2041	S	2532	986	3518	0.00028
Aeromicrobium choanae	1736691	S	2494	970	3464	0.00028
Aeromicrobium chenweiae	2079793	S	2299	969	3268	0.00026
Aeromicrobium marinum	219314	S	2116	616	2732	0.00022
Aeromicrobium yanjiei	2662028	S	1998	776	2774	0.00022
Friedmanniella luteola	546871	S	4375	1227	5602	0.00045
Pimelobacter simplex	2045	S	4192	2068	6260	0.00050
Marmoricola scoriae	642780	S	3526	1793	5319	0.00042
Mumia sp. ZJ1417	2708082	S	3017	721	3738	0.00030
Micropruina glycogenica	75385	S	1894	384	2278	0.00018
Microlunatus sagamiharensis	546874	S	3810	1197	5007	0.00040
Microlunatus soli	630515	S	2768	349	3117	0.00025
Microlunatus phosphovorus	29405	S	2478	396	2874	0.00023
Microlunatus elymi	2596828	S	2391	323	2714	0.00022
Microlunatus sp. Gsoil 973	2672569	S	2172	209	2381	0.00019
Tessaracoccus sp. J1M15	2829499	S	1796	641	2437	0.00019
Tessaracoccus sp. MC1865	2760310	S	1350	402	1752	0.00014
Tessaracoccus defluvii	1285901	S	1842	1300	3142	0.00025
Tessaracoccus aquimaris	1332264	S	1643	903	2546	0.00020
Tessaracoccus flavescens	399497	S	1450	1241	2691	0.00021
Tessaracoccus flavus	1610493	S	1328	1031	2359	0.00019
Tessaracoccus timonensis	2161816	S	891	481	1372	0.00011
Brevilactibacter coleopterorum	2714937	S	2572	1524	4096	0.00033
Brevilactibacter sp. MC1595	2819349	S	2468	1283	3751	0.00030
Acidipropionibacterium acidipropionici	1748	S	1549	1196	2745	0.00022
Acidipropionibacterium jensenii	1749	S	1518	1203	2721	0.00022
Acidipropionibacterium virtanenii	2057246	S	1063	260	1323	0.00011
Propionibacterium acidifaciens	556499	S	1694	478	2172	0.00017
Propionibacterium freudenreichii	1744	S	1416	1320	2736	0.00022
Propionibacterium australiense	119981	S	1133	236	1369	0.00011
Auraticoccus monumenti	675864	S	3054	765	3819	0.00030
Cutibacterium avidum	33010	S	958	354	1312	0.00010
Cutibacterium granulosum	33011	S	558	153	711	0.00006
Cutibacterium acnes	1747	S	464	307	771	0.00006
Cutibacterium modestum	2559073	S	205	40	245	0.00002
Arachnia propionica	1750	S	1265	186	1451	0.00012
Arachnia rubra	1547448	S	764	101	865	0.00007
Raineyella fluvialis	2662261	S	1908	346	2254	0.00018
Vaginimicrobium propionicum	1871034	S	79	40	119	0.00001
Kribbella flavida	182640	S	7679	2294	9973	0.00080
Kribbella qitaiheensis	1544730	S	6146	1225	7371	0.00059
Actinopolymorpha singaporensis	117157	S	5622	870	6492	0.00052
Actinomadura sp. NAK00032	2742128	S	9678	4564	14242	0.00114
Actinomadura sp. WMMB 499	1219491	S	8527	2747	11274	0.00090
Actinomadura sp. WMMA1423	2591108	S	8148	3233	11381	0.00091
Actinomadura madurae	1993	S	10971	4446	15417	0.00123
Actinomadura verrucosospora	46165	S	9998	4119	14117	0.00113
Actinomadura graeca	2750812	S	6977	2195	9172	0.00073
Thermomonospora amylolytica	1411117	S	7225	3624	10849	0.00087
Thermomonospora curvata	2020	S	4819	1890	6709	0.00054
Nonomuraea nitratireducens	2656914	S	12282	3494	15776	0.00126
Nonomuraea sp. ATCC 55076	1909395	S	10401	4248	14649	0.00117
Nonomuraea gerenzanensis	93944	S	9796	4177	13973	0.00111
Nonomuraea coxensis	404386	S	9754	3753	13507	0.00108
Streptosporangium roseum	2001	S	8925	3266	12191	0.00097
Streptosporangium sp. 'caverna'	2202249	S	8579	2472	11051	0.00088
Thermobispora bispora	2006	S	5822	1800	7622	0.00061
Nocardiopsis sp. MT53	2865672	S	4060	1302	5362	0.00043
Nocardiopsis sp. HDS12	2831968	S	1440	1668	3108	0.00025
Nocardiopsis gilva	280236	S	3368	932	4300	0.00034
Nocardiopsis dassonvillei	2014	S	2382	2329	4711	0.00038
Nocardiopsis alba	53437	S	2008	496	2504	0.00020
Thermobifida alba	53522	S	2535	1267	3802	0.00030
Thermobifida halotolerans	483545	S	2525	1047	3572	0.00028
Thermobifida fusca	2021	S	1519	333	1852	0.00015
Streptomonospora litoralis	2498135	S	3666	985	4651	0.00037
Spiractinospora alimapuensis	2820884	S	2548	230	2778	0.00022
Blastococcus sp. PRF04-17	2933797	S	8177	3582	11759	0.00094
Blastococcus saxobsidens	138336	S	7124	2779	9903	0.00079
Modestobacter marinus	477641	S	8540	3742	12282	0.00098
Modestobacter sp. L9-4	2851567	S	5046	2443	7489	0.00060
Geodermatophilus obscurus	1861	S	10048	4319	14367	0.00115
Frankia inefficax	298654	S	8341	1312	9653	0.00077
Frankia sp. QA3	710111	S	3294	1591	4885	0.00039
Frankia sp. ArI3	1858	S	2607	1960	4567	0.00036
Candidatus Frankia datiscae	2716812	S	3731	640	4371	0.00035
Frankia casuarinae	106370	S	3197	441	3638	0.00029
Frankia alni	1859	S	2794	2196	4990	0.00040
Actinomyces sp. oral taxon 414	712122	S	1267	320	1587	0.00013
Actinomyces sp. MAS-1	2755559	S	814	197	1011	0.00008
Actinomyces sp. Z16	2079536	S	658	261	919	0.00007
Actinomyces sp. Chiba101	1851395	S	629	331	960	0.00008
Actinomyces sp. 432	2057798	S	566	145	711	0.00006
Actinomyces sp. oral taxon 171	706438	S	319	280	599	0.00005
Actinomyces sp. oral taxon 169	712116	S	172	328	500	0.00004
Actinomyces sp. HMT897	2789424	S	126	387	513	0.00004
Actinomyces sp. oral taxon 897	2081702	S	123	386	509	0.00004
Actinomyces sp. HMT 175	2789425	S	114	487	601	0.00005
Actinomyces sp. zg-332	2708340	S	16	3	19	0.00000
Actinomyces radicidentis	111015	S	1365	726	2091	0.00017
Actinomyces howellii	52771	S	1209	237	1446	0.00012
Actinomyces slackii	52774	S	839	174	1013	0.00008
Actinomyces respiraculi	2744574	S	832	243	1075	0.00009
Actinomyces procaprae	2560010	S	800	325	1125	0.00009
Actinomyces faecalis	2722820	S	631	113	744	0.00006
Actinomyces weissii	675090	S	598	146	744	0.00006
Actinomyces qiguomingii	2057800	S	596	95	691	0.00006
Actinomyces naeslundii	1655	S	478	308	786	0.00006
Actinomyces viscosus	1656	S	468	219	687	0.00005
Actinomyces wuliandei	2057743	S	423	125	548	0.00004
Actinomyces oris	544580	S	423	1314	1737	0.00014
Actinomyces gaoshouyii	1960083	S	402	231	633	0.00005
Actinomyces marmotae	2737173	S	396	246	642	0.00005
Actinomyces lilanjuaniae	2321394	S	345	93	438	0.00003
Actinomyces trachealis	2763540	S	293	66	359	0.00003
Actinomyces pacaensis	1852377	S	104	15	119	0.00001
Schaalia sp. 19OD2882	2794089	S	588	98	686	0.00005
Schaalia sp. JY-X169	2758572	S	220	10	230	0.00002
Schaalia sp. ZJ405	2709403	S	175	20	195	0.00002
Schaalia odontolytica	1660	S	750	225	975	0.00008
Schaalia meyeri	52773	S	442	102	544	0.00004
Schaalia cardiffensis	181487	S	276	52	328	0.00003
Schaalia turicensis	131111	S	128	165	293	0.00002
Flaviflexus salsibiostraticola	1282737	S	757	255	1012	0.00008
Flaviflexus sp. dk850	2758573	S	414	191	605	0.00005
Flaviflexus ciconiae	2496867	S	319	51	370	0.00003
Trueperella pecoris	2733571	S	623	221	844	0.00007
Trueperella pyogenes	1661	S	472	335	807	0.00006
Trueperella bialowiezensis	312285	S	363	24	387	0.00003
Pauljensenia hongkongensis	178339	S	766	338	1104	0.00009
Nanchangia anserum	2692125	S	694	98	792	0.00006
Actinobaculum sp. 313	2495645	S	300	20	320	0.00003
Actinotignum schaalii	59505	S	265	23	288	0.00002
Changpingibacter yushuensis	2758440	S	215	82	297	0.00002
Arcanobacterium haemolyticum	28264	S	75	43	118	0.00001
Arcanobacterium phocisimile	1302235	S	43	11	54	0.00000
Arcanobacterium phocae	131112	S	38	11	49	0.00000
Arcanobacterium sp. 2701	2722751	S	27	6	33	0.00000
Mobiluncus curtisii	2051	S	159	59	218	0.00002
Varibaculum sp. EMRHCC_39	2811781	S	83	32	115	0.00001
Fannyhessea vaginae	82135	S	75	29	104	0.00001
Boudabousia tangfeifanii	1912795	S	70	7	77	0.00001
Jiangella sp. DSM 45060	1798224	S	7338	2770	10108	0.00081
Jiangella alkaliphila	419479	S	7005	2538	9543	0.00076
Bifidobacterium choerinum	35760	S	1036	567	1603	0.00013
Bifidobacterium pseudolongum	1694	S	1031	505	1536	0.00012
Bifidobacterium longum	216816	S	842	1775	2617	0.00021
Bifidobacterium scardovii	158787	S	801	94	895	0.00007
Bifidobacterium bifidum	1681	S	669	383	1052	0.00008
Bifidobacterium pullorum	78448	S	609	302	911	0.00007
Bifidobacterium animalis	28025	S	524	681	1205	0.00010
Bifidobacterium subtile	77635	S	452	87	539	0.00004
Bifidobacterium asteroides	1684	S	451	17	468	0.00004
Bifidobacterium adolescentis	1680	S	443	112	555	0.00004
Bifidobacterium eulemuris	1765219	S	326	82	408	0.00003
Bifidobacterium lemurum	1603886	S	317	83	400	0.00003
Bifidobacterium breve	1685	S	315	462	777	0.00006
Bifidobacterium actinocoloniiforme	638619	S	279	12	291	0.00002
Bifidobacterium thermophilum	33905	S	274	79	353	0.00003
Bifidobacterium dentium	1689	S	261	23	284	0.00002
Bifidobacterium angulatum	1683	S	256	81	337	0.00003
Bifidobacterium catenulatum	1686	S	200	338	538	0.00004
Bifidobacterium pseudocatenulatum	28026	S	174	122	296	0.00002
Bifidobacterium imperatoris	2020965	S	85	50	135	0.00001
Bifidobacterium saguini	762210	S	53	27	80	0.00001
Bifidobacterium coryneforme	1687	S	29	40	69	0.00001
Bifidobacterium indicum	1691	S	22	30	52	0.00000
Parascardovia denticolens	78258	S	174	40	214	0.00002
Gardnerella vaginalis	2702	S	32	62	94	0.00001
Scardovia inopinata	78259	S	36	17	53	0.00000
Nakamurella multipartita	53461	S	4304	1086	5390	0.00043
Nakamurella panacisegetis	1090615	S	2403	450	2853	0.00023
Nakamurella sp. PAMC28650	2762325	S	2217	320	2537	0.00020
Nakamurella antarctica	1902245	S	444	44	488	0.00004
Catenulispora acidiphila	304895	S	6161	1200	7361	0.00059
Jatrophihabitans telluris	2038343	S	2377	279	2656	0.00021
Jatrophihabitans sp. GAS493	1907575	S	2326	289	2615	0.00021
Stackebrandtia nassauensis	283811	S	3649	443	4092	0.00033
Natronoglycomyces albus	2811108	S	660	30	690	0.00006
Kineococcus radiotolerans	131568	S	3138	1157	4295	0.00034
Epidermidibacterium keratini	1891644	S	2083	1356	3439	0.00027
Actinopolyspora erythraea	414996	S	1908	259	2167	0.00017
Acidothermus cellulolyticus	28049	S	1688	110	1798	0.00014
Candidatus Planktophila lacus	1884913	S	81	13	94	0.00001
Candidatus Planktophila versatilis	1884905	S	60	14	74	0.00001
Candidatus Planktophila sulfonica	1884904	S	43	15	58	0.00000
Candidatus Planktophila dulcis	1884914	S	42	27	69	0.00001
Candidatus Planktophila limnetica	573600	S	25	4	29	0.00000
Candidatus Planktophila vernalis	1884907	S	16	3	19	0.00000
Candidatus Nanopelagicus hibericus	1884915	S	22	13	35	0.00000
Candidatus Nanopelagicus limnes	1884634	S	13	19	32	0.00000
Candidatus Nanopelagicus abundans	1884916	S	13	6	19	0.00000
Conexibacter sp. SYSU D00693	2812560	S	23450	6975	30425	0.00243
Conexibacter sp. S30A1	2937800	S	7342	934	8276	0.00066
Conexibacter sp. DBS9H8	2937801	S	7129	813	7942	0.00063
Conexibacter woesei	191495	S	29975	6551	36526	0.00291
Miltoncostaea marina	2843215	S	11260	3393	14653	0.00117
Miltoncostaea oceani	2843216	S	10310	1849	12159	0.00097
Rubrobacter xylanophilus	49319	S	13384	2096	15480	0.00123
Rubrobacter tropicus	2653851	S	10499	917	11416	0.00091
Rubrobacter marinus	2653852	S	8690	907	9597	0.00077
Rubrobacter radiotolerans	42256	S	3615	554	4169	0.00033
Rubrobacter indicoceani	2051957	S	1944	179	2123	0.00017
Baekduia soli	496014	S	22232	4624	26856	0.00214
Aquihabitans sp. Kera 3	2884263	S	10100	1971	12071	0.00096
Aquihabitans sp. G128	2849779	S	10036	2400	12436	0.00099
Iamia sp. SCSIO 61187	2722752	S	10955	2078	13033	0.00104
Actinomarinicola tropica	2789776	S	10434	2437	12871	0.00103
Ilumatobacter coccineus	467094	S	4228	304	4532	0.00036
Acidimicrobium ferrooxidans	53635	S	1803	163	1966	0.00016
Eggerthella lenta	84112	S	1110	873	1983	0.00016
Eggerthella guodeyinii	2690837	S	1021	528	1549	0.00012
Eggerthella sp. YY7918	502558	S	249	126	375	0.00003
Gordonibacter urolithinfaciens	1335613	S	583	477	1060	0.00008
Gordonibacter pamelaeae	471189	S	551	612	1163	0.00009
Adlercreutzia equolifaciens	446660	S	559	354	913	0.00007
Adlercreutzia hattorii	2707299	S	296	411	707	0.00006
Arabiibacter massiliensis	1870985	S	1186	281	1467	0.00012
Raoultibacter timonensis	1907662	S	689	67	756	0.00006
Berryella intestinalis	1531429	S	624	868	1492	0.00012
Slackia heliotrinireducens	84110	S	449	17	466	0.00004
Denitrobacterium detoxificans	79604	S	334	173	507	0.00004
Phoenicibacter congonensis	1944646	S	60	33	93	0.00001
Cryptobacterium curtum	84163	S	58	8	66	0.00001
Olsenella timonensis	1805478	S	1040	382	1422	0.00011
Olsenella uli	133926	S	605	73	678	0.00005
Olsenella sp. oral taxon 807	712411	S	399	27	426	0.00003
Parolsenella massiliensis	1871022	S	557	349	906	0.00007
Parolsenella catena	2003188	S	509	337	846	0.00007
Parafannyhessea umbonata	604330	S	750	549	1299	0.00010
Thermophilibacter immobilis	2779519	S	681	332	1013	0.00008
Atopobium sp. oral taxon 416	712157	S	213	28	241	0.00002
Lancefieldella parvula	1382	S	41	5	46	0.00000
Collinsella aerofaciens	74426	S	988	615	1603	0.00013
Collinsella stercoris	147206	S	667	105	772	0.00006
Collinsella sp. zg1085	2844380	S	41	2	43	0.00000
Coriobacterium glomerans	33871	S	491	18	509	0.00004
Egibacter rhizosphaerae	1670831	S	4977	368	5345	0.00043
Egicoccus halophilus	1670830	S	4860	937	5797	0.00046
Euzebya pacifica	1608957	S	4396	456	4852	0.00039
Priestia megaterium	1404	S	12508	17668	30176	0.00241
Priestia filamentosa	1402861	S	359	59	418	0.00003
Priestia aryabhattai	412384	S	352	2040	2392	0.00019
Priestia flexa	86664	S	141	58	199	0.00002
Priestia koreensis	284581	S	85	38	123	0.00001
Priestia sp. J2	2886505	S	36	337	373	0.00003
Bacillus sp. S3	486398	S	753	287	1040	0.00008
Bacillus sp. Y1	352858	S	496	248	744	0.00006
Bacillus sp. 1NLA3E	666686	S	317	147	464	0.00004
Bacillus sp. FJAT-18017	1705566	S	203	71	274	0.00002
Bacillus sp. JY-23	2933872	S	143	72	215	0.00002
Bacillus sp. OxB-1	98228	S	141	46	187	0.00001
Bacillus sp. KH172YL63	2709784	S	133	60	193	0.00002
Bacillus sp. NSP9.1	1071078	S	105	11	116	0.00001
Bacillus sp. FJAT-42376	2014076	S	103	50	153	0.00001
Bacillus sp. SB49	1071080	S	94	21	115	0.00001
Bacillus sp. PAMC26568	2760090	S	90	11	101	0.00001
Bacillus sp. THAF10	2587848	S	82	36	118	0.00001
Bacillus sp. FJAT-22090	1581038	S	78	28	106	0.00001
Bacillus sp. M4U3P1	2592382	S	58	9	67	0.00001
Bacillus sp. Cs-700	2589818	S	36	67	103	0.00001
Bacillus sp. N1-1	2682541	S	25	44	69	0.00001
Bacillus sp. WP8	756828	S	18	35	53	0.00000
Bacillus velezensis	492670	S	248	6221	6469	0.00052
Bacillus siamensis	659243	S	140	553	693	0.00006
Bacillus amyloliquefaciens	1390	S	83	2389	2472	0.00020
Bacillus subtilis	1423	S	400	9131	9531	0.00076
Bacillus paralicheniformis	1648923	S	205	172	377	0.00003
Bacillus mojavensis	72360	S	52	82	134	0.00001
Bacillus halotolerans	260554	S	20	67	87	0.00001
Bacillus atrophaeus	1452	S	67	131	198	0.00002
Bacillus vallismortis	72361	S	57	90	147	0.00001
Bacillus licheniformis	1402	S	36	861	897	0.00007
Bacillus tequilensis	227866	S	35	41	76	0.00001
Bacillus spizizenii	96241	S	13	61	74	0.00001
Bacillus cereus	1396	S	223	12167	12390	0.00099
Bacillus pseudomycoides	64104	S	166	95	261	0.00002
Bacillus mycoides	1405	S	120	221	341	0.00003
Bacillus thuringiensis	1428	S	112	6421	6533	0.00052
Bacillus cytotoxicus	580165	S	93	79	172	0.00001
Bacillus wiedmannii	1890302	S	30	61	91	0.00001
Bacillus luti	2026191	S	21	28	49	0.00000
Bacillus anthracis	1392	S	18	5493	5511	0.00044
Bacillus nitratireducens	2026193	S	13	28	41	0.00000
Bacillus toyonensis	155322	S	11	104	115	0.00001
Bacillus glycinifermentans	1664069	S	265	113	378	0.00003
Bacillus infantis	324767	S	208	77	285	0.00002
Bacillus methanolicus	1471	S	202	139	341	0.00003
Bacillus dafuensis	1742359	S	201	95	296	0.00002
[Brevibacterium] frigoritolerans	450367	S	194	88	282	0.00002
Bacillus badius	1455	S	135	69	204	0.00002
Bacillus safensis	561879	S	117	218	335	0.00003
Bacillus gobiensis	1441095	S	111	43	154	0.00001
Bacillus aquiflavi	2672567	S	108	37	145	0.00001
Bacillus pumilus	1408	S	105	131	236	0.00002
Bacillus weihaiensis	1547283	S	86	38	124	0.00001
Bacillus fonticola	2728853	S	76	27	103	0.00001
Bacillus smithii	1479	S	74	56	130	0.00001
Bacillus altitudinis	293387	S	64	334	398	0.00003
Bacillus shivajii	1983719	S	62	12	74	0.00001
Bacillus rugosus	2715209	S	46	61	107	0.00001
Bacillus cabrialesii	2487276	S	35	44	79	0.00001
Bacillus haynesii	1925021	S	10	41	51	0.00000
Neobacillus drentensis	220684	S	2368	1353	3721	0.00030
Neobacillus mesonae	1193713	S	515	224	739	0.00006
Geobacillus subterraneus	129338	S	485	425	910	0.00007
Geobacillus genomosp. 3	1921421	S	281	112	393	0.00003
Geobacillus stearothermophilus	1422	S	255	433	688	0.00005
Geobacillus sp. 46C-IIa	1963025	S	115	68	183	0.00001
Geobacillus sp. JS12	1813182	S	29	117	146	0.00001
Geobacillus sp. Y412MC52	550542	S	22	92	114	0.00001
Geobacillus sp. C56-T3	691437	S	17	86	103	0.00001
Geobacillus thermocatenulatus	33938	S	78	101	179	0.00001
Geobacillus thermoleovorans	33941	S	24	330	354	0.00003
Geobacillus kaustophilus	1462	S	16	193	209	0.00002
Geobacillus thermodenitrificans	33940	S	22	153	175	0.00001
Geobacillus zalihae	213419	S	20	171	191	0.00002
Hydrogenibacillus sp. N12	2866627	S	1815	287	2102	0.00017
Cytobacillus oceanisediminis	665099	S	702	460	1162	0.00009
Cytobacillus firmus	1399	S	402	247	649	0.00005
Cytobacillus gottheilii	859144	S	199	86	285	0.00002
Cytobacillus ciccensis	1670641	S	187	89	276	0.00002
Cytobacillus kochii	859143	S	120	48	168	0.00001
Cytobacillus sp. CY-G	2901381	S	108	50	158	0.00001
Anoxybacillus sediminis	2613334	S	835	254	1089	0.00009
Anoxybacillus sp. PDR2	1636720	S	20	129	149	0.00001
Anoxybacillus caldiproteolyticus	247480	S	118	34	152	0.00001
Anoxybacillus amylolyticus	294699	S	106	30	136	0.00001
Anoxybacillus flavithermus	33934	S	91	93	184	0.00001
Anoxybacillus kamchatkensis	196180	S	11	83	94	0.00001
Metabacillus sp. KUDC1714	2745198	S	219	97	316	0.00003
Metabacillus sp. cB07	2806989	S	143	71	214	0.00002
Metabacillus sp. B2-18	2897333	S	46	71	117	0.00001
Metabacillus sediminilitoris	2567941	S	352	169	521	0.00004
Metabacillus dongyingensis	2874282	S	176	81	257	0.00002
Metabacillus litoralis	152268	S	99	110	209	0.00002
Metabacillus endolithicus	1535204	S	50	66	116	0.00001
Peribacillus asahii	228899	S	566	372	938	0.00007
Peribacillus simplex	1478	S	206	149	355	0.00003
Peribacillus butanolivorans	421767	S	124	56	180	0.00001
Peribacillus psychrosaccharolyticus	1407	S	106	48	154	0.00001
Peribacillus muralis	264697	S	78	24	102	0.00001
Parageobacillus sp. KH3-4	2916802	S	241	123	364	0.00003
Parageobacillus caldoxylosilyticus	81408	S	175	88	263	0.00002
Parageobacillus thermoglucosidasius	1426	S	144	96	240	0.00002
Parageobacillus genomosp. 1	1295642	S	114	49	163	0.00001
Parageobacillus toebii	153151	S	98	73	171	0.00001
Mesobacillus foraminis	279826	S	287	100	387	0.00003
Mesobacillus sp. S13	2880221	S	256	145	401	0.00003
Mesobacillus jeotgali	129985	S	230	118	348	0.00003
Alkalihalobacillus clausii	79880	S	523	141	664	0.00005
Alkalihalobacillus miscanthi	2598861	S	88	32	120	0.00001
Alkalihalobacillus krulwichiae	199441	S	78	30	108	0.00001
Alkalihalobacillus lehensis	300825	S	52	18	70	0.00001
Alkalihalobacillus sp. LMS39	2924032	S	51	14	65	0.00001
Terribacillus goriensis	386490	S	671	143	814	0.00006
Terribacillus aidingensis	586416	S	63	14	77	0.00001
Lysinibacillus sp. SGAir0095	2070463	S	125	67	192	0.00002
Lysinibacillus sp. PLM2	2929796	S	65	33	98	0.00001
Lysinibacillus sp. CD3-6	2892541	S	37	18	55	0.00000
Lysinibacillus sp. 2017	2169540	S	35	21	56	0.00000
Lysinibacillus sp. Ag94	2936682	S	28	3	31	0.00000
Lysinibacillus sp. YS11	2072025	S	19	57	76	0.00001
Lysinibacillus timonensis	2086577	S	86	58	144	0.00001
Lysinibacillus fusiformis	28031	S	58	66	124	0.00001
Lysinibacillus parviboronicapiens	436516	S	41	18	59	0.00000
Lysinibacillus sphaericus	1421	S	39	52	91	0.00001
Lysinibacillus agricola	2590012	S	30	11	41	0.00000
Lysinibacillus capsici	2115968	S	10	20	30	0.00000
Virgibacillus sp. MSP4-1	2700081	S	72	19	91	0.00001
Virgibacillus sp. NKC19-16	2831673	S	65	7	72	0.00001
Virgibacillus sp. Bac332	2419842	S	61	9	70	0.00001
Virgibacillus sp. SK37	403957	S	28	11	39	0.00000
Virgibacillus sp. Bac330	2419841	S	18	6	24	0.00000
Virgibacillus phasianinus	2017483	S	62	10	72	0.00001
Virgibacillus necropolis	163877	S	56	9	65	0.00001
Virgibacillus halodenitrificans	1482	S	48	19	67	0.00001
Virgibacillus dokdonensis	302167	S	20	7	27	0.00000
Virgibacillus pantothenticus	1473	S	16	100	116	0.00001
Niallia circulans	1397	S	299	111	410	0.00003
Niallia sp. Man26	2912824	S	209	61	270	0.00002
Rossellomorea marisflavi	189381	S	307	156	463	0.00004
Rossellomorea vietnamensis	218284	S	125	64	189	0.00002
Halobacillus sp. SSBR10-3	2932257	S	72	11	83	0.00001
Halobacillus sp. SSTM10-2	2932258	S	55	13	68	0.00001
Halobacillus sp. SSHM10-5	2932259	S	55	15	70	0.00001
Halobacillus halophilus	1570	S	65	11	76	0.00001
Halobacillus mangrovi	402384	S	50	9	59	0.00000
Halobacillus litoralis	45668	S	49	9	58	0.00000
Salicibibacter halophilus	2502791	S	84	21	105	0.00001
Salicibibacter kimchii	2099786	S	81	8	89	0.00001
Salicibibacter cibi	2743001	S	80	12	92	0.00001
Salicibibacter cibarius	2743000	S	77	17	94	0.00001
Weizmannia coagulans	1398	S	343	206	549	0.00004
Oceanobacillus kimchii	746691	S	115	21	136	0.00001
Oceanobacillus zhaokaii	2052660	S	107	27	134	0.00001
Oceanobacillus iheyensis	182710	S	49	15	64	0.00001
Heyndrickxia oleronia	38875	S	155	75	230	0.00002
Heyndrickxia vini	1476025	S	111	42	153	0.00001
Salisediminibacterium selenitireducens	85683	S	158	29	187	0.00001
Salisediminibacterium beveridgei	632773	S	94	17	111	0.00001
Sutcliffiella horikoshii	79883	S	150	52	202	0.00002
Sutcliffiella cohnii	33932	S	81	45	126	0.00001
Gracilibacillus sp. SSPM10-3	2932255	S	66	17	83	0.00001
Gracilibacillus sp. SSWR10-1	2932256	S	42	11	53	0.00000
Gracilibacillus salitolerans	2663022	S	79	12	91	0.00001
Caldalkalibacillus thermarum	296745	S	178	43	221	0.00002
Fictibacillus arsenicus	255247	S	101	29	130	0.00001
Fictibacillus phosphorivorans	1221500	S	59	16	75	0.00001
Lentibacillus sp. CBA3610	2518176	S	89	10	99	0.00001
Lentibacillus amyloliquefaciens	1472767	S	76	12	88	0.00001
Psychrobacillus sp. INOP01	2829187	S	62	26	88	0.00001
Psychrobacillus sp. AK 1817	2303505	S	16	25	41	0.00000
Psychrobacillus glaciei	2283160	S	76	34	110	0.00001
Gottfriedia acidiceleris	371036	S	144	56	200	0.00002
Caldibacillus thermoamylovorans	35841	S	117	54	171	0.00001
Salimicrobium jeotgali	1230341	S	109	21	130	0.00001
Anaerobacillus isosaccharinicus	1532552	S	107	32	139	0.00001
Aeribacillus pallidus	33936	S	94	60	154	0.00001
Sediminibacillus sp. DP4-553-S	2729421	S	93	20	113	0.00001
Halalkalibacterium halodurans	86665	S	86	84	170	0.00001
Pontibacillus sp. HMF3514	2692425	S	50	9	59	0.00000
Pontibacillus sp. ALD_SL1	2777185	S	36	5	41	0.00000
Radiobacillus sp. 80	2844358	S	46	11	57	0.00000
Radiobacillus deserti	2594883	S	28	6	34	0.00000
Pradoshia sp. D12	2651284	S	64	25	89	0.00001
Alkalihalophilus pseudofirmus	79885	S	63	14	77	0.00001
Lederbergia lenta	1467	S	63	20	83	0.00001
Evansella cellulosilytica	1413	S	62	11	73	0.00001
Mangrovibacillus cuniculi	2593652	S	61	43	104	0.00001
Paraliobacillus zengyii	2213194	S	42	9	51	0.00000
Amphibacillus xylanus	1449	S	32	7	39	0.00000
Paenibacillus sp. B01	2660554	S	1977	708	2685	0.00021
Paenibacillus sp. RUD330	2023772	S	1089	138	1227	0.00010
Paenibacillus sp. 32O-W	1695218	S	1009	116	1125	0.00009
Paenibacillus sp. H1-7	2282849	S	495	52	547	0.00004
Paenibacillus sp. R14(2021)	2859228	S	436	73	509	0.00004
Paenibacillus sp. sptzw28	715179	S	325	35	360	0.00003
Paenibacillus sp. URB8-2	2741301	S	296	79	375	0.00003
Paenibacillus sp. BIHB4019	1870819	S	275	26	301	0.00002
Paenibacillus sp. YPD9-1	2908839	S	269	39	308	0.00002
Paenibacillus sp. FSL R7-0273	1536772	S	241	49	290	0.00002
Paenibacillus sp. FSL H7-0357	1536774	S	233	36	269	0.00002
Paenibacillus sp. HWE-109	1306526	S	226	22	248	0.00002
Paenibacillus sp. PK3_47	2072642	S	219	35	254	0.00002
Paenibacillus sp. JZ16	1906272	S	196	55	251	0.00002
Paenibacillus sp. FSL R7-0331	1536773	S	195	42	237	0.00002
Paenibacillus sp. Y412MC10	481743	S	188	461	649	0.00005
Paenibacillus sp. PAMC21692	2762320	S	181	168	349	0.00003
Paenibacillus sp. DCT19	2211212	S	171	34	205	0.00002
Paenibacillus sp. JNUCC-32	2777984	S	167	432	599	0.00005
Paenibacillus sp. YPG26	2878915	S	158	37	195	0.00002
Paenibacillus sp. CAA11	1532905	S	149	34	183	0.00001
Paenibacillus sp. FSL P4-0081	1536769	S	130	90	220	0.00002
Paenibacillus sp. FSL R5-0912	1536771	S	117	74	191	0.00002
Paenibacillus sp. 481	2835869	S	113	13	126	0.00001
Paenibacillus sp. 19GGS1-52	2758563	S	91	10	101	0.00001
Paenibacillus sp. IHB B 3084	867076	S	82	52	134	0.00001
Paenibacillus sp. JNUCC-31	2777983	S	79	25	104	0.00001
Paenibacillus sp. E222	2748863	S	75	30	105	0.00001
Paenibacillus sp. N3/727	2925845	S	60	80	140	0.00001
Paenibacillus sp. FSL H7-0737	1536775	S	59	23	82	0.00001
Paenibacillus sp. IHBB 10380	1566358	S	49	10	59	0.00000
Paenibacillus sp. FSL R5-0345	1536770	S	43	15	58	0.00000
Paenibacillus sp. Cedars	1980674	S	27	171	198	0.00002
Paenibacillus sp. S02	2823904	S	11	96	107	0.00001
Paenibacillus sp. M-152	2487928	S	10	169	179	0.00001
Paenibacillus mucilaginosus	61624	S	1977	140	2117	0.00017
Paenibacillus albicereus	2726185	S	1685	557	2242	0.00018
Paenibacillus lycopersici	2704462	S	1364	198	1562	0.00012
Paenibacillus cellulositrophicus	562959	S	893	103	996	0.00008
Paenibacillus rhizovicinus	2704463	S	741	116	857	0.00007
Paenibacillus macerans	44252	S	691	74	765	0.00006
Paenibacillus dendritiformis	130049	S	647	127	774	0.00006
Paenibacillus beijingensis	1126833	S	645	88	733	0.00006
Paenibacillus konkukensis	2020716	S	626	78	704	0.00006
Paenibacillus thiaminolyticus	49283	S	510	100	610	0.00005
Paenibacillus durus	44251	S	464	188	652	0.00005
Paenibacillus stellifer	169760	S	463	96	559	0.00004
Paenibacillus chitinolyticus	79263	S	457	64	521	0.00004
Paenibacillus ihbetae	1870820	S	445	73	518	0.00004
Paenibacillus cellulosilyticus	375489	S	379	58	437	0.00003
Paenibacillus xylanilyticus	248903	S	379	92	471	0.00004
Paenibacillus sabinae	365617	S	342	97	439	0.00004
Paenibacillus donghaensis	414771	S	305	37	342	0.00003
Paenibacillus albus	2495582	S	301	48	349	0.00003
Paenibacillus protaetiae	2509456	S	299	52	351	0.00003
Paenibacillus azoreducens	116718	S	268	37	305	0.00002
Paenibacillus naphthalenovorans	162209	S	266	44	310	0.00002
Paenibacillus polymyxa	1406	S	260	1134	1394	0.00011
Paenibacillus riograndensis	483937	S	97	97	194	0.00002
Paenibacillus sonchi	373687	S	68	134	202	0.00002
Paenibacillus tritici	1873425	S	244	42	286	0.00002
Paenibacillus physcomitrellae	1619311	S	231	89	320	0.00003
Paenibacillus yonginensis	1462996	S	207	103	310	0.00002
Paenibacillus swuensis	1178515	S	202	34	236	0.00002
Paenibacillus lautus	1401	S	199	270	469	0.00004
Paenibacillus algicola	2565926	S	196	37	233	0.00002
Paenibacillus borealis	160799	S	187	72	259	0.00002
Paenibacillus tianjinensis	2810347	S	182	36	218	0.00002
Paenibacillus agaridevorans	171404	S	179	226	405	0.00003
Paenibacillus sophorae	1333845	S	172	69	241	0.00002
Paenibacillus guangzhouensis	1473112	S	167	19	186	0.00001
Paenibacillus alvei	44250	S	158	24	182	0.00001
Paenibacillus jilunlii	682956	S	158	119	277	0.00002
Paenibacillus kribbensis	172713	S	135	57	192	0.00002
Paenibacillus graminis	189425	S	132	76	208	0.00002
Paenibacillus lutimineralis	2707005	S	130	20	150	0.00001
Paenibacillus psychroresistens	1778678	S	125	8	133	0.00001
Paenibacillus lentus	1338368	S	123	14	137	0.00001
Paenibacillus bovis	1616788	S	122	19	141	0.00001
Paenibacillus baekrokdamisoli	1712516	S	106	13	119	0.00001
Paenibacillus barcinonensis	198119	S	99	19	118	0.00001
Paenibacillus odorifer	189426	S	92	19	111	0.00001
Paenibacillus larvae	1464	S	89	19	108	0.00001
Paenibacillus brasilensis	128574	S	71	36	107	0.00001
Paenibacillus pabuli	1472	S	71	29	100	0.00001
Paenibacillus crassostreae	1763538	S	58	11	69	0.00001
Paenibacillus terrae	159743	S	56	30	86	0.00001
Paenibacillus uliginis	683737	S	54	64	118	0.00001
Paenibacillus antarcticus	253703	S	49	9	58	0.00000
Paenibacillus peoriae	59893	S	34	216	250	0.00002
Paenibacillus xylanexedens	528191	S	33	26	59	0.00000
Paenibacillus glucanolyticus	59843	S	26	170	196	0.00002
Brevibacillus marinus	2496837	S	843	167	1010	0.00008
Brevibacillus choshinensis	54911	S	592	163	755	0.00006
Brevibacillus agri	51101	S	584	171	755	0.00006
Brevibacillus composti	2796470	S	541	160	701	0.00006
Brevibacillus sp. MMS20-4M-10-Y	2895522	S	373	61	434	0.00003
Brevibacillus sp. HD3.3A	2738979	S	55	256	311	0.00002
Brevibacillus sp. DP1.3A	2738867	S	33	33	66	0.00001
Brevibacillus brevis	1393	S	353	212	565	0.00005
Brevibacillus laterosporus	1465	S	127	159	286	0.00002
Brevibacillus formosus	54913	S	47	45	92	0.00001
Brevibacillus parabrevis	54914	S	38	183	221	0.00002
Cohnella candidum	2674991	S	1094	160	1254	0.00010
Cohnella sp. LGH	1619153	S	674	275	949	0.00008
Cohnella sp. MFER-1	2728023	S	358	54	412	0.00003
Cohnella cholangitidis	2598458	S	303	58	361	0.00003
Cohnella abietis	2507935	S	102	12	114	0.00001
Thermobacillus composti	377615	S	1850	306	2156	0.00017
Saccharibacillus brassicae	2583377	S	1180	165	1345	0.00011
Aneurinibacillus soli	1500254	S	186	244	430	0.00003
Novibacillus thermophilus	1471761	S	6869	1175	8044	0.00064
Kroppenstedtia eburnea	714067	S	1047	129	1176	0.00009
Kroppenstedtia pulmonis	1380685	S	133	12	145	0.00001
Staphylospora marina	2490858	S	616	122	738	0.00006
Polycladomyces abyssicola	1125966	S	445	51	496	0.00004
Thermoactinomyces vulgaris	2026	S	264	66	330	0.00003
Laceyella sacchari	37482	S	258	74	332	0.00003
Alicyclobacillus acidocaldarius	405212	S	2178	229	2407	0.00019
Alicyclobacillus mengziensis	2931921	S	276	23	299	0.00002
Alicyclobacillus acidoterrestris	1450	S	258	49	307	0.00002
Alicyclobacillus sp. SO9	2665646	S	122	10	132	0.00001
Alicyclobacillus sp. TC	2606450	S	65	10	75	0.00001
Tumebacillus avium	1903704	S	1447	744	2191	0.00017
Tumebacillus algifaecis	1214604	S	603	262	865	0.00007
Kyrpidia spormannii	2055160	S	294	165	459	0.00004
Kyrpidia tusciae	33943	S	234	186	420	0.00003
Effusibacillus dendaii	2743772	S	166	25	191	0.00002
Planococcus sp. MB-3u-03	2058136	S	102	76	178	0.00001
Planococcus sp. 107-1	2908840	S	67	35	102	0.00001
Planococcus sp. PAMC 21323	1526927	S	19	10	29	0.00000
Planococcus plakortidis	1038856	S	162	114	276	0.00002
Planococcus lenghuensis	2213202	S	146	40	186	0.00001
Planococcus glaciei	459472	S	127	47	174	0.00001
Planococcus maritimus	192421	S	124	65	189	0.00002
Planococcus rifietoensis	200991	S	97	78	175	0.00001
Planococcus massiliensis	1499687	S	90	22	112	0.00001
Planococcus halotolerans	2233542	S	78	31	109	0.00001
Planococcus antarcticus	161360	S	53	21	74	0.00001
Planococcus donghaensis	414778	S	23	15	38	0.00000
Planococcus halocryophilus	1215089	S	23	14	37	0.00000
Planococcus versutus	1302659	S	21	11	32	0.00000
Planococcus faecalis	1598147	S	11	37	48	0.00000
Sporosarcina sp. Te-1	2818390	S	53	16	69	0.00001
Sporosarcina sp. Marseille-Q4063	2810514	S	40	9	49	0.00000
Sporosarcina sp. PTS2304	2283194	S	18	6	24	0.00000
Sporosarcina sp. resist	2762563	S	15	66	81	0.00001
Sporosarcina sp. P37	1930546	S	12	51	63	0.00001
Sporosarcina ureae	1571	S	121	43	164	0.00001
Sporosarcina ureilytica	298596	S	35	14	49	0.00000
Sporosarcina pasteurii	1474	S	29	11	40	0.00000
Solibacillus silvestris	76853	S	96	48	144	0.00001
Solibacillus sp. R5-41	2048654	S	26	15	41	0.00000
Ureibacillus thermosphaericus	51173	S	48	72	120	0.00001
Ureibacillus thermophilus	367743	S	46	32	78	0.00001
Jeotgalibacillus malaysiensis	1508404	S	72	31	103	0.00001
Paenisporosarcina antarctica	417367	S	36	14	50	0.00000
Paenisporosarcina cavernae	2320858	S	29	21	50	0.00000
Rummeliibacillus stabekisii	241244	S	45	28	73	0.00001
Kurthia sp. 11kri321	1750719	S	27	19	46	0.00000
Kurthia zopfii	1650	S	12	7	19	0.00000
Viridibacillus sp. JNUCC-6	2779527	S	31	14	45	0.00000
Staphylococcus aureus	1280	S	107	4878	4985	0.00040
Staphylococcus epidermidis	1282	S	44	44	88	0.00001
Staphylococcus pseudintermedius	283734	S	27	30	57	0.00000
Staphylococcus sp. CCM 9025	2892440	S	15	8	23	0.00000
Staphylococcus haemolyticus	1283	S	22	27	49	0.00000
Staphylococcus capitis	29388	S	18	21	39	0.00000
Staphylococcus pettenkoferi	170573	S	17	5	22	0.00000
Staphylococcus hyicus	1284	S	15	8	23	0.00000
Staphylococcus hominis	1290	S	15	14	29	0.00000
Staphylococcus simiae	308354	S	15	10	25	0.00000
Staphylococcus lutrae	155085	S	15	8	23	0.00000
Staphylococcus lugdunensis	28035	S	15	8	23	0.00000
Staphylococcus chromogenes	46126	S	15	8	23	0.00000
Staphylococcus carnosus	1281	S	13	5	18	0.00000
Staphylococcus pseudoxylosus	2282419	S	13	8	21	0.00000
Staphylococcus simulans	1286	S	13	6	19	0.00000
Staphylococcus auricularis	29379	S	13	5	18	0.00000
Staphylococcus schleiferi	1295	S	13	23	36	0.00000
Staphylococcus agnetis	985762	S	12	5	17	0.00000
Staphylococcus muscae	1294	S	11	6	17	0.00000
Staphylococcus nepalensis	214473	S	11	4	15	0.00000
Staphylococcus condimenti	70255	S	11	5	16	0.00000
Staphylococcus arlettae	29378	S	10	8	18	0.00000
Staphylococcus saccharolyticus	33028	S	10	4	14	0.00000
Staphylococcus gallinarum	1293	S	10	0	10	0.00000
Staphylococcus kloosii	29384	S	10	6	16	0.00000
Macrococcus brunensis	198483	S	26	9	35	0.00000
Macrococcus armenti	2875764	S	22	13	35	0.00000
Macrococcus canis	1855823	S	17	9	26	0.00000
Macrococcus caseolyticus	69966	S	15	38	53	0.00000
Jeotgalicoccus saudimassiliensis	1461582	S	43	6	49	0.00000
Jeotgalicoccus sp. WY2	2708346	S	31	7	38	0.00000
Jeotgalicoccus sp. ATCC 8456	946435	S	12	2	14	0.00000
Salinicoccus halodurans	407035	S	75	27	102	0.00001
Mammaliicoccus sciuri	1296	S	16	12	28	0.00000
Mammaliicoccus lentus	42858	S	13	11	24	0.00000
Mammaliicoccus vitulinus	71237	S	11	6	17	0.00000
Nosocomiicoccus ampullae	489910	S	18	3	21	0.00000
Abyssicoccus albus	1817405	S	15	5	20	0.00000
Exiguobacterium alkaliphilum	1428684	S	283	115	398	0.00003
Exiguobacterium sp. N4-1P	2051906	S	63	49	112	0.00001
Exiguobacterium sp. Helios	2735868	S	37	19	56	0.00000
Exiguobacterium sp. AT1b	360911	S	35	45	80	0.00001
Exiguobacterium sp. PFWT01	2829816	S	20	26	46	0.00000
Exiguobacterium sp. MH3	1399115	S	17	25	42	0.00000
Exiguobacterium mexicanum	340146	S	222	98	320	0.00003
Exiguobacterium acetylicum	41170	S	82	145	227	0.00002
Exiguobacterium sibiricum	332410	S	65	36	101	0.00001
Exiguobacterium antarcticum	132920	S	57	25	82	0.00001
Gemella haemolysans	1379	S	11	9	20	0.00000
Listeria monocytogenes	1639	S	67	1449	1516	0.00012
Listeria weihenstephanensis	1006155	S	43	12	55	0.00000
Listeria innocua	1642	S	37	39	76	0.00001
Listeria grayi	1641	S	26	9	35	0.00000
Listeria marthii	529731	S	20	9	29	0.00000
Listeria ivanovii	1638	S	19	4	23	0.00000
Listeria sp. PSOL-1	1844999	S	19	6	25	0.00000
Listeria seeligeri	1640	S	18	7	25	0.00000
Listeria welshimeri	1643	S	11	8	19	0.00000
Brochothrix thermosphacta	2756	S	27	11	38	0.00000
Sporolactobacillus terrae	269673	S	102	18	120	0.00001
Limosilactobacillus fermentum	1613	S	175	183	358	0.00003
Limosilactobacillus pontis	35787	S	123	79	202	0.00002
Limosilactobacillus mucosae	97478	S	79	41	120	0.00001
Limosilactobacillus panis	47493	S	42	18	60	0.00000
Limosilactobacillus reuteri	1598	S	29	5350	5379	0.00043
Limosilactobacillus gastricus	227942	S	12	5	17	0.00000
Limosilactobacillus vaginalis	1633	S	11	5	16	0.00000
Lactobacillus delbrueckii	1584	S	162	411	573	0.00005
Lactobacillus sp. 3B(2020)	2695882	S	13	5	18	0.00000
Lactobacillus sp. CBA3606	2099789	S	10	8	18	0.00000
Lactobacillus panisapium	2012495	S	24	5	29	0.00000
Lactobacillus acetotolerans	1600	S	15	4	19	0.00000
Lactobacillus iners	147802	S	13	22	35	0.00000
Lactobacillus crispatus	47770	S	12	13	25	0.00000
Lactobacillus kefiranofaciens	267818	S	11	12	23	0.00000
Levilactobacillus zymae	267363	S	159	53	212	0.00002
Levilactobacillus brevis	1580	S	86	30	116	0.00001
Levilactobacillus suantsaii	2292255	S	40	15	55	0.00000
Levilactobacillus koreensis	637971	S	33	6	39	0.00000
Lacticaseibacillus rhamnosus	47715	S	60	240	300	0.00002
Lacticaseibacillus casei	1582	S	54	19	73	0.00001
Lacticaseibacillus manihotivorans	88233	S	47	15	62	0.00000
Lacticaseibacillus paracasei	1597	S	44	99	143	0.00001
Lacticaseibacillus zeae	57037	S	28	12	40	0.00000
Lacticaseibacillus chiayiensis	2100821	S	27	5	32	0.00000
Weissella cibaria	137591	S	40	26	66	0.00001
Weissella confusa	1583	S	30	21	51	0.00000
Weissella coleopterorum	2714949	S	23	10	33	0.00000
Weissella soli	155866	S	17	5	22	0.00000
Weissella koreensis	165096	S	10	10	20	0.00000
Schleiferilactobacillus harbinensis	304207	S	148	18	166	0.00001
Leuconostoc lactis	1246	S	30	52	82	0.00001
Leuconostoc mesenteroides	1245	S	15	14	29	0.00000
Leuconostoc pseudomesenteroides	33968	S	12	14	26	0.00000
Leuconostoc carnosum	1252	S	11	3	14	0.00000
Lactiplantibacillus pentosus	1589	S	61	20	81	0.00001
Lactiplantibacillus plantarum	1590	S	29	33	62	0.00000
Lactiplantibacillus paraplantarum	60520	S	21	8	29	0.00000
Ligilactobacillus ruminis	1623	S	42	17	59	0.00000
Ligilactobacillus murinus	1622	S	14	15	29	0.00000
Ligilactobacillus salivarius	1624	S	14	12	26	0.00000
Ligilactobacillus acidipiscis	89059	S	14	5	19	0.00000
Ligilactobacillus animalis	1605	S	13	15	28	0.00000
Ligilactobacillus agilis	1601	S	12	9	21	0.00000
Ligilactobacillus saerimneri	228229	S	11	16	27	0.00000
Oenococcus kitaharae	336988	S	37	2	39	0.00000
Oenococcus oeni	1247	S	19	3	22	0.00000
Oenococcus sicerae	2203724	S	18	0	18	0.00000
Oenococcus sp. UCMA 16435	2259623	S	12	2	14	0.00000
Lentilactobacillus buchneri	1581	S	24	10	34	0.00000
Lentilactobacillus hilgardii	1588	S	17	4	21	0.00000
Lentilactobacillus parabuchneri	152331	S	17	6	23	0.00000
Lentilactobacillus kefiri	33962	S	15	5	20	0.00000
Lentilactobacillus curieae	1138822	S	12	3	15	0.00000
Companilactobacillus allii	1847728	S	11	3	14	0.00000
Companilactobacillus crustorum	392416	S	10	14	24	0.00000
Latilactobacillus sakei	1599	S	28	13	41	0.00000
Latilactobacillus curvatus	28038	S	20	19	39	0.00000
Latilactobacillus fuchuensis	164393	S	20	0	20	0.00000
Secundilactobacillus paracollinoides	240427	S	50	18	68	0.00001
Secundilactobacillus malefermentans	176292	S	18	8	26	0.00000
Pediococcus acidilactici	1254	S	28	16	44	0.00000
Pediococcus damnosus	51663	S	12	7	19	0.00000
Loigolactobacillus coryniformis	1610	S	36	27	63	0.00001
Loigolactobacillus bifermentans	1607	S	15	4	19	0.00000
Loigolactobacillus backii	375175	S	10	4	14	0.00000
Liquorilactobacillus nagelii	82688	S	19	9	28	0.00000
Liquorilactobacillus hordei	468911	S	17	15	32	0.00000
Paucilactobacillus hokkaidonensis	1193095	S	12	5	17	0.00000
Paucilactobacillus oligofermentans	293371	S	11	4	15	0.00000
Amylolactobacillus amylophilus	1603	S	30	30	60	0.00000
Furfurilactobacillus rossiae	231049	S	25	4	29	0.00000
Apilactobacillus kunkeei	148814	S	13	3	16	0.00000
Periweissella cryptocerci	2506420	S	16	2	18	0.00000
Streptococcus sp. HKU75	2781599	S	16	13	29	0.00000
Streptococcus suis	1307	S	57	239	296	0.00002
Streptococcus oralis	1303	S	47	53	100	0.00001
Streptococcus sanguinis	1305	S	44	14	58	0.00000
Streptococcus salivarius	1304	S	32	58	90	0.00001
Streptococcus equi	1336	S	19	10	29	0.00000
Streptococcus cristatus	45634	S	27	47	74	0.00001
Streptococcus gordonii	1302	S	26	12	38	0.00000
Streptococcus merionis	400065	S	24	3	27	0.00000
Streptococcus ferus	1345	S	21	5	26	0.00000
Streptococcus chenjunshii	2173853	S	20	2	22	0.00000
Streptococcus mitis	28037	S	20	23	43	0.00000
Streptococcus ratti	1341	S	19	3	22	0.00000
Streptococcus mutans	1309	S	18	15	33	0.00000
Streptococcus infantis	68892	S	18	8	26	0.00000
Streptococcus pyogenes	1314	S	17	62	79	0.00001
Streptococcus sobrinus	1310	S	17	3	20	0.00000
Streptococcus pantholopis	1811193	S	17	2	19	0.00000
Streptococcus pneumoniae	1313	S	14	1244	1258	0.00010
Streptococcus gallolyticus	315405	S	14	50	64	0.00001
Streptococcus acidominimus	1326	S	11	5	16	0.00000
Streptococcus halotolerans	1814128	S	10	3	13	0.00000
Lactococcus raffinolactis	1366	S	21	15	36	0.00000
Lactococcus cremoris	1359	S	18	26	44	0.00000
Lactococcus garvieae	1363	S	18	39	57	0.00000
Lactococcus lactis	1358	S	16	58	74	0.00001
Lactococcus allomyrinae	2419773	S	11	4	15	0.00000
Floricoccus penangensis	1859475	S	13	4	17	0.00000
Enterococcus faecium	1352	S	40	660	700	0.00006
Enterococcus gilvus	160453	S	38	20	58	0.00000
Enterococcus avium	33945	S	33	21	54	0.00000
Enterococcus raffinosus	71452	S	25	18	43	0.00000
Enterococcus faecalis	1351	S	24	30	54	0.00000
Enterococcus casseliflavus	37734	S	23	53	76	0.00001
Enterococcus durans	53345	S	21	24	45	0.00000
Enterococcus hirae	1354	S	20	19	39	0.00000
Enterococcus cecorum	44008	S	17	16	33	0.00000
Enterococcus wangshanyuanii	2005703	S	15	2	17	0.00000
Enterococcus saigonensis	1805431	S	13	23	36	0.00000
Enterococcus rotai	118060	S	12	0	12	0.00000
Enterococcus mundtii	53346	S	11	9	20	0.00000
Vagococcus lutrae	81947	S	21	53	74	0.00001
Vagococcus fluvialis	2738	S	11	21	32	0.00000
Tetragenococcus halophilus	51669	S	23	13	36	0.00000
Tetragenococcus osmophilus	526944	S	18	15	33	0.00000
Tetragenococcus koreensis	290335	S	16	8	24	0.00000
Jeotgalibaca sp. MA1X17-3	2908211	S	16	4	20	0.00000
Jeotgalibaca arthritidis	1868794	S	18	39	57	0.00000
Jeotgalibaca dankookensis	708126	S	14	4	18	0.00000
Jeotgalibaca porci	1868793	S	13	10	23	0.00000
Jeotgalibaca ciconiae	2496265	S	10	5	15	0.00000
Carnobacterium maltaromaticum	2751	S	18	5	23	0.00000
Carnobacterium divergens	2748	S	16	4	20	0.00000
Carnobacterium inhibens	147709	S	10	9	19	0.00000
Dolosigranulum pigrum	29394	S	43	15	58	0.00000
Granulicatella adiacens	46124	S	11	6	17	0.00000
Marinilactibacillus sp. 15R	1911586	S	11	4	15	0.00000
Aerococcus sanguinicola	119206	S	33	10	43	0.00000
Aerococcus urinae	1376	S	17	8	25	0.00000
Aerococcus christensenii	87541	S	11	20	31	0.00000
Aerococcus urinaeequi	51665	S	10	90	100	0.00001
Abiotrophia defectiva	46125	S	22	8	30	0.00000
Ignavigranum ruoffiae	89093	S	20	3	23	0.00000
Suicoccus acidiformans	2036206	S	20	15	35	0.00000
Thermaerobacter sp. FW80	2546351	S	2501	542	3043	0.00024
Thermaerobacter sp. PB12/4term	2293838	S	1767	456	2223	0.00018
Thermaerobacter marianensis	73919	S	2097	549	2646	0.00021
Intestinimonas butyriciproducens	1297617	S	445	188	633	0.00005
Aminipila luticellarii	2507160	S	60	6	66	0.00001
Aminipila butyrica	433296	S	50	5	55	0.00000
Aminipila terrae	2697030	S	47	5	52	0.00000
Emergencia timonensis	1776384	S	115	45	160	0.00001
Flintibacter sp. KGMB00164	2610895	S	280	33	313	0.00003
Massilistercora timonensis	2086584	S	174	193	367	0.00003
Carboxydocella thermautotrophica	178899	S	123	14	137	0.00001
Faecalibacterium prausnitzii	853	S	1477	1469	2946	0.00023
Dysosmobacter sp. Marseille-Q4140	2830675	S	544	255	799	0.00006
Dysosmobacter welbionis	2093857	S	379	277	656	0.00005
Flavonifractor plautii	292800	S	842	225	1067	0.00009
Ethanoligenens harbinense	253239	S	563	33	596	0.00005
Vescimonas coprocola	2714355	S	308	275	583	0.00005
Vescimonas fastidiosa	2714353	S	189	321	510	0.00004
Ruthenibacterium lactatiformans	1550024	S	450	130	580	0.00005
Anaerotruncus colihominis	169435	S	423	240	663	0.00005
Caproiciproducens sp. NJN-50	2507162	S	356	52	408	0.00003
Oscillibacter sp. NSJ-62	2763056	S	320	113	433	0.00003
Acutalibacter muris	1796620	S	259	13	272	0.00002
Caproicibacter fermentans	2576756	S	248	16	264	0.00002
Ruminococcus champanellensis	1161942	S	109	6	115	0.00001
Ruminococcus albus	1264	S	54	1	55	0.00000
Ruminococcus bovis	2564099	S	23	4	27	0.00000
Ruminococcus bicirculans	1160721	S	21	4	25	0.00000
Acetivibrio saccincola	1677857	S	84	59	143	0.00001
Acetivibrio thermocellus	1515	S	56	12	68	0.00001
Acetivibrio clariflavus	288965	S	52	37	89	0.00001
Pusillibacter faecalis	2714358	S	185	130	315	0.00003
Caproicibacterium amylolyticum	2766537	S	94	7	101	0.00001
Caproicibacterium lactatifermentans	2666138	S	84	10	94	0.00001
Solibaculum mannosilyticum	2780922	S	164	170	334	0.00003
Pseudoclostridium thermosuccinogenes	84032	S	78	20	98	0.00001
Thermoclostridium stercorarium	1510	S	58	27	85	0.00001
Ruminiclostridium herbifermentans	2488810	S	30	7	37	0.00000
Ruminiclostridium cellulolyticum	1521	S	19	3	22	0.00000
Mageeibacillus indolicus	884684	S	38	60	98	0.00001
Monoglobus pectinilyticus	1981510	S	27	14	41	0.00000
Fastidiosipila sanguinis	236753	S	13	6	19	0.00000
Clostridium sp. SY8519	1042156	S	101	33	134	0.00001
Clostridium sp. M62/1	411486	S	91	113	204	0.00002
Clostridium sp. DL-VIII	641107	S	69	13	82	0.00001
Clostridium sp. C5S11	704125	S	69	9	78	0.00001
Clostridium sp. 'deep sea'	2779445	S	38	0	38	0.00000
Clostridium sp. JN-1	2483110	S	31	5	36	0.00000
Clostridium sp. BNL1100	755731	S	27	2	29	0.00000
Clostridium sp. JN-9	2507159	S	25	4	29	0.00000
Clostridium sp. MD294	97138	S	20	1	21	0.00000
Clostridium sp. C1	1155388	S	18	19	37	0.00000
Clostridium sp. 001	1970093	S	14	10	24	0.00000
Clostridium sp. BJN0001	2930219	S	11	2	13	0.00000
Clostridium tetani	1513	S	248	35	283	0.00002
Clostridium botulinum	1491	S	104	111	215	0.00002
Clostridium perfringens	1502	S	93	28	121	0.00001
Clostridium beijerinckii	1520	S	84	150	234	0.00002
Clostridium saccharoperbutylacetonicum	36745	S	73	17	90	0.00001
Clostridium intestinale	36845	S	55	7	62	0.00000
Clostridium pasteurianum	1501	S	54	9	63	0.00001
Clostridium thermarum	1716543	S	51	33	84	0.00001
Clostridium kluyveri	1534	S	50	3	53	0.00000
Clostridium argentinense	29341	S	45	6	51	0.00000
Clostridium saccharobutylicum	169679	S	41	8	49	0.00000
Clostridium formicaceticum	1497	S	36	7	43	0.00000
Clostridium baratii	1561	S	36	9	45	0.00000
Clostridium estertheticum	238834	S	32	6	38	0.00000
Clostridium manihotivorum	2320868	S	32	3	35	0.00000
Clostridium aceticum	84022	S	30	3	33	0.00000
Clostridium cadaveris	1529	S	30	7	37	0.00000
Clostridium fermenticellae	2068654	S	30	3	33	0.00000
Clostridium butyricum	1492	S	29	5	34	0.00000
Clostridium cellulovorans	1493	S	27	4	31	0.00000
Clostridium carboxidivorans	217159	S	25	7	32	0.00000
Clostridium gasigenes	94869	S	21	4	25	0.00000
Clostridium tyrobutyricum	1519	S	20	1	21	0.00000
Clostridium taeniosporum	394958	S	18	3	21	0.00000
Clostridium sporogenes	1509	S	18	111	129	0.00001
Clostridium drakei	332101	S	17	13	30	0.00000
Clostridium bornimense	1216932	S	15	4	19	0.00000
Clostridium scatologenes	1548	S	13	13	26	0.00000
Clostridium acetobutylicum	1488	S	11	0	11	0.00000
Clostridium diolis	223919	S	10	133	143	0.00001
Clostridium cochlearium	1494	S	10	3	13	0.00000
Clostridium isatidis	182773	S	10	4	14	0.00000
Clostridium novyi	1542	S	10	67	77	0.00001
Hungatella hathewayi	154046	S	178	7	185	0.00001
Alkaliphilus sp. B6464	2731219	S	44	16	60	0.00000
Alkaliphilus oremlandii	461876	S	36	14	50	0.00000
Alkaliphilus metalliredigens	208226	S	24	5	29	0.00000
Crassaminicella thermophila	2599308	S	28	9	37	0.00000
Crassaminicella profunda	1286698	S	19	4	23	0.00000
Crassaminicella sp. 143-21	2855394	S	14	6	20	0.00000
Geosporobacter ferrireducens	1424294	S	58	9	67	0.00001
Caloramator sp. E03	2576307	S	46	5	51	0.00000
Paraclostridium bifermentans	1490	S	19	5	24	0.00000
Hathewaya histolytica	1498	S	18	6	24	0.00000
Sarcina sp. JB2	2726954	S	13	6	19	0.00000
Symbiobacterium thermophilum	2734	S	2912	299	3211	0.00026
[Clostridium] scindens	29347	S	168	73	241	0.00002
[Clostridium] hylemonae	89153	S	134	36	170	0.00001
Lachnoclostridium phocaeense	1871021	S	127	119	246	0.00002
Lachnoclostridium sp. YL32	1834196	S	24	43	67	0.00001
Lachnoclostridium phytofermentans	66219	S	18	1	19	0.00000
Blautia producta	33035	S	112	20	132	0.00001
Blautia sp. NBRC 113351	2877527	S	59	68	127	0.00001
Blautia sp. SC05B48	2479767	S	12	30	42	0.00000
Blautia pseudococcoides	1796616	S	34	4	38	0.00000
Blautia obeum	40520	S	27	25	52	0.00000
Blautia liquoris	2779518	S	27	2	29	0.00000
Blautia massiliensis	1737424	S	25	47	72	0.00001
Blautia argi	1912897	S	13	12	25	0.00000
Lachnospiraceae bacterium NSJ-29	2763667	S	117	37	154	0.00001
Lachnospiraceae bacterium NSJ-38	2763669	S	94	37	131	0.00001
Lachnospiraceae bacterium sunii NSJ-8	2763672	S	62	52	114	0.00001
Lachnospiraceae bacterium NSJ-4	2763670	S	32	32	64	0.00001
Anaerocolumna sedimenticola	2696063	S	90	7	97	0.00001
Anaerocolumna cellulosilytica	433286	S	71	4	75	0.00001
Anaerocolumna chitinilytica	1727145	S	48	2	50	0.00000
Roseburia hominis	301301	S	118	130	248	0.00002
Roseburia intestinalis	166486	S	31	38	69	0.00001
Roseburia sp. NSJ-69	2763062	S	22	9	31	0.00000
Enterocloster bolteae	208479	S	125	39	164	0.00001
Enterocloster clostridioformis	1531	S	19	59	78	0.00001
Anaerostipes caccae	105841	S	53	14	67	0.00001
Anaerostipes rhamnosivorans	1229621	S	45	22	67	0.00001
Anaerostipes hadrus	649756	S	18	19	37	0.00000
Lacrimispora sphenoides	29370	S	68	5	73	0.00001
Lacrimispora saccharolytica	84030	S	50	7	57	0.00000
Coprococcus comes	410072	S	48	56	104	0.00001
Coprococcus catus	116085	S	31	16	47	0.00000
Coprococcus eutactus	33043	S	19	20	39	0.00000
Coprococcus sp. ART55/1	751585	S	11	9	20	0.00000
Anaerotignum propionicum	28446	S	81	9	90	0.00001
[Ruminococcus] gnavus	33038	S	43	37	80	0.00001
[Ruminococcus] torques	33039	S	24	20	44	0.00000
Butyrivibrio fibrisolvens	831	S	35	10	45	0.00000
Butyrivibrio proteoclasticus	43305	S	12	2	14	0.00000
Butyrivibrio hungatei	185008	S	12	2	14	0.00000
Herbinix luporum	1679721	S	62	45	107	0.00001
Sellimonas intestinalis	1653434	S	44	26	70	0.00001
Novisyntrophococcus fermenticellae	2068655	S	44	6	50	0.00000
Dorea longicatena	88431	S	32	32	64	0.00001
Anaerobutyricum hallii	39488	S	25	9	34	0.00000
Lachnospira eligens	39485	S	24	4	28	0.00000
Faecalicatena sp. Marseille-Q4148	2823316	S	23	11	34	0.00000
Pseudobutyrivibrio xylanivorans	185007	S	20	1	21	0.00000
Lachnoanaerobaculum umeaense	617123	S	19	5	24	0.00000
Candidatus Desulforudis audaxviator	471827	S	787	57	844	0.00007
Desulforamulus ferrireducens	1833852	S	176	111	287	0.00002
Desulforamulus ruminis	1564	S	140	18	158	0.00001
Desulforamulus reducens	59610	S	58	11	69	0.00001
Acididesulfobacillus acetoxydans	1561005	S	257	11	268	0.00002
Candidatus Formimonas warabiya	1761012	S	174	10	184	0.00001
Thermanaerosceptrum fracticalcis	1712410	S	99	14	113	0.00001
Desulfofarcimen acetoxidans	58138	S	77	9	86	0.00001
Dehalobacterium formicoaceticum	51515	S	73	13	86	0.00001
Christensenella sp. Marseille-P3954	2086585	S	788	453	1241	0.00010
Christensenella minuta	626937	S	200	57	257	0.00002
Desulfosporosinus orientis	1563	S	101	23	124	0.00001
Desulfosporosinus youngiae	339862	S	88	27	115	0.00001
Desulfosporosinus acidiphilus	885581	S	74	15	89	0.00001
Desulfosporosinus meridiei	79209	S	57	22	79	0.00001
Desulfitobacterium hafniense	49338	S	158	25	183	0.00001
Desulfitobacterium dehalogenans	36854	S	62	12	74	0.00001
Desulfitobacterium metallireducens	142877	S	54	11	65	0.00001
Desulfitobacterium dichloroeliminans	233055	S	49	44	93	0.00001
Dehalobacter restrictus	55583	S	67	88	155	0.00001
Syntrophobotulus glycolicus	51197	S	79	5	84	0.00001
Heliomicrobium modesticaldum	35701	S	829	425	1254	0.00010
Heliorestis convoluta	356322	S	47	3	50	0.00000
Eubacterium limosum	1736	S	97	85	182	0.00001
Eubacterium sp. MSJ-33	2841528	S	33	19	52	0.00000
Eubacterium sp. c-25	2841037	S	27	14	41	0.00000
Eubacterium callanderi	53442	S	53	35	88	0.00001
Eubacterium maltosivorans	2041044	S	35	137	172	0.00001
Acetobacterium sp. KB-1	2184575	S	117	25	142	0.00001
Acetobacterium wieringae	52694	S	64	31	95	0.00001
Acetobacterium woodii	33952	S	28	4	32	0.00000
Alkalibacter sp. ES005	2815577	S	74	5	79	0.00001
Syntrophothermus lipocalidus	86170	S	165	15	180	0.00001
Candidatus Contubernalis alkalaceticum	338645	S	64	3	67	0.00001
Syntrophomonas wolfei	863	S	62	12	74	0.00001
Candidatus Syntrophocurvum alkaliphilum	2293317	S	31	7	38	0.00000
Peptoclostridium acidaminophilum	1731	S	52	8	60	0.00000
Clostridioides difficile	1496	S	29	4880	4909	0.00039
Terrisporobacter sp. MCA3	2813371	S	39	5	44	0.00000
Romboutsia sp. CE17	2724150	S	21	7	28	0.00000
Tepidibacter sp. 8C15b	2925782	S	18	4	22	0.00000
Paeniclostridium sordellii	1505	S	16	3	19	0.00000
Filifactor alocis	143361	S	15	20	35	0.00000
Acetoanaerobium sticklandii	1511	S	14	1	15	0.00000
Peptacetobacter hiranonis	89152	S	13	3	16	0.00000
Desulfoscipio gibsoniae	102134	S	187	17	204	0.00002
Thermincola potens	863643	S	120	11	131	0.00001
Desulfotomaculum nigrificans	1565	S	106	44	150	0.00001
Vallitalea pronyensis	1348613	S	24	1	25	0.00000
Vallitalea guaymasensis	1185412	S	12	1	13	0.00000
Petrocella atlantisensis	2173034	S	22	3	25	0.00000
Caloranaerobacter azorensis	116090	S	45	7	52	0.00000
Alkalicella caledoniensis	2731377	S	18	2	20	0.00000
Moorella sp. Hama-1	2138101	S	429	81	510	0.00004
Moorella thermoacetica	1525	S	373	60	433	0.00003
Moorella glycerini	55779	S	289	25	314	0.00003
Ammonifex degensii	42838	S	456	19	475	0.00004
Gelria sp. Kuro-4	2796927	S	1064	91	1155	0.00009
Thermacetogenium phaeum	85874	S	407	391	798	0.00006
Carboxydothermus hydrogenoformans	129958	S	178	17	195	0.00002
Thermanaeromonas toyohensis	161154	S	145	5	150	0.00001
Thermoanaerobacter mathranii	583357	S	26	77	103	0.00001
Thermoanaerobacter kivui	2325	S	21	20	41	0.00000
Caldanaerobacter subterraneus	911092	S	40	46	86	0.00001
Caldicellulosiruptor saccharolyticus	44001	S	17	38	55	0.00000
Caldicellulosiruptor acetigenus	301953	S	15	22	37	0.00000
Caldicellulosiruptor changbaiensis	1222016	S	13	34	47	0.00000
Caldicellulosiruptor diazotrophicus	2806205	S	10	11	21	0.00000
Thermoanaerobacterium thermosaccharolyticum	1517	S	33	54	87	0.00001
Thermoanaerobacterium sp. RBIITD	1550240	S	17	10	27	0.00000
Thermoanaerobacterium xylanolyticum	29329	S	10	7	17	0.00000
Zhaonella formicivorans	2528593	S	120	19	139	0.00001
Mahella australiensis	252966	S	108	61	169	0.00001
Thermodesulfobium acidiphilum	1794699	S	28	24	52	0.00000
Thermodesulfobium narugense	184064	S	13	11	24	0.00000
Iocasia fonsfrigidae	2682810	S	103	12	115	0.00001
Halothermothrix orenii	31909	S	65	12	77	0.00001
Halanaerobium hydrogeniformans	656519	S	16	12	28	0.00000
Halanaerobium praevalens	2331	S	15	15	30	0.00000
Anoxybacter fermentans	1323375	S	111	32	143	0.00001
Halobacteroides halobius	42422	S	49	12	61	0.00000
Acetohalobium arabaticum	28187	S	30	5	35	0.00000
Thermosediminibacter oceani	291990	S	174	18	192	0.00002
Biomaibacter acetigenes	2316383	S	108	7	115	0.00001
Tepidanaerobacter acetatoxydans	499229	S	51	2	53	0.00000
Koleobacter methoxysyntrophicus	2751313	S	122	11	133	0.00001
Natranaerofaba carboxydovora	2742683	S	78	4	82	0.00001
Natranaerobius thermophilus	375929	S	34	5	39	0.00000
Selenomonas sp. oral taxon 126	712528	S	516	149	665	0.00005
Selenomonas sp. oral taxon 920	1884263	S	396	98	494	0.00004
Selenomonas sp. oral taxon 478	712538	S	150	241	391	0.00003
Selenomonas sp. oral taxon 136	713030	S	142	215	357	0.00003
Selenomonas sputigena	69823	S	934	84	1018	0.00008
Selenomonas timonae	2754044	S	347	173	520	0.00004
Selenomonas ruminantium	971	S	140	12	152	0.00001
Megamonas funiformis	437897	S	14	30	44	0.00000
Pectinatus frisingensis	865	S	28	1	29	0.00000
Sporomusa termitida	2377	S	174	26	200	0.00002
Pelosinus sp. UFO1	484770	S	78	21	99	0.00001
Pelosinus fermentans	365349	S	41	6	47	0.00000
Methylomusa anaerophila	1930071	S	126	9	135	0.00001
Megasphaera elsdenii	907	S	331	172	503	0.00004
Megasphaera stantonii	2144175	S	280	173	453	0.00004
Megasphaera massiliensis	1232428	S	126	47	173	0.00001
Dialister pneumosintes	39950	S	16	105	121	0.00001
Veillonella parvula	29466	S	21	18	39	0.00000
Veillonella rodentium	248315	S	16	6	22	0.00000
Acidaminococcus fermentans	905	S	224	50	274	0.00002
Acidaminococcus intestini	187327	S	79	16	95	0.00001
Phascolarctobacterium faecium	33025	S	76	7	83	0.00001
Phascolarctobacterium succinatutens	626940	S	48	124	172	0.00001
Phascolarctobacterium sp. Marseille-Q4147	2823317	S	38	29	67	0.00001
Limnochorda pilosa	1555112	S	2908	140	3048	0.00024
Peptoniphilus ivorii	54006	S	161	37	198	0.00002
Peptoniphilus harei	54005	S	17	18	35	0.00000
Murdochiella vaginalis	1852373	S	95	80	175	0.00001
Anaerococcus mediterraneensis	1870984	S	30	60	90	0.00001
Parvimonas micra	33033	S	32	59	91	0.00001
Finegoldia magna	1260	S	20	18	38	0.00000
Schnuerera ultunensis	45497	S	61	10	71	0.00001
Tissierella sp. JN-28	2507161	S	49	8	57	0.00000
Gudongella oleilytica	1582259	S	33	5	38	0.00000
Keratinibaculum paraultunense	1278232	S	32	13	45	0.00000
Gottschalkia acidurici	1556	S	79	8	87	0.00001
Ezakiella coagulans	46507	S	95	235	330	0.00003
Ezakiella massiliensis	1852374	S	25	12	37	0.00000
Sedimentibacter sp. zth1	2816908	S	32	4	36	0.00000
Allobaculum sp. Allo2	2853432	S	103	17	120	0.00001
Allobaculum mucolyticum	2834459	S	64	13	77	0.00001
Faecalibaculum rodentium	1702221	S	119	23	142	0.00001
Erysipelothrix sp. HDW6B	2714929	S	16	11	27	0.00000
Erysipelothrix larvae	1514105	S	17	7	24	0.00000
[Clostridium] innocuum	1522	S	56	42	98	0.00001
Erysipelatoclostridium ramosum	1547	S	13	6	19	0.00000
Intestinibaculum porci	2487118	S	31	15	46	0.00000
Bulleidia sp. zg-1006	2806552	S	27	10	37	0.00000
Amedibacterium intestinale	2583452	S	13	22	35	0.00000
Faecalitalea cylindroides	39483	S	11	17	28	0.00000
Longicatena caecimuris	1796635	S	11	15	26	0.00000
Faecalibacillus intestinalis	1982626	S	11	10	21	0.00000
Turicibacter sp. H121	1712675	S	41	47	88	0.00001
Turicibacter sp. TJ11	2806443	S	13	13	26	0.00000
Turicibacter sanguinis	154288	S	11	4	15	0.00000
Ndongobacter massiliensis	1871025	S	133	97	230	0.00002
endosymbiont 'TC1' of Trimyema compressum	243899	S	58	4	62	0.00000
Synechococcus sp. CBW1004	1353136	S	980	257	1237	0.00010
Synechococcus sp. RSCCF101	2511069	S	753	191	944	0.00008
Synechococcus sp. CBW1107	2789857	S	712	141	853	0.00007
Synechococcus sp. JA-3-3Ab	321327	S	476	112	588	0.00005
Synechococcus sp. CBW1108	1353147	S	447	64	511	0.00004
Synechococcus sp. SynAce01	1916956	S	442	51	493	0.00004
Synechococcus sp. CB0101	232348	S	396	89	485	0.00004
Synechococcus sp. NB0720_10	2907159	S	344	92	436	0.00003
Synechococcus sp. LA31	2741953	S	297	67	364	0.00003
Synechococcus sp. PCC 7336	195250	S	290	10	300	0.00002
Synechococcus sp. JA-2-3B'a(2-13)	321332	S	278	58	336	0.00003
Synechococcus sp. RS9909	221352	S	262	92	354	0.00003
Synechococcus sp. HK01-R	2751171	S	255	44	299	0.00002
Synechococcus sp. A10-1-5-1	2936507	S	253	58	311	0.00002
Synechococcus sp. LTW-R	2751170	S	249	61	310	0.00002
Synechococcus sp. Minos11	221341	S	231	17	248	0.00002
Synechococcus sp. KORDI-100	1280380	S	218	16	234	0.00002
Synechococcus sp. WH 8101	59932	S	203	66	269	0.00002
Synechococcus sp. BMK-MC-1	1442551	S	176	67	243	0.00002
Synechococcus sp. PROS-U-1	1400866	S	168	30	198	0.00002
Synechococcus sp. NOUM97013	1442555	S	142	23	165	0.00001
Synechococcus sp. PROS-7-1	1442556	S	133	54	187	0.00001
Synechococcus sp. MEDNS5	1442554	S	124	40	164	0.00001
Synechococcus sp. KORDI-49	585423	S	122	109	231	0.00002
Synechococcus sp. BIOS-E4-1	1400864	S	114	12	126	0.00001
Synechococcus sp. MIT S9220	166309	S	108	16	124	0.00001
Synechococcus sp. KORDI-52	585425	S	105	32	137	0.00001
Synechococcus sp. A15-127	1050624	S	100	89	189	0.00002
Synechococcus sp. A15-62	1050657	S	94	59	153	0.00001
Synechococcus sp. NIES-970	1827144	S	89	15	104	0.00001
Synechococcus sp. CC9902	316279	S	88	9	97	0.00001
Synechococcus sp. BIOS-U3-1	1400865	S	83	9	92	0.00001
Synechococcus sp. CBW1002	1353134	S	78	574	652	0.00005
Synechococcus sp. PCC 6312	195253	S	78	3	81	0.00001
Synechococcus sp. CBW1006	1353138	S	75	484	559	0.00004
Synechococcus sp. PCC 7003	374981	S	70	19	89	0.00001
Synechococcus sp. RS9907	221350	S	67	136	203	0.00002
Synechococcus sp. ROS8604	1442557	S	66	15	81	0.00001
Synechococcus sp. A15-44	1050646	S	60	93	153	0.00001
Synechococcus sp. WH 8109	166314	S	59	40	99	0.00001
Synechococcus sp. PROS-9-1	1968775	S	54	13	67	0.00001
Synechococcus sp. WH 8020	32052	S	48	8	56	0.00000
Synechococcus sp. RS9902	221345	S	43	77	120	0.00001
Synechococcus sp. PCC 7502	1173263	S	39	2	41	0.00000
Synechococcus sp. MVIR-18-1	1386941	S	38	58	96	0.00001
Synechococcus sp. TAK9802	1442558	S	37	78	115	0.00001
Synechococcus sp. M16.1	1442553	S	37	96	133	0.00001
Synechococcus sp. CC9311	64471	S	37	8	45	0.00000
Synechococcus sp. PCC 11901	2579791	S	22	90	112	0.00001
Synechococcus sp. SYN20	1050714	S	21	27	48	0.00000
Synechococcus sp. A15-60	1050655	S	21	127	148	0.00001
Synechococcus sp. PCC 7117	195498	S	19	78	97	0.00001
Synechococcus sp. A18-25c	1866938	S	13	82	95	0.00001
Synechococcus sp. PCC 8807	195248	S	12	60	72	0.00001
Synechococcus sp. PCC 7002	32049	S	12	45	57	0.00000
Synechococcus elongatus	32046	S	429	23	452	0.00004
Dactylococcopsis salina	292566	S	85	32	117	0.00001
Cyanobium sp. NIES-981	1851505	S	738	244	982	0.00008
Cyanobium sp. NS01	261284	S	684	253	937	0.00007
Cyanobium gracile	59930	S	1095	245	1340	0.00011
Parasynechococcus marenigrum	2881428	S	196	64	260	0.00002
Prochlorococcus marinus	1219	S	158	29	187	0.00001
Acaryochloris marina	155978	S	108	29	137	0.00001
Acaryochloris sp. 'Moss Beach'	2740837	S	36	47	83	0.00001
Chamaesiphon minutus	1173032	S	195	11	206	0.00002
Synechocystis sp. PCC 6714	1147	S	43	13	56	0.00000
Synechocystis sp. CACIAM 05	1933929	S	15	91	106	0.00001
Nostoc sp. NIES-4103	2005458	S	1424	189	1613	0.00013
Nostoc sp. UHCC 0702	2814655	S	774	96	870	0.00007
Nostoc sp. MS1	2764711	S	244	35	279	0.00002
Nostoc sp. PCC 7107	317936	S	175	68	243	0.00002
Nostoc sp. CENA543	1869241	S	171	17	188	0.00002
Nostoc sp. C052	2576902	S	149	33	182	0.00001
Nostoc sp. UHCC 0870	2914041	S	145	18	163	0.00001
Nostoc sp. TCL26-01	2576904	S	144	12	156	0.00001
Nostoc sp. ATCC 53789	76335	S	120	168	288	0.00002
Nostoc sp. PCC 7524	28072	S	118	14	132	0.00001
Nostoc sp. 'Lobaria pulmonaria (5183) cyanobiont'	1618022	S	95	20	115	0.00001
Nostoc sp. 'Peltigera membranacea cyanobiont' N6	1261031	S	90	25	115	0.00001
Nostoc sp. NIES-2111	1973475	S	69	106	175	0.00001
Nostoc sp. C057	2576903	S	55	75	130	0.00001
Nostoc sp. NIES-3756	1751286	S	52	103	155	0.00001
Nostoc sp. TCL240-02	2572090	S	47	25	72	0.00001
Nostoc sp. PCC 7120 = FACHB-418	103690	S	12	440	452	0.00004
Nostoc piscinale	224012	S	242	40	282	0.00002
Nostoc linckia	92942	S	234	42	276	0.00002
Nostoc edaphicum	264686	S	125	36	161	0.00001
Nostoc punctiforme	272131	S	118	89	207	0.00002
Nostoc sphaeroides	446679	S	116	78	194	0.00002
Nostoc flagelliforme	1306274	S	100	37	137	0.00001
Nostoc commune	1178	S	80	26	106	0.00001
Anabaena cylindrica	1165	S	147	21	168	0.00001
Anabaena sp. WA102	1647413	S	103	156	259	0.00002
Anabaena sp. 90	46234	S	35	236	271	0.00002
Cylindrospermum stagnale	142864	S	157	15	172	0.00001
Trichormus azollae	1164	S	90	9	99	0.00001
Richelia sinica	1357545	S	93	10	103	0.00001
Calothrix sp. PCC 7716	2853227	S	195	116	311	0.00002
Calothrix sp. NIES-2100	1954172	S	179	104	283	0.00002
Calothrix sp. NIES-3974	2005462	S	157	12	169	0.00001
Calothrix sp. PCC 7507	99598	S	155	31	186	0.00001
Calothrix sp. NIES-2098	1954171	S	127	68	195	0.00002
Calothrix sp. 336/3	1337936	S	70	18	88	0.00001
Calothrix sp. PCC 6303	1170562	S	56	15	71	0.00001
Calothrix brevissima	938406	S	194	75	269	0.00002
Calothrix parasitica	1973486	S	155	8	163	0.00001
Sphaerospermopsis kisseleviana	289435	S	184	66	250	0.00002
Sphaerospermopsis torques-reginae	984207	S	152	49	201	0.00002
Nodularia sphaerocarpa	137816	S	141	36	177	0.00001
Nodularia spumigena	70799	S	93	22	115	0.00001
Anabaenopsis circularis	109266	S	161	83	244	0.00002
Anabaenopsis elenkinii	156213	S	37	6	43	0.00000
Dolichospermum compactum	136073	S	79	89	168	0.00001
Dolichospermum flos-aquae	1166	S	40	283	323	0.00003
Dolichospermum sp. UHCC 0315A	1914871	S	25	149	174	0.00001
Cylindrospermopsis raciborskii	77022	S	17	16	33	0.00000
Scytonema sp. NIES-4073	2005464	S	272	116	388	0.00003
Scytonema sp. HK-05	1137095	S	220	84	304	0.00002
Brasilonema sennae	1397703	S	110	12	122	0.00001
Tolypothrix sp. PCC 7910	2099387	S	179	50	229	0.00002
Tolypothrix tenuis	457083	S	86	32	118	0.00001
Fischerella sp. NIES-3754	1752063	S	150	27	177	0.00001
Fischerella sp. NIES-4106	2005456	S	124	13	137	0.00001
Rivularia sp. PCC 7116	373994	S	65	3	68	0.00001
Leptolyngbya sp. 7M	2812896	S	2448	192	2640	0.00021
Leptolyngbya sp. BL0902	1115757	S	418	26	444	0.00004
Leptolyngbya sp. NIES-3755	1752064	S	113	13	126	0.00001
Leptolyngbya sp. PCC 7376	111781	S	51	4	55	0.00000
Leptolyngbya boryana	1184	S	150	0	150	0.00001
Kovacikia minuta	2931930	S	407	38	445	0.00004
Leptothermofonsia sichuanensis	2917832	S	231	23	254	0.00002
Leptodesmis sichuanensis	2906798	S	224	27	251	0.00002
Thermoleptolyngbya sp. PKUAC-SCTB121	2811482	S	20	380	400	0.00003
Thermoleptolyngbya sichuanensis	2885951	S	14	289	303	0.00002
Thermosynechococcus sp. NK55a	1394889	S	99	34	133	0.00001
Thermosynechococcus sp. TA-1	2813673	S	46	39	85	0.00001
Thermosynechococcus sp. CL-1	2583530	S	24	21	45	0.00000
Thermosynechococcus vestitus	146786	S	126	33	159	0.00001
Halomicronema hongdechloris	1209493	S	314	13	327	0.00003
Pseudanabaena sp. PCC 7367	82654	S	115	4	119	0.00001
Pseudanabaena sp. ABRG5-3	685565	S	69	4	73	0.00001
Gloeobacter kilaueensis	1416614	S	1353	43	1396	0.00011
Gloeobacter morelensis	2907343	S	994	434	1428	0.00011
Gloeobacter violaceus	33072	S	944	452	1396	0.00011
Anthocerotibacter panamensis	2857077	S	375	13	388	0.00003
Moorena producens	1155739	S	654	17	671	0.00005
Oscillatoria nigro-viridis	482564	S	172	77	249	0.00002
Oscillatoria acuminata	118323	S	136	8	144	0.00001
Geitlerinema sp. PCC 7407	1173025	S	700	103	803	0.00006
Allocoleopsis franciscana	2886352	S	167	17	184	0.00001
Oxynema aestuarii	2874213	S	330	29	359	0.00003
Microcoleus vaginatus	119532	S	216	66	282	0.00002
Planktothrix rubescens	59512	S	30	37	67	0.00001
[Phormidium] sp. ETS-05	222819	S	188	11	199	0.00002
Crinalium epipsammum	241425	S	73	9	82	0.00001
Limnospira indica	147322	S	10	57	67	0.00001
Microcystis aeruginosa	1126	S	234	260	494	0.00004
Microcystis sp. MC19	1967666	S	33	19	52	0.00000
Gloeothece citriformis	2546356	S	67	6	73	0.00001
Gloeothece verrucosa	2546359	S	43	4	47	0.00000
Halothece sp. PCC 7418	65093	S	60	20	80	0.00001
Euhalothece natronophila	577489	S	31	5	36	0.00000
Rippkaea orientalis	2546366	S	85	11	96	0.00001
Crocosphaera subtropica	2546360	S	49	5	54	0.00000
Candidatus Atelocyanobacterium thalassa	713887	S	13	2	15	0.00000
Geminocystis sp. NIES-3709	1617448	S	38	9	47	0.00000
Geminocystis sp. NIES-3708	1615909	S	21	6	27	0.00000
Geminocystis herdmanii	669359	S	60	11	71	0.00001
Gloeocapsa sp. PCC 7428	1173026	S	116	12	128	0.00001
Chondrocystis sp. NIES-4102	2005460	S	61	8	69	0.00001
Cyanobacterium aponinum	379064	S	48	14	62	0.00001
Chroococcidiopsis sp. CCMEE 29	155894	S	247	42	289	0.00002
Chroococcidiopsis sp. CCNUC1	2653189	S	62	77	139	0.00001
Chroococcidiopsis thermalis	54299	S	89	121	210	0.00002
Pleurocapsa sp. PCC 7327	118163	S	150	17	167	0.00001
Stanieria cyanosphaera	102116	S	47	13	60	0.00000
Stanieria sp. NIES-3757	1807358	S	32	6	38	0.00000
Gloeomargarita lithophora	1188228	S	110	4	114	0.00001
Thermostichus lividus	33070	S	74	10	84	0.00001
cyanobacterium endosymbiont of Rhopalodia gibberula	1763363	S	12	4	16	0.00000
Deinococcus sp. NW-56	2080419	S	1370	245	1615	0.00013
Deinococcus sp. TS-293	2737050	S	1081	140	1221	0.00010
Deinococcus sp. KNUC1210	2917691	S	1039	53	1092	0.00009
Deinococcus sp. AJ005	2652443	S	783	84	867	0.00007
Deinococcus sp. QL22	2939437	S	525	57	582	0.00005
Deinococcus maricopensis	309887	S	1908	209	2117	0.00017
Deinococcus gobiensis	502394	S	1687	282	1969	0.00016
Deinococcus metallilatus	1211322	S	1628	236	1864	0.00015
Deinococcus ficus	317577	S	1564	184	1748	0.00014
Deinococcus actinosclerus	1768108	S	1539	1229	2768	0.00022
Deinococcus irradiatisoli	2202254	S	1235	140	1375	0.00011
Deinococcus peraridilitoris	432329	S	1157	69	1226	0.00010
Deinococcus wulumuqiensis	980427	S	1103	559	1662	0.00013
Deinococcus radiopugnans	57497	S	962	150	1112	0.00009
Deinococcus radiodurans	1299	S	820	309	1129	0.00009
Deinococcus geothermalis	68909	S	794	157	951	0.00008
Deinococcus psychrotolerans	2489213	S	678	24	702	0.00006
Deinococcus soli (ex Cha et al. 2016)	1309411	S	665	832	1497	0.00012
Deinococcus proteolyticus	55148	S	570	162	732	0.00006
Deinococcus deserti	310783	S	570	50	620	0.00005
Deinococcus radiophilus	32062	S	328	87	415	0.00003
Deinococcus puniceus	1182568	S	298	60	358	0.00003
Thermus thermophilus	274	S	920	1162	2082	0.00017
Thermus sp. CCB_US3_UF1	1111069	S	448	70	518	0.00004
Thermus sp. NEB1569	2918899	S	91	159	250	0.00002
Thermus oshimai	56957	S	475	93	568	0.00005
Thermus aquaticus	271	S	449	68	517	0.00004
Thermus brockianus	56956	S	414	82	496	0.00004
Thermus caldilimi	2483360	S	218	54	272	0.00002
Thermus scotoductus	37636	S	125	183	308	0.00002
Thermus parvatiensis	456163	S	67	310	377	0.00003
Oceanithermus profundus	187137	S	2639	333	2972	0.00024
Meiothermus silvanus	52022	S	829	140	969	0.00008
Meiothermus taiwanensis	172827	S	686	239	925	0.00007
Meiothermus ruber	277	S	673	247	920	0.00007
Marinithermus hydrothermalis	186192	S	1624	304	1928	0.00015
Truepera radiovictrix	332249	S	2114	138	2252	0.00018
Sphaerobacter thermophilus	2057	S	7362	481	7843	0.00063
Thermomicrobium roseum	500	S	1629	36	1665	0.00013
Roseiflexus sp. RS-1	357808	S	2244	389	2633	0.00021
Roseiflexus castenholzii	120962	S	2206	428	2634	0.00021
Chloroflexus aurantiacus	1108	S	799	82	881	0.00007
Chloroflexus aggregans	152260	S	663	113	776	0.00006
Tepidiforma bonchosmolovskayae	2601677	S	6060	301	6361	0.00051
Candidatus Promineofilum breve	1806508	S	4231	101	4332	0.00035
Anaerolinea thermophila	167964	S	1059	111	1170	0.00009
Pelolinea submarina	913107	S	832	41	873	0.00007
Brevefilum fermentans	1986204	S	423	16	439	0.00004
Caldilinea aerophila	133453	S	2196	150	2346	0.00019
Dehalogenimonas formicexedens	1839801	S	450	147	597	0.00005
Dehalogenimonas sp. GP	1536648	S	313	101	414	0.00003
Dehalococcoides mccartyi	61435	S	139	263	402	0.00003
Ktedonosporobacter rubrisoli	2509675	S	1299	41	1340	0.00011
Thermobaculum terrenum	166501	S	762	132	894	0.00007
Phototrophicus methaneseepsis	2710758	S	758	9	767	0.00006
Fimbriimonas ginsengisoli	1005039	S	2359	16	2375	0.00019
Chthonomonas calidirosea	454171	S	657	6	663	0.00005
Mycoplasma sp. (ex Biomphalaria glabrata)	1749074	S	13	2	15	0.00000
Mycoplasma genitalium	2097	S	19	0	19	0.00000
Mycoplasma phocoenae	754517	S	13	65	78	0.00001
Mycoplasmopsis maculosa	114885	S	10	69	79	0.00001
Candidatus Hepatoplasma crinochetorum	295596	S	18	3	21	0.00000
Alteracholeplasma palmae	38986	S	77	12	89	0.00001
Haploplasma axanthum	29552	S	10	5	15	0.00000
Spiroplasma endosymbiont of 'Nebria riversi'	2792084	S	10	1	11	0.00000
Spiroplasma platyhelix	301585	S	12	2	14	0.00000
Spiroplasma litorale	216942	S	12	42	54	0.00000
Williamsoniiplasma somnilux	215578	S	10	9	19	0.00000
Malacoplasma iowae	2116	S	11	3	14	0.00000
Candidatus Izimaplasma sp. HR1	1541959	S	22	1	23	0.00000
Gemmata obscuriglobus	114	S	26715	4511	31226	0.00249
Gemmata massiliana	1210884	S	10942	4727	15669	0.00125
Gemmata sp. SH-PL17	1630693	S	10390	5057	15447	0.00123
Urbifossiella limnaea	2528023	S	47436	4493	51929	0.00414
Frigoriglobus tundricola	2774151	S	31846	5329	37175	0.00296
Limnoglobus roseus	2598579	S	22911	1148	24059	0.00192
Tuwongella immobilis	692036	S	2310	106	2416	0.00019
Telmatocola sphagniphila	1123043	S	1859	20	1879	0.00015
Lacipirellula parvula	2650471	S	9336	1247	10583	0.00084
Lacipirellula limnantheis	2528024	S	9187	1426	10613	0.00085
Pirellulimonas nuda	2528009	S	7703	983	8686	0.00069
Botrimarina mediterranea	2528022	S	6299	690	6989	0.00056
Aeoliella mucimassa	2527972	S	2585	250	2835	0.00023
Adhaeretor mobilis	1930276	S	1509	173	1682	0.00013
Bythopirellula goksoeyrii	1400387	S	1328	112	1440	0.00011
Stieleria maiorica	2795974	S	2398	544	2942	0.00023
Stieleria neptunia	2527979	S	2286	292	2578	0.00021
Lignipirellula cremea	2528010	S	4897	633	5530	0.00044
Anatilimnocola aggregata	2528021	S	4589	559	5148	0.00041
Rosistilla oblonga	2527990	S	1308	656	1964	0.00016
Rosistilla carotiformis	2528017	S	947	428	1375	0.00011
Rosistilla ulvae	1930277	S	869	536	1405	0.00011
Bremerella volcania	2527984	S	3348	280	3628	0.00029
Pirellula staleyi	125	S	2465	104	2569	0.00020
Pirellula sp. SH-Sr6A	1632865	S	696	21	717	0.00006
Roseimaritima ulvae	980254	S	2071	154	2225	0.00018
Roseimaritima multifibrata	1930274	S	630	81	711	0.00006
Rubripirellula lacrimiformis	1930273	S	1111	238	1349	0.00011
Mariniblastus fucicola	980251	S	879	19	898	0.00007
Rhodopirellula baltica	265606	S	774	60	834	0.00007
Aureliella helgolandensis	2527968	S	769	70	839	0.00007
Thermogutta terrifontis	1331910	S	953	35	988	0.00008
Tautonia plasticadhaerens	2527974	S	23650	2336	25986	0.00207
Aquisphaera giovannonii	406548	S	21416	4082	25498	0.00203
Paludisphaera borealis	1387353	S	13541	3325	16866	0.00135
Singulisphaera acidiphila	466153	S	10265	1680	11945	0.00095
Isosphaera pallida	128	S	2262	181	2443	0.00019
Planctomyces sp. SH-PL62	1636152	S	12702	5059	17761	0.00142
Planctomyces sp. SH-PL14	1632864	S	8588	608	9196	0.00073
Gimesia panareensis	2527978	S	1938	249	2187	0.00017
Gimesia chilikensis	2605989	S	1083	687	1770	0.00014
Gimesia maris	122	S	753	125	878	0.00007
Gimesia alba	2527973	S	493	93	586	0.00005
Gimesia fumaroli	2527976	S	482	103	585	0.00005
Gimesia algae	2527971	S	446	120	566	0.00005
Gimesia aquarii	2527964	S	313	23	336	0.00003
Gimesia benthica	2608982	S	306	450	756	0.00006
Caulifigura coniformis	2527983	S	7172	531	7703	0.00061
Maioricimonas rarisocia	2528026	S	5751	817	6568	0.00052
Alienimonas californiensis	2527989	S	4791	398	5189	0.00041
Symmachiella dynata	2527995	S	2375	158	2533	0.00020
Fuerstiella marisgermanici	1891926	S	1346	26	1372	0.00011
Rubinisphaera brasiliensis	119	S	1319	146	1465	0.00012
Calycomorphotria hydatis	2528027	S	1199	50	1249	0.00010
Planctopirus ephydatiae	2528019	S	456	210	666	0.00005
Planctopirus limnophila	120	S	401	173	574	0.00005
Crateriforma conspicua	2527996	S	1078	246	1324	0.00011
Polystyrenella longa	2528007	S	453	44	497	0.00004
Thalassoglobus polymorphus	2527994	S	436	25	461	0.00004
Humisphaera borealis	2807512	S	8669	241	8910	0.00071
Phycisphaera mikurensis	547188	S	3520	336	3856	0.00031
Mucisphaera calidilacus	2527982	S	1744	122	1866	0.00015
Poriferisphaera corsica	2528020	S	272	2	274	0.00002
Anaerohalosphaera lusitana	1936003	S	410	17	427	0.00003
Limihaloglobus sulfuriphilus	1851148	S	162	13	175	0.00001
Sedimentisphaera salicampi	1941349	S	67	20	87	0.00001
Sedimentisphaera cyanobacteriorum	1940790	S	59	74	133	0.00001
Candidatus Kuenenia stuttgartiensis	174633	S	173	0	173	0.00001
Candidatus Uabimicrobium amorphum	2596890	S	117	2	119	0.00001
Opitutus terrae	107709	S	8163	406	8569	0.00068
Opitutus sp. GAS368	1882749	S	7607	1191	8798	0.00070
Lacunisphaera limnophila	1838286	S	7120	1051	8171	0.00065
Oleiharenicola sp. KSB-15	2862869	S	3492	197	3689	0.00029
Nibricoccus aquaticus	2576891	S	2865	136	3001	0.00024
Ereboglobus luteus	1796921	S	2142	112	2254	0.00018
Ruficoccus sp. ZRK36	2866311	S	924	156	1080	0.00009
Coraliomargarita akajimensis	395922	S	248	6	254	0.00002
Verrucomicrobium sp. GAS474	1882831	S	2665	310	2975	0.00024
Verrucomicrobium spinosum	2736	S	1545	103	1648	0.00013
Luteolibacter ambystomatis	2824561	S	1729	143	1872	0.00015
Luteolibacter luteus	2728835	S	1633	94	1727	0.00014
Roseimicrobium sp. ORNL1	2711231	S	2320	94	2414	0.00019
Sulfuriroseicoccus oceanibius	2707525	S	548	66	614	0.00005
Akkermansia muciniphila	239935	S	1152	133	1285	0.00010
Akkermansia glycaniphila	1679444	S	412	26	438	0.00003
Methylacidimicrobium sp. AP8	2730359	S	795	123	918	0.00007
Methylacidimicrobium sp. B4	2796139	S	697	146	843	0.00007
Candidatus Xiphinematobacter sp. Idaho Grape	1704307	S	212	17	229	0.00002
Methylacidiphilum sp. IT6	2795386	S	27	2	29	0.00000
Methylacidiphilum sp. IT5	2795384	S	24	52	76	0.00001
Methylacidiphilum kamchatkense	431057	S	36	2	38	0.00000
Methylacidiphilum infernorum	511746	S	25	53	78	0.00001
Kiritimatiella glycovorans	1307763	S	1118	1322	2440	0.00019
Tichowtungia aerotolerans	2697043	S	353	15	368	0.00003
Candidatus Protochlamydia naegleriophila	389348	S	59	39	98	0.00001
Candidatus Protochlamydia amoebophila	362787	S	27	17	44	0.00000
Parachlamydia acanthamoebae	83552	S	79	22	101	0.00001
Neochlamydia sp. S13	1353976	S	50	9	59	0.00000
Candidatus Rhabdochlamydia porcellionis	225148	S	16	44	60	0.00000
Candidatus Rhabdochlamydia oedothoracis	2720720	S	14	29	43	0.00000
Simkania negevensis	83561	S	50	4	54	0.00000
Waddlia chondrophila	71667	S	47	7	54	0.00000
Chlamydia trachomatis	813	S	23	11	34	0.00000
Chlamydia pecorum	85991	S	16	64	80	0.00001
Chlamydia suis	83559	S	14	14	28	0.00000
Candidatus Velamenicoccus archaeovorus	1930593	S	414	1	415	0.00003
Hymenobacter sp. PAMC 26628	1484118	S	960	232	1192	0.00010
Hymenobacter sp. 5317J-9	2932250	S	958	211	1169	0.00009
Hymenobacter sp. APR13	1356852	S	833	249	1082	0.00009
Hymenobacter sp. PAMC 26554	1484116	S	808	76	884	0.00007
Hymenobacter sp. BRD128	2675878	S	747	93	840	0.00007
Hymenobacter sp. 5116S-27	2932249	S	556	63	619	0.00005
Hymenobacter sp. 5116S-3	2932248	S	553	60	613	0.00005
Hymenobacter sp. NBH84	2596915	S	494	54	548	0.00004
Hymenobacter sp. BT18	2835648	S	483	56	539	0.00004
Hymenobacter sp. 5420S-77	2932254	S	470	66	536	0.00004
Hymenobacter sp. DG01	2584940	S	433	77	510	0.00004
Hymenobacter sp. 5413J-13	2932251	S	419	45	464	0.00004
Hymenobacter sp. S2-20-2	2761579	S	370	50	420	0.00003
Hymenobacter sp. BRD67	2675877	S	361	349	710	0.00006
Hymenobacter sp. DG25B	1385664	S	335	69	404	0.00003
Hymenobacter sp. DG25A	1385663	S	263	55	318	0.00003
Hymenobacter sp. HDW8	2714932	S	186	613	799	0.00006
Hymenobacter sp. 5516S-25	2933777	S	116	219	335	0.00003
Hymenobacter sp. 5516J-16	2932253	S	93	186	279	0.00002
Hymenobacter sp. 5414T-23	2932252	S	13	1077	1090	0.00009
Hymenobacter monticola	1705399	S	990	191	1181	0.00009
Hymenobacter busanensis	2607656	S	936	108	1044	0.00008
Hymenobacter sedentarius	1411621	S	855	136	991	0.00008
Hymenobacter nivis	1850093	S	694	184	878	0.00007
Hymenobacter jejuensis	2502781	S	644	52	696	0.00006
Hymenobacter oligotrophus	2319843	S	624	73	697	0.00006
Hymenobacter swuensis	1446467	S	474	109	583	0.00005
Hymenobacter tibetensis	497967	S	413	67	480	0.00004
Hymenobacter baengnokdamensis	2615203	S	371	410	781	0.00006
Hymenobacter qilianensis	1385715	S	316	59	375	0.00003
Hymenobacter radiodurans	2496028	S	150	517	667	0.00005
Pontibacter pudoricolor	2694930	S	1499	191	1690	0.00013
Pontibacter russatus	2694929	S	1126	126	1252	0.00010
Pontibacter actiniarum	323450	S	705	190	895	0.00007
Pontibacter akesuensis	388950	S	460	76	536	0.00004
Pontibacter korlensis	400092	S	315	50	365	0.00003
Pontibacter sp. SGAir0037	2571030	S	263	50	313	0.00002
Rufibacter radiotolerans	1379910	S	334	44	378	0.00003
Rufibacter tibetensis	512763	S	222	42	264	0.00002
Rufibacter sp. DG15C	1379909	S	198	118	316	0.00003
Adhaeribacter swui	2086471	S	179	32	211	0.00002
Adhaeribacter radiodurans	2745197	S	137	21	158	0.00001
Nibribacter ruber	2698458	S	239	139	378	0.00003
Spirosoma sp. CJU-R4	2728024	S	599	49	648	0.00005
Spirosoma sp. KUDC1026	2745947	S	348	33	381	0.00003
Spirosoma sp. KCTC 42546	2520506	S	269	38	307	0.00002
Spirosoma sp. RHs26	2898794	S	255	19	274	0.00002
Spirosoma sp. KCTC 72228	2710596	S	173	24	197	0.00002
Spirosoma rigui	564064	S	465	33	498	0.00004
Spirosoma montaniterrae	1178516	S	381	23	404	0.00003
Spirosoma taeanense	2735870	S	358	33	391	0.00003
Spirosoma radiotolerans	1379870	S	270	19	289	0.00002
Spirosoma aerolatum	1211326	S	268	13	281	0.00002
Spirosoma pollinicola	2057025	S	259	33	292	0.00002
Spirosoma endbachense	2666025	S	253	120	373	0.00003
Spirosoma aureum	2692134	S	185	106	291	0.00002
Rhodocytophaga rosea	2704465	S	187	6	193	0.00002
Aquirufa sp. 9H-EGSE	2696560	S	48	14	62	0.00000
Aquirufa nivalisilvae	2516557	S	47	11	58	0.00000
Cytophaga hutchinsonii	985	S	102	9	111	0.00001
Dyadobacter fermentans	94254	S	675	59	734	0.00006
Dyadobacter sp. LJ419	2906456	S	199	12	211	0.00002
Dyadobacter sp. NIV53	2861765	S	87	4	91	0.00001
Dyadobacter sandarakinus	2747268	S	278	25	303	0.00002
Fibrella aestuarina	651143	S	824	73	897	0.00007
Fibrella sp. ES10-3-2-2	1834519	S	354	28	382	0.00003
Runella slithyformis	106	S	262	19	281	0.00002
Runella rosea	2259595	S	178	16	194	0.00002
Runella sp. SP2	2268026	S	163	9	172	0.00001
Larkinella sp. IE-0392	2907205	S	239	17	256	0.00002
Leadbetterella byssophila	316068	S	39	20	59	0.00000
Arcticibacterium luteifluviistationis	1784714	S	35	2	37	0.00000
Chryseolinea soli	2321403	S	2037	61	2098	0.00017
Fulvivirga sp. SS9-22	2904245	S	133	11	144	0.00001
Fulvivirga sp. W9P-11	2904246	S	69	20	89	0.00001
Fulvivirga sp. SW1-E11	2904247	S	50	20	70	0.00001
Fulvivirga lutea	2810512	S	64	7	71	0.00001
Echinicola sp. 20G	2781961	S	52	5	57	0.00000
Echinicola sp. SCS 3-6	2859768	S	50	20	70	0.00001
Echinicola soli	2591634	S	78	7	85	0.00001
Echinicola vietnamensis	390884	S	74	38	112	0.00001
Echinicola strongylocentroti	1795355	S	70	13	83	0.00001
Echinicola rosea	1807691	S	67	31	98	0.00001
Algoriphagus sp. Y33	2772483	S	73	6	79	0.00001
Algoriphagus sp. NBT04N3	2705473	S	43	13	56	0.00000
Algoriphagus sanaruensis	1727163	S	93	10	103	0.00001
Algoriphagus machipongonensis	388413	S	52	4	56	0.00000
Cyclobacterium marinum	104	S	42	11	53	0.00000
Cyclobacterium amurskyense	320787	S	39	4	43	0.00000
Aquiflexum balticum	280473	S	68	10	78	0.00001
Belliella baltica	232259	S	45	21	66	0.00001
Mongoliitalea daihaiensis	2782006	S	45	4	49	0.00000
Candidatus Amoebophilus asiaticus	281120	S	68	5	73	0.00001
Flammeovirga yaeyamensis	367791	S	18	17	35	0.00000
Flammeovirga pectinis	2494373	S	14	2	16	0.00000
Flammeovirga kamogawensis	373891	S	13	2	15	0.00000
Flammeovirga sp. MY04	1191459	S	13	13	26	0.00000
Marivirga tractuosa	1006	S	68	24	92	0.00001
Mangrovivirga cuniculi	2715131	S	57	4	61	0.00000
Bernardetia litoralis	999	S	19	1	20	0.00000
Niastella koreensis	354356	S	14072	735	14807	0.00118
Chitinophaga sp. XS-30	2604421	S	536	178	714	0.00006
Chitinophaga sp. KRA15-503	2829818	S	279	138	417	0.00003
Chitinophaga oryzae	2725414	S	598	68	666	0.00005
Chitinophaga filiformis	104663	S	350	42	392	0.00003
Chitinophaga pinensis	79329	S	283	49	332	0.00003
Chitinophaga alhagiae	2203219	S	268	5	273	0.00002
Chitinophaga agri	2703787	S	224	45	269	0.00002
Chitinophaga caeni	2029983	S	165	23	188	0.00002
Flavisolibacter ginsenosidimutans	661481	S	1023	36	1059	0.00008
Flavisolibacter tropicus	1492898	S	841	75	916	0.00007
Paraflavitalea soli	2315862	S	905	34	939	0.00007
Panacibacter ginsenosidivorans	1813871	S	896	24	920	0.00007
Pseudocnuella soli	2502779	S	867	59	926	0.00007
Flavihumibacter sp. IMCC34838	2838156	S	440	26	466	0.00004
Flavihumibacter sp. IMCC34837	2838157	S	343	15	358	0.00003
Niabella soli	446683	S	320	27	347	0.00003
Niabella ginsenosidivorans	1176587	S	303	21	324	0.00003
Pseudobacter ginsenosidimutans	661488	S	631	28	659	0.00005
Arachidicoccus sp. BS20	1850526	S	186	62	248	0.00002
Arachidicoccus sp. 5GH13-10	2875539	S	122	15	137	0.00001
Arachidicoccus sp. B3-10	2545455	S	58	3	61	0.00000
Arachidicoccus soli	2341117	S	98	7	105	0.00001
Arachidicoccus ginsenosidivorans	496057	S	92	11	103	0.00001
Ferruginibacter sp. KIS38-8	2875540	S	242	14	256	0.00002
Ferruginibacter lapsinanis	563172	S	180	10	190	0.00002
Lacibacter sp. S13-6-6	2760713	S	427	10	437	0.00003
Phnomibacter ginsenosidimutans	2676868	S	350	25	375	0.00003
Filimonas lacunae	477680	S	309	21	330	0.00003
Rhodocaloribacter litoris	2558931	S	5533	659	6192	0.00049
Rhodothermus marinus	29549	S	4743	303	5046	0.00040
Salinibacter ruber	146919	S	2838	54	2892	0.00023
Alistipes dispar	2585119	S	609	78	687	0.00005
Alistipes communis	2585118	S	601	461	1062	0.00008
Alistipes onderdonkii	328813	S	566	710	1276	0.00010
Alistipes finegoldii	214856	S	547	540	1087	0.00009
Alistipes senegalensis	1288121	S	547	136	683	0.00005
Alistipes megaguti	2364787	S	452	53	505	0.00004
Alistipes sp. dk3624	2662363	S	422	95	517	0.00004
Alistipes shahii	328814	S	393	250	643	0.00005
Alistipes indistinctus	626932	S	353	75	428	0.00003
Prevotella sp. Rep29	2691580	S	74	11	85	0.00001
Prevotella sp. E15-22	2937774	S	64	45	109	0.00001
Prevotella sp. oral taxon 475	712471	S	58	6	64	0.00001
Prevotella sp. E13-17	2913616	S	52	18	70	0.00001
Prevotella sp. E9-3	2913621	S	48	24	72	0.00001
Prevotella sp. E2-28	2913620	S	46	26	72	0.00001
Prevotella sp. oral taxon 299	652716	S	10	1	11	0.00000
Prevotella dentalis	52227	S	300	69	369	0.00003
Prevotella denticola	28129	S	117	44	161	0.00001
Prevotella melaninogenica	28132	S	101	40	141	0.00001
Prevotella intermedia	28131	S	86	46	132	0.00001
Prevotella multiformis	282402	S	81	40	121	0.00001
Prevotella ruminicola	839	S	78	3	81	0.00001
Prevotella copri	165179	S	70	34	104	0.00001
Prevotella buccalis	28127	S	47	53	100	0.00001
Prevotella enoeca	76123	S	43	9	52	0.00000
Prevotella oris	28135	S	28	4	32	0.00000
Prevotella nigrescens	28133	S	23	17	40	0.00000
Prevotella bryantii	77095	S	21	1	22	0.00000
Prevotella fusca	589436	S	21	5	26	0.00000
Prevotella herbatica	2801997	S	21	0	21	0.00000
Prevotella jejuni	1177574	S	19	8	27	0.00000
Prevotella histicola	470565	S	18	3	21	0.00000
Prevotella veroralis	28137	S	13	3	16	0.00000
Pseudoprevotella muciniphila	2133944	S	90	11	101	0.00001
Paraprevotella xylaniphila	454155	S	73	64	137	0.00001
Bacteroides sp. CBA7301	2715212	S	52	16	68	0.00001
Bacteroides sp. M10	2763022	S	23	50	73	0.00001
Bacteroides fragilis	817	S	101	221	322	0.00003
Bacteroides cellulosilyticus	246787	S	96	34	130	0.00001
Bacteroides thetaiotaomicron	818	S	69	45	114	0.00001
Bacteroides heparinolyticus	28113	S	63	15	78	0.00001
Bacteroides stercoris	46506	S	62	61	123	0.00001
Bacteroides zoogleoformans	28119	S	58	15	73	0.00001
Bacteroides eggerthii	28111	S	58	62	120	0.00001
Bacteroides salyersiae	291644	S	55	53	108	0.00001
Bacteroides uniformis	820	S	52	132	184	0.00001
Bacteroides faecis	674529	S	48	38	86	0.00001
Bacteroides nordii	291645	S	45	33	78	0.00001
Bacteroides caccae	47678	S	38	7	45	0.00000
Bacteroides zhangwenhongii	2650157	S	33	21	54	0.00000
Bacteroides helcogenes	290053	S	33	1	34	0.00000
Bacteroides intestinalis	329854	S	32	6	38	0.00000
Bacteroides xylanisolvens	371601	S	31	92	123	0.00001
Bacteroides ovatus	28116	S	23	47	70	0.00001
Bacteroides coprosuis	151276	S	22	1	23	0.00000
Bacteroides luhongzhouii	2650158	S	19	9	28	0.00000
Bacteroides caecimuris	1796613	S	15	21	36	0.00000
Phocaeicola salanitronis	376805	S	122	53	175	0.00001
Phocaeicola coprophilus	387090	S	62	34	96	0.00001
Phocaeicola vulgatus	821	S	24	32	56	0.00000
Phocaeicola dorei	357276	S	24	46	70	0.00001
Tannerella serpentiformis	712710	S	382	18	400	0.00003
Tannerella forsythia	28112	S	129	10	139	0.00001
Parabacteroides goldsteinii	328812	S	111	28	139	0.00001
Parabacteroides merdae	46503	S	82	88	170	0.00001
Parabacteroides distasonis	823	S	73	232	305	0.00002
Parabacteroides johnsonii	387661	S	62	48	110	0.00001
Sodaliphilus pleomorphus	2606626	S	312	156	468	0.00004
Duncaniella dubosii	2518971	S	109	16	125	0.00001
Muribaculum gordoncarteri	2530390	S	125	12	137	0.00001
Muribaculum intestinale	1796646	S	86	6	92	0.00001
Porphyromonas sp. oral taxon 275	712435	S	314	32	346	0.00003
Porphyromonas gingivalis	837	S	84	14	98	0.00001
Porphyromonas asaccharolytica	28123	S	82	7	89	0.00001
Porphyromonas cangingivalis	36874	S	32	5	37	0.00000
Porphyromonas somerae	322095	S	27	7	34	0.00000
Porphyromonas endodontalis	28124	S	22	2	24	0.00000
Porphyromonas crevioricanis	393921	S	22	5	27	0.00000
Petrimonas mucosa	1642646	S	129	7	136	0.00001
Proteiniphilum saccharofermentans	1642647	S	62	5	67	0.00001
Proteiniphilum sp. JNU-WLY501	2829812	S	34	1	35	0.00000
Barnesiella viscericola	397865	S	164	214	378	0.00003
Coprobacter secundus	1501392	S	26	23	49	0.00000
Butyricimonas faecalis	2093856	S	64	72	136	0.00001
Butyricimonas virosa	544645	S	42	11	53	0.00000
Odoribacter splanchnicus	28118	S	53	7	60	0.00000
Paludibacter propionicigenes	185300	S	72	2	74	0.00001
Salinivirga cyanobacteriivorans	1307839	S	53	1	54	0.00000
Tenuifilum thalassicum	2590900	S	49	1	50	0.00000
Draconibacterium orientale	1168034	S	88	9	97	0.00001
Draconibacterium halophilum	2706887	S	63	5	68	0.00001
Maribellus comscasis	2681766	S	65	4	69	0.00001
Alkalitalea saponilacus	889453	S	48	3	51	0.00000
Labilibaculum antarcticum	1717717	S	34	2	36	0.00000
Flavobacterium sp. HJ-32-4	1160795	S	222	17	239	0.00002
Flavobacterium sp. KSM-R2A25	2895947	S	71	20	91	0.00001
Flavobacterium sp. CJ74	2294119	S	60	5	65	0.00001
Flavobacterium sp. CLA17	2724135	S	51	9	60	0.00000
Flavobacterium sp. IGB 4-14	1871076	S	51	5	56	0.00000
Flavobacterium sp. KSM-R2A30	2897181	S	48	17	65	0.00001
Flavobacterium sp. MDT1-60	1979344	S	48	10	58	0.00000
Flavobacterium sp. KBS0721	1179672	S	34	11	45	0.00000
Flavobacterium sp. F-340	2893886	S	33	11	44	0.00000
Flavobacterium sp. F-323	2893885	S	33	7	40	0.00000
Flavobacterium sp. Sr18	935222	S	31	5	36	0.00000
Flavobacterium sp. F-29	2893883	S	29	7	36	0.00000
Flavobacterium sp. B183	907046	S	29	7	36	0.00000
Flavobacterium sp. SLB02	2665645	S	27	5	32	0.00000
Flavobacterium sp. K5-23	2746225	S	26	6	32	0.00000
Flavobacterium sp. WSW3-B6	2856519	S	25	3	28	0.00000
Flavobacterium sp. M31R6	2739062	S	24	4	28	0.00000
Flavobacterium sp. MMS21-Er5	2937442	S	21	10	31	0.00000
Flavobacterium sp. CS20	2775246	S	20	8	28	0.00000
Flavobacterium sp. LPB0248	2614441	S	20	12	32	0.00000
Flavobacterium sp. F-70	2893884	S	19	4	23	0.00000
Flavobacterium sp. I3-2	2748319	S	17	28	45	0.00000
Flavobacterium sp. xlx-214	2654325	S	17	3	20	0.00000
Flavobacterium sp. GENT5	1751095	S	15	3	18	0.00000
Flavobacterium sp. CHNK8	2871165	S	14	14	28	0.00000
Flavobacterium sp. 140616W15	2478552	S	14	3	17	0.00000
Flavobacterium sp. CECT 9288	2845819	S	13	13	26	0.00000
Flavobacterium sp. KK2020170	2830782	S	11	3	14	0.00000
Flavobacterium sp. SHINM13	1751056	S	11	25	36	0.00000
Flavobacterium magnum	2162713	S	149	18	167	0.00001
Flavobacterium album	2175091	S	129	10	139	0.00001
Flavobacterium pallidum	2172098	S	95	10	105	0.00001
Flavobacterium enshiense	1341165	S	60	7	67	0.00001
Flavobacterium anhuiense	459526	S	58	25	83	0.00001
Flavobacterium kingsejongi	1678728	S	52	8	60	0.00000
Flavobacterium inviolabile	2748320	S	50	8	58	0.00000
Flavobacterium nackdongense	2547394	S	45	4	49	0.00000
Flavobacterium sangjuense	2518177	S	44	5	49	0.00000
Flavobacterium sediminis	2201181	S	39	43	82	0.00001
Flavobacterium endoglycinae	2816357	S	39	9	48	0.00000
Flavobacterium fluviale	2249356	S	38	16	54	0.00000
Flavobacterium crocinum	2183896	S	38	12	50	0.00000
Flavobacterium commune	1306519	S	36	6	42	0.00000
Flavobacterium johnsoniae	986	S	35	17	52	0.00000
Flavobacterium psychrophilum	96345	S	35	29	64	0.00001
Flavobacterium gilvum	1492737	S	34	5	39	0.00000
Flavobacterium arcticum	1784713	S	27	3	30	0.00000
Flavobacterium branchiophilum	55197	S	27	2	29	0.00000
Flavobacterium nitrogenifigens	1617283	S	25	14	39	0.00000
Flavobacterium alkalisoli	2602769	S	25	2	27	0.00000
Flavobacterium faecale	1355330	S	24	3	27	0.00000
Flavobacterium columnare	996	S	23	41	64	0.00001
Flavobacterium jumunjinense	998845	S	22	4	26	0.00000
Flavobacterium haoranii	683124	S	22	10	32	0.00000
Flavobacterium sediminilitoris	2024526	S	21	3	24	0.00000
Flavobacterium crassostreae	1763534	S	21	6	27	0.00000
Flavobacterium indicum	312277	S	18	3	21	0.00000
Flavobacterium davisii	2906077	S	18	8	26	0.00000
Flavobacterium oreochromis	2906078	S	16	7	23	0.00000
Flavobacterium covae	2906076	S	13	19	32	0.00000
Capnocytophaga sp. oral taxon 902	2748316	S	22	43	65	0.00001
Capnocytophaga sp. oral taxon 878	1316596	S	13	5	18	0.00000
Capnocytophaga sp. FDAARGOS_737	2545799	S	11	7	18	0.00000
Capnocytophaga gingivalis	1017	S	66	9	75	0.00001
Capnocytophaga haemolytica	45243	S	63	6	69	0.00001
Capnocytophaga sputigena	1019	S	62	25	87	0.00001
Capnocytophaga canimorsus	28188	S	39	11	50	0.00000
Capnocytophaga stomatis	1848904	S	26	7	33	0.00000
Capnocytophaga ochracea	1018	S	17	28	45	0.00000
Capnocytophaga endodontalis	2708117	S	17	9	26	0.00000
Capnocytophaga leadbetteri	327575	S	13	8	21	0.00000
Muricauda sp. SCSIO 64092	2908842	S	67	2	69	0.00001
Muricauda sp. SCSIO 65647	2908843	S	56	2	58	0.00000
Muricauda oceani	2698672	S	82	44	126	0.00001
Muricauda aquimarina	254955	S	76	41	117	0.00001
Muricauda lutaonensis	516051	S	54	13	67	0.00001
Muricauda ruestringensis	111501	S	50	4	54	0.00000
Muricauda aurantiaca	1383885	S	31	2	33	0.00000
Gramella sp. GC03-9	2920386	S	49	15	64	0.00001
Gramella sp. MT6	2705471	S	26	4	30	0.00000
Gramella sp. MAR_2010_147	1250205	S	22	3	25	0.00000
Gramella flava	1486245	S	66	23	89	0.00001
Gramella fulva	2126553	S	60	6	66	0.00001
Gramella forsetii	411153	S	36	10	46	0.00000
Gramella echinicola	279359	S	33	4	37	0.00000
Gramella salexigens	1913577	S	29	3	32	0.00000
Robiginitalea biformata	252307	S	303	20	323	0.00003
Polaribacter sp. SM13	2818493	S	24	8	32	0.00000
Polaribacter sp. ALD11	2058137	S	17	7	24	0.00000
Polaribacter sp. G4M1	2808900	S	16	4	20	0.00000
Polaribacter sp. Hel1_33_78	1336804	S	14	3	17	0.00000
Polaribacter sp. SA4-10	754397	S	12	3	15	0.00000
Polaribacter sp. L3A8	2686361	S	11	7	18	0.00000
Polaribacter sp. Q13	2806551	S	11	9	20	0.00000
Polaribacter sp. SA4-12	1312072	S	10	3	13	0.00000
Polaribacter litorisediminis	1908341	S	18	3	21	0.00000
Polaribacter vadi	1774273	S	12	3	15	0.00000
Nonlabens sp. Hel1_33_55	1336802	S	26	4	30	0.00000
Nonlabens sp. MB-3u-79	2058134	S	17	4	21	0.00000
Nonlabens sp. Ci31	2608253	S	10	2	12	0.00000
Nonlabens spongiae	331648	S	55	26	81	0.00001
Nonlabens ponticola	2496866	S	36	4	40	0.00000
Nonlabens dokdonensis	328515	S	23	5	28	0.00000
Nonlabens marinus	930802	S	20	6	26	0.00000
Aequorivita sublithincola	101385	S	56	43	99	0.00001
Aequorivita sp. H23M31	2494375	S	47	16	63	0.00001
Winogradskyella sp. MH6	2929510	S	15	2	17	0.00000
Winogradskyella sp. PG-2	754409	S	14	1	15	0.00000
Winogradskyella sp. J14-2	1936080	S	13	2	15	0.00000
Winogradskyella sp. PC-19	754417	S	10	3	13	0.00000
Winogradskyella forsetii	2686077	S	43	19	62	0.00001
Winogradskyella schleiferi	2686078	S	11	7	18	0.00000
Winogradskyella helgolandensis	2697010	S	10	3	13	0.00000
Antarcticibacterium flavum	2058175	S	51	12	63	0.00001
Antarcticibacterium sp. 1MA-6-2	2908210	S	48	7	55	0.00000
Antarcticibacterium arcticum	2585771	S	39	5	44	0.00000
Maribacter sp. MJ134	2496865	S	31	9	40	0.00000
Maribacter sp. HTCC2170	313603	S	23	3	26	0.00000
Maribacter cobaltidurans	1178778	S	31	31	62	0.00000
Maribacter hydrothermalis	1836467	S	11	9	20	0.00000
Sinomicrobium sp. HD2P242	2900738	S	118	5	123	0.00001
Salegentibacter salegens	143223	S	38	6	44	0.00000
Salegentibacter mishustinae	270918	S	34	32	66	0.00001
Salegentibacter sp. T436	1729720	S	33	35	68	0.00001
Tenacibaculum sp. SZ-18	754423	S	15	14	29	0.00000
Tenacibaculum maritimum	107401	S	16	5	21	0.00000
Tenacibaculum jejuense	584609	S	15	1	16	0.00000
Tenacibaculum todarodis	1850252	S	15	5	20	0.00000
Tenacibaculum singaporense	2358479	S	14	6	20	0.00000
Tenacibaculum dicentrarchi	669041	S	11	6	17	0.00000
Myroides odoratus	256	S	34	12	46	0.00000
Myroides fluvii	2572594	S	25	11	36	0.00000
Myroides phaeus	702745	S	19	19	38	0.00000
Cellulophaga sp. HaHaR_3_176	1942464	S	21	6	27	0.00000
Cellulophaga sp. L1A9	2686362	S	12	10	22	0.00000
Cellulophaga algicola	59600	S	17	5	22	0.00000
Cellulophaga baltica	76594	S	13	3	16	0.00000
Cellulophaga lytica	979	S	11	7	18	0.00000
Formosa sp. Hel3_A1_48	1336795	S	18	5	23	0.00000
Formosa sp. Hel1_33_131	1336794	S	16	1	17	0.00000
Formosa sp. Hel1_31_208	1798225	S	16	2	18	0.00000
Formosa sp. L2A11	2686363	S	14	5	19	0.00000
Formosa agariphila	320324	S	13	3	16	0.00000
Formosa sediminum	2594004	S	12	3	15	0.00000
Kordia antarctica	1218801	S	57	5	62	0.00000
Kordia sp. SMS9	2282170	S	27	1	28	0.00000
Aquimarina sp. TRL1	2736252	S	29	2	31	0.00000
Aquimarina sp. AD10	1714849	S	16	1	17	0.00000
Aquimarina sp. BL5	1714860	S	16	2	18	0.00000
Aquimarina sp. AD1	1714848	S	13	2	15	0.00000
Zobellia galactanivorans	63186	S	62	4	66	0.00001
Leeuwenhoekiella palythoae	573501	S	32	24	56	0.00000
Leeuwenhoekiella sp. ZYFB001	2719912	S	14	7	21	0.00000
Zunongwangia profunda	398743	S	28	23	51	0.00000
Zunongwangia sp. SCSIO 43204	2779359	S	25	17	42	0.00000
Lutibacter sp. A64	2918526	S	18	3	21	0.00000
Lutibacter sp. A80	2918453	S	13	2	15	0.00000
Lutibacter profundi	1622118	S	19	2	21	0.00000
Flagellimonas sp. CMM7	2654676	S	30	3	33	0.00000
Flagellimonas sp. HMM57	2905121	S	19	2	21	0.00000
Arenibacter algicola	616991	S	48	16	64	0.00001
Dokdonia sp. 4H-3-7-5	983548	S	12	13	25	0.00000
Algibacter sp. L1A34	2686365	S	13	5	18	0.00000
Algibacter sp. L3A6	2686366	S	13	5	18	0.00000
Algibacter alginicilyticus	1736674	S	18	5	23	0.00000
Aggregatimonas sangjinii	2583587	S	45	2	47	0.00000
Lacinutrix sp. WUR7	2653681	S	15	4	19	0.00000
Lacinutrix sp. Bg11-31	2057808	S	12	3	15	0.00000
Lacinutrix venerupis	1486034	S	10	2	12	0.00000
Constantimarinum furrinae	2562285	S	44	4	48	0.00000
Galbibacter sp. BG1	1170699	S	41	5	46	0.00000
Seonamhaeicola sp. ML3	2937786	S	25	2	27	0.00000
Seonamhaeicola sp. S2-3	1936081	S	14	3	17	0.00000
Euzebyella marina	1761453	S	39	22	61	0.00000
Zhouia spongiae	2202721	S	39	10	49	0.00000
Gilvibacter sp. SZ-19	754429	S	38	5	43	0.00000
Mariniflexile sp. TRM1-10	2027857	S	38	3	41	0.00000
Pukyongia salina	2094025	S	36	2	38	0.00000
Psychroflexus torquis	57029	S	19	1	20	0.00000
Psychroflexus sp. ALD_RP9	2777186	S	17	2	19	0.00000
Croceibacter atlanticus	313588	S	36	6	42	0.00000
Changchengzhania lutea	2049305	S	34	4	38	0.00000
Tamlana carrageenivorans	2069432	S	16	5	21	0.00000
Tamlana sp. s12	1630406	S	11	4	15	0.00000
Muriicola soli	2507538	S	31	2	33	0.00000
Amniculibacterium sp. G2-70	2767188	S	30	41	71	0.00001
Costertonia aggregata	343403	S	28	6	34	0.00000
Aegicerativicinus sediminis	2893202	S	27	1	28	0.00000
Sediminicola sp. YIK13	1453352	S	27	3	30	0.00000
Flavobacteriaceae bacterium 10Alg115	2584122	S	27	1	28	0.00000
Flavivirga eckloniae	1803846	S	25	2	27	0.00000
Oceanihabitans sp. IOP_32	2529032	S	20	8	28	0.00000
Gillisia sp. Hel1_33_143	1336796	S	18	6	24	0.00000
Marixanthomonas sp. SCSIO 43207	2779360	S	18	5	23	0.00000
Siansivirga zeaxanthinifaciens	762954	S	17	4	21	0.00000
Wenyingzhuangia fucanilytica	1790137	S	17	3	20	0.00000
Bizionia sp. M204	2675331	S	16	3	19	0.00000
Urechidicola croceus	1850246	S	14	7	21	0.00000
Sabulilitoribacter sp. BrNp1-15	2916754	S	11	2	13	0.00000
Chryseobacterium sp. 6424	2039166	S	74	22	96	0.00001
Chryseobacterium sp.	1871047	S	69	35	104	0.00001
Chryseobacterium sp. SC2-2	2929800	S	58	43	101	0.00001
Chryseobacterium sp. Y16C	2920939	S	53	44	97	0.00001
Chryseobacterium sp. cx-624	2758037	S	41	9	50	0.00000
Chryseobacterium sp. F4	2852098	S	38	2	40	0.00000
Chryseobacterium sp. ZHDP1	2838877	S	38	39	77	0.00001
Chryseobacterium sp. IHB B 17019	1721091	S	37	8	45	0.00000
Chryseobacterium sp. G0201	2487065	S	35	11	46	0.00000
Chryseobacterium sp. C-17	2898076	S	30	16	46	0.00000
Chryseobacterium sp. LJ668	2864040	S	29	5	34	0.00000
Chryseobacterium sp. PCH239	2825845	S	27	24	51	0.00000
Chryseobacterium sp. SNU WT5	2594269	S	25	11	36	0.00000
Chryseobacterium sp. T16E-39	2015076	S	24	3	27	0.00000
Chryseobacterium sp. G0186	2487064	S	24	19	43	0.00000
Chryseobacterium sp. 3008163	2478663	S	24	14	38	0.00000
Chryseobacterium sp. MEBOG07	2879939	S	22	7	29	0.00000
Chryseobacterium sp. MEBOG06	2879938	S	21	6	27	0.00000
Chryseobacterium sp. POL2	2713414	S	20	17	37	0.00000
Chryseobacterium sp. ADR-1	2929799	S	16	6	22	0.00000
Chryseobacterium sp. DH-B6	2759528	S	14	7	21	0.00000
Chryseobacterium sp. StRB126	878220	S	13	4	17	0.00000
Chryseobacterium cucumeris	1813611	S	89	58	147	0.00001
Chryseobacterium daecheongense	192389	S	86	17	103	0.00001
Chryseobacterium taklimakanense	536441	S	82	57	139	0.00001
Chryseobacterium indologenes	253	S	72	42	114	0.00001
Chryseobacterium camelliae	1265445	S	68	50	118	0.00001
Chryseobacterium arthrosphaerae	651561	S	64	42	106	0.00001
Chryseobacterium shandongense	1493872	S	63	49	112	0.00001
Chryseobacterium gleum	250	S	56	89	145	0.00001
Chryseobacterium indoltheticum	254	S	47	13	60	0.00000
Chryseobacterium carnipullorum	1124835	S	40	18	58	0.00000
Chryseobacterium gallinarum	1324352	S	39	17	56	0.00000
Chryseobacterium salivictor	2547600	S	34	5	39	0.00000
Chryseobacterium nepalense	1854498	S	32	6	38	0.00000
Chryseobacterium manosquense	2754694	S	31	31	62	0.00000
Chryseobacterium aureum	2497456	S	31	8	39	0.00000
Chryseobacterium lactis	1241981	S	30	40	70	0.00001
Chryseobacterium piperi	558152	S	29	4	33	0.00000
Chryseobacterium glaciei	1685010	S	23	6	29	0.00000
Chryseobacterium balustinum	246	S	23	9	32	0.00000
Chryseobacterium nakagawai	1241982	S	17	31	48	0.00000
Chryseobacterium joostei	112234	S	15	7	22	0.00000
Kaistella sp. 97-N-M2	2908645	S	73	11	84	0.00001
Kaistella sp. GW4-15	2878534	S	30	4	34	0.00000
Kaistella daneshvariae	2487074	S	66	8	74	0.00001
Candidatus Kaistella beijingensis	2820270	S	39	18	57	0.00000
Kaistella carnis	1241979	S	30	11	41	0.00000
Kaistella jeonii	266749	S	23	2	25	0.00000
Kaistella flava (ex Peng et al. 2021)	2038776	S	20	4	24	0.00000
Kaistella antarctica	266748	S	19	2	21	0.00000
Epilithonimonas vandammei	2487072	S	43	83	126	0.00001
Epilithonimonas zeae	1416779	S	23	3	26	0.00000
Elizabethkingia anophelis	1117645	S	58	85	143	0.00001
Elizabethkingia sp. JS20170427COW	2583851	S	21	4	25	0.00000
Elizabethkingia meningoseptica	238	S	32	3	35	0.00000
Elizabethkingia miricola	172045	S	24	21	45	0.00000
Elizabethkingia ursingii	1756150	S	19	5	24	0.00000
Cruoricaptor ignavus	1118202	S	91	16	107	0.00001
Apibacter raozihei	2500547	S	20	12	32	0.00000
Ornithobacterium rhinotracheale	28251	S	51	45	96	0.00001
Empedobacter brevis	247	S	21	11	32	0.00000
Empedobacter falsenii	343874	S	11	11	22	0.00000
Cloacibacterium caeni	2004710	S	22	29	51	0.00000
Bergeyella cardium	1585976	S	34	9	43	0.00000
Riemerella anatipestifer	34085	S	28	14	42	0.00000
Weeksella virosa	1014	S	25	13	38	0.00000
Faecalibacter bovis	2898187	S	16	3	19	0.00000
Blattabacterium cuenoti	1653831	S	126	43	169	0.00001
Fluviicola taffensis	191579	S	71	7	78	0.00001
Crocinitomix sp. GM2_3_6_6	2862509	S	40	2	42	0.00000
Owenweeksia hongkongensis	253245	S	53	3	56	0.00000
Croceimicrobium hydrocarbonivorans	2761580	S	47	10	57	0.00000
Candidatus Sulcia muelleri	336810	S	21	7	28	0.00000
Candidatus Walczuchella monophlebidarum	1415657	S	15	1	16	0.00000
Mucilaginibacter sp. 14171R-50	2703789	S	141	9	150	0.00001
Mucilaginibacter sp. SMC90	2929803	S	127	8	135	0.00001
Mucilaginibacter sp. 21P	2778902	S	103	7	110	0.00001
Mucilaginibacter sp. F39-2	2728022	S	99	7	106	0.00001
Mucilaginibacter mali	2740462	S	254	10	264	0.00002
Mucilaginibacter daejeonensis	398049	S	208	13	221	0.00002
Mucilaginibacter ginsenosidivorans	398053	S	197	7	204	0.00002
Mucilaginibacter gotjawali	1550579	S	194	6	200	0.00002
Mucilaginibacter celer	2305508	S	192	9	201	0.00002
Mucilaginibacter paludis	423351	S	150	8	158	0.00001
Mucilaginibacter ginsenosidivorax	862126	S	143	6	149	0.00001
Mucilaginibacter xinganensis	1234841	S	125	6	131	0.00001
Mucilaginibacter ginkgonis	2682091	S	119	6	125	0.00001
Mucilaginibacter rubeus	2027860	S	118	328	446	0.00004
Mucilaginibacter mallensis	652787	S	98	4	102	0.00001
Mucilaginibacter gossypii	551996	S	57	48	105	0.00001
Pedobacter sp. PACM 27299	1727164	S	82	13	95	0.00001
Pedobacter sp. KBS0701	2578106	S	80	25	105	0.00001
Pedobacter sp. HDW13	2714940	S	66	8	74	0.00001
Pedobacter sp. SW-16	2766984	S	57	10	67	0.00001
Pedobacter sp. D749	2856523	S	50	16	66	0.00001
Pedobacter sp. G11	2482728	S	48	6	54	0.00000
Pedobacter sp. Q8-18	2895286	S	37	3	40	0.00000
Pedobacter endophyticus	2789740	S	93	9	102	0.00001
Pedobacter heparinus	984	S	88	8	96	0.00001
Pedobacter suwonensis	332999	S	80	17	97	0.00001
Pedobacter cryoconitis	188932	S	75	8	83	0.00001
Pedobacter roseus	336820	S	73	21	94	0.00001
Pedobacter schmidteae	2201271	S	73	7	80	0.00001
Pedobacter steynii	430522	S	59	6	65	0.00001
Pedobacter ginsengisoli	363852	S	50	7	57	0.00000
Pedobacter aquae	2605747	S	38	4	42	0.00000
Sphingobacterium sp. DR205	2713573	S	60	8	68	0.00001
Sphingobacterium sp. CZ-2	2557994	S	46	15	61	0.00000
Sphingobacterium sp. UDSM-2020	2795738	S	37	12	49	0.00000
Sphingobacterium sp. dk4302	2662364	S	35	5	40	0.00000
Sphingobacterium sp. ML3W	1538644	S	34	12	46	0.00000
Sphingobacterium sp. PCS056	2931400	S	29	5	34	0.00000
Sphingobacterium sp. SRCM116780	2907623	S	18	3	21	0.00000
Sphingobacterium thalpophilum	259	S	104	129	233	0.00002
Sphingobacterium spiritivorum	258	S	97	77	174	0.00001
Sphingobacterium lactis	797291	S	87	83	170	0.00001
Sphingobacterium hotanense	649196	S	60	22	82	0.00001
Sphingobacterium multivorum	28454	S	45	159	204	0.00002
Sphingobacterium psychroaquaticum	561061	S	41	9	50	0.00000
Sphingobacterium mizutaii	1010	S	38	7	45	0.00000
Sphingobacterium daejeonense	371142	S	23	8	31	0.00000
Anseongella ginsenosidimutans	496056	S	254	11	265	0.00002
Olivibacter sp. LS-1	2592345	S	78	5	83	0.00001
Olivibacter sp. SDN3	2764720	S	70	12	82	0.00001
Solitalea sp. S2-8	2911172	S	80	12	92	0.00001
Solitalea canadensis	995	S	61	7	68	0.00001
Pseudopedobacter saltans	151895	S	59	53	112	0.00001
Haliscomenobacter hydrossis	2350	S	347	5	352	0.00003
Saprospira grandis	1008	S	49	1	50	0.00000
Candidatus Sulfidibacterium hydrothermale	2875962	S	121	4	125	0.00001
Chlorobaculum limnaeum	274537	S	980	169	1149	0.00009
Chlorobaculum tepidum	1097	S	532	157	689	0.00006
Chlorobaculum parvum	274539	S	481	97	578	0.00005
Pelodictyon luteolum	1100	S	496	84	580	0.00005
Pelodictyon phaeoclathratiforme	34090	S	84	5	89	0.00001
Chlorobium limicola	1092	S	225	20	245	0.00002
Chlorobium phaeobacteroides	1096	S	139	20	159	0.00001
Chlorobium phaeovibrioides	1094	S	93	20	113	0.00001
Prosthecochloris sp. GSB1	281093	S	450	35	485	0.00004
Prosthecochloris sp. HL-130-GSB	1974213	S	142	28	170	0.00001
Prosthecochloris sp. CIB 2401	1868325	S	139	39	178	0.00001
Prosthecochloris aestuarii	1102	S	154	17	171	0.00001
Chloroherpeton thalassium	100716	S	216	4	220	0.00002
Candidatus Cyclonatronum proteinivorum	1457365	S	352	42	394	0.00003
Melioribacter roseus	1134405	S	162	10	172	0.00001
Ignavibacterium album	591197	S	81	6	87	0.00001
Gemmatirosa kalamazoonesis	861299	S	90066	9335	99401	0.00793
Gemmatimonas groenlandica	2732249	S	10540	1295	11835	0.00094
Gemmatimonas aurantiaca	173480	S	7622	840	8462	0.00067
Gemmatimonas phototrophica	1379270	S	6348	944	7292	0.00058
Fibrobacter succinogenes	833	S	196	4	200	0.00002
Candidatus Cloacimonas acidaminovorans	456827	S	77	2	79	0.00001
Luteitalea sp. TBR-22	2802971	S	42852	9169	52021	0.00415
Luteitalea pratensis	1855912	S	36179	4984	41163	0.00328
Granulicella sp. WH15	2602070	S	3756	783	4539	0.00036
Granulicella sp. 5B5	1617967	S	3128	594	3722	0.00030
Granulicella mallensis	940614	S	2832	387	3219	0.00026
Granulicella tundricola	940615	S	2036	306	2342	0.00019
Terriglobus roseus	392734	S	3778	962	4740	0.00038
Terriglobus albidus	1592106	S	2850	324	3174	0.00025
Terriglobus saanensis	870903	S	1782	280	2062	0.00016
Acidobacterium capsulatum	33075	S	3908	582	4490	0.00036
Acidobacterium sp. 4Y35	2763107	S	3349	284	3633	0.00029
Candidatus Koribacter versatilis	658062	S	7113	287	7400	0.00059
Edaphobacter sp. 12200R-103	2703788	S	2369	486	2855	0.00023
Edaphobacter sp. 4G125	2763071	S	1343	235	1578	0.00013
Acidisarcina polymorpha	2211140	S	2467	214	2681	0.00021
Paludibaculum fermentans	1473598	S	9596	321	9917	0.00079
Chloracidobacterium aggregatum	2851959	S	1407	716	2123	0.00017
Chloracidobacterium validum	2821543	S	1146	26	1172	0.00009
Chloracidobacterium sp. D	2821536	S	107	360	467	0.00004
Chloracidobacterium thermophilum	458033	S	86	916	1002	0.00008
Sulfidibacter corallicola	2818388	S	2485	68	2553	0.00020
Thermotomaculum hydrothermale	981385	S	122	7	129	0.00001
Nitrospira moscoviensis	42253	S	6907	606	7513	0.00060
Nitrospira japonica	1325564	S	4110	481	4591	0.00037
Nitrospira sp. KM1	1936990	S	2960	269	3229	0.00026
Candidatus Nitrospira inopinata	1715989	S	2659	229	2888	0.00023
Leptospirillum ferrooxidans	180	S	156	4	160	0.00001
Leptospirillum ferriphilum	178606	S	63	158	221	0.00002
Leptospirillum sp. Group II 'CF-1'	1660083	S	46	115	161	0.00001
Thermodesulfovibrio yellowstonii	28262	S	123	4	127	0.00001
Dissulfurispira thermophila	2715679	S	120	9	129	0.00001
Treponema brennaborense	81028	S	215	83	298	0.00002
Treponema sp. Marseille-Q4132	2766701	S	92	51	143	0.00001
Treponema sp. OMZ 838	1539298	S	25	30	55	0.00000
Treponema primitia	88058	S	110	5	115	0.00001
Treponema socranskii	53419	S	103	57	160	0.00001
Treponema azotonutricium	150829	S	101	4	105	0.00001
Treponema caldarium	215591	S	88	10	98	0.00001
Treponema parvum	138851	S	73	4	77	0.00001
Treponema succinifaciens	167	S	46	40	86	0.00001
Treponema vincentii	69710	S	46	55	101	0.00001
Treponema peruense	2787628	S	37	5	42	0.00000
Treponema phagedenis	162	S	35	16	51	0.00000
Treponema denticola	158	S	31	7	38	0.00000
Treponema medium	58231	S	30	44	74	0.00001
Treponema pedis	409322	S	25	6	31	0.00000
Treponema putidum	221027	S	10	9	19	0.00000
Spirochaeta thermophila	154	S	634	16	650	0.00005
Spirochaeta africana	46355	S	224	10	234	0.00002
Sediminispirochaeta smaragdinae	55206	S	107	3	110	0.00001
Salinispira pacifica	1307761	S	105	3	108	0.00001
Oceanispirochaeta crateris	2518645	S	43	2	45	0.00000
Thiospirochaeta perfilievii	252967	S	18	1	19	0.00000
Sphaerochaeta coccoides	273376	S	105	5	110	0.00001
Sphaerochaeta associata	1129264	S	77	13	90	0.00001
Sphaerochaeta globosa	1131703	S	63	11	74	0.00001
Sphaerochaeta pleomorpha	1131707	S	28	5	33	0.00000
Breznakiella homolactica	2798577	S	177	14	191	0.00002
Borrelia coriaceae	144	S	10	82	92	0.00001
Leptospira kmetyi	408139	S	122	2	124	0.00001
Leptospira santarosai	28183	S	96	1	97	0.00001
Leptospira tipperaryensis	2564040	S	64	1	65	0.00001
Leptospira weilii	28184	S	63	1	64	0.00001
Leptospira kobayashii	1917830	S	46	0	46	0.00000
Leptospira noguchii	28182	S	41	0	41	0.00000
Leptospira borgpetersenii	174	S	26	0	26	0.00000
Leptospira mayottensis	1137606	S	25	0	25	0.00000
Leptospira biflexa	172	S	17	0	17	0.00000
Leptospira interrogans	173	S	16	149	165	0.00001
Turneriella parva	29510	S	369	4	373	0.00003
Pyramidobacter piscolens	638849	S	753	48	801	0.00006
Fretibacterium fastidiosum	651822	S	610	10	620	0.00005
Aminomonas paucivorans	81412	S	592	66	658	0.00005
Thermanaerovibrio acidaminovorans	81462	S	279	110	389	0.00003
Thermanaerovibrio velox	108007	S	174	43	217	0.00002
Cloacibacillus porcorum	1197717	S	458	106	564	0.00005
Jonquetella anthropi	428712	S	319	56	375	0.00003
Acetomicrobium mobile	97477	S	104	3	107	0.00001
Aminobacterium colombiense	81468	S	87	5	92	0.00001
Thermovirga lienii	336261	S	50	48	98	0.00001
Candidatus Bipolaricaulis anaerobius	2026885	S	762	37	799	0.00006
Candidatus Nanosynbacter featherlites	2572088	S	51	25	76	0.00001
Nanosynbacter sp. HMT-352	2899133	S	25	56	81	0.00001
Candidatus Nanosynbacter lyticus	2093824	S	20	36	56	0.00000
Candidatus Saccharimonas aalborgensis	1332188	S	77	0	77	0.00001
Candidatus Minimicrobia vallesae	2841264	S	13	49	62	0.00000
Candidatus Babela massiliensis	673862	S	115	2	117	0.00001
Candidatus Chazhemtobacterium aquaticus	2715735	S	47	0	47	0.00000
Candidatus Absconditicoccus praedator	2735562	S	38	0	38	0.00000
Thermotoga caldifontis	1508419	S	119	42	161	0.00001
Thermotoga sp. 2812B	1157948	S	10	128	138	0.00001
Thermotoga profunda	1508420	S	12	3	15	0.00000
Pseudothermotoga hypogea	57487	S	65	43	108	0.00001
Pseudothermotoga thermarum	119394	S	15	5	20	0.00000
Thermosipho ferrireducens	2571116	S	33	17	50	0.00000
Fervidobacterium pennivorans	93466	S	12	40	52	0.00000
Fervidobacterium nodosum	2424	S	11	12	23	0.00000
Mesotoga infera	1236046	S	74	13	87	0.00001
Mesotoga prima	1184387	S	32	6	38	0.00000
Kosmotoga olearia	651457	S	20	24	44	0.00000
Kosmotoga pacifica	1330330	S	17	22	39	0.00000
Petrotoga mobilis	69499	S	17	21	38	0.00000
Tepiditoga spiralis	2108365	S	14	6	20	0.00000
Defluviitoga tunisiensis	1006576	S	11	24	35	0.00000
Athalassotoga saccharophila	1441386	S	67	2	69	0.00001
Thermocrinis minervae	381751	S	79	14	93	0.00001
Thermocrinis ruber	75906	S	23	4	27	0.00000
Thermocrinis albus	136094	S	17	2	19	0.00000
Hydrogenobacter sp. T-8	1632019	S	36	13	49	0.00000
Hydrogenobacter thermophilus	940	S	20	9	29	0.00000
Aquifex aeolicus	63363	S	62	5	67	0.00001
Sulfurihydrogenibium azorense	309806	S	95	13	108	0.00001
Persephonella marina	309805	S	81	7	88	0.00001
Thermosulfidibacter takaii	412593	S	130	5	135	0.00001
Thermovibrio ammonificans	228745	S	101	19	120	0.00001
Desulfurobacterium thermolithotrophum	64160	S	33	5	38	0.00000
Thermosulfurimonas marina	2047767	S	235	40	275	0.00002
Thermosulfuriphilus ammonigenes	1936021	S	123	6	129	0.00001
Thermodesulfatator indicus	171695	S	80	13	93	0.00001
Thermodesulfobacterium commune	1741	S	23	11	34	0.00000
Thermodesulfobacterium geofontis	1295609	S	22	10	32	0.00000
Thermodesulfobacterium sp. TA1	2234087	S	13	5	18	0.00000
Caldimicrobium thiodismutans	1653476	S	31	7	38	0.00000
Caldithrix abyssi	187145	S	458	5	463	0.00004
Geovibrio thiophilus	139438	S	107	27	134	0.00001
Flexistipes sinusarabici	2352	S	55	8	63	0.00001
Mucispirillum schaedleri	248039	S	55	7	62	0.00000
Denitrovibrio acetiphilus	118000	S	48	8	56	0.00000
Calditerrivibrio nitroreducens	477976	S	46	8	54	0.00000
Deferribacter desulfuricans	197162	S	36	8	44	0.00000
Desulfurispirillum indicum	936456	S	328	176	504	0.00004
Fusobacterium sp. NSJ-57	2764326	S	15	26	41	0.00000
Fusobacterium nucleatum	851	S	14	73	87	0.00001
Fusobacterium ulcerans	861	S	14	2	16	0.00000
Fusobacterium gonidiaformans	849	S	13	6	19	0.00000
Fusobacterium necrophorum	859	S	13	6	19	0.00000
Sebaldella termitidis	826	S	27	2	29	0.00000
Pseudoleptotrichia goodfellowii	157692	S	14	6	20	0.00000
Endomicrobium proavitum	1408281	S	56	22	78	0.00001
Candidatus Endomicrobium trichonymphae	1408204	S	44	16	60	0.00000
Elusimicrobium minutum	423605	S	129	2	131	0.00001
Dictyoglomus thermophilum	14	S	19	108	127	0.00001
Coprothermobacter proteolyticus	35786	S	118	28	146	0.00001
Caldisericum exile	693075	S	111	0	111	0.00001
Atribacter laminatus	2847778	S	76	2	78	0.00001
Fusarium acuminatum	5515	S	4476	248	4724	0.00038
Fusarium avenaceum	40199	S	105	4	109	0.00001
Fusarium sambucinum	5128	S	2222	329	2551	0.00020
Fusarium poae	36050	S	103	24	127	0.00001
Fusarium pseudograminearum	101028	S	94	7	101	0.00001
Fusarium sporotrichioides	5514	S	76	3	79	0.00001
Fusarium longipes	694270	S	73	2	75	0.00001
Fusarium graminearum	5518	S	52	127	179	0.00001
Fusarium venenatum	56646	S	45	65	110	0.00001
Fusarium culmorum	5516	S	26	4	30	0.00000
Fusarium oxysporum	5507	S	535	221	756	0.00006
Fusarium fujikuroi	5127	S	79	9	88	0.00001
Fusarium nygamai	42673	S	75	27	102	0.00001
Fusarium pseudonygamai	47755	S	66	18	84	0.00001
Fusarium thapsinum	120644	S	42	10	52	0.00000
Fusarium verticillioides	117187	S	30	49	79	0.00001
Fusarium decemcellulare	57161	S	295	6	301	0.00002
Fusarium graminum	86546	S	101	14	115	0.00001
Fusarium heterosporum	42747	S	97	13	110	0.00001
Fusarium scirpi	2211609	S	76	18	94	0.00001
Fusarium equiseti	61235	S	57	15	72	0.00001
Fusarium lateritium	5523	S	160	4	164	0.00001
Fusarium nelsonii	77846	S	61	13	74	0.00001
Fusarium chlamydosporum	86545	S	53	11	64	0.00001
Fusarium dimerum	57145	S	128	3	131	0.00001
Fusarium musae	1042133	S	30	46	76	0.00001
Trichoderma erinaceum	202914	S	353	54	407	0.00003
Trichoderma reesei	51453	S	316	28	344	0.00003
Trichoderma citrinoviride	58853	S	257	28	285	0.00002
Trichoderma pleuroti	500994	S	185	19	204	0.00002
Trichoderma atroviride	63577	S	167	40	207	0.00002
Trichoderma asperellum	101201	S	159	11	170	0.00001
Trichoderma afroharzianum	1567482	S	142	31	173	0.00001
Trichoderma hamatum	49224	S	132	10	142	0.00001
Trichoderma gamsii	398673	S	104	14	118	0.00001
Trichoderma harzianum	5544	S	93	20	113	0.00001
Trichoderma koningiopsis	337941	S	84	12	96	0.00001
Trichoderma virens	29875	S	31	336	367	0.00003
Trichoderma longibrachiatum	5548	S	19	203	222	0.00002
Trichoderma koningii	97093	S	18	185	203	0.00002
Metarhizium album	92629	S	398	12	410	0.00003
Metarhizium guizhouense	169041	S	321	175	496	0.00004
Metarhizium rileyi	1649241	S	282	42	324	0.00003
Metarhizium acridum	92637	S	152	96	248	0.00002
Metarhizium majus	1650735	S	107	49	156	0.00001
Metarhizium brunneum	500148	S	84	71	155	0.00001
Metarhizium humberi	2596975	S	84	53	137	0.00001
Metarhizium anisopliae	5530	S	78	114	192	0.00002
Metarhizium robertsii	568076	S	59	43	102	0.00001
Ustilaginoidea virens	1159556	S	637	31	668	0.00005
Pochonia chlamydosporia	280754	S	163	9	172	0.00001
Beauveria pseudobassiana	931006	S	725	109	834	0.00007
Beauveria felina	37994	S	480	25	505	0.00004
Beauveria brongniartii	118266	S	173	44	217	0.00002
Beauveria rudraprayagi	1481906	S	121	153	274	0.00002
Beauveria bassiana	176275	S	102	136	238	0.00002
Cordyceps fumosorosea	114497	S	758	51	809	0.00006
Purpureocillium lilacinum	33203	S	808	59	867	0.00007
Drechmeria coniospora	98403	S	653	32	685	0.00005
Clonostachys rosea	29856	S	313	22	335	0.00003
Colletotrichum higginsianum	80884	S	919	193	1112	0.00009
Thermothielavioides terrestris	2587410	S	1271	83	1354	0.00011
Thermothelomyces thermophilus	78579	S	1227	59	1286	0.00010
Neurospora crassa	5141	S	434	19	453	0.00004
Pyricularia oryzae	318829	S	323	80	403	0.00003
Pyricularia pennisetigena	1578925	S	319	46	365	0.00003
Pyricularia grisea	148305	S	219	31	250	0.00002
Neopestalotiopsis rosae	1562205	S	144	124	268	0.00002
Neopestalotiopsis clavispora	289240	S	112	104	216	0.00002
Botrytis cinerea	40559	S	190	1	191	0.00002
Aspergillus chevalieri	182096	S	1594	135	1729	0.00014
Aspergillus luchuensis	1069201	S	1589	89	1678	0.00013
Aspergillus oryzae	5062	S	50	192	242	0.00002
Aspergillus flavus	5059	S	39	161	200	0.00002
Aspergillus fumigatus	746128	S	193	7	200	0.00002
Aspergillus puulaauensis	1220207	S	166	5	171	0.00001
Penicillium citrinum	5077	S	152	17	169	0.00001
Penicillium aurantiogriseum	36655	S	132	37	169	0.00001
Penicillium chrysogenum	5076	S	120	19	139	0.00001
Penicillium expansum	27334	S	112	37	149	0.00001
Penicillium digitatum	36651	S	94	15	109	0.00001
Penicillium italicum	40296	S	90	27	117	0.00001
Paecilomyces niveus	5093	S	150	4	154	0.00001
Paecilomyces variotii	264951	S	133	9	142	0.00001
Talaromyces rugulosus	121627	S	165	9	174	0.00001
Paraphaeosphaeria minitans	565426	S	420	134	554	0.00004
Ampelomyces quisqualis	50730	S	259	26	285	0.00002
Zymoseptoria tritici	1047171	S	195	2	197	0.00002
Cercospora beticola	122368	S	137	0	137	0.00001
Eremothecium gossypii	33169	S	131	105	236	0.00002
Eremothecium cymbalariae	45285	S	15	0	15	0.00000
Eremothecium sinecaudum	45286	S	13	7	20	0.00000
Lachancea thermotolerans	381046	S	74	4	78	0.00001
Naumovozyma dairenensis	27289	S	39	2	41	0.00000
Naumovozyma castellii	27288	S	32	3	35	0.00000
Saccharomyces eubayanus	1080349	S	30	1	31	0.00000
Saccharomyces paradoxus	27291	S	19	2	21	0.00000
Saccharomyces cerevisiae	4932	S	17	3	20	0.00000
Kazachstania naganishii	588726	S	42	2	44	0.00000
Kluyveromyces marxianus	4911	S	38	6	44	0.00000
Torulaspora globosa	48254	S	33	2	35	0.00000
Torulaspora delbrueckii	4950	S	12	1	13	0.00000
[Candida] glabrata	5478	S	41	2	43	0.00000
Tetrapisispora blattae	1071379	S	24	1	25	0.00000
Tetrapisispora phaffii	113608	S	15	0	15	0.00000
Zygosaccharomyces rouxii	4956	S	23	1	24	0.00000
Zygotorulaspora mrakii	42260	S	14	1	15	0.00000
Brettanomyces nanus	13502	S	40	6	46	0.00000
Brettanomyces bruxellensis	5007	S	37	2	39	0.00000
Ogataea parapolymorpha	1005962	S	50	1	51	0.00000
Pichia kudriavzevii	4909	S	28	1	29	0.00000
Candida dubliniensis	42374	S	53	3	56	0.00000
Candida orthopsilosis	273371	S	27	0	27	0.00000
Candida albicans	5476	S	24	1	25	0.00000
Scheffersomyces stipitis	4924	S	28	0	28	0.00000
Debaryomyces hansenii	4959	S	17	0	17	0.00000
Yarrowia lipolytica	4952	S	100	1	101	0.00001
Sugiyamaella lignohabitans	796027	S	60	5	65	0.00001
Saccharomycodes ludwigii	36035	S	20	3	23	0.00000
Komagataella phaffii	460519	S	14	0	14	0.00000
Schizosaccharomyces pombe	4896	S	14	0	14	0.00000
Pseudozyma flocculosa	84751	S	1211	10	1221	0.00010
Ustilago maydis	5270	S	458	11	469	0.00004
Sporisorium graminicola	280036	S	319	46	365	0.00003
Malassezia restricta	76775	S	158	25	183	0.00001
Phlebiopsis gigantea	82310	S	412	4	416	0.00003
Rhizoctonia solani	456999	S	176	7	183	0.00001
Marasmius oreades	181124	S	73	3	76	0.00001
Cryptococcus neoformans	5207	S	82	3	85	0.00001
Cryptococcus gattii VGI	37769	S	44	25	69	0.00001
Phytophthora cryptogea	4786	S	1673	114	1787	0.00014
Phytophthora cinnamomi	4785	S	885	122	1007	0.00008
Phytophthora fragariae	53985	S	648	76	724	0.00006
Phytophthora infestans	4787	S	312	444	756	0.00006
Phytophthora cactorum	29920	S	277	34	311	0.00002
Phytophthora boehmeriae	109152	S	211	20	231	0.00002
Phytophthora parasitica	4792	S	192	20	212	0.00002
Pythium aphanidermatum	65070	S	382	8	390	0.00003
