name	taxonomy_id	taxonomy_lvl	kraken_assigned_reads	added_reads	new_est_reads	fraction_total_reads
Bradyrhizobium sp. 200	2782665	S	3894	981	4875	0.00106
Bradyrhizobium sp. 170	2782641	S	3466	1009	4475	0.00097
Bradyrhizobium sp. CCBAU 051011	858422	S	3397	747	4144	0.00090
Bradyrhizobium sp. CCBAU 51753	1325100	S	2641	666	3307	0.00072
Bradyrhizobium sp. BTAi1	288000	S	2147	457	2604	0.00057
Bradyrhizobium sp. ORS 285	115808	S	2140	559	2699	0.00059
Bradyrhizobium sp. ORS 278	114615	S	2124	564	2688	0.00058
Bradyrhizobium sp. A19	2898149	S	2072	421	2493	0.00054
Bradyrhizobium sp. SK17	2057741	S	1815	686	2501	0.00054
Bradyrhizobium sp. 186	2782654	S	1487	452	1939	0.00042
Bradyrhizobium sp. CCBAU 53421	1325120	S	1446	515	1961	0.00043
Bradyrhizobium sp. CCBAU 53338	1325111	S	1237	572	1809	0.00039
Bradyrhizobium sp. 1(2017)	1404888	S	1123	398	1521	0.00033
Bradyrhizobium sp. CCBAU 53340	1325112	S	1100	483	1583	0.00034
Bradyrhizobium sp. 195	2782662	S	1083	438	1521	0.00033
Bradyrhizobium sp. CCBAU 53351	1325114	S	1080	615	1695	0.00037
Bradyrhizobium sp. S2-11-2	2840472	S	1017	859	1876	0.00041
Bradyrhizobium sp. 6(2017)	1197460	S	983	544	1527	0.00033
Bradyrhizobium sp. CCGE-LA001	1223566	S	895	378	1273	0.00028
Bradyrhizobium sp. 41S5	1404443	S	872	666	1538	0.00033
Bradyrhizobium sp. S2-20-1	2840469	S	854	765	1619	0.00035
Bradyrhizobium sp. S2-11-4	2840473	S	845	832	1677	0.00036
Bradyrhizobium sp. CCBAU 51765	1325102	S	773	778	1551	0.00034
Bradyrhizobium sp. I71	2590772	S	734	708	1442	0.00031
Bradyrhizobium sp. 191	2782659	S	718	782	1500	0.00033
Bradyrhizobium sp. C-145	574727	S	489	543	1032	0.00022
Bradyrhizobium sp.	376	S	407	1491	1898	0.00041
Bradyrhizobium sp. 4	2782678	S	299	824	1123	0.00024
Bradyrhizobium sp. 40	2782674	S	290	713	1003	0.00022
Bradyrhizobium sp. 144S4	2823807	S	281	769	1050	0.00023
Bradyrhizobium sp. 323S2	1404649	S	267	746	1013	0.00022
Bradyrhizobium sp. 192	2782660	S	227	610	837	0.00018
Bradyrhizobium sp. LCT2	2493093	S	169	528	697	0.00015
Bradyrhizobium sp. SG09	2599805	S	98	774	872	0.00019
Bradyrhizobium sp. 187	2782655	S	95	507	602	0.00013
Bradyrhizobium sp. TM102	2599819	S	93	702	795	0.00017
Bradyrhizobium sp. CW1	2782686	S	68	1130	1198	0.00026
Bradyrhizobium sp. 1S5	2816456	S	52	629	681	0.00015
Bradyrhizobium sp. 131	2782609	S	51	894	945	0.00021
Bradyrhizobium sp. 172	2782643	S	50	653	703	0.00015
Bradyrhizobium sp. 38S5	2819348	S	50	656	706	0.00015
Bradyrhizobium sp. 155	2782629	S	20	387	407	0.00009
Bradyrhizobium erythrophlei	1437360	S	6708	651	7359	0.00160
Bradyrhizobium diazoefficiens	1355477	S	5171	9452	14623	0.00317
Bradyrhizobium icense	1274631	S	3432	577	4009	0.00087
Bradyrhizobium paxllaeri	190148	S	3045	661	3706	0.00080
Bradyrhizobium lablabi	722472	S	2237	2917	5154	0.00112
Bradyrhizobium genosp. L	83637	S	2012	477	2489	0.00054
Bradyrhizobium canariense	255045	S	1992	3505	5497	0.00119
Bradyrhizobium oligotrophicum	44255	S	1897	393	2290	0.00050
Bradyrhizobium japonicum	375	S	1796	3043	4839	0.00105
Bradyrhizobium arachidis	858423	S	1428	469	1897	0.00041
Bradyrhizobium guangdongense	1325090	S	1395	589	1984	0.00043
Bradyrhizobium vignae	1549949	S	1240	338	1578	0.00034
Bradyrhizobium cosmicum	1404864	S	1191	445	1636	0.00036
Bradyrhizobium quebecense	2748629	S	1150	739	1889	0.00041
Bradyrhizobium genosp. B	83627	S	1140	283	1423	0.00031
Bradyrhizobium guangzhouense	1325095	S	1137	492	1629	0.00035
Bradyrhizobium septentrionale	1404411	S	1052	728	1780	0.00039
Bradyrhizobium guangxiense	1325115	S	1027	508	1535	0.00033
Bradyrhizobium daqingense	993502	S	823	506	1329	0.00029
Bradyrhizobium amphicarpaeae	1404768	S	758	360	1118	0.00024
Bradyrhizobium betae	244734	S	735	479	1214	0.00026
Bradyrhizobium symbiodeficiens	1404367	S	612	1030	1642	0.00036
Bradyrhizobium zhanjiangense	1325107	S	476	533	1009	0.00022
Bradyrhizobium elkanii	29448	S	351	1331	1682	0.00037
Bradyrhizobium ottawaense	931866	S	265	1847	2112	0.00046
Rhodopseudomonas palustris	1076	S	7312	2772	10084	0.00219
Rhodopseudomonas boonkerdii	475937	S	985	298	1283	0.00028
Rhodopseudomonas sp. SK50-23	340268	S	963	223	1186	0.00026
Tardiphaga sp. 37S4	1404741	S	530	428	958	0.00021
Tardiphaga sp. vice154	2592814	S	39	615	654	0.00014
Tardiphaga sp. vice278	2592815	S	29	718	747	0.00016
Tardiphaga sp. vice304	2592817	S	20	386	406	0.00009
Tardiphaga robiniae	943830	S	519	373	892	0.00019
Afipia carboxidovorans	40137	S	1384	607	1991	0.00043
Afipia sp. GAS231	1882747	S	903	750	1653	0.00036
Nitrobacter hamburgensis	912	S	1180	240	1420	0.00031
Nitrobacter winogradskyi	913	S	965	195	1160	0.00025
Variibacter gotjawalensis	1333996	S	2226	213	2439	0.00053
Rhizobium sp. BG4	2613770	S	830	187	1017	0.00022
Rhizobium sp. WYJ-E13	2849093	S	723	107	830	0.00018
Rhizobium sp. NXC24	2048897	S	660	111	771	0.00017
Rhizobium sp. ACO-34A	1571470	S	550	137	687	0.00015
Rhizobium sp. SL42	2806346	S	531	113	644	0.00014
Rhizobium sp. WL3	2603277	S	498	112	610	0.00013
Rhizobium sp. 11515TR	2028343	S	480	121	601	0.00013
Rhizobium sp. AB2/73	2795216	S	463	276	739	0.00016
Rhizobium sp. NXC14	1981173	S	382	173	555	0.00012
Rhizobium sp. NLR16a	2731112	S	354	172	526	0.00011
Rhizobium sp. CIAT894	2020312	S	346	169	515	0.00011
Rhizobium sp. NZLR1	2731096	S	336	129	465	0.00010
Rhizobium sp. C104	2917727	S	316	190	506	0.00011
Rhizobium sp. K102	2918527	S	287	215	502	0.00011
Rhizobium sp. L51/94	2819999	S	249	306	555	0.00012
Rhizobium sp. X9	2815360	S	145	355	500	0.00011
Rhizobium sp. 007	2785056	S	117	233	350	0.00008
Rhizobium sp. Kim5	2020311	S	114	271	385	0.00008
Rhizobium sp. TAL182	2020313	S	100	312	412	0.00009
Rhizobium sp. IE4771	1301032	S	96	210	306	0.00007
Rhizobium sp. NIBRBAC000502774	2590777	S	45	229	274	0.00006
Rhizobium sp. ZX09	2291939	S	33	163	196	0.00004
Rhizobium sp. Y9	1914541	S	28	120	148	0.00003
Rhizobium sp. N324	1703969	S	21	426	447	0.00010
Rhizobium sp. CCGE531	2364271	S	19	646	665	0.00014
Rhizobium sp. B230/85	2819994	S	18	184	202	0.00004
Rhizobium sp. B21/90	2819993	S	13	433	446	0.00010
Rhizobium leguminosarum	384	S	3398	5136	8534	0.00185
Rhizobium etli	29449	S	1013	1396	2409	0.00052
Rhizobium jaguaris	1312183	S	759	113	872	0.00019
Rhizobium pseudoryzae	379684	S	715	180	895	0.00019
Rhizobium gallicum	56730	S	634	939	1573	0.00034
Rhizobium phaseoli	396	S	575	1326	1901	0.00041
Rhizobium bangladeshense	1138189	S	516	144	660	0.00014
Rhizobium lentis	1138194	S	469	169	638	0.00014
Rhizobium tropici	398	S	409	125	534	0.00012
Rhizobium binae	1138190	S	366	157	523	0.00011
Rhizobium daejeonense	240521	S	363	138	501	0.00011
Rhizobium rosettiformans	1368430	S	343	187	530	0.00012
Rhizobium rhizoryzae	451876	S	336	54	390	0.00008
Rhizobium indicum	2583231	S	258	259	517	0.00011
Rhizobium pusense	648995	S	209	934	1143	0.00025
Rhizobium acidisoli	1538158	S	196	184	380	0.00008
Rhizobium oryzihabitans	2267833	S	131	205	336	0.00007
Rhizobium laguerreae	1076926	S	92	179	271	0.00006
Rhizobium hidalgonense	1538159	S	85	222	307	0.00007
Rhizobium ruizarguesonis	2081791	S	69	576	645	0.00014
Agrobacterium tumefaciens	358	S	1675	1755	3430	0.00074
Agrobacterium fabrum	1176649	S	190	266	456	0.00010
Agrobacterium fabacearum	1183401	S	28	419	447	0.00010
Agrobacterium vitis	373	S	946	140	1086	0.00024
Agrobacterium sp. T29	2580515	S	162	137	299	0.00006
Agrobacterium sp. RAC06	1842536	S	105	219	324	0.00007
Agrobacterium sp. MA01	2664893	S	99	203	302	0.00007
Agrobacterium sp. CGMCC 11546	2579248	S	35	75	110	0.00002
Agrobacterium sp. S7/73	2820002	S	28	165	193	0.00004
Agrobacterium vaccinii	2735528	S	359	57	416	0.00009
Agrobacterium larrymoorei	160699	S	281	57	338	0.00007
Agrobacterium salinitolerans	1183413	S	243	101	344	0.00007
Agrobacterium rubi	28099	S	216	71	287	0.00006
Agrobacterium rhizogenes	359	S	180	453	633	0.00014
Neorhizobium galegae	399	S	2297	746	3043	0.00066
Neorhizobium sp. SOG26	2060726	S	705	172	877	0.00019
Neorhizobium sp. NCHU2750	1825976	S	536	149	685	0.00015
Pseudorhizobium flavum	1335061	S	494	329	823	0.00018
Pseudorhizobium banfieldiae	1125847	S	402	239	641	0.00014
Sinorhizobium meliloti	382	S	4078	4365	8443	0.00183
Sinorhizobium fredii	380	S	3101	4345	7446	0.00162
Sinorhizobium americanum	194963	S	1047	443	1490	0.00032
Sinorhizobium medicae	110321	S	939	120	1059	0.00023
Sinorhizobium sp. BG8	2613773	S	765	153	918	0.00020
Sinorhizobium sp. CCBAU 05631	794846	S	150	227	377	0.00008
Ensifer adhaerens	106592	S	2034	1311	3345	0.00073
Ensifer mexicanus	375549	S	1302	237	1539	0.00033
Ensifer alkalisoli	1752398	S	929	212	1141	0.00025
Ensifer sojae	716925	S	883	369	1252	0.00027
Ensifer sp. PDNC004	2811423	S	652	306	958	0.00021
Ensifer sp. T173	555315	S	119	524	643	0.00014
Shinella sp. HZN7	879274	S	1225	1213	2438	0.00053
Shinella sp. PSBB067	2715959	S	1014	884	1898	0.00041
Shinella sp. XGS7	2877941	S	726	816	1542	0.00033
Shinella sp. H4-D48	2925841	S	421	192	613	0.00013
Shinella zoogloeoides	352475	S	968	1609	2577	0.00056
Shinella oryzae	2871820	S	550	279	829	0.00018
Ciceribacter thiooxidans	1969821	S	836	200	1036	0.00022
Georhizobium profundi	2341112	S	829	222	1051	0.00023
Peteryoungia desertarenae	1813451	S	286	60	346	0.00008
Liberibacter crescens	1273132	S	15	5	20	0.00000
Mesorhizobium sp. 8	2584466	S	2219	646	2865	0.00062
Mesorhizobium sp. DCY119	2108445	S	1474	419	1893	0.00041
Mesorhizobium sp. J8	2777475	S	1205	456	1661	0.00036
Mesorhizobium sp. Pch-S	2082387	S	1176	196	1372	0.00030
Mesorhizobium sp. M3A.F.Ca.ET.080.04.2.1	2493676	S	1151	411	1562	0.00034
Mesorhizobium sp. M1B.F.Ca.ET.045.04.1.1	2493673	S	1140	507	1647	0.00036
Mesorhizobium sp. B1-1-8	2589976	S	1126	337	1463	0.00032
Mesorhizobium sp. B2-1-1	2589974	S	1103	299	1402	0.00030
Mesorhizobium sp. B2-8-5	2589903	S	1080	421	1501	0.00033
Mesorhizobium sp. M1D.F.Ca.ET.043.01.1.1	2493669	S	1032	711	1743	0.00038
Mesorhizobium sp. M1A.F.Ca.IN.022.06.1.1	2493680	S	1024	380	1404	0.00030
Mesorhizobium sp. M1E.F.Ca.ET.045.02.1.1	2493672	S	1001	577	1578	0.00034
Mesorhizobium sp. 131-2-1	2744518	S	969	596	1565	0.00034
Mesorhizobium sp. L-2-11	2744521	S	955	432	1387	0.00030
Mesorhizobium sp. PAMC28654	2880934	S	899	202	1101	0.00024
Mesorhizobium sp. M9A.F.Ca.ET.002.03.1.2	2493668	S	898	475	1373	0.00030
Mesorhizobium sp. M4B.F.Ca.ET.058.02.1.1	2493675	S	871	428	1299	0.00028
Mesorhizobium sp. INR15	2654248	S	868	149	1017	0.00022
Mesorhizobium sp. M6A.T.Cr.TU.016.01.1.1	2493677	S	787	308	1095	0.00024
Mesorhizobium sp. B4-1-4	2589888	S	757	217	974	0.00021
Mesorhizobium sp. B2-1-8	2589967	S	680	245	925	0.00020
Mesorhizobium sp. M2A.F.Ca.ET.043.05.1.1	2493671	S	656	634	1290	0.00028
Mesorhizobium sp. M7D.F.Ca.US.005.01.1.1	2493678	S	611	246	857	0.00019
Mesorhizobium sp. M8A.F.Ca.ET.057.01.1.1	2493679	S	601	265	866	0.00019
Mesorhizobium sp. NZP2077	2483404	S	566	220	786	0.00017
Mesorhizobium sp. L-8-10	2744523	S	547	1920	2467	0.00054
Mesorhizobium sp. 113-3-3	2744516	S	535	343	878	0.00019
Mesorhizobium sp. L-8-3	2744522	S	529	1909	2438	0.00053
Mesorhizobium sp. M7A.F.Ce.TU.012.03.2.1	2493681	S	527	227	754	0.00016
Mesorhizobium sp. NBSH29	2654249	S	475	41	516	0.00011
Mesorhizobium sp. 113-1-2	2744515	S	467	268	735	0.00016
Mesorhizobium sp. NZP2298	2483403	S	407	280	687	0.00015
Mesorhizobium sp. AA22	1854057	S	405	299	704	0.00015
Mesorhizobium sp. 113-3-9	2744517	S	382	327	709	0.00015
Mesorhizobium sp. M2A.F.Ca.ET.046.03.2.1	2493674	S	317	945	1262	0.00027
Mesorhizobium sp. M2A.F.Ca.ET.043.02.1.1	2493670	S	285	808	1093	0.00024
Mesorhizobium sp. WSM1497	278153	S	132	312	444	0.00010
Mesorhizobium sp. 131-3-5	2744520	S	69	249	318	0.00007
Mesorhizobium sp. 131-2-5	2744519	S	51	401	452	0.00010
Mesorhizobium sp. NZP2234	2483402	S	45	188	233	0.00005
Mesorhizobium terrae	2725666	S	1163	473	1636	0.00036
Mesorhizobium opportunistum	593909	S	1081	547	1628	0.00035
Mesorhizobium amorphae	71433	S	822	240	1062	0.00023
Mesorhizobium ciceri	39645	S	611	1779	2390	0.00052
Mesorhizobium australicum	536018	S	583	218	801	0.00017
Mesorhizobium loti	381	S	579	5555	6134	0.00133
Mesorhizobium huakuii	28104	S	536	435	971	0.00021
Mesorhizobium erdmanii	1777866	S	458	156	614	0.00013
Mesorhizobium japonicum	2066070	S	420	368	788	0.00017
Aquibium microcysteis	675281	S	2368	825	3193	0.00069
Aquibium oceanicum	1670800	S	1824	524	2348	0.00051
Aminobacter sp. MSH1	374606	S	1183	882	2065	0.00045
Aminobacter sp. SR38	2774562	S	244	1207	1451	0.00031
Aminobacter sp. MDW-2	2666139	S	138	743	881	0.00019
Aminobacter aminovorans	83263	S	153	585	738	0.00016
Nitratireductor sp. SY7	2599600	S	1519	350	1869	0.00041
Nitratireductor sp. OM-1	1756988	S	768	155	923	0.00020
Nitratireductor kimnyeongensis	430679	S	543	90	633	0.00014
Phyllobacterium sp. T1018	555316	S	509	80	589	0.00013
Phyllobacterium sp. T1293	555317	S	249	36	285	0.00006
Phyllobacterium sp. 628	2718938	S	235	39	274	0.00006
Phyllobacterium zundukense	1867719	S	458	80	538	0.00012
Roseitalea porphyridii	1852022	S	1145	239	1384	0.00030
Oricola thermophila	2742145	S	911	154	1065	0.00023
Hoeflea sp. IMCC20628	1620421	S	464	56	520	0.00011
Hoeflea phototrophica	244596	S	424	63	487	0.00011
Salaquimonas pukyongi	2712698	S	397	21	418	0.00009
Lentilitoribacter sp. Alg239-R112	2305987	S	31	0	31	0.00001
Methylobacterium nodulans	114616	S	2941	474	3415	0.00074
Methylobacterium sp. 17Sr1-1	2202826	S	1186	674	1860	0.00040
Methylobacterium sp. WL1	2603276	S	1169	289	1458	0.00032
Methylobacterium sp. C1	1479019	S	141	1158	1299	0.00028
Methylobacterium sp. XJLW	739141	S	78	1101	1179	0.00026
Methylobacterium aquaticum	270351	S	2366	1245	3611	0.00078
Methylobacterium durans	2202825	S	1721	311	2032	0.00044
Methylobacterium radiodurans	2202828	S	1642	502	2144	0.00047
Methylobacterium currus	2051553	S	1565	785	2350	0.00051
Methylobacterium organophilum	410	S	1352	895	2247	0.00049
Methylobacterium terrae	2202827	S	1289	715	2004	0.00044
Methylobacterium brachiatum	269660	S	1168	504	1672	0.00036
Methylobacterium mesophilicum	39956	S	1144	285	1429	0.00031
Methylobacterium tardum	374432	S	1119	460	1579	0.00034
Methylobacterium indicum	1775910	S	1065	630	1695	0.00037
Methylobacterium oryzae	334852	S	881	1306	2187	0.00047
Methylobacterium radiotolerans	31998	S	428	2535	2963	0.00064
Methylobacterium phyllosphaerae	418223	S	180	714	894	0.00019
Microvirga sp. VF16	2807101	S	4563	842	5405	0.00117
Microvirga sp. 17 mud 1-3	2082949	S	1954	488	2442	0.00053
Microvirga ossetica	1882682	S	4136	869	5005	0.00109
Microvirga thermotolerans	2651334	S	2564	852	3416	0.00074
Methylorubrum populi	223967	S	1996	1076	3072	0.00067
Methylorubrum extorquens	408	S	1558	2784	4342	0.00094
Methylorubrum sp. B1-46	2897334	S	715	357	1072	0.00023
Methylorubrum zatmanii	29429	S	56	304	360	0.00008
Pseudolabrys taiwanensis	331696	S	4960	1052	6012	0.00130
Pseudolabrys sp. FHR47	2562284	S	3495	791	4286	0.00093
Starkeya sp. ORNL1	2709380	S	2425	617	3042	0.00066
Starkeya novella	921	S	2064	955	3019	0.00066
Xanthobacter dioxanivorans	2528964	S	2037	843	2880	0.00063
Xanthobacter autotrophicus	280	S	647	819	1466	0.00032
Xanthobacter sp. YC-JY1	2419844	S	635	746	1381	0.00030
Ancylobacter sp. TS-1	1850374	S	1402	726	2128	0.00046
Ancylobacter polymorphus	223390	S	1333	800	2133	0.00046
Ancylobacter pratisalsi	1745854	S	1169	334	1503	0.00033
Labrys sp. KNU-23	2789216	S	1491	194	1685	0.00037
Azorhizobium caulinodans	7	S	1388	368	1756	0.00038
Rhodoplanes sp. Z2-YC6860	674703	S	10736	1337	12073	0.00262
Hyphomicrobium denitrificans	53399	S	2024	292	2316	0.00050
Hyphomicrobium nitrativorans	1427356	S	1783	183	1966	0.00043
Hyphomicrobium sp. MC1	717785	S	1179	100	1279	0.00028
Methyloceanibacter caenitepidi	1384459	S	911	215	1126	0.00024
Methyloceanibacter sp. wino2	2170729	S	903	229	1132	0.00025
Methyloligella sp. GL2	2742204	S	1282	189	1471	0.00032
Aquabacter sp. L1I39	2820278	S	1116	238	1354	0.00029
Rhodomicrobium vannielii	1069	S	1005	82	1087	0.00024
Caenibius sp. WL	2872646	S	422	91	513	0.00011
Caenibius tardaugens	169176	S	263	242	505	0.00011
Candidatus Filomicrobium marinum	1608628	S	514	17	531	0.00012
Devosia sp. A16	1736675	S	2826	410	3236	0.00070
Devosia sp. JXJ CY 41	2917991	S	862	182	1044	0.00023
Devosia sp. 1566	2499144	S	817	102	919	0.00020
Devosia sp. SL43	2806348	S	771	164	935	0.00020
Devosia sp. I507	2083786	S	637	212	849	0.00018
Devosia sp. MC521	2759954	S	258	47	305	0.00007
Devosia ginsengisoli	400770	S	1002	207	1209	0.00026
Devosia salina	2860336	S	891	327	1218	0.00026
Devosia beringensis	2657486	S	858	144	1002	0.00022
Devosia oryziradicis	2801335	S	788	164	952	0.00021
Devosia rhizoryzae	2774137	S	779	96	875	0.00019
Youhaiella tibetensis	1447062	S	1367	344	1711	0.00037
Paradevosia shaoguanensis	1335043	S	1284	555	1839	0.00040
Pelagibacterium halotolerans	531813	S	582	78	660	0.00014
Maritalea myrionectae	454601	S	118	4	122	0.00003
Bosea sp. Tri-49	1867715	S	1957	540	2497	0.00054
Bosea sp. F3-2	2599640	S	1876	708	2584	0.00056
Bosea sp. RAC05	1842539	S	1737	671	2408	0.00052
Bosea sp. ANAM02	2020412	S	1537	670	2207	0.00048
Bosea sp. AS-1	2015316	S	1441	536	1977	0.00043
Bosea sp. PAMC 26642	1792307	S	1302	328	1630	0.00035
Bosea vaviloviae	1526658	S	1601	457	2058	0.00045
Aureimonas sp. SA4125	2826993	S	1430	333	1763	0.00038
Aureimonas sp. AU20	1349819	S	1220	219	1439	0.00031
Aureimonas sp. OT7	2816454	S	701	661	1362	0.00030
Aureimonas populi	1701758	S	1127	270	1397	0.00030
Aureimonas mangrovi	2758041	S	994	258	1252	0.00027
Aureimonas altamirensis	370622	S	576	216	792	0.00017
Martelella sp. AD-3	686597	S	329	1074	1403	0.00030
Martelella mediterranea	293089	S	639	281	920	0.00020
Martelella endophytica	1486262	S	584	161	745	0.00016
Martelella lutilitoris	2583532	S	349	342	691	0.00015
Aurantimonas sp. HBX-1	2906072	S	1865	699	2564	0.00056
Nordella sp. HKS 07	2712222	S	3528	246	3774	0.00082
Pseudorhodoplanes sinuspersici	1235591	S	3356	317	3673	0.00080
Terrihabitans soli	708113	S	1783	254	2037	0.00044
Candidatus Hodgkinia cicadicola	573658	S	17	0	17	0.00000
Methylocystis bryophila	655015	S	1001	124	1125	0.00024
Methylocystis parvus	134	S	925	134	1059	0.00023
Methylocystis sp. SC2	187303	S	619	189	808	0.00018
Methylocystis sp. SB2	743836	S	228	402	630	0.00014
Methylocystis heyeri	391905	S	850	116	966	0.00021
Methylocystis rosea	173366	S	571	491	1062	0.00023
Methylosinus trichosporium	426	S	1295	316	1611	0.00035
Methylosinus sp. C49	2699395	S	989	236	1225	0.00027
Stappia indica	538381	S	1852	551	2403	0.00052
Stappia sp. ES.058	1881061	S	931	145	1076	0.00023
Roseibium aggregatum	187304	S	1011	168	1179	0.00026
Roseibium alexandrii	388408	S	285	28	313	0.00007
Pannonibacter phragmitetus	121719	S	1146	987	2133	0.00046
Labrenzia sp. VG12	2021862	S	562	77	639	0.00014
Labrenzia sp. PHM005	2590016	S	250	22	272	0.00006
Labrenzia sp. THAF82	2587861	S	230	16	246	0.00005
Pseudovibrio sp. FO-BEG1	911045	S	97	41	138	0.00003
Pseudovibrio brasiliensis	1898042	S	82	34	116	0.00003
Phreatobacter stygius	1940610	S	2341	433	2774	0.00060
Phreatobacter cathodiphilus	1868589	S	2189	793	2982	0.00065
Phreatobacter sp. NMCR1094	2570229	S	1451	332	1783	0.00039
Kaustia mangrovi	2593653	S	2694	331	3025	0.00066
Parvibaculum lavamentivorans	256618	S	1185	1012	2197	0.00048
Pyruvatibacter mobilis	1712261	S	834	125	959	0.00021
Candidatus Phaeomarinobacter ectocarpi	1458461	S	339	20	359	0.00008
Chelatococcus sp. CO-6	1702325	S	2189	1481	3670	0.00080
Chelatococcus daeguensis	444444	S	1169	761	1930	0.00042
Blastochloris tepida	2233851	S	1856	774	2630	0.00057
Blastochloris viridis	1079	S	1577	523	2100	0.00046
Methylocella silvestris	199596	S	876	121	997	0.00022
Methylocella tundrae	227605	S	764	89	853	0.00019
Methylovirgula ligni	569860	S	796	122	918	0.00020
Methylovirgula sp. HY1	2822761	S	639	48	687	0.00015
Beijerinckia indica	533	S	408	37	445	0.00010
Acuticoccus sp. I52.16.1	2928472	S	2231	302	2533	0.00055
Kaistia sp. 32K	2795690	S	2176	686	2862	0.00062
Brucella anthropi	529	S	400	297	697	0.00015
Brucella intermedia	94625	S	358	77	435	0.00009
Brucella sp. BTU1	2840456	S	55	11	66	0.00001
Brucella sp. 09RB8910	1844051	S	33	38	71	0.00002
Brucella sp. 10RB9215	1149953	S	27	33	60	0.00001
Brucella sp. 6810	2769351	S	24	44	68	0.00001
Brucella sp. 09RB8471	1149952	S	14	28	42	0.00001
Brucella sp. BO3	2691913	S	13	24	37	0.00001
Brucella sp. 2280	2592625	S	12	27	39	0.00001
[Ochrobactrum] quorumnocens	271865	S	130	24	154	0.00003
Brucella pseudogrignonensis	419475	S	82	27	109	0.00002
Brucella pituitosa	571256	S	38	14	52	0.00001
Brucella melitensis	29459	S	17	1761	1778	0.00039
Brucella inopinata	1218315	S	13	13	26	0.00001
Pseudochrobactrum sp. XF203	2879116	S	48	45	93	0.00002
Pseudochrobactrum sp. Wa41.01b-1	2864102	S	28	27	55	0.00001
Pseudochrobactrum algeriensis	2834768	S	41	39	80	0.00002
Hartmannibacter diazotrophicus	1482074	S	1375	314	1689	0.00037
Breoghania sp. L-A4	2304600	S	1338	222	1560	0.00034
Lichenihabitans psoromatis	2528642	S	388	237	625	0.00014
Lichenihabitans sp. PAMC28606	2880932	S	368	262	630	0.00014
Cohaesibacter sp. ES.047	1798205	S	243	12	255	0.00006
Bartonella apis	1686310	S	87	7	94	0.00002
Bartonella sp. HY038	2759660	S	20	6	26	0.00001
Bartonella australis	388640	S	17	4	21	0.00000
Bartonella vinsonii	33047	S	12	25	37	0.00001
Sphingomonas sp. S8-45	2938948	S	3780	544	4324	0.00094
Sphingomonas sp. HDW15A	2714942	S	3396	323	3719	0.00081
Sphingomonas sp. DM2-R-LB4	2899123	S	2978	1179	4157	0.00090
Sphingomonas sp. MM-1	745310	S	1954	2866	4820	0.00105
Sphingomonas sp. AK-PDB1-5	2872652	S	1889	362	2251	0.00049
Sphingomonas sp. CL5.1	2653203	S	1859	737	2596	0.00056
Sphingomonas sp. Cra20	1327635	S	1820	338	2158	0.00047
Sphingomonas sp. AP4-R1	2735134	S	1589	238	1827	0.00040
Sphingomonas sp. LM7	1938607	S	1526	393	1919	0.00042
Sphingomonas sp. NBWT7	2596913	S	1449	564	2013	0.00044
Sphingomonas sp. S2-65	2903960	S	1376	324	1700	0.00037
Sphingomonas sp. AAP5	1523415	S	1360	415	1775	0.00039
Sphingomonas sp. FARSPH	2219696	S	1264	1225	2489	0.00054
Sphingomonas sp. PAMC26645	2565555	S	1111	434	1545	0.00034
Sphingomonas sp. HMP9	1517554	S	1015	527	1542	0.00033
Sphingomonas sp. KC8	1030157	S	968	144	1112	0.00024
Sphingomonas sp. HMP6	1517551	S	880	204	1084	0.00024
Sphingomonas sp. LK11	1390395	S	627	774	1401	0.00030
Sphingomonas sp. NIC1	1961362	S	587	2249	2836	0.00062
Sphingomonas sp. IC081	304378	S	172	1211	1383	0.00030
Sphingomonas sediminicola	386874	S	11254	1300	12554	0.00272
Sphingomonas daechungensis	1176646	S	9826	1144	10970	0.00238
Sphingomonas lutea	1045317	S	7563	1169	8732	0.00189
Sphingomonas sabuli	2764186	S	7186	1053	8239	0.00179
Sphingomonas sinipercae	2714944	S	6226	998	7224	0.00157
Sphingomonas ginsengisoli An et al. 2013	363835	S	5200	851	6051	0.00131
Sphingomonas rhizophila	2071607	S	4504	1367	5871	0.00127
Sphingomonas piscis	2714943	S	3874	427	4301	0.00093
Sphingomonas xanthus	2594473	S	3578	948	4526	0.00098
Sphingomonas profundi	2681549	S	2282	435	2717	0.00059
Sphingomonas alpina	653931	S	2189	217	2406	0.00052
Sphingomonas sanxanigenens	397260	S	2087	1171	3258	0.00071
Sphingomonas koreensis	93064	S	1572	1399	2971	0.00064
Sphingomonas changnyeongensis	2698679	S	1523	350	1873	0.00041
Sphingomonas taxi	1549858	S	1444	543	1987	0.00043
Sphingomonas hengshuiensis	1609977	S	1439	224	1663	0.00036
Sphingomonas panacis	1560345	S	1397	246	1643	0.00036
Sphingomonas panacisoli	1813879	S	1256	203	1459	0.00032
Sphingomonas suaedae	2599297	S	1219	188	1407	0.00031
Sphingomonas radiodurans	2890321	S	1098	174	1272	0.00028
Sphingomonas insulae	424800	S	1031	356	1387	0.00030
Sphingomonas aliaeris	2759526	S	950	142	1092	0.00024
Sphingomonas paucimobilis	13689	S	850	666	1516	0.00033
Sphingomonas sanguinis	33051	S	678	735	1413	0.00031
Sphingomonas melonis	152682	S	641	2526	3167	0.00069
Sphingomonas lacunae	2698828	S	442	70	512	0.00011
Sphingomonas paeninsulae	2319844	S	414	21	435	0.00009
Sphingobium sp. SYK-6	627192	S	1285	396	1681	0.00036
Sphingobium sp. Cam5-1	2789327	S	724	294	1018	0.00022
Sphingobium sp. TKS	1315974	S	684	1123	1807	0.00039
Sphingobium sp. EP60837	1855519	S	681	219	900	0.00020
Sphingobium sp. YG1	2082188	S	653	312	965	0.00021
Sphingobium sp. SCG-1	2072936	S	608	53	661	0.00014
Sphingobium sp. CAP-1	2676077	S	590	416	1006	0.00022
Sphingobium sp. RAC03	1843368	S	527	113	640	0.00014
Sphingobium sp. MI1205	407020	S	436	691	1127	0.00024
Sphingobium sp. KCTC 72723	2733867	S	424	85	509	0.00011
Sphingobium sp. PAMC28499	2565554	S	169	361	530	0.00012
Sphingobium sp. YBL2	484429	S	68	482	550	0.00012
Sphingobium sp. RSMS	520734	S	68	431	499	0.00011
Sphingobium yanoikuyae	13690	S	1046	2198	3244	0.00070
Sphingobium phenoxybenzoativorans	1592790	S	850	394	1244	0.00027
Sphingobium amiense	135719	S	786	1101	1887	0.00041
Sphingobium indicum	332055	S	762	641	1403	0.00030
Sphingobium cloacae	120107	S	608	1010	1618	0.00035
Sphingobium chlorophenolicum	46429	S	583	300	883	0.00019
Sphingobium xenophagum	121428	S	529	394	923	0.00020
Sphingobium baderi	1332080	S	471	531	1002	0.00022
Sphingobium herbicidovorans	76947	S	403	410	813	0.00018
Sphingobium fuliginis	336203	S	246	1054	1300	0.00028
Sphingopyxis sp. QXT-31	1357916	S	1022	323	1345	0.00029
Sphingopyxis sp. YF1	2482763	S	1020	269	1289	0.00028
Sphingopyxis sp. 113P3	292913	S	960	426	1386	0.00030
Sphingopyxis sp. OPL5	2486273	S	905	197	1102	0.00024
Sphingopyxis sp. PAMC25046	2565556	S	861	436	1297	0.00028
Sphingopyxis sp. BSN-002	2911495	S	820	169	989	0.00021
Sphingopyxis sp. FD7	1914525	S	757	357	1114	0.00024
Sphingopyxis sp. EG6	1874061	S	636	354	990	0.00021
Sphingopyxis sp. MG	1866325	S	50	488	538	0.00012
Sphingopyxis macrogoltabida	33050	S	1645	919	2564	0.00056
Sphingopyxis terrae	33052	S	941	584	1525	0.00033
Sphingopyxis lindanitolerans	2054227	S	849	462	1311	0.00028
Sphingopyxis fribergensis	1515612	S	718	315	1033	0.00022
Sphingopyxis granuli	267128	S	710	2099	2809	0.00061
Sphingopyxis alaskensis	117207	S	662	170	832	0.00018
Novosphingobium sp. Gsoil 351	2675225	S	1422	141	1563	0.00034
Novosphingobium sp. Sx8-5	2896849	S	1133	180	1313	0.00029
Novosphingobium sp. EMRT-2	2571749	S	1075	722	1797	0.00039
Novosphingobium sp. P6W	1609758	S	865	165	1030	0.00022
Novosphingobium sp. THN1	1016987	S	638	251	889	0.00019
Novosphingobium sp. ES2-1	2780074	S	554	315	869	0.00019
Novosphingobium sp. PP1Y	702113	S	400	529	929	0.00020
Novosphingobium sp. KA1	164608	S	205	1174	1379	0.00030
Novosphingobium resinovorum	158500	S	1076	602	1678	0.00036
Novosphingobium decolorationis	2698673	S	888	552	1440	0.00031
Novosphingobium aromaticivorans	48935	S	887	464	1351	0.00029
Novosphingobium ginsenosidimutans	1176536	S	664	79	743	0.00016
Novosphingobium pentaromativorans	205844	S	356	700	1056	0.00023
Rhizorhabdus wittichii	160791	S	3227	2159	5386	0.00117
Rhizorhabdus dicambivorans	1850238	S	1519	1423	2942	0.00064
Rhizorhabdus phycosphaerae	2711156	S	1197	167	1364	0.00030
Allosphingosinicella indica	941907	S	3098	445	3543	0.00077
Sphingosinithalassobacter sp. CS137	2762748	S	1371	326	1697	0.00037
Sphingosinithalassobacter tenebrarum	2711215	S	934	328	1262	0.00027
Parasphingopyxis algicola	2026624	S	1233	94	1327	0.00029
Parasphingopyxis sp. CP4	2724527	S	325	17	342	0.00007
Sphingorhabdus sp. YGSMI21	2077182	S	388	63	451	0.00010
Sphingorhabdus sp. SMR4y	2584094	S	365	61	426	0.00009
Sphingorhabdus sp. M41	1806885	S	250	33	283	0.00006
Sphingorhabdus lacus	392610	S	259	13	272	0.00006
Sphingorhabdus lutea	1913578	S	31	2	33	0.00001
Blastomonas sp. RAC04	1842535	S	304	454	758	0.00016
Blastomonas fulva	1550728	S	241	470	711	0.00015
Hankyongella ginsenosidimutans	1763828	S	1073	239	1312	0.00028
Tardibacter chloracetimidivorans	1921510	S	843	762	1605	0.00035
Citromicrobium sp. JL477	1634516	S	697	360	1057	0.00023
Novosphingopyxis iocasae	2762729	S	650	407	1057	0.00023
Parasphingorhabdus halotolerans	2725558	S	161	7	168	0.00004
Parasphingorhabdus sp. JHSY0214	2806553	S	152	9	161	0.00004
Parasphingorhabdus litoris	394733	S	120	7	127	0.00003
Aquisediminimonas profunda	1550733	S	368	16	384	0.00008
Erythrobacter sp. HL-111	1798193	S	846	179	1025	0.00022
Erythrobacter sp. JK5	2829500	S	608	197	805	0.00017
Erythrobacter sp. HKB08	2502843	S	594	144	738	0.00016
Erythrobacter sp. SDW2	2907154	S	587	172	759	0.00016
Erythrobacter sp. THAF29	2587851	S	399	101	500	0.00011
Erythrobacter sp. KY5	2011159	S	331	29	360	0.00008
Erythrobacter sp. 3-20A1M	2653850	S	303	513	816	0.00018
Erythrobacter sp. LQ02-29	2920384	S	287	346	633	0.00014
Erythrobacter sp. A30-3	2785907	S	286	245	531	0.00012
Erythrobacter sp. SCSIO 43205	2779361	S	181	38	219	0.00005
Erythrobacter litoralis	39960	S	1147	551	1698	0.00037
Erythrobacter mangrovi	2739433	S	463	179	642	0.00014
Erythrobacter neustonensis	1112	S	459	119	578	0.00013
Erythrobacter aureus	2182384	S	393	79	472	0.00010
Porphyrobacter sp. CACIAM 03H1	2003315	S	882	282	1164	0.00025
Porphyrobacter sp. LM 6	1896196	S	494	191	685	0.00015
Porphyrobacter sp. GA68	2883480	S	439	216	655	0.00014
Porphyrobacter sp. HT-58-2	2023229	S	383	98	481	0.00010
Qipengyuania flava	192812	S	1337	825	2162	0.00047
Qipengyuania sediminis	1532023	S	742	121	863	0.00019
Qipengyuania soli	2782568	S	553	113	666	0.00014
Qipengyuania aurantiaca	2867233	S	438	159	597	0.00013
Qipengyuania gelatinilytica	2867231	S	354	73	427	0.00009
Qipengyuania seohaensis	266951	S	305	71	376	0.00008
Qipengyuania psychrotolerans	2867238	S	259	37	296	0.00006
Qipengyuania xiapuensis	2867236	S	242	245	487	0.00011
Qipengyuania aquimaris	255984	S	238	244	482	0.00010
Tsuneonella amylolytica	2338327	S	976	318	1294	0.00028
Tsuneonella dongtanensis	692370	S	960	218	1178	0.00026
Tsuneonella mangrovi	1982042	S	668	116	784	0.00017
Tsuneonella flava	2055955	S	295	97	392	0.00009
Altererythrobacter sp. B11	2060312	S	1009	526	1535	0.00033
Altererythrobacter sp. TH136	2067415	S	774	163	937	0.00020
Altererythrobacter sp. BO-6	2604537	S	408	73	481	0.00010
Altererythrobacter sp. ZODW24	2185142	S	135	7	142	0.00003
Altererythrobacter epoxidivorans	361183	S	335	106	441	0.00010
Altererythrobacter ishigakiensis	476157	S	130	11	141	0.00003
Croceicoccus sp. YJ47	2798724	S	537	347	884	0.00019
Croceicoccus sp. Ery5	1703340	S	179	230	409	0.00009
Croceicoccus sp. Ery15	1703338	S	139	254	393	0.00009
Croceicoccus marinus	450378	S	1007	586	1593	0.00035
Croceicoccus naphthovorans	1348774	S	416	542	958	0.00021
Pelagerythrobacter marensis	543877	S	569	89	658	0.00014
Aurantiacibacter gangjinensis	502682	S	379	45	424	0.00009
Aurantiacibacter atlanticus	1648404	S	169	61	230	0.00005
Paraurantiacibacter namhicola	645517	S	517	76	593	0.00013
Croceibacterium atlanticum	1267766	S	458	213	671	0.00015
Sphingosinicella sp. BN140058	1892855	S	2903	306	3209	0.00070
Sphingosinicella flava	2771430	S	1452	241	1693	0.00037
Sphingosinicella microcystinivorans	335406	S	1076	157	1233	0.00027
Polymorphobacter sp. PAMC 29362	2835787	S	587	427	1014	0.00022
Polymorphobacter sp. PAMC 29334	2862331	S	580	435	1015	0.00022
Sandaracinobacter sp. M6	2759707	S	868	71	939	0.00020
Zymomonas mobilis	542	S	71	45	116	0.00003
Azospirillum sp. B510	137722	S	1196	494	1690	0.00037
Azospirillum sp. TSH100	652764	S	1004	509	1513	0.00033
Azospirillum sp. TSA2s	709810	S	870	739	1609	0.00035
Azospirillum sp. TSH58	664962	S	685	1026	1711	0.00037
Azospirillum brasilense	192	S	3753	3711	7464	0.00162
Azospirillum thermophilum	2202148	S	2930	780	3710	0.00081
Azospirillum thiophilum	528244	S	1387	520	1907	0.00041
Azospirillum ramasamyi	682998	S	890	583	1473	0.00032
Azospirillum humicireducens	1226968	S	747	495	1242	0.00027
Azospirillum lipoferum	193	S	689	576	1265	0.00027
Azospirillum oryzae	286727	S	684	668	1352	0.00029
Azospirillum baldaniorum	1064539	S	439	999	1438	0.00031
Skermanella mucosa	1789672	S	1442	1143	2585	0.00056
Skermanella sp. TT6	2775420	S	1292	1507	2799	0.00061
Skermanella rosea	1817965	S	1194	1236	2430	0.00053
Skermanella pratensis	2233999	S	1169	741	1910	0.00041
Nitrospirillum amazonense	28077	S	1728	242	1970	0.00043
Indioceanicola profundi	2220096	S	1545	257	1802	0.00039
Niveispirillum cyanobacteriorum	1612173	S	743	95	838	0.00018
Roseomonas sp. OT10	2897332	S	2609	714	3323	0.00072
Roseomonas sp. S08	1750527	S	2305	162	2467	0.00054
Roseomonas sp. FDAARGOS_362	2018065	S	171	983	1154	0.00025
Roseomonas gilardii	257708	S	1834	918	2752	0.00060
Roseomonas haemaphysalidis	2768162	S	1712	220	1932	0.00042
Roseomonas marmotae	2768161	S	1568	198	1766	0.00038
Roseomonas mucosa	207340	S	134	898	1032	0.00022
Rhodovastum atsumiense	504468	S	2291	262	2553	0.00055
Komagataeibacter xylinus	28448	S	516	878	1394	0.00030
Komagataeibacter saccharivorans	265959	S	206	75	281	0.00006
Komagataeibacter nataicola	265960	S	139	63	202	0.00004
Komagataeibacter europaeus	33995	S	128	63	191	0.00004
Komagataeibacter oboediens	65958	S	128	63	191	0.00004
Komagataeibacter medellinensis	1177712	S	117	96	213	0.00005
Komagataeibacter rhaeticus	215221	S	12	190	202	0.00004
Roseococcus microcysteis	2771361	S	1632	165	1797	0.00039
Acidiphilium multivorum	62140	S	339	1623	1962	0.00043
Acidiphilium cryptum	524	S	72	520	592	0.00013
Sediminicoccus rosea	1225128	S	1224	68	1292	0.00028
Acidibrevibacterium fodinaquatile	1969806	S	1111	112	1223	0.00027
Lichenicola cladoniae	1484109	S	1020	54	1074	0.00023
Acetobacter aceti	435	S	470	177	647	0.00014
Acetobacter sp. KACC 21233	2592655	S	101	22	123	0.00003
Acetobacter persici	1076596	S	67	9	76	0.00002
Acetobacter ghanensis	431306	S	63	16	79	0.00002
Acetobacter pasteurianus	438	S	57	131	188	0.00004
Acetobacter senegalensis	446692	S	24	33	57	0.00001
Acetobacter orientalis	146474	S	23	3	26	0.00001
Acetobacter ascendens	481146	S	23	28	51	0.00001
Acetobacter tropicalis	104102	S	17	22	39	0.00001
Gluconacetobacter diazotrophicus	33996	S	730	160	890	0.00019
Gluconobacter oxydans	442	S	250	267	517	0.00011
Gluconobacter albidus	318683	S	124	23	147	0.00003
Gluconobacter sphaericus	574987	S	86	21	107	0.00002
Gluconobacter frateurii	38308	S	65	17	82	0.00002
Gluconobacter thailandicus	257438	S	24	18	42	0.00001
Granulibacter bethesdensis	364410	S	439	41	480	0.00010
Asaia bogorensis	91915	S	331	61	392	0.00009
Neoasaia chiangmaiensis	320497	S	306	64	370	0.00008
Kozakia baliensis	153496	S	199	72	271	0.00006
Novacetimonas hansenii	436	S	174	84	258	0.00006
Oecophyllibacter saccharovorans	2558360	S	173	6	179	0.00004
Parasaccharibacter sp. TMW 2.1888	2268025	S	10	63	73	0.00002
Swingsia sp. F3b2	2558361	S	50	1	51	0.00001
Neokomagataea tanensis	661191	S	28	5	33	0.00001
Entomobacter blattae	2762277	S	17	1	18	0.00000
Hypericibacter adhaerens	2602016	S	5714	1164	6878	0.00149
Hypericibacter terrae	2602015	S	4326	696	5022	0.00109
Magnetospirillum sp. XM-1	1663591	S	985	355	1340	0.00029
Magnetospirillum sp. ME-1	1639348	S	773	302	1075	0.00023
Magnetospirillum gryphiswaldense	55518	S	1130	103651	104781	0.02274
Magnetospirillum magneticum	84159	S	923	113	1036	0.00022
Rhodospirillum centenum	34018	S	2001	324	2325	0.00050
Rhodospirillum rubrum	1085	S	986	84	1070	0.00023
Ferrovibrio terrae	2594003	S	2288	167	2455	0.00053
Tistrella mobilis	171437	S	1935	1048	2983	0.00065
Defluviicoccus vanus	111831	S	983	100	1083	0.00024
Pararhodospirillum photometricum	1084	S	608	53	661	0.00014
Haematospirillum jordaniae	1549855	S	107	10	117	0.00003
Candidatus Endolissoclinum faulkneri	1263979	S	44	0	44	0.00001
Stella humosa	94	S	5025	404	5429	0.00118
Elioraea tepida	2843330	S	1983	114	2097	0.00046
Thalassospira sp. A40-3	2785908	S	115	53	168	0.00004
Thalassospira sp. B30-1	2785911	S	60	105	165	0.00004
Thalassospira marina	2048283	S	132	10	142	0.00003
Thalassospira indica	1891279	S	112	80	192	0.00004
Thalassospira xiamenensis	220697	S	46	77	123	0.00003
Magnetospira sp. QH-2	1288970	S	432	16	448	0.00010
Terasakiella sp. SH-1	2560057	S	59	1	60	0.00001
Paracoccus sp. MC1862	2760307	S	563	70	633	0.00014
Paracoccus sp. AK26	2589076	S	529	103	632	0.00014
Paracoccus sp. MA	2895796	S	495	298	793	0.00017
Paracoccus sp. S8-55	2903900	S	297	45	342	0.00007
Paracoccus sp. H4-D09	2812658	S	296	71	367	0.00008
Paracoccus sp. Arc7-R13	2500532	S	176	200	376	0.00008
Paracoccus sanguinis	1545044	S	923	281	1204	0.00026
Paracoccus liaowanqingii	2560053	S	633	84	717	0.00016
Paracoccus yeei	147645	S	611	1069	1680	0.00036
Paracoccus denitrificans	266	S	600	319	919	0.00020
Paracoccus zhejiangensis	1077935	S	554	154	708	0.00015
Paracoccus aminovorans	34004	S	552	183	735	0.00016
Paracoccus pantotrophus	82367	S	527	341	868	0.00019
Paracoccus suum	2259340	S	489	101	590	0.00013
Paracoccus contaminans	1945662	S	447	117	564	0.00012
Paracoccus jeotgali	2065379	S	442	99	541	0.00012
Paracoccus aminophilus	34003	S	415	48	463	0.00010
Paracoccus tegillarcae	1529068	S	265	18	283	0.00006
Paracoccus kondratievae	135740	S	232	51	283	0.00006
Paracoccus marcusii	59779	S	147	148	295	0.00006
Paracoccus mutanolyticus	1499308	S	59	218	277	0.00006
Cereibacter sphaeroides	1063	S	1958	872	2830	0.00061
Cereibacter azotoformans	43057	S	189	685	874	0.00019
Rhodobacter sp. CZR27	2033869	S	762	283	1045	0.00023
Rhodobacter sp. N10	2807096	S	653	92	745	0.00016
Rhodobacter sp. LPB0142	1850250	S	569	469	1038	0.00023
Rhodobacter capsulatus	1061	S	722	173	895	0.00019
Rhodovulum sp. P5	1564506	S	434	56	490	0.00011
Rhodovulum sp. MB263	308754	S	363	149	512	0.00011
Rhodovulum sulfidophilum	35806	S	576	400	976	0.00021
Paroceanicella profunda	2579971	S	1417	434	1851	0.00040
Polymorphum gilvum	991904	S	1407	401	1808	0.00039
Pikeienuella piscinae	2748098	S	1035	114	1149	0.00025
Pontivivens ytuae	2789856	S	876	78	954	0.00021
Thioclava electrotropha	1549850	S	378	100	478	0.00010
Thioclava nitratireducens	1915078	S	359	133	492	0.00011
Silicimonas algicola	1826607	S	802	56	858	0.00019
Pelagovum pacificum	2588711	S	753	110	863	0.00019
Frigidibacter mobilis	1335048	S	620	308	928	0.00020
Pukyongiella litopenaei	2605946	S	529	149	678	0.00015
Brevirhabdus pacifica	1267768	S	518	285	803	0.00017
Haematobacter massiliensis	195105	S	453	211	664	0.00014
Gymnodinialimonas ceratoperidinii	2856823	S	452	50	502	0.00011
Fuscovulum blasticum	1075	S	411	61	472	0.00010
Falsirhodobacter sp. PG104	2692330	S	403	68	471	0.00010
Pacificitalea manganoxidans	1411902	S	364	94	458	0.00010
Pseudopuniceibacterium antarcticum	2613965	S	357	33	390	0.00008
Tabrizicola piscis	2494374	S	356	38	394	0.00009
Gemmobacter aquarius	2169400	S	352	86	438	0.00010
Pseudooceanicola algae	1537215	S	330	38	368	0.00008
Monaibacterium sp. h42	2758038	S	324	88	412	0.00009
Roseicitreum antarcticum	564137	S	285	17	302	0.00007
Tritonibacter mobilis	379347	S	236	124	360	0.00008
Rhodophyticola sp. CCM32	2916397	S	207	7	214	0.00005
Yoonia vestfoldensis	245188	S	193	51	244	0.00005
Qingshengfaniella alkalisoli	2599296	S	180	11	191	0.00004
Rhodobaca barguzinensis	441209	S	179	9	188	0.00004
Pseudohalocynthiibacter aestuariivivens	1591409	S	174	40	214	0.00005
Profundibacter amoris	2171755	S	147	6	153	0.00003
Pseudorhodobacter turbinis	2500533	S	124	9	133	0.00003
Cognatishimia activa	1715691	S	104	5	109	0.00002
Parasedimentitalea marina	2483033	S	103	5	108	0.00002
Aestuarium zhoushanense	2820523	S	95	45	140	0.00003
Planktomarina temperata	1284658	S	51	1	52	0.00001
Roseovarius sp. SCSIO 43702	2823043	S	723	65	788	0.00017
Roseovarius sp. THAF9	2587847	S	295	80	375	0.00008
Roseovarius sp. THAF8	2587846	S	136	225	361	0.00008
Roseovarius sp. THAF27	2587850	S	120	214	334	0.00007
Roseovarius sp. TM1035	391613	S	58	120	178	0.00004
Roseovarius indicus	540747	S	789	283	1072	0.00023
Roseovarius faecimaris	2494550	S	290	14	304	0.00007
Roseovarius mucosus	215743	S	55	115	170	0.00004
Sulfitobacter sp. THAF37	2587855	S	289	136	425	0.00009
Sulfitobacter sp. JK7-1	2829501	S	286	17	303	0.00007
Sulfitobacter sp. D7	1968541	S	156	65	221	0.00005
Sulfitobacter sp. JL08	2070369	S	141	3	144	0.00003
Sulfitobacter sp. SK011	1389004	S	114	3	117	0.00003
Sulfitobacter sp. SK012	1389005	S	100	2	102	0.00002
Sulfitobacter sp. DSM 110093	2883127	S	91	28	119	0.00003
Sulfitobacter sp. BSw21498	664426	S	86	15	101	0.00002
Sulfitobacter sp. SK025	1389011	S	44	99	143	0.00003
Sulfitobacter sp. CB2047	1525218	S	27	81	108	0.00002
Sulfitobacter sp. B30-2	2785912	S	20	46	66	0.00001
Sulfitobacter alexandrii	1917485	S	477	273	750	0.00016
Sulfitobacter mediterraneus	83219	S	221	25	246	0.00005
Sulfitobacter indolifex	225422	S	132	33	165	0.00004
Sulfitobacter dubius	218673	S	109	53	162	0.00004
Sulfitobacter pontiacus	60137	S	54	132	186	0.00004
Salipiger profundus	1229727	S	871	443	1314	0.00029
Salipiger abyssi	1250539	S	667	305	972	0.00021
Salipiger sp. CCB-MM3	1792508	S	564	92	656	0.00014
Roseivivax sp. THAF30	2587852	S	492	157	649	0.00014
Roseivivax sp. THAF40	2587858	S	10	425	435	0.00009
Roseivivax marinus	1379903	S	864	160	1024	0.00022
Celeribacter indicus	1208324	S	735	403	1138	0.00025
Celeribacter ethanolicus	1758178	S	269	103	372	0.00008
Celeribacter baekdonensis	875171	S	121	36	157	0.00003
Celeribacter marinus	1397108	S	82	3	85	0.00002
Phaeobacter gallaeciensis	60890	S	356	170	526	0.00011
Phaeobacter inhibens	221822	S	270	123	393	0.00009
Phaeobacter piscinae	1580596	S	119	112	231	0.00005
Phaeobacter porticola	1844006	S	58	20	78	0.00002
Phaeobacter sp. LSS9	681157	S	22	38	60	0.00001
Leisingera aquaemixtae	1396826	S	372	74	446	0.00010
Leisingera sp. NJS201	2508306	S	103	145	248	0.00005
Leisingera sp. NJS204	2508307	S	78	116	194	0.00004
Leisingera methylohalidivorans	133924	S	240	57	297	0.00006
Ruegeria sp. TM1040	292414	S	157	30	187	0.00004
Ruegeria sp. AD91A	2293862	S	112	13	125	0.00003
Ruegeria sp. SCSIO 43209	2793010	S	102	21	123	0.00003
Ruegeria sp. THAF33	2587853	S	100	28	128	0.00003
Ruegeria pomeroyi	89184	S	401	95	496	0.00011
Sagittula sp. P11	2009329	S	768	361	1129	0.00025
Sulfitobacter pseudonitzschiae	1402135	S	544	213	757	0.00016
Pseudosulfitobacter sp. DSM 107133	2883100	S	167	74	241	0.00005
Yangia pacifica	311180	S	755	146	901	0.00020
Ponticoccus alexandrii	1943633	S	534	92	626	0.00014
Dinoroseobacter shibae	215813	S	509	211	720	0.00016
Mameliella alba	561184	S	488	103	591	0.00013
Roseobacter ponti	1891787	S	193	5	198	0.00004
Roseobacter denitrificans	2434	S	159	19	178	0.00004
Roseobacter litoralis	42443	S	107	14	121	0.00003
Ketogulonicigenium vulgare	92945	S	241	30	271	0.00006
Ketogulonicigenium robustum	92947	S	171	21	192	0.00004
Octadecabacter sp. SW4	2602067	S	170	28	198	0.00004
Octadecabacter arcticus	53946	S	84	8	92	0.00002
Octadecabacter antarcticus	1217908	S	81	7	88	0.00002
Octadecabacter temperatus	1458307	S	57	1	58	0.00001
Roseibacterium elongatum	159346	S	391	38	429	0.00009
Actibacterium sp. EMB200-NS6	1609966	S	376	208	584	0.00013
Oceanicola sp. D3	2587163	S	375	22	397	0.00009
Tateyamaria omphalii	299262	S	297	11	308	0.00007
Antarctobacter heliothermus	74033	S	280	16	296	0.00006
Thalassococcus sp. S3	2017482	S	264	7	271	0.00006
Maribius sp. THAF1	2587842	S	253	15	268	0.00006
Jannaschia sp. CCS1	290400	S	228	7	235	0.00005
Thalassobius gelatinovorus	53501	S	166	10	176	0.00004
Falsihalocynthiibacter arcticus	1579316	S	59	2	61	0.00001
Caulobacter sp. S6	2823693	S	2089	252	2341	0.00051
Caulobacter sp. FWC26	69665	S	759	368	1127	0.00024
Caulobacter segnis	88688	S	2343	1007	3350	0.00073
Caulobacter mirabilis	69666	S	1959	407	2366	0.00051
Caulobacter flavus	1679497	S	1563	486	2049	0.00044
Caulobacter vibrioides	155892	S	1509	691	2200	0.00048
Caulobacter rhizosphaerae	2010972	S	1284	414	1698	0.00037
Caulobacter soli	2708539	S	1119	395	1514	0.00033
Caulobacter henricii	69395	S	580	109	689	0.00015
Brevundimonas sp. M20	2591463	S	708	119	827	0.00018
Brevundimonas sp. PAMC22021	2861285	S	685	163	848	0.00018
Brevundimonas sp. LM2	1938605	S	619	115	734	0.00016
Brevundimonas sp. MF30-B	2561924	S	594	102	696	0.00015
Brevundimonas sp. AJA228-03	2752515	S	475	68	543	0.00012
Brevundimonas sp. CS1	2813778	S	162	173	335	0.00007
Brevundimonas sp. SGAir0440	2579977	S	155	161	316	0.00007
Brevundimonas sp. 'scallop'	2562582	S	133	251	384	0.00008
Brevundimonas sp. DS20	1532555	S	122	319	441	0.00010
Brevundimonas sp. GW460-12-10-14-LB2	1827469	S	111	209	320	0.00007
Brevundimonas sp. Bb-A	2560058	S	105	224	329	0.00007
Brevundimonas naejangsanensis	588932	S	1095	408	1503	0.00033
Brevundimonas albigilva	1312364	S	748	451	1199	0.00026
Brevundimonas goettingensis	2774190	S	725	123	848	0.00018
Brevundimonas subvibrioides	74313	S	566	110	676	0.00015
Brevundimonas pondensis	2774189	S	491	163	654	0.00014
Brevundimonas vitisensis	2800818	S	444	59	503	0.00011
Brevundimonas diminuta	293	S	403	826	1229	0.00027
Brevundimonas mediterranea	74329	S	390	163	553	0.00012
Brevundimonas nasdae	172043	S	378	276	654	0.00014
Brevundimonas vesicularis	41276	S	130	311	441	0.00010
Brevundimonas vancanneytii	1325724	S	88	369	457	0.00010
Phenylobacterium zucineum	284016	S	6977	1563	8540	0.00185
Phenylobacterium parvum	2201350	S	1255	149	1404	0.00030
Terricaulis silvestris	2686094	S	3016	118	3134	0.00068
Asticcacaulis excentricus	78587	S	517	82	599	0.00013
Asticcacaulis sp. AND118	2840468	S	462	70	532	0.00012
Candidatus Viadribacter manganicus	1759059	S	1695	50	1745	0.00038
Hyphomonas sp. CACIAM 19H1	1873716	S	384	61	445	0.00010
Hyphomonas sp. Mor2	1906738	S	209	4	213	0.00005
Hyphomonas sp. KY3	2016196	S	190	23	213	0.00005
Hyphomonas neptunium	81032	S	342	40	382	0.00008
Hirschia baltica	2724	S	16	0	16	0.00000
Marinicauda algicola	2029849	S	1136	215	1351	0.00029
Glycocaulis alkaliphilus	1434191	S	393	22	415	0.00009
Maricaulis maris	74318	S	378	27	405	0.00009
Hyphobacterium sp. CCMP332	2749086	S	265	12	277	0.00006
Aquisalinus flavus	1526572	S	485	27	512	0.00011
Parvularcula bermudensis	208216	S	166	22	188	0.00004
Micavibrio aeruginosavorus	349221	S	313	4	317	0.00007
Candidatus Puniceispirillum marinum	767892	S	43	1	44	0.00001
Rickettsia tillamookensis	2761623	S	31	25	56	0.00001
Orientia tsutsugamushi	784	S	14	2	16	0.00000
Candidatus Phycorickettsia trachydisci	2115978	S	24	2	26	0.00001
Anaplasma ovis	142058	S	25	12	37	0.00001
Anaplasma platys	949	S	21	4	25	0.00001
Ehrlichia ruminantium	779	S	14	5	19	0.00000
Rickettsiales endosymbiont of Stachyamoeba lipophora	2486578	S	13	2	15	0.00000
Luteithermobacter gelatinilyticus	2582913	S	175	34	209	0.00005
Paremcibacter congregatus	2043170	S	163	5	168	0.00004
Candidatus Hydrogenosomobacter endosymbioticus	2558174	S	21	0	21	0.00000
endosymbiont of Acanthamoeba sp. UWC8	86106	S	12	0	12	0.00000
Candidatus Paracaedibacter acanthamoebae	91604	S	29	4	33	0.00001
Candidatus Nucleicultrix amoebiphila	1509244	S	27	3	30	0.00001
Magnetococcus marinus	1124597	S	73	2	75	0.00002
Candidatus Pelagibacter sp. RS40	1977865	S	12	6	18	0.00000
Candidatus Fonsibacter ubiquis	1925548	S	17	1	18	0.00000
Kordiimonas pumila	2161677	S	38	0	38	0.00001
Burkholderia multivorans	87883	S	2369	1359	3728	0.00081
Burkholderia ubonensis	101571	S	2175	1911	4086	0.00089
Burkholderia cenocepacia	95486	S	1608	6926	8534	0.00185
Burkholderia cepacia	292	S	1377	1655	3032	0.00066
Burkholderia pyrrocinia	60550	S	881	679	1560	0.00034
Burkholderia contaminans	488447	S	783	694	1477	0.00032
Burkholderia ambifaria	152480	S	710	855	1565	0.00034
Burkholderia stagnalis	1503054	S	697	328	1025	0.00022
Burkholderia dolosa	152500	S	688	302	990	0.00021
Burkholderia anthina	179879	S	663	815	1478	0.00032
Burkholderia lata	482957	S	537	688	1225	0.00027
Burkholderia stabilis	95485	S	537	526	1063	0.00023
Burkholderia territorii	1503055	S	509	341	850	0.00018
Burkholderia seminalis	488731	S	420	273	693	0.00015
Burkholderia vietnamiensis	60552	S	400	1467	1867	0.00041
Burkholderia metallica	488729	S	274	184	458	0.00010
Burkholderia diffusa	488732	S	244	168	412	0.00009
Burkholderia pseudomultivorans	1207504	S	182	293	475	0.00010
Burkholderia latens	488446	S	101	324	425	0.00009
Burkholderia aenigmatica	2015348	S	86	260	346	0.00008
Burkholderia pseudomallei	28450	S	1012	16619	17631	0.00383
Burkholderia mayonis	1385591	S	678	188	866	0.00019
Burkholderia thailandensis	57975	S	655	1617	2272	0.00049
Burkholderia oklahomensis	342113	S	472	625	1097	0.00024
Burkholderia savannae	1637837	S	99	118	217	0.00005
Burkholderia sp. MSMB1588	1636423	S	49	153	202	0.00004
Burkholderia sp. MSMB617WGS	1637831	S	47	110	157	0.00003
Burkholderia mallei	13373	S	35	4044	4079	0.00089
Burkholderia sp. DHOD12	2571746	S	1235	180	1415	0.00031
Burkholderia sp. Bp7605	1740163	S	683	125	808	0.00018
Burkholderia sp. NRF60-BP8	1637853	S	260	187	447	0.00010
Burkholderia sp. MSMB0856	1637869	S	221	177	398	0.00009
Burkholderia sp. LA-2-3-30-S1-D2	1637862	S	209	153	362	0.00008
Burkholderia sp. JP2-270	2217913	S	183	155	338	0.00007
Burkholderia sp. PAMC 26561	1795043	S	181	242	423	0.00009
Burkholderia sp. MS455	2811788	S	145	136	281	0.00006
Burkholderia sp. PAMC 28687	1795874	S	144	295	439	0.00010
Burkholderia sp. IDO3	1705310	S	106	214	320	0.00007
Burkholderia sp. KBS0801	1179675	S	46	134	180	0.00004
Burkholderia sp. LAS2	2813843	S	41	279	320	0.00007
Burkholderia sp. MS389	2811789	S	21	231	252	0.00005
Burkholderia sp. MBR-1	2732364	S	20	125	145	0.00003
Burkholderia sp. KJ006	416344	S	18	175	193	0.00004
Burkholderia gladioli	28095	S	2690	1156	3846	0.00083
Burkholderia glumae	337	S	997	448	1445	0.00031
Burkholderia plantarii	41899	S	697	345	1042	0.00023
Burkholderia perseverans	2615214	S	521	277	798	0.00017
Cupriavidus taiwanensis	164546	S	4290	4073	8363	0.00181
Cupriavidus pauculus	82633	S	3754	1995	5749	0.00125
Cupriavidus basilensis	68895	S	1892	1277	3169	0.00069
Cupriavidus oxalaticus	96344	S	1890	1014	2904	0.00063
Cupriavidus sp. EM10	2839983	S	796	573	1369	0.00030
Cupriavidus sp. MP-37	2884455	S	494	595	1089	0.00024
Cupriavidus sp. KK10	1478019	S	154	523	677	0.00015
Cupriavidus sp. ISTL7	2771360	S	146	1078	1224	0.00027
Cupriavidus sp. USMAA2-4	876364	S	88	719	807	0.00018
Cupriavidus sp. USMAHM13	1389192	S	73	592	665	0.00014
Cupriavidus necator	106590	S	1671	1577	3248	0.00070
Cupriavidus campinensis	151783	S	1525	675	2200	0.00048
Cupriavidus metallidurans	119219	S	1086	848	1934	0.00042
Cupriavidus pinatubonensis	248026	S	1065	228	1293	0.00028
Cupriavidus gilardii	82541	S	488	2853	3341	0.00073
Cupriavidus neocaledonicus	1040979	S	366	520	886	0.00019
Cupriavidus nantongensis	1796606	S	305	974	1279	0.00028
Cupriavidus malaysiensis	367825	S	89	670	759	0.00016
Paraburkholderia sp. SOS3	1926494	S	1057	192	1249	0.00027
Paraburkholderia sp. PGU16	2735433	S	444	289	733	0.00016
Paraburkholderia sp. PGU19	2735434	S	337	337	674	0.00015
Paraburkholderia pallida	2547399	S	1349	306	1655	0.00036
Paraburkholderia acidisoli	2571748	S	1058	241	1299	0.00028
Paraburkholderia aromaticivorans	2026199	S	1054	552	1606	0.00035
Paraburkholderia caribensis	75105	S	1027	888	1915	0.00042
Paraburkholderia tropica	92647	S	976	275	1251	0.00027
Paraburkholderia edwinii	2861782	S	935	159	1094	0.00024
Paraburkholderia acidiphila	2571747	S	933	229	1162	0.00025
Paraburkholderia terricola	169427	S	841	305	1146	0.00025
Paraburkholderia atlantica	2654982	S	805	241	1046	0.00023
Paraburkholderia phytofirmans	261302	S	797	418	1215	0.00026
Paraburkholderia phymatum	148447	S	782	238	1020	0.00022
Paraburkholderia sprentiae	948107	S	744	200	944	0.00020
Paraburkholderia phenoliruptrix	252970	S	739	255	994	0.00022
Paraburkholderia graminis	60548	S	700	209	909	0.00020
Paraburkholderia fungorum	134537	S	684	193	877	0.00019
Paraburkholderia megapolitana	420953	S	650	79	729	0.00016
Paraburkholderia terrae	311230	S	585	772	1357	0.00029
Paraburkholderia ginsengisoli	311231	S	575	213	788	0.00017
Paraburkholderia caledonica	134536	S	532	117	649	0.00014
Paraburkholderia dokdonella	2211211	S	530	177	707	0.00015
Paraburkholderia hospita	169430	S	478	628	1106	0.00024
Paraburkholderia xenovorans	36873	S	470	707	1177	0.00026
Paraburkholderia caffeinilytica	1761016	S	456	143	599	0.00013
Paraburkholderia dioscoreae	2604047	S	327	254	581	0.00013
Ralstonia solanacearum	305	S	2396	12483	14879	0.00323
Ralstonia insidiosa	190721	S	706	641	1347	0.00029
Ralstonia sp. 56D2	2842456	S	489	90	579	0.00013
Ralstonia mannitolilytica	105219	S	464	606	1070	0.00023
Ralstonia pickettii	329	S	446	202	648	0.00014
Ralstonia syzygii	28097	S	37	82	119	0.00003
Ralstonia pseudosolanacearum	1310165	S	12	230	242	0.00005
Pandoraea pnomenusa	93220	S	1035	623	1658	0.00036
Pandoraea thiooxydans	445709	S	900	95	995	0.00022
Pandoraea pulmonicola	93221	S	837	226	1063	0.00023
Pandoraea sp. XY-2	2518599	S	602	383	985	0.00021
Pandoraea norimbergensis	93219	S	583	113	696	0.00015
Pandoraea vervacti	656178	S	552	194	746	0.00016
Pandoraea faecigallinarum	656179	S	521	169	690	0.00015
Pandoraea apista	93218	S	489	329	818	0.00018
Pandoraea fibrosis	1891094	S	420	166	586	0.00013
Pandoraea oxalativorans	573737	S	419	234	653	0.00014
Pandoraea sputorum	93222	S	367	191	558	0.00012
Caballeronia sp. Lep1P3	2878150	S	849	255	1104	0.00024
Caballeronia sp. TF1N1	2878153	S	626	94	720	0.00016
Caballeronia sp. SL2Y3	2878151	S	391	272	663	0.00014
Caballeronia sp. Sq4a	2878152	S	356	314	670	0.00015
Caballeronia sp. M1242	2814653	S	340	292	632	0.00014
Caballeronia sp. SBC2	2705547	S	36	359	395	0.00009
Caballeronia sp. SBC1	2705548	S	36	502	538	0.00012
Caballeronia zhejiangensis	871203	S	927	278	1205	0.00026
Caballeronia insecticola	758793	S	828	224	1052	0.00023
Caballeronia grimmiae	1071679	S	760	482	1242	0.00027
Lautropia mirabilis	47671	S	803	191	994	0.00022
Polynucleobacter sp. MWH-UH24A	2689110	S	29	2	31	0.00001
Polynucleobacter sp. MWH-P3-07-1	1743173	S	21	5	26	0.00001
Polynucleobacter sp. TSB-Sco08W16	1758374	S	18	4	22	0.00000
Polynucleobacter sp. AP-Nino-20-G2	2576917	S	18	7	25	0.00001
Polynucleobacter sp. MWH-Spelu-300-X4	2689109	S	17	1	18	0.00000
Polynucleobacter sp. MWH-CaK5	2689107	S	15	1	16	0.00000
Polynucleobacter sp. VK25	1758398	S	13	5	18	0.00000
Polynucleobacter sp. AP-Sving-400A-A2	2081049	S	13	12	25	0.00001
Polynucleobacter sp. MWH-Braz-FAM2G	1855883	S	13	2	15	0.00000
Polynucleobacter sp. MWH-Aus1W21	1855880	S	13	5	18	0.00000
Polynucleobacter sp. AP-Kolm-20A-A1	2081041	S	12	12	24	0.00001
Polynucleobacter sp. es-EL-1	1855652	S	12	3	15	0.00000
Polynucleobacter sp. JS-JIR-II-50	2576919	S	10	9	19	0.00000
Polynucleobacter sp. Adler-ghost	2770234	S	10	8	18	0.00000
Polynucleobacter sp. AP-Jannik-300A-C4	2576928	S	10	19	29	0.00001
Polynucleobacter sp. AP-Ainpum-60-G11	2576926	S	10	4	14	0.00000
Polynucleobacter sp. MWH-UH35A	1855619	S	10	2	12	0.00000
Polynucleobacter necessarius	576610	S	85	23	108	0.00002
Polynucleobacter asymbioticus	576611	S	28	9	37	0.00001
Polynucleobacter difficilis	556054	S	25	3	28	0.00001
Polynucleobacter acidiphobus	556053	S	20	2	22	0.00000
Polynucleobacter paneuropaeus	2527775	S	19	3	22	0.00000
Mycetohabitans rhizoxinica	412963	S	517	45	562	0.00012
Chitinimonas arctica	2594795	S	511	54	565	0.00012
Mycoavidus sp. HKI	2840467	S	55	6	61	0.00001
Mycoavidus sp. B2-EB	2651972	S	27	8	35	0.00001
Mycoavidus cysteinexigens	1553431	S	33	7	40	0.00001
Limnobacter sp. SAORIC-580	2732163	S	84	5	89	0.00002
Candidatus Vallotia cooleyia	1177211	S	27	4	31	0.00001
Candidatus Vallotia tarda	1177213	S	16	3	19	0.00000
Candidatus Vallotia lariciata	2018052	S	16	8	24	0.00001
Ephemeroptericola cinctiostellae	2268024	S	45	3	48	0.00001
Variovorax sp. HW608	1034889	S	2843	620	3463	0.00075
Variovorax sp. PBS-H4	434008	S	1561	1198	2759	0.00060
Variovorax sp. PBL-H6	434009	S	1481	1654	3135	0.00068
Variovorax sp. WDL1	207745	S	1421	2704	4125	0.00090
Variovorax sp. RA8	662548	S	1394	1319	2713	0.00059
Variovorax sp. PAMC 28711	1795631	S	1171	255	1426	0.00031
Variovorax sp. RKNM96	2681552	S	1076	495	1571	0.00034
Variovorax sp. PAMC28562	2762323	S	894	99	993	0.00022
Variovorax sp. PAMC26660	2762322	S	880	270	1150	0.00025
Variovorax sp. SRS16	282217	S	760	1899	2659	0.00058
Variovorax sp. PBL-E5	434014	S	618	1791	2409	0.00052
Variovorax sp. 38R	2774875	S	617	914	1531	0.00033
Variovorax sp. PDNC026	2811425	S	23	946	969	0.00021
Variovorax sp. PMC12	2126319	S	11	581	592	0.00013
Variovorax paradoxus	34073	S	5739	6325	12064	0.00262
Variovorax boronicumulans	436515	S	835	731	1566	0.00034
Hydrogenophaga sp. YM1	2806262	S	2038	1309	3347	0.00073
Hydrogenophaga sp. PBC	795665	S	1917	2785	4702	0.00102
Hydrogenophaga sp. BA0156	2716225	S	1744	1564	3308	0.00072
Hydrogenophaga sp. BPS33	2651974	S	1364	1316	2680	0.00058
Hydrogenophaga sp. SL48	2806347	S	975	301	1276	0.00028
Hydrogenophaga sp. RAC07	1842537	S	858	346	1204	0.00026
Hydrogenophaga sp. PBL-H3	434010	S	783	881	1664	0.00036
Hydrogenophaga sp. PAMC20947	2565558	S	431	37	468	0.00010
Hydrogenophaga sp. NH-16	2184519	S	365	962	1327	0.00029
Hydrogenophaga taeniospiralis	65656	S	884	348	1232	0.00027
Hydrogenophaga pseudoflava	47421	S	411	840	1251	0.00027
Hydrogenophaga crassostreae	1763535	S	381	31	412	0.00009
Acidovorax sp. YS12	2738413	S	844	947	1791	0.00039
Acidovorax sp. RAC01	1842533	S	572	591	1163	0.00025
Acidovorax sp. KKS102	358220	S	480	442	922	0.00020
Acidovorax sp. HDW3	2714923	S	471	439	910	0.00020
Acidovorax sp. JMULE5	2518343	S	414	145	559	0.00012
Acidovorax sp. 1608163	2478662	S	330	89	419	0.00009
Acidovorax sp. T1	1858609	S	284	1330	1614	0.00035
Acidovorax avenae	80867	S	1649	1355	3004	0.00065
Acidovorax monticola	1926868	S	1017	526	1543	0.00033
Acidovorax antarcticus	2743470	S	951	952	1903	0.00041
Acidovorax carolinensis	553814	S	599	629	1228	0.00027
Acidovorax citrulli	80869	S	566	681	1247	0.00027
Acidovorax cattleyae	80868	S	457	416	873	0.00019
Acidovorax radicis	758826	S	411	110	521	0.00011
Ramlibacter tataouinensis	94132	S	9083	4830	13913	0.00302
Comamonas sp. NLF-7-7	2597701	S	696	678	1374	0.00030
Comamonas sp. NLF-1-9	2853163	S	599	438	1037	0.00023
Comamonas sp. B21-038	2918299	S	352	109	461	0.00010
Comamonas sp. Y33R10-2	2853257	S	114	28	142	0.00003
Comamonas serinivorans	1082851	S	828	305	1133	0.00025
Comamonas aquatica	225991	S	717	901	1618	0.00035
Comamonas testosteroni	285	S	523	951	1474	0.00032
Comamonas odontotermitis	379895	S	303	78	381	0.00008
Comamonas koreensis	160825	S	291	222	513	0.00011
Comamonas thiooxydans	363952	S	239	615	854	0.00019
Comamonas piscis	1562974	S	236	58	294	0.00006
Comamonas kerstersii	225992	S	183	127	310	0.00007
Comamonas fluminis	2796366	S	165	92	257	0.00006
Schlegelella thermodepolymerans	215580	S	3547	2281	5828	0.00126
Schlegelella brevitalea	413882	S	2384	456	2840	0.00062
Rhodoferax sp. BAB1	2741720	S	1037	375	1412	0.00031
Rhodoferax sp. AJA081-3	2752316	S	304	29	333	0.00007
Rhodoferax sp. PAMC 29310	2822760	S	197	29	226	0.00005
Rhodoferax sp. MIZ03	2798804	S	166	23	189	0.00004
Rhodoferax koreense	1842727	S	1459	994	2453	0.00053
Rhodoferax sediminis	2509614	S	1241	253	1494	0.00032
Rhodoferax ferrireducens	192843	S	476	43	519	0.00011
Rhodoferax saidenbachensis	1484693	S	328	48	376	0.00008
Rhodoferax antarcticus	81479	S	217	22	239	0.00005
Rhodoferax aquaticus	2527691	S	128	17	145	0.00003
Diaphorobacter sp. HDW4A	2714924	S	601	737	1338	0.00029
Diaphorobacter sp. HDW4B	2714925	S	562	92	654	0.00014
Diaphorobacter sp. MNS-0	2866628	S	75	748	823	0.00018
Diaphorobacter sp. JS3050	2735554	S	59	777	836	0.00018
Diaphorobacter sp. JS3051	2792224	S	52	1033	1085	0.00024
Diaphorobacter ruginosibacter	1715720	S	759	181	940	0.00020
Diaphorobacter aerolatus	1288495	S	590	1186	1776	0.00039
[Acidovorax] ebreus	721785	S	79	572	651	0.00014
Diaphorobacter nitroreducens	164759	S	71	233	304	0.00007
Delftia tsuruhatensis	180282	S	719	2395	3114	0.00068
Delftia acidovorans	80866	S	509	1124	1633	0.00035
Delftia lacustris	558537	S	223	1545	1768	0.00038
Delftia sp. Cs1-4	742013	S	93	242	335	0.00007
Delftia sp. HK171	1920191	S	28	84	112	0.00002
Polaromonas sp. JS666	296591	S	967	949	1916	0.00042
Polaromonas naphthalenivorans	216465	S	676	144	820	0.00018
Polaromonas vacuolata	37448	S	97	14	111	0.00002
Kinneretia sp. DAIF2	2714952	S	1770	854	2624	0.00057
Kinneretia sp. XES5	2877940	S	497	804	1301	0.00028
Ottowia sp. 27C	2816950	S	945	229	1174	0.00025
Ottowia sp. oral taxon 894	1658672	S	338	62	400	0.00009
Ottowia oryzae	2109914	S	689	190	879	0.00019
Alicycliphilus denitrificans	179636	S	1863	3903	5766	0.00125
Melaminivora sp. SC2-9	2109913	S	843	1257	2100	0.00046
Melaminivora jejuensis	1267217	S	632	628	1260	0.00027
Serpentinimonas maccroryi	1458426	S	571	227	798	0.00017
Serpentinimonas raichei	1458425	S	493	218	711	0.00015
Hylemonella gracilis	80880	S	805	151	956	0.00021
Verminephrobacter eiseniae	364317	S	792	125	917	0.00020
Pulveribacter suum	2116657	S	690	457	1147	0.00025
Simplicispira suum	2109915	S	512	241	753	0.00016
Limnohabitans sp. 63ED37-2	1678128	S	255	35	290	0.00006
Limnohabitans sp. 103DPR2	1678129	S	99	9	108	0.00002
Candidatus Symbiobacter mobilis	1436290	S	272	12	284	0.00006
Curvibacter sp. AEP1-3	1844971	S	268	24	292	0.00006
Massilia sp. WG5	1707785	S	1634	922	2556	0.00055
Massilia sp. LPB0304	2769491	S	1253	415	1668	0.00036
Massilia sp. HC52	2852099	S	1211	439	1650	0.00036
Massilia sp. DM-R-R2A-13	2899220	S	1094	323	1417	0.00031
Massilia sp. YMA4	1593482	S	966	622	1588	0.00034
Massilia sp. NP310	2861282	S	934	764	1698	0.00037
Massilia sp. PAMC28688	2861283	S	709	140	849	0.00018
Massilia sp. MB5	2919578	S	139	743	882	0.00019
Massilia sp. NR 4-1	1678028	S	120	620	740	0.00016
Massilia sp. Dwa41.01b	2709302	S	17	940	957	0.00021
Massilia putida	1141883	S	1939	785	2724	0.00059
Massilia violaceinigra	2045208	S	1636	573	2209	0.00048
Massilia flava	871742	S	1495	464	1959	0.00043
Massilia plicata	321984	S	1037	344	1381	0.00030
Massilia umbonata	864828	S	1030	514	1544	0.00034
Massilia albidiflava	321983	S	1014	501	1515	0.00033
Massilia lutea	321985	S	957	366	1323	0.00029
Massilia armeniaca	2072590	S	908	588	1496	0.00032
Massilia oculi	945844	S	876	684	1560	0.00034
Massilia antarctica	2765360	S	794	362	1156	0.00025
Duganella sp. GN2-R2	2728020	S	1325	711	2036	0.00044
Duganella sp. AF9R3	2728021	S	800	214	1014	0.00022
Herbaspirillum robiniae	2014887	S	1032	503	1535	0.00033
Herbaspirillum seropedicae	964	S	654	313	967	0.00021
Herbaspirillum frisingense	92645	S	646	269	915	0.00020
Herbaspirillum hiltneri	341045	S	588	132	720	0.00016
Herbaspirillum rubrisubalbicans	80842	S	525	298	823	0.00018
Herbaspirillum huttiense	863372	S	409	216	625	0.00014
Herbaspirillum sp. meg3	2025949	S	340	51	391	0.00009
Janthinobacterium sp. 17J80-10	2497863	S	542	105	647	0.00014
Janthinobacterium sp. 1_2014MBL_MicDiv	1644131	S	493	212	705	0.00015
Janthinobacterium sp. LM6	1938606	S	246	169	415	0.00009
Janthinobacterium sp. Marseille	375286	S	156	51	207	0.00004
Janthinobacterium sp. PAMC25594	2861284	S	143	98	241	0.00005
Janthinobacterium sp. HH102	1537274	S	115	203	318	0.00007
Janthinobacterium sp. B9-8	1236179	S	44	18	62	0.00001
Janthinobacterium agaricidamnosum	55508	S	706	1276	1982	0.00043
Janthinobacterium tructae	2590869	S	169	102	271	0.00006
Janthinobacterium lividum	29581	S	153	177	330	0.00007
Janthinobacterium svalbardensis	368607	S	135	79	214	0.00005
Collimonas fungivorans	158899	S	724	241	965	0.00021
Collimonas arenae	279058	S	525	84	609	0.00013
Collimonas pratensis	279113	S	507	126	633	0.00014
Noviherbaspirillum sp. UKPF54	2601898	S	1379	309	1688	0.00037
Undibacterium sp. YM2	2058625	S	65	28	93	0.00002
Undibacterium sp. KW1	2058624	S	57	25	82	0.00002
Undibacterium parvum	401471	S	78	12	90	0.00002
Herminiimonas arsenitoxidans	1809410	S	111	22	133	0.00003
Glaciimonas sp. PAMC28666	2807626	S	109	9	118	0.00003
Oxalobacter formigenes	847	S	72	8	80	0.00002
Bordetella bronchialis	463025	S	2130	365	2495	0.00054
Bordetella sp. H567	1697043	S	1169	177	1346	0.00029
Bordetella sp. N	1746199	S	918	135	1053	0.00023
Bordetella genomosp. 13	463040	S	1278	1187	2465	0.00053
Bordetella genomosp. 8	1416806	S	1265	192	1457	0.00032
Bordetella genomosp. 9	1416803	S	1121	374	1495	0.00032
Bordetella flabilis	463014	S	1097	120	1217	0.00026
Bordetella petrii	94624	S	993	1764	2757	0.00060
Bordetella hinzii	103855	S	858	469	1327	0.00029
Bordetella trematum	123899	S	630	349	979	0.00021
Bordetella pseudohinzii	1331258	S	496	276	772	0.00017
Bordetella bronchiseptica	518	S	484	1678	2162	0.00047
Bordetella holmesii	35814	S	329	131	460	0.00010
Bordetella avium	521	S	286	42	328	0.00007
Bordetella genomosp. 6	463024	S	143	263	406	0.00009
Bordetella pertussis	520	S	91	7596	7687	0.00167
Bordetella parapertussis	519	S	48	524	572	0.00012
Achromobacter xylosoxidans	85698	S	2699	5489	8188	0.00178
Achromobacter sp. AONIH1	1758194	S	944	1556	2500	0.00054
Achromobacter sp. MFA1 R4	1881016	S	783	285	1068	0.00023
Achromobacter sp. 77	2756133	S	124	338	462	0.00010
Achromobacter sp. B7	2282475	S	113	297	410	0.00009
Achromobacter sp. ES-001	2860286	S	91	339	430	0.00009
Achromobacter spanius	217203	S	1487	757	2244	0.00049
Achromobacter denitrificans	32002	S	1300	1142	2442	0.00053
Achromobacter deleyi	1353891	S	915	768	1683	0.00037
Achromobacter insolitus	217204	S	658	225	883	0.00019
Achromobacter pestifer	1353889	S	525	443	968	0.00021
Achromobacter mucicolens	1389922	S	181	302	483	0.00010
Achromobacter ruhlandii	72557	S	13	651	664	0.00014
Pigmentiphaga sp. H8	2488560	S	1931	331	2262	0.00049
Pigmentiphaga aceris	1940612	S	507	47	554	0.00012
Orrella dioscoreae	1851544	S	973	450	1423	0.00031
Orrella marina	2163011	S	144	29	173	0.00004
Orrella sp. f23	2782176	S	62	4	66	0.00001
Castellaniella defragrans	75697	S	1153	1023	2176	0.00047
Alcaligenes faecalis	511	S	221	219	440	0.00010
Alcaligenes sp. SORT26	2813780	S	52	11	63	0.00001
Alcaligenes sp. DN25	1367435	S	13	32	45	0.00001
Alcaligenes aquatilis	323284	S	38	155	193	0.00004
Pusillimonas thiosulfatoxidans	2028345	S	293	99	392	0.00009
Pusillimonas sp. T7-7	1007105	S	175	35	210	0.00005
Pusillimonas sp. DMV24BSW_D	2716226	S	102	9	111	0.00002
Kerstersia gyiorum	206506	S	306	85	391	0.00008
Paralcaligenes sp. KSB-10	2901142	S	296	15	311	0.00007
Advenella kashmirensis	310575	S	131	8	139	0.00003
Advenella mimigardefordensis	302406	S	117	7	124	0.00003
Oligella urethralis	90245	S	31	3	34	0.00001
Oligella ureolytica	90244	S	21	17	38	0.00001
Paenalcaligenes hominis	643674	S	23	1	24	0.00001
Basilea psittacipulmonis	1472345	S	13	1	14	0.00000
Rhizobacter sp. AJA081-3	2753607	S	2637	925	3562	0.00077
Rhizobacter gummiphilus	946333	S	2410	656	3066	0.00067
Sphaerotilus sp. FB-5	2914710	S	1589	1344	2933	0.00064
Sphaerotilus natans	34103	S	1456	781	2237	0.00049
Methylibium sp. Pch-M	2082386	S	920	983	1903	0.00041
Methylibium petroleiphilum	105560	S	872	1036	1908	0.00041
Rubrivivax gelatinosus	28068	S	2601	1118	3719	0.00081
Thiomonas sp. X19	1050370	S	908	355	1263	0.00027
Thiomonas intermedia	926	S	566	96	662	0.00014
Thiomonas arsenitoxydans	426114	S	210	368	578	0.00013
Aquincola tertiaricarbonis	391953	S	1906	908	2814	0.00061
Leptothrix cholodnii	34029	S	1742	766	2508	0.00054
Mitsuaria sp. 7	1658665	S	1695	463	2158	0.00047
Xylophilus rhododendri	2697032	S	1339	549	1888	0.00041
Tepidimonas taiwanensis	307486	S	1162	579	1741	0.00038
Aquabacterium olei	1296669	S	997	368	1365	0.00030
Ideonella dechloratans	36863	S	957	803	1760	0.00038
Roseateles depolymerans	76731	S	755	199	954	0.00021
Inhella inkyongensis	392593	S	545	120	665	0.00014
Paucibacter sp. KCTC 42545	1768242	S	422	102	524	0.00011
Candidatus Ichthyocystis hellenicum	1561003	S	15	0	15	0.00000
Sutterella megalosphaeroides	2494234	S	346	76	422	0.00009
Sutterella faecalis	2584944	S	290	51	341	0.00007
Sutterella wadsworthensis	40545	S	123	18	141	0.00003
Turicimonas muris	1796652	S	60	5	65	0.00001
Thauera sp. MZ1T	85643	S	1749	2331	4080	0.00089
Thauera sp. K11	2005884	S	1623	1268	2891	0.00063
Thauera humireducens	1134435	S	1068	804	1872	0.00041
Thauera chlorobenzoica	96773	S	874	994	1868	0.00041
Thauera aromatica	59405	S	750	1318	2068	0.00045
Thauera hydrothermalis	2184083	S	471	183	654	0.00014
Azoarcus sp. KH32C	748247	S	1697	407	2104	0.00046
Azoarcus sp. DD4	2027405	S	1283	1070	2353	0.00051
Azoarcus olearius	418699	S	1481	711	2192	0.00048
Azoarcus communis	41977	S	1043	523	1566	0.00034
Nitrogeniibacter mangrovi	2016596	S	1367	374	1741	0.00038
Nitrogeniibacter aestuarii	2815343	S	542	76	618	0.00013
Aromatoleum petrolei	76116	S	1680	531	2211	0.00048
Aromatoleum aromaticum	551760	S	1396	1101	2497	0.00054
Aromatoleum pumilum	2067960	S	1187	570	1757	0.00038
Aromatoleum bremense	76115	S	1135	761	1896	0.00041
Azospira restricta	404405	S	3157	2112	5269	0.00114
Azospira inquinata	2785627	S	215	24	239	0.00005
Azospira oryzae	146939	S	189	508	697	0.00015
Azospira sp. I09	1765049	S	184	624	808	0.00018
Niveibacterium microcysteis	2811415	S	1044	198	1242	0.00027
Oryzomicrobium terrae	1735038	S	803	273	1076	0.00023
Rugosibacter aromaticivorans	1565605	S	187	43	230	0.00005
Dechloromonas denitrificans	281362	S	1007	297	1304	0.00028
Dechloromonas sp. HYN0024	2231055	S	294	70	364	0.00008
Dechloromonas sp. TW-R-39-2	2654218	S	175	89	264	0.00006
Ferribacterium limneticum	76259	S	1297	265	1562	0.00034
Quatrionicoccus australiensis	138118	S	615	218	833	0.00018
Fluviibacter phosphoraccumulans	1751046	S	114	49	163	0.00004
Usitatibacter rugosus	2732067	S	6220	922	7142	0.00155
Usitatibacter palustris	2732487	S	4780	753	5533	0.00120
Denitratisoma sp. DHT3	1981880	S	1097	1109	2206	0.00048
Denitratisoma oestradiolicum	311182	S	484	109	593	0.00013
Sulfuritalea hydrogenivorans	748811	S	1369	287	1656	0.00036
Methyloversatilis sp. RAC08	1842540	S	1090	202	1292	0.00028
Sterolibacterium denitrificans	157592	S	846	318	1164	0.00025
Thiobacillus denitrificans	36861	S	1616	424	2040	0.00044
Sulfuritortus calidifontis	1914471	S	1171	691	1862	0.00040
Sideroxydans sp. MIZ01	2764705	S	656	185	841	0.00018
Sideroxydans lithotrophicus	63745	S	446	91	537	0.00012
Ferrigenium kumadai	1682490	S	841	223	1064	0.00023
Ferriphaselus amnicola	1188319	S	239	40	279	0.00006
Candidatus Nitrotoga arctica	453162	S	77	39	116	0.00003
Candidatus Nitrotoga sp. AM1P	2559597	S	58	31	89	0.00002
Gallionella capsiferriformans	370405	S	157	18	175	0.00004
Nitrosospira multiformis	1231	S	954	39	993	0.00022
Nitrosospira lacus	1288494	S	300	13	313	0.00007
Nitrosospira sp. NRS527	155925	S	100	74	174	0.00004
Nitrosospira briensis	35799	S	98	78	176	0.00004
Nitrosomonas communis	44574	S	612	22	634	0.00014
Nitrosomonas ureae	44577	S	105	4	109	0.00002
Nitrosomonas eutropha	916	S	66	48	114	0.00002
Nitrosomonas europaea	915	S	59	11	70	0.00002
Nitrosomonas stercoris	1444684	S	29	21	50	0.00001
Sulfurimicrobium lacus	2715678	S	880	149	1029	0.00022
Sulfuriferula plumbiphila	171865	S	491	119	610	0.00013
Sulfuriferula sp. AH1	1985873	S	251	68	319	0.00007
Sulfuriferula nivalis	2675298	S	27	2	29	0.00001
Sulfuricella denitrificans	649841	S	410	48	458	0.00010
Methylovorus glucosotrophus	266009	S	75	69	144	0.00003
Methylovorus sp. MP688	887061	S	56	57	113	0.00002
Methylobacillus flagellatus	405	S	212	69	281	0.00006
Methylophilus medardicus	2588534	S	59	7	66	0.00001
Methylophilus sp. TWE2	1662285	S	39	3	42	0.00001
Methylotenera mobilis	359408	S	36	4	40	0.00001
Methylotenera versatilis	1055487	S	17	2	19	0.00000
Candidatus Methylopumilus turicensis	1581680	S	13	19	32	0.00001
Methyloradius palustris	2778876	S	40	4	44	0.00001
Chromobacterium sp. ATCC 53434	2059672	S	595	267	862	0.00019
Chromobacterium sp. Rain0013	2292447	S	99	145	244	0.00005
Chromobacterium sp. Beijing	2735795	S	86	288	374	0.00008
Chromobacterium violaceum	536	S	574	434	1008	0.00022
Chromobacterium vaccinii	1108595	S	542	298	840	0.00018
Chromobacterium phragmitis	2202141	S	402	225	627	0.00014
Chromobacterium paludis	2605945	S	359	181	540	0.00012
Chromobacterium rhizoryzae	1778675	S	81	502	583	0.00013
Chromobacterium haemolyticum	394935	S	55	423	478	0.00010
Iodobacter ciconiae	2496266	S	47	17	64	0.00001
Iodobacter fluviatilis	537	S	39	16	55	0.00001
Jeongeupia sp. USM3	1906741	S	1004	352	1356	0.00029
Jeongeupia sp. HS-3	1009682	S	374	97	471	0.00010
Paludibacterium paludis	1225769	S	480	125	605	0.00013
Paludibacterium yongneupense	400061	S	405	76	481	0.00010
Paludibacterium sp. B53371	2806263	S	248	68	316	0.00007
Pseudogulbenkiania sp. NH8B	748280	S	818	361	1179	0.00026
Vogesella sp. LIG4	1192162	S	566	199	765	0.00017
Vogesella sp. XCS3	2877939	S	215	78	293	0.00006
Microvirgula aerodenitrificans	57480	S	616	155	771	0.00017
Aquitalea aquatilis	1537400	S	156	63	219	0.00005
Aquitalea magnusonii	332411	S	93	70	163	0.00004
Aquitalea denitrificans	519081	S	92	62	154	0.00003
Aquitalea sp. USM4	1590041	S	85	61	146	0.00003
Laribacter hongkongensis	168471	S	455	528	983	0.00021
Aquaspirillum sp. LM1	1938604	S	244	47	291	0.00006
Chitinibacter bivalviorum	2739434	S	61	62	123	0.00003
Chitinibacter fontanus	1737446	S	42	9	51	0.00001
Deefgea sp. D17	2739061	S	30	13	43	0.00001
Deefgea sp. D13	2864875	S	24	9	33	0.00001
Deefgea sp. D25	2865840	S	22	4	26	0.00001
Neisseria sp. KEM232	655307	S	125	26	151	0.00003
Neisseria sp. oral taxon 014	641148	S	50	31	81	0.00002
Neisseria sp. Dent CA1/247	2912675	S	26	19	45	0.00001
Neisseria sp. ZJ785	2709396	S	24	4	28	0.00001
Neisseria bacilliformis	267212	S	126	41	167	0.00004
Neisseria shayeganii	607712	S	121	24	145	0.00003
Neisseria chenwenguii	1853278	S	98	16	114	0.00002
Neisseria elongata	495	S	90	68	158	0.00003
Neisseria dentiae	194197	S	77	12	89	0.00002
Neisseria meningitidis	487	S	76	287	363	0.00008
Neisseria musculi	1815583	S	55	6	61	0.00001
Neisseria animalis	492	S	51	9	60	0.00001
Neisseria lactamica	486	S	41	58	99	0.00002
Neisseria sicca	490	S	37	104	141	0.00003
Neisseria brasiliensis	2666100	S	30	36	66	0.00001
Neisseria weaveri	28091	S	30	16	46	0.00001
Neisseria animaloris	326522	S	29	9	38	0.00001
Neisseria wadsworthii	607711	S	28	8	36	0.00001
Neisseria weixii	1853276	S	27	4	31	0.00001
Neisseria gonorrhoeae	485	S	27	93	120	0.00003
Neisseria arctica	1470200	S	25	3	28	0.00001
Neisseria mucosa	488	S	23	71	94	0.00002
Neisseria canis	493	S	22	7	29	0.00001
Neisseria zalophi	640030	S	21	2	23	0.00001
Neisseria dumasiana	1931275	S	18	10	28	0.00001
Neisseria cinerea	483	S	13	11	24	0.00001
Neisseria flavescens	484	S	10	11	21	0.00000
Crenobacter cavernae	2290923	S	1085	479	1564	0.00034
Chitinolyticbacter meiyuanensis	682798	S	730	121	851	0.00018
Vitreoscilla filiformis	63	S	264	67	331	0.00007
Vitreoscilla massiliensis	1689272	S	25	12	37	0.00001
Kingella potus	265175	S	88	16	104	0.00002
Kingella denitrificans	502	S	81	69	150	0.00003
Kingella oralis	505	S	51	11	62	0.00001
Kingella kingae	504	S	15	3	18	0.00000
Eikenella corrodens	539	S	125	94	219	0.00005
Eikenella exigua	2528037	S	28	20	48	0.00001
Uruburuella suis	252130	S	87	19	106	0.00002
Uruburuella testudinis	1282863	S	84	22	106	0.00002
Paralysiella testudinis	2809020	S	70	20	90	0.00002
Alysiella crassa	153491	S	18	7	25	0.00001
Alysiella filiformis	194196	S	13	5	18	0.00000
Conchiformibius steedae	153493	S	33	6	39	0.00001
Neisseriaceae bacterium CCUG 44465	2917790	S	27	5	32	0.00001
Aquella oligotrophica	2067065	S	18	1	19	0.00000
Snodgrassella alvi	1196083	S	17	6	23	0.00001
Simonsiella muelleri	72	S	14	3	17	0.00000
Casimicrobium huifangae	2591109	S	854	528	1382	0.00030
Lysobacter sp. KIS68-7	2904252	S	2285	509	2794	0.00061
Lysobacter sp. TY2-98	2290922	S	2042	378	2420	0.00053
Lysobacter sp. CECT 30171	2822368	S	1582	435	2017	0.00044
Lysobacter sp. 5GHs7-4	2904253	S	1520	519	2039	0.00044
Lysobacter sp. S4-A87	2925843	S	1421	522	1943	0.00042
Lysobacter sp. CW239	2762611	S	1046	679	1725	0.00037
Lysobacter sp. K5869	2820808	S	848	450	1298	0.00028
Lysobacter sp. H21R4	2781021	S	271	567	838	0.00018
Lysobacter sp. CJ11	2764185	S	242	23	265	0.00006
Lysobacter sp. HDW10	2714936	S	151	49	200	0.00004
Lysobacter sp. H23M47	2781024	S	145	767	912	0.00020
Lysobacter soli	453783	S	8430	2011	10441	0.00227
Lysobacter enzymogenes	69	S	3414	1395	4809	0.00104
Lysobacter solisilvae (ex Woo and Kim 2022)	2865112	S	3118	1051	4169	0.00090
Lysobacter solisilvae (ex Kim et al. 2021)	2763317	S	2206	514	2720	0.00059
Lysobacter capsici	435897	S	2085	2380	4465	0.00097
Lysobacter lycopersici	1324796	S	1565	384	1949	0.00042
Lysobacter maris	1605891	S	1512	418	1930	0.00042
Lysobacter arenosi	2795387	S	1441	522	1963	0.00043
Lysobacter antibioticus	84531	S	1344	318	1662	0.00036
Lysobacter alkalisoli	2591633	S	1168	242	1410	0.00031
Lysobacter oculi	2698682	S	940	294	1234	0.00027
Lysobacter ciconiae	2781022	S	258	509	767	0.00017
Lysobacter gummosus	262324	S	188	1674	1862	0.00040
Lysobacter avium	2781023	S	127	618	745	0.00016
Stenotrophomonas maltophilia	40324	S	3257	5534	8791	0.00191
Stenotrophomonas sp. ESTM1D_MKCIP4_1	2072414	S	244	116	360	0.00008
Stenotrophomonas sp. SAU14A_NAIMI4_5	2072413	S	191	139	330	0.00007
Stenotrophomonas sp. ZAC14D2_NAIMI4_7	2072405	S	92	117	209	0.00005
Stenotrophomonas sp. ZAC14A_NAIMI4_1	2072412	S	78	174	252	0.00005
Stenotrophomonas sp. YAU14D1_LEIMI4_1	2072407	S	67	137	204	0.00004
Stenotrophomonas sp. ZAC14D2_NAIMI4_6	2072406	S	62	144	206	0.00004
Stenotrophomonas sp. SAU14A_NAIMI4_8	2072409	S	27	184	211	0.00005
Stenotrophomonas sp. YAU14A_MKIMI4_1	2072408	S	12	81	93	0.00002
Stenotrophomonas sp. LM091	1904944	S	416	181	597	0.00013
Stenotrophomonas sp. 169	2770322	S	402	76	478	0.00010
Stenotrophomonas sp. 364	2691571	S	280	121	401	0.00009
Stenotrophomonas sp. NA06056	2742129	S	167	92	259	0.00006
Stenotrophomonas sp. WZN-1	2005046	S	90	120	210	0.00005
Stenotrophomonas sp. DR822	2871174	S	45	83	128	0.00003
Stenotrophomonas sp. pho	2211160	S	37	195	232	0.00005
Stenotrophomonas sp. Pemsol	2040586	S	35	117	152	0.00003
Stenotrophomonas sp. MYb57	1827305	S	28	135	163	0.00004
Stenotrophomonas sp. ASS1	2282124	S	23	119	142	0.00003
Stenotrophomonas sp. NY11291	2939415	S	22	282	304	0.00007
Stenotrophomonas sp. CW117	2775920	S	22	576	598	0.00013
Stenotrophomonas sp. G4	2303750	S	17	80	97	0.00002
Stenotrophomonas sp. SI-NJAU-1	2886359	S	14	68	82	0.00002
Stenotrophomonas rhizophila	216778	S	1246	416	1662	0.00036
Stenotrophomonas acidaminiphila	128780	S	778	2110	2888	0.00063
Stenotrophomonas indicatrix	2045451	S	52	232	284	0.00006
Xanthomonas translucens	343	S	1250	1878	3128	0.00068
Xanthomonas campestris	339	S	1021	881	1902	0.00041
Xanthomonas sacchari	56458	S	722	275	997	0.00022
Xanthomonas sp. SS	2724122	S	135	220	355	0.00008
Xanthomonas sp. GW	2724121	S	122	172	294	0.00006
Xanthomonas sp. SI	2724123	S	109	179	288	0.00006
Xanthomonas sp. MLO165	2081477	S	27	32	59	0.00001
Xanthomonas arboricola	56448	S	598	608	1206	0.00026
Xanthomonas oryzae	347	S	513	11851	12364	0.00268
Xanthomonas theicola	56464	S	494	177	671	0.00015
Xanthomonas citri	346	S	390	3058	3448	0.00075
Xanthomonas hyacinthi	56455	S	380	254	634	0.00014
Xanthomonas vesicatoria	56460	S	330	214	544	0.00012
Xanthomonas albilineans	29447	S	319	60	379	0.00008
Xanthomonas fragariae	48664	S	305	75	380	0.00008
Xanthomonas hortorum	56454	S	303	216	519	0.00011
Xanthomonas cucurbitae	56453	S	271	52	323	0.00007
Xanthomonas vasicola	56459	S	237	76	313	0.00007
Xanthomonas cassavae	56450	S	160	39	199	0.00004
Xanthomonas axonopodis	53413	S	158	155	313	0.00007
Xanthomonas euroxanthea	2259622	S	154	146	300	0.00007
Xanthomonas hydrangeae	2775159	S	127	41	168	0.00004
Xanthomonas phaseoli	1985254	S	116	196	312	0.00007
Xanthomonas euvesicatoria	456327	S	82	275	357	0.00008
Luteimonas sp. MC1750	2799326	S	1106	469	1575	0.00034
Luteimonas sp. S4-F44	2925842	S	1006	226	1232	0.00027
Luteimonas sp. D4P002	2901869	S	951	295	1246	0.00027
Luteimonas sp. JM171	1896164	S	945	224	1169	0.00025
Luteimonas sp. MC1572	2799325	S	882	486	1368	0.00030
Luteimonas sp. YGD11-2	2508168	S	870	428	1298	0.00028
Luteimonas sp. MC1825	2761107	S	839	475	1314	0.00029
Luteimonas granuli	1176533	S	1124	455	1579	0.00034
Luteimonas yindakuii	2565782	S	872	387	1259	0.00027
Luteimonas chenhongjianii	2006110	S	795	198	993	0.00022
Pseudoxanthomonas suwonensis	314722	S	2299	1379	3678	0.00080
Pseudoxanthomonas mexicana	128785	S	1273	2137	3410	0.00074
Pseudoxanthomonas sp. X-1	2571115	S	947	1027	1974	0.00043
Pseudoxanthomonas daejeonensis	266062	S	897	259	1156	0.00025
Pseudoxanthomonas spadix	415229	S	524	233	757	0.00016
Thermomonas sp. XSG	2771436	S	811	408	1219	0.00026
Thermomonas sp. HDW16	2714945	S	570	177	747	0.00016
Thermomonas brevis	215691	S	1241	575	1816	0.00039
Thermomonas aquatica	2202149	S	1038	622	1660	0.00036
Thermomonas carbonis	1463158	S	788	190	978	0.00021
Arenimonas daejeonensis	370777	S	1465	351	1816	0.00039
Pseudolysobacter antarcticus	2511995	S	725	24	749	0.00016
Xylella fastidiosa	2371	S	107	33	140	0.00003
Xylella taiwanensis	1444770	S	83	4	87	0.00002
Luteibacter sp. 321	2911537	S	866	314	1180	0.00026
Luteibacter sp. EIF3	2780091	S	658	127	785	0.00017
Luteibacter sp. 335	2911538	S	505	139	644	0.00014
Luteibacter sp. 353	2911539	S	490	185	675	0.00015
Luteibacter pinisoli	2589080	S	612	196	808	0.00018
Luteibacter rhizovicinus	242606	S	603	103	706	0.00015
Luteibacter anthropi	564369	S	499	111	610	0.00013
Rhodanobacter denitrificans	666685	S	1283	624	1907	0.00041
Rhodanobacter sp. FDAARGOS 1247	2778082	S	864	362	1226	0.00027
Rhodanobacter thiooxydans	416169	S	721	419	1140	0.00025
Rhodanobacter glycinis	582702	S	586	132	718	0.00016
Dyella thiooxydans	445710	S	1032	395	1427	0.00031
Dyella japonica	231455	S	581	221	802	0.00017
Dyella telluris	2763498	S	516	174	690	0.00015
Dyella terrae	522259	S	419	74	493	0.00011
Dyella caseinilytica	1849581	S	389	37	426	0.00009
Dyella sp. M7H15-1	2501295	S	284	36	320	0.00007
Frateuria sp. 5GH9-34	2898793	S	1014	391	1405	0.00030
Frateuria sp. 5GH9-11	1542730	S	1011	498	1509	0.00033
Frateuria aurantia	81475	S	304	49	353	0.00008
Dokdonella koreensis	323415	S	1948	418	2366	0.00051
Aerosticca soli	2010829	S	987	1618	2605	0.00057
Ahniella affigens	2021234	S	544	17	561	0.00012
Pseudomonas sp. ATCC 13867	1294143	S	412	181	593	0.00013
Pseudomonas sp. SCB32	2653853	S	389	104	493	0.00011
Pseudomonas sp. KNUC1026	2893890	S	370	44	414	0.00009
Pseudomonas sp. PDNC002	2811422	S	361	106	467	0.00010
Pseudomonas sp. DY-1	1755504	S	357	57	414	0.00009
Pseudomonas sp. CC6-YY-74	1930532	S	330	49	379	0.00008
Pseudomonas sp. TCU-HL1	1856685	S	327	59	386	0.00008
Pseudomonas sp. LPB0260	2614442	S	318	82	400	0.00009
Pseudomonas sp. Ost2	2678260	S	306	58	364	0.00008
Pseudomonas sp. MTM4	2705472	S	288	65	353	0.00008
Pseudomonas sp. StFLB209	1028989	S	267	86	353	0.00008
Pseudomonas sp. ABC1	2748080	S	266	48	314	0.00007
Pseudomonas sp. 7SR1	1881017	S	226	53	279	0.00006
Pseudomonas sp. L5B5	2883205	S	221	51	272	0.00006
Pseudomonas sp. MM211	2866808	S	208	24	232	0.00005
Pseudomonas sp. CMR5c	658630	S	208	78	286	0.00006
Pseudomonas sp. p1(2021b)	2874628	S	204	140	344	0.00007
Pseudomonas sp. OIL-1	2706126	S	203	55	258	0.00006
Pseudomonas sp. gcc21	2726989	S	186	105	291	0.00006
Pseudomonas sp. HN2-3	2886360	S	169	49	218	0.00005
Pseudomonas sp. Pc102	2678261	S	160	116	276	0.00006
Pseudomonas sp. MSPm1	2726956	S	160	46	206	0.00004
Pseudomonas sp. B11D7D	2735906	S	152	38	190	0.00004
Pseudomonas sp. MPC6	2498848	S	145	41	186	0.00004
Pseudomonas sp. LAB-08	143813	S	142	34	176	0.00004
Pseudomonas sp. S09G 359	2054919	S	139	44	183	0.00004
Pseudomonas sp. URMO17WK12:I11	1283291	S	139	127	266	0.00006
Pseudomonas sp. Marseille-Q3773	2866592	S	136	58	194	0.00004
Pseudomonas sp. S34	1573718	S	132	41	173	0.00004
Pseudomonas sp. 15A4	2804761	S	128	44	172	0.00004
Pseudomonas sp. M1	95619	S	127	391	518	0.00011
Pseudomonas sp. DG56-2	2320270	S	124	17	141	0.00003
Pseudomonas sp. HLS-6	2049589	S	124	47	171	0.00004
Pseudomonas sp. Leaf58	1736226	S	123	30	153	0.00003
Pseudomonas sp. ADPe	2774873	S	114	364	478	0.00010
Pseudomonas sp. MM213	2866807	S	112	32	144	0.00003
Pseudomonas sp. ADAK13	2730847	S	110	34	144	0.00003
Pseudomonas sp. Seg1	2678259	S	105	32	137	0.00003
Pseudomonas sp. Tri1	2823875	S	104	33	137	0.00003
Pseudomonas sp. DTU12.3	2073078	S	102	34	136	0.00003
Pseudomonas sp. NIBR-H-19	2901380	S	101	29	130	0.00003
Pseudomonas sp. RtIB026	2749999	S	97	74	171	0.00004
Pseudomonas sp. S35	1573719	S	93	33	126	0.00003
Pseudomonas sp. NS1(2017)	2025658	S	90	32	122	0.00003
Pseudomonas sp. LS.1a	2920387	S	89	51	140	0.00003
Pseudomonas sp. LG1E9	2219057	S	88	34	122	0.00003
Pseudomonas sp. ACM7	2052956	S	85	20	105	0.00002
Pseudomonas sp. OE 28.3	2745519	S	84	26	110	0.00002
Pseudomonas sp. St316	2678257	S	84	37	121	0.00003
Pseudomonas sp. 31-12	2201356	S	82	27	109	0.00002
Pseudomonas sp. HS6	2850559	S	81	29	110	0.00002
Pseudomonas sp. R5-89-07	658644	S	81	33	114	0.00002
Pseudomonas sp. HN11	1344094	S	80	24	104	0.00002
Pseudomonas sp. M30-35	1981174	S	79	5	84	0.00002
Pseudomonas sp. PP3	2815936	S	77	39	116	0.00003
Pseudomonas sp. DNDY-54	2870860	S	73	49	122	0.00003
Pseudomonas sp. DR48	2871095	S	72	61	133	0.00003
Pseudomonas sp. ADAK18	2730848	S	70	16	86	0.00002
Pseudomonas sp. R2A2	2213057	S	69	107	176	0.00004
Pseudomonas sp. RC3H12	2834406	S	68	55	123	0.00003
Pseudomonas sp. HS-18	2879114	S	67	187	254	0.00006
Pseudomonas sp. 2hn	2866626	S	67	59	126	0.00003
Pseudomonas sp. CCOS 191	1649877	S	65	72	137	0.00003
Pseudomonas sp. AO-1	2855434	S	65	83	148	0.00003
Pseudomonas sp. CYM-20-01	2870750	S	62	42	104	0.00002
Pseudomonas sp. IzPS59	2774459	S	59	38	97	0.00002
Pseudomonas sp. NIBRBAC000502773	2590776	S	59	41	100	0.00002
Pseudomonas sp. MRSN12121	1611770	S	59	113	172	0.00004
Pseudomonas sp. SK3(2021)	2841064	S	58	51	109	0.00002
Pseudomonas sp. SDM007	2812000	S	57	47	104	0.00002
Pseudomonas sp. SCA2728.1_7	2825975	S	52	37	89	0.00002
Pseudomonas sp. FIT81	2837969	S	52	42	94	0.00002
Pseudomonas sp. R76	1573711	S	50	34	84	0.00002
Pseudomonas sp. SK	2729423	S	49	57	106	0.00002
Pseudomonas sp. BIGb0427	2724470	S	49	144	193	0.00004
Pseudomonas sp. Z003-0.4C(8344-21)	1855380	S	49	48	97	0.00002
Pseudomonas sp. RBPA9	2746321	S	48	142	190	0.00004
Pseudomonas sp. THAF7b	2587845	S	48	127	175	0.00004
Pseudomonas sp. LTJR-52	2479392	S	45	20	65	0.00001
Pseudomonas sp. MPFS	2795724	S	45	104	149	0.00003
Pseudomonas sp. S07E 245	2866278	S	44	134	178	0.00004
Pseudomonas sp. 14181154	2662033	S	43	63	106	0.00002
Pseudomonas sp. SORT22	2813842	S	43	135	178	0.00004
Pseudomonas sp. AN-B15	2697023	S	42	155	197	0.00004
Pseudomonas sp. LPH1	1898684	S	41	51	92	0.00002
Pseudomonas sp. UW4	1207075	S	40	36	76	0.00002
Pseudomonas sp. 02C 26	2054914	S	39	112	151	0.00003
Pseudomonas sp. R84	1573712	S	39	24	63	0.00001
Pseudomonas sp. B10	118613	S	37	37	74	0.00002
Pseudomonas sp. RU47	2005388	S	36	121	157	0.00003
Pseudomonas sp. HN2	2884805	S	35	43	78	0.00002
Pseudomonas sp. FGI182	1259844	S	33	50	83	0.00002
Pseudomonas sp. S49	1573720	S	33	113	146	0.00003
Pseudomonas sp. 09C 129	2054915	S	31	53	84	0.00002
Pseudomonas sp. phDV1	253237	S	30	135	165	0.00004
Pseudomonas sp. Cab53	2678258	S	30	66	96	0.00002
Pseudomonas sp. S150	2559074	S	27	58	85	0.00002
Pseudomonas sp. Y5-11	2749808	S	27	108	135	0.00003
Pseudomonas sp. C27(2019)	2604941	S	25	4	29	0.00001
Pseudomonas sp. J380	2605424	S	25	43	68	0.00001
Pseudomonas sp. GR 6-02	1659194	S	24	79	103	0.00002
Pseudomonas sp. 3-2	2867408	S	23	40	63	0.00001
Pseudomonas sp. R32	1573704	S	23	82	105	0.00002
Pseudomonas sp. BIOMIG1BAC	1758730	S	22	95	117	0.00003
Pseudomonas sp. DR 5-09	1534110	S	22	41	63	0.00001
Pseudomonas sp. FDAARGOS_380	2018067	S	22	24	46	0.00001
Pseudomonas sp. SC3(2021)	2871493	S	21	31	52	0.00001
Pseudomonas sp. R1-43-08	1173270	S	19	145	164	0.00004
Pseudomonas sp. St29	1500687	S	19	102	121	0.00003
Pseudomonas sp. SWI44	2083053	S	18	195	213	0.00005
Pseudomonas sp. ArH3a	2862945	S	18	59	77	0.00002
Pseudomonas sp. LBUM920	2126069	S	18	59	77	0.00002
Pseudomonas sp. IAC-BECa141	2793103	S	18	51	69	0.00002
Pseudomonas sp. SXM-1	2169583	S	18	72	90	0.00002
Pseudomonas sp. BC42	2933816	S	17	110	127	0.00003
Pseudomonas sp. PONIH3	1636610	S	17	122	139	0.00003
Pseudomonas sp. R4-35-07	658643	S	17	148	165	0.00004
Pseudomonas sp. SWI36	2083052	S	16	61	77	0.00002
Pseudomonas sp. R3-18-08	1173283	S	16	60	76	0.00002
Pseudomonas sp. R2-37-08W	1173273	S	16	97	113	0.00002
Pseudomonas sp. LG1D9	2083054	S	15	72	87	0.00002
Pseudomonas sp. ADAK22	2730851	S	14	46	60	0.00001
Pseudomonas sp. A2	107445	S	14	100	114	0.00002
Pseudomonas sp. DTU12.1	2654238	S	14	72	86	0.00002
Pseudomonas sp. DR208	2870840	S	13	43	56	0.00001
Pseudomonas sp. 7-41	2898483	S	13	79	92	0.00002
Pseudomonas sp. OST1909	2777367	S	12	51	63	0.00001
Pseudomonas sp. MPDS	2762896	S	12	63	75	0.00002
Pseudomonas sp. HN8-3	2886361	S	12	33	45	0.00001
Pseudomonas sp. NC02	2067572	S	12	51	63	0.00001
Pseudomonas sp. BJP69	2597770	S	12	94	106	0.00002
Pseudomonas sp. CFSAN084952	2664899	S	12	49	61	0.00001
Pseudomonas sp. MYb193	1827300	S	12	17	29	0.00001
Pseudomonas sp. Y39-6	2749807	S	11	49	60	0.00001
Pseudomonas sp. LH1G9	2083055	S	11	52	63	0.00001
Pseudomonas sp. ATCC 43928	676210	S	10	33	43	0.00001
Pseudomonas sp. TKP	1415630	S	10	48	58	0.00001
Pseudomonas aeruginosa	287	S	2040	21522	23562	0.00511
Pseudomonas mendocina	300	S	950	430	1380	0.00030
Pseudomonas furukawaii	1149133	S	834	310	1144	0.00025
Pseudomonas oleovorans	301	S	103	370	473	0.00010
Pseudomonas alcaligenes	43263	S	876	718	1594	0.00035
Pseudomonas resinovorans	53412	S	433	119	552	0.00012
Pseudomonas multiresinivorans	95301	S	247	105	352	0.00008
Pseudomonas nitroreducens	46680	S	49	131	180	0.00004
Pseudomonas citronellolis	53408	S	248	469	717	0.00016
Pseudomonas fluorescens	294	S	2115	2294	4409	0.00096
Pseudomonas protegens	380021	S	452	507	959	0.00021
Pseudomonas orientalis	76758	S	378	127	505	0.00011
Pseudomonas synxantha	47883	S	262	250	512	0.00011
Pseudomonas azotoformans	47878	S	254	126	380	0.00008
Pseudomonas rhodesiae	76760	S	177	85	262	0.00006
Pseudomonas poae	200451	S	173	123	296	0.00006
Pseudomonas mediterranea	183795	S	161	49	210	0.00005
Pseudomonas trivialis	200450	S	159	69	228	0.00005
Pseudomonas tolaasii	29442	S	147	34	181	0.00004
Pseudomonas corrugata	47879	S	141	36	177	0.00004
Pseudomonas migulae	78543	S	140	91	231	0.00005
Pseudomonas cedrina	651740	S	115	36	151	0.00003
Pseudomonas mucidolens	46679	S	112	20	132	0.00003
Pseudomonas congelans	200452	S	102	39	141	0.00003
Pseudomonas brenneri	129817	S	99	45	144	0.00003
Pseudomonas ogarae	1114970	S	72	68	140	0.00003
Pseudomonas veronii	76761	S	58	198	256	0.00006
Pseudomonas mandelii	75612	S	55	198	253	0.00005
Pseudomonas libanensis	75588	S	48	64	112	0.00002
Pseudomonas stutzeri	316	S	3690	2970	6660	0.00145
Pseudomonas chloritidismutans	203192	S	26	42	68	0.00001
Pseudomonas balearica	74829	S	637	967	1604	0.00035
Pseudomonas xanthomarina	271420	S	197	39	236	0.00005
Pseudomonas luteola	47886	S	51	30	81	0.00002
Pseudomonas putida	303	S	2584	4117	6701	0.00145
Pseudomonas oryzihabitans	47885	S	856	235	1091	0.00024
Pseudomonas fulva	47880	S	517	1711	2228	0.00048
Pseudomonas plecoglossicida	70775	S	167	167	334	0.00007
Pseudomonas mosselii	78327	S	106	238	344	0.00007
Pseudomonas monteilii	76759	S	87	167	254	0.00006
Pseudomonas sp. SGAir0191	2217867	S	39	32	71	0.00002
Pseudomonas syringae	317	S	747	1412	2159	0.00047
Pseudomonas viridiflava	33069	S	461	68	529	0.00011
Pseudomonas cichorii	36746	S	222	25	247	0.00005
Pseudomonas asturiensis	1190415	S	184	23	207	0.00004
Pseudomonas amygdali	47877	S	55	347	402	0.00009
Pseudomonas savastanoi	29438	S	30	243	273	0.00006
Pseudomonas syringae group genomosp. 7	251699	S	121	12	133	0.00003
Pseudomonas fuscovaginae	50340	S	59	44	103	0.00002
Pseudomonas avellanae	46257	S	44	63	107	0.00002
Pseudomonas coronafaciens	53409	S	23	59	82	0.00002
Pseudomonas syringae group genomosp. 3	251701	S	20	237	257	0.00006
Pseudomonas chlororaphis	587753	S	1174	1627	2801	0.00061
Pseudomonas lundensis	86185	S	147	23	170	0.00004
Pseudomonas fragi	296	S	71	74	145	0.00003
Pseudomonas otitidis	319939	S	864	248	1112	0.00024
Pseudomonas psychrotolerans	237610	S	766	216	982	0.00021
Pseudomonas knackmussii	65741	S	764	807	1571	0.00034
Pseudomonas oryzae	1392877	S	692	286	978	0.00021
Pseudomonas entomophila	312306	S	577	319	896	0.00019
Pseudomonas cavernae	2320867	S	571	117	688	0.00015
Pseudomonas guangdongensis	1245526	S	518	219	737	0.00016
Pseudomonas lalkuanensis	2604832	S	477	113	590	0.00013
Pseudomonas parafulva	157782	S	305	111	416	0.00009
Pseudomonas vanderleydeniana	2745495	S	298	52	350	0.00008
Pseudomonas nanhaiensis	2830842	S	298	45	343	0.00007
Pseudomonas eucalypticola	2599595	S	296	48	344	0.00007
Pseudomonas campi	2731681	S	278	50	328	0.00007
Pseudomonas rhizosphaerae	216142	S	277	43	320	0.00007
Pseudomonas qingdaonensis	2056231	S	249	64	313	0.00007
Pseudomonas cremoricolorata	157783	S	242	46	288	0.00006
Pseudomonas alkylphenolica	237609	S	236	58	294	0.00006
Pseudomonas pohangensis	364197	S	231	21	252	0.00005
Pseudomonas brassicacearum	930166	S	228	611	839	0.00018
Pseudomonas yamanorum	515393	S	226	63	289	0.00006
Pseudomonas frederiksbergensis	104087	S	221	83	304	0.00007
Pseudomonas umsongensis	198618	S	210	42	252	0.00005
Pseudomonas zhaodongensis	1176257	S	205	117	322	0.00007
Pseudomonas phragmitis	1931241	S	199	20	219	0.00005
Pseudomonas tohonis	2725477	S	192	195	387	0.00008
Pseudomonas muyukensis	2842357	S	192	72	264	0.00006
Pseudomonas palleroniana	191390	S	190	38	228	0.00005
Pseudomonas saudiphocaensis	1499686	S	188	50	238	0.00005
Pseudomonas argentinensis	289370	S	178	52	230	0.00005
Pseudomonas koreensis	198620	S	178	88	266	0.00006
Pseudomonas alvandae	2842348	S	165	33	198	0.00004
Pseudomonas tructae	2518644	S	158	34	192	0.00004
Pseudomonas marincola	437900	S	158	30	188	0.00004
Pseudomonas vancouverensis	95300	S	154	30	184	0.00004
Pseudomonas xanthosomae	2842356	S	148	60	208	0.00005
Pseudomonas xantholysinigenes	2745490	S	147	51	198	0.00004
Pseudomonas prosekii	1148509	S	143	29	172	0.00004
Pseudomonas promysalinigenes	485898	S	138	26	164	0.00004
Pseudomonas agarici	46677	S	137	8	145	0.00003
Pseudomonas granadensis	1421430	S	131	79	210	0.00005
Pseudomonas wenzhouensis	2906062	S	130	63	193	0.00004
Pseudomonas antarctica	219572	S	129	41	170	0.00004
Pseudomonas silesiensis	1853130	S	127	34	161	0.00003
Pseudomonas hamedanensis	2745504	S	127	29	156	0.00003
Pseudomonas fakonensis	2842355	S	127	50	177	0.00004
Pseudomonas arsenicoxydans	702115	S	124	33	157	0.00003
Pseudomonas extremaustralis	359110	S	122	34	156	0.00003
Pseudomonas maumuensis	2842354	S	120	73	193	0.00004
Pseudomonas thivervalensis	86265	S	115	31	146	0.00003
Pseudomonas graminis	158627	S	112	39	151	0.00003
Pseudomonas lurida	244566	S	108	31	139	0.00003
Pseudomonas viciae	2505979	S	107	32	139	0.00003
Pseudomonas sediminis	1691904	S	107	39	146	0.00003
Pseudomonas versuta	1788301	S	104	20	124	0.00003
Pseudomonas asgharzadehiana	2842349	S	98	28	126	0.00003
Pseudomonas simiae	321846	S	97	30	127	0.00003
Pseudomonas taetrolens	47884	S	95	15	110	0.00002
Pseudomonas psychrophila	122355	S	90	15	105	0.00002
Pseudomonas lini	163011	S	85	21	106	0.00002
Pseudomonas reinekei	395598	S	75	27	102	0.00002
Pseudomonas alcaliphila	101564	S	70	96	166	0.00004
Pseudomonas khazarica	2502979	S	70	110	180	0.00004
Pseudomonas toyotomiensis	554344	S	70	82	152	0.00003
Pseudomonas kribbensis	1628086	S	68	83	151	0.00003
Pseudomonas chengduensis	489632	S	68	172	240	0.00005
Pseudomonas oryziphila	2894079	S	63	63	126	0.00003
Pseudomonas allokribbensis	2774460	S	63	31	94	0.00002
Pseudomonas tritici	2745518	S	58	23	81	0.00002
Pseudomonas germanica	2815720	S	55	38	93	0.00002
Pseudomonas moraviensis	321662	S	54	103	157	0.00003
Pseudomonas asplenii	53407	S	51	40	91	0.00002
Pseudomonas anuradhapurensis	485870	S	51	57	108	0.00002
Pseudomonas tensinigenes	2745511	S	51	34	85	0.00002
Pseudomonas sihuiensis	1274359	S	51	85	136	0.00003
Pseudomonas kunmingensis	1211807	S	49	91	140	0.00003
Pseudomonas atacamensis	2565368	S	49	61	110	0.00002
Pseudomonas iranensis	2745503	S	46	44	90	0.00002
Pseudomonas zeae	2745510	S	42	26	68	0.00001
Pseudomonas gozinkensis	2774461	S	39	23	62	0.00001
Pseudomonas zarinae	2745498	S	33	31	64	0.00001
Pseudomonas juntendi	2666183	S	32	354	386	0.00008
Pseudomonas azerbaijanoriens	2842350	S	31	26	57	0.00001
Pseudomonas soli	1306993	S	25	118	143	0.00003
Pseudomonas monsensis	2745509	S	22	30	52	0.00001
Pseudomonas lactis	1615674	S	22	20	42	0.00001
Pseudomonas sessilinigenes	658629	S	21	69	90	0.00002
Pseudomonas bijieensis	2681983	S	21	101	122	0.00003
Pseudomonas donghuensis	1163398	S	20	71	91	0.00002
Pseudomonas salmasensis	2745514	S	17	14	31	0.00001
Pseudomonas asiatica	2219225	S	13	92	105	0.00002
Pseudomonas glycinae	1785145	S	13	29	42	0.00001
Pseudomonas rhizophila	2045200	S	10	33	43	0.00001
Azotobacter chroococcum	353	S	637	501	1138	0.00025
Azotobacter vinelandii	354	S	468	0	468	0.00010
Azotobacter salinestris	69964	S	364	228	592	0.00013
Halopseudomonas xinjiangensis	487184	S	228	30	258	0.00006
Halopseudomonas sabulinigri	472181	S	205	24	229	0.00005
Halopseudomonas sp. RR6	2918528	S	201	38	239	0.00005
Halopseudomonas aestusnigri	857252	S	181	165	346	0.00008
Halopseudomonas litoralis	797277	S	140	45	185	0.00004
Halopseudomonas salegens	1434072	S	95	9	104	0.00002
Permianibacter aggregans	1510150	S	291	11	302	0.00007
Thiopseudomonas alkaliphila	1697053	S	20	5	25	0.00001
Marinobacter sp. CA1	2817656	S	225	21	246	0.00005
Marinobacter sp. NP-4(2019)	2488665	S	140	31	171	0.00004
Marinobacter sp. Arc7-DN-1	2304594	S	139	22	161	0.00003
Marinobacter sp. LPB0319	2769486	S	123	10	133	0.00003
Marinobacter sp. LV10R510-11A	1415568	S	62	3	65	0.00001
Marinobacter sp. LQ44	1749259	S	60	101	161	0.00004
Marinobacter sp. JH2	2547598	S	51	18	69	0.00002
Marinobacter sp. CP1	1671721	S	48	101	149	0.00003
Marinobacter sp. es.042	1761794	S	47	48	95	0.00002
Marinobacter sp. BSs20148	490759	S	44	28	72	0.00002
Marinobacter fonticola	2603215	S	223	14	237	0.00005
Marinobacter salarius	1420917	S	172	27	199	0.00004
Marinobacter nauticus	2743	S	131	51	182	0.00004
Marinobacter similis	1420916	S	124	14	138	0.00003
Marinobacter salsuginis	418719	S	120	19	139	0.00003
Marinobacter salinus	1874317	S	103	8	111	0.00002
Marinobacter adhaerens	1033846	S	52	132	184	0.00004
Marinobacter psychrophilus	330734	S	28	18	46	0.00001
Klebsiella pneumoniae	573	S	285	14647	14932	0.00324
Klebsiella quasipneumoniae	1463165	S	203	752	955	0.00021
Klebsiella aerogenes	548	S	128	92	220	0.00005
Klebsiella oxytoca	571	S	112	96	208	0.00005
Klebsiella variicola	244366	S	80	358	438	0.00010
Klebsiella michiganensis	1134687	S	78	392	470	0.00010
Klebsiella huaxiensis	2153354	S	37	44	81	0.00002
Klebsiella africana	2489010	S	26	20	46	0.00001
Klebsiella quasivariicola	2026240	S	20	27	47	0.00001
Klebsiella grimontii	2058152	S	19	164	183	0.00004
Raoultella sp. HC6	2923366	S	77	67	144	0.00003
Raoultella planticola	575	S	52	68	120	0.00003
Raoultella ornithinolytica	54291	S	39	364	403	0.00009
Raoultella terrigena	577	S	24	60	84	0.00002
Raoultella electrica	1259973	S	21	68	89	0.00002
Enterobacter cloacae	550	S	317	666	983	0.00021
Enterobacter hormaechei	158836	S	117	2041	2158	0.00047
Enterobacter asburiae	61645	S	110	640	750	0.00016
Enterobacter cancerogenus	69218	S	79	34	113	0.00002
Enterobacter roggenkampii	1812935	S	77	386	463	0.00010
Enterobacter chengduensis	2494701	S	48	42	90	0.00002
Enterobacter kobei	208224	S	32	460	492	0.00011
Enterobacter ludwigii	299767	S	31	92	123	0.00003
Enterobacter cloacae complex sp.	2027919	S	11	355	366	0.00008
Enterobacter chuandaensis	2497875	S	25	20	45	0.00001
Enterobacter sichuanensis	2071710	S	24	25	49	0.00001
Enterobacter sp. SA187	1914861	S	77	18	95	0.00002
Enterobacter sp. JUb54	2724468	S	72	19	91	0.00002
Enterobacter sp. E76	2596949	S	51	122	173	0.00004
Enterobacter sp. RHBSTW-00994	2742676	S	31	10	41	0.00001
Enterobacter sp. RHBSTW-00175	2742639	S	21	25	46	0.00001
Enterobacter sp. Colony194	2866201	S	15	21	36	0.00001
Enterobacter sp. SGAir0187	2836161	S	12	17	29	0.00001
Enterobacter sp. JBIWA008	2831892	S	11	9	20	0.00000
Enterobacter sp. SES19	2705458	S	10	12	22	0.00000
Enterobacter huaxiensis	2494702	S	57	22	79	0.00002
Enterobacter mori	539813	S	40	66	106	0.00002
Enterobacter oligotrophicus	2478464	S	37	14	51	0.00001
Enterobacter soli	885040	S	32	11	43	0.00001
Enterobacter bugandensis	881260	S	19	44	63	0.00001
Citrobacter freundii	546	S	100	603	703	0.00015
Citrobacter sedlakii	67826	S	22	90	112	0.00002
Citrobacter braakii	57706	S	17	181	198	0.00004
Citrobacter portucalensis	1639133	S	15	209	224	0.00005
Citrobacter werkmanii	67827	S	11	36	47	0.00001
Citrobacter sp. R56	1573676	S	45	21	66	0.00001
Citrobacter sp. RHB25-C09	2742624	S	34	22	56	0.00001
Citrobacter sp. BDA59-3	2781952	S	17	10	27	0.00001
Citrobacter rodentium	67825	S	76	29	105	0.00002
Citrobacter farmeri	67824	S	59	38	97	0.00002
Citrobacter amalonaticus	35703	S	46	301	347	0.00008
Citrobacter tructae	2562449	S	29	17	46	0.00001
Citrobacter koseri	545	S	24	43	67	0.00001
Citrobacter pasteurii	1563222	S	23	26	49	0.00001
Citrobacter arsenatis	2546350	S	21	10	31	0.00001
Cronobacter sakazakii	28141	S	130	118	248	0.00005
Cronobacter dublinensis	413497	S	106	46	152	0.00003
Cronobacter universalis	535744	S	72	61	133	0.00003
Cronobacter condimenti	1163710	S	63	21	84	0.00002
Cronobacter malonaticus	413503	S	52	82	134	0.00003
Cronobacter sp. JZ38	1906275	S	14	46	60	0.00001
Cronobacter muytjensii	413501	S	13	56	69	0.00002
Kosakonia sp. SMBL-WEM22	2725560	S	64	30	94	0.00002
Kosakonia sp. CCTCC M2018092	2492396	S	34	32	66	0.00001
Kosakonia sp. MUSA4	2067958	S	24	11	35	0.00001
Kosakonia cowanii	208223	S	107	99	206	0.00004
Kosakonia sacchari	1158459	S	93	54	147	0.00003
Kosakonia radicincitans	283686	S	39	27	66	0.00001
Kosakonia arachidis	551989	S	35	10	45	0.00001
Kosakonia oryzae	497725	S	30	21	51	0.00001
Kosakonia pseudosacchari	1646340	S	25	14	39	0.00001
Leclercia adecarboxylata	83655	S	136	352	488	0.00011
Leclercia sp. 29361	2714951	S	53	29	82	0.00002
Leclercia sp. J807	2681307	S	13	39	52	0.00001
Leclercia pneumoniae	2815358	S	63	37	100	0.00002
Pluralibacter gergoviae	61647	S	300	100	400	0.00009
[Enterobacter] lignolyticus	1334193	S	156	48	204	0.00004
Salmonella enterica	28901	S	348	15058	15406	0.00334
Salmonella bongori	54736	S	34	14	48	0.00001
Cedecea neteri	158822	S	212	66	278	0.00006
Cedecea sp. FDAARGOS_727	2545798	S	65	19	84	0.00002
Cedecea lapagei	158823	S	45	18	63	0.00001
Escherichia coli	562	S	230	12016	12246	0.00266
Escherichia albertii	208962	S	39	40	79	0.00002
Escherichia marmotae	1499973	S	27	18	45	0.00001
Escherichia fergusonii	564	S	19	36	55	0.00001
Escherichia sp. E4742	2044467	S	13	10	23	0.00001
Lelliottia amnigena	61646	S	151	54	205	0.00004
Lelliottia sp. WB101	2153385	S	29	34	63	0.00001
Lelliottia sp. AC1	2067959	S	18	16	34	0.00001
Kluyvera ascorbata	51288	S	44	42	86	0.00002
Kluyvera intermedia	61648	S	29	27	56	0.00001
Kluyvera sp. CRP	2873269	S	14	44	58	0.00001
Candidatus Symbiopectobacterium sp. SyEd1	2871826	S	53	8	61	0.00001
Candidatus Hamiltonella defensa	138072	S	17	2	19	0.00000
Candidatus Doolittlea endobia	1778262	S	15	1	16	0.00000
Candidatus Hoaglandella endobia	1778263	S	10	1	11	0.00000
Jejubacter calystegiae	2579935	S	91	12	103	0.00002
Plesiomonas shigelloides	703	S	91	37	128	0.00003
Buttiauxella agrestis	82977	S	35	8	43	0.00001
Buttiauxella ferragutiae	82989	S	10	30	40	0.00001
Pseudescherichia vulneris	566	S	75	5	80	0.00002
Scandinavium goeteborgense	1851514	S	74	17	91	0.00002
Atlantibacter hermannii	565	S	73	19	92	0.00002
Shimwellia blattae	563	S	66	16	82	0.00002
Yokenella regensburgei	158877	S	63	33	96	0.00002
Phytobacter ursingii	1972431	S	35	59	94	0.00002
Pseudocitrobacter sp. G163CM	2891570	S	42	13	55	0.00001
Serratia marcescens	615	S	511	1391	1902	0.00041
Serratia plymuthica	82996	S	187	121	308	0.00007
Serratia sp. ATCC 39006	104623	S	41	5	46	0.00001
Serratia sp. FDAARGOS_506	2420306	S	28	37	65	0.00001
Serratia sp. FGI94	671990	S	23	34	57	0.00001
Serratia sp. 1D1416	2447890	S	12	52	64	0.00001
Serratia sp. 3ACOL1	2448483	S	10	23	33	0.00001
Serratia entomophila	42906	S	129	42	171	0.00004
Serratia odorifera	618	S	116	26	142	0.00003
Serratia rubidaea	61652	S	113	166	279	0.00006
Serratia proteamaculans	28151	S	83	25	108	0.00002
Serratia fonticola	47917	S	65	73	138	0.00003
Serratia surfactantfaciens	2741499	S	64	48	112	0.00002
Serratia grimesii	82995	S	42	6	48	0.00001
Serratia symbiotica	138074	S	42	8	50	0.00001
Serratia quinivorans	137545	S	37	18	55	0.00001
Serratia liquefaciens	614	S	33	59	92	0.00002
Serratia inhibens	2338073	S	33	23	56	0.00001
Serratia ureilytica	300181	S	24	404	428	0.00009
Serratia rhizosphaerae	2597702	S	16	19	35	0.00001
Yersinia pseudotuberculosis	633	S	11	32	43	0.00001
Yersinia similis	367190	S	10	3	13	0.00000
Yersinia enterocolitica	630	S	34	37	71	0.00002
Yersinia ruckeri	29486	S	30	8	38	0.00001
Yersinia mollaretii	33060	S	23	8	31	0.00001
Yersinia aldovae	29483	S	22	7	29	0.00001
Yersinia entomophaga	935293	S	20	5	25	0.00001
Yersinia frederiksenii	29484	S	19	33	52	0.00001
Yersinia rohdei	29485	S	13	3	16	0.00000
Yersinia kristensenii	28152	S	11	61	72	0.00002
Rahnella aquatilis	34038	S	72	136	208	0.00005
Rahnella victoriana	1510570	S	61	12	73	0.00002
Rahnella sp. ERMR1:05	1805933	S	61	11	72	0.00002
Rahnella inusitata	58169	S	51	18	69	0.00001
Nissabacter sp. SGAir0207	2126321	S	230	45	275	0.00006
Gibbsiella quercinecans	929813	S	133	24	157	0.00003
Rouxiella badensis	1646377	S	80	9	89	0.00002
Ewingella americana	41202	S	69	13	82	0.00002
Chania multitudinisentens	1639108	S	23	3	26	0.00001
Candidatus Fukatsuia symbiotica	1878942	S	17	1	18	0.00000
Pantoea sp. Z09	2886821	S	201	82	283	0.00006
Pantoea sp. SO10	2575375	S	75	18	93	0.00002
Pantoea sp. MSR2	2052056	S	54	6	60	0.00001
Pantoea sp. At-9b	592316	S	49	11	60	0.00001
Pantoea sp. CCBC3-3-1	2490851	S	43	10	53	0.00001
Pantoea agglomerans	549	S	354	144	498	0.00011
Pantoea dispersa	59814	S	331	112	443	0.00010
Pantoea vagans	470934	S	108	239	347	0.00008
Pantoea deleyi	470932	S	98	29	127	0.00003
Pantoea ananatis	553	S	79	37	116	0.00003
Pantoea alhagi	1891675	S	73	27	100	0.00002
Pantoea cypripedii	55209	S	64	5	69	0.00002
Pantoea stewartii	66269	S	54	20	74	0.00002
Pantoea rwandensis	1076550	S	46	12	58	0.00001
Erwinia sp. E602	2675378	S	171	38	209	0.00005
Erwinia sp. J780	2681984	S	48	11	59	0.00001
Erwinia sp. Ejp617	215689	S	12	25	37	0.00001
Erwinia gerundensis	1619313	S	108	25	133	0.00003
Erwinia persicina	55211	S	78	20	98	0.00002
Erwinia tasmaniensis	338565	S	62	15	77	0.00002
Erwinia amylovora	552	S	55	30	85	0.00002
Erwinia rhapontici	55212	S	54	12	66	0.00001
Erwinia billingiae	182337	S	39	88	127	0.00003
Erwinia tracheiphila	65700	S	38	6	44	0.00001
[Pantoea] beijingensis	1324864	S	28	6	34	0.00001
Candidatus Erwinia haradaeae	1922217	S	28	0	28	0.00001
Mixta gaviniae	665914	S	122	59	181	0.00004
Mixta calida	665913	S	89	59	148	0.00003
Mixta theicola	1458355	S	87	35	122	0.00003
Mixta sp. X22927	2872648	S	54	34	88	0.00002
Mixta intestinalis	1615494	S	53	18	71	0.00002
Buchnera aphidicola	9	S	52	12	64	0.00001
Tatumella ptyseos	82987	S	31	6	37	0.00001
Tatumella citrea	53336	S	15	2	17	0.00000
Dickeya dadantii	204038	S	111	49	160	0.00003
Dickeya zeae	204042	S	95	68	163	0.00004
Dickeya dianthicola	204039	S	86	34	120	0.00003
Dickeya chrysanthemi	556	S	79	6	85	0.00002
Dickeya fangzhongdai	1778540	S	42	112	154	0.00003
Dickeya sp. NCPPB 3274	568766	S	31	12	43	0.00001
Dickeya poaceiphila	568768	S	34	5	39	0.00001
Dickeya solani	1089444	S	29	385	414	0.00009
Pectobacterium carotovorum	554	S	65	169	234	0.00005
Pectobacterium brasiliense	180957	S	59	86	145	0.00003
Pectobacterium sp. LJ1	2878098	S	32	10	42	0.00001
Pectobacterium parmentieri	1905730	S	43	25	68	0.00001
Pectobacterium atrosepticum	29471	S	36	12	48	0.00001
Pectobacterium polaris	2042057	S	27	24	51	0.00001
Pectobacterium wasabiae	55208	S	24	9	33	0.00001
Pectobacterium punjabense	2108399	S	23	7	30	0.00001
Pectobacterium parvum	2778550	S	12	21	33	0.00001
Brenneria izadpanahii	2722756	S	99	116	215	0.00005
Brenneria goodwinii	1109412	S	74	84	158	0.00003
Brenneria rubrifaciens	55213	S	72	31	103	0.00002
Lonsdalea populi	1172565	S	108	32	140	0.00003
Lonsdalea britannica	1082704	S	76	21	97	0.00002
Musicola paradisiaca	69223	S	98	0	98	0.00002
Edwardsiella tarda	636	S	135	104	239	0.00005
Edwardsiella hoshinae	93378	S	68	19	87	0.00002
Edwardsiella ictaluri	67780	S	56	38	94	0.00002
Edwardsiella piscicida	1263550	S	14	278	292	0.00006
Hafnia alvei	569	S	42	39	81	0.00002
Hafnia paralvei	546367	S	18	8	26	0.00001
Obesumbacterium proteus	82983	S	16	12	28	0.00001
Morganella morganii	582	S	193	167	360	0.00008
Providencia rettgeri	587	S	35	81	116	0.00003
Providencia alcalifaciens	126385	S	14	7	21	0.00000
Photorhabdus thracensis	230089	S	46	9	55	0.00001
Photorhabdus asymbiotica	291112	S	16	2	18	0.00000
Photorhabdus laumondii	2218628	S	16	3	19	0.00000
Xenorhabdus bovienii	40576	S	26	6	32	0.00001
Xenorhabdus doucetiae	351671	S	23	3	26	0.00001
Xenorhabdus nematophila	628	S	20	3	23	0.00001
Xenorhabdus poinarii	40577	S	13	2	15	0.00000
Proteus mirabilis	584	S	20	35	55	0.00001
Proteus vulgaris	585	S	14	32	46	0.00001
Sodalis sp. dw_23	2697027	S	160	13	173	0.00004
Sodalis praecaptivus	1239307	S	73	55	128	0.00003
Sodalis glossinidius	63612	S	70	12	82	0.00002
Candidatus Sodalis pierantonius	1486991	S	39	31	70	0.00002
Leminorella richardii	158841	S	51	8	59	0.00001
Pragia fontium	82985	S	20	3	23	0.00001
Jinshanibacter zhutongyuii	2498113	S	14	2	16	0.00000
Limnobaculum parvum	2172103	S	12	2	14	0.00000
Thioalkalivibrio sulfidiphilus	1033854	S	975	751	1726	0.00037
Thioalkalivibrio nitratireducens	186931	S	869	258	1127	0.00024
Thioalkalivibrio paradoxus	108010	S	802	263	1065	0.00023
Thioalkalivibrio sp. K90mix	396595	S	632	97	729	0.00016
Thioalkalivibrio versutus	106634	S	600	96	696	0.00015
Spiribacter sp. E85	2182432	S	1602	190	1792	0.00039
Spiribacter sp. 2438	2666185	S	324	39	363	0.00008
Spiribacter curvatus	1335757	S	418	29	447	0.00010
Spiribacter salinus	1335746	S	262	24	286	0.00006
Acidihalobacter aeolianus	2792603	S	706	126	832	0.00018
Acidihalobacter ferrooxydans	1765967	S	599	80	679	0.00015
Acidihalobacter yilgarnensis	2819280	S	434	38	472	0.00010
Halorhodospira halophila	1053	S	670	96	766	0.00017
Halorhodospira halochloris	1052	S	100	5	105	0.00002
Alkalilimnicola ehrlichii	351052	S	774	125	899	0.00020
Aquisalimonas sp. 2447	2740807	S	732	65	797	0.00017
Ectothiorhodospira haloalkaliphila	421628	S	280	112	392	0.00009
Ectothiorhodospira sp. BSL-9	1442136	S	244	93	337	0.00007
Ectothiorhodosinus mongolicus	233100	S	93	7	100	0.00002
Allochromatium tepidum	553982	S	594	368	962	0.00021
Allochromatium vinosum	1049	S	581	291	872	0.00019
Candidatus Thiodictyon syntrophicum	1166950	S	1133	77	1210	0.00026
Thioflavicoccus mobilis	80679	S	1100	127	1227	0.00027
Marichromatium purpuratum	37487	S	1069	262	1331	0.00029
Thiocapsa bogorovii	521689	S	855	58	913	0.00020
Thiocystis violascens	73141	S	656	70	726	0.00016
Thermochromatium tepidum	1050	S	434	130	564	0.00012
Caldichromatium japonicum	2699430	S	307	43	350	0.00008
Nitrosococcus halophilus	133539	S	80	12	92	0.00002
Nitrosococcus wardiae	1814290	S	76	11	87	0.00002
Nitrosococcus watsonii	473531	S	56	16	72	0.00002
Nitrosococcus oceani	1229	S	46	12	58	0.00001
Rheinheimera sp. F8	1763998	S	40	3	43	0.00001
Rheinheimera sp. D18	2545632	S	18	19	37	0.00001
Rheinheimera mangrovi	2498451	S	16	2	18	0.00000
Candidatus Nitrosacidococcus tergens	553981	S	22	1	23	0.00001
Candidatus Nitrosoglobus terrae	1630141	S	14	1	15	0.00000
Wenzhouxiangella marina	1579979	S	744	57	801	0.00017
Wenzhouxiangella sp. AB-CW3	2771012	S	463	24	487	0.00011
Thiohalobacter sp. COW1	2795687	S	186	445	631	0.00014
Thiohalobacter thiocyanaticus	585455	S	136	402	538	0.00012
Guyparkeria halophila	47960	S	785	238	1023	0.00022
Sulfurivermis fontis	1972068	S	779	387	1166	0.00025
Halothiobacillus sp. LS2	1860122	S	317	37	354	0.00008
Halothiobacillus neapolitanus	927	S	125	17	142	0.00003
Woeseia oceani	1548547	S	447	9	456	0.00010
Sulfuriflexus mobilis	1811807	S	149	5	154	0.00003
Granulosicoccus antarcticus	437505	S	121	2	123	0.00003
Halomonas sp. THAF5a	2587844	S	459	215	674	0.00015
Halomonas sp. 1513	1883416	S	423	113	536	0.00012
Halomonas sp. YLGW01	2773308	S	406	85	491	0.00011
Halomonas sp. THAF12	2587849	S	401	307	708	0.00015
Halomonas sp. HG01	1609967	S	379	202	581	0.00013
Halomonas sp. MCCC 1A13316	2733487	S	365	58	423	0.00009
Halomonas sp. JS92-SW72	2306583	S	292	402	694	0.00015
Halomonas sp. PGE1	2730360	S	222	372	594	0.00013
Halomonas sp. A40-4	2785909	S	128	40	168	0.00004
Halomonas sp. Y2R2	2562282	S	113	7	120	0.00003
Halomonas sp. SH5A2	2749040	S	81	17	98	0.00002
Halomonas sp. KO116	1504981	S	76	37	113	0.00002
Halomonas sp. R57-5	1610576	S	68	33	101	0.00002
Halomonas sp. FeN2	2832500	S	64	32	96	0.00002
Halomonas sp. SS10-MC5	2854257	S	49	486	535	0.00012
Halomonas sp. SF2003	2136172	S	47	234	281	0.00006
Halomonas sp. GFAJ-1	1118153	S	45	9	54	0.00001
Halomonas sp. 18071143	2855441	S	42	109	151	0.00003
Halomonas sp. NyZ770	2883106	S	28	134	162	0.00004
Halomonas sp. TD01	999141	S	24	15	39	0.00001
Halomonas sp. N3-2A	2014541	S	20	28	48	0.00001
Halomonas sp. hl-4	1761789	S	18	137	155	0.00003
Halomonas sp. GT	1971364	S	17	14	31	0.00001
Halomonas sp. HL-93	1666906	S	13	102	115	0.00002
Halomonas beimenensis	475662	S	569	137	706	0.00015
Halomonas aestuarii	1897729	S	429	109	538	0.00012
Halomonas socia	1081866	S	411	94	505	0.00011
Halomonas elongata	2746	S	348	44	392	0.00009
Halomonas sulfidivorans	2733488	S	340	82	422	0.00009
Halomonas tianxiuensis	2497861	S	329	85	414	0.00009
Halomonas chromatireducens	507626	S	281	27	308	0.00007
Halomonas subglaciescola	29571	S	219	29	248	0.00005
Halomonas meridiana	29570	S	196	192	388	0.00008
Halomonas huangheensis	1178482	S	154	10	164	0.00004
Halomonas piezotolerans	2609667	S	121	75	196	0.00004
Halomonas sulfidoxydans	2733484	S	60	585	645	0.00014
Halomonas titanicae	664683	S	59	332	391	0.00008
Halomonas hydrothermalis	115561	S	40	130	170	0.00004
Halomonas profundi	2852117	S	38	6	44	0.00001
Halomonas venusta	44935	S	15	21	36	0.00001
Halomonas campaniensis	213554	S	10	52	62	0.00001
Cobetia sp. L2A1	2686360	S	132	19	151	0.00003
Cobetia sp. cqz5-12	2609415	S	89	140	229	0.00005
Cobetia sp. 4B	2758724	S	32	157	189	0.00004
Cobetia sp. AM6	2661553	S	29	191	220	0.00005
Cobetia pacifica	1055101	S	33	129	162	0.00004
Cobetia amphilecti	1055104	S	24	175	199	0.00004
Halotalea alkalilenta	376489	S	601	151	752	0.00016
Salinicola tamaricis	1771309	S	521	74	595	0.00013
Kushneria phosphatilytica	657387	S	168	8	176	0.00004
Kushneria konosiri	698828	S	147	34	181	0.00004
Kushneria marisflavi	157779	S	134	30	164	0.00004
Chromohalobacter salexigens	158080	S	435	58	493	0.00011
Pistricoccus aurantiacus	1883414	S	289	24	313	0.00007
Zymobacter palmae	33074	S	87	15	102	0.00002
Candidatus Portiera aleyrodidarum	91844	S	15	15	30	0.00001
Alcanivorax sp. N3-2A	2014542	S	467	603	1070	0.00023
Alcanivorax pacificus	1306787	S	363	172	535	0.00012
Alcanivorax xenomutans	1094342	S	224	168	392	0.00009
Alcanivorax dieselolei	285091	S	184	91	275	0.00006
Ketobacter alkanivorans	1917421	S	90	9	99	0.00002
Marinobacterium aestuarii	1821621	S	253	24	277	0.00006
Marinobacterium sediminicola	518898	S	100	19	119	0.00003
Marinobacterium georgiense	48076	S	96	39	135	0.00003
Marinobacterium sp. LSUCC0821	2668067	S	23	2	25	0.00001
Marinomonas sp. A3A	2065312	S	15	1	16	0.00000
Marinomonas sp. CT5	2066133	S	11	0	11	0.00000
Marinomonas arctica	383750	S	21	5	26	0.00001
Marinomonas profundi	2726122	S	20	6	26	0.00001
Marinomonas mediterranea	119864	S	17	1	18	0.00000
Marinomonas primoryensis	178399	S	15	2	17	0.00000
Marinomonas posidonica	936476	S	15	2	17	0.00000
Marinomonas algicola	2773454	S	11	2	13	0.00000
Thalassolituus sp. C2-1	2597518	S	63	4	67	0.00001
Thalassolituus oleivorans	187493	S	29	8	37	0.00001
Venatorbacter cucullus	2661630	S	63	18	81	0.00002
Bacterioplanes sanyensis	1249553	S	61	4	65	0.00001
Neptunomonas concharum	1031538	S	23	2	25	0.00001
Neptunomonas japonica	417574	S	16	1	17	0.00000
Neptunomonas phycophila	1572645	S	14	1	15	0.00000
Nitrincola iocasae	2614693	S	37	8	45	0.00001
Amphritea japonica	452627	S	30	3	33	0.00001
Bermanella marisrubri	207949	S	15	0	15	0.00000
Hahella sp. KA22	1628392	S	161	31	192	0.00004
Hahella chejuensis	158327	S	125	21	146	0.00003
Saccharospirillum mangrovi	2161747	S	171	13	184	0.00004
Reinekea forsetii	1336806	S	73	4	77	0.00002
Gynuella sunshinyii	1445505	S	65	2	67	0.00001
Litoricola lipolytica	418701	S	98	6	104	0.00002
Oleiphilus messinensis	141451	S	52	5	57	0.00001
Spartinivicinus ruber	2683272	S	41	1	42	0.00001
Endozoicomonas montiporae	1027273	S	35	2	37	0.00001
Solimonas sp. K1W22B-7	2303331	S	3409	450	3859	0.00084
Flagellatimonas centrodinii	2806210	S	853	78	931	0.00020
Sinimarinibacterium sp. NLF-5-8	2698684	S	426	311	737	0.00016
Steroidobacter denitrificans	465721	S	3773	1420	5193	0.00113
Methylococcus sp. EFPC2	2812648	S	634	55	689	0.00015
Methylococcus sp. Mc7	2860258	S	580	213	793	0.00017
Methylococcus capsulatus	414	S	602	170	772	0.00017
Methylococcus geothermalis	2681310	S	514	165	679	0.00015
Methylomonas sp. LL1	2785785	S	160	8	168	0.00004
Methylomonas sp. EFPC1	2812647	S	73	45	118	0.00003
Methylomonas sp. DH-1	1727196	S	69	121	190	0.00004
Methylomonas sp. LW13	107637	S	65	37	102	0.00002
Methylomonas koyamae	702114	S	214	204	418	0.00009
Methylomonas rhizoryzae	2608981	S	158	7	165	0.00004
Methylomonas denitrificans	1538553	S	149	11	160	0.00003
Methylomonas methanica	421	S	132	8	140	0.00003
Methylomonas paludis	1173101	S	43	2	45	0.00001
Methylocaldum marinum	1432792	S	864	66	930	0.00020
Methylomicrobium album	39775	S	622	32	654	0.00014
Methylomicrobium sp. wino1	2049332	S	110	112	222	0.00005
Methylomagnum ishizawai	1760988	S	693	38	731	0.00016
Methylogaea oryzae	1295382	S	631	61	692	0.00015
Candidatus Methylospira mobilis	1808979	S	230	12	242	0.00005
Methylotuvimicrobium alcaliphilum	271065	S	49	78	127	0.00003
Methylotuvimicrobium buryatense	95641	S	44	60	104	0.00002
Methylovulum psychrotolerans	1704499	S	100	3	103	0.00002
Methylobacter sp. S3L5C	2839024	S	27	2	29	0.00001
Aeromonas sp. FDAARGOS 1415	2778064	S	103	78	181	0.00004
Aeromonas sp. CA23	2033032	S	86	48	134	0.00003
Aeromonas sp. FDAARGOS 1409	2778058	S	56	102	158	0.00003
Aeromonas sp. CU5	2033033	S	40	22	62	0.00001
Aeromonas sp. ASNIH4	1636609	S	26	159	185	0.00004
Aeromonas sp. FDAARGOS 1410	2778059	S	19	54	73	0.00002
Aeromonas sp. FDAARGOS 1403	2778052	S	18	67	85	0.00002
Aeromonas sp. 1805	2560028	S	18	61	79	0.00002
Aeromonas sp. FDAARGOS 1407	2778056	S	13	49	62	0.00001
Aeromonas sp. FDAARGOS 1405	2778054	S	10	22	32	0.00001
Aeromonas hydrophila	644	S	445	1190	1635	0.00035
Aeromonas veronii	654	S	334	884	1218	0.00026
Aeromonas media	651	S	273	614	887	0.00019
Aeromonas schubertii	652	S	240	90	330	0.00007
Aeromonas encheleia	73010	S	213	94	307	0.00007
Aeromonas simiae	218936	S	199	247	446	0.00010
Aeromonas salmonicida	645	S	190	2724	2914	0.00063
Aeromonas caviae	648	S	158	1556	1714	0.00037
Aeromonas enteropelogenes	29489	S	131	128	259	0.00006
Aeromonas rivuli	648794	S	131	47	178	0.00004
Aeromonas dhakensis	196024	S	97	229	326	0.00007
Aeromonas jandaei	650	S	86	103	189	0.00004
Aeromonas sanarellii	633415	S	34	217	251	0.00005
Aeromonas rivipollensis	948519	S	24	45	69	0.00001
Aeromonas allosaccharophila	656	S	21	40	61	0.00001
Zobellella denitrificans	347534	S	493	133	626	0.00014
Oceanimonas sp. GK1	511062	S	189	46	235	0.00005
Oceanisphaera profunda	1416627	S	46	7	53	0.00001
Oceanisphaera avium	1903694	S	16	3	19	0.00000
Dongshaea marina	2047966	S	56	6	62	0.00001
Tolumonas auensis	43948	S	36	20	56	0.00001
Succinivibrio dextrinosolvens	83771	S	18	1	19	0.00000
Sulfurifustis variabilis	1675686	S	3388	280	3668	0.00080
Sulfuricaulis limicola	1620215	S	1370	138	1508	0.00033
Acidiferrobacter sp. SPIII_3	1281578	S	324	113	437	0.00009
Acidiferrobacter thiooxydans	163359	S	277	98	375	0.00008
Microbulbifer sp. YPW16	2904242	S	288	33	321	0.00007
Microbulbifer sp. SH-1	2681547	S	247	49	296	0.00006
Microbulbifer sp. YPW1	2745199	S	141	32	173	0.00004
Microbulbifer sp. ALW1	1516059	S	131	29	160	0.00003
Microbulbifer sp. THAF38	2587856	S	45	20	65	0.00001
Microbulbifer sp. GL-2	2591606	S	43	10	53	0.00001
Microbulbifer sp. A4B17	359370	S	42	13	55	0.00001
Microbulbifer aggregans	1769779	S	187	27	214	0.00005
Microbulbifer celer	435905	S	168	25	193	0.00004
Microbulbifer hydrolyticus	48074	S	162	35	197	0.00004
Microbulbifer thermotolerans	252514	S	125	9	134	0.00003
Microbulbifer elongatus	86173	S	117	23	140	0.00003
Microbulbifer agarilyticus	260552	S	89	12	101	0.00002
Microbulbifer variabilis	266805	S	51	22	73	0.00002
Cellvibrio sp. PSBB006	1987723	S	846	28	874	0.00019
Cellvibrio sp. KY-GH-1	2303332	S	113	8	121	0.00003
Cellvibrio sp. KY-YJ-3	454662	S	91	12	103	0.00002
Cellvibrio sp. PSBB023	1945512	S	66	6	72	0.00002
Cellvibrio japonicus	155077	S	134	9	143	0.00003
Simiduia agarivorans	447471	S	135	8	143	0.00003
Teredinibacter turnerae	2426	S	69	3	72	0.00002
Teredinibacter haidensis	2731755	S	31	2	33	0.00001
Teredinibacter purpureus	2731756	S	22	0	22	0.00000
Saccharophagus degradans	86304	S	31	1	32	0.00001
Marinagarivorans sp. GE09	2721545	S	26	2	28	0.00001
Agarilytica rhodophyticola	1737490	S	11	0	11	0.00000
Kineobactrum salinum	2708301	S	350	16	366	0.00008
Halioglobus japonicus	930805	S	149	8	157	0.00003
Halioglobus maricola	2601894	S	113	5	118	0.00003
Congregibacter litoralis	393662	S	180	82	262	0.00006
Aequoribacter fuscus	2518989	S	41	6	47	0.00001
Spongiibacter nanhainus	2794344	S	134	15	149	0.00003
Spongiibacter taiwanensis	1748242	S	112	5	117	0.00003
Spongiibacter sp. IMCC21906	1620392	S	38	11	49	0.00001
Zhongshania aliphaticivorans	1470434	S	51	4	55	0.00001
Oceanicoccus sagamiensis	716816	S	36	0	36	0.00001
Shewanella sp. FJAT-53555	2864204	S	22	23	45	0.00001
Shewanella sp. FJAT-51860	2864212	S	21	3	24	0.00001
Shewanella sp. FJAT-53764	2864207	S	21	39	60	0.00001
Shewanella sp. FJAT-52072	2864213	S	20	33	53	0.00001
Shewanella sp. FJAT-53681	2864205	S	20	38	58	0.00001
Shewanella sp. FJAT-54031	2864209	S	20	36	56	0.00001
Shewanella sp. KX20019	2803864	S	20	3	23	0.00001
Shewanella sp. Scap07	2589987	S	17	2	19	0.00000
Shewanella sp. FJAT-52076	2864202	S	17	30	47	0.00001
Shewanella sp. FJAT-53870	2864208	S	16	3	19	0.00000
Shewanella sp. SNU WT4	2590015	S	15	4	19	0.00000
Shewanella sp. WE21	2029986	S	14	8	22	0.00000
Shewanella sp. Pdp11	2059264	S	10	32	42	0.00001
Shewanella khirikhana	1965282	S	86	15	101	0.00002
Shewanella algae	38313	S	69	68	137	0.00003
Shewanella cyperi	2814292	S	59	35	94	0.00002
Shewanella marisflavi	260364	S	46	10	56	0.00001
Shewanella putrefaciens	24	S	45	167	212	0.00005
Shewanella baltica	62322	S	45	86	131	0.00003
Shewanella litorisediminis	1173586	S	38	10	48	0.00001
Shewanella amazonensis	60478	S	35	9	44	0.00001
Shewanella sedimentimangrovi	2814293	S	33	27	60	0.00001
Shewanella avicenniae	2814294	S	29	6	35	0.00001
Shewanella yunxiaonensis	2829809	S	26	5	31	0.00001
Shewanella benthica	43661	S	22	6	28	0.00001
Shewanella sediminis	271097	S	22	3	25	0.00001
Shewanella decolorationis	256839	S	20	26	46	0.00001
Shewanella oneidensis	70863	S	19	6	25	0.00001
Shewanella pealeana	70864	S	19	3	22	0.00000
Shewanella denitrificans	192073	S	19	3	22	0.00000
Shewanella dokdonensis	712036	S	19	2	21	0.00000
Shewanella loihica	359303	S	19	34	53	0.00001
Shewanella psychropiezotolerans	2593655	S	17	3	20	0.00000
Shewanella indica	768528	S	17	25	42	0.00001
Shewanella psychrophila	225848	S	16	2	18	0.00000
Shewanella inventionis	1738770	S	15	9	24	0.00001
Shewanella carassii	1987584	S	14	16	30	0.00001
Shewanella xiamenensis	332186	S	12	70	82	0.00002
Shewanella halifaxensis	271098	S	12	2	14	0.00000
Shewanella violacea	60217	S	12	2	14	0.00000
Shewanella aestuarii	1028752	S	10	4	14	0.00000
Shewanella maritima	2520507	S	10	1	11	0.00000
Shewanella psychromarinicola	2487742	S	10	1	11	0.00000
Shewanella woodyi	60961	S	10	1	11	0.00000
Shewanella chilikensis	558541	S	10	35	45	0.00001
Alteromonas sp. RKMC-009	2267264	S	35	13	48	0.00001
Alteromonas sp. BL110	1714845	S	11	24	35	0.00001
Alteromonas macleodii	28108	S	65	42	107	0.00002
Alteromonas pelagimontana	1858656	S	34	5	39	0.00001
Alteromonas mediterranea	314275	S	23	13	36	0.00001
Salinimonas marina	2785918	S	37	5	42	0.00001
Salinimonas iocasae	2572577	S	32	9	41	0.00001
Salinimonas lutimaris	914153	S	28	6	34	0.00001
Salinimonas sediminis	2303538	S	19	5	24	0.00001
Hydrocarboniclastica marina	2259620	S	206	37	243	0.00005
Saliniradius amylolyticus	2183582	S	57	6	63	0.00001
Lacimicrobium alkaliphilum	1526571	S	52	4	56	0.00001
Agarivorans gilvus	680279	S	20	10	30	0.00001
Paraglaciecola sp. L1A13	2686359	S	17	2	19	0.00000
Paraglaciecola mesophila	197222	S	12	1	13	0.00000
Paraneptunicella aestuarii	2831148	S	23	1	24	0.00001
Glaciecola nitratireducens	300231	S	21	1	22	0.00000
Catenovulum sediminis	1740262	S	18	1	19	0.00000
Saccharobesus litoralis	2172099	S	17	1	18	0.00000
Pseudoalteromonas sp. R3	1709477	S	28	21	49	0.00001
Pseudoalteromonas rubra	43658	S	58	10	68	0.00001
Pseudoalteromonas viridis	339617	S	44	18	62	0.00001
Pseudoalteromonas shioyasakiensis	1190813	S	20	12	32	0.00001
Pseudoalteromonas luteoviolacea	43657	S	18	3	21	0.00000
Pseudoalteromonas spongiae	298657	S	18	7	25	0.00001
Pseudoalteromonas xiamenensis	882626	S	16	2	18	0.00000
Pseudoalteromonas piscicida	43662	S	15	23	38	0.00001
Pseudoalteromonas piratica	1348114	S	12	2	14	0.00000
Pseudoalteromonas agarivorans	176102	S	11	37	48	0.00001
Pseudoalteromonas mariniglutinosa	206042	S	10	33	43	0.00001
Ferrimonas balearica	44012	S	224	36	260	0.00006
Ferrimonas lipolytica	2724191	S	19	3	22	0.00000
Idiomarina sp. OT37-5b	2100422	S	29	7	36	0.00001
Idiomarina sp. X4	2055892	S	11	4	15	0.00000
Idiomarina abyssalis	86102	S	23	3	26	0.00001
Idiomarina piscisalsi	1096243	S	10	3	13	0.00000
Colwellia sp. Arc7-635	2497879	S	12	4	16	0.00000
Thalassotalea sp. PS06	2594005	S	10	3	13	0.00000
Moritella yayanosii	69539	S	15	5	20	0.00000
Moritella marina	90736	S	11	3	14	0.00000
Psychromonas ingrahamii	357794	S	18	2	20	0.00000
Psychromonas sp. CNPT3	314282	S	11	2	13	0.00000
Vibrio parahaemolyticus	670	S	53	25	78	0.00002
Vibrio diabolicus	50719	S	20	25	45	0.00001
Vibrio alginolyticus	663	S	19	68	87	0.00002
Vibrio harveyi	669	S	19	10	29	0.00001
Vibrio campbellii	680	S	19	39	58	0.00001
Vibrio natriegens	691	S	14	29	43	0.00001
Vibrio azureus	512649	S	12	2	14	0.00000
Vibrio owensii	696485	S	12	14	26	0.00001
Vibrio rotiferianus	190895	S	10	6	16	0.00000
Vibrio sp. OG9-811	2841925	S	53	11	64	0.00001
Vibrio sp. B1FLJ16	2751178	S	22	6	28	0.00001
Vibrio sp. THAF190c	2587865	S	18	3	21	0.00000
Vibrio sp. HDW18	2714948	S	13	3	16	0.00000
Vibrio sp. Scap24	2589990	S	10	6	16	0.00000
Vibrio fluvialis	676	S	100	28	128	0.00003
Vibrio furnissii	29494	S	92	44	136	0.00003
Vibrio vulnificus	672	S	73	22	95	0.00002
Vibrio sinaloensis	379097	S	24	4	28	0.00001
Vibrio europaeus	300876	S	10	7	17	0.00000
Vibrio cholerae	666	S	40	58	98	0.00002
Vibrio anguillarum	55601	S	31	14	45	0.00001
Vibrio navarrensis	29495	S	28	14	42	0.00001
Vibrio spartinae	1918945	S	27	4	31	0.00001
Vibrio mimicus	674	S	27	11	38	0.00001
Vibrio scophthalmi	45658	S	22	5	27	0.00001
Vibrio cyclitrophicus	47951	S	22	11	33	0.00001
Vibrio tapetis	52443	S	22	2	24	0.00001
Vibrio alfacsensis	1074311	S	21	18	39	0.00001
Vibrio coralliilyticus	190893	S	21	16	37	0.00001
Vibrio nigripulchritudo	28173	S	18	9	27	0.00001
Vibrio breoganii	553239	S	17	2	19	0.00000
Vibrio rumoiensis	76258	S	16	13	29	0.00001
Vibrio gazogenes	687	S	16	2	18	0.00000
Vibrio metschnikovii	28172	S	15	3	18	0.00000
Vibrio algicola	2662262	S	15	3	18	0.00000
Vibrio ponticus	265668	S	15	1	16	0.00000
Vibrio maritimus	990268	S	15	2	17	0.00000
Vibrio taketomensis	2572923	S	15	2	17	0.00000
Vibrio astriarenae	1481923	S	14	2	16	0.00000
Vibrio zhugei	2479546	S	14	4	18	0.00000
Vibrio metoecus	1481663	S	13	8	21	0.00000
Vibrio panuliri	1381081	S	13	2	15	0.00000
Vibrio mediterranei	689	S	11	1	12	0.00000
Vibrio chagasii	170679	S	11	3	14	0.00000
Vibrio ziniensis	2711221	S	10	1	11	0.00000
Vibrio kanaloae	170673	S	10	4	14	0.00000
Photobacterium sp. GJ3	2829502	S	51	8	59	0.00001
Photobacterium sp. TLY01	2907534	S	42	9	51	0.00001
Photobacterium ganghwense	320778	S	54	16	70	0.00002
Photobacterium gaetbulicola	1295392	S	45	5	50	0.00001
Photobacterium damselae	38293	S	27	21	48	0.00001
Salinivibrio kushneri	1908198	S	28	23	51	0.00001
Grimontia hollisae	673	S	42	7	49	0.00001
Thaumasiovibrio subtropicus	1891207	S	13	2	15	0.00000
Immundisolibacter cernigliae	1810504	S	1365	319	1684	0.00037
Candidatus Endoriftia persephone	393765	S	362	23	385	0.00008
Candidatus Vesicomyosocius sp. SY067_SCS001	2732590	S	10	8	18	0.00000
Sedimenticola thiotaurini	1543721	S	223	13	236	0.00005
Candidatus Reidiella endopervernicosa	2738883	S	183	5	188	0.00004
Thiolapillus brandeum	1076588	S	166	5	171	0.00004
Pseudohongiella spirulinae	1249552	S	67	2	69	0.00002
Gallaecimonas mangrovi	2291597	S	42	4	46	0.00001
Ignatzschineria sp. HR5S32	2923279	S	21	2	23	0.00001
Celerinatantimonas diazotrophica	412034	S	17	1	18	0.00000
Acinetobacter sp. WCHAc010034	1879049	S	56	47	103	0.00002
Acinetobacter sp. NCu2D-2	1608473	S	10	8	18	0.00000
Acinetobacter baumannii	470	S	35	256	291	0.00006
Acinetobacter pittii	48296	S	11	26	37	0.00001
Acinetobacter calcoaceticus	471	S	10	2	12	0.00000
Acinetobacter indicus	756892	S	39	42	81	0.00002
Acinetobacter johnsonii	40214	S	22	28	50	0.00001
Acinetobacter lwoffii	28090	S	20	51	71	0.00002
Acinetobacter schindleri	108981	S	16	19	35	0.00001
Acinetobacter baylyi	202950	S	15	2	17	0.00000
Acinetobacter radioresistens	40216	S	14	2	16	0.00000
Acinetobacter soli	487316	S	13	1	14	0.00000
Acinetobacter variabilis	70346	S	11	23	34	0.00001
Acinetobacter junii	40215	S	11	6	17	0.00000
Psychrobacter sp. DAB_AL43B	1028416	S	14	50	64	0.00001
Psychrobacter arenosus	256326	S	17	7	24	0.00001
Psychrobacter urativorans	45610	S	12	16	28	0.00001
Moraxella osloensis	34062	S	29	6	35	0.00001
Moraxella cuniculi	34061	S	15	6	21	0.00000
Moraxella catarrhalis	480	S	13	19	32	0.00001
Aquirhabdus parva	2283318	S	27	1	28	0.00001
Legionella pneumophila	446	S	124	42	166	0.00004
Legionella sp. MW5194	2662448	S	44	5	49	0.00001
Legionella sp. PC1000	2746060	S	12	1	13	0.00000
Legionella geestiana	45065	S	60	4	64	0.00001
Legionella sainthelensi	28087	S	56	6	62	0.00001
Legionella spiritensis	452	S	45	3	48	0.00001
Legionella longbeachae	450	S	38	4	42	0.00001
Legionella israelensis	454	S	21	1	22	0.00000
Legionella clemsonensis	1867846	S	21	2	23	0.00001
Legionella oakridgensis	29423	S	18	1	19	0.00000
Legionella lansingensis	45067	S	18	1	19	0.00000
Legionella anisa	28082	S	16	2	18	0.00000
Legionella waltersii	66969	S	16	1	17	0.00000
Legionella jordanis	456	S	14	1	15	0.00000
Legionella fallonii	96230	S	12	0	12	0.00000
Legionella antarctica	2708020	S	11	0	11	0.00000
Legionella cherrii	28084	S	11	0	11	0.00000
Legionella hackeliae	449	S	10	1	11	0.00000
Fluoribacter dumoffii	463	S	13	1	14	0.00000
Tatlockia micdadei	451	S	11	0	11	0.00000
Aquicella siphonis	254247	S	94	13	107	0.00002
Aquicella lusitana	254246	S	75	13	88	0.00002
Coxiella burnetii	777	S	53	12	65	0.00001
Candidatus Coxiella mudrowiae	2054173	S	12	2	14	0.00000
Thiomicrorhabdus xiamenensis	2739063	S	29	1	30	0.00001
Thiomicrorhabdus aquaedulcis	2211106	S	22	1	23	0.00001
Thiomicrorhabdus sediminis	2580412	S	17	0	17	0.00000
Thiomicrorhabdus sp. Am19	2791037	S	15	0	15	0.00000
Thiomicrorhabdus indica	2267253	S	10	0	10	0.00000
Methylophaga frappieri	754477	S	27	18	45	0.00001
Methylophaga sp. TMB456	2881052	S	20	9	29	0.00001
Methylophaga nitratireducenticrescens	754476	S	18	4	22	0.00000
Thiomicrospira sp. S5	1803865	S	23	14	37	0.00001
Thiomicrospira microaerophila	406020	S	20	3	23	0.00001
Thiomicrospira aerophila	92245	S	13	1	14	0.00000
Hydrogenovibrio thermophilus	265883	S	38	24	62	0.00001
Hydrogenovibrio crunogenus	39765	S	10	0	10	0.00000
Thiosulfatimonas sediminis	2675054	S	25	2	27	0.00001
Piscirickettsia salmonis	1238	S	17	1	18	0.00000
Thiosulfativibrio zosterae	2675053	S	10	0	10	0.00000
Thiothrix litoralis	2891210	S	78	6	84	0.00002
Thiothrix sp. CT3	96472	S	59	21	80	0.00002
Thiothrix subterranea	2735563	S	53	15	68	0.00001
Candidatus Thiothrix anitrata	2823902	S	41	25	66	0.00001
Thiothrix unzii	111769	S	39	21	60	0.00001
Beggiatoa leptomitoformis	288004	S	22	0	22	0.00000
Francisella frigiditurris	1542390	S	10	18	28	0.00001
Salinisphaera sp. LB1	2183911	S	774	40	814	0.00018
endosymbiont of unidentified scaly snail isolate Monju	1248727	S	685	74	759	0.00016
Haemophilus parainfluenzae	729	S	27	14	41	0.00001
Haemophilus influenzae	727	S	16	18	34	0.00001
Aggregatibacter actinomycetemcomitans	714	S	25	6	31	0.00001
Aggregatibacter aphrophilus	732	S	21	19	40	0.00001
Actinobacillus sp. GY-402	2774188	S	31	20	51	0.00001
Actinobacillus pleuropneumoniae	715	S	11	9	20	0.00000
Mannheimia granulomatis	85402	S	20	6	26	0.00001
Mannheimia haemolytica	75985	S	10	8	18	0.00000
Pasteurella multocida	747	S	13	64	77	0.00002
Glaesserella parasuis	738	S	14	30	44	0.00001
Avibacterium paragallinarum	728	S	11	4	15	0.00000
Cardiobacterium hominis	2718	S	210	56	266	0.00006
Cardiobacterium sp. Marseille-Q4385	2866573	S	134	32	166	0.00004
Suttonella sp. R2A3	2908648	S	31	2	33	0.00001
Dichelobacter nodosus	870	S	28	10	38	0.00001
Kangiella koreensis	261964	S	27	3	30	0.00001
Kangiella profundi	1561924	S	23	4	27	0.00001
Kangiella sediminilitoris	1144748	S	13	0	13	0.00000
Gilliamella apicola	1196095	S	10	4	14	0.00000
Archangium violaceum	83451	S	10782	1768	12550	0.00272
Archangium gephyra	48	S	5217	980	6197	0.00134
Cystobacter fuscus	43	S	5012	1118	6130	0.00133
Stigmatella aurantiaca	41	S	3718	241	3959	0.00086
Melittangium boletus	83453	S	2208	451	2659	0.00058
Myxococcus xanthus	34	S	3080	28567	31647	0.00687
Myxococcus hansupus	1297742	S	1675	108	1783	0.00039
Myxococcus stipitatus	83455	S	1516	109	1625	0.00035
Myxococcus sp. SCHIC003	2813577	S	1299	95	1394	0.00030
Corallococcus coralloides	184914	S	2877	1074	3951	0.00086
Corallococcus sp. EGB	1521117	S	2110	761	2871	0.00062
Corallococcus macrosporus	35	S	1914	244	2158	0.00047
Pyxidicoccus sp. SCPEA002	2813578	S	4865	195	5060	0.00110
Anaeromyxobacter sp. Red232	2918170	S	4853	586	5439	0.00118
Anaeromyxobacter sp. Fw109-5	404589	S	4369	644	5013	0.00109
Anaeromyxobacter sp. Red630	2918171	S	3898	581	4479	0.00097
Anaeromyxobacter sp. K	447217	S	991	2224	3215	0.00070
Anaeromyxobacter dehalogenans	161493	S	3228	2562	5790	0.00126
Vulgatibacter incomptus	1391653	S	2514	213	2727	0.00059
Sorangium cellulosum	56	S	35406	4643	40049	0.00869
Polyangium aurulentum	2567896	S	9844	1002	10846	0.00235
Chondromyces crocatus	52	S	4385	223	4608	0.00100
Pajaroellobacter abortibovis	1882918	S	60	2	62	0.00001
Sandaracinus amylolyticus	927083	S	13735	837	14572	0.00316
Labilithrix luteola	1391654	S	4983	248	5231	0.00114
Haliangium ochraceum	80816	S	6047	343	6390	0.00139
Geomonas sp. RF6	2897342	S	1088	149	1237	0.00027
Geomonas nitrogeniifigens	2847991	S	722	404	1126	0.00024
Geomonas paludis	2740185	S	686	376	1062	0.00023
Geomonas subterranea	2847989	S	550	277	827	0.00018
Geomonas oryzisoli	2847992	S	534	318	852	0.00018
Geobacter sp. FeAm09	2597769	S	641	88	729	0.00016
Geobacter sp. SVR	2495594	S	480	74	554	0.00012
Geobacter sp. DSM 9736	1277350	S	287	22	309	0.00007
Geobacter sulfurreducens	35554	S	780	184	964	0.00021
Geobacter pickeringii	345632	S	688	201	889	0.00019
Geobacter metallireducens	28232	S	397	107	504	0.00011
Geobacter benzoatilyticus	2815309	S	267	68	335	0.00007
Citrifermentans bremense	60035	S	634	264	898	0.00019
Citrifermentans bemidjiense	225194	S	549	209	758	0.00016
Geotalea uraniireducens	351604	S	366	30	396	0.00009
Geotalea daltonii	1203471	S	184	16	200	0.00004
Geoalkalibacter subterraneus	483547	S	326	275	601	0.00013
Trichlorobacter lovleyi	313985	S	175	25	200	0.00004
Desulfuromonas versatilis	2802975	S	1206	234	1440	0.00031
Desulfuromonas sp. DDH964	1823759	S	825	158	983	0.00021
Desulfuromonas sp. AOP6	1566351	S	256	30	286	0.00006
Desulfuromonas soudanensis	1603606	S	724	88	812	0.00018
Pelobacter propionicus	29543	S	422	172	594	0.00013
Syntrophotalea acetylenica	29542	S	230	49	279	0.00006
Syntrophotalea carbinolica	19	S	177	15	192	0.00004
Syntrophotalea acetylenivorans	1842532	S	141	23	164	0.00004
Desulfovibrio sp. IOR2	2583823	S	289	61	350	0.00008
Desulfovibrio sp. G11	631220	S	106	76	182	0.00004
Desulfovibrio sp. 86	2666132	S	104	28	132	0.00003
Desulfovibrio vulgaris	881	S	448	19	467	0.00010
Desulfovibrio sulfodismutans	63561	S	364	102	466	0.00010
Desulfovibrio desulfuricans	876	S	317	77	394	0.00009
Desulfovibrio piger	901	S	283	61	344	0.00007
Desulfovibrio fairfieldensis	44742	S	251	23	274	0.00006
Desulfovibrio ferrophilus	241368	S	136	12	148	0.00003
Candidatus Desulfovibrio trichonymphae	1725232	S	62	5	67	0.00001
Pseudodesulfovibrio indicus	1716143	S	485	128	613	0.00013
Pseudodesulfovibrio mercurii	641491	S	451	131	582	0.00013
Pseudodesulfovibrio aespoeensis	182210	S	321	236	557	0.00012
Pseudodesulfovibrio cashew	2678688	S	267	64	331	0.00007
Pseudodesulfovibrio sp. SF6	2810563	S	148	17	165	0.00004
Pseudodesulfovibrio sp. zrk46	2725288	S	115	23	138	0.00003
Pseudodesulfovibrio tunisiensis	463192	S	259	30	289	0.00006
Pseudodesulfovibrio profundus	57320	S	78	80	158	0.00003
Pseudodesulfovibrio piezophilus	879567	S	46	7	53	0.00001
Solidesulfovibrio carbinoliphilus	345370	S	644	89	733	0.00016
Solidesulfovibrio carbinolicus	296842	S	281	231	512	0.00011
Solidesulfovibrio magneticus	184917	S	263	158	421	0.00009
Oceanidesulfovibrio marinus	370038	S	740	51	791	0.00017
Desulfocurvibacter africanus	873	S	551	46	597	0.00013
Desulfolutivibrio sulfoxidireducens	2773299	S	431	129	560	0.00012
Megalodesulfovibrio gigas	879	S	342	19	361	0.00008
Oleidesulfovibrio alaskensis	58180	S	132	178	310	0.00007
Maridesulfovibrio salexigens	880	S	41	4	45	0.00001
Maridesulfovibrio hydrothermalis	191026	S	22	2	24	0.00001
Paradesulfovibrio bizertensis	376490	S	55	5	60	0.00001
Lawsonia intracellularis	29546	S	14	0	14	0.00000
Desulfomicrobium baculatum	899	S	367	29	396	0.00009
Desulfomicrobium orale	132132	S	216	53	269	0.00006
Desulfohalobium retbaense	45663	S	147	8	155	0.00003
Desulfosarcina alkanivorans	571177	S	428	169	597	0.00013
Desulfosarcina ovata	83564	S	379	17	396	0.00009
Desulfosarcina widdelii	947919	S	353	38	391	0.00008
Desulfococcus multivorans	897	S	316	61	377	0.00008
Desulfatibacillum aliphaticivorans	218208	S	227	8	235	0.00005
Desulfoluna sp. ASN36	2810562	S	204	11	215	0.00005
Desulfonema magnum	45655	S	127	3	130	0.00003
Desulfonema limicola	45656	S	32	2	34	0.00001
Desulfobacter postgatei	2293	S	53	10	63	0.00001
Desulfobacter hydrogenophilus	2291	S	33	6	39	0.00001
Desulforapulum autotrophicum	2296	S	82	10	92	0.00002
Desulfobacula toluolica	28223	S	20	1	21	0.00000
Desulfobulbus propionicus	894	S	348	23	371	0.00008
Desulfobulbus oralis	1986146	S	284	61	345	0.00007
Desulfobulbus oligotrophicus	1909699	S	75	61	136	0.00003
Desulfurivibrio alkaliphilus	427923	S	299	16	315	0.00007
Desulfomarina profundi	2772557	S	32	2	34	0.00001
Desulfosudis oleivorans	181663	S	298	14	312	0.00007
Desulfosediminicola ganghwensis	2569540	S	85	9	94	0.00002
Desulfosediminicola flagellatus	2569541	S	23	2	25	0.00001
Desulfotalea psychrophila	84980	S	37	6	43	0.00001
Desulfocapsa sulfexigens	65555	S	25	1	26	0.00001
Persicimonas caeni	2292766	S	1885	65	1950	0.00042
Bradymonas sediminis	1548548	S	545	44	589	0.00013
Bradymonadales bacterium V1718	2600177	S	247	13	260	0.00006
Syntrophobacter fumaroxidans	119484	S	469	183	652	0.00014
Desulfoglaeba alkanexedens	361111	S	462	26	488	0.00011
Desulfarculus baarsii	453230	S	803	444	1247	0.00027
Desulfomonile tiedjei	2358	S	164	2	166	0.00004
Desulfobacca acetoxidans	60893	S	156	4	160	0.00003
Syntrophus aciditrophicus	316277	S	152	11	163	0.00004
Dissulfurimicrobium hydrothermale	1750598	S	68	4	72	0.00002
Candidatus Desulfofervidus auxilii	1621989	S	38	1	39	0.00001
Hippea maritima	84405	S	24	1	25	0.00001
Campylobacter showae	204	S	51	28	79	0.00002
Campylobacter gracilis	824	S	51	8	59	0.00001
Campylobacter curvus	200	S	49	11	60	0.00001
Campylobacter concisus	199	S	41	11	52	0.00001
Campylobacter rectus	203	S	22	14	36	0.00001
Sulfurimonas sp. HSL-3221	2894755	S	190	33	223	0.00005
Sulfuricurvum kujiense	148813	S	19	1	20	0.00000
Helicobacter pylori	210	S	57	44	101	0.00002
Helicobacter sp. NHP19-0003	2849641	S	12	7	19	0.00000
Helicobacter heilmannii	35817	S	11	13	24	0.00001
Helicobacter canis	29419	S	10	6	16	0.00000
Wolinella succinogenes	844	S	16	10	26	0.00001
Nitratifractor salsuginis	269261	S	95	9	104	0.00002
Sulfurovum sp. HSL1-3	2893889	S	19	6	25	0.00001
Sulfurovum sp. NBC37-1	387093	S	15	7	22	0.00000
Sulfurovum indicum	2779528	S	13	2	15	0.00000
Sulfurovum lithotrophicum	206403	S	10	5	15	0.00000
Hydrogenimonas urashimensis	2740515	S	96	11	107	0.00002
Sulfurospirillum cavolei	366522	S	24	16	40	0.00001
Nitratiruptor sp. YY09-18	2724901	S	15	20	35	0.00001
Caminibacter mediatlanticus	291048	S	10	9	19	0.00000
Acidithiobacillus caldus	33059	S	236	59	295	0.00006
Acidithiobacillus ferrivorans	160808	S	123	49	172	0.00004
Acidithiobacillus ferrooxidans	920	S	96	182	278	0.00006
Acidithiobacillus thiooxidans	930	S	50	5	55	0.00001
Acidithiobacillus ferriphilus	1689834	S	50	22	72	0.00002
Bdellovibrio bacteriovorus	959	S	166	25	191	0.00004
Bdellovibrio sp. NC01	2220073	S	42	5	47	0.00001
Bdellovibrio sp. LBG001	2835041	S	26	3	29	0.00001
Bdellovibrio sp. ZAP7	2231053	S	22	8	30	0.00001
Bdellovibrio sp. KM01	2748865	S	18	6	24	0.00001
Pseudobdellovibrio exovorus	453816	S	18	1	19	0.00000
Bacteriovorax stolpii	960	S	18	7	25	0.00001
Hydrogenophilus thermoluteolus	297	S	265	62	327	0.00007
Mariprofundus ferrinatatus	1921087	S	91	9	100	0.00002
Mariprofundus aestuarium	1921086	S	59	7	66	0.00001
Streptomyces sp. WAC 01438	2203204	S	5419	2272	7691	0.00167
Streptomyces sp. SCSIO 64649	2878388	S	2418	577	2995	0.00065
Streptomyces sp. CB01881	2078691	S	2020	500	2520	0.00055
Streptomyces sp. SN-593	659352	S	1987	615	2602	0.00056
Streptomyces sp. NHF165	2175864	S	1865	420	2285	0.00050
Streptomyces sp. MA3_2.13	2867410	S	1770	300	2070	0.00045
Streptomyces sp. CdTB01	1725411	S	1737	615	2352	0.00051
Streptomyces sp. BJ20	2930049	S	1653	826	2479	0.00054
Streptomyces sp. So13.3	2136173	S	1593	386	1979	0.00043
Streptomyces sp. 891-h	2720714	S	1515	356	1871	0.00041
Streptomyces sp. ZYC-3	2797636	S	1510	370	1880	0.00041
Streptomyces sp. SCUT-3	2684469	S	1510	775	2285	0.00050
Streptomyces sp. NA02950	2742137	S	1483	375	1858	0.00040
Streptomyces sp. ST1015	1848900	S	1480	388	1868	0.00041
Streptomyces sp. P3	2135430	S	1378	428	1806	0.00039
Streptomyces sp. BH-MK-02	2880933	S	1377	374	1751	0.00038
Streptomyces sp. 3025	2923272	S	1374	315	1689	0.00037
Streptomyces sp. Z423-1	2730915	S	1368	490	1858	0.00040
Streptomyces sp. LRE541	2931983	S	1279	360	1639	0.00036
Streptomyces sp. SAT1	1849967	S	1212	562	1774	0.00038
Streptomyces sp. C8S0	2585716	S	1207	440	1647	0.00036
Streptomyces sp. HM190	2695266	S	1207	474	1681	0.00036
Streptomyces sp. NEAU-sy36	2751189	S	1199	550	1749	0.00038
Streptomyces sp. AMCC400023	2056258	S	1184	559	1743	0.00038
Streptomyces sp. MST-110588	2833628	S	1174	365	1539	0.00033
Streptomyces sp. JB150	2714844	S	1149	473	1622	0.00035
Streptomyces sp. DSM 40868	2721173	S	1148	511	1659	0.00036
Streptomyces sp. YIM 121038	2136401	S	1147	411	1558	0.00034
Streptomyces sp. MBT27	1488356	S	1145	422	1567	0.00034
Streptomyces sp. GMY02	1333528	S	1138	257	1395	0.00030
Streptomyces sp. W1SF4	2305220	S	1132	499	1631	0.00035
Streptomyces sp. 3214.6	1882757	S	1124	404	1528	0.00033
Streptomyces sp. GQFP	2907545	S	1096	234	1330	0.00029
Streptomyces sp. A2-16	2781734	S	1084	409	1493	0.00032
Streptomyces sp. NA04227	2742136	S	1057	312	1369	0.00030
Streptomyces sp. GS7	2692234	S	1021	343	1364	0.00030
Streptomyces sp. SYP-A7193	2662065	S	1003	674	1677	0.00036
Streptomyces sp. BHT-5-2	2866715	S	998	383	1381	0.00030
Streptomyces sp. Go-475	2072505	S	995	548	1543	0.00033
Streptomyces sp. QHH-9511	2684468	S	976	336	1312	0.00028
Streptomyces sp. Go 40/10	2825844	S	953	502	1455	0.00032
Streptomyces sp. MG28	2865673	S	949	398	1347	0.00029
Streptomyces sp. RTd22	1841249	S	921	429	1350	0.00029
Streptomyces sp. CMB-StM0423	2059884	S	919	482	1401	0.00030
Streptomyces sp. MG62	2838015	S	918	413	1331	0.00029
Streptomyces sp. RPA4-2	2721244	S	914	323	1237	0.00027
Streptomyces sp. SirexAA-E	862751	S	908	331	1239	0.00027
Streptomyces sp. 135	2838850	S	880	343	1223	0.00027
Streptomyces sp. Rer75	2750011	S	872	447	1319	0.00029
Streptomyces sp. CCM_MD2014	1561022	S	858	832	1690	0.00037
Streptomyces sp. SM18	1736046	S	854	290	1144	0.00025
Streptomyces sp. HSG2	2797167	S	833	233	1066	0.00023
Streptomyces sp. HP-A2021	2927875	S	807	518	1325	0.00029
Streptomyces sp. fd1-xmd	1812480	S	805	411	1216	0.00026
Streptomyces sp. INR7	2607753	S	799	463	1262	0.00027
Streptomyces sp. CB09001	2083284	S	793	589	1382	0.00030
Streptomyces sp. Tu 2975	2676871	S	787	305	1092	0.00024
Streptomyces sp. WAC 01529	2203205	S	746	316	1062	0.00023
Streptomyces sp. TN58	234612	S	732	389	1121	0.00024
Streptomyces sp. S4.7	2705439	S	678	268	946	0.00021
Streptomyces sp. jing01	2726118	S	673	439	1112	0.00024
Streptomyces sp. S1D4-11	2721246	S	594	462	1056	0.00023
Streptomyces sp. WAC 06738	2203210	S	592	605	1197	0.00026
Streptomyces sp. YPW6	2840373	S	554	326	880	0.00019
Streptomyces sp. WY228	2855836	S	537	324	861	0.00019
Streptomyces sp. CNQ-509	444103	S	528	531	1059	0.00023
Streptomyces sp. Mg1	465541	S	512	509	1021	0.00022
Streptomyces sp. SUK 48	2582831	S	503	354	857	0.00019
Streptomyces sp. ADI95-16	1522758	S	480	448	928	0.00020
Streptomyces sp. HF10	2692233	S	471	371	842	0.00018
Streptomyces sp. 769	1262452	S	442	366	808	0.00018
Streptomyces sp. 2323.1	1938841	S	398	271	669	0.00015
Streptomyces sp. NA02536	2742133	S	387	1111	1498	0.00033
Streptomyces sp. AgN23	1188315	S	382	368	750	0.00016
Streptomyces sp. RPA4-5	2721245	S	377	269	646	0.00014
Streptomyces sp. 3211	1964449	S	344	467	811	0.00018
Streptomyces sp. S063	2005885	S	343	263	606	0.00013
Streptomyces sp. A144	2871487	S	341	1677	2018	0.00044
Streptomyces sp. S8	1837283	S	339	323	662	0.00014
Streptomyces sp. SGAir0924	2109593	S	333	1780	2113	0.00046
Streptomyces sp. XC 2026	2782004	S	332	318	650	0.00014
Streptomyces sp. EAS-AB2608	2779671	S	332	565	897	0.00019
Streptomyces sp. SS52	2563602	S	325	1678	2003	0.00043
Streptomyces sp. NEAU-S7GS2	2202000	S	317	282	599	0.00013
Streptomyces sp. PBH53	1577075	S	303	476	779	0.00017
Streptomyces sp. MOE7	1961713	S	271	356	627	0.00014
Streptomyces sp. WA6-1-16	2879427	S	269	296	565	0.00012
Streptomyces sp. HNA39	2850561	S	264	329	593	0.00013
Streptomyces sp. Sge12	1972846	S	256	427	683	0.00015
Streptomyces sp. ID38640	1265399	S	250	190	440	0.00010
Streptomyces sp. 11-1-2	1851167	S	245	490	735	0.00016
Streptomyces sp. RLB1-33	2721243	S	244	758	1002	0.00022
Streptomyces sp. Tue 6075	1661694	S	238	296	534	0.00012
Streptomyces sp. CFMR 7	1649184	S	202	376	578	0.00013
Streptomyces sp. CLI2509	1984801	S	177	659	836	0.00018
Streptomyces sp. CB00271	2750025	S	176	258	434	0.00009
Streptomyces sp. NA03103	2742134	S	174	1207	1381	0.00030
Streptomyces sp. WAC00303	2933779	S	170	264	434	0.00009
Streptomyces sp. CB04723	2748873	S	165	320	485	0.00011
Streptomyces sp. Tu6071	355249	S	158	525	683	0.00015
Streptomyces sp. V17-9	2831149	S	151	769	920	0.00020
Streptomyces sp. BSE6.1	2605730	S	150	723	873	0.00019
Streptomyces sp. M56	1495638	S	149	423	572	0.00012
Streptomyces sp. M2	646637	S	141	818	959	0.00021
Streptomyces sp. CRSS-Y-16	2906474	S	135	829	964	0.00021
Streptomyces sp. CB09030	2913412	S	119	431	550	0.00012
Streptomyces sp. VN1	1821625	S	118	540	658	0.00014
Streptomyces sp. PAMC 26508	1265601	S	113	436	549	0.00012
Streptomyces sp. KPB2	2305221	S	105	921	1026	0.00022
Streptomyces sp. endophyte_N2	2153485	S	102	320	422	0.00009
Streptomyces sp. HU2014	2939414	S	98	364	462	0.00010
Streptomyces sp. WA1-19	2884220	S	96	558	654	0.00014
Streptomyces sp. S501	2420135	S	94	391	485	0.00011
Streptomyces sp. WAC00288	2094021	S	90	406	496	0.00011
Streptomyces sp. A1-5	2738410	S	79	397	476	0.00010
Streptomyces sp. 2114.2	1881022	S	77	516	593	0.00013
Streptomyces sp. LBUM 1480	2609808	S	68	734	802	0.00017
Streptomyces sp. R527F	1664033	S	64	393	457	0.00010
Streptomyces sp. GF20	2692235	S	56	343	399	0.00009
Streptomyces sp. CA-256286	2801033	S	52	348	400	0.00009
Streptomyces sp. S1A1-7	2594459	S	49	502	551	0.00012
Streptomyces sp. NBU3104	2911367	S	47	336	383	0.00008
Streptomyces sp. 604F	1476754	S	43	420	463	0.00010
Streptomyces sp. PLM4	2929798	S	37	332	369	0.00008
Streptomyces sp. OUCMDZ-3434	1535304	S	33	375	408	0.00009
Streptomyces sp. RLB3-17	2594455	S	33	562	595	0.00013
Streptomyces sp. PVA_94-07	1225337	S	32	510	542	0.00012
Streptomyces sp. LBUM 1482	2609809	S	32	889	921	0.00020
Streptomyces sp. FR-008	206662	S	32	284	316	0.00007
Streptomyces sp. RLB3-6	2594457	S	31	1060	1091	0.00024
Streptomyces sp. LBUM 1475	2609807	S	29	945	974	0.00021
Streptomyces sp. CC0208	2306165	S	27	782	809	0.00018
Streptomyces sp. S1D4-20	2594462	S	25	740	765	0.00017
Streptomyces sp. GBA 94-10	1218177	S	22	303	325	0.00007
Streptomyces sp. A10(2020)	2782013	S	21	266	287	0.00006
Streptomyces sp. S1D4-14	2594461	S	20	1423	1443	0.00031
Streptomyces sp. RLB1-9	2594454	S	19	1141	1160	0.00025
Streptomyces sp. ICC1	2099583	S	14	883	897	0.00019
Streptomyces venezuelae	54571	S	5998	2359	8357	0.00181
Streptomyces cadmiisoli	2184053	S	1304	376	1680	0.00036
Streptomyces aurantiacus	47760	S	1149	316	1465	0.00032
Streptomyces qaidamensis	1783515	S	792	369	1161	0.00025
Streptomyces alboniger	132473	S	614	256	870	0.00019
Streptomyces koyangensis	188770	S	481	529	1010	0.00022
Streptomyces hygroscopicus	1912	S	1816	2538	4354	0.00094
Streptomyces rapamycinicus	1226757	S	1198	309	1507	0.00033
Streptomyces yatensis	155177	S	434	335	769	0.00017
Streptomyces violaceusniger	68280	S	429	300	729	0.00016
Streptomyces malaysiensis	92644	S	132	413	545	0.00012
Streptomyces bathyalis	2710756	S	2772	550	3322	0.00072
Streptomyces albus	1888	S	2501	1396	3897	0.00085
Streptomyces griseus	1911	S	902	866	1768	0.00038
Streptomyces sp. M54	2759525	S	102	275	377	0.00008
Streptomyces anulatus	1892	S	732	805	1537	0.00033
Streptomyces microflavus	1919	S	359	1632	1991	0.00043
Streptomyces globisporus	1908	S	284	2172	2456	0.00053
Streptomyces chartreusis	1969	S	2288	1119	3407	0.00074
Streptomyces calvus	67282	S	2168	952	3120	0.00068
Streptomyces lydicus	47763	S	1996	1467	3463	0.00075
Streptomyces armeniacus	83291	S	1972	336	2308	0.00050
Streptomyces formicae	1616117	S	1887	678	2565	0.00056
Streptomyces buecherae	2763006	S	1884	564	2448	0.00053
Streptomyces bingchenggensis	379067	S	1880	420	2300	0.00050
Streptomyces cattleya	29303	S	1664	573	2237	0.00049
Streptomyces viridosporus	67581	S	1650	758	2408	0.00052
Streptomyces griseorubiginosus	67304	S	1650	612	2262	0.00049
Streptomyces tsukubensis	83656	S	1619	410	2029	0.00044
Streptomyces niveus	193462	S	1605	830	2435	0.00053
Streptomyces harbinensis	1176198	S	1571	506	2077	0.00045
Streptomyces capitiformicae	2014920	S	1546	272	1818	0.00039
Streptomyces cyaneochromogenes	2496836	S	1538	509	2047	0.00044
Streptomyces spectabilis	68270	S	1516	558	2074	0.00045
Streptomyces seoulensis	73044	S	1500	662	2162	0.00047
Streptomyces aquilus	2548456	S	1460	489	1949	0.00042
Streptomyces davaonensis	348043	S	1438	457	1895	0.00041
Streptomyces ferrugineus	1413221	S	1385	503	1888	0.00041
Streptomyces xanthii	2768069	S	1372	481	1853	0.00040
Streptomyces rimosus	1927	S	1371	5139	6510	0.00141
Streptomyces roseirectus	2768066	S	1337	374	1711	0.00037
Streptomyces tendae	1932	S	1282	601	1883	0.00041
Streptomyces xinghaiensis	1038928	S	1276	456	1732	0.00038
Streptomyces genisteinicus	2768068	S	1254	460	1714	0.00037
Streptomyces lincolnensis	1915	S	1220	399	1619	0.00035
Streptomyces prasinus	67345	S	1211	452	1663	0.00036
Streptomyces durmitorensis	319947	S	1210	300	1510	0.00033
Streptomyces actuosus	1885	S	1205	582	1787	0.00039
Streptomyces albulus	68570	S	1203	418	1621	0.00035
Streptomyces ambofaciens	1889	S	1190	825	2015	0.00044
Streptomyces ficellus	1977088	S	1189	493	1682	0.00037
Streptomyces lunaelactis	1535768	S	1185	287	1472	0.00032
Streptomyces globosus	68209	S	1183	503	1686	0.00037
Streptomyces griseochromogenes	68214	S	1139	358	1497	0.00032
Streptomyces paludis	2282738	S	1133	288	1421	0.00031
Streptomyces nodosus	40318	S	1131	333	1464	0.00032
Streptomyces clavuligerus	1901	S	1126	318	1444	0.00031
Streptomyces griseocarneus	51201	S	1122	458	1580	0.00034
Streptomyces griseoviridis	45398	S	1121	416	1537	0.00033
Streptomyces vietnamensis	362257	S	1118	426	1544	0.00034
Streptomyces pactum	68249	S	1116	507	1623	0.00035
Streptomyces olivoreticuli	68246	S	1113	367	1480	0.00032
Streptomyces rectiverticillatus	173860	S	1111	416	1527	0.00033
Streptomyces alboflavus	67267	S	1099	348	1447	0.00031
Streptomyces antibioticus	1890	S	1099	446	1545	0.00034
Streptomyces dengpaensis	2049881	S	1091	346	1437	0.00031
Streptomyces aureoverticillatus	66871	S	1091	336	1427	0.00031
Streptomyces nigra	1827580	S	1090	487	1577	0.00034
Streptomyces asoensis	249586	S	1088	366	1454	0.00032
Streptomyces liangshanensis	2717324	S	1075	317	1392	0.00030
Streptomyces phaeolivaceus	2653200	S	1073	331	1404	0.00030
Streptomyces luteoverticillatus	66425	S	1063	412	1475	0.00032
Streptomyces avermitilis	33903	S	1048	343	1391	0.00030
Streptomyces glaucescens	1907	S	1039	510	1549	0.00034
Streptomyces parvulus	146923	S	1011	505	1516	0.00033
Streptomyces exfoliatus	1905	S	1003	394	1397	0.00030
Streptomyces collinus	42684	S	974	738	1712	0.00037
Streptomyces lavendulae	1914	S	968	385	1353	0.00029
Streptomyces subrutilus	36818	S	966	411	1377	0.00030
Streptomyces katrae	68223	S	958	413	1371	0.00030
Streptomyces roseochromogenus	285450	S	955	337	1292	0.00028
Streptomyces atratus	1893	S	938	220	1158	0.00025
Streptomyces chromofuscus	42881	S	916	400	1316	0.00029
Streptomyces broussonetiae	2686304	S	914	312	1226	0.00027
Streptomyces hundungensis	1077946	S	908	327	1235	0.00027
Streptomyces incarnatus	665007	S	904	293	1197	0.00026
Streptomyces pristinaespiralis	38300	S	881	404	1285	0.00028
Streptomyces peucetius	1950	S	871	275	1146	0.00025
Streptomyces galilaeus	33899	S	865	331	1196	0.00026
Streptomyces vinaceus	1960	S	860	352	1212	0.00026
Streptomyces tirandamycinicus	2174846	S	854	324	1178	0.00026
Streptomyces fodineus	1904616	S	836	331	1167	0.00025
Streptomyces gilvosporeus	553510	S	821	300	1121	0.00024
Streptomyces deccanensis	424188	S	820	372	1192	0.00026
Streptomyces kanamyceticus	1967	S	805	301	1106	0.00024
Streptomyces angustmyceticus	285578	S	789	362	1151	0.00025
Streptomyces mobaraensis	35621	S	779	31800	32579	0.00707
Streptomyces nitrosporeus	28894	S	775	252	1027	0.00022
Streptomyces gardneri	66892	S	763	342	1105	0.00024
Streptomyces inhibens	2293571	S	756	259	1015	0.00022
Streptomyces pratensis	1169025	S	752	209	961	0.00021
Streptomyces coeruleorubidus	116188	S	746	391	1137	0.00025
Streptomyces gobiensis	2875706	S	744	166	910	0.00020
Streptomyces rutgersensis	53451	S	742	410	1152	0.00025
Streptomyces pluripotens	1355015	S	742	196	938	0.00020
Streptomyces dangxiongensis	1442032	S	741	290	1031	0.00022
Streptomyces qinzhouensis	2599401	S	739	202	941	0.00020
Streptomyces hawaiiensis	67305	S	728	350	1078	0.00023
Streptomyces spongiicola	1690221	S	711	335	1046	0.00023
Streptomyces finlayi	67296	S	709	186	895	0.00019
Streptomyces cyanogenus	80860	S	694	342	1036	0.00022
Streptomyces huasconensis	1854574	S	688	301	989	0.00021
Streptomyces tuirus	68278	S	675	379	1054	0.00023
Streptomyces fagopyri	2662397	S	642	245	887	0.00019
Streptomyces nojiriensis	66374	S	611	291	902	0.00020
Streptomyces leeuwenhoekii	1437453	S	564	428	992	0.00022
Streptomyces cyaneogriseus	68192	S	532	450	982	0.00021
Streptomyces decoyicus	249567	S	394	238	632	0.00014
Streptomyces fungicidicus	68203	S	359	1114	1473	0.00032
Streptomyces antimycoticus	68175	S	343	371	714	0.00015
Streptomyces auratus	114687	S	342	245	587	0.00013
Streptomyces lydicamycinicus	1546107	S	342	221	563	0.00012
Streptomyces xiamenensis	408015	S	307	282	589	0.00013
Streptomyces platensis	58346	S	281	225	506	0.00011
Streptomyces coelicolor	1902	S	113	983	1096	0.00024
Streptomyces albidoflavus	1886	S	84	1344	1428	0.00031
Streptomyces sampsonii	42239	S	55	470	525	0.00011
Streptomyces filamentosus	67294	S	234	313	547	0.00012
Streptomyces olivaceus	47716	S	209	812	1021	0.00022
Streptomyces californicus	67351	S	189	652	841	0.00018
Streptomyces cavourensis	67258	S	174	340	514	0.00011
Streptomyces alfalfae	1642299	S	159	946	1105	0.00024
Streptomyces mirabilis	68239	S	155	969	1124	0.00024
Streptomyces fradiae	1906	S	139	2154	2293	0.00050
Streptomyces autolyticus	75293	S	118	416	534	0.00012
Streptomyces murinus	33900	S	103	310	413	0.00009
Streptomyces noursei	1971	S	100	414	514	0.00011
Streptomyces lividans	1916	S	86	1168	1254	0.00027
Streptomyces albireticuli	1940	S	86	385	471	0.00010
Streptomyces griseofuscus	146922	S	84	397	481	0.00010
Streptomyces cinereoruber	67260	S	80	444	524	0.00011
Streptomyces scabiei	1930	S	77	710	787	0.00017
Streptomyces violaceoruber	1935	S	62	288	350	0.00008
Streptomyces rubrolavendulae	285473	S	48	372	420	0.00009
Streptomyces rochei	1928	S	48	380	428	0.00009
Kitasatospora sp. MMS16-BH015	2018025	S	1335	535	1870	0.00041
Kitasatospora sp. NA04385	2742135	S	1066	685	1751	0.00038
Kitasatospora setae	2066	S	1167	721	1888	0.00041
Kitasatospora aureofaciens	1894	S	932	462	1394	0.00030
Kitasatospora albolonga	68173	S	366	324	690	0.00015
Streptacidiphilus sp. P02-A3a	2704468	S	1379	514	1893	0.00041
Streptacidiphilus sp. PB12-B1b	2705012	S	1183	564	1747	0.00038
Streptacidiphilus bronchialis	2126346	S	1097	433	1530	0.00033
Yinghuangia sp. ASG 101	2896848	S	1650	339	1989	0.00043
Microbacterium sp. No. 7	1714373	S	922	474	1396	0.00030
Microbacterium sp. 4R-513	2567934	S	684	148	832	0.00018
Microbacterium sp. JZ31	1906274	S	673	220	893	0.00019
Microbacterium sp. 10M-3C3	2483401	S	613	251	864	0.00019
Microbacterium sp. ABRD_28	2268461	S	506	81	587	0.00013
Microbacterium sp. YJN-G	2763257	S	503	197	700	0.00015
Microbacterium sp. SSW1-51	2851650	S	495	158	653	0.00014
Microbacterium sp. BH-3-3-3	1906742	S	426	119	545	0.00012
Microbacterium sp. NIBRBAC000506063	2734618	S	421	199	620	0.00013
Microbacterium sp. XT11	367477	S	398	101	499	0.00011
Microbacterium sp. PM5	2014534	S	395	85	480	0.00010
Microbacterium sp. LKL04	912630	S	390	108	498	0.00011
Microbacterium sp. H1-D42	2925844	S	389	78	467	0.00010
Microbacterium sp. A18JL241	2782166	S	383	109	492	0.00011
Microbacterium sp. cx-55	2875948	S	381	66	447	0.00010
Microbacterium sp. SSW1-36	2851648	S	374	101	475	0.00010
Microbacterium sp. CBA3102	2603598	S	343	109	452	0.00010
Microbacterium sp. Y-01	2048898	S	336	169	505	0.00011
Microbacterium sp. 1S1	2606451	S	311	185	496	0.00011
Microbacterium sp. TPU 3598	1938334	S	265	92	357	0.00008
Microbacterium sp. Nx66	2766784	S	259	229	488	0.00011
Microbacterium sp. RG1	2489212	S	156	127	283	0.00006
Microbacterium sp. PAMC22086	2861281	S	79	185	264	0.00006
Microbacterium sp. CGR1	1696072	S	78	586	664	0.00014
Microbacterium sp. 1.5R	1916917	S	70	510	580	0.00013
Microbacterium sp. SGAir0570	2070348	S	54	199	253	0.00005
Microbacterium sp. str. 'China'	2103230	S	52	310	362	0.00008
Microbacterium sp. PAMC 28756	1795053	S	23	388	411	0.00009
Microbacterium cremeum	2782169	S	1310	317	1627	0.00035
Microbacterium foliorum	104336	S	974	227	1201	0.00026
Microbacterium hominis	162426	S	869	2524	3393	0.00074
Microbacterium oleivorans	273677	S	822	183	1005	0.00022
Microbacterium atlanticum	2782168	S	767	194	961	0.00021
Microbacterium lemovicicum	1072463	S	650	169	819	0.00018
Microbacterium sediminis	904291	S	627	325	952	0.00021
Microbacterium resistens	156977	S	622	132	754	0.00016
Microbacterium oryzae	743009	S	572	197	769	0.00017
Microbacterium pygmaeum	370764	S	519	74	593	0.00013
Microbacterium caowuchunii	2614638	S	511	112	623	0.00014
Microbacterium lushaniae	2614639	S	486	127	613	0.00013
Microbacterium chocolatum	84292	S	471	122	593	0.00013
Microbacterium wangchenii	2541726	S	471	120	591	0.00013
Microbacterium luteum	2782167	S	460	218	678	0.00015
Microbacterium testaceum	2033	S	457	94	551	0.00012
Microbacterium protaetiae	2509458	S	454	117	571	0.00012
Microbacterium aurum	36805	S	444	159	603	0.00013
Microbacterium esteraromaticum	57043	S	444	112	556	0.00012
Microbacterium oxydans	82380	S	418	342	760	0.00017
Microbacterium hydrocarbonoxydans	273678	S	316	64	380	0.00008
Microbacterium schleiferi	69362	S	294	117	411	0.00009
Microbacterium fandaimingii	2708079	S	239	23	262	0.00006
Microbacterium binotii	462710	S	207	164	371	0.00008
Microbacterium amylolyticum	936337	S	180	45	225	0.00005
Microbacterium chengjingii	2769067	S	155	9	164	0.00004
Microbacterium endophyticum	1526412	S	135	11	146	0.00003
Microbacterium paludicola	300019	S	61	233	294	0.00006
Microbacterium paraoxydans	199592	S	61	430	491	0.00011
Agromyces sp. H17E-10	2932244	S	842	320	1162	0.00025
Agromyces sp. LHK192	2498704	S	794	269	1063	0.00023
Agromyces sp. CFWR-12	2929802	S	593	381	974	0.00021
Agromyces flavus	589382	S	915	344	1259	0.00027
Agromyces soli	659012	S	773	334	1107	0.00024
Agromyces aureus	453304	S	691	233	924	0.00020
Agromyces marinus	1389020	S	653	285	938	0.00020
Agromyces protaetiae	2509455	S	652	221	873	0.00019
Agromyces archimandritae	2781962	S	652	225	877	0.00019
Agromyces intestinalis	2592652	S	548	336	884	0.00019
Agromyces badenianii	2080742	S	524	203	727	0.00016
Agromyces laixinhei	2585717	S	483	131	614	0.00013
Curtobacterium sp. L6-1	2841594	S	510	200	710	0.00015
Curtobacterium sp. BH-2-1-1	1905847	S	432	171	603	0.00013
Curtobacterium sp. YC1	2795488	S	379	207	586	0.00013
Curtobacterium sp. MR_MD2014	1561023	S	355	197	552	0.00012
Curtobacterium sp. 24E2	2804758	S	275	178	453	0.00010
Curtobacterium sp. TC1	2862880	S	268	163	431	0.00009
Curtobacterium sp. TXMA1	2876939	S	250	248	498	0.00011
Curtobacterium sp. SGAir0471	2070337	S	226	216	442	0.00010
Curtobacterium sp. C1	2898151	S	97	352	449	0.00010
Curtobacterium sp. Csp2	2495430	S	61	250	311	0.00007
Curtobacterium sp. Csp1	2495429	S	10	269	279	0.00006
Curtobacterium flaccumfaciens	2035	S	725	400	1125	0.00024
Curtobacterium luteum	33881	S	464	199	663	0.00014
Rathayibacter sp. VKM Ac-2759	2609252	S	619	258	877	0.00019
Rathayibacter sp. VKM Ac-2760	2609253	S	602	352	954	0.00021
Rathayibacter sp. VKM Ac-2804	2609257	S	396	320	716	0.00016
Rathayibacter sp. VKM Ac-2801	2609255	S	235	235	470	0.00010
Rathayibacter sp. VKM Ac-2762	2609254	S	106	295	401	0.00009
Rathayibacter sp. VKM Ac-2805	2609258	S	105	301	406	0.00009
Rathayibacter festucae	110937	S	601	720	1321	0.00029
Rathayibacter tanaceti	1671680	S	391	119	510	0.00011
Rathayibacter tritici	33888	S	256	89	345	0.00008
Rathayibacter iranicus	59737	S	230	36	266	0.00006
Rathayibacter rathayi	33887	S	210	65	275	0.00006
Rathayibacter toxicus	145458	S	109	11	120	0.00003
Leucobacter sp. NB 10	2873270	S	449	153	602	0.00013
Leucobacter sp. H25R-14	2932245	S	447	90	537	0.00012
Leucobacter sp. Psy1	2875729	S	402	61	463	0.00010
Leucobacter sp. CX169	2813744	S	265	85	350	0.00008
Leucobacter sp. H21R-36	2932246	S	158	419	577	0.00013
Leucobacter sp. H21R-40	2932247	S	128	338	466	0.00010
Leucobacter muris	1935379	S	501	220	721	0.00016
Leucobacter triazinivorans	1784719	S	476	336	812	0.00018
Leucobacter luti	340320	S	150	17	167	0.00004
Leucobacter viscericola	2714935	S	146	17	163	0.00004
Leucobacter insecticola	2714934	S	135	14	149	0.00003
Leucobacter denitrificans	683042	S	83	15	98	0.00002
Leucobacter coleopterorum	2714933	S	81	10	91	0.00002
Leifsonia sp. ZF2019	2781978	S	646	211	857	0.00019
Leifsonia sp. PS1209	2724914	S	598	193	791	0.00017
Leifsonia sp. 21MFCrub1.1	1798223	S	585	783	1368	0.00030
Leifsonia shinshuensis	150026	S	901	301	1202	0.00026
Leifsonia xyli	1575	S	547	89	636	0.00014
Clavibacter michiganensis	28447	S	2744	3853	6597	0.00143
Clavibacter zhangzhiyongii	2768071	S	313	182	495	0.00011
Clavibacter sp. A6099	2860285	S	218	164	382	0.00008
Agrococcus sp. SCSIO52902	2933290	S	703	426	1129	0.00025
Agrococcus sp. SGAir0287	2070347	S	700	253	953	0.00021
Agrococcus sp. Marseille-Q4369	2810513	S	693	299	992	0.00022
Agrococcus jejuensis	399736	S	694	263	957	0.00021
Agrococcus carbonis	684552	S	689	384	1073	0.00023
Protaetiibacter intestinalis	2419774	S	687	301	988	0.00021
Protaetiibacter sp. SSC-01	2759943	S	652	294	946	0.00021
Protaetiibacter larvae	2592654	S	479	187	666	0.00014
Salinibacterium sp. ZJ450	2708338	S	499	96	595	0.00013
Salinibacterium sp. ZJ70	2708084	S	380	120	500	0.00011
Salinibacterium sp. dk2585	2603292	S	320	66	386	0.00008
Salinibacterium sp. UTAS2018	2508880	S	111	12	123	0.00003
Salinibacterium sp. M195	2583374	S	78	10	88	0.00002
Salinibacterium hongtaonis	2079791	S	174	23	197	0.00004
Cryobacterium sp. LW097	1978566	S	370	95	465	0.00010
Cryobacterium sp. PAMC25264	2861288	S	226	146	372	0.00008
Cryobacterium soli	2220095	S	293	165	458	0.00010
Cryobacterium arcticum	670052	S	238	193	431	0.00009
Frondihabitans sp. PAMC 28766	1795630	S	587	98	685	0.00015
Frondihabitans sp. 762G35	1446794	S	527	140	667	0.00014
Microterricola viridarii	412690	S	1063	330	1393	0.00030
Microcella flavibacter	1804990	S	619	371	990	0.00021
Microcella alkaliphila	279828	S	354	76	430	0.00009
Plantibacter sp. PA-3-X8	2480625	S	183	194	377	0.00008
Plantibacter sp. M259	2583822	S	170	174	344	0.00007
Plantibacter flavus	150123	S	206	197	403	0.00009
Herbiconiux sp. SALV-R1	2735133	S	734	185	919	0.00020
Gryllotalpicola protaetiae	2419771	S	718	175	893	0.00019
Mycetocola zhujimingii	2079792	S	258	39	297	0.00006
Mycetocola sp. JXN-3	2116510	S	234	45	279	0.00006
Mycetocola spongiae	2859226	S	203	34	237	0.00005
Cnuibacter physcomitrellae	1619308	S	691	189	880	0.00019
Frigoribacterium sp. NBH87	2596916	S	656	243	899	0.00020
Subtercola sp. AK-R2A1-2	2895559	S	398	50	448	0.00010
Subtercola sp. PAMC28395	2846775	S	231	31	262	0.00006
Chryseoglobus indicus	2750620	S	114	292	406	0.00009
Chryseoglobus sp. 28M-23	2772253	S	95	230	325	0.00007
Humibacter sp. WJ7-1	2599293	S	568	157	725	0.00016
Amnibacterium sp. L3-i23	2905871	S	554	168	722	0.00016
Marisediminicola antarctica	674079	S	451	70	521	0.00011
Diaminobutyricimonas sp. LJ205	2683590	S	435	103	538	0.00012
Gulosibacter sediminis	1729695	S	430	158	588	0.00013
Glaciihabitans sp. INWT7	2596912	S	341	34	375	0.00008
Agreia sp. COWG	2773266	S	318	48	366	0.00008
Aquiluna borgnonia	2499157	S	60	7	67	0.00001
Candidatus Aquiluna sp. UB-MaderosW2red	1855377	S	27	2	29	0.00001
Rhodoluna limnophila	232537	S	46	3	49	0.00001
Candidatus Rhodoluna planktonica	535712	S	19	1	20	0.00000
Rhodoluna lacicola	529884	S	12	0	12	0.00000
Pseudoclavibacter sp. Marseille-Q3772	2866588	S	89	21	110	0.00002
Aurantimicrobium photophilum	1987356	S	18	1	19	0.00000
Aurantimicrobium minutum	708131	S	12	3	15	0.00000
Pontimonas salivibrio	1159327	S	31	1	32	0.00001
Arthrobacter sp. QXT-31	1357915	S	1828	670	2498	0.00054
Arthrobacter sp. QL17	2895818	S	587	171	758	0.00016
Arthrobacter sp. FW305-BF8	2879617	S	544	197	741	0.00016
Arthrobacter sp. NicSoilB8	2830998	S	503	173	676	0.00015
Arthrobacter sp. PM3	2017685	S	434	92	526	0.00011
Arthrobacter sp. KBS0702	2578107	S	386	204	590	0.00013
Arthrobacter sp. 24S4-2	2575374	S	375	112	487	0.00011
Arthrobacter sp. U41	1849032	S	368	139	507	0.00011
Arthrobacter sp. ERGS1:01	1704044	S	353	86	439	0.00010
Arthrobacter sp. NicSoilB4	2830997	S	351	146	497	0.00011
Arthrobacter sp. NicSoilC5	2831000	S	351	244	595	0.00013
Arthrobacter sp. UKPF54-2	2600159	S	332	186	518	0.00011
Arthrobacter sp. PAMC25564	2565366	S	320	115	435	0.00009
Arthrobacter sp. Helios	2828862	S	319	67	386	0.00008
Arthrobacter sp. FB24	290399	S	297	129	426	0.00009
Arthrobacter sp. FW306-2-2C-D06B	2879618	S	266	68	334	0.00007
Arthrobacter sp. PGP41	2079227	S	265	126	391	0.00008
Arthrobacter sp. PAMC25284	2861279	S	251	86	337	0.00007
Arthrobacter sp. PAMC 25486	1494608	S	224	46	270	0.00006
Arthrobacter sp. zg-Y809	2886940	S	216	88	304	0.00007
Arthrobacter sp. zg-Y462	2886936	S	212	55	267	0.00006
Arthrobacter sp. NtRootA1	2830983	S	157	65	222	0.00005
Arthrobacter sp. D5-1	1477518	S	125	112	237	0.00005
Arthrobacter sp. StoSoilB5	2830992	S	119	46	165	0.00004
Arthrobacter sp. StoSoilB20	2830995	S	118	44	162	0.00004
Arthrobacter sp. YN	2020486	S	104	59	163	0.00004
Arthrobacter sp. C1-1	2813727	S	64	11	75	0.00002
Arthrobacter sp. FW306-07-I	2879622	S	52	396	448	0.00010
Arthrobacter sp. StoSoilB19	2830994	S	51	317	368	0.00008
Arthrobacter sp. NicSoilB11	2830999	S	47	254	301	0.00007
Arthrobacter sp. FW306-06-A	2879621	S	43	205	248	0.00005
Arthrobacter sp. StoSoilA2	2830990	S	41	100	141	0.00003
Arthrobacter sp. StoSoilB13	2830993	S	39	98	137	0.00003
Arthrobacter sp. FW306-05-C	2879620	S	34	243	277	0.00006
Arthrobacter sp. AQ5-05	2184581	S	14	230	244	0.00005
Arthrobacter crystallopoietes	37928	S	995	230	1225	0.00027
Arthrobacter agilis	37921	S	857	155	1012	0.00022
Arthrobacter sulfonylureivorans	2486855	S	534	108	642	0.00014
Arthrobacter woluwensis	156980	S	408	117	525	0.00011
Arthrobacter dokdonellae	2211210	S	383	81	464	0.00010
Arthrobacter jiangjiafuii	2817475	S	252	83	335	0.00007
Arthrobacter alpinus	656366	S	240	349	589	0.00013
Arthrobacter sunyaminii	2816859	S	137	51	188	0.00004
Kocuria rosea	1275	S	956	338	1294	0.00028
Kocuria flava	446860	S	886	515	1401	0.00030
Kocuria turfanensis	388357	S	869	325	1194	0.00026
Kocuria palustris	71999	S	419	202	621	0.00013
Kocuria rhizophila	72000	S	345	1063	1408	0.00031
Kocuria varians	1272	S	274	210	484	0.00011
Kocuria sp. TGY1127_2	2711328	S	93	19	112	0.00002
Kocuria sp. KD4	2719588	S	65	68	133	0.00003
Kocuria sp. BT304	1702043	S	26	88	114	0.00002
Kocuria indica	1049583	S	48	66	114	0.00002
Pseudarthrobacter sp. BIM B-2242	2772401	S	271	88	359	0.00008
Pseudarthrobacter sp. L1SW	2851598	S	268	140	408	0.00009
Pseudarthrobacter sp. NBSH8	2596911	S	152	71	223	0.00005
Pseudarthrobacter sp. NIBRBAC000502772	2590775	S	145	125	270	0.00006
Pseudarthrobacter sp. SSS035	2931399	S	141	143	284	0.00006
Pseudarthrobacter sp. NIBRBAC000502771	2590774	S	77	301	378	0.00008
Pseudarthrobacter sp. NIBRBAC000502770	2590785	S	48	165	213	0.00005
Pseudarthrobacter phenanthrenivorans	361575	S	277	173	450	0.00010
Pseudarthrobacter chlorophenolicus	85085	S	232	107	339	0.00007
Pseudarthrobacter equi	728066	S	217	105	322	0.00007
Pseudarthrobacter psychrotolerans	2697569	S	205	102	307	0.00007
Pseudarthrobacter sulfonivorans	121292	S	105	129	234	0.00005
Micrococcus luteus	1270	S	954	2033	2987	0.00065
Micrococcus sp. KD337-16	2856555	S	447	329	776	0.00017
Micrococcus sp. KBS0714	1179670	S	12	104	116	0.00003
Micrococcus yunnanensis	566027	S	16	130	146	0.00003
Sinomonas atrocyanea	37927	S	886	360	1246	0.00027
Sinomonas sp. R1AF57	2020377	S	694	198	892	0.00019
Glutamicibacter creatinolyticus	162496	S	336	101	437	0.00009
Glutamicibacter protophormiae	37930	S	267	205	472	0.00010
Glutamicibacter halophytocola	1933880	S	155	35	190	0.00004
Glutamicibacter arilaitensis	256701	S	100	45	145	0.00003
Glutamicibacter mishrai	1775880	S	93	25	118	0.00003
Glutamicibacter nicotianae	37929	S	76	256	332	0.00007
Glutamicibacter sp. ZJUTW	1155384	S	18	85	103	0.00002
Rothia kristinae	37923	S	546	393	939	0.00020
Rothia mucilaginosa	43675	S	156	38	194	0.00004
Rothia nasimurium	85336	S	77	47	124	0.00003
Rothia aeria	172042	S	64	31	95	0.00002
Rothia amarae	169480	S	44	24	68	0.00001
Rothia dentocariosa	2047	S	41	18	59	0.00001
Rothia terrae	396015	S	26	13	39	0.00001
Rothia sp. ZJ932	2810516	S	22	4	26	0.00001
Citricoccus sp. SGAir0253	2567881	S	874	305	1179	0.00026
Paenarthrobacter ureafaciens	37931	S	212	427	639	0.00014
Paenarthrobacter aurescens	43663	S	157	129	286	0.00006
Paenarthrobacter sp. YJN-5	2735316	S	69	186	255	0.00006
Paenarthrobacter sp. YJN-D	2735317	S	30	73	103	0.00002
Paenarthrobacter nicotinovorans	29320	S	34	73	107	0.00002
Nesterenkonia sp. NBAIMH1	2600320	S	264	22	286	0.00006
Paeniglutamicibacter sp. Y32M11	2853258	S	99	20	119	0.00003
Psychromicrobium lacuslunae	1618207	S	85	15	100	0.00002
Neomicrococcus aestuarii	556325	S	78	43	121	0.00003
Auritidibacter sp. NML130574	2170745	S	74	10	84	0.00002
Renibacterium salmoninarum	1646	S	56	4	60	0.00001
Cellulomonas sp. Y8	2591145	S	1285	744	2029	0.00044
Cellulomonas sp. H30R-01	2704467	S	1007	524	1531	0.00033
Cellulomonas sp. C5510	2871170	S	1007	542	1549	0.00034
Cellulomonas sp. zg-ZUI188	2819978	S	968	366	1334	0.00029
Cellulomonas sp. JZ18	2654191	S	956	547	1503	0.00033
Cellulomonas sp. zg-ZUI222	2816956	S	809	409	1218	0.00026
Cellulomonas sp. zg-ZUI157	2819979	S	767	356	1123	0.00024
Cellulomonas sp. EW123	2608402	S	688	539	1227	0.00027
Cellulomonas sp. PSBB021	2003551	S	681	716	1397	0.00030
Cellulomonas fimi	1708	S	976	959	1935	0.00042
Cellulomonas iranensis	76862	S	946	584	1530	0.00033
Cellulomonas shaoxiangyii	2566013	S	851	469	1320	0.00029
Cellulomonas flavigena	1711	S	810	406	1216	0.00026
Cellulomonas gilvus	11	S	743	430	1173	0.00025
Cellulomonas taurus	2729175	S	617	267	884	0.00019
Actinotalea sp. JY-7876	2758442	S	985	483	1468	0.00032
Pseudactinotalea sp. HY158	2654547	S	783	153	936	0.00020
Oerskovia sp. KBS0722	1179673	S	697	300	997	0.00022
Paraoerskovia marina	545619	S	530	186	716	0.00016
Janibacter melonis	262209	S	948	422	1370	0.00030
Janibacter limosus	53458	S	586	202	788	0.00017
Janibacter indicus	857417	S	368	579	947	0.00021
Janibacter sp. YB324	2761047	S	237	490	727	0.00016
Phycicoccus sp. HDW14	2714941	S	1358	580	1938	0.00042
Phycicoccus endophyticus	1690220	S	1021	385	1406	0.00031
Pedococcus dokdonensis	443156	S	1321	501	1822	0.00040
Intrasporangium calvum	53358	S	1301	458	1759	0.00038
Tetrasphaera sp. HKS02	1813880	S	1016	340	1356	0.00029
Arsenicicoccus sp. oral taxon 190	1658671	S	936	473	1409	0.00031
Cellulosimicrobium cellulans	1710	S	1672	2176	3848	0.00084
Cellulosimicrobium sp. BI34T	2587808	S	692	409	1101	0.00024
Cellulosimicrobium sp. JZ28	1906273	S	153	428	581	0.00013
Cellulosimicrobium sp. 72-3	2731680	S	76	401	477	0.00010
Cellulosimicrobium sp. TH-20	1980001	S	74	403	477	0.00010
Xylanimonas protaetiae	2509457	S	830	481	1311	0.00028
Xylanimonas cellulosilytica	186189	S	713	337	1050	0.00023
Xylanimonas allomyrinae	2509459	S	686	288	974	0.00021
Isoptericola variabilis	139208	S	965	665	1630	0.00035
Isoptericola dokdonensis	372663	S	844	432	1276	0.00028
Ornithinimicrobium avium	2283195	S	1118	384	1502	0.00033
Ornithinimicrobium sp. HY006	2508882	S	774	321	1095	0.00024
Ornithinimicrobium sp. INDO-MA30-4	2908651	S	125	29	154	0.00003
Ornithinimicrobium flavum	1288636	S	831	335	1166	0.00025
Ornithinimicrobium ciconiae	2594265	S	690	140	830	0.00018
Ornithinimicrobium pratense	2593973	S	582	206	788	0.00017
Serinicoccus chungangensis	767452	S	779	343	1122	0.00024
Serinicoccus hydrothermalis	1758689	S	675	394	1069	0.00023
Serinicoccus profundi	1078471	S	653	304	957	0.00021
Serinicoccus marinus	247333	S	546	337	883	0.00019
Brachybacterium sp. CBA3105	2887346	S	689	202	891	0.00019
Brachybacterium sp. SGAir0954	2571029	S	636	222	858	0.00019
Brachybacterium sp. P6-10-X1	1903186	S	561	124	685	0.00015
Brachybacterium faecium	43669	S	582	224	806	0.00018
Brachybacterium ginsengisoli	1331682	S	543	200	743	0.00016
Brachybacterium saurashtrense	556288	S	528	191	719	0.00016
Brachybacterium vulturis	2017484	S	368	168	536	0.00012
Brachybacterium avium	2017485	S	357	162	519	0.00011
Dermabacter vaginalis	1630135	S	177	163	340	0.00007
Dermabacter jinjuensis	1667168	S	167	192	359	0.00008
Devriesea agamarum	472569	S	114	8	122	0.00003
Brevibacterium sp. CS2	2575923	S	615	326	941	0.00020
Brevibacterium sp. SMBL_HHYL_HB1	2777556	S	285	82	367	0.00008
Brevibacterium sp. HY170	2898795	S	117	42	159	0.00003
Brevibacterium sp. 'Marine'	2725563	S	98	79	177	0.00004
Brevibacterium sp. W7.2	2823518	S	94	559	653	0.00014
Brevibacterium casei	33889	S	659	567	1226	0.00027
Brevibacterium luteolum	199591	S	346	183	529	0.00011
Brevibacterium linens	1703	S	327	240	567	0.00012
Brevibacterium oceani	358099	S	232	64	296	0.00006
Brevibacterium atlanticum	2697563	S	222	58	280	0.00006
Brevibacterium sandarakinum	629680	S	199	45	244	0.00005
Brevibacterium limosum	2697565	S	198	90	288	0.00006
Brevibacterium aurantiacum	273384	S	187	156	343	0.00007
Brevibacterium siliguriense	1136497	S	122	43	165	0.00004
Brevibacterium pigmentatum	1496080	S	103	92	195	0.00004
Georgenia sp. TF02-10	2917725	S	1103	543	1646	0.00036
Georgenia yuyongxinii	2589797	S	1084	359	1443	0.00031
Georgenia wutianyii	2585135	S	937	437	1374	0.00030
Georgenia faecalis	2483799	S	869	324	1193	0.00026
Haloactinobacterium kanbiaonis	2675754	S	1045	202	1247	0.00027
Ruania sp. LR1S40	2897774	S	569	161	730	0.00016
Ruania sp. M4N3S171	2897773	S	333	65	398	0.00009
Ruania zhangjianzhongii	2603206	S	698	94	792	0.00017
Ruania alkalisoli	2779775	S	409	96	505	0.00011
Dermacoccus nishinomiyaensis	1274	S	665	366	1031	0.00022
Dermacoccus sp. PAMC28757	2762331	S	432	197	629	0.00014
Luteipulveratus mongoliensis	571913	S	759	141	900	0.00020
Allobranchiibius sp. GilTou73	2904523	S	693	203	896	0.00019
Yimella sp. cx-51	2770551	S	411	109	520	0.00011
Pengzhenrongella sicca	2819238	S	1110	410	1520	0.00033
Luteimicrobium xylanilyticum	1133546	S	923	378	1301	0.00028
Beutenbergia cavernae	84757	S	1133	249	1382	0.00030
Miniimonas sp. S16	2171623	S	872	599	1471	0.00032
Sanguibacter keddieii	60920	S	708	278	986	0.00021
Sanguibacter sp. HDW7	2714931	S	674	278	952	0.00021
Gephyromycinifex aptenodytis	2716227	S	342	51	393	0.00009
Austwickia chelonae	100225	S	298	30	328	0.00007
Dermatophilus congolensis	1863	S	97	11	108	0.00002
Kytococcus sedentarius	1276	S	675	323	998	0.00022
Demequina sp. TMPB413	2881056	S	277	29	306	0.00007
Jonesia denitrificans	43674	S	55	12	67	0.00001
Tropheryma whipplei	2039	S	14	0	14	0.00000
Mycolicibacterium smegmatis	1772	S	1550	1114	2664	0.00058
Mycolicibacterium litorale	758802	S	1398	416	1814	0.00039
Mycolicibacterium mageritense	53462	S	1158	211	1369	0.00030
Mycolicibacterium rutilum	370526	S	924	295	1219	0.00026
Mycolicibacterium sp. YH-1	2908837	S	597	364	961	0.00021
Mycolicibacterium pulveris	36813	S	887	163	1050	0.00023
Mycolicibacterium fortuitum	1766	S	872	336	1208	0.00026
Mycolicibacterium sediminis	1286180	S	865	174	1039	0.00023
Mycolicibacterium hassiacum	46351	S	858	256	1114	0.00024
Mycolicibacterium neoaurum	1795	S	848	293	1141	0.00025
Mycolicibacterium thermoresistibile	1797	S	845	208	1053	0.00023
Mycolicibacterium moriokaense	39691	S	832	113	945	0.00021
Mycolicibacterium madagascariense	212765	S	815	139	954	0.00021
Mycolicibacterium phlei	1771	S	807	301	1108	0.00024
Mycolicibacterium vaccae	1810	S	790	172	962	0.00021
Mycolicibacterium chitae	1792	S	775	205	980	0.00021
Mycolicibacterium parafortuitum	39692	S	760	168	928	0.00020
Mycolicibacterium arabiense	1286181	S	756	130	886	0.00019
Mycolicibacterium chubuense	1800	S	745	181	926	0.00020
Mycolicibacterium duvalii	39688	S	703	152	855	0.00019
Mycolicibacterium tokaiense	39695	S	694	121	815	0.00018
Mycolicibacterium psychrotolerans	216929	S	683	168	851	0.00018
Mycolicibacterium celeriflavum	1249101	S	667	139	806	0.00018
Mycolicibacterium fallax	1793	S	652	284	936	0.00020
Mycolicibacterium monacense	85693	S	649	459	1108	0.00024
Mycolicibacterium phocaicum	319706	S	637	347	984	0.00021
Mycolicibacterium rhodesiae	36814	S	615	108	723	0.00016
Mycolicibacterium baixiangningiae	2761578	S	612	109	721	0.00016
Mycolicibacterium poriferae	39694	S	605	138	743	0.00016
Mycolicibacterium gilvum	1804	S	595	228	823	0.00018
Mycolicibacterium confluentis	28047	S	593	101	694	0.00015
Mycolicibacterium fluoranthenivorans	258505	S	589	85	674	0.00015
Mycolicibacterium gadium	1794	S	561	81	642	0.00014
Mycolicibacterium insubricum	444597	S	556	170	726	0.00016
Mycolicibacterium aurum	1791	S	550	80	630	0.00014
Mycolicibacterium aichiense	1799	S	520	97	617	0.00013
Mycolicibacterium anyangense	1431246	S	518	93	611	0.00013
Mycolicibacterium boenickei	146017	S	507	678	1185	0.00026
Mycolicibacterium mengxianglii	2736649	S	474	57	531	0.00012
Mycolicibacterium helvum	1534349	S	462	60	522	0.00011
Mycolicibacterium austroafricanum	39687	S	454	1758	2212	0.00048
Mycolicibacterium alvei	67081	S	390	111	501	0.00011
Mycobacterium doricum	126673	S	390	97	487	0.00011
Mycolicibacterium mucogenicum	56689	S	361	155	516	0.00011
Mycolicibacterium sarraceniae	1534348	S	343	48	391	0.00008
Mycolicibacterium septicum	98668	S	217	149	366	0.00008
Mycolicibacterium farcinogenes	1802	S	168	558	726	0.00016
Mycolicibacterium vanbaalenii	110539	S	96	1461	1557	0.00034
Mycolicibacterium nivoides	2487344	S	46	214	260	0.00006
Mycobacterium sp. JS623	212767	S	1297	121	1418	0.00031
Mycobacterium sp. IDR2000157661	2867005	S	660	130	790	0.00017
Mycobacterium sp. DL592	2675524	S	500	90	590	0.00013
Mycobacterium sp. MS1601	1936029	S	487	75	562	0.00012
Mycobacterium sp. YC-RL4	1682113	S	476	180	656	0.00014
Mycobacterium sp. EPa45	1545728	S	454	82	536	0.00012
Mycobacterium sp. DL440	2675523	S	333	77	410	0.00009
Mycobacterium sp. TY59	2775496	S	321	56	377	0.00008
Mycobacterium sp. WY10	1920667	S	98	268	366	0.00008
Mycobacterium sp. PYR15	2051552	S	37	289	326	0.00007
Mycobacterium sp. 20KCMC460	2903536	S	21	595	616	0.00013
Mycobacterium sp. MOTT36Y	1168287	S	13	144	157	0.00003
Mycobacterium saskatchewanense	220927	S	708	144	852	0.00019
Mycobacterium kubicae	120959	S	579	95	674	0.00015
Mycobacterium parmense	185642	S	558	108	666	0.00014
Mycobacterium simiae	1784	S	453	43	496	0.00011
Mycobacterium shigaense	722731	S	427	65	492	0.00011
Mycobacterium stomatepiae	470076	S	416	85	501	0.00011
Mycobacterium lentiflavum	141349	S	396	94	490	0.00011
Mycobacterium florentinum	292462	S	384	87	471	0.00010
Mycobacterium heidelbergense	53376	S	372	91	463	0.00010
Mycobacterium avium	1764	S	996	1181	2177	0.00047
Mycobacterium intracellulare	1767	S	456	4719	5175	0.00112
Mycobacterium colombiense	339268	S	433	78	511	0.00011
Mycobacterium mantenii	560555	S	398	52	450	0.00010
Mycobacterium marseillense	701042	S	360	84	444	0.00010
Mycobacterium paraintracellulare	1138383	S	103	583	686	0.00015
Mycobacterium goodii	134601	S	2863	1061	3924	0.00085
Mycobacterium grossiae	1552759	S	900	292	1192	0.00026
Mycobacterium rufum	318424	S	805	253	1058	0.00023
Mycobacterium holsaticum	152142	S	665	114	779	0.00017
Mycobacterium dioxanotrophicus	482462	S	630	162	792	0.00017
Mycobacterium canettii	78331	S	208	147	355	0.00008
Mycobacterium tuberculosis	1773	S	134	4463	4597	0.00100
Mycobacterium branderi	43348	S	578	75	653	0.00014
Mycobacterium paragordonae	1389713	S	568	71	639	0.00014
Mycobacterium frederiksbergense	117567	S	559	179	738	0.00016
Mycobacterium diernhoferi	1801	S	557	121	678	0.00015
Mycobacterium conspicuum	44010	S	542	70	612	0.00013
Mycobacterium koreense	1069220	S	512	160	672	0.00015
Mycobacterium gordonae	1778	S	507	45	552	0.00012
Mycobacterium heckeshornense	110505	S	464	38	502	0.00011
Mycobacterium cookii	1775	S	441	49	490	0.00011
Mycobacterium kansasii	1768	S	425	41	466	0.00010
Mycobacterium paraterrae	577492	S	400	48	448	0.00010
Mycobacterium shinjukuense	398694	S	399	42	441	0.00010
Mycobacterium riyadhense	486698	S	398	18	416	0.00009
Mycobacterium vicinigordonae	1719132	S	391	23	414	0.00009
Mycobacterium malmoense	1780	S	375	61	436	0.00009
Mycobacterium lacus	169765	S	374	30	404	0.00009
Mycobacterium noviomagense	459858	S	364	32	396	0.00009
Mycobacterium paraseoulense	590652	S	348	69	417	0.00009
Mycobacterium spongiae	886343	S	344	10	354	0.00008
Mycobacterium seoulense	386911	S	341	80	421	0.00009
Mycobacterium virginiense	1795032	S	338	94	432	0.00009
Mycobacterium ostraviense	2738409	S	338	33	371	0.00008
Mycobacterium crocinum	388459	S	322	169	491	0.00011
Mycobacterium xenopi	1789	S	321	38	359	0.00008
Mycobacterium basiliense	2094119	S	296	11	307	0.00007
Mycobacterium haemophilum	29311	S	169	9	178	0.00004
Mycobacterium marinum	1781	S	80	244	324	0.00007
Mycobacterium senegalense	1796	S	74	399	473	0.00010
Mycobacterium lepromatosis	480418	S	51	1	52	0.00001
Mycobacterium leprae	1769	S	44	1	45	0.00001
Mycobacterium novum	2492438	S	37	499	536	0.00012
Mycobacterium ulcerans	1809	S	34	130	164	0.00004
Mycobacterium pallens	370524	S	33	276	309	0.00007
Mycobacterium shottsii	133549	S	15	22	37	0.00001
Mycolicibacter sp. MYC340	2855503	S	298	80	378	0.00008
Mycolicibacter sp. MYC098	2872309	S	262	71	333	0.00007
Mycolicibacter sp. MYC017	2875777	S	219	170	389	0.00008
Mycolicibacter sp. MYC101	2872311	S	69	259	328	0.00007
Mycolicibacter sp. MYC123	2855502	S	66	256	322	0.00007
Mycolicibacter hiberniae	29314	S	426	104	530	0.00012
Mycolicibacter terrae	1788	S	371	131	502	0.00011
Mycolicibacter minnesotensis	1118379	S	248	50	298	0.00006
Mycolicibacter sinensis	875328	S	44	485	529	0.00011
Mycobacteroides abscessus	36809	S	574	523	1097	0.00024
Mycobacteroides chelonae	1774	S	375	578	953	0.00021
Mycobacteroides immunogenum	83262	S	275	56	331	0.00007
Mycobacteroides saopaulense	1578165	S	216	27	243	0.00005
Mycobacteroides salmoniphilum	404941	S	197	20	217	0.00005
[Mycobacterium] stephanolepidis	1520670	S	104	22	126	0.00003
Mycolicibacillus parakoreensis	1069221	S	536	167	703	0.00015
Hoyosella subflava	639313	S	252	17	269	0.00006
Rhodococcus sp. X156	2499145	S	1048	450	1498	0.00033
Rhodococcus sp. MTM3W5.2	1805827	S	826	241	1067	0.00023
Rhodococcus sp. SGAir0479	2567884	S	700	249	949	0.00021
Rhodococcus sp. W8901	2742603	S	673	216	889	0.00019
Rhodococcus sp. PBTS 1	1653478	S	574	183	757	0.00016
Rhodococcus sp. R79	2811421	S	470	305	775	0.00017
Rhodococcus sp. ABRD24	2507582	S	400	86	486	0.00011
Rhodococcus sp. B7740	1564114	S	310	51	361	0.00008
Rhodococcus sp. USK10	2789739	S	290	197	487	0.00011
Rhodococcus sp. WMMA185	679318	S	276	43	319	0.00007
Rhodococcus sp. P1Y	1302308	S	252	28	280	0.00006
Rhodococcus sp. WAY2	2663121	S	205	177	382	0.00008
Rhodococcus sp. USK13	2806442	S	198	138	336	0.00007
Rhodococcus sp. RDE2	2885078	S	197	206	403	0.00009
Rhodococcus sp. M8	1925550	S	110	358	468	0.00010
Rhodococcus sp. WB9	2594007	S	109	153	262	0.00006
Rhodococcus sp. S2-17	1990687	S	104	291	395	0.00009
Rhodococcus sp. ZPP	2749906	S	104	279	383	0.00008
Rhodococcus sp. DMU1	2722825	S	91	357	448	0.00010
Rhodococcus sp. 2G	1570939	S	49	209	258	0.00006
Rhodococcus sp. 21391	2683591	S	45	213	258	0.00006
Rhodococcus sp. WB1	1033922	S	44	394	438	0.00010
Rhodococcus sp. P-2	2795031	S	33	41	74	0.00002
Rhodococcus sp. DMF-1	2907624	S	32	266	298	0.00006
Rhodococcus sp. p52	935199	S	32	181	213	0.00005
Rhodococcus sp. AQ5-07	2054902	S	21	75	96	0.00002
Rhodococcus sp. PSBB049	2812863	S	16	241	257	0.00006
Rhodococcus sp. YL-1	1045808	S	14	63	77	0.00002
Rhodococcus sp. H-CA8f	1727214	S	14	63	77	0.00002
Rhodococcus sp. LW-XY12	2856851	S	13	123	136	0.00003
Rhodococcus sp. 008	1723645	S	12	76	88	0.00002
Rhodococcus sp. BH4	1807790	S	11	74	85	0.00002
Rhodococcus sp. NJ-530	2490853	S	10	59	69	0.00002
Rhodococcus opacus	37919	S	1862	1998	3860	0.00084
Rhodococcus equi	43767	S	1021	440	1461	0.00032
Rhodococcus rhodochrous	1829	S	834	534	1368	0.00030
Rhodococcus fascians	1828	S	799	211	1010	0.00022
Rhodococcus triatomae	300028	S	548	188	736	0.00016
Rhodococcus koreensis	99653	S	457	149	606	0.00013
Rhodococcus coprophilus	38310	S	442	95	537	0.00012
Rhodococcus pyridinivorans	103816	S	373	1554	1927	0.00042
Rhodococcus jostii	132919	S	362	162	524	0.00011
Rhodococcus ruber	1830	S	289	989	1278	0.00028
Rhodococcus qingshengii	334542	S	128	740	868	0.00019
Rhodococcus erythropolis	1833	S	111	511	622	0.00014
Rhodococcus globerulus	33008	S	246	34	280	0.00006
Rhodococcus aetherivorans	191292	S	78	755	833	0.00018
Nocardia asteroides	1824	S	3676	1471	5147	0.00112
Nocardia brasiliensis	37326	S	2051	659	2710	0.00059
Nocardia cyriacigeorgica	135487	S	1532	772	2304	0.00050
Nocardia terpenica	455432	S	1439	307	1746	0.00038
Nocardia farcinica	37329	S	1223	909	2132	0.00046
Nocardia wallacei	480035	S	911	299	1210	0.00026
Nocardia arthritidis	228602	S	888	132	1020	0.00022
Nocardia huaxiensis	2755382	S	832	192	1024	0.00022
Nocardia otitidiscaviarum	1823	S	765	179	944	0.00020
Nocardia nova	37330	S	738	123	861	0.00019
Nocardia gipuzkoensis	2749991	S	732	303	1035	0.00022
Nocardia sp. CS682	1047172	S	724	201	925	0.00020
Nocardia seriolae	37332	S	719	224	943	0.00020
Nocardia tengchongensis	2055889	S	712	207	919	0.00020
Nocardia yunnanensis	2382165	S	708	199	907	0.00020
Nocardia yamanashiensis	209247	S	689	161	850	0.00018
Nocardia iowensis	204891	S	679	170	849	0.00018
Nocardia mangyaensis	2213200	S	651	203	854	0.00019
Corynebacterium cyclohexanicum	322009	S	609	289	898	0.00019
Corynebacterium sphenisci	191493	S	573	199	772	0.00017
Corynebacterium frankenforstense	1230998	S	487	168	655	0.00014
Corynebacterium xerosis	1725	S	475	301	776	0.00017
Corynebacterium bovis	36808	S	430	112	542	0.00012
Corynebacterium halotolerans	225326	S	377	98	475	0.00010
Corynebacterium nuruki	1032851	S	362	97	459	0.00010
Corynebacterium sp. CNCTC7651	2815361	S	152	34	186	0.00004
Corynebacterium sp. NML98-0116	702967	S	108	45	153	0.00003
Corynebacterium sp. FDAARGOS 1242	2778078	S	27	74	101	0.00002
Corynebacterium sp. 1864	2820399	S	26	57	83	0.00002
Corynebacterium sp. 4H37-19	2684405	S	20	2	22	0.00000
Corynebacterium freneyi	134034	S	318	139	457	0.00010
Corynebacterium maris	575200	S	298	54	352	0.00008
Corynebacterium humireducens	1223514	S	296	97	393	0.00009
Corynebacterium vitaeruminis	38305	S	290	98	388	0.00008
Corynebacterium liangguodongii	2079535	S	249	63	312	0.00007
Corynebacterium timonense	441500	S	249	68	317	0.00007
Corynebacterium doosanense	1121358	S	241	130	371	0.00008
Corynebacterium variabile	1727	S	236	156	392	0.00009
Corynebacterium mycetoides	38302	S	232	123	355	0.00008
Corynebacterium marinum	349751	S	223	94	317	0.00007
Corynebacterium yudongzhengii	2080740	S	212	45	257	0.00006
Corynebacterium comes	2675218	S	211	59	270	0.00006
Corynebacterium glyciniphilum	1404244	S	211	30	241	0.00005
Corynebacterium uterequi	1072256	S	198	38	236	0.00005
Corynebacterium atypicum	191610	S	193	65	258	0.00006
Corynebacterium terpenotabidum	89154	S	182	58	240	0.00005
Corynebacterium jeikeium	38289	S	176	480	656	0.00014
Corynebacterium provencense	1737425	S	170	45	215	0.00005
Corynebacterium sanguinis	2594913	S	166	125	291	0.00006
Corynebacterium lujinxingii	2763010	S	164	63	227	0.00005
Corynebacterium qintianiae	2709392	S	159	49	208	0.00005
Corynebacterium imitans	156978	S	157	110	267	0.00006
Corynebacterium urealyticum	43771	S	156	175	331	0.00007
Corynebacterium ureicelerivorans	401472	S	150	56	206	0.00004
Corynebacterium uberis	2883169	S	144	20	164	0.00004
Corynebacterium falsenii	108486	S	136	66	202	0.00004
Corynebacterium glaucum	187491	S	131	32	163	0.00004
Corynebacterium efficiens	152794	S	130	27	157	0.00003
Corynebacterium kroppenstedtii	161879	S	124	14	138	0.00003
Corynebacterium glucuronolyticum	39791	S	120	32	152	0.00003
Corynebacterium genitalium	38288	S	119	30	149	0.00003
Corynebacterium testudinoris	136857	S	117	27	144	0.00003
Corynebacterium tuberculostearicum	38304	S	109	74	183	0.00004
Corynebacterium lactis	1231000	S	108	19	127	0.00003
Corynebacterium aurimucosum	169292	S	108	57	165	0.00004
Corynebacterium coyleae	53374	S	107	30	137	0.00003
Corynebacterium incognita	2754725	S	100	26	126	0.00003
Corynebacterium occultum	2675219	S	96	19	115	0.00003
Corynebacterium aquilae	203263	S	95	16	111	0.00002
Corynebacterium striatum	43770	S	93	88	181	0.00004
Corynebacterium matruchotii	43768	S	91	7	98	0.00002
Corynebacterium zhongnanshanii	2768834	S	90	14	104	0.00002
Corynebacterium renale	1724	S	81	11	92	0.00002
Corynebacterium endometrii	2488819	S	79	17	96	0.00002
Corynebacterium riegelii	156976	S	75	21	96	0.00002
Corynebacterium urogenitale	2487892	S	75	15	90	0.00002
Corynebacterium kalinowskii	2675216	S	72	41	113	0.00002
Corynebacterium flavescens	28028	S	69	23	92	0.00002
Corynebacterium gerontici	2079234	S	66	15	81	0.00002
Corynebacterium epidermidicanis	1050174	S	62	12	74	0.00002
Corynebacterium cystitidis	35757	S	57	4	61	0.00001
Corynebacterium minutissimum	38301	S	55	60	115	0.00003
Corynebacterium lizhenjunii	2709394	S	54	10	64	0.00001
Corynebacterium singulare	161899	S	53	51	104	0.00002
Corynebacterium macginleyi	38290	S	51	14	65	0.00001
Corynebacterium simulans	146827	S	51	42	93	0.00002
Corynebacterium camporealensis	161896	S	48	14	62	0.00001
Corynebacterium propinquum	43769	S	47	22	69	0.00002
Corynebacterium phocae	161895	S	43	6	49	0.00001
Corynebacterium choanae	1862358	S	43	5	48	0.00001
Corynebacterium stationis	1705	S	42	12	54	0.00001
Corynebacterium ammoniagenes	1697	S	41	10	51	0.00001
Corynebacterium kefirresidentii	1979527	S	40	30	70	0.00002
Corynebacterium argentoratense	42817	S	38	9	47	0.00001
Corynebacterium resistens	258224	S	35	22	57	0.00001
Corynebacterium casei	160386	S	33	45	78	0.00002
Corynebacterium diphtheriae	1717	S	31	19	50	0.00001
Corynebacterium pseudodiphtheriticum	37637	S	31	11	42	0.00001
Corynebacterium pseudotuberculosis	1719	S	31	8	39	0.00001
Corynebacterium pseudopelargi	2080757	S	30	11	41	0.00001
Corynebacterium pelargi	1471400	S	28	10	38	0.00001
Corynebacterium glutamicum	1718	S	27	394	421	0.00009
Corynebacterium deserti	1408191	S	26	10	36	0.00001
Corynebacterium mustelae	571915	S	24	2	26	0.00001
Corynebacterium ulcerans	65058	S	23	11	34	0.00001
Corynebacterium hindlerae	699041	S	22	45	67	0.00001
Corynebacterium accolens	38284	S	22	57	79	0.00002
Corynebacterium segmentosum	43990	S	21	54	75	0.00002
Corynebacterium silvaticum	2320431	S	20	9	29	0.00001
Corynebacterium anserum	2684406	S	20	2	22	0.00000
Corynebacterium amycolatum	43765	S	19	154	173	0.00004
Corynebacterium suranareeae	2506452	S	15	5	20	0.00000
Corynebacterium rouxii	2719119	S	14	9	23	0.00001
Corynebacterium callunae	1721	S	13	5	18	0.00000
Corynebacterium crudilactis	1652495	S	11	14	25	0.00001
Gordonia sp. PP30	2935861	S	650	216	866	0.00019
Gordonia sp. YC-JH1	2059875	S	455	369	824	0.00018
Gordonia sp. KTR9	337191	S	412	98	510	0.00011
Gordonia sp. PDNC005	2811424	S	357	64	421	0.00009
Gordonia sp. WA4-43	2878678	S	76	290	366	0.00008
Gordonia sp. JH63	2698900	S	63	220	283	0.00006
Gordonia sp. 135	2676309	S	33	243	276	0.00006
Gordonia sp. 1D	1737359	S	11	181	192	0.00004
Gordonia polyisoprenivorans	84595	S	1020	239	1259	0.00027
Gordonia terrae	2055	S	661	425	1086	0.00024
Gordonia insulae	2420509	S	560	93	653	0.00014
Gordonia phthalatica	1136941	S	548	263	811	0.00018
Gordonia amarae	36821	S	490	116	606	0.00013
Gordonia bronchialis	2054	S	465	128	593	0.00013
Gordonia jinghuaiqii	2758710	S	453	105	558	0.00012
Gordonia iterans	1004901	S	444	177	621	0.00013
Gordonia pseudoamarae	2831662	S	404	90	494	0.00011
Gordonia otitidis	249058	S	374	73	447	0.00010
Gordonia rubripertincta	36822	S	370	249	619	0.00013
Gordonia zhaorongruii	2597659	S	340	74	414	0.00009
Gordonia alkanivorans	84096	S	97	396	493	0.00011
Gordonia amicalis	89053	S	85	676	761	0.00017
Gordonia hongkongensis	1701090	S	57	197	254	0.00006
Skermania piniformis	39122	S	596	83	679	0.00015
Tsukamurella paurometabola	2061	S	1087	603	1690	0.00037
Tsukamurella tyrosinosolvens	57704	S	830	414	1244	0.00027
Tsukamurella sp. PLM1	2929795	S	606	227	833	0.00018
Tsukamurella pulmonis	47312	S	583	240	823	0.00018
Dietzia sp. oral taxon 368	712270	S	362	659	1021	0.00022
Dietzia psychralcaliphila	139021	S	366	117	483	0.00010
Dietzia lutea	546160	S	353	207	560	0.00012
Dietzia timorensis	499555	S	338	218	556	0.00012
Tomitella gaofuii	2760083	S	598	209	807	0.00018
Tomitella fengzijianii	2597660	S	551	209	760	0.00016
Segniliparus rotundus	286802	S	325	23	348	0.00008
Lawsonella clevelandensis	1528099	S	71	10	81	0.00002
Micromonospora sp. WMMC415	2675222	S	2436	1079	3515	0.00076
Micromonospora sp. HM134	2583243	S	1592	824	2416	0.00052
Micromonospora sp. WMMA2032	2039870	S	1516	1145	2661	0.00058
Micromonospora sp. B006	2201999	S	1234	1087	2321	0.00050
Micromonospora sp. L5	648999	S	147	1715	1862	0.00040
Micromonospora echinaurantiaca	47857	S	2559	1453	4012	0.00087
Micromonospora terminaliae	1914461	S	2484	1470	3954	0.00086
Micromonospora inositola	47865	S	2445	1413	3858	0.00084
Micromonospora carbonacea	47853	S	2444	1290	3734	0.00081
Micromonospora krabiensis	307121	S	2439	996	3435	0.00075
Micromonospora viridifaciens	1881	S	2184	1118	3302	0.00072
Micromonospora echinofusca	47858	S	2128	1146	3274	0.00071
Micromonospora coriariae	285665	S	1994	837	2831	0.00061
Micromonospora auratinigra	261654	S	1948	1198	3146	0.00068
Micromonospora purpureochromogenes	47872	S	1937	1203	3140	0.00068
Micromonospora coxensis	356852	S	1918	1248	3166	0.00069
Micromonospora siamensis	299152	S	1892	1064	2956	0.00064
Micromonospora echinospora	1877	S	1844	758	2602	0.00056
Micromonospora narathiwatensis	299146	S	1743	954	2697	0.00059
Micromonospora ferruginea	2749844	S	1734	1168	2902	0.00063
Micromonospora maris	1003110	S	1730	625	2355	0.00051
Micromonospora sagamiensis	47875	S	1660	747	2407	0.00052
Micromonospora endophytica (Xie et al. 2001) Li et al. 2019	515350	S	1579	566	2145	0.00047
Micromonospora zamorensis	709883	S	1462	552	2014	0.00044
Micromonospora chokoriensis	356851	S	1439	548	1987	0.00043
Micromonospora rifamycinica	291594	S	1391	730	2121	0.00046
Micromonospora craniellae	2294034	S	1192	849	2041	0.00044
Micromonospora tulbaghiae	479978	S	837	1016	1853	0.00040
Micromonospora aurantiaca	47850	S	647	4811	5458	0.00118
Actinoplanes sp. L3-i22	2836373	S	4166	3247	7413	0.00161
Actinoplanes sp. N902-109	649831	S	3873	1378	5251	0.00114
Actinoplanes sp. OR16	946334	S	3753	2005	5758	0.00125
Actinoplanes friuliensis	196914	S	3684	739	4423	0.00096
Actinoplanes teichomyceticus	1867	S	3671	1827	5498	0.00119
Actinoplanes missouriensis	1866	S	3482	1340	4822	0.00105
Actinoplanes ianthinogenes	122358	S	3402	1602	5004	0.00109
Actinoplanes derwentensis	113562	S	2732	508	3240	0.00070
Phytohabitans suffuscus	624315	S	6394	1851	8245	0.00179
Phytohabitans flavus	1076124	S	5098	1113	6211	0.00135
Catellatospora sp. IY07-71	2728827	S	6723	1933	8656	0.00188
Plantactinospora sp. KBS50	2024580	S	2630	816	3446	0.00075
Plantactinospora sp. BC1	2108470	S	569	1783	2352	0.00051
Plantactinospora sp. BB1	2071627	S	525	1627	2152	0.00047
Dactylosporangium vinaceum	53362	S	5112	746	5858	0.00127
Actinocatenispora thailandica	227318	S	2048	701	2749	0.00060
Actinocatenispora sera	390989	S	1987	718	2705	0.00059
Couchioplanes caeruleus	56438	S	4185	1332	5517	0.00120
Polymorphospora rubra	338584	S	2846	791	3637	0.00079
Natronosporangium hydrolyticum	2811111	S	2451	220	2671	0.00058
Verrucosispora sp. NA02020	2742132	S	1093	972	2065	0.00045
Salinispora tropica	168695	S	968	200	1168	0.00025
Amycolatopsis sp. DSM 110486	2865832	S	2467	623	3090	0.00067
Amycolatopsis sp. FDAARGOS 1241	2778070	S	2291	631	2922	0.00063
Amycolatopsis sp. WQ 127309	2932773	S	2260	809	3069	0.00067
Amycolatopsis sp. Hca4	2742131	S	2207	1043	3250	0.00071
Amycolatopsis sp. CA-230715	2745196	S	1975	393	2368	0.00051
Amycolatopsis sp. YIM 10	2653857	S	1886	721	2607	0.00057
Amycolatopsis sp. FU40	2914159	S	1166	608	1774	0.00039
Amycolatopsis sp. AA4	1896961	S	1121	681	1802	0.00039
Amycolatopsis sp. BJA-103	1911175	S	895	459	1354	0.00029
Amycolatopsis sp. TNS106	2861750	S	716	538	1254	0.00027
Amycolatopsis sp. EV170708-02-1	2919322	S	612	784	1396	0.00030
Amycolatopsis acidiphila	715473	S	2488	698	3186	0.00069
Amycolatopsis mediterranei	33910	S	2048	710	2758	0.00060
Amycolatopsis pretoriensis	218821	S	2015	850	2865	0.00062
Amycolatopsis methanolica	1814	S	1861	965	2826	0.00061
Amycolatopsis thermalba	944492	S	1843	1010	2853	0.00062
Amycolatopsis albispora	1804986	S	1746	1311	3057	0.00066
Amycolatopsis aidingensis	2842453	S	1590	246	1836	0.00040
Amycolatopsis keratiniphila	129921	S	912	969	1881	0.00041
Amycolatopsis japonica	208439	S	488	580	1068	0.00023
Amycolatopsis orientalis	31958	S	967	434	1401	0.00030
Pseudonocardia sp. DSM 110487	2865833	S	8733	1611	10344	0.00224
Pseudonocardia sp. CGMCC 4.1532	2761535	S	2559	1738	4297	0.00093
Pseudonocardia sp. HH130630-07	1690815	S	2105	726	2831	0.00061
Pseudonocardia sp. AL041005-10	445576	S	1756	766	2522	0.00055
Pseudonocardia sp. HH130629-09	1641402	S	1470	695	2165	0.00047
Pseudonocardia sp. EC080625-04	1096868	S	52	1115	1167	0.00025
Pseudonocardia sp. EC080619-01	1096856	S	14	2746	2760	0.00060
Pseudonocardia dioxanivorans	240495	S	4273	1498	5771	0.00125
Pseudonocardia broussonetiae	2736640	S	3752	1552	5304	0.00115
Pseudonocardia autotrophica	2074	S	2272	788	3060	0.00066
Pseudonocardia abyssalis	2792008	S	1947	1188	3135	0.00068
Saccharomonospora viridis	1852	S	3247	588	3835	0.00083
Saccharomonospora cyanea	40989	S	2237	851	3088	0.00067
Saccharomonospora marina	632569	S	1263	375	1638	0.00036
Saccharomonospora azurea	40988	S	1182	369	1551	0.00034
Saccharomonospora glauca	40990	S	808	295	1103	0.00024
Saccharomonospora xinjiangensis	75294	S	697	138	835	0.00018
Saccharopolyspora erythraea	1836	S	3866	1552	5418	0.00118
Saccharopolyspora gregorii	33914	S	1628	432	2060	0.00045
Saccharopolyspora spinosa	60894	S	854	646	1500	0.00033
Saccharopolyspora pogona	333966	S	607	830	1437	0.00031
Saccharopolyspora sp. ASAGF58	2719023	S	507	769	1276	0.00028
Saccharothrix syringae	103733	S	2938	1309	4247	0.00092
Saccharothrix sp. 6-C	2781735	S	2741	1193	3934	0.00085
Saccharothrix espanaensis	103731	S	2204	835	3039	0.00066
Kutzneria sp. CA-103260	2802641	S	2808	803	3611	0.00078
Kutzneria albida	43357	S	2043	625	2668	0.00058
Allokutzneria albata	211114	S	4291	1350	5641	0.00122
Actinoalloteichus hoggarensis	1470176	S	905	157	1062	0.00023
Actinoalloteichus hymeniacidonis	340345	S	710	89	799	0.00017
Actinoalloteichus sp. GBA129-24	1612551	S	58	721	779	0.00017
Actinoalloteichus fjordicus	1612552	S	23	345	368	0.00008
Actinosynnema pretiosum	42197	S	839	1764	2603	0.00056
Actinosynnema mirum	40567	S	81	868	949	0.00021
Kibdelosporangium phytohabitans	860235	S	2597	410	3007	0.00065
Lentzea guizhouensis	1586287	S	2301	632	2933	0.00064
Alloactinosynnema sp. L-07	1653480	S	1677	486	2163	0.00047
Prauserella marina	530584	S	968	113	1081	0.00023
Allosaccharopolyspora coralli	2665642	S	854	239	1093	0.00024
Nocardioides sp. G188	2849501	S	3991	1661	5652	0.00123
Nocardioides sp. JS614	196162	S	2457	958	3415	0.00074
Nocardioides sp. TF02-7	2917724	S	2366	1030	3396	0.00074
Nocardioides sp. LMS-CY	2840457	S	2221	961	3182	0.00069
Nocardioides sp. HDW12B	2714939	S	1876	835	2711	0.00059
Nocardioides sp. W7	2931390	S	1725	767	2492	0.00054
Nocardioides sp. S-1144	2582905	S	1601	817	2418	0.00052
Nocardioides sp. zg-579	2663857	S	1580	1046	2626	0.00057
Nocardioides sp. cx-173	2898796	S	1571	710	2281	0.00050
Nocardioides sp. SCSIO 67246	2872154	S	1567	553	2120	0.00046
Nocardioides sp. zg-1228	2763008	S	1462	841	2303	0.00050
Nocardioides sp. 603	2483798	S	1426	866	2292	0.00050
Nocardioides sp. InS609-2	2760705	S	1386	425	1811	0.00039
Nocardioides sp. S5	2017486	S	1386	902	2288	0.00050
Nocardioides sp. MC1495	2736757	S	1305	616	1921	0.00042
Nocardioides sp. CF8	110319	S	1240	665	1905	0.00041
Nocardioides sp. zg-536	2803858	S	1171	673	1844	0.00040
Nocardioides sp. JQ2195	2592334	S	1149	322	1471	0.00032
Nocardioides sp. dk884	2662361	S	948	1209	2157	0.00047
Nocardioides sp. WS12	2486272	S	908	213	1121	0.00024
Nocardioides sp. ZJ1313	2685869	S	902	1158	2060	0.00045
Nocardioides sp. Kera G14	2884264	S	862	244	1106	0.00024
Nocardioides mesophilus	433659	S	3546	1462	5008	0.00109
Nocardioides ungokensis	1643322	S	2021	945	2966	0.00064
Nocardioides anomalus	2712223	S	1987	808	2795	0.00061
Nocardioides euryhalodurans	2518370	S	1873	770	2643	0.00057
Nocardioides humi	449461	S	1760	775	2535	0.00055
Nocardioides cynanchi	2558918	S	1621	520	2141	0.00046
Nocardioides okcheonensis	2894081	S	1560	947	2507	0.00054
Nocardioides rotundus	1774216	S	1549	811	2360	0.00051
Nocardioides aromaticivorans	200618	S	1510	762	2272	0.00049
Nocardioides dongkuii	2760089	S	1433	938	2371	0.00051
Nocardioides aquaticus	160826	S	1370	563	1933	0.00042
Nocardioides marinisabuli	419476	S	1267	927	2194	0.00048
Nocardioides dokdonensis	450734	S	1168	710	1878	0.00041
Nocardioides panacisoli	627624	S	1132	380	1512	0.00033
Nocardioides sambongensis	2589074	S	1132	439	1571	0.00034
Nocardioides houyundeii	2045452	S	1067	438	1505	0.00033
Nocardioides seonyuensis	2518371	S	1020	364	1384	0.00030
Nocardioides piscis	2714938	S	981	481	1462	0.00032
Nocardioides daphniae	402297	S	759	462	1221	0.00027
Nocardioides jishulii	2575440	S	686	332	1018	0.00022
Nocardioides yefusunii	2500546	S	507	201	708	0.00015
Nocardioides baekrokdamisoli	1804624	S	486	83	569	0.00012
Aeromicrobium sp. Leaf245	1736306	S	854	359	1213	0.00026
Aeromicrobium sp. zg-629	2663859	S	660	295	955	0.00021
Aeromicrobium sp. A1-2	2107713	S	616	119	735	0.00016
Aeromicrobium erythreum	2041	S	901	368	1269	0.00028
Aeromicrobium chenweiae	2079793	S	883	404	1287	0.00028
Aeromicrobium choanae	1736691	S	871	356	1227	0.00027
Aeromicrobium marinum	219314	S	733	220	953	0.00021
Aeromicrobium yanjiei	2662028	S	728	308	1036	0.00022
Friedmanniella luteola	546871	S	1748	503	2251	0.00049
Marmoricola scoriae	642780	S	1399	729	2128	0.00046
Pimelobacter simplex	2045	S	1325	677	2002	0.00043
Mumia sp. ZJ1417	2708082	S	1096	266	1362	0.00030
Micropruina glycogenica	75385	S	714	148	862	0.00019
Microlunatus sagamiharensis	546874	S	1387	453	1840	0.00040
Microlunatus phosphovorus	29405	S	1018	169	1187	0.00026
Microlunatus soli	630515	S	1006	140	1146	0.00025
Microlunatus elymi	2596828	S	899	138	1037	0.00023
Microlunatus sp. Gsoil 973	2672569	S	778	84	862	0.00019
Tessaracoccus sp. J1M15	2829499	S	615	226	841	0.00018
Tessaracoccus sp. MC1865	2760310	S	446	137	583	0.00013
Tessaracoccus defluvii	1285901	S	638	465	1103	0.00024
Tessaracoccus aquimaris	1332264	S	576	325	901	0.00020
Tessaracoccus flavus	1610493	S	476	380	856	0.00019
Tessaracoccus flavescens	399497	S	456	402	858	0.00019
Tessaracoccus timonensis	2161816	S	269	146	415	0.00009
Brevilactibacter coleopterorum	2714937	S	963	579	1542	0.00033
Brevilactibacter sp. MC1595	2819349	S	873	460	1333	0.00029
Acidipropionibacterium acidipropionici	1748	S	527	384	911	0.00020
Acidipropionibacterium jensenii	1749	S	520	427	947	0.00021
Acidipropionibacterium virtanenii	2057246	S	372	97	469	0.00010
Propionibacterium acidifaciens	556499	S	542	152	694	0.00015
Propionibacterium freudenreichii	1744	S	443	392	835	0.00018
Propionibacterium australiense	119981	S	410	84	494	0.00011
Auraticoccus monumenti	675864	S	1059	270	1329	0.00029
Cutibacterium avidum	33010	S	342	133	475	0.00010
Cutibacterium granulosum	33011	S	220	59	279	0.00006
Cutibacterium acnes	1747	S	180	118	298	0.00006
Cutibacterium modestum	2559073	S	80	14	94	0.00002
Arachnia propionica	1750	S	473	77	550	0.00012
Arachnia rubra	1547448	S	275	45	320	0.00007
Raineyella fluvialis	2662261	S	686	127	813	0.00018
Vaginimicrobium propionicum	1871034	S	40	20	60	0.00001
Kribbella flavida	182640	S	2624	823	3447	0.00075
Kribbella qitaiheensis	1544730	S	1870	394	2264	0.00049
Actinopolymorpha singaporensis	117157	S	2211	347	2558	0.00056
Nonomuraea sp. ATCC 55076	1909395	S	12085	4324	16409	0.00356
Nonomuraea nitratireducens	2656914	S	11373	2953	14326	0.00311
Nonomuraea gerenzanensis	93944	S	9973	3714	13687	0.00297
Nonomuraea coxensis	404386	S	8644	3037	11681	0.00253
Streptosporangium roseum	2001	S	3809	1321	5130	0.00111
Streptosporangium sp. 'caverna'	2202249	S	3333	919	4252	0.00092
Thermobispora bispora	2006	S	2126	650	2776	0.00060
Actinomadura sp. NAK00032	2742128	S	10392	4347	14739	0.00320
Actinomadura sp. WMMB 499	1219491	S	4932	1463	6395	0.00139
Actinomadura sp. WMMA1423	2591108	S	4506	1588	6094	0.00132
Actinomadura madurae	1993	S	6945	2477	9422	0.00204
Actinomadura verrucosospora	46165	S	4679	1732	6411	0.00139
Actinomadura graeca	2750812	S	3516	1004	4520	0.00098
Thermomonospora amylolytica	1411117	S	2815	1316	4131	0.00090
Thermomonospora curvata	2020	S	1947	718	2665	0.00058
Nocardiopsis sp. MT53	2865672	S	1558	479	2037	0.00044
Nocardiopsis sp. HDS12	2831968	S	466	519	985	0.00021
Nocardiopsis gilva	280236	S	1120	290	1410	0.00031
Nocardiopsis dassonvillei	2014	S	1024	957	1981	0.00043
Nocardiopsis alba	53437	S	811	193	1004	0.00022
Thermobifida fusca	2021	S	3483	663	4146	0.00090
Thermobifida alba	53522	S	1212	505	1717	0.00037
Thermobifida halotolerans	483545	S	871	306	1177	0.00026
Streptomonospora litoralis	2498135	S	1325	332	1657	0.00036
Spiractinospora alimapuensis	2820884	S	769	66	835	0.00018
Blastococcus sp. PRF04-17	2933797	S	3467	1526	4993	0.00108
Blastococcus saxobsidens	138336	S	2898	1137	4035	0.00088
Modestobacter marinus	477641	S	3396	1500	4896	0.00106
Modestobacter sp. L9-4	2851567	S	1863	907	2770	0.00060
Geodermatophilus obscurus	1861	S	3807	1663	5470	0.00119
Frankia inefficax	298654	S	2806	444	3250	0.00071
Frankia sp. QA3	710111	S	1012	530	1542	0.00033
Frankia sp. ArI3	1858	S	847	689	1536	0.00033
Candidatus Frankia datiscae	2716812	S	1306	229	1535	0.00033
Frankia casuarinae	106370	S	1000	139	1139	0.00025
Frankia alni	1859	S	957	793	1750	0.00038
Actinomyces sp. oral taxon 414	712122	S	425	110	535	0.00012
Actinomyces sp. MAS-1	2755559	S	305	75	380	0.00008
Actinomyces sp. Z16	2079536	S	216	89	305	0.00007
Actinomyces sp. Chiba101	1851395	S	215	118	333	0.00007
Actinomyces sp. 432	2057798	S	187	50	237	0.00005
Actinomyces sp. oral taxon 171	706438	S	91	83	174	0.00004
Actinomyces sp. oral taxon 897	2081702	S	56	180	236	0.00005
Actinomyces sp. oral taxon 169	712116	S	46	92	138	0.00003
Actinomyces sp. HMT 175	2789425	S	36	163	199	0.00004
Actinomyces sp. HMT897	2789424	S	33	104	137	0.00003
Actinomyces radicidentis	111015	S	444	239	683	0.00015
Actinomyces howellii	52771	S	390	78	468	0.00010
Actinomyces slackii	52774	S	294	62	356	0.00008
Actinomyces respiraculi	2744574	S	282	85	367	0.00008
Actinomyces procaprae	2560010	S	255	109	364	0.00008
Actinomyces faecalis	2722820	S	224	41	265	0.00006
Actinomyces weissii	675090	S	220	55	275	0.00006
Actinomyces qiguomingii	2057800	S	206	34	240	0.00005
Actinomyces naeslundii	1655	S	180	120	300	0.00007
Actinomyces wuliandei	2057743	S	166	51	217	0.00005
Actinomyces viscosus	1656	S	157	77	234	0.00005
Actinomyces oris	544580	S	137	430	567	0.00012
Actinomyces marmotae	2737173	S	124	80	204	0.00004
Actinomyces gaoshouyii	1960083	S	120	72	192	0.00004
Actinomyces trachealis	2763540	S	105	24	129	0.00003
Actinomyces lilanjuaniae	2321394	S	103	29	132	0.00003
Actinomyces pacaensis	1852377	S	41	6	47	0.00001
Schaalia sp. 19OD2882	2794089	S	180	31	211	0.00005
Schaalia sp. JY-X169	2758572	S	70	3	73	0.00002
Schaalia sp. ZJ405	2709403	S	68	8	76	0.00002
Schaalia odontolytica	1660	S	227	70	297	0.00006
Schaalia meyeri	52773	S	165	39	204	0.00004
Schaalia cardiffensis	181487	S	119	23	142	0.00003
Schaalia turicensis	131111	S	50	65	115	0.00003
Flaviflexus salsibiostraticola	1282737	S	208	79	287	0.00006
Flaviflexus sp. dk850	2758573	S	142	70	212	0.00005
Flaviflexus ciconiae	2496867	S	114	21	135	0.00003
Trueperella pecoris	2733571	S	191	73	264	0.00006
Trueperella pyogenes	1661	S	122	91	213	0.00005
Trueperella bialowiezensis	312285	S	121	8	129	0.00003
Pauljensenia hongkongensis	178339	S	251	116	367	0.00008
Nanchangia anserum	2692125	S	226	32	258	0.00006
Actinobaculum sp. 313	2495645	S	91	6	97	0.00002
Actinotignum schaalii	59505	S	77	6	83	0.00002
Arcanobacterium phocisimile	1302235	S	22	7	29	0.00001
Arcanobacterium haemolyticum	28264	S	18	10	28	0.00001
Arcanobacterium phocae	131112	S	15	5	20	0.00000
Mobiluncus curtisii	2051	S	59	22	81	0.00002
Changpingibacter yushuensis	2758440	S	47	18	65	0.00001
Varibaculum sp. EMRHCC_39	2811781	S	33	13	46	0.00001
Boudabousia tangfeifanii	1912795	S	24	2	26	0.00001
Fannyhessea vaginae	82135	S	20	7	27	0.00001
Jiangella sp. DSM 45060	1798224	S	2752	1009	3761	0.00082
Jiangella alkaliphila	419479	S	2576	906	3482	0.00076
Bifidobacterium choerinum	35760	S	326	181	507	0.00011
Bifidobacterium pseudolongum	1694	S	324	173	497	0.00011
Bifidobacterium scardovii	158787	S	255	31	286	0.00006
Bifidobacterium longum	216816	S	251	531	782	0.00017
Bifidobacterium pullorum	78448	S	209	106	315	0.00007
Bifidobacterium bifidum	1681	S	192	103	295	0.00006
Bifidobacterium animalis	28025	S	181	287	468	0.00010
Bifidobacterium subtile	77635	S	154	30	184	0.00004
Bifidobacterium asteroides	1684	S	145	5	150	0.00003
Bifidobacterium adolescentis	1680	S	126	32	158	0.00003
Bifidobacterium eulemuris	1765219	S	113	31	144	0.00003
Bifidobacterium lemurum	1603886	S	109	31	140	0.00003
Bifidobacterium actinocoloniiforme	638619	S	105	4	109	0.00002
Bifidobacterium thermophilum	33905	S	100	29	129	0.00003
Bifidobacterium breve	1685	S	91	122	213	0.00005
Bifidobacterium dentium	1689	S	87	8	95	0.00002
Bifidobacterium angulatum	1683	S	70	22	92	0.00002
Bifidobacterium catenulatum	1686	S	58	112	170	0.00004
Bifidobacterium pseudocatenulatum	28026	S	43	27	70	0.00002
Bifidobacterium imperatoris	2020965	S	32	20	52	0.00001
Bifidobacterium saguini	762210	S	17	9	26	0.00001
Bifidobacterium indicum	1691	S	13	20	33	0.00001
Bifidobacterium coryneforme	1687	S	10	15	25	0.00001
Parascardovia denticolens	78258	S	73	17	90	0.00002
Scardovia inopinata	78259	S	13	6	19	0.00000
Nakamurella multipartita	53461	S	1711	431	2142	0.00046
Nakamurella panacisegetis	1090615	S	835	151	986	0.00021
Nakamurella sp. PAMC28650	2762325	S	719	100	819	0.00018
Nakamurella antarctica	1902245	S	145	14	159	0.00003
Catenulispora acidiphila	304895	S	2043	399	2442	0.00053
Jatrophihabitans telluris	2038343	S	867	100	967	0.00021
Jatrophihabitans sp. GAS493	1907575	S	795	97	892	0.00019
Stackebrandtia nassauensis	283811	S	1297	158	1455	0.00032
Natronoglycomyces albus	2811108	S	207	9	216	0.00005
Kineococcus radiotolerans	131568	S	1150	425	1575	0.00034
Epidermidibacterium keratini	1891644	S	796	520	1316	0.00029
Actinopolyspora erythraea	414996	S	757	103	860	0.00019
Acidothermus cellulolyticus	28049	S	529	34	563	0.00012
Candidatus Planktophila lacus	1884913	S	29	9	38	0.00001
Candidatus Planktophila versatilis	1884905	S	16	7	23	0.00001
Candidatus Planktophila sulfonica	1884904	S	11	6	17	0.00000
Candidatus Planktophila limnetica	573600	S	10	4	14	0.00000
Conexibacter sp. SYSU D00693	2812560	S	6478	1854	8332	0.00181
Conexibacter sp. S30A1	2937800	S	1774	218	1992	0.00043
Conexibacter sp. DBS9H8	2937801	S	1773	195	1968	0.00043
Conexibacter woesei	191495	S	7393	1546	8939	0.00194
Miltoncostaea marina	2843215	S	2626	743	3369	0.00073
Miltoncostaea oceani	2843216	S	2466	415	2881	0.00063
Aquihabitans sp. G128	2849779	S	3739	867	4606	0.00100
Aquihabitans sp. Kera 3	2884263	S	3483	661	4144	0.00090
Iamia sp. SCSIO 61187	2722752	S	4331	801	5132	0.00111
Actinomarinicola tropica	2789776	S	4139	941	5080	0.00110
Ilumatobacter coccineus	467094	S	1580	109	1689	0.00037
Acidimicrobium ferrooxidans	53635	S	566	49	615	0.00013
Rubrobacter xylanophilus	49319	S	3444	539	3983	0.00086
Rubrobacter tropicus	2653851	S	2420	216	2636	0.00057
Rubrobacter marinus	2653852	S	2290	244	2534	0.00055
Rubrobacter radiotolerans	42256	S	870	137	1007	0.00022
Rubrobacter indicoceani	2051957	S	509	48	557	0.00012
Baekduia soli	496014	S	5937	1228	7165	0.00155
Eggerthella lenta	84112	S	303	261	564	0.00012
Eggerthella guodeyinii	2690837	S	299	163	462	0.00010
Eggerthella sp. YY7918	502558	S	89	45	134	0.00003
Gordonibacter urolithinfaciens	1335613	S	175	141	316	0.00007
Gordonibacter pamelaeae	471189	S	148	162	310	0.00007
Arabiibacter massiliensis	1870985	S	385	91	476	0.00010
Adlercreutzia equolifaciens	446660	S	146	104	250	0.00005
Adlercreutzia hattorii	2707299	S	77	116	193	0.00004
Raoultibacter timonensis	1907662	S	209	19	228	0.00005
Berryella intestinalis	1531429	S	191	260	451	0.00010
Slackia heliotrinireducens	84110	S	129	4	133	0.00003
Denitrobacterium detoxificans	79604	S	104	52	156	0.00003
Phoenicibacter congonensis	1944646	S	22	12	34	0.00001
Cryptobacterium curtum	84163	S	19	2	21	0.00000
Olsenella timonensis	1805478	S	312	109	421	0.00009
Olsenella uli	133926	S	178	20	198	0.00004
Olsenella sp. oral taxon 807	712411	S	134	9	143	0.00003
Parolsenella massiliensis	1871022	S	158	109	267	0.00006
Parolsenella catena	2003188	S	133	99	232	0.00005
Thermophilibacter immobilis	2779519	S	227	109	336	0.00007
Parafannyhessea umbonata	604330	S	227	160	387	0.00008
Atopobium sp. oral taxon 416	712157	S	48	6	54	0.00001
Lancefieldella parvula	1382	S	10	1	11	0.00000
Collinsella aerofaciens	74426	S	305	188	493	0.00011
Collinsella stercoris	147206	S	200	34	234	0.00005
Collinsella sp. zg1085	2844380	S	10	0	10	0.00000
Coriobacterium glomerans	33871	S	114	4	118	0.00003
Egicoccus halophilus	1670830	S	1577	299	1876	0.00041
Euzebya pacifica	1608957	S	1495	153	1648	0.00036
Egibacter rhizosphaerae	1670831	S	1336	97	1433	0.00031
Priestia megaterium	1404	S	3933	5026	8959	0.00194
Priestia filamentosa	1402861	S	1426	243	1669	0.00036
Priestia aryabhattai	412384	S	110	645	755	0.00016
Priestia koreensis	284581	S	52	24	76	0.00002
Priestia flexa	86664	S	51	21	72	0.00002
Priestia sp. J2	2886505	S	16	152	168	0.00004
Bacillus sp. S3	486398	S	217	82	299	0.00007
Bacillus sp. Y1	352858	S	190	95	285	0.00006
Bacillus sp. 1NLA3E	666686	S	81	37	118	0.00003
Bacillus sp. FJAT-18017	1705566	S	58	20	78	0.00002
Bacillus sp. JY-23	2933872	S	56	28	84	0.00002
Bacillus sp. OxB-1	98228	S	48	15	63	0.00001
Bacillus sp. KH172YL63	2709784	S	47	21	68	0.00001
Bacillus sp. FJAT-42376	2014076	S	45	22	67	0.00001
Bacillus sp. NSP9.1	1071078	S	39	4	43	0.00001
Bacillus sp. M4U3P1	2592382	S	33	5	38	0.00001
Bacillus sp. SB49	1071080	S	33	7	40	0.00001
Bacillus sp. PAMC26568	2760090	S	29	3	32	0.00001
Bacillus sp. THAF10	2587848	S	26	11	37	0.00001
Bacillus sp. FJAT-22090	1581038	S	17	6	23	0.00001
Bacillus sp. Cs-700	2589818	S	15	8	23	0.00001
Bacillus sp. N1-1	2682541	S	13	7	20	0.00000
Bacillus sp. MBGLi79	2070759	S	10	60	70	0.00002
Bacillus subtilis	1423	S	292	9869	10161	0.00220
Bacillus velezensis	492670	S	117	2852	2969	0.00064
Bacillus amyloliquefaciens	1390	S	35	797	832	0.00018
Bacillus siamensis	659243	S	10	40	50	0.00001
Bacillus paralicheniformis	1648923	S	154	130	284	0.00006
Bacillus vallismortis	72361	S	28	44	72	0.00002
Bacillus mojavensis	72360	S	19	28	47	0.00001
Bacillus tequilensis	227866	S	23	27	50	0.00001
Bacillus atrophaeus	1452	S	14	26	40	0.00001
Bacillus licheniformis	1402	S	11	160	171	0.00004
Bacillus cereus	1396	S	70	8043	8113	0.00176
Bacillus thuringiensis	1428	S	61	2691	2752	0.00060
Bacillus pseudomycoides	64104	S	53	31	84	0.00002
Bacillus mycoides	1405	S	45	97	142	0.00003
Bacillus cytotoxicus	580165	S	26	22	48	0.00001
Bacillus wiedmannii	1890302	S	15	31	46	0.00001
Bacillus glycinifermentans	1664069	S	114	49	163	0.00004
Bacillus infantis	324767	S	85	32	117	0.00003
Bacillus safensis	561879	S	74	150	224	0.00005
[Brevibacterium] frigoritolerans	450367	S	64	29	93	0.00002
Bacillus methanolicus	1471	S	61	38	99	0.00002
Bacillus dafuensis	1742359	S	52	25	77	0.00002
Bacillus smithii	1479	S	51	38	89	0.00002
Bacillus badius	1455	S	46	24	70	0.00002
Bacillus altitudinis	293387	S	43	226	269	0.00006
Bacillus pumilus	1408	S	43	49	92	0.00002
Bacillus gobiensis	1441095	S	39	15	54	0.00001
Bacillus fonticola	2728853	S	30	11	41	0.00001
Bacillus weihaiensis	1547283	S	29	13	42	0.00001
Bacillus cabrialesii	2487276	S	29	37	66	0.00001
Bacillus aquiflavi	2672567	S	29	10	39	0.00001
Bacillus shivajii	1983719	S	25	4	29	0.00001
Bacillus rugosus	2715209	S	17	22	39	0.00001
Geobacillus subterraneus	129338	S	169	158	327	0.00007
Geobacillus stearothermophilus	1422	S	94	173	267	0.00006
Geobacillus genomosp. 3	1921421	S	84	35	119	0.00003
Geobacillus sp. 46C-IIa	1963025	S	51	34	85	0.00002
Geobacillus thermocatenulatus	33938	S	32	45	77	0.00002
Geobacillus thermoleovorans	33941	S	11	170	181	0.00004
Geobacillus thermodenitrificans	33940	S	15	145	160	0.00003
Cytobacillus oceanisediminis	665099	S	398	261	659	0.00014
Cytobacillus firmus	1399	S	194	118	312	0.00007
Cytobacillus gottheilii	859144	S	116	50	166	0.00004
Cytobacillus ciccensis	1670641	S	56	27	83	0.00002
Cytobacillus sp. CY-G	2901381	S	35	16	51	0.00001
Cytobacillus kochii	859143	S	30	12	42	0.00001
Alkalihalobacillus clausii	79880	S	717	197	914	0.00020
Alkalihalobacillus lehensis	300825	S	40	10	50	0.00001
Alkalihalobacillus miscanthi	2598861	S	39	11	50	0.00001
Alkalihalobacillus sp. LMS39	2924032	S	33	9	42	0.00001
Alkalihalobacillus krulwichiae	199441	S	21	8	29	0.00001
Anoxybacillus sediminis	2613334	S	442	136	578	0.00013
Anoxybacillus caldiproteolyticus	247480	S	43	13	56	0.00001
Anoxybacillus flavithermus	33934	S	39	49	88	0.00002
Anoxybacillus amylolyticus	294699	S	33	10	43	0.00001
Neobacillus drentensis	220684	S	440	255	695	0.00015
Neobacillus mesonae	1193713	S	169	74	243	0.00005
Hydrogenibacillus sp. N12	2866627	S	589	94	683	0.00015
Metabacillus sp. KUDC1714	2745198	S	126	56	182	0.00004
Metabacillus sp. cB07	2806989	S	49	24	73	0.00002
Metabacillus sp. B2-18	2897333	S	19	26	45	0.00001
Metabacillus sediminilitoris	2567941	S	119	58	177	0.00004
Metabacillus dongyingensis	2874282	S	40	18	58	0.00001
Metabacillus litoralis	152268	S	29	30	59	0.00001
Metabacillus endolithicus	1535204	S	19	22	41	0.00001
Oceanobacillus kimchii	746691	S	220	36	256	0.00006
Oceanobacillus iheyensis	182710	S	68	20	88	0.00002
Oceanobacillus zhaokaii	2052660	S	19	4	23	0.00001
Parageobacillus caldoxylosilyticus	81408	S	106	48	154	0.00003
Parageobacillus thermoglucosidasius	1426	S	63	49	112	0.00002
Parageobacillus genomosp. 1	1295642	S	47	17	64	0.00001
Parageobacillus sp. KH3-4	2916802	S	44	20	64	0.00001
Parageobacillus toebii	153151	S	20	13	33	0.00001
Peribacillus asahii	228899	S	119	79	198	0.00004
Peribacillus simplex	1478	S	52	37	89	0.00002
Peribacillus butanolivorans	421767	S	40	17	57	0.00001
Peribacillus psychrosaccharolyticus	1407	S	39	18	57	0.00001
Peribacillus muralis	264697	S	35	10	45	0.00001
Lysinibacillus sp. SGAir0095	2070463	S	62	36	98	0.00002
Lysinibacillus sp. PLM2	2929796	S	17	10	27	0.00001
Lysinibacillus sp. CD3-6	2892541	S	12	9	21	0.00000
Lysinibacillus sp. Ag94	2936682	S	11	4	15	0.00000
Lysinibacillus timonensis	2086577	S	39	28	67	0.00001
Lysinibacillus agricola	2590012	S	14	8	22	0.00000
Lysinibacillus parviboronicapiens	436516	S	12	7	19	0.00000
Lysinibacillus sphaericus	1421	S	10	40	50	0.00001
Mesobacillus foraminis	279826	S	92	32	124	0.00003
Mesobacillus sp. S13	2880221	S	75	41	116	0.00003
Mesobacillus jeotgali	129985	S	63	31	94	0.00002
Terribacillus goriensis	386490	S	168	37	205	0.00004
Terribacillus aidingensis	586416	S	25	5	30	0.00001
Heyndrickxia oleronia	38875	S	145	70	215	0.00005
Heyndrickxia vini	1476025	S	44	16	60	0.00001
Virgibacillus sp. Bac332	2419842	S	23	3	26	0.00001
Virgibacillus sp. NKC19-16	2831673	S	18	2	20	0.00000
Virgibacillus sp. MSP4-1	2700081	S	17	4	21	0.00000
Virgibacillus sp. SK37	403957	S	10	12	22	0.00000
Virgibacillus phasianinus	2017483	S	23	4	27	0.00001
Virgibacillus necropolis	163877	S	19	3	22	0.00000
Virgibacillus halodenitrificans	1482	S	14	12	26	0.00001
Virgibacillus dokdonensis	302167	S	13	19	32	0.00001
Sutcliffiella cohnii	33932	S	109	62	171	0.00004
Sutcliffiella horikoshii	79883	S	50	17	67	0.00001
Rossellomorea marisflavi	189381	S	90	46	136	0.00003
Rossellomorea vietnamensis	218284	S	44	22	66	0.00001
Halobacillus sp. SSBR10-3	2932257	S	20	3	23	0.00001
Halobacillus sp. SSTM10-2	2932258	S	19	5	24	0.00001
Halobacillus sp. SSHM10-5	2932259	S	11	3	14	0.00000
Halobacillus halophilus	1570	S	27	5	32	0.00001
Halobacillus mangrovi	402384	S	23	4	27	0.00001
Halobacillus litoralis	45668	S	18	4	22	0.00000
Salicibibacter cibarius	2743000	S	37	7	44	0.00001
Salicibibacter halophilus	2502791	S	27	6	33	0.00001
Salicibibacter kimchii	2099786	S	21	2	23	0.00001
Salicibibacter cibi	2743001	S	20	2	22	0.00000
Niallia circulans	1397	S	64	24	88	0.00002
Niallia sp. Man26	2912824	S	49	14	63	0.00001
Weizmannia coagulans	1398	S	112	67	179	0.00004
Salisediminibacterium selenitireducens	85683	S	58	11	69	0.00002
Salisediminibacterium beveridgei	632773	S	47	9	56	0.00001
Caldibacillus thermoamylovorans	35841	S	88	40	128	0.00003
Caldalkalibacillus thermarum	296745	S	86	21	107	0.00002
Aeribacillus pallidus	33936	S	80	50	130	0.00003
Lentibacillus sp. CBA3610	2518176	S	36	2	38	0.00001
Lentibacillus amyloliquefaciens	1472767	S	32	4	36	0.00001
Fictibacillus arsenicus	255247	S	41	12	53	0.00001
Fictibacillus phosphorivorans	1221500	S	22	6	28	0.00001
Gracilibacillus sp. SSPM10-3	2932255	S	16	6	22	0.00000
Gracilibacillus sp. SSWR10-1	2932256	S	10	4	14	0.00000
Gracilibacillus salitolerans	2663022	S	26	5	31	0.00001
Gottfriedia acidiceleris	371036	S	54	21	75	0.00002
Pontibacillus sp. ALD_SL1	2777185	S	22	4	26	0.00001
Pontibacillus sp. HMF3514	2692425	S	20	5	25	0.00001
Alkalihalophilus pseudofirmus	79885	S	42	9	51	0.00001
Salimicrobium jeotgali	1230341	S	40	8	48	0.00001
Halalkalibacterium halodurans	86665	S	33	33	66	0.00001
Psychrobacillus sp. INOP01	2829187	S	18	7	25	0.00001
Psychrobacillus glaciei	2283160	S	14	6	20	0.00000
Lederbergia lenta	1467	S	31	10	41	0.00001
Sediminibacillus sp. DP4-553-S	2729421	S	31	7	38	0.00001
Radiobacillus deserti	2594883	S	14	3	17	0.00000
Radiobacillus sp. 80	2844358	S	11	3	14	0.00000
Anaerobacillus isosaccharinicus	1532552	S	23	6	29	0.00001
Pradoshia sp. D12	2651284	S	21	8	29	0.00001
Amphibacillus xylanus	1449	S	17	4	21	0.00000
Mangrovibacillus cuniculi	2593652	S	16	11	27	0.00001
Evansella cellulosilytica	1413	S	14	2	16	0.00000
Paraliobacillus zengyii	2213194	S	11	2	13	0.00000
Paenibacillus sp. B01	2660554	S	584	218	802	0.00017
Paenibacillus sp. 32O-W	1695218	S	392	44	436	0.00009
Paenibacillus sp. RUD330	2023772	S	391	50	441	0.00010
Paenibacillus sp. R14(2021)	2859228	S	165	28	193	0.00004
Paenibacillus sp. H1-7	2282849	S	159	17	176	0.00004
Paenibacillus sp. CAA11	1532905	S	134	31	165	0.00004
Paenibacillus sp. sptzw28	715179	S	107	11	118	0.00003
Paenibacillus sp. JNUCC-32	2777984	S	105	254	359	0.00008
Paenibacillus sp. URB8-2	2741301	S	98	28	126	0.00003
Paenibacillus sp. BIHB4019	1870819	S	97	9	106	0.00002
Paenibacillus sp. Y412MC10	481743	S	94	214	308	0.00007
Paenibacillus sp. JZ16	1906272	S	84	24	108	0.00002
Paenibacillus sp. YPD9-1	2908839	S	79	11	90	0.00002
Paenibacillus sp. PK3_47	2072642	S	72	12	84	0.00002
Paenibacillus sp. FSL R7-0273	1536772	S	67	12	79	0.00002
Paenibacillus sp. PAMC21692	2762320	S	67	71	138	0.00003
Paenibacillus sp. FSL H7-0357	1536774	S	66	10	76	0.00002
Paenibacillus sp. HWE-109	1306526	S	62	6	68	0.00001
Paenibacillus sp. FSL R5-0912	1536771	S	54	31	85	0.00002
Paenibacillus sp. FSL R7-0331	1536773	S	52	10	62	0.00001
Paenibacillus sp. YPG26	2878915	S	49	11	60	0.00001
Paenibacillus sp. DCT19	2211212	S	46	9	55	0.00001
Paenibacillus sp. JNUCC-31	2777983	S	40	13	53	0.00001
Paenibacillus sp. 19GGS1-52	2758563	S	38	4	42	0.00001
Paenibacillus sp. 481	2835869	S	35	4	39	0.00001
Paenibacillus sp. FSL P4-0081	1536769	S	32	20	52	0.00001
Paenibacillus sp. IHB B 3084	867076	S	28	19	47	0.00001
Paenibacillus sp. E222	2748863	S	27	11	38	0.00001
Paenibacillus sp. N3/727	2925845	S	16	24	40	0.00001
Paenibacillus sp. IHBB 10380	1566358	S	14	3	17	0.00000
Paenibacillus sp. FSL H7-0737	1536775	S	11	3	14	0.00000
Paenibacillus sp. FSL R5-0345	1536770	S	10	3	13	0.00000
Paenibacillus mucilaginosus	61624	S	730	73	803	0.00017
Paenibacillus albicereus	2726185	S	505	179	684	0.00015
Paenibacillus lycopersici	2704462	S	452	67	519	0.00011
Paenibacillus cellulositrophicus	562959	S	250	30	280	0.00006
Paenibacillus rhizovicinus	2704463	S	241	39	280	0.00006
Paenibacillus macerans	44252	S	220	24	244	0.00005
Paenibacillus konkukensis	2020716	S	220	28	248	0.00005
Paenibacillus dendritiformis	130049	S	211	45	256	0.00006
Paenibacillus ihbetae	1870820	S	207	35	242	0.00005
Paenibacillus beijingensis	1126833	S	197	27	224	0.00005
Paenibacillus stellifer	169760	S	161	34	195	0.00004
Paenibacillus thiaminolyticus	49283	S	154	33	187	0.00004
Paenibacillus chitinolyticus	79263	S	154	22	176	0.00004
Paenibacillus durus	44251	S	151	67	218	0.00005
Paenibacillus sabinae	365617	S	135	41	176	0.00004
Paenibacillus cellulosilyticus	375489	S	133	20	153	0.00003
Paenibacillus naphthalenovorans	162209	S	113	19	132	0.00003
Paenibacillus albus	2495582	S	108	17	125	0.00003
Paenibacillus donghaensis	414771	S	99	12	111	0.00002
Paenibacillus azoreducens	116718	S	90	12	102	0.00002
Paenibacillus tritici	1873425	S	85	15	100	0.00002
Paenibacillus protaetiae	2509456	S	85	15	100	0.00002
Paenibacillus riograndensis	483937	S	27	33	60	0.00001
Paenibacillus sonchi	373687	S	20	45	65	0.00001
Paenibacillus swuensis	1178515	S	77	13	90	0.00002
Paenibacillus lautus	1401	S	71	110	181	0.00004
Paenibacillus polymyxa	1406	S	69	355	424	0.00009
Paenibacillus agaridevorans	171404	S	68	91	159	0.00003
Paenibacillus yonginensis	1462996	S	67	36	103	0.00002
Paenibacillus sophorae	1333845	S	61	27	88	0.00002
Paenibacillus physcomitrellae	1619311	S	56	24	80	0.00002
Paenibacillus xylanilyticus	248903	S	54	13	67	0.00001
Paenibacillus alvei	44250	S	53	8	61	0.00001
Paenibacillus algicola	2565926	S	49	9	58	0.00001
Paenibacillus tianjinensis	2810347	S	47	9	56	0.00001
Paenibacillus guangzhouensis	1473112	S	45	5	50	0.00001
Paenibacillus lutimineralis	2707005	S	43	7	50	0.00001
Paenibacillus graminis	189425	S	41	27	68	0.00001
Paenibacillus lentus	1338368	S	41	5	46	0.00001
Paenibacillus borealis	160799	S	39	17	56	0.00001
Paenibacillus bovis	1616788	S	39	6	45	0.00001
Paenibacillus psychroresistens	1778678	S	36	2	38	0.00001
Paenibacillus baekrokdamisoli	1712516	S	34	4	38	0.00001
Paenibacillus barcinonensis	198119	S	32	6	38	0.00001
Paenibacillus larvae	1464	S	31	2	33	0.00001
Paenibacillus jilunlii	682956	S	30	25	55	0.00001
Paenibacillus kribbensis	172713	S	30	14	44	0.00001
Paenibacillus odorifer	189426	S	28	6	34	0.00001
Paenibacillus antarcticus	253703	S	23	4	27	0.00001
Paenibacillus terrae	159743	S	22	13	35	0.00001
Paenibacillus pabuli	1472	S	20	9	29	0.00001
Paenibacillus crassostreae	1763538	S	18	3	21	0.00000
Paenibacillus uliginis	683737	S	16	21	37	0.00001
Paenibacillus brasilensis	128574	S	13	7	20	0.00000
Paenibacillus xylanexedens	528191	S	11	9	20	0.00000
Paenibacillus peoriae	59893	S	10	73	83	0.00002
Brevibacillus marinus	2496837	S	331	66	397	0.00009
Brevibacillus agri	51101	S	220	73	293	0.00006
Brevibacillus composti	2796470	S	179	55	234	0.00005
Brevibacillus choshinensis	54911	S	114	33	147	0.00003
Brevibacillus sp. MMS20-4M-10-Y	2895522	S	84	14	98	0.00002
Brevibacillus sp. HD3.3A	2738979	S	14	112	126	0.00003
Brevibacillus sp. DP1.3A	2738867	S	11	17	28	0.00001
Brevibacillus brevis	1393	S	106	89	195	0.00004
Brevibacillus laterosporus	1465	S	41	80	121	0.00003
Cohnella candidum	2674991	S	332	49	381	0.00008
Cohnella sp. LGH	1619153	S	185	68	253	0.00006
Cohnella sp. MFER-1	2728023	S	117	18	135	0.00003
Cohnella cholangitidis	2598458	S	113	23	136	0.00003
Cohnella abietis	2507935	S	22	2	24	0.00001
Thermobacillus composti	377615	S	785	124	909	0.00020
Saccharibacillus brassicae	2583377	S	368	51	419	0.00009
Aneurinibacillus soli	1500254	S	55	87	142	0.00003
Novibacillus thermophilus	1471761	S	2558	439	2997	0.00065
Thermoactinomyces vulgaris	2026	S	600	146	746	0.00016
Kroppenstedtia eburnea	714067	S	458	58	516	0.00011
Kroppenstedtia pulmonis	1380685	S	54	5	59	0.00001
Polycladomyces abyssicola	1125966	S	292	32	324	0.00007
Staphylospora marina	2490858	S	242	46	288	0.00006
Laceyella sacchari	37482	S	235	65	300	0.00007
Alicyclobacillus acidocaldarius	405212	S	669	71	740	0.00016
Alicyclobacillus acidoterrestris	1450	S	81	16	97	0.00002
Alicyclobacillus mengziensis	2931921	S	60	5	65	0.00001
Alicyclobacillus sp. SO9	2665646	S	40	5	45	0.00001
Tumebacillus avium	1903704	S	398	216	614	0.00013
Tumebacillus algifaecis	1214604	S	163	74	237	0.00005
Kyrpidia spormannii	2055160	S	106	46	152	0.00003
Kyrpidia tusciae	33943	S	73	45	118	0.00003
Effusibacillus dendaii	2743772	S	52	8	60	0.00001
Planococcus plakortidis	1038856	S	65	51	116	0.00003
Planococcus maritimus	192421	S	55	31	86	0.00002
Planococcus sp. MB-3u-03	2058136	S	30	27	57	0.00001
Planococcus sp. 107-1	2908840	S	14	8	22	0.00000
Planococcus lenghuensis	2213202	S	40	11	51	0.00001
Planococcus glaciei	459472	S	36	14	50	0.00001
Planococcus rifietoensis	200991	S	28	26	54	0.00001
Planococcus halotolerans	2233542	S	26	10	36	0.00001
Planococcus massiliensis	1499687	S	20	6	26	0.00001
Planococcus antarcticus	161360	S	19	7	26	0.00001
Planococcus donghaensis	414778	S	10	7	17	0.00000
Sporosarcina sp. Te-1	2818390	S	25	9	34	0.00001
Sporosarcina sp. PTS2304	2283194	S	13	18	31	0.00001
Sporosarcina ureae	1571	S	24	14	38	0.00001
Sporosarcina pasteurii	1474	S	10	14	24	0.00001
Ureibacillus thermosphaericus	51173	S	23	33	56	0.00001
Ureibacillus thermophilus	367743	S	21	13	34	0.00001
Solibacillus silvestris	76853	S	26	13	39	0.00001
Solibacillus sp. R5-41	2048654	S	13	7	20	0.00000
Paenisporosarcina antarctica	417367	S	15	6	21	0.00000
Paenisporosarcina cavernae	2320858	S	13	9	22	0.00000
Jeotgalibacillus malaysiensis	1508404	S	20	8	28	0.00001
Kurthia zopfii	1650	S	10	5	15	0.00000
Staphylococcus epidermidis	1282	S	18	20	38	0.00001
Staphylococcus aureus	1280	S	15	127	142	0.00003
Mammaliicoccus sciuri	1296	S	26	21	47	0.00001
Macrococcus canis	1855823	S	11	15	26	0.00001
Jeotgalicoccus sp. WY2	2708346	S	13	3	16	0.00000
Jeotgalicoccus saudimassiliensis	1461582	S	11	1	12	0.00000
Salinicoccus halodurans	407035	S	21	9	30	0.00001
Exiguobacterium alkaliphilum	1428684	S	79	36	115	0.00003
Exiguobacterium sp. N4-1P	2051906	S	14	11	25	0.00001
Exiguobacterium sp. PFWT01	2829816	S	13	15	28	0.00001
Exiguobacterium sp. AT1b	360911	S	10	11	21	0.00000
Exiguobacterium mexicanum	340146	S	53	25	78	0.00002
Exiguobacterium acetylicum	41170	S	24	65	89	0.00002
Exiguobacterium antarcticum	132920	S	16	8	24	0.00001
Exiguobacterium sibiricum	332410	S	12	8	20	0.00000
Listeria monocytogenes	1639	S	19	19	38	0.00001
Listeria weihenstephanensis	1006155	S	12	3	15	0.00000
Listeria ivanovii	1638	S	10	4	14	0.00000
Brochothrix thermosphacta	2756	S	12	5	17	0.00000
Sporolactobacillus terrae	269673	S	46	8	54	0.00001
Lacticaseibacillus rhamnosus	47715	S	26	6	32	0.00001
Lacticaseibacillus manihotivorans	88233	S	21	9	30	0.00001
Lacticaseibacillus casei	1582	S	20	8	28	0.00001
Lacticaseibacillus paracasei	1597	S	17	42	59	0.00001
Lacticaseibacillus zeae	57037	S	11	5	16	0.00000
Lacticaseibacillus chiayiensis	2100821	S	11	2	13	0.00000
Limosilactobacillus fermentum	1613	S	38	44	82	0.00002
Limosilactobacillus pontis	35787	S	28	21	49	0.00001
Limosilactobacillus reuteri	1598	S	18	27	45	0.00001
Limosilactobacillus mucosae	97478	S	14	8	22	0.00000
Limosilactobacillus panis	47493	S	13	8	21	0.00000
Lactobacillus delbrueckii	1584	S	55	101	156	0.00003
Levilactobacillus zymae	267363	S	45	20	65	0.00001
Levilactobacillus brevis	1580	S	22	11	33	0.00001
Levilactobacillus suantsaii	2292255	S	16	8	24	0.00001
Levilactobacillus koreensis	637971	S	14	2	16	0.00000
Weissella confusa	1583	S	11	10	21	0.00000
Weissella coleopterorum	2714949	S	11	5	16	0.00000
Weissella soli	155866	S	10	3	13	0.00000
Schleiferilactobacillus harbinensis	304207	S	53	7	60	0.00001
Ligilactobacillus ruminis	1623	S	21	14	35	0.00001
Lactiplantibacillus plantarum	1590	S	20	15	35	0.00001
Lactiplantibacillus pentosus	1589	S	16	6	22	0.00000
Lentilactobacillus hilgardii	1588	S	11	3	14	0.00000
Lentilactobacillus buchneri	1581	S	10	6	16	0.00000
Leuconostoc lactis	1246	S	14	21	35	0.00001
Latilactobacillus sakei	1599	S	10	25	35	0.00001
Pediococcus acidilactici	1254	S	20	12	32	0.00001
Oenococcus kitaharae	336988	S	12	2	14	0.00000
Loigolactobacillus coryniformis	1610	S	13	17	30	0.00001
Secundilactobacillus paracollinoides	240427	S	18	10	28	0.00001
Amylolactobacillus amylophilus	1603	S	10	12	22	0.00000
Streptococcus suis	1307	S	18	31	49	0.00001
Streptococcus sanguinis	1305	S	14	11	25	0.00001
Streptococcus oralis	1303	S	11	37	48	0.00001
Streptococcus gordonii	1302	S	10	10	20	0.00000
Streptococcus mitis	28037	S	10	34	44	0.00001
Lactococcus lactis	1358	S	12	38	50	0.00001
Enterococcus avium	33945	S	23	18	41	0.00001
Enterococcus faecium	1352	S	20	191	211	0.00005
Enterococcus faecalis	1351	S	11	16	27	0.00001
Tetragenococcus halophilus	51669	S	11	9	20	0.00000
Aerococcus sanguinicola	119206	S	11	43	54	0.00001
Abiotrophia defectiva	46125	S	13	5	18	0.00000
Dolosigranulum pigrum	29394	S	15	5	20	0.00000
Faecalibacterium prausnitzii	853	S	449	480	929	0.00020
Dysosmobacter sp. Marseille-Q4140	2830675	S	177	80	257	0.00006
Dysosmobacter welbionis	2093857	S	147	104	251	0.00005
Flavonifractor plautii	292800	S	288	77	365	0.00008
Ethanoligenens harbinense	253239	S	178	10	188	0.00004
Vescimonas coprocola	2714355	S	99	89	188	0.00004
Vescimonas fastidiosa	2714353	S	62	109	171	0.00004
Acetivibrio saccincola	1677857	S	93	62	155	0.00003
Acetivibrio clariflavus	288965	S	30	19	49	0.00001
Acetivibrio thermocellus	1515	S	26	30	56	0.00001
Ruthenibacterium lactatiformans	1550024	S	152	46	198	0.00004
Oscillibacter sp. NSJ-62	2763056	S	132	46	178	0.00004
Caproiciproducens sp. NJN-50	2507162	S	128	18	146	0.00003
Anaerotruncus colihominis	169435	S	107	59	166	0.00004
Ruminococcus champanellensis	1161942	S	56	9	65	0.00001
Ruminococcus albus	1264	S	14	0	14	0.00000
Acutalibacter muris	1796620	S	85	4	89	0.00002
Pseudoclostridium thermosuccinogenes	84032	S	82	19	101	0.00002
Caproicibacter fermentans	2576756	S	78	4	82	0.00002
Caproicibacterium lactatifermentans	2666138	S	29	3	32	0.00001
Caproicibacterium amylolyticum	2766537	S	29	2	31	0.00001
Solibaculum mannosilyticum	2780922	S	54	57	111	0.00002
Pusillibacter faecalis	2714358	S	49	35	84	0.00002
Thermoclostridium stercorarium	1510	S	43	85	128	0.00003
Ruminiclostridium herbifermentans	2488810	S	12	2	14	0.00000
Ruminiclostridium cellulolyticum	1521	S	10	2	12	0.00000
Mageeibacillus indolicus	884684	S	15	24	39	0.00001
Thermaerobacter sp. FW80	2546351	S	857	184	1041	0.00023
Thermaerobacter sp. PB12/4term	2293838	S	556	140	696	0.00015
Thermaerobacter marianensis	73919	S	707	170	877	0.00019
Intestinimonas butyriciproducens	1297617	S	160	68	228	0.00005
Flintibacter sp. KGMB00164	2610895	S	107	11	118	0.00003
Aminipila luticellarii	2507160	S	22	2	24	0.00001
Aminipila butyrica	433296	S	15	1	16	0.00000
Aminipila terrae	2697030	S	12	1	13	0.00000
Emergencia timonensis	1776384	S	31	12	43	0.00001
Massilistercora timonensis	2086584	S	51	58	109	0.00002
Carboxydocella thermautotrophica	178899	S	37	4	41	0.00001
Symbiobacterium thermophilum	2734	S	1099	113	1212	0.00026
[Clostridium] hylemonae	89153	S	55	16	71	0.00002
Lachnoclostridium phocaeense	1871021	S	42	41	83	0.00002
[Clostridium] scindens	29347	S	39	19	58	0.00001
Blautia producta	33035	S	46	9	55	0.00001
Blautia sp. NBRC 113351	2877527	S	20	24	44	0.00001
Blautia obeum	40520	S	16	16	32	0.00001
Blautia pseudococcoides	1796616	S	11	1	12	0.00000
Blautia massiliensis	1737424	S	10	22	32	0.00001
Herbinix luporum	1679721	S	134	93	227	0.00005
Lachnospiraceae bacterium NSJ-29	2763667	S	35	12	47	0.00001
Lachnospiraceae bacterium NSJ-38	2763669	S	28	12	40	0.00001
Lachnospiraceae bacterium sunii NSJ-8	2763672	S	17	16	33	0.00001
Lachnospiraceae bacterium NSJ-4	2763670	S	11	12	23	0.00001
Roseburia hominis	301301	S	46	58	104	0.00002
Anaerocolumna cellulosilytica	433286	S	21	1	22	0.00000
Anaerocolumna chitinilytica	1727145	S	19	1	20	0.00000
Anaerocolumna sedimenticola	2696063	S	14	1	15	0.00000
Lacrimispora sphenoides	29370	S	33	1	34	0.00001
Lacrimispora saccharolytica	84030	S	16	1	17	0.00000
Enterocloster bolteae	208479	S	35	13	48	0.00001
Coprococcus catus	116085	S	13	9	22	0.00000
Coprococcus comes	410072	S	11	15	26	0.00001
Anaerostipes rhamnosivorans	1229621	S	12	5	17	0.00000
Anaerostipes caccae	105841	S	11	4	15	0.00000
Butyrivibrio fibrisolvens	831	S	17	6	23	0.00001
[Ruminococcus] gnavus	33038	S	12	15	27	0.00001
Dorea longicatena	88431	S	14	18	32	0.00001
Anaerotignum propionicum	28446	S	13	1	14	0.00000
Sellimonas intestinalis	1653434	S	12	7	19	0.00000
Anaerobutyricum hallii	39488	S	11	5	16	0.00000
Clostridium sp. SY8519	1042156	S	34	11	45	0.00001
Clostridium sp. M62/1	411486	S	28	36	64	0.00001
Clostridium sp. C5S11	704125	S	13	3	16	0.00000
Clostridium sp. DL-VIII	641107	S	11	4	15	0.00000
Clostridium sp. JN-9	2507159	S	10	2	12	0.00000
Clostridium perfringens	1502	S	33	13	46	0.00001
Clostridium botulinum	1491	S	24	46	70	0.00002
Clostridium beijerinckii	1520	S	21	80	101	0.00002
Clostridium argentinense	29341	S	15	3	18	0.00000
Clostridium pasteurianum	1501	S	15	3	18	0.00000
Clostridium thermarum	1716543	S	15	9	24	0.00001
Clostridium kluyveri	1534	S	14	1	15	0.00000
Clostridium bornimense	1216932	S	13	4	17	0.00000
Clostridium tyrobutyricum	1519	S	13	1	14	0.00000
Clostridium baratii	1561	S	12	5	17	0.00000
Clostridium fermenticellae	2068654	S	11	1	12	0.00000
Clostridium taeniosporum	394958	S	11	3	14	0.00000
Clostridium cadaveris	1529	S	10	2	12	0.00000
Hungatella hathewayi	154046	S	55	2	57	0.00001
Alkaliphilus oremlandii	461876	S	15	4	19	0.00000
Alkaliphilus sp. B6464	2731219	S	15	4	19	0.00000
Caloramator sp. E03	2576307	S	15	1	16	0.00000
Serpentinicella alkaliphila	1734049	S	12	2	14	0.00000
Geosporobacter ferrireducens	1424294	S	11	2	13	0.00000
Candidatus Desulforudis audaxviator	471827	S	268	16	284	0.00006
Desulforamulus ferrireducens	1833852	S	69	38	107	0.00002
Desulforamulus ruminis	1564	S	42	5	47	0.00001
Desulforamulus reducens	59610	S	16	2	18	0.00000
Acididesulfobacillus acetoxydans	1561005	S	90	4	94	0.00002
Candidatus Formimonas warabiya	1761012	S	46	2	48	0.00001
Dehalobacterium formicoaceticum	51515	S	35	5	40	0.00001
Thermanaerosceptrum fracticalcis	1712410	S	32	4	36	0.00001
Desulfofarcimen acetoxidans	58138	S	18	2	20	0.00000
Christensenella sp. Marseille-P3954	2086585	S	251	147	398	0.00009
Christensenella minuta	626937	S	77	22	99	0.00002
Heliomicrobium modesticaldum	35701	S	247	87	334	0.00007
Heliorestis convoluta	356322	S	25	2	27	0.00001
Eubacterium limosum	1736	S	38	31	69	0.00002
Eubacterium callanderi	53442	S	18	11	29	0.00001
Eubacterium sp. c-25	2841037	S	10	5	15	0.00000
Eubacterium maltosivorans	2041044	S	14	52	66	0.00001
Acetobacterium sp. KB-1	2184575	S	24	5	29	0.00001
Acetobacterium wieringae	52694	S	22	11	33	0.00001
Acetobacterium woodii	33952	S	10	1	11	0.00000
Alkalibacter sp. ES005	2815577	S	22	1	23	0.00001
Desulfosporosinus orientis	1563	S	23	6	29	0.00001
Desulfosporosinus acidiphilus	885581	S	16	3	19	0.00000
Desulfosporosinus meridiei	79209	S	10	4	14	0.00000
Desulfosporosinus youngiae	339862	S	10	3	13	0.00000
Desulfitobacterium hafniense	49338	S	28	5	33	0.00001
Desulfitobacterium dichloroeliminans	233055	S	14	14	28	0.00001
Desulfitobacterium dehalogenans	36854	S	12	1	13	0.00000
Desulfitobacterium metallireducens	142877	S	11	2	13	0.00000
Dehalobacter restrictus	55583	S	13	21	34	0.00001
Syntrophobotulus glycolicus	51197	S	22	1	23	0.00001
Syntrophothermus lipocalidus	86170	S	63	6	69	0.00002
Syntrophomonas wolfei	863	S	24	6	30	0.00001
Candidatus Contubernalis alkalaceticum	338645	S	17	0	17	0.00000
Clostridioides difficile	1496	S	16	2564	2580	0.00056
Terrisporobacter sp. MCA3	2813371	S	15	2	17	0.00000
Acetoanaerobium sticklandii	1511	S	11	1	12	0.00000
Peptoclostridium acidaminophilum	1731	S	11	1	12	0.00000
Tepidibacter sp. 8C15b	2925782	S	10	2	12	0.00000
Desulfoscipio gibsoniae	102134	S	54	5	59	0.00001
Thermincola potens	863643	S	38	3	41	0.00001
Desulfotomaculum nigrificans	1565	S	29	11	40	0.00001
Caloranaerobacter azorensis	116090	S	15	2	17	0.00000
Moorella sp. Hama-1	2138101	S	137	18	155	0.00003
Moorella thermoacetica	1525	S	131	14	145	0.00003
Moorella glycerini	55779	S	108	6	114	0.00002
Ammonifex degensii	42838	S	145	6	151	0.00003
Gelria sp. Kuro-4	2796927	S	347	29	376	0.00008
Thermacetogenium phaeum	85874	S	138	97	235	0.00005
Carboxydothermus hydrogenoformans	129958	S	48	4	52	0.00001
Thermanaeromonas toyohensis	161154	S	43	1	44	0.00001
Caldanaerobacter subterraneus	911092	S	25	21	46	0.00001
Thermoanaerobacterium thermosaccharolyticum	1517	S	19	40	59	0.00001
Mahella australiensis	252966	S	43	21	64	0.00001
Zhaonella formicivorans	2528593	S	36	4	40	0.00001
Thermodesulfobium acidiphilum	1794699	S	11	13	24	0.00001
Iocasia fonsfrigidae	2682810	S	56	6	62	0.00001
Halothermothrix orenii	31909	S	22	4	26	0.00001
Anoxybacter fermentans	1323375	S	56	13	69	0.00002
Halobacteroides halobius	42422	S	26	7	33	0.00001
Biomaibacter acetigenes	2316383	S	36	3	39	0.00001
Tepidanaerobacter acetatoxydans	499229	S	14	0	14	0.00000
Thermosediminibacter oceani	291990	S	43	4	47	0.00001
Koleobacter methoxysyntrophicus	2751313	S	38	2	40	0.00001
Natranaerofaba carboxydovora	2742683	S	15	0	15	0.00000
Natranaerobius thermophilus	375929	S	10	1	11	0.00000
Selenomonas sp. oral taxon 126	712528	S	167	38	205	0.00004
Selenomonas sp. oral taxon 920	1884263	S	134	28	162	0.00004
Selenomonas sp. oral taxon 478	712538	S	48	67	115	0.00003
Selenomonas sp. oral taxon 136	713030	S	46	61	107	0.00002
Selenomonas sputigena	69823	S	235	20	255	0.00006
Selenomonas timonae	2754044	S	120	47	167	0.00004
Selenomonas ruminantium	971	S	54	5	59	0.00001
Pectinatus frisingensis	865	S	10	0	10	0.00000
Methylomusa anaerophila	1930071	S	50	4	54	0.00001
Sporomusa termitida	2377	S	47	7	54	0.00001
Pelosinus fermentans	365349	S	17	3	20	0.00000
Pelosinus sp. UFO1	484770	S	12	3	15	0.00000
Megasphaera stantonii	2144175	S	102	65	167	0.00004
Megasphaera elsdenii	907	S	97	52	149	0.00003
Megasphaera massiliensis	1232428	S	42	16	58	0.00001
Veillonella rodentium	248315	S	12	5	17	0.00000
Acidaminococcus fermentans	905	S	68	12	80	0.00002
Acidaminococcus intestini	187327	S	20	1	21	0.00000
Phascolarctobacterium faecium	33025	S	31	3	34	0.00001
Phascolarctobacterium succinatutens	626940	S	13	33	46	0.00001
Phascolarctobacterium sp. Marseille-Q4147	2823317	S	13	10	23	0.00001
Limnochorda pilosa	1555112	S	1250	62	1312	0.00028
Peptoniphilus ivorii	54006	S	53	17	70	0.00002
Murdochiella vaginalis	1852373	S	22	21	43	0.00001
Schnuerera ultunensis	45497	S	26	5	31	0.00001
Tissierella sp. JN-28	2507161	S	15	3	18	0.00000
Keratinibaculum paraultunense	1278232	S	11	5	16	0.00000
Gottschalkia acidurici	1556	S	19	2	21	0.00000
Ezakiella coagulans	46507	S	38	106	144	0.00003
Sedimentibacter sp. zth1	2816908	S	13	1	14	0.00000
Allobaculum sp. Allo2	2853432	S	29	7	36	0.00001
Allobaculum mucolyticum	2834459	S	23	6	29	0.00001
Faecalibaculum rodentium	1702221	S	33	12	45	0.00001
[Clostridium] innocuum	1522	S	18	16	34	0.00001
Bulleidia sp. zg-1006	2806552	S	16	6	22	0.00000
Turicibacter sp. H121	1712675	S	10	13	23	0.00001
Ndongobacter massiliensis	1871025	S	41	33	74	0.00002
endosymbiont 'TC1' of Trimyema compressum	243899	S	11	0	11	0.00000
Sphaerobacter thermophilus	2057	S	6368	297	6665	0.00145
Thermomicrobium roseum	500	S	500	6	506	0.00011
Roseiflexus sp. RS-1	357808	S	748	107	855	0.00019
Roseiflexus castenholzii	120962	S	644	116	760	0.00017
Chloroflexus aurantiacus	1108	S	275	31	306	0.00007
Chloroflexus aggregans	152260	S	226	42	268	0.00006
Tepidiforma bonchosmolovskayae	2601677	S	1787	84	1871	0.00041
Candidatus Promineofilum breve	1806508	S	1424	32	1456	0.00032
Anaerolinea thermophila	167964	S	297	24	321	0.00007
Pelolinea submarina	913107	S	264	10	274	0.00006
Brevefilum fermentans	1986204	S	118	4	122	0.00003
Caldilinea aerophila	133453	S	658	30	688	0.00015
Dehalogenimonas formicexedens	1839801	S	153	28	181	0.00004
Dehalogenimonas sp. GP	1536648	S	111	20	131	0.00003
Dehalococcoides mccartyi	61435	S	34	62	96	0.00002
Phototrophicus methaneseepsis	2710758	S	305	2	307	0.00007
Ktedonosporobacter rubrisoli	2509675	S	286	6	292	0.00006
Thermobaculum terrenum	166501	S	233	38	271	0.00006
Synechococcus sp. CBW1004	1353136	S	295	85	380	0.00008
Synechococcus sp. RSCCF101	2511069	S	234	62	296	0.00006
Synechococcus sp. CBW1107	2789857	S	224	48	272	0.00006
Synechococcus sp. JA-3-3Ab	321327	S	158	44	202	0.00004
Synechococcus sp. CBW1108	1353147	S	140	21	161	0.00004
Synechococcus sp. SynAce01	1916956	S	127	15	142	0.00003
Synechococcus sp. CB0101	232348	S	121	30	151	0.00003
Synechococcus sp. NB0720_10	2907159	S	106	31	137	0.00003
Synechococcus sp. JA-2-3B'a(2-13)	321332	S	94	24	118	0.00003
Synechococcus sp. RS9909	221352	S	87	35	122	0.00003
Synechococcus sp. LA31	2741953	S	82	20	102	0.00002
Synechococcus sp. LTW-R	2751170	S	73	20	93	0.00002
Synechococcus sp. A10-1-5-1	2936507	S	68	17	85	0.00002
Synechococcus sp. PCC 7336	195250	S	67	2	69	0.00002
Synechococcus sp. HK01-R	2751171	S	60	11	71	0.00002
Synechococcus sp. WH 8101	59932	S	59	22	81	0.00002
Synechococcus sp. KORDI-100	1280380	S	56	4	60	0.00001
Synechococcus sp. Minos11	221341	S	55	4	59	0.00001
Synechococcus sp. NOUM97013	1442555	S	51	9	60	0.00001
Synechococcus sp. BMK-MC-1	1442551	S	43	19	62	0.00001
Synechococcus sp. KORDI-52	585425	S	36	12	48	0.00001
Synechococcus sp. PROS-U-1	1400866	S	35	6	41	0.00001
Synechococcus sp. KORDI-49	585423	S	33	35	68	0.00001
Synechococcus sp. A15-127	1050624	S	32	34	66	0.00001
Synechococcus sp. MEDNS5	1442554	S	31	11	42	0.00001
Synechococcus sp. BIOS-U3-1	1400865	S	25	3	28	0.00001
Synechococcus sp. CBW1002	1353134	S	24	217	241	0.00005
Synechococcus sp. PCC 7003	374981	S	23	7	30	0.00001
Synechococcus sp. PCC 6312	195253	S	23	1	24	0.00001
Synechococcus sp. CBW1006	1353138	S	23	183	206	0.00004
Synechococcus sp. A15-44	1050646	S	23	43	66	0.00001
Synechococcus sp. MIT S9220	166309	S	22	3	25	0.00001
Synechococcus sp. A15-62	1050657	S	22	16	38	0.00001
Synechococcus sp. ROS8604	1442557	S	22	6	28	0.00001
Synechococcus sp. BIOS-E4-1	1400864	S	21	2	23	0.00001
Synechococcus sp. WH 8020	32052	S	20	4	24	0.00001
Synechococcus sp. CC9902	316279	S	20	2	22	0.00000
Synechococcus sp. NIES-970	1827144	S	20	4	24	0.00001
Synechococcus sp. PROS-7-1	1442556	S	20	9	29	0.00001
Synechococcus sp. WH 8109	166314	S	18	14	32	0.00001
Synechococcus sp. TAK9802	1442558	S	17	44	61	0.00001
Synechococcus sp. CC9311	64471	S	16	4	20	0.00000
Synechococcus sp. M16.1	1442553	S	14	44	58	0.00001
Synechococcus sp. RS9907	221350	S	13	32	45	0.00001
Synechococcus sp. RS9902	221345	S	12	26	38	0.00001
Synechococcus sp. SYN20	1050714	S	11	17	28	0.00001
Synechococcus elongatus	32046	S	140	9	149	0.00003
Dactylococcopsis salina	292566	S	20	9	29	0.00001
Cyanobium sp. NIES-981	1851505	S	241	84	325	0.00007
Cyanobium sp. NS01	261284	S	202	80	282	0.00006
Cyanobium gracile	59930	S	345	85	430	0.00009
Parasynechococcus marenigrum	2881428	S	74	24	98	0.00002
Prochlorococcus marinus	1219	S	36	2	38	0.00001
Chamaesiphon minutus	1173032	S	69	4	73	0.00002
Acaryochloris marina	155978	S	37	21	58	0.00001
Synechocystis sp. CACIAM 05	1933929	S	11	36	47	0.00001
Nostoc sp. NIES-4103	2005458	S	89	23	112	0.00002
Nostoc sp. UHCC 0702	2814655	S	78	19	97	0.00002
Nostoc sp. ATCC 53789	76335	S	47	82	129	0.00003
Nostoc sp. MS1	2764711	S	41	14	55	0.00001
Nostoc sp. TCL26-01	2576904	S	31	5	36	0.00001
Nostoc sp. 'Lobaria pulmonaria (5183) cyanobiont'	1618022	S	31	8	39	0.00001
Nostoc sp. UHCC 0870	2914041	S	29	11	40	0.00001
Nostoc sp. CENA543	1869241	S	29	5	34	0.00001
Nostoc sp. C052	2576902	S	28	8	36	0.00001
Nostoc sp. 'Peltigera membranacea cyanobiont' N6	1261031	S	28	10	38	0.00001
Nostoc sp. PCC 7107	317936	S	28	24	52	0.00001
Nostoc sp. PCC 7524	28072	S	27	6	33	0.00001
Nostoc sp. C057	2576903	S	22	40	62	0.00001
Nostoc sp. TCL240-02	2572090	S	10	6	16	0.00000
Nostoc linckia	92942	S	67	25	92	0.00002
Nostoc piscinale	224012	S	45	27	72	0.00002
Nostoc commune	1178	S	37	14	51	0.00001
Nostoc flagelliforme	1306274	S	33	14	47	0.00001
Nostoc edaphicum	264686	S	31	10	41	0.00001
Nostoc sphaeroides	446679	S	26	14	40	0.00001
Nostoc punctiforme	272131	S	24	19	43	0.00001
Anabaena sp. WA102	1647413	S	42	155	197	0.00004
Anabaena cylindrica	1165	S	43	17	60	0.00001
Cylindrospermum stagnale	142864	S	33	12	45	0.00001
Trichormus azollae	1164	S	18	4	22	0.00000
Calothrix sp. NIES-2100	1954172	S	53	33	86	0.00002
Calothrix sp. PCC 7716	2853227	S	50	27	77	0.00002
Calothrix sp. NIES-3974	2005462	S	44	4	48	0.00001
Calothrix sp. PCC 7507	99598	S	36	10	46	0.00001
Calothrix sp. 336/3	1337936	S	28	7	35	0.00001
Calothrix sp. NIES-2098	1954171	S	28	16	44	0.00001
Calothrix sp. PCC 6303	1170562	S	11	3	14	0.00000
Calothrix parasitica	1973486	S	51	4	55	0.00001
Calothrix brevissima	938406	S	32	21	53	0.00001
Sphaerospermopsis kisseleviana	289435	S	40	15	55	0.00001
Sphaerospermopsis torques-reginae	984207	S	37	13	50	0.00001
Nodularia sphaerocarpa	137816	S	40	11	51	0.00001
Nodularia spumigena	70799	S	23	3	26	0.00001
Dolichospermum compactum	136073	S	23	63	86	0.00002
Anabaenopsis circularis	109266	S	21	24	45	0.00001
Scytonema sp. NIES-4073	2005464	S	66	43	109	0.00002
Scytonema sp. HK-05	1137095	S	49	25	74	0.00002
Brasilonema sennae	1397703	S	33	4	37	0.00001
Fischerella sp. NIES-4106	2005456	S	34	5	39	0.00001
Fischerella sp. NIES-3754	1752063	S	26	8	34	0.00001
Tolypothrix sp. PCC 7910	2099387	S	35	14	49	0.00001
Tolypothrix tenuis	457083	S	10	6	16	0.00000
Rivularia sp. PCC 7116	373994	S	18	1	19	0.00000
Leptolyngbya sp. 7M	2812896	S	870	72	942	0.00020
Leptolyngbya sp. BL0902	1115757	S	133	10	143	0.00003
Leptolyngbya sp. NIES-3755	1752064	S	40	4	44	0.00001
Leptolyngbya sp. PCC 7376	111781	S	13	1	14	0.00000
Leptolyngbya boryana	1184	S	35	0	35	0.00001
Kovacikia minuta	2931930	S	128	15	143	0.00003
Leptodesmis sichuanensis	2906798	S	80	10	90	0.00002
Leptothermofonsia sichuanensis	2917832	S	54	6	60	0.00001
Thermoleptolyngbya sp. PKUAC-SCTB121	2811482	S	10	224	234	0.00005
Thermosynechococcus sp. NK55a	1394889	S	28	9	37	0.00001
Thermosynechococcus sp. TA-1	2813673	S	10	16	26	0.00001
Thermosynechococcus vestitus	146786	S	36	8	44	0.00001
Halomicronema hongdechloris	1209493	S	103	5	108	0.00002
Pseudanabaena sp. PCC 7367	82654	S	38	1	39	0.00001
Pseudanabaena sp. ABRG5-3	685565	S	19	1	20	0.00000
Gloeobacter kilaueensis	1416614	S	409	15	424	0.00009
Gloeobacter morelensis	2907343	S	294	139	433	0.00009
Gloeobacter violaceus	33072	S	276	143	419	0.00009
Anthocerotibacter panamensis	2857077	S	97	4	101	0.00002
Moorena producens	1155739	S	264	7	271	0.00006
Oscillatoria nigro-viridis	482564	S	52	22	74	0.00002
Oscillatoria acuminata	118323	S	36	2	38	0.00001
Geitlerinema sp. PCC 7407	1173025	S	222	40	262	0.00006
Allocoleopsis franciscana	2886352	S	48	6	54	0.00001
Oxynema aestuarii	2874213	S	86	8	94	0.00002
Microcoleus vaginatus	119532	S	50	14	64	0.00001
[Phormidium] sp. ETS-05	222819	S	54	3	57	0.00001
Crinalium epipsammum	241425	S	16	2	18	0.00000
Microcystis aeruginosa	1126	S	94	65	159	0.00003
Microcystis sp. MC19	1967666	S	11	5	16	0.00000
Gloeothece citriformis	2546356	S	27	2	29	0.00001
Gloeothece verrucosa	2546359	S	16	1	17	0.00000
Rippkaea orientalis	2546366	S	29	3	32	0.00001
Crocosphaera subtropica	2546360	S	22	2	24	0.00001
Halothece sp. PCC 7418	65093	S	13	5	18	0.00000
Gloeocapsa sp. PCC 7428	1173026	S	33	4	37	0.00001
Geminocystis herdmanii	669359	S	11	7	18	0.00000
Chondrocystis sp. NIES-4102	2005460	S	23	4	27	0.00001
Cyanobacterium aponinum	379064	S	16	4	20	0.00000
Chroococcidiopsis sp. CCMEE 29	155894	S	87	18	105	0.00002
Chroococcidiopsis sp. CCNUC1	2653189	S	18	26	44	0.00001
Chroococcidiopsis thermalis	54299	S	26	41	67	0.00001
Pleurocapsa sp. PCC 7327	118163	S	41	6	47	0.00001
Stanieria cyanosphaera	102116	S	11	6	17	0.00000
Gloeomargarita lithophora	1188228	S	34	1	35	0.00001
Thermostichus lividus	33070	S	22	3	25	0.00001
Deinococcus sp. NW-56	2080419	S	424	66	490	0.00011
Deinococcus sp. KNUC1210	2917691	S	348	17	365	0.00008
Deinococcus sp. TS-293	2737050	S	312	35	347	0.00008
Deinococcus sp. AJ005	2652443	S	223	21	244	0.00005
Deinococcus sp. QL22	2939437	S	155	13	168	0.00004
Deinococcus ficus	317577	S	569	56	625	0.00014
Deinococcus maricopensis	309887	S	559	56	615	0.00013
Deinococcus gobiensis	502394	S	530	75	605	0.00013
Deinococcus metallilatus	1211322	S	497	58	555	0.00012
Deinococcus actinosclerus	1768108	S	468	261	729	0.00016
Deinococcus irradiatisoli	2202254	S	431	42	473	0.00010
Deinococcus peraridilitoris	432329	S	405	22	427	0.00009
Deinococcus wulumuqiensis	980427	S	338	122	460	0.00010
Deinococcus radiodurans	1299	S	283	744	1027	0.00022
Deinococcus geothermalis	68909	S	282	43	325	0.00007
Deinococcus radiopugnans	57497	S	277	35	312	0.00007
Deinococcus proteolyticus	55148	S	207	42	249	0.00005
Deinococcus soli (ex Cha et al. 2016)	1309411	S	206	175	381	0.00008
Deinococcus deserti	310783	S	203	15	218	0.00005
Deinococcus psychrotolerans	2489213	S	187	5	192	0.00004
Deinococcus radiophilus	32062	S	106	20	126	0.00003
Deinococcus puniceus	1182568	S	89	13	102	0.00002
Thermus thermophilus	274	S	329	360	689	0.00015
Thermus sp. CCB_US3_UF1	1111069	S	142	21	163	0.00004
Thermus sp. NEB1569	2918899	S	35	55	90	0.00002
Thermus oshimai	56957	S	167	30	197	0.00004
Thermus aquaticus	271	S	156	22	178	0.00004
Thermus brockianus	56956	S	117	21	138	0.00003
Thermus caldilimi	2483360	S	62	14	76	0.00002
Thermus scotoductus	37636	S	35	46	81	0.00002
Thermus parvatiensis	456163	S	27	113	140	0.00003
Meiothermus silvanus	52022	S	275	48	323	0.00007
Meiothermus taiwanensis	172827	S	219	87	306	0.00007
Meiothermus ruber	277	S	216	91	307	0.00007
Oceanithermus profundus	187137	S	870	107	977	0.00021
Marinithermus hydrothermalis	186192	S	513	88	601	0.00013
Truepera radiovictrix	332249	S	654	41	695	0.00015
Fimbriimonas ginsengisoli	1005039	S	737	5	742	0.00016
Chthonomonas calidirosea	454171	S	198	2	200	0.00004
Alteracholeplasma palmae	38986	S	15	16	31	0.00001
Gemmata obscuriglobus	114	S	10040	1757	11797	0.00256
Gemmata massiliana	1210884	S	4199	1785	5984	0.00130
Gemmata sp. SH-PL17	1630693	S	3715	1779	5494	0.00119
Urbifossiella limnaea	2528023	S	17891	1733	19624	0.00426
Frigoriglobus tundricola	2774151	S	11797	1995	13792	0.00299
Limnoglobus roseus	2598579	S	8768	449	9217	0.00200
Tuwongella immobilis	692036	S	763	36	799	0.00017
Telmatocola sphagniphila	1123043	S	666	7	673	0.00015
Lacipirellula parvula	2650471	S	4359	561	4920	0.00107
Lacipirellula limnantheis	2528024	S	3873	587	4460	0.00097
Pirellulimonas nuda	2528009	S	2803	361	3164	0.00069
Botrimarina mediterranea	2528022	S	2414	268	2682	0.00058
Aeoliella mucimassa	2527972	S	932	92	1024	0.00022
Adhaeretor mobilis	1930276	S	601	68	669	0.00015
Bythopirellula goksoeyrii	1400387	S	515	44	559	0.00012
Lignipirellula cremea	2528010	S	1735	226	1961	0.00043
Stieleria maiorica	2795974	S	825	191	1016	0.00022
Stieleria neptunia	2527979	S	807	104	911	0.00020
Anatilimnocola aggregata	2528021	S	1556	194	1750	0.00038
Rosistilla oblonga	2527990	S	481	229	710	0.00015
Rosistilla carotiformis	2528017	S	329	143	472	0.00010
Rosistilla ulvae	1930277	S	306	178	484	0.00011
Bremerella volcania	2527984	S	1160	99	1259	0.00027
Pirellula staleyi	125	S	905	40	945	0.00021
Pirellula sp. SH-Sr6A	1632865	S	218	6	224	0.00005
Roseimaritima ulvae	980254	S	741	54	795	0.00017
Roseimaritima multifibrata	1930274	S	230	29	259	0.00006
Rubripirellula lacrimiformis	1930273	S	379	83	462	0.00010
Mariniblastus fucicola	980251	S	298	6	304	0.00007
Aureliella helgolandensis	2527968	S	286	26	312	0.00007
Rhodopirellula baltica	265606	S	276	22	298	0.00006
Thermogutta terrifontis	1331910	S	299	10	309	0.00007
Tautonia plasticadhaerens	2527974	S	10185	1037	11222	0.00244
Aquisphaera giovannonii	406548	S	7324	1446	8770	0.00190
Paludisphaera borealis	1387353	S	4605	1173	5778	0.00125
Singulisphaera acidiphila	466153	S	3356	570	3926	0.00085
Isosphaera pallida	128	S	767	63	830	0.00018
Planctomyces sp. SH-PL62	1636152	S	4464	1858	6322	0.00137
Planctomyces sp. SH-PL14	1632864	S	3202	236	3438	0.00075
Caulifigura coniformis	2527983	S	3118	234	3352	0.00073
Gimesia panareensis	2527978	S	712	93	805	0.00017
Gimesia chilikensis	2605989	S	370	242	612	0.00013
Gimesia maris	122	S	280	47	327	0.00007
Gimesia alba	2527973	S	161	31	192	0.00004
Gimesia algae	2527971	S	152	42	194	0.00004
Gimesia fumaroli	2527976	S	141	31	172	0.00004
Gimesia benthica	2608982	S	112	170	282	0.00006
Gimesia aquarii	2527964	S	110	8	118	0.00003
Maioricimonas rarisocia	2528026	S	2290	328	2618	0.00057
Alienimonas californiensis	2527989	S	1833	155	1988	0.00043
Symmachiella dynata	2527995	S	851	57	908	0.00020
Rubinisphaera brasiliensis	119	S	493	55	548	0.00012
Fuerstiella marisgermanici	1891926	S	478	9	487	0.00011
Planctopirus limnophila	120	S	160	68	228	0.00005
Planctopirus ephydatiae	2528019	S	144	66	210	0.00005
Calycomorphotria hydatis	2528027	S	382	16	398	0.00009
Crateriforma conspicua	2527996	S	370	88	458	0.00010
Polystyrenella longa	2528007	S	185	18	203	0.00004
Thalassoglobus polymorphus	2527994	S	159	9	168	0.00004
Humisphaera borealis	2807512	S	3060	89	3149	0.00068
Phycisphaera mikurensis	547188	S	1291	121	1412	0.00031
Mucisphaera calidilacus	2527982	S	631	41	672	0.00015
Poriferisphaera corsica	2528020	S	80	0	80	0.00002
Anaerohalosphaera lusitana	1936003	S	129	4	133	0.00003
Limihaloglobus sulfuriphilus	1851148	S	58	4	62	0.00001
Sedimentisphaera salicampi	1941349	S	17	4	21	0.00000
Sedimentisphaera cyanobacteriorum	1940790	S	16	20	36	0.00001
Candidatus Kuenenia stuttgartiensis	174633	S	68	0	68	0.00001
Candidatus Uabimicrobium amorphum	2596890	S	44	0	44	0.00001
Opitutus terrae	107709	S	2563	126	2689	0.00058
Opitutus sp. GAS368	1882749	S	2562	391	2953	0.00064
Lacunisphaera limnophila	1838286	S	2248	321	2569	0.00056
Nibricoccus aquaticus	2576891	S	1709	79	1788	0.00039
Oleiharenicola sp. KSB-15	2862869	S	1052	58	1110	0.00024
Ereboglobus luteus	1796921	S	693	36	729	0.00016
Ruficoccus sp. ZRK36	2866311	S	325	55	380	0.00008
Coraliomargarita akajimensis	395922	S	90	2	92	0.00002
Roseimicrobium sp. ORNL1	2711231	S	1584	56	1640	0.00036
Verrucomicrobium sp. GAS474	1882831	S	894	105	999	0.00022
Verrucomicrobium spinosum	2736	S	568	34	602	0.00013
Luteolibacter luteus	2728835	S	709	36	745	0.00016
Luteolibacter ambystomatis	2824561	S	592	44	636	0.00014
Sulfuriroseicoccus oceanibius	2707525	S	164	17	181	0.00004
Akkermansia muciniphila	239935	S	354	48	402	0.00009
Akkermansia glycaniphila	1679444	S	125	10	135	0.00003
Methylacidimicrobium sp. AP8	2730359	S	240	36	276	0.00006
Methylacidimicrobium sp. B4	2796139	S	215	43	258	0.00006
Candidatus Xiphinematobacter sp. Idaho Grape	1704307	S	53	4	57	0.00001
Kiritimatiella glycovorans	1307763	S	350	457	807	0.00018
Tichowtungia aerotolerans	2697043	S	152	5	157	0.00003
Candidatus Protochlamydia naegleriophila	389348	S	13	13	26	0.00001
Parachlamydia acanthamoebae	83552	S	15	9	24	0.00001
Waddlia chondrophila	71667	S	18	8	26	0.00001
Simkania negevensis	83561	S	13	3	16	0.00000
Candidatus Velamenicoccus archaeovorus	1930593	S	136	0	136	0.00003
Hymenobacter sp. PAMC 26628	1484118	S	349	93	442	0.00010
Hymenobacter sp. 5317J-9	2932250	S	311	81	392	0.00009
Hymenobacter sp. PAMC 26554	1484116	S	267	30	297	0.00006
Hymenobacter sp. BRD128	2675878	S	265	40	305	0.00007
Hymenobacter sp. APR13	1356852	S	265	119	384	0.00008
Hymenobacter sp. 5116S-3	2932248	S	213	36	249	0.00005
Hymenobacter sp. 5116S-27	2932249	S	204	36	240	0.00005
Hymenobacter sp. BT18	2835648	S	199	29	228	0.00005
Hymenobacter sp. NBH84	2596915	S	180	30	210	0.00005
Hymenobacter sp. DG01	2584940	S	168	50	218	0.00005
Hymenobacter sp. 5413J-13	2932251	S	155	25	180	0.00004
Hymenobacter sp. S2-20-2	2761579	S	154	27	181	0.00004
Hymenobacter sp. 5420S-77	2932254	S	147	22	169	0.00004
Hymenobacter sp. DG25B	1385664	S	121	48	169	0.00004
Hymenobacter sp. DG25A	1385663	S	115	47	162	0.00004
Hymenobacter sp. BRD67	2675877	S	108	113	221	0.00005
Hymenobacter sp. HDW8	2714932	S	53	185	238	0.00005
Hymenobacter sp. 5516S-25	2933777	S	36	161	197	0.00004
Hymenobacter sp. 5516J-16	2932253	S	36	170	206	0.00004
Hymenobacter monticola	1705399	S	332	68	400	0.00009
Hymenobacter busanensis	2607656	S	322	39	361	0.00008
Hymenobacter sedentarius	1411621	S	305	51	356	0.00008
Hymenobacter oligotrophus	2319843	S	261	32	293	0.00006
Hymenobacter jejuensis	2502781	S	188	16	204	0.00004
Hymenobacter nivis	1850093	S	178	50	228	0.00005
Hymenobacter swuensis	1446467	S	166	40	206	0.00004
Hymenobacter qilianensis	1385715	S	144	28	172	0.00004
Hymenobacter tibetensis	497967	S	131	22	153	0.00003
Hymenobacter baengnokdamensis	2615203	S	109	128	237	0.00005
Hymenobacter radiodurans	2496028	S	51	186	237	0.00005
Pontibacter pudoricolor	2694930	S	548	73	621	0.00013
Pontibacter russatus	2694929	S	482	57	539	0.00012
Pontibacter actiniarum	323450	S	275	77	352	0.00008
Pontibacter akesuensis	388950	S	232	40	272	0.00006
Pontibacter korlensis	400092	S	160	27	187	0.00004
Pontibacter sp. SGAir0037	2571030	S	131	25	156	0.00003
Rufibacter radiotolerans	1379910	S	159	18	177	0.00004
Rufibacter sp. DG15C	1379909	S	100	54	154	0.00003
Rufibacter tibetensis	512763	S	96	16	112	0.00002
Adhaeribacter swui	2086471	S	80	10	90	0.00002
Adhaeribacter radiodurans	2745197	S	73	8	81	0.00002
Nibribacter ruber	2698458	S	81	43	124	0.00003
Spirosoma sp. CJU-R4	2728024	S	210	18	228	0.00005
Spirosoma sp. KUDC1026	2745947	S	114	11	125	0.00003
Spirosoma sp. KCTC 42546	2520506	S	91	12	103	0.00002
Spirosoma sp. RHs26	2898794	S	87	7	94	0.00002
Spirosoma sp. KCTC 72228	2710596	S	75	9	84	0.00002
Spirosoma taeanense	2735870	S	166	17	183	0.00004
Spirosoma rigui	564064	S	130	10	140	0.00003
Spirosoma montaniterrae	1178516	S	121	8	129	0.00003
Spirosoma pollinicola	2057025	S	85	11	96	0.00002
Spirosoma radiotolerans	1379870	S	79	6	85	0.00002
Spirosoma endbachense	2666025	S	74	40	114	0.00002
Spirosoma aerolatum	1211326	S	73	4	77	0.00002
Spirosoma aureum	2692134	S	71	46	117	0.00003
Rhodocytophaga rosea	2704465	S	112	4	116	0.00003
Cytophaga hutchinsonii	985	S	38	3	41	0.00001
Aquirufa sp. 9H-EGSE	2696560	S	19	5	24	0.00001
Aquirufa nivalisilvae	2516557	S	13	3	16	0.00000
Dyadobacter fermentans	94254	S	245	24	269	0.00006
Dyadobacter sp. LJ419	2906456	S	75	5	80	0.00002
Dyadobacter sp. NIV53	2861765	S	33	2	35	0.00001
Dyadobacter sandarakinus	2747268	S	86	8	94	0.00002
Fibrella aestuarina	651143	S	235	21	256	0.00006
Fibrella sp. ES10-3-2-2	1834519	S	127	10	137	0.00003
Runella slithyformis	106	S	81	7	88	0.00002
Runella rosea	2259595	S	59	6	65	0.00001
Runella sp. SP2	2268026	S	47	3	50	0.00001
Larkinella sp. IE-0392	2907205	S	87	6	93	0.00002
Leadbetterella byssophila	316068	S	20	12	32	0.00001
Chryseolinea soli	2321403	S	966	33	999	0.00022
Fulvivirga sp. SS9-22	2904245	S	60	5	65	0.00001
Fulvivirga sp. W9P-11	2904246	S	29	6	35	0.00001
Fulvivirga sp. SW1-E11	2904247	S	22	7	29	0.00001
Fulvivirga lutea	2810512	S	27	4	31	0.00001
Echinicola sp. 20G	2781961	S	19	2	21	0.00000
Echinicola sp. SCS 3-6	2859768	S	19	8	27	0.00001
Echinicola strongylocentroti	1795355	S	34	6	40	0.00001
Echinicola rosea	1807691	S	33	16	49	0.00001
Echinicola vietnamensis	390884	S	32	18	50	0.00001
Echinicola soli	2591634	S	28	3	31	0.00001
Algoriphagus sp. Y33	2772483	S	22	1	23	0.00001
Algoriphagus sp. NBT04N3	2705473	S	14	5	19	0.00000
Algoriphagus sanaruensis	1727163	S	34	3	37	0.00001
Algoriphagus machipongonensis	388413	S	11	0	11	0.00000
Aquiflexum balticum	280473	S	31	5	36	0.00001
Cyclobacterium marinum	104	S	14	5	19	0.00000
Cyclobacterium amurskyense	320787	S	13	2	15	0.00000
Belliella baltica	232259	S	23	13	36	0.00001
Mongoliitalea daihaiensis	2782006	S	17	2	19	0.00000
Candidatus Amoebophilus asiaticus	281120	S	22	1	23	0.00001
Mangrovivirga cuniculi	2715131	S	25	2	27	0.00001
Marivirga tractuosa	1006	S	23	9	32	0.00001
Bernardetia litoralis	999	S	15	1	16	0.00000
Chitinophaga sp. XS-30	2604421	S	278	80	358	0.00008
Chitinophaga sp. KRA15-503	2829818	S	139	64	203	0.00004
Chitinophaga oryzae	2725414	S	249	43	292	0.00006
Chitinophaga filiformis	104663	S	203	38	241	0.00005
Chitinophaga alhagiae	2203219	S	163	4	167	0.00004
Chitinophaga pinensis	79329	S	125	31	156	0.00003
Chitinophaga agri	2703787	S	84	25	109	0.00002
Chitinophaga caeni	2029983	S	68	13	81	0.00002
Niastella koreensis	354356	S	669	81	750	0.00016
Flavisolibacter ginsenosidimutans	661481	S	321	22	343	0.00007
Flavisolibacter tropicus	1492898	S	312	54	366	0.00008
Paraflavitalea soli	2315862	S	404	35	439	0.00010
Pseudocnuella soli	2502779	S	385	54	439	0.00010
Flavihumibacter sp. IMCC34838	2838156	S	196	18	214	0.00005
Flavihumibacter sp. IMCC34837	2838157	S	147	10	157	0.00003
Pseudobacter ginsenosidimutans	661488	S	324	32	356	0.00008
Niabella soli	446683	S	149	21	170	0.00004
Niabella ginsenosidivorans	1176587	S	137	16	153	0.00003
Arachidicoccus sp. BS20	1850526	S	67	29	96	0.00002
Arachidicoccus sp. 5GH13-10	2875539	S	52	9	61	0.00001
Arachidicoccus sp. B3-10	2545455	S	25	2	27	0.00001
Arachidicoccus ginsenosidivorans	496057	S	34	6	40	0.00001
Arachidicoccus soli	2341117	S	33	4	37	0.00001
Lacibacter sp. S13-6-6	2760713	S	151	8	159	0.00003
Phnomibacter ginsenosidimutans	2676868	S	149	21	170	0.00004
Ferruginibacter sp. KIS38-8	2875540	S	71	6	77	0.00002
Ferruginibacter lapsinanis	563172	S	69	5	74	0.00002
Panacibacter ginsenosidivorans	1813871	S	142	7	149	0.00003
Filimonas lacunae	477680	S	114	15	129	0.00003
Rhodocaloribacter litoris	2558931	S	1822	204	2026	0.00044
Rhodothermus marinus	29549	S	1642	100	1742	0.00038
Salinibacter ruber	146919	S	875	17	892	0.00019
Alistipes dispar	2585119	S	209	31	240	0.00005
Alistipes onderdonkii	328813	S	197	299	496	0.00011
Alistipes communis	2585118	S	183	174	357	0.00008
Alistipes finegoldii	214856	S	179	209	388	0.00008
Alistipes sp. dk3624	2662363	S	159	44	203	0.00004
Alistipes senegalensis	1288121	S	153	39	192	0.00004
Alistipes megaguti	2364787	S	151	21	172	0.00004
Alistipes indistinctus	626932	S	114	30	144	0.00003
Alistipes shahii	328814	S	110	76	186	0.00004
Prevotella sp. Rep29	2691580	S	29	4	33	0.00001
Prevotella sp. E13-17	2913616	S	23	9	32	0.00001
Prevotella sp. E15-22	2937774	S	23	20	43	0.00001
Prevotella sp. oral taxon 475	712471	S	20	2	22	0.00000
Prevotella sp. E9-3	2913621	S	16	9	25	0.00001
Prevotella sp. E2-28	2913620	S	12	8	20	0.00000
Prevotella dentalis	52227	S	87	19	106	0.00002
Prevotella denticola	28129	S	39	12	51	0.00001
Prevotella multiformis	282402	S	32	13	45	0.00001
Prevotella intermedia	28131	S	29	15	44	0.00001
Prevotella melaninogenica	28132	S	26	9	35	0.00001
Prevotella ruminicola	839	S	25	1	26	0.00001
Prevotella buccalis	28127	S	24	33	57	0.00001
Prevotella enoeca	76123	S	17	3	20	0.00000
Prevotella copri	165179	S	17	10	27	0.00001
Prevotella fusca	589436	S	14	3	17	0.00000
Paraprevotella xylaniphila	454155	S	32	35	67	0.00001
Pseudoprevotella muciniphila	2133944	S	30	3	33	0.00001
Bacteroides thetaiotaomicron	818	S	47	38	85	0.00002
Bacteroides sp. CBA7301	2715212	S	24	12	36	0.00001
Bacteroides cellulosilyticus	246787	S	33	14	47	0.00001
Bacteroides fragilis	817	S	32	69	101	0.00002
Bacteroides eggerthii	28111	S	21	28	49	0.00001
Bacteroides helcogenes	290053	S	20	1	21	0.00000
Bacteroides stercoris	46506	S	19	23	42	0.00001
Bacteroides caccae	47678	S	17	2	19	0.00000
Bacteroides heparinolyticus	28113	S	16	5	21	0.00000
Bacteroides zoogleoformans	28119	S	15	5	20	0.00000
Bacteroides uniformis	820	S	15	65	80	0.00002
Bacteroides nordii	291645	S	15	14	29	0.00001
Bacteroides intestinalis	329854	S	15	3	18	0.00000
Bacteroides faecis	674529	S	14	14	28	0.00001
Bacteroides zhangwenhongii	2650157	S	11	9	20	0.00000
Phocaeicola salanitronis	376805	S	38	20	58	0.00001
Phocaeicola coprophilus	387090	S	20	13	33	0.00001
Phocaeicola vulgatus	821	S	13	27	40	0.00001
Tannerella serpentiformis	712710	S	145	7	152	0.00003
Tannerella forsythia	28112	S	46	6	52	0.00001
Parabacteroides goldsteinii	328812	S	34	10	44	0.00001
Parabacteroides merdae	46503	S	27	37	64	0.00001
Parabacteroides johnsonii	387661	S	21	21	42	0.00001
Parabacteroides distasonis	823	S	18	67	85	0.00002
Sodaliphilus pleomorphus	2606626	S	91	57	148	0.00003
Duncaniella dubosii	2518971	S	30	6	36	0.00001
Muribaculum gordoncarteri	2530390	S	34	5	39	0.00001
Muribaculum intestinale	1796646	S	23	3	26	0.00001
Porphyromonas sp. oral taxon 275	712435	S	106	13	119	0.00003
Porphyromonas asaccharolytica	28123	S	36	3	39	0.00001
Porphyromonas gingivalis	837	S	33	6	39	0.00001
Porphyromonas cangingivalis	36874	S	16	3	19	0.00000
Porphyromonas somerae	322095	S	16	5	21	0.00000
Porphyromonas endodontalis	28124	S	11	1	12	0.00000
Proteiniphilum saccharofermentans	1642647	S	34	2	36	0.00001
Proteiniphilum sp. JNU-WLY501	2829812	S	16	0	16	0.00000
Petrimonas mucosa	1642646	S	43	2	45	0.00001
Barnesiella viscericola	397865	S	54	88	142	0.00003
Butyricimonas faecalis	2093856	S	19	22	41	0.00001
Butyricimonas virosa	544645	S	13	2	15	0.00000
Odoribacter splanchnicus	28118	S	13	1	14	0.00000
Paludibacter propionicigenes	185300	S	23	0	23	0.00001
Salinivirga cyanobacteriivorans	1307839	S	20	0	20	0.00000
Tenuifilum thalassicum	2590900	S	15	0	15	0.00000
Draconibacterium orientale	1168034	S	24	1	25	0.00001
Draconibacterium halophilum	2706887	S	14	0	14	0.00000
Maribellus comscasis	2681766	S	35	1	36	0.00001
Labilibaculum antarcticum	1717717	S	14	1	15	0.00000
Alkalitalea saponilacus	889453	S	12	0	12	0.00000
Flavobacterium sp. HJ-32-4	1160795	S	88	9	97	0.00002
Flavobacterium sp. CJ74	2294119	S	21	2	23	0.00001
Flavobacterium sp. IGB 4-14	1871076	S	18	2	20	0.00000
Flavobacterium sp. CLA17	2724135	S	16	7	23	0.00001
Flavobacterium sp. WSW3-B6	2856519	S	13	2	15	0.00000
Flavobacterium sp. KBS0721	1179672	S	12	11	23	0.00001
Flavobacterium sp. F-70	2893884	S	11	5	16	0.00000
Flavobacterium sp. F-323	2893885	S	10	4	14	0.00000
Flavobacterium sp. KSM-R2A30	2897181	S	10	8	18	0.00000
Flavobacterium album	2175091	S	51	5	56	0.00001
Flavobacterium pallidum	2172098	S	51	8	59	0.00001
Flavobacterium magnum	2162713	S	43	8	51	0.00001
Flavobacterium nackdongense	2547394	S	28	4	32	0.00001
Flavobacterium endoglycinae	2816357	S	18	8	26	0.00001
Flavobacterium enshiense	1341165	S	18	3	21	0.00000
Flavobacterium inviolabile	2748320	S	17	4	21	0.00000
Flavobacterium commune	1306519	S	15	4	19	0.00000
Flavobacterium alkalisoli	2602769	S	15	1	16	0.00000
Flavobacterium sangjuense	2518177	S	13	2	15	0.00000
Flavobacterium nitrogenifigens	1617283	S	12	13	25	0.00001
Flavobacterium kingsejongi	1678728	S	12	2	14	0.00000
Flavobacterium gilvum	1492737	S	12	3	15	0.00000
Flavobacterium crassostreae	1763534	S	11	5	16	0.00000
Flavobacterium johnsoniae	986	S	11	10	21	0.00000
Flavobacterium crocinum	2183896	S	11	6	17	0.00000
Flavobacterium fluviale	2249356	S	11	8	19	0.00000
Flavobacterium branchiophilum	55197	S	10	1	11	0.00000
Capnocytophaga gingivalis	1017	S	31	10	41	0.00001
Capnocytophaga haemolytica	45243	S	13	2	15	0.00000
Capnocytophaga sputigena	1019	S	11	13	24	0.00001
Capnocytophaga canimorsus	28188	S	10	7	17	0.00000
Capnocytophaga cynodegmi	28189	S	10	10	20	0.00000
Muricauda sp. SCSIO 65647	2908843	S	20	1	21	0.00000
Muricauda sp. SCSIO 64092	2908842	S	14	0	14	0.00000
Muricauda lutaonensis	516051	S	26	9	35	0.00001
Muricauda oceani	2698672	S	26	20	46	0.00001
Muricauda ruestringensis	111501	S	19	2	21	0.00000
Muricauda aquimarina	254955	S	16	13	29	0.00001
Muricauda aurantiaca	1383885	S	13	1	14	0.00000
Gramella sp. GC03-9	2920386	S	21	8	29	0.00001
Gramella sp. MT6	2705471	S	18	3	21	0.00000
Gramella fulva	2126553	S	28	3	31	0.00001
Gramella flava	1486245	S	21	9	30	0.00001
Gramella salexigens	1913577	S	15	2	17	0.00000
Gramella forsetii	411153	S	11	4	15	0.00000
Gramella echinicola	279359	S	10	1	11	0.00000
Robiginitalea biformata	252307	S	97	7	104	0.00002
Antarcticibacterium flavum	2058175	S	31	9	40	0.00001
Antarcticibacterium arcticum	2585771	S	22	4	26	0.00001
Antarcticibacterium sp. 1MA-6-2	2908210	S	17	3	20	0.00000
Nonlabens spongiae	331648	S	14	11	25	0.00001
Nonlabens ponticola	2496866	S	10	2	12	0.00000
Winogradskyella forsetii	2686077	S	14	8	22	0.00000
Sinomicrobium sp. HD2P242	2900738	S	53	3	56	0.00001
Aequorivita sublithincola	101385	S	20	13	33	0.00001
Aequorivita sp. H23M31	2494375	S	12	4	16	0.00000
Maribacter sp. MJ134	2496865	S	10	4	14	0.00000
Maribacter cobaltidurans	1178778	S	13	19	32	0.00001
Formosa agariphila	320324	S	11	4	15	0.00000
Salegentibacter mishustinae	270918	S	12	17	29	0.00001
Myroides fluvii	2572594	S	13	9	22	0.00000
Kordia antarctica	1218801	S	20	2	22	0.00000
Kordia sp. SMS9	2282170	S	10	0	10	0.00000
Aggregatimonas sangjinii	2583587	S	27	1	28	0.00001
Zunongwangia sp. SCSIO 43204	2779359	S	12	12	24	0.00001
Zunongwangia profunda	398743	S	10	12	22	0.00000
Leeuwenhoekiella palythoae	573501	S	10	14	24	0.00001
Mariniflexile sp. TRM1-10	2027857	S	21	3	24	0.00001
Flagellimonas sp. HMM57	2905121	S	11	1	12	0.00000
Zhouia spongiae	2202721	S	17	6	23	0.00001
Muriicola soli	2507538	S	17	1	18	0.00000
Zobellia galactanivorans	63186	S	16	1	17	0.00000
Euzebyella marina	1761453	S	15	12	27	0.00001
Gilvibacter sp. SZ-19	754429	S	15	2	17	0.00000
Sediminicola sp. YIK13	1453352	S	15	2	17	0.00000
Galbibacter sp. BG1	1170699	S	14	2	16	0.00000
Arenibacter algicola	616991	S	10	4	14	0.00000
Pukyongia salina	2094025	S	10	1	11	0.00000
Chryseobacterium sp. SC2-2	2929800	S	26	25	51	0.00001
Chryseobacterium sp. 6424	2039166	S	26	15	41	0.00001
Chryseobacterium sp.	1871047	S	21	21	42	0.00001
Chryseobacterium sp. ZHDP1	2838877	S	20	34	54	0.00001
Chryseobacterium sp. ADR-1	2929799	S	14	12	26	0.00001
Chryseobacterium sp. F4	2852098	S	13	2	15	0.00000
Chryseobacterium sp. DH-B6	2759528	S	12	16	28	0.00001
Chryseobacterium sp. LJ668	2864040	S	11	5	16	0.00000
Chryseobacterium sp. cx-624	2758037	S	10	6	16	0.00000
Chryseobacterium taklimakanense	536441	S	30	31	61	0.00001
Chryseobacterium arthrosphaerae	651561	S	22	24	46	0.00001
Chryseobacterium indologenes	253	S	21	22	43	0.00001
Chryseobacterium camelliae	1265445	S	21	22	43	0.00001
Chryseobacterium daecheongense	192389	S	16	7	23	0.00001
Chryseobacterium salivictor	2547600	S	14	4	18	0.00000
Chryseobacterium nepalense	1854498	S	14	5	19	0.00000
Chryseobacterium gallinarum	1324352	S	14	10	24	0.00001
Chryseobacterium joostei	112234	S	13	13	26	0.00001
Chryseobacterium carnipullorum	1124835	S	13	11	24	0.00001
Chryseobacterium lactis	1241981	S	11	20	31	0.00001
Chryseobacterium manosquense	2754694	S	11	17	28	0.00001
Chryseobacterium gleum	250	S	11	31	42	0.00001
Kaistella sp. 97-N-M2	2908645	S	23	5	28	0.00001
Kaistella daneshvariae	2487074	S	23	5	28	0.00001
Kaistella carnis	1241979	S	18	11	29	0.00001
Elizabethkingia meningoseptica	238	S	21	4	25	0.00001
Elizabethkingia anophelis	1117645	S	19	33	52	0.00001
Cruoricaptor ignavus	1118202	S	28	7	35	0.00001
Bergeyella cardium	1585976	S	14	8	22	0.00000
Riemerella anatipestifer	34085	S	11	7	18	0.00000
Ornithobacterium rhinotracheale	28251	S	10	11	21	0.00000
Blattabacterium cuenoti	1653831	S	60	23	83	0.00002
Fluviicola taffensis	191579	S	24	2	26	0.00001
Crocinitomix sp. GM2_3_6_6	2862509	S	18	0	18	0.00000
Owenweeksia hongkongensis	253245	S	25	1	26	0.00001
Croceimicrobium hydrocarbonivorans	2761580	S	16	3	19	0.00000
Mucilaginibacter sp. 14171R-50	2703789	S	43	3	46	0.00001
Mucilaginibacter sp. 21P	2778902	S	43	3	46	0.00001
Mucilaginibacter sp. F39-2	2728022	S	40	3	43	0.00001
Mucilaginibacter sp. SMC90	2929803	S	38	2	40	0.00001
Mucilaginibacter mali	2740462	S	95	4	99	0.00002
Mucilaginibacter daejeonensis	398049	S	93	7	100	0.00002
Mucilaginibacter gotjawali	1550579	S	76	3	79	0.00002
Mucilaginibacter ginsenosidivorans	398053	S	62	2	64	0.00001
Mucilaginibacter paludis	423351	S	57	3	60	0.00001
Mucilaginibacter celer	2305508	S	56	3	59	0.00001
Mucilaginibacter ginkgonis	2682091	S	50	3	53	0.00001
Mucilaginibacter ginsenosidivorax	862126	S	48	2	50	0.00001
Mucilaginibacter rubeus	2027860	S	46	133	179	0.00004
Mucilaginibacter mallensis	652787	S	42	2	44	0.00001
Mucilaginibacter xinganensis	1234841	S	42	2	44	0.00001
Mucilaginibacter gossypii	551996	S	18	16	34	0.00001
Pedobacter sp. PACM 27299	1727164	S	41	7	48	0.00001
Pedobacter sp. KBS0701	2578106	S	25	7	32	0.00001
Pedobacter sp. HDW13	2714940	S	23	3	26	0.00001
Pedobacter sp. D749	2856523	S	20	5	25	0.00001
Pedobacter sp. SW-16	2766984	S	16	2	18	0.00000
Pedobacter sp. G11	2482728	S	15	2	17	0.00000
Pedobacter sp. Q8-18	2895286	S	10	0	10	0.00000
Pedobacter heparinus	984	S	38	4	42	0.00001
Pedobacter endophyticus	2789740	S	35	4	39	0.00001
Pedobacter steynii	430522	S	30	3	33	0.00001
Pedobacter suwonensis	332999	S	26	6	32	0.00001
Pedobacter schmidteae	2201271	S	26	2	28	0.00001
Pedobacter roseus	336820	S	25	7	32	0.00001
Pedobacter ginsengisoli	363852	S	16	2	18	0.00000
Pedobacter cryoconitis	188932	S	12	1	13	0.00000
Pedobacter aquae	2605747	S	11	1	12	0.00000
Sphingobacterium sp. DR205	2713573	S	19	2	21	0.00000
Sphingobacterium sp. ML3W	1538644	S	17	7	24	0.00001
Sphingobacterium sp. CZ-2	2557994	S	15	5	20	0.00000
Sphingobacterium sp. SRCM116780	2907623	S	13	2	15	0.00000
Sphingobacterium sp. PCS056	2931400	S	12	2	14	0.00000
Sphingobacterium sp. dk4302	2662364	S	10	1	11	0.00000
Sphingobacterium sp. UDSM-2020	2795738	S	10	3	13	0.00000
Sphingobacterium spiritivorum	258	S	53	51	104	0.00002
Sphingobacterium thalpophilum	259	S	45	69	114	0.00002
Sphingobacterium lactis	797291	S	34	40	74	0.00002
Sphingobacterium multivorum	28454	S	19	58	77	0.00002
Sphingobacterium mizutaii	1010	S	16	3	19	0.00000
Sphingobacterium psychroaquaticum	561061	S	15	3	18	0.00000
Sphingobacterium hotanense	649196	S	12	5	17	0.00000
Sphingobacterium daejeonense	371142	S	10	3	13	0.00000
Anseongella ginsenosidimutans	496056	S	114	5	119	0.00003
Solitalea canadensis	995	S	29	4	33	0.00001
Solitalea sp. S2-8	2911172	S	21	3	24	0.00001
Olivibacter sp. SDN3	2764720	S	25	5	30	0.00001
Olivibacter sp. LS-1	2592345	S	23	1	24	0.00001
Pseudopedobacter saltans	151895	S	24	27	51	0.00001
Haliscomenobacter hydrossis	2350	S	112	2	114	0.00002
Saprospira grandis	1008	S	30	1	31	0.00001
Candidatus Sulfidibacterium hydrothermale	2875962	S	33	1	34	0.00001
Chlorobaculum limnaeum	274537	S	341	62	403	0.00009
Chlorobaculum tepidum	1097	S	168	52	220	0.00005
Chlorobaculum parvum	274539	S	152	32	184	0.00004
Pelodictyon luteolum	1100	S	159	30	189	0.00004
Pelodictyon phaeoclathratiforme	34090	S	29	2	31	0.00001
Chlorobium limicola	1092	S	69	6	75	0.00002
Chlorobium phaeobacteroides	1096	S	47	7	54	0.00001
Chlorobium phaeovibrioides	1094	S	21	5	26	0.00001
Prosthecochloris sp. GSB1	281093	S	109	9	118	0.00003
Prosthecochloris sp. CIB 2401	1868325	S	48	15	63	0.00001
Prosthecochloris sp. HL-130-GSB	1974213	S	44	10	54	0.00001
Prosthecochloris aestuarii	1102	S	59	7	66	0.00001
Chloroherpeton thalassium	100716	S	55	1	56	0.00001
Melioribacter roseus	1134405	S	42	4	46	0.00001
Ignavibacterium album	591197	S	35	4	39	0.00001
Candidatus Cyclonatronum proteinivorum	1457365	S	82	10	92	0.00002
Gemmatirosa kalamazoonesis	861299	S	24353	2653	27006	0.00586
Gemmatimonas groenlandica	2732249	S	3109	395	3504	0.00076
Gemmatimonas aurantiaca	173480	S	2420	276	2696	0.00059
Gemmatimonas phototrophica	1379270	S	1870	288	2158	0.00047
Fibrobacter succinogenes	833	S	62	1	63	0.00001
Candidatus Cloacimonas acidaminovorans	456827	S	27	0	27	0.00001
Luteitalea sp. TBR-22	2802971	S	17106	3548	20654	0.00448
Luteitalea pratensis	1855912	S	14337	1918	16255	0.00353
Granulicella sp. WH15	2602070	S	1170	250	1420	0.00031
Granulicella sp. 5B5	1617967	S	838	163	1001	0.00022
Granulicella mallensis	940614	S	752	103	855	0.00019
Granulicella tundricola	940615	S	599	90	689	0.00015
Terriglobus roseus	392734	S	1039	260	1299	0.00028
Terriglobus albidus	1592106	S	845	94	939	0.00020
Terriglobus saanensis	870903	S	533	81	614	0.00013
Acidobacterium capsulatum	33075	S	1014	152	1166	0.00025
Acidobacterium sp. 4Y35	2763107	S	901	77	978	0.00021
Candidatus Koribacter versatilis	658062	S	1591	63	1654	0.00036
Edaphobacter sp. 12200R-103	2703788	S	657	139	796	0.00017
Edaphobacter sp. 4G125	2763071	S	357	64	421	0.00009
Acidisarcina polymorpha	2211140	S	661	57	718	0.00016
Paludibaculum fermentans	1473598	S	2922	97	3019	0.00066
Chloracidobacterium aggregatum	2851959	S	506	371	877	0.00019
Chloracidobacterium validum	2821543	S	367	8	375	0.00008
Chloracidobacterium sp. D	2821536	S	28	124	152	0.00003
Chloracidobacterium thermophilum	458033	S	22	90	112	0.00002
Sulfidibacter corallicola	2818388	S	845	21	866	0.00019
Thermotomaculum hydrothermale	981385	S	37	2	39	0.00001
Nitrospira moscoviensis	42253	S	2034	189	2223	0.00048
Nitrospira japonica	1325564	S	1255	157	1412	0.00031
Nitrospira sp. KM1	1936990	S	888	86	974	0.00021
Candidatus Nitrospira inopinata	1715989	S	804	73	877	0.00019
Leptospirillum ferrooxidans	180	S	52	1	53	0.00001
Leptospirillum sp. Group II 'CF-1'	1660083	S	25	58	83	0.00002
Leptospirillum ferriphilum	178606	S	10	14	24	0.00001
Thermodesulfovibrio yellowstonii	28262	S	39	1	40	0.00001
Dissulfurispira thermophila	2715679	S	38	2	40	0.00001
Treponema brennaborense	81028	S	69	26	95	0.00002
Treponema primitia	88058	S	43	1	44	0.00001
Treponema azotonutricium	150829	S	29	1	30	0.00001
Treponema sp. Marseille-Q4132	2766701	S	22	15	37	0.00001
Treponema vincentii	69710	S	23	36	59	0.00001
Treponema socranskii	53419	S	22	15	37	0.00001
Treponema caldarium	215591	S	19	1	20	0.00000
Treponema parvum	138851	S	18	1	19	0.00000
Treponema peruense	2787628	S	11	1	12	0.00000
Treponema phagedenis	162	S	10	4	14	0.00000
Spirochaeta thermophila	154	S	192	3	195	0.00004
Spirochaeta africana	46355	S	72	2	74	0.00002
Salinispira pacifica	1307761	S	39	0	39	0.00001
Sediminispirochaeta smaragdinae	55206	S	30	0	30	0.00001
Sphaerochaeta associata	1129264	S	37	5	42	0.00001
Sphaerochaeta coccoides	273376	S	32	1	33	0.00001
Sphaerochaeta globosa	1131703	S	22	3	25	0.00001
Sphaerochaeta pleomorpha	1131707	S	13	2	15	0.00000
Breznakiella homolactica	2798577	S	61	3	64	0.00001
Leptospira santarosai	28183	S	37	18	55	0.00001
Leptospira weilii	28184	S	17	18	35	0.00001
Leptospira kmetyi	408139	S	15	2	17	0.00000
Leptospira tipperaryensis	2564040	S	15	1	16	0.00000
Leptospira biflexa	172	S	12	0	12	0.00000
Leptospira noguchii	28182	S	12	8	20	0.00000
Leptospira kobayashii	1917830	S	10	0	10	0.00000
Turneriella parva	29510	S	121	1	122	0.00003
Fretibacterium fastidiosum	651822	S	199	3	202	0.00004
Aminomonas paucivorans	81412	S	180	22	202	0.00004
Pyramidobacter piscolens	638849	S	174	12	186	0.00004
Thermanaerovibrio acidaminovorans	81462	S	74	29	103	0.00002
Thermanaerovibrio velox	108007	S	64	16	80	0.00002
Cloacibacillus porcorum	1197717	S	143	33	176	0.00004
Jonquetella anthropi	428712	S	111	19	130	0.00003
Acetomicrobium mobile	97477	S	26	0	26	0.00001
Aminobacterium colombiense	81468	S	21	1	22	0.00000
Thermovirga lienii	336261	S	17	16	33	0.00001
Candidatus Bipolaricaulis anaerobius	2026885	S	224	11	235	0.00005
Candidatus Saccharimonas aalborgensis	1332188	S	50	12	62	0.00001
Candidatus Nanosynbacter featherlites	2572088	S	20	38	58	0.00001
Candidatus Babela massiliensis	673862	S	41	1	42	0.00001
Candidatus Chazhemtobacterium aquaticus	2715735	S	24	0	24	0.00001
Candidatus Absconditicoccus praedator	2735562	S	14	0	14	0.00000
Thermotoga caldifontis	1508419	S	33	51	84	0.00002
Pseudothermotoga hypogea	57487	S	17	10	27	0.00001
Mesotoga infera	1236046	S	25	5	30	0.00001
Mesotoga prima	1184387	S	12	2	14	0.00000
Defluviitoga tunisiensis	1006576	S	12	22	34	0.00001
Athalassotoga saccharophila	1441386	S	15	0	15	0.00000
Hydrogenobacter sp. T-8	1632019	S	17	11	28	0.00001
Thermocrinis minervae	381751	S	12	5	17	0.00000
Aquifex aeolicus	63363	S	11	2	13	0.00000
Sulfurihydrogenibium azorense	309806	S	41	3	44	0.00001
Persephonella marina	309805	S	33	1	34	0.00001
Thermosulfidibacter takaii	412593	S	39	1	40	0.00001
Thermovibrio ammonificans	228745	S	47	7	54	0.00001
Desulfurobacterium thermolithotrophum	64160	S	18	2	20	0.00000
Thermosulfurimonas marina	2047767	S	75	6	81	0.00002
Thermosulfuriphilus ammonigenes	1936021	S	34	1	35	0.00001
Thermodesulfatator indicus	171695	S	27	2	29	0.00001
Caldimicrobium thiodismutans	1653476	S	11	1	12	0.00000
Caldithrix abyssi	187145	S	126	1	127	0.00003
Geovibrio thiophilus	139438	S	26	7	33	0.00001
Mucispirillum schaedleri	248039	S	18	2	20	0.00000
Flexistipes sinusarabici	2352	S	17	3	20	0.00000
Denitrovibrio acetiphilus	118000	S	14	2	16	0.00000
Calditerrivibrio nitroreducens	477976	S	11	2	13	0.00000
Desulfurispirillum indicum	936456	S	93	53	146	0.00003
Elusimicrobium minutum	423605	S	41	1	42	0.00001
Endomicrobium proavitum	1408281	S	18	7	25	0.00001
Candidatus Endomicrobium trichonymphae	1408204	S	11	3	14	0.00000
Coprothermobacter proteolyticus	35786	S	61	15	76	0.00002
Caldisericum exile	693075	S	30	0	30	0.00001
Atribacter laminatus	2847778	S	23	0	23	0.00001
Fusarium acuminatum	5515	S	1248	91	1339	0.00029
Fusarium avenaceum	40199	S	20	0	20	0.00000
Fusarium oxysporum	5507	S	292	150	442	0.00010
Fusarium longipes	694270	S	43	2	45	0.00001
Fusarium poae	36050	S	38	15	53	0.00001
Fusarium sporotrichioides	5514	S	37	4	41	0.00001
Fusarium pseudograminearum	101028	S	34	19	53	0.00001
Fusarium venenatum	56646	S	17	35	52	0.00001
Fusarium sambucinum	5128	S	14	7	21	0.00000
Fusarium graminearum	5518	S	10	40	50	0.00001
Fusarium nygamai	42673	S	55	22	77	0.00002
Fusarium fujikuroi	5127	S	39	5	44	0.00001
Fusarium thapsinum	120644	S	25	7	32	0.00001
Fusarium pseudonygamai	47755	S	18	5	23	0.00001
Fusarium verticillioides	117187	S	10	23	33	0.00001
Fusarium scirpi	2211609	S	59	12	71	0.00002
Fusarium equiseti	61235	S	55	13	68	0.00001
Fusarium decemcellulare	57161	S	110	2	112	0.00002
Fusarium dimerum	57145	S	68	2	70	0.00002
Fusarium graminum	86546	S	32	6	38	0.00001
Fusarium heterosporum	42747	S	26	5	31	0.00001
Fusarium nelsonii	77846	S	35	6	41	0.00001
Fusarium chlamydosporum	86545	S	22	4	26	0.00001
Fusarium lateritium	5523	S	57	2	59	0.00001
Metarhizium guizhouense	169041	S	183	84	267	0.00006
Metarhizium album	92629	S	146	5	151	0.00003
Metarhizium rileyi	1649241	S	85	13	98	0.00002
Metarhizium acridum	92637	S	49	36	85	0.00002
Metarhizium majus	1650735	S	29	11	40	0.00001
Metarhizium humberi	2596975	S	27	13	40	0.00001
Metarhizium anisopliae	5530	S	24	33	57	0.00001
Metarhizium brunneum	500148	S	24	16	40	0.00001
Metarhizium robertsii	568076	S	15	8	23	0.00001
Ustilaginoidea virens	1159556	S	234	13	247	0.00005
Pochonia chlamydosporia	280754	S	51	3	54	0.00001
Trichoderma reesei	51453	S	116	16	132	0.00003
Trichoderma citrinoviride	58853	S	103	20	123	0.00003
Trichoderma pleuroti	500994	S	61	11	72	0.00002
Trichoderma atroviride	63577	S	54	21	75	0.00002
Trichoderma afroharzianum	1567482	S	47	20	67	0.00001
Trichoderma erinaceum	202914	S	45	12	57	0.00001
Trichoderma hamatum	49224	S	42	5	47	0.00001
Trichoderma koningiopsis	337941	S	42	11	53	0.00001
Trichoderma gamsii	398673	S	34	9	43	0.00001
Trichoderma asperellum	101201	S	24	3	27	0.00001
Trichoderma harzianum	5544	S	23	10	33	0.00001
Trichoderma longibrachiatum	5548	S	12	262	274	0.00006
Beauveria felina	37994	S	167	11	178	0.00004
Beauveria brongniartii	118266	S	73	19	92	0.00002
Beauveria pseudobassiana	931006	S	73	11	84	0.00002
Beauveria rudraprayagi	1481906	S	54	67	121	0.00003
Beauveria bassiana	176275	S	26	34	60	0.00001
Cordyceps fumosorosea	114497	S	247	22	269	0.00006
Purpureocillium lilacinum	33203	S	283	26	309	0.00007
Drechmeria coniospora	98403	S	206	12	218	0.00005
Clonostachys rosea	29856	S	120	10	130	0.00003
Colletotrichum higginsianum	80884	S	300	75	375	0.00008
Thermothelomyces thermophilus	78579	S	2364	154	2518	0.00055
Thermothielavioides terrestris	2587410	S	861	76	937	0.00020
Neurospora crassa	5141	S	233	15	248	0.00005
Pyricularia oryzae	318829	S	113	37	150	0.00003
Pyricularia pennisetigena	1578925	S	111	21	132	0.00003
Pyricularia grisea	148305	S	75	14	89	0.00002
Neopestalotiopsis clavispora	289240	S	48	59	107	0.00002
Neopestalotiopsis rosae	1562205	S	42	48	90	0.00002
Botrytis cinerea	40559	S	80	0	80	0.00002
Aspergillus flavus	5059	S	228	360	588	0.00013
Aspergillus oryzae	5062	S	152	214	366	0.00008
Aspergillus luchuensis	1069201	S	522	28	550	0.00012
Aspergillus chevalieri	182096	S	297	24	321	0.00007
Aspergillus puulaauensis	1220207	S	92	2	94	0.00002
Aspergillus fumigatus	746128	S	75	2	77	0.00002
Penicillium chrysogenum	5076	S	42	4	46	0.00001
Penicillium expansum	27334	S	35	7	42	0.00001
Penicillium citrinum	5077	S	33	3	36	0.00001
Penicillium aurantiogriseum	36655	S	32	6	38	0.00001
Penicillium digitatum	36651	S	23	2	25	0.00001
Penicillium italicum	40296	S	23	4	27	0.00001
Paecilomyces niveus	5093	S	44	1	45	0.00001
Paecilomyces variotii	264951	S	32	2	34	0.00001
Talaromyces rugulosus	121627	S	60	3	63	0.00001
Paraphaeosphaeria minitans	565426	S	118	39	157	0.00003
Ampelomyces quisqualis	50730	S	74	7	81	0.00002
Zymoseptoria tritici	1047171	S	66	0	66	0.00001
Cercospora beticola	122368	S	36	0	36	0.00001
Eremothecium gossypii	33169	S	37	32	69	0.00002
Lachancea thermotolerans	381046	S	29	1	30	0.00001
Kazachstania naganishii	588726	S	18	0	18	0.00000
Saccharomyces paradoxus	27291	S	10	0	10	0.00000
[Candida] glabrata	5478	S	16	0	16	0.00000
Tetrapisispora blattae	1071379	S	11	1	12	0.00000
Brettanomyces nanus	13502	S	12	2	14	0.00000
Ogataea parapolymorpha	1005962	S	15	0	15	0.00000
Pichia kudriavzevii	4909	S	11	0	11	0.00000
Candida dubliniensis	42374	S	14	4	18	0.00000
Yarrowia lipolytica	4952	S	37	0	37	0.00001
Sugiyamaella lignohabitans	796027	S	17	1	18	0.00000
Schizosaccharomyces pombe	4896	S	10	0	10	0.00000
Pseudozyma flocculosa	84751	S	369	3	372	0.00008
Ustilago maydis	5270	S	158	3	161	0.00004
Sporisorium graminicola	280036	S	100	14	114	0.00002
Malassezia restricta	76775	S	49	8	57	0.00001
Phlebiopsis gigantea	82310	S	118	1	119	0.00003
Rhizoctonia solani	456999	S	27	1	28	0.00001
Marasmius oreades	181124	S	28	1	29	0.00001
Cryptococcus neoformans	5207	S	23	0	23	0.00001
Cryptococcus gattii VGI	37769	S	11	6	17	0.00000
Phytophthora cinnamomi	4785	S	258	45	303	0.00007
Phytophthora fragariae	53985	S	185	28	213	0.00005
Phytophthora cryptogea	4786	S	110	9	119	0.00003
Phytophthora infestans	4787	S	110	196	306	0.00007
Phytophthora parasitica	4792	S	64	9	73	0.00002
Phytophthora cactorum	29920	S	60	9	69	0.00002
Phytophthora boehmeriae	109152	S	41	5	46	0.00001
Pythium aphanidermatum	65070	S	134	6	140	0.00003
