name	taxonomy_id	taxonomy_lvl	kraken_assigned_reads	added_reads	new_est_reads	fraction_total_reads
Bradyrhizobium sp. CCBAU 51753	1325100	S	3813	868	4681	0.00069
Bradyrhizobium sp. BTAi1	288000	S	3525	671	4196	0.00062
Bradyrhizobium sp. ORS 278	114615	S	3457	825	4282	0.00063
Bradyrhizobium sp. A19	2898149	S	3394	616	4010	0.00059
Bradyrhizobium sp. ORS 285	115808	S	3390	802	4192	0.00062
Bradyrhizobium sp. 200	2782665	S	3366	807	4173	0.00062
Bradyrhizobium sp. 170	2782641	S	2999	831	3830	0.00057
Bradyrhizobium sp. CCBAU 051011	858422	S	2777	561	3338	0.00049
Bradyrhizobium sp. SK17	2057741	S	2641	902	3543	0.00053
Bradyrhizobium sp. 186	2782654	S	2502	713	3215	0.00048
Bradyrhizobium sp. CCBAU 53338	1325111	S	2394	1002	3396	0.00050
Bradyrhizobium sp. CCBAU 53351	1325114	S	2272	1174	3446	0.00051
Bradyrhizobium sp. 195	2782662	S	2136	802	2938	0.00044
Bradyrhizobium sp. CCBAU 53421	1325120	S	2050	668	2718	0.00040
Bradyrhizobium sp. 1(2017)	1404888	S	1943	628	2571	0.00038
Bradyrhizobium sp. CCBAU 53340	1325112	S	1940	770	2710	0.00040
Bradyrhizobium sp. CCGE-LA001	1223566	S	1674	644	2318	0.00034
Bradyrhizobium sp. S2-11-2	2840472	S	1497	1243	2740	0.00041
Bradyrhizobium sp. I71	2590772	S	1467	1375	2842	0.00042
Bradyrhizobium sp. 6(2017)	1197460	S	1459	734	2193	0.00033
Bradyrhizobium sp. 191	2782659	S	1362	1441	2803	0.00042
Bradyrhizobium sp. CCBAU 51765	1325102	S	1319	1283	2602	0.00039
Bradyrhizobium sp. S2-20-1	2840469	S	1317	1165	2482	0.00037
Bradyrhizobium sp. 41S5	1404443	S	1197	835	2032	0.00030
Bradyrhizobium sp. S2-11-4	2840473	S	1114	1084	2198	0.00033
Bradyrhizobium sp. C-145	574727	S	739	743	1482	0.00022
Bradyrhizobium sp.	376	S	637	2123	2760	0.00041
Bradyrhizobium sp. 40	2782674	S	473	1145	1618	0.00024
Bradyrhizobium sp. 4	2782678	S	461	1254	1715	0.00025
Bradyrhizobium sp. 144S4	2823807	S	417	1058	1475	0.00022
Bradyrhizobium sp. 323S2	1404649	S	415	1072	1487	0.00022
Bradyrhizobium sp. 192	2782660	S	392	970	1362	0.00020
Bradyrhizobium sp. LCT2	2493093	S	272	768	1040	0.00015
Bradyrhizobium sp. SG09	2599805	S	178	1300	1478	0.00022
Bradyrhizobium sp. 187	2782655	S	163	826	989	0.00015
Bradyrhizobium sp. TM102	2599819	S	145	1014	1159	0.00017
Bradyrhizobium sp. 1S5	2816456	S	81	946	1027	0.00015
Bradyrhizobium sp. 38S5	2819348	S	78	986	1064	0.00016
Bradyrhizobium sp. 172	2782643	S	68	854	922	0.00014
Bradyrhizobium sp. CW1	2782686	S	59	944	1003	0.00015
Bradyrhizobium sp. 131	2782609	S	57	962	1019	0.00015
Bradyrhizobium sp. 155	2782629	S	41	762	803	0.00012
Bradyrhizobium erythrophlei	1437360	S	10913	944	11857	0.00176
Bradyrhizobium diazoefficiens	1355477	S	8505	19190	27695	0.00410
Bradyrhizobium lablabi	722472	S	3309	4029	7338	0.00109
Bradyrhizobium canariense	255045	S	3162	5021	8183	0.00121
Bradyrhizobium oligotrophicum	44255	S	3096	560	3656	0.00054
Bradyrhizobium icense	1274631	S	3054	458	3512	0.00052
Bradyrhizobium japonicum	375	S	2913	4295	7208	0.00107
Bradyrhizobium genosp. L	83637	S	2901	611	3512	0.00052
Bradyrhizobium paxllaeri	190148	S	2631	516	3147	0.00047
Bradyrhizobium guangdongense	1325090	S	2459	922	3381	0.00050
Bradyrhizobium arachidis	858423	S	2391	701	3092	0.00046
Bradyrhizobium guangxiense	1325115	S	2208	976	3184	0.00047
Bradyrhizobium vignae	1549949	S	2139	517	2656	0.00039
Bradyrhizobium cosmicum	1404864	S	1919	639	2558	0.00038
Bradyrhizobium genosp. B	83627	S	1892	416	2308	0.00034
Bradyrhizobium quebecense	2748629	S	1803	1040	2843	0.00042
Bradyrhizobium guangzhouense	1325095	S	1711	662	2373	0.00035
Bradyrhizobium septentrionale	1404411	S	1470	914	2384	0.00035
Bradyrhizobium amphicarpaeae	1404768	S	1401	595	1996	0.00030
Bradyrhizobium betae	244734	S	1322	781	2103	0.00031
Bradyrhizobium daqingense	993502	S	1296	711	2007	0.00030
Bradyrhizobium symbiodeficiens	1404367	S	1153	1748	2901	0.00043
Bradyrhizobium zhanjiangense	1325107	S	783	789	1572	0.00023
Bradyrhizobium elkanii	29448	S	503	1970	2473	0.00037
Bradyrhizobium ottawaense	931866	S	369	2366	2735	0.00041
Rhodopseudomonas palustris	1076	S	12883	4817	17700	0.00262
Rhodopseudomonas sp. SK50-23	340268	S	1795	408	2203	0.00033
Rhodopseudomonas boonkerdii	475937	S	1784	538	2322	0.00034
Nitrobacter hamburgensis	912	S	4901	918	5819	0.00086
Nitrobacter winogradskyi	913	S	2444	445	2889	0.00043
Tardiphaga sp. 37S4	1404741	S	954	788	1742	0.00026
Tardiphaga sp. vice154	2592814	S	53	833	886	0.00013
Tardiphaga sp. vice278	2592815	S	39	963	1002	0.00015
Tardiphaga sp. vice304	2592817	S	24	462	486	0.00007
Tardiphaga sp. vice352	2592816	S	19	584	603	0.00009
Tardiphaga robiniae	943830	S	1006	742	1748	0.00026
Afipia carboxidovorans	40137	S	3010	523	3533	0.00052
Afipia sp. GAS231	1882747	S	1491	1280	2771	0.00041
Variibacter gotjawalensis	1333996	S	3865	314	4179	0.00062
Mesorhizobium sp. J8	2777475	S	11898	3799	15697	0.00233
Mesorhizobium sp. B2-8-5	2589903	S	7099	2328	9427	0.00140
Mesorhizobium sp. 8	2584466	S	6112	1499	7611	0.00113
Mesorhizobium sp. DCY119	2108445	S	3525	847	4372	0.00065
Mesorhizobium sp. M2A.F.Ca.ET.043.05.1.1	2493671	S	3189	2594	5783	0.00086
Mesorhizobium sp. B1-1-8	2589976	S	3043	768	3811	0.00056
Mesorhizobium sp. M1B.F.Ca.ET.045.04.1.1	2493673	S	3034	1142	4176	0.00062
Mesorhizobium sp. M3A.F.Ca.ET.080.04.2.1	2493676	S	2939	893	3832	0.00057
Mesorhizobium sp. M1A.F.Ca.IN.022.06.1.1	2493680	S	2853	904	3757	0.00056
Mesorhizobium sp. M1E.F.Ca.ET.045.02.1.1	2493672	S	2832	1381	4213	0.00062
Mesorhizobium sp. M1D.F.Ca.ET.043.01.1.1	2493669	S	2804	1633	4437	0.00066
Mesorhizobium sp. Pch-S	2082387	S	2704	379	3083	0.00046
Mesorhizobium sp. B2-1-1	2589974	S	2434	559	2993	0.00044
Mesorhizobium sp. 131-2-1	2744518	S	2222	1160	3382	0.00050
Mesorhizobium sp. M4B.F.Ca.ET.058.02.1.1	2493675	S	2074	867	2941	0.00044
Mesorhizobium sp. PAMC28654	2880934	S	2020	384	2404	0.00036
Mesorhizobium sp. INR15	2654248	S	1963	285	2248	0.00033
Mesorhizobium sp. L-2-11	2744521	S	1916	743	2659	0.00039
Mesorhizobium sp. M9A.F.Ca.ET.002.03.1.2	2493668	S	1871	841	2712	0.00040
Mesorhizobium sp. B4-1-4	2589888	S	1725	421	2146	0.00032
Mesorhizobium sp. B2-1-8	2589967	S	1659	510	2169	0.00032
Mesorhizobium sp. M6A.T.Cr.TU.016.01.1.1	2493677	S	1552	520	2072	0.00031
Mesorhizobium sp. M2A.F.Ca.ET.043.02.1.1	2493670	S	1550	3682	5232	0.00078
Mesorhizobium sp. M2A.F.Ca.ET.046.03.2.1	2493674	S	1503	3752	5255	0.00078
Mesorhizobium sp. M8A.F.Ca.ET.057.01.1.1	2493679	S	1416	538	1954	0.00029
Mesorhizobium sp. M7D.F.Ca.US.005.01.1.1	2493678	S	1413	493	1906	0.00028
Mesorhizobium sp. 113-3-3	2744516	S	1224	679	1903	0.00028
Mesorhizobium sp. NZP2077	2483404	S	1204	403	1607	0.00024
Mesorhizobium sp. NBSH29	2654249	S	1168	84	1252	0.00019
Mesorhizobium sp. M7A.F.Ce.TU.012.03.2.1	2493681	S	1107	416	1523	0.00023
Mesorhizobium sp. L-8-10	2744523	S	1078	3165	4243	0.00063
Mesorhizobium sp. 113-1-2	2744515	S	1040	520	1560	0.00023
Mesorhizobium sp. L-8-3	2744522	S	1032	3114	4146	0.00061
Mesorhizobium sp. 113-3-9	2744517	S	909	673	1582	0.00023
Mesorhizobium sp. NZP2298	2483403	S	864	514	1378	0.00020
Mesorhizobium sp. AA22	1854057	S	788	518	1306	0.00019
Mesorhizobium sp. WSM1497	278153	S	272	598	870	0.00013
Mesorhizobium sp. 131-3-5	2744520	S	109	365	474	0.00007
Mesorhizobium sp. NZP2234	2483402	S	93	360	453	0.00007
Mesorhizobium sp. 131-2-5	2744519	S	86	623	709	0.00011
Mesorhizobium terrae	2725666	S	2763	956	3719	0.00055
Mesorhizobium opportunistum	593909	S	2222	987	3209	0.00048
Mesorhizobium amorphae	71433	S	1842	464	2306	0.00034
Mesorhizobium australicum	536018	S	1189	393	1582	0.00023
Mesorhizobium loti	381	S	1160	10265	11425	0.00169
Mesorhizobium ciceri	39645	S	1128	3132	4260	0.00063
Mesorhizobium erdmanii	1777866	S	1061	319	1380	0.00020
Mesorhizobium huakuii	28104	S	955	772	1727	0.00026
Mesorhizobium japonicum	2066070	S	922	700	1622	0.00024
Aquibium microcysteis	675281	S	4480	1331	5811	0.00086
Aquibium oceanicum	1670800	S	3455	859	4314	0.00064
Aminobacter sp. MSH1	374606	S	2302	1333	3635	0.00054
Aminobacter sp. SR38	2774562	S	433	1782	2215	0.00033
Aminobacter sp. MDW-2	2666139	S	315	1642	1957	0.00029
Aminobacter aminovorans	83263	S	269	1015	1284	0.00019
Nitratireductor sp. SY7	2599600	S	3146	622	3768	0.00056
Nitratireductor sp. OM-1	1756988	S	1507	276	1783	0.00026
Nitratireductor kimnyeongensis	430679	S	869	132	1001	0.00015
Phyllobacterium sp. T1018	555316	S	931	129	1060	0.00016
Phyllobacterium sp. 628	2718938	S	440	69	509	0.00008
Phyllobacterium sp. T1293	555317	S	438	61	499	0.00007
Phyllobacterium zundukense	1867719	S	874	137	1011	0.00015
Roseitalea porphyridii	1852022	S	1946	343	2289	0.00034
Oricola thermophila	2742145	S	1553	221	1774	0.00026
Hoeflea sp. IMCC20628	1620421	S	770	85	855	0.00013
Hoeflea phototrophica	244596	S	731	100	831	0.00012
Salaquimonas pukyongi	2712698	S	574	25	599	0.00009
Lentilitoribacter sp. Alg239-R112	2305987	S	44	0	44	0.00001
Rhizobium sp. WYJ-E13	2849093	S	1879	239	2118	0.00031
Rhizobium sp. BG4	2613770	S	1602	304	1906	0.00028
Rhizobium sp. NXC24	2048897	S	1127	164	1291	0.00019
Rhizobium sp. SL42	2806346	S	953	168	1121	0.00017
Rhizobium sp. ACO-34A	1571470	S	950	199	1149	0.00017
Rhizobium sp. NLR16a	2731112	S	939	441	1380	0.00020
Rhizobium sp. NXC14	1981173	S	919	394	1313	0.00019
Rhizobium sp. AB2/73	2795216	S	891	525	1416	0.00021
Rhizobium sp. WL3	2603277	S	888	169	1057	0.00016
Rhizobium sp. 11515TR	2028343	S	835	222	1057	0.00016
Rhizobium sp. CIAT894	2020312	S	827	373	1200	0.00018
Rhizobium sp. NZLR1	2731096	S	727	255	982	0.00015
Rhizobium sp. K102	2918527	S	582	408	990	0.00015
Rhizobium sp. C104	2917727	S	547	306	853	0.00013
Rhizobium sp. L51/94	2819999	S	452	728	1180	0.00017
Rhizobium sp. X9	2815360	S	279	596	875	0.00013
Rhizobium sp. 007	2785056	S	212	371	583	0.00009
Rhizobium sp. Kim5	2020311	S	200	473	673	0.00010
Rhizobium sp. IE4771	1301032	S	173	375	548	0.00008
Rhizobium sp. TAL182	2020313	S	162	489	651	0.00010
Rhizobium sp. ZX09	2291939	S	98	423	521	0.00008
Rhizobium sp. Y9	1914541	S	93	360	453	0.00007
Rhizobium sp. NIBRBAC000502774	2590777	S	62	296	358	0.00005
Rhizobium sp. B230/85	2819994	S	48	670	718	0.00011
Rhizobium sp. N324	1703969	S	26	683	709	0.00011
Rhizobium sp. T136	555319	S	16	444	460	0.00007
Rhizobium sp. B21/90	2819993	S	13	592	605	0.00009
Rhizobium sp. CCGE531	2364271	S	12	547	559	0.00008
Rhizobium leguminosarum	384	S	6032	8108	14140	0.00210
Rhizobium etli	29449	S	2104	2548	4652	0.00069
Rhizobium jaguaris	1312183	S	1293	162	1455	0.00022
Rhizobium rhizoryzae	451876	S	1292	170	1462	0.00022
Rhizobium pseudoryzae	379684	S	1261	266	1527	0.00023
Rhizobium bangladeshense	1138189	S	1239	297	1536	0.00023
Rhizobium phaseoli	396	S	1035	2167	3202	0.00047
Rhizobium gallicum	56730	S	1023	1328	2351	0.00035
Rhizobium lentis	1138194	S	969	299	1268	0.00019
Rhizobium tropici	398	S	805	212	1017	0.00015
Rhizobium binae	1138190	S	764	283	1047	0.00016
Rhizobium rosettiformans	1368430	S	700	324	1024	0.00015
Rhizobium pusense	648995	S	691	2730	3421	0.00051
Rhizobium daejeonense	240521	S	661	214	875	0.00013
Rhizobium indicum	2583231	S	463	407	870	0.00013
Rhizobium acidisoli	1538158	S	328	270	598	0.00009
Rhizobium oryzihabitans	2267833	S	219	299	518	0.00008
Rhizobium laguerreae	1076926	S	162	278	440	0.00007
Rhizobium hidalgonense	1538159	S	150	344	494	0.00007
Rhizobium ruizarguesonis	2081791	S	118	869	987	0.00015
Rhizobium favelukesii	348824	S	20	671	691	0.00010
Agrobacterium tumefaciens	358	S	3105	2936	6041	0.00090
Agrobacterium fabrum	1176649	S	316	417	733	0.00011
Agrobacterium fabacearum	1183401	S	74	960	1034	0.00015
Agrobacterium vitis	373	S	1594	189	1783	0.00026
Agrobacterium sp. T29	2580515	S	266	216	482	0.00007
Agrobacterium sp. MA01	2664893	S	182	339	521	0.00008
Agrobacterium sp. RAC06	1842536	S	174	331	505	0.00007
Agrobacterium sp. CGMCC 11546	2579248	S	67	144	211	0.00003
Agrobacterium sp. S7/73	2820002	S	60	340	400	0.00006
Agrobacterium vaccinii	2735528	S	658	91	749	0.00011
Agrobacterium larrymoorei	160699	S	457	76	533	0.00008
Agrobacterium rubi	28099	S	445	128	573	0.00009
Agrobacterium salinitolerans	1183413	S	384	147	531	0.00008
Agrobacterium rhizogenes	359	S	259	654	913	0.00014
Neorhizobium galegae	399	S	4967	1395	6362	0.00094
Neorhizobium sp. SOG26	2060726	S	1331	273	1604	0.00024
Neorhizobium sp. NCHU2750	1825976	S	1140	278	1418	0.00021
Pseudorhizobium flavum	1335061	S	768	470	1238	0.00018
Pseudorhizobium banfieldiae	1125847	S	724	400	1124	0.00017
Sinorhizobium meliloti	382	S	10306	6635	16941	0.00251
Sinorhizobium fredii	380	S	5332	6755	12087	0.00179
Sinorhizobium americanum	194963	S	1830	671	2501	0.00037
Sinorhizobium medicae	110321	S	1721	193	1914	0.00028
Sinorhizobium sp. BG8	2613773	S	1254	204	1458	0.00022
Sinorhizobium sp. CCBAU 05631	794846	S	243	340	583	0.00009
Ensifer adhaerens	106592	S	3214	1923	5137	0.00076
Ensifer mexicanus	375549	S	2120	326	2446	0.00036
Ensifer alkalisoli	1752398	S	1647	330	1977	0.00029
Ensifer sojae	716925	S	1548	583	2131	0.00032
Ensifer sp. PDNC004	2811423	S	1051	476	1527	0.00023
Ensifer sp. T173	555315	S	194	975	1169	0.00017
Shinella sp. HZN7	879274	S	2082	1761	3843	0.00057
Shinella sp. PSBB067	2715959	S	1704	1269	2973	0.00044
Shinella sp. XGS7	2877941	S	1045	806	1851	0.00027
Shinella sp. H4-D48	2925841	S	753	298	1051	0.00016
Shinella zoogloeoides	352475	S	1791	2429	4220	0.00063
Shinella oryzae	2871820	S	1042	458	1500	0.00022
Georhizobium profundi	2341112	S	1368	314	1682	0.00025
Ciceribacter thiooxidans	1969821	S	1364	273	1637	0.00024
Peteryoungia desertarenae	1813451	S	484	86	570	0.00008
Candidatus Liberibacter africanus	34020	S	12	12	24	0.00000
Liberibacter crescens	1273132	S	12	1	13	0.00000
Methylobacterium nodulans	114616	S	4006	540	4546	0.00067
Methylobacterium sp. 17Sr1-1	2202826	S	1837	960	2797	0.00041
Methylobacterium sp. WL1	2603276	S	1725	378	2103	0.00031
Methylobacterium sp. C1	1479019	S	192	1621	1813	0.00027
Methylobacterium sp. XJLW	739141	S	114	1653	1767	0.00026
Methylobacterium aquaticum	270351	S	3390	1646	5036	0.00075
Methylobacterium durans	2202825	S	2687	415	3102	0.00046
Methylobacterium radiodurans	2202828	S	2386	623	3009	0.00045
Methylobacterium currus	2051553	S	2243	1035	3278	0.00049
Methylobacterium organophilum	410	S	2153	1279	3432	0.00051
Methylobacterium terrae	2202827	S	1839	934	2773	0.00041
Methylobacterium tardum	374432	S	1695	657	2352	0.00035
Methylobacterium mesophilicum	39956	S	1669	384	2053	0.00030
Methylobacterium brachiatum	269660	S	1604	628	2232	0.00033
Methylobacterium indicum	1775910	S	1533	845	2378	0.00035
Methylobacterium oryzae	334852	S	1230	1661	2891	0.00043
Methylobacterium radiotolerans	31998	S	576	3316	3892	0.00058
Methylobacterium phyllosphaerae	418223	S	247	1003	1250	0.00019
Microvirga sp. VF16	2807101	S	5340	932	6272	0.00093
Microvirga sp. 17 mud 1-3	2082949	S	2765	646	3411	0.00051
Microvirga ossetica	1882682	S	5172	1012	6184	0.00092
Microvirga thermotolerans	2651334	S	3714	1100	4814	0.00071
Methylorubrum populi	223967	S	3158	1475	4633	0.00069
Methylorubrum extorquens	408	S	2370	4031	6401	0.00095
Methylorubrum sp. B1-46	2897334	S	1167	521	1688	0.00025
Methylorubrum zatmanii	29429	S	63	336	399	0.00006
Pseudolabrys taiwanensis	331696	S	18038	3268	21306	0.00316
Pseudolabrys sp. FHR47	2562284	S	16530	3207	19737	0.00293
Xanthobacter dioxanivorans	2528964	S	2979	1110	4089	0.00061
Xanthobacter sp. YC-JY1	2419844	S	1022	1109	2131	0.00032
Xanthobacter autotrophicus	280	S	916	1073	1989	0.00029
Starkeya sp. ORNL1	2709380	S	3375	744	4119	0.00061
Starkeya novella	921	S	2944	1214	4158	0.00062
Ancylobacter sp. TS-1	1850374	S	2267	1027	3294	0.00049
Ancylobacter polymorphus	223390	S	2116	1138	3254	0.00048
Ancylobacter pratisalsi	1745854	S	1760	433	2193	0.00033
Labrys sp. KNU-23	2789216	S	2409	263	2672	0.00040
Azorhizobium caulinodans	7	S	2317	525	2842	0.00042
Devosia sp. A16	1736675	S	11287	1472	12759	0.00189
Devosia sp. JXJ CY 41	2917991	S	2509	550	3059	0.00045
Devosia sp. SL43	2806348	S	2450	541	2991	0.00044
Devosia sp. 1566	2499144	S	1909	229	2138	0.00032
Devosia sp. I507	2083786	S	1606	571	2177	0.00032
Devosia sp. MC521	2759954	S	618	108	726	0.00011
Devosia ginsengisoli	400770	S	3438	716	4154	0.00062
Devosia oryziradicis	2801335	S	2433	511	2944	0.00044
Devosia salina	2860336	S	2417	938	3355	0.00050
Devosia beringensis	2657486	S	2232	367	2599	0.00039
Devosia rhizoryzae	2774137	S	1961	232	2193	0.00033
Youhaiella tibetensis	1447062	S	3549	928	4477	0.00066
Paradevosia shaoguanensis	1335043	S	3349	1342	4691	0.00070
Pelagibacterium halotolerans	531813	S	1232	147	1379	0.00020
Maritalea myrionectae	454601	S	189	6	195	0.00003
Rhodoplanes sp. Z2-YC6860	674703	S	21960	2307	24267	0.00360
Hyphomicrobium denitrificans	53399	S	3104	375	3479	0.00052
Hyphomicrobium nitrativorans	1427356	S	2147	186	2333	0.00035
Hyphomicrobium sp. MC1	717785	S	1773	130	1903	0.00028
Methyloceanibacter sp. wino2	2170729	S	1261	303	1564	0.00023
Methyloceanibacter caenitepidi	1384459	S	1242	279	1521	0.00023
Methyloligella sp. GL2	2742204	S	1837	228	2065	0.00031
Aquabacter sp. L1I39	2820278	S	1823	328	2151	0.00032
Rhodomicrobium vannielii	1069	S	1561	107	1668	0.00025
Caenibius sp. WL	2872646	S	828	156	984	0.00015
Caenibius tardaugens	169176	S	508	433	941	0.00014
Candidatus Filomicrobium marinum	1608628	S	591	16	607	0.00009
Bosea sp. Tri-49	1867715	S	3375	830	4205	0.00062
Bosea sp. F3-2	2599640	S	2651	914	3565	0.00053
Bosea sp. RAC05	1842539	S	2640	913	3553	0.00053
Bosea sp. AS-1	2015316	S	2466	842	3308	0.00049
Bosea sp. ANAM02	2020412	S	2311	932	3243	0.00048
Bosea sp. PAMC 26642	1792307	S	2048	463	2511	0.00037
Bosea vaviloviae	1526658	S	2356	591	2947	0.00044
Aureimonas sp. SA4125	2826993	S	2153	426	2579	0.00038
Aureimonas sp. AU20	1349819	S	1963	305	2268	0.00034
Aureimonas sp. OT7	2816454	S	956	877	1833	0.00027
Aureimonas populi	1701758	S	1727	356	2083	0.00031
Aureimonas mangrovi	2758041	S	1640	366	2006	0.00030
Aureimonas altamirensis	370622	S	959	375	1334	0.00020
Martelella sp. AD-3	686597	S	615	1668	2283	0.00034
Martelella mediterranea	293089	S	1136	425	1561	0.00023
Martelella endophytica	1486262	S	998	230	1228	0.00018
Martelella lutilitoris	2583532	S	565	448	1013	0.00015
Aurantimonas sp. HBX-1	2906072	S	2814	896	3710	0.00055
Pseudorhodoplanes sinuspersici	1235591	S	5351	429	5780	0.00086
Nordella sp. HKS 07	2712222	S	5003	297	5300	0.00079
Terrihabitans soli	708113	S	2329	286	2615	0.00039
Methylocystis bryophila	655015	S	1536	166	1702	0.00025
Methylocystis parvus	134	S	1480	188	1668	0.00025
Methylocystis heyeri	391905	S	1423	168	1591	0.00024
Methylocystis sp. SC2	187303	S	963	272	1235	0.00018
Methylocystis sp. SB2	743836	S	335	556	891	0.00013
Methylocystis rosea	173366	S	956	767	1723	0.00026
Methylosinus trichosporium	426	S	2025	465	2490	0.00037
Methylosinus sp. C49	2699395	S	1569	350	1919	0.00028
Stappia indica	538381	S	2660	672	3332	0.00049
Stappia sp. ES.058	1881061	S	1481	196	1677	0.00025
Pannonibacter phragmitetus	121719	S	2033	1565	3598	0.00053
Roseibium aggregatum	187304	S	1505	219	1724	0.00026
Roseibium alexandrii	388408	S	410	37	447	0.00007
Labrenzia sp. VG12	2021862	S	849	97	946	0.00014
Labrenzia sp. PHM005	2590016	S	385	28	413	0.00006
Labrenzia sp. THAF82	2587861	S	312	18	330	0.00005
Pseudovibrio brasiliensis	1898042	S	143	54	197	0.00003
Pseudovibrio sp. FO-BEG1	911045	S	141	55	196	0.00003
Phreatobacter stygius	1940610	S	3622	580	4202	0.00062
Phreatobacter cathodiphilus	1868589	S	3236	1016	4252	0.00063
Phreatobacter sp. NMCR1094	2570229	S	2279	459	2738	0.00041
Kaustia mangrovi	2593653	S	3470	356	3826	0.00057
Parvibaculum lavamentivorans	256618	S	1967	1162	3129	0.00046
Pyruvatibacter mobilis	1712261	S	1137	146	1283	0.00019
Candidatus Phaeomarinobacter ectocarpi	1458461	S	446	22	468	0.00007
Chelatococcus sp. CO-6	1702325	S	3046	1903	4949	0.00073
Chelatococcus daeguensis	444444	S	1579	970	2549	0.00038
Blastochloris tepida	2233851	S	2927	1052	3979	0.00059
Blastochloris viridis	1079	S	2469	706	3175	0.00047
Methylocella silvestris	199596	S	1385	172	1557	0.00023
Methylocella tundrae	227605	S	1269	133	1402	0.00021
Methylovirgula ligni	569860	S	1309	166	1475	0.00022
Methylovirgula sp. HY1	2822761	S	970	61	1031	0.00015
Beijerinckia indica	533	S	613	51	664	0.00010
Brucella intermedia	94625	S	1087	200	1287	0.00019
Brucella anthropi	529	S	761	489	1250	0.00019
Brucella sp. BTU1	2840456	S	81	18	99	0.00001
Brucella sp. 09RB8910	1844051	S	45	53	98	0.00001
Brucella sp. BO3	2691913	S	33	61	94	0.00001
Brucella sp. 6810	2769351	S	31	56	87	0.00001
Brucella sp. 2280	2592625	S	28	61	89	0.00001
Brucella sp. BO2	693750	S	26	64	90	0.00001
Brucella sp. 10RB9215	1149953	S	24	29	53	0.00001
Brucella sp. 09RB8471	1149952	S	22	46	68	0.00001
Brucella sp. 458	2821140	S	22	55	77	0.00001
[Ochrobactrum] quorumnocens	271865	S	232	36	268	0.00004
Brucella pseudogrignonensis	419475	S	140	54	194	0.00003
Brucella pituitosa	571256	S	57	25	82	0.00001
Brucella melitensis	29459	S	37	1166	1203	0.00018
Brucella inopinata	1218315	S	25	35	60	0.00001
Brucella suis	29461	S	12	311	323	0.00005
Pseudochrobactrum sp. Wa41.01b-1	2864102	S	66	76	142	0.00002
Pseudochrobactrum sp. XF203	2879116	S	66	71	137	0.00002
Pseudochrobactrum algeriensis	2834768	S	52	61	113	0.00002
Kaistia sp. 32K	2795690	S	3553	939	4492	0.00067
Acuticoccus sp. I52.16.1	2928472	S	3086	345	3431	0.00051
Hartmannibacter diazotrophicus	1482074	S	2168	417	2585	0.00038
Breoghania sp. L-A4	2304600	S	2098	293	2391	0.00035
Lichenihabitans psoromatis	2528642	S	604	351	955	0.00014
Lichenihabitans sp. PAMC28606	2880932	S	558	376	934	0.00014
Cohaesibacter sp. ES.047	1798205	S	408	16	424	0.00006
Bartonella apis	1686310	S	153	19	172	0.00003
Bartonella sp. HY038	2759660	S	28	11	39	0.00001
Bartonella australis	388640	S	18	10	28	0.00000
Bartonella quintana	803	S	17	41	58	0.00001
Sphingomonas sp. S8-45	2938948	S	9373	1213	10586	0.00157
Sphingomonas sp. DM2-R-LB4	2899123	S	8880	3168	12048	0.00179
Sphingomonas sp. HDW15A	2714942	S	8677	722	9399	0.00139
Sphingomonas sp. Cra20	1327635	S	5287	945	6232	0.00092
Sphingomonas sp. CL5.1	2653203	S	5168	1844	7012	0.00104
Sphingomonas sp. MM-1	745310	S	4880	6186	11066	0.00164
Sphingomonas sp. LM7	1938607	S	4689	1165	5854	0.00087
Sphingomonas sp. AK-PDB1-5	2872652	S	4618	813	5431	0.00081
Sphingomonas sp. AP4-R1	2735134	S	4089	556	4645	0.00069
Sphingomonas sp. S2-65	2903960	S	3862	826	4688	0.00069
Sphingomonas sp. NBWT7	2596913	S	3536	1235	4771	0.00071
Sphingomonas sp. AAP5	1523415	S	3510	1001	4511	0.00067
Sphingomonas sp. FARSPH	2219696	S	3470	3093	6563	0.00097
Sphingomonas sp. PAMC26645	2565555	S	2513	988	3501	0.00052
Sphingomonas sp. HMP9	1517554	S	2351	1226	3577	0.00053
Sphingomonas sp. KC8	1030157	S	2343	313	2656	0.00039
Sphingomonas sp. HMP6	1517551	S	2267	514	2781	0.00041
Sphingomonas sp. LK11	1390395	S	1523	1831	3354	0.00050
Sphingomonas sp. NIC1	1961362	S	1450	5486	6936	0.00103
Sphingomonas sp. IC081	304378	S	413	2692	3105	0.00046
Sphingomonas sediminicola	386874	S	31727	3289	35016	0.00519
Sphingomonas daechungensis	1176646	S	24700	2588	27288	0.00404
Sphingomonas lutea	1045317	S	22588	3088	25676	0.00381
Sphingomonas sabuli	2764186	S	18178	2338	20516	0.00304
Sphingomonas sinipercae	2714944	S	15929	2252	18181	0.00269
Sphingomonas ginsengisoli An et al. 2013	363835	S	14324	2084	16408	0.00243
Sphingomonas rhizophila	2071607	S	11604	3310	14914	0.00221
Sphingomonas piscis	2714943	S	10280	995	11275	0.00167
Sphingomonas xanthus	2594473	S	9698	2428	12126	0.00180
Sphingomonas alpina	653931	S	5843	527	6370	0.00094
Sphingomonas koreensis	93064	S	5472	4578	10050	0.00149
Sphingomonas profundi	2681549	S	5422	927	6349	0.00094
Sphingomonas sanxanigenens	397260	S	4984	2566	7550	0.00112
Sphingomonas changnyeongensis	2698679	S	4249	859	5108	0.00076
Sphingomonas hengshuiensis	1609977	S	3845	549	4394	0.00065
Sphingomonas taxi	1549858	S	3684	1285	4969	0.00074
Sphingomonas panacis	1560345	S	3648	580	4228	0.00063
Sphingomonas panacisoli	1813879	S	3576	526	4102	0.00061
Sphingomonas suaedae	2599297	S	3421	485	3906	0.00058
Sphingomonas radiodurans	2890321	S	2778	394	3172	0.00047
Sphingomonas insulae	424800	S	2515	808	3323	0.00049
Sphingomonas aliaeris	2759526	S	2330	313	2643	0.00039
Sphingomonas paucimobilis	13689	S	1993	1490	3483	0.00052
Sphingomonas sanguinis	33051	S	1605	1691	3296	0.00049
Sphingomonas melonis	152682	S	1523	5834	7357	0.00109
Sphingomonas lacunae	2698828	S	1144	147	1291	0.00019
Sphingomonas paeninsulae	2319844	S	946	40	986	0.00015
Sphingopyxis sp. PAMC25046	2565556	S	4934	2249	7183	0.00106
Sphingopyxis sp. QXT-31	1357916	S	3214	918	4132	0.00061
Sphingopyxis sp. YF1	2482763	S	2902	674	3576	0.00053
Sphingopyxis sp. BSN-002	2911495	S	2869	524	3393	0.00050
Sphingopyxis sp. 113P3	292913	S	2809	1114	3923	0.00058
Sphingopyxis sp. OPL5	2486273	S	2739	535	3274	0.00049
Sphingopyxis sp. FD7	1914525	S	2608	1082	3690	0.00055
Sphingopyxis sp. EG6	1874061	S	2222	1088	3310	0.00049
Sphingopyxis sp. MG	1866325	S	108	947	1055	0.00016
Sphingopyxis macrogoltabida	33050	S	4860	2375	7235	0.00107
Sphingopyxis fribergensis	1515612	S	3015	1196	4211	0.00062
Sphingopyxis terrae	33052	S	2705	1380	4085	0.00061
Sphingopyxis lindanitolerans	2054227	S	2620	1247	3867	0.00057
Sphingopyxis alaskensis	117207	S	2075	470	2545	0.00038
Sphingopyxis granuli	267128	S	1985	5224	7209	0.00107
Sphingobium sp. EP60837	1855519	S	3362	896	4258	0.00063
Sphingobium sp. SYK-6	627192	S	2742	738	3480	0.00052
Sphingobium sp. Cam5-1	2789327	S	2558	903	3461	0.00051
Sphingobium sp. TKS	1315974	S	1759	2426	4185	0.00062
Sphingobium sp. CAP-1	2676077	S	1649	1000	2649	0.00039
Sphingobium sp. YG1	2082188	S	1559	664	2223	0.00033
Sphingobium sp. SCG-1	2072936	S	1454	105	1559	0.00023
Sphingobium sp. MI1205	407020	S	1411	1921	3332	0.00049
Sphingobium sp. RAC03	1843368	S	1380	239	1619	0.00024
Sphingobium sp. KCTC 72723	2733867	S	1042	171	1213	0.00018
Sphingobium sp. PAMC28499	2565554	S	336	655	991	0.00015
Sphingobium sp. RSMS	520734	S	262	1533	1795	0.00027
Sphingobium sp. YBL2	484429	S	191	1231	1422	0.00021
Sphingobium sp. LF-16	2185111	S	23	371	394	0.00006
Sphingobium yanoikuyae	13690	S	2266	4250	6516	0.00097
Sphingobium indicum	332055	S	1981	1436	3417	0.00051
Sphingobium amiense	135719	S	1951	2493	4444	0.00066
Sphingobium phenoxybenzoativorans	1592790	S	1867	796	2663	0.00039
Sphingobium cloacae	120107	S	1695	2541	4236	0.00063
Sphingobium herbicidovorans	76947	S	1470	1187	2657	0.00039
Sphingobium chlorophenolicum	46429	S	1461	676	2137	0.00032
Sphingobium xenophagum	121428	S	1396	921	2317	0.00034
Sphingobium baderi	1332080	S	1329	1331	2660	0.00039
Sphingobium fuliginis	336203	S	684	2543	3227	0.00048
Novosphingobium sp. Gsoil 351	2675225	S	3757	312	4069	0.00060
Novosphingobium sp. Sx8-5	2896849	S	2700	395	3095	0.00046
Novosphingobium sp. EMRT-2	2571749	S	2497	1467	3964	0.00059
Novosphingobium sp. P6W	1609758	S	1897	308	2205	0.00033
Novosphingobium sp. ES2-1	2780074	S	1466	819	2285	0.00034
Novosphingobium sp. THN1	1016987	S	1436	558	1994	0.00030
Novosphingobium sp. PP1Y	702113	S	919	1309	2228	0.00033
Novosphingobium sp. KA1	164608	S	458	2439	2897	0.00043
Novosphingobium resinovorum	158500	S	2408	1230	3638	0.00054
Novosphingobium aromaticivorans	48935	S	2203	1057	3260	0.00048
Novosphingobium decolorationis	2698673	S	1919	1038	2957	0.00044
Novosphingobium ginsenosidimutans	1176536	S	1698	172	1870	0.00028
Novosphingobium pentaromativorans	205844	S	823	1646	2469	0.00037
Rhizorhabdus wittichii	160791	S	5889	3607	9496	0.00141
Rhizorhabdus dicambivorans	1850238	S	3571	3124	6695	0.00099
Rhizorhabdus phycosphaerae	2711156	S	2670	348	3018	0.00045
Allosphingosinicella indica	941907	S	7089	860	7949	0.00118
Sphingosinithalassobacter sp. CS137	2762748	S	3499	727	4226	0.00063
Sphingosinithalassobacter tenebrarum	2711215	S	2337	721	3058	0.00045
Parasphingopyxis algicola	2026624	S	2767	185	2952	0.00044
Parasphingopyxis sp. CP4	2724527	S	794	36	830	0.00012
Sphingorhabdus sp. YGSMI21	2077182	S	796	136	932	0.00014
Sphingorhabdus sp. SMR4y	2584094	S	643	112	755	0.00011
Sphingorhabdus sp. M41	1806885	S	530	68	598	0.00009
Sphingorhabdus lacus	392610	S	476	20	496	0.00007
Sphingorhabdus lutea	1913578	S	59	4	63	0.00001
Blastomonas sp. RAC04	1842535	S	625	889	1514	0.00022
Blastomonas fulva	1550728	S	525	974	1499	0.00022
Tardibacter chloracetimidivorans	1921510	S	2084	1708	3792	0.00056
Hankyongella ginsenosidimutans	1763828	S	1952	380	2332	0.00035
Citromicrobium sp. JL477	1634516	S	1548	693	2241	0.00033
Novosphingopyxis iocasae	2762729	S	1406	763	2169	0.00032
Parasphingorhabdus sp. JHSY0214	2806553	S	283	17	300	0.00004
Parasphingorhabdus halotolerans	2725558	S	249	9	258	0.00004
Parasphingorhabdus litoris	394733	S	238	15	253	0.00004
Aquisediminimonas profunda	1550733	S	776	28	804	0.00012
Erythrobacter sp. HL-111	1798193	S	1880	363	2243	0.00033
Erythrobacter sp. HKB08	2502843	S	1728	384	2112	0.00031
Erythrobacter sp. JK5	2829500	S	1477	465	1942	0.00029
Erythrobacter sp. SDW2	2907154	S	1450	382	1832	0.00027
Erythrobacter sp. THAF29	2587851	S	935	227	1162	0.00017
Erythrobacter sp. 3-20A1M	2653850	S	754	1233	1987	0.00029
Erythrobacter sp. A30-3	2785907	S	724	591	1315	0.00019
Erythrobacter sp. LQ02-29	2920384	S	687	805	1492	0.00022
Erythrobacter sp. KY5	2011159	S	679	52	731	0.00011
Erythrobacter sp. SCSIO 43205	2779361	S	318	60	378	0.00006
Erythrobacter litoralis	39960	S	2485	1115	3600	0.00053
Erythrobacter neustonensis	1112	S	1114	257	1371	0.00020
Erythrobacter mangrovi	2739433	S	1107	417	1524	0.00023
Erythrobacter aureus	2182384	S	918	166	1084	0.00016
Porphyrobacter sp. CACIAM 03H1	2003315	S	2029	601	2630	0.00039
Porphyrobacter sp. LM 6	1896196	S	1095	395	1490	0.00022
Porphyrobacter sp. HT-58-2	2023229	S	982	238	1220	0.00018
Porphyrobacter sp. GA68	2883480	S	963	387	1350	0.00020
Qipengyuania flava	192812	S	2896	1634	4530	0.00067
Qipengyuania sediminis	1532023	S	1768	244	2012	0.00030
Qipengyuania soli	2782568	S	1214	221	1435	0.00021
Qipengyuania aurantiaca	2867233	S	1138	378	1516	0.00022
Qipengyuania gelatinilytica	2867231	S	808	154	962	0.00014
Qipengyuania seohaensis	266951	S	806	176	982	0.00015
Qipengyuania aquimaris	255984	S	586	603	1189	0.00018
Qipengyuania psychrotolerans	2867238	S	586	72	658	0.00010
Qipengyuania xiapuensis	2867236	S	515	522	1037	0.00015
Tsuneonella amylolytica	2338327	S	2598	771	3369	0.00050
Tsuneonella dongtanensis	692370	S	2566	528	3094	0.00046
Tsuneonella mangrovi	1982042	S	1843	288	2131	0.00032
Tsuneonella flava	2055955	S	695	213	908	0.00013
Altererythrobacter sp. B11	2060312	S	2478	1207	3685	0.00055
Altererythrobacter sp. TH136	2067415	S	2205	407	2612	0.00039
Altererythrobacter sp. BO-6	2604537	S	1027	164	1191	0.00018
Altererythrobacter sp. ZODW24	2185142	S	415	19	434	0.00006
Altererythrobacter epoxidivorans	361183	S	807	242	1049	0.00016
Altererythrobacter ishigakiensis	476157	S	310	24	334	0.00005
Croceicoccus sp. YJ47	2798724	S	1184	599	1783	0.00026
Croceicoccus sp. Ery5	1703340	S	448	494	942	0.00014
Croceicoccus sp. Ery15	1703338	S	367	589	956	0.00014
Croceicoccus marinus	450378	S	2075	1144	3219	0.00048
Croceicoccus naphthovorans	1348774	S	932	1103	2035	0.00030
Pelagerythrobacter marensis	543877	S	1418	200	1618	0.00024
Aurantiacibacter gangjinensis	502682	S	856	81	937	0.00014
Aurantiacibacter atlanticus	1648404	S	381	134	515	0.00008
Croceibacterium atlanticum	1267766	S	1171	531	1702	0.00025
Paraurantiacibacter namhicola	645517	S	1096	142	1238	0.00018
Sphingosinicella sp. BN140058	1892855	S	6720	595	7315	0.00108
Sphingosinicella flava	2771430	S	3495	504	3999	0.00059
Sphingosinicella microcystinivorans	335406	S	2140	269	2409	0.00036
Polymorphobacter sp. PAMC 29362	2835787	S	1226	778	2004	0.00030
Polymorphobacter sp. PAMC 29334	2862331	S	1135	744	1879	0.00028
Sandaracinobacter sp. M6	2759707	S	1596	108	1704	0.00025
Zymomonas mobilis	542	S	124	64	188	0.00003
Azospirillum sp. B510	137722	S	1587	612	2199	0.00033
Azospirillum sp. TSA2s	709810	S	1300	1048	2348	0.00035
Azospirillum sp. TSH100	652764	S	1269	604	1873	0.00028
Azospirillum sp. TSH58	664962	S	862	1216	2078	0.00031
Azospirillum brasilense	192	S	4913	4538	9451	0.00140
Azospirillum thermophilum	2202148	S	3823	845	4668	0.00069
Azospirillum thiophilum	528244	S	1992	664	2656	0.00039
Azospirillum ramasamyi	682998	S	1233	733	1966	0.00029
Azospirillum humicireducens	1226968	S	1040	640	1680	0.00025
Azospirillum lipoferum	193	S	1002	777	1779	0.00026
Azospirillum oryzae	286727	S	949	867	1816	0.00027
Azospirillum baldaniorum	1064539	S	586	1269	1855	0.00027
Skermanella mucosa	1789672	S	1668	1281	2949	0.00044
Skermanella rosea	1817965	S	1539	1557	3096	0.00046
Skermanella sp. TT6	2775420	S	1514	1700	3214	0.00048
Skermanella pratensis	2233999	S	1470	891	2361	0.00035
Nitrospirillum amazonense	28077	S	2611	298	2909	0.00043
Indioceanicola profundi	2220096	S	2146	295	2441	0.00036
Niveispirillum cyanobacteriorum	1612173	S	1076	116	1192	0.00018
Roseomonas sp. S08	1750527	S	4045	233	4278	0.00063
Roseomonas sp. OT10	2897332	S	4014	972	4986	0.00074
Roseomonas sp. FDAARGOS_362	2018065	S	281	1496	1777	0.00026
Roseomonas gilardii	257708	S	2743	1228	3971	0.00059
Roseomonas haemaphysalidis	2768162	S	2567	266	2833	0.00042
Roseomonas marmotae	2768161	S	2307	239	2546	0.00038
Roseomonas mucosa	207340	S	217	1345	1562	0.00023
Rhodovastum atsumiense	504468	S	3595	334	3929	0.00058
Komagataeibacter xylinus	28448	S	735	1435	2170	0.00032
Komagataeibacter saccharivorans	265959	S	307	114	421	0.00006
Komagataeibacter oboediens	65958	S	241	120	361	0.00005
Komagataeibacter europaeus	33995	S	220	119	339	0.00005
Komagataeibacter nataicola	265960	S	209	104	313	0.00005
Komagataeibacter medellinensis	1177712	S	195	168	363	0.00005
Roseococcus microcysteis	2771361	S	2520	219	2739	0.00041
Acidiphilium multivorum	62140	S	454	1876	2330	0.00035
Acidiphilium cryptum	524	S	110	725	835	0.00012
Sediminicoccus rosea	1225128	S	1695	82	1777	0.00026
Acidibrevibacterium fodinaquatile	1969806	S	1673	133	1806	0.00027
Lichenicola cladoniae	1484109	S	1545	69	1614	0.00024
Acetobacter aceti	435	S	692	259	951	0.00014
Acetobacter persici	1076596	S	149	21	170	0.00003
Acetobacter sp. KACC 21233	2592655	S	148	31	179	0.00003
Acetobacter ghanensis	431306	S	84	21	105	0.00002
Acetobacter pasteurianus	438	S	56	136	192	0.00003
Acetobacter orientalis	146474	S	46	6	52	0.00001
Acetobacter tropicalis	104102	S	41	53	94	0.00001
Acetobacter senegalensis	446692	S	39	54	93	0.00001
Acetobacter ascendens	481146	S	31	39	70	0.00001
Acetobacter oryzoeni	2500548	S	12	26	38	0.00001
Gluconobacter oxydans	442	S	397	428	825	0.00012
Gluconobacter albidus	318683	S	172	31	203	0.00003
Gluconobacter sphaericus	574987	S	141	34	175	0.00003
Gluconobacter frateurii	38308	S	83	22	105	0.00002
Gluconobacter thailandicus	257438	S	44	35	79	0.00001
Gluconacetobacter diazotrophicus	33996	S	1083	225	1308	0.00019
Granulibacter bethesdensis	364410	S	742	61	803	0.00012
Neoasaia chiangmaiensis	320497	S	477	98	575	0.00009
Asaia bogorensis	91915	S	461	75	536	0.00008
Novacetimonas hansenii	436	S	306	146	452	0.00007
Kozakia baliensis	153496	S	284	102	386	0.00006
Oecophyllibacter saccharovorans	2558360	S	207	6	213	0.00003
Parasaccharibacter apium	1510841	S	15	64	79	0.00001
Parasaccharibacter sp. TMW 2.1888	2268025	S	12	53	65	0.00001
Swingsia sp. F3b2	2558361	S	86	2	88	0.00001
Swingsia samuiensis	1293412	S	14	2	16	0.00000
Neokomagataea tanensis	661191	S	55	8	63	0.00001
Entomobacter blattae	2762277	S	22	1	23	0.00000
Bombella sp. KACC 21507	2697033	S	10	1	11	0.00000
Hypericibacter adhaerens	2602016	S	8243	1396	9639	0.00143
Hypericibacter terrae	2602015	S	6749	895	7644	0.00113
Magnetospirillum sp. XM-1	1663591	S	1219	415	1634	0.00024
Magnetospirillum sp. ME-1	1639348	S	1129	419	1548	0.00023
Magnetospirillum gryphiswaldense	55518	S	1590	111455	113045	0.01675
Magnetospirillum magneticum	84159	S	1229	117	1346	0.00020
Ferrovibrio terrae	2594003	S	4199	250	4449	0.00066
Rhodospirillum centenum	34018	S	2720	361	3081	0.00046
Rhodospirillum rubrum	1085	S	1269	88	1357	0.00020
Tistrella mobilis	171437	S	2702	931	3633	0.00054
Defluviicoccus vanus	111831	S	1387	120	1507	0.00022
Pararhodospirillum photometricum	1084	S	806	56	862	0.00013
Haematospirillum jordaniae	1549855	S	132	10	142	0.00002
Candidatus Endolissoclinum faulkneri	1263979	S	62	0	62	0.00001
Stella humosa	94	S	6065	393	6458	0.00096
Elioraea tepida	2843330	S	2645	124	2769	0.00041
Thalassospira sp. A40-3	2785908	S	176	72	248	0.00004
Thalassospira sp. B30-1	2785911	S	87	133	220	0.00003
Thalassospira marina	2048283	S	221	13	234	0.00003
Thalassospira indica	1891279	S	166	99	265	0.00004
Thalassospira xiamenensis	220697	S	84	123	207	0.00003
Magnetospira sp. QH-2	1288970	S	607	18	625	0.00009
Terasakiella sp. SH-1	2560057	S	92	2	94	0.00001
Caulobacter sp. S6	2823693	S	7330	766	8096	0.00120
Caulobacter sp. FWC26	69665	S	2157	1031	3188	0.00047
Caulobacter segnis	88688	S	8364	3205	11569	0.00171
Caulobacter mirabilis	69666	S	7622	1377	8999	0.00133
Caulobacter flavus	1679497	S	4831	1399	6230	0.00092
Caulobacter vibrioides	155892	S	4774	2827	7601	0.00113
Caulobacter rhizosphaerae	2010972	S	4067	1266	5333	0.00079
Caulobacter soli	2708539	S	3387	1154	4541	0.00067
Caulobacter henricii	69395	S	1999	354	2353	0.00035
Phenylobacterium zucineum	284016	S	32693	6405	39098	0.00579
Phenylobacterium parvum	2201350	S	4367	455	4822	0.00071
Brevundimonas sp. M20	2591463	S	2680	393	3073	0.00046
Brevundimonas sp. PAMC22021	2861285	S	1999	429	2428	0.00036
Brevundimonas sp. MF30-B	2561924	S	1907	287	2194	0.00033
Brevundimonas sp. LM2	1938605	S	1751	292	2043	0.00030
Brevundimonas sp. AJA228-03	2752515	S	1281	162	1443	0.00021
Brevundimonas sp. SGAir0440	2579977	S	375	384	759	0.00011
Brevundimonas sp. DS20	1532555	S	365	988	1353	0.00020
Brevundimonas sp. CS1	2813778	S	342	364	706	0.00010
Brevundimonas sp. GW460-12-10-14-LB2	1827469	S	307	566	873	0.00013
Brevundimonas sp. Bb-A	2560058	S	301	707	1008	0.00015
Brevundimonas sp. 'scallop'	2562582	S	251	475	726	0.00011
Brevundimonas naejangsanensis	588932	S	3083	1053	4136	0.00061
Brevundimonas albigilva	1312364	S	2094	1119	3213	0.00048
Brevundimonas goettingensis	2774190	S	2072	313	2385	0.00035
Brevundimonas subvibrioides	74313	S	1623	283	1906	0.00028
Brevundimonas pondensis	2774189	S	1334	405	1739	0.00026
Brevundimonas vitisensis	2800818	S	1332	156	1488	0.00022
Brevundimonas diminuta	293	S	1159	2303	3462	0.00051
Brevundimonas mediterranea	74329	S	1038	407	1445	0.00021
Brevundimonas nasdae	172043	S	949	583	1532	0.00023
Brevundimonas vancanneytii	1325724	S	291	1191	1482	0.00022
Brevundimonas vesicularis	41276	S	252	573	825	0.00012
Terricaulis silvestris	2686094	S	5823	195	6018	0.00089
Asticcacaulis excentricus	78587	S	1009	155	1164	0.00017
Asticcacaulis sp. AND118	2840468	S	948	146	1094	0.00016
Paracoccus sp. MC1862	2760307	S	828	93	921	0.00014
Paracoccus sp. MA	2895796	S	720	416	1136	0.00017
Paracoccus sp. AK26	2589076	S	643	113	756	0.00011
Paracoccus sp. S8-55	2903900	S	424	59	483	0.00007
Paracoccus sp. H4-D09	2812658	S	378	85	463	0.00007
Paracoccus sp. Arc7-R13	2500532	S	286	322	608	0.00009
Paracoccus sanguinis	1545044	S	1301	362	1663	0.00025
Paracoccus yeei	147645	S	850	1443	2293	0.00034
Paracoccus liaowanqingii	2560053	S	840	101	941	0.00014
Paracoccus zhejiangensis	1077935	S	791	206	997	0.00015
Paracoccus denitrificans	266	S	788	386	1174	0.00017
Paracoccus aminovorans	34004	S	754	231	985	0.00015
Paracoccus pantotrophus	82367	S	730	438	1168	0.00017
Paracoccus contaminans	1945662	S	709	173	882	0.00013
Paracoccus suum	2259340	S	691	133	824	0.00012
Paracoccus jeotgali	2065379	S	673	140	813	0.00012
Paracoccus aminophilus	34003	S	597	63	660	0.00010
Paracoccus kondratievae	135740	S	371	78	449	0.00007
Paracoccus tegillarcae	1529068	S	358	23	381	0.00006
Paracoccus marcusii	59779	S	266	262	528	0.00008
Paracoccus mutanolyticus	1499308	S	98	362	460	0.00007
Cereibacter sphaeroides	1063	S	2716	1222	3938	0.00058
Cereibacter azotoformans	43057	S	227	939	1166	0.00017
Rhodobacter sp. CZR27	2033869	S	1136	394	1530	0.00023
Rhodobacter sp. N10	2807096	S	874	113	987	0.00015
Rhodobacter sp. LPB0142	1850250	S	828	562	1390	0.00021
Rhodobacter capsulatus	1061	S	1067	227	1294	0.00019
Rhodovulum sp. MB263	308754	S	545	220	765	0.00011
Rhodovulum sp. P5	1564506	S	525	61	586	0.00009
Rhodovulum sulfidophilum	35806	S	836	553	1389	0.00021
Polymorphum gilvum	991904	S	2071	525	2596	0.00038
Paroceanicella profunda	2579971	S	1795	506	2301	0.00034
Pikeienuella piscinae	2748098	S	1346	136	1482	0.00022
Thioclava electrotropha	1549850	S	590	161	751	0.00011
Thioclava nitratireducens	1915078	S	480	175	655	0.00010
Silicimonas algicola	1826607	S	1233	78	1311	0.00019
Pontivivens ytuae	2789856	S	1122	87	1209	0.00018
Pelagovum pacificum	2588711	S	1032	138	1170	0.00017
Frigidibacter mobilis	1335048	S	840	360	1200	0.00018
Pukyongiella litopenaei	2605946	S	707	189	896	0.00013
Brevirhabdus pacifica	1267768	S	672	346	1018	0.00015
Haematobacter massiliensis	195105	S	646	276	922	0.00014
Fuscovulum blasticum	1075	S	627	86	713	0.00011
Falsirhodobacter sp. PG104	2692330	S	577	88	665	0.00010
Gymnodinialimonas ceratoperidinii	2856823	S	566	57	623	0.00009
Pacificitalea manganoxidans	1411902	S	530	129	659	0.00010
Gemmobacter aquarius	2169400	S	514	99	613	0.00009
Pseudopuniceibacterium antarcticum	2613965	S	487	41	528	0.00008
Tabrizicola piscis	2494374	S	474	45	519	0.00008
Monaibacterium sp. h42	2758038	S	454	118	572	0.00008
Roseicitreum antarcticum	564137	S	436	24	460	0.00007
Pseudooceanicola algae	1537215	S	378	40	418	0.00006
Tritonibacter mobilis	379347	S	290	141	431	0.00006
Yoonia vestfoldensis	245188	S	277	70	347	0.00005
Qingshengfaniella alkalisoli	2599296	S	269	15	284	0.00004
Pseudohalocynthiibacter aestuariivivens	1591409	S	248	56	304	0.00005
Rhodophyticola sp. CCM32	2916397	S	228	7	235	0.00003
Profundibacter amoris	2171755	S	227	8	235	0.00003
Rhodobaca barguzinensis	441209	S	210	9	219	0.00003
Aestuarium zhoushanense	2820523	S	160	72	232	0.00003
Pseudorhodobacter turbinis	2500533	S	154	10	164	0.00002
Cognatishimia activa	1715691	S	147	6	153	0.00002
Parasedimentitalea marina	2483033	S	133	6	139	0.00002
Planktomarina temperata	1284658	S	90	2	92	0.00001
Roseovarius sp. SCSIO 43702	2823043	S	913	75	988	0.00015
Roseovarius sp. THAF9	2587847	S	420	110	530	0.00008
Roseovarius sp. THAF8	2587846	S	189	307	496	0.00007
Roseovarius sp. THAF27	2587850	S	166	290	456	0.00007
Roseovarius sp. TM1035	391613	S	68	155	223	0.00003
Roseovarius indicus	540747	S	1096	377	1473	0.00022
Roseovarius faecimaris	2494550	S	408	18	426	0.00006
Roseovarius mucosus	215743	S	71	163	234	0.00003
Sulfitobacter sp. THAF37	2587855	S	468	209	677	0.00010
Sulfitobacter sp. JK7-1	2829501	S	441	25	466	0.00007
Sulfitobacter sp. JL08	2070369	S	215	5	220	0.00003
Sulfitobacter sp. D7	1968541	S	193	77	270	0.00004
Sulfitobacter sp. SK011	1389004	S	157	4	161	0.00002
Sulfitobacter sp. DSM 110093	2883127	S	141	39	180	0.00003
Sulfitobacter sp. BSw21498	664426	S	132	21	153	0.00002
Sulfitobacter sp. SK012	1389005	S	108	2	110	0.00002
Sulfitobacter sp. SK025	1389011	S	44	91	135	0.00002
Sulfitobacter sp. CB2047	1525218	S	32	85	117	0.00002
Sulfitobacter sp. B30-2	2785912	S	23	48	71	0.00001
Sulfitobacter alexandrii	1917485	S	659	361	1020	0.00015
Sulfitobacter mediterraneus	83219	S	317	34	351	0.00005
Sulfitobacter indolifex	225422	S	219	50	269	0.00004
Sulfitobacter dubius	218673	S	162	70	232	0.00003
Sulfitobacter pontiacus	60137	S	91	187	278	0.00004
Salipiger profundus	1229727	S	1231	592	1823	0.00027
Salipiger abyssi	1250539	S	872	377	1249	0.00019
Salipiger sp. CCB-MM3	1792508	S	772	115	887	0.00013
Roseivivax sp. THAF30	2587852	S	656	170	826	0.00012
Roseivivax sp. THAF197b	2588299	S	12	267	279	0.00004
Roseivivax sp. THAF40	2587858	S	10	289	299	0.00004
Roseivivax marinus	1379903	S	1058	182	1240	0.00018
Celeribacter indicus	1208324	S	1076	568	1644	0.00024
Celeribacter ethanolicus	1758178	S	396	147	543	0.00008
Celeribacter baekdonensis	875171	S	169	49	218	0.00003
Celeribacter marinus	1397108	S	116	4	120	0.00002
Phaeobacter gallaeciensis	60890	S	444	203	647	0.00010
Phaeobacter inhibens	221822	S	332	140	472	0.00007
Phaeobacter piscinae	1580596	S	187	166	353	0.00005
Phaeobacter porticola	1844006	S	133	46	179	0.00003
Phaeobacter sp. LSS9	681157	S	40	67	107	0.00002
Leisingera aquaemixtae	1396826	S	512	93	605	0.00009
Leisingera sp. NJS201	2508306	S	94	150	244	0.00004
Leisingera sp. NJS204	2508307	S	87	146	233	0.00003
Leisingera methylohalidivorans	133924	S	366	80	446	0.00007
Ruegeria sp. TM1040	292414	S	240	43	283	0.00004
Ruegeria sp. THAF33	2587853	S	195	46	241	0.00004
Ruegeria sp. AD91A	2293862	S	177	17	194	0.00003
Ruegeria sp. SCSIO 43209	2793010	S	161	29	190	0.00003
Ruegeria pomeroyi	89184	S	474	98	572	0.00008
Sagittula sp. P11	2009329	S	1057	476	1533	0.00023
Sulfitobacter pseudonitzschiae	1402135	S	723	268	991	0.00015
Pseudosulfitobacter sp. DSM 107133	2883100	S	268	113	381	0.00006
Yangia pacifica	311180	S	1048	184	1232	0.00018
Ponticoccus alexandrii	1943633	S	774	123	897	0.00013
Mameliella alba	561184	S	716	143	859	0.00013
Dinoroseobacter shibae	215813	S	712	283	995	0.00015
Roseobacter ponti	1891787	S	296	7	303	0.00005
Roseobacter denitrificans	2434	S	176	31	207	0.00003
Roseobacter litoralis	42443	S	160	17	177	0.00003
Actibacterium sp. EMB200-NS6	1609966	S	617	328	945	0.00014
Ketogulonicigenium vulgare	92945	S	321	62	383	0.00006
Ketogulonicigenium robustum	92947	S	278	34	312	0.00005
Roseibacterium elongatum	159346	S	588	51	639	0.00009
Octadecabacter sp. SW4	2602067	S	205	32	237	0.00004
Octadecabacter arcticus	53946	S	131	18	149	0.00002
Octadecabacter antarcticus	1217908	S	110	12	122	0.00002
Octadecabacter temperatus	1458307	S	92	2	94	0.00001
Oceanicola sp. D3	2587163	S	548	29	577	0.00009
Maribius sp. THAF1	2587842	S	418	22	440	0.00007
Thalassococcus sp. S3	2017482	S	388	10	398	0.00006
Tateyamaria omphalii	299262	S	370	12	382	0.00006
Antarctobacter heliothermus	74033	S	345	18	363	0.00005
Jannaschia sp. CCS1	290400	S	314	8	322	0.00005
Thalassobius gelatinovorus	53501	S	215	11	226	0.00003
Falsihalocynthiibacter arcticus	1579316	S	81	2	83	0.00001
Candidatus Viadribacter manganicus	1759059	S	2673	73	2746	0.00041
Hyphomonas sp. CACIAM 19H1	1873716	S	671	100	771	0.00011
Hyphomonas sp. KY3	2016196	S	304	37	341	0.00005
Hyphomonas sp. Mor2	1906738	S	301	6	307	0.00005
Hyphomonas neptunium	81032	S	564	62	626	0.00009
Hirschia baltica	2724	S	42	1	43	0.00001
Marinicauda algicola	2029849	S	1826	316	2142	0.00032
Glycocaulis alkaliphilus	1434191	S	589	32	621	0.00009
Maricaulis maris	74318	S	559	36	595	0.00009
Hyphobacterium sp. CCMP332	2749086	S	377	14	391	0.00006
Micavibrio aeruginosavorus	349221	S	1300	16	1316	0.00020
Candidatus Puniceispirillum marinum	767892	S	53	1	54	0.00001
Aquisalinus flavus	1526572	S	737	32	769	0.00011
Parvularcula bermudensis	208216	S	225	27	252	0.00004
Luteithermobacter gelatinilyticus	2582913	S	273	42	315	0.00005
Paremcibacter congregatus	2043170	S	241	6	247	0.00004
Anaplasma ovis	142058	S	33	7	40	0.00001
Anaplasma platys	949	S	16	3	19	0.00000
Anaplasma marginale	770	S	13	17	30	0.00000
Ehrlichia ruminantium	779	S	12	4	16	0.00000
Rickettsia tillamookensis	2761623	S	21	39	60	0.00001
Rickettsia endosymbiont of Bemisia tabaci	337479	S	16	17	33	0.00001
Candidatus Phycorickettsia trachydisci	2115978	S	12	0	12	0.00000
Candidatus Fokinia solitaria	1802984	S	18	0	18	0.00000
Candidatus Midichloria mitochondrii	234827	S	14	1	15	0.00000
Rickettsiales endosymbiont of Stachyamoeba lipophora	2486578	S	16	2	18	0.00000
Candidatus Deianiraea vastatrix	2163644	S	12	0	12	0.00000
Candidatus Gromoviella agglomerans	2806609	S	25	0	25	0.00000
Candidatus Cytomitobacter indipagum	2601575	S	15	2	17	0.00000
Candidatus Hydrogenosomobacter endosymbioticus	2558174	S	19	0	19	0.00000
endosymbiont of Acanthamoeba sp. UWC8	86106	S	14	0	14	0.00000
Candidatus Nucleicultrix amoebiphila	1509244	S	54	3	57	0.00001
Candidatus Paracaedibacter acanthamoebae	91604	S	35	2	37	0.00001
Magnetococcus marinus	1124597	S	96	2	98	0.00001
Candidatus Pelagibacter sp. RS40	1977865	S	14	5	19	0.00000
Candidatus Pelagibacter sp. IMCC9063	1002672	S	11	0	11	0.00000
Candidatus Pelagibacter giovannonii	2563896	S	10	6	16	0.00000
Candidatus Fonsibacter ubiquis	1925548	S	22	0	22	0.00000
Kordiimonas pumila	2161677	S	55	1	56	0.00001
Lysobacter sp. KIS68-7	2904252	S	6574	1257	7831	0.00116
Lysobacter sp. TY2-98	2290922	S	5012	763	5775	0.00086
Lysobacter sp. 5GHs7-4	2904253	S	3829	1197	5026	0.00074
Lysobacter sp. CECT 30171	2822368	S	3545	849	4394	0.00065
Lysobacter sp. S4-A87	2925843	S	3338	1157	4495	0.00067
Lysobacter sp. CW239	2762611	S	2494	1231	3725	0.00055
Lysobacter sp. K5869	2820808	S	1927	1003	2930	0.00043
Lysobacter sp. H21R4	2781021	S	548	1234	1782	0.00026
Lysobacter sp. CJ11	2764185	S	478	43	521	0.00008
Lysobacter sp. H23M47	2781024	S	318	1814	2132	0.00032
Lysobacter sp. HDW10	2714936	S	309	79	388	0.00006
Lysobacter soli	453783	S	16999	3430	20429	0.00303
Lysobacter solisilvae (ex Woo and Kim 2022)	2865112	S	13060	3796	16856	0.00250
Lysobacter enzymogenes	69	S	7767	2961	10728	0.00159
Lysobacter solisilvae (ex Kim et al. 2021)	2763317	S	5737	1117	6854	0.00102
Lysobacter lycopersici	1324796	S	5065	1047	6112	0.00091
Lysobacter capsici	435897	S	4705	5574	10279	0.00152
Lysobacter maris	1605891	S	3637	862	4499	0.00067
Lysobacter arenosi	2795387	S	3382	1135	4517	0.00067
Lysobacter antibioticus	84531	S	3146	671	3817	0.00057
Lysobacter alkalisoli	2591633	S	2837	493	3330	0.00049
Lysobacter oculi	2698682	S	2618	685	3303	0.00049
Lysobacter ciconiae	2781022	S	518	1056	1574	0.00023
Lysobacter gummosus	262324	S	371	3520	3891	0.00058
Lysobacter avium	2781023	S	298	1535	1833	0.00027
Xanthomonas translucens	343	S	2521	3171	5692	0.00084
Xanthomonas campestris	339	S	1994	1333	3327	0.00049
Xanthomonas sacchari	56458	S	1601	527	2128	0.00032
Xanthomonas sp. SS	2724122	S	248	386	634	0.00009
Xanthomonas sp. GW	2724121	S	246	328	574	0.00009
Xanthomonas sp. SI	2724123	S	241	380	621	0.00009
Xanthomonas sp. MLO165	2081477	S	67	66	133	0.00002
Xanthomonas arboricola	56448	S	1159	883	2042	0.00030
Xanthomonas theicola	56464	S	974	294	1268	0.00019
Xanthomonas oryzae	347	S	834	273	1107	0.00016
Xanthomonas albilineans	29447	S	723	89	812	0.00012
Xanthomonas hyacinthi	56455	S	676	351	1027	0.00015
Xanthomonas citri	346	S	666	14117	14783	0.00219
Xanthomonas vesicatoria	56460	S	540	256	796	0.00012
Xanthomonas fragariae	48664	S	529	86	615	0.00009
Xanthomonas hortorum	56454	S	520	269	789	0.00012
Xanthomonas cucurbitae	56453	S	513	82	595	0.00009
Xanthomonas vasicola	56459	S	421	107	528	0.00008
Xanthomonas cassavae	56450	S	347	69	416	0.00006
Xanthomonas hydrangeae	2775159	S	306	79	385	0.00006
Xanthomonas euroxanthea	2259622	S	281	223	504	0.00007
Xanthomonas axonopodis	53413	S	278	166	444	0.00007
Xanthomonas phaseoli	1985254	S	171	378	549	0.00008
Xanthomonas euvesicatoria	456327	S	127	493	620	0.00009
Xanthomonas perforans	442694	S	32	622	654	0.00010
Stenotrophomonas maltophilia	40324	S	6005	8525	14530	0.00215
Stenotrophomonas sp. ESTM1D_MKCIP4_1	2072414	S	392	163	555	0.00008
Stenotrophomonas sp. SAU14A_NAIMI4_5	2072413	S	352	224	576	0.00009
Stenotrophomonas sp. ZAC14D2_NAIMI4_7	2072405	S	215	236	451	0.00007
Stenotrophomonas sp. ZAC14A_NAIMI4_1	2072412	S	177	341	518	0.00008
Stenotrophomonas sp. YAU14D1_LEIMI4_1	2072407	S	114	201	315	0.00005
Stenotrophomonas sp. ZAC14D2_NAIMI4_6	2072406	S	104	209	313	0.00005
Stenotrophomonas sp. SAU14A_NAIMI4_8	2072409	S	65	381	446	0.00007
Stenotrophomonas sp. YAU14A_MKIMI4_1	2072408	S	49	287	336	0.00005
Stenotrophomonas sp. LM091	1904944	S	783	293	1076	0.00016
Stenotrophomonas sp. 169	2770322	S	771	121	892	0.00013
Stenotrophomonas sp. 364	2691571	S	502	199	701	0.00010
Stenotrophomonas sp. NA06056	2742129	S	323	162	485	0.00007
Stenotrophomonas sp. WZN-1	2005046	S	186	235	421	0.00006
Stenotrophomonas sp. DR822	2871174	S	102	184	286	0.00004
Stenotrophomonas sp. Pemsol	2040586	S	86	289	375	0.00006
Stenotrophomonas sp. pho	2211160	S	61	286	347	0.00005
Stenotrophomonas sp. MYb57	1827305	S	42	200	242	0.00004
Stenotrophomonas sp. CW117	2775920	S	39	807	846	0.00013
Stenotrophomonas sp. ASS1	2282124	S	37	187	224	0.00003
Stenotrophomonas sp. SI-NJAU-1	2886359	S	32	158	190	0.00003
Stenotrophomonas sp. G4	2303750	S	30	144	174	0.00003
Stenotrophomonas sp. NY11291	2939415	S	17	187	204	0.00003
Stenotrophomonas sp. SXG-1	2682487	S	12	146	158	0.00002
Stenotrophomonas rhizophila	216778	S	2577	763	3340	0.00050
Stenotrophomonas acidaminiphila	128780	S	1598	3648	5246	0.00078
Stenotrophomonas indicatrix	2045451	S	54	236	290	0.00004
Luteimonas sp. MC1750	2799326	S	2307	845	3152	0.00047
Luteimonas sp. S4-F44	2925842	S	2112	395	2507	0.00037
Luteimonas sp. JM171	1896164	S	2098	398	2496	0.00037
Luteimonas sp. MC1572	2799325	S	1922	950	2872	0.00043
Luteimonas sp. D4P002	2901869	S	1905	463	2368	0.00035
Luteimonas sp. YGD11-2	2508168	S	1881	822	2703	0.00040
Luteimonas sp. MC1825	2761107	S	1815	921	2736	0.00041
Luteimonas granuli	1176533	S	2479	840	3319	0.00049
Luteimonas yindakuii	2565782	S	1842	739	2581	0.00038
Luteimonas chenhongjianii	2006110	S	1676	360	2036	0.00030
Pseudoxanthomonas suwonensis	314722	S	4260	2079	6339	0.00094
Pseudoxanthomonas mexicana	128785	S	3370	3482	6852	0.00102
Pseudoxanthomonas sp. X-1	2571115	S	1960	1449	3409	0.00051
Pseudoxanthomonas sp. F37	2932492	S	72	3354	3426	0.00051
Pseudoxanthomonas daejeonensis	266062	S	1753	426	2179	0.00032
Pseudoxanthomonas spadix	415229	S	1170	389	1559	0.00023
Thermomonas sp. XSG	2771436	S	2089	915	3004	0.00045
Thermomonas sp. HDW16	2714945	S	1787	495	2282	0.00034
Thermomonas aquatica	2202149	S	3386	1797	5183	0.00077
Thermomonas brevis	215691	S	2998	1243	4241	0.00063
Thermomonas carbonis	1463158	S	2093	439	2532	0.00038
Arenimonas daejeonensis	370777	S	2425	461	2886	0.00043
Pseudolysobacter antarcticus	2511995	S	1541	36	1577	0.00023
Xylella taiwanensis	1444770	S	160	7	167	0.00002
Xylella fastidiosa	2371	S	124	31	155	0.00002
Rhodanobacter denitrificans	666685	S	3495	1599	5094	0.00075
Rhodanobacter sp. FDAARGOS 1247	2778082	S	2413	881	3294	0.00049
Rhodanobacter glycinis	582702	S	2210	426	2636	0.00039
Rhodanobacter thiooxydans	416169	S	2176	1241	3417	0.00051
Luteibacter sp. 321	2911537	S	1987	568	2555	0.00038
Luteibacter sp. EIF3	2780091	S	1484	247	1731	0.00026
Luteibacter sp. 335	2911538	S	1206	295	1501	0.00022
Luteibacter sp. 353	2911539	S	1156	354	1510	0.00022
Luteibacter rhizovicinus	242606	S	1347	197	1544	0.00023
Luteibacter pinisoli	2589080	S	1267	357	1624	0.00024
Luteibacter anthropi	564369	S	1174	228	1402	0.00021
Frateuria sp. 5GH9-34	2898793	S	4552	1536	6088	0.00090
Frateuria sp. 5GH9-11	1542730	S	4056	1758	5814	0.00086
Frateuria aurantia	81475	S	560	70	630	0.00009
Dyella thiooxydans	445710	S	3139	1040	4179	0.00062
Dyella japonica	231455	S	1543	561	2104	0.00031
Dyella telluris	2763498	S	1433	460	1893	0.00028
Dyella terrae	522259	S	1107	180	1287	0.00019
Dyella caseinilytica	1849581	S	969	79	1048	0.00016
Dyella sp. M7H15-1	2501295	S	746	73	819	0.00012
Dokdonella koreensis	323415	S	4355	712	5067	0.00075
Aerosticca soli	2010829	S	2495	2655	5150	0.00076
Ahniella affigens	2021234	S	872	20	892	0.00013
Pseudomonas sp. p1(2021b)	2874628	S	7266	3095	10361	0.00154
Pseudomonas sp. CC6-YY-74	1930532	S	2692	250	2942	0.00044
Pseudomonas sp. LPB0260	2614442	S	2594	410	3004	0.00045
Pseudomonas sp. TCU-HL1	1856685	S	2315	257	2572	0.00038
Pseudomonas sp. DY-1	1755504	S	2040	202	2242	0.00033
Pseudomonas sp. ATCC 13867	1294143	S	1715	467	2182	0.00032
Pseudomonas sp. SCB32	2653853	S	1450	247	1697	0.00025
Pseudomonas sp. PDNC002	2811422	S	1378	247	1625	0.00024
Pseudomonas sp. B11D7D	2735906	S	1208	181	1389	0.00021
Pseudomonas sp. MM211	2866808	S	1186	85	1271	0.00019
Pseudomonas sp. MTM4	2705472	S	1048	138	1186	0.00018
Pseudomonas sp. ABC1	2748080	S	1037	113	1150	0.00017
Pseudomonas sp. SK	2729423	S	922	637	1559	0.00023
Pseudomonas sp. KNUC1026	2893890	S	905	67	972	0.00014
Pseudomonas sp. Pc102	2678261	S	881	363	1244	0.00018
Pseudomonas sp. MSPm1	2726956	S	833	141	974	0.00014
Pseudomonas sp. Ost2	2678260	S	732	83	815	0.00012
Pseudomonas sp. StFLB209	1028989	S	718	148	866	0.00013
Pseudomonas sp. 7SR1	1881017	S	690	99	789	0.00012
Pseudomonas sp. A2	107445	S	615	2571	3186	0.00047
Pseudomonas sp. L5B5	2883205	S	574	84	658	0.00010
Pseudomonas sp. CMR5c	658630	S	545	130	675	0.00010
Pseudomonas sp. HLS-6	2049589	S	497	123	620	0.00009
Pseudomonas sp. Marseille-Q3773	2866592	S	471	126	597	0.00009
Pseudomonas sp. M30-35	1981174	S	450	20	470	0.00007
Pseudomonas sp. MPC6	2498848	S	418	72	490	0.00007
Pseudomonas sp. OIL-1	2706126	S	417	55	472	0.00007
Pseudomonas sp. URMO17WK12:I11	1283291	S	412	223	635	0.00009
Pseudomonas sp. DG56-2	2320270	S	409	36	445	0.00007
Pseudomonas sp. LPH1	1898684	S	387	273	660	0.00010
Pseudomonas sp. ADPe	2774873	S	387	750	1137	0.00017
Pseudomonas sp. HN2-3	2886360	S	385	68	453	0.00007
Pseudomonas sp. Leaf58	1736226	S	385	59	444	0.00007
Pseudomonas sp. LAB-08	143813	S	363	54	417	0.00006
Pseudomonas sp. gcc21	2726989	S	330	119	449	0.00007
Pseudomonas sp. LS.1a	2920387	S	328	113	441	0.00007
Pseudomonas sp. 15A4	2804761	S	314	61	375	0.00006
Pseudomonas sp. Tri1	2823875	S	313	59	372	0.00006
Pseudomonas sp. M1	95619	S	311	577	888	0.00013
Pseudomonas sp. DNDY-54	2870860	S	310	116	426	0.00006
Pseudomonas sp. PP3	2815936	S	301	97	398	0.00006
Pseudomonas sp. MM213	2866807	S	284	50	334	0.00005
Pseudomonas sp. 31-12	2201356	S	273	57	330	0.00005
Pseudomonas sp. ACM7	2052956	S	263	38	301	0.00004
Pseudomonas sp. ADAK13	2730847	S	258	49	307	0.00005
Pseudomonas sp. S09G 359	2054919	S	247	48	295	0.00004
Pseudomonas sp. S34	1573718	S	241	47	288	0.00004
Pseudomonas sp. Seg1	2678259	S	234	44	278	0.00004
Pseudomonas sp. NIBR-H-19	2901380	S	233	42	275	0.00004
Pseudomonas sp. S35	1573719	S	232	51	283	0.00004
Pseudomonas sp. ADAK18	2730848	S	229	32	261	0.00004
Pseudomonas sp. phDV1	253237	S	229	601	830	0.00012
Pseudomonas sp. RtIB026	2749999	S	229	112	341	0.00005
Pseudomonas sp. HS6	2850559	S	223	48	271	0.00004
Pseudomonas sp. RC3H12	2834406	S	215	110	325	0.00005
Pseudomonas sp. St316	2678257	S	210	55	265	0.00004
Pseudomonas sp. R5-89-07	658644	S	210	56	266	0.00004
Pseudomonas sp. 2hn	2866626	S	204	114	318	0.00005
Pseudomonas sp. R2A2	2213057	S	200	189	389	0.00006
Pseudomonas sp. DTU12.3	2073078	S	197	41	238	0.00004
Pseudomonas sp. RBPA9	2746321	S	185	303	488	0.00007
Pseudomonas sp. OE 28.3	2745519	S	183	36	219	0.00003
Pseudomonas sp. CCOS 191	1649877	S	176	123	299	0.00004
Pseudomonas sp. MRSN12121	1611770	S	176	194	370	0.00005
Pseudomonas sp. THAF7b	2587845	S	175	278	453	0.00007
Pseudomonas sp. SK3(2021)	2841064	S	175	88	263	0.00004
Pseudomonas sp. HN11	1344094	S	174	32	206	0.00003
Pseudomonas sp. HS-18	2879114	S	172	271	443	0.00007
Pseudomonas sp. DR48	2871095	S	171	102	273	0.00004
Pseudomonas sp. NS1(2017)	2025658	S	155	33	188	0.00003
Pseudomonas sp. 14181154	2662033	S	152	132	284	0.00004
Pseudomonas sp. FGI182	1259844	S	150	132	282	0.00004
Pseudomonas sp. LG1E9	2219057	S	149	36	185	0.00003
Pseudomonas sp. R84	1573712	S	121	50	171	0.00003
Pseudomonas sp. 02C 26	2054914	S	120	265	385	0.00006
Pseudomonas sp. LTJR-52	2479392	S	119	30	149	0.00002
Pseudomonas sp. SDM007	2812000	S	118	67	185	0.00003
Pseudomonas sp. IzPS59	2774459	S	116	44	160	0.00002
Pseudomonas sp. SCA2728.1_7	2825975	S	115	55	170	0.00003
Pseudomonas sp. Z003-0.4C(8344-21)	1855380	S	112	62	174	0.00003
Pseudomonas sp. R76	1573711	S	111	44	155	0.00002
Pseudomonas sp. CYM-20-01	2870750	S	108	42	150	0.00002
Pseudomonas sp. BIGb0427	2724470	S	108	239	347	0.00005
Pseudomonas sp. NIBRBAC000502773	2590776	S	108	43	151	0.00002
Pseudomonas sp. AO-1	2855434	S	107	93	200	0.00003
Pseudomonas sp. FIT81	2837969	S	102	48	150	0.00002
Pseudomonas sp. SORT22	2813842	S	102	240	342	0.00005
Pseudomonas sp. UW4	1207075	S	97	50	147	0.00002
Pseudomonas sp. FDAARGOS_380	2018067	S	94	60	154	0.00002
Pseudomonas sp. BYT-1	2816906	S	93	630	723	0.00011
Pseudomonas sp. HN2	2884805	S	93	64	157	0.00002
Pseudomonas sp. B10	118613	S	90	51	141	0.00002
Pseudomonas sp. S07E 245	2866278	S	89	208	297	0.00004
Pseudomonas sp. MPFS	2795724	S	87	124	211	0.00003
Pseudomonas sp. DR 5-09	1534110	S	87	105	192	0.00003
Pseudomonas sp. Cab53	2678258	S	83	103	186	0.00003
Pseudomonas sp. ATCC 43928	676210	S	80	187	267	0.00004
Pseudomonas sp. 09C 129	2054915	S	75	71	146	0.00002
Pseudomonas sp. 3-2	2867408	S	74	85	159	0.00002
Pseudomonas sp. PONIH3	1636610	S	71	306	377	0.00006
Pseudomonas sp. J380	2605424	S	67	76	143	0.00002
Pseudomonas sp. MYb193	1827300	S	60	58	118	0.00002
Pseudomonas sp. SWI44	2083053	S	59	493	552	0.00008
Pseudomonas sp. 13159349	2662034	S	58	433	491	0.00007
Pseudomonas sp. Y5-11	2749808	S	57	160	217	0.00003
Pseudomonas sp. LBUM920	2126069	S	57	141	198	0.00003
Pseudomonas sp. C27(2019)	2604941	S	54	6	60	0.00001
Pseudomonas sp. SC3(2021)	2871493	S	52	44	96	0.00001
Pseudomonas sp. S150	2559074	S	51	62	113	0.00002
Pseudomonas sp. RU47	2005388	S	51	127	178	0.00003
Pseudomonas sp. CIP-10	2892442	S	51	372	423	0.00006
Pseudomonas sp. Os17	1500686	S	51	245	296	0.00004
Pseudomonas sp. NC02	2067572	S	49	133	182	0.00003
Pseudomonas sp. VLB120	69328	S	47	630	677	0.00010
Pseudomonas sp. JY-Q	1338689	S	46	287	333	0.00005
Pseudomonas sp. St290	1602166	S	45	134	179	0.00003
Pseudomonas sp. R32	1573704	S	44	87	131	0.00002
Pseudomonas sp. MPDS	2762896	S	44	140	184	0.00003
Pseudomonas sp. A214	1855331	S	44	107	151	0.00002
Pseudomonas sp. AN-B15	2697023	S	43	114	157	0.00002
Pseudomonas sp. R3-18-08	1173283	S	43	122	165	0.00002
Pseudomonas sp. BC42	2933816	S	42	202	244	0.00004
Pseudomonas sp. CFSAN084952	2664899	S	42	96	138	0.00002
Pseudomonas sp. ArH3a	2862945	S	41	100	141	0.00002
Pseudomonas sp. St29	1500687	S	41	162	203	0.00003
Pseudomonas sp. TKP	1415630	S	40	105	145	0.00002
Pseudomonas sp. SXM-1	2169583	S	39	99	138	0.00002
Pseudomonas sp. LG1D9	2083054	S	38	139	177	0.00003
Pseudomonas sp. GR 6-02	1659194	S	37	85	122	0.00002
Pseudomonas sp. S49	1573720	S	37	93	130	0.00002
Pseudomonas sp. BIOMIG1BAC	1758730	S	36	94	130	0.00002
Pseudomonas sp. DR208	2870840	S	36	67	103	0.00002
Pseudomonas sp. ADAK22	2730851	S	35	87	122	0.00002
Pseudomonas sp. R4-35-07	658643	S	33	219	252	0.00004
Pseudomonas sp. SWI36	2083052	S	33	77	110	0.00002
Pseudomonas sp. PS1(2021)	2866282	S	32	722	754	0.00011
Pseudomonas sp. R1-43-08	1173270	S	30	174	204	0.00003
Pseudomonas sp. DTU12.1	2654238	S	29	113	142	0.00002
Pseudomonas sp. SWI6	2083051	S	26	428	454	0.00007
Pseudomonas sp. IAC-BECa141	2793103	S	26	41	67	0.00001
Pseudomonas sp. Y39-6	2749807	S	23	58	81	0.00001
Pseudomonas sp. BJP69	2597770	S	23	109	132	0.00002
Pseudomonas sp. So3.2b	2864101	S	23	57	80	0.00001
Pseudomonas sp. R3-52-08	1173284	S	22	131	153	0.00002
Pseudomonas sp. Eqa60	2799184	S	22	96	118	0.00002
Pseudomonas sp. CFA	2651048	S	21	86	107	0.00002
Pseudomonas sp. XWY-1	2069256	S	21	104	125	0.00002
Pseudomonas sp. R4-39-08	1173288	S	21	121	142	0.00002
Pseudomonas sp. 7-41	2898483	S	21	73	94	0.00001
Pseudomonas sp. SW-3	147212	S	20	59	79	0.00001
Pseudomonas sp. R2-37-08W	1173273	S	19	87	106	0.00002
Pseudomonas sp. HN8-3	2886361	S	18	27	45	0.00001
Pseudomonas sp. Colony2	2861799	S	18	63	81	0.00001
Pseudomonas sp. R4-34-07	658642	S	17	96	113	0.00002
Pseudomonas sp. IB20	1702250	S	17	96	113	0.00002
Pseudomonas sp. OST1909	2777367	S	15	35	50	0.00001
Pseudomonas sp. TMW 2.1634	1886807	S	15	30	45	0.00001
Pseudomonas sp. SK2	2841063	S	15	269	284	0.00004
Pseudomonas sp. I3-I5	2926671	S	14	43	57	0.00001
Pseudomonas sp. R2-7-07	658641	S	14	129	143	0.00002
Pseudomonas sp. B14-6	2738843	S	12	25	37	0.00001
Pseudomonas sp. KUIN-1	2609418	S	11	49	60	0.00001
Pseudomonas sp. SWI7	2587597	S	11	55	66	0.00001
Pseudomonas sp. R2-60-08W	1173280	S	11	75	86	0.00001
Pseudomonas sp. LH1G9	2083055	S	10	26	36	0.00001
Pseudomonas aeruginosa	287	S	10168	86039	96207	0.01426
Pseudomonas mendocina	300	S	6348	1787	8135	0.00121
Pseudomonas alcaligenes	43263	S	4919	2696	7615	0.00113
Pseudomonas furukawaii	1149133	S	3078	752	3830	0.00057
Pseudomonas oleovorans	301	S	636	1315	1951	0.00029
Pseudomonas resinovorans	53412	S	2656	473	3129	0.00046
Pseudomonas multiresinivorans	95301	S	815	213	1028	0.00015
Pseudomonas nitroreducens	46680	S	185	292	477	0.00007
Pseudomonas citronellolis	53408	S	721	839	1560	0.00023
Pseudomonas stutzeri	316	S	15041	7280	22321	0.00331
Pseudomonas chloritidismutans	203192	S	152	175	327	0.00005
Pseudomonas balearica	74829	S	2378	2299	4677	0.00069
Pseudomonas xanthomarina	271420	S	614	82	696	0.00010
Pseudomonas luteola	47886	S	178	62	240	0.00004
Pseudomonas lalkuanensis	2604832	S	15188	2156	17344	0.00257
Pseudomonas putida	303	S	8605	15012	23617	0.00350
Pseudomonas fulva	47880	S	2419	4931	7350	0.00109
Pseudomonas oryzihabitans	47885	S	1762	279	2041	0.00030
Pseudomonas plecoglossicida	70775	S	445	262	707	0.00010
Pseudomonas monteilii	76759	S	381	721	1102	0.00016
Pseudomonas mosselii	78327	S	244	349	593	0.00009
Pseudomonas sp. SGAir0191	2217867	S	100	46	146	0.00002
Pseudomonas shirazica	1940636	S	26	255	281	0.00004
Pseudomonas fluorescens	294	S	5068	2999	8067	0.00120
Pseudomonas protegens	380021	S	1343	861	2204	0.00033
Pseudomonas orientalis	76758	S	826	183	1009	0.00015
Pseudomonas azotoformans	47878	S	551	170	721	0.00011
Pseudomonas synxantha	47883	S	544	338	882	0.00013
Pseudomonas poae	200451	S	482	233	715	0.00011
Pseudomonas rhodesiae	76760	S	451	137	588	0.00009
Pseudomonas corrugata	47879	S	437	84	521	0.00008
Pseudomonas mediterranea	183795	S	404	91	495	0.00007
Pseudomonas mucidolens	46679	S	343	40	383	0.00006
Pseudomonas tolaasii	29442	S	340	51	391	0.00006
Pseudomonas trivialis	200450	S	303	91	394	0.00006
Pseudomonas migulae	78543	S	265	116	381	0.00006
Pseudomonas cedrina	651740	S	226	49	275	0.00004
Pseudomonas congelans	200452	S	210	46	256	0.00004
Pseudomonas brenneri	129817	S	177	56	233	0.00003
Pseudomonas libanensis	75588	S	169	170	339	0.00005
Pseudomonas veronii	76761	S	162	312	474	0.00007
Pseudomonas mandelii	75612	S	134	253	387	0.00006
Pseudomonas ogarae	1114970	S	104	58	162	0.00002
Pseudomonas extremorientalis	169669	S	25	43	68	0.00001
Pseudomonas syringae	317	S	1621	1764	3385	0.00050
Pseudomonas viridiflava	33069	S	1162	110	1272	0.00019
Pseudomonas cichorii	36746	S	779	54	833	0.00012
Pseudomonas asturiensis	1190415	S	366	31	397	0.00006
Pseudomonas syringae group genomosp. 7	251699	S	292	29	321	0.00005
Pseudomonas amygdali	47877	S	119	561	680	0.00010
Pseudomonas savastanoi	29438	S	55	190	245	0.00004
Pseudomonas fuscovaginae	50340	S	138	57	195	0.00003
Pseudomonas avellanae	46257	S	86	128	214	0.00003
Pseudomonas syringae group genomosp. 3	251701	S	61	829	890	0.00013
Pseudomonas coronafaciens	53409	S	59	153	212	0.00003
Pseudomonas sp. Lz4W	1206777	S	51	65	116	0.00002
Pseudomonas tremae	200454	S	14	33	47	0.00001
Pseudomonas otitidis	319939	S	4456	758	5214	0.00077
Pseudomonas chlororaphis	587753	S	2912	2329	5241	0.00078
Pseudomonas lundensis	86185	S	355	35	390	0.00006
Pseudomonas fragi	296	S	152	91	243	0.00004
Pseudomonas cavernae	2320867	S	3209	391	3600	0.00053
Pseudomonas knackmussii	65741	S	2501	1519	4020	0.00060
Pseudomonas oryzae	1392877	S	2245	554	2799	0.00041
Pseudomonas campi	2731681	S	2157	226	2383	0.00035
Pseudomonas psychrotolerans	237610	S	1938	319	2257	0.00033
Pseudomonas guangdongensis	1245526	S	1523	381	1904	0.00028
Pseudomonas entomophila	312306	S	1301	417	1718	0.00025
Pseudomonas tohonis	2725477	S	907	541	1448	0.00021
Pseudomonas saudiphocaensis	1499686	S	891	162	1053	0.00016
Pseudomonas pohangensis	364197	S	852	49	901	0.00013
Pseudomonas argentinensis	289370	S	831	141	972	0.00014
Pseudomonas toyotomiensis	554344	S	804	524	1328	0.00020
Pseudomonas qingdaonensis	2056231	S	786	120	906	0.00013
Pseudomonas parafulva	157782	S	736	156	892	0.00013
Pseudomonas vanderleydeniana	2745495	S	733	77	810	0.00012
Pseudomonas wenzhouensis	2906062	S	711	199	910	0.00013
Pseudomonas eucalypticola	2599595	S	708	69	777	0.00012
Pseudomonas rhizosphaerae	216142	S	696	65	761	0.00011
Pseudomonas zhaodongensis	1176257	S	688	226	914	0.00014
Pseudomonas alkylphenolica	237609	S	685	100	785	0.00012
Pseudomonas cremoricolorata	157783	S	661	77	738	0.00011
Pseudomonas sediminis	1691904	S	651	138	789	0.00012
Pseudomonas nanhaiensis	2830842	S	651	51	702	0.00010
Pseudomonas marincola	437900	S	584	70	654	0.00010
Pseudomonas brassicacearum	930166	S	559	756	1315	0.00019
Pseudomonas frederiksbergensis	104087	S	509	109	618	0.00009
Pseudomonas phragmitis	1931241	S	475	29	504	0.00007
Pseudomonas yamanorum	515393	S	474	76	550	0.00008
Pseudomonas muyukensis	2842357	S	457	100	557	0.00008
Pseudomonas umsongensis	198618	S	436	52	488	0.00007
Pseudomonas tructae	2518644	S	406	52	458	0.00007
Pseudomonas palleroniana	191390	S	395	47	442	0.00007
Pseudomonas alcaliphila	101564	S	387	299	686	0.00010
Pseudomonas agarici	46677	S	387	13	400	0.00006
Pseudomonas xantholysinigenes	2745490	S	379	76	455	0.00007
Pseudomonas alvandae	2842348	S	376	44	420	0.00006
Pseudomonas koreensis	198620	S	356	99	455	0.00007
Pseudomonas xanthosomae	2842356	S	338	78	416	0.00006
Pseudomonas sihuiensis	1274359	S	336	313	649	0.00010
Pseudomonas anuradhapurensis	485870	S	332	212	544	0.00008
Pseudomonas khazarica	2502979	S	315	274	589	0.00009
Pseudomonas vancouverensis	95300	S	306	36	342	0.00005
Pseudomonas fakonensis	2842355	S	305	69	374	0.00006
Pseudomonas hamedanensis	2745504	S	304	40	344	0.00005
Pseudomonas promysalinigenes	485898	S	302	35	337	0.00005
Pseudomonas granadensis	1421430	S	297	100	397	0.00006
Pseudomonas prosekii	1148509	S	286	35	321	0.00005
Pseudomonas thivervalensis	86265	S	282	42	324	0.00005
Pseudomonas silesiensis	1853130	S	282	44	326	0.00005
Pseudomonas taetrolens	47884	S	271	26	297	0.00004
Pseudomonas extremaustralis	359110	S	269	43	312	0.00005
Pseudomonas antarctica	219572	S	264	47	311	0.00005
Pseudomonas arsenicoxydans	702115	S	258	39	297	0.00004
Pseudomonas versuta	1788301	S	249	29	278	0.00004
Pseudomonas chengduensis	489632	S	249	368	617	0.00009
Pseudomonas graminis	158627	S	248	49	297	0.00004
Pseudomonas lurida	244566	S	241	39	280	0.00004
Pseudomonas asgharzadehiana	2842349	S	231	39	270	0.00004
Pseudomonas viciae	2505979	S	229	40	269	0.00004
Pseudomonas reinekei	395598	S	221	45	266	0.00004
Pseudomonas lini	163011	S	215	31	246	0.00004
Pseudomonas kunmingensis	1211807	S	195	203	398	0.00006
Pseudomonas maumuensis	2842354	S	195	68	263	0.00004
Pseudomonas kribbensis	1628086	S	189	128	317	0.00005
Pseudomonas simiae	321846	S	179	31	210	0.00003
Pseudomonas asiatica	2219225	S	170	671	841	0.00012
Pseudomonas psychrophila	122355	S	169	17	186	0.00003
Pseudomonas moraviensis	321662	S	153	155	308	0.00005
Pseudomonas oryziphila	2894079	S	138	78	216	0.00003
Pseudomonas allokribbensis	2774460	S	135	37	172	0.00003
Pseudomonas asplenii	53407	S	128	55	183	0.00003
Pseudomonas gozinkensis	2774461	S	126	41	167	0.00002
Pseudomonas atacamensis	2565368	S	124	85	209	0.00003
Pseudomonas tensinigenes	2745511	S	117	45	162	0.00002
Pseudomonas tritici	2745518	S	110	24	134	0.00002
Pseudomonas iranensis	2745503	S	107	57	164	0.00002
Pseudomonas germanica	2815720	S	105	40	145	0.00002
Pseudomonas zeae	2745510	S	102	36	138	0.00002
Pseudomonas zarinae	2745498	S	99	52	151	0.00002
Pseudomonas soli	1306993	S	90	246	336	0.00005
Pseudomonas azerbaijanoriens	2842350	S	89	42	131	0.00002
Pseudomonas lactis	1615674	S	71	37	108	0.00002
Pseudomonas salmasensis	2745514	S	56	25	81	0.00001
Pseudomonas monsensis	2745509	S	55	41	96	0.00001
Pseudomonas juntendi	2666183	S	53	354	407	0.00006
Pseudomonas donghuensis	1163398	S	48	94	142	0.00002
Pseudomonas sessilinigenes	658629	S	44	79	123	0.00002
Pseudomonas rhizophila	2045200	S	42	76	118	0.00002
Pseudomonas bijieensis	2681983	S	33	87	120	0.00002
Pseudomonas shahriarae	2745512	S	28	76	104	0.00002
Pseudomonas cerasi	1583341	S	22	32	54	0.00001
Pseudomonas glycinae	1785145	S	22	27	49	0.00001
Candidatus Pseudomonas adelgestsugas	1302376	S	20	0	20	0.00000
Pseudomonas taiwanensis	470150	S	15	134	149	0.00002
Azotobacter chroococcum	353	S	1313	440	1753	0.00026
Azotobacter vinelandii	354	S	906	3528	4434	0.00066
Azotobacter salinestris	69964	S	777	196	973	0.00014
Halopseudomonas xinjiangensis	487184	S	349	24	373	0.00006
Halopseudomonas sabulinigri	472181	S	296	21	317	0.00005
Halopseudomonas sp. RR6	2918528	S	290	35	325	0.00005
Halopseudomonas aestusnigri	857252	S	232	122	354	0.00005
Halopseudomonas litoralis	797277	S	193	34	227	0.00003
Halopseudomonas salegens	1434072	S	138	8	146	0.00002
Permianibacter aggregans	1510150	S	378	9	387	0.00006
Thiopseudomonas alkaliphila	1697053	S	32	5	37	0.00001
Entomomonas sp. F2A	2785331	S	11	1	12	0.00000
Marinobacter sp. CA1	2817656	S	337	20	357	0.00005
Marinobacter sp. Arc7-DN-1	2304594	S	191	24	215	0.00003
Marinobacter sp. NP-4(2019)	2488665	S	175	28	203	0.00003
Marinobacter sp. LPB0319	2769486	S	165	8	173	0.00003
Marinobacter sp. LQ44	1749259	S	88	132	220	0.00003
Marinobacter sp. LV10R510-11A	1415568	S	80	2	82	0.00001
Marinobacter sp. es.042	1761794	S	74	70	144	0.00002
Marinobacter sp. CP1	1671721	S	60	109	169	0.00003
Marinobacter sp. JH2	2547598	S	54	13	67	0.00001
Marinobacter sp. BSs20148	490759	S	52	29	81	0.00001
Marinobacter fonticola	2603215	S	272	10	282	0.00004
Marinobacter nauticus	2743	S	191	43	234	0.00003
Marinobacter similis	1420916	S	189	13	202	0.00003
Marinobacter salarius	1420917	S	188	20	208	0.00003
Marinobacter salsuginis	418719	S	128	16	144	0.00002
Marinobacter salinus	1874317	S	128	6	134	0.00002
Marinobacter adhaerens	1033846	S	56	118	174	0.00003
Marinobacter psychrophilus	330734	S	24	13	37	0.00001
Klebsiella pneumoniae	573	S	335	13870	14205	0.00211
Klebsiella quasipneumoniae	1463165	S	251	696	947	0.00014
Klebsiella oxytoca	571	S	192	120	312	0.00005
Klebsiella aerogenes	548	S	183	96	279	0.00004
Klebsiella variicola	244366	S	100	386	486	0.00007
Klebsiella michiganensis	1134687	S	94	331	425	0.00006
Klebsiella huaxiensis	2153354	S	56	48	104	0.00002
Klebsiella africana	2489010	S	55	31	86	0.00001
Klebsiella quasivariicola	2026240	S	41	40	81	0.00001
Klebsiella grimontii	2058152	S	23	149	172	0.00003
Raoultella planticola	575	S	86	81	167	0.00002
Raoultella sp. HC6	2923366	S	86	55	141	0.00002
Raoultella ornithinolytica	54291	S	57	406	463	0.00007
Raoultella terrigena	577	S	50	96	146	0.00002
Raoultella electrica	1259973	S	21	49	70	0.00001
Enterobacter cloacae	550	S	414	609	1023	0.00015
Enterobacter kobei	208224	S	170	1793	1963	0.00029
Enterobacter cancerogenus	69218	S	145	46	191	0.00003
Enterobacter asburiae	61645	S	140	594	734	0.00011
Enterobacter hormaechei	158836	S	136	1729	1865	0.00028
Enterobacter roggenkampii	1812935	S	90	330	420	0.00006
Enterobacter ludwigii	299767	S	60	132	192	0.00003
Enterobacter chengduensis	2494701	S	38	24	62	0.00001
Enterobacter cloacae complex sp.	2027919	S	18	421	439	0.00007
Enterobacter chuandaensis	2497875	S	31	18	49	0.00001
Enterobacter sichuanensis	2071710	S	14	11	25	0.00000
Enterobacter sp. SA187	1914861	S	114	18	132	0.00002
Enterobacter sp. JUb54	2724468	S	112	21	133	0.00002
Enterobacter sp. E76	2596949	S	46	85	131	0.00002
Enterobacter sp. RHBSTW-00175	2742639	S	38	32	70	0.00001
Enterobacter sp. RHBSTW-00994	2742676	S	34	8	42	0.00001
Enterobacter sp. Colony194	2866201	S	26	39	65	0.00001
Enterobacter sp. JBIWA008	2831892	S	25	15	40	0.00001
Enterobacter sp. SGAir0187	2836161	S	19	23	42	0.00001
Enterobacter sp. JBIWA003	2831890	S	16	21	37	0.00001
Enterobacter huaxiensis	2494702	S	88	25	113	0.00002
Enterobacter bugandensis	881260	S	46	78	124	0.00002
Enterobacter mori	539813	S	42	51	93	0.00001
Enterobacter soli	885040	S	37	9	46	0.00001
Enterobacter oligotrophicus	2478464	S	26	7	33	0.00000
Citrobacter freundii	546	S	124	595	719	0.00011
Citrobacter sedlakii	67826	S	23	70	93	0.00001
Citrobacter werkmanii	67827	S	18	51	69	0.00001
Citrobacter portucalensis	1639133	S	17	191	208	0.00003
Citrobacter braakii	57706	S	14	145	159	0.00002
Citrobacter freundii complex sp. CFNIH2	2066049	S	11	15	26	0.00000
Citrobacter sp. R56	1573676	S	58	23	81	0.00001
Citrobacter sp. RHB25-C09	2742624	S	51	34	85	0.00001
Citrobacter rodentium	67825	S	107	0	107	0.00002
Citrobacter farmeri	67824	S	86	42	128	0.00002
Citrobacter amalonaticus	35703	S	62	379	441	0.00007
Citrobacter tructae	2562449	S	32	14	46	0.00001
Citrobacter koseri	545	S	23	38	61	0.00001
Citrobacter pasteurii	1563222	S	21	21	42	0.00001
Citrobacter arsenatis	2546350	S	20	8	28	0.00000
Cronobacter sakazakii	28141	S	165	122	287	0.00004
Cronobacter dublinensis	413497	S	146	50	196	0.00003
Cronobacter universalis	535744	S	111	76	187	0.00003
Cronobacter condimenti	1163710	S	97	26	123	0.00002
Cronobacter malonaticus	413503	S	56	72	128	0.00002
Cronobacter sp. JZ38	1906275	S	27	81	108	0.00002
Cronobacter muytjensii	413501	S	10	38	48	0.00001
Kosakonia cowanii	208223	S	153	108	261	0.00004
Kosakonia sp. SMBL-WEM22	2725560	S	62	23	85	0.00001
Kosakonia sp. CCTCC M2018092	2492396	S	43	32	75	0.00001
Kosakonia sp. MUSA4	2067958	S	35	13	48	0.00001
Kosakonia sacchari	1158459	S	111	48	159	0.00002
Kosakonia radicincitans	283686	S	57	59	116	0.00002
Kosakonia pseudosacchari	1646340	S	45	19	64	0.00001
Kosakonia oryzae	497725	S	41	22	63	0.00001
Kosakonia arachidis	551989	S	41	9	50	0.00001
Leclercia adecarboxylata	83655	S	237	468	705	0.00010
Leclercia sp. 29361	2714951	S	65	26	91	0.00001
Leclercia sp. J807	2681307	S	22	36	58	0.00001
Leclercia sp. W6	2282310	S	15	30	45	0.00001
Leclercia sp. W17	2282309	S	13	37	50	0.00001
Leclercia pneumoniae	2815358	S	68	30	98	0.00001
Salmonella enterica	28901	S	480	19461	19941	0.00296
Salmonella bongori	54736	S	52	15	67	0.00001
Pluralibacter gergoviae	61647	S	399	91	490	0.00007
[Enterobacter] lignolyticus	1334193	S	168	40	208	0.00003
Cedecea neteri	158822	S	277	67	344	0.00005
Cedecea sp. FDAARGOS_727	2545798	S	56	12	68	0.00001
Cedecea lapagei	158823	S	55	18	73	0.00001
Escherichia coli	562	S	273	4198	4471	0.00066
Escherichia albertii	208962	S	35	84	119	0.00002
Escherichia fergusonii	564	S	32	50	82	0.00001
Escherichia sp. E4742	2044467	S	22	14	36	0.00001
Escherichia marmotae	1499973	S	16	8	24	0.00000
Lelliottia amnigena	61646	S	174	43	217	0.00003
Lelliottia sp. AC1	2067959	S	37	25	62	0.00001
Lelliottia sp. WB101	2153385	S	37	33	70	0.00001
Kluyvera ascorbata	51288	S	79	70	149	0.00002
Kluyvera intermedia	61648	S	39	26	65	0.00001
Kluyvera sp. CRP	2873269	S	11	32	43	0.00001
Kluyvera genomosp. 3	2774055	S	11	32	43	0.00001
Candidatus Symbiopectobacterium sp. SyEd1	2871826	S	69	7	76	0.00001
Candidatus Hamiltonella defensa	138072	S	25	1	26	0.00000
secondary endosymbiont of Heteropsylla cubana	134287	S	10	0	10	0.00000
Candidatus Doolittlea endobia	1778262	S	12	0	12	0.00000
Atlantibacter hermannii	565	S	132	25	157	0.00002
Pseudescherichia vulneris	566	S	120	6	126	0.00002
Jejubacter calystegiae	2579935	S	119	11	130	0.00002
Plesiomonas shigelloides	703	S	102	28	130	0.00002
Buttiauxella agrestis	82977	S	38	45	83	0.00001
Scandinavium goeteborgense	1851514	S	92	15	107	0.00002
Pseudocitrobacter sp. G163CM	2891570	S	92	20	112	0.00002
Yokenella regensburgei	158877	S	79	31	110	0.00002
Shimwellia blattae	563	S	65	11	76	0.00001
Phytobacter ursingii	1972431	S	51	61	112	0.00002
Shigella flexneri	623	S	10	506	516	0.00008
Candidatus Moranella endobia	1048758	S	10	0	10	0.00000
Candidatus Ishikawaella capsulata	168169	S	10	0	10	0.00000
Serratia marcescens	615	S	707	536	1243	0.00018
Serratia plymuthica	82996	S	252	9960	10212	0.00151
Serratia sp. FDAARGOS_506	2420306	S	41	13	54	0.00001
Serratia sp. FGI94	671990	S	39	12	51	0.00001
Serratia sp. ATCC 39006	104623	S	37	3	40	0.00001
Serratia sp. 1D1416	2447890	S	22	15	37	0.00001
Serratia sp. MYb239	2033438	S	13	29	42	0.00001
Serratia sp. 3ACOL1	2448483	S	10	3	13	0.00000
Serratia rubidaea	61652	S	168	52	220	0.00003
Serratia entomophila	42906	S	159	22	181	0.00003
Serratia odorifera	618	S	148	18	166	0.00002
Serratia fonticola	47917	S	111	23	134	0.00002
Serratia proteamaculans	28151	S	106	8	114	0.00002
Serratia surfactantfaciens	2741499	S	84	13	97	0.00001
Serratia quinivorans	137545	S	69	10	79	0.00001
Serratia liquefaciens	614	S	54	21	75	0.00001
Serratia inhibens	2338073	S	45	7	52	0.00001
Serratia symbiotica	138074	S	40	5	45	0.00001
Serratia rhizosphaerae	2597702	S	36	9	45	0.00001
Serratia grimesii	82995	S	34	1	35	0.00001
Serratia ureilytica	300181	S	23	58	81	0.00001
Serratia ficaria	61651	S	11	10	21	0.00000
Rahnella aquatilis	34038	S	101	140	241	0.00004
Rahnella victoriana	1510570	S	88	11	99	0.00001
Rahnella inusitata	58169	S	83	18	101	0.00002
Rahnella sp. ERMR1:05	1805933	S	75	8	83	0.00001
Yersinia enterocolitica	630	S	48	85	133	0.00002
Yersinia pseudotuberculosis	633	S	15	49	64	0.00001
Yersinia ruckeri	29486	S	45	7	52	0.00001
Yersinia entomophaga	935293	S	26	4	30	0.00000
Yersinia frederiksenii	29484	S	24	19	43	0.00001
Yersinia canariae	2607663	S	21	5	26	0.00000
Yersinia mollaretii	33060	S	21	3	24	0.00000
Yersinia aleksiciae	263819	S	17	3	20	0.00000
Yersinia rohdei	29485	S	13	2	15	0.00000
Yersinia aldovae	29483	S	12	2	14	0.00000
Yersinia intermedia	631	S	11	31	42	0.00001
Yersinia kristensenii	28152	S	11	27	38	0.00001
Nissabacter sp. SGAir0207	2126321	S	313	39	352	0.00005
Gibbsiella quercinecans	929813	S	188	19	207	0.00003
Rouxiella badensis	1646377	S	99	7	106	0.00002
Ewingella americana	41202	S	83	9	92	0.00001
Chania multitudinisentens	1639108	S	43	3	46	0.00001
Candidatus Fukatsuia symbiotica	1878942	S	12	0	12	0.00000
Pantoea sp. Z09	2886821	S	272	88	360	0.00005
Pantoea sp. SO10	2575375	S	113	21	134	0.00002
Pantoea sp. At-9b	592316	S	89	25	114	0.00002
Pantoea sp. MSR2	2052056	S	84	19	103	0.00002
Pantoea sp. CCBC3-3-1	2490851	S	65	12	77	0.00001
Pantoea agglomerans	549	S	497	178	675	0.00010
Pantoea dispersa	59814	S	403	103	506	0.00008
Pantoea ananatis	553	S	165	37	202	0.00003
Pantoea deleyi	470932	S	134	34	168	0.00002
Pantoea vagans	470934	S	124	257	381	0.00006
Pantoea stewartii	66269	S	89	25	114	0.00002
Pantoea alhagi	1891675	S	86	29	115	0.00002
Pantoea cypripedii	55209	S	84	6	90	0.00001
Pantoea rwandensis	1076550	S	50	11	61	0.00001
Erwinia sp. E602	2675378	S	247	40	287	0.00004
Erwinia sp. J780	2681984	S	47	7	54	0.00001
Erwinia sp. QL-Z3	2547962	S	22	49	71	0.00001
Erwinia sp. Ejp617	215689	S	10	13	23	0.00000
Erwinia gerundensis	1619313	S	144	25	169	0.00003
Erwinia amylovora	552	S	84	43	127	0.00002
Erwinia persicina	55211	S	80	15	95	0.00001
Erwinia billingiae	182337	S	69	120	189	0.00003
Erwinia rhapontici	55212	S	67	11	78	0.00001
Erwinia tasmaniensis	338565	S	67	12	79	0.00001
Erwinia tracheiphila	65700	S	41	5	46	0.00001
Candidatus Erwinia haradaeae	1922217	S	36	0	36	0.00001
[Pantoea] beijingensis	1324864	S	34	5	39	0.00001
Erwinia pyrifoliae	79967	S	18	22	40	0.00001
Mixta gaviniae	665914	S	216	83	299	0.00004
Mixta calida	665913	S	146	80	226	0.00003
Mixta theicola	1458355	S	121	38	159	0.00002
Mixta intestinalis	1615494	S	78	22	100	0.00001
Mixta sp. X22927	2872648	S	63	35	98	0.00001
Buchnera aphidicola	9	S	99	11	110	0.00002
Tatumella ptyseos	82987	S	37	5	42	0.00001
Tatumella citrea	53336	S	18	2	20	0.00000
Dickeya dadantii	204038	S	182	106	288	0.00004
Dickeya zeae	204042	S	142	175	317	0.00005
Dickeya chrysanthemi	556	S	114	18	132	0.00002
Dickeya dianthicola	204039	S	113	58	171	0.00003
Dickeya solani	1089444	S	62	34	96	0.00001
Dickeya sp. NCPPB 3274	568766	S	58	47	105	0.00002
Dickeya poaceiphila	568768	S	54	9	63	0.00001
Dickeya fangzhongdai	1778540	S	52	247	299	0.00004
Pectobacterium carotovorum	554	S	105	237	342	0.00005
Pectobacterium sp. LJ1	2878098	S	42	12	54	0.00001
Pectobacterium sp. PL64	2738983	S	16	12	28	0.00000
Pectobacterium brasiliense	180957	S	55	75	130	0.00002
Pectobacterium parmentieri	1905730	S	46	19	65	0.00001
Pectobacterium atrosepticum	29471	S	30	8	38	0.00001
Pectobacterium wasabiae	55208	S	29	9	38	0.00001
Pectobacterium polaris	2042057	S	23	18	41	0.00001
Pectobacterium punjabense	2108399	S	20	5	25	0.00000
Pectobacterium versatile	2488639	S	14	37	51	0.00001
Pectobacterium odoriferum	78398	S	12	10	22	0.00000
Pectobacterium parvum	2778550	S	12	18	30	0.00000
Pectobacterium quasiaquaticum	2774015	S	10	11	21	0.00000
Brenneria izadpanahii	2722756	S	118	140	258	0.00004
Brenneria goodwinii	1109412	S	101	116	217	0.00003
Brenneria rubrifaciens	55213	S	75	29	104	0.00002
Lonsdalea populi	1172565	S	130	36	166	0.00002
Lonsdalea britannica	1082704	S	90	23	113	0.00002
Musicola paradisiaca	69223	S	156	46	202	0.00003
Edwardsiella tarda	636	S	172	392	564	0.00008
Edwardsiella hoshinae	93378	S	112	19	131	0.00002
Edwardsiella ictaluri	67780	S	82	34	116	0.00002
Edwardsiella piscicida	1263550	S	31	198	229	0.00003
Hafnia alvei	569	S	51	52	103	0.00002
Hafnia paralvei	546367	S	29	10	39	0.00001
Obesumbacterium proteus	82983	S	27	17	44	0.00001
Morganella morganii	582	S	193	145	338	0.00005
Xenorhabdus doucetiae	351671	S	44	5	49	0.00001
Xenorhabdus bovienii	40576	S	41	8	49	0.00001
Xenorhabdus poinarii	40577	S	24	4	28	0.00000
Xenorhabdus nematophila	628	S	18	2	20	0.00000
Xenorhabdus budapestensis	290110	S	18	2	20	0.00000
Xenorhabdus hominickii	351679	S	18	2	20	0.00000
Providencia rettgeri	587	S	42	86	128	0.00002
Providencia alcalifaciens	126385	S	29	12	41	0.00001
Providencia heimbachae	333962	S	10	3	13	0.00000
Photorhabdus thracensis	230089	S	59	8	67	0.00001
Photorhabdus akhurstii	171438	S	21	3	24	0.00000
Photorhabdus asymbiotica	291112	S	20	2	22	0.00000
Photorhabdus laumondii	2218628	S	12	2	14	0.00000
Proteus mirabilis	584	S	19	50	69	0.00001
Proteus vulgaris	585	S	18	39	57	0.00001
Sodalis sp. dw_23	2697027	S	191	10	201	0.00003
Sodalis praecaptivus	1239307	S	126	67	193	0.00003
Sodalis glossinidius	63612	S	88	10	98	0.00001
Candidatus Sodalis pierantonius	1486991	S	52	29	81	0.00001
Leminorella richardii	158841	S	71	8	79	0.00001
Pragia fontium	82985	S	22	2	24	0.00000
Jinshanibacter zhutongyuii	2498113	S	19	3	22	0.00000
Limnobaculum parvum	2172103	S	14	3	17	0.00000
Thioalkalivibrio sulfidiphilus	1033854	S	1053	533	1586	0.00024
Thioalkalivibrio paradoxus	108010	S	939	283	1222	0.00018
Thioalkalivibrio nitratireducens	186931	S	850	234	1084	0.00016
Thioalkalivibrio sp. K90mix	396595	S	752	93	845	0.00013
Thioalkalivibrio versutus	106634	S	670	86	756	0.00011
Spiribacter sp. E85	2182432	S	1747	163	1910	0.00028
Spiribacter sp. 2438	2666185	S	329	35	364	0.00005
Spiribacter curvatus	1335757	S	437	25	462	0.00007
Spiribacter salinus	1335746	S	255	22	277	0.00004
Acidihalobacter aeolianus	2792603	S	737	108	845	0.00013
Acidihalobacter ferrooxydans	1765967	S	662	65	727	0.00011
Acidihalobacter yilgarnensis	2819280	S	443	34	477	0.00007
Halorhodospira halophila	1053	S	829	92	921	0.00014
Halorhodospira halochloris	1052	S	129	5	134	0.00002
Aquisalimonas sp. 2447	2740807	S	876	62	938	0.00014
Alkalilimnicola ehrlichii	351052	S	796	103	899	0.00013
Ectothiorhodospira haloalkaliphila	421628	S	314	107	421	0.00006
Ectothiorhodospira sp. BSL-9	1442136	S	295	97	392	0.00006
Ectothiorhodosinus mongolicus	233100	S	115	8	123	0.00002
Allochromatium tepidum	553982	S	708	374	1082	0.00016
Allochromatium vinosum	1049	S	575	247	822	0.00012
Candidatus Thiodictyon syntrophicum	1166950	S	1400	72	1472	0.00022
Marichromatium purpuratum	37487	S	1269	237	1506	0.00022
Thioflavicoccus mobilis	80679	S	1258	108	1366	0.00020
Thiocapsa bogorovii	521689	S	1012	53	1065	0.00016
Thiocystis violascens	73141	S	743	61	804	0.00012
Thermochromatium tepidum	1050	S	482	119	601	0.00009
Caldichromatium japonicum	2699430	S	356	40	396	0.00006
Nitrosococcus halophilus	133539	S	84	8	92	0.00001
Nitrosococcus wardiae	1814290	S	77	7	84	0.00001
Nitrosococcus oceani	1229	S	53	9	62	0.00001
Nitrosococcus watsonii	473531	S	46	9	55	0.00001
Rheinheimera sp. F8	1763998	S	58	4	62	0.00001
Rheinheimera sp. D18	2545632	S	13	10	23	0.00000
Rheinheimera mangrovi	2498451	S	28	3	31	0.00000
Candidatus Nitrosacidococcus tergens	553981	S	32	1	33	0.00000
Candidatus Nitrosoglobus terrae	1630141	S	17	1	18	0.00000
Wenzhouxiangella marina	1579979	S	948	60	1008	0.00015
Wenzhouxiangella sp. AB-CW3	2771012	S	598	27	625	0.00009
Thiohalobacter sp. COW1	2795687	S	232	480	712	0.00011
Thiohalobacter thiocyanaticus	585455	S	191	490	681	0.00010
Sulfurivermis fontis	1972068	S	920	299	1219	0.00018
Guyparkeria halophila	47960	S	908	207	1115	0.00017
Halothiobacillus sp. LS2	1860122	S	415	35	450	0.00007
Halothiobacillus neapolitanus	927	S	185	17	202	0.00003
Woeseia oceani	1548547	S	502	7	509	0.00008
Sulfuriflexus mobilis	1811807	S	186	5	191	0.00003
Granulosicoccus antarcticus	437505	S	148	2	150	0.00002
Halomonas sp. THAF5a	2587844	S	649	239	888	0.00013
Halomonas sp. 1513	1883416	S	532	115	647	0.00010
Halomonas sp. THAF12	2587849	S	493	296	789	0.00012
Halomonas sp. HG01	1609967	S	475	202	677	0.00010
Halomonas sp. YLGW01	2773308	S	469	69	538	0.00008
Halomonas sp. MCCC 1A13316	2733487	S	465	56	521	0.00008
Halomonas sp. JS92-SW72	2306583	S	386	433	819	0.00012
Halomonas sp. PGE1	2730360	S	362	490	852	0.00013
Halomonas sp. A40-4	2785909	S	159	39	198	0.00003
Halomonas sp. Y2R2	2562282	S	147	6	153	0.00002
Halomonas sp. SH5A2	2749040	S	139	21	160	0.00002
Halomonas sp. 18071143	2855441	S	86	191	277	0.00004
Halomonas sp. KO116	1504981	S	78	32	110	0.00002
Halomonas sp. SS10-MC5	2854257	S	77	780	857	0.00013
Halomonas sp. FeN2	2832500	S	70	32	102	0.00002
Halomonas sp. R57-5	1610576	S	68	29	97	0.00001
Halomonas sp. GFAJ-1	1118153	S	57	8	65	0.00001
Halomonas sp. NyZ770	2883106	S	45	204	249	0.00004
Halomonas sp. SF2003	2136172	S	43	210	253	0.00004
Halomonas sp. hl-4	1761789	S	34	218	252	0.00004
Halomonas sp. TD01	999141	S	34	18	52	0.00001
Halomonas sp. GT	1971364	S	24	17	41	0.00001
Halomonas sp. N3-2A	2014541	S	21	29	50	0.00001
Halomonas sp. HL-93	1666906	S	13	86	99	0.00001
Halomonas beimenensis	475662	S	739	134	873	0.00013
Halomonas aestuarii	1897729	S	571	113	684	0.00010
Halomonas tianxiuensis	2497861	S	501	112	613	0.00009
Halomonas socia	1081866	S	496	93	589	0.00009
Halomonas sulfidivorans	2733488	S	479	96	575	0.00009
Halomonas elongata	2746	S	400	36	436	0.00006
Halomonas chromatireducens	507626	S	332	24	356	0.00005
Halomonas subglaciescola	29571	S	253	22	275	0.00004
Halomonas meridiana	29570	S	229	172	401	0.00006
Halomonas huangheensis	1178482	S	226	10	236	0.00004
Halomonas piezotolerans	2609667	S	152	81	233	0.00003
Halomonas profundi	2852117	S	92	11	103	0.00002
Halomonas sulfidoxydans	2733484	S	63	628	691	0.00010
Halomonas hydrothermalis	115561	S	50	159	209	0.00003
Halomonas titanicae	664683	S	37	210	247	0.00004
Halomonas venusta	44935	S	25	35	60	0.00001
Cobetia sp. L2A1	2686360	S	149	17	166	0.00002
Cobetia sp. cqz5-12	2609415	S	112	161	273	0.00004
Cobetia sp. AM6	2661553	S	50	303	353	0.00005
Cobetia sp. 4B	2758724	S	37	168	205	0.00003
Cobetia pacifica	1055101	S	50	162	212	0.00003
Cobetia amphilecti	1055104	S	33	219	252	0.00004
Halotalea alkalilenta	376489	S	694	111	805	0.00012
Salinicola tamaricis	1771309	S	649	64	713	0.00011
Kushneria phosphatilytica	657387	S	198	6	204	0.00003
Kushneria konosiri	698828	S	168	42	210	0.00003
Kushneria marisflavi	157779	S	132	32	164	0.00002
Chromohalobacter salexigens	158080	S	492	46	538	0.00008
Pistricoccus aurantiacus	1883414	S	409	23	432	0.00006
Zymobacter palmae	33074	S	97	10	107	0.00002
Candidatus Portiera aleyrodidarum	91844	S	17	6	23	0.00000
Alcanivorax sp. N3-2A	2014542	S	651	648	1299	0.00019
Alcanivorax pacificus	1306787	S	460	141	601	0.00009
Alcanivorax dieselolei	285091	S	245	147	392	0.00006
Alcanivorax xenomutans	1094342	S	242	197	439	0.00007
Ketobacter alkanivorans	1917421	S	98	7	105	0.00002
Marinobacterium aestuarii	1821621	S	294	19	313	0.00005
Marinobacterium sediminicola	518898	S	141	18	159	0.00002
Marinobacterium georgiense	48076	S	111	31	142	0.00002
Marinobacterium sp. LSUCC0821	2668067	S	26	1	27	0.00000
Marinomonas sp. CT5	2066133	S	11	0	11	0.00000
Marinomonas sp. A3A	2065312	S	10	1	11	0.00000
Marinomonas sp. FW-1	2071621	S	10	2	12	0.00000
Marinomonas mediterranea	119864	S	27	2	29	0.00000
Marinomonas primoryensis	178399	S	27	3	30	0.00000
Marinomonas profundi	2726122	S	24	6	30	0.00000
Marinomonas arctica	383750	S	22	4	26	0.00000
Marinomonas algicola	2773454	S	14	2	16	0.00000
Marinomonas posidonica	936476	S	11	1	12	0.00000
Thalassolituus sp. C2-1	2597518	S	81	5	86	0.00001
Thalassolituus oleivorans	187493	S	37	10	47	0.00001
Venatorbacter cucullus	2661630	S	94	20	114	0.00002
Bacterioplanes sanyensis	1249553	S	76	4	80	0.00001
Nitrincola iocasae	2614693	S	61	8	69	0.00001
Neptunomonas phycophila	1572645	S	22	1	23	0.00000
Neptunomonas concharum	1031538	S	18	1	19	0.00000
Neptunomonas japonica	417574	S	17	1	18	0.00000
Amphritea japonica	452627	S	30	2	32	0.00000
Bermanella marisrubri	207949	S	16	0	16	0.00000
Hahella chejuensis	158327	S	176	29	205	0.00003
Hahella sp. KA22	1628392	S	169	31	200	0.00003
Saccharospirillum mangrovi	2161747	S	231	11	242	0.00004
Reinekea forsetii	1336806	S	99	4	103	0.00002
Gynuella sunshinyii	1445505	S	55	1	56	0.00001
Litoricola lipolytica	418701	S	129	5	134	0.00002
Endozoicomonas montiporae	1027273	S	45	2	47	0.00001
Oleiphilus messinensis	141451	S	31	2	33	0.00000
Spartinivicinus ruber	2683272	S	31	0	31	0.00000
Solimonas sp. K1W22B-7	2303331	S	6871	590	7461	0.00111
Flagellatimonas centrodinii	2806210	S	1064	62	1126	0.00017
Sinimarinibacterium sp. NLF-5-8	2698684	S	567	255	822	0.00012
Steroidobacter denitrificans	465721	S	2953	648	3601	0.00053
Methylococcus sp. EFPC2	2812648	S	738	46	784	0.00012
Methylococcus sp. Mc7	2860258	S	653	207	860	0.00013
Methylococcus capsulatus	414	S	627	151	778	0.00012
Methylococcus geothermalis	2681310	S	619	166	785	0.00012
Methylomonas sp. LL1	2785785	S	203	8	211	0.00003
Methylomonas sp. LW13	107637	S	88	46	134	0.00002
Methylomonas sp. DH-1	1727196	S	84	174	258	0.00004
Methylomonas sp. EFPC1	2812647	S	73	40	113	0.00002
Methylomonas koyamae	702114	S	205	228	433	0.00006
Methylomonas rhizoryzae	2608981	S	185	6	191	0.00003
Methylomonas denitrificans	1538553	S	161	11	172	0.00003
Methylomonas methanica	421	S	156	7	163	0.00002
Methylomonas paludis	1173101	S	45	1	46	0.00001
Methylocaldum marinum	1432792	S	959	48	1007	0.00015
Methylomagnum ishizawai	1760988	S	806	31	837	0.00012
Methylogaea oryzae	1295382	S	801	53	854	0.00013
Methylomicrobium album	39775	S	597	21	618	0.00009
Methylomicrobium sp. wino1	2049332	S	141	136	277	0.00004
Candidatus Methylospira mobilis	1808979	S	260	10	270	0.00004
Methylotuvimicrobium buryatense	95641	S	70	88	158	0.00002
Methylotuvimicrobium alcaliphilum	271065	S	64	95	159	0.00002
Methylovulum psychrotolerans	1704499	S	106	2	108	0.00002
Methylobacter sp. S3L5C	2839024	S	41	2	43	0.00001
Aeromonas sp. FDAARGOS 1415	2778064	S	144	71	215	0.00003
Aeromonas sp. CA23	2033032	S	114	44	158	0.00002
Aeromonas sp. ASNIH4	1636609	S	71	305	376	0.00006
Aeromonas sp. FDAARGOS 1409	2778058	S	62	86	148	0.00002
Aeromonas sp. CU5	2033033	S	47	18	65	0.00001
Aeromonas sp. ASNIH3	1636608	S	37	1537	1574	0.00023
Aeromonas sp. FDAARGOS 1405	2778054	S	20	31	51	0.00001
Aeromonas sp. FDAARGOS 1410	2778059	S	18	41	59	0.00001
Aeromonas sp. 1805	2560028	S	18	49	67	0.00001
Aeromonas sp. FDAARGOS 1407	2778056	S	18	52	70	0.00001
Aeromonas sp. ASNIH2	1636607	S	13	154	167	0.00002
Aeromonas sp. FDAARGOS 1403	2778052	S	13	38	51	0.00001
Aeromonas sp. FDAARGOS 1408	2778057	S	12	66	78	0.00001
Aeromonas hydrophila	644	S	607	1240	1847	0.00027
Aeromonas veronii	654	S	429	883	1312	0.00019
Aeromonas media	651	S	285	423	708	0.00011
Aeromonas schubertii	652	S	284	71	355	0.00005
Aeromonas encheleia	73010	S	274	84	358	0.00005
Aeromonas salmonicida	645	S	237	289	526	0.00008
Aeromonas caviae	648	S	224	1654	1878	0.00028
Aeromonas simiae	218936	S	219	194	413	0.00006
Aeromonas rivuli	648794	S	186	45	231	0.00003
Aeromonas enteropelogenes	29489	S	152	118	270	0.00004
Aeromonas jandaei	650	S	136	135	271	0.00004
Aeromonas dhakensis	196024	S	103	201	304	0.00005
Aeromonas sanarellii	633415	S	53	228	281	0.00004
Aeromonas allosaccharophila	656	S	32	48	80	0.00001
Aeromonas rivipollensis	948519	S	27	41	68	0.00001
Zobellella denitrificans	347534	S	499	105	604	0.00009
Oceanimonas sp. GK1	511062	S	238	46	284	0.00004
Dongshaea marina	2047966	S	77	6	83	0.00001
Oceanisphaera profunda	1416627	S	38	4	42	0.00001
Oceanisphaera avium	1903694	S	33	4	37	0.00001
Tolumonas auensis	43948	S	56	20	76	0.00001
Succinivibrio dextrinosolvens	83771	S	21	0	21	0.00000
Sulfurifustis variabilis	1675686	S	3676	210	3886	0.00058
Sulfuricaulis limicola	1620215	S	1567	107	1674	0.00025
Acidiferrobacter sp. SPIII_3	1281578	S	398	119	517	0.00008
Acidiferrobacter thiooxydans	163359	S	286	87	373	0.00006
Microbulbifer sp. YPW16	2904242	S	309	26	335	0.00005
Microbulbifer sp. SH-1	2681547	S	273	41	314	0.00005
Microbulbifer sp. YPW1	2745199	S	196	35	231	0.00003
Microbulbifer sp. ALW1	1516059	S	187	32	219	0.00003
Microbulbifer sp. THAF38	2587856	S	71	26	97	0.00001
Microbulbifer sp. A4B17	359370	S	69	17	86	0.00001
Microbulbifer sp. GL-2	2591606	S	54	9	63	0.00001
Microbulbifer aggregans	1769779	S	210	24	234	0.00003
Microbulbifer thermotolerans	252514	S	207	11	218	0.00003
Microbulbifer hydrolyticus	48074	S	189	36	225	0.00003
Microbulbifer celer	435905	S	168	21	189	0.00003
Microbulbifer elongatus	86173	S	136	23	159	0.00002
Microbulbifer agarilyticus	260552	S	129	14	143	0.00002
Microbulbifer variabilis	266805	S	43	17	60	0.00001
Cellvibrio sp. PSBB006	1987723	S	300	9	309	0.00005
Cellvibrio sp. KY-YJ-3	454662	S	265	35	300	0.00004
Cellvibrio sp. PSBB023	1945512	S	150	14	164	0.00002
Cellvibrio sp. KY-GH-1	2303332	S	119	9	128	0.00002
Cellvibrio japonicus	155077	S	131	9	140	0.00002
Teredinibacter turnerae	2426	S	104	3	107	0.00002
Teredinibacter haidensis	2731755	S	52	3	55	0.00001
Teredinibacter purpureus	2731756	S	33	1	34	0.00001
Simiduia agarivorans	447471	S	182	7	189	0.00003
Saccharophagus degradans	86304	S	47	1	48	0.00001
Marinagarivorans sp. GE09	2721545	S	27	1	28	0.00000
Agarilytica rhodophyticola	1737490	S	21	0	21	0.00000
Kineobactrum salinum	2708301	S	520	16	536	0.00008
Halioglobus japonicus	930805	S	191	9	200	0.00003
Halioglobus maricola	2601894	S	127	5	132	0.00002
Congregibacter litoralis	393662	S	182	60	242	0.00004
Aequoribacter fuscus	2518989	S	42	4	46	0.00001
Spongiibacter taiwanensis	1748242	S	141	5	146	0.00002
Spongiibacter nanhainus	2794344	S	128	12	140	0.00002
Spongiibacter sp. IMCC21906	1620392	S	51	11	62	0.00001
Zhongshania aliphaticivorans	1470434	S	69	3	72	0.00001
Oceanicoccus sagamiensis	716816	S	40	0	40	0.00001
Shewanella sp. FJAT-53555	2864204	S	39	35	74	0.00001
Shewanella sp. FJAT-54031	2864209	S	34	53	87	0.00001
Shewanella sp. FJAT-52076	2864202	S	30	42	72	0.00001
Shewanella sp. SNU WT4	2590015	S	25	5	30	0.00000
Shewanella sp. KX20019	2803864	S	23	2	25	0.00000
Shewanella sp. FJAT-51860	2864212	S	23	3	26	0.00000
Shewanella sp. FJAT-53681	2864205	S	20	33	53	0.00001
Shewanella sp. Arc9-LZ	2698686	S	17	7	24	0.00000
Shewanella sp. FJAT-53532	2864203	S	17	30	47	0.00001
Shewanella sp. FJAT-53870	2864208	S	16	2	18	0.00000
Shewanella sp. FJAT-52072	2864213	S	16	21	37	0.00001
Shewanella sp. FJAT-53764	2864207	S	15	24	39	0.00001
Shewanella sp. Scap07	2589987	S	14	1	15	0.00000
Shewanella sp. WE21	2029986	S	13	6	19	0.00000
Shewanella sp. FJAT-51649	2864210	S	10	15	25	0.00000
Shewanella sp. FJAT-53749	2864206	S	10	1	11	0.00000
Shewanella sp. ANA-3	94122	S	10	26	36	0.00001
Shewanella algae	38313	S	100	86	186	0.00003
Shewanella khirikhana	1965282	S	94	13	107	0.00002
Shewanella cyperi	2814292	S	82	46	128	0.00002
Shewanella litorisediminis	1173586	S	67	15	82	0.00001
Shewanella putrefaciens	24	S	48	159	207	0.00003
Shewanella baltica	62322	S	45	89	134	0.00002
Shewanella marisflavi	260364	S	45	8	53	0.00001
Shewanella dokdonensis	712036	S	40	3	43	0.00001
Shewanella yunxiaonensis	2829809	S	34	4	38	0.00001
Shewanella sedimentimangrovi	2814293	S	34	26	60	0.00001
Shewanella halifaxensis	271098	S	32	4	36	0.00001
Shewanella amazonensis	60478	S	31	7	38	0.00001
Shewanella benthica	43661	S	27	6	33	0.00000
Shewanella sediminis	271097	S	24	2	26	0.00000
Shewanella loihica	359303	S	22	39	61	0.00001
Shewanella avicenniae	2814294	S	21	2	23	0.00000
Shewanella psychropiezotolerans	2593655	S	21	3	24	0.00000
Shewanella oneidensis	70863	S	20	6	26	0.00000
Shewanella denitrificans	192073	S	19	2	21	0.00000
Shewanella psychromarinicola	2487742	S	17	2	19	0.00000
Shewanella chilikensis	558541	S	17	46	63	0.00001
Shewanella carassii	1987584	S	17	19	36	0.00001
Shewanella decolorationis	256839	S	16	18	34	0.00001
Shewanella maritima	2520507	S	15	1	16	0.00000
Shewanella inventionis	1738770	S	15	7	22	0.00000
Shewanella woodyi	60961	S	15	1	16	0.00000
Shewanella pealeana	70864	S	14	2	16	0.00000
Shewanella psychrophila	225848	S	14	1	15	0.00000
Shewanella donghaensis	238836	S	13	1	14	0.00000
Shewanella piezotolerans	404011	S	13	1	14	0.00000
Shewanella violacea	60217	S	13	2	15	0.00000
Shewanella indica	768528	S	12	17	29	0.00000
Shewanella xiamenensis	332186	S	12	62	74	0.00001
Shewanella livingstonensis	150120	S	12	2	14	0.00000
Shewanella aestuarii	1028752	S	11	3	14	0.00000
Shewanella vesiculosa	518738	S	10	2	12	0.00000
Parashewanella spongiae	342950	S	14	0	14	0.00000
Alteromonas sp. RKMC-009	2267264	S	52	17	69	0.00001
Alteromonas sp. 76-1	2358187	S	15	21	36	0.00001
Alteromonas macleodii	28108	S	55	23	78	0.00001
Alteromonas pelagimontana	1858656	S	39	4	43	0.00001
Alteromonas mediterranea	314275	S	28	7	35	0.00001
Alteromonas australica	589873	S	13	37	50	0.00001
Alteromonas naphthalenivorans	715451	S	10	7	17	0.00000
Salinimonas lutimaris	914153	S	44	7	51	0.00001
Salinimonas sediminis	2303538	S	36	7	43	0.00001
Salinimonas marina	2785918	S	34	3	37	0.00001
Salinimonas iocasae	2572577	S	19	3	22	0.00000
Hydrocarboniclastica marina	2259620	S	241	28	269	0.00004
Saliniradius amylolyticus	2183582	S	81	7	88	0.00001
Paraglaciecola sp. L1A13	2686359	S	15	0	15	0.00000
Paraglaciecola sp. L3A3	2686358	S	14	0	14	0.00000
Paraglaciecola psychrophila	326544	S	24	1	25	0.00000
Paraglaciecola mesophila	197222	S	21	1	22	0.00000
Agarivorans gilvus	680279	S	22	2	24	0.00000
Agarivorans sp. TSD2052	2937286	S	17	2	19	0.00000
Agarivorans albus	182262	S	10	12	22	0.00000
Lacimicrobium alkaliphilum	1526571	S	56	3	59	0.00001
Catenovulum sediminis	1740262	S	22	1	23	0.00000
Paraneptunicella aestuarii	2831148	S	21	1	22	0.00000
Saccharobesus litoralis	2172099	S	18	1	19	0.00000
Glaciecola nitratireducens	300231	S	14	1	15	0.00000
Pseudoalteromonas sp. R3	1709477	S	27	12	39	0.00001
Pseudoalteromonas sp. A25	116092	S	10	7	17	0.00000
Pseudoalteromonas rubra	43658	S	88	13	101	0.00001
Pseudoalteromonas viridis	339617	S	42	13	55	0.00001
Pseudoalteromonas luteoviolacea	43657	S	33	4	37	0.00001
Pseudoalteromonas shioyasakiensis	1190813	S	24	10	34	0.00001
Pseudoalteromonas xiamenensis	882626	S	23	2	25	0.00000
Pseudoalteromonas spongiae	298657	S	17	4	21	0.00000
Pseudoalteromonas piscicida	43662	S	15	27	42	0.00001
Pseudoalteromonas mariniglutinosa	206042	S	14	56	70	0.00001
Pseudoalteromonas ulvae	107327	S	13	0	13	0.00000
Pseudoalteromonas agarivorans	176102	S	12	46	58	0.00001
Pseudoalteromonas prydzensis	182141	S	10	2	12	0.00000
Psychrosphaera aestuarii	1266052	S	14	2	16	0.00000
Flocculibacter collagenilyticus	2744479	S	14	1	15	0.00000
Ferrimonas balearica	44012	S	241	27	268	0.00004
Ferrimonas lipolytica	2724191	S	23	3	26	0.00000
Thalassotalea sp. HSM 43	2552945	S	23	2	25	0.00000
Thalassotalea sp. PS06	2594005	S	20	2	22	0.00000
Thalassotalea sp. LPB0316	2769490	S	17	4	21	0.00000
Colwellia sp. PAMC 20917	1816218	S	15	2	17	0.00000
Colwellia sp. Arc7-635	2497879	S	13	3	16	0.00000
Colwellia sp. MT41	58049	S	11	2	13	0.00000
Litorilituus sediminis	718192	S	10	1	11	0.00000
Idiomarina sp. OT37-5b	2100422	S	43	8	51	0.00001
Idiomarina sp. X4	2055892	S	19	8	27	0.00000
Idiomarina loihiensis	135577	S	23	0	23	0.00000
Idiomarina abyssalis	86102	S	15	1	16	0.00000
Idiomarina piscisalsi	1096243	S	13	5	18	0.00000
Moritella marina	90736	S	11	6	17	0.00000
Psychromonas ingrahamii	357794	S	22	1	23	0.00000
Psychromonas sp. CNPT3	314282	S	12	1	13	0.00000
Vibrio parahaemolyticus	670	S	76	25	101	0.00002
Vibrio alginolyticus	663	S	36	120	156	0.00002
Vibrio rotiferianus	190895	S	22	10	32	0.00000
Vibrio campbellii	680	S	21	45	66	0.00001
Vibrio harveyi	669	S	15	7	22	0.00000
Vibrio natriegens	691	S	12	27	39	0.00001
Vibrio owensii	696485	S	11	11	22	0.00000
Vibrio sp. OG9-811	2841925	S	72	15	87	0.00001
Vibrio sp. HDW18	2714948	S	20	4	24	0.00000
Vibrio sp. THAF190c	2587865	S	15	4	19	0.00000
Vibrio sp. B1FLJ16	2751178	S	14	4	18	0.00000
Vibrio sp. SCSIO 43132	2779363	S	10	9	19	0.00000
Vibrio vulnificus	672	S	131	31	162	0.00002
Vibrio furnissii	29494	S	123	48	171	0.00003
Vibrio fluvialis	676	S	114	24	138	0.00002
Vibrio sinaloensis	379097	S	32	4	36	0.00001
Vibrio tubiashii	29498	S	12	14	26	0.00000
Vibrio cholerae	666	S	59	73	132	0.00002
Vibrio mimicus	674	S	49	17	66	0.00001
Vibrio navarrensis	29495	S	44	19	63	0.00001
Vibrio breoganii	553239	S	35	3	38	0.00001
Vibrio coralliilyticus	190893	S	29	22	51	0.00001
Vibrio alfacsensis	1074311	S	28	21	49	0.00001
Vibrio anguillarum	55601	S	27	11	38	0.00001
Vibrio scophthalmi	45658	S	25	5	30	0.00000
Vibrio algicola	2662262	S	25	3	28	0.00000
Vibrio ponticus	265668	S	25	2	27	0.00000
Vibrio gazogenes	687	S	24	3	27	0.00000
Vibrio nigripulchritudo	28173	S	24	11	35	0.00001
Vibrio metschnikovii	28172	S	24	4	28	0.00000
Vibrio tapetis	52443	S	22	1	23	0.00000
Vibrio zhugei	2479546	S	20	4	24	0.00000
Vibrio metoecus	1481663	S	20	11	31	0.00000
Vibrio splendidus	29497	S	19	10	29	0.00000
Vibrio spartinae	1918945	S	19	2	21	0.00000
Vibrio maritimus	990268	S	18	1	19	0.00000
Vibrio astriarenae	1481923	S	18	2	20	0.00000
Vibrio ziniensis	2711221	S	17	1	18	0.00000
Vibrio mediterranei	689	S	16	1	17	0.00000
Vibrio cyclitrophicus	47951	S	15	6	21	0.00000
Vibrio crassostreae	246167	S	14	11	25	0.00000
Vibrio penaeicida	104609	S	14	1	15	0.00000
Vibrio panuliri	1381081	S	14	1	15	0.00000
Vibrio kanaloae	170673	S	14	4	18	0.00000
Vibrio casei	673372	S	13	3	16	0.00000
Vibrio taketomensis	2572923	S	13	1	14	0.00000
Vibrio cidicii	1763883	S	13	9	22	0.00000
Vibrio tritonius	1435069	S	13	1	14	0.00000
Vibrio rumoiensis	76258	S	12	6	18	0.00000
Vibrio atlanticus	693153	S	12	6	18	0.00000
Vibrio cincinnatiensis	675	S	11	2	13	0.00000
Vibrio chagasii	170679	S	10	2	12	0.00000
Vibrio neptunius	170651	S	10	1	11	0.00000
Photobacterium sp. TLY01	2907534	S	52	10	62	0.00001
Photobacterium sp. GJ3	2829502	S	46	6	52	0.00001
Photobacterium damselae	38293	S	87	38	125	0.00002
Photobacterium gaetbulicola	1295392	S	65	5	70	0.00001
Photobacterium ganghwense	320778	S	62	14	76	0.00001
Photobacterium profundum	74109	S	12	1	13	0.00000
Salinivibrio kushneri	1908198	S	39	37	76	0.00001
Grimontia hollisae	673	S	32	3	35	0.00001
Aliivibrio fischeri	668	S	16	6	22	0.00000
Thaumasiovibrio subtropicus	1891207	S	16	2	18	0.00000
Immundisolibacter cernigliae	1810504	S	1534	224	1758	0.00026
Candidatus Endoriftia persephone	393765	S	455	22	477	0.00007
Candidatus Vesicomyosocius sp. SY067_SCS001	2732590	S	13	15	28	0.00000
Bathymodiolus septemdierum thioautotrophic gill symbiont	113267	S	12	3	15	0.00000
Sedimenticola thiotaurini	1543721	S	259	12	271	0.00004
Thiolapillus brandeum	1076588	S	204	5	209	0.00003
Candidatus Reidiella endopervernicosa	2738883	S	202	3	205	0.00003
Pseudohongiella spirulinae	1249552	S	98	2	100	0.00001
Gallaecimonas mangrovi	2291597	S	67	4	71	0.00001
Ignatzschineria sp. HR5S32	2923279	S	14	1	15	0.00000
Celerinatantimonas diazotrophica	412034	S	13	0	13	0.00000
Legionella pneumophila	446	S	87	28	115	0.00002
Legionella sp. MW5194	2662448	S	56	11	67	0.00001
Legionella sp. PC1000	2746060	S	14	2	16	0.00000
Legionella sp. PC997	2755562	S	14	3	17	0.00000
Legionella sainthelensi	28087	S	76	14	90	0.00001
Legionella spiritensis	452	S	67	7	74	0.00001
Legionella geestiana	45065	S	57	4	61	0.00001
Legionella longbeachae	450	S	43	19	62	0.00001
Legionella oakridgensis	29423	S	34	3	37	0.00001
Legionella anisa	28082	S	32	9	41	0.00001
Legionella israelensis	454	S	30	1	31	0.00000
Legionella lansingensis	45067	S	29	1	30	0.00000
Legionella fallonii	96230	S	26	2	28	0.00000
Legionella jordanis	456	S	25	3	28	0.00000
Legionella cherrii	28084	S	24	1	25	0.00000
Legionella adelaidensis	45056	S	23	1	24	0.00000
Legionella clemsonensis	1867846	S	21	3	24	0.00000
Legionella waltersii	66969	S	19	3	22	0.00000
Legionella hackeliae	449	S	18	3	21	0.00000
Legionella antarctica	2708020	S	17	0	17	0.00000
Tatlockia micdadei	451	S	31	1	32	0.00000
Fluoribacter dumoffii	463	S	24	3	27	0.00000
Aquicella siphonis	254247	S	184	28	212	0.00003
Aquicella lusitana	254246	S	125	21	146	0.00002
Coxiella burnetii	777	S	64	28	92	0.00001
Candidatus Coxiella mudrowiae	2054173	S	23	3	26	0.00000
Candidatus Rickettsiella viridis	676208	S	13	6	19	0.00000
Rickettsiella endosymbiont of Dermanyssus gallinae	2856608	S	13	5	18	0.00000
Acinetobacter sp. WCHAc010034	1879049	S	87	34	121	0.00002
Acinetobacter sp. 10FS3-1	2563897	S	13	10	23	0.00000
Acinetobacter sp. TTH0-4	1646498	S	11	2	13	0.00000
Acinetobacter sp. NCu2D-2	1608473	S	10	3	13	0.00000
Acinetobacter baumannii	470	S	48	304	352	0.00005
Acinetobacter calcoaceticus	471	S	13	2	15	0.00000
Acinetobacter pittii	48296	S	13	35	48	0.00001
Acinetobacter indicus	756892	S	36	30	66	0.00001
Acinetobacter johnsonii	40214	S	34	37	71	0.00001
Acinetobacter radioresistens	40216	S	32	5	37	0.00001
Acinetobacter soli	487316	S	26	3	29	0.00000
Acinetobacter lwoffii	28090	S	21	35	56	0.00001
Acinetobacter schindleri	108981	S	19	18	37	0.00001
Acinetobacter larvae	1789224	S	17	1	18	0.00000
Acinetobacter bouvetii	202951	S	16	4	20	0.00000
Acinetobacter equi	1324350	S	14	1	15	0.00000
Acinetobacter gyllenbergii	134534	S	14	1	15	0.00000
Acinetobacter variabilis	70346	S	14	25	39	0.00001
Acinetobacter junii	40215	S	12	5	17	0.00000
Acinetobacter cumulans	2136182	S	11	4	15	0.00000
Acinetobacter lanii	2715163	S	11	1	12	0.00000
Acinetobacter baylyi	202950	S	11	1	12	0.00000
Acinetobacter haemolyticus	29430	S	11	6	17	0.00000
Psychrobacter sp. P11F6	1699621	S	12	18	30	0.00000
Psychrobacter sp. KCTC 72983	2733866	S	10	41	51	0.00001
Psychrobacter arenosus	256326	S	24	3	27	0.00000
Psychrobacter urativorans	45610	S	16	7	23	0.00000
Moraxella osloensis	34062	S	62	13	75	0.00001
Moraxella bovis	476	S	21	5	26	0.00000
Moraxella cuniculi	34061	S	20	2	22	0.00000
Moraxella sp. ZY201115	2904121	S	15	1	16	0.00000
Moraxella nonliquefaciens	478	S	13	3	16	0.00000
Moraxella bovoculi	386891	S	12	20	32	0.00000
Moraxella catarrhalis	480	S	11	2	13	0.00000
Aquirhabdus parva	2283318	S	36	1	37	0.00001
Thiomicrorhabdus xiamenensis	2739063	S	50	2	52	0.00001
Thiomicrorhabdus aquaedulcis	2211106	S	35	1	36	0.00001
Thiomicrorhabdus sediminis	2580412	S	22	0	22	0.00000
Thiomicrorhabdus sp. Am19	2791037	S	14	0	14	0.00000
Methylophaga frappieri	754477	S	41	16	57	0.00001
Methylophaga nitratireducenticrescens	754476	S	35	3	38	0.00001
Methylophaga sp. TMB456	2881052	S	30	7	37	0.00001
Thiomicrospira sp. S5	1803865	S	32	36	68	0.00001
Thiomicrospira microaerophila	406020	S	25	5	30	0.00000
Thiomicrospira cyclica	147268	S	15	1	16	0.00000
Thiomicrospira aerophila	92245	S	14	3	17	0.00000
Hydrogenovibrio thermophilus	265883	S	33	37	70	0.00001
Hydrogenovibrio marinus	28885	S	15	0	15	0.00000
Piscirickettsia salmonis	1238	S	27	2	29	0.00000
Thiosulfatimonas sediminis	2675054	S	27	1	28	0.00000
Thiosulfativibrio zosterae	2675053	S	17	0	17	0.00000
Thiothrix litoralis	2891210	S	121	8	129	0.00002
Thiothrix subterranea	2735563	S	83	21	104	0.00002
Thiothrix sp. CT3	96472	S	62	19	81	0.00001
Candidatus Thiothrix anitrata	2823902	S	41	22	63	0.00001
Thiothrix unzii	111769	S	40	19	59	0.00001
Beggiatoa leptomitoformis	288004	S	40	0	40	0.00001
Francisella frigiditurris	1542390	S	15	2	17	0.00000
Francisella tularensis	263	S	14	17	31	0.00000
Salinisphaera sp. LB1	2183911	S	1001	35	1036	0.00015
endosymbiont of unidentified scaly snail isolate Monju	1248727	S	769	53	822	0.00012
Pasteurella multocida	747	S	139	291	430	0.00006
Aggregatibacter actinomycetemcomitans	714	S	40	6	46	0.00001
Aggregatibacter aphrophilus	732	S	30	14	44	0.00001
Haemophilus influenzae	727	S	23	22	45	0.00001
Haemophilus parainfluenzae	729	S	23	6	29	0.00000
Actinobacillus sp. GY-402	2774188	S	34	14	48	0.00001
Actinobacillus pleuropneumoniae	715	S	12	14	26	0.00000
Actinobacillus porcitonsillarum	189834	S	12	4	16	0.00000
Mannheimia haemolytica	75985	S	16	5	21	0.00000
Mannheimia ovis	2679994	S	10	26	36	0.00001
Avibacterium paragallinarum	728	S	11	6	17	0.00000
Rodentibacter haemolyticus	2778911	S	18	1	19	0.00000
Glaesserella parasuis	738	S	17	13	30	0.00000
Bibersteinia trehalosi	47735	S	18	4	22	0.00000
Cardiobacterium hominis	2718	S	269	42	311	0.00005
Cardiobacterium sp. Marseille-Q4385	2866573	S	202	29	231	0.00003
Suttonella sp. R2A3	2908648	S	31	1	32	0.00000
Dichelobacter nodosus	870	S	30	5	35	0.00001
Kangiella koreensis	261964	S	42	3	45	0.00001
Kangiella profundi	1561924	S	27	4	31	0.00000
Kangiella geojedonensis	914150	S	19	1	20	0.00000
Kangiella sediminilitoris	1144748	S	15	0	15	0.00000
Gilliamella sp. ESL0405	2704653	S	13	2	15	0.00000
Zophobihabitans entericus	1635327	S	13	0	13	0.00000
Cupriavidus sp. MP-37	2884455	S	15501	10922	26423	0.00392
Cupriavidus sp. EM10	2839983	S	2431	1041	3472	0.00051
Cupriavidus sp. ISTL7	2771360	S	458	1907	2365	0.00035
Cupriavidus sp. KK10	1478019	S	294	558	852	0.00013
Cupriavidus sp. USMAHM13	1389192	S	143	684	827	0.00012
Cupriavidus sp. USMAA2-4	876364	S	138	673	811	0.00012
Cupriavidus pauculus	82633	S	15089	5014	20103	0.00298
Cupriavidus taiwanensis	164546	S	12665	7041	19706	0.00292
Cupriavidus oxalaticus	96344	S	8286	2695	10981	0.00163
Cupriavidus campinensis	151783	S	4782	1323	6105	0.00090
Cupriavidus necator	106590	S	3634	2065	5699	0.00084
Cupriavidus basilensis	68895	S	3490	1448	4938	0.00073
Cupriavidus metallidurans	119219	S	2935	1409	4344	0.00064
Cupriavidus pinatubonensis	248026	S	2148	289	2437	0.00036
Cupriavidus gilardii	82541	S	1890	6762	8652	0.00128
Cupriavidus nantongensis	1796606	S	1090	2091	3181	0.00047
Cupriavidus neocaledonicus	1040979	S	814	664	1478	0.00022
Cupriavidus malaysiensis	367825	S	155	656	811	0.00012
Burkholderia multivorans	87883	S	3024	1216	4240	0.00063
Burkholderia ubonensis	101571	S	3002	1990	4992	0.00074
Burkholderia cenocepacia	95486	S	2201	6973	9174	0.00136
Burkholderia cepacia	292	S	1941	1811	3752	0.00056
Burkholderia pyrrocinia	60550	S	1193	686	1879	0.00028
Burkholderia contaminans	488447	S	1054	707	1761	0.00026
Burkholderia ambifaria	152480	S	1031	1646	2677	0.00040
Burkholderia stagnalis	1503054	S	975	328	1303	0.00019
Burkholderia anthina	179879	S	875	754	1629	0.00024
Burkholderia dolosa	152500	S	865	271	1136	0.00017
Burkholderia stabilis	95485	S	811	572	1383	0.00021
Burkholderia lata	482957	S	801	810	1611	0.00024
Burkholderia territorii	1503055	S	661	326	987	0.00015
Burkholderia seminalis	488731	S	535	262	797	0.00012
Burkholderia vietnamiensis	60552	S	519	1338	1857	0.00028
Burkholderia metallica	488729	S	397	201	598	0.00009
Burkholderia diffusa	488732	S	326	167	493	0.00007
Burkholderia pseudomultivorans	1207504	S	221	297	518	0.00008
Burkholderia latens	488446	S	181	503	684	0.00010
Burkholderia aenigmatica	2015348	S	123	286	409	0.00006
Burkholderia pseudomallei	28450	S	1299	10313	11612	0.00172
Burkholderia thailandensis	57975	S	1006	1229	2235	0.00033
Burkholderia mayonis	1385591	S	951	185	1136	0.00017
Burkholderia oklahomensis	342113	S	626	211	837	0.00012
Burkholderia savannae	1637837	S	154	153	307	0.00005
Burkholderia sp. MSMB617WGS	1637831	S	63	127	190	0.00003
Burkholderia mallei	13373	S	44	340	384	0.00006
Burkholderia sp. MSMB1588	1636423	S	42	92	134	0.00002
Burkholderia sp. DHOD12	2571746	S	1672	154	1826	0.00027
Burkholderia sp. Bp7605	1740163	S	952	114	1066	0.00016
Burkholderia sp. NRF60-BP8	1637853	S	324	160	484	0.00007
Burkholderia sp. LA-2-3-30-S1-D2	1637862	S	316	175	491	0.00007
Burkholderia sp. JP2-270	2217913	S	309	192	501	0.00007
Burkholderia sp. MSMB0856	1637869	S	276	168	444	0.00007
Burkholderia sp. PAMC 26561	1795043	S	235	329	564	0.00008
Burkholderia sp. MS455	2811788	S	218	150	368	0.00005
Burkholderia sp. PAMC 28687	1795874	S	157	340	497	0.00007
Burkholderia sp. IDO3	1705310	S	112	156	268	0.00004
Burkholderia sp. KBS0801	1179675	S	74	151	225	0.00003
Burkholderia sp. LAS2	2813843	S	67	333	400	0.00006
Burkholderia sp. MS389	2811789	S	23	185	208	0.00003
Burkholderia sp. MBR-1	2732364	S	22	96	118	0.00002
Burkholderia sp. KJ006	416344	S	19	130	149	0.00002
Burkholderia gladioli	28095	S	3754	994	4748	0.00070
Burkholderia glumae	337	S	1390	28760	30150	0.00447
Burkholderia plantarii	41899	S	976	321	1297	0.00019
Burkholderia perseverans	2615214	S	793	281	1074	0.00016
Paraburkholderia sp. SOS3	1926494	S	1248	165	1413	0.00021
Paraburkholderia sp. PGU16	2735433	S	733	384	1117	0.00017
Paraburkholderia sp. PGU19	2735434	S	570	471	1041	0.00015
Paraburkholderia pallida	2547399	S	1692	274	1966	0.00029
Paraburkholderia caribensis	75105	S	1689	1214	2903	0.00043
Paraburkholderia aromaticivorans	2026199	S	1457	576	2033	0.00030
Paraburkholderia acidisoli	2571748	S	1456	233	1689	0.00025
Paraburkholderia tropica	92647	S	1361	272	1633	0.00024
Paraburkholderia acidiphila	2571747	S	1294	225	1519	0.00023
Paraburkholderia phenoliruptrix	252970	S	1275	342	1617	0.00024
Paraburkholderia phymatum	148447	S	1267	301	1568	0.00023
Paraburkholderia terricola	169427	S	1207	329	1536	0.00023
Paraburkholderia edwinii	2861782	S	1187	147	1334	0.00020
Paraburkholderia graminis	60548	S	1115	252	1367	0.00020
Paraburkholderia phytofirmans	261302	S	1103	447	1550	0.00023
Paraburkholderia atlantica	2654982	S	1075	238	1313	0.00019
Paraburkholderia sprentiae	948107	S	1003	200	1203	0.00018
Paraburkholderia fungorum	134537	S	989	214	1203	0.00018
Paraburkholderia megapolitana	420953	S	917	76	993	0.00015
Paraburkholderia terrae	311230	S	879	981	1860	0.00028
Paraburkholderia caledonica	134536	S	834	137	971	0.00014
Paraburkholderia ginsengisoli	311231	S	811	226	1037	0.00015
Paraburkholderia hospita	169430	S	763	844	1607	0.00024
Paraburkholderia caffeinilytica	1761016	S	686	167	853	0.00013
Paraburkholderia dokdonella	2211211	S	677	162	839	0.00012
Paraburkholderia xenovorans	36873	S	661	740	1401	0.00021
Paraburkholderia dioscoreae	2604047	S	469	302	771	0.00011
Ralstonia solanacearum	305	S	3304	23982	27286	0.00404
Ralstonia insidiosa	190721	S	986	573	1559	0.00023
Ralstonia mannitolilytica	105219	S	732	612	1344	0.00020
Ralstonia pickettii	329	S	673	207	880	0.00013
Ralstonia sp. 56D2	2842456	S	564	68	632	0.00009
Ralstonia syzygii	28097	S	46	147	193	0.00003
Ralstonia pseudosolanacearum	1310165	S	11	158	169	0.00003
Pandoraea pnomenusa	93220	S	1302	546	1848	0.00027
Pandoraea thiooxydans	445709	S	1109	77	1186	0.00018
Pandoraea pulmonicola	93221	S	1005	210	1215	0.00018
Pandoraea norimbergensis	93219	S	749	113	862	0.00013
Pandoraea vervacti	656178	S	726	212	938	0.00014
Pandoraea sp. XY-2	2518599	S	724	327	1051	0.00016
Pandoraea faecigallinarum	656179	S	682	185	867	0.00013
Pandoraea apista	93218	S	563	275	838	0.00012
Pandoraea fibrosis	1891094	S	562	191	753	0.00011
Pandoraea oxalativorans	573737	S	556	274	830	0.00012
Pandoraea sputorum	93222	S	495	228	723	0.00011
Caballeronia sp. Lep1P3	2878150	S	1098	244	1342	0.00020
Caballeronia sp. TF1N1	2878153	S	880	93	973	0.00014
Caballeronia sp. SL2Y3	2878151	S	531	291	822	0.00012
Caballeronia sp. Sq4a	2878152	S	465	329	794	0.00012
Caballeronia sp. M1242	2814653	S	459	316	775	0.00011
Caballeronia sp. SBC1	2705548	S	56	659	715	0.00011
Caballeronia sp. SBC2	2705547	S	42	353	395	0.00006
Caballeronia zhejiangensis	871203	S	1251	278	1529	0.00023
Caballeronia insecticola	758793	S	1136	226	1362	0.00020
Caballeronia grimmiae	1071679	S	964	432	1396	0.00021
Lautropia mirabilis	47671	S	899	138	1037	0.00015
Polynucleobacter sp. MWH-CaK5	2689107	S	27	1	28	0.00000
Polynucleobacter sp. AP-Nino-20-G2	2576917	S	26	9	35	0.00001
Polynucleobacter sp. MWH-UH24A	2689110	S	24	1	25	0.00000
Polynucleobacter sp. MWH-UH21B	1743174	S	22	5	27	0.00000
Polynucleobacter sp. MWH-P3-07-1	1743173	S	21	4	25	0.00000
Polynucleobacter sp. AP-Melu-1000-A1	2081042	S	21	11	32	0.00000
Polynucleobacter sp. MWH-UH2A	1855617	S	19	4	23	0.00000
Polynucleobacter sp. JS-Mosq-20-D10	2576922	S	16	8	24	0.00000
Polynucleobacter sp. MWH-UH35A	1855619	S	16	3	19	0.00000
Polynucleobacter sp. VK25	1758398	S	16	5	21	0.00000
Polynucleobacter sp. JS-JIR-II-50	2576919	S	14	9	23	0.00000
Polynucleobacter sp. MWH-Braz-FAM2G	1855883	S	14	2	16	0.00000
Polynucleobacter sp. AP-Jannik-300A-C4	2576928	S	13	17	30	0.00000
Polynucleobacter sp. LimPoW16	1743162	S	13	0	13	0.00000
Polynucleobacter sp. MWH-Svant-W18	1855909	S	13	3	16	0.00000
Polynucleobacter sp. MWH-S4W17	1855910	S	13	8	21	0.00000
Polynucleobacter sp. Adler-ghost	2770234	S	12	7	19	0.00000
Polynucleobacter sp. AP-Ainpum-60-G11	2576926	S	12	4	16	0.00000
Polynucleobacter sp. TSB-Sco08W16	1758374	S	12	2	14	0.00000
Polynucleobacter sp. JS-JIR-II-b4	1758390	S	12	8	20	0.00000
Polynucleobacter sp. es-MAR-2	1819725	S	12	3	15	0.00000
Polynucleobacter sp. MWH-Spelu-300-X4	2689109	S	11	0	11	0.00000
Polynucleobacter sp. MG-6-Vaara-E2	2576932	S	11	2	13	0.00000
Polynucleobacter sp. MWH-UH25E	1855616	S	11	2	13	0.00000
Polynucleobacter necessarius	576610	S	106	26	132	0.00002
Polynucleobacter asymbioticus	576611	S	39	8	47	0.00001
Polynucleobacter difficilis	556054	S	35	3	38	0.00001
Polynucleobacter acidiphobus	556053	S	32	2	34	0.00001
Polynucleobacter wuianus	1743168	S	13	5	18	0.00000
Polynucleobacter paneuropaeus	2527775	S	13	2	15	0.00000
Chitinimonas arctica	2594795	S	605	42	647	0.00010
Mycetohabitans rhizoxinica	412963	S	543	32	575	0.00009
Mycoavidus sp. HKI	2840467	S	77	5	82	0.00001
Mycoavidus sp. B2-EB	2651972	S	35	5	40	0.00001
Mycoavidus cysteinexigens	1553431	S	38	4	42	0.00001
Limnobacter sp. SAORIC-580	2732163	S	100	4	104	0.00002
Candidatus Vallotia tarda	1177213	S	19	3	22	0.00000
Candidatus Vallotia cooleyia	1177211	S	17	1	18	0.00000
Candidatus Vallotia lariciata	2018052	S	13	5	18	0.00000
Ephemeroptericola cinctiostellae	2268024	S	48	2	50	0.00001
Variovorax sp. HW608	1034889	S	4310	675	4985	0.00074
Variovorax sp. PBS-H4	434008	S	2397	1426	3823	0.00057
Variovorax sp. PBL-H6	434009	S	2391	2166	4557	0.00068
Variovorax sp. RA8	662548	S	2279	1649	3928	0.00058
Variovorax sp. WDL1	207745	S	2223	3023	5246	0.00078
Variovorax sp. PAMC 28711	1795631	S	1934	311	2245	0.00033
Variovorax sp. RKNM96	2681552	S	1714	674	2388	0.00035
Variovorax sp. PAMC26660	2762322	S	1457	369	1826	0.00027
Variovorax sp. PAMC28562	2762323	S	1375	110	1485	0.00022
Variovorax sp. SRS16	282217	S	1125	2448	3573	0.00053
Variovorax sp. PBL-E5	434014	S	964	2431	3395	0.00050
Variovorax sp. 38R	2774875	S	933	1202	2135	0.00032
Variovorax sp. PDNC026	2811425	S	44	1691	1735	0.00026
Variovorax sp. PMC12	2126319	S	17	839	856	0.00013
Variovorax paradoxus	34073	S	9146	7916	17062	0.00253
Variovorax boronicumulans	436515	S	1296	1008	2304	0.00034
Acidovorax sp. JMULE5	2518343	S	3236	946	4182	0.00062
Acidovorax sp. KKS102	358220	S	2365	1600	3965	0.00059
Acidovorax sp. RAC01	1842533	S	1790	1367	3157	0.00047
Acidovorax sp. YS12	2738413	S	1638	1306	2944	0.00044
Acidovorax sp. 1608163	2478662	S	1280	280	1560	0.00023
Acidovorax sp. HDW3	2714923	S	784	497	1281	0.00019
Acidovorax sp. T1	1858609	S	696	2263	2959	0.00044
Acidovorax avenae	80867	S	2922	2005	4927	0.00073
Acidovorax monticola	1926868	S	2038	837	2875	0.00043
Acidovorax antarcticus	2743470	S	1458	981	2439	0.00036
Acidovorax carolinensis	553814	S	1271	1081	2352	0.00035
Acidovorax radicis	758826	S	1152	243	1395	0.00021
Acidovorax citrulli	80869	S	867	886	1753	0.00026
Acidovorax cattleyae	80868	S	696	547	1243	0.00018
Ramlibacter tataouinensis	94132	S	20384	8080	28464	0.00422
Hydrogenophaga sp. BA0156	2716225	S	2461	1686	4147	0.00061
Hydrogenophaga sp. YM1	2806262	S	2247	1146	3393	0.00050
Hydrogenophaga sp. PBC	795665	S	2133	2265	4398	0.00065
Hydrogenophaga sp. BPS33	2651974	S	2029	1518	3547	0.00053
Hydrogenophaga sp. SL48	2806347	S	1569	382	1951	0.00029
Hydrogenophaga sp. PBL-H3	434010	S	1328	1166	2494	0.00037
Hydrogenophaga sp. RAC07	1842537	S	1242	456	1698	0.00025
Hydrogenophaga sp. NH-16	2184519	S	623	1426	2049	0.00030
Hydrogenophaga sp. PAMC20947	2565558	S	603	39	642	0.00010
Hydrogenophaga taeniospiralis	65656	S	1429	417	1846	0.00027
Hydrogenophaga pseudoflava	47421	S	587	1091	1678	0.00025
Hydrogenophaga crassostreae	1763535	S	536	32	568	0.00008
Rhodoferax sp. BAB1	2741720	S	1899	522	2421	0.00036
Rhodoferax sp. AJA081-3	2752316	S	575	40	615	0.00009
Rhodoferax sp. PAMC 29310	2822760	S	335	35	370	0.00005
Rhodoferax sp. MIZ03	2798804	S	261	24	285	0.00004
Rhodoferax koreense	1842727	S	2490	1155	3645	0.00054
Rhodoferax sediminis	2509614	S	2199	335	2534	0.00038
Rhodoferax ferrireducens	192843	S	715	47	762	0.00011
Rhodoferax saidenbachensis	1484693	S	615	67	682	0.00010
Rhodoferax antarcticus	81479	S	321	23	344	0.00005
Rhodoferax aquaticus	2527691	S	173	16	189	0.00003
Comamonas sp. NLF-7-7	2597701	S	1027	803	1830	0.00027
Comamonas sp. NLF-1-9	2853163	S	895	523	1418	0.00021
Comamonas sp. B21-038	2918299	S	469	119	588	0.00009
Comamonas sp. Y33R10-2	2853257	S	141	24	165	0.00002
Comamonas aquatica	225991	S	1253	1124	2377	0.00035
Comamonas serinivorans	1082851	S	1215	309	1524	0.00023
Comamonas testosteroni	285	S	695	977	1672	0.00025
Comamonas odontotermitis	379895	S	484	89	573	0.00008
Comamonas koreensis	160825	S	450	268	718	0.00011
Comamonas piscis	1562974	S	385	76	461	0.00007
Comamonas thiooxydans	363952	S	358	796	1154	0.00017
Comamonas kerstersii	225992	S	288	141	429	0.00006
Comamonas fluminis	2796366	S	274	107	381	0.00006
Schlegelella thermodepolymerans	215580	S	3682	1597	5279	0.00078
Schlegelella brevitalea	413882	S	2775	360	3135	0.00046
Diaphorobacter sp. HDW4A	2714924	S	888	772	1660	0.00025
Diaphorobacter sp. HDW4B	2714925	S	816	102	918	0.00014
Diaphorobacter sp. MNS-0	2866628	S	98	808	906	0.00013
Diaphorobacter sp. JS3051	2792224	S	78	1181	1259	0.00019
Diaphorobacter sp. JS3050	2735554	S	72	776	848	0.00013
Diaphorobacter ruginosibacter	1715720	S	1116	202	1318	0.00020
Diaphorobacter aerolatus	1288495	S	887	1171	2058	0.00031
Diaphorobacter nitroreducens	164759	S	152	446	598	0.00009
[Acidovorax] ebreus	721785	S	145	801	946	0.00014
Delftia tsuruhatensis	180282	S	1036	2624	3660	0.00054
Delftia acidovorans	80866	S	845	1518	2363	0.00035
Delftia lacustris	558537	S	350	1832	2182	0.00032
Delftia sp. Cs1-4	742013	S	83	195	278	0.00004
Delftia sp. HK171	1920191	S	67	182	249	0.00004
Polaromonas sp. JS666	296591	S	1699	1580	3279	0.00049
Polaromonas naphthalenivorans	216465	S	1201	183	1384	0.00021
Polaromonas vacuolata	37448	S	118	11	129	0.00002
Kinneretia sp. DAIF2	2714952	S	2633	825	3458	0.00051
Kinneretia sp. XES5	2877940	S	876	859	1735	0.00026
Ottowia sp. 27C	2816950	S	1604	303	1907	0.00028
Ottowia sp. oral taxon 894	1658672	S	543	72	615	0.00009
Ottowia oryzae	2109914	S	1096	238	1334	0.00020
Alicycliphilus denitrificans	179636	S	2734	4193	6927	0.00103
Melaminivora sp. SC2-9	2109913	S	1358	1471	2829	0.00042
Melaminivora jejuensis	1267217	S	985	714	1699	0.00025
Serpentinimonas maccroryi	1458426	S	738	246	984	0.00015
Serpentinimonas raichei	1458425	S	573	206	779	0.00012
Hylemonella gracilis	80880	S	1300	177	1477	0.00022
Verminephrobacter eiseniae	364317	S	1202	143	1345	0.00020
Pulveribacter suum	2116657	S	1102	567	1669	0.00025
Simplicispira suum	2109915	S	820	293	1113	0.00016
Limnohabitans sp. 63ED37-2	1678128	S	378	40	418	0.00006
Limnohabitans sp. 103DPR2	1678129	S	140	10	150	0.00002
Curvibacter sp. AEP1-3	1844971	S	363	25	388	0.00006
Candidatus Symbiobacter mobilis	1436290	S	316	9	325	0.00005
Massilia sp. WG5	1707785	S	2575	1123	3698	0.00055
Massilia sp. HC52	2852099	S	2310	616	2926	0.00043
Massilia sp. DM-R-R2A-13	2899220	S	1992	424	2416	0.00036
Massilia sp. LPB0304	2769491	S	1670	403	2073	0.00031
Massilia sp. YMA4	1593482	S	1430	751	2181	0.00032
Massilia sp. NP310	2861282	S	1366	910	2276	0.00034
Massilia sp. PAMC28688	2861283	S	1091	162	1253	0.00019
Massilia sp. MB5	2919578	S	273	1036	1309	0.00019
Massilia sp. NR 4-1	1678028	S	258	946	1204	0.00018
Massilia sp. Dwa41.01b	2709302	S	21	823	844	0.00013
Massilia sp. Se16.2.3	2709303	S	21	831	852	0.00013
Massilia putida	1141883	S	4465	1415	5880	0.00087
Massilia flava	871742	S	2378	563	2941	0.00044
Massilia violaceinigra	2045208	S	2322	664	2986	0.00044
Massilia albidiflava	321983	S	1487	591	2078	0.00031
Massilia lutea	321985	S	1468	443	1911	0.00028
Massilia umbonata	864828	S	1465	583	2048	0.00030
Massilia plicata	321984	S	1397	356	1753	0.00026
Massilia armeniaca	2072590	S	1296	690	1986	0.00029
Massilia oculi	945844	S	1218	795	2013	0.00030
Massilia antarctica	2765360	S	1004	387	1391	0.00021
Duganella sp. GN2-R2	2728020	S	1857	768	2625	0.00039
Duganella sp. AF9R3	2728021	S	1196	244	1440	0.00021
Janthinobacterium sp. 17J80-10	2497863	S	795	108	903	0.00013
Janthinobacterium sp. 1_2014MBL_MicDiv	1644131	S	704	260	964	0.00014
Janthinobacterium sp. LM6	1938606	S	334	215	549	0.00008
Janthinobacterium sp. PAMC25594	2861284	S	251	161	412	0.00006
Janthinobacterium sp. Marseille	375286	S	244	58	302	0.00004
Janthinobacterium sp. HH102	1537274	S	148	244	392	0.00006
Janthinobacterium sp. B9-8	1236179	S	73	19	92	0.00001
Janthinobacterium agaricidamnosum	55508	S	1017	1685	2702	0.00040
Janthinobacterium lividum	29581	S	229	244	473	0.00007
Janthinobacterium svalbardensis	368607	S	212	110	322	0.00005
Janthinobacterium tructae	2590869	S	209	112	321	0.00005
Herbaspirillum robiniae	2014887	S	1203	427	1630	0.00024
Herbaspirillum frisingense	92645	S	901	301	1202	0.00018
Herbaspirillum seropedicae	964	S	801	313	1114	0.00017
Herbaspirillum hiltneri	341045	S	779	129	908	0.00013
Herbaspirillum rubrisubalbicans	80842	S	714	359	1073	0.00016
Herbaspirillum huttiense	863372	S	505	215	720	0.00011
Herbaspirillum sp. meg3	2025949	S	437	48	485	0.00007
Collimonas fungivorans	158899	S	1003	274	1277	0.00019
Collimonas arenae	279058	S	707	90	797	0.00012
Collimonas pratensis	279113	S	689	141	830	0.00012
Noviherbaspirillum sp. UKPF54	2601898	S	1932	300	2232	0.00033
Undibacterium sp. YM2	2058625	S	86	34	120	0.00002
Undibacterium sp. KW1	2058624	S	78	31	109	0.00002
Undibacterium parvum	401471	S	106	12	118	0.00002
Glaciimonas sp. PAMC28666	2807626	S	137	8	145	0.00002
Herminiimonas arsenitoxidans	1809410	S	134	21	155	0.00002
Oxalobacter formigenes	847	S	83	6	89	0.00001
Bordetella bronchialis	463025	S	11336	1419	12755	0.00189
Bordetella sp. H567	1697043	S	1434	161	1595	0.00024
Bordetella sp. N	1746199	S	1088	119	1207	0.00018
Bordetella genomosp. 13	463040	S	1513	902	2415	0.00036
Bordetella genomosp. 8	1416806	S	1465	165	1630	0.00024
Bordetella genomosp. 9	1416803	S	1346	297	1643	0.00024
Bordetella flabilis	463014	S	1296	103	1399	0.00021
Bordetella petrii	94624	S	1057	1208	2265	0.00034
Bordetella hinzii	103855	S	1034	408	1442	0.00021
Bordetella trematum	123899	S	764	291	1055	0.00016
Bordetella pseudohinzii	1331258	S	577	243	820	0.00012
Bordetella bronchiseptica	518	S	534	2561	3095	0.00046
Bordetella holmesii	35814	S	369	120	489	0.00007
Bordetella avium	521	S	342	37	379	0.00006
Bordetella genomosp. 6	463024	S	169	365	534	0.00008
Bordetella pertussis	520	S	119	1305	1424	0.00021
Bordetella parapertussis	519	S	62	925	987	0.00015
Achromobacter xylosoxidans	85698	S	3402	5447	8849	0.00131
Achromobacter sp. AONIH1	1758194	S	1170	1244	2414	0.00036
Achromobacter sp. MFA1 R4	1881016	S	921	276	1197	0.00018
Achromobacter sp. 77	2756133	S	172	464	636	0.00009
Achromobacter sp. ES-001	2860286	S	145	420	565	0.00008
Achromobacter sp. B7	2282475	S	127	278	405	0.00006
Achromobacter spanius	217203	S	1729	650	2379	0.00035
Achromobacter denitrificans	32002	S	1649	1191	2840	0.00042
Achromobacter deleyi	1353891	S	1207	845	2052	0.00030
Achromobacter insolitus	217204	S	1107	310	1417	0.00021
Achromobacter pestifer	1353889	S	681	449	1130	0.00017
Achromobacter mucicolens	1389922	S	239	396	635	0.00009
Achromobacter ruhlandii	72557	S	11	535	546	0.00008
Pigmentiphaga sp. H8	2488560	S	2281	269	2550	0.00038
Pigmentiphaga aceris	1940612	S	621	38	659	0.00010
Castellaniella defragrans	75697	S	1366	767	2133	0.00032
Orrella dioscoreae	1851544	S	1117	354	1471	0.00022
Orrella marina	2163011	S	124	22	146	0.00002
Orrella sp. f23	2782176	S	76	6	82	0.00001
Alcaligenes faecalis	511	S	309	285	594	0.00009
Alcaligenes sp. SORT26	2813780	S	79	15	94	0.00001
Alcaligenes aquatilis	323284	S	53	192	245	0.00004
Pusillimonas thiosulfatoxidans	2028345	S	319	79	398	0.00006
Pusillimonas sp. T7-7	1007105	S	185	25	210	0.00003
Pusillimonas sp. DMV24BSW_D	2716226	S	105	7	112	0.00002
Paralcaligenes sp. KSB-10	2901142	S	406	16	422	0.00006
Kerstersia gyiorum	206506	S	389	72	461	0.00007
Advenella mimigardefordensis	302406	S	160	11	171	0.00003
Advenella kashmirensis	310575	S	146	11	157	0.00002
Oligella ureolytica	90244	S	23	15	38	0.00001
Oligella urethralis	90245	S	21	2	23	0.00000
Paenalcaligenes hominis	643674	S	30	1	31	0.00000
Basilea psittacipulmonis	1472345	S	16	1	17	0.00000
Pelistega ratti	2652177	S	10	1	11	0.00000
Rhizobacter sp. AJA081-3	2753607	S	3241	802	4043	0.00060
Rhizobacter gummiphilus	946333	S	3112	583	3695	0.00055
Sphaerotilus sp. FB-5	2914710	S	2306	1284	3590	0.00053
Sphaerotilus natans	34103	S	1871	712	2583	0.00038
Methylibium petroleiphilum	105560	S	1171	1085	2256	0.00033
Methylibium sp. Pch-M	2082386	S	1142	1042	2184	0.00032
Rubrivivax gelatinosus	28068	S	3227	977	4204	0.00062
Thiomonas sp. X19	1050370	S	1124	406	1530	0.00023
Thiomonas intermedia	926	S	685	88	773	0.00011
Thiomonas arsenitoxydans	426114	S	260	442	702	0.00010
Aquincola tertiaricarbonis	391953	S	2809	902	3711	0.00055
Mitsuaria sp. 7	1658665	S	2593	499	3092	0.00046
Leptothrix cholodnii	34029	S	2310	721	3031	0.00045
Xylophilus rhododendri	2697032	S	1907	498	2405	0.00036
Ideonella dechloratans	36863	S	1586	865	2451	0.00036
Tepidimonas taiwanensis	307486	S	1344	431	1775	0.00026
Aquabacterium olei	1296669	S	1131	279	1410	0.00021
Roseateles depolymerans	76731	S	1072	197	1269	0.00019
Inhella inkyongensis	392593	S	766	114	880	0.00013
Paucibacter sp. KCTC 42545	1768242	S	701	112	813	0.00012
Candidatus Ichthyocystis hellenicum	1561003	S	20	0	20	0.00000
Sutterella megalosphaeroides	2494234	S	431	91	522	0.00008
Sutterella faecalis	2584944	S	329	64	393	0.00006
Sutterella wadsworthensis	40545	S	149	24	173	0.00003
Turicimonas muris	1796652	S	67	4	71	0.00001
Thauera sp. K11	2005884	S	1877	1064	2941	0.00044
Thauera sp. MZ1T	85643	S	1831	1653	3484	0.00052
Thauera humireducens	1134435	S	1194	649	1843	0.00027
Thauera chlorobenzoica	96773	S	946	868	1814	0.00027
Thauera aromatica	59405	S	849	1081	1930	0.00029
Thauera hydrothermalis	2184083	S	561	142	703	0.00010
Azoarcus sp. KH32C	748247	S	2054	366	2420	0.00036
Azoarcus sp. DD4	2027405	S	1456	870	2326	0.00034
Azoarcus olearius	418699	S	1849	664	2513	0.00037
Azoarcus communis	41977	S	1214	402	1616	0.00024
Nitrogeniibacter mangrovi	2016596	S	1491	297	1788	0.00027
Nitrogeniibacter aestuarii	2815343	S	632	65	697	0.00010
Aromatoleum petrolei	76116	S	1867	464	2331	0.00035
Aromatoleum aromaticum	551760	S	1425	938	2363	0.00035
Aromatoleum pumilum	2067960	S	1335	443	1778	0.00026
Aromatoleum bremense	76115	S	1266	689	1955	0.00029
Azospira restricta	404405	S	3382	1555	4937	0.00073
Azospira inquinata	2785627	S	236	18	254	0.00004
Azospira sp. I09	1765049	S	218	633	851	0.00013
Azospira oryzae	146939	S	169	441	610	0.00009
Niveibacterium microcysteis	2811415	S	1256	166	1422	0.00021
Oryzomicrobium terrae	1735038	S	799	201	1000	0.00015
Rugosibacter aromaticivorans	1565605	S	235	34	269	0.00004
Dechloromonas denitrificans	281362	S	1196	270	1466	0.00022
Dechloromonas sp. HYN0024	2231055	S	326	62	388	0.00006
Dechloromonas sp. TW-R-39-2	2654218	S	195	75	270	0.00004
Ferribacterium limneticum	76259	S	1528	246	1774	0.00026
Quatrionicoccus australiensis	138118	S	646	186	832	0.00012
Fluviibacter phosphoraccumulans	1751046	S	137	42	179	0.00003
Usitatibacter rugosus	2732067	S	8178	924	9102	0.00135
Usitatibacter palustris	2732487	S	6343	762	7105	0.00105
Denitratisoma sp. DHT3	1981880	S	1205	793	1998	0.00030
Denitratisoma oestradiolicum	311182	S	566	93	659	0.00010
Sulfuritalea hydrogenivorans	748811	S	1470	219	1689	0.00025
Methyloversatilis sp. RAC08	1842540	S	1248	155	1403	0.00021
Sterolibacterium denitrificans	157592	S	1009	244	1253	0.00019
Nitrosomonas communis	44574	S	1496	36	1532	0.00023
Nitrosomonas ureae	44577	S	276	8	284	0.00004
Nitrosomonas europaea	915	S	87	11	98	0.00001
Nitrosomonas eutropha	916	S	67	33	100	0.00001
Nitrosomonas stercoris	1444684	S	27	12	39	0.00001
Nitrosospira multiformis	1231	S	356	11	367	0.00005
Nitrosospira lacus	1288494	S	295	10	305	0.00005
Nitrosospira sp. NRS527	155925	S	124	93	217	0.00003
Nitrosospira briensis	35799	S	110	88	198	0.00003
Thiobacillus denitrificans	36861	S	1729	315	2044	0.00030
Sulfuritortus calidifontis	1914471	S	1206	470	1676	0.00025
Sideroxydans sp. MIZ01	2764705	S	708	148	856	0.00013
Sideroxydans lithotrophicus	63745	S	526	81	607	0.00009
Ferrigenium kumadai	1682490	S	847	167	1014	0.00015
Ferriphaselus amnicola	1188319	S	286	37	323	0.00005
Candidatus Nitrotoga arctica	453162	S	108	39	147	0.00002
Candidatus Nitrotoga sp. AM1P	2559597	S	71	28	99	0.00001
Gallionella capsiferriformans	370405	S	191	17	208	0.00003
Sulfuriferula plumbiphila	171865	S	538	93	631	0.00009
Sulfuriferula sp. AH1	1985873	S	296	57	353	0.00005
Sulfuriferula nivalis	2675298	S	48	4	52	0.00001
Sulfurimicrobium lacus	2715678	S	877	117	994	0.00015
Sulfuricella denitrificans	649841	S	457	45	502	0.00007
Methylovorus glucosotrophus	266009	S	109	98	207	0.00003
Methylovorus sp. MP688	887061	S	83	82	165	0.00002
Methylobacillus flagellatus	405	S	318	71	389	0.00006
Methylophilus sp. TWE2	1662285	S	85	8	93	0.00001
Methylophilus medardicus	2588534	S	50	6	56	0.00001
Methylotenera mobilis	359408	S	48	5	53	0.00001
Methylotenera versatilis	1055487	S	30	3	33	0.00000
Candidatus Methylopumilus turicensis	1581680	S	21	3	24	0.00000
Candidatus Methylopumilus planktonicus	1581557	S	18	14	32	0.00000
Candidatus Methylopumilus rimovensis	2588535	S	10	2	12	0.00000
Methyloradius palustris	2778876	S	66	6	72	0.00001
Chromobacterium sp. ATCC 53434	2059672	S	815	282	1097	0.00016
Chromobacterium sp. Rain0013	2292447	S	140	174	314	0.00005
Chromobacterium sp. Beijing	2735795	S	107	305	412	0.00006
Chromobacterium vaccinii	1108595	S	767	331	1098	0.00016
Chromobacterium violaceum	536	S	732	449	1181	0.00018
Chromobacterium paludis	2605945	S	453	178	631	0.00009
Chromobacterium phragmitis	2202141	S	433	191	624	0.00009
Chromobacterium rhizoryzae	1778675	S	115	605	720	0.00011
Chromobacterium haemolyticum	394935	S	88	577	665	0.00010
Iodobacter fluviatilis	537	S	43	11	54	0.00001
Iodobacter ciconiae	2496266	S	33	8	41	0.00001
Jeongeupia sp. USM3	1906741	S	1164	291	1455	0.00022
Jeongeupia sp. HS-3	1009682	S	499	94	593	0.00009
Paludibacterium paludis	1225769	S	605	116	721	0.00011
Paludibacterium yongneupense	400061	S	535	74	609	0.00009
Paludibacterium sp. B53371	2806263	S	321	66	387	0.00006
Pseudogulbenkiania sp. NH8B	748280	S	1113	366	1479	0.00022
Vogesella sp. LIG4	1192162	S	632	169	801	0.00012
Vogesella sp. XCS3	2877939	S	288	79	367	0.00005
Aquitalea aquatilis	1537400	S	254	79	333	0.00005
Aquitalea sp. USM4	1590041	S	146	78	224	0.00003
Aquitalea magnusonii	332411	S	136	76	212	0.00003
Aquitalea denitrificans	519081	S	121	61	182	0.00003
Microvirgula aerodenitrificans	57480	S	682	121	803	0.00012
Laribacter hongkongensis	168471	S	521	425	946	0.00014
Aquaspirillum sp. LM1	1938604	S	323	45	368	0.00005
Deefgea sp. D17	2739061	S	50	15	65	0.00001
Deefgea sp. D13	2864875	S	46	12	58	0.00001
Deefgea sp. D25	2865840	S	40	5	45	0.00001
Chitinibacter fontanus	1737446	S	56	8	64	0.00001
Chitinibacter bivalviorum	2739434	S	56	39	95	0.00001
Neisseria sp. KEM232	655307	S	144	21	165	0.00002
Neisseria sp. oral taxon 014	641148	S	60	27	87	0.00001
Neisseria sp. ZJ785	2709396	S	38	4	42	0.00001
Neisseria sp. Dent CA1/247	2912675	S	20	11	31	0.00000
Neisseria bacilliformis	267212	S	149	34	183	0.00003
Neisseria elongata	495	S	136	72	208	0.00003
Neisseria shayeganii	607712	S	123	18	141	0.00002
Neisseria dentiae	194197	S	120	14	134	0.00002
Neisseria chenwenguii	1853278	S	109	13	122	0.00002
Neisseria meningitidis	487	S	107	269	376	0.00006
Neisseria musculi	1815583	S	72	6	78	0.00001
Neisseria animalis	492	S	64	8	72	0.00001
Neisseria wadsworthii	607711	S	45	10	55	0.00001
Neisseria brasiliensis	2666100	S	40	34	74	0.00001
Neisseria gonorrhoeae	485	S	40	85	125	0.00002
Neisseria sicca	490	S	39	81	120	0.00002
Neisseria canis	493	S	37	10	47	0.00001
Neisseria weaveri	28091	S	35	14	49	0.00001
Neisseria arctica	1470200	S	30	2	32	0.00000
Neisseria weixii	1853276	S	30	3	33	0.00001
Neisseria lactamica	486	S	29	37	66	0.00001
Neisseria animaloris	326522	S	28	6	34	0.00001
Neisseria zalophi	640030	S	24	2	26	0.00000
Neisseria dumasiana	1931275	S	21	10	31	0.00000
Neisseria mucosa	488	S	19	41	60	0.00001
Neisseria zoodegmatis	326523	S	17	14	31	0.00000
Neisseria macacae	496	S	15	33	48	0.00001
Neisseria subflava	28449	S	11	9	20	0.00000
Neisseria flavescens	484	S	11	9	20	0.00000
Crenobacter cavernae	2290923	S	1334	421	1755	0.00026
Chitinolyticbacter meiyuanensis	682798	S	844	96	940	0.00014
Vitreoscilla filiformis	63	S	367	60	427	0.00006
Vitreoscilla massiliensis	1689272	S	43	20	63	0.00001
Kingella potus	265175	S	110	13	123	0.00002
Kingella denitrificans	502	S	84	48	132	0.00002
Kingella oralis	505	S	69	10	79	0.00001
Kingella kingae	504	S	27	4	31	0.00000
Eikenella corrodens	539	S	138	88	226	0.00003
Eikenella exigua	2528037	S	34	25	59	0.00001
Uruburuella suis	252130	S	130	18	148	0.00002
Uruburuella testudinis	1282863	S	94	15	109	0.00002
Paralysiella testudinis	2809020	S	85	16	101	0.00002
Alysiella crassa	153491	S	25	8	33	0.00000
Alysiella filiformis	194196	S	16	5	21	0.00000
Morococcus cerebrosus	1056807	S	32	156	188	0.00003
Neisseriaceae bacterium CCUG 44465	2917790	S	30	4	34	0.00001
Conchiformibius steedae	153493	S	27	3	30	0.00000
Snodgrassella alvi	1196083	S	18	5	23	0.00000
Aquella oligotrophica	2067065	S	16	0	16	0.00000
Casimicrobium huifangae	2591109	S	933	352	1285	0.00019
Myxococcus xanthus	34	S	3423	15014	18437	0.00273
Myxococcus hansupus	1297742	S	2037	201	2238	0.00033
Myxococcus stipitatus	83455	S	1868	253	2121	0.00031
Myxococcus sp. SCHIC003	2813577	S	1440	196	1636	0.00024
Corallococcus coralloides	184914	S	3576	1472	5048	0.00075
Corallococcus macrosporus	35	S	2311	467	2778	0.00041
Corallococcus sp. EGB	1521117	S	2298	896	3194	0.00047
Pyxidicoccus sp. SCPEA002	2813578	S	4772	266	5038	0.00075
Anaeromyxobacter sp. Red232	2918170	S	6846	821	7667	0.00114
Anaeromyxobacter sp. Fw109-5	404589	S	5627	809	6436	0.00095
Anaeromyxobacter sp. Red630	2918171	S	4963	697	5660	0.00084
Anaeromyxobacter sp. K	447217	S	1275	2774	4049	0.00060
Anaeromyxobacter dehalogenans	161493	S	4253	3277	7530	0.00112
Archangium violaceum	83451	S	7695	1635	9330	0.00138
Archangium gephyra	48	S	4746	1130	5876	0.00087
Cystobacter fuscus	43	S	2998	935	3933	0.00058
Stigmatella aurantiaca	41	S	2890	294	3184	0.00047
Melittangium boletus	83453	S	2345	665	3010	0.00045
Vulgatibacter incomptus	1391653	S	3139	263	3402	0.00050
Sorangium cellulosum	56	S	38253	5345	43598	0.00646
Polyangium aurulentum	2567896	S	10600	1235	11835	0.00175
Chondromyces crocatus	52	S	5157	276	5433	0.00081
Pajaroellobacter abortibovis	1882918	S	85	2	87	0.00001
Sandaracinus amylolyticus	927083	S	21131	1278	22409	0.00332
Labilithrix luteola	1391654	S	10412	560	10972	0.00163
Haliangium ochraceum	80816	S	8315	483	8798	0.00130
Geomonas sp. RF6	2897342	S	1184	153	1337	0.00020
Geomonas paludis	2740185	S	851	429	1280	0.00019
Geomonas nitrogeniifigens	2847991	S	828	431	1259	0.00019
Geomonas oryzisoli	2847992	S	723	398	1121	0.00017
Geomonas subterranea	2847989	S	695	326	1021	0.00015
Geobacter sp. FeAm09	2597769	S	710	93	803	0.00012
Geobacter sp. SVR	2495594	S	496	75	571	0.00008
Geobacter sp. DSM 9736	1277350	S	312	23	335	0.00005
Geobacter sulfurreducens	35554	S	875	190	1065	0.00016
Geobacter pickeringii	345632	S	812	216	1028	0.00015
Geobacter metallireducens	28232	S	484	120	604	0.00009
Geobacter benzoatilyticus	2815309	S	352	83	435	0.00006
Citrifermentans bremense	60035	S	677	289	966	0.00014
Citrifermentans bemidjiense	225194	S	627	246	873	0.00013
Geotalea uraniireducens	351604	S	382	30	412	0.00006
Geotalea daltonii	1203471	S	235	20	255	0.00004
Geoalkalibacter subterraneus	483547	S	341	358	699	0.00010
Trichlorobacter lovleyi	313985	S	197	28	225	0.00003
Desulfuromonas versatilis	2802975	S	1390	249	1639	0.00024
Desulfuromonas sp. DDH964	1823759	S	884	175	1059	0.00016
Desulfuromonas sp. AOP6	1566351	S	267	30	297	0.00004
Desulfuromonas soudanensis	1603606	S	785	89	874	0.00013
Pelobacter propionicus	29543	S	499	157	656	0.00010
Syntrophotalea acetylenica	29542	S	276	51	327	0.00005
Syntrophotalea carbinolica	19	S	215	17	232	0.00003
Syntrophotalea acetylenivorans	1842532	S	177	24	201	0.00003
Pseudodesulfovibrio indicus	1716143	S	582	141	723	0.00011
Pseudodesulfovibrio mercurii	641491	S	564	151	715	0.00011
Pseudodesulfovibrio aespoeensis	182210	S	376	309	685	0.00010
Pseudodesulfovibrio cashew	2678688	S	332	72	404	0.00006
Pseudodesulfovibrio tunisiensis	463192	S	291	31	322	0.00005
Pseudodesulfovibrio sp. SF6	2810563	S	146	15	161	0.00002
Pseudodesulfovibrio sp. zrk46	2725288	S	138	24	162	0.00002
Pseudodesulfovibrio profundus	57320	S	93	109	202	0.00003
Pseudodesulfovibrio piezophilus	879567	S	56	8	64	0.00001
Desulfovibrio sp. IOR2	2583823	S	355	72	427	0.00006
Desulfovibrio sp. 86	2666132	S	125	31	156	0.00002
Desulfovibrio sp. G11	631220	S	122	81	203	0.00003
Desulfovibrio vulgaris	881	S	501	42	543	0.00008
Desulfovibrio sulfodismutans	63561	S	383	104	487	0.00007
Desulfovibrio desulfuricans	876	S	352	74	426	0.00006
Desulfovibrio piger	901	S	292	58	350	0.00005
Desulfovibrio fairfieldensis	44742	S	248	22	270	0.00004
Desulfovibrio ferrophilus	241368	S	151	13	164	0.00002
Candidatus Desulfovibrio trichonymphae	1725232	S	64	5	69	0.00001
Solidesulfovibrio carbinoliphilus	345370	S	782	102	884	0.00013
Solidesulfovibrio magneticus	184917	S	335	182	517	0.00008
Solidesulfovibrio carbinolicus	296842	S	299	217	516	0.00008
Oceanidesulfovibrio marinus	370038	S	805	53	858	0.00013
Desulfocurvibacter africanus	873	S	583	45	628	0.00009
Desulfolutivibrio sulfoxidireducens	2773299	S	503	149	652	0.00010
Megalodesulfovibrio gigas	879	S	444	23	467	0.00007
Oleidesulfovibrio alaskensis	58180	S	163	263	426	0.00006
Maridesulfovibrio salexigens	880	S	45	5	50	0.00001
Maridesulfovibrio hydrothermalis	191026	S	35	4	39	0.00001
Paradesulfovibrio bizertensis	376490	S	71	7	78	0.00001
Lawsonia intracellularis	29546	S	21	0	21	0.00000
Desulfomicrobium baculatum	899	S	359	31	390	0.00006
Desulfomicrobium orale	132132	S	204	62	266	0.00004
Desulfohalobium retbaense	45663	S	136	7	143	0.00002
Desulfosarcina ovata	83564	S	410	20	430	0.00006
Desulfosarcina alkanivorans	571177	S	360	177	537	0.00008
Desulfosarcina widdelii	947919	S	358	43	401	0.00006
Desulfococcus multivorans	897	S	314	59	373	0.00006
Desulfoluna sp. ASN36	2810562	S	224	11	235	0.00003
Desulfatibacillum aliphaticivorans	218208	S	216	7	223	0.00003
Desulfonema magnum	45655	S	109	2	111	0.00002
Desulfonema limicola	45656	S	20	1	21	0.00000
Desulfobacter hydrogenophilus	2291	S	51	9	60	0.00001
Desulfobacter postgatei	2293	S	50	8	58	0.00001
Desulforapulum autotrophicum	2296	S	65	7	72	0.00001
Desulfobacula toluolica	28223	S	32	2	34	0.00001
Desulfobulbus propionicus	894	S	432	21	453	0.00007
Desulfobulbus oralis	1986146	S	269	66	335	0.00005
Desulfobulbus oligotrophicus	1909699	S	75	75	150	0.00002
Desulfurivibrio alkaliphilus	427923	S	287	13	300	0.00004
Desulfomarina profundi	2772557	S	42	3	45	0.00001
Desulfosudis oleivorans	181663	S	285	18	303	0.00005
Desulfosediminicola ganghwensis	2569540	S	56	7	63	0.00001
Desulfosediminicola flagellatus	2569541	S	37	4	41	0.00001
Desulfotalea psychrophila	84980	S	33	6	39	0.00001
Desulfocapsa sulfexigens	65555	S	28	1	29	0.00000
Persicimonas caeni	2292766	S	2423	66	2489	0.00037
Bradymonas sediminis	1548548	S	727	47	774	0.00011
Bradymonadales bacterium V1718	2600177	S	299	15	314	0.00005
Syntrophobacter fumaroxidans	119484	S	491	244	735	0.00011
Desulfoglaeba alkanexedens	361111	S	446	21	467	0.00007
Desulfarculus baarsii	453230	S	788	552	1340	0.00020
Syntrophus aciditrophicus	316277	S	175	11	186	0.00003
Desulfobacca acetoxidans	60893	S	154	3	157	0.00002
Desulfomonile tiedjei	2358	S	140	1	141	0.00002
Dissulfurimicrobium hydrothermale	1750598	S	76	4	80	0.00001
Candidatus Desulfofervidus auxilii	1621989	S	30	0	30	0.00000
Hippea maritima	84405	S	29	1	30	0.00000
Campylobacter showae	204	S	65	52	117	0.00002
Campylobacter gracilis	824	S	59	12	71	0.00001
Campylobacter curvus	200	S	49	14	63	0.00001
Campylobacter concisus	199	S	48	15	63	0.00001
Campylobacter rectus	203	S	22	19	41	0.00001
Sulfurimonas sp. HSL-3221	2894755	S	262	36	298	0.00004
Sulfurimonas sp. H1576	2672570	S	10	4	14	0.00000
Sulfurimonas paralvinellae	317658	S	10	7	17	0.00000
Sulfuricurvum kujiense	148813	S	18	1	19	0.00000
Helicobacter pylori	210	S	73	30	103	0.00002
Helicobacter sp. NHP19-0012	2849642	S	12	5	17	0.00000
Helicobacter sp. NHP19-0003	2849641	S	10	2	12	0.00000
Helicobacter himalayensis	1591088	S	11	1	12	0.00000
Helicobacter cinaedi	213	S	10	4	14	0.00000
Helicobacter heilmannii	35817	S	10	5	15	0.00000
Wolinella succinogenes	844	S	15	4	19	0.00000
Nitratifractor salsuginis	269261	S	120	12	132	0.00002
Sulfurovum sp. NBC37-1	387093	S	17	7	24	0.00000
Sulfurovum sp. HSL1-3	2893889	S	17	6	23	0.00000
Sulfurovum lithotrophicum	206403	S	10	4	14	0.00000
Sulfurovum indicum	2779528	S	10	1	11	0.00000
Hydrogenimonas urashimensis	2740515	S	132	16	148	0.00002
Sulfurospirillum cavolei	366522	S	26	12	38	0.00001
Nitratiruptor sp. YY09-18	2724901	S	20	21	41	0.00001
Nitrosophilus labii	2706014	S	12	7	19	0.00000
Caminibacter pacificus	1424653	S	15	4	19	0.00000
Caminibacter mediatlanticus	291048	S	11	4	15	0.00000
Nautilia profundicola	244787	S	13	7	20	0.00000
Acidithiobacillus caldus	33059	S	240	27	267	0.00004
Acidithiobacillus ferrivorans	160808	S	146	26	172	0.00003
Acidithiobacillus ferrooxidans	920	S	106	94	200	0.00003
Acidithiobacillus thiooxidans	930	S	63	3	66	0.00001
Acidithiobacillus ferriphilus	1689834	S	63	12	75	0.00001
Acidithiobacillus sp. 'AMD consortium'	2614801	S	10	140	150	0.00002
Bdellovibrio sp. LBG001	2835041	S	98	13	111	0.00002
Bdellovibrio sp. NC01	2220073	S	81	10	91	0.00001
Bdellovibrio sp. ZAP7	2231053	S	60	23	83	0.00001
Bdellovibrio sp. KM01	2748865	S	45	18	63	0.00001
Bdellovibrio bacteriovorus	959	S	272	39	311	0.00005
Pseudobdellovibrio exovorus	453816	S	56	3	59	0.00001
Halobacteriovorax marinus	97084	S	19	10	29	0.00000
Bacteriovorax stolpii	960	S	28	6	34	0.00001
Silvanigrella aquatica	1915309	S	14	5	19	0.00000
Fluviispira sanaruensis	2493639	S	13	4	17	0.00000
Hydrogenophilus thermoluteolus	297	S	334	58	392	0.00006
Mariprofundus ferrinatatus	1921087	S	152	13	165	0.00002
Mariprofundus aestuarium	1921086	S	83	8	91	0.00001
Streptomyces sp. SCSIO 64649	2878388	S	2312	471	2783	0.00041
Streptomyces sp. CdTB01	1725411	S	2162	661	2823	0.00042
Streptomyces sp. BJ20	2930049	S	2134	921	3055	0.00045
Streptomyces sp. SN-593	659352	S	2129	560	2689	0.00040
Streptomyces sp. AMCC400023	2056258	S	2095	876	2971	0.00044
Streptomyces sp. WAC 01438	2203204	S	2056	743	2799	0.00041
Streptomyces sp. CB01881	2078691	S	1956	425	2381	0.00035
Streptomyces sp. SAT1	1849967	S	1842	734	2576	0.00038
Streptomyces sp. NHF165	2175864	S	1831	352	2183	0.00032
Streptomyces sp. ST1015	1848900	S	1829	412	2241	0.00033
Streptomyces sp. So13.3	2136173	S	1770	364	2134	0.00032
Streptomyces sp. P3	2135430	S	1768	475	2243	0.00033
Streptomyces sp. 3214.6	1882757	S	1704	530	2234	0.00033
Streptomyces sp. MA3_2.13	2867410	S	1666	241	1907	0.00028
Streptomyces sp. ZYC-3	2797636	S	1563	332	1895	0.00028
Streptomyces sp. BH-MK-02	2880933	S	1545	359	1904	0.00028
Streptomyces sp. Z423-1	2730915	S	1481	461	1942	0.00029
Streptomyces sp. NA02950	2742137	S	1471	318	1789	0.00027
Streptomyces sp. SCUT-3	2684469	S	1461	640	2101	0.00031
Streptomyces sp. NEAU-sy36	2751189	S	1392	554	1946	0.00029
Streptomyces sp. A2-16	2781734	S	1366	451	1817	0.00027
Streptomyces sp. 3025	2923272	S	1359	266	1625	0.00024
Streptomyces sp. LRE541	2931983	S	1319	320	1639	0.00024
Streptomyces sp. DSM 40868	2721173	S	1292	498	1790	0.00027
Streptomyces sp. 891-h	2720714	S	1285	257	1542	0.00023
Streptomyces sp. YIM 121038	2136401	S	1278	400	1678	0.00025
Streptomyces sp. CCM_MD2014	1561022	S	1275	1091	2366	0.00035
Streptomyces sp. GMY02	1333528	S	1249	240	1489	0.00022
Streptomyces sp. GQFP	2907545	S	1223	225	1448	0.00021
Streptomyces sp. MG28	2865673	S	1220	448	1668	0.00025
Streptomyces sp. MBT27	1488356	S	1205	379	1584	0.00023
Streptomyces sp. MST-110588	2833628	S	1164	309	1473	0.00022
Streptomyces sp. Go 40/10	2825844	S	1152	528	1680	0.00025
Streptomyces sp. W1SF4	2305220	S	1142	435	1577	0.00023
Streptomyces sp. HM190	2695266	S	1107	374	1481	0.00022
Streptomyces sp. Go-475	2072505	S	1094	527	1621	0.00024
Streptomyces sp. JB150	2714844	S	1070	389	1459	0.00022
Streptomyces sp. NA04227	2742136	S	1070	268	1338	0.00020
Streptomyces sp. C8S0	2585716	S	1069	334	1403	0.00021
Streptomyces sp. QHH-9511	2684468	S	1050	312	1362	0.00020
Streptomyces sp. RTd22	1841249	S	1026	420	1446	0.00021
Streptomyces sp. Rer75	2750011	S	1024	461	1485	0.00022
Streptomyces sp. GS7	2692234	S	1023	298	1321	0.00020
Streptomyces sp. BHT-5-2	2866715	S	1013	338	1351	0.00020
Streptomyces sp. RPA4-2	2721244	S	994	307	1301	0.00019
Streptomyces sp. MG62	2838015	S	942	369	1311	0.00019
Streptomyces sp. CMB-StM0423	2059884	S	931	429	1360	0.00020
Streptomyces sp. 135	2838850	S	912	313	1225	0.00018
Streptomyces sp. SM18	1736046	S	911	267	1178	0.00017
Streptomyces sp. SYP-A7193	2662065	S	892	527	1419	0.00021
Streptomyces sp. SirexAA-E	862751	S	881	278	1159	0.00017
Streptomyces sp. HP-A2021	2927875	S	865	488	1353	0.00020
Streptomyces sp. HSG2	2797167	S	856	201	1057	0.00016
Streptomyces sp. Tu 2975	2676871	S	849	286	1135	0.00017
Streptomyces sp. fd1-xmd	1812480	S	843	375	1218	0.00018
Streptomyces sp. jing01	2726118	S	830	476	1306	0.00019
Streptomyces sp. WAC 01529	2203205	S	790	293	1083	0.00016
Streptomyces sp. S4.7	2705439	S	725	251	976	0.00014
Streptomyces sp. TN58	234612	S	719	332	1051	0.00016
Streptomyces sp. INR7	2607753	S	699	354	1053	0.00016
Streptomyces sp. S1D4-11	2721246	S	675	473	1148	0.00017
Streptomyces sp. CB09001	2083284	S	673	442	1115	0.00017
Streptomyces sp. SUK 48	2582831	S	649	402	1051	0.00016
Streptomyces sp. WAC 06738	2203210	S	637	577	1214	0.00018
Streptomyces sp. CNQ-509	444103	S	575	512	1087	0.00016
Streptomyces sp. YPW6	2840373	S	558	292	850	0.00013
Streptomyces sp. WY228	2855836	S	558	302	860	0.00013
Streptomyces sp. HF10	2692233	S	549	381	930	0.00014
Streptomyces sp. ADI95-16	1522758	S	531	438	969	0.00014
Streptomyces sp. 769	1262452	S	492	368	860	0.00013
Streptomyces sp. Mg1	465541	S	472	414	886	0.00013
Streptomyces sp. SGAir0924	2109593	S	442	2105	2547	0.00038
Streptomyces sp. RPA4-5	2721245	S	442	285	727	0.00011
Streptomyces sp. 2323.1	1938841	S	423	259	682	0.00010
Streptomyces sp. AgN23	1188315	S	423	371	794	0.00012
Streptomyces sp. S8	1837283	S	390	335	725	0.00011
Streptomyces sp. EAS-AB2608	2779671	S	372	562	934	0.00014
Streptomyces sp. S063	2005885	S	360	248	608	0.00009
Streptomyces sp. 3211	1964449	S	346	417	763	0.00011
Streptomyces sp. PBH53	1577075	S	335	472	807	0.00012
Streptomyces sp. NEAU-S7GS2	2202000	S	328	264	592	0.00009
Streptomyces sp. XC 2026	2782004	S	326	284	610	0.00009
Streptomyces sp. HNA39	2850561	S	325	368	693	0.00010
Streptomyces sp. RLB1-33	2721243	S	309	885	1194	0.00018
Streptomyces sp. A144	2871487	S	301	1318	1619	0.00024
Streptomyces sp. ID38640	1265399	S	300	209	509	0.00008
Streptomyces sp. MOE7	1961713	S	290	346	636	0.00009
Streptomyces sp. WA6-1-16	2879427	S	278	277	555	0.00008
Streptomyces sp. SS52	2563602	S	273	1255	1528	0.00023
Streptomyces sp. Tue 6075	1661694	S	271	305	576	0.00009
Streptomyces sp. Sge12	1972846	S	265	393	658	0.00010
Streptomyces sp. 11-1-2	1851167	S	241	445	686	0.00010
Streptomyces sp. CFMR 7	1649184	S	216	368	584	0.00009
Streptomyces sp. NA02536	2742133	S	216	565	781	0.00012
Streptomyces sp. CB00271	2750025	S	210	282	492	0.00007
Streptomyces sp. V17-9	2831149	S	198	899	1097	0.00016
Streptomyces sp. WAC00303	2933779	S	190	270	460	0.00007
Streptomyces sp. CLI2509	1984801	S	170	561	731	0.00011
Streptomyces sp. Tu6071	355249	S	164	483	647	0.00010
Streptomyces sp. CB04723	2748873	S	157	278	435	0.00006
Streptomyces sp. BSE6.1	2605730	S	149	646	795	0.00012
Streptomyces sp. endophyte_N2	2153485	S	146	419	565	0.00008
Streptomyces sp. M56	1495638	S	144	379	523	0.00008
Streptomyces sp. NA03103	2742134	S	143	885	1028	0.00015
Streptomyces sp. HU2014	2939414	S	127	433	560	0.00008
Streptomyces sp. CRSS-Y-16	2906474	S	122	667	789	0.00012
Streptomyces sp. M2	646637	S	117	605	722	0.00011
Streptomyces sp. S501	2420135	S	116	432	548	0.00008
Streptomyces sp. VN1	1821625	S	116	487	603	0.00009
Streptomyces sp. PAMC 26508	1265601	S	107	368	475	0.00007
Streptomyces sp. CB09030	2913412	S	107	355	462	0.00007
Streptomyces sp. KPB2	2305221	S	99	775	874	0.00013
Streptomyces sp. WAC00288	2094021	S	94	389	483	0.00007
Streptomyces sp. A1-5	2738410	S	93	431	524	0.00008
Streptomyces sp. 2114.2	1881022	S	91	560	651	0.00010
Streptomyces sp. LBUM 1480	2609808	S	90	897	987	0.00015
Streptomyces sp. WA1-19	2884220	S	89	472	561	0.00008
Streptomyces sp. R527F	1664033	S	69	392	461	0.00007
Streptomyces sp. GF20	2692235	S	69	385	454	0.00007
Streptomyces sp. S1A1-7	2594459	S	67	616	683	0.00010
Streptomyces sp. NBU3104	2911367	S	64	417	481	0.00007
Streptomyces sp. CA-256286	2801033	S	56	348	404	0.00006
Streptomyces sp. FR-008	206662	S	54	437	491	0.00007
Streptomyces sp. 604F	1476754	S	51	447	498	0.00007
Streptomyces sp. LBUM 1482	2609809	S	46	1178	1224	0.00018
Streptomyces sp. CC0208	2306165	S	45	1209	1254	0.00019
Streptomyces sp. LBUM 1475	2609807	S	44	1321	1365	0.00020
Streptomyces sp. RLB3-17	2594455	S	41	627	668	0.00010
Streptomyces sp. RLB3-6	2594457	S	36	1106	1142	0.00017
Streptomyces sp. RLB1-9	2594454	S	35	1888	1923	0.00029
Streptomyces sp. S1D4-20	2594462	S	31	825	856	0.00013
Streptomyces sp. GBA 94-10	1218177	S	30	371	401	0.00006
Streptomyces sp. OUCMDZ-3434	1535304	S	29	295	324	0.00005
Streptomyces sp. A10(2020)	2782013	S	25	289	314	0.00005
Streptomyces sp. PLM4	2929798	S	25	204	229	0.00003
Streptomyces sp. S1D4-14	2594461	S	21	1342	1363	0.00020
Streptomyces sp. PVA_94-07	1225337	S	19	271	290	0.00004
Streptomyces sp. S1D4-23	2594463	S	17	891	908	0.00013
Streptomyces sp. ICC4	2099584	S	12	787	799	0.00012
Streptomyces venezuelae	54571	S	6481	2213	8694	0.00129
Streptomyces cadmiisoli	2184053	S	1385	343	1728	0.00026
Streptomyces aurantiacus	47760	S	1073	253	1326	0.00020
Streptomyces qaidamensis	1783515	S	896	367	1263	0.00019
Streptomyces alboniger	132473	S	710	259	969	0.00014
Streptomyces koyangensis	188770	S	524	513	1037	0.00015
Streptomyces hygroscopicus	1912	S	1948	2550	4498	0.00067
Streptomyces rapamycinicus	1226757	S	1216	284	1500	0.00022
Streptomyces violaceusniger	68280	S	502	319	821	0.00012
Streptomyces yatensis	155177	S	445	312	757	0.00011
Streptomyces malaysiensis	92644	S	126	365	491	0.00007
Streptomyces griseus	1911	S	1069	914	1983	0.00029
Streptomyces sp. M54	2759525	S	116	288	404	0.00006
Streptomyces anulatus	1892	S	802	812	1614	0.00024
Streptomyces microflavus	1919	S	350	1479	1829	0.00027
Streptomyces globisporus	1908	S	327	2289	2616	0.00039
Streptomyces chartreusis	1969	S	2477	1094	3571	0.00053
Streptomyces albus	1888	S	2456	1211	3667	0.00054
Streptomyces griseorubiginosus	67304	S	2378	767	3145	0.00047
Streptomyces aquilus	2548456	S	2163	627	2790	0.00041
Streptomyces lydicus	47763	S	2121	1399	3520	0.00052
Streptomyces formicae	1616117	S	2115	662	2777	0.00041
Streptomyces armeniacus	83291	S	1962	289	2251	0.00033
Streptomyces spectabilis	68270	S	1932	620	2552	0.00038
Streptomyces buecherae	2763006	S	1880	480	2360	0.00035
Streptomyces bingchenggensis	379067	S	1830	352	2182	0.00032
Streptomyces bathyalis	2710756	S	1761	295	2056	0.00030
Streptomyces tsukubensis	83656	S	1753	817	2570	0.00038
Streptomyces niveus	193462	S	1746	769	2515	0.00037
Streptomyces seoulensis	73044	S	1682	639	2321	0.00034
Streptomyces cattleya	29303	S	1673	491	2164	0.00032
Streptomyces calvus	67282	S	1581	610	2191	0.00032
Streptomyces xanthii	2768069	S	1574	473	2047	0.00030
Streptomyces lincolnensis	1915	S	1572	446	2018	0.00030
Streptomyces roseirectus	2768066	S	1544	371	1915	0.00028
Streptomyces ferrugineus	1413221	S	1518	480	1998	0.00030
Streptomyces nigra	1827580	S	1513	585	2098	0.00031
Streptomyces capitiformicae	2014920	S	1493	234	1727	0.00026
Streptomyces cyaneochromogenes	2496836	S	1491	429	1920	0.00028
Streptomyces asoensis	249586	S	1477	431	1908	0.00028
Streptomyces griseochromogenes	68214	S	1389	378	1767	0.00026
Streptomyces rimosus	1927	S	1383	347	1730	0.00026
Streptomyces actuosus	1885	S	1380	575	1955	0.00029
Streptomyces davaonensis	348043	S	1380	378	1758	0.00026
Streptomyces antibioticus	1890	S	1314	460	1774	0.00026
Streptomyces durmitorensis	319947	S	1309	279	1588	0.00024
Streptomyces griseoviridis	45398	S	1299	413	1712	0.00025
Streptomyces xinghaiensis	1038928	S	1286	391	1677	0.00025
Streptomyces fodineus	1904616	S	1275	441	1716	0.00025
Streptomyces genisteinicus	2768068	S	1265	398	1663	0.00025
Streptomyces albulus	68570	S	1258	379	1637	0.00024
Streptomyces vietnamensis	362257	S	1254	415	1669	0.00025
Streptomyces liangshanensis	2717324	S	1231	309	1540	0.00023
Streptomyces clavuligerus	1901	S	1220	291	1511	0.00022
Streptomyces broussonetiae	2686304	S	1216	360	1576	0.00023
Streptomyces deccanensis	424188	S	1211	488	1699	0.00025
Streptomyces aureoverticillatus	66871	S	1199	320	1519	0.00023
Streptomyces alboflavus	67267	S	1185	325	1510	0.00022
Streptomyces globosus	68209	S	1181	430	1611	0.00024
Streptomyces nodosus	40318	S	1176	294	1470	0.00022
Streptomyces incarnatus	665007	S	1164	339	1503	0.00022
Streptomyces griseocarneus	51201	S	1162	406	1568	0.00023
Streptomyces roseochromogenus	285450	S	1154	353	1507	0.00022
Streptomyces collinus	42684	S	1137	780	1917	0.00028
Streptomyces dengpaensis	2049881	S	1136	309	1445	0.00021
Streptomyces olivoreticuli	68246	S	1134	320	1454	0.00022
Streptomyces rectiverticillatus	173860	S	1133	363	1496	0.00022
Streptomyces avermitilis	33903	S	1129	319	1448	0.00021
Streptomyces viridosporus	67581	S	1128	453	1581	0.00023
Streptomyces paludis	2282738	S	1124	244	1368	0.00020
Streptomyces tendae	1932	S	1120	455	1575	0.00023
Streptomyces lunaelactis	1535768	S	1113	232	1345	0.00020
Streptomyces atratus	1893	S	1094	220	1314	0.00019
Streptomyces ambofaciens	1889	S	1092	693	1785	0.00026
Streptomyces phaeolivaceus	2653200	S	1086	292	1378	0.00020
Streptomyces harbinensis	1176198	S	1085	301	1386	0.00021
Streptomyces prasinus	67345	S	1080	348	1428	0.00021
Streptomyces luteoverticillatus	66425	S	1075	356	1431	0.00021
Streptomyces galilaeus	33899	S	1061	349	1410	0.00021
Streptomyces glaucescens	1907	S	1052	447	1499	0.00022
Streptomyces parvulus	146923	S	1046	453	1499	0.00022
Streptomyces exfoliatus	1905	S	1028	349	1377	0.00020
Streptomyces subrutilus	36818	S	1009	370	1379	0.00020
Streptomyces pactum	68249	S	1008	398	1406	0.00021
Streptomyces vinaceus	1960	S	976	345	1321	0.00020
Streptomyces hundungensis	1077946	S	972	299	1271	0.00019
Streptomyces ficellus	1977088	S	966	344	1310	0.00019
Streptomyces lavendulae	1914	S	965	332	1297	0.00019
Streptomyces pluripotens	1355015	S	963	217	1180	0.00018
Streptomyces kanamyceticus	1967	S	952	313	1265	0.00019
Streptomyces dangxiongensis	1442032	S	943	321	1264	0.00019
Streptomyces tirandamycinicus	2174846	S	938	309	1247	0.00018
Streptomyces katrae	68223	S	926	345	1271	0.00019
Streptomyces pristinaespiralis	38300	S	922	349	1271	0.00019
Streptomyces peucetius	1950	S	917	249	1166	0.00017
Streptomyces cyanogenus	80860	S	907	391	1298	0.00019
Streptomyces chromofuscus	42881	S	890	337	1227	0.00018
Streptomyces mobaraensis	35621	S	886	33323	34209	0.00507
Streptomyces nitrosporeus	28894	S	848	238	1086	0.00016
Streptomyces gardneri	66892	S	840	332	1172	0.00017
Streptomyces angustmyceticus	285578	S	833	334	1167	0.00017
Streptomyces gilvosporeus	553510	S	827	259	1086	0.00016
Streptomyces spongiicola	1690221	S	813	324	1137	0.00017
Streptomyces inhibens	2293571	S	808	241	1049	0.00016
Streptomyces fagopyri	2662397	S	790	263	1053	0.00016
Streptomyces hawaiiensis	67305	S	779	331	1110	0.00016
Streptomyces huasconensis	1854574	S	775	296	1071	0.00016
Streptomyces coeruleorubidus	116188	S	771	358	1129	0.00017
Streptomyces rutgersensis	53451	S	768	367	1135	0.00017
Streptomyces qinzhouensis	2599401	S	767	180	947	0.00014
Streptomyces nojiriensis	66374	S	750	314	1064	0.00016
Streptomyces finlayi	67296	S	738	166	904	0.00013
Streptomyces tuirus	68278	S	726	357	1083	0.00016
Streptomyces pratensis	1169025	S	694	167	861	0.00013
Streptomyces gobiensis	2875706	S	659	124	783	0.00012
Streptomyces leeuwenhoekii	1437453	S	550	372	922	0.00014
Streptomyces cyaneogriseus	68192	S	520	391	911	0.00014
Streptomyces decoyicus	249567	S	431	233	664	0.00010
Streptomyces auratus	114687	S	350	225	575	0.00009
Streptomyces lydicamycinicus	1546107	S	346	201	547	0.00008
Streptomyces antimycoticus	68175	S	338	334	672	0.00010
Streptomyces platensis	58346	S	315	227	542	0.00008
Streptomyces xiamenensis	408015	S	299	250	549	0.00008
Streptomyces albidoflavus	1886	S	122	1780	1902	0.00028
Streptomyces coelicolor	1902	S	98	919	1017	0.00015
Streptomyces sampsonii	42239	S	67	527	594	0.00009
Streptomyces filamentosus	67294	S	244	298	542	0.00008
Streptomyces alfalfae	1642299	S	213	1169	1382	0.00020
Streptomyces fungicidicus	68203	S	206	582	788	0.00012
Streptomyces californicus	67351	S	204	647	851	0.00013
Streptomyces olivaceus	47716	S	197	702	899	0.00013
Streptomyces cavourensis	67258	S	176	316	492	0.00007
Streptomyces fradiae	1906	S	157	2367	2524	0.00037
Streptomyces murinus	33900	S	145	400	545	0.00008
Streptomyces griseofuscus	146922	S	129	561	690	0.00010
Streptomyces mirabilis	68239	S	125	723	848	0.00013
Streptomyces albireticuli	1940	S	89	366	455	0.00007
Streptomyces autolyticus	75293	S	86	281	367	0.00005
Streptomyces scabiei	1930	S	84	718	802	0.00012
Streptomyces cinereoruber	67260	S	83	423	506	0.00008
Streptomyces noursei	1971	S	82	313	395	0.00006
Streptomyces violaceoruber	1935	S	66	283	349	0.00005
Streptomyces lividans	1916	S	63	789	852	0.00013
Streptomyces rochei	1928	S	51	371	422	0.00006
Streptomyces rubrolavendulae	285473	S	46	326	372	0.00006
Kitasatospora sp. MMS16-BH015	2018025	S	1443	491	1934	0.00029
Kitasatospora sp. NA04385	2742135	S	1216	664	1880	0.00028
Kitasatospora setae	2066	S	1360	719	2079	0.00031
Kitasatospora aureofaciens	1894	S	1121	478	1599	0.00024
Kitasatospora albolonga	68173	S	464	379	843	0.00012
Streptacidiphilus sp. P02-A3a	2704468	S	1452	471	1923	0.00029
Streptacidiphilus sp. PB12-B1b	2705012	S	1242	515	1757	0.00026
Streptacidiphilus bronchialis	2126346	S	1098	371	1469	0.00022
Yinghuangia sp. ASG 101	2896848	S	1745	307	2052	0.00030
Micromonospora sp. WMMC415	2675222	S	10803	3794	14597	0.00216
Micromonospora sp. WMMA2032	2039870	S	4133	2533	6666	0.00099
Micromonospora sp. HM134	2583243	S	3207	1320	4527	0.00067
Micromonospora sp. B006	2201999	S	3060	2196	5256	0.00078
Micromonospora sp. L5	648999	S	336	3145	3481	0.00052
Micromonospora inositola	47865	S	15703	7219	22922	0.00340
Micromonospora terminaliae	1914461	S	13144	6194	19338	0.00287
Micromonospora echinaurantiaca	47857	S	10636	4755	15391	0.00228
Micromonospora purpureochromogenes	47872	S	7712	3804	11516	0.00171
Micromonospora viridifaciens	1881	S	7335	2996	10331	0.00153
Micromonospora echinofusca	47858	S	6982	2994	9976	0.00148
Micromonospora narathiwatensis	299146	S	6691	2900	9591	0.00142
Micromonospora auratinigra	261654	S	6513	3174	9687	0.00144
Micromonospora krabiensis	307121	S	6042	1956	7998	0.00119
Micromonospora siamensis	299152	S	5723	2546	8269	0.00123
Micromonospora coxensis	356852	S	5432	2803	8235	0.00122
Micromonospora coriariae	285665	S	5163	1723	6886	0.00102
Micromonospora carbonacea	47853	S	4948	2081	7029	0.00104
Micromonospora ferruginea	2749844	S	3947	2115	6062	0.00090
Micromonospora zamorensis	709883	S	3518	1063	4581	0.00068
Micromonospora maris	1003110	S	3472	973	4445	0.00066
Micromonospora sagamiensis	47875	S	3398	1218	4616	0.00068
Micromonospora endophytica (Xie et al. 2001) Li et al. 2019	515350	S	3312	907	4219	0.00063
Micromonospora echinospora	1877	S	3269	1072	4341	0.00064
Micromonospora chokoriensis	356851	S	3120	948	4068	0.00060
Micromonospora rifamycinica	291594	S	2906	1211	4117	0.00061
Micromonospora tulbaghiae	479978	S	2390	2311	4701	0.00070
Micromonospora craniellae	2294034	S	2296	1120	3416	0.00051
Micromonospora aurantiaca	47850	S	1828	10260	12088	0.00179
Actinoplanes sp. L3-i22	2836373	S	3806	2855	6661	0.00099
Actinoplanes sp. N902-109	649831	S	3544	1089	4633	0.00069
Actinoplanes sp. OR16	946334	S	3151	1569	4720	0.00070
Actinoplanes friuliensis	196914	S	3764	623	4387	0.00065
Actinoplanes ianthinogenes	122358	S	3096	1303	4399	0.00065
Actinoplanes missouriensis	1866	S	2936	1006	3942	0.00058
Actinoplanes teichomyceticus	1867	S	2818	1233	4051	0.00060
Actinoplanes derwentensis	113562	S	2499	400	2899	0.00043
Phytohabitans suffuscus	624315	S	8306	2289	10595	0.00157
Phytohabitans flavus	1076124	S	6857	1473	8330	0.00123
Plantactinospora sp. KBS50	2024580	S	3655	874	4529	0.00067
Plantactinospora sp. BB1	2071627	S	1015	2868	3883	0.00058
Plantactinospora sp. BC1	2108470	S	976	2787	3763	0.00056
Catellatospora sp. IY07-71	2728827	S	7030	1649	8679	0.00129
Dactylosporangium vinaceum	53362	S	6705	806	7511	0.00111
Actinocatenispora sera	390989	S	2558	785	3343	0.00050
Actinocatenispora thailandica	227318	S	2483	721	3204	0.00047
Polymorphospora rubra	338584	S	4131	888	5019	0.00074
Couchioplanes caeruleus	56438	S	3899	954	4853	0.00072
Natronosporangium hydrolyticum	2811111	S	2078	155	2233	0.00033
Verrucosispora sp. NA02020	2742132	S	1582	930	2512	0.00037
Salinispora tropica	168695	S	1567	241	1808	0.00027
Microbacterium sp. No. 7	1714373	S	1207	551	1758	0.00026
Microbacterium sp. JZ31	1906274	S	952	272	1224	0.00018
Microbacterium sp. 4R-513	2567934	S	946	178	1124	0.00017
Microbacterium sp. 10M-3C3	2483401	S	871	274	1145	0.00017
Microbacterium sp. YJN-G	2763257	S	763	255	1018	0.00015
Microbacterium sp. SSW1-51	2851650	S	686	177	863	0.00013
Microbacterium sp. H1-D42	2925844	S	586	99	685	0.00010
Microbacterium sp. ABRD_28	2268461	S	585	81	666	0.00010
Microbacterium sp. BH-3-3-3	1906742	S	584	143	727	0.00011
Microbacterium sp. XT11	367477	S	573	125	698	0.00010
Microbacterium sp. Y-01	2048898	S	566	230	796	0.00012
Microbacterium sp. cx-55	2875948	S	550	83	633	0.00009
Microbacterium sp. A18JL241	2782166	S	538	129	667	0.00010
Microbacterium sp. LKL04	912630	S	526	128	654	0.00010
Microbacterium sp. SSW1-36	2851648	S	526	118	644	0.00010
Microbacterium sp. NIBRBAC000506063	2734618	S	509	213	722	0.00011
Microbacterium sp. PM5	2014534	S	497	94	591	0.00009
Microbacterium sp. CBA3102	2603598	S	402	101	503	0.00007
Microbacterium sp. TPU 3598	1938334	S	394	106	500	0.00007
Microbacterium sp. 1S1	2606451	S	388	171	559	0.00008
Microbacterium sp. Nx66	2766784	S	334	224	558	0.00008
Microbacterium sp. RG1	2489212	S	221	170	391	0.00006
Microbacterium sp. 1.5R	1916917	S	103	399	502	0.00007
Microbacterium sp. PAMC22086	2861281	S	97	205	302	0.00004
Microbacterium sp. SGAir0570	2070348	S	91	323	414	0.00006
Microbacterium sp. CGR1	1696072	S	77	309	386	0.00006
Microbacterium sp. str. 'China'	2103230	S	55	285	340	0.00005
Microbacterium sp. PAMC 28756	1795053	S	39	616	655	0.00010
Microbacterium sp. Se5.02b	2864103	S	13	1185	1198	0.00018
Microbacterium cremeum	2782169	S	1402	305	1707	0.00025
Microbacterium foliorum	104336	S	1141	243	1384	0.00021
Microbacterium hominis	162426	S	1075	3008	4083	0.00061
Microbacterium oleivorans	273677	S	1068	214	1282	0.00019
Microbacterium atlanticum	2782168	S	1009	229	1238	0.00018
Microbacterium lemovicicum	1072463	S	846	198	1044	0.00015
Microbacterium sediminis	904291	S	826	385	1211	0.00018
Microbacterium resistens	156977	S	767	146	913	0.00014
Microbacterium oryzae	743009	S	740	226	966	0.00014
Microbacterium pygmaeum	370764	S	699	90	789	0.00012
Microbacterium testaceum	2033	S	658	123	781	0.00012
Microbacterium aurum	36805	S	656	212	868	0.00013
Microbacterium protaetiae	2509458	S	640	148	788	0.00012
Microbacterium luteum	2782167	S	599	257	856	0.00013
Microbacterium wangchenii	2541726	S	588	137	725	0.00011
Microbacterium caowuchunii	2614638	S	588	115	703	0.00010
Microbacterium esteraromaticum	57043	S	588	134	722	0.00011
Microbacterium lushaniae	2614639	S	581	137	718	0.00011
Microbacterium chocolatum	84292	S	525	122	647	0.00010
Microbacterium oxydans	82380	S	509	396	905	0.00013
Microbacterium hydrocarbonoxydans	273678	S	415	76	491	0.00007
Microbacterium schleiferi	69362	S	393	139	532	0.00008
Microbacterium fandaimingii	2708079	S	285	24	309	0.00005
Microbacterium binotii	462710	S	228	173	401	0.00006
Microbacterium amylolyticum	936337	S	218	48	266	0.00004
Microbacterium chengjingii	2769067	S	214	11	225	0.00003
Microbacterium endophyticum	1526412	S	151	10	161	0.00002
Microbacterium paludicola	300019	S	105	389	494	0.00007
Microbacterium paraoxydans	199592	S	88	597	685	0.00010
Agromyces sp. H17E-10	2932244	S	1142	412	1554	0.00023
Agromyces sp. LHK192	2498704	S	1042	332	1374	0.00020
Agromyces sp. CFWR-12	2929802	S	833	528	1361	0.00020
Agromyces flavus	589382	S	1359	469	1828	0.00027
Agromyces soli	659012	S	1105	438	1543	0.00023
Agromyces aureus	453304	S	1054	326	1380	0.00020
Agromyces protaetiae	2509455	S	916	285	1201	0.00018
Agromyces marinus	1389020	S	885	353	1238	0.00018
Agromyces archimandritae	2781962	S	848	265	1113	0.00017
Agromyces intestinalis	2592652	S	763	456	1219	0.00018
Agromyces badenianii	2080742	S	711	254	965	0.00014
Agromyces laixinhei	2585717	S	625	156	781	0.00012
Curtobacterium sp. BH-2-1-1	1905847	S	629	221	850	0.00013
Curtobacterium sp. L6-1	2841594	S	597	207	804	0.00012
Curtobacterium sp. YC1	2795488	S	495	240	735	0.00011
Curtobacterium sp. MR_MD2014	1561023	S	471	229	700	0.00010
Curtobacterium sp. TC1	2862880	S	379	202	581	0.00009
Curtobacterium sp. 24E2	2804758	S	350	198	548	0.00008
Curtobacterium sp. SGAir0471	2070337	S	299	246	545	0.00008
Curtobacterium sp. TXMA1	2876939	S	277	236	513	0.00008
Curtobacterium sp. C1	2898151	S	123	378	501	0.00007
Curtobacterium sp. Csp2	2495430	S	106	368	474	0.00007
Curtobacterium sp. Csp1	2495429	S	18	407	425	0.00006
Curtobacterium flaccumfaciens	2035	S	897	439	1336	0.00020
Curtobacterium luteum	33881	S	518	198	716	0.00011
Rathayibacter sp. VKM Ac-2759	2609252	S	843	322	1165	0.00017
Rathayibacter sp. VKM Ac-2760	2609253	S	670	370	1040	0.00015
Rathayibacter sp. VKM Ac-2804	2609257	S	524	411	935	0.00014
Rathayibacter sp. VKM Ac-2801	2609255	S	355	340	695	0.00010
Rathayibacter sp. VKM Ac-2805	2609258	S	114	317	431	0.00006
Rathayibacter sp. VKM Ac-2762	2609254	S	110	297	407	0.00006
Rathayibacter festucae	110937	S	772	897	1669	0.00025
Rathayibacter tanaceti	1671680	S	498	139	637	0.00009
Rathayibacter iranicus	59737	S	297	43	340	0.00005
Rathayibacter tritici	33888	S	292	97	389	0.00006
Rathayibacter rathayi	33887	S	267	78	345	0.00005
Rathayibacter toxicus	145458	S	143	13	156	0.00002
Leifsonia sp. ZF2019	2781978	S	966	304	1270	0.00019
Leifsonia sp. 21MFCrub1.1	1798223	S	933	1280	2213	0.00033
Leifsonia sp. PS1209	2724914	S	816	254	1070	0.00016
Leifsonia shinshuensis	150026	S	1198	390	1588	0.00024
Leifsonia xyli	1575	S	618	95	713	0.00011
Leucobacter sp. H25R-14	2932245	S	664	118	782	0.00012
Leucobacter sp. NB 10	2873270	S	586	175	761	0.00011
Leucobacter sp. Psy1	2875729	S	500	67	567	0.00008
Leucobacter sp. CX169	2813744	S	398	113	511	0.00008
Leucobacter sp. H21R-36	2932246	S	189	487	676	0.00010
Leucobacter sp. H21R-40	2932247	S	177	456	633	0.00009
Leucobacter muris	1935379	S	653	252	905	0.00013
Leucobacter triazinivorans	1784719	S	611	362	973	0.00014
Leucobacter luti	340320	S	239	24	263	0.00004
Leucobacter viscericola	2714935	S	169	17	186	0.00003
Leucobacter insecticola	2714934	S	162	14	176	0.00003
Leucobacter denitrificans	683042	S	119	19	138	0.00002
Leucobacter coleopterorum	2714933	S	99	10	109	0.00002
Clavibacter michiganensis	28447	S	3691	4330	8021	0.00119
Clavibacter zhangzhiyongii	2768071	S	472	251	723	0.00011
Clavibacter sp. A6099	2860285	S	267	187	454	0.00007
Agrococcus sp. SGAir0287	2070347	S	928	325	1253	0.00019
Agrococcus sp. SCSIO52902	2933290	S	905	515	1420	0.00021
Agrococcus sp. Marseille-Q4369	2810513	S	842	347	1189	0.00018
Agrococcus carbonis	684552	S	986	521	1507	0.00022
Agrococcus jejuensis	399736	S	981	357	1338	0.00020
Protaetiibacter sp. SSC-01	2759943	S	1104	473	1577	0.00023
Protaetiibacter intestinalis	2419774	S	1093	459	1552	0.00023
Protaetiibacter larvae	2592654	S	831	308	1139	0.00017
Salinibacterium sp. ZJ70	2708084	S	658	189	847	0.00013
Salinibacterium sp. ZJ450	2708338	S	600	104	704	0.00010
Salinibacterium sp. dk2585	2603292	S	503	93	596	0.00009
Salinibacterium sp. UTAS2018	2508880	S	136	16	152	0.00002
Salinibacterium sp. M195	2583374	S	135	18	153	0.00002
Salinibacterium hongtaonis	2079791	S	257	29	286	0.00004
Cryobacterium sp. LW097	1978566	S	455	106	561	0.00008
Cryobacterium sp. PAMC25264	2861288	S	235	148	383	0.00006
Cryobacterium soli	2220095	S	372	202	574	0.00009
Cryobacterium arcticum	670052	S	268	210	478	0.00007
Frondihabitans sp. PAMC 28766	1795630	S	760	113	873	0.00013
Frondihabitans sp. 762G35	1446794	S	714	170	884	0.00013
Microcella flavibacter	1804990	S	789	429	1218	0.00018
Microcella alkaliphila	279828	S	519	102	621	0.00009
Microterricola viridarii	412690	S	1300	363	1663	0.00025
Plantibacter sp. PA-3-X8	2480625	S	234	265	499	0.00007
Plantibacter sp. M259	2583822	S	209	230	439	0.00007
Plantibacter flavus	150123	S	260	259	519	0.00008
Gryllotalpicola protaetiae	2419771	S	898	196	1094	0.00016
Cnuibacter physcomitrellae	1619308	S	895	221	1116	0.00017
Herbiconiux sp. SALV-R1	2735133	S	891	203	1094	0.00016
Mycetocola zhujimingii	2079792	S	317	41	358	0.00005
Mycetocola sp. JXN-3	2116510	S	280	45	325	0.00005
Mycetocola spongiae	2859226	S	261	37	298	0.00004
Subtercola sp. AK-R2A1-2	2895559	S	553	55	608	0.00009
Subtercola sp. PAMC28395	2846775	S	298	31	329	0.00005
Humibacter sp. WJ7-1	2599293	S	847	213	1060	0.00016
Frigoribacterium sp. NBH87	2596916	S	827	277	1104	0.00016
Chryseoglobus indicus	2750620	S	145	344	489	0.00007
Chryseoglobus sp. 28M-23	2772253	S	124	279	403	0.00006
Amnibacterium sp. L3-i23	2905871	S	724	197	921	0.00014
Gulosibacter sediminis	1729695	S	569	186	755	0.00011
Marisediminicola antarctica	674079	S	559	78	637	0.00009
Glaciihabitans sp. INWT7	2596912	S	490	44	534	0.00008
Diaminobutyricimonas sp. LJ205	2683590	S	489	104	593	0.00009
Agreia sp. COWG	2773266	S	468	63	531	0.00008
Candidatus Rhodoluna planktonica	535712	S	35	1	36	0.00001
Rhodoluna limnophila	232537	S	29	1	30	0.00000
Rhodoluna lacicola	529884	S	13	0	13	0.00000
Aquiluna borgnonia	2499157	S	44	6	50	0.00001
Candidatus Aquiluna sp. UB-MaderosW2red	1855377	S	23	2	25	0.00000
Pseudoclavibacter sp. Marseille-Q3772	2866588	S	132	28	160	0.00002
Aurantimicrobium photophilum	1987356	S	30	2	32	0.00000
Aurantimicrobium minutum	708131	S	19	4	23	0.00000
Aurantimicrobium sp. MWH-Uga1	2079575	S	19	4	23	0.00000
Pontimonas salivibrio	1159327	S	44	2	46	0.00001
Arthrobacter sp. NicSoilC5	2831000	S	638	364	1002	0.00015
Arthrobacter sp. QL17	2895818	S	548	141	689	0.00010
Arthrobacter sp. QXT-31	1357915	S	537	161	698	0.00010
Arthrobacter sp. FW305-BF8	2879617	S	460	136	596	0.00009
Arthrobacter sp. PM3	2017685	S	423	74	497	0.00007
Arthrobacter sp. PAMC25564	2565366	S	411	122	533	0.00008
Arthrobacter sp. NicSoilB8	2830998	S	407	115	522	0.00008
Arthrobacter sp. 24S4-2	2575374	S	364	89	453	0.00007
Arthrobacter sp. ERGS1:01	1704044	S	356	75	431	0.00006
Arthrobacter sp. KBS0702	2578107	S	352	151	503	0.00007
Arthrobacter sp. UKPF54-2	2600159	S	351	160	511	0.00008
Arthrobacter sp. U41	1849032	S	350	109	459	0.00007
Arthrobacter sp. NicSoilB4	2830997	S	346	118	464	0.00007
Arthrobacter sp. FB24	290399	S	321	115	436	0.00006
Arthrobacter sp. PGP41	2079227	S	317	125	442	0.00007
Arthrobacter sp. PAMC25284	2861279	S	289	81	370	0.00005
Arthrobacter sp. FW306-2-2C-D06B	2879618	S	275	58	333	0.00005
Arthrobacter sp. Helios	2828862	S	274	48	322	0.00005
Arthrobacter sp. PAMC 25486	1494608	S	233	41	274	0.00004
Arthrobacter sp. zg-Y809	2886940	S	212	84	296	0.00004
Arthrobacter sp. StoSoilB5	2830992	S	197	61	258	0.00004
Arthrobacter sp. zg-Y462	2886936	S	189	42	231	0.00003
Arthrobacter sp. NtRootA1	2830983	S	181	59	240	0.00004
Arthrobacter sp. StoSoilB20	2830995	S	171	53	224	0.00003
Arthrobacter sp. FW306-06-A	2879621	S	164	555	719	0.00011
Arthrobacter sp. D5-1	1477518	S	127	90	217	0.00003
Arthrobacter sp. YN	2020486	S	100	44	144	0.00002
Arthrobacter sp. FW306-05-C	2879620	S	100	502	602	0.00009
Arthrobacter sp. FW306-07-I	2879622	S	98	528	626	0.00009
Arthrobacter sp. NicSoilB11	2830999	S	93	358	451	0.00007
Arthrobacter sp. C1-1	2813727	S	82	12	94	0.00001
Arthrobacter sp. StoSoilB19	2830994	S	66	292	358	0.00005
Arthrobacter sp. StoSoilA2	2830990	S	50	86	136	0.00002
Arthrobacter sp. StoSoilB13	2830993	S	40	71	111	0.00002
Arthrobacter agilis	37921	S	968	158	1126	0.00017
Arthrobacter crystallopoietes	37928	S	691	137	828	0.00012
Arthrobacter woluwensis	156980	S	477	118	595	0.00009
Arthrobacter dokdonellae	2211210	S	400	74	474	0.00007
Arthrobacter sulfonylureivorans	2486855	S	380	66	446	0.00007
Arthrobacter alpinus	656366	S	252	443	695	0.00010
Arthrobacter jiangjiafuii	2817475	S	248	74	322	0.00005
Arthrobacter sunyaminii	2816859	S	162	59	221	0.00003
Kocuria rosea	1275	S	845	282	1127	0.00017
Kocuria flava	446860	S	781	415	1196	0.00018
Kocuria turfanensis	388357	S	727	264	991	0.00015
Kocuria palustris	71999	S	495	210	705	0.00010
Kocuria rhizophila	72000	S	352	524	876	0.00013
Kocuria varians	1272	S	251	185	436	0.00006
Kocuria sp. TGY1127_2	2711328	S	116	20	136	0.00002
Kocuria sp. KD4	2719588	S	80	128	208	0.00003
Kocuria sp. BT304	1702043	S	32	156	188	0.00003
Kocuria indica	1049583	S	68	130	198	0.00003
Pseudarthrobacter sp. BIM B-2242	2772401	S	295	79	374	0.00006
Pseudarthrobacter sp. L1SW	2851598	S	289	126	415	0.00006
Pseudarthrobacter sp. SSS035	2931399	S	178	149	327	0.00005
Pseudarthrobacter sp. NIBRBAC000502772	2590775	S	159	114	273	0.00004
Pseudarthrobacter sp. NBSH8	2596911	S	141	54	195	0.00003
Pseudarthrobacter sp. NIBRBAC000502771	2590774	S	98	334	432	0.00006
Pseudarthrobacter sp. NIBRBAC000502770	2590785	S	91	276	367	0.00005
Pseudarthrobacter chlorophenolicus	85085	S	283	108	391	0.00006
Pseudarthrobacter phenanthrenivorans	361575	S	270	142	412	0.00006
Pseudarthrobacter equi	728066	S	269	107	376	0.00006
Pseudarthrobacter psychrotolerans	2697569	S	227	92	319	0.00005
Pseudarthrobacter sulfonivorans	121292	S	170	168	338	0.00005
Micrococcus luteus	1270	S	1035	1674	2709	0.00040
Micrococcus sp. KD337-16	2856555	S	461	303	764	0.00011
Micrococcus sp. KBS0714	1179670	S	14	120	134	0.00002
Micrococcus yunnanensis	566027	S	11	88	99	0.00001
Sinomonas atrocyanea	37927	S	1029	366	1395	0.00021
Sinomonas sp. R1AF57	2020377	S	765	194	959	0.00014
Glutamicibacter creatinolyticus	162496	S	313	78	391	0.00006
Glutamicibacter protophormiae	37930	S	285	179	464	0.00007
Glutamicibacter halophytocola	1933880	S	136	26	162	0.00002
Glutamicibacter mishrai	1775880	S	116	27	143	0.00002
Glutamicibacter arilaitensis	256701	S	110	44	154	0.00002
Glutamicibacter nicotianae	37929	S	88	266	354	0.00005
Glutamicibacter sp. ZJUTW	1155384	S	22	97	119	0.00002
Rothia kristinae	37923	S	567	359	926	0.00014
Rothia mucilaginosa	43675	S	173	36	209	0.00003
Rothia nasimurium	85336	S	71	34	105	0.00002
Rothia aeria	172042	S	69	29	98	0.00001
Rothia dentocariosa	2047	S	63	29	92	0.00001
Rothia terrae	396015	S	43	19	62	0.00001
Rothia amarae	169480	S	36	17	53	0.00001
Rothia sp. ZJ932	2810516	S	24	3	27	0.00000
Paenarthrobacter ureafaciens	37931	S	186	338	524	0.00008
Paenarthrobacter aurescens	43663	S	180	120	300	0.00004
Paenarthrobacter sp. YJN-5	2735316	S	62	161	223	0.00003
Paenarthrobacter sp. YJN-D	2735317	S	33	78	111	0.00002
Paenarthrobacter nicotinovorans	29320	S	49	103	152	0.00002
Citricoccus sp. SGAir0253	2567881	S	771	232	1003	0.00015
Nesterenkonia sp. NBAIMH1	2600320	S	273	19	292	0.00004
Paeniglutamicibacter sp. Y32M11	2853258	S	151	25	176	0.00003
Neomicrococcus aestuarii	556325	S	95	42	137	0.00002
Psychromicrobium lacuslunae	1618207	S	93	13	106	0.00002
Renibacterium salmoninarum	1646	S	68	4	72	0.00001
Auritidibacter sp. NML130574	2170745	S	65	7	72	0.00001
Cellulomonas sp. Y8	2591145	S	1314	670	1984	0.00029
Cellulomonas sp. H30R-01	2704467	S	1264	582	1846	0.00027
Cellulomonas sp. JZ18	2654191	S	1154	584	1738	0.00026
Cellulomonas sp. C5510	2871170	S	1120	534	1654	0.00025
Cellulomonas sp. zg-ZUI188	2819978	S	1025	342	1367	0.00020
Cellulomonas sp. zg-ZUI222	2816956	S	932	415	1347	0.00020
Cellulomonas sp. zg-ZUI157	2819979	S	922	378	1300	0.00019
Cellulomonas sp. EW123	2608402	S	856	586	1442	0.00021
Cellulomonas sp. PSBB021	2003551	S	788	733	1521	0.00023
Cellulomonas fimi	1708	S	1226	1188	2414	0.00036
Cellulomonas shaoxiangyii	2566013	S	1086	529	1615	0.00024
Cellulomonas flavigena	1711	S	1077	480	1557	0.00023
Cellulomonas iranensis	76862	S	1069	585	1654	0.00025
Cellulomonas gilvus	11	S	918	474	1392	0.00021
Cellulomonas taurus	2729175	S	639	242	881	0.00013
Actinotalea sp. JY-7876	2758442	S	1139	493	1632	0.00024
Oerskovia sp. KBS0722	1179673	S	897	342	1239	0.00018
Pseudactinotalea sp. HY158	2654547	S	826	141	967	0.00014
Paraoerskovia marina	545619	S	616	190	806	0.00012
Cellulosimicrobium cellulans	1710	S	2058	2349	4407	0.00065
Cellulosimicrobium sp. BI34T	2587808	S	906	475	1381	0.00020
Cellulosimicrobium sp. JZ28	1906273	S	185	456	641	0.00010
Cellulosimicrobium sp. TH-20	1980001	S	104	500	604	0.00009
Cellulosimicrobium sp. 72-3	2731680	S	93	434	527	0.00008
Xylanimonas protaetiae	2509457	S	994	515	1509	0.00022
Xylanimonas allomyrinae	2509459	S	852	317	1169	0.00017
Xylanimonas cellulosilytica	186189	S	827	347	1174	0.00017
Isoptericola variabilis	139208	S	1090	668	1758	0.00026
Isoptericola dokdonensis	372663	S	1002	454	1456	0.00022
Janibacter melonis	262209	S	1063	419	1482	0.00022
Janibacter limosus	53458	S	645	199	844	0.00013
Janibacter indicus	857417	S	376	599	975	0.00014
Janibacter sp. YB324	2761047	S	222	473	695	0.00010
Phycicoccus sp. HDW14	2714941	S	1306	495	1801	0.00027
Phycicoccus endophyticus	1690220	S	1111	372	1483	0.00022
Intrasporangium calvum	53358	S	1231	354	1585	0.00023
Pedococcus dokdonensis	443156	S	1230	417	1647	0.00024
Arsenicicoccus sp. oral taxon 190	1658671	S	1026	459	1485	0.00022
Tetrasphaera sp. HKS02	1813880	S	938	280	1218	0.00018
Ornithinimicrobium avium	2283195	S	1083	328	1411	0.00021
Ornithinimicrobium sp. HY006	2508882	S	757	284	1041	0.00015
Ornithinimicrobium sp. INDO-MA30-4	2908651	S	180	37	217	0.00003
Ornithinimicrobium flavum	1288636	S	847	305	1152	0.00017
Ornithinimicrobium ciconiae	2594265	S	617	110	727	0.00011
Ornithinimicrobium pratense	2593973	S	520	166	686	0.00010
Serinicoccus chungangensis	767452	S	836	316	1152	0.00017
Serinicoccus hydrothermalis	1758689	S	775	376	1151	0.00017
Serinicoccus profundi	1078471	S	695	280	975	0.00014
Serinicoccus marinus	247333	S	655	334	989	0.00015
Brachybacterium sp. SGAir0954	2571029	S	829	254	1083	0.00016
Brachybacterium sp. CBA3105	2887346	S	800	205	1005	0.00015
Brachybacterium sp. P6-10-X1	1903186	S	639	123	762	0.00011
Brachybacterium saurashtrense	556288	S	680	212	892	0.00013
Brachybacterium ginsengisoli	1331682	S	620	197	817	0.00012
Brachybacterium faecium	43669	S	606	202	808	0.00012
Brachybacterium vulturis	2017484	S	447	176	623	0.00009
Brachybacterium avium	2017485	S	420	165	585	0.00009
Dermabacter vaginalis	1630135	S	247	185	432	0.00006
Dermabacter jinjuensis	1667168	S	208	195	403	0.00006
Devriesea agamarum	472569	S	109	6	115	0.00002
Brevibacterium sp. CS2	2575923	S	737	343	1080	0.00016
Brevibacterium sp. SMBL_HHYL_HB1	2777556	S	322	80	402	0.00006
Brevibacterium sp. HY170	2898795	S	148	47	195	0.00003
Brevibacterium sp. W7.2	2823518	S	117	622	739	0.00011
Brevibacterium sp. 'Marine'	2725563	S	107	76	183	0.00003
Brevibacterium casei	33889	S	734	562	1296	0.00019
Brevibacterium linens	1703	S	374	246	620	0.00009
Brevibacterium luteolum	199591	S	373	173	546	0.00008
Brevibacterium atlanticum	2697563	S	251	58	309	0.00005
Brevibacterium oceani	358099	S	240	59	299	0.00004
Brevibacterium sandarakinum	629680	S	232	47	279	0.00004
Brevibacterium aurantiacum	273384	S	219	162	381	0.00006
Brevibacterium limosum	2697565	S	207	84	291	0.00004
Brevibacterium siliguriense	1136497	S	148	47	195	0.00003
Brevibacterium pigmentatum	1496080	S	125	101	226	0.00003
Georgenia sp. TF02-10	2917725	S	1079	467	1546	0.00023
Georgenia yuyongxinii	2589797	S	1002	288	1290	0.00019
Georgenia wutianyii	2585135	S	993	404	1397	0.00021
Georgenia faecalis	2483799	S	916	299	1215	0.00018
Dermacoccus nishinomiyaensis	1274	S	818	407	1225	0.00018
Dermacoccus sp. PAMC28757	2762331	S	518	217	735	0.00011
Luteipulveratus mongoliensis	571913	S	883	141	1024	0.00015
Allobranchiibius sp. GilTou73	2904523	S	730	184	914	0.00014
Yimella sp. cx-51	2770551	S	475	109	584	0.00009
Haloactinobacterium kanbiaonis	2675754	S	1118	191	1309	0.00019
Ruania sp. LR1S40	2897774	S	628	152	780	0.00012
Ruania sp. M4N3S171	2897773	S	410	69	479	0.00007
Ruania zhangjianzhongii	2603206	S	721	85	806	0.00012
Ruania alkalisoli	2779775	S	431	89	520	0.00008
Beutenbergia cavernae	84757	S	1436	279	1715	0.00025
Miniimonas sp. S16	2171623	S	1086	670	1756	0.00026
Pengzhenrongella sicca	2819238	S	1290	420	1710	0.00025
Luteimicrobium xylanilyticum	1133546	S	1035	376	1411	0.00021
Sanguibacter keddieii	60920	S	870	305	1175	0.00017
Sanguibacter sp. HDW7	2714931	S	766	283	1049	0.00016
Gephyromycinifex aptenodytis	2716227	S	369	51	420	0.00006
Austwickia chelonae	100225	S	286	26	312	0.00005
Dermatophilus congolensis	1863	S	75	8	83	0.00001
Kytococcus sedentarius	1276	S	689	291	980	0.00015
Demequina sp. TMPB413	2881056	S	384	35	419	0.00006
Jonesia denitrificans	43674	S	61	12	73	0.00001
Tropheryma whipplei	2039	S	17	0	17	0.00000
Mycolicibacterium litorale	758802	S	1424	400	1824	0.00027
Mycolicibacterium fortuitum	1766	S	1224	497	1721	0.00026
Mycolicibacterium smegmatis	1772	S	1075	436	1511	0.00022
Mycolicibacterium sp. YH-1	2908837	S	661	419	1080	0.00016
Mycolicibacterium pulveris	36813	S	940	161	1101	0.00016
Mycolicibacterium sediminis	1286180	S	932	172	1104	0.00016
Mycolicibacterium madagascariense	212765	S	899	139	1038	0.00015
Mycolicibacterium rutilum	370526	S	884	267	1151	0.00017
Mycolicibacterium arabiense	1286181	S	873	137	1010	0.00015
Mycolicibacterium phlei	1771	S	861	297	1158	0.00017
Mycolicibacterium chubuense	1800	S	836	192	1028	0.00015
Mycolicibacterium hassiacum	46351	S	832	229	1061	0.00016
Mycolicibacterium neoaurum	1795	S	827	160	987	0.00015
Mycolicibacterium parafortuitum	39692	S	806	164	970	0.00014
Mycolicibacterium moriokaense	39691	S	784	98	882	0.00013
Mycolicibacterium mageritense	53462	S	766	132	898	0.00013
Mycolicibacterium psychrotolerans	216929	S	751	173	924	0.00014
Mycolicibacterium chitae	1792	S	749	182	931	0.00014
Mycolicibacterium thermoresistibile	1797	S	743	169	912	0.00014
Mycolicibacterium vaccae	1810	S	739	149	888	0.00013
Mycolicibacterium celeriflavum	1249101	S	739	147	886	0.00013
Mycolicibacterium poriferae	39694	S	705	151	856	0.00013
Mycolicibacterium rhodesiae	36814	S	697	116	813	0.00012
Mycolicibacterium duvalii	39688	S	683	137	820	0.00012
Mycolicibacterium phocaicum	319706	S	665	348	1013	0.00015
Mycolicibacterium monacense	85693	S	638	209	847	0.00013
Mycolicibacterium confluentis	28047	S	627	97	724	0.00011
Mycolicibacterium tokaiense	39695	S	627	101	728	0.00011
Mycolicibacterium gadium	1794	S	626	85	711	0.00011
Mycolicibacterium baixiangningiae	2761578	S	625	103	728	0.00011
Mycolicibacterium aurum	1791	S	612	81	693	0.00010
Mycolicibacterium gilvum	1804	S	612	229	841	0.00012
Mycolicibacterium fluoranthenivorans	258505	S	611	81	692	0.00010
Mycolicibacterium fallax	1793	S	591	241	832	0.00012
Mycolicibacterium aichiense	1799	S	584	102	686	0.00010
Mycolicibacterium insubricum	444597	S	569	163	732	0.00011
Mycolicibacterium helvum	1534349	S	545	66	611	0.00009
Mycolicibacterium anyangense	1431246	S	495	82	577	0.00009
Mycolicibacterium austroafricanum	39687	S	482	1843	2325	0.00034
Mycolicibacterium boenickei	146017	S	476	627	1103	0.00016
Mycolicibacterium mengxianglii	2736649	S	447	49	496	0.00007
Mycolicibacterium mucogenicum	56689	S	438	178	616	0.00009
Mycobacterium doricum	126673	S	421	97	518	0.00008
Mycolicibacterium alvei	67081	S	412	114	526	0.00008
Mycolicibacterium sarraceniae	1534348	S	332	43	375	0.00006
Mycolicibacterium septicum	98668	S	287	193	480	0.00007
Mycolicibacterium farcinogenes	1802	S	193	669	862	0.00013
Mycolicibacterium vanbaalenii	110539	S	91	1424	1515	0.00022
Mycolicibacterium nivoides	2487344	S	65	300	365	0.00005
Mycobacterium sp. JS623	212767	S	948	81	1029	0.00015
Mycobacterium sp. IDR2000157661	2867005	S	748	140	888	0.00013
Mycobacterium sp. EPa45	1545728	S	580	100	680	0.00010
Mycobacterium sp. YC-RL4	1682113	S	529	194	723	0.00011
Mycobacterium sp. MS1601	1936029	S	526	76	602	0.00009
Mycobacterium sp. DL592	2675524	S	499	83	582	0.00009
Mycobacterium sp. DL440	2675523	S	375	86	461	0.00007
Mycobacterium sp. TY59	2775496	S	328	57	385	0.00006
Mycobacterium sp. WY10	1920667	S	187	579	766	0.00011
Mycobacterium sp. PYR15	2051552	S	61	549	610	0.00009
Mycobacterium sp. 20KCMC460	2903536	S	28	629	657	0.00010
Mycobacterium sp. MOTT36Y	1168287	S	16	215	231	0.00003
Mycobacterium saskatchewanense	220927	S	712	136	848	0.00013
Mycobacterium parmense	185642	S	686	131	817	0.00012
Mycobacterium kubicae	120959	S	585	99	684	0.00010
Mycobacterium shigaense	722731	S	536	76	612	0.00009
Mycobacterium simiae	1784	S	500	43	543	0.00008
Mycobacterium stomatepiae	470076	S	467	89	556	0.00008
Mycobacterium lentiflavum	141349	S	448	101	549	0.00008
Mycobacterium heidelbergense	53376	S	439	105	544	0.00008
Mycobacterium florentinum	292462	S	438	93	531	0.00008
Mycobacterium avium	1764	S	989	955	1944	0.00029
Mycobacterium intracellulare	1767	S	461	2658	3119	0.00046
Mycobacterium colombiense	339268	S	460	82	542	0.00008
Mycobacterium mantenii	560555	S	420	53	473	0.00007
Mycobacterium marseillense	701042	S	410	101	511	0.00008
Mycobacterium paraintracellulare	1138383	S	106	763	869	0.00013
Mycobacterium goodii	134601	S	964	356	1320	0.00020
Mycobacterium grossiae	1552759	S	942	287	1229	0.00018
Mycobacterium rufum	318424	S	869	262	1131	0.00017
Mycobacterium crocinum	388459	S	731	424	1155	0.00017
Mycobacterium dioxanotrophicus	482462	S	691	172	863	0.00013
Mycobacterium holsaticum	152142	S	681	109	790	0.00012
Mycobacterium canettii	78331	S	195	116	311	0.00005
Mycobacterium tuberculosis	1773	S	120	3689	3809	0.00056
Mycobacterium branderi	43348	S	605	75	680	0.00010
Mycobacterium diernhoferi	1801	S	600	122	722	0.00011
Mycobacterium paragordonae	1389713	S	592	73	665	0.00010
Mycobacterium frederiksbergense	117567	S	585	184	769	0.00011
Mycobacterium conspicuum	44010	S	583	72	655	0.00010
Mycobacterium gordonae	1778	S	550	47	597	0.00009
Mycobacterium cookii	1775	S	523	53	576	0.00009
Mycobacterium koreense	1069220	S	467	140	607	0.00009
Mycobacterium noviomagense	459858	S	457	37	494	0.00007
Mycobacterium paraterrae	577492	S	425	47	472	0.00007
Mycobacterium heckeshornense	110505	S	424	33	457	0.00007
Mycobacterium xenopi	1789	S	419	50	469	0.00007
Mycobacterium shinjukuense	398694	S	407	40	447	0.00007
Mycobacterium malmoense	1780	S	406	65	471	0.00007
Mycobacterium kansasii	1768	S	402	40	442	0.00007
Mycobacterium paraseoulense	590652	S	394	82	476	0.00007
Mycobacterium vicinigordonae	1719132	S	390	21	411	0.00006
Mycobacterium riyadhense	486698	S	388	16	404	0.00006
Mycobacterium seoulense	386911	S	382	92	474	0.00007
Mycobacterium lacus	169765	S	364	27	391	0.00006
Mycobacterium virginiense	1795032	S	347	95	442	0.00007
Mycobacterium spongiae	886343	S	333	9	342	0.00005
Mycobacterium basiliense	2094119	S	329	12	341	0.00005
Mycobacterium ostraviense	2738409	S	325	33	358	0.00005
Mycobacterium haemophilum	29311	S	202	10	212	0.00003
Mycobacterium marinum	1781	S	101	451	552	0.00008
Mycobacterium senegalense	1796	S	80	452	532	0.00008
Mycobacterium lepromatosis	480418	S	61	1	62	0.00001
Mycobacterium pallens	370524	S	52	518	570	0.00008
Mycobacterium ulcerans	1809	S	48	229	277	0.00004
Mycobacterium leprae	1769	S	46	1	47	0.00001
Mycobacterium novum	2492438	S	34	480	514	0.00008
Mycobacterium shottsii	133549	S	22	41	63	0.00001
Mycobacterium pseudoshottsii	265949	S	17	110	127	0.00002
Mycolicibacter sp. MYC340	2855503	S	325	84	409	0.00006
Mycolicibacter sp. MYC098	2872309	S	286	74	360	0.00005
Mycolicibacter sp. MYC017	2875777	S	216	174	390	0.00006
Mycolicibacter sp. MYC123	2855502	S	68	284	352	0.00005
Mycolicibacter sp. MYC101	2872311	S	61	247	308	0.00005
Mycolicibacter hiberniae	29314	S	445	99	544	0.00008
Mycolicibacter terrae	1788	S	370	121	491	0.00007
Mycolicibacter minnesotensis	1118379	S	294	53	347	0.00005
Mycolicibacter sinensis	875328	S	58	669	727	0.00011
Mycobacteroides abscessus	36809	S	663	672	1335	0.00020
Mycobacteroides chelonae	1774	S	478	153	631	0.00009
Mycobacteroides immunogenum	83262	S	277	60	337	0.00005
Mycobacteroides saopaulense	1578165	S	270	38	308	0.00005
Mycobacteroides salmoniphilum	404941	S	213	23	236	0.00004
[Mycobacterium] stephanolepidis	1520670	S	139	43	182	0.00003
Mycolicibacillus parakoreensis	1069221	S	566	170	736	0.00011
Hoyosella subflava	639313	S	259	15	274	0.00004
Nocardia asteroides	1824	S	4136	1528	5664	0.00084
Nocardia brasiliensis	37326	S	2470	736	3206	0.00048
Nocardia terpenica	455432	S	1690	327	2017	0.00030
Nocardia cyriacigeorgica	135487	S	1619	755	2374	0.00035
Nocardia farcinica	37329	S	1272	850	2122	0.00031
Nocardia arthritidis	228602	S	1051	143	1194	0.00018
Nocardia wallacei	480035	S	1029	317	1346	0.00020
Nocardia huaxiensis	2755382	S	977	207	1184	0.00018
Nocardia otitidiscaviarum	1823	S	894	191	1085	0.00016
Nocardia gipuzkoensis	2749991	S	873	347	1220	0.00018
Nocardia yamanashiensis	209247	S	869	187	1056	0.00016
Nocardia nova	37330	S	832	127	959	0.00014
Nocardia tengchongensis	2055889	S	825	223	1048	0.00016
Nocardia seriolae	37332	S	813	237	1050	0.00016
Nocardia iowensis	204891	S	813	191	1004	0.00015
Nocardia yunnanensis	2382165	S	812	215	1027	0.00015
Nocardia sp. CS682	1047172	S	784	204	988	0.00015
Nocardia mangyaensis	2213200	S	665	192	857	0.00013
Rhodococcus sp. X156	2499145	S	968	365	1333	0.00020
Rhodococcus sp. MTM3W5.2	1805827	S	833	218	1051	0.00016
Rhodococcus sp. W8901	2742603	S	762	219	981	0.00015
Rhodococcus sp. SGAir0479	2567884	S	725	231	956	0.00014
Rhodococcus sp. PBTS 1	1653478	S	711	202	913	0.00014
Rhodococcus sp. ABRD24	2507582	S	459	88	547	0.00008
Rhodococcus sp. R79	2811421	S	453	300	753	0.00011
Rhodococcus sp. USK10	2789739	S	360	249	609	0.00009
Rhodococcus sp. P1Y	1302308	S	357	35	392	0.00006
Rhodococcus sp. B7740	1564114	S	345	51	396	0.00006
Rhodococcus sp. WMMA185	679318	S	301	41	342	0.00005
Rhodococcus sp. WAY2	2663121	S	232	217	449	0.00007
Rhodococcus sp. RDE2	2885078	S	212	204	416	0.00006
Rhodococcus sp. USK13	2806442	S	180	136	316	0.00005
Rhodococcus sp. WB9	2594007	S	130	168	298	0.00004
Rhodococcus sp. ZPP	2749906	S	102	304	406	0.00006
Rhodococcus sp. DMU1	2722825	S	94	340	434	0.00006
Rhodococcus sp. S2-17	1990687	S	92	285	377	0.00006
Rhodococcus sp. M8	1925550	S	76	228	304	0.00005
Rhodococcus sp. 21391	2683591	S	56	246	302	0.00004
Rhodococcus sp. 2G	1570939	S	55	219	274	0.00004
Rhodococcus sp. WB1	1033922	S	49	404	453	0.00007
Rhodococcus sp. DMF-1	2907624	S	43	327	370	0.00005
Rhodococcus sp. p52	935199	S	38	198	236	0.00004
Rhodococcus sp. P-2	2795031	S	28	32	60	0.00001
Rhodococcus sp. LW-XY12	2856851	S	28	248	276	0.00004
Rhodococcus sp. NJ-530	2490853	S	18	96	114	0.00002
Rhodococcus sp. YL-1	1045808	S	16	65	81	0.00001
Rhodococcus sp. AQ5-07	2054902	S	16	52	68	0.00001
Rhodococcus sp. PSBB049	2812863	S	14	193	207	0.00003
Rhodococcus sp. H-CA8f	1727214	S	13	53	66	0.00001
Rhodococcus sp. C1	644410	S	12	131	143	0.00002
Rhodococcus sp. BH4	1807790	S	12	73	85	0.00001
Rhodococcus opacus	37919	S	2088	2062	4150	0.00062
Rhodococcus equi	43767	S	1238	516	1754	0.00026
Rhodococcus fascians	1828	S	970	229	1199	0.00018
Rhodococcus rhodochrous	1829	S	712	415	1127	0.00017
Rhodococcus triatomae	300028	S	611	189	800	0.00012
Rhodococcus coprophilus	38310	S	537	102	639	0.00009
Rhodococcus koreensis	99653	S	471	139	610	0.00009
Rhodococcus jostii	132919	S	401	163	564	0.00008
Rhodococcus pyridinivorans	103816	S	371	1361	1732	0.00026
Rhodococcus erythropolis	1833	S	169	735	904	0.00013
Rhodococcus qingshengii	334542	S	154	796	950	0.00014
Rhodococcus ruber	1830	S	358	1123	1481	0.00022
Rhodococcus globerulus	33008	S	294	35	329	0.00005
Rhodococcus aetherivorans	191292	S	127	1126	1253	0.00019
Corynebacterium cyclohexanicum	322009	S	720	295	1015	0.00015
Corynebacterium sphenisci	191493	S	621	186	807	0.00012
Corynebacterium xerosis	1725	S	574	315	889	0.00013
Corynebacterium frankenforstense	1230998	S	538	160	698	0.00010
Corynebacterium bovis	36808	S	488	109	597	0.00009
Corynebacterium sp. CNCTC7651	2815361	S	198	38	236	0.00004
Corynebacterium sp. NML98-0116	702967	S	155	55	210	0.00003
Corynebacterium sp. 1864	2820399	S	29	60	89	0.00001
Corynebacterium sp. FDAARGOS 1242	2778078	S	20	51	71	0.00001
Corynebacterium sp. 4H37-19	2684405	S	16	1	17	0.00000
Corynebacterium freneyi	134034	S	370	143	513	0.00008
Corynebacterium vitaeruminis	38305	S	360	105	465	0.00007
Corynebacterium halotolerans	225326	S	357	81	438	0.00007
Corynebacterium nuruki	1032851	S	350	81	431	0.00006
Corynebacterium humireducens	1223514	S	329	94	423	0.00006
Corynebacterium timonense	441500	S	310	73	383	0.00006
Corynebacterium variabile	1727	S	308	177	485	0.00007
Corynebacterium maris	575200	S	276	43	319	0.00005
Corynebacterium yudongzhengii	2080740	S	276	51	327	0.00005
Corynebacterium doosanense	1121358	S	266	125	391	0.00006
Corynebacterium mycetoides	38302	S	258	122	380	0.00006
Corynebacterium liangguodongii	2079535	S	249	54	303	0.00005
Corynebacterium marinum	349751	S	242	91	333	0.00005
Corynebacterium uterequi	1072256	S	231	38	269	0.00004
Corynebacterium provencense	1737425	S	229	50	279	0.00004
Corynebacterium atypicum	191610	S	220	65	285	0.00004
Corynebacterium sanguinis	2594913	S	219	146	365	0.00005
Corynebacterium comes	2675218	S	214	52	266	0.00004
Corynebacterium jeikeium	38289	S	205	509	714	0.00011
Corynebacterium terpenotabidum	89154	S	204	56	260	0.00004
Corynebacterium glyciniphilum	1404244	S	202	24	226	0.00003
Corynebacterium imitans	156978	S	200	115	315	0.00005
Corynebacterium urealyticum	43771	S	186	295	481	0.00007
Corynebacterium ureicelerivorans	401472	S	181	59	240	0.00004
Corynebacterium uberis	2883169	S	180	21	201	0.00003
Corynebacterium falsenii	108486	S	171	71	242	0.00004
Corynebacterium qintianiae	2709392	S	170	46	216	0.00003
Corynebacterium glaucum	187491	S	167	35	202	0.00003
Corynebacterium glucuronolyticum	39791	S	162	37	199	0.00003
Corynebacterium testudinoris	136857	S	159	32	191	0.00003
Corynebacterium efficiens	152794	S	158	28	186	0.00003
Corynebacterium lujinxingii	2763010	S	154	51	205	0.00003
Corynebacterium kroppenstedtii	161879	S	154	15	169	0.00003
Corynebacterium coyleae	53374	S	144	36	180	0.00003
Corynebacterium incognita	2754725	S	133	30	163	0.00002
Corynebacterium lactis	1231000	S	132	20	152	0.00002
Corynebacterium aurimucosum	169292	S	131	59	190	0.00003
Corynebacterium genitalium	38288	S	129	28	157	0.00002
Corynebacterium matruchotii	43768	S	125	8	133	0.00002
Corynebacterium tuberculostearicum	38304	S	125	74	199	0.00003
Corynebacterium striatum	43770	S	120	99	219	0.00003
Corynebacterium occultum	2675219	S	117	20	137	0.00002
Corynebacterium riegelii	156976	S	107	27	134	0.00002
Corynebacterium renale	1724	S	105	12	117	0.00002
Corynebacterium aquilae	203263	S	103	15	118	0.00002
Corynebacterium endometrii	2488819	S	101	18	119	0.00002
Corynebacterium kalinowskii	2675216	S	94	43	137	0.00002
Corynebacterium lizhenjunii	2709394	S	90	14	104	0.00002
Corynebacterium zhongnanshanii	2768834	S	85	11	96	0.00001
Corynebacterium flavescens	28028	S	81	22	103	0.00002
Corynebacterium urogenitale	2487892	S	75	13	88	0.00001
Corynebacterium epidermidicanis	1050174	S	75	12	87	0.00001
Corynebacterium simulans	146827	S	74	56	130	0.00002
Corynebacterium camporealensis	161896	S	65	16	81	0.00001
Corynebacterium singulare	161899	S	62	50	112	0.00002
Corynebacterium minutissimum	38301	S	61	61	122	0.00002
Corynebacterium gerontici	2079234	S	57	11	68	0.00001
Corynebacterium phocae	161895	S	56	7	63	0.00001
Corynebacterium propinquum	43769	S	51	21	72	0.00001
Corynebacterium macginleyi	38290	S	49	11	60	0.00001
Corynebacterium cystitidis	35757	S	48	2	50	0.00001
Corynebacterium kefirresidentii	1979527	S	48	31	79	0.00001
Corynebacterium pseudodiphtheriticum	37637	S	43	14	57	0.00001
Corynebacterium choanae	1862358	S	41	4	45	0.00001
Corynebacterium stationis	1705	S	41	10	51	0.00001
Corynebacterium diphtheriae	1717	S	40	31	71	0.00001
Corynebacterium resistens	258224	S	40	22	62	0.00001
Corynebacterium argentoratense	42817	S	39	8	47	0.00001
Corynebacterium pelargi	1471400	S	38	12	50	0.00001
Corynebacterium pseudopelargi	2080757	S	38	13	51	0.00001
Corynebacterium casei	160386	S	37	44	81	0.00001
Corynebacterium ulcerans	65058	S	35	13	48	0.00001
Corynebacterium deserti	1408191	S	35	12	47	0.00001
Corynebacterium glutamicum	1718	S	34	459	493	0.00007
Corynebacterium accolens	38284	S	34	82	116	0.00002
Corynebacterium ammoniagenes	1697	S	34	7	41	0.00001
Corynebacterium pseudotuberculosis	1719	S	29	354	383	0.00006
Corynebacterium anserum	2684406	S	28	3	31	0.00000
Corynebacterium callunae	1721	S	25	8	33	0.00000
Corynebacterium mustelae	571915	S	24	1	25	0.00000
Corynebacterium segmentosum	43990	S	22	53	75	0.00001
Corynebacterium hindlerae	699041	S	21	41	62	0.00001
Corynebacterium crudilactis	1652495	S	19	20	39	0.00001
Corynebacterium suranareeae	2506452	S	19	5	24	0.00000
Corynebacterium amycolatum	43765	S	18	135	153	0.00002
Corynebacterium silvaticum	2320431	S	16	6	22	0.00000
Corynebacterium rouxii	2719119	S	16	9	25	0.00000
Gordonia sp. PP30	2935861	S	678	201	879	0.00013
Gordonia sp. YC-JH1	2059875	S	553	423	976	0.00014
Gordonia sp. KTR9	337191	S	516	110	626	0.00009
Gordonia sp. PDNC005	2811424	S	426	67	493	0.00007
Gordonia sp. WA4-43	2878678	S	92	310	402	0.00006
Gordonia sp. JH63	2698900	S	79	245	324	0.00005
Gordonia sp. 135	2676309	S	46	305	351	0.00005
Gordonia sp. 1D	1737359	S	22	327	349	0.00005
Gordonia polyisoprenivorans	84595	S	1160	242	1402	0.00021
Gordonia terrae	2055	S	764	447	1211	0.00018
Gordonia insulae	2420509	S	670	101	771	0.00011
Gordonia phthalatica	1136941	S	588	252	840	0.00012
Gordonia iterans	1004901	S	580	212	792	0.00012
Gordonia amarae	36821	S	555	119	674	0.00010
Gordonia bronchialis	2054	S	554	140	694	0.00010
Gordonia pseudoamarae	2831662	S	518	105	623	0.00009
Gordonia jinghuaiqii	2758710	S	484	101	585	0.00009
Gordonia otitidis	249058	S	470	83	553	0.00008
Gordonia rubripertincta	36822	S	417	255	672	0.00010
Gordonia zhaorongruii	2597659	S	348	67	415	0.00006
Gordonia alkanivorans	84096	S	133	490	623	0.00009
Gordonia amicalis	89053	S	98	704	802	0.00012
Gordonia hongkongensis	1701090	S	76	236	312	0.00005
Skermania piniformis	39122	S	582	77	659	0.00010
Tsukamurella paurometabola	2061	S	1200	628	1828	0.00027
Tsukamurella tyrosinosolvens	57704	S	977	458	1435	0.00021
Tsukamurella pulmonis	47312	S	736	281	1017	0.00015
Tsukamurella sp. PLM1	2929795	S	702	244	946	0.00014
Dietzia sp. oral taxon 368	712270	S	389	741	1130	0.00017
Dietzia lutea	546160	S	483	287	770	0.00011
Dietzia psychralcaliphila	139021	S	465	142	607	0.00009
Dietzia timorensis	499555	S	378	233	611	0.00009
Tomitella gaofuii	2760083	S	701	229	930	0.00014
Tomitella fengzijianii	2597660	S	635	224	859	0.00013
Segniliparus rotundus	286802	S	391	24	415	0.00006
Lawsonella clevelandensis	1528099	S	58	7	65	0.00001
Amycolatopsis sp. DSM 110486	2865832	S	2554	559	3113	0.00046
Amycolatopsis sp. WQ 127309	2932773	S	2475	779	3254	0.00048
Amycolatopsis sp. FDAARGOS 1241	2778070	S	2426	577	3003	0.00045
Amycolatopsis sp. Hca4	2742131	S	2345	987	3332	0.00049
Amycolatopsis sp. CA-230715	2745196	S	1987	343	2330	0.00035
Amycolatopsis sp. YIM 10	2653857	S	1783	604	2387	0.00035
Amycolatopsis sp. FU40	2914159	S	1228	553	1781	0.00026
Amycolatopsis sp. AA4	1896961	S	1087	571	1658	0.00025
Amycolatopsis sp. BJA-103	1911175	S	941	434	1375	0.00020
Amycolatopsis sp. TNS106	2861750	S	820	557	1377	0.00020
Amycolatopsis sp. EV170708-02-1	2919322	S	656	772	1428	0.00021
Amycolatopsis mediterranei	33910	S	2253	380	2633	0.00039
Amycolatopsis acidiphila	715473	S	2152	525	2677	0.00040
Amycolatopsis pretoriensis	218821	S	2060	777	2837	0.00042
Amycolatopsis albispora	1804986	S	1733	1146	2879	0.00043
Amycolatopsis keratiniphila	129921	S	1000	974	1974	0.00029
Amycolatopsis japonica	208439	S	538	585	1123	0.00017
Amycolatopsis methanolica	1814	S	1678	772	2450	0.00036
Amycolatopsis thermalba	944492	S	1588	772	2360	0.00035
Amycolatopsis aidingensis	2842453	S	1478	199	1677	0.00025
Amycolatopsis orientalis	31958	S	1063	433	1496	0.00022
Pseudonocardia sp. DSM 110487	2865833	S	5896	940	6836	0.00101
Pseudonocardia sp. CGMCC 4.1532	2761535	S	1773	1039	2812	0.00042
Pseudonocardia sp. HH130630-07	1690815	S	1576	696	2272	0.00034
Pseudonocardia sp. AL041005-10	445576	S	1254	617	1871	0.00028
Pseudonocardia sp. HH130629-09	1641402	S	1076	722	1798	0.00027
Pseudonocardia sp. EC080625-04	1096868	S	30	1638	1668	0.00025
Pseudonocardia dioxanivorans	240495	S	3337	1008	4345	0.00064
Pseudonocardia broussonetiae	2736640	S	2742	973	3715	0.00055
Pseudonocardia abyssalis	2792008	S	1660	869	2529	0.00037
Pseudonocardia autotrophica	2074	S	1597	476	2073	0.00031
Kutzneria sp. CA-103260	2802641	S	6542	1561	8103	0.00120
Kutzneria albida	43357	S	1978	505	2483	0.00037
Saccharothrix syringae	103733	S	2825	1095	3920	0.00058
Saccharothrix sp. 6-C	2781735	S	2389	905	3294	0.00049
Saccharothrix espanaensis	103731	S	2233	734	2967	0.00044
Saccharopolyspora erythraea	1836	S	3172	1013	4185	0.00062
Saccharopolyspora gregorii	33914	S	1235	281	1516	0.00022
Saccharopolyspora spinosa	60894	S	796	513	1309	0.00019
Saccharopolyspora pogona	333966	S	611	716	1327	0.00020
Saccharopolyspora sp. ASAGF58	2719023	S	388	504	892	0.00013
Lentzea guizhouensis	1586287	S	6988	1651	8639	0.00128
Allokutzneria albata	211114	S	6161	1669	7830	0.00116
Saccharomonospora marina	632569	S	1044	271	1315	0.00019
Saccharomonospora azurea	40988	S	920	299	1219	0.00018
Saccharomonospora cyanea	40989	S	851	332	1183	0.00018
Saccharomonospora xinjiangensis	75294	S	663	123	786	0.00012
Saccharomonospora viridis	1852	S	617	105	722	0.00011
Saccharomonospora glauca	40990	S	585	227	812	0.00012
Actinoalloteichus hoggarensis	1470176	S	957	144	1101	0.00016
Actinoalloteichus hymeniacidonis	340345	S	740	79	819	0.00012
Actinoalloteichus sp. GBA129-24	1612551	S	49	562	611	0.00009
Actinoalloteichus fjordicus	1612552	S	45	623	668	0.00010
Actinosynnema pretiosum	42197	S	863	1911	2774	0.00041
Actinosynnema mirum	40567	S	86	768	854	0.00013
Kibdelosporangium phytohabitans	860235	S	2166	295	2461	0.00036
Alloactinosynnema sp. L-07	1653480	S	1534	383	1917	0.00028
Prauserella marina	530584	S	1023	103	1126	0.00017
Allosaccharopolyspora coralli	2665642	S	828	199	1027	0.00015
Nocardioides sp. G188	2849501	S	2298	823	3121	0.00046
Nocardioides sp. JS614	196162	S	2233	752	2985	0.00044
Nocardioides sp. LMS-CY	2840457	S	2135	799	2934	0.00043
Nocardioides sp. TF02-7	2917724	S	2002	755	2757	0.00041
Nocardioides sp. HDW12B	2714939	S	1644	630	2274	0.00034
Nocardioides sp. W7	2931390	S	1614	620	2234	0.00033
Nocardioides sp. S-1144	2582905	S	1583	697	2280	0.00034
Nocardioides sp. zg-579	2663857	S	1547	886	2433	0.00036
Nocardioides sp. cx-173	2898796	S	1491	582	2073	0.00031
Nocardioides sp. zg-1228	2763008	S	1323	658	1981	0.00029
Nocardioides sp. 603	2483798	S	1278	670	1948	0.00029
Nocardioides sp. S5	2017486	S	1224	693	1917	0.00028
Nocardioides sp. MC1495	2736757	S	1196	486	1682	0.00025
Nocardioides sp. InS609-2	2760705	S	1194	315	1509	0.00022
Nocardioides sp. SCSIO 67246	2872154	S	1193	363	1556	0.00023
Nocardioides sp. zg-536	2803858	S	1151	572	1723	0.00026
Nocardioides sp. CF8	110319	S	1139	533	1672	0.00025
Nocardioides sp. Kera G14	2884264	S	1024	249	1273	0.00019
Nocardioides sp. WS12	2486272	S	1000	203	1203	0.00018
Nocardioides sp. JQ2195	2592334	S	981	236	1217	0.00018
Nocardioides sp. ZJ1313	2685869	S	939	1031	1970	0.00029
Nocardioides sp. dk884	2662361	S	896	978	1874	0.00028
Nocardioides mesophilus	433659	S	2041	726	2767	0.00041
Nocardioides anomalus	2712223	S	1921	680	2601	0.00039
Nocardioides humi	449461	S	1814	701	2515	0.00037
Nocardioides ungokensis	1643322	S	1756	715	2471	0.00037
Nocardioides aromaticivorans	200618	S	1659	734	2393	0.00035
Nocardioides cynanchi	2558918	S	1582	438	2020	0.00030
Nocardioides euryhalodurans	2518370	S	1508	538	2046	0.00030
Nocardioides dongkuii	2760089	S	1455	832	2287	0.00034
Nocardioides okcheonensis	2894081	S	1382	731	2113	0.00031
Nocardioides aquaticus	160826	S	1297	464	1761	0.00026
Nocardioides rotundus	1774216	S	1253	568	1821	0.00027
Nocardioides sambongensis	2589074	S	1221	411	1632	0.00024
Nocardioides marinisabuli	419476	S	1200	767	1967	0.00029
Nocardioides dokdonensis	450734	S	1181	630	1811	0.00027
Nocardioides panacisoli	627624	S	1123	326	1449	0.00021
Nocardioides seonyuensis	2518371	S	1003	312	1315	0.00019
Nocardioides piscis	2714938	S	937	404	1341	0.00020
Nocardioides houyundeii	2045452	S	936	333	1269	0.00019
Nocardioides daphniae	402297	S	772	409	1181	0.00018
Nocardioides jishulii	2575440	S	669	282	951	0.00014
Nocardioides baekrokdamisoli	1804624	S	555	82	637	0.00009
Nocardioides yefusunii	2500546	S	532	181	713	0.00011
Aeromicrobium sp. Leaf245	1736306	S	847	306	1153	0.00017
Aeromicrobium sp. zg-629	2663859	S	718	275	993	0.00015
Aeromicrobium sp. A1-2	2107713	S	626	103	729	0.00011
Aeromicrobium erythreum	2041	S	1023	358	1381	0.00020
Aeromicrobium choanae	1736691	S	933	326	1259	0.00019
Aeromicrobium chenweiae	2079793	S	831	325	1156	0.00017
Aeromicrobium marinum	219314	S	822	212	1034	0.00015
Aeromicrobium yanjiei	2662028	S	754	272	1026	0.00015
Pimelobacter simplex	2045	S	1659	750	2409	0.00036
Marmoricola scoriae	642780	S	1599	728	2327	0.00034
Friedmanniella luteola	546871	S	1396	336	1732	0.00026
Mumia sp. ZJ1417	2708082	S	1108	231	1339	0.00020
Micropruina glycogenica	75385	S	611	105	716	0.00011
Microlunatus sagamiharensis	546874	S	1310	352	1662	0.00025
Microlunatus soli	630515	S	1015	112	1127	0.00017
Microlunatus phosphovorus	29405	S	900	124	1024	0.00015
Microlunatus elymi	2596828	S	863	104	967	0.00014
Microlunatus sp. Gsoil 973	2672569	S	860	73	933	0.00014
Tessaracoccus sp. J1M15	2829499	S	673	217	890	0.00013
Tessaracoccus sp. MC1865	2760310	S	463	128	591	0.00009
Tessaracoccus defluvii	1285901	S	669	446	1115	0.00017
Tessaracoccus aquimaris	1332264	S	657	319	976	0.00014
Tessaracoccus flavescens	399497	S	542	435	977	0.00014
Tessaracoccus flavus	1610493	S	499	352	851	0.00013
Tessaracoccus timonensis	2161816	S	367	165	532	0.00008
Brevilactibacter coleopterorum	2714937	S	965	471	1436	0.00021
Brevilactibacter sp. MC1595	2819349	S	889	384	1273	0.00019
Acidipropionibacterium jensenii	1749	S	552	349	901	0.00013
Acidipropionibacterium acidipropionici	1748	S	531	341	872	0.00013
Acidipropionibacterium virtanenii	2057246	S	364	74	438	0.00007
Propionibacterium acidifaciens	556499	S	590	135	725	0.00011
Propionibacterium freudenreichii	1744	S	435	385	820	0.00012
Propionibacterium australiense	119981	S	435	73	508	0.00008
Auraticoccus monumenti	675864	S	989	209	1198	0.00018
Arachnia propionica	1750	S	469	63	532	0.00008
Arachnia rubra	1547448	S	264	36	300	0.00004
Cutibacterium avidum	33010	S	282	75	357	0.00005
Cutibacterium granulosum	33011	S	201	37	238	0.00004
Cutibacterium acnes	1747	S	158	8580	8738	0.00130
Cutibacterium modestum	2559073	S	62	6	68	0.00001
Raineyella fluvialis	2662261	S	690	104	794	0.00012
Vaginimicrobium propionicum	1871034	S	25	10	35	0.00001
Kribbella flavida	182640	S	2886	744	3630	0.00054
Kribbella qitaiheensis	1544730	S	2008	346	2354	0.00035
Actinopolymorpha singaporensis	117157	S	1873	248	2121	0.00031
Nonomuraea nitratireducens	2656914	S	22388	5072	27460	0.00407
Nonomuraea sp. ATCC 55076	1909395	S	9350	2981	12331	0.00183
Nonomuraea gerenzanensis	93944	S	8534	2839	11373	0.00169
Nonomuraea coxensis	404386	S	8177	2499	10676	0.00158
Streptosporangium roseum	2001	S	3311	989	4300	0.00064
Streptosporangium sp. 'caverna'	2202249	S	3056	725	3781	0.00056
Thermobispora bispora	2006	S	1938	493	2431	0.00036
Actinomadura sp. NAK00032	2742128	S	7158	2633	9791	0.00145
Actinomadura sp. WMMB 499	1219491	S	3868	999	4867	0.00072
Actinomadura sp. WMMA1423	2591108	S	3108	964	4072	0.00060
Actinomadura madurae	1993	S	4666	1490	6156	0.00091
Actinomadura verrucosospora	46165	S	3518	1155	4673	0.00069
Actinomadura graeca	2750812	S	2635	662	3297	0.00049
Thermomonospora amylolytica	1411117	S	2149	885	3034	0.00045
Thermomonospora curvata	2020	S	1463	474	1937	0.00029
Nocardiopsis sp. MT53	2865672	S	1387	379	1766	0.00026
Nocardiopsis sp. HDS12	2831968	S	436	499	935	0.00014
Nocardiopsis gilva	280236	S	1093	251	1344	0.00020
Nocardiopsis dassonvillei	2014	S	776	736	1512	0.00022
Nocardiopsis alba	53437	S	699	147	846	0.00013
Thermobifida halotolerans	483545	S	892	331	1223	0.00018
Thermobifida alba	53522	S	861	392	1253	0.00019
Thermobifida fusca	2021	S	503	99	602	0.00009
Streptomonospora litoralis	2498135	S	1284	286	1570	0.00023
Spiractinospora alimapuensis	2820884	S	844	64	908	0.00013
Blastococcus saxobsidens	138336	S	1966	675	2641	0.00039
Blastococcus sp. PRF04-17	2933797	S	1965	753	2718	0.00040
Modestobacter marinus	477641	S	2273	887	3160	0.00047
Modestobacter sp. L9-4	2851567	S	1412	607	2019	0.00030
Geodermatophilus obscurus	1861	S	2468	952	3420	0.00051
Actinomyces sp. oral taxon 414	712122	S	457	100	557	0.00008
Actinomyces sp. MAS-1	2755559	S	313	64	377	0.00006
Actinomyces sp. Z16	2079536	S	261	84	345	0.00005
Actinomyces sp. Chiba101	1851395	S	213	92	305	0.00005
Actinomyces sp. 432	2057798	S	212	45	257	0.00004
Actinomyces sp. oral taxon 171	706438	S	98	71	169	0.00003
Actinomyces sp. oral taxon 169	712116	S	84	130	214	0.00003
Actinomyces sp. HMT897	2789424	S	51	139	190	0.00003
Actinomyces sp. oral taxon 897	2081702	S	49	136	185	0.00003
Actinomyces sp. HMT 175	2789425	S	48	164	212	0.00003
Actinomyces radicidentis	111015	S	533	244	777	0.00012
Actinomyces howellii	52771	S	414	68	482	0.00007
Actinomyces slackii	52774	S	324	56	380	0.00006
Actinomyces respiraculi	2744574	S	296	72	368	0.00005
Actinomyces procaprae	2560010	S	260	85	345	0.00005
Actinomyces faecalis	2722820	S	234	35	269	0.00004
Actinomyces qiguomingii	2057800	S	223	29	252	0.00004
Actinomyces weissii	675090	S	197	40	237	0.00004
Actinomyces viscosus	1656	S	196	75	271	0.00004
Actinomyces marmotae	2737173	S	193	98	291	0.00004
Actinomyces oris	544580	S	182	442	624	0.00009
Actinomyces naeslundii	1655	S	169	90	259	0.00004
Actinomyces wuliandei	2057743	S	143	34	177	0.00003
Actinomyces lilanjuaniae	2321394	S	137	29	166	0.00002
Actinomyces gaoshouyii	1960083	S	133	62	195	0.00003
Actinomyces trachealis	2763540	S	113	21	134	0.00002
Actinomyces pacaensis	1852377	S	45	6	51	0.00001
Schaalia sp. 19OD2882	2794089	S	205	30	235	0.00003
Schaalia sp. JY-X169	2758572	S	77	3	80	0.00001
Schaalia sp. ZJ405	2709403	S	62	6	68	0.00001
Schaalia odontolytica	1660	S	289	75	364	0.00005
Schaalia meyeri	52773	S	173	34	207	0.00003
Schaalia cardiffensis	181487	S	110	18	128	0.00002
Schaalia turicensis	131111	S	46	48	94	0.00001
Trueperella pecoris	2733571	S	275	84	359	0.00005
Trueperella pyogenes	1661	S	167	108	275	0.00004
Trueperella bialowiezensis	312285	S	124	7	131	0.00002
Flaviflexus salsibiostraticola	1282737	S	295	86	381	0.00006
Flaviflexus sp. dk850	2758573	S	161	60	221	0.00003
Flaviflexus ciconiae	2496867	S	107	15	122	0.00002
Nanchangia anserum	2692125	S	277	33	310	0.00005
Pauljensenia hongkongensis	178339	S	239	94	333	0.00005
Actinobaculum sp. 313	2495645	S	112	6	118	0.00002
Actinotignum schaalii	59505	S	96	7	103	0.00002
Arcanobacterium haemolyticum	28264	S	24	12	36	0.00001
Arcanobacterium phocisimile	1302235	S	21	7	28	0.00000
Arcanobacterium sp. 2701	2722751	S	19	5	24	0.00000
Arcanobacterium phocae	131112	S	14	5	19	0.00000
Mobiluncus curtisii	2051	S	57	17	74	0.00001
Changpingibacter yushuensis	2758440	S	51	17	68	0.00001
Varibaculum sp. EMRHCC_39	2811781	S	40	13	53	0.00001
Boudabousia tangfeifanii	1912795	S	34	2	36	0.00001
Fannyhessea vaginae	82135	S	15	5	20	0.00000
Frankia inefficax	298654	S	2744	370	3114	0.00046
Frankia sp. QA3	710111	S	1105	480	1585	0.00023
Frankia sp. ArI3	1858	S	913	620	1533	0.00023
Candidatus Frankia datiscae	2716812	S	1236	170	1406	0.00021
Frankia casuarinae	106370	S	1057	126	1183	0.00018
Frankia alni	1859	S	1021	725	1746	0.00026
Jiangella sp. DSM 45060	1798224	S	2670	877	3547	0.00053
Jiangella alkaliphila	419479	S	2424	764	3188	0.00047
Bifidobacterium choerinum	35760	S	372	168	540	0.00008
Bifidobacterium pseudolongum	1694	S	370	142	512	0.00008
Bifidobacterium scardovii	158787	S	350	34	384	0.00006
Bifidobacterium longum	216816	S	342	656	998	0.00015
Bifidobacterium bifidum	1681	S	284	205	489	0.00007
Bifidobacterium pullorum	78448	S	227	92	319	0.00005
Bifidobacterium animalis	28025	S	211	197	408	0.00006
Bifidobacterium adolescentis	1680	S	187	43	230	0.00003
Bifidobacterium subtile	77635	S	167	26	193	0.00003
Bifidobacterium asteroides	1684	S	155	4	159	0.00002
Bifidobacterium lemurum	1603886	S	150	35	185	0.00003
Bifidobacterium angulatum	1683	S	128	37	165	0.00002
Bifidobacterium thermophilum	33905	S	126	29	155	0.00002
Bifidobacterium breve	1685	S	123	283	406	0.00006
Bifidobacterium dentium	1689	S	114	8	122	0.00002
Bifidobacterium actinocoloniiforme	638619	S	111	4	115	0.00002
Bifidobacterium eulemuris	1765219	S	108	24	132	0.00002
Bifidobacterium pseudocatenulatum	28026	S	64	42	106	0.00002
Bifidobacterium catenulatum	1686	S	52	76	128	0.00002
Bifidobacterium saguini	762210	S	26	12	38	0.00001
Bifidobacterium imperatoris	2020965	S	24	12	36	0.00001
Bifidobacterium indicum	1691	S	16	20	36	0.00001
Parascardovia denticolens	78258	S	78	14	92	0.00001
Scardovia inopinata	78259	S	13	5	18	0.00000
Nakamurella multipartita	53461	S	1258	273	1531	0.00023
Nakamurella panacisegetis	1090615	S	792	126	918	0.00014
Nakamurella sp. PAMC28650	2762325	S	755	92	847	0.00013
Nakamurella antarctica	1902245	S	192	16	208	0.00003
Catenulispora acidiphila	304895	S	2231	374	2605	0.00039
Stackebrandtia nassauensis	283811	S	1402	144	1546	0.00023
Natronoglycomyces albus	2811108	S	246	9	255	0.00004
Jatrophihabitans sp. GAS493	1907575	S	811	87	898	0.00013
Jatrophihabitans telluris	2038343	S	780	79	859	0.00013
Kineococcus radiotolerans	131568	S	1088	345	1433	0.00021
Epidermidibacterium keratini	1891644	S	831	471	1302	0.00019
Actinopolyspora erythraea	414996	S	679	79	758	0.00011
Acidothermus cellulolyticus	28049	S	530	29	559	0.00008
Candidatus Planktophila lacus	1884913	S	39	11	50	0.00001
Candidatus Planktophila versatilis	1884905	S	31	12	43	0.00001
Candidatus Planktophila dulcis	1884914	S	18	26	44	0.00001
Candidatus Planktophila sulfonica	1884904	S	17	7	24	0.00000
Candidatus Planktophila vernalis	1884907	S	11	5	16	0.00000
Conexibacter sp. SYSU D00693	2812560	S	5386	1385	6771	0.00100
Conexibacter sp. DBS9H8	2937801	S	1728	169	1897	0.00028
Conexibacter sp. S30A1	2937800	S	1569	170	1739	0.00026
Conexibacter woesei	191495	S	7173	1339	8512	0.00126
Miltoncostaea marina	2843215	S	2981	758	3739	0.00055
Miltoncostaea oceani	2843216	S	2735	416	3151	0.00047
Aquihabitans sp. Kera 3	2884263	S	3764	664	4428	0.00066
Aquihabitans sp. G128	2849779	S	3698	804	4502	0.00067
Actinomarinicola tropica	2789776	S	3958	836	4794	0.00071
Iamia sp. SCSIO 61187	2722752	S	3772	649	4421	0.00066
Ilumatobacter coccineus	467094	S	1541	97	1638	0.00024
Acidimicrobium ferrooxidans	53635	S	643	50	693	0.00010
Rubrobacter xylanophilus	49319	S	3413	470	3883	0.00058
Rubrobacter tropicus	2653851	S	2314	189	2503	0.00037
Rubrobacter marinus	2653852	S	2285	224	2509	0.00037
Rubrobacter radiotolerans	42256	S	916	135	1051	0.00016
Rubrobacter indicoceani	2051957	S	539	47	586	0.00009
Baekduia soli	496014	S	5199	967	6166	0.00091
Eggerthella lenta	84112	S	470	344	814	0.00012
Eggerthella guodeyinii	2690837	S	397	168	565	0.00008
Eggerthella sp. YY7918	502558	S	102	44	146	0.00002
Gordonibacter urolithinfaciens	1335613	S	239	168	407	0.00006
Gordonibacter pamelaeae	471189	S	222	221	443	0.00007
Adlercreutzia equolifaciens	446660	S	191	109	300	0.00004
Adlercreutzia hattorii	2707299	S	120	153	273	0.00004
Arabiibacter massiliensis	1870985	S	439	94	533	0.00008
Raoultibacter timonensis	1907662	S	226	17	243	0.00004
Berryella intestinalis	1531429	S	212	266	478	0.00007
Slackia heliotrinireducens	84110	S	173	5	178	0.00003
Denitrobacterium detoxificans	79604	S	126	56	182	0.00003
Cryptobacterium curtum	84163	S	27	3	30	0.00000
Phoenicibacter congonensis	1944646	S	27	12	39	0.00001
Olsenella timonensis	1805478	S	423	134	557	0.00008
Olsenella uli	133926	S	206	22	228	0.00003
Olsenella sp. oral taxon 807	712411	S	177	10	187	0.00003
Parolsenella massiliensis	1871022	S	266	143	409	0.00006
Parolsenella catena	2003188	S	211	125	336	0.00005
Parafannyhessea umbonata	604330	S	282	179	461	0.00007
Thermophilibacter immobilis	2779519	S	234	98	332	0.00005
Atopobium sp. oral taxon 416	712157	S	76	9	85	0.00001
Collinsella aerofaciens	74426	S	354	187	541	0.00008
Collinsella stercoris	147206	S	275	48	323	0.00005
Collinsella sp. zg1085	2844380	S	19	0	19	0.00000
Coriobacterium glomerans	33871	S	163	5	168	0.00002
Egicoccus halophilus	1670830	S	1609	273	1882	0.00028
Egibacter rhizosphaerae	1670831	S	1523	98	1621	0.00024
Euzebya pacifica	1608957	S	1483	134	1617	0.00024
Bacillus sp. Y1	352858	S	546	217	763	0.00011
Bacillus sp. S3	486398	S	279	84	363	0.00005
Bacillus sp. 1NLA3E	666686	S	149	55	204	0.00003
Bacillus sp. FJAT-18017	1705566	S	97	27	124	0.00002
Bacillus sp. PAMC26568	2760090	S	63	6	69	0.00001
Bacillus sp. NSP9.1	1071078	S	59	5	64	0.00001
Bacillus sp. JY-23	2933872	S	53	21	74	0.00001
Bacillus sp. OxB-1	98228	S	46	12	58	0.00001
Bacillus sp. KH172YL63	2709784	S	42	15	57	0.00001
Bacillus sp. THAF10	2587848	S	41	14	55	0.00001
Bacillus sp. FJAT-22090	1581038	S	39	11	50	0.00001
Bacillus sp. SB49	1071080	S	33	6	39	0.00001
Bacillus sp. FJAT-42376	2014076	S	32	12	44	0.00001
Bacillus sp. WP8	756828	S	30	46	76	0.00001
Bacillus sp. M4U3P1	2592382	S	27	3	30	0.00000
Bacillus sp. N1-1	2682541	S	21	28	49	0.00001
Bacillus sp. Cs-700	2589818	S	11	15	26	0.00000
Bacillus subtilis	1423	S	556	22870	23426	0.00347
Bacillus velezensis	492670	S	126	2110	2236	0.00033
Bacillus amyloliquefaciens	1390	S	50	1556	1606	0.00024
Bacillus siamensis	659243	S	19	60	79	0.00001
Bacillus paralicheniformis	1648923	S	135	90	225	0.00003
Bacillus mojavensis	72360	S	27	32	59	0.00001
Bacillus halotolerans	260554	S	16	40	56	0.00001
Bacillus vallismortis	72361	S	34	42	76	0.00001
Bacillus atrophaeus	1452	S	28	49	77	0.00001
Bacillus tequilensis	227866	S	19	17	36	0.00001
Bacillus licheniformis	1402	S	13	221	234	0.00003
Bacillus cereus	1396	S	90	2423	2513	0.00037
Bacillus pseudomycoides	64104	S	70	33	103	0.00002
Bacillus cytotoxicus	580165	S	53	35	88	0.00001
Bacillus mycoides	1405	S	51	76	127	0.00002
Bacillus thuringiensis	1428	S	37	2819	2856	0.00042
Bacillus luti	2026191	S	10	10	20	0.00000
Bacillus cabrialesii	2487276	S	323	322	645	0.00010
Bacillus methanolicus	1471	S	120	60	180	0.00003
Bacillus glycinifermentans	1664069	S	111	37	148	0.00002
[Brevibacterium] frigoritolerans	450367	S	98	38	136	0.00002
Bacillus dafuensis	1742359	S	88	33	121	0.00002
Bacillus safensis	561879	S	77	121	198	0.00003
Bacillus infantis	324767	S	74	21	95	0.00001
Bacillus badius	1455	S	70	29	99	0.00001
Bacillus pumilus	1408	S	65	58	123	0.00002
Bacillus aquiflavi	2672567	S	53	14	67	0.00001
Bacillus gobiensis	1441095	S	49	15	64	0.00001
Bacillus weihaiensis	1547283	S	43	15	58	0.00001
Bacillus fonticola	2728853	S	33	9	42	0.00001
Bacillus smithii	1479	S	31	19	50	0.00001
Bacillus shivajii	1983719	S	28	4	32	0.00000
Bacillus altitudinis	293387	S	26	106	132	0.00002
Bacillus rugosus	2715209	S	24	25	49	0.00001
Priestia megaterium	1404	S	3710	5299	9009	0.00134
Priestia filamentosa	1402861	S	1770	238	2008	0.00030
Priestia aryabhattai	412384	S	82	487	569	0.00008
Priestia flexa	86664	S	67	22	89	0.00001
Priestia koreensis	284581	S	56	20	76	0.00001
Priestia sp. J2	2886505	S	22	216	238	0.00004
Cytobacillus oceanisediminis	665099	S	815	455	1270	0.00019
Cytobacillus ciccensis	1670641	S	127	49	176	0.00003
Cytobacillus firmus	1399	S	112	54	166	0.00002
Cytobacillus gottheilii	859144	S	84	28	112	0.00002
Cytobacillus sp. CY-G	2901381	S	77	28	105	0.00002
Cytobacillus kochii	859143	S	46	14	60	0.00001
Metabacillus sp. KUDC1714	2745198	S	376	135	511	0.00008
Metabacillus sp. cB07	2806989	S	44	17	61	0.00001
Metabacillus sp. B2-18	2897333	S	22	34	56	0.00001
Metabacillus sediminilitoris	2567941	S	403	157	560	0.00008
Metabacillus dongyingensis	2874282	S	96	35	131	0.00002
Metabacillus litoralis	152268	S	68	71	139	0.00002
Metabacillus endolithicus	1535204	S	34	45	79	0.00001
Geobacillus subterraneus	129338	S	180	161	341	0.00005
Geobacillus stearothermophilus	1422	S	100	186	286	0.00004
Geobacillus genomosp. 3	1921421	S	99	37	136	0.00002
Geobacillus sp. 46C-IIa	1963025	S	58	36	94	0.00001
Geobacillus sp. C56-T3	691437	S	11	65	76	0.00001
Geobacillus thermocatenulatus	33938	S	32	44	76	0.00001
Geobacillus thermoleovorans	33941	S	12	183	195	0.00003
Hydrogenibacillus sp. N12	2866627	S	709	97	806	0.00012
Mesobacillus foraminis	279826	S	291	81	372	0.00006
Mesobacillus jeotgali	129985	S	120	60	180	0.00003
Mesobacillus sp. S13	2880221	S	99	53	152	0.00002
Anoxybacillus sediminis	2613334	S	335	83	418	0.00006
Anoxybacillus amylolyticus	294699	S	47	14	61	0.00001
Anoxybacillus flavithermus	33934	S	39	50	89	0.00001
Anoxybacillus caldiproteolyticus	247480	S	39	10	49	0.00001
Neobacillus drentensis	220684	S	298	139	437	0.00006
Neobacillus mesonae	1193713	S	186	67	253	0.00004
Peribacillus asahii	228899	S	211	111	322	0.00005
Peribacillus simplex	1478	S	87	56	143	0.00002
Peribacillus butanolivorans	421767	S	78	29	107	0.00002
Peribacillus psychrosaccharolyticus	1407	S	44	16	60	0.00001
Peribacillus muralis	264697	S	36	9	45	0.00001
Lysinibacillus sp. SGAir0095	2070463	S	56	26	82	0.00001
Lysinibacillus sp. PLM2	2929796	S	36	17	53	0.00001
Lysinibacillus sp. 2017	2169540	S	21	10	31	0.00000
Lysinibacillus sp. CD3-6	2892541	S	16	8	24	0.00000
Lysinibacillus sp. Ag94	2936682	S	13	2	15	0.00000
Lysinibacillus timonensis	2086577	S	74	40	114	0.00002
Lysinibacillus fusiformis	28031	S	29	39	68	0.00001
Lysinibacillus sphaericus	1421	S	21	31	52	0.00001
Lysinibacillus parviboronicapiens	436516	S	21	8	29	0.00000
Lysinibacillus agricola	2590012	S	19	6	25	0.00000
Alkalihalobacillus clausii	79880	S	216	46	262	0.00004
Alkalihalobacillus krulwichiae	199441	S	40	12	52	0.00001
Alkalihalobacillus sp. LMS39	2924032	S	32	7	39	0.00001
Alkalihalobacillus lehensis	300825	S	11	7	18	0.00000
Parageobacillus thermoglucosidasius	1426	S	48	34	82	0.00001
Parageobacillus caldoxylosilyticus	81408	S	46	23	69	0.00001
Parageobacillus genomosp. 1	1295642	S	45	20	65	0.00001
Parageobacillus toebii	153151	S	32	23	55	0.00001
Parageobacillus sp. KH3-4	2916802	S	31	16	47	0.00001
Niallia circulans	1397	S	109	33	142	0.00002
Niallia sp. Man26	2912824	S	101	24	125	0.00002
Virgibacillus sp. NKC19-16	2831673	S	26	2	28	0.00000
Virgibacillus sp. Bac332	2419842	S	21	3	24	0.00000
Virgibacillus sp. MSP4-1	2700081	S	16	3	19	0.00000
Virgibacillus sp. SK37	403957	S	11	18	29	0.00000
Virgibacillus necropolis	163877	S	25	3	28	0.00000
Virgibacillus phasianinus	2017483	S	24	3	27	0.00000
Virgibacillus halodenitrificans	1482	S	16	17	33	0.00000
Halobacillus sp. SSBR10-3	2932257	S	34	4	38	0.00001
Halobacillus sp. SSTM10-2	2932258	S	26	5	31	0.00000
Halobacillus sp. SSHM10-5	2932259	S	23	5	28	0.00000
Halobacillus mangrovi	402384	S	39	6	45	0.00001
Halobacillus halophilus	1570	S	26	3	29	0.00000
Halobacillus litoralis	45668	S	25	4	29	0.00000
Heyndrickxia oleronia	38875	S	108	44	152	0.00002
Heyndrickxia vini	1476025	S	56	17	73	0.00001
Salicibibacter cibarius	2743000	S	35	13	48	0.00001
Salicibibacter halophilus	2502791	S	32	13	45	0.00001
Salicibibacter kimchii	2099786	S	31	3	34	0.00001
Salicibibacter cibi	2743001	S	17	3	20	0.00000
Weizmannia coagulans	1398	S	141	66	207	0.00003
Rossellomorea marisflavi	189381	S	104	42	146	0.00002
Rossellomorea vietnamensis	218284	S	34	14	48	0.00001
Terribacillus goriensis	386490	S	101	16	117	0.00002
Terribacillus aidingensis	586416	S	25	4	29	0.00000
Sutcliffiella cohnii	33932	S	62	27	89	0.00001
Sutcliffiella horikoshii	79883	S	61	17	78	0.00001
Salisediminibacterium beveridgei	632773	S	53	8	61	0.00001
Salisediminibacterium selenitireducens	85683	S	51	7	58	0.00001
Oceanobacillus kimchii	746691	S	42	7	49	0.00001
Oceanobacillus zhaokaii	2052660	S	40	8	48	0.00001
Oceanobacillus iheyensis	182710	S	12	3	15	0.00000
Fictibacillus arsenicus	255247	S	49	9	58	0.00001
Fictibacillus phosphorivorans	1221500	S	27	5	32	0.00000
Psychrobacillus sp. INOP01	2829187	S	27	9	36	0.00001
Psychrobacillus glaciei	2283160	S	29	11	40	0.00001
Lentibacillus sp. CBA3610	2518176	S	36	2	38	0.00001
Lentibacillus amyloliquefaciens	1472767	S	26	2	28	0.00000
Gracilibacillus sp. SSPM10-3	2932255	S	18	3	21	0.00000
Gracilibacillus sp. SSWR10-1	2932256	S	15	2	17	0.00000
Gracilibacillus salitolerans	2663022	S	23	2	25	0.00000
Gottfriedia acidiceleris	371036	S	58	18	76	0.00001
Pontibacillus sp. ALD_SL1	2777185	S	24	3	27	0.00000
Pontibacillus sp. HMF3514	2692425	S	23	4	27	0.00000
Caldibacillus thermoamylovorans	35841	S	48	18	66	0.00001
Alkalihalophilus pseudofirmus	79885	S	42	7	49	0.00001
Anaerobacillus isosaccharinicus	1532552	S	38	9	47	0.00001
Pradoshia sp. D12	2651284	S	36	11	47	0.00001
Halalkalibacterium halodurans	86665	S	36	24	60	0.00001
Lederbergia lenta	1467	S	34	9	43	0.00001
Salimicrobium jeotgali	1230341	S	33	5	38	0.00001
Caldalkalibacillus thermarum	296745	S	33	6	39	0.00001
Sediminibacillus sp. DP4-553-S	2729421	S	33	6	39	0.00001
Radiobacillus deserti	2594883	S	15	3	18	0.00000
Radiobacillus sp. 80	2844358	S	13	2	15	0.00000
Aeribacillus pallidus	33936	S	25	13	38	0.00001
Evansella cellulosilytica	1413	S	23	3	26	0.00000
Mangrovibacillus cuniculi	2593652	S	21	11	32	0.00000
Paraliobacillus zengyii	2213194	S	19	3	22	0.00000
Amphibacillus xylanus	1449	S	14	2	16	0.00000
Paenibacillus sp. B01	2660554	S	813	285	1098	0.00016
Paenibacillus sp. RUD330	2023772	S	461	51	512	0.00008
Paenibacillus sp. 32O-W	1695218	S	375	37	412	0.00006
Paenibacillus sp. H1-7	2282849	S	205	19	224	0.00003
Paenibacillus sp. R14(2021)	2859228	S	177	26	203	0.00003
Paenibacillus sp. BIHB4019	1870819	S	129	10	139	0.00002
Paenibacillus sp. sptzw28	715179	S	127	12	139	0.00002
Paenibacillus sp. URB8-2	2741301	S	120	31	151	0.00002
Paenibacillus sp. YPD9-1	2908839	S	115	14	129	0.00002
Paenibacillus sp. PK3_47	2072642	S	100	14	114	0.00002
Paenibacillus sp. JZ16	1906272	S	99	27	126	0.00002
Paenibacillus sp. FSL R7-0273	1536772	S	98	18	116	0.00002
Paenibacillus sp. PAMC21692	2762320	S	95	95	190	0.00003
Paenibacillus sp. FSL R7-0331	1536773	S	95	19	114	0.00002
Paenibacillus sp. HWE-109	1306526	S	77	6	83	0.00001
Paenibacillus sp. CAA11	1532905	S	75	15	90	0.00001
Paenibacillus sp. JNUCC-32	2777984	S	72	191	263	0.00004
Paenibacillus sp. FSL H7-0357	1536774	S	66	9	75	0.00001
Paenibacillus sp. Y412MC10	481743	S	61	153	214	0.00003
Paenibacillus sp. YPG26	2878915	S	53	10	63	0.00001
Paenibacillus sp. 481	2835869	S	51	5	56	0.00001
Paenibacillus sp. FSL P4-0081	1536769	S	51	35	86	0.00001
Paenibacillus sp. FSL R5-0912	1536771	S	42	26	68	0.00001
Paenibacillus sp. 19GGS1-52	2758563	S	42	4	46	0.00001
Paenibacillus sp. DCT19	2211212	S	39	7	46	0.00001
Paenibacillus sp. JNUCC-31	2777983	S	39	12	51	0.00001
Paenibacillus sp. IHB B 3084	867076	S	34	22	56	0.00001
Paenibacillus sp. E222	2748863	S	29	11	40	0.00001
Paenibacillus sp. N3/727	2925845	S	24	34	58	0.00001
Paenibacillus sp. FSL H7-0737	1536775	S	20	7	27	0.00000
Paenibacillus sp. IHBB 10380	1566358	S	18	3	21	0.00000
Paenibacillus sp. FSL R5-0345	1536770	S	13	4	17	0.00000
Paenibacillus sp. Cedars	1980674	S	10	69	79	0.00001
Paenibacillus mucilaginosus	61624	S	815	60	875	0.00013
Paenibacillus albicereus	2726185	S	673	218	891	0.00013
Paenibacillus lycopersici	2704462	S	588	75	663	0.00010
Paenibacillus cellulositrophicus	562959	S	495	51	546	0.00008
Paenibacillus rhizovicinus	2704463	S	298	41	339	0.00005
Paenibacillus konkukensis	2020716	S	296	33	329	0.00005
Paenibacillus macerans	44252	S	279	26	305	0.00005
Paenibacillus dendritiformis	130049	S	250	48	298	0.00004
Paenibacillus beijingensis	1126833	S	225	26	251	0.00004
Paenibacillus ihbetae	1870820	S	212	32	244	0.00004
Paenibacillus stellifer	169760	S	187	36	223	0.00003
Paenibacillus durus	44251	S	186	82	268	0.00004
Paenibacillus thiaminolyticus	49283	S	182	35	217	0.00003
Paenibacillus chitinolyticus	79263	S	170	21	191	0.00003
Paenibacillus cellulosilyticus	375489	S	152	19	171	0.00003
Paenibacillus sabinae	365617	S	141	39	180	0.00003
Paenibacillus donghaensis	414771	S	128	15	143	0.00002
Paenibacillus albus	2495582	S	122	17	139	0.00002
Paenibacillus protaetiae	2509456	S	113	17	130	0.00002
Paenibacillus polymyxa	1406	S	109	520	629	0.00009
Paenibacillus lautus	1401	S	107	157	264	0.00004
Paenibacillus naphthalenovorans	162209	S	97	14	111	0.00002
Paenibacillus agaridevorans	171404	S	95	125	220	0.00003
Paenibacillus sonchi	373687	S	43	69	112	0.00002
Paenibacillus riograndensis	483937	S	30	24	54	0.00001
Paenibacillus swuensis	1178515	S	86	12	98	0.00001
Paenibacillus azoreducens	116718	S	86	10	96	0.00001
Paenibacillus algicola	2565926	S	83	14	97	0.00001
Paenibacillus tritici	1873425	S	79	13	92	0.00001
Paenibacillus yonginensis	1462996	S	75	37	112	0.00002
Paenibacillus xylanilyticus	248903	S	74	16	90	0.00001
Paenibacillus borealis	160799	S	73	29	102	0.00002
Paenibacillus lutimineralis	2707005	S	69	9	78	0.00001
Paenibacillus sophorae	1333845	S	69	28	97	0.00001
Paenibacillus physcomitrellae	1619311	S	67	26	93	0.00001
Paenibacillus alvei	44250	S	61	8	69	0.00001
Paenibacillus tianjinensis	2810347	S	58	11	69	0.00001
Paenibacillus graminis	189425	S	57	35	92	0.00001
Paenibacillus guangzhouensis	1473112	S	55	5	60	0.00001
Paenibacillus kribbensis	172713	S	55	23	78	0.00001
Paenibacillus bovis	1616788	S	54	7	61	0.00001
Paenibacillus baekrokdamisoli	1712516	S	51	5	56	0.00001
Paenibacillus lentus	1338368	S	41	4	45	0.00001
Paenibacillus larvae	1464	S	41	6	47	0.00001
Paenibacillus brasilensis	128574	S	38	20	58	0.00001
Paenibacillus jilunlii	682956	S	36	29	65	0.00001
Paenibacillus psychroresistens	1778678	S	32	1	33	0.00001
Paenibacillus odorifer	189426	S	31	6	37	0.00001
Paenibacillus terrae	159743	S	27	15	42	0.00001
Paenibacillus uliginis	683737	S	25	32	57	0.00001
Paenibacillus pabuli	1472	S	25	10	35	0.00001
Paenibacillus barcinonensis	198119	S	24	4	28	0.00000
Paenibacillus xylanexedens	528191	S	21	17	38	0.00001
Paenibacillus crassostreae	1763538	S	17	2	19	0.00000
Paenibacillus peoriae	59893	S	14	97	111	0.00002
Paenibacillus antarcticus	253703	S	13	2	15	0.00000
Brevibacillus choshinensis	54911	S	769	173	942	0.00014
Brevibacillus marinus	2496837	S	344	56	400	0.00006
Brevibacillus agri	51101	S	230	56	286	0.00004
Brevibacillus composti	2796470	S	217	53	270	0.00004
Brevibacillus brevis	1393	S	151	82	233	0.00003
Brevibacillus sp. MMS20-4M-10-Y	2895522	S	97	13	110	0.00002
Brevibacillus sp. HD3.3A	2738979	S	18	78	96	0.00001
Brevibacillus laterosporus	1465	S	31	44	75	0.00001
Brevibacillus parabrevis	54914	S	26	116	142	0.00002
Brevibacillus formosus	54913	S	19	16	35	0.00001
Cohnella candidum	2674991	S	412	52	464	0.00007
Cohnella sp. LGH	1619153	S	251	94	345	0.00005
Cohnella sp. MFER-1	2728023	S	132	17	149	0.00002
Cohnella cholangitidis	2598458	S	168	30	198	0.00003
Cohnella abietis	2507935	S	44	5	49	0.00001
Thermobacillus composti	377615	S	767	112	879	0.00013
Saccharibacillus brassicae	2583377	S	494	59	553	0.00008
Aneurinibacillus soli	1500254	S	52	74	126	0.00002
Alicyclobacillus acidocaldarius	405212	S	850	74	924	0.00014
Alicyclobacillus mengziensis	2931921	S	100	7	107	0.00002
Alicyclobacillus acidoterrestris	1450	S	81	13	94	0.00001
Alicyclobacillus sp. SO9	2665646	S	38	3	41	0.00001
Alicyclobacillus sp. TC	2606450	S	12	2	14	0.00000
Tumebacillus avium	1903704	S	558	229	787	0.00012
Tumebacillus algifaecis	1214604	S	222	76	298	0.00004
Kyrpidia spormannii	2055160	S	114	72	186	0.00003
Kyrpidia tusciae	33943	S	74	66	140	0.00002
Effusibacillus dendaii	2743772	S	68	8	76	0.00001
Planococcus plakortidis	1038856	S	78	50	128	0.00002
Planococcus sp. MB-3u-03	2058136	S	40	30	70	0.00001
Planococcus sp. 107-1	2908840	S	22	10	32	0.00000
Planococcus lenghuensis	2213202	S	55	12	67	0.00001
Planococcus maritimus	192421	S	54	25	79	0.00001
Planococcus glaciei	459472	S	46	14	60	0.00001
Planococcus rifietoensis	200991	S	44	35	79	0.00001
Planococcus massiliensis	1499687	S	32	8	40	0.00001
Planococcus halotolerans	2233542	S	31	10	41	0.00001
Planococcus antarcticus	161360	S	22	7	29	0.00000
Planococcus versutus	1302659	S	13	6	19	0.00000
Planococcus halocryophilus	1215089	S	12	6	18	0.00000
Planococcus donghaensis	414778	S	11	6	17	0.00000
Sporosarcina sp. Marseille-Q4063	2810514	S	25	8	33	0.00000
Sporosarcina sp. Te-1	2818390	S	24	7	31	0.00000
Sporosarcina sp. PTS2304	2283194	S	10	13	23	0.00000
Sporosarcina ureae	1571	S	55	26	81	0.00001
Sporosarcina ureilytica	298596	S	11	11	22	0.00000
Ureibacillus thermosphaericus	51173	S	39	49	88	0.00001
Ureibacillus thermophilus	367743	S	18	10	28	0.00000
Solibacillus silvestris	76853	S	24	9	33	0.00001
Solibacillus sp. R5-41	2048654	S	13	6	19	0.00000
Jeotgalibacillus malaysiensis	1508404	S	29	10	39	0.00001
Viridibacillus sp. JNUCC-6	2779527	S	29	11	40	0.00001
Paenisporosarcina antarctica	417367	S	18	5	23	0.00000
Paenisporosarcina cavernae	2320858	S	11	6	17	0.00000
Kurthia zopfii	1650	S	10	9	19	0.00000
Rummeliibacillus stabekisii	241244	S	13	7	20	0.00000
Staphylospora marina	2490858	S	245	36	281	0.00004
Kroppenstedtia eburnea	714067	S	176	17	193	0.00003
Kroppenstedtia pulmonis	1380685	S	32	2	34	0.00001
Novibacillus thermophilus	1471761	S	151	20	171	0.00003
Thermoactinomyces vulgaris	2026	S	121	23	144	0.00002
Polycladomyces abyssicola	1125966	S	104	9	113	0.00002
Laceyella sacchari	37482	S	67	14	81	0.00001
Staphylococcus aureus	1280	S	30	2418	2448	0.00036
Staphylococcus sp. 17KM0847	2583989	S	10	4	14	0.00000
Staphylococcus haemolyticus	1283	S	20	19	39	0.00001
Staphylococcus epidermidis	1282	S	15	169	184	0.00003
Staphylococcus hominis	1290	S	14	8	22	0.00000
Staphylococcus pettenkoferi	170573	S	10	2	12	0.00000
Macrococcus canis	1855823	S	12	13	25	0.00000
Macrococcus brunensis	198483	S	11	3	14	0.00000
Jeotgalicoccus saudimassiliensis	1461582	S	18	7	25	0.00000
Mammaliicoccus sciuri	1296	S	14	8	22	0.00000
Salinicoccus halodurans	407035	S	17	4	21	0.00000
Exiguobacterium alkaliphilum	1428684	S	120	43	163	0.00002
Exiguobacterium sp. N4-1P	2051906	S	21	13	34	0.00001
Exiguobacterium sp. Helios	2735868	S	18	10	28	0.00000
Exiguobacterium sp. AT1b	360911	S	16	18	34	0.00001
Exiguobacterium sp. PFWT01	2829816	S	12	14	26	0.00000
Exiguobacterium mexicanum	340146	S	95	37	132	0.00002
Exiguobacterium sibiricum	332410	S	24	14	38	0.00001
Exiguobacterium acetylicum	41170	S	20	47	67	0.00001
Exiguobacterium antarcticum	132920	S	18	7	25	0.00000
Gemella haemolysans	1379	S	10	4	14	0.00000
Listeria innocua	1642	S	30	25	55	0.00001
Listeria monocytogenes	1639	S	22	2069	2091	0.00031
Listeria weihenstephanensis	1006155	S	17	3	20	0.00000
Listeria ivanovii	1638	S	13	3	16	0.00000
Listeria grayi	1641	S	13	3	16	0.00000
Sporolactobacillus terrae	269673	S	48	7	55	0.00001
Lactobacillus delbrueckii	1584	S	71	104	175	0.00003
Lactobacillus amylolyticus	83683	S	10	5	15	0.00000
Lactobacillus iners	147802	S	10	14	24	0.00000
Lactobacillus kefiranofaciens	267818	S	10	18	28	0.00000
Limosilactobacillus fermentum	1613	S	49	54	103	0.00002
Limosilactobacillus pontis	35787	S	43	26	69	0.00001
Limosilactobacillus mucosae	97478	S	29	21	50	0.00001
Limosilactobacillus reuteri	1598	S	26	32	58	0.00001
Limosilactobacillus panis	47493	S	13	7	20	0.00000
Levilactobacillus zymae	267363	S	51	22	73	0.00001
Levilactobacillus brevis	1580	S	41	19	60	0.00001
Levilactobacillus suantsaii	2292255	S	30	15	45	0.00001
Levilactobacillus koreensis	637971	S	17	2	19	0.00000
Lacticaseibacillus rhamnosus	47715	S	22	4	26	0.00000
Lacticaseibacillus casei	1582	S	20	7	27	0.00000
Lacticaseibacillus paracasei	1597	S	16	49	65	0.00001
Lacticaseibacillus manihotivorans	88233	S	13	4	17	0.00000
Lacticaseibacillus chiayiensis	2100821	S	12	2	14	0.00000
Lacticaseibacillus zeae	57037	S	10	4	14	0.00000
Leuconostoc lactis	1246	S	14	36	50	0.00001
Ligilactobacillus ruminis	1623	S	17	9	26	0.00000
Schleiferilactobacillus harbinensis	304207	S	55	6	61	0.00001
Lactiplantibacillus pentosus	1589	S	20	6	26	0.00000
Lactiplantibacillus plantarum	1590	S	15	10	25	0.00000
Lactiplantibacillus paraplantarum	60520	S	12	3	15	0.00000
Lentilactobacillus buchneri	1581	S	12	7	19	0.00000
Latilactobacillus sakei	1599	S	14	7	21	0.00000
Latilactobacillus curvatus	28038	S	10	13	23	0.00000
Pediococcus acidilactici	1254	S	10	7	17	0.00000
Loigolactobacillus coryniformis	1610	S	11	12	23	0.00000
Secundilactobacillus paracollinoides	240427	S	15	7	22	0.00000
Periweissella cryptocerci	2506420	S	16	2	18	0.00000
Furfurilactobacillus rossiae	231049	S	11	2	13	0.00000
Streptococcus suis	1307	S	26	40	66	0.00001
Streptococcus oralis	1303	S	21	63	84	0.00001
Streptococcus equi	1336	S	11	3	14	0.00000
Streptococcus pyogenes	1314	S	16	44	60	0.00001
Streptococcus cristatus	45634	S	14	29	43	0.00001
Streptococcus gordonii	1302	S	11	9	20	0.00000
Streptococcus porcinus	1340	S	11	9	20	0.00000
Streptococcus sanguinis	1305	S	10	9	19	0.00000
Enterococcus avium	33945	S	21	12	33	0.00000
Enterococcus faecium	1352	S	17	120	137	0.00002
Enterococcus hirae	1354	S	14	12	26	0.00000
Enterococcus gilvus	160453	S	12	8	20	0.00000
Enterococcus casseliflavus	37734	S	11	27	38	0.00001
Enterococcus mundtii	53346	S	11	5	16	0.00000
Vagococcus lutrae	81947	S	10	28	38	0.00001
Dolosigranulum pigrum	29394	S	23	7	30	0.00000
Aerococcus sanguinicola	119206	S	20	33	53	0.00001
Suicoccus acidiformans	2036206	S	11	8	19	0.00000
Abiotrophia defectiva	46125	S	10	3	13	0.00000
Faecalibacterium prausnitzii	853	S	592	531	1123	0.00017
Dysosmobacter sp. Marseille-Q4140	2830675	S	220	92	312	0.00005
Dysosmobacter welbionis	2093857	S	146	98	244	0.00004
Flavonifractor plautii	292800	S	378	89	467	0.00007
Ethanoligenens harbinense	253239	S	229	11	240	0.00004
Vescimonas coprocola	2714355	S	105	84	189	0.00003
Vescimonas fastidiosa	2714353	S	90	133	223	0.00003
Ruthenibacterium lactatiformans	1550024	S	176	48	224	0.00003
Caproiciproducens sp. NJN-50	2507162	S	159	19	178	0.00003
Oscillibacter sp. NSJ-62	2763056	S	137	40	177	0.00003
Anaerotruncus colihominis	169435	S	128	63	191	0.00003
Acutalibacter muris	1796620	S	108	4	112	0.00002
Caproicibacter fermentans	2576756	S	104	5	109	0.00002
Ruminococcus champanellensis	1161942	S	44	12	56	0.00001
Ruminococcus albus	1264	S	18	1	19	0.00000
Ruminococcus bovis	2564099	S	11	1	12	0.00000
Solibaculum mannosilyticum	2780922	S	84	77	161	0.00002
Pusillibacter faecalis	2714358	S	82	51	133	0.00002
Acetivibrio saccincola	1677857	S	33	19	52	0.00001
Acetivibrio clariflavus	288965	S	24	14	38	0.00001
Acetivibrio thermocellus	1515	S	19	2	21	0.00000
Caproicibacterium lactatifermentans	2666138	S	32	2	34	0.00001
Caproicibacterium amylolyticum	2766537	S	29	1	30	0.00000
Pseudoclostridium thermosuccinogenes	84032	S	25	5	30	0.00000
Ruminiclostridium herbifermentans	2488810	S	14	3	17	0.00000
Ruminiclostridium cellulolyticum	1521	S	10	1	11	0.00000
Thermoclostridium stercorarium	1510	S	18	10	28	0.00000
Monoglobus pectinilyticus	1981510	S	16	7	23	0.00000
Mageeibacillus indolicus	884684	S	14	18	32	0.00000
Thermaerobacter sp. FW80	2546351	S	900	181	1081	0.00016
Thermaerobacter sp. PB12/4term	2293838	S	657	160	817	0.00012
Thermaerobacter marianensis	73919	S	726	181	907	0.00013
Intestinimonas butyriciproducens	1297617	S	184	65	249	0.00004
Flintibacter sp. KGMB00164	2610895	S	126	12	138	0.00002
Aminipila butyrica	433296	S	22	1	23	0.00000
Aminipila luticellarii	2507160	S	20	1	21	0.00000
Emergencia timonensis	1776384	S	42	14	56	0.00001
Massilistercora timonensis	2086584	S	51	48	99	0.00001
Carboxydocella thermautotrophica	178899	S	34	3	37	0.00001
Symbiobacterium thermophilum	2734	S	1133	94	1227	0.00018
Lachnoclostridium phocaeense	1871021	S	60	49	109	0.00002
[Clostridium] scindens	29347	S	54	22	76	0.00001
[Clostridium] hylemonae	89153	S	49	13	62	0.00001
Lachnoclostridium sp. YL32	1834196	S	12	28	40	0.00001
Blautia producta	33035	S	40	13	53	0.00001
Blautia liquoris	2779518	S	24	2	26	0.00000
Blautia pseudococcoides	1796616	S	20	5	25	0.00000
Blautia sp. NBRC 113351	2877527	S	13	17	30	0.00000
Blautia obeum	40520	S	11	12	23	0.00000
Lachnospiraceae bacterium NSJ-29	2763667	S	48	14	62	0.00001
Lachnospiraceae bacterium NSJ-38	2763669	S	44	16	60	0.00001
Lachnospiraceae bacterium sunii NSJ-8	2763672	S	13	10	23	0.00000
Roseburia hominis	301301	S	65	66	131	0.00002
Roseburia intestinalis	166486	S	15	16	31	0.00000
Anaerocolumna cellulosilytica	433286	S	34	1	35	0.00001
Anaerocolumna chitinilytica	1727145	S	16	0	16	0.00000
Anaerocolumna sedimenticola	2696063	S	14	0	14	0.00000
Enterocloster bolteae	208479	S	51	19	70	0.00001
Butyrivibrio fibrisolvens	831	S	18	5	23	0.00000
Butyrivibrio proteoclasticus	43305	S	12	3	15	0.00000
Herbinix luporum	1679721	S	40	24	64	0.00001
Anaerostipes rhamnosivorans	1229621	S	16	6	22	0.00000
Anaerostipes caccae	105841	S	13	3	16	0.00000
Coprococcus catus	116085	S	13	11	24	0.00000
[Ruminococcus] gnavus	33038	S	26	20	46	0.00001
Lacrimispora saccharolytica	84030	S	15	2	17	0.00000
Lacrimispora sphenoides	29370	S	14	1	15	0.00000
Anaerotignum propionicum	28446	S	30	3	33	0.00000
Anaerobutyricum hallii	39488	S	15	6	21	0.00000
Sellimonas intestinalis	1653434	S	14	7	21	0.00000
Novisyntrophococcus fermenticellae	2068655	S	14	1	15	0.00000
Lachnospira eligens	39485	S	13	2	15	0.00000
Pseudobutyrivibrio xylanivorans	185007	S	10	0	10	0.00000
Clostridium sp. M62/1	411486	S	38	44	82	0.00001
Clostridium sp. SY8519	1042156	S	38	10	48	0.00001
Clostridium sp. C1	1155388	S	16	14	30	0.00000
Clostridium sp. BNL1100	755731	S	11	1	12	0.00000
Clostridium botulinum	1491	S	26	100	126	0.00002
Clostridium tetani	1513	S	26	4	30	0.00000
Clostridium pasteurianum	1501	S	18	3	21	0.00000
Clostridium beijerinckii	1520	S	17	47	64	0.00001
Clostridium perfringens	1502	S	16	6	22	0.00000
Clostridium kluyveri	1534	S	15	1	16	0.00000
Clostridium formicaceticum	1497	S	14	4	18	0.00000
Clostridium argentinense	29341	S	14	2	16	0.00000
Clostridium saccharoperbutylacetonicum	36745	S	13	4	17	0.00000
Clostridium fermenticellae	2068654	S	13	2	15	0.00000
Clostridium cellulovorans	1493	S	10	1	11	0.00000
Clostridium baratii	1561	S	10	3	13	0.00000
Clostridium manihotivorum	2320868	S	10	1	11	0.00000
Hungatella hathewayi	154046	S	71	2	73	0.00001
Crassaminicella sp. 143-21	2855394	S	10	5	15	0.00000
Geosporobacter ferrireducens	1424294	S	17	4	21	0.00000
Serpentinicella alkaliphila	1734049	S	11	2	13	0.00000
Candidatus Desulforudis audaxviator	471827	S	253	13	266	0.00004
Desulforamulus ferrireducens	1833852	S	39	22	61	0.00001
Desulforamulus ruminis	1564	S	36	5	41	0.00001
Desulforamulus reducens	59610	S	13	2	15	0.00000
Acididesulfobacillus acetoxydans	1561005	S	69	2	71	0.00001
Candidatus Formimonas warabiya	1761012	S	60	5	65	0.00001
Thermanaerosceptrum fracticalcis	1712410	S	40	5	45	0.00001
Dehalobacterium formicoaceticum	51515	S	27	5	32	0.00000
Desulfofarcimen acetoxidans	58138	S	23	2	25	0.00000
Christensenella sp. Marseille-P3954	2086585	S	321	150	471	0.00007
Christensenella minuta	626937	S	79	19	98	0.00001
Heliomicrobium modesticaldum	35701	S	260	100	360	0.00005
Heliorestis convoluta	356322	S	21	1	22	0.00000
Desulfitobacterium hafniense	49338	S	43	7	50	0.00001
Desulfitobacterium dehalogenans	36854	S	25	5	30	0.00000
Desulfitobacterium dichloroeliminans	233055	S	14	12	26	0.00000
Desulfitobacterium metallireducens	142877	S	12	2	14	0.00000
Desulfosporosinus youngiae	339862	S	23	7	30	0.00000
Desulfosporosinus meridiei	79209	S	17	7	24	0.00000
Desulfosporosinus orientis	1563	S	15	3	18	0.00000
Desulfosporosinus acidiphilus	885581	S	13	2	15	0.00000
Dehalobacter restrictus	55583	S	14	25	39	0.00001
Syntrophobotulus glycolicus	51197	S	37	2	39	0.00001
Eubacterium limosum	1736	S	40	63	103	0.00002
Eubacterium sp. c-25	2841037	S	18	8	26	0.00000
Eubacterium sp. MSJ-33	2841528	S	11	5	16	0.00000
Eubacterium callanderi	53442	S	16	21	37	0.00001
Acetobacterium sp. KB-1	2184575	S	25	10	35	0.00001
Acetobacterium wieringae	52694	S	19	12	31	0.00000
Alkalibacter sp. ES005	2815577	S	42	2	44	0.00001
Clostridioides difficile	1496	S	16	1637	1653	0.00024
Romboutsia sp. CE17	2724150	S	13	3	16	0.00000
Peptoclostridium acidaminophilum	1731	S	20	3	23	0.00000
Terrisporobacter sp. MCA3	2813371	S	16	1	17	0.00000
Syntrophothermus lipocalidus	86170	S	52	6	58	0.00001
Candidatus Contubernalis alkalaceticum	338645	S	24	1	25	0.00000
Syntrophomonas wolfei	863	S	15	5	20	0.00000
Candidatus Syntrophocurvum alkaliphilum	2293317	S	12	5	17	0.00000
Desulfoscipio gibsoniae	102134	S	57	4	61	0.00001
Desulfotomaculum nigrificans	1565	S	33	11	44	0.00001
Thermincola potens	863643	S	31	2	33	0.00000
Petrocella atlantisensis	2173034	S	11	1	12	0.00000
Caloranaerobacter azorensis	116090	S	21	2	23	0.00000
Moorella sp. Hama-1	2138101	S	143	38	181	0.00003
Moorella thermoacetica	1525	S	115	24	139	0.00002
Moorella glycerini	55779	S	102	12	114	0.00002
Ammonifex degensii	42838	S	130	4	134	0.00002
Gelria sp. Kuro-4	2796927	S	385	26	411	0.00006
Thermacetogenium phaeum	85874	S	152	113	265	0.00004
Carboxydothermus hydrogenoformans	129958	S	103	8	111	0.00002
Thermoanaerobacter mathranii	583357	S	16	34	50	0.00001
Thermanaeromonas toyohensis	161154	S	35	0	35	0.00001
Caldanaerobacter subterraneus	911092	S	21	20	41	0.00001
Mahella australiensis	252966	S	25	11	36	0.00001
Zhaonella formicivorans	2528593	S	23	2	25	0.00000
Iocasia fonsfrigidae	2682810	S	31	5	36	0.00001
Halanaerobium praevalens	2331	S	10	18	28	0.00000
Halothermothrix orenii	31909	S	14	3	17	0.00000
Anoxybacter fermentans	1323375	S	32	16	48	0.00001
Halobacteroides halobius	42422	S	15	15	30	0.00000
Thermosediminibacter oceani	291990	S	57	3	60	0.00001
Biomaibacter acetigenes	2316383	S	26	3	29	0.00000
Natranaerofaba carboxydovora	2742683	S	20	1	21	0.00000
Koleobacter methoxysyntrophicus	2751313	S	23	1	24	0.00000
Selenomonas sp. oral taxon 126	712528	S	247	50	297	0.00004
Selenomonas sp. oral taxon 920	1884263	S	150	27	177	0.00003
Selenomonas sp. oral taxon 478	712538	S	57	85	142	0.00002
Selenomonas sp. oral taxon 136	713030	S	55	77	132	0.00002
Selenomonas sputigena	69823	S	367	27	394	0.00006
Selenomonas timonae	2754044	S	149	49	198	0.00003
Selenomonas ruminantium	971	S	62	5	67	0.00001
Pectinatus frisingensis	865	S	17	1	18	0.00000
Sporomusa termitida	2377	S	65	6	71	0.00001
Pelosinus fermentans	365349	S	25	3	28	0.00000
Pelosinus sp. UFO1	484770	S	21	4	25	0.00000
Methylomusa anaerophila	1930071	S	40	1	41	0.00001
Megasphaera elsdenii	907	S	110	58	168	0.00002
Megasphaera stantonii	2144175	S	106	58	164	0.00002
Megasphaera massiliensis	1232428	S	38	13	51	0.00001
Veillonella rodentium	248315	S	11	12	23	0.00000
Acidaminococcus fermentans	905	S	74	16	90	0.00001
Acidaminococcus intestini	187327	S	26	2	28	0.00000
Phascolarctobacterium faecium	33025	S	31	2	33	0.00001
Phascolarctobacterium succinatutens	626940	S	22	44	66	0.00001
Phascolarctobacterium sp. Marseille-Q4147	2823317	S	20	8	28	0.00000
Limnochorda pilosa	1555112	S	926	36	962	0.00014
Allobaculum sp. Allo2	2853432	S	44	4	48	0.00001
Allobaculum mucolyticum	2834459	S	35	4	39	0.00001
Faecalibaculum rodentium	1702221	S	45	6	51	0.00001
[Clostridium] innocuum	1522	S	23	17	40	0.00001
Longicatena caecimuris	1796635	S	11	14	25	0.00000
Turicibacter sp. H121	1712675	S	30	28	58	0.00001
Peptoniphilus ivorii	54006	S	69	14	83	0.00001
Murdochiella vaginalis	1852373	S	35	31	66	0.00001
Parvimonas micra	33033	S	10	15	25	0.00000
Gudongella oleilytica	1582259	S	11	2	13	0.00000
Tissierella sp. JN-28	2507161	S	10	2	12	0.00000
Gottschalkia acidurici	1556	S	27	2	29	0.00000
Ezakiella coagulans	46507	S	27	61	88	0.00001
Ezakiella massiliensis	1852374	S	10	4	14	0.00000
Ndongobacter massiliensis	1871025	S	46	34	80	0.00001
Deinococcus sp. NW-56	2080419	S	585	92	677	0.00010
Deinococcus sp. TS-293	2737050	S	459	52	511	0.00008
Deinococcus sp. KNUC1210	2917691	S	405	17	422	0.00006
Deinococcus sp. AJ005	2652443	S	319	29	348	0.00005
Deinococcus sp. QL22	2939437	S	199	19	218	0.00003
Deinococcus maricopensis	309887	S	875	83	958	0.00014
Deinococcus gobiensis	502394	S	714	107	821	0.00012
Deinococcus metallilatus	1211322	S	696	92	788	0.00012
Deinococcus ficus	317577	S	659	70	729	0.00011
Deinococcus actinosclerus	1768108	S	657	511	1168	0.00017
Deinococcus peraridilitoris	432329	S	488	25	513	0.00008
Deinococcus wulumuqiensis	980427	S	481	222	703	0.00010
Deinococcus irradiatisoli	2202254	S	473	47	520	0.00008
Deinococcus radiopugnans	57497	S	406	58	464	0.00007
Deinococcus geothermalis	68909	S	366	67	433	0.00006
Deinococcus radiodurans	1299	S	359	128	487	0.00007
Deinococcus soli (ex Cha et al. 2016)	1309411	S	292	359	651	0.00010
Deinococcus deserti	310783	S	263	21	284	0.00004
Deinococcus psychrotolerans	2489213	S	261	8	269	0.00004
Deinococcus proteolyticus	55148	S	234	63	297	0.00004
Deinococcus radiophilus	32062	S	126	32	158	0.00002
Deinococcus puniceus	1182568	S	105	20	125	0.00002
Thermus thermophilus	274	S	368	400	768	0.00011
Thermus oshimai	56957	S	197	37	234	0.00003
Thermus aquaticus	271	S	194	28	222	0.00003
Thermus brockianus	56956	S	186	36	222	0.00003
Thermus sp. CCB_US3_UF1	1111069	S	136	19	155	0.00002
Thermus sp. NEB1569	2918899	S	24	42	66	0.00001
Thermus caldilimi	2483360	S	76	19	95	0.00001
Thermus scotoductus	37636	S	38	57	95	0.00001
Thermus parvatiensis	456163	S	30	143	173	0.00003
Oceanithermus profundus	187137	S	1101	119	1220	0.00018
Meiothermus silvanus	52022	S	323	54	377	0.00006
Meiothermus taiwanensis	172827	S	255	103	358	0.00005
Meiothermus ruber	277	S	232	99	331	0.00005
Marinithermus hydrothermalis	186192	S	681	124	805	0.00012
Truepera radiovictrix	332249	S	880	49	929	0.00014
Synechococcus sp. CBW1004	1353136	S	356	89	445	0.00007
Synechococcus sp. CBW1107	2789857	S	277	52	329	0.00005
Synechococcus sp. RSCCF101	2511069	S	261	55	316	0.00005
Synechococcus sp. SynAce01	1916956	S	198	20	218	0.00003
Synechococcus sp. JA-3-3Ab	321327	S	171	43	214	0.00003
Synechococcus sp. CB0101	232348	S	158	33	191	0.00003
Synechococcus sp. LA31	2741953	S	131	29	160	0.00002
Synechococcus sp. CBW1108	1353147	S	129	17	146	0.00002
Synechococcus sp. Minos11	221341	S	123	8	131	0.00002
Synechococcus sp. NB0720_10	2907159	S	114	29	143	0.00002
Synechococcus sp. PCC 7336	195250	S	105	3	108	0.00002
Synechococcus sp. RS9909	221352	S	100	38	138	0.00002
Synechococcus sp. LTW-R	2751170	S	95	22	117	0.00002
Synechococcus sp. JA-2-3B'a(2-13)	321332	S	91	21	112	0.00002
Synechococcus sp. HK01-R	2751171	S	89	14	103	0.00002
Synechococcus sp. A10-1-5-1	2936507	S	82	18	100	0.00001
Synechococcus sp. WH 8101	59932	S	74	26	100	0.00001
Synechococcus sp. NOUM97013	1442555	S	66	10	76	0.00001
Synechococcus sp. BMK-MC-1	1442551	S	61	25	86	0.00001
Synechococcus sp. KORDI-100	1280380	S	59	3	62	0.00001
Synechococcus sp. MEDNS5	1442554	S	58	19	77	0.00001
Synechococcus sp. BIOS-E4-1	1400864	S	55	5	60	0.00001
Synechococcus sp. KORDI-52	585425	S	53	16	69	0.00001
Synechococcus sp. KORDI-49	585423	S	48	49	97	0.00001
Synechococcus sp. PROS-U-1	1400866	S	48	8	56	0.00001
Synechococcus sp. PROS-7-1	1442556	S	43	19	62	0.00001
Synechococcus sp. MIT S9220	166309	S	42	6	48	0.00001
Synechococcus sp. PCC 6312	195253	S	40	1	41	0.00001
Synechococcus sp. A15-62	1050657	S	36	26	62	0.00001
Synechococcus sp. CC9902	316279	S	36	3	39	0.00001
Synechococcus sp. A15-127	1050624	S	34	35	69	0.00001
Synechococcus sp. CBW1006	1353138	S	33	256	289	0.00004
Synechococcus sp. A15-44	1050646	S	32	58	90	0.00001
Synechococcus sp. CBW1002	1353134	S	31	273	304	0.00005
Synechococcus sp. PCC 7003	374981	S	30	9	39	0.00001
Synechococcus sp. NIES-970	1827144	S	26	4	30	0.00000
Synechococcus sp. RS9907	221350	S	25	59	84	0.00001
Synechococcus sp. PROS-9-1	1968775	S	23	5	28	0.00000
Synechococcus sp. WH 8109	166314	S	23	17	40	0.00001
Synechococcus sp. WH 8020	32052	S	19	3	22	0.00000
Synechococcus sp. BIOS-U3-1	1400865	S	18	1	19	0.00000
Synechococcus sp. RS9902	221345	S	14	29	43	0.00001
Synechococcus sp. PCC 7502	1173263	S	14	0	14	0.00000
Synechococcus sp. M16.1	1442553	S	13	40	53	0.00001
Synechococcus sp. ROS8604	1442557	S	12	3	15	0.00000
Synechococcus sp. CC9311	64471	S	12	2	14	0.00000
Synechococcus sp. TAK9802	1442558	S	11	27	38	0.00001
Synechococcus sp. MVIR-18-1	1386941	S	10	18	28	0.00000
Synechococcus sp. SYN20	1050714	S	10	15	25	0.00000
Synechococcus elongatus	32046	S	195	11	206	0.00003
Dactylococcopsis salina	292566	S	20	7	27	0.00000
Cyanobium sp. NIES-981	1851505	S	316	95	411	0.00006
Cyanobium sp. NS01	261284	S	233	78	311	0.00005
Cyanobium gracile	59930	S	400	76	476	0.00007
Parasynechococcus marenigrum	2881428	S	78	22	100	0.00001
Prochlorococcus marinus	1219	S	54	13	67	0.00001
Acaryochloris marina	155978	S	43	7	50	0.00001
Acaryochloris sp. 'Moss Beach'	2740837	S	19	23	42	0.00001
Chamaesiphon minutus	1173032	S	61	3	64	0.00001
Synechocystis sp. PCC 6714	1147	S	14	37	51	0.00001
Nostoc sp. NIES-4103	2005458	S	50	10	60	0.00001
Nostoc sp. TCL26-01	2576904	S	45	6	51	0.00001
Nostoc sp. UHCC 0702	2814655	S	40	8	48	0.00001
Nostoc sp. UHCC 0870	2914041	S	33	12	45	0.00001
Nostoc sp. MS1	2764711	S	32	9	41	0.00001
Nostoc sp. C052	2576902	S	31	8	39	0.00001
Nostoc sp. ATCC 53789	76335	S	25	35	60	0.00001
Nostoc sp. CENA543	1869241	S	23	3	26	0.00000
Nostoc sp. C057	2576903	S	21	31	52	0.00001
Nostoc sp. PCC 7524	28072	S	21	4	25	0.00000
Nostoc sp. 'Lobaria pulmonaria (5183) cyanobiont'	1618022	S	17	3	20	0.00000
Nostoc sp. TCL240-02	2572090	S	16	8	24	0.00000
Nostoc sp. PCC 7107	317936	S	16	9	25	0.00000
Nostoc sp. NIES-2111	1973475	S	15	29	44	0.00001
Nostoc sp. 'Peltigera membranacea cyanobiont' N6	1261031	S	11	3	14	0.00000
Nostoc linckia	92942	S	50	12	62	0.00001
Nostoc edaphicum	264686	S	32	10	42	0.00001
Nostoc punctiforme	272131	S	26	21	47	0.00001
Nostoc flagelliforme	1306274	S	26	10	36	0.00001
Nostoc sphaeroides	446679	S	25	18	43	0.00001
Nostoc commune	1178	S	23	8	31	0.00000
Nostoc piscinale	224012	S	22	11	33	0.00001
Anabaena cylindrica	1165	S	32	9	41	0.00001
Anabaena sp. WA102	1647413	S	13	28	41	0.00001
Cylindrospermum stagnale	142864	S	38	14	52	0.00001
Richelia sinica	1357545	S	15	2	17	0.00000
Trichormus azollae	1164	S	14	2	16	0.00000
Calothrix sp. PCC 7716	2853227	S	65	45	110	0.00002
Calothrix sp. NIES-2100	1954172	S	56	36	92	0.00001
Calothrix sp. PCC 7507	99598	S	42	9	51	0.00001
Calothrix sp. NIES-3974	2005462	S	42	3	45	0.00001
Calothrix sp. PCC 6303	1170562	S	32	9	41	0.00001
Calothrix sp. NIES-2098	1954171	S	31	19	50	0.00001
Calothrix sp. 336/3	1337936	S	24	7	31	0.00000
Calothrix brevissima	938406	S	67	28	95	0.00001
Calothrix parasitica	1973486	S	55	3	58	0.00001
Sphaerospermopsis kisseleviana	289435	S	52	17	69	0.00001
Sphaerospermopsis torques-reginae	984207	S	38	12	50	0.00001
Nodularia spumigena	70799	S	30	7	37	0.00001
Nodularia sphaerocarpa	137816	S	27	7	34	0.00001
Anabaenopsis circularis	109266	S	24	16	40	0.00001
Anabaenopsis elenkinii	156213	S	17	2	19	0.00000
Dolichospermum compactum	136073	S	12	17	29	0.00000
Dolichospermum flos-aquae	1166	S	11	103	114	0.00002
Dolichospermum sp. UHCC 0315A	1914871	S	10	79	89	0.00001
Scytonema sp. NIES-4073	2005464	S	105	35	140	0.00002
Scytonema sp. HK-05	1137095	S	59	15	74	0.00001
Brasilonema sennae	1397703	S	53	6	59	0.00001
Tolypothrix sp. PCC 7910	2099387	S	57	19	76	0.00001
Tolypothrix tenuis	457083	S	33	16	49	0.00001
Fischerella sp. NIES-3754	1752063	S	68	14	82	0.00001
Fischerella sp. NIES-4106	2005456	S	31	3	34	0.00001
Rivularia sp. PCC 7116	373994	S	23	1	24	0.00000
Leptolyngbya sp. 7M	2812896	S	867	55	922	0.00014
Leptolyngbya sp. BL0902	1115757	S	130	7	137	0.00002
Leptolyngbya sp. NIES-3755	1752064	S	36	2	38	0.00001
Leptolyngbya sp. PCC 7376	111781	S	20	1	21	0.00000
Leptolyngbya boryana	1184	S	36	254	290	0.00004
Kovacikia minuta	2931930	S	129	11	140	0.00002
Leptothermofonsia sichuanensis	2917832	S	77	6	83	0.00001
Leptodesmis sichuanensis	2906798	S	59	5	64	0.00001
Halomicronema hongdechloris	1209493	S	123	4	127	0.00002
Thermosynechococcus sp. NK55a	1394889	S	21	10	31	0.00000
Thermosynechococcus sp. TA-1	2813673	S	14	19	33	0.00000
Thermosynechococcus vestitus	146786	S	32	12	44	0.00001
Pseudanabaena sp. PCC 7367	82654	S	35	1	36	0.00001
Pseudanabaena sp. ABRG5-3	685565	S	35	1	36	0.00001
Gloeobacter kilaueensis	1416614	S	455	14	469	0.00007
Gloeobacter morelensis	2907343	S	362	160	522	0.00008
Gloeobacter violaceus	33072	S	340	165	505	0.00007
Anthocerotibacter panamensis	2857077	S	115	4	119	0.00002
Moorena producens	1155739	S	260	6	266	0.00004
Oscillatoria nigro-viridis	482564	S	57	31	88	0.00001
Oscillatoria acuminata	118323	S	50	3	53	0.00001
Geitlerinema sp. PCC 7407	1173025	S	244	34	278	0.00004
Allocoleopsis franciscana	2886352	S	60	6	66	0.00001
Oxynema aestuarii	2874213	S	117	10	127	0.00002
Microcoleus vaginatus	119532	S	63	26	89	0.00001
[Phormidium] sp. ETS-05	222819	S	82	5	87	0.00001
Crinalium epipsammum	241425	S	22	2	24	0.00000
Microcystis aeruginosa	1126	S	74	103	177	0.00003
Gloeothece verrucosa	2546359	S	25	2	27	0.00000
Gloeothece citriformis	2546356	S	16	1	17	0.00000
Halothece sp. PCC 7418	65093	S	25	7	32	0.00000
Crocosphaera subtropica	2546360	S	27	2	29	0.00000
Rippkaea orientalis	2546366	S	16	2	18	0.00000
Geminocystis herdmanii	669359	S	27	9	36	0.00001
Geminocystis sp. NIES-3709	1617448	S	11	4	15	0.00000
Gloeocapsa sp. PCC 7428	1173026	S	29	3	32	0.00000
Chondrocystis sp. NIES-4102	2005460	S	16	2	18	0.00000
Chroococcidiopsis sp. CCMEE 29	155894	S	73	11	84	0.00001
Chroococcidiopsis sp. CCNUC1	2653189	S	17	26	43	0.00001
Chroococcidiopsis thermalis	54299	S	28	48	76	0.00001
Pleurocapsa sp. PCC 7327	118163	S	39	4	43	0.00001
Stanieria sp. NIES-3757	1807358	S	14	6	20	0.00000
Thermostichus lividus	33070	S	32	4	36	0.00001
Gloeomargarita lithophora	1188228	S	31	1	32	0.00000
Sphaerobacter thermophilus	2057	S	2323	144	2467	0.00037
Thermomicrobium roseum	500	S	553	12	565	0.00008
Roseiflexus sp. RS-1	357808	S	833	145	978	0.00015
Roseiflexus castenholzii	120962	S	760	136	896	0.00013
Chloroflexus aurantiacus	1108	S	297	39	336	0.00005
Chloroflexus aggregans	152260	S	219	41	260	0.00004
Candidatus Promineofilum breve	1806508	S	1526	30	1556	0.00023
Tepidiforma bonchosmolovskayae	2601677	S	1520	63	1583	0.00023
Anaerolinea thermophila	167964	S	481	51	532	0.00008
Pelolinea submarina	913107	S	388	19	407	0.00006
Brevefilum fermentans	1986204	S	167	6	173	0.00003
Caldilinea aerophila	133453	S	789	53	842	0.00012
Dehalogenimonas formicexedens	1839801	S	153	32	185	0.00003
Dehalogenimonas sp. GP	1536648	S	93	19	112	0.00002
Dehalococcoides mccartyi	61435	S	53	105	158	0.00002
Phototrophicus methaneseepsis	2710758	S	441	5	446	0.00007
Ktedonosporobacter rubrisoli	2509675	S	317	10	327	0.00005
Thermobaculum terrenum	166501	S	273	40	313	0.00005
Fimbriimonas ginsengisoli	1005039	S	1712	9	1721	0.00026
Chthonomonas calidirosea	454171	S	236	1	237	0.00004
Williamsoniiplasma somnilux	215578	S	10	31	41	0.00001
Alteracholeplasma palmae	38986	S	15	10	25	0.00000
Gemmata obscuriglobus	114	S	8875	1002	9877	0.00146
Gemmata massiliana	1210884	S	3591	1566	5157	0.00076
Gemmata sp. SH-PL17	1630693	S	3426	1685	5111	0.00076
Urbifossiella limnaea	2528023	S	17517	1548	19065	0.00283
Frigoriglobus tundricola	2774151	S	10528	1719	12247	0.00182
Limnoglobus roseus	2598579	S	7783	373	8156	0.00121
Tuwongella immobilis	692036	S	615	26	641	0.00010
Telmatocola sphagniphila	1123043	S	509	5	514	0.00008
Caulifigura coniformis	2527983	S	10006	616	10622	0.00157
Planctomyces sp. SH-PL62	1636152	S	4306	1586	5892	0.00087
Planctomyces sp. SH-PL14	1632864	S	3646	221	3867	0.00057
Gimesia panareensis	2527978	S	648	73	721	0.00011
Gimesia chilikensis	2605989	S	389	239	628	0.00009
Gimesia maris	122	S	278	42	320	0.00005
Gimesia alba	2527973	S	164	28	192	0.00003
Gimesia algae	2527971	S	157	39	196	0.00003
Gimesia fumaroli	2527976	S	149	29	178	0.00003
Gimesia benthica	2608982	S	114	163	277	0.00004
Gimesia aquarii	2527964	S	101	6	107	0.00002
Maioricimonas rarisocia	2528026	S	2306	268	2574	0.00038
Alienimonas californiensis	2527989	S	2012	140	2152	0.00032
Symmachiella dynata	2527995	S	778	42	820	0.00012
Rubinisphaera brasiliensis	119	S	521	48	569	0.00008
Calycomorphotria hydatis	2528027	S	477	16	493	0.00007
Fuerstiella marisgermanici	1891926	S	466	7	473	0.00007
Planctopirus ephydatiae	2528019	S	173	76	249	0.00004
Planctopirus limnophila	120	S	160	65	225	0.00003
Crateriforma conspicua	2527996	S	388	83	471	0.00007
Polystyrenella longa	2528007	S	186	15	201	0.00003
Thalassoglobus polymorphus	2527994	S	153	7	160	0.00002
Tautonia plasticadhaerens	2527974	S	7283	637	7920	0.00117
Aquisphaera giovannonii	406548	S	7056	1213	8269	0.00123
Paludisphaera borealis	1387353	S	5668	1274	6942	0.00103
Singulisphaera acidiphila	466153	S	3886	583	4469	0.00066
Isosphaera pallida	128	S	712	52	764	0.00011
Lacipirellula parvula	2650471	S	3043	350	3393	0.00050
Lacipirellula limnantheis	2528024	S	2904	384	3288	0.00049
Pirellulimonas nuda	2528009	S	2258	245	2503	0.00037
Botrimarina mediterranea	2528022	S	2077	192	2269	0.00034
Aeoliella mucimassa	2527972	S	740	60	800	0.00012
Adhaeretor mobilis	1930276	S	445	44	489	0.00007
Bythopirellula goksoeyrii	1400387	S	367	26	393	0.00006
Rosistilla oblonga	2527990	S	496	257	753	0.00011
Rosistilla carotiformis	2528017	S	322	147	469	0.00007
Rosistilla ulvae	1930277	S	271	174	445	0.00007
Stieleria neptunia	2527979	S	740	84	824	0.00012
Stieleria maiorica	2795974	S	728	150	878	0.00013
Lignipirellula cremea	2528010	S	1503	176	1679	0.00025
Anatilimnocola aggregata	2528021	S	1358	152	1510	0.00022
Bremerella volcania	2527984	S	1128	86	1214	0.00018
Pirellula staleyi	125	S	744	28	772	0.00011
Pirellula sp. SH-Sr6A	1632865	S	267	7	274	0.00004
Roseimaritima ulvae	980254	S	702	46	748	0.00011
Roseimaritima multifibrata	1930274	S	179	20	199	0.00003
Rubripirellula lacrimiformis	1930273	S	393	77	470	0.00007
Mariniblastus fucicola	980251	S	286	5	291	0.00004
Aureliella helgolandensis	2527968	S	250	20	270	0.00004
Rhodopirellula baltica	265606	S	249	17	266	0.00004
Thermogutta terrifontis	1331910	S	266	8	274	0.00004
Humisphaera borealis	2807512	S	3738	93	3831	0.00057
Phycisphaera mikurensis	547188	S	1680	135	1815	0.00027
Mucisphaera calidilacus	2527982	S	820	47	867	0.00013
Poriferisphaera corsica	2528020	S	96	0	96	0.00001
Anaerohalosphaera lusitana	1936003	S	168	3	171	0.00003
Sedimentisphaera salicampi	1941349	S	28	4	32	0.00000
Sedimentisphaera cyanobacteriorum	1940790	S	23	23	46	0.00001
Limihaloglobus sulfuriphilus	1851148	S	55	1	56	0.00001
Candidatus Kuenenia stuttgartiensis	174633	S	60	0	60	0.00001
Candidatus Uabimicrobium amorphum	2596890	S	31	0	31	0.00000
Opitutus terrae	107709	S	6107	263	6370	0.00094
Opitutus sp. GAS368	1882749	S	5272	725	5997	0.00089
Lacunisphaera limnophila	1838286	S	5970	773	6743	0.00100
Oleiharenicola sp. KSB-15	2862869	S	2636	127	2763	0.00041
Nibricoccus aquaticus	2576891	S	2372	94	2466	0.00037
Ereboglobus luteus	1796921	S	1395	61	1456	0.00022
Ruficoccus sp. ZRK36	2866311	S	417	55	472	0.00007
Coraliomargarita akajimensis	395922	S	114	2	116	0.00002
Verrucomicrobium sp. GAS474	1882831	S	1251	115	1366	0.00020
Verrucomicrobium spinosum	2736	S	855	49	904	0.00013
Luteolibacter ambystomatis	2824561	S	1084	71	1155	0.00017
Luteolibacter luteus	2728835	S	967	43	1010	0.00015
Roseimicrobium sp. ORNL1	2711231	S	1804	61	1865	0.00028
Sulfuriroseicoccus oceanibius	2707525	S	252	26	278	0.00004
Akkermansia muciniphila	239935	S	466	47	513	0.00008
Akkermansia glycaniphila	1679444	S	197	11	208	0.00003
Methylacidimicrobium sp. AP8	2730359	S	263	29	292	0.00004
Methylacidimicrobium sp. B4	2796139	S	222	34	256	0.00004
Methylacidiphilum sp. IT6	2795386	S	11	12	23	0.00000
Methylacidiphilum kamchatkense	431057	S	12	10	22	0.00000
Candidatus Xiphinematobacter sp. Idaho Grape	1704307	S	52	3	55	0.00001
Kiritimatiella glycovorans	1307763	S	409	446	855	0.00013
Tichowtungia aerotolerans	2697043	S	145	8	153	0.00002
Candidatus Protochlamydia naegleriophila	389348	S	17	17	34	0.00001
Candidatus Protochlamydia amoebophila	362787	S	13	12	25	0.00000
Parachlamydia acanthamoebae	83552	S	46	14	60	0.00001
Neochlamydia sp. S13	1353976	S	20	4	24	0.00000
Candidatus Rhabdochlamydia oedothoracis	2720720	S	12	46	58	0.00001
Simkania negevensis	83561	S	32	3	35	0.00001
Waddlia chondrophila	71667	S	32	6	38	0.00001
Candidatus Velamenicoccus archaeovorus	1930593	S	146	0	146	0.00002
Gemmatirosa kalamazoonesis	861299	S	87860	7567	95427	0.01414
Gemmatimonas groenlandica	2732249	S	9479	1154	10633	0.00158
Gemmatimonas aurantiaca	173480	S	7394	806	8200	0.00122
Gemmatimonas phototrophica	1379270	S	5684	845	6529	0.00097
Hymenobacter sp. 5317J-9	2932250	S	447	119	566	0.00008
Hymenobacter sp. PAMC 26554	1484116	S	404	44	448	0.00007
Hymenobacter sp. PAMC 26628	1484118	S	404	112	516	0.00008
Hymenobacter sp. APR13	1356852	S	390	177	567	0.00008
Hymenobacter sp. BRD128	2675878	S	326	48	374	0.00006
Hymenobacter sp. 5116S-27	2932249	S	257	44	301	0.00004
Hymenobacter sp. BT18	2835648	S	244	35	279	0.00004
Hymenobacter sp. NBH84	2596915	S	242	39	281	0.00004
Hymenobacter sp. 5116S-3	2932248	S	224	38	262	0.00004
Hymenobacter sp. 5413J-13	2932251	S	211	34	245	0.00004
Hymenobacter sp. 5420S-77	2932254	S	208	32	240	0.00004
Hymenobacter sp. DG01	2584940	S	201	61	262	0.00004
Hymenobacter sp. S2-20-2	2761579	S	182	31	213	0.00003
Hymenobacter sp. DG25B	1385664	S	166	68	234	0.00003
Hymenobacter sp. BRD67	2675877	S	163	183	346	0.00005
Hymenobacter sp. DG25A	1385663	S	108	45	153	0.00002
Hymenobacter sp. HDW8	2714932	S	71	268	339	0.00005
Hymenobacter sp. 5516J-16	2932253	S	55	267	322	0.00005
Hymenobacter sp. 5516S-25	2933777	S	49	224	273	0.00004
Hymenobacter monticola	1705399	S	432	91	523	0.00008
Hymenobacter busanensis	2607656	S	428	52	480	0.00007
Hymenobacter sedentarius	1411621	S	397	67	464	0.00007
Hymenobacter nivis	1850093	S	325	95	420	0.00006
Hymenobacter jejuensis	2502781	S	296	24	320	0.00005
Hymenobacter oligotrophus	2319843	S	283	33	316	0.00005
Hymenobacter swuensis	1446467	S	222	56	278	0.00004
Hymenobacter tibetensis	497967	S	186	32	218	0.00003
Hymenobacter baengnokdamensis	2615203	S	156	196	352	0.00005
Hymenobacter qilianensis	1385715	S	107	22	129	0.00002
Hymenobacter radiodurans	2496028	S	65	257	322	0.00005
Pontibacter russatus	2694929	S	615	69	684	0.00010
Pontibacter pudoricolor	2694930	S	379	48	427	0.00006
Pontibacter actiniarum	323450	S	274	76	350	0.00005
Pontibacter akesuensis	388950	S	232	39	271	0.00004
Pontibacter korlensis	400092	S	115	19	134	0.00002
Pontibacter sp. SGAir0037	2571030	S	110	21	131	0.00002
Rufibacter radiotolerans	1379910	S	141	17	158	0.00002
Rufibacter tibetensis	512763	S	107	19	126	0.00002
Rufibacter sp. DG15C	1379909	S	94	55	149	0.00002
Adhaeribacter swui	2086471	S	81	13	94	0.00001
Adhaeribacter radiodurans	2745197	S	65	9	74	0.00001
Nibribacter ruber	2698458	S	109	63	172	0.00003
Spirosoma sp. CJU-R4	2728024	S	256	23	279	0.00004
Spirosoma sp. KUDC1026	2745947	S	134	14	148	0.00002
Spirosoma sp. RHs26	2898794	S	103	8	111	0.00002
Spirosoma sp. KCTC 42546	2520506	S	101	18	119	0.00002
Spirosoma sp. KCTC 72228	2710596	S	81	15	96	0.00001
Spirosoma taeanense	2735870	S	176	17	193	0.00003
Spirosoma rigui	564064	S	175	13	188	0.00003
Spirosoma montaniterrae	1178516	S	147	9	156	0.00002
Spirosoma radiotolerans	1379870	S	114	9	123	0.00002
Spirosoma pollinicola	2057025	S	114	13	127	0.00002
Spirosoma aerolatum	1211326	S	107	5	112	0.00002
Spirosoma endbachense	2666025	S	101	62	163	0.00002
Spirosoma aureum	2692134	S	91	68	159	0.00002
Rhodocytophaga rosea	2704465	S	88	3	91	0.00001
Cytophaga hutchinsonii	985	S	48	4	52	0.00001
Aquirufa sp. 9H-EGSE	2696560	S	17	6	23	0.00000
Aquirufa nivalisilvae	2516557	S	14	4	18	0.00000
Dyadobacter fermentans	94254	S	531	47	578	0.00009
Dyadobacter sp. LJ419	2906456	S	109	6	115	0.00002
Dyadobacter sp. NIV53	2861765	S	59	3	62	0.00001
Dyadobacter sandarakinus	2747268	S	140	12	152	0.00002
Fibrella aestuarina	651143	S	377	33	410	0.00006
Fibrella sp. ES10-3-2-2	1834519	S	160	12	172	0.00003
Runella slithyformis	106	S	118	11	129	0.00002
Runella rosea	2259595	S	86	9	95	0.00001
Runella sp. SP2	2268026	S	69	4	73	0.00001
Larkinella sp. IE-0392	2907205	S	90	6	96	0.00001
Leadbetterella byssophila	316068	S	30	16	46	0.00001
Arcticibacterium luteifluviistationis	1784714	S	14	0	14	0.00000
Chryseolinea soli	2321403	S	800	24	824	0.00012
Fulvivirga sp. SS9-22	2904245	S	58	3	61	0.00001
Fulvivirga sp. W9P-11	2904246	S	40	5	45	0.00001
Fulvivirga sp. SW1-E11	2904247	S	26	5	31	0.00000
Fulvivirga lutea	2810512	S	43	5	48	0.00001
Echinicola sp. 20G	2781961	S	25	3	28	0.00000
Echinicola sp. SCS 3-6	2859768	S	18	6	24	0.00000
Echinicola vietnamensis	390884	S	43	20	63	0.00001
Echinicola rosea	1807691	S	40	15	55	0.00001
Echinicola strongylocentroti	1795355	S	37	5	42	0.00001
Echinicola soli	2591634	S	29	2	31	0.00000
Algoriphagus sp. Y33	2772483	S	38	3	41	0.00001
Algoriphagus sp. NBT04N3	2705473	S	28	8	36	0.00001
Algoriphagus sanaruensis	1727163	S	32	3	35	0.00001
Algoriphagus machipongonensis	388413	S	27	2	29	0.00000
Cyclobacterium amurskyense	320787	S	24	3	27	0.00000
Cyclobacterium marinum	104	S	18	5	23	0.00000
Aquiflexum balticum	280473	S	38	5	43	0.00001
Mongoliitalea daihaiensis	2782006	S	17	1	18	0.00000
Belliella baltica	232259	S	16	7	23	0.00000
Candidatus Amoebophilus asiaticus	281120	S	70	2	72	0.00001
Flammeovirga pectinis	2494373	S	10	24	34	0.00001
Mangrovivirga cuniculi	2715131	S	26	1	27	0.00000
Bernardetia litoralis	999	S	21	1	22	0.00000
Marivirga tractuosa	1006	S	21	7	28	0.00000
Flavobacterium anhuiense	459526	S	3363	464	3827	0.00057
Flavobacterium commune	1306519	S	973	117	1090	0.00016
Flavobacterium sp. HJ-32-4	1160795	S	102	6	108	0.00002
Flavobacterium sp. F-29	2893883	S	42	8	50	0.00001
Flavobacterium sp. MDT1-60	1979344	S	42	8	50	0.00001
Flavobacterium sp. CLA17	2724135	S	39	7	46	0.00001
Flavobacterium sp. MMS21-Er5	2937442	S	36	8	44	0.00001
Flavobacterium sp. B183	907046	S	36	7	43	0.00001
Flavobacterium sp. M31R6	2739062	S	34	4	38	0.00001
Flavobacterium sp. Sr18	935222	S	34	5	39	0.00001
Flavobacterium sp. F-340	2893886	S	31	10	41	0.00001
Flavobacterium sp. IGB 4-14	1871076	S	31	2	33	0.00000
Flavobacterium sp. CJ74	2294119	S	31	2	33	0.00000
Flavobacterium sp. GENT5	1751095	S	30	7	37	0.00001
Flavobacterium sp. KBS0721	1179672	S	28	10	38	0.00001
Flavobacterium sp. 140616W15	2478552	S	27	5	32	0.00000
Flavobacterium sp. K5-23	2746225	S	26	5	31	0.00000
Flavobacterium sp. SLB02	2665645	S	25	6	31	0.00000
Flavobacterium sp. F-70	2893884	S	22	4	26	0.00000
Flavobacterium sp. F-323	2893885	S	21	4	25	0.00000
Flavobacterium sp. I3-2	2748319	S	19	29	48	0.00001
Flavobacterium sp. LPB0248	2614441	S	18	4	22	0.00000
Flavobacterium sp. CHNK8	2871165	S	15	24	39	0.00001
Flavobacterium sp. CECT 9288	2845819	S	13	21	34	0.00001
Flavobacterium sp. KSM-R2A30	2897181	S	13	4	17	0.00000
Flavobacterium sp. WSW3-B6	2856519	S	12	1	13	0.00000
Flavobacterium sp. KK2020170	2830782	S	12	2	14	0.00000
Flavobacterium sp. KSM-R2A25	2895947	S	12	3	15	0.00000
Flavobacterium johnsoniae	986	S	67	18	85	0.00001
Flavobacterium album	2175091	S	64	4	68	0.00001
Flavobacterium magnum	2162713	S	60	4	64	0.00001
Flavobacterium pallidum	2172098	S	59	4	63	0.00001
Flavobacterium crocinum	2183896	S	53	6	59	0.00001
Flavobacterium gilvum	1492737	S	46	5	51	0.00001
Flavobacterium nackdongense	2547394	S	45	3	48	0.00001
Flavobacterium endoglycinae	2816357	S	37	3	40	0.00001
Flavobacterium faecale	1355330	S	33	3	36	0.00001
Flavobacterium nitrogenifigens	1617283	S	33	5	38	0.00001
Flavobacterium enshiense	1341165	S	32	3	35	0.00001
Flavobacterium inviolabile	2748320	S	29	3	32	0.00000
Flavobacterium fluviale	2249356	S	28	4	32	0.00000
Flavobacterium kingsejongi	1678728	S	26	3	29	0.00000
Flavobacterium sediminis	2201181	S	26	25	51	0.00001
Flavobacterium crassostreae	1763534	S	23	4	27	0.00000
Flavobacterium alkalisoli	2602769	S	22	1	23	0.00000
Flavobacterium sangjuense	2518177	S	21	1	22	0.00000
Flavobacterium psychrophilum	96345	S	21	3	24	0.00000
Flavobacterium branchiophilum	55197	S	16	1	17	0.00000
Flavobacterium columnare	996	S	14	9	23	0.00000
Flavobacterium indicum	312277	S	14	1	15	0.00000
Flavobacterium haoranii	683124	S	13	3	16	0.00000
Flavobacterium davisii	2906077	S	13	3	16	0.00000
Flavobacterium sediminilitoris	2024526	S	11	1	12	0.00000
Flavobacterium jumunjinense	998845	S	10	1	11	0.00000
Capnocytophaga sp. FDAARGOS_737	2545799	S	17	18	35	0.00001
Capnocytophaga sp. oral taxon 902	2748316	S	10	37	47	0.00001
Capnocytophaga haemolytica	45243	S	30	3	33	0.00000
Capnocytophaga sputigena	1019	S	25	14	39	0.00001
Capnocytophaga gingivalis	1017	S	24	4	28	0.00000
Muricauda sp. SCSIO 65647	2908843	S	30	1	31	0.00000
Muricauda sp. SCSIO 64092	2908842	S	27	0	27	0.00000
Muricauda aquimarina	254955	S	43	18	61	0.00001
Muricauda lutaonensis	516051	S	41	8	49	0.00001
Muricauda oceani	2698672	S	37	15	52	0.00001
Muricauda ruestringensis	111501	S	32	2	34	0.00001
Muricauda aurantiaca	1383885	S	11	0	11	0.00000
Gramella sp. GC03-9	2920386	S	31	9	40	0.00001
Gramella sp. MAR_2010_147	1250205	S	18	2	20	0.00000
Gramella sp. MT6	2705471	S	14	2	16	0.00000
Gramella fulva	2126553	S	45	5	50	0.00001
Gramella flava	1486245	S	24	8	32	0.00000
Gramella salexigens	1913577	S	17	2	19	0.00000
Gramella echinicola	279359	S	11	1	12	0.00000
Nonlabens spongiae	331648	S	51	21	72	0.00001
Nonlabens sp. Hel1_33_55	1336802	S	18	5	23	0.00000
Nonlabens marinus	930802	S	22	6	28	0.00000
Nonlabens ponticola	2496866	S	13	1	14	0.00000
Nonlabens dokdonensis	328515	S	11	2	13	0.00000
Robiginitalea biformata	252307	S	133	8	141	0.00002
Polaribacter vadi	1774273	S	11	8	19	0.00000
Polaribacter reichenbachii	996801	S	10	7	17	0.00000
Antarcticibacterium sp. 1MA-6-2	2908210	S	38	4	42	0.00001
Antarcticibacterium flavum	2058175	S	26	5	31	0.00000
Antarcticibacterium arcticum	2585771	S	21	2	23	0.00000
Winogradskyella sp. J14-2	1936080	S	11	2	13	0.00000
Winogradskyella sp. PG-2	754409	S	10	1	11	0.00000
Winogradskyella forsetii	2686077	S	18	4	22	0.00000
Maribacter sp. HTCC2170	313603	S	21	6	27	0.00000
Maribacter cobaltidurans	1178778	S	16	14	30	0.00000
Maribacter hydrothermalis	1836467	S	11	11	22	0.00000
Aequorivita sp. H23M31	2494375	S	23	10	33	0.00000
Aequorivita sublithincola	101385	S	14	14	28	0.00000
Formosa sp. Hel1_33_131	1336794	S	16	4	20	0.00000
Formosa sp. Hel1_31_208	1798225	S	10	1	11	0.00000
Sinomicrobium sp. HD2P242	2900738	S	54	2	56	0.00001
Salegentibacter sp. T436	1729720	S	18	17	35	0.00001
Salegentibacter salegens	143223	S	15	2	17	0.00000
Salegentibacter mishustinae	270918	S	10	8	18	0.00000
Kordia antarctica	1218801	S	22	2	24	0.00000
Kordia sp. SMS9	2282170	S	15	1	16	0.00000
Muriicola soli	2507538	S	33	2	35	0.00001
Flagellimonas sp. CMM7	2654676	S	23	1	24	0.00000
Arenibacter algicola	616991	S	29	8	37	0.00001
Algibacter sp. L1A34	2686365	S	14	5	19	0.00000
Leeuwenhoekiella palythoae	573501	S	12	11	23	0.00000
Pukyongia salina	2094025	S	25	1	26	0.00000
Tamlana carrageenivorans	2069432	S	11	3	14	0.00000
Tamlana sp. s12	1630406	S	11	3	14	0.00000
Zunongwangia sp. SCSIO 43204	2779359	S	15	9	24	0.00000
Aggregatimonas sangjinii	2583587	S	24	1	25	0.00000
Lacinutrix sp. WUR7	2653681	S	11	2	13	0.00000
Euzebyella marina	1761453	S	22	10	32	0.00000
Seonamhaeicola sp. S2-3	1936081	S	13	2	15	0.00000
Zobellia galactanivorans	63186	S	20	1	21	0.00000
Constantimarinum furrinae	2562285	S	19	1	20	0.00000
Gilvibacter sp. SZ-19	754429	S	19	2	21	0.00000
Olleya aquimaris	639310	S	11	4	15	0.00000
Psychroflexus torquis	57029	S	10	0	10	0.00000
Mariniflexile sp. TRM1-10	2027857	S	16	1	17	0.00000
Zhouia spongiae	2202721	S	16	3	19	0.00000
Costertonia aggregata	343403	S	15	2	17	0.00000
Oceanihabitans sp. IOP_32	2529032	S	15	5	20	0.00000
Flavobacteriaceae bacterium 10Alg115	2584122	S	13	0	13	0.00000
Gillisia sp. Hel1_33_143	1336796	S	13	4	17	0.00000
Flavivirga eckloniae	1803846	S	13	1	14	0.00000
Aegicerativicinus sediminis	2893202	S	13	0	13	0.00000
Sediminicola sp. YIK13	1453352	S	11	1	12	0.00000
Marixanthomonas sp. SCSIO 43207	2779360	S	11	2	13	0.00000
Amniculibacterium sp. G2-70	2767188	S	10	13	23	0.00000
Siansivirga zeaxanthinifaciens	762954	S	10	2	12	0.00000
Changchengzhania lutea	2049305	S	10	1	11	0.00000
Sabulilitoribacter sp. BrNp1-15	2916754	S	10	2	12	0.00000
Wenyingzhuangia fucanilytica	1790137	S	10	1	11	0.00000
Chryseobacterium sp. Y16C	2920939	S	99	93	192	0.00003
Chryseobacterium sp. SC2-2	2929800	S	30	20	50	0.00001
Chryseobacterium sp. 6424	2039166	S	25	8	33	0.00000
Chryseobacterium sp.	1871047	S	20	9	29	0.00000
Chryseobacterium sp. MEBOG06	2879938	S	18	5	23	0.00000
Chryseobacterium sp. cx-624	2758037	S	18	3	21	0.00000
Chryseobacterium sp. MEBOG07	2879939	S	17	6	23	0.00000
Chryseobacterium sp. POL2	2713414	S	17	14	31	0.00000
Chryseobacterium sp. IHB B 17019	1721091	S	16	3	19	0.00000
Chryseobacterium sp. LJ668	2864040	S	15	3	18	0.00000
Chryseobacterium sp. F4	2852098	S	15	1	16	0.00000
Chryseobacterium sp. 3008163	2478663	S	13	7	20	0.00000
Chryseobacterium sp. ZHDP1	2838877	S	13	15	28	0.00000
Chryseobacterium sp. T16E-39	2015076	S	12	1	13	0.00000
Chryseobacterium sp. C-17	2898076	S	11	6	17	0.00000
Chryseobacterium sp. StRB126	878220	S	10	4	14	0.00000
Chryseobacterium sp. G0201	2487065	S	10	3	13	0.00000
Chryseobacterium sp. DH-B6	2759528	S	10	5	15	0.00000
Chryseobacterium daecheongense	192389	S	45	10	55	0.00001
Chryseobacterium indologenes	253	S	43	28	71	0.00001
Chryseobacterium taklimakanense	536441	S	41	30	71	0.00001
Chryseobacterium arthrosphaerae	651561	S	29	21	50	0.00001
Chryseobacterium shandongense	1493872	S	28	24	52	0.00001
Chryseobacterium indoltheticum	254	S	26	8	34	0.00001
Chryseobacterium camelliae	1265445	S	23	18	41	0.00001
Chryseobacterium gleum	250	S	21	39	60	0.00001
Chryseobacterium piperi	558152	S	20	3	23	0.00000
Chryseobacterium nepalense	1854498	S	20	4	24	0.00000
Chryseobacterium cucumeris	1813611	S	17	15	32	0.00000
Chryseobacterium lactis	1241981	S	16	23	39	0.00001
Chryseobacterium salivictor	2547600	S	16	2	18	0.00000
Chryseobacterium gallinarum	1324352	S	16	7	23	0.00000
Chryseobacterium carnipullorum	1124835	S	16	8	24	0.00000
Chryseobacterium aureum	2497456	S	12	3	15	0.00000
Chryseobacterium nakagawai	1241982	S	10	23	33	0.00000
Chryseobacterium joostei	112234	S	10	5	15	0.00000
Chryseobacterium manosquense	2754694	S	10	10	20	0.00000
Kaistella sp. 97-N-M2	2908645	S	26	4	30	0.00000
Kaistella daneshvariae	2487074	S	23	2	25	0.00000
Kaistella jeonii	266749	S	16	1	17	0.00000
Kaistella antarctica	266748	S	14	1	15	0.00000
Candidatus Kaistella beijingensis	2820270	S	11	5	16	0.00000
Kaistella carnis	1241979	S	10	3	13	0.00000
Kaistella flava (ex Peng et al. 2021)	2038776	S	10	1	11	0.00000
Epilithonimonas vandammei	2487072	S	20	39	59	0.00001
Epilithonimonas zeae	1416779	S	16	2	18	0.00000
Elizabethkingia anophelis	1117645	S	54	45	99	0.00001
Elizabethkingia meningoseptica	238	S	24	2	26	0.00000
Elizabethkingia sp. JS20170427COW	2583851	S	16	3	19	0.00000
Cruoricaptor ignavus	1118202	S	44	7	51	0.00001
Empedobacter brevis	247	S	14	8	22	0.00000
Cloacibacterium caeni	2004710	S	14	22	36	0.00001
Ornithobacterium rhinotracheale	28251	S	22	21	43	0.00001
Riemerella anatipestifer	34085	S	19	9	28	0.00000
Apibacter raozihei	2500547	S	11	1	12	0.00000
Bergeyella cardium	1585976	S	15	3	18	0.00000
Weeksella virosa	1014	S	12	6	18	0.00000
Blattabacterium cuenoti	1653831	S	72	30	102	0.00002
Fluviicola taffensis	191579	S	44	4	48	0.00001
Crocinitomix sp. GM2_3_6_6	2862509	S	20	1	21	0.00000
Owenweeksia hongkongensis	253245	S	31	1	32	0.00000
Croceimicrobium hydrocarbonivorans	2761580	S	24	5	29	0.00000
Candidatus Sulcia muelleri	336810	S	14	5	19	0.00000
Chitinophaga sp. XS-30	2604421	S	584	166	750	0.00011
Chitinophaga sp. KRA15-503	2829818	S	180	81	261	0.00004
Chitinophaga oryzae	2725414	S	333	51	384	0.00006
Chitinophaga alhagiae	2203219	S	324	7	331	0.00005
Chitinophaga filiformis	104663	S	205	33	238	0.00004
Chitinophaga pinensis	79329	S	147	33	180	0.00003
Chitinophaga caeni	2029983	S	126	21	147	0.00002
Chitinophaga agri	2703787	S	98	26	124	0.00002
Niastella koreensis	354356	S	2190	206	2396	0.00036
Flavisolibacter ginsenosidimutans	661481	S	699	40	739	0.00011
Flavisolibacter tropicus	1492898	S	549	79	628	0.00009
Pseudocnuella soli	2502779	S	573	63	636	0.00009
Paraflavitalea soli	2315862	S	549	37	586	0.00009
Flavihumibacter sp. IMCC34838	2838156	S	272	22	294	0.00004
Flavihumibacter sp. IMCC34837	2838157	S	200	12	212	0.00003
Niabella soli	446683	S	220	25	245	0.00004
Niabella ginsenosidivorans	1176587	S	215	20	235	0.00003
Lacibacter sp. S13-6-6	2760713	S	410	17	427	0.00006
Pseudobacter ginsenosidimutans	661488	S	398	31	429	0.00006
Panacibacter ginsenosidivorans	1813871	S	379	16	395	0.00006
Arachidicoccus sp. BS20	1850526	S	110	42	152	0.00002
Arachidicoccus sp. 5GH13-10	2875539	S	71	13	84	0.00001
Arachidicoccus sp. B3-10	2545455	S	45	3	48	0.00001
Arachidicoccus soli	2341117	S	62	6	68	0.00001
Arachidicoccus ginsenosidivorans	496057	S	59	10	69	0.00001
Ferruginibacter sp. KIS38-8	2875540	S	161	14	175	0.00003
Ferruginibacter lapsinanis	563172	S	127	11	138	0.00002
Phnomibacter ginsenosidimutans	2676868	S	238	26	264	0.00004
Filimonas lacunae	477680	S	221	24	245	0.00004
Rhodocaloribacter litoris	2558931	S	3027	307	3334	0.00049
Rhodothermus marinus	29549	S	2401	127	2528	0.00037
Salinibacter ruber	146919	S	1417	22	1439	0.00021
Alistipes communis	2585118	S	300	247	547	0.00008
Alistipes dispar	2585119	S	292	37	329	0.00005
Alistipes onderdonkii	328813	S	277	361	638	0.00009
Alistipes senegalensis	1288121	S	232	54	286	0.00004
Alistipes finegoldii	214856	S	219	219	438	0.00007
Alistipes megaguti	2364787	S	214	25	239	0.00004
Alistipes shahii	328814	S	181	113	294	0.00004
Alistipes sp. dk3624	2662363	S	169	39	208	0.00003
Alistipes indistinctus	626932	S	153	35	188	0.00003
Prevotella sp. Rep29	2691580	S	49	8	57	0.00001
Prevotella sp. E13-17	2913616	S	44	10	54	0.00001
Prevotella sp. oral taxon 475	712471	S	39	3	42	0.00001
Prevotella sp. E15-22	2937774	S	35	16	51	0.00001
Prevotella sp. E2-28	2913620	S	21	7	28	0.00000
Prevotella sp. E9-3	2913621	S	19	7	26	0.00000
Prevotella dentalis	52227	S	121	24	145	0.00002
Prevotella denticola	28129	S	52	17	69	0.00001
Prevotella multiformis	282402	S	52	22	74	0.00001
Prevotella melaninogenica	28132	S	37	13	50	0.00001
Prevotella intermedia	28131	S	30	14	44	0.00001
Prevotella fusca	589436	S	25	5	30	0.00000
Prevotella ruminicola	839	S	25	0	25	0.00000
Prevotella copri	165179	S	25	13	38	0.00001
Prevotella buccalis	28127	S	22	26	48	0.00001
Prevotella enoeca	76123	S	19	3	22	0.00000
Prevotella oris	28135	S	14	1	15	0.00000
Prevotella histicola	470565	S	12	2	14	0.00000
Prevotella nigrescens	28133	S	10	4	14	0.00000
Paraprevotella xylaniphila	454155	S	36	35	71	0.00001
Pseudoprevotella muciniphila	2133944	S	24	4	28	0.00000
Bacteroides sp. CBA7301	2715212	S	29	24	53	0.00001
Bacteroides eggerthii	28111	S	46	54	100	0.00001
Bacteroides thetaiotaomicron	818	S	42	29	71	0.00001
Bacteroides cellulosilyticus	246787	S	41	15	56	0.00001
Bacteroides fragilis	817	S	41	82	123	0.00002
Bacteroides stercoris	46506	S	34	36	70	0.00001
Bacteroides salyersiae	291644	S	29	30	59	0.00001
Bacteroides helcogenes	290053	S	27	1	28	0.00000
Bacteroides zoogleoformans	28119	S	24	6	30	0.00000
Bacteroides heparinolyticus	28113	S	23	6	29	0.00000
Bacteroides uniformis	820	S	22	72	94	0.00001
Bacteroides intestinalis	329854	S	20	4	24	0.00000
Bacteroides caccae	47678	S	16	5	21	0.00000
Bacteroides xylanisolvens	371601	S	16	40	56	0.00001
Bacteroides caecimuris	1796613	S	15	22	37	0.00001
Bacteroides nordii	291645	S	11	9	20	0.00000
Bacteroides faecis	674529	S	10	8	18	0.00000
Bacteroides zhangwenhongii	2650157	S	10	7	17	0.00000
Phocaeicola salanitronis	376805	S	58	27	85	0.00001
Phocaeicola coprophilus	387090	S	32	18	50	0.00001
Phocaeicola vulgatus	821	S	14	22	36	0.00001
Phocaeicola dorei	357276	S	14	26	40	0.00001
Tannerella serpentiformis	712710	S	177	9	186	0.00003
Tannerella forsythia	28112	S	39	5	44	0.00001
Parabacteroides goldsteinii	328812	S	52	14	66	0.00001
Parabacteroides merdae	46503	S	43	51	94	0.00001
Parabacteroides distasonis	823	S	29	104	133	0.00002
Parabacteroides johnsonii	387661	S	22	19	41	0.00001
Duncaniella dubosii	2518971	S	40	9	49	0.00001
Sodaliphilus pleomorphus	2606626	S	137	74	211	0.00003
Muribaculum intestinale	1796646	S	61	8	69	0.00001
Muribaculum gordoncarteri	2530390	S	41	6	47	0.00001
Porphyromonas sp. oral taxon 275	712435	S	142	14	156	0.00002
Porphyromonas asaccharolytica	28123	S	46	4	50	0.00001
Porphyromonas gingivalis	837	S	42	6	48	0.00001
Porphyromonas cangingivalis	36874	S	26	4	30	0.00000
Porphyromonas somerae	322095	S	18	5	23	0.00000
Proteiniphilum saccharofermentans	1642647	S	44	3	47	0.00001
Proteiniphilum sp. JNU-WLY501	2829812	S	22	0	22	0.00000
Petrimonas mucosa	1642646	S	64	3	67	0.00001
Butyricimonas virosa	544645	S	25	6	31	0.00000
Butyricimonas faecalis	2093856	S	23	25	48	0.00001
Odoribacter splanchnicus	28118	S	35	3	38	0.00001
Barnesiella viscericola	397865	S	69	97	166	0.00002
Coprobacter secundus	1501392	S	11	10	21	0.00000
Paludibacter propionicigenes	185300	S	26	0	26	0.00000
Salinivirga cyanobacteriivorans	1307839	S	17	0	17	0.00000
Tenuifilum thalassicum	2590900	S	11	0	11	0.00000
Draconibacterium orientale	1168034	S	36	5	41	0.00001
Draconibacterium halophilum	2706887	S	27	3	30	0.00000
Maribellus comscasis	2681766	S	26	2	28	0.00000
Alkalitalea saponilacus	889453	S	22	1	23	0.00000
Labilibaculum antarcticum	1717717	S	13	0	13	0.00000
Mucilaginibacter sp. 14171R-50	2703789	S	87	7	94	0.00001
Mucilaginibacter sp. SMC90	2929803	S	84	6	90	0.00001
Mucilaginibacter sp. 21P	2778902	S	61	5	66	0.00001
Mucilaginibacter sp. F39-2	2728022	S	45	3	48	0.00001
Mucilaginibacter mali	2740462	S	139	7	146	0.00002
Mucilaginibacter paludis	423351	S	116	8	124	0.00002
Mucilaginibacter daejeonensis	398049	S	113	8	121	0.00002
Mucilaginibacter ginsenosidivorans	398053	S	104	4	108	0.00002
Mucilaginibacter gotjawali	1550579	S	98	3	101	0.00002
Mucilaginibacter celer	2305508	S	92	5	97	0.00001
Mucilaginibacter xinganensis	1234841	S	82	5	87	0.00001
Mucilaginibacter ginsenosidivorax	862126	S	76	4	80	0.00001
Mucilaginibacter mallensis	652787	S	74	3	77	0.00001
Mucilaginibacter ginkgonis	2682091	S	58	3	61	0.00001
Mucilaginibacter rubeus	2027860	S	46	184	230	0.00003
Mucilaginibacter gossypii	551996	S	29	35	64	0.00001
Pedobacter sp. PACM 27299	1727164	S	43	8	51	0.00001
Pedobacter sp. KBS0701	2578106	S	38	14	52	0.00001
Pedobacter sp. HDW13	2714940	S	34	5	39	0.00001
Pedobacter sp. Q8-18	2895286	S	32	3	35	0.00001
Pedobacter sp. D749	2856523	S	27	10	37	0.00001
Pedobacter sp. SW-16	2766984	S	24	5	29	0.00000
Pedobacter sp. G11	2482728	S	17	3	20	0.00000
Pedobacter heparinus	984	S	75	8	83	0.00001
Pedobacter endophyticus	2789740	S	60	7	67	0.00001
Pedobacter cryoconitis	188932	S	54	7	61	0.00001
Pedobacter steynii	430522	S	51	6	57	0.00001
Pedobacter schmidteae	2201271	S	49	5	54	0.00001
Pedobacter suwonensis	332999	S	40	11	51	0.00001
Pedobacter roseus	336820	S	35	13	48	0.00001
Pedobacter aquae	2605747	S	32	4	36	0.00001
Pedobacter ginsengisoli	363852	S	29	5	34	0.00001
Sphingobacterium sp. DR205	2713573	S	29	4	33	0.00000
Sphingobacterium sp. CZ-2	2557994	S	26	9	35	0.00001
Sphingobacterium sp. ML3W	1538644	S	20	8	28	0.00000
Sphingobacterium sp. UDSM-2020	2795738	S	17	6	23	0.00000
Sphingobacterium sp. SRCM116780	2907623	S	17	3	20	0.00000
Sphingobacterium sp. dk4302	2662364	S	15	2	17	0.00000
Sphingobacterium sp. PCS056	2931400	S	13	2	15	0.00000
Sphingobacterium thalpophilum	259	S	67	91	158	0.00002
Sphingobacterium spiritivorum	258	S	62	53	115	0.00002
Sphingobacterium lactis	797291	S	52	55	107	0.00002
Sphingobacterium psychroaquaticum	561061	S	33	8	41	0.00001
Sphingobacterium multivorum	28454	S	26	81	107	0.00002
Sphingobacterium mizutaii	1010	S	25	4	29	0.00000
Sphingobacterium hotanense	649196	S	18	7	25	0.00000
Sphingobacterium daejeonense	371142	S	15	5	20	0.00000
Anseongella ginsenosidimutans	496056	S	126	5	131	0.00002
Olivibacter sp. LS-1	2592345	S	61	6	67	0.00001
Olivibacter sp. SDN3	2764720	S	35	7	42	0.00001
Solitalea sp. S2-8	2911172	S	34	6	40	0.00001
Solitalea canadensis	995	S	32	4	36	0.00001
Pseudopedobacter saltans	151895	S	29	29	58	0.00001
Haliscomenobacter hydrossis	2350	S	147	2	149	0.00002
Saprospira grandis	1008	S	29	0	29	0.00000
Candidatus Sulfidibacterium hydrothermale	2875962	S	47	1	48	0.00001
Chlorobaculum limnaeum	274537	S	414	83	497	0.00007
Chlorobaculum tepidum	1097	S	230	81	311	0.00005
Chlorobaculum parvum	274539	S	205	50	255	0.00004
Pelodictyon luteolum	1100	S	204	35	239	0.00004
Pelodictyon phaeoclathratiforme	34090	S	56	3	59	0.00001
Chlorobium limicola	1092	S	73	5	78	0.00001
Chlorobium phaeobacteroides	1096	S	51	6	57	0.00001
Chlorobium phaeovibrioides	1094	S	48	10	58	0.00001
Prosthecochloris sp. GSB1	281093	S	171	11	182	0.00003
Prosthecochloris sp. CIB 2401	1868325	S	75	19	94	0.00001
Prosthecochloris sp. HL-130-GSB	1974213	S	64	11	75	0.00001
Prosthecochloris aestuarii	1102	S	57	5	62	0.00001
Chloroherpeton thalassium	100716	S	72	1	73	0.00001
Candidatus Cyclonatronum proteinivorum	1457365	S	174	21	195	0.00003
Melioribacter roseus	1134405	S	47	3	50	0.00001
Ignavibacterium album	591197	S	37	3	40	0.00001
Fibrobacter succinogenes	833	S	73	1	74	0.00001
Candidatus Cloacimonas acidaminovorans	456827	S	62	1	63	0.00001
Luteitalea sp. TBR-22	2802971	S	20509	3681	24190	0.00358
Luteitalea pratensis	1855912	S	16487	1937	18424	0.00273
Granulicella sp. WH15	2602070	S	1478	278	1756	0.00026
Granulicella sp. 5B5	1617967	S	1279	217	1496	0.00022
Granulicella mallensis	940614	S	1117	138	1255	0.00019
Granulicella tundricola	940615	S	792	108	900	0.00013
Terriglobus roseus	392734	S	1361	294	1655	0.00025
Terriglobus albidus	1592106	S	1001	97	1098	0.00016
Terriglobus saanensis	870903	S	707	94	801	0.00012
Acidobacterium capsulatum	33075	S	1452	184	1636	0.00024
Acidobacterium sp. 4Y35	2763107	S	1198	86	1284	0.00019
Candidatus Koribacter versatilis	658062	S	1947	68	2015	0.00030
Edaphobacter sp. 12200R-103	2703788	S	1057	207	1264	0.00019
Edaphobacter sp. 4G125	2763071	S	536	90	626	0.00009
Acidisarcina polymorpha	2211140	S	774	59	833	0.00012
Paludibaculum fermentans	1473598	S	3397	106	3503	0.00052
Chloracidobacterium aggregatum	2851959	S	553	281	834	0.00012
Chloracidobacterium validum	2821543	S	390	7	397	0.00006
Chloracidobacterium sp. D	2821536	S	49	179	228	0.00003
Chloracidobacterium thermophilum	458033	S	35	118	153	0.00002
Sulfidibacter corallicola	2818388	S	1067	22	1089	0.00016
Thermotomaculum hydrothermale	981385	S	31	1	32	0.00000
Nitrospira moscoviensis	42253	S	1302	110	1412	0.00021
Nitrospira japonica	1325564	S	609	71	680	0.00010
Candidatus Nitrospira inopinata	1715989	S	488	41	529	0.00008
Nitrospira sp. KM1	1936990	S	414	38	452	0.00007
Leptospirillum ferrooxidans	180	S	46	1	47	0.00001
Leptospirillum sp. Group II 'CF-1'	1660083	S	14	41	55	0.00001
Leptospirillum ferriphilum	178606	S	13	45	58	0.00001
Dissulfurispira thermophila	2715679	S	40	1	41	0.00001
Thermodesulfovibrio yellowstonii	28262	S	35	0	35	0.00001
Treponema brennaborense	81028	S	89	28	117	0.00002
Treponema azotonutricium	150829	S	50	2	52	0.00001
Treponema socranskii	53419	S	41	29	70	0.00001
Treponema primitia	88058	S	41	2	43	0.00001
Treponema sp. Marseille-Q4132	2766701	S	26	18	44	0.00001
Treponema parvum	138851	S	31	2	33	0.00000
Treponema succinifaciens	167	S	27	19	46	0.00001
Treponema vincentii	69710	S	21	32	53	0.00001
Treponema peruense	2787628	S	19	2	21	0.00000
Treponema caldarium	215591	S	19	2	21	0.00000
Treponema denticola	158	S	15	4	19	0.00000
Treponema phagedenis	162	S	11	4	15	0.00000
Treponema medium	58231	S	10	19	29	0.00000
Spirochaeta thermophila	154	S	275	6	281	0.00004
Spirochaeta africana	46355	S	92	4	96	0.00001
Salinispira pacifica	1307761	S	40	1	41	0.00001
Sediminispirochaeta smaragdinae	55206	S	31	1	32	0.00000
Oceanispirochaeta crateris	2518645	S	13	0	13	0.00000
Sphaerochaeta associata	1129264	S	59	5	64	0.00001
Sphaerochaeta coccoides	273376	S	37	1	38	0.00001
Sphaerochaeta globosa	1131703	S	19	2	21	0.00000
Sphaerochaeta pleomorpha	1131707	S	11	1	12	0.00000
Breznakiella homolactica	2798577	S	70	6	76	0.00001
Leptospira kmetyi	408139	S	81	9	90	0.00001
Leptospira santarosai	28183	S	32	9	41	0.00001
Leptospira weilii	28184	S	22	15	37	0.00001
Leptospira kobayashii	1917830	S	20	0	20	0.00000
Leptospira tipperaryensis	2564040	S	16	1	17	0.00000
Leptospira borgpetersenii	174	S	14	10	24	0.00000
Leptospira biflexa	172	S	13	0	13	0.00000
Leptospira noguchii	28182	S	13	6	19	0.00000
Turneriella parva	29510	S	172	1	173	0.00003
Pyramidobacter piscolens	638849	S	274	15	289	0.00004
Aminomonas paucivorans	81412	S	215	22	237	0.00004
Fretibacterium fastidiosum	651822	S	197	2	199	0.00003
Thermanaerovibrio acidaminovorans	81462	S	100	33	133	0.00002
Thermanaerovibrio velox	108007	S	68	15	83	0.00001
Cloacibacillus porcorum	1197717	S	142	26	168	0.00002
Jonquetella anthropi	428712	S	122	17	139	0.00002
Thermovirga lienii	336261	S	28	21	49	0.00001
Acetomicrobium mobile	97477	S	27	0	27	0.00000
Aminobacterium colombiense	81468	S	25	1	26	0.00000
Candidatus Nanosynbacter featherlites	2572088	S	59	32	91	0.00001
Nanosynbacter sp. HMT-352	2899133	S	31	90	121	0.00002
Candidatus Nanosynbacter lyticus	2093824	S	26	63	89	0.00001
Candidatus Saccharimonas aalborgensis	1332188	S	134	1	135	0.00002
Candidatus Minimicrobia vallesae	2841264	S	16	98	114	0.00002
Candidatus Bipolaricaulis anaerobius	2026885	S	261	10	271	0.00004
Candidatus Chazhemtobacterium aquaticus	2715735	S	79	0	79	0.00001
Candidatus Babela massiliensis	673862	S	39	0	39	0.00001
Candidatus Absconditicoccus praedator	2735562	S	17	0	17	0.00000
Thermotoga caldifontis	1508419	S	48	58	106	0.00002
Pseudothermotoga hypogea	57487	S	23	10	33	0.00000
Fervidobacterium pennivorans	93466	S	10	28	38	0.00001
Thermosipho ferrireducens	2571116	S	11	4	15	0.00000
Kosmotoga pacifica	1330330	S	20	8	28	0.00000
Kosmotoga olearia	651457	S	10	4	14	0.00000
Mesotoga infera	1236046	S	19	2	21	0.00000
Mesotoga prima	1184387	S	16	2	18	0.00000
Tepiditoga spiralis	2108365	S	11	8	19	0.00000
Athalassotoga saccharophila	1441386	S	18	0	18	0.00000
Persephonella marina	309805	S	54	4	58	0.00001
Sulfurihydrogenibium azorense	309806	S	52	6	58	0.00001
Thermocrinis minervae	381751	S	21	6	27	0.00000
Hydrogenobacter sp. T-8	1632019	S	11	5	16	0.00000
Hydrogenobacter thermophilus	940	S	10	5	15	0.00000
Aquifex aeolicus	63363	S	21	2	23	0.00000
Thermosulfidibacter takaii	412593	S	37	1	38	0.00001
Thermovibrio ammonificans	228745	S	38	4	42	0.00001
Desulfurobacterium thermolithotrophum	64160	S	16	1	17	0.00000
Geovibrio thiophilus	139438	S	51	13	64	0.00001
Flexistipes sinusarabici	2352	S	34	5	39	0.00001
Calditerrivibrio nitroreducens	477976	S	27	5	32	0.00000
Denitrovibrio acetiphilus	118000	S	20	3	23	0.00000
Deferribacter desulfuricans	197162	S	16	3	19	0.00000
Mucispirillum schaedleri	248039	S	12	1	13	0.00000
Thermosulfurimonas marina	2047767	S	55	12	67	0.00001
Thermodesulfatator indicus	171695	S	37	8	45	0.00001
Thermosulfuriphilus ammonigenes	1936021	S	36	2	38	0.00001
Thermodesulfobacterium sp. TA1	2234087	S	14	11	25	0.00000
Caldithrix abyssi	187145	S	165	1	166	0.00002
Fusobacterium ulcerans	861	S	12	17	29	0.00000
Ilyobacter polytropus	167642	S	10	1	11	0.00000
Desulfurispirillum indicum	936456	S	102	44	146	0.00002
Candidatus Endomicrobium trichonymphae	1408204	S	14	8	22	0.00000
Endomicrobium proavitum	1408281	S	13	8	21	0.00000
Elusimicrobium minutum	423605	S	42	0	42	0.00001
Caldisericum exile	693075	S	31	0	31	0.00000
Coprothermobacter proteolyticus	35786	S	30	5	35	0.00001
Atribacter laminatus	2847778	S	25	0	25	0.00000
Fusarium acuminatum	5515	S	1745	124	1869	0.00028
Fusarium avenaceum	40199	S	47	2	49	0.00001
Fusarium sambucinum	5128	S	138	40	178	0.00003
Fusarium poae	36050	S	78	25	103	0.00002
Fusarium longipes	694270	S	44	2	46	0.00001
Fusarium sporotrichioides	5514	S	28	2	30	0.00000
Fusarium pseudograminearum	101028	S	24	6	30	0.00000
Fusarium graminearum	5518	S	18	58	76	0.00001
Fusarium culmorum	5516	S	14	8	22	0.00000
Fusarium venenatum	56646	S	13	23	36	0.00001
Fusarium decemcellulare	57161	S	138	3	141	0.00002
Fusarium fujikuroi	5127	S	34	4	38	0.00001
Fusarium pseudonygamai	47755	S	26	8	34	0.00001
Fusarium thapsinum	120644	S	26	8	34	0.00001
Fusarium nygamai	42673	S	22	9	31	0.00000
Fusarium verticillioides	117187	S	14	31	45	0.00001
Fusarium oxysporum	5507	S	104	47	151	0.00002
Fusarium scirpi	2211609	S	48	17	65	0.00001
Fusarium equiseti	61235	S	16	6	22	0.00000
Fusarium dimerum	57145	S	79	2	81	0.00001
Fusarium heterosporum	42747	S	33	5	38	0.00001
Fusarium graminum	86546	S	31	5	36	0.00001
Fusarium lateritium	5523	S	69	2	71	0.00001
Fusarium chlamydosporum	86545	S	32	6	38	0.00001
Fusarium nelsonii	77846	S	19	3	22	0.00000
Trichoderma erinaceum	202914	S	149	21	170	0.00003
Trichoderma reesei	51453	S	130	12	142	0.00002
Trichoderma citrinoviride	58853	S	126	13	139	0.00002
Trichoderma atroviride	63577	S	108	26	134	0.00002
Trichoderma pleuroti	500994	S	88	9	97	0.00001
Trichoderma asperellum	101201	S	82	6	88	0.00001
Trichoderma hamatum	49224	S	63	5	68	0.00001
Trichoderma gamsii	398673	S	57	7	64	0.00001
Trichoderma afroharzianum	1567482	S	51	9	60	0.00001
Trichoderma harzianum	5544	S	43	8	51	0.00001
Trichoderma koningiopsis	337941	S	41	6	47	0.00001
Trichoderma longibrachiatum	5548	S	17	154	171	0.00003
Trichoderma virens	29875	S	12	109	121	0.00002
Trichoderma koningii	97093	S	12	103	115	0.00002
Metarhizium rileyi	1649241	S	188	35	223	0.00003
Metarhizium album	92629	S	182	6	188	0.00003
Metarhizium guizhouense	169041	S	155	80	235	0.00003
Metarhizium majus	1650735	S	55	24	79	0.00001
Metarhizium acridum	92637	S	53	41	94	0.00001
Metarhizium anisopliae	5530	S	52	79	131	0.00002
Metarhizium humberi	2596975	S	47	27	74	0.00001
Metarhizium brunneum	500148	S	37	29	66	0.00001
Metarhizium robertsii	568076	S	14	9	23	0.00000
Ustilaginoidea virens	1159556	S	312	18	330	0.00005
Pochonia chlamydosporia	280754	S	70	5	75	0.00001
Beauveria pseudobassiana	931006	S	275	42	317	0.00005
Beauveria felina	37994	S	227	14	241	0.00004
Beauveria brongniartii	118266	S	84	21	105	0.00002
Beauveria bassiana	176275	S	49	63	112	0.00002
Beauveria rudraprayagi	1481906	S	49	60	109	0.00002
Cordyceps fumosorosea	114497	S	314	24	338	0.00005
Purpureocillium lilacinum	33203	S	397	34	431	0.00006
Drechmeria coniospora	98403	S	319	18	337	0.00005
Clonostachys rosea	29856	S	136	11	147	0.00002
Colletotrichum higginsianum	80884	S	368	89	457	0.00007
Thermothielavioides terrestris	2587410	S	1170	146	1316	0.00020
Thermothelomyces thermophilus	78579	S	1150	105	1255	0.00019
Neurospora crassa	5141	S	330	27	357	0.00005
Pyricularia pennisetigena	1578925	S	165	28	193	0.00003
Pyricularia oryzae	318829	S	138	40	178	0.00003
Pyricularia grisea	148305	S	101	16	117	0.00002
Neopestalotiopsis rosae	1562205	S	69	78	147	0.00002
Neopestalotiopsis clavispora	289240	S	52	64	116	0.00002
Botrytis cinerea	40559	S	73	0	73	0.00001
Aspergillus chevalieri	182096	S	245	29	274	0.00004
Aspergillus luchuensis	1069201	S	198	17	215	0.00003
Aspergillus fumigatus	746128	S	88	6	94	0.00001
Aspergillus puulaauensis	1220207	S	66	3	69	0.00001
Penicillium aurantiogriseum	36655	S	56	22	78	0.00001
Penicillium chrysogenum	5076	S	50	11	61	0.00001
Penicillium citrinum	5077	S	46	6	52	0.00001
Penicillium expansum	27334	S	39	19	58	0.00001
Penicillium italicum	40296	S	29	12	41	0.00001
Penicillium digitatum	36651	S	25	6	31	0.00000
Paecilomyces niveus	5093	S	54	3	57	0.00001
Paecilomyces variotii	264951	S	39	5	44	0.00001
Talaromyces rugulosus	121627	S	59	4	63	0.00001
Paraphaeosphaeria minitans	565426	S	154	53	207	0.00003
Ampelomyces quisqualis	50730	S	93	10	103	0.00002
Zymoseptoria tritici	1047171	S	80	1	81	0.00001
Cercospora beticola	122368	S	61	0	61	0.00001
Eremothecium gossypii	33169	S	48	32	80	0.00001
Lachancea thermotolerans	381046	S	35	1	36	0.00001
Tetrapisispora phaffii	113608	S	23	0	23	0.00000
Kazachstania naganishii	588726	S	21	0	21	0.00000
Torulaspora globosa	48254	S	13	0	13	0.00000
Kluyveromyces marxianus	4911	S	10	3	13	0.00000
[Candida] glabrata	5478	S	11	0	11	0.00000
Zygosaccharomyces rouxii	4956	S	10	0	10	0.00000
Zygotorulaspora mrakii	42260	S	10	1	11	0.00000
Candida albicans	5476	S	23	1	24	0.00000
Candida dubliniensis	42374	S	15	0	15	0.00000
Pichia kudriavzevii	4909	S	20	0	20	0.00000
Brettanomyces bruxellensis	5007	S	10	1	11	0.00000
Ogataea parapolymorpha	1005962	S	13	0	13	0.00000
Yarrowia lipolytica	4952	S	46	0	46	0.00001
Sugiyamaella lignohabitans	796027	S	17	1	18	0.00000
Komagataella phaffii	460519	S	10	0	10	0.00000
Pseudozyma flocculosa	84751	S	571	6	577	0.00009
Ustilago maydis	5270	S	196	4	200	0.00003
Sporisorium graminicola	280036	S	147	22	169	0.00003
Malassezia restricta	76775	S	52	10	62	0.00001
Phlebiopsis gigantea	82310	S	157	2	159	0.00002
Rhizoctonia solani	456999	S	34	2	36	0.00001
Marasmius oreades	181124	S	20	1	21	0.00000
Cryptococcus neoformans	5207	S	34	0	34	0.00001
Cryptococcus gattii VGI	37769	S	15	8	23	0.00000
Phytophthora cinnamomi	4785	S	422	76	498	0.00007
Phytophthora cryptogea	4786	S	229	20	249	0.00004
Phytophthora fragariae	53985	S	227	34	261	0.00004
Phytophthora infestans	4787	S	141	163	304	0.00005
Phytophthora cactorum	29920	S	102	16	118	0.00002
Phytophthora parasitica	4792	S	80	11	91	0.00001
Phytophthora boehmeriae	109152	S	77	9	86	0.00001
Pythium aphanidermatum	65070	S	141	4	145	0.00002
