name	taxonomy_id	taxonomy_lvl	kraken_assigned_reads	added_reads	new_est_reads	fraction_total_reads
Hyphomicrobiales	356	O	980971	54553	1035524	0.15329
Sphingomonadales	204457	O	651145	49647	700792	0.10374
Rhodospirillales	204441	O	145414	113607	259021	0.03834
Caulobacterales	204458	O	138211	11776	149987	0.02220
Rhodobacterales	204455	O	86811	5525	92336	0.01367
Hyphomonadales	2800060	O	4683	148	4831	0.00072
Maricaulales	2800059	O	3406	1705	5111	0.00076
Parvularculales	255473	O	962	58	1020	0.00015
Emcibacterales	2066490	O	515	46	561	0.00008
Rickettsiales	766	O	471	7	478	0.00007
Holosporales	1921002	O	181	5	186	0.00003
Magnetococcales	1191478	O	96	2	98	0.00001
Pelagibacterales	54526	O	85	1	86	0.00001
Kordiimonadales	362534	O	55	0	55	0.00001
Xanthomonadales	135614	O	306979	37569	344548	0.05100
Pseudomonadales	72274	O	289848	102881	392729	0.05813
Enterobacterales	91347	O	36226	50227	86453	0.01280
Chromatiales	135613	O	28962	1823	30785	0.00456
Oceanospirillales	135619	O	22799	2429	25228	0.00373
Nevskiales	1775403	O	11569	1406	12975	0.00192
Methylococcales	135618	O	8934	325	9259	0.00137
Aeromonadales	135624	O	8183	5293	13476	0.00199
Acidiferrobacterales	1692040	O	6194	249	6443	0.00095
Cellvibrionales	1706369	O	5506	218	5724	0.00085
Alteromonadales	135622	O	4606	477	5083	0.00075
Vibrionales	135623	O	2615	325	2940	0.00044
Immundisolibacterales	1934945	O	1534	1672	3206	0.00047
Legionellales	118969	O	1394	44	1438	0.00021
Moraxellales	2887326	O	1386	359	1745	0.00026
Thiotrichales	72273	O	1112	54	1166	0.00017
Salinisphaerales	742030	O	1001	869	1870	0.00028
Pasteurellales	135625	O	714	337	1051	0.00016
Cardiobacteriales	135615	O	552	56	608	0.00009
Kangiellales	2887327	O	107	6	113	0.00002
Orbales	1240482	O	47	9	56	0.00001
Burkholderiales	80840	O	631409	119707	751116	0.11119
Rhodocyclales	206389	O	37832	8723	46555	0.00689
Nitrosomonadales	32003	O	33622	3327	36949	0.00547
Neisseriales	206351	O	20589	4379	24968	0.00370
Myxococcales	29	O	192991	10308	203299	0.03009
Desulfuromonadales	69541	O	18046	1505	19551	0.00289
Desulfovibrionales	213115	O	11468	998	12466	0.00185
Desulfobacterales	213118	O	3918	403	4321	0.00064
Bradymonadales	1779134	O	3479	95	3574	0.00053
Syntrophobacterales	213462	O	940	261	1201	0.00018
Desulfarculales	453227	O	788	550	1338	0.00020
Syntrophales	2914038	O	469	126	595	0.00009
Desulfurellales	213113	O	29	1	30	0.00000
Campylobacterales	213849	O	1652	79	1731	0.00026
Nautiliales	235899	O	129	10	139	0.00002
Acidithiobacillales	225057	O	880	61	941	0.00014
Bdellovibrionales	213481	O	711	10	721	0.00011
Bacteriovoracales	2024979	O	72	0	72	0.00001
Silvanigrellales	2024973	O	36	0	36	0.00001
Hydrogenophilales	119069	O	334	55	389	0.00006
Mariprofundales	580371	O	250	6	256	0.00004
Streptomycetales	85011	O	351238	79631	430869	0.06378
Micromonosporales	85008	O	292986	51309	344295	0.05097
Micrococcales	85006	O	247819	35975	283794	0.04201
Corynebacteriales	85007	O	183642	24215	207857	0.03077
Pseudonocardiales	85010	O	123093	19714	142807	0.02114
Propionibacteriales	85009	O	109520	29887	139407	0.02064
Streptosporangiales	85012	O	103929	17975	121904	0.01805
Geodermatophilales	1643682	O	10806	3113	13919	0.00206
Actinomycetales	2037	O	10318	1657	11975	0.00177
Frankiales	85013	O	9535	1020	10555	0.00156
Jiangellales	1217098	O	5604	1118	6722	0.00100
Bifidobacteriales	85004	O	4672	1309	5981	0.00089
Nakamurellales	1643684	O	3063	436	3499	0.00052
Catenulisporales	414714	O	2231	369	2600	0.00038
Glycomycetales	85014	O	1651	148	1799	0.00027
Jatrophihabitantales	2805415	O	1598	156	1754	0.00026
Kineosporiales	622452	O	1088	341	1429	0.00021
Sporichthyales	2495578	O	831	466	1297	0.00019
Actinopolysporales	622450	O	679	78	757	0.00011
Acidothermales	1643683	O	530	28	558	0.00008
Candidatus Nanopelagicales	2039638	O	210	3	213	0.00003
Solirubrobacterales	588673	O	16358	2527	18885	0.00280
Miltoncostaeales	2843198	O	6050	826	6876	0.00102
Acidimicrobiales	84993	O	18263	2188	20451	0.00303
Rubrobacterales	84996	O	15299	1378	16677	0.00247
Eggerthellales	1643822	O	3943	683	4626	0.00068
Coriobacteriales	84999	O	3036	613	3649	0.00054
Egicoccales	1755823	O	1609	270	1879	0.00028
Egibacterales	1747768	O	1523	97	1620	0.00024
Euzebyales	908621	O	1483	132	1615	0.00024
Bacillales	1385	O	50902	45301	96203	0.01424
Lactobacillales	186826	O	2401	7077	9478	0.00140
Eubacteriales	186802	O	12090	3354	15444	0.00229
Thermoanaerobacterales	68295	O	1463	185	1648	0.00024
Halanaerobiales	53433	O	167	6	173	0.00003
Thermosediminibacterales	2770089	O	95	4	99	0.00001
Natranaerobiales	485256	O	30	1	31	0.00000
Koleobacterales	2786987	O	23	1	24	0.00000
Selenomonadales	909929	O	1540	75	1615	0.00024
Veillonellales	1843489	O	365	100	465	0.00007
Acidaminococcales	1843488	O	199	45	244	0.00004
Limnochordales	1676649	O	926	34	960	0.00014
Erysipelotrichales	526525	O	282	75	357	0.00005
Tissierellales	1737405	O	212	253	465	0.00007
Deinococcales	118964	O	11029	509	11538	0.00171
Thermales	68933	O	4837	281	5118	0.00076
Trueperales	2762275	O	880	47	927	0.00014
Synechococcales	1890424	O	6628	374	7002	0.00104
Nostocales	1161	O	2554	204	2758	0.00041
Pseudanabaenales	2881377	O	1882	323	2205	0.00033
Gloeobacterales	307595	O	1586	29	1615	0.00024
Oscillatoriales	1150	O	1051	75	1126	0.00017
Chroococcales	1118	O	377	60	437	0.00006
Chroococcidiopsidales	1890505	O	180	22	202	0.00003
Pleurocapsales	52604	O	65	5	70	0.00001
Thermostichales	2881383	O	32	3	35	0.00001
Gloeomargaritales	1955042	O	31	9	40	0.00001
Sphaerobacterales	85001	O	2323	142	2465	0.00037
Thermomicrobiales	189776	O	553	12	565	0.00008
Chloroflexales	32064	O	2381	89	2470	0.00037
Ardenticatenales	1382929	O	1526	29	1555	0.00023
Tepidiformales	2682226	O	1520	61	1581	0.00023
Anaerolineales	292629	O	1091	22	1113	0.00016
Caldilineales	475963	O	789	351	1140	0.00017
Dehalococcoidales	1202465	O	156	5	161	0.00002
Phototrophicales	2364208	O	441	4	445	0.00007
Ktedonobacterales	388448	O	317	322	639	0.00009
Fimbriimonadales	1663425	O	1712	8	1720	0.00025
Chthonomonadales	1077263	O	236	1	237	0.00004
Mycoplasmatales	2085	O	195	32	227	0.00003
Entomoplasmatales	186328	O	102	9	111	0.00002
Acholeplasmatales	186329	O	70	4	74	0.00001
Mycoplasmoidales	2790996	O	17	7	24	0.00000
Gemmatales	2691355	O	58910	1829	60739	0.00899
Planctomycetales	112	O	29210	2177	31387	0.00465
Isosphaerales	2691356	O	25612	2733	28345	0.00420
Pirellulales	2691354	O	23892	586	24478	0.00362
Tepidisphaerales	1771349	O	3738	92	3830	0.00057
Phycisphaerales	666506	O	2623	153	2776	0.00041
Sedimentisphaerales	2483366	O	284	22	306	0.00005
Candidatus Brocadiales	1127829	O	60	0	60	0.00001
Candidatus Uabimicrobiales	2897347	O	31	0	31	0.00000
Opitutales	415000	O	24905	868	25773	0.00382
Puniceicoccales	415001	O	532	54	586	0.00009
Verrucomicrobiales	48461	O	7082	763	7845	0.00116
Methylacidiphilales	717963	O	57	57	114	0.00002
Kiritimatiellales	1921782	O	409	443	852	0.00013
Tichowtungiales	2907185	O	145	8	153	0.00002
Parachlamydiales	1963360	O	277	3	280	0.00004
Chlamydiales	51291	O	73	153	226	0.00003
Gemmatimonadales	219686	O	114490	6037	120527	0.01784
Cytophagales	768507	O	18279	417	18696	0.00277
Flavobacteriales	200644	O	11035	848	11883	0.00176
Chitinophagales	1853229	O	10726	163	10889	0.00161
Bacteroidetes Order II. Incertae sedis	1100069	O	6964	323	7287	0.00108
Bacteroidales	171549	O	5705	1500	7205	0.00107
Marinilabiliales	1970189	O	135	3	138	0.00002
Sphingobacteriales	200666	O	3148	372	3520	0.00052
Saprospirales	1936988	O	176	2	178	0.00003
Candidatus Sulfidibacteriales	2923288	O	47	1	48	0.00001
Chlorobiales	191411	O	1973	265	2238	0.00033
Ignavibacteriales	795748	O	89	2	91	0.00001
Fibrobacterales	218872	O	73	64	137	0.00002
Vicinamibacterales	2910145	O	40449	2088	42537	0.00630
Acidobacteriales	204433	O	16253	362	16615	0.00246
Bryobacterales	332160	O	3397	1717	5114	0.00076
Acanthopleuribacterales	533206	O	1067	22	1089	0.00016
Thermotomaculales	2562243	O	31	1	32	0.00000
Nitrospirales	189778	O	3191	43	3234	0.00048
Thermodesulfovibrionales	2811503	O	75	1	76	0.00001
Spirochaetales	136	O	1253	81	1334	0.00020
Leptospirales	1643688	O	442	22	464	0.00007
Brachyspirales	1643686	O	23	0	23	0.00000
Synergistales	649776	O	1252	97	1349	0.00020
Candidatus Nanosynbacterales	2093819	O	211	696	907	0.00013
Candidatus Babeliales	2497644	O	39	0	39	0.00001
Candidatus Absconditabacterales	2900568	O	17	0	17	0.00000
Thermotogales	2419	O	226	42	268	0.00004
Kosmotogales	1643946	O	76	1	77	0.00001
Petrotogales	1643947	O	43	10	53	0.00001
Mesoaciditogales	1769716	O	18	0	18	0.00000
Aquificales	32069	O	256	3	259	0.00004
Desulfurobacteriales	1485951	O	58	2	60	0.00001
Deferribacterales	191393	O	189	4	193	0.00003
Thermodesulfobacteriales	188710	O	186	3	189	0.00003
Calditrichales	1962852	O	165	1	166	0.00002
Fusobacteriales	203491	O	158	29	187	0.00003
Chrysiogenales	189769	O	102	42	144	0.00002
Endomicrobiales	1783344	O	43	0	43	0.00001
Elusimicrobiales	641854	O	42	0	42	0.00001
Dictyoglomales	203487	O	35	0	35	0.00001
Caldisericales	693072	O	31	0	31	0.00000
Coprothermobacterales	2138246	O	30	5	35	0.00001
Atribacterales	2847775	O	25	0	25	0.00000
Hypocreales	5125	O	8182	268	8450	0.00125
Glomerellales	1028384	O	368	89	457	0.00007
Sordariales	5139	O	2844	84	2928	0.00043
Magnaporthales	639021	O	484	5	489	0.00007
Xylariales	37989	O	260	4	264	0.00004
Helotiales	5178	O	73	0	73	0.00001
Eurotiales	5042	O	1156	40	1196	0.00018
Pleosporales	92860	O	247	63	310	0.00005
Mycosphaerellales	2726947	O	141	1	142	0.00002
Saccharomycetales	4892	O	441	32	473	0.00007
Ustilaginales	5267	O	921	26	947	0.00014
Malasseziales	162474	O	52	10	62	0.00001
Polyporales	5303	O	157	2	159	0.00002
Cantharellales	36064	O	34	2	36	0.00001
Agaricales	5338	O	20	1	21	0.00000
Tremellales	5234	O	49	19	68	0.00001
Peronosporales	4776	O	1455	153	1608	0.00024
Pythiales	121069	O	141	4	145	0.00002
