name	taxonomy_id	taxonomy_lvl	kraken_assigned_reads	added_reads	new_est_reads	fraction_total_reads
Bradyrhizobium sp. 200	2782665	S	7890	1821	9711	0.00072
Bradyrhizobium sp. 170	2782641	S	7222	1922	9144	0.00068
Bradyrhizobium sp. CCBAU 051011	858422	S	6808	1421	8229	0.00061
Bradyrhizobium sp. CCBAU 51753	1325100	S	6071	1459	7530	0.00056
Bradyrhizobium sp. A19	2898149	S	5285	1026	6311	0.00047
Bradyrhizobium sp. ORS 285	115808	S	5166	1273	6439	0.00048
Bradyrhizobium sp. ORS 278	114615	S	5105	1281	6386	0.00047
Bradyrhizobium sp. BTAi1	288000	S	5054	1023	6077	0.00045
Bradyrhizobium sp. SK17	2057741	S	4077	1475	5552	0.00041
Bradyrhizobium sp. 186	2782654	S	3932	1104	5036	0.00037
Bradyrhizobium sp. CCBAU 53421	1325120	S	3269	1105	4374	0.00032
Bradyrhizobium sp. 191	2782659	S	2989	2906	5895	0.00044
Bradyrhizobium sp. 195	2782662	S	2901	1098	3999	0.00030
Bradyrhizobium sp. CCBAU 53338	1325111	S	2876	1287	4163	0.00031
Bradyrhizobium sp. 1(2017)	1404888	S	2844	960	3804	0.00028
Bradyrhizobium sp. CCBAU 53340	1325112	S	2741	1164	3905	0.00029
Bradyrhizobium sp. CCGE-LA001	1223566	S	2610	1056	3666	0.00027
Bradyrhizobium sp. CCBAU 53351	1325114	S	2588	1423	4011	0.00030
Bradyrhizobium sp. S2-11-2	2840472	S	2397	1792	4189	0.00031
Bradyrhizobium sp. 6(2017)	1197460	S	2321	1241	3562	0.00026
Bradyrhizobium sp. CCBAU 51765	1325102	S	2146	1950	4096	0.00030
Bradyrhizobium sp. I71	2590772	S	2142	1850	3992	0.00030
Bradyrhizobium sp. 41S5	1404443	S	1934	1420	3354	0.00025
Bradyrhizobium sp. S2-20-1	2840469	S	1921	1516	3437	0.00025
Bradyrhizobium sp. S2-11-4	2840473	S	1901	1647	3548	0.00026
Bradyrhizobium sp. C-145	574727	S	1248	1352	2600	0.00019
Bradyrhizobium sp.	376	S	930	3321	4251	0.00032
Bradyrhizobium sp. 144S4	2823807	S	799	2086	2885	0.00021
Bradyrhizobium sp. 40	2782674	S	687	1501	2188	0.00016
Bradyrhizobium sp. 4	2782678	S	668	1629	2297	0.00017
Bradyrhizobium sp. 192	2782660	S	663	1713	2376	0.00018
Bradyrhizobium sp. 323S2	1404649	S	659	1762	2421	0.00018
Bradyrhizobium sp. LCT2	2493093	S	430	1316	1746	0.00013
Bradyrhizobium sp. SG09	2599805	S	284	2149	2433	0.00018
Bradyrhizobium sp. 187	2782655	S	274	1359	1633	0.00012
Bradyrhizobium sp. CW1	2782686	S	254	3858	4112	0.00030
Bradyrhizobium sp. TM102	2599819	S	241	1736	1977	0.00015
Bradyrhizobium sp. 38S5	2819348	S	199	2389	2588	0.00019
Bradyrhizobium sp. 172	2782643	S	154	1845	1999	0.00015
Bradyrhizobium sp. 1S5	2816456	S	128	1413	1541	0.00011
Bradyrhizobium sp. 131	2782609	S	107	1719	1826	0.00014
Bradyrhizobium sp. 155	2782629	S	78	1383	1461	0.00011
Bradyrhizobium sp. CCBAU 21365	1325083	S	15	799	814	0.00006
Bradyrhizobium erythrophlei	1437360	S	16747	1574	18321	0.00136
Bradyrhizobium diazoefficiens	1355477	S	12517	20060	32577	0.00241
Bradyrhizobium icense	1274631	S	7649	1242	8891	0.00066
Bradyrhizobium paxllaeri	190148	S	6034	1269	7303	0.00054
Bradyrhizobium lablabi	722472	S	5477	6949	12426	0.00092
Bradyrhizobium japonicum	375	S	4751	7733	12484	0.00093
Bradyrhizobium oligotrophicum	44255	S	4740	953	5693	0.00042
Bradyrhizobium genosp. L	83637	S	4578	1054	5632	0.00042
Bradyrhizobium canariense	255045	S	4487	7764	12251	0.00091
Bradyrhizobium arachidis	858423	S	3649	1171	4820	0.00036
Bradyrhizobium vignae	1549949	S	3020	803	3823	0.00028
Bradyrhizobium guangdongense	1325090	S	2973	1231	4204	0.00031
Bradyrhizobium genosp. B	83627	S	2968	717	3685	0.00027
Bradyrhizobium cosmicum	1404864	S	2897	1057	3954	0.00029
Bradyrhizobium quebecense	2748629	S	2867	1803	4670	0.00035
Bradyrhizobium guangzhouense	1325095	S	2692	1140	3832	0.00028
Bradyrhizobium guangxiense	1325115	S	2447	1185	3632	0.00027
Bradyrhizobium septentrionale	1404411	S	2347	1590	3937	0.00029
Bradyrhizobium daqingense	993502	S	2297	1383	3680	0.00027
Bradyrhizobium amphicarpaeae	1404768	S	1782	828	2610	0.00019
Bradyrhizobium betae	244734	S	1739	1097	2836	0.00021
Bradyrhizobium symbiodeficiens	1404367	S	1625	2689	4314	0.00032
Bradyrhizobium zhanjiangense	1325107	S	1235	1361	2596	0.00019
Bradyrhizobium elkanii	29448	S	860	3602	4462	0.00033
Bradyrhizobium ottawaense	931866	S	563	3840	4403	0.00033
Rhodopseudomonas palustris	1076	S	18239	7032	25271	0.00187
Rhodopseudomonas boonkerdii	475937	S	2305	657	2962	0.00022
Rhodopseudomonas sp. SK50-23	340268	S	2295	505	2800	0.00021
Tardiphaga sp. 37S4	1404741	S	1383	1013	2396	0.00018
Tardiphaga sp. vice154	2592814	S	75	1044	1119	0.00008
Tardiphaga sp. vice278	2592815	S	68	1485	1553	0.00012
Tardiphaga sp. vice304	2592817	S	53	903	956	0.00007
Tardiphaga sp. vice352	2592816	S	30	816	846	0.00006
Tardiphaga robiniae	943830	S	1400	912	2312	0.00017
Afipia carboxidovorans	40137	S	3185	1325	4510	0.00033
Afipia sp. GAS231	1882747	S	2277	1773	4050	0.00030
Nitrobacter hamburgensis	912	S	2931	559	3490	0.00026
Nitrobacter winogradskyi	913	S	2257	431	2688	0.00020
Variibacter gotjawalensis	1333996	S	5152	479	5631	0.00042
Rhizobium sp. BG4	2613770	S	2088	457	2545	0.00019
Rhizobium sp. WYJ-E13	2849093	S	1714	249	1963	0.00015
Rhizobium sp. NXC24	2048897	S	1712	279	1991	0.00015
Rhizobium sp. ACO-34A	1571470	S	1422	338	1760	0.00013
Rhizobium sp. WL3	2603277	S	1340	290	1630	0.00012
Rhizobium sp. SL42	2806346	S	1279	265	1544	0.00011
Rhizobium sp. AB2/73	2795216	S	1183	697	1880	0.00014
Rhizobium sp. 11515TR	2028343	S	1093	298	1391	0.00010
Rhizobium sp. NZLR1	2731096	S	973	358	1331	0.00010
Rhizobium sp. NLR16a	2731112	S	966	456	1422	0.00011
Rhizobium sp. CIAT894	2020312	S	938	439	1377	0.00010
Rhizobium sp. NXC14	1981173	S	874	385	1259	0.00009
Rhizobium sp. C104	2917727	S	810	463	1273	0.00009
Rhizobium sp. K102	2918527	S	805	575	1380	0.00010
Rhizobium sp. L51/94	2819999	S	551	835	1386	0.00010
Rhizobium sp. 007	2785056	S	528	931	1459	0.00011
Rhizobium sp. X9	2815360	S	386	883	1269	0.00009
Rhizobium sp. Kim5	2020311	S	291	676	967	0.00007
Rhizobium sp. IE4771	1301032	S	278	592	870	0.00006
Rhizobium sp. TAL182	2020313	S	204	606	810	0.00006
Rhizobium sp. NIBRBAC000502774	2590777	S	101	468	569	0.00004
Rhizobium sp. Y9	1914541	S	86	331	417	0.00003
Rhizobium sp. ZX09	2291939	S	77	352	429	0.00003
Rhizobium sp. B230/85	2819994	S	76	981	1057	0.00008
Rhizobium sp. T136	555319	S	73	2012	2085	0.00015
Rhizobium sp. CCGE531	2364271	S	38	1605	1643	0.00012
Rhizobium sp. N324	1703969	S	29	710	739	0.00005
Rhizobium sp. B21/90	2819993	S	19	799	818	0.00006
Rhizobium leguminosarum	384	S	9611	13018	22629	0.00168
Rhizobium etli	29449	S	2787	3463	6250	0.00046
Rhizobium gallicum	56730	S	2044	2676	4720	0.00035
Rhizobium pseudoryzae	379684	S	1963	476	2439	0.00018
Rhizobium jaguaris	1312183	S	1796	256	2052	0.00015
Rhizobium phaseoli	396	S	1519	3105	4624	0.00034
Rhizobium bangladeshense	1138189	S	1405	364	1769	0.00013
Rhizobium lentis	1138194	S	1167	388	1555	0.00012
Rhizobium tropici	398	S	1134	321	1455	0.00011
Rhizobium rosettiformans	1368430	S	1039	536	1575	0.00012
Rhizobium binae	1138190	S	957	374	1331	0.00010
Rhizobium daejeonense	240521	S	937	334	1271	0.00009
Rhizobium rhizoryzae	451876	S	848	136	984	0.00007
Rhizobium indicum	2583231	S	670	598	1268	0.00009
Rhizobium acidisoli	1538158	S	580	487	1067	0.00008
Rhizobium pusense	648995	S	556	2250	2806	0.00021
Rhizobium oryzihabitans	2267833	S	330	473	803	0.00006
Rhizobium laguerreae	1076926	S	262	451	713	0.00005
Rhizobium hidalgonense	1538159	S	238	547	785	0.00006
Rhizobium ruizarguesonis	2081791	S	178	1302	1480	0.00011
Rhizobium favelukesii	348824	S	38	1262	1300	0.00010
Agrobacterium tumefaciens	358	S	4619	4691	9310	0.00069
Agrobacterium fabrum	1176649	S	528	695	1223	0.00009
Agrobacterium fabacearum	1183401	S	99	1322	1421	0.00011
Agrobacterium vitis	373	S	2405	338	2743	0.00020
Agrobacterium sp. T29	2580515	S	381	301	682	0.00005
Agrobacterium sp. MA01	2664893	S	262	556	818	0.00006
Agrobacterium sp. RAC06	1842536	S	259	561	820	0.00006
Agrobacterium sp. CGMCC 11546	2579248	S	132	265	397	0.00003
Agrobacterium sp. S7/73	2820002	S	75	407	482	0.00004
Agrobacterium vaccinii	2735528	S	1015	157	1172	0.00009
Agrobacterium larrymoorei	160699	S	682	139	821	0.00006
Agrobacterium rubi	28099	S	590	194	784	0.00006
Agrobacterium salinitolerans	1183413	S	587	231	818	0.00006
Agrobacterium rhizogenes	359	S	501	1169	1670	0.00012
Neorhizobium galegae	399	S	5596	1825	7421	0.00055
Neorhizobium sp. SOG26	2060726	S	1610	390	2000	0.00015
Neorhizobium sp. NCHU2750	1825976	S	1558	419	1977	0.00015
Pseudorhizobium banfieldiae	1125847	S	1248	750	1998	0.00015
Pseudorhizobium flavum	1335061	S	1110	740	1850	0.00014
Sinorhizobium meliloti	382	S	11694	11346	23040	0.00171
Sinorhizobium fredii	380	S	8266	11557	19823	0.00147
Sinorhizobium americanum	194963	S	2921	1228	4149	0.00031
Sinorhizobium sp. BG8	2613773	S	2135	414	2549	0.00019
Sinorhizobium sp. CCBAU 05631	794846	S	483	712	1195	0.00009
Sinorhizobium medicae	110321	S	2385	344	2729	0.00020
Ensifer adhaerens	106592	S	5462	3180	8642	0.00064
Ensifer mexicanus	375549	S	3783	663	4446	0.00033
Ensifer sojae	716925	S	2485	991	3476	0.00026
Ensifer alkalisoli	1752398	S	2468	541	3009	0.00022
Ensifer sp. PDNC004	2811423	S	1703	764	2467	0.00018
Ensifer sp. T173	555315	S	446	1829	2275	0.00017
Shinella sp. HZN7	879274	S	3388	3246	6634	0.00049
Shinella sp. PSBB067	2715959	S	2600	2190	4790	0.00036
Shinella sp. XGS7	2877941	S	2059	2309	4368	0.00032
Shinella sp. H4-D48	2925841	S	1043	464	1507	0.00011
Shinella zoogloeoides	352475	S	2592	4173	6765	0.00050
Shinella oryzae	2871820	S	1489	735	2224	0.00016
Ciceribacter thiooxidans	1969821	S	2304	532	2836	0.00021
Georhizobium profundi	2341112	S	2281	589	2870	0.00021
Peteryoungia desertarenae	1813451	S	748	152	900	0.00007
Candidatus Liberibacter solanacearum	556287	S	155	33	188	0.00001
Candidatus Liberibacter asiaticus	34021	S	23	6	29	0.00000
Candidatus Liberibacter africanus	34020	S	21	5	26	0.00000
Liberibacter crescens	1273132	S	17	3	20	0.00000
Mesorhizobium sp. 8	2584466	S	5126	1446	6572	0.00049
Mesorhizobium sp. DCY119	2108445	S	3559	978	4537	0.00034
Mesorhizobium sp. L-2-11	2744521	S	3020	1310	4330	0.00032
Mesorhizobium sp. Pch-S	2082387	S	3003	486	3489	0.00026
Mesorhizobium sp. B1-1-8	2589976	S	2801	808	3609	0.00027
Mesorhizobium sp. J8	2777475	S	2784	1019	3803	0.00028
Mesorhizobium sp. M3A.F.Ca.ET.080.04.2.1	2493676	S	2765	951	3716	0.00028
Mesorhizobium sp. M1B.F.Ca.ET.045.04.1.1	2493673	S	2711	1164	3875	0.00029
Mesorhizobium sp. M1E.F.Ca.ET.045.02.1.1	2493672	S	2667	1481	4148	0.00031
Mesorhizobium sp. M9A.F.Ca.ET.002.03.1.2	2493668	S	2665	1356	4021	0.00030
Mesorhizobium sp. M1D.F.Ca.ET.043.01.1.1	2493669	S	2641	1755	4396	0.00033
Mesorhizobium sp. B2-1-1	2589974	S	2612	685	3297	0.00024
Mesorhizobium sp. M1A.F.Ca.IN.022.06.1.1	2493680	S	2499	893	3392	0.00025
Mesorhizobium sp. 131-2-1	2744518	S	2474	1466	3940	0.00029
Mesorhizobium sp. INR15	2654248	S	2390	398	2788	0.00021
Mesorhizobium sp. B2-8-5	2589903	S	2359	888	3247	0.00024
Mesorhizobium sp. PAMC28654	2880934	S	2355	511	2866	0.00021
Mesorhizobium sp. M4B.F.Ca.ET.058.02.1.1	2493675	S	2311	1097	3408	0.00025
Mesorhizobium sp. M6A.T.Cr.TU.016.01.1.1	2493677	S	2241	844	3085	0.00023
Mesorhizobium sp. B4-1-4	2589888	S	1733	480	2213	0.00016
Mesorhizobium sp. B2-1-8	2589967	S	1725	599	2324	0.00017
Mesorhizobium sp. L-8-10	2744523	S	1658	5616	7274	0.00054
Mesorhizobium sp. M7D.F.Ca.US.005.01.1.1	2493678	S	1607	621	2228	0.00017
Mesorhizobium sp. M8A.F.Ca.ET.057.01.1.1	2493679	S	1502	637	2139	0.00016
Mesorhizobium sp. AA22	1854057	S	1419	1001	2420	0.00018
Mesorhizobium sp. L-8-3	2744522	S	1398	4866	6264	0.00046
Mesorhizobium sp. M7A.F.Ce.TU.012.03.2.1	2493681	S	1395	575	1970	0.00015
Mesorhizobium sp. NZP2077	2483404	S	1382	517	1899	0.00014
Mesorhizobium sp. M2A.F.Ca.ET.043.05.1.1	2493671	S	1329	1237	2566	0.00019
Mesorhizobium sp. 113-1-2	2744515	S	1294	713	2007	0.00015
Mesorhizobium sp. 113-3-3	2744516	S	1250	768	2018	0.00015
Mesorhizobium sp. NBSH29	2654249	S	1218	102	1320	0.00010
Mesorhizobium sp. NZP2298	2483403	S	1010	666	1676	0.00012
Mesorhizobium sp. 113-3-9	2744517	S	1007	828	1835	0.00014
Mesorhizobium sp. M2A.F.Ca.ET.046.03.2.1	2493674	S	935	2689	3624	0.00027
Mesorhizobium sp. M2A.F.Ca.ET.043.02.1.1	2493670	S	744	2036	2780	0.00021
Mesorhizobium sp. WSM1497	278153	S	344	767	1111	0.00008
Mesorhizobium sp. 131-2-5	2744519	S	242	1797	2039	0.00015
Mesorhizobium sp. 131-3-5	2744520	S	174	594	768	0.00006
Mesorhizobium sp. NZP2234	2483402	S	158	624	782	0.00006
Mesorhizobium terrae	2725666	S	3014	1178	4192	0.00031
Mesorhizobium opportunistum	593909	S	2858	1366	4224	0.00031
Mesorhizobium amorphae	71433	S	2209	622	2831	0.00021
Mesorhizobium ciceri	39645	S	1901	5089	6990	0.00052
Mesorhizobium loti	381	S	1610	14373	15983	0.00118
Mesorhizobium australicum	536018	S	1541	551	2092	0.00016
Mesorhizobium huakuii	28104	S	1533	1213	2746	0.00020
Mesorhizobium erdmanii	1777866	S	1355	442	1797	0.00013
Mesorhizobium japonicum	2066070	S	1187	997	2184	0.00016
Aquibium microcysteis	675281	S	6022	2039	8061	0.00060
Aquibium oceanicum	1670800	S	4823	1344	6167	0.00046
Aminobacter sp. MSH1	374606	S	3103	2250	5353	0.00040
Aminobacter sp. SR38	2774562	S	684	3313	3997	0.00030
Aminobacter sp. MDW-2	2666139	S	453	2292	2745	0.00020
Aminobacter aminovorans	83263	S	414	1494	1908	0.00014
Nitratireductor sp. SY7	2599600	S	4072	906	4978	0.00037
Nitratireductor sp. OM-1	1756988	S	1999	386	2385	0.00018
Nitratireductor kimnyeongensis	430679	S	1305	208	1513	0.00011
Phyllobacterium sp. T1018	555316	S	1267	194	1461	0.00011
Phyllobacterium sp. 628	2718938	S	612	102	714	0.00005
Phyllobacterium sp. T1293	555317	S	551	81	632	0.00005
Phyllobacterium zundukense	1867719	S	1353	229	1582	0.00012
Roseitalea porphyridii	1852022	S	3310	674	3984	0.00030
Hoeflea sp. IMCC20628	1620421	S	1277	143	1420	0.00011
Hoeflea phototrophica	244596	S	1228	169	1397	0.00010
Oricola thermophila	2742145	S	2344	387	2731	0.00020
Salaquimonas pukyongi	2712698	S	996	53	1049	0.00008
Lentilitoribacter sp. Alg239-R112	2305987	S	68	1	69	0.00001
Methylobacterium nodulans	114616	S	9006	1424	10430	0.00077
Methylobacterium sp. 17Sr1-1	2202826	S	3707	2021	5728	0.00042
Methylobacterium sp. WL1	2603276	S	3464	829	4293	0.00032
Methylobacterium sp. C1	1479019	S	388	2937	3325	0.00025
Methylobacterium sp. XJLW	739141	S	312	4055	4367	0.00032
Methylobacterium aquaticum	270351	S	7483	3756	11239	0.00083
Methylobacterium durans	2202825	S	5783	1015	6798	0.00050
Methylobacterium radiodurans	2202828	S	5026	1496	6522	0.00048
Methylobacterium currus	2051553	S	4932	2362	7294	0.00054
Methylobacterium organophilum	410	S	4204	2595	6799	0.00050
Methylobacterium terrae	2202827	S	4145	2204	6349	0.00047
Methylobacterium brachiatum	269660	S	3783	1548	5331	0.00040
Methylobacterium mesophilicum	39956	S	3507	829	4336	0.00032
Methylobacterium tardum	374432	S	3467	1350	4817	0.00036
Methylobacterium indicum	1775910	S	3105	1750	4855	0.00036
Methylobacterium oryzae	334852	S	2794	4041	6835	0.00051
Methylobacterium radiotolerans	31998	S	1343	7574	8917	0.00066
Methylobacterium phyllosphaerae	418223	S	527	1924	2451	0.00018
Microvirga sp. VF16	2807101	S	19116	3421	22537	0.00167
Microvirga sp. 17 mud 1-3	2082949	S	5795	1417	7212	0.00053
Microvirga ossetica	1882682	S	16049	3251	19300	0.00143
Microvirga thermotolerans	2651334	S	7561	2443	10004	0.00074
Methylorubrum populi	223967	S	6391	3278	9669	0.00072
Methylorubrum extorquens	408	S	5022	8916	13938	0.00103
Methylorubrum sp. B1-46	2897334	S	2498	1178	3676	0.00027
Methylorubrum zatmanii	29429	S	154	824	978	0.00007
Pseudolabrys taiwanensis	331696	S	10811	2216	13027	0.00097
Pseudolabrys sp. FHR47	2562284	S	7793	1700	9493	0.00070
Starkeya sp. ORNL1	2709380	S	8089	1963	10052	0.00075
Starkeya novella	921	S	5858	2563	8421	0.00062
Xanthobacter dioxanivorans	2528964	S	5817	2291	8108	0.00060
Xanthobacter sp. YC-JY1	2419844	S	1790	1977	3767	0.00028
Xanthobacter autotrophicus	280	S	1726	2051	3777	0.00028
Ancylobacter sp. TS-1	1850374	S	3957	1947	5904	0.00044
Ancylobacter polymorphus	223390	S	3810	2151	5961	0.00044
Ancylobacter pratisalsi	1745854	S	3202	869	4071	0.00030
Labrys sp. KNU-23	2789216	S	4164	529	4693	0.00035
Azorhizobium caulinodans	7	S	3910	1003	4913	0.00036
Rhodoplanes sp. Z2-YC6860	674703	S	22356	2687	25043	0.00186
Hyphomicrobium denitrificans	53399	S	4156	562	4718	0.00035
Hyphomicrobium nitrativorans	1427356	S	3358	336	3694	0.00027
Hyphomicrobium sp. MC1	717785	S	2367	188	2555	0.00019
Methyloceanibacter caenitepidi	1384459	S	2434	543	2977	0.00022
Methyloceanibacter sp. wino2	2170729	S	2334	557	2891	0.00021
Methyloligella sp. GL2	2742204	S	3367	485	3852	0.00029
Aquabacter sp. L1I39	2820278	S	3269	673	3942	0.00029
Rhodomicrobium vannielii	1069	S	2607	212	2819	0.00021
Caenibius sp. WL	2872646	S	1144	255	1399	0.00010
Caenibius tardaugens	169176	S	808	735	1543	0.00011
Candidatus Filomicrobium marinum	1608628	S	1089	35	1124	0.00008
Bosea sp. Tri-49	1867715	S	5794	1566	7360	0.00055
Bosea sp. RAC05	1842539	S	5217	1975	7192	0.00053
Bosea sp. F3-2	2599640	S	5114	1907	7021	0.00052
Bosea sp. AS-1	2015316	S	4245	1563	5808	0.00043
Bosea sp. ANAM02	2020412	S	4130	1781	5911	0.00044
Bosea sp. PAMC 26642	1792307	S	3794	937	4731	0.00035
Bosea vaviloviae	1526658	S	4309	1195	5504	0.00041
Devosia sp. A16	1736675	S	6059	852	6911	0.00051
Devosia sp. JXJ CY 41	2917991	S	2070	408	2478	0.00018
Devosia sp. SL43	2806348	S	1969	390	2359	0.00017
Devosia sp. 1566	2499144	S	1937	233	2170	0.00016
Devosia sp. I507	2083786	S	1551	472	2023	0.00015
Devosia sp. MC521	2759954	S	612	109	721	0.00005
Devosia ginsengisoli	400770	S	2422	464	2886	0.00021
Devosia salina	2860336	S	2115	710	2825	0.00021
Devosia oryziradicis	2801335	S	2061	398	2459	0.00018
Devosia beringensis	2657486	S	1993	315	2308	0.00017
Devosia rhizoryzae	2774137	S	1689	197	1886	0.00014
Youhaiella tibetensis	1447062	S	3027	728	3755	0.00028
Paradevosia shaoguanensis	1335043	S	2813	1168	3981	0.00030
Pelagibacterium halotolerans	531813	S	1509	200	1709	0.00013
Maritalea myrionectae	454601	S	271	11	282	0.00002
Aureimonas sp. SA4125	2826993	S	4036	914	4950	0.00037
Aureimonas sp. AU20	1349819	S	3294	574	3868	0.00029
Aureimonas sp. OT7	2816454	S	1857	1728	3585	0.00027
Aureimonas populi	1701758	S	2994	701	3695	0.00027
Aureimonas mangrovi	2758041	S	2755	702	3457	0.00026
Aureimonas altamirensis	370622	S	1650	623	2273	0.00017
Martelella sp. AD-3	686597	S	911	2911	3822	0.00028
Martelella mediterranea	293089	S	1778	755	2533	0.00019
Martelella endophytica	1486262	S	1603	429	2032	0.00015
Martelella lutilitoris	2583532	S	934	875	1809	0.00013
Aurantimonas sp. HBX-1	2906072	S	5319	1944	7263	0.00054
Pseudorhodoplanes sinuspersici	1235591	S	8677	792	9469	0.00070
Nordella sp. HKS 07	2712222	S	8095	551	8646	0.00064
Terrihabitans soli	708113	S	3505	487	3992	0.00030
Candidatus Hodgkinia cicadicola	573658	S	55	1	56	0.00000
Methylocystis bryophila	655015	S	2583	310	2893	0.00021
Methylocystis parvus	134	S	2394	334	2728	0.00020
Methylocystis heyeri	391905	S	2323	308	2631	0.00020
Methylocystis sp. SC2	187303	S	1542	444	1986	0.00015
Methylocystis sp. SB2	743836	S	547	865	1412	0.00010
Methylocystis rosea	173366	S	1760	1340	3100	0.00023
Methylosinus trichosporium	426	S	3209	746	3955	0.00029
Methylosinus sp. C49	2699395	S	2722	623	3345	0.00025
Stappia indica	538381	S	5174	1497	6671	0.00049
Stappia sp. ES.058	1881061	S	2621	399	3020	0.00022
Roseibium aggregatum	187304	S	2710	442	3152	0.00023
Roseibium alexandrii	388408	S	747	76	823	0.00006
Pannonibacter phragmitetus	121719	S	3272	2739	6011	0.00045
Labrenzia sp. VG12	2021862	S	1456	204	1660	0.00012
Labrenzia sp. PHM005	2590016	S	677	60	737	0.00005
Labrenzia sp. THAF82	2587861	S	595	44	639	0.00005
Pseudovibrio sp. FO-BEG1	911045	S	254	118	372	0.00003
Pseudovibrio brasiliensis	1898042	S	202	92	294	0.00002
Phreatobacter stygius	1940610	S	6247	1131	7378	0.00055
Phreatobacter cathodiphilus	1868589	S	5751	2048	7799	0.00058
Phreatobacter sp. NMCR1094	2570229	S	3859	870	4729	0.00035
Kaustia mangrovi	2593653	S	7913	949	8862	0.00066
Parvibaculum lavamentivorans	256618	S	3013	2494	5507	0.00041
Pyruvatibacter mobilis	1712261	S	2003	303	2306	0.00017
Candidatus Phaeomarinobacter ectocarpi	1458461	S	808	50	858	0.00006
Chelatococcus sp. CO-6	1702325	S	5829	3998	9827	0.00073
Chelatococcus daeguensis	444444	S	3025	2028	5053	0.00037
Blastochloris tepida	2233851	S	5082	2053	7135	0.00053
Blastochloris viridis	1079	S	4326	1398	5724	0.00042
Methylocella silvestris	199596	S	2370	321	2691	0.00020
Methylocella tundrae	227605	S	2050	235	2285	0.00017
Methylovirgula ligni	569860	S	1967	278	2245	0.00017
Methylovirgula sp. HY1	2822761	S	1564	107	1671	0.00012
Beijerinckia indica	533	S	1097	97	1194	0.00009
Acuticoccus sp. I52.16.1	2928472	S	6836	915	7751	0.00057
Kaistia sp. 32K	2795690	S	5589	1711	7300	0.00054
Brucella anthropi	529	S	941	673	1614	0.00012
Brucella intermedia	94625	S	881	187	1068	0.00008
Brucella sp. BTU1	2840456	S	151	33	184	0.00001
Brucella sp. 10RB9215	1149953	S	52	57	109	0.00001
Brucella sp. 09RB8910	1844051	S	50	53	103	0.00001
Brucella sp. 6810	2769351	S	41	67	108	0.00001
Brucella sp. 09RB8471	1149952	S	36	67	103	0.00001
Brucella sp. BO2	693750	S	28	65	93	0.00001
Brucella sp. 2280	2592625	S	26	52	78	0.00001
Brucella sp. BO3	2691913	S	23	38	61	0.00000
Brucella sp. 458	2821140	S	22	49	71	0.00001
[Ochrobactrum] quorumnocens	271865	S	396	71	467	0.00003
Brucella pseudogrignonensis	419475	S	268	98	366	0.00003
Brucella pituitosa	571256	S	147	60	207	0.00002
Brucella melitensis	29459	S	49	1630	1679	0.00012
Brucella abortus	235	S	24	817	841	0.00006
Brucella inopinata	1218315	S	18	21	39	0.00000
Brucella suis	29461	S	17	423	440	0.00003
Pseudochrobactrum sp. Wa41.01b-1	2864102	S	99	107	206	0.00002
Pseudochrobactrum sp. XF203	2879116	S	95	94	189	0.00001
Pseudochrobactrum algeriensis	2834768	S	71	80	151	0.00001
Hartmannibacter diazotrophicus	1482074	S	3830	847	4677	0.00035
Breoghania sp. L-A4	2304600	S	3825	620	4445	0.00033
Lichenihabitans psoromatis	2528642	S	1203	680	1883	0.00014
Lichenihabitans sp. PAMC28606	2880932	S	998	655	1653	0.00012
Cohaesibacter sp. ES.047	1798205	S	675	33	708	0.00005
Bartonella apis	1686310	S	211	17	228	0.00002
Bartonella sp. HY038	2759660	S	51	14	65	0.00000
Bartonella australis	388640	S	27	5	32	0.00000
Bartonella vinsonii	33047	S	23	34	57	0.00000
Bartonella quintana	803	S	22	11	33	0.00000
Bartonella henselae	38323	S	14	11	25	0.00000
Bartonella ancashensis	1318743	S	11	3	14	0.00000
Sphingomonas sp. S8-45	2938948	S	15494	2246	17740	0.00132
Sphingomonas sp. HDW15A	2714942	S	14399	1397	15796	0.00117
Sphingomonas sp. DM2-R-LB4	2899123	S	10335	4051	14386	0.00107
Sphingomonas sp. MM-1	745310	S	7092	10682	17774	0.00132
Sphingomonas sp. CL5.1	2653203	S	6321	2528	8849	0.00066
Sphingomonas sp. AK-PDB1-5	2872652	S	6285	1217	7502	0.00056
Sphingomonas sp. Cra20	1327635	S	5864	1103	6967	0.00052
Sphingomonas sp. AP4-R1	2735134	S	5398	821	6219	0.00046
Sphingomonas sp. LM7	1938607	S	4964	1293	6257	0.00046
Sphingomonas sp. NBWT7	2596913	S	4660	1840	6500	0.00048
Sphingomonas sp. S2-65	2903960	S	4491	1074	5565	0.00041
Sphingomonas sp. FARSPH	2219696	S	4254	4201	8455	0.00063
Sphingomonas sp. AAP5	1523415	S	4207	1293	5500	0.00041
Sphingomonas sp. HMP9	1517554	S	3373	1775	5148	0.00038
Sphingomonas sp. KC8	1030157	S	3285	497	3782	0.00028
Sphingomonas sp. PAMC26645	2565555	S	3255	1287	4542	0.00034
Sphingomonas sp. HMP6	1517551	S	2806	658	3464	0.00026
Sphingomonas sp. LK11	1390395	S	2119	2616	4735	0.00035
Sphingomonas sp. NIC1	1961362	S	1885	7179	9064	0.00067
Sphingomonas sp. IC081	304378	S	527	3850	4377	0.00032
Sphingomonas sediminicola	386874	S	31816	3702	35518	0.00263
Sphingomonas lutea	1045317	S	31736	4949	36685	0.00272
Sphingomonas daechungensis	1176646	S	28011	3281	31292	0.00232
Sphingomonas sabuli	2764186	S	23289	3431	26720	0.00198
Sphingomonas sinipercae	2714944	S	22095	3576	25671	0.00190
Sphingomonas ginsengisoli An et al. 2013	363835	S	22093	3633	25726	0.00191
Sphingomonas rhizophila	2071607	S	19380	5889	25269	0.00187
Sphingomonas xanthus	2594473	S	18459	4909	23368	0.00173
Sphingomonas piscis	2714943	S	14479	1615	16094	0.00119
Sphingomonas profundi	2681549	S	8108	1559	9667	0.00072
Sphingomonas alpina	653931	S	7226	721	7947	0.00059
Sphingomonas sanxanigenens	397260	S	7045	4008	11053	0.00082
Sphingomonas changnyeongensis	2698679	S	5755	1341	7096	0.00053
Sphingomonas koreensis	93064	S	5422	4857	10279	0.00076
Sphingomonas taxi	1549858	S	4617	1744	6361	0.00047
Sphingomonas hengshuiensis	1609977	S	4595	720	5315	0.00039
Sphingomonas panacis	1560345	S	4353	773	5126	0.00038
Sphingomonas panacisoli	1813879	S	4247	691	4938	0.00037
Sphingomonas suaedae	2599297	S	3989	620	4609	0.00034
Sphingomonas radiodurans	2890321	S	3737	598	4335	0.00032
Sphingomonas insulae	424800	S	3202	1111	4313	0.00032
Sphingomonas aliaeris	2759526	S	3071	466	3537	0.00026
Sphingomonas paucimobilis	13689	S	2823	2217	5040	0.00037
Sphingomonas sanguinis	33051	S	2267	2452	4719	0.00035
Sphingomonas melonis	152682	S	1953	8121	10074	0.00075
Sphingomonas lacunae	2698828	S	1608	267	1875	0.00014
Sphingomonas paeninsulae	2319844	S	1346	71	1417	0.00011
Sphingobium sp. SYK-6	627192	S	3781	1196	4977	0.00037
Sphingobium sp. Cam5-1	2789327	S	2988	1252	4240	0.00031
Sphingobium sp. EP60837	1855519	S	2064	681	2745	0.00020
Sphingobium sp. TKS	1315974	S	2006	3348	5354	0.00040
Sphingobium sp. CAP-1	2676077	S	1994	1441	3435	0.00025
Sphingobium sp. YG1	2082188	S	1993	977	2970	0.00022
Sphingobium sp. SCG-1	2072936	S	1849	169	2018	0.00015
Sphingobium sp. RAC03	1843368	S	1825	399	2224	0.00016
Sphingobium sp. KCTC 72723	2733867	S	1399	291	1690	0.00013
Sphingobium sp. MI1205	407020	S	1397	2257	3654	0.00027
Sphingobium sp. PAMC28499	2565554	S	510	1121	1631	0.00012
Sphingobium sp. YBL2	484429	S	228	1658	1886	0.00014
Sphingobium sp. RSMS	520734	S	216	1402	1618	0.00012
Sphingobium sp. LF-16	2185111	S	33	589	622	0.00005
Sphingobium yanoikuyae	13690	S	3377	7277	10654	0.00079
Sphingobium indicum	332055	S	2570	2241	4811	0.00036
Sphingobium phenoxybenzoativorans	1592790	S	2528	1169	3697	0.00027
Sphingobium amiense	135719	S	2319	3275	5594	0.00041
Sphingobium cloacae	120107	S	2057	3478	5535	0.00041
Sphingobium xenophagum	121428	S	1771	1361	3132	0.00023
Sphingobium chlorophenolicum	46429	S	1745	915	2660	0.00020
Sphingobium baderi	1332080	S	1664	1894	3558	0.00026
Sphingobium herbicidovorans	76947	S	1337	1382	2719	0.00020
Sphingobium fuliginis	336203	S	798	3557	4355	0.00032
Sphingopyxis sp. PAMC25046	2565556	S	3666	1916	5582	0.00041
Sphingopyxis sp. YF1	2482763	S	3404	901	4305	0.00032
Sphingopyxis sp. QXT-31	1357916	S	3313	1043	4356	0.00032
Sphingopyxis sp. OPL5	2486273	S	3067	668	3735	0.00028
Sphingopyxis sp. 113P3	292913	S	2942	1311	4253	0.00032
Sphingopyxis sp. BSN-002	2911495	S	2856	591	3447	0.00026
Sphingopyxis sp. FD7	1914525	S	2488	1204	3692	0.00027
Sphingopyxis sp. EG6	1874061	S	2216	1285	3501	0.00026
Sphingopyxis sp. MG	1866325	S	105	1129	1234	0.00009
Sphingopyxis macrogoltabida	33050	S	5059	2914	7973	0.00059
Sphingopyxis terrae	33052	S	3042	1979	5021	0.00037
Sphingopyxis lindanitolerans	2054227	S	2691	1537	4228	0.00031
Sphingopyxis fribergensis	1515612	S	2469	1142	3611	0.00027
Sphingopyxis alaskensis	117207	S	2273	619	2892	0.00021
Sphingopyxis granuli	267128	S	2261	7281	9542	0.00071
Novosphingobium sp. Gsoil 351	2675225	S	4378	445	4823	0.00036
Novosphingobium sp. Sx8-5	2896849	S	3523	558	4081	0.00030
Novosphingobium sp. EMRT-2	2571749	S	2891	1983	4874	0.00036
Novosphingobium sp. P6W	1609758	S	2359	466	2825	0.00021
Novosphingobium sp. ES2-1	2780074	S	1820	1056	2876	0.00021
Novosphingobium sp. THN1	1016987	S	1775	718	2493	0.00018
Novosphingobium sp. PP1Y	702113	S	1182	1428	2610	0.00019
Novosphingobium sp. KA1	164608	S	566	3364	3930	0.00029
Novosphingobium resinovorum	158500	S	3064	1724	4788	0.00035
Novosphingobium aromaticivorans	48935	S	2582	1349	3931	0.00029
Novosphingobium decolorationis	2698673	S	2568	1620	4188	0.00031
Novosphingobium ginsenosidimutans	1176536	S	2089	252	2341	0.00017
Novosphingobium pentaromativorans	205844	S	1184	2171	3355	0.00025
Rhizorhabdus wittichii	160791	S	8363	5777	14140	0.00105
Rhizorhabdus dicambivorans	1850238	S	5277	5060	10337	0.00077
Rhizorhabdus phycosphaerae	2711156	S	3751	553	4304	0.00032
Allosphingosinicella indica	941907	S	12909	1884	14793	0.00110
Sphingosinithalassobacter sp. CS137	2762748	S	4470	1057	5527	0.00041
Sphingosinithalassobacter tenebrarum	2711215	S	3170	1088	4258	0.00032
Parasphingopyxis algicola	2026624	S	4337	327	4664	0.00035
Parasphingopyxis sp. CP4	2724527	S	1138	59	1197	0.00009
Sphingorhabdus sp. YGSMI21	2077182	S	1192	227	1419	0.00011
Sphingorhabdus sp. SMR4y	2584094	S	1160	228	1388	0.00010
Sphingorhabdus sp. M41	1806885	S	918	138	1056	0.00008
Sphingorhabdus lacus	392610	S	804	42	846	0.00006
Sphingorhabdus lutea	1913578	S	110	10	120	0.00001
Blastomonas sp. RAC04	1842535	S	928	1469	2397	0.00018
Blastomonas fulva	1550728	S	746	1526	2272	0.00017
Hankyongella ginsenosidimutans	1763828	S	3042	681	3723	0.00028
Tardibacter chloracetimidivorans	1921510	S	2869	2664	5533	0.00041
Citromicrobium sp. JL477	1634516	S	2045	1031	3076	0.00023
Novosphingopyxis iocasae	2762729	S	2034	1245	3279	0.00024
Parasphingorhabdus halotolerans	2725558	S	428	20	448	0.00003
Parasphingorhabdus sp. JHSY0214	2806553	S	407	31	438	0.00003
Parasphingorhabdus litoris	394733	S	342	27	369	0.00003
Aquisediminimonas profunda	1550733	S	1113	53	1166	0.00009
Erythrobacter sp. HL-111	1798193	S	2654	562	3216	0.00024
Erythrobacter sp. SDW2	2907154	S	1902	554	2456	0.00018
Erythrobacter sp. HKB08	2502843	S	1822	437	2259	0.00017
Erythrobacter sp. JK5	2829500	S	1782	578	2360	0.00017
Erythrobacter sp. THAF29	2587851	S	1174	294	1468	0.00011
Erythrobacter sp. LQ02-29	2920384	S	964	1091	2055	0.00015
Erythrobacter sp. 3-20A1M	2653850	S	915	1463	2378	0.00018
Erythrobacter sp. KY5	2011159	S	904	80	984	0.00007
Erythrobacter sp. A30-3	2785907	S	877	731	1608	0.00012
Erythrobacter sp. SCSIO 43205	2779361	S	509	105	614	0.00005
Erythrobacter litoralis	39960	S	3533	1626	5159	0.00038
Erythrobacter mangrovi	2739433	S	1367	531	1898	0.00014
Erythrobacter neustonensis	1112	S	1280	332	1612	0.00012
Erythrobacter aureus	2182384	S	1200	246	1446	0.00011
Porphyrobacter sp. CACIAM 03H1	2003315	S	2719	893	3612	0.00027
Porphyrobacter sp. LM 6	1896196	S	1434	566	2000	0.00015
Porphyrobacter sp. GA68	2883480	S	1377	684	2061	0.00015
Porphyrobacter sp. HT-58-2	2023229	S	1238	333	1571	0.00012
Qipengyuania flava	192812	S	3886	2354	6240	0.00046
Qipengyuania sediminis	1532023	S	2374	397	2771	0.00021
Qipengyuania soli	2782568	S	1595	330	1925	0.00014
Qipengyuania aurantiaca	2867233	S	1401	514	1915	0.00014
Qipengyuania gelatinilytica	2867231	S	1155	244	1399	0.00010
Qipengyuania seohaensis	266951	S	947	220	1167	0.00009
Qipengyuania psychrotolerans	2867238	S	740	112	852	0.00006
Qipengyuania aquimaris	255984	S	677	744	1421	0.00011
Qipengyuania xiapuensis	2867236	S	674	733	1407	0.00010
Altererythrobacter sp. B11	2060312	S	2632	1346	3978	0.00029
Altererythrobacter sp. TH136	2067415	S	2271	480	2751	0.00020
Altererythrobacter sp. BO-6	2604537	S	1249	219	1468	0.00011
Altererythrobacter sp. ZODW24	2185142	S	535	31	566	0.00004
Altererythrobacter epoxidivorans	361183	S	1074	332	1406	0.00010
Altererythrobacter ishigakiensis	476157	S	444	39	483	0.00004
Tsuneonella amylolytica	2338327	S	2733	870	3603	0.00027
Tsuneonella dongtanensis	692370	S	2641	588	3229	0.00024
Tsuneonella mangrovi	1982042	S	1764	301	2065	0.00015
Tsuneonella flava	2055955	S	781	252	1033	0.00008
Croceicoccus marinus	450378	S	3093	1760	4853	0.00036
Croceicoccus sp. YJ47	2798724	S	1604	1045	2649	0.00020
Croceicoccus sp. Ery5	1703340	S	534	642	1176	0.00009
Croceicoccus sp. Ery15	1703338	S	456	787	1243	0.00009
Croceicoccus naphthovorans	1348774	S	1179	1486	2665	0.00020
Aurantiacibacter gangjinensis	502682	S	1151	126	1277	0.00009
Aurantiacibacter atlanticus	1648404	S	522	181	703	0.00005
Pelagerythrobacter marensis	543877	S	1656	262	1918	0.00014
Paraurantiacibacter namhicola	645517	S	1594	237	1831	0.00014
Croceibacterium atlanticum	1267766	S	1326	607	1933	0.00014
Sphingosinicella sp. BN140058	1892855	S	11583	1231	12814	0.00095
Sphingosinicella flava	2771430	S	5899	980	6879	0.00051
Sphingosinicella microcystinivorans	335406	S	2994	431	3425	0.00025
Polymorphobacter sp. PAMC 29362	2835787	S	1743	1293	3036	0.00023
Polymorphobacter sp. PAMC 29334	2862331	S	1673	1281	2954	0.00022
Sandaracinobacter sp. M6	2759707	S	2622	214	2836	0.00021
Zymomonas mobilis	542	S	184	177	361	0.00003
Azospirillum brasilense	192	S	11800	10627	22427	0.00166
Azospirillum sp. B510	137722	S	3278	1302	4580	0.00034
Azospirillum sp. TSH100	652764	S	2757	1342	4099	0.00030
Azospirillum sp. TSA2s	709810	S	2746	2163	4909	0.00036
Azospirillum sp. TSH58	664962	S	2139	2910	5049	0.00037
Azospirillum thermophilum	2202148	S	8784	2250	11034	0.00082
Azospirillum thiophilum	528244	S	4401	1540	5941	0.00044
Azospirillum ramasamyi	682998	S	2642	1601	4243	0.00031
Azospirillum humicireducens	1226968	S	2115	1276	3391	0.00025
Azospirillum lipoferum	193	S	2032	1551	3583	0.00027
Azospirillum oryzae	286727	S	1987	1765	3752	0.00028
Azospirillum baldaniorum	1064539	S	1437	2953	4390	0.00033
Skermanella mucosa	1789672	S	5542	3929	9471	0.00070
Skermanella sp. TT6	2775420	S	4975	5295	10270	0.00076
Skermanella rosea	1817965	S	4519	4166	8685	0.00064
Skermanella pratensis	2233999	S	4346	2481	6827	0.00051
Nitrospirillum amazonense	28077	S	4703	633	5336	0.00040
Indioceanicola profundi	2220096	S	4247	677	4924	0.00037
Niveispirillum cyanobacteriorum	1612173	S	2058	256	2314	0.00017
Roseomonas sp. OT10	2897332	S	10336	2820	13156	0.00098
Roseomonas sp. S08	1750527	S	10119	726	10845	0.00080
Roseomonas sp. FDAARGOS_362	2018065	S	759	3722	4481	0.00033
Roseomonas gilardii	257708	S	6752	3184	9936	0.00074
Roseomonas haemaphysalidis	2768162	S	5789	756	6545	0.00049
Roseomonas marmotae	2768161	S	5092	654	5746	0.00043
Roseomonas mucosa	207340	S	587	3390	3977	0.00029
Rhodovastum atsumiense	504468	S	7383	866	8249	0.00061
Roseococcus microcysteis	2771361	S	5996	628	6624	0.00049
Acidiphilium multivorum	62140	S	1261	5229	6490	0.00048
Acidiphilium cryptum	524	S	249	1654	1903	0.00014
Komagataeibacter xylinus	28448	S	1323	2562	3885	0.00029
Komagataeibacter saccharivorans	265959	S	567	225	792	0.00006
Komagataeibacter nataicola	265960	S	457	234	691	0.00005
Komagataeibacter europaeus	33995	S	379	211	590	0.00004
Komagataeibacter oboediens	65958	S	364	199	563	0.00004
Komagataeibacter medellinensis	1177712	S	295	265	560	0.00004
Komagataeibacter rhaeticus	215221	S	19	364	383	0.00003
Sediminicoccus rosea	1225128	S	3816	221	4037	0.00030
Lichenicola cladoniae	1484109	S	3150	174	3324	0.00025
Acidibrevibacterium fodinaquatile	1969806	S	3136	317	3453	0.00026
Acetobacter aceti	435	S	1258	504	1762	0.00013
Acetobacter sp. KACC 21233	2592655	S	288	66	354	0.00003
Acetobacter persici	1076596	S	262	40	302	0.00002
Acetobacter ghanensis	431306	S	171	47	218	0.00002
Acetobacter pasteurianus	438	S	110	211	321	0.00002
Acetobacter tropicalis	104102	S	83	78	161	0.00001
Acetobacter senegalensis	446692	S	63	66	129	0.00001
Acetobacter ascendens	481146	S	60	70	130	0.00001
Acetobacter orientalis	146474	S	50	7	57	0.00000
Acetobacter oryzifermentans	1633874	S	24	191	215	0.00002
Acetobacter oryzoeni	2500548	S	20	33	53	0.00000
Gluconacetobacter diazotrophicus	33996	S	2028	471	2499	0.00019
Gluconobacter oxydans	442	S	759	792	1551	0.00012
Gluconobacter albidus	318683	S	340	65	405	0.00003
Gluconobacter sphaericus	574987	S	226	55	281	0.00002
Gluconobacter frateurii	38308	S	184	51	235	0.00002
Gluconobacter thailandicus	257438	S	59	41	100	0.00001
Granulibacter bethesdensis	364410	S	1304	130	1434	0.00011
Asaia bogorensis	91915	S	844	162	1006	0.00007
Neoasaia chiangmaiensis	320497	S	807	182	989	0.00007
Kozakia baliensis	153496	S	535	208	743	0.00006
Novacetimonas hansenii	436	S	466	239	705	0.00005
Oecophyllibacter saccharovorans	2558360	S	408	16	424	0.00003
Parasaccharibacter sp. TMW 2.1888	2268025	S	28	136	164	0.00001
Parasaccharibacter apium	1510841	S	22	102	124	0.00001
Swingsia sp. F3b2	2558361	S	191	6	197	0.00001
Swingsia samuiensis	1293412	S	20	3	23	0.00000
Neokomagataea tanensis	661191	S	114	21	135	0.00001
Entomobacter blattae	2762277	S	99	8	107	0.00001
Bombella sp. KACC 21507	2697033	S	24	3	27	0.00000
Hypericibacter adhaerens	2602016	S	11890	2458	14348	0.00106
Hypericibacter terrae	2602015	S	9281	1524	10805	0.00080
Magnetospirillum sp. XM-1	1663591	S	2486	850	3336	0.00025
Magnetospirillum sp. ME-1	1639348	S	2290	848	3138	0.00023
Magnetospirillum gryphiswaldense	55518	S	3092	274245	277337	0.02056
Magnetospirillum magneticum	84159	S	2383	296	2679	0.00020
Rhodospirillum centenum	34018	S	5381	884	6265	0.00046
Rhodospirillum rubrum	1085	S	2494	221	2715	0.00020
Ferrovibrio terrae	2594003	S	5852	427	6279	0.00047
Tistrella mobilis	171437	S	5434	2876	8310	0.00062
Defluviicoccus vanus	111831	S	3235	332	3567	0.00026
Pararhodospirillum photometricum	1084	S	1666	149	1815	0.00013
Haematospirillum jordaniae	1549855	S	337	34	371	0.00003
Candidatus Endolissoclinum faulkneri	1263979	S	162	1	163	0.00001
Stella humosa	94	S	12394	995	13389	0.00099
Elioraea tepida	2843330	S	5833	345	6178	0.00046
Thalassospira sp. A40-3	2785908	S	266	102	368	0.00003
Thalassospira sp. B30-1	2785911	S	162	236	398	0.00003
Thalassospira marina	2048283	S	355	25	380	0.00003
Thalassospira indica	1891279	S	294	189	483	0.00004
Thalassospira xiamenensis	220697	S	219	297	516	0.00004
Magnetospira sp. QH-2	1288970	S	1249	49	1298	0.00010
Terasakiella sp. SH-1	2560057	S	144	4	148	0.00001
Paracoccus sp. MC1862	2760307	S	1938	235	2173	0.00016
Paracoccus sp. MA	2895796	S	1435	850	2285	0.00017
Paracoccus sp. AK26	2589076	S	1419	276	1695	0.00013
Paracoccus sp. H4-D09	2812658	S	931	219	1150	0.00009
Paracoccus sp. S8-55	2903900	S	826	127	953	0.00007
Paracoccus sp. Arc7-R13	2500532	S	569	640	1209	0.00009
Paracoccus sanguinis	1545044	S	2774	817	3591	0.00027
Paracoccus yeei	147645	S	1989	3429	5418	0.00040
Paracoccus liaowanqingii	2560053	S	1970	254	2224	0.00016
Paracoccus denitrificans	266	S	1724	893	2617	0.00019
Paracoccus aminovorans	34004	S	1697	545	2242	0.00017
Paracoccus zhejiangensis	1077935	S	1691	452	2143	0.00016
Paracoccus pantotrophus	82367	S	1598	1020	2618	0.00019
Paracoccus suum	2259340	S	1518	306	1824	0.00014
Paracoccus contaminans	1945662	S	1476	371	1847	0.00014
Paracoccus jeotgali	2065379	S	1437	304	1741	0.00013
Paracoccus aminophilus	34003	S	1220	133	1353	0.00010
Paracoccus tegillarcae	1529068	S	736	49	785	0.00006
Paracoccus kondratievae	135740	S	718	156	874	0.00006
Paracoccus marcusii	59779	S	626	624	1250	0.00009
Paracoccus mutanolyticus	1499308	S	210	772	982	0.00007
Cereibacter sphaeroides	1063	S	6146	3865	10011	0.00074
Cereibacter azotoformans	43057	S	664	2280	2944	0.00022
Rhodobacter sp. CZR27	2033869	S	2580	873	3453	0.00026
Rhodobacter sp. N10	2807096	S	1874	244	2118	0.00016
Rhodobacter sp. LPB0142	1850250	S	1732	1393	3125	0.00023
Rhodobacter capsulatus	1061	S	2283	514	2797	0.00021
Rhodovulum sp. P5	1564506	S	1402	171	1573	0.00012
Rhodovulum sp. MB263	308754	S	1091	497	1588	0.00012
Rhodovulum sulfidophilum	35806	S	1918	1239	3157	0.00023
Polymorphum gilvum	991904	S	4258	1190	5448	0.00040
Paroceanicella profunda	2579971	S	4022	1173	5195	0.00039
Pikeienuella piscinae	2748098	S	3238	347	3585	0.00027
Pontivivens ytuae	2789856	S	2813	244	3057	0.00023
Silicimonas algicola	1826607	S	2635	176	2811	0.00021
Thioclava electrotropha	1549850	S	1172	307	1479	0.00011
Thioclava nitratireducens	1915078	S	1082	392	1474	0.00011
Pelagovum pacificum	2588711	S	2210	309	2519	0.00019
Frigidibacter mobilis	1335048	S	1793	847	2640	0.00020
Brevirhabdus pacifica	1267768	S	1655	854	2509	0.00019
Pukyongiella litopenaei	2605946	S	1584	417	2001	0.00015
Fuscovulum blasticum	1075	S	1358	190	1548	0.00011
Haematobacter massiliensis	195105	S	1267	562	1829	0.00014
Gymnodinialimonas ceratoperidinii	2856823	S	1257	134	1391	0.00010
Falsirhodobacter sp. PG104	2692330	S	1215	195	1410	0.00010
Tabrizicola piscis	2494374	S	1133	113	1246	0.00009
Pseudopuniceibacterium antarcticum	2613965	S	1108	97	1205	0.00009
Gemmobacter aquarius	2169400	S	1071	257	1328	0.00010
Pacificitalea manganoxidans	1411902	S	1026	247	1273	0.00009
Pseudooceanicola algae	1537215	S	1001	110	1111	0.00008
Monaibacterium sp. h42	2758038	S	965	247	1212	0.00009
Roseicitreum antarcticum	564137	S	820	48	868	0.00006
Tritonibacter mobilis	379347	S	637	315	952	0.00007
Yoonia vestfoldensis	245188	S	583	144	727	0.00005
Rhodophyticola sp. CCM32	2916397	S	582	19	601	0.00004
Qingshengfaniella alkalisoli	2599296	S	575	35	610	0.00005
Pseudohalocynthiibacter aestuariivivens	1591409	S	534	117	651	0.00005
Rhodobaca barguzinensis	441209	S	457	23	480	0.00004
Profundibacter amoris	2171755	S	417	16	433	0.00003
Parasedimentitalea marina	2483033	S	345	18	363	0.00003
Pseudorhodobacter turbinis	2500533	S	321	23	344	0.00003
Cognatishimia activa	1715691	S	298	15	313	0.00002
Aestuarium zhoushanense	2820523	S	280	125	405	0.00003
Planktomarina temperata	1284658	S	162	4	166	0.00001
Roseovarius sp. SCSIO 43702	2823043	S	1999	175	2174	0.00016
Roseovarius sp. THAF9	2587847	S	982	267	1249	0.00009
Roseovarius sp. THAF8	2587846	S	374	651	1025	0.00008
Roseovarius sp. THAF27	2587850	S	365	680	1045	0.00008
Roseovarius sp. TM1035	391613	S	180	356	536	0.00004
Roseovarius indicus	540747	S	2389	822	3211	0.00024
Roseovarius faecimaris	2494550	S	937	44	981	0.00007
Roseovarius mucosus	215743	S	164	330	494	0.00004
Sulfitobacter sp. JK7-1	2829501	S	954	58	1012	0.00008
Sulfitobacter sp. THAF37	2587855	S	906	410	1316	0.00010
Sulfitobacter sp. JL08	2070369	S	434	11	445	0.00003
Sulfitobacter sp. D7	1968541	S	396	161	557	0.00004
Sulfitobacter sp. SK011	1389004	S	377	10	387	0.00003
Sulfitobacter sp. DSM 110093	2883127	S	322	95	417	0.00003
Sulfitobacter sp. BSw21498	664426	S	246	41	287	0.00002
Sulfitobacter sp. SK012	1389005	S	233	5	238	0.00002
Sulfitobacter sp. SK025	1389011	S	92	197	289	0.00002
Sulfitobacter sp. B30-2	2785912	S	69	151	220	0.00002
Sulfitobacter sp. CB2047	1525218	S	63	177	240	0.00002
Sulfitobacter alexandrii	1917485	S	1422	791	2213	0.00016
Sulfitobacter mediterraneus	83219	S	623	69	692	0.00005
Sulfitobacter indolifex	225422	S	436	104	540	0.00004
Sulfitobacter dubius	218673	S	330	151	481	0.00004
Sulfitobacter pontiacus	60137	S	168	371	539	0.00004
Salipiger profundus	1229727	S	2720	1332	4052	0.00030
Salipiger abyssi	1250539	S	1873	821	2694	0.00020
Salipiger sp. CCB-MM3	1792508	S	1768	283	2051	0.00015
Roseivivax sp. THAF30	2587852	S	1437	387	1824	0.00014
Roseivivax sp. THAF40	2587858	S	26	780	806	0.00006
Roseivivax sp. THAF197b	2588299	S	23	531	554	0.00004
Roseivivax marinus	1379903	S	2768	502	3270	0.00024
Celeribacter indicus	1208324	S	2196	1179	3375	0.00025
Celeribacter ethanolicus	1758178	S	715	271	986	0.00007
Celeribacter baekdonensis	875171	S	356	104	460	0.00003
Celeribacter marinus	1397108	S	224	9	233	0.00002
Phaeobacter gallaeciensis	60890	S	1033	478	1511	0.00011
Phaeobacter inhibens	221822	S	820	367	1187	0.00009
Phaeobacter piscinae	1580596	S	364	335	699	0.00005
Phaeobacter porticola	1844006	S	245	86	331	0.00002
Phaeobacter sp. LSS9	681157	S	69	117	186	0.00001
Leisingera aquaemixtae	1396826	S	1147	237	1384	0.00010
Leisingera sp. NJS201	2508306	S	234	375	609	0.00005
Leisingera sp. NJS204	2508307	S	214	363	577	0.00004
Leisingera methylohalidivorans	133924	S	781	199	980	0.00007
Ruegeria sp. TM1040	292414	S	471	88	559	0.00004
Ruegeria sp. THAF33	2587853	S	421	114	535	0.00004
Ruegeria sp. AD91A	2293862	S	347	41	388	0.00003
Ruegeria sp. SCSIO 43209	2793010	S	344	68	412	0.00003
Ruegeria pomeroyi	89184	S	1250	235	1485	0.00011
Yangia pacifica	311180	S	2323	443	2766	0.00021
Sulfitobacter pseudonitzschiae	1402135	S	1542	582	2124	0.00016
Pseudosulfitobacter sp. DSM 107133	2883100	S	587	254	841	0.00006
Sagittula sp. P11	2009329	S	2257	1034	3291	0.00024
Ponticoccus alexandrii	1943633	S	1748	293	2041	0.00015
Mameliella alba	561184	S	1651	340	1991	0.00015
Dinoroseobacter shibae	215813	S	1559	622	2181	0.00016
Roseobacter ponti	1891787	S	619	17	636	0.00005
Roseobacter denitrificans	2434	S	416	48	464	0.00003
Roseobacter litoralis	42443	S	368	48	416	0.00003
Ketogulonicigenium vulgare	92945	S	669	103	772	0.00006
Ketogulonicigenium robustum	92947	S	572	93	665	0.00005
Octadecabacter sp. SW4	2602067	S	499	78	577	0.00004
Octadecabacter antarcticus	1217908	S	280	22	302	0.00002
Octadecabacter arcticus	53946	S	275	26	301	0.00002
Octadecabacter temperatus	1458307	S	167	3	170	0.00001
Oceanicola sp. D3	2587163	S	1198	69	1267	0.00009
Actibacterium sp. EMB200-NS6	1609966	S	1194	631	1825	0.00014
Roseibacterium elongatum	159346	S	1192	114	1306	0.00010
Maribius sp. THAF1	2587842	S	933	55	988	0.00007
Thalassococcus sp. S3	2017482	S	895	26	921	0.00007
Tateyamaria omphalii	299262	S	829	31	860	0.00006
Antarctobacter heliothermus	74033	S	786	45	831	0.00006
Jannaschia sp. CCS1	290400	S	744	22	766	0.00006
Thalassobius gelatinovorus	53501	S	475	28	503	0.00004
Falsihalocynthiibacter arcticus	1579316	S	154	5	159	0.00001
Caulobacter sp. S6	2823693	S	5362	638	6000	0.00044
Caulobacter sp. FWC26	69665	S	1922	854	2776	0.00021
Caulobacter segnis	88688	S	6191	2480	8671	0.00064
Caulobacter mirabilis	69666	S	5293	1049	6342	0.00047
Caulobacter vibrioides	155892	S	4133	2362	6495	0.00048
Caulobacter flavus	1679497	S	3908	1126	5034	0.00037
Caulobacter rhizosphaerae	2010972	S	3425	1006	4431	0.00033
Caulobacter soli	2708539	S	2970	952	3922	0.00029
Caulobacter henricii	69395	S	1668	292	1960	0.00015
Brevundimonas sp. M20	2591463	S	2128	344	2472	0.00018
Brevundimonas sp. PAMC22021	2861285	S	1957	442	2399	0.00018
Brevundimonas sp. LM2	1938605	S	1859	329	2188	0.00016
Brevundimonas sp. MF30-B	2561924	S	1771	290	2061	0.00015
Brevundimonas sp. AJA228-03	2752515	S	1330	182	1512	0.00011
Brevundimonas sp. CS1	2813778	S	443	438	881	0.00007
Brevundimonas sp. SGAir0440	2579977	S	430	413	843	0.00006
Brevundimonas sp. DS20	1532555	S	373	940	1313	0.00010
Brevundimonas sp. Bb-A	2560058	S	355	737	1092	0.00008
Brevundimonas sp. GW460-12-10-14-LB2	1827469	S	348	607	955	0.00007
Brevundimonas sp. 'scallop'	2562582	S	316	555	871	0.00006
Brevundimonas naejangsanensis	588932	S	3166	1102	4268	0.00032
Brevundimonas albigilva	1312364	S	2224	1273	3497	0.00026
Brevundimonas goettingensis	2774190	S	2167	352	2519	0.00019
Brevundimonas subvibrioides	74313	S	1833	337	2170	0.00016
Brevundimonas pondensis	2774189	S	1362	424	1786	0.00013
Brevundimonas vitisensis	2800818	S	1361	174	1535	0.00011
Brevundimonas diminuta	293	S	1281	2382	3663	0.00027
Brevundimonas mediterranea	74329	S	1258	488	1746	0.00013
Brevundimonas nasdae	172043	S	1061	774	1835	0.00014
Brevundimonas vancanneytii	1325724	S	342	1291	1633	0.00012
Brevundimonas vesicularis	41276	S	336	747	1083	0.00008
Phenylobacterium zucineum	284016	S	13888	3060	16948	0.00126
Phenylobacterium parvum	2201350	S	3208	382	3590	0.00027
Terricaulis silvestris	2686094	S	6843	267	7110	0.00053
Asticcacaulis excentricus	78587	S	1297	208	1505	0.00011
Asticcacaulis sp. AND118	2840468	S	1132	171	1303	0.00010
Hyphomonas sp. CACIAM 19H1	1873716	S	1037	167	1204	0.00009
Hyphomonas sp. Mor2	1906738	S	709	17	726	0.00005
Hyphomonas sp. KY3	2016196	S	554	70	624	0.00005
Hyphomonas neptunium	81032	S	1012	115	1127	0.00008
Candidatus Viadribacter manganicus	1759059	S	3382	102	3484	0.00026
Hirschia baltica	2724	S	56	1	57	0.00000
Marinicauda algicola	2029849	S	3167	594	3761	0.00028
Maricaulis maris	74318	S	1035	74	1109	0.00008
Glycocaulis alkaliphilus	1434191	S	944	54	998	0.00007
Hyphobacterium sp. CCMP332	2749086	S	725	35	760	0.00006
Aquisalinus flavus	1526572	S	1370	74	1444	0.00011
Parvularcula bermudensis	208216	S	592	78	670	0.00005
Micavibrio aeruginosavorus	349221	S	1068	17	1085	0.00008
Candidatus Puniceispirillum marinum	767892	S	99	3	102	0.00001
Anaplasma ovis	142058	S	55	10	65	0.00000
Anaplasma platys	949	S	40	5	45	0.00000
Anaplasma marginale	770	S	19	26	45	0.00000
Anaplasma centrale	769	S	16	32	48	0.00000
Wolbachia pipientis	955	S	12	32	44	0.00000
Ehrlichia ruminantium	779	S	21	12	33	0.00000
Candidatus Neoehrlichia mikurensis	89586	S	20	5	25	0.00000
Rickettsia tillamookensis	2761623	S	97	65	162	0.00001
Rickettsia australis	787	S	13	9	22	0.00000
Rickettsia endosymbiont of Oedothorax gibbosus	931099	S	17	3	20	0.00000
Rickettsia endosymbiont of Bemisia tabaci	337479	S	11	10	21	0.00000
Rickettsia canadensis	788	S	12	4	16	0.00000
Orientia tsutsugamushi	784	S	19	1	20	0.00000
Candidatus Phycorickettsia trachydisci	2115978	S	57	4	61	0.00000
Candidatus Midichloria mitochondrii	234827	S	23	6	29	0.00000
Candidatus Fokinia solitaria	1802984	S	20	2	22	0.00000
Candidatus Deianiraea vastatrix	2163644	S	45	1	46	0.00000
Rickettsiales endosymbiont of Stachyamoeba lipophora	2486578	S	21	4	25	0.00000
Luteithermobacter gelatinilyticus	2582913	S	445	93	538	0.00004
Paremcibacter congregatus	2043170	S	416	14	430	0.00003
Candidatus Hydrogenosomobacter endosymbioticus	2558174	S	50	1	51	0.00000
Candidatus Cytomitobacter indipagum	2601575	S	19	11	30	0.00000
Candidatus Cytomitobacter primus	2066024	S	17	8	25	0.00000
Candidatus Gromoviella agglomerans	2806609	S	29	1	30	0.00000
Candidatus Nesciobacter abundans	2601668	S	23	3	26	0.00000
endosymbiont of Acanthamoeba sp. UWC8	86106	S	15	0	15	0.00000
Candidatus Nucleicultrix amoebiphila	1509244	S	97	7	104	0.00001
Candidatus Paracaedibacter acanthamoebae	91604	S	63	5	68	0.00001
Magnetococcus marinus	1124597	S	256	8	264	0.00002
Candidatus Pelagibacter sp. IMCC9063	1002672	S	20	2	22	0.00000
Candidatus Pelagibacter sp. RS40	1977865	S	19	6	25	0.00000
Candidatus Pelagibacter sp. RS39	1977864	S	11	7	18	0.00000
Candidatus Fonsibacter ubiquis	1925548	S	36	4	40	0.00000
Kordiimonas pumila	2161677	S	80	1	81	0.00001
Burkholderia multivorans	87883	S	5666	2824	8490	0.00063
Burkholderia ubonensis	101571	S	5327	3414	8741	0.00065
Burkholderia cenocepacia	95486	S	4020	27670	31690	0.00235
Burkholderia cepacia	292	S	3433	13950	17383	0.00129
Burkholderia pyrrocinia	60550	S	2264	1324	3588	0.00027
Burkholderia ambifaria	152480	S	1974	3083	5057	0.00037
Burkholderia contaminans	488447	S	1887	1214	3101	0.00023
Burkholderia stagnalis	1503054	S	1803	689	2492	0.00018
Burkholderia anthina	179879	S	1702	1803	3505	0.00026
Burkholderia dolosa	152500	S	1514	8063	9577	0.00071
Burkholderia lata	482957	S	1443	1242	2685	0.00020
Burkholderia stabilis	95485	S	1413	1092	2505	0.00019
Burkholderia territorii	1503055	S	1225	642	1867	0.00014
Burkholderia seminalis	488731	S	1069	518	1587	0.00012
Burkholderia vietnamiensis	60552	S	1001	3064	4065	0.00030
Burkholderia metallica	488729	S	780	388	1168	0.00009
Burkholderia diffusa	488732	S	573	300	873	0.00006
Burkholderia pseudomultivorans	1207504	S	423	408	831	0.00006
Burkholderia latens	488446	S	304	531	835	0.00006
Burkholderia aenigmatica	2015348	S	255	537	792	0.00006
Burkholderia pseudomallei	28450	S	2486	19060	21546	0.00160
Burkholderia mayonis	1385591	S	1717	466	2183	0.00016
Burkholderia thailandensis	57975	S	1707	2885	4592	0.00034
Burkholderia oklahomensis	342113	S	1275	612	1887	0.00014
Burkholderia savannae	1637837	S	273	367	640	0.00005
Burkholderia sp. MSMB1588	1636423	S	145	402	547	0.00004
Burkholderia sp. MSMB617WGS	1637831	S	72	195	267	0.00002
Burkholderia mallei	13373	S	56	1399	1455	0.00011
Burkholderia sp. DHOD12	2571746	S	3114	416	3530	0.00026
Burkholderia sp. Bp7605	1740163	S	1525	262	1787	0.00013
Burkholderia sp. NRF60-BP8	1637853	S	652	419	1071	0.00008
Burkholderia sp. LA-2-3-30-S1-D2	1637862	S	597	384	981	0.00007
Burkholderia sp. PAMC 26561	1795043	S	552	616	1168	0.00009
Burkholderia sp. MSMB0856	1637869	S	546	383	929	0.00007
Burkholderia sp. JP2-270	2217913	S	526	390	916	0.00007
Burkholderia sp. MS455	2811788	S	437	359	796	0.00006
Burkholderia sp. PAMC 28687	1795874	S	327	559	886	0.00007
Burkholderia sp. IDO3	1705310	S	259	466	725	0.00005
Burkholderia sp. KBS0801	1179675	S	124	313	437	0.00003
Burkholderia sp. LAS2	2813843	S	119	697	816	0.00006
Burkholderia sp. KJ006	416344	S	39	329	368	0.00003
Burkholderia sp. MBR-1	2732364	S	38	207	245	0.00002
Burkholderia sp. MS389	2811789	S	33	312	345	0.00003
Burkholderia sp. B21-007	2890407	S	11	426	437	0.00003
Burkholderia gladioli	28095	S	6657	2480	9137	0.00068
Burkholderia glumae	337	S	2478	14337	16815	0.00125
Burkholderia plantarii	41899	S	1751	785	2536	0.00019
Burkholderia perseverans	2615214	S	1412	679	2091	0.00016
Cupriavidus taiwanensis	164546	S	10170	8953	19123	0.00142
Cupriavidus pauculus	82633	S	8805	4424	13229	0.00098
Cupriavidus necator	106590	S	4593	4605	9198	0.00068
Cupriavidus basilensis	68895	S	4583	2915	7498	0.00056
Cupriavidus oxalaticus	96344	S	4551	2279	6830	0.00051
Cupriavidus sp. EM10	2839983	S	1898	1258	3156	0.00023
Cupriavidus sp. MP-37	2884455	S	968	1072	2040	0.00015
Cupriavidus sp. KK10	1478019	S	401	1244	1645	0.00012
Cupriavidus sp. ISTL7	2771360	S	277	1871	2148	0.00016
Cupriavidus sp. USMAHM13	1389192	S	253	1852	2105	0.00016
Cupriavidus sp. USMAA2-4	876364	S	217	1625	1842	0.00014
Cupriavidus campinensis	151783	S	3748	1562	5310	0.00039
Cupriavidus metallidurans	119219	S	2605	1944	4549	0.00034
Cupriavidus pinatubonensis	248026	S	2384	479	2863	0.00021
Cupriavidus gilardii	82541	S	1083	6055	7138	0.00053
Cupriavidus neocaledonicus	1040979	S	906	1183	2089	0.00015
Cupriavidus nantongensis	1796606	S	718	2168	2886	0.00021
Cupriavidus malaysiensis	367825	S	225	1552	1777	0.00013
Paraburkholderia sp. SOS3	1926494	S	2530	424	2954	0.00022
Paraburkholderia sp. PGU16	2735433	S	1080	642	1722	0.00013
Paraburkholderia sp. PGU19	2735434	S	971	885	1856	0.00014
Paraburkholderia pallida	2547399	S	3197	673	3870	0.00029
Paraburkholderia aromaticivorans	2026199	S	2730	1323	4053	0.00030
Paraburkholderia caribensis	75105	S	2520	2062	4582	0.00034
Paraburkholderia acidisoli	2571748	S	2457	517	2974	0.00022
Paraburkholderia acidiphila	2571747	S	2361	539	2900	0.00022
Paraburkholderia edwinii	2861782	S	2295	359	2654	0.00020
Paraburkholderia tropica	92647	S	2280	594	2874	0.00021
Paraburkholderia terricola	169427	S	2040	691	2731	0.00020
Paraburkholderia phytofirmans	261302	S	2018	951	2969	0.00022
Paraburkholderia atlantica	2654982	S	1866	516	2382	0.00018
Paraburkholderia phymatum	148447	S	1784	500	2284	0.00017
Paraburkholderia phenoliruptrix	252970	S	1763	559	2322	0.00017
Paraburkholderia sprentiae	948107	S	1747	433	2180	0.00016
Paraburkholderia fungorum	134537	S	1718	447	2165	0.00016
Paraburkholderia megapolitana	420953	S	1647	187	1834	0.00014
Paraburkholderia graminis	60548	S	1621	446	2067	0.00015
Paraburkholderia terrae	311230	S	1532	1842	3374	0.00025
Paraburkholderia ginsengisoli	311231	S	1438	492	1930	0.00014
Paraburkholderia caledonica	134536	S	1419	290	1709	0.00013
Paraburkholderia hospita	169430	S	1252	1507	2759	0.00020
Paraburkholderia caffeinilytica	1761016	S	1229	354	1583	0.00012
Paraburkholderia dokdonella	2211211	S	1185	364	1549	0.00011
Paraburkholderia xenovorans	36873	S	1177	1705	2882	0.00021
Paraburkholderia dioscoreae	2604047	S	824	585	1409	0.00010
Ralstonia solanacearum	305	S	6026	31573	37599	0.00279
Ralstonia insidiosa	190721	S	1627	1435	3062	0.00023
Ralstonia mannitolilytica	105219	S	1183	1443	2626	0.00019
Ralstonia pickettii	329	S	1112	470	1582	0.00012
Ralstonia sp. 56D2	2842456	S	1048	180	1228	0.00009
Ralstonia syzygii	28097	S	102	210	312	0.00002
Ralstonia pseudosolanacearum	1310165	S	40	695	735	0.00005
Pandoraea pnomenusa	93220	S	2349	1325	3674	0.00027
Pandoraea thiooxydans	445709	S	1968	196	2164	0.00016
Pandoraea pulmonicola	93221	S	1913	496	2409	0.00018
Pandoraea sp. XY-2	2518599	S	1345	844	2189	0.00016
Pandoraea faecigallinarum	656179	S	1309	413	1722	0.00013
Pandoraea vervacti	656178	S	1288	440	1728	0.00013
Pandoraea norimbergensis	93219	S	1194	225	1419	0.00011
Pandoraea apista	93218	S	1124	736	1860	0.00014
Pandoraea fibrosis	1891094	S	1013	392	1405	0.00010
Pandoraea oxalativorans	573737	S	969	530	1499	0.00011
Pandoraea sputorum	93222	S	815	417	1232	0.00009
Caballeronia sp. Lep1P3	2878150	S	1960	553	2513	0.00019
Caballeronia sp. TF1N1	2878153	S	1650	233	1883	0.00014
Caballeronia sp. SL2Y3	2878151	S	958	620	1578	0.00012
Caballeronia sp. Sq4a	2878152	S	913	748	1661	0.00012
Caballeronia sp. M1242	2814653	S	870	694	1564	0.00012
Caballeronia sp. SBC2	2705547	S	94	862	956	0.00007
Caballeronia sp. SBC1	2705548	S	89	1142	1231	0.00009
Caballeronia zhejiangensis	871203	S	2303	650	2953	0.00022
Caballeronia insecticola	758793	S	1968	499	2467	0.00018
Caballeronia grimmiae	1071679	S	1805	1114	2919	0.00022
Lautropia mirabilis	47671	S	1851	418	2269	0.00017
Polynucleobacter sp. MWH-UH24A	2689110	S	54	4	58	0.00000
Polynucleobacter sp. AP-Nino-20-G2	2576917	S	52	13	65	0.00000
Polynucleobacter sp. MWH-Aus1W21	1855880	S	44	10	54	0.00000
Polynucleobacter sp. MWH-P3-07-1	1743173	S	42	6	48	0.00000
Polynucleobacter sp. es-MAR-2	1819725	S	41	9	50	0.00000
Polynucleobacter sp. VK25	1758398	S	40	10	50	0.00000
Polynucleobacter sp. TSB-Sco08W16	1758374	S	37	6	43	0.00000
Polynucleobacter sp. LimPoW16	1743162	S	35	2	37	0.00000
Polynucleobacter sp. MWH-Svant-W18	1855909	S	33	6	39	0.00000
Polynucleobacter sp. MWH-Braz-FAM2G	1855883	S	29	3	32	0.00000
Polynucleobacter sp. MWH-UH35A	1855619	S	28	5	33	0.00000
Polynucleobacter sp. Adler-ghost	2770234	S	27	12	39	0.00000
Polynucleobacter sp. AP-Titi-500A-B4	2576923	S	27	6	33	0.00000
Polynucleobacter sp. MWH-UH2A	1855617	S	26	5	31	0.00000
Polynucleobacter sp. AP-Kolm-20A-A1	2081041	S	26	16	42	0.00000
Polynucleobacter sp. MWH-UH25E	1855616	S	24	4	28	0.00000
Polynucleobacter sp. MWH-UH21B	1743174	S	23	4	27	0.00000
Polynucleobacter sp. JS-JIR-II-b4	1758390	S	23	12	35	0.00000
Polynucleobacter sp. MWH-CaK5	2689107	S	23	1	24	0.00000
Polynucleobacter sp. AP-Elch-400A-B2	2576930	S	21	10	31	0.00000
Polynucleobacter sp. JS-JIR-II-50	2576919	S	20	9	29	0.00000
Polynucleobacter sp. MWH-Spelu-300-X4	2689109	S	20	1	21	0.00000
Polynucleobacter sp. AP-Sving-400A-A2	2081049	S	20	10	30	0.00000
Polynucleobacter sp. MWH-S4W17	1855910	S	19	9	28	0.00000
Polynucleobacter sp. AP-Ainpum-60-G11	2576926	S	18	4	22	0.00000
Polynucleobacter sp. JS-Mosq-20-D10	2576922	S	17	6	23	0.00000
Polynucleobacter sp. MG-6-Vaara-E2	2576932	S	17	3	20	0.00000
Polynucleobacter sp. es-EL-1	1855652	S	16	2	18	0.00000
Polynucleobacter sp. AP-Melu-1000-A1	2081042	S	16	6	22	0.00000
Polynucleobacter sp. AP-Jannik-300A-C4	2576928	S	13	13	26	0.00000
Polynucleobacter sp. AM-7D1	2689102	S	13	14	27	0.00000
Polynucleobacter sp. MG-Unter2-18	2081052	S	12	9	21	0.00000
Polynucleobacter sp. JS-JIR-5-A7	1758395	S	12	32	44	0.00000
Polynucleobacter necessarius	576610	S	179	33	212	0.00002
Polynucleobacter difficilis	556054	S	110	10	120	0.00001
Polynucleobacter asymbioticus	576611	S	106	17	123	0.00001
Polynucleobacter acidiphobus	556053	S	66	5	71	0.00001
Polynucleobacter paneuropaeus	2527775	S	47	5	52	0.00000
Polynucleobacter wuianus	1743168	S	31	9	40	0.00000
Polynucleobacter duraquae	1835254	S	28	19	47	0.00000
Chitinimonas arctica	2594795	S	1139	113	1252	0.00009
Mycetohabitans rhizoxinica	412963	S	1086	93	1179	0.00009
Mycoavidus sp. HKI	2840467	S	132	11	143	0.00001
Mycoavidus sp. B2-EB	2651972	S	61	10	71	0.00001
Mycoavidus cysteinexigens	1553431	S	109	13	122	0.00001
Limnobacter sp. SAORIC-580	2732163	S	178	10	188	0.00001
Candidatus Vallotia cooleyia	1177211	S	59	9	68	0.00001
Candidatus Vallotia sp. (ex Adelges kitamiensis)	2864217	S	29	11	40	0.00000
Candidatus Vallotia lariciata	2018052	S	27	10	37	0.00000
Candidatus Vallotia tarda	1177213	S	25	5	30	0.00000
Ephemeroptericola cinctiostellae	2268024	S	103	8	111	0.00001
Variovorax sp. HW608	1034889	S	6825	1374	8199	0.00061
Variovorax sp. PBS-H4	434008	S	3866	2953	6819	0.00051
Variovorax sp. RA8	662548	S	3694	3416	7110	0.00053
Variovorax sp. WDL1	207745	S	3688	6795	10483	0.00078
Variovorax sp. PBL-H6	434009	S	3660	3954	7614	0.00056
Variovorax sp. PAMC 28711	1795631	S	2884	582	3466	0.00026
Variovorax sp. RKNM96	2681552	S	2603	1091	3694	0.00027
Variovorax sp. PAMC26660	2762322	S	2253	632	2885	0.00021
Variovorax sp. PAMC28562	2762323	S	2117	219	2336	0.00017
Variovorax sp. SRS16	282217	S	1997	4717	6714	0.00050
Variovorax sp. 38R	2774875	S	1598	2262	3860	0.00029
Variovorax sp. PBL-E5	434014	S	1488	4075	5563	0.00041
Variovorax sp. PDNC026	2811425	S	68	2587	2655	0.00020
Variovorax sp. PMC12	2126319	S	17	830	847	0.00006
Variovorax paradoxus	34073	S	14087	14314	28401	0.00211
Variovorax boronicumulans	436515	S	2211	1760	3971	0.00029
Hydrogenophaga sp. BA0156	2716225	S	3865	3309	7174	0.00053
Hydrogenophaga sp. PBC	795665	S	3518	5071	8589	0.00064
Hydrogenophaga sp. YM1	2806262	S	3466	2097	5563	0.00041
Hydrogenophaga sp. BPS33	2651974	S	2986	2953	5939	0.00044
Hydrogenophaga sp. SL48	2806347	S	2677	760	3437	0.00025
Hydrogenophaga sp. RAC07	1842537	S	2029	787	2816	0.00021
Hydrogenophaga sp. PBL-H3	434010	S	1992	2208	4200	0.00031
Hydrogenophaga sp. NH-16	2184519	S	1176	2706	3882	0.00029
Hydrogenophaga sp. PAMC20947	2565558	S	1071	87	1158	0.00009
Hydrogenophaga taeniospiralis	65656	S	2155	773	2928	0.00022
Hydrogenophaga pseudoflava	47421	S	1021	1753	2774	0.00021
Hydrogenophaga crassostreae	1763535	S	849	64	913	0.00007
Acidovorax sp. YS12	2738413	S	1976	2077	4053	0.00030
Acidovorax sp. KKS102	358220	S	1347	1176	2523	0.00019
Acidovorax sp. RAC01	1842533	S	1309	1332	2641	0.00020
Acidovorax sp. JMULE5	2518343	S	1205	394	1599	0.00012
Acidovorax sp. HDW3	2714923	S	1195	1063	2258	0.00017
Acidovorax sp. 1608163	2478662	S	939	237	1176	0.00009
Acidovorax sp. T1	1858609	S	696	3166	3862	0.00029
Acidovorax avenae	80867	S	4441	3098	7539	0.00056
Acidovorax monticola	1926868	S	2504	1177	3681	0.00027
Acidovorax antarcticus	2743470	S	2267	2139	4406	0.00033
Acidovorax carolinensis	553814	S	1513	1456	2969	0.00022
Acidovorax citrulli	80869	S	1265	1971	3236	0.00024
Acidovorax cattleyae	80868	S	1153	880	2033	0.00015
Acidovorax radicis	758826	S	912	220	1132	0.00008
Ramlibacter tataouinensis	94132	S	20510	10073	30583	0.00227
Comamonas sp. NLF-7-7	2597701	S	1575	1456	3031	0.00022
Comamonas sp. NLF-1-9	2853163	S	1369	974	2343	0.00017
Comamonas sp. B21-038	2918299	S	768	220	988	0.00007
Comamonas sp. Y33R10-2	2853257	S	290	67	357	0.00003
Comamonas serinivorans	1082851	S	2106	731	2837	0.00021
Comamonas aquatica	225991	S	2000	2457	4457	0.00033
Comamonas testosteroni	285	S	1188	2111	3299	0.00024
Comamonas koreensis	160825	S	819	625	1444	0.00011
Comamonas odontotermitis	379895	S	769	186	955	0.00007
Comamonas piscis	1562974	S	627	143	770	0.00006
Comamonas thiooxydans	363952	S	584	1400	1984	0.00015
Comamonas kerstersii	225992	S	532	365	897	0.00007
Comamonas fluminis	2796366	S	367	197	564	0.00004
Rhodoferax sp. BAB1	2741720	S	2594	847	3441	0.00026
Rhodoferax sp. AJA081-3	2752316	S	795	65	860	0.00006
Rhodoferax sp. PAMC 29310	2822760	S	553	74	627	0.00005
Rhodoferax sp. MIZ03	2798804	S	414	52	466	0.00003
Rhodoferax koreense	1842727	S	3625	2358	5983	0.00044
Rhodoferax sediminis	2509614	S	2795	510	3305	0.00025
Rhodoferax ferrireducens	192843	S	1234	99	1333	0.00010
Rhodoferax saidenbachensis	1484693	S	810	103	913	0.00007
Rhodoferax antarcticus	81479	S	543	51	594	0.00004
Rhodoferax aquaticus	2527691	S	348	42	390	0.00003
Schlegelella thermodepolymerans	215580	S	6800	4049	10849	0.00080
Schlegelella brevitalea	413882	S	5412	955	6367	0.00047
Diaphorobacter sp. HDW4A	2714924	S	1511	1848	3359	0.00025
Diaphorobacter sp. HDW4B	2714925	S	1278	196	1474	0.00011
Diaphorobacter sp. MNS-0	2866628	S	166	1598	1764	0.00013
Diaphorobacter sp. JS3051	2792224	S	125	2441	2566	0.00019
Diaphorobacter sp. JS3050	2735554	S	107	1369	1476	0.00011
Diaphorobacter ruginosibacter	1715720	S	1823	402	2225	0.00016
Diaphorobacter aerolatus	1288495	S	1303	2523	3826	0.00028
Diaphorobacter nitroreducens	164759	S	228	711	939	0.00007
[Acidovorax] ebreus	721785	S	213	1459	1672	0.00012
Delftia tsuruhatensis	180282	S	1697	5531	7228	0.00054
Delftia acidovorans	80866	S	1303	2847	4150	0.00031
Delftia lacustris	558537	S	461	3134	3595	0.00027
Delftia sp. Cs1-4	742013	S	204	527	731	0.00005
Delftia sp. HK171	1920191	S	107	321	428	0.00003
Polaromonas sp. JS666	296591	S	2802	2302	5104	0.00038
Polaromonas naphthalenivorans	216465	S	1909	343	2252	0.00017
Polaromonas vacuolata	37448	S	231	30	261	0.00002
Kinneretia sp. DAIF2	2714952	S	4506	2019	6525	0.00048
Kinneretia sp. XES5	2877940	S	1386	2167	3553	0.00026
Ottowia sp. 27C	2816950	S	2153	505	2658	0.00020
Ottowia sp. oral taxon 894	1658672	S	822	147	969	0.00007
Ottowia oryzae	2109914	S	1702	451	2153	0.00016
Alicycliphilus denitrificans	179636	S	4435	9836	14271	0.00106
Melaminivora sp. SC2-9	2109913	S	1996	2863	4859	0.00036
Melaminivora jejuensis	1267217	S	1597	1512	3109	0.00023
Serpentinimonas maccroryi	1458426	S	1469	551	2020	0.00015
Serpentinimonas raichei	1458425	S	1200	505	1705	0.00013
Verminephrobacter eiseniae	364317	S	2047	301	2348	0.00017
Hylemonella gracilis	80880	S	1734	300	2034	0.00015
Pulveribacter suum	2116657	S	1728	1058	2786	0.00021
Simplicispira suum	2109915	S	1318	608	1926	0.00014
Limnohabitans sp. 63ED37-2	1678128	S	603	77	680	0.00005
Limnohabitans sp. 103DPR2	1678129	S	202	18	220	0.00002
Candidatus Symbiobacter mobilis	1436290	S	740	33	773	0.00006
Curvibacter sp. AEP1-3	1844971	S	632	54	686	0.00005
Massilia sp. WG5	1707785	S	3912	2065	5977	0.00044
Massilia sp. LPB0304	2769491	S	3097	943	4040	0.00030
Massilia sp. HC52	2852099	S	2890	965	3855	0.00029
Massilia sp. DM-R-R2A-13	2899220	S	2613	718	3331	0.00025
Massilia sp. YMA4	1593482	S	2367	1420	3787	0.00028
Massilia sp. NP310	2861282	S	2271	1737	4008	0.00030
Massilia sp. PAMC28688	2861283	S	1761	322	2083	0.00015
Massilia sp. MB5	2919578	S	352	1368	1720	0.00013
Massilia sp. NR 4-1	1678028	S	318	1195	1513	0.00011
Massilia sp. Dwa41.01b	2709302	S	43	1702	1745	0.00013
Massilia sp. Se16.2.3	2709303	S	32	1278	1310	0.00010
Massilia violaceinigra	2045208	S	4439	1452	5891	0.00044
Massilia putida	1141883	S	4344	1649	5993	0.00044
Massilia flava	871742	S	3845	1119	4964	0.00037
Massilia lutea	321985	S	2520	903	3423	0.00025
Massilia albidiflava	321983	S	2438	1127	3565	0.00026
Massilia umbonata	864828	S	2384	1115	3499	0.00026
Massilia plicata	321984	S	2354	729	3083	0.00023
Massilia armeniaca	2072590	S	2214	1338	3552	0.00026
Massilia oculi	945844	S	2064	1510	3574	0.00026
Massilia antarctica	2765360	S	1804	768	2572	0.00019
Duganella sp. GN2-R2	2728020	S	3027	1564	4591	0.00034
Duganella sp. AF9R3	2728021	S	1888	472	2360	0.00018
Herbaspirillum robiniae	2014887	S	2165	952	3117	0.00023
Herbaspirillum seropedicae	964	S	1545	768	2313	0.00017
Herbaspirillum frisingense	92645	S	1537	568	2105	0.00016
Herbaspirillum hiltneri	341045	S	1415	285	1700	0.00013
Herbaspirillum rubrisubalbicans	80842	S	1274	695	1969	0.00015
Herbaspirillum huttiense	863372	S	1012	480	1492	0.00011
Herbaspirillum sp. meg3	2025949	S	723	101	824	0.00006
Janthinobacterium sp. 1_2014MBL_MicDiv	1644131	S	1376	560	1936	0.00014
Janthinobacterium sp. 17J80-10	2497863	S	1262	226	1488	0.00011
Janthinobacterium sp. LM6	1938606	S	635	422	1057	0.00008
Janthinobacterium sp. PAMC25594	2861284	S	422	281	703	0.00005
Janthinobacterium sp. Marseille	375286	S	415	122	537	0.00004
Janthinobacterium sp. HH102	1537274	S	296	505	801	0.00006
Janthinobacterium sp. B9-8	1236179	S	136	49	185	0.00001
Janthinobacterium agaricidamnosum	55508	S	1695	2924	4619	0.00034
Janthinobacterium tructae	2590869	S	443	255	698	0.00005
Janthinobacterium lividum	29581	S	429	476	905	0.00007
Janthinobacterium svalbardensis	368607	S	364	204	568	0.00004
Collimonas fungivorans	158899	S	1676	521	2197	0.00016
Collimonas arenae	279058	S	1331	196	1527	0.00011
Collimonas pratensis	279113	S	1222	278	1500	0.00011
Noviherbaspirillum sp. UKPF54	2601898	S	2931	603	3534	0.00026
Undibacterium sp. YM2	2058625	S	163	70	233	0.00002
Undibacterium sp. KW1	2058624	S	154	66	220	0.00002
Undibacterium parvum	401471	S	192	32	224	0.00002
Glaciimonas sp. PAMC28666	2807626	S	257	20	277	0.00002
Herminiimonas arsenitoxidans	1809410	S	201	34	235	0.00002
Oxalobacter formigenes	847	S	188	22	210	0.00002
Achromobacter xylosoxidans	85698	S	6686	13737	20423	0.00151
Achromobacter sp. AONIH1	1758194	S	2251	3598	5849	0.00043
Achromobacter sp. MFA1 R4	1881016	S	2023	723	2746	0.00020
Achromobacter sp. 77	2756133	S	325	897	1222	0.00009
Achromobacter sp. B7	2282475	S	291	715	1006	0.00007
Achromobacter sp. ES-001	2860286	S	226	797	1023	0.00008
Achromobacter spanius	217203	S	3607	1797	5404	0.00040
Achromobacter denitrificans	32002	S	3364	2927	6291	0.00047
Achromobacter deleyi	1353891	S	2358	1959	4317	0.00032
Achromobacter insolitus	217204	S	1703	576	2279	0.00017
Achromobacter pestifer	1353889	S	1343	1114	2457	0.00018
Achromobacter mucicolens	1389922	S	548	927	1475	0.00011
Achromobacter ruhlandii	72557	S	25	1265	1290	0.00010
Bordetella sp. H567	1697043	S	2435	367	2802	0.00021
Bordetella sp. N	1746199	S	2131	306	2437	0.00018
Bordetella bronchialis	463025	S	3387	572	3959	0.00029
Bordetella genomosp. 13	463040	S	3253	2923	6176	0.00046
Bordetella genomosp. 8	1416806	S	2582	386	2968	0.00022
Bordetella genomosp. 9	1416803	S	2501	806	3307	0.00025
Bordetella flabilis	463014	S	2440	262	2702	0.00020
Bordetella petrii	94624	S	2132	3649	5781	0.00043
Bordetella hinzii	103855	S	2117	1157	3274	0.00024
Bordetella trematum	123899	S	1502	820	2322	0.00017
Bordetella pseudohinzii	1331258	S	1182	666	1848	0.00014
Bordetella bronchiseptica	518	S	1178	5962	7140	0.00053
Bordetella holmesii	35814	S	784	331	1115	0.00008
Bordetella avium	521	S	706	102	808	0.00006
Bordetella genomosp. 6	463024	S	386	916	1302	0.00010
Bordetella pertussis	520	S	212	2770	2982	0.00022
Bordetella parapertussis	519	S	128	1816	1944	0.00014
Pigmentiphaga sp. H8	2488560	S	4192	686	4878	0.00036
Pigmentiphaga aceris	1940612	S	1152	102	1254	0.00009
Castellaniella defragrans	75697	S	2691	2307	4998	0.00037
Orrella dioscoreae	1851544	S	2173	972	3145	0.00023
Orrella marina	2163011	S	281	59	340	0.00003
Orrella sp. f23	2782176	S	168	11	179	0.00001
Alcaligenes faecalis	511	S	526	516	1042	0.00008
Alcaligenes sp. SORT26	2813780	S	151	32	183	0.00001
Alcaligenes sp. DN25	1367435	S	26	62	88	0.00001
Alcaligenes aquatilis	323284	S	83	333	416	0.00003
Alcaligenes ammonioxydans	2582914	S	23	276	299	0.00002
Pusillimonas thiosulfatoxidans	2028345	S	646	230	876	0.00006
Pusillimonas sp. T7-7	1007105	S	402	81	483	0.00004
Pusillimonas sp. DMV24BSW_D	2716226	S	194	17	211	0.00002
Paralcaligenes sp. KSB-10	2901142	S	759	40	799	0.00006
Kerstersia gyiorum	206506	S	691	185	876	0.00006
Advenella kashmirensis	310575	S	337	19	356	0.00003
Advenella mimigardefordensis	302406	S	295	16	311	0.00002
Oligella urethralis	90245	S	55	11	66	0.00000
Oligella ureolytica	90244	S	38	38	76	0.00001
Paenalcaligenes hominis	643674	S	45	3	48	0.00000
Basilea psittacipulmonis	1472345	S	25	3	28	0.00000
Taylorella equigenitalis	29575	S	11	1	12	0.00000
Pelistega ratti	2652177	S	18	3	21	0.00000
Rhizobacter sp. AJA081-3	2753607	S	7108	2323	9431	0.00070
Rhizobacter gummiphilus	946333	S	6481	1652	8133	0.00060
Sphaerotilus sp. FB-5	2914710	S	4419	3586	8005	0.00059
Sphaerotilus natans	34103	S	3751	1896	5647	0.00042
Methylibium sp. Pch-M	2082386	S	2233	2395	4628	0.00034
Methylibium petroleiphilum	105560	S	2205	2588	4793	0.00036
Rubrivivax gelatinosus	28068	S	6712	2704	9416	0.00070
Aquincola tertiaricarbonis	391953	S	5542	2466	8008	0.00059
Thiomonas sp. X19	1050370	S	2113	783	2896	0.00021
Thiomonas intermedia	926	S	1364	225	1589	0.00012
Thiomonas arsenitoxydans	426114	S	476	868	1344	0.00010
Leptothrix cholodnii	34029	S	4530	1849	6379	0.00047
Mitsuaria sp. 7	1658665	S	4421	1130	5551	0.00041
Xylophilus rhododendri	2697032	S	3222	1206	4428	0.00033
Tepidimonas taiwanensis	307486	S	2705	1263	3968	0.00029
Ideonella dechloratans	36863	S	2542	1958	4500	0.00033
Aquabacterium olei	1296669	S	2179	741	2920	0.00022
Roseateles depolymerans	76731	S	1944	478	2422	0.00018
Inhella inkyongensis	392593	S	1512	311	1823	0.00014
Paucibacter sp. KCTC 42545	1768242	S	1075	237	1312	0.00010
Candidatus Ichthyocystis hellenicum	1561003	S	35	0	35	0.00000
Sutterella megalosphaeroides	2494234	S	830	166	996	0.00007
Sutterella faecalis	2584944	S	622	98	720	0.00005
Sutterella wadsworthensis	40545	S	254	34	288	0.00002
Turicimonas muris	1796652	S	123	12	135	0.00001
Thauera sp. MZ1T	85643	S	3935	4929	8864	0.00066
Thauera sp. K11	2005884	S	3702	2771	6473	0.00048
Thauera humireducens	1134435	S	2534	1859	4393	0.00033
Thauera chlorobenzoica	96773	S	1993	2185	4178	0.00031
Thauera aromatica	59405	S	1723	2944	4667	0.00035
Thauera hydrothermalis	2184083	S	1065	384	1449	0.00011
Azoarcus sp. KH32C	748247	S	4100	922	5022	0.00037
Azoarcus sp. DD4	2027405	S	2908	2267	5175	0.00038
Azoarcus olearius	418699	S	3472	1551	5023	0.00037
Azoarcus communis	41977	S	2412	1148	3560	0.00026
Nitrogeniibacter mangrovi	2016596	S	3091	805	3896	0.00029
Nitrogeniibacter aestuarii	2815343	S	1457	197	1654	0.00012
Aromatoleum petrolei	76116	S	3992	1175	5167	0.00038
Aromatoleum aromaticum	551760	S	3206	2569	5775	0.00043
Aromatoleum bremense	76115	S	2790	1817	4607	0.00034
Aromatoleum pumilum	2067960	S	2677	1255	3932	0.00029
Azospira restricta	404405	S	6657	4200	10857	0.00080
Azospira inquinata	2785627	S	549	59	608	0.00005
Azospira sp. I09	1765049	S	444	1453	1897	0.00014
Azospira oryzae	146939	S	416	1080	1496	0.00011
Niveibacterium microcysteis	2811415	S	2284	416	2700	0.00020
Oryzomicrobium terrae	1735038	S	1715	543	2258	0.00017
Rugosibacter aromaticivorans	1565605	S	455	99	554	0.00004
Dechloromonas denitrificans	281362	S	2368	697	3065	0.00023
Dechloromonas sp. HYN0024	2231055	S	637	150	787	0.00006
Dechloromonas sp. TW-R-39-2	2654218	S	427	223	650	0.00005
Ferribacterium limneticum	76259	S	3213	642	3855	0.00029
Quatrionicoccus australiensis	138118	S	1369	469	1838	0.00014
Fluviibacter phosphoraccumulans	1751046	S	214	95	309	0.00002
Usitatibacter rugosus	2732067	S	12455	1727	14182	0.00105
Usitatibacter palustris	2732487	S	9575	1409	10984	0.00081
Denitratisoma sp. DHT3	1981880	S	2279	2127	4406	0.00033
Denitratisoma oestradiolicum	311182	S	1181	245	1426	0.00011
Sulfuritalea hydrogenivorans	748811	S	2898	542	3440	0.00026
Methyloversatilis sp. RAC08	1842540	S	2357	404	2761	0.00020
Sterolibacterium denitrificans	157592	S	1758	621	2379	0.00018
Nitrosospira multiformis	1231	S	4062	170	4232	0.00031
Nitrosospira lacus	1288494	S	726	32	758	0.00006
Nitrosospira sp. NRS527	155925	S	334	236	570	0.00004
Nitrosospira briensis	35799	S	296	224	520	0.00004
Nitrosomonas communis	44574	S	861	28	889	0.00007
Nitrosomonas ureae	44577	S	339	14	353	0.00003
Nitrosomonas europaea	915	S	184	33	217	0.00002
Nitrosomonas eutropha	916	S	138	100	238	0.00002
Nitrosomonas stercoris	1444684	S	50	35	85	0.00001
Thiobacillus denitrificans	36861	S	3598	882	4480	0.00033
Sulfuritortus calidifontis	1914471	S	2487	1345	3832	0.00028
Sideroxydans sp. MIZ01	2764705	S	1287	328	1615	0.00012
Sideroxydans lithotrophicus	63745	S	948	176	1124	0.00008
Ferrigenium kumadai	1682490	S	1598	404	2002	0.00015
Ferriphaselus amnicola	1188319	S	520	85	605	0.00004
Candidatus Nitrotoga arctica	453162	S	236	83	319	0.00002
Candidatus Nitrotoga sp. AM1P	2559597	S	137	51	188	0.00001
Gallionella capsiferriformans	370405	S	346	38	384	0.00003
Sulfurimicrobium lacus	2715678	S	1833	279	2112	0.00016
Sulfuriferula plumbiphila	171865	S	1008	215	1223	0.00009
Sulfuriferula sp. AH1	1985873	S	509	124	633	0.00005
Sulfuriferula nivalis	2675298	S	91	8	99	0.00001
Sulfuricella denitrificans	649841	S	851	91	942	0.00007
Methylovorus glucosotrophus	266009	S	149	124	273	0.00002
Methylovorus sp. MP688	887061	S	110	101	211	0.00002
Methylobacillus flagellatus	405	S	420	128	548	0.00004
Methylophilus sp. TWE2	1662285	S	106	11	117	0.00001
Methylophilus medardicus	2588534	S	86	11	97	0.00001
Methylotenera mobilis	359408	S	111	10	121	0.00001
Methylotenera versatilis	1055487	S	48	4	52	0.00000
Candidatus Methylopumilus turicensis	1581680	S	36	5	41	0.00000
Candidatus Methylopumilus universalis	2588536	S	32	6	38	0.00000
Candidatus Methylopumilus rimovensis	2588535	S	21	2	23	0.00000
Candidatus Methylopumilus planktonicus	1581557	S	17	3	20	0.00000
Methyloradius palustris	2778876	S	78	7	85	0.00001
Chromobacterium sp. ATCC 53434	2059672	S	1513	643	2156	0.00016
Chromobacterium sp. Rain0013	2292447	S	241	324	565	0.00004
Chromobacterium sp. Beijing	2735795	S	226	692	918	0.00007
Chromobacterium violaceum	536	S	1426	1014	2440	0.00018
Chromobacterium vaccinii	1108595	S	1381	714	2095	0.00016
Chromobacterium phragmitis	2202141	S	883	463	1346	0.00010
Chromobacterium paludis	2605945	S	857	408	1265	0.00009
Chromobacterium rhizoryzae	1778675	S	260	1479	1739	0.00013
Chromobacterium haemolyticum	394935	S	129	910	1039	0.00008
Iodobacter fluviatilis	537	S	100	36	136	0.00001
Iodobacter ciconiae	2496266	S	100	31	131	0.00001
Jeongeupia sp. USM3	1906741	S	2194	719	2913	0.00022
Jeongeupia sp. HS-3	1009682	S	1038	254	1292	0.00010
Paludibacterium paludis	1225769	S	1087	269	1356	0.00010
Paludibacterium yongneupense	400061	S	1031	183	1214	0.00009
Paludibacterium sp. B53371	2806263	S	720	186	906	0.00007
Pseudogulbenkiania sp. NH8B	748280	S	2133	892	3025	0.00022
Vogesella sp. LIG4	1192162	S	1194	386	1580	0.00012
Vogesella sp. XCS3	2877939	S	559	190	749	0.00006
Aquitalea aquatilis	1537400	S	403	146	549	0.00004
Aquitalea denitrificans	519081	S	270	148	418	0.00003
Aquitalea sp. USM4	1590041	S	261	152	413	0.00003
Aquitalea magnusonii	332411	S	251	151	402	0.00003
Microvirgula aerodenitrificans	57480	S	1377	328	1705	0.00013
Laribacter hongkongensis	168471	S	1157	1329	2486	0.00018
Aquaspirillum sp. LM1	1938604	S	672	124	796	0.00006
Chitinibacter bivalviorum	2739434	S	159	155	314	0.00002
Chitinibacter fontanus	1737446	S	121	20	141	0.00001
Deefgea sp. D13	2864875	S	81	29	110	0.00001
Deefgea sp. D17	2739061	S	80	34	114	0.00001
Deefgea sp. D25	2865840	S	75	13	88	0.00001
Neisseria sp. KEM232	655307	S	302	52	354	0.00003
Neisseria sp. oral taxon 014	641148	S	111	54	165	0.00001
Neisseria sp. ZJ785	2709396	S	77	11	88	0.00001
Neisseria sp. Dent CA1/247	2912675	S	52	27	79	0.00001
Neisseria bacilliformis	267212	S	312	86	398	0.00003
Neisseria shayeganii	607712	S	260	46	306	0.00002
Neisseria meningitidis	487	S	258	647	905	0.00007
Neisseria chenwenguii	1853278	S	243	37	280	0.00002
Neisseria elongata	495	S	214	126	340	0.00003
Neisseria dentiae	194197	S	199	29	228	0.00002
Neisseria musculi	1815583	S	166	18	184	0.00001
Neisseria animalis	492	S	111	19	130	0.00001
Neisseria gonorrhoeae	485	S	105	541	646	0.00005
Neisseria animaloris	326522	S	90	23	113	0.00001
Neisseria lactamica	486	S	79	113	192	0.00001
Neisseria sicca	490	S	78	172	250	0.00002
Neisseria weaveri	28091	S	74	37	111	0.00001
Neisseria weixii	1853276	S	71	10	81	0.00001
Neisseria canis	493	S	70	19	89	0.00001
Neisseria dumasiana	1931275	S	66	32	98	0.00001
Neisseria wadsworthii	607711	S	65	16	81	0.00001
Neisseria brasiliensis	2666100	S	63	76	139	0.00001
Neisseria mucosa	488	S	58	141	199	0.00001
Neisseria zalophi	640030	S	54	7	61	0.00000
Neisseria arctica	1470200	S	48	6	54	0.00000
Neisseria zoodegmatis	326523	S	37	27	64	0.00000
Neisseria macacae	496	S	25	59	84	0.00001
Neisseria cinerea	483	S	24	16	40	0.00000
Neisseria flavescens	484	S	14	12	26	0.00000
Crenobacter cavernae	2290923	S	2794	1150	3944	0.00029
Chitinolyticbacter meiyuanensis	682798	S	1692	260	1952	0.00014
Vitreoscilla filiformis	63	S	650	151	801	0.00006
Vitreoscilla massiliensis	1689272	S	81	48	129	0.00001
Kingella potus	265175	S	224	35	259	0.00002
Kingella denitrificans	502	S	161	123	284	0.00002
Kingella oralis	505	S	151	28	179	0.00001
Kingella kingae	504	S	38	7	45	0.00000
Eikenella corrodens	539	S	269	189	458	0.00003
Eikenella exigua	2528037	S	77	57	134	0.00001
Uruburuella suis	252130	S	247	45	292	0.00002
Uruburuella testudinis	1282863	S	184	41	225	0.00002
Paralysiella testudinis	2809020	S	159	41	200	0.00001
Alysiella crassa	153491	S	46	16	62	0.00000
Alysiella filiformis	194196	S	45	16	61	0.00000
Conchiformibius steedae	153493	S	68	13	81	0.00001
Neisseriaceae bacterium CCUG 44465	2917790	S	54	10	64	0.00000
Snodgrassella alvi	1196083	S	47	19	66	0.00000
Morococcus cerebrosus	1056807	S	35	183	218	0.00002
Aquella oligotrophica	2067065	S	35	2	37	0.00000
Simonsiella muelleri	72	S	10	2	12	0.00000
Casimicrobium huifangae	2591109	S	1859	1094	2953	0.00022
Candidatus Kinetoplastibacterium crithidii	33056	S	12	0	12	0.00000
Lysobacter sp. KIS68-7	2904252	S	5073	1136	6209	0.00046
Lysobacter sp. TY2-98	2290922	S	4348	815	5163	0.00038
Lysobacter sp. CECT 30171	2822368	S	4176	1164	5340	0.00040
Lysobacter sp. S4-A87	2925843	S	3817	1369	5186	0.00038
Lysobacter sp. 5GHs7-4	2904253	S	3704	1266	4970	0.00037
Lysobacter sp. CW239	2762611	S	2649	1657	4306	0.00032
Lysobacter sp. K5869	2820808	S	2132	1079	3211	0.00024
Lysobacter sp. H21R4	2781021	S	684	1324	2008	0.00015
Lysobacter sp. CJ11	2764185	S	538	50	588	0.00004
Lysobacter sp. H23M47	2781024	S	389	1882	2271	0.00017
Lysobacter sp. HDW10	2714936	S	358	120	478	0.00004
Lysobacter soli	453783	S	15214	3639	18853	0.00140
Lysobacter enzymogenes	69	S	8822	3509	12331	0.00091
Lysobacter solisilvae (ex Woo and Kim 2022)	2865112	S	5651	1920	7571	0.00056
Lysobacter capsici	435897	S	5310	5574	10884	0.00081
Lysobacter solisilvae (ex Kim et al. 2021)	2763317	S	5054	1191	6245	0.00046
Lysobacter maris	1605891	S	3897	1093	4990	0.00037
Lysobacter arenosi	2795387	S	3708	1313	5021	0.00037
Lysobacter antibioticus	84531	S	3397	792	4189	0.00031
Lysobacter lycopersici	1324796	S	3240	813	4053	0.00030
Lysobacter alkalisoli	2591633	S	2924	611	3535	0.00026
Lysobacter oculi	2698682	S	2437	778	3215	0.00024
Lysobacter ciconiae	2781022	S	639	1156	1795	0.00013
Lysobacter gummosus	262324	S	487	3926	4413	0.00033
Lysobacter avium	2781023	S	346	1530	1876	0.00014
Stenotrophomonas maltophilia	40324	S	11371	17277	28648	0.00212
Stenotrophomonas sp. ESTM1D_MKCIP4_1	2072414	S	639	278	917	0.00007
Stenotrophomonas sp. SAU14A_NAIMI4_5	2072413	S	547	356	903	0.00007
Stenotrophomonas sp. ZAC14D2_NAIMI4_7	2072405	S	281	302	583	0.00004
Stenotrophomonas sp. YAU14D1_LEIMI4_1	2072407	S	233	395	628	0.00005
Stenotrophomonas sp. ZAC14A_NAIMI4_1	2072412	S	215	398	613	0.00005
Stenotrophomonas sp. ZAC14D2_NAIMI4_6	2072406	S	144	276	420	0.00003
Stenotrophomonas sp. YAU14A_MKIMI4_1	2072408	S	71	391	462	0.00003
Stenotrophomonas sp. SAU14A_NAIMI4_8	2072409	S	63	347	410	0.00003
Stenotrophomonas sp. LM091	1904944	S	1058	459	1517	0.00011
Stenotrophomonas sp. 169	2770322	S	1006	192	1198	0.00009
Stenotrophomonas sp. 364	2691571	S	708	293	1001	0.00007
Stenotrophomonas sp. NA06056	2742129	S	389	203	592	0.00004
Stenotrophomonas sp. WZN-1	2005046	S	226	276	502	0.00004
Stenotrophomonas sp. DR822	2871174	S	131	217	348	0.00003
Stenotrophomonas sp. Pemsol	2040586	S	115	344	459	0.00003
Stenotrophomonas sp. pho	2211160	S	73	356	429	0.00003
Stenotrophomonas sp. SI-NJAU-1	2886359	S	64	280	344	0.00003
Stenotrophomonas sp. MYb57	1827305	S	63	267	330	0.00002
Stenotrophomonas sp. CW117	2775920	S	58	1384	1442	0.00011
Stenotrophomonas sp. G4	2303750	S	45	190	235	0.00002
Stenotrophomonas sp. NY11291	2939415	S	43	519	562	0.00004
Stenotrophomonas sp. ASS1	2282124	S	42	193	235	0.00002
Stenotrophomonas sp. SXG-1	2682487	S	25	292	317	0.00002
Stenotrophomonas rhizophila	216778	S	3406	1123	4529	0.00034
Stenotrophomonas acidaminiphila	128780	S	2029	5188	7217	0.00054
Stenotrophomonas indicatrix	2045451	S	131	512	643	0.00005
Xanthomonas translucens	343	S	3240	4516	7756	0.00057
Xanthomonas campestris	339	S	2657	3328	5985	0.00044
Xanthomonas sacchari	56458	S	1828	729	2557	0.00019
Xanthomonas sp. SS	2724122	S	341	555	896	0.00007
Xanthomonas sp. GW	2724121	S	314	443	757	0.00006
Xanthomonas sp. SI	2724123	S	304	499	803	0.00006
Xanthomonas sp. MLO165	2081477	S	103	142	245	0.00002
Xanthomonas arboricola	56448	S	1487	1560	3047	0.00023
Xanthomonas oryzae	347	S	1255	545	1800	0.00013
Xanthomonas theicola	56464	S	1154	433	1587	0.00012
Xanthomonas citri	346	S	1008	10483	11491	0.00085
Xanthomonas hyacinthi	56455	S	850	588	1438	0.00011
Xanthomonas albilineans	29447	S	823	125	948	0.00007
Xanthomonas fragariae	48664	S	759	170	929	0.00007
Xanthomonas hortorum	56454	S	734	548	1282	0.00010
Xanthomonas vesicatoria	56460	S	675	436	1111	0.00008
Xanthomonas cucurbitae	56453	S	600	122	722	0.00005
Xanthomonas vasicola	56459	S	543	187	730	0.00005
Xanthomonas cassavae	56450	S	473	126	599	0.00004
Xanthomonas euroxanthea	2259622	S	423	467	890	0.00007
Xanthomonas axonopodis	53413	S	360	269	629	0.00005
Xanthomonas hydrangeae	2775159	S	359	127	486	0.00004
Xanthomonas phaseoli	1985254	S	245	523	768	0.00006
Xanthomonas euvesicatoria	456327	S	185	3716	3901	0.00029
Xanthomonas perforans	442694	S	74	396	470	0.00003
Luteimonas sp. MC1750	2799326	S	2722	1160	3882	0.00029
Luteimonas sp. S4-F44	2925842	S	2373	540	2913	0.00022
Luteimonas sp. JM171	1896164	S	2346	563	2909	0.00022
Luteimonas sp. MC1572	2799325	S	2136	1178	3314	0.00025
Luteimonas sp. D4P002	2901869	S	2128	647	2775	0.00021
Luteimonas sp. YGD11-2	2508168	S	2078	995	3073	0.00023
Luteimonas sp. MC1825	2761107	S	2053	1162	3215	0.00024
Luteimonas granuli	1176533	S	2813	1110	3923	0.00029
Luteimonas yindakuii	2565782	S	2118	910	3028	0.00022
Luteimonas chenhongjianii	2006110	S	1948	480	2428	0.00018
Pseudoxanthomonas suwonensis	314722	S	5405	3242	8647	0.00064
Pseudoxanthomonas mexicana	128785	S	2931	4111	7042	0.00052
Pseudoxanthomonas sp. X-1	2571115	S	2299	2460	4759	0.00035
Pseudoxanthomonas sp. F37	2932492	S	18	1153	1171	0.00009
Pseudoxanthomonas daejeonensis	266062	S	2139	626	2765	0.00021
Pseudoxanthomonas spadix	415229	S	1391	597	1988	0.00015
Thermomonas sp. XSG	2771436	S	1959	999	2958	0.00022
Thermomonas sp. HDW16	2714945	S	1256	398	1654	0.00012
Thermomonas brevis	215691	S	2657	1275	3932	0.00029
Thermomonas aquatica	2202149	S	2323	1456	3779	0.00028
Thermomonas carbonis	1463158	S	2041	505	2546	0.00019
Arenimonas daejeonensis	370777	S	2976	726	3702	0.00027
Pseudolysobacter antarcticus	2511995	S	1442	47	1489	0.00011
Xylella fastidiosa	2371	S	213	58	271	0.00002
Xylella taiwanensis	1444770	S	204	12	216	0.00002
Luteibacter sp. 321	2911537	S	1960	654	2614	0.00019
Luteibacter sp. EIF3	2780091	S	1426	252	1678	0.00012
Luteibacter sp. 353	2911539	S	1244	428	1672	0.00012
Luteibacter sp. 335	2911538	S	1227	304	1531	0.00011
Luteibacter rhizovicinus	242606	S	1508	235	1743	0.00013
Luteibacter pinisoli	2589080	S	1467	417	1884	0.00014
Luteibacter anthropi	564369	S	1190	238	1428	0.00011
Rhodanobacter denitrificans	666685	S	2840	1279	4119	0.00031
Rhodanobacter sp. FDAARGOS 1247	2778082	S	2005	803	2808	0.00021
Rhodanobacter thiooxydans	416169	S	1638	877	2515	0.00019
Rhodanobacter glycinis	582702	S	1275	269	1544	0.00011
Dyella thiooxydans	445710	S	2416	862	3278	0.00024
Dyella japonica	231455	S	1276	441	1717	0.00013
Dyella telluris	2763498	S	1138	348	1486	0.00011
Dyella terrae	522259	S	918	150	1068	0.00008
Dyella caseinilytica	1849581	S	779	70	849	0.00006
Dyella sp. M7H15-1	2501295	S	489	59	548	0.00004
Frateuria sp. 5GH9-34	2898793	S	2210	827	3037	0.00023
Frateuria sp. 5GH9-11	1542730	S	2158	1023	3181	0.00024
Frateuria aurantia	81475	S	699	108	807	0.00006
Dokdonella koreensis	323415	S	4607	974	5581	0.00041
Aerosticca soli	2010829	S	2250	3552	5802	0.00043
Ahniella affigens	2021234	S	1243	40	1283	0.00010
Pseudomonas sp. LPB0260	2614442	S	1356	316	1672	0.00012
Pseudomonas sp. TCU-HL1	1856685	S	1300	210	1510	0.00011
Pseudomonas sp. CC6-YY-74	1930532	S	1267	175	1442	0.00011
Pseudomonas sp. ATCC 13867	1294143	S	1247	495	1742	0.00013
Pseudomonas sp. DY-1	1755504	S	1179	170	1349	0.00010
Pseudomonas sp. SCB32	2653853	S	1177	283	1460	0.00011
Pseudomonas sp. PDNC002	2811422	S	1093	284	1377	0.00010
Pseudomonas sp. KNUC1026	2893890	S	1061	119	1180	0.00009
Pseudomonas sp. Ost2	2678260	S	898	152	1050	0.00008
Pseudomonas sp. MTM4	2705472	S	839	169	1008	0.00007
Pseudomonas sp. ABC1	2748080	S	804	132	936	0.00007
Pseudomonas sp. MM211	2866808	S	789	84	873	0.00006
Pseudomonas sp. B11D7D	2735906	S	740	164	904	0.00007
Pseudomonas sp. L5B5	2883205	S	698	145	843	0.00006
Pseudomonas sp. 7SR1	1881017	S	679	146	825	0.00006
Pseudomonas sp. Pc102	2678261	S	666	426	1092	0.00008
Pseudomonas sp. p1(2021b)	2874628	S	659	419	1078	0.00008
Pseudomonas sp. StFLB209	1028989	S	659	203	862	0.00006
Pseudomonas sp. CMR5c	658630	S	657	216	873	0.00006
Pseudomonas sp. OIL-1	2706126	S	628	127	755	0.00006
Pseudomonas sp. MSPm1	2726956	S	571	146	717	0.00005
Pseudomonas sp. HN2-3	2886360	S	518	137	655	0.00005
Pseudomonas sp. LAB-08	143813	S	453	99	552	0.00004
Pseudomonas sp. HLS-6	2049589	S	451	163	614	0.00005
Pseudomonas sp. gcc21	2726989	S	443	228	671	0.00005
Pseudomonas sp. MPC6	2498848	S	397	101	498	0.00004
Pseudomonas sp. ADAK13	2730847	S	393	108	501	0.00004
Pseudomonas sp. ADPe	2774873	S	390	1124	1514	0.00011
Pseudomonas sp. URMO17WK12:I11	1283291	S	383	308	691	0.00005
Pseudomonas sp. Leaf58	1736226	S	375	84	459	0.00003
Pseudomonas sp. Marseille-Q3773	2866592	S	374	143	517	0.00004
Pseudomonas sp. 15A4	2804761	S	357	109	466	0.00003
Pseudomonas sp. S09G 359	2054919	S	355	101	456	0.00003
Pseudomonas sp. DG56-2	2320270	S	340	44	384	0.00003
Pseudomonas sp. M1	95619	S	337	929	1266	0.00009
Pseudomonas sp. Tri1	2823875	S	335	96	431	0.00003
Pseudomonas sp. MM213	2866807	S	331	84	415	0.00003
Pseudomonas sp. DTU12.3	2073078	S	304	89	393	0.00003
Pseudomonas sp. S34	1573718	S	301	83	384	0.00003
Pseudomonas sp. M30-35	1981174	S	291	19	310	0.00002
Pseudomonas sp. Seg1	2678259	S	283	76	359	0.00003
Pseudomonas sp. 31-12	2201356	S	280	83	363	0.00003
Pseudomonas sp. OE 28.3	2745519	S	272	78	350	0.00003
Pseudomonas sp. RtIB026	2749999	S	272	184	456	0.00003
Pseudomonas sp. NIBR-H-19	2901380	S	270	69	339	0.00003
Pseudomonas sp. RC3H12	2834406	S	268	189	457	0.00003
Pseudomonas sp. HN11	1344094	S	250	68	318	0.00002
Pseudomonas sp. S35	1573719	S	249	78	327	0.00002
Pseudomonas sp. HS6	2850559	S	248	79	327	0.00002
Pseudomonas sp. DNDY-54	2870860	S	248	146	394	0.00003
Pseudomonas sp. 2hn	2866626	S	245	190	435	0.00003
Pseudomonas sp. R5-89-07	658644	S	244	87	331	0.00002
Pseudomonas sp. ACM7	2052956	S	243	50	293	0.00002
Pseudomonas sp. PP3	2815936	S	236	111	347	0.00003
Pseudomonas sp. ADAK18	2730848	S	235	49	284	0.00002
Pseudomonas sp. DR48	2871095	S	226	191	417	0.00003
Pseudomonas sp. NS1(2017)	2025658	S	222	69	291	0.00002
Pseudomonas sp. LS.1a	2920387	S	215	109	324	0.00002
Pseudomonas sp. LG1E9	2219057	S	212	73	285	0.00002
Pseudomonas sp. NIBRBAC000502773	2590776	S	212	130	342	0.00003
Pseudomonas sp. LPH1	1898684	S	207	227	434	0.00003
Pseudomonas sp. St316	2678257	S	202	79	281	0.00002
Pseudomonas sp. R2A2	2213057	S	196	264	460	0.00003
Pseudomonas sp. MRSN12121	1611770	S	189	324	513	0.00004
Pseudomonas sp. CCOS 191	1649877	S	189	183	372	0.00003
Pseudomonas sp. SK3(2021)	2841064	S	184	143	327	0.00002
Pseudomonas sp. HS-18	2879114	S	183	451	634	0.00005
Pseudomonas sp. SCA2728.1_7	2825975	S	182	114	296	0.00002
Pseudomonas sp. phDV1	253237	S	175	724	899	0.00007
Pseudomonas sp. 14181154	2662033	S	174	231	405	0.00003
Pseudomonas sp. FIT81	2837969	S	169	119	288	0.00002
Pseudomonas sp. SDM007	2812000	S	167	123	290	0.00002
Pseudomonas sp. IzPS59	2774459	S	165	94	259	0.00002
Pseudomonas sp. R84	1573712	S	164	87	251	0.00002
Pseudomonas sp. SK	2729423	S	154	157	311	0.00002
Pseudomonas sp. AO-1	2855434	S	152	167	319	0.00002
Pseudomonas sp. CYM-20-01	2870750	S	152	90	242	0.00002
Pseudomonas sp. THAF7b	2587845	S	148	344	492	0.00004
Pseudomonas sp. UW4	1207075	S	143	113	256	0.00002
Pseudomonas sp. R76	1573711	S	135	80	215	0.00002
Pseudomonas sp. Z003-0.4C(8344-21)	1855380	S	132	113	245	0.00002
Pseudomonas sp. BIGb0427	2724470	S	130	323	453	0.00003
Pseudomonas sp. LTJR-52	2479392	S	129	52	181	0.00001
Pseudomonas sp. RBPA9	2746321	S	126	324	450	0.00003
Pseudomonas sp. AN-B15	2697023	S	116	370	486	0.00004
Pseudomonas sp. S07E 245	2866278	S	116	299	415	0.00003
Pseudomonas sp. C27(2019)	2604941	S	110	18	128	0.00001
Pseudomonas sp. 02C 26	2054914	S	109	265	374	0.00003
Pseudomonas sp. 09C 129	2054915	S	106	158	264	0.00002
Pseudomonas sp. SORT22	2813842	S	105	277	382	0.00003
Pseudomonas sp. B10	118613	S	101	89	190	0.00001
Pseudomonas sp. Y5-11	2749808	S	91	316	407	0.00003
Pseudomonas sp. MPFS	2795724	S	90	180	270	0.00002
Pseudomonas sp. FGI182	1259844	S	89	119	208	0.00002
Pseudomonas sp. HN2	2884805	S	88	94	182	0.00001
Pseudomonas sp. ADAK22	2730851	S	81	225	306	0.00002
Pseudomonas sp. Cab53	2678258	S	79	152	231	0.00002
Pseudomonas sp. DR 5-09	1534110	S	78	125	203	0.00002
Pseudomonas sp. ATCC 43928	676210	S	78	220	298	0.00002
Pseudomonas sp. 3-2	2867408	S	77	117	194	0.00001
Pseudomonas sp. BIOMIG1BAC	1758730	S	70	266	336	0.00002
Pseudomonas sp. SC3(2021)	2871493	S	69	90	159	0.00001
Pseudomonas sp. ArH3a	2862945	S	66	183	249	0.00002
Pseudomonas sp. FDAARGOS_380	2018067	S	66	64	130	0.00001
Pseudomonas sp. MYb193	1827300	S	63	77	140	0.00001
Pseudomonas sp. PONIH3	1636610	S	61	407	468	0.00003
Pseudomonas sp. St29	1500687	S	61	276	337	0.00003
Pseudomonas sp. S150	2559074	S	60	113	173	0.00001
Pseudomonas sp. RU47	2005388	S	60	171	231	0.00002
Pseudomonas sp. J380	2605424	S	58	85	143	0.00001
Pseudomonas sp. S49	1573720	S	53	153	206	0.00002
Pseudomonas sp. GR 6-02	1659194	S	50	139	189	0.00001
Pseudomonas sp. R1-43-08	1173270	S	49	315	364	0.00003
Pseudomonas sp. R2-37-08W	1173273	S	47	241	288	0.00002
Pseudomonas sp. LBUM920	2126069	S	46	127	173	0.00001
Pseudomonas sp. DR208	2870840	S	45	130	175	0.00001
Pseudomonas sp. SXM-1	2169583	S	45	155	200	0.00001
Pseudomonas sp. A214	1855331	S	44	151	195	0.00001
Pseudomonas sp. LG1D9	2083054	S	44	180	224	0.00002
Pseudomonas sp. TKP	1415630	S	44	183	227	0.00002
Pseudomonas sp. A2	107445	S	42	271	313	0.00002
Pseudomonas sp. Y39-6	2749807	S	42	163	205	0.00002
Pseudomonas sp. BC42	2933816	S	42	231	273	0.00002
Pseudomonas sp. CFSAN084952	2664899	S	42	150	192	0.00001
Pseudomonas sp. Os17	1500686	S	39	214	253	0.00002
Pseudomonas sp. R4-35-07	658643	S	39	286	325	0.00002
Pseudomonas sp. R3-18-08	1173283	S	38	121	159	0.00001
Pseudomonas sp. SWI44	2083053	S	38	346	384	0.00003
Pseudomonas sp. R32	1573704	S	37	115	152	0.00001
Pseudomonas sp. SWI36	2083052	S	37	123	160	0.00001
Pseudomonas sp. 7-41	2898483	S	35	186	221	0.00002
Pseudomonas sp. Colony2	2861799	S	34	162	196	0.00001
Pseudomonas sp. LTGT-11-2Z	2479393	S	33	1093	1126	0.00008
Pseudomonas sp. PS1(2021)	2866282	S	31	1104	1135	0.00008
Pseudomonas sp. NC02	2067572	S	30	111	141	0.00001
Pseudomonas sp. HN8-3	2886361	S	29	69	98	0.00001
Pseudomonas sp. CFA	2651048	S	29	160	189	0.00001
Pseudomonas sp. XWY-1	2069256	S	28	190	218	0.00002
Pseudomonas sp. R4-39-08	1173288	S	27	173	200	0.00001
Pseudomonas sp. BYT-1	2816906	S	26	270	296	0.00002
Pseudomonas sp. IAC-BECa141	2793103	S	26	65	91	0.00001
Pseudomonas sp. DTU12.1	2654238	S	25	109	134	0.00001
Pseudomonas sp. MPDS	2762896	S	25	115	140	0.00001
Pseudomonas sp. IB20	1702250	S	24	154	178	0.00001
Pseudomonas sp. R3-52-08	1173284	S	24	158	182	0.00001
Pseudomonas sp. 13159349	2662034	S	23	267	290	0.00002
Pseudomonas sp. B14-6	2738843	S	23	75	98	0.00001
Pseudomonas sp. St290	1602166	S	22	103	125	0.00001
Pseudomonas sp. I3-I5	2926671	S	22	102	124	0.00001
Pseudomonas sp. R2-60-08W	1173280	S	22	166	188	0.00001
Pseudomonas sp. R4-34-07	658642	S	22	138	160	0.00001
Pseudomonas sp. OST1909	2777367	S	21	77	98	0.00001
Pseudomonas sp. BJP69	2597770	S	21	152	173	0.00001
Pseudomonas sp. TMW 2.1634	1886807	S	20	62	82	0.00001
Pseudomonas sp. LH1G9	2083055	S	20	83	103	0.00001
Pseudomonas sp. VLB120	69328	S	20	304	324	0.00002
Pseudomonas sp. SW-3	147212	S	20	90	110	0.00001
Pseudomonas sp. R11-23-07	658632	S	19	184	203	0.00002
Pseudomonas sp. SWI6	2083051	S	17	306	323	0.00002
Pseudomonas sp. So3.2b	2864101	S	17	66	83	0.00001
Pseudomonas sp. SK2	2841063	S	17	334	351	0.00003
Pseudomonas sp. CIP-10	2892442	S	15	166	181	0.00001
Pseudomonas sp. JY-Q	1338689	S	14	135	149	0.00001
Pseudomonas sp. Eqa60	2799184	S	13	90	103	0.00001
Pseudomonas sp. SWI7	2587597	S	13	97	110	0.00001
Pseudomonas sp. R2-7-07	658641	S	12	122	134	0.00001
Pseudomonas sp. FDAARGOS_761	2545800	S	10	239	249	0.00002
Pseudomonas aeruginosa	287	S	6529	59631	66160	0.00490
Pseudomonas mendocina	300	S	3399	1395	4794	0.00036
Pseudomonas alcaligenes	43263	S	2909	2247	5156	0.00038
Pseudomonas furukawaii	1149133	S	1973	672	2645	0.00020
Pseudomonas oleovorans	301	S	362	1215	1577	0.00012
Pseudomonas resinovorans	53412	S	1635	403	2038	0.00015
Pseudomonas multiresinivorans	95301	S	732	286	1018	0.00008
Pseudomonas nitroreducens	46680	S	219	542	761	0.00006
Pseudomonas citronellolis	53408	S	771	1298	2069	0.00015
Pseudomonas fluorescens	294	S	6226	5856	12082	0.00090
Pseudomonas protegens	380021	S	1526	5729	7255	0.00054
Pseudomonas orientalis	76758	S	1063	321	1384	0.00010
Pseudomonas azotoformans	47878	S	784	345	1129	0.00008
Pseudomonas synxantha	47883	S	741	549	1290	0.00010
Pseudomonas rhodesiae	76760	S	593	264	857	0.00006
Pseudomonas poae	200451	S	532	310	842	0.00006
Pseudomonas mediterranea	183795	S	459	127	586	0.00004
Pseudomonas tolaasii	29442	S	442	93	535	0.00004
Pseudomonas corrugata	47879	S	436	103	539	0.00004
Pseudomonas trivialis	200450	S	416	162	578	0.00004
Pseudomonas cedrina	651740	S	347	98	445	0.00003
Pseudomonas migulae	78543	S	332	210	542	0.00004
Pseudomonas mucidolens	46679	S	276	45	321	0.00002
Pseudomonas congelans	200452	S	253	87	340	0.00003
Pseudomonas brenneri	129817	S	239	104	343	0.00003
Pseudomonas libanensis	75588	S	167	198	365	0.00003
Pseudomonas ogarae	1114970	S	160	133	293	0.00002
Pseudomonas mandelii	75612	S	155	416	571	0.00004
Pseudomonas veronii	76761	S	148	445	593	0.00004
Pseudomonas extremorientalis	169669	S	39	105	144	0.00001
Pseudomonas stutzeri	316	S	12200	8880	21080	0.00156
Pseudomonas chloritidismutans	203192	S	125	175	300	0.00002
Pseudomonas balearica	74829	S	1968	2722	4690	0.00035
Pseudomonas xanthomarina	271420	S	547	99	646	0.00005
Pseudomonas luteola	47886	S	134	72	206	0.00002
Pseudomonas putida	303	S	7894	11746	19640	0.00146
Pseudomonas oryzihabitans	47885	S	2332	571	2903	0.00022
Pseudomonas fulva	47880	S	1804	5546	7350	0.00054
Pseudomonas plecoglossicida	70775	S	555	505	1060	0.00008
Pseudomonas mosselii	78327	S	282	597	879	0.00007
Pseudomonas monteilii	76759	S	258	456	714	0.00005
Pseudomonas sp. SGAir0191	2217867	S	118	85	203	0.00002
Pseudomonas shirazica	1940636	S	13	198	211	0.00002
Pseudomonas syringae	317	S	1977	2841	4818	0.00036
Pseudomonas viridiflava	33069	S	1271	172	1443	0.00011
Pseudomonas cichorii	36746	S	780	80	860	0.00006
Pseudomonas asturiensis	1190415	S	442	53	495	0.00004
Pseudomonas syringae group genomosp. 7	251699	S	348	51	399	0.00003
Pseudomonas amygdali	47877	S	176	1011	1187	0.00009
Pseudomonas savastanoi	29438	S	64	584	648	0.00005
Pseudomonas fuscovaginae	50340	S	191	126	317	0.00002
Pseudomonas avellanae	46257	S	124	204	328	0.00002
Pseudomonas coronafaciens	53409	S	85	298	383	0.00003
Pseudomonas syringae group genomosp. 3	251701	S	45	625	670	0.00005
Pseudomonas sp. Lz4W	1206777	S	37	75	112	0.00001
Pseudomonas tremae	200454	S	30	76	106	0.00001
Pseudomonas chlororaphis	587753	S	3763	4657	8420	0.00062
Pseudomonas lundensis	86185	S	383	56	439	0.00003
Pseudomonas fragi	296	S	214	198	412	0.00003
Pseudomonas otitidis	319939	S	2792	723	3515	0.00026
Pseudomonas knackmussii	65741	S	2393	2310	4703	0.00035
Pseudomonas psychrotolerans	237610	S	2347	595	2942	0.00022
Pseudomonas oryzae	1392877	S	2254	835	3089	0.00023
Pseudomonas lalkuanensis	2604832	S	2227	481	2708	0.00020
Pseudomonas cavernae	2320867	S	1884	346	2230	0.00017
Pseudomonas entomophila	312306	S	1624	804	2428	0.00018
Pseudomonas guangdongensis	1245526	S	1447	542	1989	0.00015
Pseudomonas campi	2731681	S	1142	182	1324	0.00010
Pseudomonas parafulva	157782	S	932	305	1237	0.00009
Pseudomonas eucalypticola	2599595	S	916	136	1052	0.00008
Pseudomonas nanhaiensis	2830842	S	896	106	1002	0.00007
Pseudomonas vanderleydeniana	2745495	S	886	142	1028	0.00008
Pseudomonas qingdaonensis	2056231	S	864	203	1067	0.00008
Pseudomonas saudiphocaensis	1499686	S	754	198	952	0.00007
Pseudomonas pohangensis	364197	S	718	62	780	0.00006
Pseudomonas tohonis	2725477	S	702	647	1349	0.00010
Pseudomonas brassicacearum	930166	S	695	1465	2160	0.00016
Pseudomonas cremoricolorata	157783	S	674	118	792	0.00006
Pseudomonas rhizosphaerae	216142	S	673	96	769	0.00006
Pseudomonas alkylphenolica	237609	S	662	149	811	0.00006
Pseudomonas frederiksbergensis	104087	S	647	217	864	0.00006
Pseudomonas phragmitis	1931241	S	632	57	689	0.00005
Pseudomonas argentinensis	289370	S	631	165	796	0.00006
Pseudomonas yamanorum	515393	S	580	145	725	0.00005
Pseudomonas zhaodongensis	1176257	S	571	294	865	0.00006
Pseudomonas umsongensis	198618	S	569	104	673	0.00005
Pseudomonas muyukensis	2842357	S	568	191	759	0.00006
Pseudomonas alvandae	2842348	S	522	94	616	0.00005
Pseudomonas tructae	2518644	S	510	101	611	0.00005
Pseudomonas palleroniana	191390	S	471	86	557	0.00004
Pseudomonas marincola	437900	S	469	85	554	0.00004
Pseudomonas vancouverensis	95300	S	467	84	551	0.00004
Pseudomonas fakonensis	2842355	S	465	165	630	0.00005
Pseudomonas sediminis	1691904	S	460	150	610	0.00005
Pseudomonas silesiensis	1853130	S	446	107	553	0.00004
Pseudomonas xanthosomae	2842356	S	435	157	592	0.00004
Pseudomonas koreensis	198620	S	427	186	613	0.00005
Pseudomonas wenzhouensis	2906062	S	427	184	611	0.00005
Pseudomonas hamedanensis	2745504	S	419	86	505	0.00004
Pseudomonas xantholysinigenes	2745490	S	408	127	535	0.00004
Pseudomonas antarctica	219572	S	408	115	523	0.00004
Pseudomonas arsenicoxydans	702115	S	388	93	481	0.00004
Pseudomonas thivervalensis	86265	S	384	91	475	0.00004
Pseudomonas granadensis	1421430	S	372	197	569	0.00004
Pseudomonas extremaustralis	359110	S	366	91	457	0.00003
Pseudomonas agarici	46677	S	357	19	376	0.00003
Pseudomonas promysalinigenes	485898	S	357	63	420	0.00003
Pseudomonas asgharzadehiana	2842349	S	344	90	434	0.00003
Pseudomonas simiae	321846	S	333	92	425	0.00003
Pseudomonas graminis	158627	S	317	98	415	0.00003
Pseudomonas prosekii	1148509	S	315	59	374	0.00003
Pseudomonas maumuensis	2842354	S	311	169	480	0.00004
Pseudomonas toyotomiensis	554344	S	307	315	622	0.00005
Pseudomonas lurida	244566	S	299	76	375	0.00003
Pseudomonas versuta	1788301	S	289	52	341	0.00003
Pseudomonas taetrolens	47884	S	281	41	322	0.00002
Pseudomonas reinekei	395598	S	251	80	331	0.00002
Pseudomonas lini	163011	S	248	55	303	0.00002
Pseudomonas psychrophila	122355	S	247	38	285	0.00002
Pseudomonas viciae	2505979	S	247	67	314	0.00002
Pseudomonas alcaliphila	101564	S	232	283	515	0.00004
Pseudomonas allokribbensis	2774460	S	222	97	319	0.00002
Pseudomonas khazarica	2502979	S	208	285	493	0.00004
Pseudomonas chengduensis	489632	S	206	472	678	0.00005
Pseudomonas kribbensis	1628086	S	193	206	399	0.00003
Pseudomonas sihuiensis	1274359	S	188	276	464	0.00003
Pseudomonas kunmingensis	1211807	S	173	284	457	0.00003
Pseudomonas tritici	2745518	S	170	60	230	0.00002
Pseudomonas oryziphila	2894079	S	169	150	319	0.00002
Pseudomonas asplenii	53407	S	168	115	283	0.00002
Pseudomonas atacamensis	2565368	S	163	177	340	0.00003
Pseudomonas zarinae	2745498	S	158	132	290	0.00002
Pseudomonas gozinkensis	2774461	S	158	82	240	0.00002
Pseudomonas moraviensis	321662	S	153	254	407	0.00003
Pseudomonas iranensis	2745503	S	147	124	271	0.00002
Pseudomonas anuradhapurensis	485870	S	138	138	276	0.00002
Pseudomonas germanica	2815720	S	132	80	212	0.00002
Pseudomonas zeae	2745510	S	123	69	192	0.00001
Pseudomonas tensinigenes	2745511	S	122	74	196	0.00001
Pseudomonas azerbaijanoriens	2842350	S	112	83	195	0.00001
Pseudomonas soli	1306993	S	87	376	463	0.00003
Pseudomonas lactis	1615674	S	86	70	156	0.00001
Pseudomonas monsensis	2745509	S	80	96	176	0.00001
Pseudomonas salmasensis	2745514	S	72	52	124	0.00001
Pseudomonas donghuensis	1163398	S	64	199	263	0.00002
Pseudomonas juntendi	2666183	S	59	613	672	0.00005
Pseudomonas bijieensis	2681983	S	57	238	295	0.00002
Pseudomonas sessilinigenes	658629	S	56	159	215	0.00002
Pseudomonas asiatica	2219225	S	44	274	318	0.00002
Pseudomonas rhizophila	2045200	S	44	128	172	0.00001
Pseudomonas cerasi	1583341	S	42	98	140	0.00001
Pseudomonas glycinae	1785145	S	36	71	107	0.00001
Candidatus Pseudomonas adelgestsugas	1302376	S	18	0	18	0.00000
Pseudomonas shahriarae	2745512	S	17	74	91	0.00001
Pseudomonas taiwanensis	470150	S	11	154	165	0.00001
Azotobacter chroococcum	353	S	2201	927	3128	0.00023
Azotobacter salinestris	69964	S	1414	450	1864	0.00014
Azotobacter vinelandii	354	S	1365	8338	9703	0.00072
Halopseudomonas xinjiangensis	487184	S	682	68	750	0.00006
Halopseudomonas sabulinigri	472181	S	532	51	583	0.00004
Halopseudomonas aestusnigri	857252	S	510	379	889	0.00007
Halopseudomonas sp. RR6	2918528	S	507	79	586	0.00004
Halopseudomonas litoralis	797277	S	381	96	477	0.00004
Halopseudomonas salegens	1434072	S	331	27	358	0.00003
Permianibacter aggregans	1510150	S	581	21	602	0.00004
Thiopseudomonas alkaliphila	1697053	S	43	10	53	0.00000
Entomomonas sp. F2A	2785331	S	19	1	20	0.00000
Entomomonas moraniae	2213226	S	12	1	13	0.00000
Marinobacter sp. CA1	2817656	S	632	56	688	0.00005
Marinobacter sp. Arc7-DN-1	2304594	S	455	67	522	0.00004
Marinobacter sp. LPB0319	2769486	S	370	27	397	0.00003
Marinobacter sp. NP-4(2019)	2488665	S	354	72	426	0.00003
Marinobacter sp. LQ44	1749259	S	186	292	478	0.00004
Marinobacter sp. LV10R510-11A	1415568	S	179	9	188	0.00001
Marinobacter sp. es.042	1761794	S	150	143	293	0.00002
Marinobacter sp. CP1	1671721	S	144	275	419	0.00003
Marinobacter sp. JH2	2547598	S	120	39	159	0.00001
Marinobacter sp. BSs20148	490759	S	83	48	131	0.00001
Marinobacter fonticola	2603215	S	540	32	572	0.00004
Marinobacter salarius	1420917	S	453	65	518	0.00004
Marinobacter nauticus	2743	S	445	147	592	0.00004
Marinobacter similis	1420916	S	337	32	369	0.00003
Marinobacter salinus	1874317	S	326	24	350	0.00003
Marinobacter salsuginis	418719	S	309	45	354	0.00003
Marinobacter adhaerens	1033846	S	110	263	373	0.00003
Marinobacter psychrophilus	330734	S	76	44	120	0.00001
Klebsiella pneumoniae	573	S	1288	56503	57791	0.00428
Klebsiella quasipneumoniae	1463165	S	611	2472	3083	0.00023
Klebsiella aerogenes	548	S	392	280	672	0.00005
Klebsiella oxytoca	571	S	388	1941	2329	0.00017
Klebsiella sp. A52	2834819	S	15	293	308	0.00002
Klebsiella variicola	244366	S	280	1251	1531	0.00011
Klebsiella michiganensis	1134687	S	217	1035	1252	0.00009
Klebsiella africana	2489010	S	104	78	182	0.00001
Klebsiella quasivariicola	2026240	S	101	134	235	0.00002
Klebsiella huaxiensis	2153354	S	88	106	194	0.00001
Klebsiella grimontii	2058152	S	43	365	408	0.00003
Raoultella sp. HC6	2923366	S	226	191	417	0.00003
Raoultella planticola	575	S	163	209	372	0.00003
Raoultella ornithinolytica	54291	S	107	974	1081	0.00008
Raoultella terrigena	577	S	101	246	347	0.00003
Raoultella electrica	1259973	S	87	273	360	0.00003
Enterobacter cloacae	550	S	1399	3985	5384	0.00040
Enterobacter hormaechei	158836	S	343	6530	6873	0.00051
Enterobacter cancerogenus	69218	S	262	115	377	0.00003
Enterobacter asburiae	61645	S	243	1387	1630	0.00012
Enterobacter roggenkampii	1812935	S	182	909	1091	0.00008
Enterobacter chengduensis	2494701	S	115	99	214	0.00002
Enterobacter ludwigii	299767	S	112	319	431	0.00003
Enterobacter cloacae complex sp.	2027919	S	30	943	973	0.00007
Enterobacter sp. BIDMC 29	1329841	S	17	69	86	0.00001
Enterobacter sp. BIDMC100	1686399	S	17	208	225	0.00002
Enterobacter chuandaensis	2497875	S	79	64	143	0.00001
Enterobacter kobei	208224	S	54	774	828	0.00006
Enterobacter sichuanensis	2071710	S	43	46	89	0.00001
Enterobacter sp. SA187	1914861	S	226	52	278	0.00002
Enterobacter sp. JUb54	2724468	S	209	55	264	0.00002
Enterobacter sp. E76	2596949	S	105	242	347	0.00003
Enterobacter sp. RHBSTW-00994	2742676	S	88	28	116	0.00001
Enterobacter sp. RHBSTW-00175	2742639	S	66	79	145	0.00001
Enterobacter sp. Colony194	2866201	S	57	74	131	0.00001
Enterobacter sp. JBIWA008	2831892	S	50	40	90	0.00001
Enterobacter sp. SGAir0187	2836161	S	38	51	89	0.00001
Enterobacter sp. SES19	2705458	S	30	33	63	0.00000
Enterobacter sp. JBIWA003	2831890	S	27	40	67	0.00000
Enterobacter sp. JBIWA005	2831891	S	19	41	60	0.00000
Enterobacter sp. E20	1560339	S	17	185	202	0.00002
Enterobacter sp. N18-03635	2500132	S	14	41	55	0.00000
Enterobacter sp. DNB-S2	2720029	S	13	71	84	0.00001
Enterobacter sp. HK169	1868135	S	10	53	63	0.00000
Enterobacter mori	539813	S	183	292	475	0.00004
Enterobacter huaxiensis	2494702	S	143	54	197	0.00001
Enterobacter bugandensis	881260	S	92	207	299	0.00002
Enterobacter soli	885040	S	89	30	119	0.00001
Enterobacter oligotrophicus	2478464	S	78	30	108	0.00001
Citrobacter freundii	546	S	251	1452	1703	0.00013
Citrobacter werkmanii	67827	S	69	219	288	0.00002
Citrobacter portucalensis	1639133	S	39	525	564	0.00004
Citrobacter braakii	57706	S	33	331	364	0.00003
Citrobacter freundii complex sp. CFNIH2	2066049	S	24	36	60	0.00000
Citrobacter sedlakii	67826	S	30	116	146	0.00001
Citrobacter sp. RHB25-C09	2742624	S	107	76	183	0.00001
Citrobacter sp. R56	1573676	S	103	51	154	0.00001
Citrobacter sp. BDA59-3	2781952	S	24	15	39	0.00000
Citrobacter rodentium	67825	S	217	0	217	0.00002
Citrobacter farmeri	67824	S	158	103	261	0.00002
Citrobacter amalonaticus	35703	S	140	874	1014	0.00008
Citrobacter koseri	545	S	87	153	240	0.00002
Citrobacter tructae	2562449	S	71	43	114	0.00001
Citrobacter pasteurii	1563222	S	50	54	104	0.00001
Citrobacter arsenatis	2546350	S	39	18	57	0.00000
Citrobacter cronae	1748967	S	13	133	146	0.00001
Cronobacter sakazakii	28141	S	339	325	664	0.00005
Cronobacter dublinensis	413497	S	299	134	433	0.00003
Cronobacter universalis	535744	S	194	170	364	0.00003
Cronobacter condimenti	1163710	S	179	64	243	0.00002
Cronobacter malonaticus	413503	S	111	137	248	0.00002
Cronobacter muytjensii	413501	S	37	170	207	0.00002
Cronobacter sp. JZ38	1906275	S	32	114	146	0.00001
Leclercia adecarboxylata	83655	S	518	1102	1620	0.00012
Leclercia sp. 29361	2714951	S	168	83	251	0.00002
Leclercia sp. J807	2681307	S	32	56	88	0.00001
Leclercia sp. 119287	2681308	S	32	114	146	0.00001
Leclercia sp. W6	2282310	S	27	60	87	0.00001
Leclercia sp. G3L	2898725	S	25	157	182	0.00001
Leclercia sp. W17	2282309	S	22	73	95	0.00001
Leclercia pneumoniae	2815358	S	130	78	208	0.00002
Kosakonia cowanii	208223	S	273	238	511	0.00004
Kosakonia sp. SMBL-WEM22	2725560	S	120	67	187	0.00001
Kosakonia sp. MUSA4	2067958	S	74	46	120	0.00001
Kosakonia sp. CCTCC M2018092	2492396	S	57	68	125	0.00001
Kosakonia sacchari	1158459	S	183	99	282	0.00002
Kosakonia radicincitans	283686	S	101	107	208	0.00002
Kosakonia pseudosacchari	1646340	S	93	61	154	0.00001
Kosakonia oryzae	497725	S	88	77	165	0.00001
Kosakonia arachidis	551989	S	66	22	88	0.00001
Salmonella enterica	28901	S	990	40940	41930	0.00311
Salmonella bongori	54736	S	105	34	139	0.00001
Pluralibacter gergoviae	61647	S	842	270	1112	0.00008
[Enterobacter] lignolyticus	1334193	S	346	123	469	0.00003
Cedecea neteri	158822	S	566	146	712	0.00005
Cedecea lapagei	158823	S	172	56	228	0.00002
Cedecea sp. FDAARGOS_727	2545798	S	155	39	194	0.00001
Escherichia coli	562	S	601	17664	18265	0.00135
Escherichia albertii	208962	S	112	193	305	0.00002
Escherichia fergusonii	564	S	63	126	189	0.00001
Escherichia marmotae	1499973	S	52	37	89	0.00001
Escherichia sp. E4742	2044467	S	46	38	84	0.00001
Lelliottia amnigena	61646	S	409	143	552	0.00004
Lelliottia sp. WB101	2153385	S	52	69	121	0.00001
Lelliottia sp. AC1	2067959	S	51	53	104	0.00001
Kluyvera ascorbata	51288	S	151	118	269	0.00002
Kluyvera intermedia	61648	S	119	112	231	0.00002
Kluyvera sp. CRP	2873269	S	28	69	97	0.00001
Kluyvera genomosp. 3	2774055	S	22	47	69	0.00001
Candidatus Symbiopectobacterium sp. SyEd1	2871826	S	129	19	148	0.00001
Blochmannia endosymbiont of Colobopsis nipponica	2681987	S	17	3	20	0.00000
Candidatus Blochmannia vicinus	251540	S	10	18	28	0.00000
secondary endosymbiont of Ctenarytaina eucalypti	1199245	S	33	1	34	0.00000
Candidatus Hamiltonella defensa	138072	S	30	3	33	0.00000
Candidatus Doolittlea endobia	1778262	S	20	1	21	0.00000
Candidatus Hoaglandella endobia	1778263	S	19	1	20	0.00000
Candidatus Mikella endobia	1778264	S	15	4	19	0.00000
secondary endosymbiont of Trabutina mannipara	1835721	S	12	4	16	0.00000
Candidatus Tachikawaea gelatinosa	1410383	S	10	2	12	0.00000
Jejubacter calystegiae	2579935	S	270	36	306	0.00002
Pseudescherichia vulneris	566	S	249	18	267	0.00002
Atlantibacter hermannii	565	S	241	64	305	0.00002
Buttiauxella agrestis	82977	S	96	23	119	0.00001
Buttiauxella ferragutiae	82989	S	23	80	103	0.00001
Buttiauxella sp. 3AFRM03	2479367	S	12	38	50	0.00000
Plesiomonas shigelloides	703	S	188	75	263	0.00002
Shimwellia blattae	563	S	180	45	225	0.00002
Yokenella regensburgei	158877	S	177	97	274	0.00002
Scandinavium goeteborgense	1851514	S	172	40	212	0.00002
Pseudocitrobacter sp. G163CM	2891570	S	149	47	196	0.00001
Phytobacter ursingii	1972431	S	91	149	240	0.00002
Phytobacter diazotrophicus	395631	S	18	143	161	0.00001
Phytobacter sp. SCO41	1756993	S	14	24	38	0.00000
Enterobacteriaceae endosymbiont of Donacia cincticornis	2675773	S	11	15	26	0.00000
Shigella flexneri	623	S	30	3906	3936	0.00029
Shigella boydii	621	S	10	224	234	0.00002
Candidatus Moranella endobia	1048758	S	42	0	42	0.00000
Candidatus Profftia tarda	1177216	S	10	0	10	0.00000
Candidatus Ishikawaella capsulata	168169	S	19	1	20	0.00000
Serratia marcescens	615	S	2107	4871	6978	0.00052
Serratia plymuthica	82996	S	548	309	857	0.00006
Serratia sp. ATCC 39006	104623	S	118	15	133	0.00001
Serratia sp. FDAARGOS_506	2420306	S	91	93	184	0.00001
Serratia sp. FGI94	671990	S	84	93	177	0.00001
Serratia sp. 1D1416	2447890	S	33	110	143	0.00001
Serratia sp. 3ACOL1	2448483	S	23	33	56	0.00000
Serratia sp. MYb239	2033438	S	22	183	205	0.00002
Serratia sp. P2ACOL2	2482769	S	17	52	69	0.00001
Serratia sp. FS14	1327989	S	16	78	94	0.00001
Serratia sp. JSRIV006	2831896	S	15	78	93	0.00001
Serratia sp. JUb9	2724469	S	11	86	97	0.00001
Serratia sp. SSNIH1	1758196	S	10	234	244	0.00002
Serratia rubidaea	61652	S	394	457	851	0.00006
Serratia entomophila	42906	S	346	98	444	0.00003
Serratia odorifera	618	S	249	50	299	0.00002
Serratia proteamaculans	28151	S	226	54	280	0.00002
Serratia fonticola	47917	S	196	174	370	0.00003
Serratia surfactantfaciens	2741499	S	189	111	300	0.00002
Serratia quinivorans	137545	S	148	59	207	0.00002
Serratia symbiotica	138074	S	125	24	149	0.00001
Serratia liquefaciens	614	S	107	142	249	0.00002
Serratia rhizosphaerae	2597702	S	92	88	180	0.00001
Serratia grimesii	82995	S	87	11	98	0.00001
Serratia inhibens	2338073	S	81	45	126	0.00001
Serratia ureilytica	300181	S	59	764	823	0.00006
Serratia ficaria	61651	S	32	145	177	0.00001
Yersinia pseudotuberculosis	633	S	26	112	138	0.00001
Yersinia pestis	632	S	25	2102	2127	0.00016
Yersinia similis	367190	S	18	3	21	0.00000
Yersinia enterocolitica	630	S	78	119	197	0.00001
Yersinia ruckeri	29486	S	67	15	82	0.00001
Yersinia entomophaga	935293	S	52	11	63	0.00000
Yersinia aleksiciae	263819	S	50	14	64	0.00000
Yersinia mollaretii	33060	S	47	11	58	0.00000
Yersinia kristensenii	28152	S	45	128	173	0.00001
Yersinia aldovae	29483	S	44	11	55	0.00000
Yersinia frederiksenii	29484	S	42	39	81	0.00001
Yersinia canariae	2607663	S	38	15	53	0.00000
Yersinia rohdei	29485	S	38	8	46	0.00000
Yersinia intermedia	631	S	12	39	51	0.00000
Rahnella aquatilis	34038	S	234	325	559	0.00004
Rahnella inusitata	58169	S	158	52	210	0.00002
Rahnella sp. ERMR1:05	1805933	S	156	27	183	0.00001
Rahnella victoriana	1510570	S	139	24	163	0.00001
Rahnella aceris	2703885	S	19	40	59	0.00000
Nissabacter sp. SGAir0207	2126321	S	628	116	744	0.00006
Gibbsiella quercinecans	929813	S	369	60	429	0.00003
Rouxiella badensis	1646377	S	238	26	264	0.00002
Ewingella americana	41202	S	212	36	248	0.00002
Chania multitudinisentens	1639108	S	115	15	130	0.00001
Candidatus Fukatsuia symbiotica	1878942	S	37	2	39	0.00000
Pantoea sp. Z09	2886821	S	492	187	679	0.00005
Pantoea sp. SO10	2575375	S	235	54	289	0.00002
Pantoea sp. MSR2	2052056	S	166	22	188	0.00001
Pantoea sp. At-9b	592316	S	132	31	163	0.00001
Pantoea sp. CCBC3-3-1	2490851	S	124	29	153	0.00001
Pantoea sp. SM3640	2787629	S	16	118	134	0.00001
Pantoea agglomerans	549	S	1065	375	1440	0.00011
Pantoea dispersa	59814	S	950	301	1251	0.00009
Pantoea ananatis	553	S	300	123	423	0.00003
Pantoea vagans	470934	S	278	494	772	0.00006
Pantoea deleyi	470932	S	273	75	348	0.00003
Pantoea stewartii	66269	S	177	54	231	0.00002
Pantoea alhagi	1891675	S	177	67	244	0.00002
Pantoea cypripedii	55209	S	172	11	183	0.00001
Pantoea rwandensis	1076550	S	105	27	132	0.00001
Pantoea eucalypti	470933	S	13	94	107	0.00001
Erwinia sp. E602	2675378	S	514	110	624	0.00005
Erwinia sp. J780	2681984	S	118	26	144	0.00001
Erwinia sp. QL-Z3	2547962	S	39	100	139	0.00001
Erwinia sp. Ejp617	215689	S	27	41	68	0.00001
Erwinia gerundensis	1619313	S	245	56	301	0.00002
Erwinia persicina	55211	S	176	42	218	0.00002
Erwinia rhapontici	55212	S	161	35	196	0.00001
Erwinia tasmaniensis	338565	S	136	33	169	0.00001
Erwinia amylovora	552	S	111	50	161	0.00001
Erwinia billingiae	182337	S	107	200	307	0.00002
Erwinia tracheiphila	65700	S	72	11	83	0.00001
[Pantoea] beijingensis	1324864	S	64	15	79	0.00001
Candidatus Erwinia haradaeae	1922217	S	56	1	57	0.00000
Erwinia pyrifoliae	79967	S	36	53	89	0.00001
Mixta gaviniae	665914	S	327	150	477	0.00004
Mixta calida	665913	S	291	193	484	0.00004
Mixta theicola	1458355	S	229	87	316	0.00002
Mixta intestinalis	1615494	S	165	55	220	0.00002
Mixta sp. X22927	2872648	S	159	104	263	0.00002
Buchnera aphidicola	9	S	167	28	195	0.00001
Tatumella ptyseos	82987	S	73	16	89	0.00001
Tatumella citrea	53336	S	59	11	70	0.00001
Wigglesworthia glossinidia	51229	S	15	1	16	0.00000
Dickeya dadantii	204038	S	374	315	689	0.00005
Dickeya chrysanthemi	556	S	249	42	291	0.00002
Dickeya zeae	204042	S	227	339	566	0.00004
Dickeya dianthicola	204039	S	219	121	340	0.00003
Dickeya fangzhongdai	1778540	S	107	591	698	0.00005
Dickeya solani	1089444	S	105	72	177	0.00001
Dickeya poaceiphila	568768	S	96	21	117	0.00001
Dickeya sp. NCPPB 3274	568766	S	59	55	114	0.00001
Dickeya oryzae	1240404	S	11	30	41	0.00000
Pectobacterium carotovorum	554	S	209	467	676	0.00005
Pectobacterium brasiliense	180957	S	151	183	334	0.00002
Pectobacterium sp. LJ1	2878098	S	56	19	75	0.00001
Pectobacterium sp. PL64	2738983	S	33	25	58	0.00000
Pectobacterium parmentieri	1905730	S	81	29	110	0.00001
Pectobacterium atrosepticum	29471	S	68	25	93	0.00001
Pectobacterium polaris	2042057	S	64	48	112	0.00001
Pectobacterium odoriferum	78398	S	58	44	102	0.00001
Pectobacterium punjabense	2108399	S	49	13	62	0.00000
Pectobacterium wasabiae	55208	S	48	16	64	0.00000
Pectobacterium quasiaquaticum	2774015	S	30	30	60	0.00000
Pectobacterium versatile	2488639	S	26	59	85	0.00001
Pectobacterium aroidearum	1201031	S	21	33	54	0.00000
Pectobacterium parvum	2778550	S	14	22	36	0.00000
Brenneria izadpanahii	2722756	S	306	292	598	0.00004
Brenneria goodwinii	1109412	S	204	187	391	0.00003
Brenneria rubrifaciens	55213	S	184	72	256	0.00002
Lonsdalea populi	1172565	S	226	76	302	0.00002
Lonsdalea britannica	1082704	S	207	64	271	0.00002
Musicola paradisiaca	69223	S	285	0	285	0.00002
Edwardsiella tarda	636	S	363	283	646	0.00005
Edwardsiella hoshinae	93378	S	236	66	302	0.00002
Edwardsiella ictaluri	67780	S	170	114	284	0.00002
Edwardsiella piscicida	1263550	S	55	851	906	0.00007
Hafnia alvei	569	S	80	122	202	0.00002
Hafnia paralvei	546367	S	45	22	67	0.00001
Obesumbacterium proteus	82983	S	26	26	52	0.00000
Morganella morganii	582	S	424	557	981	0.00007
Providencia rettgeri	587	S	130	221	351	0.00003
Providencia alcalifaciens	126385	S	49	25	74	0.00001
Providencia heimbachae	333962	S	22	10	32	0.00000
Providencia sp. R33	2828763	S	20	4	24	0.00000
Providencia rustigianii	158850	S	19	8	27	0.00000
Providencia stuartii	588	S	12	77	89	0.00001
Xenorhabdus bovienii	40576	S	82	17	99	0.00001
Xenorhabdus doucetiae	351671	S	66	11	77	0.00001
Xenorhabdus nematophila	628	S	38	6	44	0.00000
Xenorhabdus poinarii	40577	S	31	6	37	0.00000
Xenorhabdus hominickii	351679	S	26	4	30	0.00000
Xenorhabdus budapestensis	290110	S	24	3	27	0.00000
Photorhabdus thracensis	230089	S	104	24	128	0.00001
Photorhabdus akhurstii	171438	S	32	8	40	0.00000
Photorhabdus asymbiotica	291112	S	30	4	34	0.00000
Photorhabdus laumondii	2218628	S	23	6	29	0.00000
Proteus mirabilis	584	S	58	169	227	0.00002
Proteus vulgaris	585	S	30	46	76	0.00001
Proteus terrae	1574161	S	12	146	158	0.00001
Proteus hauseri	183417	S	10	1	11	0.00000
Arsenophonus endosymbiont of Aphis craccivora	1231049	S	17	9	26	0.00000
Moellerella wisconsensis	158849	S	25	23	48	0.00000
Sodalis sp. dw_23	2697027	S	409	33	442	0.00003
Sodalis endosymbiont of Henestaris halophilus	1929246	S	13	0	13	0.00000
Sodalis praecaptivus	1239307	S	203	148	351	0.00003
Sodalis glossinidius	63612	S	190	31	221	0.00002
Candidatus Sodalis pierantonius	1486991	S	77	59	136	0.00001
Leminorella richardii	158841	S	126	20	146	0.00001
Pragia fontium	82985	S	48	8	56	0.00000
Limnobaculum parvum	2172103	S	30	5	35	0.00000
Jinshanibacter zhutongyuii	2498113	S	25	4	29	0.00000
Thioalkalivibrio sulfidiphilus	1033854	S	2017	1422	3439	0.00025
Thioalkalivibrio paradoxus	108010	S	1941	652	2593	0.00019
Thioalkalivibrio nitratireducens	186931	S	1854	563	2417	0.00018
Thioalkalivibrio sp. K90mix	396595	S	1457	216	1673	0.00012
Thioalkalivibrio versutus	106634	S	1436	222	1658	0.00012
Spiribacter sp. E85	2182432	S	4085	455	4540	0.00034
Spiribacter sp. 2438	2666185	S	808	90	898	0.00007
Spiribacter curvatus	1335757	S	963	63	1026	0.00008
Spiribacter salinus	1335746	S	608	54	662	0.00005
Acidihalobacter aeolianus	2792603	S	1611	249	1860	0.00014
Acidihalobacter ferrooxydans	1765967	S	1312	157	1469	0.00011
Acidihalobacter yilgarnensis	2819280	S	926	67	993	0.00007
Halorhodospira halophila	1053	S	1830	250	2080	0.00015
Halorhodospira halochloris	1052	S	339	18	357	0.00003
Alkalilimnicola ehrlichii	351052	S	1858	285	2143	0.00016
Aquisalimonas sp. 2447	2740807	S	1803	149	1952	0.00014
Ectothiorhodospira haloalkaliphila	421628	S	662	261	923	0.00007
Ectothiorhodospira sp. BSL-9	1442136	S	639	238	877	0.00007
Ectothiorhodosinus mongolicus	233100	S	255	20	275	0.00002
Candidatus Thiodictyon syntrophicum	1166950	S	3274	210	3484	0.00026
Allochromatium tepidum	553982	S	1353	767	2120	0.00016
Allochromatium vinosum	1049	S	1318	601	1919	0.00014
Thioflavicoccus mobilis	80679	S	3093	343	3436	0.00025
Marichromatium purpuratum	37487	S	2766	643	3409	0.00025
Thiocapsa bogorovii	521689	S	2266	144	2410	0.00018
Thiocystis violascens	73141	S	1684	172	1856	0.00014
Thermochromatium tepidum	1050	S	1059	292	1351	0.00010
Nitrosococcus wardiae	1814290	S	272	35	307	0.00002
Nitrosococcus halophilus	133539	S	225	30	255	0.00002
Nitrosococcus watsonii	473531	S	159	40	199	0.00001
Nitrosococcus oceani	1229	S	143	33	176	0.00001
Caldichromatium japonicum	2699430	S	856	117	973	0.00007
Rheinheimera sp. F8	1763998	S	115	9	124	0.00001
Rheinheimera sp. D18	2545632	S	34	37	71	0.00001
Rheinheimera mangrovi	2498451	S	56	8	64	0.00000
Candidatus Nitrosoglobus terrae	1630141	S	35	2	37	0.00000
Candidatus Nitrosacidococcus tergens	553981	S	34	2	36	0.00000
Wenzhouxiangella marina	1579979	S	2058	166	2224	0.00016
Wenzhouxiangella sp. AB-CW3	2771012	S	1216	68	1284	0.00010
Thiohalobacter sp. COW1	2795687	S	464	1056	1520	0.00011
Thiohalobacter thiocyanaticus	585455	S	356	1003	1359	0.00010
Guyparkeria halophila	47960	S	1869	565	2434	0.00018
Sulfurivermis fontis	1972068	S	1687	777	2464	0.00018
Halothiobacillus sp. LS2	1860122	S	851	89	940	0.00007
Halothiobacillus neapolitanus	927	S	285	36	321	0.00002
Woeseia oceani	1548547	S	1064	22	1086	0.00008
Granulosicoccus antarcticus	437505	S	378	8	386	0.00003
Sulfuriflexus mobilis	1811807	S	368	13	381	0.00003
Halomonas sp. THAF5a	2587844	S	1468	637	2105	0.00016
Halomonas sp. JS92-SW72	2306583	S	1401	1531	2932	0.00022
Halomonas sp. 1513	1883416	S	1289	322	1611	0.00012
Halomonas sp. HG01	1609967	S	1084	486	1570	0.00012
Halomonas sp. YLGW01	2773308	S	1058	208	1266	0.00009
Halomonas sp. THAF12	2587849	S	1024	665	1689	0.00013
Halomonas sp. MCCC 1A13316	2733487	S	1006	151	1157	0.00009
Halomonas sp. PGE1	2730360	S	723	997	1720	0.00013
Halomonas sp. Y2R2	2562282	S	323	20	343	0.00003
Halomonas sp. A40-4	2785909	S	300	90	390	0.00003
Halomonas sp. SH5A2	2749040	S	228	44	272	0.00002
Halomonas sp. KO116	1504981	S	198	91	289	0.00002
Halomonas sp. R57-5	1610576	S	195	86	281	0.00002
Halomonas sp. 18071143	2855441	S	158	378	536	0.00004
Halomonas sp. FeN2	2832500	S	157	72	229	0.00002
Halomonas sp. SS10-MC5	2854257	S	150	1402	1552	0.00012
Halomonas sp. GFAJ-1	1118153	S	101	21	122	0.00001
Halomonas sp. SF2003	2136172	S	101	463	564	0.00004
Halomonas sp. NyZ770	2883106	S	70	313	383	0.00003
Halomonas sp. HL-93	1666906	S	69	417	486	0.00004
Halomonas sp. TD01	999141	S	59	32	91	0.00001
Halomonas sp. hl-4	1761789	S	58	339	397	0.00003
Halomonas sp. GT	1971364	S	39	28	67	0.00001
Halomonas sp. N3-2A	2014541	S	38	50	88	0.00001
Halomonas sp. A3H3	1346287	S	24	667	691	0.00005
Halomonas beimenensis	475662	S	1754	402	2156	0.00016
Halomonas aestuarii	1897729	S	1296	313	1609	0.00012
Halomonas socia	1081866	S	1160	250	1410	0.00010
Halomonas tianxiuensis	2497861	S	1094	268	1362	0.00010
Halomonas sulfidivorans	2733488	S	1030	239	1269	0.00009
Halomonas elongata	2746	S	982	118	1100	0.00008
Halomonas chromatireducens	507626	S	774	71	845	0.00006
Halomonas subglaciescola	29571	S	569	73	642	0.00005
Halomonas meridiana	29570	S	487	448	935	0.00007
Halomonas huangheensis	1178482	S	408	27	435	0.00003
Halomonas piezotolerans	2609667	S	303	182	485	0.00004
Halomonas profundi	2852117	S	175	28	203	0.00002
Halomonas sulfidoxydans	2733484	S	142	1306	1448	0.00011
Halomonas titanicae	664683	S	96	511	607	0.00005
Halomonas hydrothermalis	115561	S	89	275	364	0.00003
Halomonas venusta	44935	S	85	113	198	0.00001
Halomonas campaniensis	213554	S	27	133	160	0.00001
Cobetia sp. L2A1	2686360	S	301	42	343	0.00003
Cobetia sp. cqz5-12	2609415	S	225	316	541	0.00004
Cobetia sp. 4B	2758724	S	111	486	597	0.00004
Cobetia sp. AM6	2661553	S	66	378	444	0.00003
Cobetia pacifica	1055101	S	112	335	447	0.00003
Cobetia amphilecti	1055104	S	80	498	578	0.00004
Cobetia marina	28258	S	15	194	209	0.00002
Halotalea alkalilenta	376489	S	1557	368	1925	0.00014
Salinicola tamaricis	1771309	S	1418	193	1611	0.00012
Kushneria phosphatilytica	657387	S	422	19	441	0.00003
Kushneria konosiri	698828	S	378	83	461	0.00003
Kushneria marisflavi	157779	S	335	71	406	0.00003
Chromohalobacter salexigens	158080	S	1022	132	1154	0.00009
Pistricoccus aurantiacus	1883414	S	818	65	883	0.00007
Zymobacter palmae	33074	S	185	29	214	0.00002
Candidatus Portiera aleyrodidarum	91844	S	29	4	33	0.00000
Alcanivorax sp. N3-2A	2014542	S	1202	1599	2801	0.00021
Alcanivorax sp. NBRC 101098	1113728	S	13	165	178	0.00001
Alcanivorax pacificus	1306787	S	923	402	1325	0.00010
Alcanivorax dieselolei	285091	S	551	167	718	0.00005
Alcanivorax xenomutans	1094342	S	532	291	823	0.00006
Alcanivorax borkumensis	59754	S	12	145	157	0.00001
Ketobacter alkanivorans	1917421	S	189	18	207	0.00002
Marinobacterium aestuarii	1821621	S	682	63	745	0.00006
Marinobacterium sediminicola	518898	S	280	51	331	0.00002
Marinobacterium georgiense	48076	S	262	104	366	0.00003
Marinobacterium sp. LSUCC0821	2668067	S	49	4	53	0.00000
Marinomonas sp. CT5	2066133	S	29	3	32	0.00000
Marinomonas sp. A3A	2065312	S	24	4	28	0.00000
Marinomonas sp. FW-1	2071621	S	13	4	17	0.00000
Marinomonas primoryensis	178399	S	62	10	72	0.00001
Marinomonas mediterranea	119864	S	47	5	52	0.00000
Marinomonas profundi	2726122	S	44	16	60	0.00000
Marinomonas arctica	383750	S	42	12	54	0.00000
Marinomonas foliarum	491950	S	35	15	50	0.00000
Marinomonas algicola	2773454	S	30	7	37	0.00000
Marinomonas posidonica	936476	S	28	4	32	0.00000
Venatorbacter cucullus	2661630	S	192	58	250	0.00002
Thalassolituus sp. C2-1	2597518	S	141	12	153	0.00001
Thalassolituus oleivorans	187493	S	49	16	65	0.00000
Bacterioplanes sanyensis	1249553	S	175	12	187	0.00001
Neptunomonas phycophila	1572645	S	53	6	59	0.00000
Neptunomonas japonica	417574	S	35	3	38	0.00000
Neptunomonas concharum	1031538	S	31	3	34	0.00000
Nitrincola iocasae	2614693	S	79	16	95	0.00001
Amphritea japonica	452627	S	56	5	61	0.00000
Bermanella marisrubri	207949	S	38	2	40	0.00000
Hahella sp. KA22	1628392	S	382	72	454	0.00003
Hahella chejuensis	158327	S	367	60	427	0.00003
Saccharospirillum mangrovi	2161747	S	461	33	494	0.00004
Reinekea forsetii	1336806	S	214	13	227	0.00002
Gynuella sunshinyii	1445505	S	123	4	127	0.00001
Litoricola lipolytica	418701	S	296	17	313	0.00002
Spartinivicinus ruber	2683272	S	237	9	246	0.00002
Oleiphilus messinensis	141451	S	102	9	111	0.00001
Endozoicomonas montiporae	1027273	S	92	6	98	0.00001
Methylococcus sp. EFPC2	2812648	S	1756	147	1903	0.00014
Methylococcus sp. Mc7	2860258	S	1547	522	2069	0.00015
Methylococcus capsulatus	414	S	1547	390	1937	0.00014
Methylococcus geothermalis	2681310	S	1240	366	1606	0.00012
Methylomonas sp. LL1	2785785	S	483	25	508	0.00004
Methylomonas sp. LW13	107637	S	221	105	326	0.00002
Methylomonas sp. EFPC1	2812647	S	198	100	298	0.00002
Methylomonas sp. DH-1	1727196	S	167	295	462	0.00003
Methylomonas koyamae	702114	S	463	442	905	0.00007
Methylomonas rhizoryzae	2608981	S	433	20	453	0.00003
Methylomonas denitrificans	1538553	S	393	29	422	0.00003
Methylomonas methanica	421	S	352	20	372	0.00003
Methylomonas paludis	1173101	S	127	7	134	0.00001
Methylomagnum ishizawai	1760988	S	1847	97	1944	0.00014
Methylocaldum marinum	1432792	S	1773	123	1896	0.00014
Methylogaea oryzae	1295382	S	1631	149	1780	0.00013
Methylomicrobium album	39775	S	1273	64	1337	0.00010
Methylomicrobium sp. wino1	2049332	S	280	239	519	0.00004
Candidatus Methylospira mobilis	1808979	S	669	33	702	0.00005
Methylotuvimicrobium buryatense	95641	S	161	190	351	0.00003
Methylotuvimicrobium alcaliphilum	271065	S	116	160	276	0.00002
Methylovulum psychrotolerans	1704499	S	206	6	212	0.00002
Methylobacter sp. S3L5C	2839024	S	96	7	103	0.00001
Aeromonas hydrophila	644	S	1359	3741	5100	0.00038
Aeromonas sp. FDAARGOS 1415	2778064	S	277	181	458	0.00003
Aeromonas sp. CA23	2033032	S	196	99	295	0.00002
Aeromonas sp. CU5	2033033	S	120	59	179	0.00001
Aeromonas sp. FDAARGOS 1409	2778058	S	111	185	296	0.00002
Aeromonas sp. FDAARGOS 1407	2778056	S	69	249	318	0.00002
Aeromonas sp. 1805	2560028	S	48	153	201	0.00001
Aeromonas sp. FDAARGOS 1405	2778054	S	44	84	128	0.00001
Aeromonas sp. FDAARGOS 1403	2778052	S	40	139	179	0.00001
Aeromonas sp. FDAARGOS 1410	2778059	S	35	96	131	0.00001
Aeromonas sp. ASNIH4	1636609	S	34	193	227	0.00002
Aeromonas sp. 2692-1	2560029	S	30	168	198	0.00001
Aeromonas sp. FDAARGOS 1408	2778057	S	26	173	199	0.00001
Aeromonas sp. ASNIH1	1636606	S	24	552	576	0.00004
Aeromonas sp. FDAARGOS 1419	2778068	S	22	73	95	0.00001
Aeromonas sp. FDAARGOS 1411	2778060	S	22	80	102	0.00001
Aeromonas sp. FDAARGOS 1404	2778053	S	21	87	108	0.00001
Aeromonas sp. WP2-W18-CRE-05	2675707	S	19	884	903	0.00007
Aeromonas sp. FDAARGOS 1417	2778066	S	19	63	82	0.00001
Aeromonas sp. ASNIH5	1758179	S	16	321	337	0.00002
Aeromonas sp. FDAARGOS 1414	2778063	S	16	58	74	0.00001
Aeromonas sp. FDAARGOS 1416	2778065	S	14	46	60	0.00000
Aeromonas sp. FDAARGOS 1406	2778055	S	12	135	147	0.00001
Aeromonas sp. ASNIH2	1636607	S	12	187	199	0.00001
Aeromonas sp. FDAARGOS 1402	2778051	S	11	137	148	0.00001
Aeromonas sp. FDAARGOS 1418	2778067	S	10	121	131	0.00001
Aeromonas veronii	654	S	994	2547	3541	0.00026
Aeromonas schubertii	652	S	746	260	1006	0.00007
Aeromonas media	651	S	701	1605	2306	0.00017
Aeromonas encheleia	73010	S	609	252	861	0.00006
Aeromonas salmonicida	645	S	578	963	1541	0.00011
Aeromonas simiae	218936	S	559	692	1251	0.00009
Aeromonas caviae	648	S	453	4300	4753	0.00035
Aeromonas rivuli	648794	S	358	120	478	0.00004
Aeromonas dhakensis	196024	S	349	795	1144	0.00008
Aeromonas enteropelogenes	29489	S	318	300	618	0.00005
Aeromonas jandaei	650	S	239	276	515	0.00004
Aeromonas sanarellii	633415	S	104	599	703	0.00005
Aeromonas allosaccharophila	656	S	69	125	194	0.00001
Aeromonas rivipollensis	948519	S	58	104	162	0.00001
Zobellella denitrificans	347534	S	1335	349	1684	0.00012
Oceanimonas sp. GK1	511062	S	600	141	741	0.00005
Dongshaea marina	2047966	S	181	21	202	0.00001
Oceanisphaera profunda	1416627	S	82	11	93	0.00001
Oceanisphaera avium	1903694	S	49	8	57	0.00000
Tolumonas auensis	43948	S	106	54	160	0.00001
Succinivibrio dextrinosolvens	83771	S	36	2	38	0.00000
Solimonas sp. K1W22B-7	2303331	S	6997	901	7898	0.00059
Flagellatimonas centrodinii	2806210	S	1967	172	2139	0.00016
Sinimarinibacterium sp. NLF-5-8	2698684	S	906	606	1512	0.00011
Steroidobacter denitrificans	465721	S	5412	1792	7204	0.00053
Sulfurifustis variabilis	1675686	S	8056	613	8669	0.00064
Sulfuricaulis limicola	1620215	S	2931	266	3197	0.00024
Acidiferrobacter sp. SPIII_3	1281578	S	916	262	1178	0.00009
Acidiferrobacter thiooxydans	163359	S	705	203	908	0.00007
Microbulbifer sp. YPW16	2904242	S	767	82	849	0.00006
Microbulbifer sp. SH-1	2681547	S	591	105	696	0.00005
Microbulbifer sp. YPW1	2745199	S	406	84	490	0.00004
Microbulbifer sp. ALW1	1516059	S	377	74	451	0.00003
Microbulbifer sp. THAF38	2587856	S	128	51	179	0.00001
Microbulbifer sp. A4B17	359370	S	121	32	153	0.00001
Microbulbifer sp. GL-2	2591606	S	106	21	127	0.00001
Microbulbifer aggregans	1769779	S	432	61	493	0.00004
Microbulbifer hydrolyticus	48074	S	404	88	492	0.00004
Microbulbifer celer	435905	S	399	58	457	0.00003
Microbulbifer elongatus	86173	S	358	69	427	0.00003
Microbulbifer thermotolerans	252514	S	349	25	374	0.00003
Microbulbifer agarilyticus	260552	S	203	26	229	0.00002
Microbulbifer variabilis	266805	S	93	40	133	0.00001
Cellvibrio sp. PSBB006	1987723	S	2357	85	2442	0.00018
Cellvibrio sp. KY-GH-1	2303332	S	220	23	243	0.00002
Cellvibrio sp. KY-YJ-3	454662	S	208	41	249	0.00002
Cellvibrio sp. PSBB023	1945512	S	172	22	194	0.00001
Cellvibrio japonicus	155077	S	250	18	268	0.00002
Simiduia agarivorans	447471	S	390	23	413	0.00003
Teredinibacter turnerae	2426	S	209	10	219	0.00002
Teredinibacter haidensis	2731755	S	111	10	121	0.00001
Teredinibacter purpureus	2731756	S	55	3	58	0.00000
Marinagarivorans sp. GE09	2721545	S	85	8	93	0.00001
Saccharophagus degradans	86304	S	58	2	60	0.00000
Agarilytica rhodophyticola	1737490	S	40	1	41	0.00000
Kineobactrum salinum	2708301	S	1045	46	1091	0.00008
Halioglobus japonicus	930805	S	394	18	412	0.00003
Halioglobus maricola	2601894	S	326	12	338	0.00003
Congregibacter litoralis	393662	S	366	164	530	0.00004
Aequoribacter fuscus	2518989	S	80	11	91	0.00001
Spongiibacter taiwanensis	1748242	S	294	13	307	0.00002
Spongiibacter nanhainus	2794344	S	280	29	309	0.00002
Spongiibacter sp. IMCC21906	1620392	S	95	25	120	0.00001
Zhongshania aliphaticivorans	1470434	S	127	9	136	0.00001
Oceanicoccus sagamiensis	716816	S	79	1	80	0.00001
Shewanella sp. FJAT-53764	2864207	S	77	125	202	0.00001
Shewanella sp. FJAT-53555	2864204	S	68	62	130	0.00001
Shewanella sp. FJAT-54031	2864209	S	53	83	136	0.00001
Shewanella sp. FJAT-51860	2864212	S	51	8	59	0.00000
Shewanella sp. Pdp11	2059264	S	43	137	180	0.00001
Shewanella sp. FJAT-53532	2864203	S	43	76	119	0.00001
Shewanella sp. FJAT-52072	2864213	S	41	55	96	0.00001
Shewanella sp. FJAT-53681	2864205	S	35	58	93	0.00001
Shewanella sp. SNU WT4	2590015	S	34	9	43	0.00000
Shewanella sp. Scap07	2589987	S	33	4	37	0.00000
Shewanella sp. FJAT-52076	2864202	S	32	45	77	0.00001
Shewanella sp. FJAT-51649	2864210	S	29	46	75	0.00001
Shewanella sp. WE21	2029986	S	29	16	45	0.00000
Shewanella sp. FJAT-53870	2864208	S	26	4	30	0.00000
Shewanella sp. Arc9-LZ	2698686	S	21	9	30	0.00000
Shewanella sp. KX20019	2803864	S	21	2	23	0.00000
Shewanella sp. FJAT-53749	2864206	S	20	4	24	0.00000
Shewanella sp. FJAT-51754	2864211	S	19	29	48	0.00000
Shewanella sp. MR-4	60480	S	17	19	36	0.00000
Shewanella sp. ANA-3	94122	S	12	34	46	0.00000
Shewanella sp. OM3-2	2908650	S	11	1	12	0.00000
Shewanella algae	38313	S	209	204	413	0.00003
Shewanella cyperi	2814292	S	183	111	294	0.00002
Shewanella khirikhana	1965282	S	176	31	207	0.00002
Shewanella sedimentimangrovi	2814293	S	118	99	217	0.00002
Shewanella marisflavi	260364	S	114	24	138	0.00001
Shewanella litorisediminis	1173586	S	107	29	136	0.00001
Shewanella amazonensis	60478	S	99	28	127	0.00001
Shewanella putrefaciens	24	S	87	326	413	0.00003
Shewanella baltica	62322	S	84	86	170	0.00001
Shewanella sediminis	271097	S	80	11	91	0.00001
Shewanella avicenniae	2814294	S	73	13	86	0.00001
Shewanella benthica	43661	S	61	14	75	0.00001
Shewanella yunxiaonensis	2829809	S	59	10	69	0.00001
Shewanella dokdonensis	712036	S	54	6	60	0.00000
Shewanella pealeana	70864	S	48	9	57	0.00000
Shewanella loihica	359303	S	48	91	139	0.00001
Shewanella denitrificans	192073	S	42	7	49	0.00000
Shewanella oneidensis	70863	S	40	13	53	0.00000
Shewanella psychropiezotolerans	2593655	S	38	7	45	0.00000
Shewanella woodyi	60961	S	37	4	41	0.00000
Shewanella chilikensis	558541	S	36	121	157	0.00001
Shewanella psychrophila	225848	S	35	5	40	0.00000
Shewanella halifaxensis	271098	S	35	5	40	0.00000
Shewanella carassii	1987584	S	33	40	73	0.00001
Shewanella psychromarinicola	2487742	S	32	5	37	0.00000
Shewanella maritima	2520507	S	30	3	33	0.00000
Shewanella xiamenensis	332186	S	29	172	201	0.00001
Shewanella glacialimarina	2590884	S	28	4	32	0.00000
Shewanella indica	768528	S	27	42	69	0.00001
Shewanella violacea	60217	S	26	5	31	0.00000
Shewanella decolorationis	256839	S	21	27	48	0.00000
Shewanella inventionis	1738770	S	20	9	29	0.00000
Shewanella vesiculosa	518738	S	18	5	23	0.00000
Shewanella piezotolerans	404011	S	18	2	20	0.00000
Shewanella livingstonensis	150120	S	18	4	22	0.00000
Shewanella aestuarii	1028752	S	17	7	24	0.00000
Shewanella frigidimarina	56812	S	15	8	23	0.00000
Shewanella donghaensis	238836	S	15	2	17	0.00000
Shewanella bicestrii	2018305	S	11	51	62	0.00000
Parashewanella spongiae	342950	S	15	1	16	0.00000
Parashewanella tropica	2547970	S	15	1	16	0.00000
Alteromonas sp. RKMC-009	2267264	S	89	24	113	0.00001
Alteromonas sp. 76-1	2358187	S	26	22	48	0.00000
Alteromonas sp. BL110	1714845	S	22	29	51	0.00000
Alteromonas macleodii	28108	S	122	45	167	0.00001
Alteromonas pelagimontana	1858656	S	63	9	72	0.00001
Alteromonas mediterranea	314275	S	61	82	143	0.00001
Alteromonas australica	589873	S	41	60	101	0.00001
Alteromonas naphthalenivorans	715451	S	15	7	22	0.00000
Salinimonas marina	2785918	S	99	11	110	0.00001
Salinimonas lutimaris	914153	S	79	16	95	0.00001
Salinimonas sediminis	2303538	S	67	17	84	0.00001
Salinimonas iocasae	2572577	S	34	7	41	0.00000
Hydrocarboniclastica marina	2259620	S	524	89	613	0.00005
Saliniradius amylolyticus	2183582	S	145	15	160	0.00001
Agarivorans sp. TSD2052	2937286	S	32	4	36	0.00000
Agarivorans sp. B2Z047	2652721	S	16	11	27	0.00000
Agarivorans gilvus	680279	S	43	4	47	0.00000
Agarivorans aestuarii	1563703	S	17	5	22	0.00000
Agarivorans albus	182262	S	11	8	19	0.00000
Lacimicrobium alkaliphilum	1526571	S	125	10	135	0.00001
Paraglaciecola sp. L1A13	2686359	S	26	3	29	0.00000
Paraglaciecola sp. L3A3	2686358	S	15	1	16	0.00000
Paraglaciecola mesophila	197222	S	27	3	30	0.00000
Paraglaciecola psychrophila	326544	S	22	2	24	0.00000
Glaciecola nitratireducens	300231	S	68	5	73	0.00001
Paraneptunicella aestuarii	2831148	S	53	3	56	0.00000
Catenovulum sediminis	1740262	S	24	2	26	0.00000
Saccharobesus litoralis	2172099	S	20	1	21	0.00000
Pseudoalteromonas sp. R3	1709477	S	66	10	76	0.00001
Pseudoalteromonas sp. A25	116092	S	18	2	20	0.00000
Pseudoalteromonas sp. THAF3	2587843	S	14	11	25	0.00000
Pseudoalteromonas sp. GCY	2003316	S	11	15	26	0.00000
Pseudoalteromonas sp. KAN5	2916633	S	10	27	37	0.00000
Pseudoalteromonas sp. DL-6	1390185	S	10	17	27	0.00000
Pseudoalteromonas rubra	43658	S	154	17	171	0.00001
Pseudoalteromonas viridis	339617	S	77	22	99	0.00001
Pseudoalteromonas luteoviolacea	43657	S	71	10	81	0.00001
Pseudoalteromonas shioyasakiensis	1190813	S	52	22	74	0.00001
Pseudoalteromonas piscicida	43662	S	49	33	82	0.00001
Pseudoalteromonas mariniglutinosa	206042	S	31	39	70	0.00001
Pseudoalteromonas spongiae	298657	S	28	6	34	0.00000
Pseudoalteromonas xiamenensis	882626	S	27	3	30	0.00000
Pseudoalteromonas ruthenica	151081	S	27	20	47	0.00000
Pseudoalteromonas translucida	166935	S	25	61	86	0.00001
Pseudoalteromonas ulvae	107327	S	23	1	24	0.00000
Pseudoalteromonas agarivorans	176102	S	22	35	57	0.00000
Pseudoalteromonas piratica	1348114	S	21	3	24	0.00000
Pseudoalteromonas tunicata	314281	S	20	2	22	0.00000
Pseudoalteromonas carrageenovora	227	S	16	4	20	0.00000
Pseudoalteromonas phenolica	161398	S	16	2	18	0.00000
Pseudoalteromonas espejiana	28107	S	13	2	15	0.00000
Pseudoalteromonas aliena	247523	S	12	4	16	0.00000
Pseudoalteromonas prydzensis	182141	S	12	1	13	0.00000
Pseudoalteromonas donghaensis	621376	S	12	70	82	0.00001
Pseudoalteromonas tetraodonis	43659	S	10	48	58	0.00000
Psychrosphaera ytuae	2820710	S	27	7	34	0.00000
Flocculibacter collagenilyticus	2744479	S	21	2	23	0.00000
Ferrimonas balearica	44012	S	521	74	595	0.00004
Ferrimonas lipolytica	2724191	S	78	12	90	0.00001
Idiomarina sp. OT37-5b	2100422	S	101	28	129	0.00001
Idiomarina sp. X4	2055892	S	30	18	48	0.00000
Idiomarina abyssalis	86102	S	53	8	61	0.00000
Idiomarina loihiensis	135577	S	53	0	53	0.00000
Idiomarina piscisalsi	1096243	S	26	15	41	0.00000
Thalassotalea sp. PS06	2594005	S	50	4	54	0.00000
Thalassotalea sp. LPB0316	2769490	S	27	7	34	0.00000
Thalassotalea sp. HSM 43	2552945	S	19	1	20	0.00000
Colwellia sp. Arc7-635	2497879	S	22	3	25	0.00000
Colwellia sp. Arc7-D	2161872	S	19	2	21	0.00000
Colwellia sp. 20A7	2689569	S	13	1	14	0.00000
Colwellia sp. MT41	58049	S	12	1	13	0.00000
Colwellia sp. PAMC 20917	1816218	S	12	1	13	0.00000
Colwellia psychrerythraea	28229	S	21	2	23	0.00000
Cognaticolwellia beringensis	1967665	S	12	1	13	0.00000
Litorilituus sediminis	718192	S	11	0	11	0.00000
Moritella yayanosii	69539	S	35	16	51	0.00000
Moritella marina	90736	S	13	5	18	0.00000
Psychromonas ingrahamii	357794	S	59	11	70	0.00001
Psychromonas sp. CNPT3	314282	S	10	3	13	0.00000
Vibrio parahaemolyticus	670	S	150	1362	1512	0.00011
Vibrio harveyi	669	S	54	15	69	0.00001
Vibrio alginolyticus	663	S	51	73	124	0.00001
Vibrio owensii	696485	S	47	24	71	0.00001
Vibrio diabolicus	50719	S	29	25	54	0.00000
Vibrio campbellii	680	S	39	34	73	0.00001
Vibrio natriegens	691	S	27	23	50	0.00000
Vibrio rotiferianus	190895	S	27	10	37	0.00000
Vibrio azureus	512649	S	17	2	19	0.00000
Vibrio sp. OG9-811	2841925	S	114	20	134	0.00001
Vibrio sp. HDW18	2714948	S	51	9	60	0.00000
Vibrio sp. B1FLJ16	2751178	S	47	11	58	0.00000
Vibrio sp. THAF190c	2587865	S	39	6	45	0.00000
Vibrio sp. VB16	2785746	S	29	3	32	0.00000
Vibrio sp. SCSIO 43132	2779363	S	24	9	33	0.00000
Vibrio sp. SS-MA-C1-2	2908646	S	18	3	21	0.00000
Vibrio sp. Scap24	2589990	S	18	11	29	0.00000
Vibrio sp. ED004	2785124	S	15	9	24	0.00000
Vibrio sp. B1FIG11	2751177	S	12	20	32	0.00000
Vibrio furnissii	29494	S	230	86	316	0.00002
Vibrio fluvialis	676	S	218	42	260	0.00002
Vibrio vulnificus	672	S	199	48	247	0.00002
Vibrio sinaloensis	379097	S	67	10	77	0.00001
Vibrio tubiashii	29498	S	21	10	31	0.00000
Vibrio europaeus	300876	S	15	5	20	0.00000
Vibrio cholerae	666	S	105	1300	1405	0.00010
Vibrio navarrensis	29495	S	99	29	128	0.00001
Vibrio anguillarum	55601	S	82	16	98	0.00001
Vibrio mimicus	674	S	79	20	99	0.00001
Vibrio coralliilyticus	190893	S	72	25	97	0.00001
Vibrio cyclitrophicus	47951	S	50	13	63	0.00000
Vibrio tapetis	52443	S	48	4	52	0.00000
Vibrio metoecus	1481663	S	45	15	60	0.00000
Vibrio alfacsensis	1074311	S	44	24	68	0.00001
Vibrio nigripulchritudo	28173	S	42	8	50	0.00000
Vibrio splendidus	29497	S	41	12	53	0.00000
Vibrio mediterranei	689	S	40	4	44	0.00000
Vibrio neptunius	170651	S	40	6	46	0.00000
Vibrio ponticus	265668	S	40	3	43	0.00000
Vibrio breoganii	553239	S	38	4	42	0.00000
Vibrio astriarenae	1481923	S	37	5	42	0.00000
Vibrio penaeicida	104609	S	37	4	41	0.00000
Vibrio algicola	2662262	S	34	6	40	0.00000
Vibrio scophthalmi	45658	S	33	6	39	0.00000
Vibrio aquimaris	2587862	S	31	3	34	0.00000
Vibrio taketomensis	2572923	S	31	4	35	0.00000
Vibrio spartinae	1918945	S	30	3	33	0.00000
Vibrio maritimus	990268	S	30	3	33	0.00000
Vibrio crassostreae	246167	S	29	15	44	0.00000
Vibrio tritonius	1435069	S	27	3	30	0.00000
Vibrio gazogenes	687	S	27	3	30	0.00000
Vibrio panuliri	1381081	S	26	3	29	0.00000
Vibrio cidicii	1763883	S	25	9	34	0.00000
Vibrio zhugei	2479546	S	24	6	30	0.00000
Vibrio rumoiensis	76258	S	23	16	39	0.00000
Vibrio atlanticus	693153	S	22	5	27	0.00000
Vibrio chagasii	170679	S	22	4	26	0.00000
Vibrio bathopelagicus	2777577	S	21	5	26	0.00000
Vibrio metschnikovii	28172	S	21	4	25	0.00000
Vibrio cincinnatiensis	675	S	19	4	23	0.00000
Vibrio ziniensis	2711221	S	17	2	19	0.00000
Vibrio casei	673372	S	16	5	21	0.00000
Vibrio kanaloae	170673	S	16	4	20	0.00000
Vibrio aphrogenes	1891186	S	15	2	17	0.00000
Vibrio gigantis	296199	S	10	2	12	0.00000
Photobacterium damselae	38293	S	424	198	622	0.00005
Photobacterium sp. GJ3	2829502	S	140	22	162	0.00001
Photobacterium sp. TLY01	2907534	S	129	26	155	0.00001
Photobacterium ganghwense	320778	S	153	37	190	0.00001
Photobacterium gaetbulicola	1295392	S	136	14	150	0.00001
Photobacterium profundum	74109	S	29	4	33	0.00000
Salinivibrio kushneri	1908198	S	92	16	108	0.00001
Salinivibrio sp. YCSC6	2003370	S	26	55	81	0.00001
Salinivibrio costicola	51367	S	15	32	47	0.00000
Grimontia hollisae	673	S	92	13	105	0.00001
Thaumasiovibrio subtropicus	1891207	S	59	8	67	0.00000
Aliivibrio fischeri	668	S	15	8	23	0.00000
Paraphotobacterium marinum	1755811	S	11	2	13	0.00000
Acinetobacter baumannii	470	S	479	2675	3154	0.00023
Acinetobacter pittii	48296	S	50	66	116	0.00001
Acinetobacter seifertii	1530123	S	31	14	45	0.00000
Acinetobacter calcoaceticus	471	S	27	3	30	0.00000
Acinetobacter nosocomialis	106654	S	10	4	14	0.00000
Acinetobacter sp. WCHAc010034	1879049	S	177	86	263	0.00002
Acinetobacter sp. 10FS3-1	2563897	S	33	27	60	0.00000
Acinetobacter sp. LoGeW2-3	1808001	S	18	3	21	0.00000
Acinetobacter sp. WCHAc010052	2004647	S	17	10	27	0.00000
Acinetobacter sp. CS-2	2798861	S	15	9	24	0.00000
Acinetobacter sp. Marseille-Q1620	2714110	S	15	1	16	0.00000
Acinetobacter sp. TTH0-4	1646498	S	14	2	16	0.00000
Acinetobacter sp. TGL-Y2	1407071	S	14	1	15	0.00000
Acinetobacter sp. SH20PTE14	2905879	S	12	32	44	0.00000
Acinetobacter sp. SCLZS86	2908637	S	11	16	27	0.00000
Acinetobacter indicus	756892	S	134	140	274	0.00002
Acinetobacter johnsonii	40214	S	70	65	135	0.00001
Acinetobacter lwoffii	28090	S	47	58	105	0.00001
Acinetobacter haemolyticus	29430	S	40	24	64	0.00000
Acinetobacter soli	487316	S	37	4	41	0.00000
Acinetobacter bouvetii	202951	S	32	5	37	0.00000
Acinetobacter radioresistens	40216	S	31	4	35	0.00000
Acinetobacter schindleri	108981	S	27	30	57	0.00000
Acinetobacter junii	40215	S	25	11	36	0.00000
Acinetobacter wuhouensis	1879050	S	22	12	34	0.00000
Acinetobacter larvae	1789224	S	22	2	24	0.00000
Acinetobacter baylyi	202950	S	22	2	24	0.00000
Acinetobacter variabilis	70346	S	21	32	53	0.00000
Acinetobacter gyllenbergii	134534	S	16	1	17	0.00000
Acinetobacter cumulans	2136182	S	16	8	24	0.00000
Acinetobacter ursingii	108980	S	15	13	28	0.00000
Acinetobacter venetianus	52133	S	15	4	19	0.00000
Acinetobacter piscicola	2006115	S	15	11	26	0.00000
Acinetobacter guillouiae	106649	S	14	4	18	0.00000
Acinetobacter tandoii	202954	S	13	1	14	0.00000
Acinetobacter chinensis	2004650	S	12	8	20	0.00000
Acinetobacter bereziniae	106648	S	12	8	20	0.00000
Acinetobacter towneri	202956	S	11	28	39	0.00000
Acinetobacter wanghuae	2662362	S	11	1	12	0.00000
Acinetobacter defluvii	1871111	S	10	9	19	0.00000
Acinetobacter dispersus	70348	S	10	0	10	0.00000
Psychrobacter sp. DAB_AL43B	1028416	S	21	3	24	0.00000
Psychrobacter sp. WY6	2708350	S	20	17	37	0.00000
Psychrobacter sp. G	571800	S	12	42	54	0.00000
Psychrobacter sp. P11G3	1699623	S	12	5	17	0.00000
Psychrobacter sp. 28M-43	2772254	S	12	6	18	0.00000
Psychrobacter sp. KH172YL61	2517899	S	11	70	81	0.00001
Psychrobacter arenosus	256326	S	38	2	40	0.00000
Psychrobacter sanguinis	861445	S	21	7	28	0.00000
Psychrobacter urativorans	45610	S	20	3	23	0.00000
Psychrobacter arcticus	334543	S	15	4	19	0.00000
Psychrobacter cryohalolentis	330922	S	13	46	59	0.00000
Moraxella osloensis	34062	S	77	14	91	0.00001
Moraxella bovoculi	386891	S	27	43	70	0.00001
Moraxella bovis	476	S	26	7	33	0.00000
Moraxella cuniculi	34061	S	23	2	25	0.00000
Moraxella catarrhalis	480	S	19	4	23	0.00000
Moraxella nonliquefaciens	478	S	17	4	21	0.00000
Moraxella sp. ZY201115	2904121	S	15	1	16	0.00000
Aquirhabdus parva	2283318	S	67	3	70	0.00001
Immundisolibacter cernigliae	1810504	S	3090	693	3783	0.00028
Candidatus Endoriftia persephone	393765	S	901	50	951	0.00007
Candidatus Vesicomyosocius sp. SY067_SCS001	2732590	S	13	31	44	0.00000
Bathymodiolus septemdierum thioautotrophic gill symbiont	113267	S	20	3	23	0.00000
Bathymodiolus thermophilus thioautotrophic gill symbiont	2360	S	15	1	16	0.00000
Sedimenticola thiotaurini	1543721	S	560	27	587	0.00004
Candidatus Reidiella endopervernicosa	2738883	S	407	10	417	0.00003
Thiolapillus brandeum	1076588	S	389	11	400	0.00003
Pseudohongiella spirulinae	1249552	S	226	7	233	0.00002
Gallaecimonas mangrovi	2291597	S	126	11	137	0.00001
Ignatzschineria sp. HR5S32	2923279	S	41	4	45	0.00000
Celerinatantimonas diazotrophica	412034	S	38	3	41	0.00000
Candidatus Thioglobus autotrophicus	1705394	S	17	1	18	0.00000
Candidatus Thioglobus sp. NP1	2508687	S	13	2	15	0.00000
Candidatus Steffania adelgidicola	1076626	S	15	0	15	0.00000
Candidatus Pseudothioglobus singularis	1427364	S	10	3	13	0.00000
Thiomicrorhabdus xiamenensis	2739063	S	120	8	128	0.00001
Thiomicrorhabdus sediminis	2580412	S	46	2	48	0.00000
Thiomicrorhabdus aquaedulcis	2211106	S	38	2	40	0.00000
Thiomicrorhabdus indica	2267253	S	25	1	26	0.00000
Thiomicrorhabdus sp. Am19	2791037	S	22	1	23	0.00000
Methylophaga frappieri	754477	S	66	40	106	0.00001
Methylophaga nitratireducenticrescens	754476	S	51	13	64	0.00000
Methylophaga sp. TMB456	2881052	S	50	25	75	0.00001
Thiomicrospira sp. S5	1803865	S	55	48	103	0.00001
Thiomicrospira aerophila	92245	S	40	4	44	0.00000
Thiomicrospira microaerophila	406020	S	31	5	36	0.00000
Thiomicrospira cyclica	147268	S	27	2	29	0.00000
Hydrogenovibrio thermophilus	265883	S	70	60	130	0.00001
Hydrogenovibrio marinus	28885	S	29	1	30	0.00000
Hydrogenovibrio crunogenus	39765	S	27	1	28	0.00000
Piscirickettsia salmonis	1238	S	61	5	66	0.00000
Thiosulfatimonas sediminis	2675054	S	55	4	59	0.00000
Thiosulfativibrio zosterae	2675053	S	39	2	41	0.00000
Thiothrix litoralis	2891210	S	236	19	255	0.00002
Thiothrix subterranea	2735563	S	164	47	211	0.00002
Thiothrix sp. CT3	96472	S	158	55	213	0.00002
Candidatus Thiothrix anitrata	2823902	S	86	51	137	0.00001
Thiothrix unzii	111769	S	76	40	116	0.00001
Beggiatoa leptomitoformis	288004	S	78	2	80	0.00001
Francisella tularensis	263	S	27	25	52	0.00000
Francisella frigiditurris	1542390	S	17	2	19	0.00000
Francisella persica	954	S	15	3	18	0.00000
Allofrancisella guangzhouensis	594679	S	33	10	43	0.00000
Legionella sp. MW5194	2662448	S	107	21	128	0.00001
Legionella sp. PC997	2755562	S	29	7	36	0.00000
Legionella sp. PC1000	2746060	S	13	2	15	0.00000
Legionella geestiana	45065	S	138	13	151	0.00001
Legionella spiritensis	452	S	121	15	136	0.00001
Legionella pneumophila	446	S	102	24	126	0.00001
Legionella israelensis	454	S	62	3	65	0.00000
Legionella oakridgensis	29423	S	49	5	54	0.00000
Legionella sainthelensi	28087	S	46	8	54	0.00000
Legionella anisa	28082	S	35	9	44	0.00000
Legionella antarctica	2708020	S	30	1	31	0.00000
Legionella hackeliae	449	S	30	5	35	0.00000
Legionella fallonii	96230	S	28	2	30	0.00000
Legionella cherrii	28084	S	27	2	29	0.00000
Legionella jordanis	456	S	27	3	30	0.00000
Legionella clemsonensis	1867846	S	24	3	27	0.00000
Legionella lansingensis	45067	S	23	1	24	0.00000
Legionella waltersii	66969	S	20	3	23	0.00000
Legionella longbeachae	450	S	20	3	23	0.00000
Legionella adelaidensis	45056	S	15	1	16	0.00000
Fluoribacter dumoffii	463	S	34	4	38	0.00000
Tatlockia micdadei	451	S	23	1	24	0.00000
Aquicella siphonis	254247	S	198	87	285	0.00002
Aquicella lusitana	254246	S	128	59	187	0.00001
Coxiella burnetii	777	S	149	40	189	0.00001
Coxiella endosymbiont of Amblyomma sculptum	2487929	S	32	10	42	0.00000
Coxiella endosymbiont of Amblyomma nuttalli	2749996	S	29	3	32	0.00000
Candidatus Coxiella mudrowiae	2054173	S	26	2	28	0.00000
Rickettsiella endosymbiont of Dermanyssus gallinae	2856608	S	23	11	34	0.00000
Candidatus Rickettsiella viridis	676208	S	17	10	27	0.00000
Salinisphaera sp. LB1	2183911	S	1802	92	1894	0.00014
endosymbiont of unidentified scaly snail isolate Monju	1248727	S	1635	168	1803	0.00013
Isorropodon fossajaponicum symbiont	883811	S	11	1	12	0.00000
Pasteurella multocida	747	S	460	1444	1904	0.00014
Haemophilus parainfluenzae	729	S	57	23	80	0.00001
Haemophilus influenzae	727	S	23	25	48	0.00000
Haemophilus haemolyticus	726	S	21	14	35	0.00000
Haemophilus parahaemolyticus	735	S	13	3	16	0.00000
Haemophilus pittmaniae	249188	S	12	3	15	0.00000
[Haemophilus] ducreyi	730	S	10	6	16	0.00000
Actinobacillus sp. GY-402	2774188	S	56	33	89	0.00001
Actinobacillus pleuropneumoniae	715	S	31	55	86	0.00001
Actinobacillus suis	716	S	13	4	17	0.00000
Actinobacillus indolicus	51049	S	12	11	23	0.00000
Actinobacillus delphinicola	51161	S	10	2	12	0.00000
Aggregatibacter actinomycetemcomitans	714	S	62	18	80	0.00001
Aggregatibacter aphrophilus	732	S	34	28	62	0.00000
Mannheimia haemolytica	75985	S	34	102	136	0.00001
Mannheimia granulomatis	85402	S	24	4	28	0.00000
Mannheimia varigena	85404	S	24	13	37	0.00000
Avibacterium paragallinarum	728	S	16	6	22	0.00000
Avibacterium volantium	762	S	10	4	14	0.00000
Glaesserella sp. 15-184	2030797	S	20	7	27	0.00000
Glaesserella parasuis	738	S	18	11	29	0.00000
Rodentibacter haemolyticus	2778911	S	21	3	24	0.00000
Rodentibacter heylii	1906744	S	17	2	19	0.00000
Histophilus somni	731	S	20	7	27	0.00000
Bibersteinia trehalosi	47735	S	20	88	108	0.00001
Frederiksenia canicola	123824	S	19	5	24	0.00000
Gallibacterium anatis	750	S	15	5	20	0.00000
Otariodibacter oris	1032623	S	12	2	14	0.00000
Bisgaardia hudsonensis	109472	S	10	1	11	0.00000
Cardiobacterium hominis	2718	S	543	125	668	0.00005
Cardiobacterium sp. Marseille-Q4385	2866573	S	332	67	399	0.00003
Suttonella sp. R2A3	2908648	S	60	4	64	0.00000
Dichelobacter nodosus	870	S	42	14	56	0.00000
Kangiella koreensis	261964	S	64	14	78	0.00001
Kangiella sediminilitoris	1144748	S	43	5	48	0.00000
Kangiella profundi	1561924	S	43	14	57	0.00000
Kangiella geojedonensis	914150	S	25	3	28	0.00000
Gilliamella sp. ESL0405	2704653	S	14	4	18	0.00000
Gilliamella sp. ESL0443	2704655	S	10	4	14	0.00000
Gilliamella apicola	1196095	S	14	4	18	0.00000
Zophobihabitans entericus	1635327	S	11	1	12	0.00000
Archangium violaceum	83451	S	43536	6741	50277	0.00373
Archangium gephyra	48	S	26469	4474	30943	0.00229
Cystobacter fuscus	43	S	10601	2312	12913	0.00096
Stigmatella aurantiaca	41	S	8689	669	9358	0.00069
Melittangium boletus	83453	S	6899	1396	8295	0.00061
Myxococcus xanthus	34	S	9362	50833	60195	0.00446
Myxococcus hansupus	1297742	S	5274	448	5722	0.00042
Myxococcus stipitatus	83455	S	4507	478	4985	0.00037
Myxococcus sp. SCHIC003	2813577	S	3972	429	4401	0.00033
Corallococcus coralloides	184914	S	8967	3511	12478	0.00093
Corallococcus macrosporus	35	S	6021	1012	7033	0.00052
Corallococcus sp. EGB	1521117	S	5155	1929	7084	0.00053
Pyxidicoccus sp. SCPEA002	2813578	S	15304	757	16061	0.00119
Anaeromyxobacter sp. Red232	2918170	S	16644	2091	18735	0.00139
Anaeromyxobacter sp. Fw109-5	404589	S	13814	2118	15932	0.00118
Anaeromyxobacter sp. Red630	2918171	S	12236	1927	14163	0.00105
Anaeromyxobacter sp. K	447217	S	2903	6181	9084	0.00067
Anaeromyxobacter dehalogenans	161493	S	9481	7252	16733	0.00124
Vulgatibacter incomptus	1391653	S	6195	575	6770	0.00050
Sorangium cellulosum	56	S	83122	11121	94243	0.00699
Polyangium aurulentum	2567896	S	18572	1849	20421	0.00151
Chondromyces crocatus	52	S	10728	531	11259	0.00083
Pajaroellobacter abortibovis	1882918	S	178	6	184	0.00001
Sandaracinus amylolyticus	927083	S	33690	2131	35821	0.00266
Labilithrix luteola	1391654	S	10170	505	10675	0.00079
Haliangium ochraceum	80816	S	13042	803	13845	0.00103
Geomonas sp. RF6	2897342	S	2924	412	3336	0.00025
Geomonas paludis	2740185	S	2097	1119	3216	0.00024
Geomonas nitrogeniifigens	2847991	S	1981	1086	3067	0.00023
Geomonas subterranea	2847989	S	1751	865	2616	0.00019
Geomonas oryzisoli	2847992	S	1555	903	2458	0.00018
Geobacter sp. FeAm09	2597769	S	1845	273	2118	0.00016
Geobacter sp. SVR	2495594	S	1345	218	1563	0.00012
Geobacter sp. DSM 9736	1277350	S	820	67	887	0.00007
Geobacter pickeringii	345632	S	2212	637	2849	0.00021
Geobacter sulfurreducens	35554	S	2204	580	2784	0.00021
Geobacter metallireducens	28232	S	1312	346	1658	0.00012
Geobacter benzoatilyticus	2815309	S	793	198	991	0.00007
Citrifermentans bemidjiense	225194	S	1672	665	2337	0.00017
Citrifermentans bremense	60035	S	1653	715	2368	0.00018
Geotalea uraniireducens	351604	S	1069	90	1159	0.00009
Geotalea daltonii	1203471	S	582	52	634	0.00005
Geoalkalibacter subterraneus	483547	S	926	871	1797	0.00013
Trichlorobacter lovleyi	313985	S	515	75	590	0.00004
Desulfuromonas versatilis	2802975	S	3618	735	4353	0.00032
Desulfuromonas sp. DDH964	1823759	S	2227	462	2689	0.00020
Desulfuromonas sp. AOP6	1566351	S	775	100	875	0.00006
Desulfuromonas soudanensis	1603606	S	2087	270	2357	0.00017
Pelobacter propionicus	29543	S	1323	533	1856	0.00014
Syntrophotalea acetylenica	29542	S	712	144	856	0.00006
Syntrophotalea carbinolica	19	S	501	44	545	0.00004
Syntrophotalea acetylenivorans	1842532	S	412	61	473	0.00004
Pseudodesulfovibrio mercurii	641491	S	1561	409	1970	0.00015
Pseudodesulfovibrio indicus	1716143	S	1446	337	1783	0.00013
Pseudodesulfovibrio aespoeensis	182210	S	1098	831	1929	0.00014
Pseudodesulfovibrio cashew	2678688	S	919	201	1120	0.00008
Pseudodesulfovibrio sp. SF6	2810563	S	395	44	439	0.00003
Pseudodesulfovibrio sp. zrk46	2725288	S	338	64	402	0.00003
Pseudodesulfovibrio tunisiensis	463192	S	651	75	726	0.00005
Pseudodesulfovibrio profundus	57320	S	264	282	546	0.00004
Pseudodesulfovibrio piezophilus	879567	S	118	18	136	0.00001
Desulfovibrio sp. IOR2	2583823	S	995	206	1201	0.00009
Desulfovibrio sp. 86	2666132	S	325	116	441	0.00003
Desulfovibrio sp. G11	631220	S	272	232	504	0.00004
Desulfovibrio sulfodismutans	63561	S	1253	329	1582	0.00012
Desulfovibrio vulgaris	881	S	1237	59	1296	0.00010
Desulfovibrio desulfuricans	876	S	904	241	1145	0.00008
Desulfovibrio piger	901	S	862	196	1058	0.00008
Desulfovibrio fairfieldensis	44742	S	629	62	691	0.00005
Desulfovibrio ferrophilus	241368	S	445	41	486	0.00004
Candidatus Desulfovibrio trichonymphae	1725232	S	142	13	155	0.00001
Solidesulfovibrio carbinoliphilus	345370	S	2179	301	2480	0.00018
Solidesulfovibrio magneticus	184917	S	876	577	1453	0.00011
Solidesulfovibrio carbinolicus	296842	S	772	685	1457	0.00011
Oceanidesulfovibrio marinus	370038	S	1928	133	2061	0.00015
Desulfocurvibacter africanus	873	S	1478	126	1604	0.00012
Desulfolutivibrio sulfoxidireducens	2773299	S	1461	416	1877	0.00014
Megalodesulfovibrio gigas	879	S	1079	58	1137	0.00008
Oleidesulfovibrio alaskensis	58180	S	413	606	1019	0.00008
Maridesulfovibrio salexigens	880	S	110	12	122	0.00001
Maridesulfovibrio hydrothermalis	191026	S	70	8	78	0.00001
Paradesulfovibrio bizertensis	376490	S	150	17	167	0.00001
Lawsonia intracellularis	29546	S	40	0	40	0.00000
Desulfomicrobium baculatum	899	S	985	85	1070	0.00008
Desulfomicrobium orale	132132	S	604	167	771	0.00006
Desulfohalobium retbaense	45663	S	403	23	426	0.00003
Desulfosarcina ovata	83564	S	1236	66	1302	0.00010
Desulfosarcina alkanivorans	571177	S	1127	514	1641	0.00012
Desulfosarcina widdelii	947919	S	990	121	1111	0.00008
Desulfococcus multivorans	897	S	861	176	1037	0.00008
Desulfatibacillum aliphaticivorans	218208	S	688	25	713	0.00005
Desulfoluna sp. ASN36	2810562	S	581	34	615	0.00005
Desulfonema magnum	45655	S	290	10	300	0.00002
Desulfonema limicola	45656	S	75	6	81	0.00001
Desulfobacter hydrogenophilus	2291	S	150	31	181	0.00001
Desulfobacter postgatei	2293	S	147	28	175	0.00001
Desulforapulum autotrophicum	2296	S	196	24	220	0.00002
Desulfobacula toluolica	28223	S	74	6	80	0.00001
Desulfobulbus propionicus	894	S	934	62	996	0.00007
Desulfobulbus oralis	1986146	S	736	171	907	0.00007
Desulfobulbus oligotrophicus	1909699	S	203	185	388	0.00003
Desulfurivibrio alkaliphilus	427923	S	908	55	963	0.00007
Desulfomarina profundi	2772557	S	72	8	80	0.00001
Desulfosudis oleivorans	181663	S	755	53	808	0.00006
Desulfosediminicola ganghwensis	2569540	S	228	31	259	0.00002
Desulfosediminicola flagellatus	2569541	S	61	7	68	0.00001
Desulfotalea psychrophila	84980	S	72	15	87	0.00001
Desulfocapsa sulfexigens	65555	S	65	4	69	0.00001
Persicimonas caeni	2292766	S	5049	193	5242	0.00039
Bradymonas sediminis	1548548	S	1688	145	1833	0.00014
Bradymonadales bacterium V1718	2600177	S	652	37	689	0.00005
Syntrophobacter fumaroxidans	119484	S	1361	597	1958	0.00015
Desulfoglaeba alkanexedens	361111	S	1226	69	1295	0.00010
Desulfarculus baarsii	453230	S	2338	1453	3791	0.00028
Desulfomonile tiedjei	2358	S	468	4	472	0.00004
Desulfobacca acetoxidans	60893	S	446	12	458	0.00003
Syntrophus aciditrophicus	316277	S	420	32	452	0.00003
Dissulfurimicrobium hydrothermale	1750598	S	249	19	268	0.00002
Candidatus Desulfofervidus auxilii	1621989	S	167	4	171	0.00001
Hippea maritima	84405	S	48	2	50	0.00000
Campylobacter showae	204	S	182	22	204	0.00002
Campylobacter curvus	200	S	130	17	147	0.00001
Campylobacter gracilis	824	S	118	10	128	0.00001
Campylobacter concisus	199	S	116	19	135	0.00001
Campylobacter sp. 19-13652	2840180	S	26	9	35	0.00000
Campylobacter sp. RM6914	1032243	S	14	4	18	0.00000
Campylobacter rectus	203	S	61	11	72	0.00001
Campylobacter jejuni	197	S	41	170	211	0.00002
Campylobacter iguaniorum	1244531	S	18	2	20	0.00000
Campylobacter fetus	196	S	16	4	20	0.00000
Campylobacter hominis	76517	S	14	6	20	0.00000
Campylobacter pinnipediorum	1965231	S	13	2	15	0.00000
Campylobacter mucosalis	202	S	12	1	13	0.00000
Campylobacter coli	195	S	11	12	23	0.00000
Campylobacter lanienae	75658	S	11	4	15	0.00000
Sulfurimonas sp. HSL-3221	2894755	S	547	56	603	0.00004
Sulfurimonas sp. SWIR-19	2878390	S	39	51	90	0.00001
Sulfurimonas sp. B2	2590551	S	11	1	12	0.00000
Sulfurimonas hydrogeniphila	2509341	S	21	9	30	0.00000
Sulfurimonas gotlandica	1176482	S	10	1	11	0.00000
Sulfuricurvum kujiense	148813	S	63	6	69	0.00001
Helicobacter pylori	210	S	161	87	248	0.00002
Helicobacter sp. NHP19-0003	2849641	S	43	15	58	0.00000
Helicobacter sp. NHP19-0012	2849642	S	22	12	34	0.00000
Helicobacter heilmannii	35817	S	30	19	49	0.00000
Helicobacter suis	104628	S	20	10	30	0.00000
Helicobacter typhlonius	76936	S	18	23	41	0.00000
Helicobacter felis	214	S	17	3	20	0.00000
Helicobacter bizzozeronii	56877	S	16	2	18	0.00000
Helicobacter cinaedi	213	S	14	6	20	0.00000
Helicobacter mustelae	217	S	14	4	18	0.00000
Helicobacter himalayensis	1591088	S	14	2	16	0.00000
Helicobacter canis	29419	S	13	5	18	0.00000
Wolinella succinogenes	844	S	54	23	77	0.00001
Nitratifractor salsuginis	269261	S	278	34	312	0.00002
Sulfurovum sp. NBC37-1	387093	S	39	22	61	0.00000
Sulfurovum sp. HSL1-3	2893889	S	32	13	45	0.00000
Sulfurovum indicum	2779528	S	32	5	37	0.00000
Sulfurovum lithotrophicum	206403	S	31	19	50	0.00000
Hydrogenimonas urashimensis	2740515	S	260	39	299	0.00002
Arcobacter sp. FWKO B	2593672	S	15	11	26	0.00000
Aliarcobacter cryaerophilus	28198	S	10	28	38	0.00000
Halarcobacter anaerophilus	877500	S	10	5	15	0.00000
Sulfurospirillum cavolei	366522	S	54	6	60	0.00000
Sulfurospirillum sp. UCH001	1581011	S	14	22	36	0.00000
Sulfurospirillum multivorans	66821	S	18	15	33	0.00000
Sulfurospirillum halorespirans	194424	S	17	13	30	0.00000
Sulfurospirillum barnesii	44674	S	10	1	11	0.00000
Nitratiruptor sp. YY09-18	2724901	S	41	50	91	0.00001
Nitratiruptor sp. SB155-2	387092	S	15	28	43	0.00000
Nitrosophilus alvini	2714855	S	53	22	75	0.00001
Nitrosophilus labii	2706014	S	21	12	33	0.00000
Caminibacter mediatlanticus	291048	S	28	24	52	0.00000
Caminibacter pacificus	1424653	S	27	18	45	0.00000
Nautilia profundicola	244787	S	21	17	38	0.00000
Nautilia sp. PV-1	2579250	S	12	9	21	0.00000
Acidithiobacillus caldus	33059	S	645	114	759	0.00006
Acidithiobacillus ferrivorans	160808	S	373	75	448	0.00003
Acidithiobacillus ferrooxidans	920	S	228	224	452	0.00003
Acidithiobacillus ferriphilus	1689834	S	137	29	166	0.00001
Acidithiobacillus thiooxidans	930	S	121	8	129	0.00001
Acidithiobacillus ferridurans	1232575	S	25	218	243	0.00002
Acidithiobacillus sp. 'AMD consortium'	2614801	S	14	191	205	0.00002
Bdellovibrio bacteriovorus	959	S	438	58	496	0.00004
Bdellovibrio sp. ZAP7	2231053	S	68	20	88	0.00001
Bdellovibrio sp. LBG001	2835041	S	59	7	66	0.00000
Bdellovibrio sp. NC01	2220073	S	49	5	54	0.00000
Bdellovibrio sp. KM01	2748865	S	38	11	49	0.00000
Pseudobdellovibrio exovorus	453816	S	53	3	56	0.00000
Halobacteriovorax marinus	97084	S	26	15	41	0.00000
Halobacteriovorax sp. BALOs_7	2109558	S	18	6	24	0.00000
Bacteriovorax stolpii	960	S	45	12	57	0.00000
Silvanigrella aquatica	1915309	S	20	5	25	0.00000
Fluviispira sanaruensis	2493639	S	12	3	15	0.00000
Hydrogenophilus thermoluteolus	297	S	713	176	889	0.00007
Mariprofundus ferrinatatus	1921087	S	260	25	285	0.00002
Mariprofundus aestuarium	1921086	S	187	21	208	0.00002
Streptomyces sp. WAC 01438	2203204	S	13166	5683	18849	0.00140
Streptomyces sp. SCSIO 64649	2878388	S	7579	1855	9434	0.00070
Streptomyces sp. AMCC400023	2056258	S	7550	3647	11197	0.00083
Streptomyces sp. CB01881	2078691	S	6941	1776	8717	0.00065
Streptomyces sp. NHF165	2175864	S	6273	1456	7729	0.00057
Streptomyces sp. SN-593	659352	S	6035	1929	7964	0.00059
Streptomyces sp. So13.3	2136173	S	5891	1477	7368	0.00055
Streptomyces sp. MA3_2.13	2867410	S	5873	1023	6896	0.00051
Streptomyces sp. CdTB01	1725411	S	5763	2104	7867	0.00058
Streptomyces sp. ZYC-3	2797636	S	5169	1307	6476	0.00048
Streptomyces sp. SCUT-3	2684469	S	5066	2682	7748	0.00057
Streptomyces sp. P3	2135430	S	5057	1621	6678	0.00050
Streptomyces sp. ST1015	1848900	S	4822	1304	6126	0.00045
Streptomyces sp. 3025	2923272	S	4738	1119	5857	0.00043
Streptomyces sp. NA02950	2742137	S	4689	1221	5910	0.00044
Streptomyces sp. 891-h	2720714	S	4648	1126	5774	0.00043
Streptomyces sp. Z423-1	2730915	S	4630	1704	6334	0.00047
Streptomyces sp. BJ20	2930049	S	4427	2278	6705	0.00050
Streptomyces sp. BH-MK-02	2880933	S	4390	1233	5623	0.00042
Streptomyces sp. MG28	2865673	S	4166	1796	5962	0.00044
Streptomyces sp. LRE541	2931983	S	3952	1148	5100	0.00038
Streptomyces sp. MST-110588	2833628	S	3915	1257	5172	0.00038
Streptomyces sp. C8S0	2585716	S	3841	1444	5285	0.00039
Streptomyces sp. W1SF4	2305220	S	3802	1723	5525	0.00041
Streptomyces sp. A2-16	2781734	S	3789	1468	5257	0.00039
Streptomyces sp. YIM 121038	2136401	S	3707	1362	5069	0.00038
Streptomyces sp. GQFP	2907545	S	3652	805	4457	0.00033
Streptomyces sp. MBT27	1488356	S	3638	1386	5024	0.00037
Streptomyces sp. HM190	2695266	S	3589	1453	5042	0.00037
Streptomyces sp. GMY02	1333528	S	3574	834	4408	0.00033
Streptomyces sp. 3214.6	1882757	S	3524	1306	4830	0.00036
Streptomyces sp. NA04227	2742136	S	3395	1035	4430	0.00033
Streptomyces sp. QHH-9511	2684468	S	3391	1201	4592	0.00034
Streptomyces sp. DSM 40868	2721173	S	3380	1550	4930	0.00037
Streptomyces sp. BHT-5-2	2866715	S	3335	1315	4650	0.00034
Streptomyces sp. JB150	2714844	S	3321	1399	4720	0.00035
Streptomyces sp. GS7	2692234	S	3312	1144	4456	0.00033
Streptomyces sp. NEAU-sy36	2751189	S	3302	1559	4861	0.00036
Streptomyces sp. Rer75	2750011	S	3220	1705	4925	0.00037
Streptomyces sp. Go-475	2072505	S	3176	1794	4970	0.00037
Streptomyces sp. SAT1	1849967	S	3165	1514	4679	0.00035
Streptomyces sp. RTd22	1841249	S	3103	1497	4600	0.00034
Streptomyces sp. SYP-A7193	2662065	S	2983	2063	5046	0.00037
Streptomyces sp. RPA4-2	2721244	S	2980	1082	4062	0.00030
Streptomyces sp. MG62	2838015	S	2969	1374	4343	0.00032
Streptomyces sp. Go 40/10	2825844	S	2935	1592	4527	0.00034
Streptomyces sp. 135	2838850	S	2897	1159	4056	0.00030
Streptomyces sp. Tu 2975	2676871	S	2889	1150	4039	0.00030
Streptomyces sp. SM18	1736046	S	2860	1003	3863	0.00029
Streptomyces sp. CMB-StM0423	2059884	S	2844	1547	4391	0.00033
Streptomyces sp. HSG2	2797167	S	2775	805	3580	0.00027
Streptomyces sp. fd1-xmd	1812480	S	2762	1456	4218	0.00031
Streptomyces sp. SirexAA-E	862751	S	2733	1029	3762	0.00028
Streptomyces sp. HP-A2021	2927875	S	2669	1754	4423	0.00033
Streptomyces sp. INR7	2607753	S	2556	1528	4084	0.00030
Streptomyces sp. WAC 01529	2203205	S	2504	1088	3592	0.00027
Streptomyces sp. TN58	234612	S	2396	1314	3710	0.00028
Streptomyces sp. S4.7	2705439	S	2263	918	3181	0.00024
Streptomyces sp. CB09001	2083284	S	2134	1623	3757	0.00028
Streptomyces sp. jing01	2726118	S	2127	1422	3549	0.00026
Streptomyces sp. WAC 06738	2203210	S	2100	2230	4330	0.00032
Streptomyces sp. S1D4-11	2721246	S	1946	1547	3493	0.00026
Streptomyces sp. WY228	2855836	S	1821	1125	2946	0.00022
Streptomyces sp. ADI95-16	1522758	S	1801	1743	3544	0.00026
Streptomyces sp. CCM_MD2014	1561022	S	1796	1796	3592	0.00027
Streptomyces sp. CNQ-509	444103	S	1717	1792	3509	0.00026
Streptomyces sp. YPW6	2840373	S	1697	1022	2719	0.00020
Streptomyces sp. SUK 48	2582831	S	1585	1146	2731	0.00020
Streptomyces sp. Mg1	465541	S	1563	1611	3174	0.00024
Streptomyces sp. 769	1262452	S	1476	1240	2716	0.00020
Streptomyces sp. HF10	2692233	S	1454	1174	2628	0.00019
Streptomyces sp. 2323.1	1938841	S	1332	921	2253	0.00017
Streptomyces sp. AgN23	1188315	S	1304	1265	2569	0.00019
Streptomyces sp. S8	1837283	S	1298	1267	2565	0.00019
Streptomyces sp. RPA4-5	2721245	S	1294	935	2229	0.00017
Streptomyces sp. S063	2005885	S	1284	1007	2291	0.00017
Streptomyces sp. 3211	1964449	S	1226	1723	2949	0.00022
Streptomyces sp. ID38640	1265399	S	1085	835	1920	0.00014
Streptomyces sp. NA02536	2742133	S	1072	3099	4171	0.00031
Streptomyces sp. NEAU-S7GS2	2202000	S	1072	970	2042	0.00015
Streptomyces sp. XC 2026	2782004	S	1033	996	2029	0.00015
Streptomyces sp. EAS-AB2608	2779671	S	1003	1768	2771	0.00021
Streptomyces sp. Sge12	1972846	S	933	1613	2546	0.00019
Streptomyces sp. PBH53	1577075	S	898	1459	2357	0.00017
Streptomyces sp. 11-1-2	1851167	S	860	1722	2582	0.00019
Streptomyces sp. MOE7	1961713	S	848	1124	1972	0.00015
Streptomyces sp. HNA39	2850561	S	835	1066	1901	0.00014
Streptomyces sp. WA6-1-16	2879427	S	819	920	1739	0.00013
Streptomyces sp. RLB1-33	2721243	S	804	2511	3315	0.00025
Streptomyces sp. Tue 6075	1661694	S	784	990	1774	0.00013
Streptomyces sp. CB00271	2750025	S	744	1103	1847	0.00014
Streptomyces sp. A144	2871487	S	698	3559	4257	0.00032
Streptomyces sp. CFMR 7	1649184	S	654	1238	1892	0.00014
Streptomyces sp. WAC00303	2933779	S	595	934	1529	0.00011
Streptomyces sp. SS52	2563602	S	589	3153	3742	0.00028
Streptomyces sp. SGAir0924	2109593	S	582	3227	3809	0.00028
Streptomyces sp. M56	1495638	S	488	1385	1873	0.00014
Streptomyces sp. CB04723	2748873	S	465	909	1374	0.00010
Streptomyces sp. PAMC 26508	1265601	S	459	1842	2301	0.00017
Streptomyces sp. CLI2509	1984801	S	458	1775	2233	0.00017
Streptomyces sp. Tu6071	355249	S	442	1529	1971	0.00015
Streptomyces sp. V17-9	2831149	S	427	2254	2681	0.00020
Streptomyces sp. M2	646637	S	424	2560	2984	0.00022
Streptomyces sp. HU2014	2939414	S	405	1510	1915	0.00014
Streptomyces sp. CB09030	2913412	S	371	1350	1721	0.00013
Streptomyces sp. endophyte_N2	2153485	S	358	1133	1491	0.00011
Streptomyces sp. CRSS-Y-16	2906474	S	354	2262	2616	0.00019
Streptomyces sp. WAC00288	2094021	S	348	1578	1926	0.00014
Streptomyces sp. VN1	1821625	S	347	1595	1942	0.00014
Streptomyces sp. NA03103	2742134	S	325	2337	2662	0.00020
Streptomyces sp. S501	2420135	S	322	1395	1717	0.00013
Streptomyces sp. LBUM 1480	2609808	S	315	3411	3726	0.00028
Streptomyces sp. BSE6.1	2605730	S	315	1572	1887	0.00014
Streptomyces sp. A1-5	2738410	S	299	1509	1808	0.00013
Streptomyces sp. WA1-19	2884220	S	298	1745	2043	0.00015
Streptomyces sp. 2114.2	1881022	S	238	1603	1841	0.00014
Streptomyces sp. GF20	2692235	S	216	1335	1551	0.00012
Streptomyces sp. S1A1-7	2594459	S	210	2230	2440	0.00018
Streptomyces sp. CA-256286	2801033	S	201	1352	1553	0.00012
Streptomyces sp. KPB2	2305221	S	191	1737	1928	0.00014
Streptomyces sp. NBU3104	2911367	S	190	1372	1562	0.00012
Streptomyces sp. 604F	1476754	S	182	1834	2016	0.00015
Streptomyces sp. R527F	1664033	S	177	1091	1268	0.00009
Streptomyces sp. LBUM 1482	2609809	S	153	4284	4437	0.00033
Streptomyces sp. FR-008	206662	S	133	1192	1325	0.00010
Streptomyces sp. RLB3-6	2594457	S	119	4221	4340	0.00032
Streptomyces sp. RLB3-17	2594455	S	117	2068	2185	0.00016
Streptomyces sp. LBUM 1475	2609807	S	115	3777	3892	0.00029
Streptomyces sp. PLM4	2929798	S	115	1043	1158	0.00009
Streptomyces sp. OUCMDZ-3434	1535304	S	112	1310	1422	0.00011
Streptomyces sp. CC0208	2306165	S	112	3244	3356	0.00025
Streptomyces sp. GBA 94-10	1218177	S	97	1379	1476	0.00011
Streptomyces sp. PVA_94-07	1225337	S	76	1249	1325	0.00010
Streptomyces sp. S1D4-23	2594463	S	72	4357	4429	0.00033
Streptomyces sp. S1D4-20	2594462	S	69	2120	2189	0.00016
Streptomyces sp. A10(2020)	2782013	S	66	845	911	0.00007
Streptomyces sp. RLB1-9	2594454	S	55	3426	3481	0.00026
Streptomyces sp. ICC4	2099584	S	27	2050	2077	0.00015
Streptomyces sp. S1D4-14	2594461	S	25	1845	1870	0.00014
Streptomyces sp. ICC1	2099583	S	24	1575	1599	0.00012
Streptomyces sp. SM17	565560	S	21	943	964	0.00007
Streptomyces venezuelae	54571	S	19572	9343	28915	0.00214
Streptomyces cadmiisoli	2184053	S	4160	1231	5391	0.00040
Streptomyces aurantiacus	47760	S	3637	1026	4663	0.00035
Streptomyces qaidamensis	1783515	S	3208	1523	4731	0.00035
Streptomyces alboniger	132473	S	2047	872	2919	0.00022
Streptomyces koyangensis	188770	S	1638	1830	3468	0.00026
Streptomyces hygroscopicus	1912	S	5689	8271	13960	0.00103
Streptomyces rapamycinicus	1226757	S	3742	990	4732	0.00035
Streptomyces yatensis	155177	S	1608	1280	2888	0.00021
Streptomyces violaceusniger	68280	S	1519	1099	2618	0.00019
Streptomyces malaysiensis	92644	S	431	1349	1780	0.00013
Streptomyces capitiformicae	2014920	S	12673	2267	14940	0.00111
Streptomyces griseus	1911	S	3220	3215	6435	0.00048
Streptomyces sp. M54	2759525	S	323	879	1202	0.00009
Streptomyces anulatus	1892	S	2378	2674	5052	0.00037
Streptomyces microflavus	1919	S	1147	5388	6535	0.00048
Streptomyces globisporus	1908	S	958	7356	8314	0.00062
Streptomyces chartreusis	1969	S	8113	4006	12119	0.00090
Streptomyces calvus	67282	S	7976	3580	11556	0.00086
Streptomyces albus	1888	S	7923	4501	12424	0.00092
Streptomyces armeniacus	83291	S	7054	1238	8292	0.00061
Streptomyces formicae	1616117	S	6751	2488	9239	0.00068
Streptomyces lydicus	47763	S	6524	4854	11378	0.00084
Streptomyces bathyalis	2710756	S	6263	1281	7544	0.00056
Streptomyces bingchenggensis	379067	S	5987	1379	7366	0.00055
Streptomyces buecherae	2763006	S	5938	1835	7773	0.00058
Streptomyces harbinensis	1176198	S	5791	1915	7706	0.00057
Streptomyces tsukubensis	83656	S	5636	1648	7284	0.00054
Streptomyces griseorubiginosus	67304	S	5509	2099	7608	0.00056
Streptomyces cyaneochromogenes	2496836	S	5479	1859	7338	0.00054
Streptomyces cattleya	29303	S	5372	1907	7279	0.00054
Streptomyces viridosporus	67581	S	5168	2427	7595	0.00056
Streptomyces spectabilis	68270	S	5115	1930	7045	0.00052
Streptomyces lunaelactis	1535768	S	5114	1274	6388	0.00047
Streptomyces niveus	193462	S	5066	2657	7723	0.00057
Streptomyces deccanensis	424188	S	4948	2292	7240	0.00054
Streptomyces ferrugineus	1413221	S	4800	1784	6584	0.00049
Streptomyces seoulensis	73044	S	4529	2058	6587	0.00049
Streptomyces xinghaiensis	1038928	S	4392	1619	6011	0.00045
Streptomyces aquilus	2548456	S	4355	1498	5853	0.00043
Streptomyces xanthii	2768069	S	4333	1565	5898	0.00044
Streptomyces roseirectus	2768066	S	4256	1226	5482	0.00041
Streptomyces rimosus	1927	S	4224	1273	5497	0.00041
Streptomyces lincolnensis	1915	S	4174	1404	5578	0.00041
Streptomyces davaonensis	348043	S	4136	1352	5488	0.00041
Streptomyces genisteinicus	2768068	S	4112	1554	5666	0.00042
Streptomyces vietnamensis	362257	S	4085	1598	5683	0.00042
Streptomyces albulus	68570	S	4039	1441	5480	0.00041
Streptomyces pactum	68249	S	3971	1850	5821	0.00043
Streptomyces ambofaciens	1889	S	3939	2711	6650	0.00049
Streptomyces tendae	1932	S	3936	1894	5830	0.00043
Streptomyces ficellus	1977088	S	3926	1679	5605	0.00042
Streptomyces durmitorensis	319947	S	3885	993	4878	0.00036
Streptomyces griseocarneus	51201	S	3789	1596	5385	0.00040
Streptomyces rectiverticillatus	173860	S	3776	1458	5234	0.00039
Streptomyces clavuligerus	1901	S	3758	1099	4857	0.00036
Streptomyces olivoreticuli	68246	S	3723	1264	4987	0.00037
Streptomyces asoensis	249586	S	3712	1286	4998	0.00037
Streptomyces actuosus	1885	S	3700	1838	5538	0.00041
Streptomyces prasinus	67345	S	3699	1421	5120	0.00038
Streptomyces griseoviridis	45398	S	3681	1410	5091	0.00038
Streptomyces phaeolivaceus	2653200	S	3636	1148	4784	0.00035
Streptomyces liangshanensis	2717324	S	3617	1101	4718	0.00035
Streptomyces globosus	68209	S	3610	1582	5192	0.00038
Streptomyces alboflavus	67267	S	3533	1153	4686	0.00035
Streptomyces dengpaensis	2049881	S	3529	1154	4683	0.00035
Streptomyces griseochromogenes	68214	S	3484	1126	4610	0.00034
Streptomyces exfoliatus	1905	S	3460	1396	4856	0.00036
Streptomyces nigra	1827580	S	3460	1593	5053	0.00037
Streptomyces luteoverticillatus	66425	S	3450	1378	4828	0.00036
Streptomyces paludis	2282738	S	3438	903	4341	0.00032
Streptomyces aureoverticillatus	66871	S	3436	1089	4525	0.00034
Streptomyces parvulus	146923	S	3409	1749	5158	0.00038
Streptomyces antibioticus	1890	S	3402	1422	4824	0.00036
Streptomyces peucetius	1950	S	3359	1093	4452	0.00033
Streptomyces avermitilis	33903	S	3337	1124	4461	0.00033
Streptomyces lavendulae	1914	S	3290	1344	4634	0.00034
Streptomyces collinus	42684	S	3200	2651	5851	0.00043
Streptomyces subrutilus	36818	S	3175	1391	4566	0.00034
Streptomyces vinaceus	1960	S	3143	1322	4465	0.00033
Streptomyces nodosus	40318	S	3132	954	4086	0.00030
Streptomyces glaucescens	1907	S	3093	1563	4656	0.00035
Streptomyces pristinaespiralis	38300	S	3082	1541	4623	0.00034
Streptomyces atratus	1893	S	3057	738	3795	0.00028
Streptomyces chromofuscus	42881	S	3044	1368	4412	0.00033
Streptomyces katrae	68223	S	3043	1348	4391	0.00033
Streptomyces broussonetiae	2686304	S	2988	1050	4038	0.00030
Streptomyces galilaeus	33899	S	2934	1159	4093	0.00030
Streptomyces hundungensis	1077946	S	2880	1072	3952	0.00029
Streptomyces roseochromogenus	285450	S	2840	1030	3870	0.00029
Streptomyces inhibens	2293571	S	2799	980	3779	0.00028
Streptomyces gardneri	66892	S	2776	1269	4045	0.00030
Streptomyces tirandamycinicus	2174846	S	2774	1082	3856	0.00029
Streptomyces gilvosporeus	553510	S	2746	1036	3782	0.00028
Streptomyces nitrosporeus	28894	S	2692	902	3594	0.00027
Streptomyces fodineus	1904616	S	2644	1075	3719	0.00028
Streptomyces gobiensis	2875706	S	2634	608	3242	0.00024
Streptomyces spongiicola	1690221	S	2628	1288	3916	0.00029
Streptomyces mobaraensis	35621	S	2620	107132	109752	0.00814
Streptomyces qinzhouensis	2599401	S	2603	735	3338	0.00025
Streptomyces incarnatus	665007	S	2587	850	3437	0.00025
Streptomyces hawaiiensis	67305	S	2570	1263	3833	0.00028
Streptomyces coeruleorubidus	116188	S	2520	1347	3867	0.00029
Streptomyces kanamyceticus	1967	S	2512	961	3473	0.00026
Streptomyces rutgersensis	53451	S	2488	1416	3904	0.00029
Streptomyces pluripotens	1355015	S	2472	676	3148	0.00023
Streptomyces dangxiongensis	1442032	S	2467	993	3460	0.00026
Streptomyces finlayi	67296	S	2430	659	3089	0.00023
Streptomyces nojiriensis	66374	S	2395	1163	3558	0.00026
Streptomyces angustmyceticus	285578	S	2352	1103	3455	0.00026
Streptomyces pratensis	1169025	S	2350	671	3021	0.00022
Streptomyces tuirus	68278	S	2334	1345	3679	0.00027
Streptomyces huasconensis	1854574	S	2298	1029	3327	0.00025
Streptomyces cyanogenus	80860	S	2148	1086	3234	0.00024
Streptomyces fagopyri	2662397	S	2147	840	2987	0.00022
Streptomyces leeuwenhoekii	1437453	S	1709	1318	3027	0.00022
Streptomyces cyaneogriseus	68192	S	1600	1375	2975	0.00022
Streptomyces decoyicus	249567	S	1266	774	2040	0.00015
Streptomyces lydicamycinicus	1546107	S	1138	746	1884	0.00014
Streptomyces xiamenensis	408015	S	1127	1041	2168	0.00016
Streptomyces antimycoticus	68175	S	1119	1215	2334	0.00017
Streptomyces auratus	114687	S	1078	783	1861	0.00014
Streptomyces fungicidicus	68203	S	932	2913	3845	0.00029
Streptomyces platensis	58346	S	919	742	1661	0.00012
Streptomyces albidoflavus	1886	S	346	5578	5924	0.00044
Streptomyces coelicolor	1902	S	307	3695	4002	0.00030
Streptomyces sampsonii	42239	S	204	1750	1954	0.00014
Streptomyces filamentosus	67294	S	733	993	1726	0.00013
Streptomyces olivaceus	47716	S	661	2581	3242	0.00024
Streptomyces cavourensis	67258	S	625	1236	1861	0.00014
Streptomyces californicus	67351	S	609	2113	2722	0.00020
Streptomyces alfalfae	1642299	S	588	3509	4097	0.00030
Streptomyces fradiae	1906	S	462	7426	7888	0.00058
Streptomyces autolyticus	75293	S	428	1509	1937	0.00014
Streptomyces mirabilis	68239	S	401	2508	2909	0.00022
Streptomyces murinus	33900	S	397	1205	1602	0.00012
Streptomyces albireticuli	1940	S	354	1589	1943	0.00014
Streptomyces noursei	1971	S	303	1256	1559	0.00012
Streptomyces griseofuscus	146922	S	297	1409	1706	0.00013
Streptomyces scabiei	1930	S	295	2719	3014	0.00022
Streptomyces cinereoruber	67260	S	234	1303	1537	0.00011
Streptomyces lividans	1916	S	217	3058	3275	0.00024
Streptomyces rubrolavendulae	285473	S	175	1364	1539	0.00011
Streptomyces violaceoruber	1935	S	169	790	959	0.00007
Streptomyces rochei	1928	S	153	1217	1370	0.00010
Kitasatospora sp. MMS16-BH015	2018025	S	4716	1949	6665	0.00049
Kitasatospora sp. NA04385	2742135	S	3788	2492	6280	0.00047
Kitasatospora setae	2066	S	4116	2619	6735	0.00050
Kitasatospora aureofaciens	1894	S	3417	1758	5175	0.00038
Kitasatospora albolonga	68173	S	1344	1244	2588	0.00019
Streptacidiphilus sp. P02-A3a	2704468	S	4603	1798	6401	0.00047
Streptacidiphilus sp. PB12-B1b	2705012	S	4022	2011	6033	0.00045
Streptacidiphilus bronchialis	2126346	S	3984	1637	5621	0.00042
Yinghuangia sp. ASG 101	2896848	S	5423	1152	6575	0.00049
Microbacterium sp. No. 7	1714373	S	3134	1515	4649	0.00034
Microbacterium sp. 4R-513	2567934	S	2818	563	3381	0.00025
Microbacterium sp. 10M-3C3	2483401	S	2323	773	3096	0.00023
Microbacterium sp. JZ31	1906274	S	2204	679	2883	0.00021
Microbacterium sp. SSW1-51	2851650	S	1847	509	2356	0.00017
Microbacterium sp. ABRD_28	2268461	S	1792	267	2059	0.00015
Microbacterium sp. YJN-G	2763257	S	1746	615	2361	0.00018
Microbacterium sp. BH-3-3-3	1906742	S	1696	445	2141	0.00016
Microbacterium sp. XT11	367477	S	1595	369	1964	0.00015
Microbacterium sp. NIBRBAC000506063	2734618	S	1566	699	2265	0.00017
Microbacterium sp. SSW1-36	2851648	S	1477	350	1827	0.00014
Microbacterium sp. LKL04	912630	S	1474	383	1857	0.00014
Microbacterium sp. H1-D42	2925844	S	1444	265	1709	0.00013
Microbacterium sp. A18JL241	2782166	S	1413	368	1781	0.00013
Microbacterium sp. PM5	2014534	S	1383	281	1664	0.00012
Microbacterium sp. cx-55	2875948	S	1349	218	1567	0.00012
Microbacterium sp. Y-01	2048898	S	1292	554	1846	0.00014
Microbacterium sp. CBA3102	2603598	S	1168	311	1479	0.00011
Microbacterium sp. 1S1	2606451	S	1150	537	1687	0.00013
Microbacterium sp. TPU 3598	1938334	S	1058	302	1360	0.00010
Microbacterium sp. Nx66	2766784	S	922	650	1572	0.00012
Microbacterium sp. RG1	2489212	S	563	438	1001	0.00007
Microbacterium sp. SGAir0570	2070348	S	291	1028	1319	0.00010
Microbacterium sp. 1.5R	1916917	S	260	1072	1332	0.00010
Microbacterium sp. PAMC22086	2861281	S	240	513	753	0.00006
Microbacterium sp. CGR1	1696072	S	231	987	1218	0.00009
Microbacterium sp. str. 'China'	2103230	S	128	668	796	0.00006
Microbacterium sp. PAMC 28756	1795053	S	53	835	888	0.00007
Microbacterium sp. KUDC0406	2909588	S	30	2879	2909	0.00022
Microbacterium sp. PAMC21962	2861280	S	15	613	628	0.00005
Microbacterium cremeum	2782169	S	5717	1327	7044	0.00052
Microbacterium foliorum	104336	S	3429	770	4199	0.00031
Microbacterium atlanticum	2782168	S	3369	820	4189	0.00031
Microbacterium hominis	162426	S	3137	8780	11917	0.00088
Microbacterium oleivorans	273677	S	3035	649	3684	0.00027
Microbacterium resistens	156977	S	2295	473	2768	0.00021
Microbacterium lemovicicum	1072463	S	2290	573	2863	0.00021
Microbacterium sediminis	904291	S	2095	1049	3144	0.00023
Microbacterium oryzae	743009	S	2056	686	2742	0.00020
Microbacterium pygmaeum	370764	S	1815	251	2066	0.00015
Microbacterium wangchenii	2541726	S	1702	421	2123	0.00016
Microbacterium caowuchunii	2614638	S	1698	361	2059	0.00015
Microbacterium testaceum	2033	S	1661	328	1989	0.00015
Microbacterium lushaniae	2614639	S	1648	417	2065	0.00015
Microbacterium chocolatum	84292	S	1636	412	2048	0.00015
Microbacterium luteum	2782167	S	1590	733	2323	0.00017
Microbacterium aurum	36805	S	1548	534	2082	0.00015
Microbacterium protaetiae	2509458	S	1538	380	1918	0.00014
Microbacterium oxydans	82380	S	1502	1184	2686	0.00020
Microbacterium esteraromaticum	57043	S	1477	361	1838	0.00014
Microbacterium hydrocarbonoxydans	273678	S	1224	238	1462	0.00011
Microbacterium schleiferi	69362	S	1050	417	1467	0.00011
Microbacterium fandaimingii	2708079	S	827	81	908	0.00007
Microbacterium chengjingii	2769067	S	638	38	676	0.00005
Microbacterium binotii	462710	S	584	447	1031	0.00008
Microbacterium amylolyticum	936337	S	549	133	682	0.00005
Microbacterium endophyticum	1526412	S	444	35	479	0.00004
Microbacterium paludicola	300019	S	279	1030	1309	0.00010
Microbacterium paraoxydans	199592	S	226	1542	1768	0.00013
Agromyces sp. H17E-10	2932244	S	3942	1465	5407	0.00040
Agromyces sp. LHK192	2498704	S	3588	1189	4777	0.00035
Agromyces sp. CFWR-12	2929802	S	2506	1640	4146	0.00031
Agromyces flavus	589382	S	5548	1985	7533	0.00056
Agromyces aureus	453304	S	3615	1153	4768	0.00035
Agromyces soli	659012	S	3375	1379	4754	0.00035
Agromyces marinus	1389020	S	3060	1277	4337	0.00032
Agromyces badenianii	2080742	S	2863	1057	3920	0.00029
Agromyces protaetiae	2509455	S	2575	835	3410	0.00025
Agromyces laixinhei	2585717	S	2399	624	3023	0.00022
Agromyces intestinalis	2592652	S	2345	1441	3786	0.00028
Agromyces archimandritae	2781962	S	2278	753	3031	0.00022
Curtobacterium sp. L6-1	2841594	S	1641	597	2238	0.00017
Curtobacterium sp. BH-2-1-1	1905847	S	1486	530	2016	0.00015
Curtobacterium sp. MR_MD2014	1561023	S	1255	600	1855	0.00014
Curtobacterium sp. YC1	2795488	S	1245	615	1860	0.00014
Curtobacterium sp. TC1	2862880	S	1108	563	1671	0.00012
Curtobacterium sp. 24E2	2804758	S	921	497	1418	0.00011
Curtobacterium sp. SGAir0471	2070337	S	848	621	1469	0.00011
Curtobacterium sp. TXMA1	2876939	S	832	630	1462	0.00011
Curtobacterium sp. C1	2898151	S	296	722	1018	0.00008
Curtobacterium sp. Csp2	2495430	S	287	773	1060	0.00008
Curtobacterium sp. Csp1	2495429	S	49	826	875	0.00006
Curtobacterium sp. csp3	2588937	S	16	1730	1746	0.00013
Curtobacterium flaccumfaciens	2035	S	2509	1300	3809	0.00028
Curtobacterium luteum	33881	S	1505	605	2110	0.00016
Rathayibacter sp. VKM Ac-2759	2609252	S	2158	862	3020	0.00022
Rathayibacter sp. VKM Ac-2760	2609253	S	1894	1083	2977	0.00022
Rathayibacter sp. VKM Ac-2804	2609257	S	1406	1123	2529	0.00019
Rathayibacter sp. VKM Ac-2801	2609255	S	902	903	1805	0.00013
Rathayibacter sp. VKM Ac-2762	2609254	S	363	1035	1398	0.00010
Rathayibacter sp. VKM Ac-2805	2609258	S	330	969	1299	0.00010
Rathayibacter festucae	110937	S	2162	2457	4619	0.00034
Rathayibacter tanaceti	1671680	S	1325	386	1711	0.00013
Rathayibacter iranicus	59737	S	856	133	989	0.00007
Rathayibacter tritici	33888	S	848	292	1140	0.00008
Rathayibacter rathayi	33887	S	829	254	1083	0.00008
Rathayibacter toxicus	145458	S	363	38	401	0.00003
Leucobacter sp. H25R-14	2932245	S	1519	293	1812	0.00013
Leucobacter sp. Psy1	2875729	S	1488	213	1701	0.00013
Leucobacter sp. NB 10	2873270	S	1431	460	1891	0.00014
Leucobacter sp. CX169	2813744	S	1067	323	1390	0.00010
Leucobacter sp. H21R-36	2932246	S	529	1455	1984	0.00015
Leucobacter sp. H21R-40	2932247	S	411	1131	1542	0.00011
Leucobacter muris	1935379	S	1745	713	2458	0.00018
Leucobacter triazinivorans	1784719	S	1650	1174	2824	0.00021
Leucobacter luti	340320	S	653	74	727	0.00005
Leucobacter viscericola	2714935	S	472	53	525	0.00004
Leucobacter insecticola	2714934	S	435	44	479	0.00004
Leucobacter coleopterorum	2714933	S	373	43	416	0.00003
Leucobacter denitrificans	683042	S	315	57	372	0.00003
Leifsonia sp. ZF2019	2781978	S	2368	759	3127	0.00023
Leifsonia sp. PS1209	2724914	S	2093	664	2757	0.00020
Leifsonia sp. 21MFCrub1.1	1798223	S	1968	2790	4758	0.00035
Leifsonia shinshuensis	150026	S	2918	949	3867	0.00029
Leifsonia xyli	1575	S	1879	301	2180	0.00016
Agrococcus sp. SCSIO52902	2933290	S	2593	1512	4105	0.00030
Agrococcus sp. Marseille-Q4369	2810513	S	2458	1017	3475	0.00026
Agrococcus sp. SGAir0287	2070347	S	2417	856	3273	0.00024
Agrococcus jejuensis	399736	S	2548	943	3491	0.00026
Agrococcus carbonis	684552	S	2543	1383	3926	0.00029
Clavibacter michiganensis	28447	S	9096	21059	30155	0.00224
Clavibacter zhangzhiyongii	2768071	S	1200	627	1827	0.00014
Clavibacter sp. A6099	2860285	S	764	494	1258	0.00009
Protaetiibacter sp. SSC-01	2759943	S	2156	921	3077	0.00023
Protaetiibacter intestinalis	2419774	S	2027	851	2878	0.00021
Protaetiibacter larvae	2592654	S	1574	592	2166	0.00016
Salinibacterium sp. ZJ450	2708338	S	1907	348	2255	0.00017
Salinibacterium sp. ZJ70	2708084	S	1326	387	1713	0.00013
Salinibacterium sp. dk2585	2603292	S	1162	227	1389	0.00010
Salinibacterium sp. UTAS2018	2508880	S	470	49	519	0.00004
Salinibacterium sp. M195	2583374	S	324	40	364	0.00003
Salinibacterium hongtaonis	2079791	S	564	70	634	0.00005
Cryobacterium sp. LW097	1978566	S	1372	341	1713	0.00013
Cryobacterium sp. PAMC25264	2861288	S	772	491	1263	0.00009
Cryobacterium soli	2220095	S	1129	620	1749	0.00013
Cryobacterium arcticum	670052	S	912	720	1632	0.00012
Microterricola viridarii	412690	S	3975	1154	5129	0.00038
Frondihabitans sp. PAMC 28766	1795630	S	2095	343	2438	0.00018
Frondihabitans sp. 762G35	1446794	S	1796	463	2259	0.00017
Plantibacter sp. PA-3-X8	2480625	S	593	628	1221	0.00009
Plantibacter sp. M259	2583822	S	561	573	1134	0.00008
Plantibacter flavus	150123	S	750	676	1426	0.00011
Microcella flavibacter	1804990	S	1933	1103	3036	0.00023
Microcella alkaliphila	279828	S	1278	261	1539	0.00011
Mycetocola zhujimingii	2079792	S	932	132	1064	0.00008
Mycetocola sp. JXN-3	2116510	S	906	161	1067	0.00008
Mycetocola spongiae	2859226	S	734	117	851	0.00006
Cnuibacter physcomitrellae	1619308	S	2496	634	3130	0.00023
Frigoribacterium sp. NBH87	2596916	S	2307	797	3104	0.00023
Subtercola sp. AK-R2A1-2	2895559	S	1375	165	1540	0.00011
Subtercola sp. PAMC28395	2846775	S	873	113	986	0.00007
Herbiconiux sp. SALV-R1	2735133	S	2255	531	2786	0.00021
Gryllotalpicola protaetiae	2419771	S	2177	504	2681	0.00020
Chryseoglobus sp. 28M-23	2772253	S	378	796	1174	0.00009
Chryseoglobus indicus	2750620	S	367	825	1192	0.00009
Humibacter sp. WJ7-1	2599293	S	1846	482	2328	0.00017
Amnibacterium sp. L3-i23	2905871	S	1834	522	2356	0.00017
Diaminobutyricimonas sp. LJ205	2683590	S	1697	378	2075	0.00015
Marisediminicola antarctica	674079	S	1513	223	1736	0.00013
Gulosibacter sediminis	1729695	S	1391	495	1886	0.00014
Glaciihabitans sp. INWT7	2596912	S	1143	107	1250	0.00009
Agreia sp. COWG	2773266	S	1123	160	1283	0.00010
Aquiluna borgnonia	2499157	S	202	20	222	0.00002
Candidatus Aquiluna sp. UB-MaderosW2red	1855377	S	106	7	113	0.00001
Rhodoluna limnophila	232537	S	147	12	159	0.00001
Candidatus Rhodoluna planktonica	535712	S	74	5	79	0.00001
Rhodoluna lacicola	529884	S	64	5	69	0.00001
Pseudoclavibacter sp. Marseille-Q3772	2866588	S	316	76	392	0.00003
Aurantimicrobium photophilum	1987356	S	116	11	127	0.00001
Aurantimicrobium minutum	708131	S	59	19	78	0.00001
Aurantimicrobium sp. MWH-Uga1	2079575	S	57	18	75	0.00001
Pontimonas salivibrio	1159327	S	122	7	129	0.00001
Arthrobacter sp. QXT-31	1357915	S	4087	1518	5605	0.00042
Arthrobacter sp. QL17	2895818	S	1937	574	2511	0.00019
Arthrobacter sp. FW305-BF8	2879617	S	1753	644	2397	0.00018
Arthrobacter sp. PM3	2017685	S	1658	343	2001	0.00015
Arthrobacter sp. NicSoilB8	2830998	S	1627	564	2191	0.00016
Arthrobacter sp. 24S4-2	2575374	S	1521	462	1983	0.00015
Arthrobacter sp. ERGS1:01	1704044	S	1408	354	1762	0.00013
Arthrobacter sp. PAMC25564	2565366	S	1313	478	1791	0.00013
Arthrobacter sp. NicSoilB4	2830997	S	1276	534	1810	0.00013
Arthrobacter sp. U41	1849032	S	1262	482	1744	0.00013
Arthrobacter sp. UKPF54-2	2600159	S	1218	680	1898	0.00014
Arthrobacter sp. KBS0702	2578107	S	1209	636	1845	0.00014
Arthrobacter sp. Helios	2828862	S	1079	232	1311	0.00010
Arthrobacter sp. PGP41	2079227	S	1052	505	1557	0.00012
Arthrobacter sp. FB24	290399	S	1051	459	1510	0.00011
Arthrobacter sp. NicSoilC5	2831000	S	1043	731	1774	0.00013
Arthrobacter sp. FW306-2-2C-D06B	2879618	S	920	240	1160	0.00009
Arthrobacter sp. PAMC25284	2861279	S	908	318	1226	0.00009
Arthrobacter sp. zg-Y462	2886936	S	776	207	983	0.00007
Arthrobacter sp. PAMC 25486	1494608	S	724	154	878	0.00007
Arthrobacter sp. zg-Y809	2886940	S	650	271	921	0.00007
Arthrobacter sp. NtRootA1	2830983	S	598	240	838	0.00006
Arthrobacter sp. StoSoilB5	2830992	S	595	228	823	0.00006
Arthrobacter sp. StoSoilB20	2830995	S	522	198	720	0.00005
Arthrobacter sp. D5-1	1477518	S	379	334	713	0.00005
Arthrobacter sp. YN	2020486	S	377	203	580	0.00004
Arthrobacter sp. C1-1	2813727	S	313	57	370	0.00003
Arthrobacter sp. NicSoilB11	2830999	S	247	1180	1427	0.00011
Arthrobacter sp. FW306-06-A	2879621	S	194	812	1006	0.00007
Arthrobacter sp. FW306-07-I	2879622	S	185	1236	1421	0.00011
Arthrobacter sp. StoSoilA2	2830990	S	179	385	564	0.00004
Arthrobacter sp. StoSoilB13	2830993	S	161	358	519	0.00004
Arthrobacter sp. FW306-05-C	2879620	S	157	980	1137	0.00008
Arthrobacter sp. StoSoilB19	2830994	S	141	775	916	0.00007
Arthrobacter sp. AQ5-05	2184581	S	35	586	621	0.00005
Arthrobacter crystallopoietes	37928	S	3625	857	4482	0.00033
Arthrobacter agilis	37921	S	3064	562	3626	0.00027
Arthrobacter sulfonylureivorans	2486855	S	1649	340	1989	0.00015
Arthrobacter woluwensis	156980	S	1359	400	1759	0.00013
Arthrobacter dokdonellae	2211210	S	1326	290	1616	0.00012
Arthrobacter jiangjiafuii	2817475	S	909	309	1218	0.00009
Arthrobacter alpinus	656366	S	826	1228	2054	0.00015
Arthrobacter sunyaminii	2816859	S	749	289	1038	0.00008
Kocuria rosea	1275	S	3587	1382	4969	0.00037
Kocuria flava	446860	S	3236	1952	5188	0.00038
Kocuria turfanensis	388357	S	3149	1311	4460	0.00033
Kocuria palustris	71999	S	1474	723	2197	0.00016
Kocuria rhizophila	72000	S	1095	1751	2846	0.00021
Kocuria varians	1272	S	953	802	1755	0.00013
Kocuria sp. TGY1127_2	2711328	S	368	76	444	0.00003
Kocuria sp. KD4	2719588	S	227	390	617	0.00005
Kocuria sp. BT304	1702043	S	100	524	624	0.00005
Kocuria indica	1049583	S	207	428	635	0.00005
Pseudarthrobacter sp. L1SW	2851598	S	1070	560	1630	0.00012
Pseudarthrobacter sp. BIM B-2242	2772401	S	987	325	1312	0.00010
Pseudarthrobacter sp. NIBRBAC000502772	2590775	S	667	532	1199	0.00009
Pseudarthrobacter sp. SSS035	2931399	S	584	532	1116	0.00008
Pseudarthrobacter sp. NBSH8	2596911	S	490	223	713	0.00005
Pseudarthrobacter sp. NIBRBAC000502771	2590774	S	262	1051	1313	0.00010
Pseudarthrobacter sp. NIBRBAC000502770	2590785	S	213	749	962	0.00007
Pseudarthrobacter phenanthrenivorans	361575	S	1072	669	1741	0.00013
Pseudarthrobacter chlorophenolicus	85085	S	969	440	1409	0.00010
Pseudarthrobacter equi	728066	S	817	387	1204	0.00009
Pseudarthrobacter psychrotolerans	2697569	S	807	383	1190	0.00009
Pseudarthrobacter sulfonivorans	121292	S	674	726	1400	0.00010
Micrococcus luteus	1270	S	3235	5951	9186	0.00068
Micrococcus sp. KD337-16	2856555	S	1342	1008	2350	0.00017
Micrococcus sp. KBS0714	1179670	S	36	349	385	0.00003
Micrococcus yunnanensis	566027	S	37	336	373	0.00003
Sinomonas atrocyanea	37927	S	3008	1258	4266	0.00032
Sinomonas sp. R1AF57	2020377	S	2493	736	3229	0.00024
Glutamicibacter creatinolyticus	162496	S	1042	324	1366	0.00010
Glutamicibacter protophormiae	37930	S	954	763	1717	0.00013
Glutamicibacter halophytocola	1933880	S	528	120	648	0.00005
Glutamicibacter mishrai	1775880	S	375	99	474	0.00004
Glutamicibacter nicotianae	37929	S	351	1063	1414	0.00010
Glutamicibacter arilaitensis	256701	S	328	146	474	0.00004
Glutamicibacter sp. ZJUTW	1155384	S	94	378	472	0.00004
Rothia kristinae	37923	S	1686	1211	2897	0.00021
Rothia mucilaginosa	43675	S	460	111	571	0.00004
Rothia aeria	172042	S	276	125	401	0.00003
Rothia nasimurium	85336	S	266	171	437	0.00003
Rothia dentocariosa	2047	S	141	62	203	0.00002
Rothia terrae	396015	S	101	53	154	0.00001
Rothia sp. ZJ932	2810516	S	79	15	94	0.00001
Rothia amarae	169480	S	78	44	122	0.00001
Paenarthrobacter ureafaciens	37931	S	591	1245	1836	0.00014
Paenarthrobacter aurescens	43663	S	582	500	1082	0.00008
Paenarthrobacter sp. YJN-5	2735316	S	234	660	894	0.00007
Paenarthrobacter sp. YJN-D	2735317	S	124	311	435	0.00003
Paenarthrobacter nicotinovorans	29320	S	110	245	355	0.00003
Citricoccus sp. SGAir0253	2567881	S	2500	884	3384	0.00025
Nesterenkonia sp. NBAIMH1	2600320	S	1060	89	1149	0.00009
Paeniglutamicibacter sp. Y32M11	2853258	S	522	108	630	0.00005
Psychromicrobium lacuslunae	1618207	S	423	79	502	0.00004
Auritidibacter sp. NML130574	2170745	S	283	38	321	0.00002
Neomicrococcus aestuarii	556325	S	256	150	406	0.00003
Renibacterium salmoninarum	1646	S	220	17	237	0.00002
Cellulomonas sp. Y8	2591145	S	4302	2463	6765	0.00050
Cellulomonas sp. H30R-01	2704467	S	3946	2020	5966	0.00044
Cellulomonas sp. JZ18	2654191	S	3262	1841	5103	0.00038
Cellulomonas sp. C5510	2871170	S	3207	1699	4906	0.00036
Cellulomonas sp. zg-ZUI188	2819978	S	3136	1177	4313	0.00032
Cellulomonas sp. zg-ZUI157	2819979	S	2688	1229	3917	0.00029
Cellulomonas sp. zg-ZUI222	2816956	S	2687	1344	4031	0.00030
Cellulomonas sp. EW123	2608402	S	2207	1668	3875	0.00029
Cellulomonas sp. PSBB021	2003551	S	2151	2169	4320	0.00032
Cellulomonas fimi	1708	S	3372	3494	6866	0.00051
Cellulomonas shaoxiangyii	2566013	S	2896	1576	4472	0.00033
Cellulomonas flavigena	1711	S	2762	1361	4123	0.00031
Cellulomonas iranensis	76862	S	2722	1657	4379	0.00032
Cellulomonas gilvus	11	S	2526	1437	3963	0.00029
Cellulomonas taurus	2729175	S	2409	1043	3452	0.00026
Actinotalea sp. JY-7876	2758442	S	3493	1690	5183	0.00038
Oerskovia sp. KBS0722	1179673	S	2621	1112	3733	0.00028
Pseudactinotalea sp. HY158	2654547	S	2537	493	3030	0.00022
Paraoerskovia marina	545619	S	1726	601	2327	0.00017
Cellulosimicrobium cellulans	1710	S	5710	7066	12776	0.00095
Cellulosimicrobium sp. BI34T	2587808	S	2603	1499	4102	0.00030
Cellulosimicrobium sp. JZ28	1906273	S	538	1422	1960	0.00015
Cellulosimicrobium sp. 72-3	2731680	S	316	1573	1889	0.00014
Cellulosimicrobium sp. TH-20	1980001	S	221	1135	1356	0.00010
Xylanimonas protaetiae	2509457	S	5617	3195	8812	0.00065
Xylanimonas cellulosilytica	186189	S	4363	2042	6405	0.00047
Xylanimonas allomyrinae	2509459	S	3112	1293	4405	0.00033
Isoptericola variabilis	139208	S	3777	2600	6377	0.00047
Isoptericola dokdonensis	372663	S	3138	1614	4752	0.00035
Janibacter melonis	262209	S	3069	1374	4443	0.00033
Janibacter limosus	53458	S	2209	768	2977	0.00022
Janibacter indicus	857417	S	1304	2106	3410	0.00025
Janibacter sp. YB324	2761047	S	748	1593	2341	0.00017
Phycicoccus sp. HDW14	2714941	S	4497	1933	6430	0.00048
Phycicoccus endophyticus	1690220	S	3635	1377	5012	0.00037
Intrasporangium calvum	53358	S	5356	2000	7356	0.00055
Pedococcus dokdonensis	443156	S	3908	1481	5389	0.00040
Tetrasphaera sp. HKS02	1813880	S	3292	1101	4393	0.00033
Arsenicicoccus sp. oral taxon 190	1658671	S	3174	1603	4777	0.00035
Ornithinimicrobium avium	2283195	S	3947	1379	5326	0.00039
Ornithinimicrobium flavum	1288636	S	3370	1392	4762	0.00035
Ornithinimicrobium sp. HY006	2508882	S	2765	1197	3962	0.00029
Ornithinimicrobium sp. INDO-MA30-4	2908651	S	521	124	645	0.00005
Ornithinimicrobium ciconiae	2594265	S	2389	493	2882	0.00021
Ornithinimicrobium pratense	2593973	S	1902	703	2605	0.00019
Serinicoccus chungangensis	767452	S	2911	1280	4191	0.00031
Serinicoccus hydrothermalis	1758689	S	2438	1388	3826	0.00028
Serinicoccus profundi	1078471	S	2224	1037	3261	0.00024
Serinicoccus marinus	247333	S	2071	1235	3306	0.00025
Brachybacterium sp. CBA3105	2887346	S	2317	674	2991	0.00022
Brachybacterium sp. SGAir0954	2571029	S	2128	733	2861	0.00021
Brachybacterium sp. P6-10-X1	1903186	S	2113	460	2573	0.00019
Brachybacterium ginsengisoli	1331682	S	1917	684	2601	0.00019
Brachybacterium saurashtrense	556288	S	1834	641	2475	0.00018
Brachybacterium faecium	43669	S	1829	681	2510	0.00019
Brachybacterium vulturis	2017484	S	1522	660	2182	0.00016
Brachybacterium avium	2017485	S	1246	537	1783	0.00013
Dermabacter vaginalis	1630135	S	619	564	1183	0.00009
Dermabacter jinjuensis	1667168	S	535	615	1150	0.00009
Devriesea agamarum	472569	S	308	22	330	0.00002
Brevibacterium sp. CS2	2575923	S	2197	1170	3367	0.00025
Brevibacterium sp. SMBL_HHYL_HB1	2777556	S	1043	305	1348	0.00010
Brevibacterium sp. HY170	2898795	S	476	177	653	0.00005
Brevibacterium sp. 'Marine'	2725563	S	331	271	602	0.00004
Brevibacterium sp. W7.2	2823518	S	277	1674	1951	0.00014
Brevibacterium casei	33889	S	2146	1864	4010	0.00030
Brevibacterium linens	1703	S	1312	977	2289	0.00017
Brevibacterium luteolum	199591	S	1271	675	1946	0.00014
Brevibacterium atlanticum	2697563	S	835	221	1056	0.00008
Brevibacterium aurantiacum	273384	S	749	636	1385	0.00010
Brevibacterium sandarakinum	629680	S	741	172	913	0.00007
Brevibacterium oceani	358099	S	731	205	936	0.00007
Brevibacterium limosum	2697565	S	592	272	864	0.00006
Brevibacterium siliguriense	1136497	S	428	155	583	0.00004
Brevibacterium pigmentatum	1496080	S	368	335	703	0.00005
Georgenia yuyongxinii	2589797	S	4002	1316	5318	0.00039
Georgenia sp. TF02-10	2917725	S	3965	1928	5893	0.00044
Georgenia wutianyii	2585135	S	3155	1457	4612	0.00034
Georgenia faecalis	2483799	S	3129	1150	4279	0.00032
Haloactinobacterium kanbiaonis	2675754	S	3832	735	4567	0.00034
Ruania sp. LR1S40	2897774	S	2030	554	2584	0.00019
Ruania sp. M4N3S171	2897773	S	1182	204	1386	0.00010
Ruania zhangjianzhongii	2603206	S	2487	333	2820	0.00021
Ruania alkalisoli	2779775	S	1495	314	1809	0.00013
Dermacoccus nishinomiyaensis	1274	S	2061	1130	3191	0.00024
Dermacoccus sp. PAMC28757	2762331	S	1336	616	1952	0.00014
Luteipulveratus mongoliensis	571913	S	2721	508	3229	0.00024
Allobranchiibius sp. GilTou73	2904523	S	2234	656	2890	0.00021
Yimella sp. cx-51	2770551	S	1562	420	1982	0.00015
Pengzhenrongella sicca	2819238	S	3990	1458	5448	0.00040
Luteimicrobium xylanilyticum	1133546	S	3138	1264	4402	0.00033
Beutenbergia cavernae	84757	S	4111	898	5009	0.00037
Miniimonas sp. S16	2171623	S	2913	1956	4869	0.00036
Sanguibacter keddieii	60920	S	2298	893	3191	0.00024
Sanguibacter sp. HDW7	2714931	S	2203	899	3102	0.00023
Gephyromycinifex aptenodytis	2716227	S	1220	184	1404	0.00010
Austwickia chelonae	100225	S	1150	116	1266	0.00009
Dermatophilus congolensis	1863	S	325	39	364	0.00003
Kytococcus sedentarius	1276	S	2362	1894	4256	0.00032
Demequina sp. TMPB413	2881056	S	927	98	1025	0.00008
Jonesia denitrificans	43674	S	203	48	251	0.00002
Tropheryma whipplei	2039	S	71	0	71	0.00001
Mycolicibacterium smegmatis	1772	S	5873	3426	9299	0.00069
Mycolicibacterium litorale	758802	S	4475	1310	5785	0.00043
Mycolicibacterium sp. YH-1	2908837	S	2130	1188	3318	0.00025
Mycolicibacterium phlei	1771	S	3036	1128	4164	0.00031
Mycolicibacterium neoaurum	1795	S	3006	842	3848	0.00029
Mycolicibacterium rutilum	370526	S	2931	920	3851	0.00029
Mycolicibacterium madagascariense	212765	S	2905	498	3403	0.00025
Mycolicibacterium mageritense	53462	S	2762	494	3256	0.00024
Mycolicibacterium hassiacum	46351	S	2737	815	3552	0.00026
Mycolicibacterium sediminis	1286180	S	2653	534	3187	0.00024
Mycolicibacterium arabiense	1286181	S	2630	455	3085	0.00023
Mycolicibacterium chubuense	1800	S	2624	625	3249	0.00024
Mycolicibacterium parafortuitum	39692	S	2620	580	3200	0.00024
Mycolicibacterium thermoresistibile	1797	S	2606	641	3247	0.00024
Mycolicibacterium chitae	1792	S	2546	672	3218	0.00024
Mycolicibacterium vaccae	1810	S	2538	552	3090	0.00023
Mycolicibacterium moriokaense	39691	S	2489	337	2826	0.00021
Mycolicibacterium tokaiense	39695	S	2432	422	2854	0.00021
Mycolicibacterium duvalii	39688	S	2407	519	2926	0.00022
Mycolicibacterium psychrotolerans	216929	S	2381	579	2960	0.00022
Mycolicibacterium pulveris	36813	S	2308	422	2730	0.00020
Mycolicibacterium monacense	85693	S	2267	986	3253	0.00024
Mycolicibacterium fortuitum	1766	S	2266	824	3090	0.00023
Mycolicibacterium rhodesiae	36814	S	2254	389	2643	0.00020
Mycolicibacterium celeriflavum	1249101	S	2246	460	2706	0.00020
Mycolicibacterium gadium	1794	S	2195	314	2509	0.00019
Mycolicibacterium fluoranthenivorans	258505	S	2168	313	2481	0.00018
Mycolicibacterium fallax	1793	S	2157	927	3084	0.00023
Mycolicibacterium poriferae	39694	S	2148	483	2631	0.00020
Mycolicibacterium baixiangningiae	2761578	S	2018	359	2377	0.00018
Mycolicibacterium confluentis	28047	S	2017	344	2361	0.00018
Mycolicibacterium phocaicum	319706	S	1976	1059	3035	0.00023
Mycolicibacterium aurum	1791	S	1958	287	2245	0.00017
Mycolicibacterium gilvum	1804	S	1953	724	2677	0.00020
Mycolicibacterium insubricum	444597	S	1849	556	2405	0.00018
Mycolicibacterium boenickei	146017	S	1713	2237	3950	0.00029
Mycolicibacterium mengxianglii	2736649	S	1699	205	1904	0.00014
Mycolicibacterium anyangense	1431246	S	1685	302	1987	0.00015
Mycolicibacterium aichiense	1799	S	1623	299	1922	0.00014
Mycolicibacterium austroafricanum	39687	S	1536	5817	7353	0.00055
Mycolicibacterium helvum	1534349	S	1411	184	1595	0.00012
Mycolicibacterium mucogenicum	56689	S	1384	590	1974	0.00015
Mycobacterium doricum	126673	S	1353	335	1688	0.00013
Mycolicibacterium alvei	67081	S	1224	337	1561	0.00012
Mycolicibacterium sarraceniae	1534348	S	951	133	1084	0.00008
Mycolicibacterium septicum	98668	S	905	608	1513	0.00011
Mycolicibacterium farcinogenes	1802	S	552	1681	2233	0.00017
Mycolicibacterium vanbaalenii	110539	S	319	4993	5312	0.00039
Mycolicibacterium nivoides	2487344	S	160	728	888	0.00007
Mycobacterium sp. JS623	212767	S	2615	243	2858	0.00021
Mycobacterium sp. IDR2000157661	2867005	S	2317	448	2765	0.00021
Mycobacterium sp. MS1601	1936029	S	1695	258	1953	0.00014
Mycobacterium sp. DL592	2675524	S	1653	295	1948	0.00014
Mycobacterium sp. YC-RL4	1682113	S	1616	592	2208	0.00016
Mycobacterium sp. EPa45	1545728	S	1569	278	1847	0.00014
Mycobacterium sp. DL440	2675523	S	1214	266	1480	0.00011
Mycobacterium sp. TY59	2775496	S	1094	194	1288	0.00010
Mycobacterium sp. WY10	1920667	S	240	656	896	0.00007
Mycobacterium sp. 20KCMC460	2903536	S	97	1743	1840	0.00014
Mycobacterium sp. PYR15	2051552	S	83	656	739	0.00005
Mycobacterium sp. MOTT36Y	1168287	S	41	486	527	0.00004
Mycobacterium sp. IWGMT90018-18076	2871094	S	11	357	368	0.00003
Mycobacterium saskatchewanense	220927	S	2165	433	2598	0.00019
Mycobacterium parmense	185642	S	1920	378	2298	0.00017
Mycobacterium kubicae	120959	S	1861	309	2170	0.00016
Mycobacterium shigaense	722731	S	1510	230	1740	0.00013
Mycobacterium simiae	1784	S	1449	137	1586	0.00012
Mycobacterium heidelbergense	53376	S	1378	342	1720	0.00013
Mycobacterium florentinum	292462	S	1348	296	1644	0.00012
Mycobacterium lentiflavum	141349	S	1277	292	1569	0.00012
Mycobacterium stomatepiae	470076	S	1250	246	1496	0.00011
Mycobacterium avium	1764	S	3068	2995	6063	0.00045
Mycobacterium intracellulare	1767	S	1617	9643	11260	0.00083
Mycobacterium mantenii	560555	S	1404	188	1592	0.00012
Mycobacterium colombiense	339268	S	1271	235	1506	0.00011
Mycobacterium marseillense	701042	S	1196	288	1484	0.00011
Mycobacterium paraintracellulare	1138383	S	312	1982	2294	0.00017
Mycobacterium goodii	134601	S	6767	2376	9143	0.00068
Mycobacterium grossiae	1552759	S	2930	938	3868	0.00029
Mycobacterium rufum	318424	S	2535	779	3314	0.00025
Mycobacterium dioxanotrophicus	482462	S	2270	565	2835	0.00021
Mycobacterium canettii	78331	S	864	616	1480	0.00011
Mycobacterium tuberculosis	1773	S	420	25377	25797	0.00191
Mycobacterium holsaticum	152142	S	2065	351	2416	0.00018
Mycobacterium diernhoferi	1801	S	2005	432	2437	0.00018
Mycobacterium frederiksbergense	117567	S	1923	594	2517	0.00019
Mycobacterium branderi	43348	S	1901	248	2149	0.00016
Mycobacterium paragordonae	1389713	S	1841	230	2071	0.00015
Mycobacterium conspicuum	44010	S	1784	236	2020	0.00015
Mycobacterium gordonae	1778	S	1686	148	1834	0.00014
Mycobacterium koreense	1069220	S	1626	494	2120	0.00016
Mycobacterium heckeshornense	110505	S	1519	130	1649	0.00012
Mycobacterium shinjukuense	398694	S	1446	155	1601	0.00012
Mycobacterium lacus	169765	S	1444	118	1562	0.00012
Mycobacterium paraterrae	577492	S	1441	172	1613	0.00012
Mycobacterium cookii	1775	S	1429	161	1590	0.00012
Mycobacterium riyadhense	486698	S	1338	63	1401	0.00010
Mycobacterium xenopi	1789	S	1296	155	1451	0.00011
Mycobacterium kansasii	1768	S	1264	6616	7880	0.00058
Mycobacterium vicinigordonae	1719132	S	1249	74	1323	0.00010
Mycobacterium ostraviense	2738409	S	1237	125	1362	0.00010
Mycobacterium noviomagense	459858	S	1169	106	1275	0.00009
Mycobacterium malmoense	1780	S	1120	188	1308	0.00010
Mycobacterium paraseoulense	590652	S	1085	225	1310	0.00010
Mycobacterium virginiense	1795032	S	1083	290	1373	0.00010
Mycobacterium seoulense	386911	S	1035	251	1286	0.00010
Mycobacterium basiliense	2094119	S	1003	41	1044	0.00008
Mycobacterium spongiae	886343	S	958	30	988	0.00007
Mycobacterium crocinum	388459	S	844	455	1299	0.00010
Mycobacterium haemophilum	29311	S	616	34	650	0.00005
Mycobacterium marinum	1781	S	363	1290	1653	0.00012
Mycobacterium senegalense	1796	S	237	1168	1405	0.00010
Mycobacterium lepromatosis	480418	S	195	5	200	0.00001
Mycobacterium novum	2492438	S	170	2096	2266	0.00017
Mycobacterium ulcerans	1809	S	160	641	801	0.00006
Mycobacterium leprae	1769	S	139	4	143	0.00001
Mycobacterium shottsii	133549	S	76	123	199	0.00001
Mycobacterium pallens	370524	S	56	493	549	0.00004
Mycobacterium pseudoshottsii	265949	S	38	213	251	0.00002
Mycolicibacter sp. MYC340	2855503	S	1059	286	1345	0.00010
Mycolicibacter sp. MYC098	2872309	S	956	263	1219	0.00009
Mycolicibacter sp. MYC017	2875777	S	622	523	1145	0.00008
Mycolicibacter sp. MYC101	2872311	S	210	908	1118	0.00008
Mycolicibacter sp. MYC123	2855502	S	190	833	1023	0.00008
Mycolicibacter hiberniae	29314	S	1221	290	1511	0.00011
Mycolicibacter terrae	1788	S	1146	383	1529	0.00011
Mycolicibacter minnesotensis	1118379	S	821	160	981	0.00007
Mycolicibacter sinensis	875328	S	252	2538	2790	0.00021
Mycobacteroides abscessus	36809	S	2169	1524	3693	0.00027
Mycobacteroides chelonae	1774	S	1380	1456	2836	0.00021
Mycobacteroides immunogenum	83262	S	861	177	1038	0.00008
Mycobacteroides saopaulense	1578165	S	810	110	920	0.00007
Mycobacteroides salmoniphilum	404941	S	669	73	742	0.00006
[Mycobacterium] stephanolepidis	1520670	S	361	88	449	0.00003
Mycolicibacillus parakoreensis	1069221	S	1851	560	2411	0.00018
Hoyosella subflava	639313	S	780	55	835	0.00006
Rhodococcus sp. X156	2499145	S	3517	1541	5058	0.00038
Rhodococcus sp. MTM3W5.2	1805827	S	2935	873	3808	0.00028
Rhodococcus sp. SGAir0479	2567884	S	2268	821	3089	0.00023
Rhodococcus sp. W8901	2742603	S	2239	733	2972	0.00022
Rhodococcus sp. PBTS 1	1653478	S	1851	599	2450	0.00018
Rhodococcus sp. R79	2811421	S	1521	1033	2554	0.00019
Rhodococcus sp. ABRD24	2507582	S	1507	332	1839	0.00014
Rhodococcus sp. USK10	2789739	S	1217	866	2083	0.00015
Rhodococcus sp. B7740	1564114	S	1055	179	1234	0.00009
Rhodococcus sp. P1Y	1302308	S	912	105	1017	0.00008
Rhodococcus sp. WMMA185	679318	S	908	146	1054	0.00008
Rhodococcus sp. WAY2	2663121	S	738	678	1416	0.00011
Rhodococcus sp. RDE2	2885078	S	699	740	1439	0.00011
Rhodococcus sp. USK13	2806442	S	633	472	1105	0.00008
Rhodococcus sp. WB9	2594007	S	467	665	1132	0.00008
Rhodococcus sp. S2-17	1990687	S	363	1088	1451	0.00011
Rhodococcus sp. ZPP	2749906	S	338	974	1312	0.00010
Rhodococcus sp. M8	1925550	S	292	964	1256	0.00009
Rhodococcus sp. DMU1	2722825	S	289	1148	1437	0.00011
Rhodococcus sp. WB1	1033922	S	162	1471	1633	0.00012
Rhodococcus sp. 21391	2683591	S	140	672	812	0.00006
Rhodococcus sp. 2G	1570939	S	122	527	649	0.00005
Rhodococcus sp. p52	935199	S	103	590	693	0.00005
Rhodococcus sp. DMF-1	2907624	S	89	746	835	0.00006
Rhodococcus sp. P-2	2795031	S	88	110	198	0.00001
Rhodococcus sp. YL-1	1045808	S	77	352	429	0.00003
Rhodococcus sp. LW-XY12	2856851	S	64	609	673	0.00005
Rhodococcus sp. AQ5-07	2054902	S	57	209	266	0.00002
Rhodococcus sp. PSBB049	2812863	S	50	761	811	0.00006
Rhodococcus sp. 008	1723645	S	43	277	320	0.00002
Rhodococcus sp. NJ-530	2490853	S	37	222	259	0.00002
Rhodococcus sp. BH4	1807790	S	28	191	219	0.00002
Rhodococcus sp. C1	644410	S	17	209	226	0.00002
Rhodococcus sp. H-CA8f	1727214	S	12	55	67	0.00000
Rhodococcus opacus	37919	S	7011	7609	14620	0.00108
Rhodococcus equi	43767	S	3448	1472	4920	0.00036
Rhodococcus fascians	1828	S	2746	715	3461	0.00026
Rhodococcus rhodochrous	1829	S	2572	1663	4235	0.00031
Rhodococcus koreensis	99653	S	1798	594	2392	0.00018
Rhodococcus triatomae	300028	S	1797	628	2425	0.00018
Rhodococcus coprophilus	38310	S	1609	352	1961	0.00015
Rhodococcus jostii	132919	S	1492	676	2168	0.00016
Rhodococcus pyridinivorans	103816	S	1244	5081	6325	0.00047
Rhodococcus ruber	1830	S	1036	3581	4617	0.00034
Rhodococcus qingshengii	334542	S	455	2577	3032	0.00022
Rhodococcus erythropolis	1833	S	431	2119	2550	0.00019
Rhodococcus globerulus	33008	S	850	121	971	0.00007
Rhodococcus aetherivorans	191292	S	312	3051	3363	0.00025
Nocardia asteroides	1824	S	12425	4968	17393	0.00129
Nocardia brasiliensis	37326	S	6898	2197	9095	0.00067
Nocardia terpenica	455432	S	5101	1096	6197	0.00046
Nocardia cyriacigeorgica	135487	S	5101	2555	7656	0.00057
Nocardia farcinica	37329	S	3841	2932	6773	0.00050
Nocardia arthritidis	228602	S	3019	451	3470	0.00026
Nocardia wallacei	480035	S	3015	982	3997	0.00030
Nocardia huaxiensis	2755382	S	2950	682	3632	0.00027
Nocardia gipuzkoensis	2749991	S	2803	1143	3946	0.00029
Nocardia yamanashiensis	209247	S	2637	619	3256	0.00024
Nocardia yunnanensis	2382165	S	2633	734	3367	0.00025
Nocardia otitidiscaviarum	1823	S	2594	611	3205	0.00024
Nocardia tengchongensis	2055889	S	2513	728	3241	0.00024
Nocardia sp. CS682	1047172	S	2495	687	3182	0.00024
Nocardia iowensis	204891	S	2471	615	3086	0.00023
Nocardia seriolae	37332	S	2421	751	3172	0.00024
Nocardia nova	37330	S	2306	389	2695	0.00020
Nocardia mangyaensis	2213200	S	2159	674	2833	0.00021
Corynebacterium cyclohexanicum	322009	S	2093	1019	3112	0.00023
Corynebacterium sphenisci	191493	S	2034	725	2759	0.00020
Corynebacterium frankenforstense	1230998	S	1735	609	2344	0.00017
Corynebacterium bovis	36808	S	1655	442	2097	0.00016
Corynebacterium xerosis	1725	S	1545	996	2541	0.00019
Corynebacterium halotolerans	225326	S	1424	376	1800	0.00013
Corynebacterium nuruki	1032851	S	1219	333	1552	0.00012
Corynebacterium freneyi	134034	S	1090	478	1568	0.00012
Corynebacterium sp. CNCTC7651	2815361	S	500	112	612	0.00005
Corynebacterium sp. NML98-0116	702967	S	315	133	448	0.00003
Corynebacterium sp. 1864	2820399	S	85	172	257	0.00002
Corynebacterium sp. FDAARGOS 1242	2778078	S	66	172	238	0.00002
Corynebacterium sp. 4H37-19	2684405	S	61	7	68	0.00001
Corynebacterium sp. sy039	2599641	S	22	2	24	0.00000
Corynebacterium vitaeruminis	38305	S	1049	364	1413	0.00010
Corynebacterium variabile	1727	S	1000	675	1675	0.00012
Corynebacterium maris	575200	S	974	181	1155	0.00009
Corynebacterium humireducens	1223514	S	894	297	1191	0.00009
Corynebacterium marinum	349751	S	891	373	1264	0.00009
Corynebacterium doosanense	1121358	S	850	465	1315	0.00010
Corynebacterium liangguodongii	2079535	S	796	205	1001	0.00007
Corynebacterium timonense	441500	S	782	218	1000	0.00007
Corynebacterium mycetoides	38302	S	766	405	1171	0.00009
Corynebacterium uterequi	1072256	S	740	148	888	0.00007
Corynebacterium yudongzhengii	2080740	S	726	154	880	0.00007
Corynebacterium jeikeium	38289	S	714	1884	2598	0.00019
Corynebacterium provencense	1737425	S	678	183	861	0.00006
Corynebacterium terpenotabidum	89154	S	631	207	838	0.00006
Corynebacterium glyciniphilum	1404244	S	610	89	699	0.00005
Corynebacterium sanguinis	2594913	S	605	457	1062	0.00008
Corynebacterium atypicum	191610	S	596	203	799	0.00006
Corynebacterium comes	2675218	S	582	163	745	0.00006
Corynebacterium imitans	156978	S	559	413	972	0.00007
Corynebacterium urealyticum	43771	S	523	610	1133	0.00008
Corynebacterium lujinxingii	2763010	S	508	197	705	0.00005
Corynebacterium ureicelerivorans	401472	S	502	189	691	0.00005
Corynebacterium falsenii	108486	S	499	249	748	0.00006
Corynebacterium uberis	2883169	S	481	69	550	0.00004
Corynebacterium testudinoris	136857	S	455	108	563	0.00004
Corynebacterium efficiens	152794	S	448	95	543	0.00004
Corynebacterium glaucum	187491	S	443	110	553	0.00004
Corynebacterium qintianiae	2709392	S	441	136	577	0.00004
Corynebacterium kroppenstedtii	161879	S	438	52	490	0.00004
Corynebacterium coyleae	53374	S	437	123	560	0.00004
Corynebacterium genitalium	38288	S	432	110	542	0.00004
Corynebacterium glucuronolyticum	39791	S	423	117	540	0.00004
Corynebacterium casei	160386	S	384	543	927	0.00007
Corynebacterium aurimucosum	169292	S	368	197	565	0.00004
Corynebacterium striatum	43770	S	358	342	700	0.00005
Corynebacterium incognita	2754725	S	348	93	441	0.00003
Corynebacterium lactis	1231000	S	343	63	406	0.00003
Corynebacterium matruchotii	43768	S	339	29	368	0.00003
Corynebacterium tuberculostearicum	38304	S	323	222	545	0.00004
Corynebacterium occultum	2675219	S	312	65	377	0.00003
Corynebacterium aquilae	203263	S	296	54	350	0.00003
Corynebacterium riegelii	156976	S	295	85	380	0.00003
Corynebacterium zhongnanshanii	2768834	S	281	46	327	0.00002
Corynebacterium stationis	1705	S	275	77	352	0.00003
Corynebacterium endometrii	2488819	S	264	60	324	0.00002
Corynebacterium renale	1724	S	261	37	298	0.00002
Corynebacterium camporealensis	161896	S	256	75	331	0.00002
Corynebacterium cystitidis	35757	S	252	19	271	0.00002
Corynebacterium lizhenjunii	2709394	S	238	49	287	0.00002
Corynebacterium kalinowskii	2675216	S	209	126	335	0.00002
Corynebacterium flavescens	28028	S	208	71	279	0.00002
Corynebacterium minutissimum	38301	S	205	216	421	0.00003
Corynebacterium urogenitale	2487892	S	198	42	240	0.00002
Corynebacterium phocae	161895	S	196	32	228	0.00002
Corynebacterium epidermidicanis	1050174	S	193	38	231	0.00002
Corynebacterium simulans	146827	S	191	156	347	0.00003
Corynebacterium diphtheriae	1717	S	179	267	446	0.00003
Corynebacterium singulare	161899	S	178	179	357	0.00003
Corynebacterium argentoratense	42817	S	165	43	208	0.00002
Corynebacterium macginleyi	38290	S	152	42	194	0.00001
Corynebacterium propinquum	43769	S	143	69	212	0.00002
Corynebacterium gerontici	2079234	S	136	31	167	0.00001
Corynebacterium pelargi	1471400	S	133	48	181	0.00001
Corynebacterium choanae	1862358	S	129	16	145	0.00001
Corynebacterium ulcerans	65058	S	125	71	196	0.00001
Corynebacterium pseudopelargi	2080757	S	118	45	163	0.00001
Corynebacterium kefirresidentii	1979527	S	116	87	203	0.00002
Corynebacterium deserti	1408191	S	113	46	159	0.00001
Corynebacterium mustelae	571915	S	104	10	114	0.00001
Corynebacterium pseudodiphtheriticum	37637	S	103	37	140	0.00001
Corynebacterium glutamicum	1718	S	101	2005	2106	0.00016
Corynebacterium resistens	258224	S	92	60	152	0.00001
Corynebacterium accolens	38284	S	83	201	284	0.00002
Corynebacterium hindlerae	699041	S	82	158	240	0.00002
Corynebacterium suranareeae	2506452	S	77	25	102	0.00001
Corynebacterium pseudotuberculosis	1719	S	77	20	97	0.00001
Corynebacterium rouxii	2719119	S	75	46	121	0.00001
Corynebacterium silvaticum	2320431	S	67	31	98	0.00001
Corynebacterium ammoniagenes	1697	S	67	16	83	0.00001
Corynebacterium amycolatum	43765	S	62	479	541	0.00004
Corynebacterium anserum	2684406	S	58	8	66	0.00000
Corynebacterium crudilactis	1652495	S	55	76	131	0.00001
Corynebacterium segmentosum	43990	S	53	128	181	0.00001
Corynebacterium callunae	1721	S	47	18	65	0.00000
Corynebacterium kutscheri	35755	S	14	2	16	0.00000
Gordonia sp. PP30	2935861	S	2202	745	2947	0.00022
Gordonia sp. YC-JH1	2059875	S	1347	1088	2435	0.00018
Gordonia sp. KTR9	337191	S	1329	318	1647	0.00012
Gordonia sp. PDNC005	2811424	S	1160	212	1372	0.00010
Gordonia sp. WA4-43	2878678	S	281	1065	1346	0.00010
Gordonia sp. JH63	2698900	S	181	621	802	0.00006
Gordonia sp. 135	2676309	S	134	965	1099	0.00008
Gordonia sp. 1D	1737359	S	54	865	919	0.00007
Gordonia polyisoprenivorans	84595	S	3203	777	3980	0.00030
Gordonia terrae	2055	S	2283	1449	3732	0.00028
Gordonia insulae	2420509	S	1952	329	2281	0.00017
Gordonia bronchialis	2054	S	1653	459	2112	0.00016
Gordonia phthalatica	1136941	S	1633	795	2428	0.00018
Gordonia amarae	36821	S	1600	384	1984	0.00015
Gordonia iterans	1004901	S	1546	625	2171	0.00016
Gordonia pseudoamarae	2831662	S	1502	340	1842	0.00014
Gordonia jinghuaiqii	2758710	S	1498	356	1854	0.00014
Gordonia rubripertincta	36822	S	1316	878	2194	0.00016
Gordonia otitidis	249058	S	1238	245	1483	0.00011
Gordonia zhaorongruii	2597659	S	1048	234	1282	0.00010
Gordonia alkanivorans	84096	S	331	1322	1653	0.00012
Gordonia amicalis	89053	S	251	1942	2193	0.00016
Gordonia hongkongensis	1701090	S	201	676	877	0.00007
Skermania piniformis	39122	S	1840	294	2134	0.00016
Tsukamurella paurometabola	2061	S	3396	1897	5293	0.00039
Tsukamurella tyrosinosolvens	57704	S	2748	1378	4126	0.00031
Tsukamurella sp. PLM1	2929795	S	1911	721	2632	0.00020
Tsukamurella pulmonis	47312	S	1816	753	2569	0.00019
Dietzia sp. oral taxon 368	712270	S	1198	2285	3483	0.00026
Dietzia lutea	546160	S	1408	908	2316	0.00017
Dietzia psychralcaliphila	139021	S	1289	433	1722	0.00013
Dietzia timorensis	499555	S	966	619	1585	0.00012
Tomitella fengzijianii	2597660	S	1909	783	2692	0.00020
Tomitella gaofuii	2760083	S	1883	715	2598	0.00019
Segniliparus rotundus	286802	S	994	72	1066	0.00008
Lawsonella clevelandensis	1528099	S	239	35	274	0.00002
Micromonospora sp. WMMC415	2675222	S	17452	7670	25122	0.00186
Micromonospora sp. HM134	2583243	S	4859	2470	7329	0.00054
Micromonospora sp. WMMA2032	2039870	S	4672	3461	8133	0.00060
Micromonospora sp. B006	2201999	S	3715	3178	6893	0.00051
Micromonospora sp. L5	648999	S	442	4901	5343	0.00040
Micromonospora echinaurantiaca	47857	S	9346	5242	14588	0.00108
Micromonospora krabiensis	307121	S	8238	3345	11583	0.00086
Micromonospora inositola	47865	S	7867	4492	12359	0.00092
Micromonospora carbonacea	47853	S	7497	3940	11437	0.00085
Micromonospora terminaliae	1914461	S	7276	4253	11529	0.00085
Micromonospora echinofusca	47858	S	7076	3783	10859	0.00081
Micromonospora purpureochromogenes	47872	S	6820	4192	11012	0.00082
Micromonospora viridifaciens	1881	S	6500	3286	9786	0.00073
Micromonospora coriariae	285665	S	6128	2544	8672	0.00064
Micromonospora coxensis	356852	S	6056	3895	9951	0.00074
Micromonospora echinospora	1877	S	5976	2429	8405	0.00062
Micromonospora siamensis	299152	S	5899	3289	9188	0.00068
Micromonospora auratinigra	261654	S	5206	3162	8368	0.00062
Micromonospora ferruginea	2749844	S	5129	3404	8533	0.00063
Micromonospora sagamiensis	47875	S	5098	2267	7365	0.00055
Micromonospora maris	1003110	S	5093	1824	6917	0.00051
Micromonospora chokoriensis	356851	S	4860	1831	6691	0.00050
Micromonospora narathiwatensis	299146	S	4661	2513	7174	0.00053
Micromonospora endophytica (Xie et al. 2001) Li et al. 2019	515350	S	4530	1605	6135	0.00045
Micromonospora zamorensis	709883	S	4522	1687	6209	0.00046
Micromonospora rifamycinica	291594	S	4320	2234	6554	0.00049
Micromonospora craniellae	2294034	S	3629	2495	6124	0.00045
Micromonospora tulbaghiae	479978	S	2681	3142	5823	0.00043
Micromonospora aurantiaca	47850	S	2043	14443	16486	0.00122
Actinoplanes sp. L3-i22	2836373	S	10705	8230	18935	0.00140
Actinoplanes sp. N902-109	649831	S	9539	3392	12931	0.00096
Actinoplanes sp. OR16	946334	S	9193	4824	14017	0.00104
Actinoplanes friuliensis	196914	S	9885	1980	11865	0.00088
Actinoplanes ianthinogenes	122358	S	8855	4047	12902	0.00096
Actinoplanes missouriensis	1866	S	8378	3137	11515	0.00085
Actinoplanes teichomyceticus	1867	S	8063	3913	11976	0.00089
Actinoplanes derwentensis	113562	S	7021	1293	8314	0.00062
Phytohabitans suffuscus	624315	S	16747	4868	21615	0.00160
Phytohabitans flavus	1076124	S	13769	3017	16786	0.00124
Plantactinospora sp. KBS50	2024580	S	7565	2348	9913	0.00073
Plantactinospora sp. BC1	2108470	S	1912	5657	7569	0.00056
Plantactinospora sp. BB1	2071627	S	1801	5271	7072	0.00052
Dactylosporangium vinaceum	53362	S	15254	2269	17523	0.00130
Catellatospora sp. IY07-71	2728827	S	13772	4022	17794	0.00132
Actinocatenispora sera	390989	S	5968	2064	8032	0.00060
Actinocatenispora thailandica	227318	S	5933	1942	7875	0.00058
Couchioplanes caeruleus	56438	S	10580	3367	13947	0.00103
Polymorphospora rubra	338584	S	9102	2534	11636	0.00086
Natronosporangium hydrolyticum	2811111	S	5481	504	5985	0.00044
Verrucosispora sp. NA02020	2742132	S	3374	2886	6260	0.00046
Salinispora tropica	168695	S	3131	643	3774	0.00028
Amycolatopsis sp. DSM 110486	2865832	S	7947	1991	9938	0.00074
Amycolatopsis sp. WQ 127309	2932773	S	7005	2459	9464	0.00070
Amycolatopsis sp. FDAARGOS 1241	2778070	S	6954	1904	8858	0.00066
Amycolatopsis sp. YIM 10	2653857	S	6321	2353	8674	0.00064
Amycolatopsis sp. Hca4	2742131	S	6105	2776	8881	0.00066
Amycolatopsis sp. CA-230715	2745196	S	5844	1168	7012	0.00052
Amycolatopsis sp. FU40	2914159	S	3646	1841	5487	0.00041
Amycolatopsis sp. AA4	1896961	S	3142	1850	4992	0.00037
Amycolatopsis sp. BJA-103	1911175	S	3053	1481	4534	0.00034
Amycolatopsis sp. TNS106	2861750	S	2514	1765	4279	0.00032
Amycolatopsis sp. EV170708-02-1	2919322	S	1921	2252	4173	0.00031
Amycolatopsis acidiphila	715473	S	7426	2087	9513	0.00071
Amycolatopsis pretoriensis	218821	S	6145	2502	8647	0.00064
Amycolatopsis mediterranei	33910	S	5997	3707	9704	0.00072
Amycolatopsis albispora	1804986	S	5752	4231	9983	0.00074
Amycolatopsis thermalba	944492	S	5668	3027	8695	0.00064
Amycolatopsis methanolica	1814	S	5183	2607	7790	0.00058
Amycolatopsis keratiniphila	129921	S	2973	2931	5904	0.00044
Amycolatopsis japonica	208439	S	1551	1718	3269	0.00024
Amycolatopsis aidingensis	2842453	S	4992	778	5770	0.00043
Amycolatopsis orientalis	31958	S	3528	1491	5019	0.00037
Pseudonocardia sp. DSM 110487	2865833	S	43944	8265	52209	0.00387
Pseudonocardia sp. CGMCC 4.1532	2761535	S	7794	5300	13094	0.00097
Pseudonocardia sp. HH130630-07	1690815	S	6366	2371	8737	0.00065
Pseudonocardia sp. AL041005-10	445576	S	5075	2343	7418	0.00055
Pseudonocardia sp. HH130629-09	1641402	S	3857	2011	5868	0.00044
Pseudonocardia sp. EC080625-04	1096868	S	119	3248	3367	0.00025
Pseudonocardia sp. EC080619-01	1096856	S	23	5767	5790	0.00043
Pseudonocardia sp. EC080610-09	1688404	S	14	1194	1208	0.00009
Pseudonocardia broussonetiae	2736640	S	11608	4850	16458	0.00122
Pseudonocardia dioxanivorans	240495	S	11504	4089	15593	0.00116
Pseudonocardia autotrophica	2074	S	6823	2400	9223	0.00068
Pseudonocardia abyssalis	2792008	S	6618	4037	10655	0.00079
Saccharopolyspora erythraea	1836	S	16680	6666	23346	0.00173
Saccharopolyspora gregorii	33914	S	7147	1906	9053	0.00067
Saccharopolyspora spinosa	60894	S	3583	2637	6220	0.00046
Saccharopolyspora pogona	333966	S	2852	3705	6557	0.00049
Saccharopolyspora sp. ASAGF58	2719023	S	1958	2819	4777	0.00035
Saccharothrix syringae	103733	S	9294	4124	13418	0.00099
Saccharothrix sp. 6-C	2781735	S	7883	3402	11285	0.00084
Saccharothrix espanaensis	103731	S	7035	2654	9689	0.00072
Allokutzneria albata	211114	S	22169	7051	29220	0.00217
Saccharomonospora marina	632569	S	3965	1169	5134	0.00038
Saccharomonospora azurea	40988	S	2932	1074	4006	0.00030
Saccharomonospora cyanea	40989	S	2861	1246	4107	0.00030
Saccharomonospora xinjiangensis	75294	S	2252	481	2733	0.00020
Saccharomonospora glauca	40990	S	1948	852	2800	0.00021
Saccharomonospora viridis	1852	S	1892	373	2265	0.00017
Kutzneria sp. CA-103260	2802641	S	8890	2545	11435	0.00085
Kutzneria albida	43357	S	6325	1936	8261	0.00061
Lentzea guizhouensis	1586287	S	12095	3345	15440	0.00114
Actinoalloteichus hoggarensis	1470176	S	3166	566	3732	0.00028
Actinoalloteichus hymeniacidonis	340345	S	2467	315	2782	0.00021
Actinoalloteichus sp. GBA129-24	1612551	S	152	2090	2242	0.00017
Actinoalloteichus fjordicus	1612552	S	109	1810	1919	0.00014
Actinosynnema pretiosum	42197	S	2677	5809	8486	0.00063
Actinosynnema mirum	40567	S	267	2845	3112	0.00023
Kibdelosporangium phytohabitans	860235	S	7322	1165	8487	0.00063
Alloactinosynnema sp. L-07	1653480	S	5418	1585	7003	0.00052
Allosaccharopolyspora coralli	2665642	S	3406	957	4363	0.00032
Prauserella marina	530584	S	3263	384	3647	0.00027
Nocardioides sp. G188	2849501	S	9658	4067	13725	0.00102
Nocardioides sp. JS614	196162	S	7950	3094	11044	0.00082
Nocardioides sp. LMS-CY	2840457	S	7458	3231	10689	0.00079
Nocardioides sp. TF02-7	2917724	S	6706	2940	9646	0.00072
Nocardioides sp. W7	2931390	S	5960	2644	8604	0.00064
Nocardioides sp. HDW12B	2714939	S	5933	2678	8611	0.00064
Nocardioides sp. SCSIO 67246	2872154	S	5729	2032	7761	0.00058
Nocardioides sp. cx-173	2898796	S	5325	2408	7733	0.00057
Nocardioides sp. zg-1228	2763008	S	5109	2933	8042	0.00060
Nocardioides sp. S-1144	2582905	S	5100	2609	7709	0.00057
Nocardioides sp. S5	2017486	S	4832	3115	7947	0.00059
Nocardioides sp. zg-579	2663857	S	4734	3123	7857	0.00058
Nocardioides sp. InS609-2	2760705	S	4377	1349	5726	0.00042
Nocardioides sp. 603	2483798	S	4292	2602	6894	0.00051
Nocardioides sp. MC1495	2736757	S	4176	1977	6153	0.00046
Nocardioides sp. CF8	110319	S	3942	2090	6032	0.00045
Nocardioides sp. JQ2195	2592334	S	3596	1015	4611	0.00034
Nocardioides sp. zg-536	2803858	S	3577	2059	5636	0.00042
Nocardioides sp. WS12	2486272	S	3117	738	3855	0.00029
Nocardioides sp. dk884	2662361	S	2971	3637	6608	0.00049
Nocardioides sp. ZJ1313	2685869	S	2877	3543	6420	0.00048
Nocardioides sp. Kera G14	2884264	S	2619	756	3375	0.00025
Nocardioides mesophilus	433659	S	9222	3849	13071	0.00097
Nocardioides ungokensis	1643322	S	6375	2987	9362	0.00069
Nocardioides anomalus	2712223	S	6374	2608	8982	0.00067
Nocardioides euryhalodurans	2518370	S	5880	2429	8309	0.00062
Nocardioides humi	449461	S	5531	2434	7965	0.00059
Nocardioides cynanchi	2558918	S	5246	1703	6949	0.00052
Nocardioides okcheonensis	2894081	S	5077	3083	8160	0.00060
Nocardioides aromaticivorans	200618	S	4968	2508	7476	0.00055
Nocardioides dongkuii	2760089	S	4781	3124	7905	0.00059
Nocardioides rotundus	1774216	S	4627	2440	7067	0.00052
Nocardioides aquaticus	160826	S	4503	1861	6364	0.00047
Nocardioides marinisabuli	419476	S	4143	3020	7163	0.00053
Nocardioides sambongensis	2589074	S	3915	1533	5448	0.00040
Nocardioides dokdonensis	450734	S	3826	2300	6126	0.00045
Nocardioides panacisoli	627624	S	3725	1267	4992	0.00037
Nocardioides seonyuensis	2518371	S	3616	1293	4909	0.00036
Nocardioides houyundeii	2045452	S	3583	1480	5063	0.00038
Nocardioides piscis	2714938	S	3391	1636	5027	0.00037
Nocardioides daphniae	402297	S	2592	1579	4171	0.00031
Nocardioides jishulii	2575440	S	2472	1194	3666	0.00027
Nocardioides yefusunii	2500546	S	1635	662	2297	0.00017
Nocardioides baekrokdamisoli	1804624	S	1627	286	1913	0.00014
Aeromicrobium sp. Leaf245	1736306	S	3031	1282	4313	0.00032
Aeromicrobium sp. zg-629	2663859	S	2306	1036	3342	0.00025
Aeromicrobium sp. A1-2	2107713	S	2020	393	2413	0.00018
Aeromicrobium choanae	1736691	S	3071	1279	4350	0.00032
Aeromicrobium erythreum	2041	S	3061	1271	4332	0.00032
Aeromicrobium marinum	219314	S	2907	891	3798	0.00028
Aeromicrobium chenweiae	2079793	S	2865	1321	4186	0.00031
Aeromicrobium yanjiei	2662028	S	2449	1044	3493	0.00026
Friedmanniella luteola	546871	S	7411	2172	9583	0.00071
Pimelobacter simplex	2045	S	4806	2498	7304	0.00054
Marmoricola scoriae	642780	S	4388	2336	6724	0.00050
Mumia sp. ZJ1417	2708082	S	3621	900	4521	0.00034
Micropruina glycogenica	75385	S	2630	556	3186	0.00024
Microlunatus sagamiharensis	546874	S	6024	2052	8076	0.00060
Microlunatus phosphovorus	29405	S	4458	778	5236	0.00039
Microlunatus soli	630515	S	4000	616	4616	0.00034
Microlunatus elymi	2596828	S	3481	610	4091	0.00030
Microlunatus sp. Gsoil 973	2672569	S	3166	391	3557	0.00026
Tessaracoccus sp. J1M15	2829499	S	2050	771	2821	0.00021
Tessaracoccus sp. MC1865	2760310	S	1612	508	2120	0.00016
Tessaracoccus defluvii	1285901	S	2281	1713	3994	0.00030
Tessaracoccus aquimaris	1332264	S	1827	1068	2895	0.00021
Tessaracoccus flavescens	399497	S	1683	1531	3214	0.00024
Tessaracoccus flavus	1610493	S	1673	1392	3065	0.00023
Tessaracoccus timonensis	2161816	S	1028	583	1611	0.00012
Brevilactibacter coleopterorum	2714937	S	3371	2099	5470	0.00041
Brevilactibacter sp. MC1595	2819349	S	3022	1646	4668	0.00035
Acidipropionibacterium jensenii	1749	S	2060	1757	3817	0.00028
Acidipropionibacterium acidipropionici	1748	S	1854	1440	3294	0.00024
Acidipropionibacterium virtanenii	2057246	S	1415	376	1791	0.00013
Propionibacterium acidifaciens	556499	S	1970	538	2508	0.00019
Propionibacterium freudenreichii	1744	S	1657	1898	3555	0.00026
Propionibacterium australiense	119981	S	1556	314	1870	0.00014
Auraticoccus monumenti	675864	S	4538	1188	5726	0.00042
Cutibacterium avidum	33010	S	1301	529	1830	0.00014
Cutibacterium granulosum	33011	S	816	216	1032	0.00008
Cutibacterium acnes	1747	S	573	526	1099	0.00008
Cutibacterium modestum	2559073	S	287	49	336	0.00002
Arachnia propionica	1750	S	1650	245	1895	0.00014
Arachnia rubra	1547448	S	1001	128	1129	0.00008
Raineyella fluvialis	2662261	S	2617	498	3115	0.00023
Vaginimicrobium propionicum	1871034	S	119	61	180	0.00001
Kribbella flavida	182640	S	8745	2726	11471	0.00085
Kribbella qitaiheensis	1544730	S	6078	1264	7342	0.00054
Actinopolymorpha singaporensis	117157	S	6880	1104	7984	0.00059
Nonomuraea nitratireducens	2656914	S	13247	3876	17123	0.00127
Nonomuraea sp. ATCC 55076	1909395	S	12565	5269	17834	0.00132
Nonomuraea coxensis	404386	S	12492	4942	17434	0.00129
Nonomuraea gerenzanensis	93944	S	12147	5316	17463	0.00129
Streptosporangium roseum	2001	S	10061	3681	13742	0.00102
Streptosporangium sp. 'caverna'	2202249	S	9532	2745	12277	0.00091
Thermobispora bispora	2006	S	6151	2027	8178	0.00061
Actinomadura sp. WMMB 499	1219491	S	11582	3816	15398	0.00114
Actinomadura sp. NAK00032	2742128	S	8595	4157	12752	0.00095
Actinomadura sp. WMMA1423	2591108	S	8162	3320	11482	0.00085
Actinomadura madurae	1993	S	10914	4485	15399	0.00114
Actinomadura verrucosospora	46165	S	9231	3860	13091	0.00097
Actinomadura graeca	2750812	S	7274	2324	9598	0.00071
Thermomonospora amylolytica	1411117	S	8272	4119	12391	0.00092
Thermomonospora curvata	2020	S	5487	2145	7632	0.00057
Nocardiopsis sp. MT53	2865672	S	5019	1606	6625	0.00049
Nocardiopsis sp. HDS12	2831968	S	1635	1566	3201	0.00024
Nocardiopsis dassonvillei	2014	S	3783	4200	7983	0.00059
Nocardiopsis gilva	280236	S	3706	1021	4727	0.00035
Nocardiopsis alba	53437	S	2600	639	3239	0.00024
Thermobifida halotolerans	483545	S	3053	1301	4354	0.00032
Thermobifida alba	53522	S	3040	1576	4616	0.00034
Thermobifida fusca	2021	S	1573	356	1929	0.00014
Streptomonospora litoralis	2498135	S	4615	1224	5839	0.00043
Spiractinospora alimapuensis	2820884	S	2692	245	2937	0.00022
Blastococcus sp. PRF04-17	2933797	S	14261	6492	20753	0.00154
Blastococcus saxobsidens	138336	S	11622	4707	16329	0.00121
Geodermatophilus obscurus	1861	S	20396	9004	29400	0.00218
Modestobacter marinus	477641	S	11941	5329	17270	0.00128
Modestobacter sp. L9-4	2851567	S	6746	3323	10069	0.00075
Actinomyces sp. oral taxon 414	712122	S	1494	396	1890	0.00014
Actinomyces sp. MAS-1	2755559	S	1150	291	1441	0.00011
Actinomyces sp. Z16	2079536	S	865	360	1225	0.00009
Actinomyces sp. 432	2057798	S	685	185	870	0.00006
Actinomyces sp. Chiba101	1851395	S	660	365	1025	0.00008
Actinomyces sp. oral taxon 171	706438	S	357	329	686	0.00005
Actinomyces sp. oral taxon 169	712116	S	209	421	630	0.00005
Actinomyces sp. HMT897	2789424	S	182	605	787	0.00006
Actinomyces sp. oral taxon 897	2081702	S	155	525	680	0.00005
Actinomyces sp. HMT 175	2789425	S	133	600	733	0.00005
Actinomyces sp. zg-332	2708340	S	16	3	19	0.00000
Actinomyces radicidentis	111015	S	1582	870	2452	0.00018
Actinomyces howellii	52771	S	1452	296	1748	0.00013
Actinomyces slackii	52774	S	1050	228	1278	0.00009
Actinomyces procaprae	2560010	S	1001	428	1429	0.00011
Actinomyces respiraculi	2744574	S	950	291	1241	0.00009
Actinomyces weissii	675090	S	822	210	1032	0.00008
Actinomyces faecalis	2722820	S	757	142	899	0.00007
Actinomyces viscosus	1656	S	713	351	1064	0.00008
Actinomyces qiguomingii	2057800	S	690	116	806	0.00006
Actinomyces naeslundii	1655	S	635	429	1064	0.00008
Actinomyces marmotae	2737173	S	485	316	801	0.00006
Actinomyces oris	544580	S	477	1432	1909	0.00014
Actinomyces lilanjuaniae	2321394	S	473	134	607	0.00005
Actinomyces wuliandei	2057743	S	456	142	598	0.00004
Actinomyces gaoshouyii	1960083	S	423	255	678	0.00005
Actinomyces trachealis	2763540	S	287	68	355	0.00003
Actinomyces pacaensis	1852377	S	152	25	177	0.00001
Schaalia sp. 19OD2882	2794089	S	664	114	778	0.00006
Schaalia sp. JY-X169	2758572	S	264	13	277	0.00002
Schaalia sp. ZJ405	2709403	S	195	22	217	0.00002
Schaalia odontolytica	1660	S	837	248	1085	0.00008
Schaalia meyeri	52773	S	550	121	671	0.00005
Schaalia cardiffensis	181487	S	364	67	431	0.00003
Schaalia turicensis	131111	S	170	233	403	0.00003
Flaviflexus salsibiostraticola	1282737	S	935	353	1288	0.00010
Flaviflexus sp. dk850	2758573	S	490	249	739	0.00005
Flaviflexus ciconiae	2496867	S	366	66	432	0.00003
Trueperella pecoris	2733571	S	658	257	915	0.00007
Trueperella pyogenes	1661	S	442	340	782	0.00006
Trueperella bialowiezensis	312285	S	335	24	359	0.00003
Nanchangia anserum	2692125	S	809	119	928	0.00007
Pauljensenia hongkongensis	178339	S	762	358	1120	0.00008
Actinobaculum sp. 313	2495645	S	316	23	339	0.00003
Actinotignum schaalii	59505	S	285	26	311	0.00002
Arcanobacterium haemolyticum	28264	S	79	49	128	0.00001
Arcanobacterium phocisimile	1302235	S	52	24	76	0.00001
Arcanobacterium phocae	131112	S	30	14	44	0.00000
Arcanobacterium sp. 2701	2722751	S	22	8	30	0.00000
Changpingibacter yushuensis	2758440	S	200	79	279	0.00002
Mobiluncus curtisii	2051	S	174	68	242	0.00002
Varibaculum sp. EMRHCC_39	2811781	S	76	31	107	0.00001
Boudabousia tangfeifanii	1912795	S	64	6	70	0.00001
Fannyhessea vaginae	82135	S	50	19	69	0.00001
Frankia inefficax	298654	S	9828	1602	11430	0.00085
Frankia sp. QA3	710111	S	3763	1930	5693	0.00042
Frankia sp. ArI3	1858	S	2897	2306	5203	0.00039
Candidatus Frankia datiscae	2716812	S	4636	829	5465	0.00041
Frankia casuarinae	106370	S	4044	577	4621	0.00034
Frankia alni	1859	S	3238	2657	5895	0.00044
Jiangella alkaliphila	419479	S	13532	5032	18564	0.00138
Jiangella sp. DSM 45060	1798224	S	12887	4991	17878	0.00133
Bifidobacterium pseudolongum	1694	S	1016	461	1477	0.00011
Bifidobacterium choerinum	35760	S	989	563	1552	0.00012
Bifidobacterium longum	216816	S	947	2597	3544	0.00026
Bifidobacterium scardovii	158787	S	884	110	994	0.00007
Bifidobacterium bifidum	1681	S	684	294	978	0.00007
Bifidobacterium pullorum	78448	S	648	339	987	0.00007
Bifidobacterium animalis	28025	S	593	1027	1620	0.00012
Bifidobacterium subtile	77635	S	532	101	633	0.00005
Bifidobacterium asteroides	1684	S	482	19	501	0.00004
Bifidobacterium adolescentis	1680	S	473	139	612	0.00005
Bifidobacterium thermophilum	33905	S	407	123	530	0.00004
Bifidobacterium actinocoloniiforme	638619	S	356	17	373	0.00003
Bifidobacterium eulemuris	1765219	S	329	87	416	0.00003
Bifidobacterium lemurum	1603886	S	311	86	397	0.00003
Bifidobacterium breve	1685	S	288	338	626	0.00005
Bifidobacterium dentium	1689	S	271	25	296	0.00002
Bifidobacterium angulatum	1683	S	236	77	313	0.00002
Bifidobacterium catenulatum	1686	S	169	256	425	0.00003
Bifidobacterium pseudocatenulatum	28026	S	161	128	289	0.00002
Bifidobacterium imperatoris	2020965	S	82	50	132	0.00001
Bifidobacterium saguini	762210	S	58	31	89	0.00001
Bifidobacterium indicum	1691	S	45	65	110	0.00001
Bifidobacterium coryneforme	1687	S	40	57	97	0.00001
Parascardovia denticolens	78258	S	274	63	337	0.00003
Gardnerella vaginalis	2702	S	31	49	80	0.00001
Scardovia inopinata	78259	S	30	14	44	0.00000
Nakamurella multipartita	53461	S	5923	1537	7460	0.00055
Nakamurella panacisegetis	1090615	S	2929	552	3481	0.00026
Nakamurella sp. PAMC28650	2762325	S	2556	369	2925	0.00022
Nakamurella antarctica	1902245	S	527	53	580	0.00004
Catenulispora acidiphila	304895	S	6605	1328	7933	0.00059
Jatrophihabitans sp. GAS493	1907575	S	2626	344	2970	0.00022
Jatrophihabitans telluris	2038343	S	2473	306	2779	0.00021
Stackebrandtia nassauensis	283811	S	4376	546	4922	0.00036
Natronoglycomyces albus	2811108	S	674	31	705	0.00005
Kineococcus radiotolerans	131568	S	4285	1631	5916	0.00044
Actinopolyspora erythraea	414996	S	2604	366	2970	0.00022
Epidermidibacterium keratini	1891644	S	2232	1494	3726	0.00028
Acidothermus cellulolyticus	28049	S	1873	128	2001	0.00015
Candidatus Planktophila lacus	1884913	S	64	14	78	0.00001
Candidatus Planktophila versatilis	1884905	S	57	18	75	0.00001
Candidatus Planktophila sulfonica	1884904	S	46	20	66	0.00000
Candidatus Planktophila dulcis	1884914	S	31	29	60	0.00000
Candidatus Planktophila vernalis	1884907	S	30	9	39	0.00000
Candidatus Planktophila limnetica	573600	S	22	5	27	0.00000
Candidatus Nanopelagicus abundans	1884916	S	16	14	30	0.00000
Candidatus Nanopelagicus hibericus	1884915	S	15	16	31	0.00000
Rubrobacter xylanophilus	49319	S	38800	6390	45190	0.00335
Rubrobacter tropicus	2653851	S	36784	3225	40009	0.00297
Rubrobacter marinus	2653852	S	23634	2463	26097	0.00193
Rubrobacter radiotolerans	42256	S	8657	1307	9964	0.00074
Rubrobacter indicoceani	2051957	S	4619	421	5040	0.00037
Baekduia soli	496014	S	15879	3498	19377	0.00144
Conexibacter sp. SYSU D00693	2812560	S	19388	5994	25382	0.00188
Conexibacter sp. S30A1	2937800	S	6533	864	7397	0.00055
Conexibacter sp. DBS9H8	2937801	S	6455	768	7223	0.00054
Conexibacter woesei	191495	S	26171	5948	32119	0.00238
Miltoncostaea marina	2843215	S	10501	3395	13896	0.00103
Miltoncostaea oceani	2843216	S	9585	1852	11437	0.00085
Aquihabitans sp. G128	2849779	S	17359	4328	21687	0.00161
Aquihabitans sp. Kera 3	2884263	S	14643	2983	17626	0.00131
Iamia sp. SCSIO 61187	2722752	S	19341	3802	23143	0.00172
Actinomarinicola tropica	2789776	S	17134	4144	21278	0.00158
Ilumatobacter coccineus	467094	S	5993	440	6433	0.00048
Acidimicrobium ferrooxidans	53635	S	2219	204	2423	0.00018
Euzebya pacifica	1608957	S	6463	717	7180	0.00053
Egicoccus halophilus	1670830	S	6332	1291	7623	0.00057
Egibacter rhizosphaerae	1670831	S	5542	438	5980	0.00044
Eggerthella lenta	84112	S	1023	802	1825	0.00014
Eggerthella guodeyinii	2690837	S	881	481	1362	0.00010
Eggerthella sp. YY7918	502558	S	211	113	324	0.00002
Gordonibacter urolithinfaciens	1335613	S	548	466	1014	0.00008
Gordonibacter pamelaeae	471189	S	518	604	1122	0.00008
Adlercreutzia equolifaciens	446660	S	525	356	881	0.00007
Adlercreutzia hattorii	2707299	S	288	399	687	0.00005
Arabiibacter massiliensis	1870985	S	1142	286	1428	0.00011
Raoultibacter timonensis	1907662	S	672	64	736	0.00005
Berryella intestinalis	1531429	S	586	848	1434	0.00011
Slackia heliotrinireducens	84110	S	560	21	581	0.00004
Denitrobacterium detoxificans	79604	S	301	158	459	0.00003
Phoenicibacter congonensis	1944646	S	118	64	182	0.00001
Cryptobacterium curtum	84163	S	62	8	70	0.00001
Olsenella timonensis	1805478	S	1091	405	1496	0.00011
Olsenella uli	133926	S	591	75	666	0.00005
Olsenella sp. oral taxon 807	712411	S	466	34	500	0.00004
Parolsenella massiliensis	1871022	S	575	354	929	0.00007
Parolsenella catena	2003188	S	537	359	896	0.00007
Parafannyhessea umbonata	604330	S	746	551	1297	0.00010
Thermophilibacter immobilis	2779519	S	728	346	1074	0.00008
Atopobium sp. oral taxon 416	712157	S	182	24	206	0.00002
Lancefieldella parvula	1382	S	49	6	55	0.00000
Collinsella aerofaciens	74426	S	953	576	1529	0.00011
Collinsella stercoris	147206	S	633	112	745	0.00006
Collinsella sp. zg1085	2844380	S	42	2	44	0.00000
Coriobacterium glomerans	33871	S	452	19	471	0.00003
Bacillus sp. Y1	352858	S	1353	728	2081	0.00015
Bacillus sp. S3	486398	S	459	187	646	0.00005
Bacillus sp. 1NLA3E	666686	S	322	158	480	0.00004
Bacillus sp. WP8	756828	S	281	526	807	0.00006
Bacillus sp. FJAT-18017	1705566	S	196	73	269	0.00002
Bacillus sp. JY-23	2933872	S	156	84	240	0.00002
Bacillus sp. NSP9.1	1071078	S	139	15	154	0.00001
Bacillus sp. OxB-1	98228	S	117	41	158	0.00001
Bacillus sp. FJAT-42376	2014076	S	114	59	173	0.00001
Bacillus sp. PAMC26568	2760090	S	102	14	116	0.00001
Bacillus sp. KH172YL63	2709784	S	101	49	150	0.00001
Bacillus sp. SB49	1071080	S	92	22	114	0.00001
Bacillus sp. THAF10	2587848	S	77	36	113	0.00001
Bacillus sp. FJAT-22090	1581038	S	59	23	82	0.00001
Bacillus sp. M4U3P1	2592382	S	45	8	53	0.00000
Bacillus sp. N1-1	2682541	S	37	31	68	0.00001
Bacillus sp. Cs-700	2589818	S	26	23	49	0.00000
Bacillus sp. PGP15	2933563	S	12	77	89	0.00001
Bacillus sp. BD59S	2499213	S	12	25	37	0.00000
Bacillus sp. NP247	2846779	S	10	20	30	0.00000
Bacillus subtilis	1423	S	462	16576	17038	0.00126
Bacillus velezensis	492670	S	170	4129	4299	0.00032
Bacillus amyloliquefaciens	1390	S	96	3887	3983	0.00030
Bacillus siamensis	659243	S	24	103	127	0.00001
Bacillus paralicheniformis	1648923	S	266	240	506	0.00004
Bacillus mojavensis	72360	S	53	89	142	0.00001
Bacillus halotolerans	260554	S	16	57	73	0.00001
Bacillus vallismortis	72361	S	66	112	178	0.00001
Bacillus atrophaeus	1452	S	55	114	169	0.00001
Bacillus tequilensis	227866	S	52	66	118	0.00001
Bacillus licheniformis	1402	S	22	291	313	0.00002
Bacillus inaquosorum	483913	S	21	260	281	0.00002
Bacillus spizizenii	96241	S	15	72	87	0.00001
Bacillus cereus	1396	S	260	8714	8974	0.00067
Bacillus pseudomycoides	64104	S	260	163	423	0.00003
Bacillus mycoides	1405	S	167	345	512	0.00004
Bacillus thuringiensis	1428	S	165	12175	12340	0.00091
Bacillus cytotoxicus	580165	S	136	123	259	0.00002
Bacillus wiedmannii	1890302	S	29	63	92	0.00001
Bacillus luti	2026191	S	24	34	58	0.00000
Bacillus anthracis	1392	S	21	5927	5948	0.00044
Bacillus nitratireducens	2026193	S	18	42	60	0.00000
Bacillus toyonensis	155322	S	17	173	190	0.00001
Bacillus albus	2026189	S	12	75	87	0.00001
Bacillus paranthracis	2026186	S	11	375	386	0.00003
Bacillus safensis	561879	S	578	1225	1803	0.00013
[Brevibacterium] frigoritolerans	450367	S	307	161	468	0.00003
Bacillus glycinifermentans	1664069	S	248	115	363	0.00003
Bacillus altitudinis	293387	S	216	1223	1439	0.00011
Bacillus cabrialesii	2487276	S	221	303	524	0.00004
Bacillus pumilus	1408	S	197	264	461	0.00003
Bacillus dafuensis	1742359	S	192	98	290	0.00002
Bacillus methanolicus	1471	S	176	141	317	0.00002
Bacillus infantis	324767	S	163	65	228	0.00002
Bacillus badius	1455	S	160	89	249	0.00002
Bacillus gobiensis	1441095	S	156	66	222	0.00002
Bacillus aquiflavi	2672567	S	107	40	147	0.00001
Bacillus weihaiensis	1547283	S	100	48	148	0.00001
Bacillus fonticola	2728853	S	89	35	124	0.00001
Bacillus smithii	1479	S	80	64	144	0.00001
Bacillus rugosus	2715209	S	54	78	132	0.00001
Bacillus shivajii	1983719	S	53	11	64	0.00000
Priestia filamentosa	1402861	S	6365	1149	7514	0.00056
Priestia megaterium	1404	S	5410	9980	15390	0.00114
Priestia flexa	86664	S	241	107	348	0.00003
Priestia koreensis	284581	S	176	87	263	0.00002
Priestia aryabhattai	412384	S	176	1283	1459	0.00011
Priestia sp. J2	2886505	S	24	294	318	0.00002
Metabacillus sediminilitoris	2567941	S	2454	1292	3746	0.00028
Metabacillus sp. KUDC1714	2745198	S	1169	567	1736	0.00013
Metabacillus sp. cB07	2806989	S	134	72	206	0.00002
Metabacillus sp. B2-18	2897333	S	99	183	282	0.00002
Metabacillus dongyingensis	2874282	S	262	131	393	0.00003
Metabacillus litoralis	152268	S	179	230	409	0.00003
Metabacillus endolithicus	1535204	S	105	164	269	0.00002
Cytobacillus oceanisediminis	665099	S	2646	1966	4612	0.00034
Cytobacillus firmus	1399	S	329	204	533	0.00004
Cytobacillus gottheilii	859144	S	280	131	411	0.00003
Cytobacillus ciccensis	1670641	S	185	96	281	0.00002
Cytobacillus kochii	859143	S	92	40	132	0.00001
Cytobacillus sp. CY-G	2901381	S	91	45	136	0.00001
Geobacillus subterraneus	129338	S	425	341	766	0.00006
Geobacillus stearothermophilus	1422	S	267	387	654	0.00005
Geobacillus genomosp. 3	1921421	S	242	95	337	0.00002
Geobacillus sp. 46C-IIa	1963025	S	107	57	164	0.00001
Geobacillus sp. JS12	1813182	S	23	73	96	0.00001
Geobacillus sp. C56-T3	691437	S	19	72	91	0.00001
Geobacillus sp. Y412MC52	550542	S	12	37	49	0.00000
Geobacillus thermocatenulatus	33938	S	92	100	192	0.00001
Geobacillus thermoleovorans	33941	S	17	724	741	0.00005
Geobacillus kaustophilus	1462	S	14	117	131	0.00001
[Bacillus] caldolyticus	1394	S	10	108	118	0.00001
Geobacillus thermodenitrificans	33940	S	29	195	224	0.00002
Geobacillus zalihae	213419	S	16	107	123	0.00001
Hydrogenibacillus sp. N12	2866627	S	1841	319	2160	0.00016
Mesobacillus foraminis	279826	S	1053	397	1450	0.00011
Mesobacillus jeotgali	129985	S	300	162	462	0.00003
Mesobacillus sp. S13	2880221	S	241	144	385	0.00003
Terribacillus goriensis	386490	S	1346	313	1659	0.00012
Terribacillus aidingensis	586416	S	77	18	95	0.00001
Anoxybacillus sediminis	2613334	S	777	250	1027	0.00008
Anoxybacillus sp. PDR2	1636720	S	19	100	119	0.00001
Anoxybacillus amylolyticus	294699	S	94	26	120	0.00001
Anoxybacillus caldiproteolyticus	247480	S	86	26	112	0.00001
Anoxybacillus flavithermus	33934	S	67	59	126	0.00001
Anoxybacillus kamchatkensis	196180	S	16	59	75	0.00001
Anoxybacillus gonensis	198467	S	11	43	54	0.00000
Peribacillus asahii	228899	S	585	415	1000	0.00007
Peribacillus simplex	1478	S	257	211	468	0.00003
Peribacillus butanolivorans	421767	S	163	76	239	0.00002
Peribacillus psychrosaccharolyticus	1407	S	113	56	169	0.00001
Peribacillus muralis	264697	S	83	27	110	0.00001
Lysinibacillus sp. SGAir0095	2070463	S	136	78	214	0.00002
Lysinibacillus sp. PLM2	2929796	S	96	53	149	0.00001
Lysinibacillus sp. Ag94	2936682	S	54	7	61	0.00000
Lysinibacillus sp. CD3-6	2892541	S	49	26	75	0.00001
Lysinibacillus sp. 2017	2169540	S	42	27	69	0.00001
Lysinibacillus sp. YS11	2072025	S	11	39	50	0.00000
Lysinibacillus timonensis	2086577	S	154	111	265	0.00002
Lysinibacillus fusiformis	28031	S	69	86	155	0.00001
Lysinibacillus agricola	2590012	S	66	26	92	0.00001
Lysinibacillus sphaericus	1421	S	46	67	113	0.00001
Lysinibacillus parviboronicapiens	436516	S	40	19	59	0.00000
Neobacillus drentensis	220684	S	521	328	849	0.00006
Neobacillus mesonae	1193713	S	332	162	494	0.00004
Alkalihalobacillus clausii	79880	S	655	196	851	0.00006
Alkalihalobacillus krulwichiae	199441	S	82	35	117	0.00001
Alkalihalobacillus sp. LMS39	2924032	S	43	13	56	0.00000
Alkalihalobacillus lehensis	300825	S	34	19	53	0.00000
Alkalihalobacillus miscanthi	2598861	S	26	15	41	0.00000
Parageobacillus caldoxylosilyticus	81408	S	145	87	232	0.00002
Parageobacillus thermoglucosidasius	1426	S	92	75	167	0.00001
Parageobacillus toebii	153151	S	92	111	203	0.00002
Parageobacillus genomosp. 1	1295642	S	74	38	112	0.00001
Parageobacillus sp. KH3-4	2916802	S	73	44	117	0.00001
Rossellomorea marisflavi	189381	S	322	176	498	0.00004
Rossellomorea vietnamensis	218284	S	93	51	144	0.00001
Virgibacillus sp. NKC19-16	2831673	S	50	6	56	0.00000
Virgibacillus sp. Bac332	2419842	S	45	7	52	0.00000
Virgibacillus sp. MSP4-1	2700081	S	43	12	55	0.00000
Virgibacillus sp. SK37	403957	S	29	30	59	0.00000
Virgibacillus sp. Bac330	2419841	S	14	15	29	0.00000
Virgibacillus necropolis	163877	S	55	10	65	0.00000
Virgibacillus phasianinus	2017483	S	50	9	59	0.00000
Virgibacillus halodenitrificans	1482	S	26	20	46	0.00000
Virgibacillus dokdonensis	302167	S	20	24	44	0.00000
Niallia circulans	1397	S	239	97	336	0.00002
Niallia sp. Man26	2912824	S	169	54	223	0.00002
Oceanobacillus kimchii	746691	S	244	44	288	0.00002
Oceanobacillus zhaokaii	2052660	S	75	20	95	0.00001
Oceanobacillus iheyensis	182710	S	63	20	83	0.00001
Halobacillus sp. SSBR10-3	2932257	S	63	10	73	0.00001
Halobacillus sp. SSTM10-2	2932258	S	60	15	75	0.00001
Halobacillus sp. SSHM10-5	2932259	S	54	15	69	0.00001
Halobacillus halophilus	1570	S	66	11	77	0.00001
Halobacillus litoralis	45668	S	41	8	49	0.00000
Halobacillus mangrovi	402384	S	38	7	45	0.00000
Salicibibacter halophilus	2502791	S	100	30	130	0.00001
Salicibibacter cibarius	2743000	S	80	21	101	0.00001
Salicibibacter kimchii	2099786	S	56	6	62	0.00000
Salicibibacter cibi	2743001	S	44	7	51	0.00000
Fictibacillus arsenicus	255247	S	211	51	262	0.00002
Fictibacillus phosphorivorans	1221500	S	77	18	95	0.00001
Weizmannia coagulans	1398	S	289	177	466	0.00003
Salisediminibacterium selenitireducens	85683	S	147	27	174	0.00001
Salisediminibacterium beveridgei	632773	S	92	17	109	0.00001
Sutcliffiella horikoshii	79883	S	136	52	188	0.00001
Sutcliffiella cohnii	33932	S	83	50	133	0.00001
Heyndrickxia oleronia	38875	S	112	59	171	0.00001
Heyndrickxia vini	1476025	S	75	31	106	0.00001
Gracilibacillus sp. SSWR10-1	2932256	S	42	12	54	0.00000
Gracilibacillus sp. SSPM10-3	2932255	S	40	12	52	0.00000
Gracilibacillus salitolerans	2663022	S	72	11	83	0.00001
Alkalihalophilus pseudofirmus	79885	S	135	33	168	0.00001
Caldalkalibacillus thermarum	296745	S	134	35	169	0.00001
Psychrobacillus sp. INOP01	2829187	S	54	24	78	0.00001
Psychrobacillus glaciei	2283160	S	60	29	89	0.00001
Lentibacillus amyloliquefaciens	1472767	S	59	7	66	0.00000
Lentibacillus sp. CBA3610	2518176	S	58	4	62	0.00000
Gottfriedia acidiceleris	371036	S	113	47	160	0.00001
Pontibacillus sp. HMF3514	2692425	S	65	13	78	0.00001
Pontibacillus sp. ALD_SL1	2777185	S	45	8	53	0.00000
Anaerobacillus isosaccharinicus	1532552	S	100	32	132	0.00001
Salimicrobium jeotgali	1230341	S	99	21	120	0.00001
Caldibacillus thermoamylovorans	35841	S	98	49	147	0.00001
Radiobacillus sp. 80	2844358	S	57	15	72	0.00001
Radiobacillus deserti	2594883	S	31	7	38	0.00000
Lederbergia lenta	1467	S	84	30	114	0.00001
Halalkalibacterium halodurans	86665	S	82	84	166	0.00001
Mangrovibacillus cuniculi	2593652	S	81	62	143	0.00001
Evansella cellulosilytica	1413	S	67	14	81	0.00001
Aeribacillus pallidus	33936	S	66	45	111	0.00001
Sediminibacillus sp. DP4-553-S	2729421	S	66	15	81	0.00001
Pradoshia sp. D12	2651284	S	61	26	87	0.00001
Paraliobacillus zengyii	2213194	S	38	9	47	0.00000
Amphibacillus xylanus	1449	S	26	6	32	0.00000
Paenibacillus sp. B01	2660554	S	1750	638	2388	0.00018
Paenibacillus sp. RUD330	2023772	S	1064	143	1207	0.00009
Paenibacillus sp. 32O-W	1695218	S	957	115	1072	0.00008
Paenibacillus sp. R14(2021)	2859228	S	450	80	530	0.00004
Paenibacillus sp. H1-7	2282849	S	443	50	493	0.00004
Paenibacillus sp. sptzw28	715179	S	314	36	350	0.00003
Paenibacillus sp. URB8-2	2741301	S	272	76	348	0.00003
Paenibacillus sp. YPD9-1	2908839	S	259	41	300	0.00002
Paenibacillus sp. FSL R7-0273	1536772	S	247	53	300	0.00002
Paenibacillus sp. BIHB4019	1870819	S	243	24	267	0.00002
Paenibacillus sp. FSL H7-0357	1536774	S	223	36	259	0.00002
Paenibacillus sp. JZ16	1906272	S	214	62	276	0.00002
Paenibacillus sp. PK3_47	2072642	S	209	36	245	0.00002
Paenibacillus sp. FSL R7-0331	1536773	S	209	46	255	0.00002
Paenibacillus sp. Y412MC10	481743	S	202	498	700	0.00005
Paenibacillus sp. PAMC21692	2762320	S	195	186	381	0.00003
Paenibacillus sp. HWE-109	1306526	S	176	18	194	0.00001
Paenibacillus sp. JNUCC-32	2777984	S	167	434	601	0.00004
Paenibacillus sp. CAA11	1532905	S	157	38	195	0.00001
Paenibacillus sp. YPG26	2878915	S	151	38	189	0.00001
Paenibacillus sp. FSL R5-0912	1536771	S	107	69	176	0.00001
Paenibacillus sp. 19GGS1-52	2758563	S	107	13	120	0.00001
Paenibacillus sp. DCT19	2211212	S	100	21	121	0.00001
Paenibacillus sp. IHB B 3084	867076	S	94	61	155	0.00001
Paenibacillus sp. FSL P4-0081	1536769	S	94	65	159	0.00001
Paenibacillus sp. 481	2835869	S	78	9	87	0.00001
Paenibacillus sp. JNUCC-31	2777983	S	75	25	100	0.00001
Paenibacillus sp. E222	2748863	S	64	26	90	0.00001
Paenibacillus sp. N3/727	2925845	S	44	60	104	0.00001
Paenibacillus sp. FSL R5-0345	1536770	S	42	15	57	0.00000
Paenibacillus sp. IHBB 10380	1566358	S	34	7	41	0.00000
Paenibacillus sp. FSL H7-0737	1536775	S	28	11	39	0.00000
Paenibacillus sp. Cedars	1980674	S	22	143	165	0.00001
Paenibacillus sp. M-152	2487928	S	12	207	219	0.00002
Paenibacillus mucilaginosus	61624	S	2024	175	2199	0.00016
Paenibacillus albicereus	2726185	S	1515	517	2032	0.00015
Paenibacillus lycopersici	2704462	S	1159	178	1337	0.00010
Paenibacillus dendritiformis	130049	S	688	142	830	0.00006
Paenibacillus macerans	44252	S	642	73	715	0.00005
Paenibacillus rhizovicinus	2704463	S	607	101	708	0.00005
Paenibacillus konkukensis	2020716	S	580	76	656	0.00005
Paenibacillus cellulositrophicus	562959	S	556	69	625	0.00005
Paenibacillus beijingensis	1126833	S	530	77	607	0.00005
Paenibacillus thiaminolyticus	49283	S	509	104	613	0.00005
Paenibacillus stellifer	169760	S	508	111	619	0.00005
Paenibacillus durus	44251	S	445	199	644	0.00005
Paenibacillus chitinolyticus	79263	S	430	65	495	0.00004
Paenibacillus ihbetae	1870820	S	412	72	484	0.00004
Paenibacillus cellulosilyticus	375489	S	351	56	407	0.00003
Paenibacillus albus	2495582	S	312	53	365	0.00003
Paenibacillus sabinae	365617	S	295	87	382	0.00003
Paenibacillus lautus	1401	S	276	385	661	0.00005
Paenibacillus naphthalenovorans	162209	S	269	48	317	0.00002
Paenibacillus donghaensis	414771	S	266	34	300	0.00002
Paenibacillus azoreducens	116718	S	238	35	273	0.00002
Paenibacillus riograndensis	483937	S	107	106	213	0.00002
Paenibacillus sonchi	373687	S	51	103	154	0.00001
Paenibacillus protaetiae	2509456	S	231	43	274	0.00002
Paenibacillus polymyxa	1406	S	216	1180	1396	0.00010
Paenibacillus sophorae	1333845	S	210	87	297	0.00002
Paenibacillus tritici	1873425	S	208	37	245	0.00002
Paenibacillus guangzhouensis	1473112	S	201	24	225	0.00002
Paenibacillus physcomitrellae	1619311	S	193	77	270	0.00002
Paenibacillus swuensis	1178515	S	193	35	228	0.00002
Paenibacillus agaridevorans	171404	S	191	241	432	0.00003
Paenibacillus algicola	2565926	S	187	38	225	0.00002
Paenibacillus xylanilyticus	248903	S	180	46	226	0.00002
Paenibacillus yonginensis	1462996	S	170	89	259	0.00002
Paenibacillus borealis	160799	S	159	64	223	0.00002
Paenibacillus tianjinensis	2810347	S	151	31	182	0.00001
Paenibacillus bovis	1616788	S	151	25	176	0.00001
Paenibacillus alvei	44250	S	127	21	148	0.00001
Paenibacillus lutimineralis	2707005	S	120	20	140	0.00001
Paenibacillus jilunlii	682956	S	117	91	208	0.00002
Paenibacillus graminis	189425	S	112	67	179	0.00001
Paenibacillus lentus	1338368	S	111	14	125	0.00001
Paenibacillus kribbensis	172713	S	105	46	151	0.00001
Paenibacillus psychroresistens	1778678	S	96	7	103	0.00001
Paenibacillus baekrokdamisoli	1712516	S	93	12	105	0.00001
Paenibacillus odorifer	189426	S	79	17	96	0.00001
Paenibacillus barcinonensis	198119	S	79	16	95	0.00001
Paenibacillus pabuli	1472	S	78	33	111	0.00001
Paenibacillus xylanexedens	528191	S	72	58	130	0.00001
Paenibacillus larvae	1464	S	65	7	72	0.00001
Paenibacillus brasilensis	128574	S	60	32	92	0.00001
Paenibacillus crassostreae	1763538	S	52	10	62	0.00000
Paenibacillus terrae	159743	S	51	28	79	0.00001
Paenibacillus uliginis	683737	S	42	51	93	0.00001
Paenibacillus antarcticus	253703	S	35	6	41	0.00000
Paenibacillus peoriae	59893	S	30	195	225	0.00002
Paenibacillus glucanolyticus	59843	S	21	141	162	0.00001
Brevibacillus marinus	2496837	S	802	167	969	0.00007
Brevibacillus agri	51101	S	592	185	777	0.00006
Brevibacillus composti	2796470	S	515	159	674	0.00005
Brevibacillus sp. MMS20-4M-10-Y	2895522	S	299	52	351	0.00003
Brevibacillus sp. HD3.3A	2738979	S	33	165	198	0.00001
Brevibacillus sp. DP1.3A	2738867	S	29	31	60	0.00000
Brevibacillus brevis	1393	S	338	220	558	0.00004
Brevibacillus choshinensis	54911	S	321	94	415	0.00003
Brevibacillus laterosporus	1465	S	123	186	309	0.00002
Brevibacillus parabrevis	54914	S	44	228	272	0.00002
Brevibacillus formosus	54913	S	33	34	67	0.00000
Cohnella candidum	2674991	S	942	144	1086	0.00008
Cohnella sp. LGH	1619153	S	570	221	791	0.00006
Cohnella sp. MFER-1	2728023	S	299	44	343	0.00003
Cohnella cholangitidis	2598458	S	295	55	350	0.00003
Cohnella abietis	2507935	S	65	8	73	0.00001
Thermobacillus composti	377615	S	1752	293	2045	0.00015
Saccharibacillus brassicae	2583377	S	1041	153	1194	0.00009
Aneurinibacillus soli	1500254	S	158	210	368	0.00003
Alicyclobacillus acidocaldarius	405212	S	2070	225	2295	0.00017
Alicyclobacillus acidoterrestris	1450	S	244	50	294	0.00002
Alicyclobacillus mengziensis	2931921	S	220	20	240	0.00002
Alicyclobacillus sp. SO9	2665646	S	124	10	134	0.00001
Alicyclobacillus sp. TC	2606450	S	43	6	49	0.00000
Tumebacillus avium	1903704	S	1165	651	1816	0.00013
Tumebacillus algifaecis	1214604	S	466	220	686	0.00005
Kyrpidia spormannii	2055160	S	303	177	480	0.00004
Kyrpidia tusciae	33943	S	186	153	339	0.00003
Effusibacillus dendaii	2743772	S	156	27	183	0.00001
Planococcus plakortidis	1038856	S	175	139	314	0.00002
Planococcus lenghuensis	2213202	S	158	47	205	0.00002
Planococcus maritimus	192421	S	155	91	246	0.00002
Planococcus sp. MB-3u-03	2058136	S	77	68	145	0.00001
Planococcus sp. 107-1	2908840	S	65	38	103	0.00001
Planococcus sp. PAMC 21323	1526927	S	11	6	17	0.00000
Planococcus glaciei	459472	S	115	47	162	0.00001
Planococcus rifietoensis	200991	S	93	87	180	0.00001
Planococcus halotolerans	2233542	S	76	33	109	0.00001
Planococcus massiliensis	1499687	S	61	18	79	0.00001
Planococcus halocryophilus	1215089	S	32	22	54	0.00000
Planococcus antarcticus	161360	S	29	12	41	0.00000
Planococcus donghaensis	414778	S	27	20	47	0.00000
Planococcus versutus	1302659	S	25	15	40	0.00000
Sporosarcina sp. Marseille-Q4063	2810514	S	63	24	87	0.00001
Sporosarcina sp. Te-1	2818390	S	50	19	69	0.00001
Sporosarcina sp. PTS2304	2283194	S	23	33	56	0.00000
Sporosarcina sp. resist	2762563	S	12	32	44	0.00000
Sporosarcina ureae	1571	S	91	33	124	0.00001
Sporosarcina ureilytica	298596	S	26	10	36	0.00000
Sporosarcina pasteurii	1474	S	25	9	34	0.00000
Sporosarcina psychrophila	1476	S	12	35	47	0.00000
Solibacillus silvestris	76853	S	114	60	174	0.00001
Solibacillus sp. R5-41	2048654	S	41	25	66	0.00000
Ureibacillus thermophilus	367743	S	43	30	73	0.00001
Ureibacillus thermosphaericus	51173	S	37	57	94	0.00001
Paenisporosarcina antarctica	417367	S	43	18	61	0.00000
Paenisporosarcina cavernae	2320858	S	24	19	43	0.00000
Kurthia zopfii	1650	S	22	15	37	0.00000
Kurthia sp. 11kri321	1750719	S	22	17	39	0.00000
Jeotgalibacillus malaysiensis	1508404	S	44	20	64	0.00000
Rummeliibacillus stabekisii	241244	S	34	23	57	0.00000
Viridibacillus sp. JNUCC-6	2779527	S	33	16	49	0.00000
Kroppenstedtia eburnea	714067	S	475	64	539	0.00004
Kroppenstedtia pulmonis	1380685	S	65	6	71	0.00001
Staphylospora marina	2490858	S	470	100	570	0.00004
Polycladomyces abyssicola	1125966	S	297	36	333	0.00002
Novibacillus thermophilus	1471761	S	287	52	339	0.00003
Laceyella sacchari	37482	S	200	60	260	0.00002
Thermoactinomyces vulgaris	2026	S	129	34	163	0.00001
Staphylococcus xylosus	1288	S	117	72	189	0.00001
Staphylococcus aureus	1280	S	89	1443	1532	0.00011
Staphylococcus pseudoxylosus	2282419	S	65	45	110	0.00001
Staphylococcus epidermidis	1282	S	51	56	107	0.00001
Staphylococcus pseudintermedius	283734	S	27	35	62	0.00000
Staphylococcus sp. CCM 9025	2892440	S	11	6	17	0.00000
Staphylococcus chromogenes	46126	S	25	16	41	0.00000
Staphylococcus capitis	29388	S	21	24	45	0.00000
Staphylococcus simulans	1286	S	16	8	24	0.00000
Staphylococcus hominis	1290	S	15	12	27	0.00000
Staphylococcus schleiferi	1295	S	15	31	46	0.00000
Staphylococcus gallinarum	1293	S	14	1	15	0.00000
Staphylococcus agnetis	985762	S	14	6	20	0.00000
Staphylococcus nepalensis	214473	S	13	6	19	0.00000
Staphylococcus saprophyticus	29385	S	13	8	21	0.00000
Staphylococcus debuckii	2044912	S	12	6	18	0.00000
Staphylococcus saccharolyticus	33028	S	12	6	18	0.00000
Staphylococcus haemolyticus	1283	S	11	41	52	0.00000
Staphylococcus pettenkoferi	170573	S	11	3	14	0.00000
Staphylococcus lugdunensis	28035	S	11	6	17	0.00000
Staphylococcus lutrae	155085	S	10	5	15	0.00000
Staphylococcus pasteuri	45972	S	10	33	43	0.00000
Mammaliicoccus sciuri	1296	S	264	210	474	0.00004
Mammaliicoccus lentus	42858	S	11	10	21	0.00000
Jeotgalicoccus sp. WY2	2708346	S	29	8	37	0.00000
Jeotgalicoccus sp. ATCC 8456	946435	S	18	4	22	0.00000
Jeotgalicoccus saudimassiliensis	1461582	S	32	6	38	0.00000
Macrococcus canis	1855823	S	17	9	26	0.00000
Macrococcus brunensis	198483	S	16	6	22	0.00000
Macrococcus armenti	2875764	S	15	9	24	0.00000
Macrococcus caseolyticus	69966	S	11	30	41	0.00000
Salinicoccus halodurans	407035	S	59	23	82	0.00001
Nosocomiicoccus ampullae	489910	S	14	3	17	0.00000
Exiguobacterium alkaliphilum	1428684	S	277	118	395	0.00003
Exiguobacterium mexicanum	340146	S	229	105	334	0.00002
Exiguobacterium sp. N4-1P	2051906	S	65	55	120	0.00001
Exiguobacterium sp. Helios	2735868	S	40	21	61	0.00000
Exiguobacterium sp. PFWT01	2829816	S	23	38	61	0.00000
Exiguobacterium sp. AT1b	360911	S	16	26	42	0.00000
Exiguobacterium sp. MH3	1399115	S	15	21	36	0.00000
Exiguobacterium acetylicum	41170	S	93	154	247	0.00002
Exiguobacterium sibiricum	332410	S	49	27	76	0.00001
Exiguobacterium antarcticum	132920	S	47	21	68	0.00001
Listeria monocytogenes	1639	S	52	4077	4129	0.00031
Listeria weihenstephanensis	1006155	S	38	11	49	0.00000
Listeria innocua	1642	S	30	33	63	0.00000
Listeria grayi	1641	S	23	9	32	0.00000
Listeria sp. PSOL-1	1844999	S	23	8	31	0.00000
Listeria seeligeri	1640	S	17	5	22	0.00000
Listeria marthii	529731	S	15	7	22	0.00000
Listeria ivanovii	1638	S	11	3	14	0.00000
Listeria welshimeri	1643	S	11	8	19	0.00000
Brochothrix thermosphacta	2756	S	28	12	40	0.00000
Sporolactobacillus terrae	269673	S	87	16	103	0.00001
Limosilactobacillus fermentum	1613	S	243	213	456	0.00003
Limosilactobacillus pontis	35787	S	114	78	192	0.00001
Limosilactobacillus mucosae	97478	S	77	48	125	0.00001
Limosilactobacillus panis	47493	S	43	23	66	0.00000
Limosilactobacillus reuteri	1598	S	30	52	82	0.00001
Limosilactobacillus gastricus	227942	S	16	7	23	0.00000
Limosilactobacillus vaginalis	1633	S	10	5	15	0.00000
Weissella confusa	1583	S	201	98	299	0.00002
Weissella cibaria	137591	S	84	39	123	0.00001
Weissella viridescens	1629	S	12	5	17	0.00000
Weissella paramesenteroides	1249	S	10	6	16	0.00000
Levilactobacillus zymae	267363	S	146	51	197	0.00001
Levilactobacillus brevis	1580	S	94	36	130	0.00001
Levilactobacillus suantsaii	2292255	S	58	24	82	0.00001
Levilactobacillus koreensis	637971	S	41	7	48	0.00000
Lactobacillus delbrueckii	1584	S	156	387	543	0.00004
Lactobacillus amylovorus	1604	S	22	76	98	0.00001
Lactobacillus sp. CBA3606	2099789	S	10	5	15	0.00000
Lactobacillus panisapium	2012495	S	12	2	14	0.00000
Lactobacillus acetotolerans	1600	S	10	3	13	0.00000
Lactobacillus amylolyticus	83683	S	10	6	16	0.00000
Lacticaseibacillus rhamnosus	47715	S	69	245	314	0.00002
Lacticaseibacillus manihotivorans	88233	S	61	20	81	0.00001
Lacticaseibacillus casei	1582	S	54	18	72	0.00001
Lacticaseibacillus chiayiensis	2100821	S	31	6	37	0.00000
Lacticaseibacillus paracasei	1597	S	27	116	143	0.00001
Lacticaseibacillus zeae	57037	S	23	9	32	0.00000
Lactiplantibacillus plantarum	1590	S	94	71	165	0.00001
Lactiplantibacillus pentosus	1589	S	54	17	71	0.00001
Lactiplantibacillus paraplantarum	60520	S	17	5	22	0.00000
Schleiferilactobacillus harbinensis	304207	S	143	19	162	0.00001
Leuconostoc lactis	1246	S	20	52	72	0.00001
Leuconostoc gelidum	1244	S	16	4	20	0.00000
Leuconostoc mesenteroides	1245	S	12	17	29	0.00000
Ligilactobacillus ruminis	1623	S	42	18	60	0.00000
Ligilactobacillus animalis	1605	S	16	23	39	0.00000
Ligilactobacillus salivarius	1624	S	16	20	36	0.00000
Lentilactobacillus buchneri	1581	S	32	11	43	0.00000
Lentilactobacillus parabuchneri	152331	S	25	8	33	0.00000
Lentilactobacillus hilgardii	1588	S	16	4	20	0.00000
Secundilactobacillus paracollinoides	240427	S	70	27	97	0.00001
Secundilactobacillus malefermentans	176292	S	14	6	20	0.00000
Pediococcus acidilactici	1254	S	30	18	48	0.00000
Pediococcus damnosus	51663	S	14	8	22	0.00000
Pediococcus inopinatus	114090	S	10	7	17	0.00000
Oenococcus kitaharae	336988	S	33	2	35	0.00000
Oenococcus oeni	1247	S	14	2	16	0.00000
Oenococcus sicerae	2203724	S	10	0	10	0.00000
Loigolactobacillus coryniformis	1610	S	36	37	73	0.00001
Loigolactobacillus bifermentans	1607	S	15	4	19	0.00000
Loigolactobacillus backii	375175	S	11	5	16	0.00000
Latilactobacillus sakei	1599	S	24	13	37	0.00000
Latilactobacillus fuchuensis	164393	S	12	0	12	0.00000
Latilactobacillus curvatus	28038	S	11	7	18	0.00000
Liquorilactobacillus nagelii	82688	S	14	6	20	0.00000
Liquorilactobacillus hordei	468911	S	11	11	22	0.00000
Furfurilactobacillus rossiae	231049	S	27	5	32	0.00000
Amylolactobacillus amylophilus	1603	S	26	28	54	0.00000
Acetilactobacillus jinshanensis	1720083	S	23	1	24	0.00000
Periweissella cryptocerci	2506420	S	16	2	18	0.00000
Apilactobacillus kunkeei	148814	S	12	2	14	0.00000
Bombilactobacillus bombi	1303590	S	10	1	11	0.00000
Streptococcus sanguinis	1305	S	58	23	81	0.00001
Streptococcus suis	1307	S	51	123	174	0.00001
Streptococcus oralis	1303	S	49	57	106	0.00001
Streptococcus sp. HKU75	2781599	S	14	6	20	0.00000
Streptococcus equi	1336	S	20	4	24	0.00000
Streptococcus dysgalactiae	1334	S	16	70	86	0.00001
Streptococcus pantholopis	1811193	S	21	3	24	0.00000
Streptococcus constellatus	76860	S	11	45	56	0.00000
Streptococcus cristatus	45634	S	21	39	60	0.00000
Streptococcus pyogenes	1314	S	19	272	291	0.00002
Streptococcus ferus	1345	S	18	4	22	0.00000
Streptococcus gordonii	1302	S	17	8	25	0.00000
Streptococcus merionis	400065	S	16	2	18	0.00000
Streptococcus sobrinus	1310	S	15	3	18	0.00000
Streptococcus thermophilus	1308	S	15	344	359	0.00003
Streptococcus salivarius	1304	S	14	22	36	0.00000
Streptococcus pseudoporcinus	361101	S	11	15	26	0.00000
Streptococcus equinus	1335	S	11	10	21	0.00000
Streptococcus pneumoniae	1313	S	10	8	18	0.00000
Streptococcus mitis	28037	S	10	13	23	0.00000
Streptococcus agalactiae	1311	S	10	605	615	0.00005
Lactococcus lactis	1358	S	26	48	74	0.00001
Lactococcus raffinolactis	1366	S	19	10	29	0.00000
Lactococcus garvieae	1363	S	14	24	38	0.00000
Enterococcus casseliflavus	37734	S	102	218	320	0.00002
Enterococcus avium	33945	S	53	35	88	0.00001
Enterococcus faecalis	1351	S	38	144	182	0.00001
Enterococcus faecium	1352	S	32	275	307	0.00002
Enterococcus gilvus	160453	S	28	13	41	0.00000
Enterococcus mundtii	53346	S	28	15	43	0.00000
Enterococcus raffinosus	71452	S	27	20	47	0.00000
Enterococcus cecorum	44008	S	21	20	41	0.00000
Enterococcus hirae	1354	S	16	16	32	0.00000
Enterococcus durans	53345	S	14	16	30	0.00000
Vagococcus fluvialis	2738	S	298	296	594	0.00004
Vagococcus lutrae	81947	S	15	36	51	0.00000
Vagococcus teuberi	519472	S	12	6	18	0.00000
Tetragenococcus koreensis	290335	S	19	14	33	0.00000
Tetragenococcus halophilus	51669	S	14	11	25	0.00000
Aerococcus sanguinicola	119206	S	42	11	53	0.00000
Aerococcus urinaeequi	51665	S	22	145	167	0.00001
Aerococcus christensenii	87541	S	19	36	55	0.00000
Aerococcus urinae	1376	S	17	8	25	0.00000
Abiotrophia defectiva	46125	S	28	10	38	0.00000
Ignavigranum ruoffiae	89093	S	15	2	17	0.00000
Suicoccus acidiformans	2036206	S	15	11	26	0.00000
Carnobacterium divergens	2748	S	12	3	15	0.00000
Carnobacterium inhibens	147709	S	11	12	23	0.00000
Carnobacterium maltaromaticum	2751	S	10	2	12	0.00000
Jeotgalibaca dankookensis	708126	S	26	13	39	0.00000
Jeotgalibaca porci	1868793	S	16	19	35	0.00000
Dolosigranulum pigrum	29394	S	27	10	37	0.00000
Thermaerobacter sp. FW80	2546351	S	2742	602	3344	0.00025
Thermaerobacter sp. PB12/4term	2293838	S	2018	519	2537	0.00019
Thermaerobacter marianensis	73919	S	2237	573	2810	0.00021
Intestinimonas butyriciproducens	1297617	S	483	219	702	0.00005
Flintibacter sp. KGMB00164	2610895	S	299	37	336	0.00002
Emergencia timonensis	1776384	S	129	56	185	0.00001
Aminipila luticellarii	2507160	S	47	6	53	0.00000
Aminipila butyrica	433296	S	45	5	50	0.00000
Aminipila terrae	2697030	S	31	3	34	0.00000
Massilistercora timonensis	2086584	S	159	185	344	0.00003
Carboxydocella thermautotrophica	178899	S	124	15	139	0.00001
Fenollaria massiliensis	938288	S	12	16	28	0.00000
Faecalibacterium prausnitzii	853	S	1527	1679	3206	0.00024
Dysosmobacter sp. Marseille-Q4140	2830675	S	705	362	1067	0.00008
Dysosmobacter welbionis	2093857	S	429	356	785	0.00006
Flavonifractor plautii	292800	S	1014	302	1316	0.00010
Ethanoligenens harbinense	253239	S	538	35	573	0.00004
Vescimonas coprocola	2714355	S	276	279	555	0.00004
Vescimonas fastidiosa	2714353	S	207	372	579	0.00004
Ruthenibacterium lactatiformans	1550024	S	462	158	620	0.00005
Caproiciproducens sp. NJN-50	2507162	S	395	58	453	0.00003
Anaerotruncus colihominis	169435	S	356	223	579	0.00004
Oscillibacter sp. NSJ-62	2763056	S	343	129	472	0.00004
Acutalibacter muris	1796620	S	291	16	307	0.00002
Caproicibacter fermentans	2576756	S	271	19	290	0.00002
Pusillibacter faecalis	2714358	S	207	167	374	0.00003
Ruminococcus champanellensis	1161942	S	120	5	125	0.00001
Ruminococcus albus	1264	S	34	1	35	0.00000
Ruminococcus bicirculans	1160721	S	25	5	30	0.00000
Ruminococcus bovis	2564099	S	19	3	22	0.00000
Solibaculum mannosilyticum	2780922	S	165	182	347	0.00003
Caproicibacterium lactatifermentans	2666138	S	65	9	74	0.00001
Caproicibacterium amylolyticum	2766537	S	58	5	63	0.00000
Acetivibrio thermocellus	1515	S	28	0	28	0.00000
Acetivibrio clariflavus	288965	S	27	21	48	0.00000
Acetivibrio saccincola	1677857	S	12	9	21	0.00000
Thermoclostridium stercorarium	1510	S	49	12	61	0.00000
Ruminiclostridium herbifermentans	2488810	S	23	8	31	0.00000
Ruminiclostridium cellulolyticum	1521	S	10	3	13	0.00000
Pseudoclostridium thermosuccinogenes	84032	S	33	9	42	0.00000
Fastidiosipila sanguinis	236753	S	20	14	34	0.00000
Monoglobus pectinilyticus	1981510	S	16	9	25	0.00000
Mageeibacillus indolicus	884684	S	15	25	40	0.00000
Symbiobacterium thermophilum	2734	S	2982	316	3298	0.00024
Clostridium tetani	1513	S	420	63	483	0.00004
Clostridium sp. M62/1	411486	S	84	122	206	0.00002
Clostridium sp. SY8519	1042156	S	74	25	99	0.00001
Clostridium sp. BNL1100	755731	S	32	3	35	0.00000
Clostridium sp. DL-VIII	641107	S	27	5	32	0.00000
Clostridium sp. 'deep sea'	2779445	S	26	0	26	0.00000
Clostridium sp. C5S11	704125	S	23	3	26	0.00000
Clostridium sp. AWRP	2212991	S	22	9	31	0.00000
Clostridium sp. C1	1155388	S	15	17	32	0.00000
Clostridium sp. BJN0001	2930219	S	14	4	18	0.00000
Clostridium sp. MD294	97138	S	12	1	13	0.00000
Clostridium sp. JN-1	2483110	S	10	1	11	0.00000
Clostridium baratii	1561	S	66	22	88	0.00001
Clostridium perfringens	1502	S	64	23	87	0.00001
Clostridium botulinum	1491	S	62	57	119	0.00001
Clostridium argentinense	29341	S	58	10	68	0.00001
Clostridium beijerinckii	1520	S	46	70	116	0.00001
Clostridium pasteurianum	1501	S	45	10	55	0.00000
Clostridium manihotivorum	2320868	S	38	5	43	0.00000
Clostridium thermarum	1716543	S	37	27	64	0.00000
Clostridium cellulovorans	1493	S	35	6	41	0.00000
Clostridium intestinale	36845	S	33	5	38	0.00000
Clostridium saccharoperbutylacetonicum	36745	S	33	8	41	0.00000
Clostridium butyricum	1492	S	33	7	40	0.00000
Clostridium kluyveri	1534	S	33	2	35	0.00000
Clostridium estertheticum	238834	S	25	6	31	0.00000
Clostridium fermenticellae	2068654	S	20	2	22	0.00000
Clostridium tyrobutyricum	1519	S	20	2	22	0.00000
Clostridium formicaceticum	1497	S	20	4	24	0.00000
Clostridium saccharobutylicum	169679	S	19	4	23	0.00000
Clostridium aceticum	84022	S	17	2	19	0.00000
Clostridium carboxidivorans	217159	S	15	4	19	0.00000
Clostridium sporogenes	1509	S	14	81	95	0.00001
Clostridium cadaveris	1529	S	12	3	15	0.00000
Clostridium diolis	223919	S	11	136	147	0.00001
Clostridium isatidis	182773	S	11	6	17	0.00000
Clostridium acetobutylicum	1488	S	10	0	10	0.00000
Clostridium gasigenes	94869	S	10	2	12	0.00000
Clostridium novyi	1542	S	10	64	74	0.00001
Hungatella hathewayi	154046	S	156	7	163	0.00001
Alkaliphilus sp. B6464	2731219	S	44	15	59	0.00000
Alkaliphilus metalliredigens	208226	S	20	5	25	0.00000
Alkaliphilus oremlandii	461876	S	18	6	24	0.00000
Crassaminicella thermophila	2599308	S	20	8	28	0.00000
Crassaminicella profunda	1286698	S	14	3	17	0.00000
Geosporobacter ferrireducens	1424294	S	26	5	31	0.00000
Caloramator sp. E03	2576307	S	25	3	28	0.00000
Serpentinicella alkaliphila	1734049	S	23	5	28	0.00000
[Clostridium] hylemonae	89153	S	157	50	207	0.00002
[Clostridium] scindens	29347	S	150	74	224	0.00002
Lachnoclostridium phocaeense	1871021	S	137	136	273	0.00002
Lachnoclostridium sp. YL32	1834196	S	23	35	58	0.00000
Lachnoclostridium phytofermentans	66219	S	12	0	12	0.00000
Blautia producta	33035	S	96	24	120	0.00001
Blautia sp. NBRC 113351	2877527	S	52	70	122	0.00001
Blautia sp. SC05B48	2479767	S	13	44	57	0.00000
Blautia pseudococcoides	1796616	S	55	10	65	0.00000
Blautia liquoris	2779518	S	30	2	32	0.00000
Blautia obeum	40520	S	16	17	33	0.00000
Blautia argi	1912897	S	13	14	27	0.00000
Lachnospiraceae bacterium NSJ-29	2763667	S	112	40	152	0.00001
Lachnospiraceae bacterium NSJ-38	2763669	S	86	39	125	0.00001
Lachnospiraceae bacterium sunii NSJ-8	2763672	S	39	34	73	0.00001
Lachnospiraceae bacterium NSJ-4	2763670	S	17	19	36	0.00000
Roseburia hominis	301301	S	88	110	198	0.00001
Roseburia intestinalis	166486	S	31	20	51	0.00000
Roseburia sp. NSJ-69	2763062	S	20	10	30	0.00000
Coprococcus comes	410072	S	56	70	126	0.00001
Coprococcus catus	116085	S	49	31	80	0.00001
Coprococcus eutactus	33043	S	24	31	55	0.00000
Coprococcus sp. ART55/1	751585	S	13	14	27	0.00000
Enterocloster bolteae	208479	S	106	37	143	0.00001
Enterocloster clostridioformis	1531	S	19	56	75	0.00001
Anaerostipes caccae	105841	S	58	17	75	0.00001
Anaerostipes rhamnosivorans	1229621	S	44	20	64	0.00000
Anaerostipes hadrus	649756	S	12	13	25	0.00000
Anaerocolumna cellulosilytica	433286	S	48	2	50	0.00000
Anaerocolumna chitinilytica	1727145	S	37	1	38	0.00000
Anaerocolumna sedimenticola	2696063	S	19	1	20	0.00000
Lacrimispora sphenoides	29370	S	49	6	55	0.00000
Lacrimispora saccharolytica	84030	S	32	7	39	0.00000
Butyrivibrio fibrisolvens	831	S	35	11	46	0.00000
Butyrivibrio proteoclasticus	43305	S	17	3	20	0.00000
Butyrivibrio hungatei	185008	S	13	2	15	0.00000
Sellimonas intestinalis	1653434	S	60	40	100	0.00001
Anaerotignum propionicum	28446	S	60	7	67	0.00001
[Ruminococcus] gnavus	33038	S	34	31	65	0.00000
Dorea longicatena	88431	S	31	33	64	0.00000
Anaerobutyricum hallii	39488	S	28	11	39	0.00000
Lachnospira eligens	39485	S	27	6	33	0.00000
[Clostridium] colinum	36835	S	26	3	29	0.00000
Novisyntrophococcus fermenticellae	2068655	S	25	3	28	0.00000
Faecalicatena sp. Marseille-Q4148	2823316	S	24	13	37	0.00000
Lachnoanaerobaculum umeaense	617123	S	17	5	22	0.00000
Pseudobutyrivibrio xylanivorans	185007	S	11	0	11	0.00000
Candidatus Desulforudis audaxviator	471827	S	818	73	891	0.00007
Desulforamulus ruminis	1564	S	115	27	142	0.00001
Desulforamulus ferrireducens	1833852	S	107	86	193	0.00001
Desulforamulus reducens	59610	S	40	13	53	0.00000
Acididesulfobacillus acetoxydans	1561005	S	197	9	206	0.00002
Candidatus Formimonas warabiya	1761012	S	141	17	158	0.00001
Thermanaerosceptrum fracticalcis	1712410	S	74	14	88	0.00001
Desulfofarcimen acetoxidans	58138	S	73	12	85	0.00001
Dehalobacterium formicoaceticum	51515	S	64	17	81	0.00001
Christensenella sp. Marseille-P3954	2086585	S	696	437	1133	0.00008
Christensenella minuta	626937	S	220	69	289	0.00002
Heliomicrobium modesticaldum	35701	S	754	423	1177	0.00009
Heliorestis convoluta	356322	S	53	4	57	0.00000
Eubacterium limosum	1736	S	96	142	238	0.00002
Eubacterium callanderi	53442	S	53	62	115	0.00001
Eubacterium sp. c-25	2841037	S	27	16	43	0.00000
Eubacterium sp. MSJ-33	2841528	S	16	10	26	0.00000
Eubacterium maltosivorans	2041044	S	18	109	127	0.00001
Acetobacterium sp. KB-1	2184575	S	124	45	169	0.00001
Acetobacterium wieringae	52694	S	40	26	66	0.00000
Acetobacterium woodii	33952	S	34	8	42	0.00000
Alkalibacter sp. ES005	2815577	S	73	5	78	0.00001
Desulfosporosinus youngiae	339862	S	63	25	88	0.00001
Desulfosporosinus acidiphilus	885581	S	57	14	71	0.00001
Desulfosporosinus orientis	1563	S	53	15	68	0.00001
Desulfosporosinus meridiei	79209	S	28	14	42	0.00000
Desulfitobacterium hafniense	49338	S	114	24	138	0.00001
Desulfitobacterium dehalogenans	36854	S	40	9	49	0.00000
Desulfitobacterium dichloroeliminans	233055	S	30	32	62	0.00000
Desulfitobacterium metallireducens	142877	S	28	7	35	0.00000
Dehalobacter restrictus	55583	S	50	76	126	0.00001
Syntrophobotulus glycolicus	51197	S	73	6	79	0.00001
Syntrophothermus lipocalidus	86170	S	167	14	181	0.00001
Syntrophomonas wolfei	863	S	62	9	71	0.00001
Candidatus Contubernalis alkalaceticum	338645	S	40	2	42	0.00000
Candidatus Syntrophocurvum alkaliphilum	2293317	S	18	3	21	0.00000
Peptoclostridium acidaminophilum	1731	S	65	12	77	0.00001
Clostridioides difficile	1496	S	25	724	749	0.00006
Terrisporobacter sp. MCA3	2813371	S	27	4	31	0.00000
Acetoanaerobium sticklandii	1511	S	13	1	14	0.00000
Tepidibacter sp. 8C15b	2925782	S	13	3	16	0.00000
Paeniclostridium sordellii	1505	S	12	3	15	0.00000
Filifactor alocis	143361	S	10	17	27	0.00000
Desulfoscipio gibsoniae	102134	S	171	17	188	0.00001
Thermincola potens	863643	S	98	9	107	0.00001
Desulfotomaculum nigrificans	1565	S	95	44	139	0.00001
Caloranaerobacter azorensis	116090	S	51	8	59	0.00000
Vallitalea pronyensis	1348613	S	16	5	21	0.00000
Petrocella atlantisensis	2173034	S	19	3	22	0.00000
Alkalicella caledoniensis	2731377	S	26	4	30	0.00000
Moorella sp. Hama-1	2138101	S	395	95	490	0.00004
Moorella thermoacetica	1525	S	332	65	397	0.00003
Moorella glycerini	55779	S	284	31	315	0.00002
Ammonifex degensii	42838	S	460	20	480	0.00004
Gelria sp. Kuro-4	2796927	S	1030	93	1123	0.00008
Thermacetogenium phaeum	85874	S	410	437	847	0.00006
Carboxydothermus hydrogenoformans	129958	S	162	16	178	0.00001
Thermoanaerobacter mathranii	583357	S	45	82	127	0.00001
Thermoanaerobacter kivui	2325	S	11	7	18	0.00000
Thermanaeromonas toyohensis	161154	S	101	3	104	0.00001
Caldanaerobacter subterraneus	911092	S	50	48	98	0.00001
Thermoanaerobacterium thermosaccharolyticum	1517	S	27	75	102	0.00001
Caldicellulosiruptor saccharolyticus	44001	S	10	26	36	0.00000
Caldicellulosiruptor changbaiensis	1222016	S	10	30	40	0.00000
Mahella australiensis	252966	S	103	64	167	0.00001
Zhaonella formicivorans	2528593	S	85	15	100	0.00001
Thermodesulfobium acidiphilum	1794699	S	22	35	57	0.00000
Halothermothrix orenii	31909	S	70	15	85	0.00001
Iocasia fonsfrigidae	2682810	S	56	6	62	0.00000
Halanaerobium hydrogeniformans	656519	S	10	11	21	0.00000
Anoxybacter fermentans	1323375	S	108	27	135	0.00001
Halobacteroides halobius	42422	S	48	8	56	0.00000
Acetohalobium arabaticum	28187	S	28	3	31	0.00000
Thermosediminibacter oceani	291990	S	164	17	181	0.00001
Biomaibacter acetigenes	2316383	S	109	10	119	0.00001
Tepidanaerobacter acetatoxydans	499229	S	38	2	40	0.00000
Koleobacter methoxysyntrophicus	2751313	S	108	11	119	0.00001
Natranaerofaba carboxydovora	2742683	S	62	3	65	0.00000
Natranaerobius thermophilus	375929	S	32	3	35	0.00000
Selenomonas sp. oral taxon 126	712528	S	461	139	600	0.00004
Selenomonas sp. oral taxon 920	1884263	S	375	97	472	0.00004
Selenomonas sp. oral taxon 478	712538	S	137	194	331	0.00002
Selenomonas sp. oral taxon 136	713030	S	126	170	296	0.00002
Selenomonas sputigena	69823	S	818	82	900	0.00007
Selenomonas timonae	2754044	S	372	198	570	0.00004
Selenomonas ruminantium	971	S	124	13	137	0.00001
Megamonas funiformis	437897	S	19	43	62	0.00000
Megamonas hypermegale	158847	S	10	38	48	0.00000
Pectinatus frisingensis	865	S	13	0	13	0.00000
Sporomusa termitida	2377	S	168	23	191	0.00001
Methylomusa anaerophila	1930071	S	109	7	116	0.00001
Pelosinus sp. UFO1	484770	S	40	10	50	0.00000
Pelosinus fermentans	365349	S	29	4	33	0.00000
Megasphaera elsdenii	907	S	308	204	512	0.00004
Megasphaera stantonii	2144175	S	280	187	467	0.00003
Megasphaera massiliensis	1232428	S	121	50	171	0.00001
Dialister pneumosintes	39950	S	27	80	107	0.00001
Veillonella rodentium	248315	S	17	8	25	0.00000
Veillonella parvula	29466	S	11	11	22	0.00000
Acidaminococcus fermentans	905	S	200	41	241	0.00002
Acidaminococcus intestini	187327	S	55	5	60	0.00000
Phascolarctobacterium faecium	33025	S	68	8	76	0.00001
Phascolarctobacterium succinatutens	626940	S	31	90	121	0.00001
Phascolarctobacterium sp. Marseille-Q4147	2823317	S	28	25	53	0.00000
Limnochorda pilosa	1555112	S	3281	164	3445	0.00026
Peptoniphilus ivorii	54006	S	134	38	172	0.00001
Peptoniphilus harei	54005	S	13	16	29	0.00000
Murdochiella vaginalis	1852373	S	86	97	183	0.00001
Anaerococcus mediterraneensis	1870984	S	21	51	72	0.00001
Finegoldia magna	1260	S	22	25	47	0.00000
Parvimonas micra	33033	S	13	28	41	0.00000
Tissierella sp. JN-28	2507161	S	23	6	29	0.00000
Gudongella oleilytica	1582259	S	23	5	28	0.00000
Schnuerera ultunensis	45497	S	18	6	24	0.00000
Keratinibaculum paraultunense	1278232	S	14	9	23	0.00000
Gottschalkia acidurici	1556	S	65	9	74	0.00001
Ezakiella coagulans	46507	S	58	183	241	0.00002
Ezakiella massiliensis	1852374	S	12	8	20	0.00000
Sedimentibacter sp. zth1	2816908	S	31	4	35	0.00000
Allobaculum sp. Allo2	2853432	S	73	18	91	0.00001
Allobaculum mucolyticum	2834459	S	55	17	72	0.00001
Faecalibaculum rodentium	1702221	S	121	38	159	0.00001
[Clostridium] innocuum	1522	S	64	63	127	0.00001
Erysipelatoclostridium ramosum	1547	S	10	6	16	0.00000
Erysipelothrix larvae	1514105	S	18	9	27	0.00000
Intestinibaculum porci	2487118	S	38	20	58	0.00000
Bulleidia sp. zg-1006	2806552	S	28	12	40	0.00000
Faecalitalea cylindroides	39483	S	10	23	33	0.00000
Ndongobacter massiliensis	1871025	S	95	91	186	0.00001
endosymbiont 'TC1' of Trimyema compressum	243899	S	55	4	59	0.00000
Synechococcus sp. CBW1004	1353136	S	1014	275	1289	0.00010
Synechococcus sp. RSCCF101	2511069	S	836	219	1055	0.00008
Synechococcus sp. CBW1107	2789857	S	806	164	970	0.00007
Synechococcus sp. JA-3-3Ab	321327	S	515	133	648	0.00005
Synechococcus sp. CBW1108	1353147	S	464	67	531	0.00004
Synechococcus sp. SynAce01	1916956	S	443	52	495	0.00004
Synechococcus sp. CB0101	232348	S	387	90	477	0.00004
Synechococcus sp. JA-2-3B'a(2-13)	321332	S	360	83	443	0.00003
Synechococcus sp. RS9909	221352	S	340	128	468	0.00003
Synechococcus sp. NB0720_10	2907159	S	315	89	404	0.00003
Synechococcus sp. LTW-R	2751170	S	307	79	386	0.00003
Synechococcus sp. PCC 7336	195250	S	255	9	264	0.00002
Synechococcus sp. LA31	2741953	S	254	60	314	0.00002
Synechococcus sp. HK01-R	2751171	S	236	42	278	0.00002
Synechococcus sp. WH 8101	59932	S	218	76	294	0.00002
Synechococcus sp. A10-1-5-1	2936507	S	216	52	268	0.00002
Synechococcus sp. Minos11	221341	S	190	14	204	0.00002
Synechococcus sp. KORDI-100	1280380	S	181	13	194	0.00001
Synechococcus sp. NOUM97013	1442555	S	152	25	177	0.00001
Synechococcus sp. PROS-U-1	1400866	S	142	26	168	0.00001
Synechococcus sp. KORDI-52	585425	S	141	45	186	0.00001
Synechococcus sp. BMK-MC-1	1442551	S	140	57	197	0.00001
Synechococcus sp. KORDI-49	585423	S	138	135	273	0.00002
Synechococcus sp. BIOS-E4-1	1400864	S	123	13	136	0.00001
Synechococcus sp. MIT S9220	166309	S	103	16	119	0.00001
Synechococcus sp. A15-62	1050657	S	103	71	174	0.00001
Synechococcus sp. PCC 6312	195253	S	101	5	106	0.00001
Synechococcus sp. A15-127	1050624	S	98	95	193	0.00001
Synechococcus sp. MEDNS5	1442554	S	90	30	120	0.00001
Synechococcus sp. BIOS-U3-1	1400865	S	81	9	90	0.00001
Synechococcus sp. PROS-7-1	1442556	S	80	35	115	0.00001
Synechococcus sp. TAK9802	1442558	S	74	173	247	0.00002
Synechococcus sp. A15-44	1050646	S	70	119	189	0.00001
Synechococcus sp. CC9902	316279	S	63	7	70	0.00001
Synechococcus sp. PCC 7003	374981	S	63	19	82	0.00001
Synechococcus sp. CBW1002	1353134	S	60	487	547	0.00004
Synechococcus sp. WH 8109	166314	S	58	43	101	0.00001
Synechococcus sp. CBW1006	1353138	S	56	400	456	0.00003
Synechococcus sp. WH 8020	32052	S	54	10	64	0.00000
Synechococcus sp. NIES-970	1827144	S	51	9	60	0.00000
Synechococcus sp. RS9902	221345	S	48	94	142	0.00001
Synechococcus sp. PROS-9-1	1968775	S	46	11	57	0.00000
Synechococcus sp. ROS8604	1442557	S	45	11	56	0.00000
Synechococcus sp. RS9907	221350	S	43	96	139	0.00001
Synechococcus sp. MVIR-18-1	1386941	S	38	64	102	0.00001
Synechococcus sp. CC9311	64471	S	33	8	41	0.00000
Synechococcus sp. M16.1	1442553	S	26	74	100	0.00001
Synechococcus sp. SYN20	1050714	S	26	37	63	0.00000
Synechococcus sp. PCC 7502	1173263	S	25	1	26	0.00000
Synechococcus sp. A18-25c	1866938	S	22	154	176	0.00001
Synechococcus sp. PCC 8807	195248	S	21	116	137	0.00001
Synechococcus sp. A15-60	1050655	S	15	101	116	0.00001
Synechococcus sp. PCC 7117	195498	S	14	64	78	0.00001
Synechococcus sp. PCC 7002	32049	S	11	46	57	0.00000
Synechococcus sp. PCC 11901	2579791	S	11	50	61	0.00000
Synechococcus sp. PCC 73109	374982	S	11	48	59	0.00000
Synechococcus elongatus	32046	S	453	22	475	0.00004
Dactylococcopsis salina	292566	S	85	34	119	0.00001
Cyanobium sp. NIES-981	1851505	S	876	291	1167	0.00009
Cyanobium sp. NS01	261284	S	739	273	1012	0.00008
Cyanobium gracile	59930	S	1157	258	1415	0.00010
Parasynechococcus marenigrum	2881428	S	231	72	303	0.00002
Prochlorococcus marinus	1219	S	137	19	156	0.00001
Acaryochloris marina	155978	S	122	31	153	0.00001
Acaryochloris sp. 'Moss Beach'	2740837	S	43	56	99	0.00001
Synechocystis sp. PCC 6714	1147	S	33	8	41	0.00000
Synechocystis sp. CACIAM 05	1933929	S	26	115	141	0.00001
Chamaesiphon minutus	1173032	S	178	11	189	0.00001
Nostoc sp. C052	2576902	S	142	33	175	0.00001
Nostoc sp. UHCC 0702	2814655	S	135	18	153	0.00001
Nostoc sp. NIES-4103	2005458	S	127	18	145	0.00001
Nostoc sp. TCL26-01	2576904	S	111	10	121	0.00001
Nostoc sp. CENA543	1869241	S	111	12	123	0.00001
Nostoc sp. ATCC 53789	76335	S	98	156	254	0.00002
Nostoc sp. UHCC 0870	2914041	S	87	12	99	0.00001
Nostoc sp. MS1	2764711	S	86	14	100	0.00001
Nostoc sp. PCC 7524	28072	S	79	10	89	0.00001
Nostoc sp. 'Peltigera membranacea cyanobiont' N6	1261031	S	68	20	88	0.00001
Nostoc sp. PCC 7107	317936	S	55	23	78	0.00001
Nostoc sp. 'Lobaria pulmonaria (5183) cyanobiont'	1618022	S	50	11	61	0.00000
Nostoc sp. C057	2576903	S	49	76	125	0.00001
Nostoc sp. TCL240-02	2572090	S	43	24	67	0.00001
Nostoc sp. NIES-2111	1973475	S	31	62	93	0.00001
Nostoc sp. NIES-3756	1751286	S	18	47	65	0.00000
Nostoc sp. PCC 7120 = FACHB-418	103690	S	12	222	234	0.00002
Nostoc linckia	92942	S	128	25	153	0.00001
Nostoc sphaeroides	446679	S	100	59	159	0.00001
Nostoc flagelliforme	1306274	S	99	35	134	0.00001
Nostoc punctiforme	272131	S	95	68	163	0.00001
Nostoc edaphicum	264686	S	91	25	116	0.00001
Nostoc piscinale	224012	S	76	13	89	0.00001
Nostoc commune	1178	S	59	19	78	0.00001
Anabaena cylindrica	1165	S	167	28	195	0.00001
Anabaena sp. WA102	1647413	S	108	187	295	0.00002
Anabaena sp. 90	46234	S	43	327	370	0.00003
Anabaena sp. YBS01	2490939	S	10	373	383	0.00003
Cylindrospermum stagnale	142864	S	158	16	174	0.00001
Trichormus azollae	1164	S	126	13	139	0.00001
Richelia sinica	1357545	S	81	9	90	0.00001
Calothrix sp. PCC 7716	2853227	S	159	115	274	0.00002
Calothrix sp. PCC 7507	99598	S	142	33	175	0.00001
Calothrix sp. NIES-2100	1954172	S	131	92	223	0.00002
Calothrix sp. NIES-3974	2005462	S	121	10	131	0.00001
Calothrix sp. NIES-2098	1954171	S	87	56	143	0.00001
Calothrix sp. PCC 6303	1170562	S	54	17	71	0.00001
Calothrix sp. 336/3	1337936	S	50	15	65	0.00000
Calothrix parasitica	1973486	S	178	10	188	0.00001
Calothrix brevissima	938406	S	149	68	217	0.00002
Scytonema sp. NIES-4073	2005464	S	527	171	698	0.00005
Scytonema sp. HK-05	1137095	S	236	64	300	0.00002
Brasilonema sennae	1397703	S	138	14	152	0.00001
Sphaerospermopsis torques-reginae	984207	S	178	72	250	0.00002
Sphaerospermopsis kisseleviana	289435	S	162	68	230	0.00002
Nodularia sphaerocarpa	137816	S	92	23	115	0.00001
Nodularia spumigena	70799	S	72	18	90	0.00001
Dolichospermum compactum	136073	S	63	77	140	0.00001
Dolichospermum sp. UHCC 0315A	1914871	S	21	143	164	0.00001
Dolichospermum flos-aquae	1166	S	18	145	163	0.00001
Anabaenopsis circularis	109266	S	42	25	67	0.00000
Anabaenopsis elenkinii	156213	S	33	5	38	0.00000
Tolypothrix sp. PCC 7910	2099387	S	134	51	185	0.00001
Tolypothrix tenuis	457083	S	59	28	87	0.00001
Fischerella sp. NIES-3754	1752063	S	91	22	113	0.00001
Fischerella sp. NIES-4106	2005456	S	81	12	93	0.00001
Rivularia sp. PCC 7116	373994	S	56	3	59	0.00000
Leptolyngbya sp. 7M	2812896	S	2579	217	2796	0.00021
Leptolyngbya sp. BL0902	1115757	S	394	26	420	0.00003
Leptolyngbya sp. NIES-3755	1752064	S	97	9	106	0.00001
Leptolyngbya sp. PCC 7376	111781	S	38	3	41	0.00000
Leptolyngbya boryana	1184	S	104	0	104	0.00001
Kovacikia minuta	2931930	S	335	34	369	0.00003
Leptothermofonsia sichuanensis	2917832	S	197	22	219	0.00002
Leptodesmis sichuanensis	2906798	S	168	22	190	0.00001
Thermoleptolyngbya sp. PKUAC-SCTB121	2811482	S	28	401	429	0.00003
Thermoleptolyngbya sichuanensis	2885951	S	10	156	166	0.00001
Thermosynechococcus sp. NK55a	1394889	S	68	30	98	0.00001
Thermosynechococcus sp. TA-1	2813673	S	31	33	64	0.00000
Thermosynechococcus sp. CL-1	2583530	S	28	31	59	0.00000
Thermosynechococcus vestitus	146786	S	111	38	149	0.00001
Halomicronema hongdechloris	1209493	S	297	13	310	0.00002
Pseudanabaena sp. PCC 7367	82654	S	98	4	102	0.00001
Pseudanabaena sp. ABRG5-3	685565	S	72	5	77	0.00001
Gloeobacter kilaueensis	1416614	S	1371	43	1414	0.00010
Gloeobacter morelensis	2907343	S	1039	483	1522	0.00011
Gloeobacter violaceus	33072	S	1033	527	1560	0.00012
Anthocerotibacter panamensis	2857077	S	355	10	365	0.00003
Moorena producens	1155739	S	686	19	705	0.00005
Oscillatoria nigro-viridis	482564	S	183	96	279	0.00002
Oscillatoria acuminata	118323	S	110	7	117	0.00001
Geitlerinema sp. PCC 7407	1173025	S	638	102	740	0.00005
Allocoleopsis franciscana	2886352	S	126	14	140	0.00001
Oxynema aestuarii	2874213	S	293	28	321	0.00002
Microcoleus vaginatus	119532	S	164	57	221	0.00002
Planktothrix agardhii	1160	S	17	31	48	0.00000
Planktothrix rubescens	59512	S	10	14	24	0.00000
[Phormidium] sp. ETS-05	222819	S	188	12	200	0.00001
Crinalium epipsammum	241425	S	64	9	73	0.00001
Limnospira indica	147322	S	10	38	48	0.00000
Microcystis aeruginosa	1126	S	218	257	475	0.00004
Microcystis sp. MC19	1967666	S	30	17	47	0.00000
Gloeothece citriformis	2546356	S	59	7	66	0.00000
Gloeothece verrucosa	2546359	S	51	5	56	0.00000
Halothece sp. PCC 7418	65093	S	46	15	61	0.00000
Euhalothece natronophila	577489	S	23	3	26	0.00000
Rippkaea orientalis	2546366	S	53	8	61	0.00000
Crocosphaera subtropica	2546360	S	51	7	58	0.00000
Candidatus Atelocyanobacterium thalassa	713887	S	15	4	19	0.00000
Geminocystis herdmanii	669359	S	52	12	64	0.00000
Geminocystis sp. NIES-3709	1617448	S	24	6	30	0.00000
Geminocystis sp. NIES-3708	1615909	S	17	5	22	0.00000
Gloeocapsa sp. PCC 7428	1173026	S	68	7	75	0.00001
Chondrocystis sp. NIES-4102	2005460	S	39	6	45	0.00000
Cyanobacterium aponinum	379064	S	31	7	38	0.00000
Chroococcidiopsis sp. CCMEE 29	155894	S	299	55	354	0.00003
Chroococcidiopsis sp. CCNUC1	2653189	S	54	59	113	0.00001
Chroococcidiopsis thermalis	54299	S	86	103	189	0.00001
Pleurocapsa sp. PCC 7327	118163	S	125	15	140	0.00001
Stanieria cyanosphaera	102116	S	30	10	40	0.00000
Stanieria sp. NIES-3757	1807358	S	13	3	16	0.00000
Gloeomargarita lithophora	1188228	S	126	4	130	0.00001
Thermostichus lividus	33070	S	72	10	82	0.00001
cyanobacterium endosymbiont of Rhopalodia gibberula	1763363	S	10	1	11	0.00000
Deinococcus sp. NW-56	2080419	S	1385	242	1627	0.00012
Deinococcus sp. TS-293	2737050	S	1108	142	1250	0.00009
Deinococcus sp. KNUC1210	2917691	S	970	50	1020	0.00008
Deinococcus sp. AJ005	2652443	S	756	79	835	0.00006
Deinococcus sp. QL22	2939437	S	528	55	583	0.00004
Deinococcus maricopensis	309887	S	1761	196	1957	0.00015
Deinococcus gobiensis	502394	S	1734	291	2025	0.00015
Deinococcus ficus	317577	S	1693	199	1892	0.00014
Deinococcus metallilatus	1211322	S	1660	238	1898	0.00014
Deinococcus actinosclerus	1768108	S	1595	1225	2820	0.00021
Deinococcus irradiatisoli	2202254	S	1266	145	1411	0.00010
Deinococcus peraridilitoris	432329	S	1188	74	1262	0.00009
Deinococcus wulumuqiensis	980427	S	1142	559	1701	0.00013
Deinococcus radiopugnans	57497	S	1045	162	1207	0.00009
Deinococcus geothermalis	68909	S	836	164	1000	0.00007
Deinococcus radiodurans	1299	S	802	295	1097	0.00008
Deinococcus soli (ex Cha et al. 2016)	1309411	S	691	828	1519	0.00011
Deinococcus psychrotolerans	2489213	S	642	23	665	0.00005
Deinococcus proteolyticus	55148	S	587	162	749	0.00006
Deinococcus deserti	310783	S	536	48	584	0.00004
Deinococcus radiophilus	32062	S	401	103	504	0.00004
Deinococcus puniceus	1182568	S	270	52	322	0.00002
Thermus thermophilus	274	S	1094	1240	2334	0.00017
Thermus sp. CCB_US3_UF1	1111069	S	557	95	652	0.00005
Thermus sp. NEB1569	2918899	S	123	240	363	0.00003
Thermus aquaticus	271	S	541	90	631	0.00005
Thermus oshimai	56957	S	525	113	638	0.00005
Thermus brockianus	56956	S	440	95	535	0.00004
Thermus caldilimi	2483360	S	238	66	304	0.00002
Thermus scotoductus	37636	S	107	177	284	0.00002
Thermus parvatiensis	456163	S	89	463	552	0.00004
Oceanithermus profundus	187137	S	2806	368	3174	0.00024
Meiothermus silvanus	52022	S	930	172	1102	0.00008
Meiothermus taiwanensis	172827	S	709	290	999	0.00007
Meiothermus ruber	277	S	632	272	904	0.00007
Marinithermus hydrothermalis	186192	S	1686	329	2015	0.00015
Truepera radiovictrix	332249	S	2191	150	2341	0.00017
Sphaerobacter thermophilus	2057	S	7373	475	7848	0.00058
Thermomicrobium roseum	500	S	1676	38	1714	0.00013
Roseiflexus sp. RS-1	357808	S	1644	239	1883	0.00014
Roseiflexus castenholzii	120962	S	1611	264	1875	0.00014
Chloroflexus aurantiacus	1108	S	713	70	783	0.00006
Chloroflexus aggregans	152260	S	577	93	670	0.00005
Tepidiforma bonchosmolovskayae	2601677	S	4788	241	5029	0.00037
Candidatus Promineofilum breve	1806508	S	4625	112	4737	0.00035
Anaerolinea thermophila	167964	S	892	93	985	0.00007
Pelolinea submarina	913107	S	824	41	865	0.00006
Brevefilum fermentans	1986204	S	327	13	340	0.00003
Caldilinea aerophila	133453	S	2042	130	2172	0.00016
Dehalogenimonas formicexedens	1839801	S	450	141	591	0.00004
Dehalogenimonas sp. GP	1536648	S	314	98	412	0.00003
Dehalococcoides mccartyi	61435	S	145	257	402	0.00003
Ktedonosporobacter rubrisoli	2509675	S	812	24	836	0.00006
Phototrophicus methaneseepsis	2710758	S	734	8	742	0.00006
Thermobaculum terrenum	166501	S	705	116	821	0.00006
Fimbriimonas ginsengisoli	1005039	S	2519	18	2537	0.00019
Chthonomonas calidirosea	454171	S	620	6	626	0.00005
Mycoplasma sp. (ex Biomphalaria glabrata)	1749074	S	17	32	49	0.00000
Mycoplasma sp. SG1	2810348	S	17	0	17	0.00000
Mycoplasma genitalium	2097	S	13	0	13	0.00000
Mycoplasmopsis canis	29555	S	10	126	136	0.00001
Alteracholeplasma palmae	38986	S	48	12	60	0.00000
Spiroplasma litorale	216942	S	12	34	46	0.00000
Spiroplasma platyhelix	301585	S	10	3	13	0.00000
Candidatus Izimaplasma sp. HR1	1541959	S	23	3	26	0.00000
Gemmata obscuriglobus	114	S	36987	6534	43521	0.00323
Gemmata massiliana	1210884	S	14201	6117	20318	0.00151
Gemmata sp. SH-PL17	1630693	S	12733	6178	18911	0.00140
Urbifossiella limnaea	2528023	S	69638	6919	76557	0.00568
Frigoriglobus tundricola	2774151	S	42154	7267	49421	0.00366
Limnoglobus roseus	2598579	S	32993	1730	34723	0.00257
Tuwongella immobilis	692036	S	2830	138	2968	0.00022
Telmatocola sphagniphila	1123043	S	2357	27	2384	0.00018
Lacipirellula parvula	2650471	S	12857	1756	14613	0.00108
Lacipirellula limnantheis	2528024	S	12653	2019	14672	0.00109
Pirellulimonas nuda	2528009	S	10677	1410	12087	0.00090
Botrimarina mediterranea	2528022	S	8755	996	9751	0.00072
Aeoliella mucimassa	2527972	S	3402	341	3743	0.00028
Adhaeretor mobilis	1930276	S	2159	252	2411	0.00018
Bythopirellula goksoeyrii	1400387	S	2010	175	2185	0.00016
Lignipirellula cremea	2528010	S	6494	900	7394	0.00055
Stieleria maiorica	2795974	S	2843	669	3512	0.00026
Stieleria neptunia	2527979	S	2776	351	3127	0.00023
Rosistilla oblonga	2527990	S	1669	860	2529	0.00019
Rosistilla carotiformis	2528017	S	1052	493	1545	0.00011
Rosistilla ulvae	1930277	S	1007	634	1641	0.00012
Anatilimnocola aggregata	2528021	S	5261	697	5958	0.00044
Bremerella volcania	2527984	S	4142	372	4514	0.00033
Pirellula staleyi	125	S	2918	133	3051	0.00023
Pirellula sp. SH-Sr6A	1632865	S	755	25	780	0.00006
Roseimaritima ulvae	980254	S	2593	208	2801	0.00021
Roseimaritima multifibrata	1930274	S	719	99	818	0.00006
Rubripirellula lacrimiformis	1930273	S	1388	322	1710	0.00013
Mariniblastus fucicola	980251	S	1060	24	1084	0.00008
Rhodopirellula baltica	265606	S	879	73	952	0.00007
Aureliella helgolandensis	2527968	S	822	78	900	0.00007
Thermogutta terrifontis	1331910	S	1139	42	1181	0.00009
Tautonia plasticadhaerens	2527974	S	35449	3726	39175	0.00290
Aquisphaera giovannonii	406548	S	24204	4920	29124	0.00216
Paludisphaera borealis	1387353	S	14818	3887	18705	0.00139
Singulisphaera acidiphila	466153	S	10320	1801	12121	0.00090
Isosphaera pallida	128	S	2683	226	2909	0.00022
Planctomyces sp. SH-PL62	1636152	S	14737	6434	21171	0.00157
Planctomyces sp. SH-PL14	1632864	S	11266	848	12114	0.00090
Caulifigura coniformis	2527983	S	8810	692	9502	0.00070
Gimesia panareensis	2527978	S	2399	319	2718	0.00020
Gimesia chilikensis	2605989	S	1288	831	2119	0.00016
Gimesia maris	122	S	811	139	950	0.00007
Gimesia alba	2527973	S	600	117	717	0.00005
Gimesia algae	2527971	S	538	149	687	0.00005
Gimesia fumaroli	2527976	S	522	115	637	0.00005
Gimesia aquarii	2527964	S	400	30	430	0.00003
Gimesia benthica	2608982	S	380	567	947	0.00007
Maioricimonas rarisocia	2528026	S	8167	1221	9388	0.00070
Alienimonas californiensis	2527989	S	7002	618	7620	0.00056
Symmachiella dynata	2527995	S	2872	202	3074	0.00023
Rubinisphaera brasiliensis	119	S	1723	200	1923	0.00014
Fuerstiella marisgermanici	1891926	S	1554	32	1586	0.00012
Planctopirus ephydatiae	2528019	S	566	279	845	0.00006
Planctopirus limnophila	120	S	519	239	758	0.00006
Calycomorphotria hydatis	2528027	S	1447	63	1510	0.00011
Crateriforma conspicua	2527996	S	1265	318	1583	0.00012
Polystyrenella longa	2528007	S	532	55	587	0.00004
Thalassoglobus polymorphus	2527994	S	480	30	510	0.00004
Humisphaera borealis	2807512	S	13040	389	13429	0.00100
Phycisphaera mikurensis	547188	S	4417	437	4854	0.00036
Mucisphaera calidilacus	2527982	S	2215	155	2370	0.00018
Poriferisphaera corsica	2528020	S	252	2	254	0.00002
Anaerohalosphaera lusitana	1936003	S	409	13	422	0.00003
Limihaloglobus sulfuriphilus	1851148	S	209	12	221	0.00002
Sedimentisphaera cyanobacteriorum	1940790	S	79	96	175	0.00001
Sedimentisphaera salicampi	1941349	S	64	14	78	0.00001
Candidatus Kuenenia stuttgartiensis	174633	S	185	1	186	0.00001
Candidatus Uabimicrobium amorphum	2596890	S	112	2	114	0.00001
Opitutus terrae	107709	S	6272	321	6593	0.00049
Opitutus sp. GAS368	1882749	S	5090	822	5912	0.00044
Lacunisphaera limnophila	1838286	S	4608	707	5315	0.00039
Oleiharenicola sp. KSB-15	2862869	S	2473	146	2619	0.00019
Nibricoccus aquaticus	2576891	S	2377	115	2492	0.00018
Ereboglobus luteus	1796921	S	1712	91	1803	0.00013
Ruficoccus sp. ZRK36	2866311	S	901	164	1065	0.00008
Coraliomargarita akajimensis	395922	S	207	5	212	0.00002
Verrucomicrobium sp. GAS474	1882831	S	2503	274	2777	0.00021
Verrucomicrobium spinosum	2736	S	1663	94	1757	0.00013
Luteolibacter luteus	2728835	S	1980	83	2063	0.00015
Luteolibacter ambystomatis	2824561	S	1748	113	1861	0.00014
Roseimicrobium sp. ORNL1	2711231	S	2872	99	2971	0.00022
Sulfuriroseicoccus oceanibius	2707525	S	525	53	578	0.00004
Akkermansia muciniphila	239935	S	1029	129	1158	0.00009
Akkermansia glycaniphila	1679444	S	357	25	382	0.00003
Methylacidimicrobium sp. AP8	2730359	S	709	98	807	0.00006
Methylacidimicrobium sp. B4	2796139	S	623	112	735	0.00005
Methylacidiphilum sp. IT5	2795384	S	14	32	46	0.00000
Methylacidiphilum infernorum	511746	S	17	38	55	0.00000
Methylacidiphilum kamchatkense	431057	S	16	0	16	0.00000
Candidatus Xiphinematobacter sp. Idaho Grape	1704307	S	97	6	103	0.00001
Kiritimatiella glycovorans	1307763	S	1086	1360	2446	0.00018
Tichowtungia aerotolerans	2697043	S	367	17	384	0.00003
Candidatus Protochlamydia naegleriophila	389348	S	42	31	73	0.00001
Parachlamydia acanthamoebae	83552	S	22	9	31	0.00000
Neochlamydia sp. S13	1353976	S	13	3	16	0.00000
Candidatus Rhabdochlamydia porcellionis	225148	S	13	19	32	0.00000
Candidatus Rhabdochlamydia oedothoracis	2720720	S	10	11	21	0.00000
Waddlia chondrophila	71667	S	37	8	45	0.00000
Simkania negevensis	83561	S	24	2	26	0.00000
Chlamydia trachomatis	813	S	11	23	34	0.00000
Chlamydia suis	83559	S	10	26	36	0.00000
Candidatus Velamenicoccus archaeovorus	1930593	S	344	1	345	0.00003
Hymenobacter sp. PAMC 26628	1484118	S	1001	253	1254	0.00009
Hymenobacter sp. 5317J-9	2932250	S	956	235	1191	0.00009
Hymenobacter sp. APR13	1356852	S	865	383	1248	0.00009
Hymenobacter sp. PAMC 26554	1484116	S	805	86	891	0.00007
Hymenobacter sp. BRD128	2675878	S	697	101	798	0.00006
Hymenobacter sp. 5116S-27	2932249	S	561	98	659	0.00005
Hymenobacter sp. 5116S-3	2932248	S	551	93	644	0.00005
Hymenobacter sp. BT18	2835648	S	504	70	574	0.00004
Hymenobacter sp. DG01	2584940	S	479	144	623	0.00005
Hymenobacter sp. NBH84	2596915	S	427	70	497	0.00004
Hymenobacter sp. 5420S-77	2932254	S	409	58	467	0.00003
Hymenobacter sp. 5413J-13	2932251	S	373	59	432	0.00003
Hymenobacter sp. S2-20-2	2761579	S	350	57	407	0.00003
Hymenobacter sp. BRD67	2675877	S	349	343	692	0.00005
Hymenobacter sp. DG25B	1385664	S	326	134	460	0.00003
Hymenobacter sp. DG25A	1385663	S	305	129	434	0.00003
Hymenobacter sp. HDW8	2714932	S	187	610	797	0.00006
Hymenobacter sp. 5516S-25	2933777	S	116	542	658	0.00005
Hymenobacter sp. 5516J-16	2932253	S	105	521	626	0.00005
Hymenobacter busanensis	2607656	S	969	108	1077	0.00008
Hymenobacter monticola	1705399	S	915	173	1088	0.00008
Hymenobacter sedentarius	1411621	S	811	126	937	0.00007
Hymenobacter nivis	1850093	S	679	177	856	0.00006
Hymenobacter jejuensis	2502781	S	637	49	686	0.00005
Hymenobacter oligotrophus	2319843	S	615	68	683	0.00005
Hymenobacter swuensis	1446467	S	481	108	589	0.00004
Hymenobacter tibetensis	497967	S	387	61	448	0.00003
Hymenobacter baengnokdamensis	2615203	S	348	380	728	0.00005
Hymenobacter qilianensis	1385715	S	340	62	402	0.00003
Hymenobacter radiodurans	2496028	S	153	522	675	0.00005
Pontibacter pudoricolor	2694930	S	1457	171	1628	0.00012
Pontibacter russatus	2694929	S	1447	145	1592	0.00012
Pontibacter actiniarum	323450	S	803	205	1008	0.00007
Pontibacter akesuensis	388950	S	546	84	630	0.00005
Pontibacter korlensis	400092	S	388	58	446	0.00003
Pontibacter sp. SGAir0037	2571030	S	336	60	396	0.00003
Rufibacter radiotolerans	1379910	S	338	37	375	0.00003
Rufibacter tibetensis	512763	S	263	41	304	0.00002
Rufibacter sp. DG15C	1379909	S	247	124	371	0.00003
Adhaeribacter swui	2086471	S	201	30	231	0.00002
Adhaeribacter radiodurans	2745197	S	143	18	161	0.00001
Nibribacter ruber	2698458	S	253	126	379	0.00003
Spirosoma sp. CJU-R4	2728024	S	588	47	635	0.00005
Spirosoma sp. KUDC1026	2745947	S	425	39	464	0.00003
Spirosoma sp. RHs26	2898794	S	277	20	297	0.00002
Spirosoma sp. KCTC 42546	2520506	S	255	38	293	0.00002
Spirosoma sp. KCTC 72228	2710596	S	159	24	183	0.00001
Spirosoma rigui	564064	S	421	29	450	0.00003
Spirosoma taeanense	2735870	S	397	35	432	0.00003
Spirosoma montaniterrae	1178516	S	356	21	377	0.00003
Spirosoma pollinicola	2057025	S	246	32	278	0.00002
Spirosoma radiotolerans	1379870	S	217	15	232	0.00002
Spirosoma endbachense	2666025	S	208	87	295	0.00002
Spirosoma aerolatum	1211326	S	200	9	209	0.00002
Spirosoma aureum	2692134	S	157	79	236	0.00002
Rhodocytophaga rosea	2704465	S	204	7	211	0.00002
Aquirufa sp. 9H-EGSE	2696560	S	48	18	66	0.00000
Aquirufa nivalisilvae	2516557	S	27	8	35	0.00000
Cytophaga hutchinsonii	985	S	68	6	74	0.00001
Dyadobacter fermentans	94254	S	736	71	807	0.00006
Dyadobacter sandarakinus	2747268	S	256	26	282	0.00002
Dyadobacter sp. LJ419	2906456	S	173	13	186	0.00001
Dyadobacter sp. NIV53	2861765	S	68	4	72	0.00001
Fibrella aestuarina	651143	S	833	69	902	0.00007
Fibrella sp. ES10-3-2-2	1834519	S	344	25	369	0.00003
Runella slithyformis	106	S	229	23	252	0.00002
Runella rosea	2259595	S	143	17	160	0.00001
Runella sp. SP2	2268026	S	140	8	148	0.00001
Larkinella sp. IE-0392	2907205	S	215	15	230	0.00002
Leadbetterella byssophila	316068	S	51	20	71	0.00001
Arcticibacterium luteifluviistationis	1784714	S	23	1	24	0.00000
Chryseolinea soli	2321403	S	1868	55	1923	0.00014
Fulvivirga sp. SS9-22	2904245	S	111	10	121	0.00001
Fulvivirga sp. SW1-E11	2904247	S	52	21	73	0.00001
Fulvivirga sp. W9P-11	2904246	S	50	15	65	0.00000
Fulvivirga lutea	2810512	S	56	6	62	0.00000
Echinicola rosea	1807691	S	87	35	122	0.00001
Echinicola strongylocentroti	1795355	S	80	13	93	0.00001
Echinicola sp. SCS 3-6	2859768	S	39	15	54	0.00000
Echinicola sp. 20G	2781961	S	31	4	35	0.00000
Echinicola vietnamensis	390884	S	66	29	95	0.00001
Echinicola soli	2591634	S	60	5	65	0.00000
Algoriphagus sp. Y33	2772483	S	69	5	74	0.00001
Algoriphagus sp. NBT04N3	2705473	S	36	10	46	0.00000
Algoriphagus sanaruensis	1727163	S	65	6	71	0.00001
Algoriphagus machipongonensis	388413	S	38	2	40	0.00000
Cyclobacterium marinum	104	S	35	9	44	0.00000
Cyclobacterium amurskyense	320787	S	33	5	38	0.00000
Aquiflexum balticum	280473	S	53	8	61	0.00000
Belliella baltica	232259	S	51	21	72	0.00001
Mongoliitalea daihaiensis	2782006	S	37	3	40	0.00000
Flammeovirga pectinis	2494373	S	24	4	28	0.00000
Flammeovirga sp. MY04	1191459	S	21	19	40	0.00000
Flammeovirga kamogawensis	373891	S	17	3	20	0.00000
Flammeovirga yaeyamensis	367791	S	12	11	23	0.00000
Marivirga tractuosa	1006	S	58	20	78	0.00001
Candidatus Amoebophilus asiaticus	281120	S	21	2	23	0.00000
Mangrovivirga cuniculi	2715131	S	48	3	51	0.00000
Bernardetia litoralis	999	S	32	2	34	0.00000
Rhodocaloribacter litoris	2558931	S	6318	793	7111	0.00053
Rhodothermus marinus	29549	S	5120	348	5468	0.00041
Salinibacter ruber	146919	S	3334	66	3400	0.00025
Niastella koreensis	354356	S	2881	281	3162	0.00023
Chitinophaga sp. XS-30	2604421	S	548	161	709	0.00005
Chitinophaga sp. KRA15-503	2829818	S	260	117	377	0.00003
Chitinophaga oryzae	2725414	S	511	72	583	0.00004
Chitinophaga filiformis	104663	S	296	44	340	0.00003
Chitinophaga alhagiae	2203219	S	274	5	279	0.00002
Chitinophaga pinensis	79329	S	233	46	279	0.00002
Chitinophaga agri	2703787	S	149	36	185	0.00001
Chitinophaga caeni	2029983	S	143	19	162	0.00001
Flavisolibacter tropicus	1492898	S	851	117	968	0.00007
Flavisolibacter ginsenosidimutans	661481	S	641	35	676	0.00005
Pseudocnuella soli	2502779	S	950	107	1057	0.00008
Paraflavitalea soli	2315862	S	676	47	723	0.00005
Flavihumibacter sp. IMCC34838	2838156	S	373	29	402	0.00003
Flavihumibacter sp. IMCC34837	2838157	S	252	15	267	0.00002
Pseudobacter ginsenosidimutans	661488	S	533	43	576	0.00004
Niabella soli	446683	S	248	24	272	0.00002
Niabella ginsenosidivorans	1176587	S	213	18	231	0.00002
Arachidicoccus sp. BS20	1850526	S	89	23	112	0.00001
Arachidicoccus sp. 5GH13-10	2875539	S	62	13	75	0.00001
Arachidicoccus sp. B3-10	2545455	S	41	2	43	0.00000
Arachidicoccus ginsenosidivorans	496057	S	62	13	75	0.00001
Arachidicoccus soli	2341117	S	53	6	59	0.00000
Phnomibacter ginsenosidimutans	2676868	S	290	31	321	0.00002
Lacibacter sp. S13-6-6	2760713	S	239	10	249	0.00002
Filimonas lacunae	477680	S	237	27	264	0.00002
Panacibacter ginsenosidivorans	1813871	S	216	9	225	0.00002
Ferruginibacter sp. KIS38-8	2875540	S	103	7	110	0.00001
Ferruginibacter lapsinanis	563172	S	90	6	96	0.00001
Alistipes dispar	2585119	S	618	80	698	0.00005
Alistipes communis	2585118	S	610	352	962	0.00007
Alistipes onderdonkii	328813	S	544	530	1074	0.00008
Alistipes finegoldii	214856	S	505	428	933	0.00007
Alistipes senegalensis	1288121	S	494	117	611	0.00005
Alistipes megaguti	2364787	S	450	52	502	0.00004
Alistipes sp. dk3624	2662363	S	394	72	466	0.00003
Alistipes shahii	328814	S	374	216	590	0.00004
Alistipes indistinctus	626932	S	358	59	417	0.00003
Prevotella sp. Rep29	2691580	S	84	9	93	0.00001
Prevotella sp. E15-22	2937774	S	78	10	88	0.00001
Prevotella sp. oral taxon 475	712471	S	67	6	73	0.00001
Prevotella sp. E13-17	2913616	S	58	4	62	0.00000
Prevotella sp. E2-28	2913620	S	56	6	62	0.00000
Prevotella sp. E9-3	2913621	S	34	6	40	0.00000
Prevotella sp. E13-3	2913617	S	12	115	127	0.00001
Prevotella sp. oral taxon 299	652716	S	11	1	12	0.00000
Prevotella dentalis	52227	S	253	56	309	0.00002
Prevotella denticola	28129	S	101	32	133	0.00001
Prevotella multiformis	282402	S	92	39	131	0.00001
Prevotella melaninogenica	28132	S	91	30	121	0.00001
Prevotella ruminicola	839	S	72	3	75	0.00001
Prevotella intermedia	28131	S	68	28	96	0.00001
Prevotella buccalis	28127	S	63	53	116	0.00001
Prevotella copri	165179	S	54	20	74	0.00001
Prevotella enoeca	76123	S	27	5	32	0.00000
Prevotella fusca	589436	S	27	5	32	0.00000
Prevotella nigrescens	28133	S	24	13	37	0.00000
Prevotella bryantii	77095	S	20	2	22	0.00000
Prevotella oris	28135	S	17	2	19	0.00000
Prevotella herbatica	2801997	S	16	0	16	0.00000
Prevotella jejuni	1177574	S	13	4	17	0.00000
Prevotella histicola	470565	S	11	2	13	0.00000
Paraprevotella xylaniphila	454155	S	71	47	118	0.00001
Pseudoprevotella muciniphila	2133944	S	62	7	69	0.00001
Bacteroides sp. CBA7301	2715212	S	57	19	76	0.00001
Bacteroides sp. M10	2763022	S	17	36	53	0.00000
Bacteroides fragilis	817	S	82	126	208	0.00002
Bacteroides cellulosilyticus	246787	S	79	24	103	0.00001
Bacteroides stercoris	46506	S	75	55	130	0.00001
Bacteroides thetaiotaomicron	818	S	71	41	112	0.00001
Bacteroides eggerthii	28111	S	64	55	119	0.00001
Bacteroides zoogleoformans	28119	S	56	16	72	0.00001
Bacteroides salyersiae	291644	S	48	35	83	0.00001
Bacteroides heparinolyticus	28113	S	46	12	58	0.00000
Bacteroides xylanisolvens	371601	S	42	106	148	0.00001
Bacteroides uniformis	820	S	39	113	152	0.00001
Bacteroides caccae	47678	S	35	5	40	0.00000
Bacteroides faecis	674529	S	33	22	55	0.00000
Bacteroides nordii	291645	S	32	17	49	0.00000
Bacteroides zhangwenhongii	2650157	S	32	18	50	0.00000
Bacteroides helcogenes	290053	S	30	1	31	0.00000
Bacteroides caecimuris	1796613	S	26	31	57	0.00000
Bacteroides luhongzhouii	2650158	S	25	13	38	0.00000
Bacteroides intestinalis	329854	S	21	4	25	0.00000
Bacteroides coprosuis	151276	S	12	1	13	0.00000
Phocaeicola salanitronis	376805	S	95	31	126	0.00001
Phocaeicola coprophilus	387090	S	61	29	90	0.00001
Phocaeicola dorei	357276	S	23	43	66	0.00000
Phocaeicola vulgatus	821	S	21	18	39	0.00000
Tannerella serpentiformis	712710	S	396	18	414	0.00003
Tannerella forsythia	28112	S	120	10	130	0.00001
Parabacteroides goldsteinii	328812	S	134	29	163	0.00001
Parabacteroides distasonis	823	S	93	204	297	0.00002
Parabacteroides merdae	46503	S	85	70	155	0.00001
Parabacteroides johnsonii	387661	S	59	35	94	0.00001
Sodaliphilus pleomorphus	2606626	S	275	101	376	0.00003
Duncaniella dubosii	2518971	S	84	8	92	0.00001
Muribaculum gordoncarteri	2530390	S	134	13	147	0.00001
Muribaculum intestinale	1796646	S	101	9	110	0.00001
Porphyromonas sp. oral taxon 275	712435	S	340	30	370	0.00003
Porphyromonas gingivalis	837	S	103	13	116	0.00001
Porphyromonas asaccharolytica	28123	S	95	6	101	0.00001
Porphyromonas somerae	322095	S	40	8	48	0.00000
Porphyromonas cangingivalis	36874	S	38	4	42	0.00000
Porphyromonas crevioricanis	393921	S	29	5	34	0.00000
Porphyromonas endodontalis	28124	S	16	1	17	0.00000
Petrimonas mucosa	1642646	S	131	6	137	0.00001
Proteiniphilum saccharofermentans	1642647	S	90	4	94	0.00001
Proteiniphilum sp. JNU-WLY501	2829812	S	32	0	32	0.00000
Barnesiella viscericola	397865	S	129	125	254	0.00002
Coprobacter secundus	1501392	S	33	23	56	0.00000
Butyricimonas virosa	544645	S	40	7	47	0.00000
Butyricimonas faecalis	2093856	S	36	33	69	0.00001
Odoribacter splanchnicus	28118	S	38	3	41	0.00000
Paludibacter propionicigenes	185300	S	43	1	44	0.00000
Tenuifilum thalassicum	2590900	S	38	1	39	0.00000
Salinivirga cyanobacteriivorans	1307839	S	26	0	26	0.00000
Draconibacterium orientale	1168034	S	77	7	84	0.00001
Draconibacterium halophilum	2706887	S	52	4	56	0.00000
Maribellus comscasis	2681766	S	54	2	56	0.00000
Alkalitalea saponilacus	889453	S	33	2	35	0.00000
Labilibaculum antarcticum	1717717	S	23	1	24	0.00000
Flavobacterium sp. HJ-32-4	1160795	S	224	16	240	0.00002
Flavobacterium sp. MDT1-60	1979344	S	52	10	62	0.00000
Flavobacterium sp. CJ74	2294119	S	52	4	56	0.00000
Flavobacterium sp. CLA17	2724135	S	31	5	36	0.00000
Flavobacterium sp. Sr18	935222	S	25	4	29	0.00000
Flavobacterium sp. KSM-R2A25	2895947	S	24	6	30	0.00000
Flavobacterium sp. K5-23	2746225	S	23	5	28	0.00000
Flavobacterium sp. IGB 4-14	1871076	S	23	2	25	0.00000
Flavobacterium sp. MMS21-Er5	2937442	S	21	8	29	0.00000
Flavobacterium sp. KSM-R2A30	2897181	S	21	6	27	0.00000
Flavobacterium sp. F-70	2893884	S	21	4	25	0.00000
Flavobacterium sp. M31R6	2739062	S	21	3	24	0.00000
Flavobacterium sp. B183	907046	S	20	4	24	0.00000
Flavobacterium sp. KBS0721	1179672	S	20	6	26	0.00000
Flavobacterium sp. F-323	2893885	S	20	4	24	0.00000
Flavobacterium sp. F-29	2893883	S	20	4	24	0.00000
Flavobacterium sp. WSW3-B6	2856519	S	19	2	21	0.00000
Flavobacterium sp. 140616W15	2478552	S	18	4	22	0.00000
Flavobacterium sp. I3-2	2748319	S	17	17	34	0.00000
Flavobacterium sp. CS20	2775246	S	16	6	22	0.00000
Flavobacterium sp. SLB02	2665645	S	16	3	19	0.00000
Flavobacterium sp. LPB0248	2614441	S	15	7	22	0.00000
Flavobacterium sp. xlx-214	2654325	S	14	3	17	0.00000
Flavobacterium sp. F-340	2893886	S	14	4	18	0.00000
Flavobacterium sp. CECT 9288	2845819	S	10	9	19	0.00000
Flavobacterium album	2175091	S	137	10	147	0.00001
Flavobacterium magnum	2162713	S	120	13	133	0.00001
Flavobacterium pallidum	2172098	S	74	7	81	0.00001
Flavobacterium commune	1306519	S	52	8	60	0.00000
Flavobacterium nackdongense	2547394	S	52	4	56	0.00000
Flavobacterium johnsoniae	986	S	41	18	59	0.00000
Flavobacterium alkalisoli	2602769	S	41	3	44	0.00000
Flavobacterium inviolabile	2748320	S	37	6	43	0.00000
Flavobacterium kingsejongi	1678728	S	35	5	40	0.00000
Flavobacterium enshiense	1341165	S	33	3	36	0.00000
Flavobacterium fluviale	2249356	S	29	11	40	0.00000
Flavobacterium sangjuense	2518177	S	27	3	30	0.00000
Flavobacterium endoglycinae	2816357	S	25	5	30	0.00000
Flavobacterium gilvum	1492737	S	23	3	26	0.00000
Flavobacterium anhuiense	459526	S	21	8	29	0.00000
Flavobacterium sediminis	2201181	S	20	12	32	0.00000
Flavobacterium oreochromis	2906078	S	19	7	26	0.00000
Flavobacterium psychrophilum	96345	S	15	3	18	0.00000
Flavobacterium haoranii	683124	S	14	5	19	0.00000
Flavobacterium arcticum	1784713	S	13	1	14	0.00000
Flavobacterium crocinum	2183896	S	13	3	16	0.00000
Flavobacterium sediminilitoris	2024526	S	13	1	14	0.00000
Flavobacterium nitrogenifigens	1617283	S	13	6	19	0.00000
Flavobacterium columnare	996	S	13	52	65	0.00000
Flavobacterium crassostreae	1763534	S	12	3	15	0.00000
Flavobacterium indicum	312277	S	12	2	14	0.00000
Flavobacterium branchiophilum	55197	S	12	1	13	0.00000
Flavobacterium faecale	1355330	S	11	1	12	0.00000
Flavobacterium jumunjinense	998845	S	10	1	11	0.00000
Capnocytophaga gingivalis	1017	S	76	9	85	0.00001
Capnocytophaga sp. oral taxon 323	1705617	S	12	23	35	0.00000
Capnocytophaga sp. oral taxon 878	1316596	S	11	3	14	0.00000
Capnocytophaga sp. oral taxon 902	2748316	S	11	19	30	0.00000
Capnocytophaga haemolytica	45243	S	56	5	61	0.00000
Capnocytophaga sputigena	1019	S	40	13	53	0.00000
Capnocytophaga canimorsus	28188	S	36	12	48	0.00000
Capnocytophaga stomatis	1848904	S	19	4	23	0.00000
Capnocytophaga leadbetteri	327575	S	13	7	20	0.00000
Capnocytophaga ochracea	1018	S	10	14	24	0.00000
Capnocytophaga cynodegmi	28189	S	10	2	12	0.00000
Capnocytophaga endodontalis	2708117	S	10	4	14	0.00000
Muricauda sp. SCSIO 65647	2908843	S	53	2	55	0.00000
Muricauda sp. SCSIO 64092	2908842	S	50	1	51	0.00000
Muricauda ruestringensis	111501	S	63	6	69	0.00001
Muricauda aquimarina	254955	S	63	35	98	0.00001
Muricauda oceani	2698672	S	56	33	89	0.00001
Muricauda lutaonensis	516051	S	55	15	70	0.00001
Muricauda aurantiaca	1383885	S	14	1	15	0.00000
Robiginitalea biformata	252307	S	331	21	352	0.00003
Gramella sp. MT6	2705471	S	38	5	43	0.00000
Gramella sp. GC03-9	2920386	S	31	9	40	0.00000
Gramella sp. MAR_2010_147	1250205	S	17	2	19	0.00000
Gramella fulva	2126553	S	66	6	72	0.00001
Gramella flava	1486245	S	52	17	69	0.00001
Gramella forsetii	411153	S	35	9	44	0.00000
Gramella salexigens	1913577	S	30	3	33	0.00000
Gramella echinicola	279359	S	19	2	21	0.00000
Nonlabens sp. Hel1_33_55	1336802	S	28	4	32	0.00000
Nonlabens sp. Ci31	2608253	S	15	5	20	0.00000
Nonlabens sp. MB-3u-79	2058134	S	12	4	16	0.00000
Nonlabens spongiae	331648	S	45	20	65	0.00000
Nonlabens ponticola	2496866	S	27	3	30	0.00000
Nonlabens marinus	930802	S	25	7	32	0.00000
Nonlabens dokdonensis	328515	S	13	2	15	0.00000
Polaribacter sp. SM13	2818493	S	29	28	57	0.00000
Polaribacter sp. Hel1_33_78	1336804	S	11	6	17	0.00000
Polaribacter sp. MED152	313598	S	10	3	13	0.00000
Polaribacter litorisediminis	1908341	S	13	2	15	0.00000
Polaribacter vadi	1774273	S	10	3	13	0.00000
Antarcticibacterium sp. 1MA-6-2	2908210	S	54	7	61	0.00000
Antarcticibacterium flavum	2058175	S	51	11	62	0.00000
Antarcticibacterium arcticum	2585771	S	37	5	42	0.00000
Winogradskyella sp. PC-19	754417	S	11	8	19	0.00000
Winogradskyella sp. HaHa_3_26	2749995	S	11	8	19	0.00000
Winogradskyella forsetii	2686077	S	27	10	37	0.00000
Winogradskyella schleiferi	2686078	S	15	8	23	0.00000
Winogradskyella sediminis	1382466	S	13	5	18	0.00000
Sinomicrobium sp. HD2P242	2900738	S	113	5	118	0.00001
Aequorivita sublithincola	101385	S	30	33	63	0.00000
Aequorivita sp. H23M31	2494375	S	28	14	42	0.00000
Myroides odoratus	256	S	25	3	28	0.00000
Myroides fluvii	2572594	S	18	3	21	0.00000
Myroides sp. ZB35	1458492	S	10	22	32	0.00000
Maribacter sp. MJ134	2496865	S	23	4	27	0.00000
Maribacter sp. HTCC2170	313603	S	10	1	11	0.00000
Maribacter cobaltidurans	1178778	S	31	31	62	0.00000
Maribacter hydrothermalis	1836467	S	10	6	16	0.00000
Tenacibaculum sp. SZ-18	754423	S	11	11	22	0.00000
Tenacibaculum jejuense	584609	S	16	1	17	0.00000
Tenacibaculum todarodis	1850252	S	16	6	22	0.00000
Tenacibaculum mesophilum	104268	S	14	8	22	0.00000
Salegentibacter sp. T436	1729720	S	28	32	60	0.00000
Salegentibacter mishustinae	270918	S	26	27	53	0.00000
Salegentibacter salegens	143223	S	25	4	29	0.00000
Formosa sp. Hel1_31_208	1798225	S	16	2	18	0.00000
Formosa sp. Hel3_A1_48	1336795	S	15	4	19	0.00000
Formosa sp. Hel1_33_131	1336794	S	14	1	15	0.00000
Formosa sediminum	2594004	S	14	3	17	0.00000
Formosa agariphila	320324	S	13	3	16	0.00000
Cellulophaga sp. HaHaR_3_176	1942464	S	10	22	32	0.00000
Cellulophaga lytica	979	S	15	15	30	0.00000
Kordia antarctica	1218801	S	47	4	51	0.00000
Kordia sp. SMS9	2282170	S	20	1	21	0.00000
Aquimarina sp. TRL1	2736252	S	17	1	18	0.00000
Aquimarina sp. BL5	1714860	S	15	2	17	0.00000
Aquimarina sp. AD1	1714848	S	13	2	15	0.00000
Aquimarina sp. AD10	1714849	S	13	1	14	0.00000
Aggregatimonas sangjinii	2583587	S	53	3	56	0.00000
Flagellimonas sp. CMM7	2654676	S	31	2	33	0.00000
Flagellimonas sp. HMM57	2905121	S	20	1	21	0.00000
Zobellia galactanivorans	63186	S	49	3	52	0.00000
Leeuwenhoekiella palythoae	573501	S	15	17	32	0.00000
Leeuwenhoekiella sp. ZYFB001	2719912	S	13	11	24	0.00000
Constantimarinum furrinae	2562285	S	40	4	44	0.00000
Muriicola soli	2507538	S	40	3	43	0.00000
Mariniflexile sp. TRM1-10	2027857	S	37	4	41	0.00000
Zunongwangia sp. SCSIO 43204	2779359	S	22	17	39	0.00000
Zunongwangia profunda	398743	S	13	11	24	0.00000
Arenibacter algicola	616991	S	36	13	49	0.00000
Lutibacter profundi	1622118	S	19	4	23	0.00000
Gilvibacter sp. SZ-19	754429	S	34	4	38	0.00000
Lacinutrix sp. 5H-3-7-4	983544	S	11	6	17	0.00000
Lacinutrix sp. Bg11-31	2057808	S	11	2	13	0.00000
Flavivirga eckloniae	1803846	S	31	2	33	0.00000
Costertonia aggregata	343403	S	31	7	38	0.00000
Algibacter sp. L3A6	2686366	S	16	7	23	0.00000
Aegicerativicinus sediminis	2893202	S	30	2	32	0.00000
Pukyongia salina	2094025	S	29	2	31	0.00000
Euzebyella marina	1761453	S	28	17	45	0.00000
Tamlana sp. s12	1630406	S	15	8	23	0.00000
Galbibacter sp. BG1	1170699	S	27	3	30	0.00000
Seonamhaeicola sp. S2-3	1936081	S	12	3	15	0.00000
Seonamhaeicola sp. ML3	2937786	S	12	1	13	0.00000
Psychroflexus sp. ALD_RP9	2777186	S	12	1	13	0.00000
Psychroflexus torquis	57029	S	10	0	10	0.00000
Olleya aquimaris	639310	S	12	6	18	0.00000
Croceibacter atlanticus	313588	S	21	4	25	0.00000
Amniculibacterium sp. G2-70	2767188	S	21	15	36	0.00000
Changchengzhania lutea	2049305	S	19	2	21	0.00000
Zhouia spongiae	2202721	S	18	4	22	0.00000
Sediminicola sp. YIK13	1453352	S	17	2	19	0.00000
Wenyingzhuangia fucanilytica	1790137	S	13	2	15	0.00000
Gillisia sp. Hel1_33_143	1336796	S	13	5	18	0.00000
Bizionia sp. M204	2675331	S	12	2	14	0.00000
Siansivirga zeaxanthinifaciens	762954	S	11	3	14	0.00000
Urechidicola croceus	1850246	S	10	6	16	0.00000
Chryseobacterium gleum	250	S	1865	1556	3421	0.00025
Chryseobacterium sp. PCH239	2825845	S	78	20	98	0.00001
Chryseobacterium sp. MEBOG07	2879939	S	63	9	72	0.00001
Chryseobacterium sp. SC2-2	2929800	S	57	31	88	0.00001
Chryseobacterium sp.	1871047	S	45	12	57	0.00000
Chryseobacterium sp. 6424	2039166	S	43	6	49	0.00000
Chryseobacterium sp. Y16C	2920939	S	41	16	57	0.00000
Chryseobacterium sp. cx-624	2758037	S	37	3	40	0.00000
Chryseobacterium sp. MEBOG06	2879938	S	36	5	41	0.00000
Chryseobacterium sp. F4	2852098	S	35	1	36	0.00000
Chryseobacterium sp. G0186	2487064	S	29	10	39	0.00000
Chryseobacterium sp. T16E-39	2015076	S	27	1	28	0.00000
Chryseobacterium sp. ZHDP1	2838877	S	26	15	41	0.00000
Chryseobacterium sp. POL2	2713414	S	26	16	42	0.00000
Chryseobacterium sp. IHB B 17019	1721091	S	25	2	27	0.00000
Chryseobacterium sp. G0201	2487065	S	25	3	28	0.00000
Chryseobacterium sp. StRB126	878220	S	22	3	25	0.00000
Chryseobacterium sp. C-17	2898076	S	21	3	24	0.00000
Chryseobacterium sp. G0162	2487063	S	20	7	27	0.00000
Chryseobacterium sp. DH-B6	2759528	S	18	3	21	0.00000
Chryseobacterium sp. 3008163	2478663	S	17	2	19	0.00000
Chryseobacterium sp. LJ668	2864040	S	16	1	17	0.00000
Chryseobacterium sp. SNU WT5	2594269	S	13	3	16	0.00000
Chryseobacterium sp. JV274	1932669	S	13	69	82	0.00001
Chryseobacterium indologenes	253	S	245	78	323	0.00002
Chryseobacterium cucumeris	1813611	S	126	20	146	0.00001
Chryseobacterium arthrosphaerae	651561	S	75	27	102	0.00001
Chryseobacterium taklimakanense	536441	S	68	28	96	0.00001
Chryseobacterium aureum	2497456	S	58	7	65	0.00000
Chryseobacterium camelliae	1265445	S	56	27	83	0.00001
Chryseobacterium shandongense	1493872	S	49	20	69	0.00001
Chryseobacterium indoltheticum	254	S	41	5	46	0.00000
Chryseobacterium daecheongense	192389	S	34	3	37	0.00000
Chryseobacterium lactis	1241981	S	33	28	61	0.00000
Chryseobacterium gallinarum	1324352	S	30	8	38	0.00000
Chryseobacterium salivictor	2547600	S	30	2	32	0.00000
Chryseobacterium carnipullorum	1124835	S	25	6	31	0.00000
Chryseobacterium piperi	558152	S	25	1	26	0.00000
Chryseobacterium nepalense	1854498	S	24	2	26	0.00000
Chryseobacterium balustinum	246	S	23	3	26	0.00000
Chryseobacterium rhizoplanae	1609531	S	19	35	54	0.00000
Chryseobacterium bernardetii	1241978	S	18	71	89	0.00001
Chryseobacterium manosquense	2754694	S	14	7	21	0.00000
Chryseobacterium nakagawai	1241982	S	13	11	24	0.00000
Chryseobacterium joostei	112234	S	12	2	14	0.00000
Kaistella sp. 97-N-M2	2908645	S	51	5	56	0.00000
Kaistella sp. GW4-15	2878534	S	26	2	28	0.00000
Kaistella daneshvariae	2487074	S	63	4	67	0.00001
Kaistella jeonii	266749	S	25	1	26	0.00000
Candidatus Kaistella beijingensis	2820270	S	25	5	30	0.00000
Kaistella antarctica	266748	S	17	1	18	0.00000
Kaistella carnis	1241979	S	17	3	20	0.00000
Kaistella flava (ex Peng et al. 2021)	2038776	S	16	1	17	0.00000
Epilithonimonas vandammei	2487072	S	30	31	61	0.00000
Epilithonimonas zeae	1416779	S	20	1	21	0.00000
Elizabethkingia anophelis	1117645	S	44	49	93	0.00001
Elizabethkingia meningoseptica	238	S	24	1	25	0.00000
Elizabethkingia miricola	172045	S	16	8	24	0.00000
Elizabethkingia ursingii	1756150	S	12	2	14	0.00000
Cruoricaptor ignavus	1118202	S	79	8	87	0.00001
Apibacter raozihei	2500547	S	18	8	26	0.00000
Ornithobacterium rhinotracheale	28251	S	38	24	62	0.00000
Cloacibacterium caeni	2004710	S	25	18	43	0.00000
Empedobacter brevis	247	S	14	4	18	0.00000
Empedobacter stercoris	1628248	S	14	4	18	0.00000
Riemerella anatipestifer	34085	S	33	13	46	0.00000
Weeksella virosa	1014	S	13	4	17	0.00000
Bergeyella cardium	1585976	S	11	1	12	0.00000
Faecalibacter bovis	2898187	S	11	1	12	0.00000
Blattabacterium cuenoti	1653831	S	96	38	134	0.00001
Croceimicrobium hydrocarbonivorans	2761580	S	44	7	51	0.00000
Owenweeksia hongkongensis	253245	S	41	2	43	0.00000
Fluviicola taffensis	191579	S	47	2	49	0.00000
Crocinitomix sp. GM2_3_6_6	2862509	S	27	0	27	0.00000
Candidatus Sulcia muelleri	336810	S	22	6	28	0.00000
Candidatus Walczuchella monophlebidarum	1415657	S	11	2	13	0.00000
Ichthyobacterium seriolicida	242600	S	13	0	13	0.00000
Mucilaginibacter sp. 14171R-50	2703789	S	140	6	146	0.00001
Mucilaginibacter sp. SMC90	2929803	S	120	6	126	0.00001
Mucilaginibacter sp. 21P	2778902	S	89	4	93	0.00001
Mucilaginibacter sp. F39-2	2728022	S	63	4	67	0.00000
Mucilaginibacter mali	2740462	S	236	8	244	0.00002
Mucilaginibacter daejeonensis	398049	S	207	11	218	0.00002
Mucilaginibacter ginsenosidivorans	398053	S	192	6	198	0.00001
Mucilaginibacter celer	2305508	S	153	6	159	0.00001
Mucilaginibacter paludis	423351	S	145	7	152	0.00001
Mucilaginibacter gotjawali	1550579	S	141	4	145	0.00001
Mucilaginibacter ginsenosidivorax	862126	S	121	5	126	0.00001
Mucilaginibacter xinganensis	1234841	S	119	5	124	0.00001
Mucilaginibacter rubeus	2027860	S	109	264	373	0.00003
Mucilaginibacter mallensis	652787	S	84	3	87	0.00001
Mucilaginibacter ginkgonis	2682091	S	83	3	86	0.00001
Mucilaginibacter gossypii	551996	S	41	30	71	0.00001
Pedobacter sp. PACM 27299	1727164	S	60	10	70	0.00001
Pedobacter sp. KBS0701	2578106	S	54	19	73	0.00001
Pedobacter sp. HDW13	2714940	S	48	7	55	0.00000
Pedobacter sp. D749	2856523	S	43	15	58	0.00000
Pedobacter sp. G11	2482728	S	39	6	45	0.00000
Pedobacter sp. Q8-18	2895286	S	37	3	40	0.00000
Pedobacter sp. SW-16	2766984	S	31	6	37	0.00000
Pedobacter endophyticus	2789740	S	82	9	91	0.00001
Pedobacter schmidteae	2201271	S	73	7	80	0.00001
Pedobacter suwonensis	332999	S	68	18	86	0.00001
Pedobacter heparinus	984	S	65	6	71	0.00001
Pedobacter roseus	336820	S	51	20	71	0.00001
Pedobacter ginsengisoli	363852	S	46	6	52	0.00000
Pedobacter steynii	430522	S	43	5	48	0.00000
Pedobacter cryoconitis	188932	S	39	4	43	0.00000
Pedobacter aquae	2605747	S	29	2	31	0.00000
Sphingobacterium sp. DR205	2713573	S	88	8	96	0.00001
Sphingobacterium sp. CZ-2	2557994	S	42	8	50	0.00000
Sphingobacterium sp. PCS056	2931400	S	26	4	30	0.00000
Sphingobacterium sp. ML3W	1538644	S	22	6	28	0.00000
Sphingobacterium sp. UDSM-2020	2795738	S	21	5	26	0.00000
Sphingobacterium sp. SRCM116780	2907623	S	19	3	22	0.00000
Sphingobacterium sp. dk4302	2662364	S	15	1	16	0.00000
Sphingobacterium thalpophilum	259	S	109	95	204	0.00002
Sphingobacterium spiritivorum	258	S	88	48	136	0.00001
Sphingobacterium hotanense	649196	S	65	18	83	0.00001
Sphingobacterium lactis	797291	S	51	35	86	0.00001
Sphingobacterium psychroaquaticum	561061	S	48	8	56	0.00000
Sphingobacterium multivorum	28454	S	46	78	124	0.00001
Sphingobacterium daejeonense	371142	S	43	9	52	0.00000
Sphingobacterium mizutaii	1010	S	41	5	46	0.00000
Sphingobacterium paramultivorum	2886510	S	16	12	28	0.00000
Sphingobacterium siyangense	459529	S	12	40	52	0.00000
Anseongella ginsenosidimutans	496056	S	243	9	252	0.00002
Olivibacter sp. LS-1	2592345	S	106	6	112	0.00001
Olivibacter sp. SDN3	2764720	S	68	8	76	0.00001
Solitalea canadensis	995	S	64	6	70	0.00001
Solitalea sp. S2-8	2911172	S	48	6	54	0.00000
Pseudopedobacter saltans	151895	S	43	28	71	0.00001
Haliscomenobacter hydrossis	2350	S	294	3	297	0.00002
Saprospira grandis	1008	S	56	1	57	0.00000
Candidatus Sulfidibacterium hydrothermale	2875962	S	78	2	80	0.00001
Chlorobaculum limnaeum	274537	S	949	155	1104	0.00008
Chlorobaculum parvum	274539	S	485	91	576	0.00004
Chlorobaculum tepidum	1097	S	474	133	607	0.00005
Pelodictyon luteolum	1100	S	407	84	491	0.00004
Pelodictyon phaeoclathratiforme	34090	S	84	6	90	0.00001
Chlorobium limicola	1092	S	219	19	238	0.00002
Chlorobium phaeobacteroides	1096	S	111	15	126	0.00001
Chlorobium phaeovibrioides	1094	S	84	21	105	0.00001
Prosthecochloris sp. GSB1	281093	S	437	34	471	0.00003
Prosthecochloris sp. CIB 2401	1868325	S	141	40	181	0.00001
Prosthecochloris sp. HL-130-GSB	1974213	S	125	25	150	0.00001
Prosthecochloris aestuarii	1102	S	132	14	146	0.00001
Chloroherpeton thalassium	100716	S	195	4	199	0.00001
Candidatus Cyclonatronum proteinivorum	1457365	S	314	30	344	0.00003
Melioribacter roseus	1134405	S	120	16	136	0.00001
Ignavibacterium album	591197	S	83	13	96	0.00001
Gemmatirosa kalamazoonesis	861299	S	68504	7990	76494	0.00567
Gemmatimonas groenlandica	2732249	S	9170	1211	10381	0.00077
Gemmatimonas aurantiaca	173480	S	7037	832	7869	0.00058
Gemmatimonas phototrophica	1379270	S	5646	900	6546	0.00049
Fibrobacter succinogenes	833	S	199	4	203	0.00002
Candidatus Cloacimonas acidaminovorans	456827	S	106	3	109	0.00001
Luteitalea sp. TBR-22	2802971	S	53057	11108	64165	0.00476
Luteitalea pratensis	1855912	S	45475	6139	51614	0.00383
Granulicella sp. WH15	2602070	S	3043	610	3653	0.00027
Granulicella sp. 5B5	1617967	S	2416	432	2848	0.00021
Granulicella mallensis	940614	S	2102	279	2381	0.00018
Granulicella tundricola	940615	S	1595	233	1828	0.00014
Terriglobus roseus	392734	S	2868	702	3570	0.00026
Terriglobus albidus	1592106	S	2075	225	2300	0.00017
Terriglobus saanensis	870903	S	1392	207	1599	0.00012
Acidobacterium capsulatum	33075	S	2696	362	3058	0.00023
Acidobacterium sp. 4Y35	2763107	S	2459	183	2642	0.00020
Candidatus Koribacter versatilis	658062	S	3903	150	4053	0.00030
Edaphobacter sp. 12200R-103	2703788	S	1729	340	2069	0.00015
Edaphobacter sp. 4G125	2763071	S	932	156	1088	0.00008
Acidisarcina polymorpha	2211140	S	1749	141	1890	0.00014
Paludibaculum fermentans	1473598	S	8713	295	9008	0.00067
Chloracidobacterium aggregatum	2851959	S	1257	881	2138	0.00016
Chloracidobacterium validum	2821543	S	1139	25	1164	0.00009
Chloracidobacterium sp. D	2821536	S	111	519	630	0.00005
Chloracidobacterium thermophilum	458033	S	91	393	484	0.00004
Sulfidibacter corallicola	2818388	S	2465	63	2528	0.00019
Thermotomaculum hydrothermale	981385	S	109	7	116	0.00001
Nitrospira moscoviensis	42253	S	5207	495	5702	0.00042
Nitrospira japonica	1325564	S	3259	414	3673	0.00027
Nitrospira sp. KM1	1936990	S	2513	248	2761	0.00020
Candidatus Nitrospira inopinata	1715989	S	1853	173	2026	0.00015
Leptospirillum ferrooxidans	180	S	161	4	165	0.00001
Leptospirillum ferriphilum	178606	S	73	139	212	0.00002
Leptospirillum sp. Group II 'CF-1'	1660083	S	37	84	121	0.00001
Dissulfurispira thermophila	2715679	S	153	9	162	0.00001
Thermodesulfovibrio yellowstonii	28262	S	109	3	112	0.00001
Spirochaeta thermophila	154	S	617	17	634	0.00005
Spirochaeta africana	46355	S	238	16	254	0.00002
Salinispira pacifica	1307761	S	113	4	117	0.00001
Sediminispirochaeta smaragdinae	55206	S	79	3	82	0.00001
Oceanispirochaeta crateris	2518645	S	21	1	22	0.00000
Treponema brennaborense	81028	S	142	60	202	0.00001
Treponema azotonutricium	150829	S	115	5	120	0.00001
Treponema primitia	88058	S	92	5	97	0.00001
Treponema caldarium	215591	S	89	12	101	0.00001
Treponema socranskii	53419	S	82	48	130	0.00001
Treponema sp. Marseille-Q4132	2766701	S	65	38	103	0.00001
Treponema sp. OMZ 838	1539298	S	16	20	36	0.00000
Treponema parvum	138851	S	50	3	53	0.00000
Treponema succinifaciens	167	S	49	46	95	0.00001
Treponema vincentii	69710	S	33	42	75	0.00001
Treponema medium	58231	S	30	47	77	0.00001
Treponema phagedenis	162	S	26	13	39	0.00000
Treponema denticola	158	S	23	6	29	0.00000
Treponema peruense	2787628	S	21	3	24	0.00000
Treponema pedis	409322	S	16	5	21	0.00000
Sphaerochaeta coccoides	273376	S	102	5	107	0.00001
Sphaerochaeta associata	1129264	S	90	9	99	0.00001
Sphaerochaeta globosa	1131703	S	62	7	69	0.00001
Sphaerochaeta pleomorpha	1131707	S	39	7	46	0.00000
Breznakiella homolactica	2798577	S	185	17	202	0.00002
Leptospira santarosai	28183	S	80	5	85	0.00001
Leptospira kmetyi	408139	S	76	2	78	0.00001
Leptospira weilii	28184	S	48	5	53	0.00000
Leptospira tipperaryensis	2564040	S	42	1	43	0.00000
Leptospira noguchii	28182	S	35	3	38	0.00000
Leptospira mayottensis	1137606	S	33	4	37	0.00000
Leptospira kobayashii	1917830	S	20	0	20	0.00000
Leptospira borgpetersenii	174	S	17	2	19	0.00000
Leptospira interrogans	173	S	13	72	85	0.00001
Leptospira biflexa	172	S	10	0	10	0.00000
Turneriella parva	29510	S	381	4	385	0.00003
Brachyspira pilosicoli	52584	S	13	44	57	0.00000
Aminomonas paucivorans	81412	S	668	86	754	0.00006
Pyramidobacter piscolens	638849	S	648	46	694	0.00005
Fretibacterium fastidiosum	651822	S	547	10	557	0.00004
Thermanaerovibrio acidaminovorans	81462	S	331	131	462	0.00003
Thermanaerovibrio velox	108007	S	155	36	191	0.00001
Cloacibacillus porcorum	1197717	S	439	111	550	0.00004
Jonquetella anthropi	428712	S	362	69	431	0.00003
Acetomicrobium mobile	97477	S	111	3	114	0.00001
Aminobacterium colombiense	81468	S	98	7	105	0.00001
Thermovirga lienii	336261	S	37	38	75	0.00001
Candidatus Bipolaricaulis anaerobius	2026885	S	696	37	733	0.00005
Candidatus Nanosynbacter featherlites	2572088	S	57	37	94	0.00001
Candidatus Nanosynbacter lyticus	2093824	S	28	66	94	0.00001
Nanosynbacter sp. HMT-352	2899133	S	15	45	60	0.00000
Candidatus Saccharimonas aalborgensis	1332188	S	80	1	81	0.00001
Candidatus Minimicrobia vallesae	2841264	S	11	55	66	0.00000
Candidatus Babela massiliensis	673862	S	65	1	66	0.00000
Candidatus Chazhemtobacterium aquaticus	2715735	S	62	0	62	0.00000
Candidatus Absconditicoccus praedator	2735562	S	56	0	56	0.00000
Thermotoga caldifontis	1508419	S	100	40	140	0.00001
Thermotoga sp. 2812B	1157948	S	12	181	193	0.00001
Pseudothermotoga hypogea	57487	S	54	44	98	0.00001
Pseudothermotoga thermarum	119394	S	12	5	17	0.00000
Fervidobacterium pennivorans	93466	S	33	93	126	0.00001
Fervidobacterium nodosum	2424	S	15	17	32	0.00000
Thermosipho ferrireducens	2571116	S	15	11	26	0.00000
Kosmotoga olearia	651457	S	22	80	102	0.00001
Kosmotoga pacifica	1330330	S	12	46	58	0.00000
Mesotoga infera	1236046	S	52	14	66	0.00000
Mesotoga prima	1184387	S	25	7	32	0.00000
Defluviitoga tunisiensis	1006576	S	19	45	64	0.00000
Tepiditoga spiralis	2108365	S	19	9	28	0.00000
Athalassotoga saccharophila	1441386	S	63	3	66	0.00000
Thermocrinis minervae	381751	S	64	9	73	0.00001
Thermocrinis albus	136094	S	28	3	31	0.00000
Thermocrinis ruber	75906	S	16	2	18	0.00000
Hydrogenobacter sp. T-8	1632019	S	49	27	76	0.00001
Hydrogenobacter thermophilus	940	S	17	11	28	0.00000
Aquifex aeolicus	63363	S	66	3	69	0.00001
Sulfurihydrogenibium azorense	309806	S	99	17	116	0.00001
Persephonella marina	309805	S	77	7	84	0.00001
Thermosulfidibacter takaii	412593	S	96	5	101	0.00001
Thermovibrio ammonificans	228745	S	108	27	135	0.00001
Desulfurobacterium thermolithotrophum	64160	S	47	10	57	0.00000
Thermosulfurimonas marina	2047767	S	188	30	218	0.00002
Thermosulfuriphilus ammonigenes	1936021	S	130	6	136	0.00001
Thermodesulfatator indicus	171695	S	80	13	93	0.00001
Thermodesulfobacterium commune	1741	S	26	11	37	0.00000
Thermodesulfobacterium geofontis	1295609	S	20	8	28	0.00000
Thermodesulfobacterium sp. TA1	2234087	S	13	4	17	0.00000
Caldimicrobium thiodismutans	1653476	S	26	5	31	0.00000
Caldithrix abyssi	187145	S	384	4	388	0.00003
Geovibrio thiophilus	139438	S	94	19	113	0.00001
Flexistipes sinusarabici	2352	S	56	7	63	0.00000
Deferribacter desulfuricans	197162	S	48	9	57	0.00000
Mucispirillum schaedleri	248039	S	47	6	53	0.00000
Calditerrivibrio nitroreducens	477976	S	41	6	47	0.00000
Denitrovibrio acetiphilus	118000	S	25	3	28	0.00000
Desulfurispirillum indicum	936456	S	301	164	465	0.00003
Fusobacterium gonidiaformans	849	S	20	12	32	0.00000
Fusobacterium ulcerans	861	S	16	4	20	0.00000
Fusobacterium nucleatum	851	S	10	37	47	0.00000
Pseudoleptotrichia goodfellowii	157692	S	14	6	20	0.00000
Sebaldella termitidis	826	S	12	1	13	0.00000
Elusimicrobium minutum	423605	S	106	1	107	0.00001
Endomicrobium proavitum	1408281	S	36	17	53	0.00000
Candidatus Endomicrobium trichonymphae	1408204	S	23	10	33	0.00000
Coprothermobacter proteolyticus	35786	S	128	33	161	0.00001
Caldisericum exile	693075	S	122	0	122	0.00001
Dictyoglomus thermophilum	14	S	10	103	113	0.00001
Atribacter laminatus	2847778	S	58	1	59	0.00000
Fusarium sambucinum	5128	S	3746	473	4219	0.00031
Fusarium longipes	694270	S	137	4	141	0.00001
Fusarium sporotrichioides	5514	S	126	5	131	0.00001
Fusarium poae	36050	S	121	28	149	0.00001
Fusarium pseudograminearum	101028	S	108	8	116	0.00001
Fusarium venenatum	56646	S	52	71	123	0.00001
Fusarium graminearum	5518	S	42	97	139	0.00001
Fusarium culmorum	5516	S	39	5	44	0.00000
Fusarium acuminatum	5515	S	2328	139	2467	0.00018
Fusarium avenaceum	40199	S	102	4	106	0.00001
Fusarium oxysporum	5507	S	913	364	1277	0.00009
Fusarium nygamai	42673	S	226	69	295	0.00002
Fusarium thapsinum	120644	S	99	21	120	0.00001
Fusarium fujikuroi	5127	S	78	8	86	0.00001
Fusarium pseudonygamai	47755	S	60	14	74	0.00001
Fusarium verticillioides	117187	S	32	54	86	0.00001
Fusarium decemcellulare	57161	S	400	8	408	0.00003
Fusarium graminum	86546	S	114	16	130	0.00001
Fusarium heterosporum	42747	S	99	14	113	0.00001
Fusarium scirpi	2211609	S	101	33	134	0.00001
Fusarium equiseti	61235	S	69	25	94	0.00001
Fusarium lateritium	5523	S	196	5	201	0.00001
Fusarium dimerum	57145	S	172	5	177	0.00001
Fusarium nelsonii	77846	S	75	23	98	0.00001
Fusarium chlamydosporum	86545	S	41	13	54	0.00000
Fusarium musae	1042133	S	23	38	61	0.00000
Trichoderma citrinoviride	58853	S	310	34	344	0.00003
Trichoderma erinaceum	202914	S	296	45	341	0.00003
Trichoderma reesei	51453	S	248	21	269	0.00002
Trichoderma pleuroti	500994	S	200	21	221	0.00002
Trichoderma atroviride	63577	S	170	40	210	0.00002
Trichoderma asperellum	101201	S	168	12	180	0.00001
Trichoderma afroharzianum	1567482	S	145	31	176	0.00001
Trichoderma hamatum	49224	S	102	7	109	0.00001
Trichoderma koningiopsis	337941	S	102	15	117	0.00001
Trichoderma gamsii	398673	S	86	12	98	0.00001
Trichoderma harzianum	5544	S	64	13	77	0.00001
Trichoderma longibrachiatum	5548	S	30	317	347	0.00003
Trichoderma virens	29875	S	27	290	317	0.00002
Trichoderma koningii	97093	S	21	213	234	0.00002
Metarhizium album	92629	S	413	12	425	0.00003
Metarhizium guizhouense	169041	S	273	156	429	0.00003
Metarhizium rileyi	1649241	S	270	43	313	0.00002
Metarhizium acridum	92637	S	158	96	254	0.00002
Metarhizium humberi	2596975	S	113	74	187	0.00001
Metarhizium majus	1650735	S	93	44	137	0.00001
Metarhizium brunneum	500148	S	90	80	170	0.00001
Metarhizium anisopliae	5530	S	86	127	213	0.00002
Metarhizium robertsii	568076	S	43	33	76	0.00001
Ustilaginoidea virens	1159556	S	619	29	648	0.00005
Pochonia chlamydosporia	280754	S	160	10	170	0.00001
Beauveria felina	37994	S	580	29	609	0.00005
Beauveria pseudobassiana	931006	S	564	73	637	0.00005
Beauveria brongniartii	118266	S	194	42	236	0.00002
Beauveria rudraprayagi	1481906	S	173	184	357	0.00003
Beauveria bassiana	176275	S	86	96	182	0.00001
Cordyceps fumosorosea	114497	S	728	49	777	0.00006
Purpureocillium lilacinum	33203	S	837	53	890	0.00007
Drechmeria coniospora	98403	S	614	25	639	0.00005
Clonostachys rosea	29856	S	296	20	316	0.00002
Colletotrichum higginsianum	80884	S	934	184	1118	0.00008
Thermothielavioides terrestris	2587410	S	1701	138	1839	0.00014
Thermothelomyces thermophilus	78579	S	1658	99	1757	0.00013
Neurospora crassa	5141	S	383	21	404	0.00003
Pyricularia oryzae	318829	S	332	91	423	0.00003
Pyricularia pennisetigena	1578925	S	303	49	352	0.00003
Pyricularia grisea	148305	S	238	37	275	0.00002
Neopestalotiopsis rosae	1562205	S	132	152	284	0.00002
Neopestalotiopsis clavispora	289240	S	96	119	215	0.00002
Botrytis cinerea	40559	S	225	1	226	0.00002
Aspergillus chevalieri	182096	S	1547	127	1674	0.00012
Aspergillus luchuensis	1069201	S	1323	75	1398	0.00010
Aspergillus puulaauensis	1220207	S	274	8	282	0.00002
Aspergillus fumigatus	746128	S	257	10	267	0.00002
Aspergillus oryzae	5062	S	54	108	162	0.00001
Aspergillus flavus	5059	S	34	75	109	0.00001
Penicillium chrysogenum	5076	S	108	12	120	0.00001
Penicillium italicum	40296	S	94	20	114	0.00001
Penicillium citrinum	5077	S	88	10	98	0.00001
Penicillium expansum	27334	S	85	20	105	0.00001
Penicillium aurantiogriseum	36655	S	82	17	99	0.00001
Penicillium digitatum	36651	S	55	6	61	0.00000
Talaromyces rugulosus	121627	S	254	14	268	0.00002
Paecilomyces niveus	5093	S	128	3	131	0.00001
Paecilomyces variotii	264951	S	120	8	128	0.00001
Paraphaeosphaeria minitans	565426	S	459	154	613	0.00005
Ampelomyces quisqualis	50730	S	403	41	444	0.00003
Zymoseptoria tritici	1047171	S	202	3	205	0.00002
Cercospora beticola	122368	S	142	0	142	0.00001
Eremothecium gossypii	33169	S	128	92	220	0.00002
Eremothecium cymbalariae	45285	S	21	0	21	0.00000
Lachancea thermotolerans	381046	S	62	3	65	0.00000
Naumovozyma castellii	27288	S	25	1	26	0.00000
Naumovozyma dairenensis	27289	S	23	0	23	0.00000
Saccharomyces eubayanus	1080349	S	20	0	20	0.00000
Saccharomyces cerevisiae	4932	S	14	1	15	0.00000
Kazachstania naganishii	588726	S	28	1	29	0.00000
Kazachstania africana	432096	S	11	0	11	0.00000
Kluyveromyces marxianus	4911	S	28	5	33	0.00000
Torulaspora globosa	48254	S	20	1	21	0.00000
Torulaspora delbrueckii	4950	S	10	0	10	0.00000
Tetrapisispora blattae	1071379	S	20	0	20	0.00000
[Candida] glabrata	5478	S	25	0	25	0.00000
Zygotorulaspora mrakii	42260	S	20	2	22	0.00000
Zygosaccharomyces rouxii	4956	S	10	0	10	0.00000
Ogataea parapolymorpha	1005962	S	57	1	58	0.00000
Brettanomyces bruxellensis	5007	S	26	1	27	0.00000
Brettanomyces nanus	13502	S	26	4	30	0.00000
Pichia kudriavzevii	4909	S	49	2	51	0.00000
Candida dubliniensis	42374	S	42	3	45	0.00000
Candida orthopsilosis	273371	S	21	0	21	0.00000
Candida albicans	5476	S	19	1	20	0.00000
Debaryomyces hansenii	4959	S	22	0	22	0.00000
Scheffersomyces stipitis	4924	S	14	0	14	0.00000
Yarrowia lipolytica	4952	S	114	1	115	0.00001
Sugiyamaella lignohabitans	796027	S	47	3	50	0.00000
Schizosaccharomyces pombe	4896	S	45	0	45	0.00000
Pseudozyma flocculosa	84751	S	1452	10	1462	0.00011
Ustilago maydis	5270	S	390	7	397	0.00003
Sporisorium graminicola	280036	S	322	39	361	0.00003
Malassezia restricta	76775	S	119	15	134	0.00001
Phlebiopsis gigantea	82310	S	408	2	410	0.00003
Rhizoctonia solani	456999	S	66	2	68	0.00001
Marasmius oreades	181124	S	53	1	54	0.00000
Cryptococcus neoformans	5207	S	74	4	78	0.00001
Cryptococcus gattii VGI	37769	S	32	17	49	0.00000
Phytophthora cryptogea	4786	S	2679	153	2832	0.00021
Phytophthora cinnamomi	4785	S	825	95	920	0.00007
Phytophthora fragariae	53985	S	645	63	708	0.00005
Phytophthora infestans	4787	S	295	397	692	0.00005
Phytophthora cactorum	29920	S	277	28	305	0.00002
Phytophthora boehmeriae	109152	S	248	19	267	0.00002
Phytophthora parasitica	4792	S	158	14	172	0.00001
Pythium aphanidermatum	65070	S	313	3	316	0.00002
