name	taxonomy_id	taxonomy_lvl	kraken_assigned_reads	added_reads	new_est_reads	fraction_total_reads
Bradyrhizobiaceae	41294	F	369971	39035	409006	0.03031
Rhizobiaceae	82115	F	198038	58613	256651	0.01902
Phyllobacteriaceae	69277	F	181853	38413	220266	0.01632
Methylobacteriaceae	119045	F	168159	28585	196744	0.01458
Xanthobacteraceae	335928	F	67450	13998	81448	0.00604
Hyphomicrobiaceae	45401	F	50679	5621	56300	0.00417
Boseaceae	2831100	F	36574	6598	43172	0.00320
Devosiaceae	2831106	F	35181	3440	38621	0.00286
Aurantimonadaceae	255475	F	31664	29357	61021	0.00452
Methylocystaceae	31993	F	19974	1981	21955	0.00163
Stappiaceae	2821832	F	18424	4738	23162	0.00172
Phreatobacteraceae	2843305	F	16406	3325	19731	0.00146
Parvibaculaceae	2813035	F	13842	3584	17426	0.00129
Chelatococcaceae	2036754	F	11648	3071	14719	0.00109
Blastochloridaceae	2831090	F	9940	2777	12717	0.00094
Beijerinckiaceae	45404	F	9251	795	10046	0.00074
Amorphaceae	2685818	F	6836	878	7714	0.00057
Kaistiaceae	2831111	F	5589	1625	7214	0.00053
Brucellaceae	118882	F	5246	3303	8549	0.00063
Pleomorphomonadaceae	2843308	F	3830	803	4633	0.00034
Breoghaniaceae	2831104	F	3825	592	4417	0.00033
Lichenihabitantaceae	2723775	F	3336	191	3527	0.00026
Cohaesibacteraceae	655351	F	675	32	707	0.00005
Bartonellaceae	772	F	524	41	565	0.00004
Sphingomonadaceae	41297	F	709451	93052	802503	0.05947
Erythrobacteraceae	335929	F	81978	16577	98555	0.00730
Sphingosinicellaceae	2820280	F	29118	2801	31919	0.00237
Zymomonadaceae	2844881	F	184	174	358	0.00003
Azospirillaceae	2829815	F	111715	13313	125028	0.00926
Acetobacteraceae	433	F	97051	13909	110960	0.00822
Rhodospirillaceae	41295	F	62124	274797	336921	0.02497
Stellaceae	2844601	F	12394	981	13375	0.00099
Elioraeaceae	2690195	F	5833	339	6172	0.00046
Thalassospiraceae	2844866	F	3202	239	3441	0.00026
Terasakiellaceae	2813951	F	144	4	148	0.00001
Rhodobacteraceae	31989	F	108291	16505	124796	0.00925
Roseobacteraceae	2854170	F	71866	8823	80689	0.00598
Caulobacteraceae	76892	F	106877	11380	118257	0.00876
Hyphomonadaceae	69657	F	6947	273	7220	0.00054
Maricaulaceae	2800061	F	5940	681	6621	0.00049
Parvularculaceae	255474	F	1966	1334	3300	0.00024
Anaplasmataceae	942	F	441	8	449	0.00003
Rickettsiaceae	775	F	372	29	401	0.00003
Candidatus Midichloriaceae	1328881	F	47	3	50	0.00000
Candidatus Deianiraeaceae	2603433	F	45	24	69	0.00001
Emcibacteraceae	2066491	F	861	105	966	0.00007
Holosporaceae	44746	F	175	4	179	0.00001
Caedimonadaceae	2100208	F	97	7	104	0.00001
Candidatus Paracaedibacteraceae	1777752	F	63	5	68	0.00001
Magnetococcaceae	1191479	F	256	8	264	0.00002
Pelagibacteraceae	1655514	F	76	43	119	0.00001
Kordiimonadaceae	1331809	F	80	1	81	0.00001
Burkholderiaceae	119060	F	331080	116849	447929	0.03319
Comamonadaceae	80864	F	272804	110739	383543	0.02842
Oxalobacteraceae	75682	F	101768	15633	117401	0.00870
Alcaligenaceae	506	F	92427	133562	225989	0.01675
Sutterellaceae	995019	F	1931	205	2136	0.00016
Zoogloeaceae	2008794	F	36450	17644	54094	0.00401
Rhodocyclaceae	75787	F	28562	11138	39700	0.00294
Azonexaceae	2008795	F	8999	1182	10181	0.00075
Fluviibacteraceae	2808923	F	214	93	307	0.00002
Usitatibacteraceae	2803844	F	22900	2235	25135	0.00186
Sterolibacteriaceae	2008793	F	10748	3615	14363	0.00106
Nitrosomonadaceae	206379	F	7495	366	7861	0.00058
Thiobacillaceae	2008790	F	6106	2178	8284	0.00061
Gallionellaceae	90627	F	5446	784	6230	0.00046
Sulfuricellaceae	2772226	F	4339	664	5003	0.00037
Methylophilaceae	32011	F	1450	179	1629	0.00012
Chromobacteriaceae	1499392	F	27550	6764	34314	0.00254
Neisseriaceae	481	F	12141	3152	15293	0.00113
Casimicrobiaceae	2705999	F	1859	1105	2964	0.00022
Xanthomonadaceae	32033	F	256227	58128	314355	0.02329
Rhodanobacteraceae	1775411	F	43445	8552	51997	0.00385
Pseudomonadaceae	135621	F	264969	93390	358359	0.02655
Marinobacteraceae	2887365	F	6322	615	6937	0.00051
Enterobacteriaceae	543	F	35995	147577	183572	0.01360
Yersiniaceae	1903411	F	13936	6291	20227	0.00150
Erwiniaceae	1903409	F	9688	1949	11637	0.00086
Pectobacteriaceae	1903410	F	6196	922	7118	0.00053
Hafniaceae	1903412	F	1940	747	2687	0.00020
Morganellaceae	1903414	F	1553	1164	2717	0.00020
Bruguierivoracaceae	2812006	F	1077	85	1162	0.00009
Budviciaceae	1903416	F	231	36	267	0.00002
Ectothiorhodospiraceae	72276	F	28575	3196	31771	0.00235
Chromatiaceae	1046	F	20531	1672	22203	0.00165
Wenzhouxiangellaceae	1676141	F	3307	3072	6379	0.00047
Thioalkalibacteraceae	2035710	F	1869	554	2423	0.00018
Thioalkalispiraceae	1096778	F	1687	761	2448	0.00018
Halothiobacillaceae	255526	F	1146	114	1260	0.00009
Woeseiaceae	1738654	F	1064	22	1086	0.00008
Granulosicoccaceae	449719	F	746	20	766	0.00006
Halomonadaceae	28256	F	40947	5362	46309	0.00343
Alcanivoracaceae	224372	F	3978	2183	6161	0.00046
Oceanospirillaceae	135620	F	2574	338	2912	0.00022
Hahellaceae	224379	F	841	39	880	0.00007
Saccharospirillaceae	255527	F	799	49	848	0.00006
Litoricolaceae	449732	F	296	17	313	0.00002
Zooshikellaceae	2898533	F	237	8	245	0.00002
Oleiphilaceae	191033	F	102	9	111	0.00001
Endozoicomonadaceae	2066474	F	92	6	98	0.00001
Methylococcaceae	403	F	19440	1057	20497	0.00152
Aeromonadaceae	84642	F	18533	14505	33038	0.00245
Succinivibrionaceae	83763	F	36	2	38	0.00000
Sinobacteraceae	568386	F	10063	1449	11512	0.00085
Steroidobacteraceae	2689614	F	5412	1736	7148	0.00053
Acidiferrobacteraceae	1692041	F	13157	779	13936	0.00103
Microbulbiferaceae	1706373	F	5212	336	5548	0.00041
Cellvibrionaceae	1706371	F	4263	140	4403	0.00033
Halieaceae	1706372	F	2227	231	2458	0.00018
Spongiibacteraceae	1706375	F	878	75	953	0.00007
Shewanellaceae	267890	F	4624	911	5535	0.00041
Alteromonadaceae	72275	F	2099	371	2470	0.00018
Pseudoalteromonadaceae	267888	F	1323	203	1526	0.00011
Ferrimonadaceae	267892	F	600	82	682	0.00005
Idiomarinaceae	267893	F	297	34	331	0.00002
Colwelliaceae	267889	F	232	23	255	0.00002
Moritellaceae	267891	F	79	16	95	0.00001
Psychromonadaceae	267894	F	76	7	83	0.00001
Vibrionaceae	641	F	5551	3445	8996	0.00067
Moraxellaceae	468	F	3095	2895	5990	0.00044
Immundisolibacteraceae	1934946	F	3090	3547	6637	0.00049
Celerinatantimonadaceae	412032	F	38	81	119	0.00001
Piscirickettsiaceae	135616	F	1019	104	1123	0.00008
Thiotrichaceae	135617	F	977	34	1011	0.00007
Francisellaceae	34064	F	162	10	172	0.00001
Legionellaceae	444	F	1091	64	1155	0.00009
Coxiellaceae	118968	F	801	27	828	0.00006
Salinisphaeraceae	742031	F	1802	1918	3720	0.00028
Pasteurellaceae	712	F	1406	1737	3143	0.00023
Cardiobacteriaceae	868	F	1022	163	1185	0.00009
Kangiellaceae	1920240	F	197	14	211	0.00002
Orbaceae	1240483	F	72	16	88	0.00001
Archangiaceae	39	F	105753	5968	111721	0.00828
Myxococcaceae	31	F	76375	41038	117413	0.00870
Anaeromyxobacteraceae	1524215	F	68624	5929	74553	0.00552
Vulgatibacteraceae	1524213	F	6195	566	6761	0.00050
Polyangiaceae	49	F	115806	10196	126002	0.00934
Sandaracinaceae	1055686	F	33690	2105	35795	0.00265
Labilitrichaceae	1524216	F	10170	501	10671	0.00079
Kofleriaceae	224464	F	13042	793	13835	0.00103
Geobacteraceae	213422	F	32724	3673	36397	0.00270
Desulfuromonadaceae	213421	F	10342	1773	12115	0.00090
Syntrophotaleaceae	2812024	F	1649	224	1873	0.00014
Desulfovibrionaceae	194924	F	28174	2916	31090	0.00230
Desulfomicrobiaceae	213116	F	1610	230	1840	0.00014
Desulfohalobiaceae	213117	F	403	22	425	0.00003
Desulfobacteraceae	213119	F	6753	706	7459	0.00055
Desulfobulbaceae	213121	F	2880	453	3333	0.00025
Desulfosudaceae	2904715	F	755	53	808	0.00006
Desulfocapsaceae	2886822	F	434	50	484	0.00004
Bradymonadaceae	1779135	F	6812	949	7761	0.00058
Syntrophobacteraceae	213465	F	2596	656	3252	0.00024
Desulfarculaceae	453228	F	2338	1449	3787	0.00028
Syntrophaceae	213468	F	1334	316	1650	0.00012
Candidatus Desulfofervidaceae	1902584	F	167	4	171	0.00001
Desulfurellaceae	117942	F	48	2	50	0.00000
Campylobacteraceae	72294	F	1048	160	1208	0.00009
Thiovulaceae	2771471	F	791	71	862	0.00006
Helicobacteraceae	72293	F	648	44	692	0.00005
Sulfurovaceae	2771472	F	459	51	510	0.00004
Hydrogenimonaceae	292630	F	260	36	296	0.00002
Arcobacteraceae	2808963	F	175	29	204	0.00002
Sulfurospirillaceae	2932623	F	175	10	185	0.00001
Nitratiruptoraceae	2795691	F	209	33	242	0.00002
Nautiliaceae	224467	F	134	22	156	0.00001
Acidithiobacillaceae	225058	F	2167	233	2400	0.00018
Bdellovibrionaceae	213483	F	797	14	811	0.00006
Halobacteriovoraceae	1652132	F	46	19	65	0.00000
Bacteriovoracaceae	263369	F	45	12	57	0.00000
Silvanigrellaceae	2024974	F	40	1	41	0.00000
Hydrogenophilaceae	206349	F	713	172	885	0.00007
Mariprofundaceae	580372	F	476	17	493	0.00004
Streptomycetaceae	2062	F	1103866	302100	1405966	0.10418
Microbacteriaceae	85023	F	329619	63377	392996	0.02912
Micrococcaceae	1268	F	115919	33439	149358	0.01107
Cellulomonadaceae	85016	F	59798	24761	84559	0.00627
Promicromonosporaceae	85017	F	35755	16966	52721	0.00391
Intrasporangiaceae	85021	F	34239	12207	46446	0.00344
Ornithinimicrobiaceae	2805590	F	27375	7341	34716	0.00257
Dermabacteraceae	85020	F	18142	4466	22608	0.00168
Brevibacteriaceae	85019	F	17925	4653	22578	0.00167
Bogoriellaceae	145358	F	14463	5602	20065	0.00149
Ruaniaceae	1331736	F	11358	1798	13156	0.00097
Dermacoccaceae	145357	F	10169	12885	23054	0.00171
Beutenbergiaceae	125316	F	7041	2820	9861	0.00073
Sanguibacteraceae	145360	F	4504	1777	6281	0.00047
Dermatophilaceae	85018	F	2699	333	3032	0.00022
Kytococcaceae	2805426	F	2362	1881	4243	0.00031
Demequinaceae	1042322	F	927	97	1024	0.00008
Jonesiaceae	85022	F	203	48	251	0.00002
Tropherymataceae	2805591	F	71	0	71	0.00001
Mycobacteriaceae	1762	F	278910	61000	339910	0.02519
Nocardiaceae	85025	F	154256	38496	192752	0.01428
Corynebacteriaceae	1653	F	49787	15720	65507	0.00485
Gordoniaceae	85026	F	36988	9793	46781	0.00347
Tsukamurellaceae	85028	F	10982	3613	14595	0.00108
Dietziaceae	85029	F	7233	7352	14585	0.00108
Segniliparaceae	316606	F	994	71	1065	0.00008
Lawsonellaceae	2805586	F	239	34	273	0.00002
Micromonosporaceae	28056	F	449870	84234	534104	0.03958
Pseudonocardiaceae	2070	F	430762	84351	515113	0.03817
Nocardioidaceae	85015	F	289368	78688	368056	0.02727
Propionibacteriaceae	31957	F	70811	17685	88496	0.00656
Kribbellaceae	2726069	F	15453	3341	18794	0.00139
Actinopolymorphaceae	2805400	F	6880	1097	7977	0.00059
Streptosporangiaceae	2004	F	84889	19030	103919	0.00770
Thermomonosporaceae	2012	F	76878	20724	97602	0.00723
Nocardiopsaceae	83676	F	37090	8303	45393	0.00336
Geodermatophilaceae	85030	F	69512	24127	93639	0.00694
Actinomycetaceae	2049	F	33920	6290	40210	0.00298
Frankiaceae	74712	F	33887	4382	38269	0.00284
Jiangellaceae	1217100	F	29458	6936	36394	0.00270
Bifidobacteriaceae	31953	F	12900	4512	17412	0.00129
Nakamurellaceae	85031	F	12208	2222	14430	0.00107
Catenulisporaceae	414877	F	6605	1318	7923	0.00059
Jatrophihabitantaceae	2805416	F	5134	611	5745	0.00043
Glycomycetaceae	85034	F	5067	557	5624	0.00042
Kineosporiaceae	83778	F	4285	1618	5903	0.00044
Actinopolysporaceae	622451	F	2604	363	2967	0.00022
Sporichthyaceae	85033	F	2232	1486	3718	0.00028
Acidothermaceae	85032	F	1873	127	2000	0.00015
Candidatus Nanopelagicaceae	2162846	F	406	9	415	0.00003
Rubrobacteraceae	84997	F	119617	6597	126214	0.00935
Baekduiaceae	2600303	F	15879	3475	19354	0.00143
Conexibacteraceae	320583	F	60941	11098	72039	0.00534
Miltoncostaeaceae	2843199	F	21736	3566	25302	0.00187
Iamiaceae	633392	F	72144	11517	83661	0.00620
Ilumatobacteraceae	2448023	F	5993	437	6430	0.00048
Acidimicrobiaceae	84994	F	2219	202	2421	0.00018
Euzebyaceae	908622	F	6463	713	7176	0.00053
Egicoccaceae	1755824	F	6332	1284	7616	0.00056
Egibacteraceae	1747769	F	5542	435	5977	0.00044
Eggerthellaceae	1643826	F	10034	2059	12093	0.00090
Atopobiaceae	1643824	F	5574	1535	7109	0.00053
Coriobacteriaceae	84107	F	2181	605	2786	0.00021
Bacillaceae	186817	F	58344	76944	135288	0.01003
Paenibacillaceae	186822	F	41586	4220	45806	0.00339
Alicyclobacillaceae	186823	F	5478	1021	6499	0.00048
Planococcaceae	186818	F	2199	846	3045	0.00023
Thermoactinomycetaceae	186824	F	1982	290	2272	0.00017
Staphylococcaceae	90964	F	1415	4352	5767	0.00043
Listeriaceae	186820	F	284	4051	4335	0.00032
Sporolactobacillaceae	186821	F	87	16	103	0.00001
Lactobacillaceae	33958	F	3432	1724	5156	0.00038
Streptococcaceae	1300	F	1007	1781	2788	0.00021
Enterococcaceae	81852	F	987	1041	2028	0.00015
Aerococcaceae	186827	F	301	95	396	0.00003
Carnobacteriaceae	186828	F	205	83	288	0.00002
Clostridiales Family XVII. Incertae Sedis	539000	F	7944	1772	9716	0.00072
Eubacteriales Family XIII. Incertae Sedis	543314	F	282	407	689	0.00005
Clostridiales Family XVI. Incertae Sedis	543347	F	124	53	177	0.00001
Oscillospiraceae	216572	F	8548	3619	12167	0.00090
Symbiobacteriaceae	543349	F	2982	311	3293	0.00024
Clostridiaceae	31979	F	2491	459	2950	0.00022
Lachnospiraceae	186803	F	2411	1015	3426	0.00025
Peptococcaceae	186807	F	1708	190	1898	0.00014
Christensenellaceae	990719	F	916	496	1412	0.00010
Heliobacteriaceae	31984	F	824	405	1229	0.00009
Eubacteriaceae	186806	F	793	131	924	0.00007
Desulfitobacteriaceae	2937909	F	720	80	800	0.00006
Syntrophomonadaceae	68298	F	298	17	315	0.00002
Peptostreptococcaceae	186804	F	222	743	965	0.00007
Desulfallaceae	2867375	F	171	17	188	0.00001
Thermincolaceae	2937911	F	98	9	107	0.00001
Desulfotomaculaceae	2937910	F	95	43	138	0.00001
Thermohalobacteraceae	2848916	F	51	8	59	0.00000
Vallitaleaceae	2603322	F	46	4	50	0.00000
Proteinivoraceae	1491775	F	26	4	30	0.00000
Thermoanaerobacteraceae	186814	F	3553	632	4185	0.00031
Thermoanaerobacterales Family III. Incertae Sedis	543371	F	196	34	230	0.00002
Thermoanaerobacterales Family IV. Incertae Sedis	543372	F	103	63	166	0.00001
Zhaonellaceae	2748673	F	85	14	99	0.00001
Thermodesulfobiaceae	227387	F	61	1	62	0.00000
Halanaerobiaceae	972	F	163	146	309	0.00002
Halobacteroidaceae	53434	F	76	11	87	0.00001
Thermosediminibacteraceae	2770093	F	164	17	181	0.00001
Tepidanaerobacteraceae	2770092	F	150	9	159	0.00001
Koleobacteraceae	2786988	F	108	11	119	0.00001
Natranaerofabaceae	2807496	F	62	3	65	0.00000
Natranaerobiaceae	485255	F	32	3	35	0.00000
Selenomonadaceae	1843491	F	3228	203	3431	0.00025
Sporomusaceae	1843490	F	357	34	391	0.00003
Veillonellaceae	31977	F	933	396	1329	0.00010
Acidaminococcaceae	909930	F	448	103	551	0.00004
Limnochordaceae	1676650	F	3281	161	3442	0.00026
Peptoniphilaceae	1570339	F	327	249	576	0.00004
Tissierellaceae	1737406	F	88	17	105	0.00001
Gottschalkiaceae	2042895	F	65	302	367	0.00003
Erysipelotrichaceae	128827	F	531	166	697	0.00005
Turicibacteraceae	2810281	F	29	258	287	0.00002
Synechococcaceae	1890426	F	13330	1537	14867	0.00110
Prochlorococcaceae	2881426	F	3279	779	4058	0.00030
Acaryochloridaceae	1890429	F	244	8	252	0.00002
Merismopediaceae	1890428	F	189	14	203	0.00002
Chamaesiphonaceae	1890431	F	178	10	188	0.00001
Nostocaceae	1162	F	3465	1165	4630	0.00034
Calotrichaceae	2661849	F	1367	124	1491	0.00011
Scytonemataceae	1182	F	1015	135	1150	0.00009
Aphanizomenonaceae	1892259	F	824	455	1279	0.00009
Tolypothrichaceae	119859	F	231	41	272	0.00002
Hapalosiphonaceae	1892263	F	182	24	206	0.00002
Rivulariaceae	1185	F	56	3	59	0.00000
Leptolyngbyaceae	1890438	F	3937	306	4243	0.00031
Oculatellaceae	2303507	F	542	54	596	0.00004
Thermosynechococcaceae	2881378	F	338	33	371	0.00003
Prochlorotrichaceae	2303730	F	297	13	310	0.00002
Pseudanabaenaceae	1890436	F	171	8	179	0.00001
Gloeobacteraceae	1890422	F	4745	116	4861	0.00036
Oscillatoriaceae	1892254	F	980	122	1102	0.00008
Coleofasciculaceae	1892251	F	764	116	880	0.00007
Microcoleaceae	1892252	F	525	290	815	0.00006
Gomontiellaceae	1892255	F	64	8	72	0.00001
Sirenicapillariaceae	2934961	F	48	4	52	0.00000
Microcystaceae	1890449	F	381	143	524	0.00004
Aphanothecaceae	1890450	F	313	38	351	0.00003
Chroococcaceae	1890464	F	214	24	238	0.00002
Geminocystaceae	2815910	F	31	7	38	0.00000
Chroococcidiopsidaceae	1890528	F	557	100	657	0.00005
Hyellaceae	1890500	F	125	15	140	0.00001
Dermocarpellaceae	1890498	F	52	5	57	0.00000
Gloeomargaritaceae	1955043	F	126	4	130	0.00001
Thermostichaceae	2881384	F	72	30	102	0.00001
Deinococcaceae	183710	F	26343	1572	27915	0.00207
Thermaceae	188786	F	13498	981	14479	0.00107
Trueperaceae	332247	F	2191	148	2339	0.00017
Sphaerobacteraceae	85002	F	7373	472	7845	0.00058
Thermomicrobiaceae	189777	F	1676	38	1714	0.00013
Roseiflexaceae	1508635	F	3540	217	3757	0.00028
Chloroflexaceae	1106	F	1392	62	1454	0.00011
Tepidiformaceae	2682227	F	4788	237	5025	0.00037
Ardenticatenaceae	1382930	F	4625	110	4735	0.00035
Anaerolineaceae	292628	F	2148	42	2190	0.00016
Caldilineaceae	475964	F	2042	1133	3175	0.00024
Dehalococcoidaceae	1202464	F	391	12	403	0.00003
Ktedonosporobacteraceae	2692416	F	812	24	836	0.00006
Phototrophicaceae	2922432	F	734	828	1562	0.00012
Fimbriimonadaceae	1663426	F	2519	17	2536	0.00019
Chthonomonadaceae	1077264	F	620	6	626	0.00005
Mycoplasmataceae	2092	F	339	46	385	0.00003
Acholeplasmataceae	2146	F	120	10	130	0.00001
Spiroplasmataceae	2131	F	87	7	94	0.00001
Entomoplasmataceae	33925	F	18	19	37	0.00000
Metamycoplasmataceae	2895623	F	17	13	30	0.00000
Mycoplasmoidaceae	2790998	F	14	24	38	0.00000
Gemmataceae	1914233	F	238655	10066	248721	0.01843
Lacipirellulaceae	2691359	F	56256	3201	59457	0.00441
Pirellulaceae	2691357	F	40247	2075	42322	0.00314
Thermoguttaceae	2691358	F	1139	42	1181	0.00009
Isosphaeraceae	1763524	F	91104	10884	101988	0.00756
Planctomycetaceae	126	F	73294	8075	81369	0.00603
Tepidisphaeraceae	1771355	F	13040	386	13426	0.00099
Phycisphaeraceae	666507	F	6987	488	7475	0.00055
Anaerohalosphaeraceae	2690158	F	409	13	422	0.00003
Sedimentisphaeraceae	2483367	F	384	91	475	0.00004
Candidatus Brocadiaceae	1127830	F	185	1	186	0.00001
Candidatus Uabimicrobiaceae	2897348	F	112	2	114	0.00001
Opitutaceae	134623	F	23681	1042	24723	0.00183
Puniceicoccaceae	415002	F	1111	163	1274	0.00009
Verrucomicrobiaceae	203557	F	11548	457	12005	0.00089
Akkermansiaceae	1647988	F	1427	1654	3081	0.00023
Methylacidiphilaceae	717964	F	123	108	231	0.00002
Kiritimatiellaceae	1921783	F	1086	1355	2441	0.00018
Tichowtungiaceae	2907186	F	367	17	384	0.00003
Parachlamydiaceae	92713	F	119	10	129	0.00001
Rhabdochlamydiaceae	689704	F	48	5	53	0.00000
Waddliaceae	92714	F	37	6	43	0.00000
Simkaniaceae	92712	F	24	2	26	0.00000
Chlamydiaceae	809	F	121	360	481	0.00004
Hymenobacteraceae	1853232	F	27774	1305	29079	0.00215
Cytophagaceae	89373	F	4536	234	4770	0.00035
Spirosomaceae	2896860	F	3316	190	3506	0.00026
Fulvivirgaceae	2762286	F	2180	65	2245	0.00017
Cyclobacteriaceae	563798	F	869	88	957	0.00007
Flammeovirgaceae	200667	F	105	7	112	0.00001
Marivirgaceae	2762301	F	58	19	77	0.00001
Amoebophilaceae	1501348	F	48	11	59	0.00000
Mangrovivirgaceae	2858885	F	48	3	51	0.00000
Bernardetiaceae	1937968	F	32	2	34	0.00000
Rhodothermaceae	563843	F	15066	896	15962	0.00118
Chitinophagaceae	563835	F	12704	184	12888	0.00096
Rikenellaceae	171550	F	4963	1275	6238	0.00046
Prevotellaceae	171552	F	1790	231	2021	0.00015
Bacteroidaceae	815	F	1525	519	2044	0.00015
Tannerellaceae	2005525	F	1003	249	1252	0.00009
Muribaculaceae	2005473	F	772	115	887	0.00007
Porphyromonadaceae	171551	F	667	63	730	0.00005
Dysgonomonadaceae	2005520	F	284	9	293	0.00002
Barnesiellaceae	2005519	F	165	143	308	0.00002
Odoribacteraceae	1853231	F	123	34	157	0.00001
Paludibacteraceae	2005523	F	43	1	44	0.00000
Tenuifilaceae	2760872	F	38	0	38	0.00000
Salinivirgaceae	1970190	F	26	0	26	0.00000
Prolixibacteraceae	1471398	F	193	4	197	0.00001
Marinilabiliaceae	558415	F	33	2	35	0.00000
Marinifilaceae	1573805	F	23	1	24	0.00000
Flavobacteriaceae	49546	F	6375	413	6788	0.00050
Weeksellaceae	2762318	F	4882	1863	6745	0.00050
Blattabacteriaceae	39782	F	136	12	148	0.00001
Schleiferiaceae	1333713	F	88	7	95	0.00001
Crocinitomicaceae	1853230	F	74	44	118	0.00001
Ichthyobacteriaceae	1755828	F	13	0	13	0.00000
Sphingobacteriaceae	84566	F	4749	431	5180	0.00038
Haliscomenobacteraceae	1937961	F	294	3	297	0.00002
Saprospiraceae	89374	F	56	81	137	0.00001
Chlorobiaceae	191412	F	4304	525	4829	0.00036
Melioribacteraceae	1334117	F	120	16	136	0.00001
Ignavibacteriaceae	795749	F	83	13	96	0.00001
Gemmatimonadaceae	219687	F	94391	6773	101164	0.00750
Fibrobacteraceae	204431	F	199	113	312	0.00002
Vicinamibacteraceae	2211325	F	108398	7258	115656	0.00857
Acidobacteriaceae	204434	F	32108	864	32972	0.00244
Bryobacteraceae	1962910	F	8713	4708	13421	0.00099
Acanthopleuribacteraceae	533207	F	2465	62	2527	0.00019
Thermotomaculaceae	2562244	F	109	7	116	0.00001
Nitrospiraceae	189779	F	14401	255	14656	0.00109
Dissulfurispiraceae	2811505	F	153	8	161	0.00001
Thermodesulfovibrionaceae	2811504	F	109	3	112	0.00001
Spirochaetaceae	137	F	1084	31	1115	0.00008
Treponemataceae	2845253	F	1065	213	1278	0.00009
Sphaerochaetaceae	2791015	F	300	216	516	0.00004
Borreliaceae	1643685	F	128	2	130	0.00001
Leptospiraceae	170	F	847	10	857	0.00006
Brachyspiraceae	143786	F	81	1	82	0.00001
Synergistaceae	649777	F	3562	1101	4663	0.00035
Candidatus Nanosynbacteraceae	2093822	F	177	221	398	0.00003
Candidatus Babeliaceae	2497645	F	65	1	66	0.00000
Candidatus Chazhemtobacteraceae	2715733	F	62	0	62	0.00000
Candidatus Absconditicoccaceae	2900569	F	56	0	56	0.00000
Thermotogaceae	188709	F	463	30	493	0.00004
Fervidobacteriaceae	1643950	F	160	59	219	0.00002
Kosmotogaceae	1643948	F	248	8	256	0.00002
Petrotogaceae	1643949	F	78	39	117	0.00001
Mesoaciditogaceae	1769717	F	63	2	65	0.00000
Aquificaceae	64898	F	307	4	311	0.00002
Hydrogenothermaceae	224027	F	189	112	301	0.00002
Desulfurobacteriaceae	558314	F	171	21	192	0.00001
Thermodesulfobacteriaceae	188711	F	550	13	563	0.00004
Calditrichaceae	1962854	F	384	4	388	0.00003
Deferribacteraceae	191394	F	348	15	363	0.00003
Chrysiogenaceae	189770	F	301	161	462	0.00003
Fusobacteriaceae	203492	F	123	24	147	0.00001
Leptotrichiaceae	1129771	F	105	19	124	0.00001
Elusimicrobiaceae	641876	F	106	1	107	0.00001
Endomicrobiaceae	1783343	F	86	1	87	0.00001
Coprothermobacteraceae	2138247	F	128	33	161	0.00001
Caldisericaceae	693073	F	122	0	122	0.00001
Dictyoglomaceae	203488	F	117	0	117	0.00001
Atribacteraceae	2847776	F	58	1	59	0.00000
Nectriaceae	110618	F	10206	845	11051	0.00082
Hypocreaceae	5129	F	2923	128	3051	0.00023
Clavicipitaceae	34397	F	2774	252	3026	0.00022
Cordycipitaceae	474943	F	2720	81	2801	0.00021
Ophiocordycipitaceae	474942	F	1459	70	1529	0.00011
Bionectriaceae	103887	F	296	20	316	0.00002
Glomerellaceae	681950	F	934	183	1117	0.00008
Chaetomiaceae	35718	F	3467	129	3596	0.00027
Sordariaceae	5148	F	383	21	404	0.00003
Pyriculariaceae	2528436	F	1041	10	1051	0.00008
Sporocadaceae	1812776	F	493	7	500	0.00004
Sclerotiniaceae	28983	F	225	1	226	0.00002
Aspergillaceae	1131492	F	4284	208	4492	0.00033
Trichocomaceae	28568	F	254	14	268	0.00002
Thermoascaceae	1131624	F	252	7	259	0.00002
Didymosphaeriaceae	221678	F	459	153	612	0.00005
Leptosphaeriaceae	34374	F	403	41	444	0.00003
Mycosphaerellaceae	93133	F	345	3	348	0.00003
Saccharomycetaceae	4893	F	503	102	605	0.00004
Pichiaceae	1156497	F	163	5	168	0.00001
Debaryomycetaceae	766764	F	123	1	124	0.00001
Dipodascaceae	34353	F	114	1	115	0.00001
Trichomonascaceae	410830	F	47	3	50	0.00000
Schizosaccharomycetaceae	4894	F	45	0	45	0.00000
Ustilaginaceae	5268	F	2186	35	2221	0.00016
Malasseziaceae	742845	F	119	15	134	0.00001
Phanerochaetaceae	396331	F	408	2	410	0.00003
Ceratobasidiaceae	5250	F	66	2	68	0.00001
Marasmiaceae	654128	F	53	1	54	0.00000
Cryptococcaceae	1884633	F	114	13	127	0.00001
Unikaryonidae	36734	F	11	0	11	0.00000
Peronosporaceae	4777	F	5510	378	5888	0.00044
Pythiaceae	4782	F	313	3	316	0.00002
