name	taxonomy_id	taxonomy_lvl	kraken_assigned_reads	added_reads	new_est_reads	fraction_total_reads
Bradyrhizobium	374	G	584449	61943	646392	0.04636
Rhodopseudomonas	1073	G	30990	8111	39101	0.00280
Tardiphaga	1395974	G	11492	1088	12580	0.00090
Nitrobacter	911	G	8818	990	9808	0.00070
Afipia	1033	G	8784	3061	11845	0.00085
Variibacter	1649510	G	7923	530	8453	0.00061
Ensifer	106591	G	200952	33247	234199	0.01680
Sinorhizobium	28105	G	40939	18549	59488	0.00427
Rhizobium	379	G	110852	22311	133163	0.00955
Agrobacterium	357	G	29582	9683	39265	0.00282
Neorhizobium	1525371	G	12583	2499	15082	0.00108
Pseudorhizobium	1903858	G	3470	569	4039	0.00029
Shinella	323620	G	17580	10286	27866	0.00200
Georhizobium	2661800	G	2336	436	2772	0.00020
Ciceribacter	1648508	G	2264	358	2622	0.00019
Peteryoungia	2853332	G	790	108	898	0.00006
Liberibacter	34019	G	92	8	100	0.00001
Mesorhizobium	68287	G	180685	29180	209865	0.01505
Aminobacter	31988	G	24952	25735	50687	0.00364
Aquibium	2911176	G	11692	2495	14187	0.00102
Nitratireductor	245876	G	8105	1083	9188	0.00066
Phyllobacterium	28100	G	4820	427	5247	0.00038
Roseitalea	1915401	G	2961	442	3403	0.00024
Hoeflea	274591	G	2781	227	3008	0.00022
Oricola	1594166	G	2260	272	2532	0.00018
Salaquimonas	2712688	G	947	37	984	0.00007
Lentilitoribacter	1649463	G	62	1	63	0.00000
Methylobacterium	407	G	76918	12532	89450	0.00642
Microvirga	186650	G	71395	7029	78424	0.00562
Methylorubrum	2282523	G	17198	6769	23967	0.00172
Rhodoplanes	29407	G	44364	3921	48285	0.00346
Hyphomicrobium	81	G	19829	1322	21151	0.00152
Methyloceanibacter	1484898	G	7304	501	7805	0.00056
Methyloligella	1485594	G	4785	568	5353	0.00038
Aquabacter	45402	G	3212	476	3688	0.00026
Rhodomicrobium	1068	G	2935	192	3127	0.00022
Caenibius	2827482	G	1878	770	2648	0.00019
Filomicrobium	119044	G	1747	54	1801	0.00013
Pseudolabrys	556257	G	33127	4428	37555	0.00269
Starkeya	152053	G	13096	3247	16343	0.00117
Xanthobacter	279	G	11623	2513	14136	0.00101
Ancylobacter	99	G	11311	3656	14967	0.00107
Labrys	204476	G	4240	390	4630	0.00033
Azorhizobium	6	G	3894	758	4652	0.00033
Devosia	46913	G	44171	3313	47484	0.00341
Paradevosia	1573407	G	3355	1193	4548	0.00033
Youhaiella	1827478	G	3332	712	4044	0.00029
Pelagibacterium	1082930	G	1616	196	1812	0.00013
Maritalea	623276	G	295	8	303	0.00002
Bosea	85413	G	50000	6972	56972	0.00409
Aureimonas	414371	G	16534	3028	19562	0.00140
Martelella	293088	G	8261	1317	9578	0.00069
Aurantimonas	182269	G	4701	1287	5988	0.00043
Pseudorhodoplanes	1734920	G	13750	900	14650	0.00105
Nordella	169055	G	9532	475	10007	0.00072
Terrihabitans	2874214	G	3059	312	3371	0.00024
Candidatus Hodgkinia	573657	G	15	0	15	0.00000
Methylocystis	133	G	12801	1038	13839	0.00099
Methylosinus	425	G	5910	849	6759	0.00048
Phreatobacter	1632780	G	18367	2791	21158	0.00152
Stappia	152161	G	7057	1211	8268	0.00059
Pannonibacter	227873	G	3398	2190	5588	0.00040
Roseibium	150830	G	3377	420	3797	0.00027
Labrenzia	478070	G	2904	249	3153	0.00023
Pseudovibrio	258255	G	719	30	749	0.00005
Kaustia	2838250	G	5737	503	6240	0.00045
Parvibaculum	256616	G	2694	1706	4400	0.00032
Pyruvatibacter	1742974	G	1773	215	1988	0.00014
Candidatus Phaeomarinobacter	1541445	G	713	36	749	0.00005
Chelatococcus	28209	G	10253	2038	12291	0.00088
Blastochloris	59282	G	9980	2090	12070	0.00087
Methylocella	120652	G	4646	377	5023	0.00036
Methylovirgula	1156568	G	3847	287	4134	0.00030
Beijerinckia	532	G	1130	77	1207	0.00009
Brucella	234	G	5645	21547	27192	0.00195
Pseudochrobactrum	354349	G	556	80	636	0.00005
Kaistia	166953	G	6091	1339	7430	0.00053
Acuticoccus	1904377	G	5455	530	5985	0.00043
Hartmannibacter	1572860	G	3668	585	4253	0.00031
Breoghania	1406135	G	3623	429	4052	0.00029
Lichenihabitans	2723776	G	3267	137	3404	0.00024
Cohaesibacter	655352	G	710	25	735	0.00005
Bartonella	773	G	624	35	659	0.00005
Sphingomonas	13687	G	228319	29754	258073	0.01851
Sphingopyxis	165697	G	39851	8109	47960	0.00344
Sphingobium	165695	G	37813	17469	55282	0.00396
Novosphingobium	165696	G	33154	11244	44398	0.00318
Rhizorhabdus	1649486	G	11975	5640	17615	0.00126
Allosphingosinicella	2823232	G	6464	767	7231	0.00052
Sphingosinithalassobacter	2676233	G	4806	1144	5950	0.00043
Parasphingopyxis	1234545	G	3193	146	3339	0.00024
Sphingorhabdus	1434046	G	3110	176	3286	0.00024
Blastomonas	150203	G	2873	444	3317	0.00024
Hankyongella	1763827	G	2010	385	2395	0.00017
Citromicrobium	72173	G	1770	811	2581	0.00019
Tardibacter	2685927	G	1693	1327	3020	0.00022
Novosphingopyxis	2709686	G	1314	729	2043	0.00015
Parasphingorhabdus	2709685	G	1023	28	1051	0.00008
Aquisediminimonas	2676781	G	870	30	900	0.00006
Erythrobacter	1041	G	22501	5796	28297	0.00203
Porphyrobacter	1111	G	6878	1864	8742	0.00063
Qipengyuania	1855416	G	14152	3759	17911	0.00128
Altererythrobacter	361177	G	10357	3078	13435	0.00096
Tsuneonella	2800686	G	9432	1839	11271	0.00081
Croceicoccus	1295327	G	6750	4170	10920	0.00078
Croceibacterium	2676755	G	2206	984	3190	0.00023
Aurantiacibacter	2800681	G	1720	289	2009	0.00014
Pelagerythrobacter	2800685	G	1715	237	1952	0.00014
Paraurantiacibacter	2800682	G	1602	204	1806	0.00013
Sphingosinicella	335405	G	12641	1249	13890	0.00100
Polymorphobacter	1508451	G	3913	147	4060	0.00029
Sandaracinobacter	56358	G	1842	120	1962	0.00014
Zymomonas	541	G	179	185	364	0.00003
Skermanella	204447	G	51368	7425	58793	0.00422
Azospirillum	191	G	47911	5286	53197	0.00382
Nitrospirillum	1543705	G	3751	372	4123	0.00030
Indioceanicola	2478349	G	2786	325	3111	0.00022
Niveispirillum	1543704	G	1801	175	1976	0.00014
Roseomonas	125216	G	29364	3762	33126	0.00238
Rhodovastum	504465	G	5273	455	5728	0.00041
Komagataeibacter	1434011	G	4131	1678	5809	0.00042
Roseococcus	35812	G	3673	296	3969	0.00028
Acidiphilium	522	G	3412	1564	4976	0.00036
Sediminicoccus	1706033	G	2819	126	2945	0.00021
Lichenicola	2804525	G	2439	102	2541	0.00018
Acetobacter	434	G	2291	750	3041	0.00022
Acidibrevibacterium	2603324	G	2122	171	2293	0.00016
Gluconobacter	441	G	1698	391	2089	0.00015
Gluconacetobacter	89583	G	1498	274	1772	0.00013
Granulibacter	364409	G	1083	82	1165	0.00008
Neoasaia	320496	G	676	120	796	0.00006
Asaia	91914	G	652	94	746	0.00005
Kozakia	153497	G	475	147	622	0.00004
Novacetimonas	2919364	G	370	158	528	0.00004
Oecophyllibacter	2791118	G	276	8	284	0.00002
Parasaccharibacter	1602345	G	208	11	219	0.00002
Swingsia	1649499	G	169	6	175	0.00001
Neokomagataea	1223423	G	87	12	99	0.00001
Bombella	1654741	G	29	2	31	0.00000
Entomobacter	2811380	G	26	1	27	0.00000
Commensalibacter	1079922	G	20	0	20	0.00000
Hypericibacter	2705399	G	16025	900	16925	0.00121
Magnetospirillum	13134	G	9303	162631	171934	0.01233
Ferrovibrio	1231242	G	6177	363	6540	0.00047
Rhodospirillum	1081	G	5612	582	6194	0.00044
Tistrella	171436	G	3824	1516	5340	0.00038
Defluviicoccus	111830	G	2104	174	2278	0.00016
Pararhodospirillum	1612157	G	1244	82	1326	0.00010
Haematospirillum	1804663	G	204	14	218	0.00002
Candidatus Endolissoclinum	1263978	G	92	0	92	0.00001
Stella	93	G	9016	573	9589	0.00069
Elioraea	457933	G	3567	159	3726	0.00027
Thalassospira	168934	G	1729	129	1858	0.00013
Magnetospira	1182780	G	826	24	850	0.00006
Terasakiella	196080	G	115	2	117	0.00001
Paracoccus	265	G	33692	5682	39374	0.00282
Rhodobacter	1060	G	7644	2488	10132	0.00073
Cereibacter	1653176	G	7432	2068	9500	0.00068
Rhodovulum	34008	G	4097	985	5082	0.00036
Paroceanicella	2683599	G	3790	1058	4848	0.00035
Polymorphum	991903	G	3365	828	4193	0.00030
Pikeienuella	2831955	G	2524	247	2771	0.00020
Pontivivens	1844015	G	2514	194	2708	0.00019
Silicimonas	1955420	G	2307	147	2454	0.00018
Thioclava	285107	G	2178	287	2465	0.00018
Pelagovum	2795377	G	1888	250	2138	0.00015
Frigidibacter	1775705	G	1695	742	2437	0.00017
Pukyongiella	2831925	G	1365	363	1728	0.00012
Brevirhabdus	1855413	G	1306	673	1979	0.00014
Haematobacter	366614	G	1251	527	1778	0.00013
Gymnodinialimonas	2937410	G	1127	114	1241	0.00009
Fuscovulum	2818469	G	1108	154	1262	0.00009
Tabrizicola	1443919	G	987	97	1084	0.00008
Pseudopuniceibacterium	2613960	G	944	80	1024	0.00007
Falsirhodobacter	1434002	G	923	141	1064	0.00008
Gemmobacter	204456	G	917	182	1099	0.00008
Pacificitalea	2846749	G	879	214	1093	0.00008
Pseudooceanicola	1679449	G	836	88	924	0.00007
Monaibacterium	2029873	G	781	202	983	0.00007
Roseicitreum	1209946	G	743	41	784	0.00006
Tritonibacter	2083206	G	596	292	888	0.00006
Qingshengfaniella	2816884	G	540	30	570	0.00004
Yoonia	2211641	G	473	119	592	0.00004
Rhodophyticola	2680018	G	441	14	455	0.00003
Rhodobaca	119541	G	421	19	440	0.00003
Pseudohalocynthiibacter	1759417	G	390	87	477	0.00003
Profundibacter	2778525	G	372	13	385	0.00003
Pseudorhodobacter	238783	G	335	22	357	0.00003
Parasedimentitalea	2738399	G	305	14	319	0.00002
Cognatishimia	2211635	G	263	12	275	0.00002
Aestuarium	2820509	G	256	116	372	0.00003
Planktomarina	1284657	G	184	5	189	0.00001
Roseovarius	74030	G	7752	1224	8976	0.00064
Sulfitobacter	60136	G	7226	1416	8642	0.00062
Salipiger	263377	G	5370	1788	7158	0.00051
Roseivivax	93682	G	4487	692	5179	0.00037
Celeribacter	875170	G	3106	1232	4338	0.00031
Leisingera	191028	G	2610	369	2979	0.00021
Phaeobacter	302485	G	2590	1512	4102	0.00029
Ruegeria	97050	G	2407	350	2757	0.00020
Yangia	2919626	G	2035	342	2377	0.00017
Sagittula	58842	G	2008	845	2853	0.00020
Pseudosulfitobacter	2854186	G	1964	564	2528	0.00018
Ponticoccus	983507	G	1508	230	1738	0.00012
Mameliella	1434019	G	1372	260	1632	0.00012
Roseobacter	2433	G	1301	37	1338	0.00010
Dinoroseobacter	309512	G	1272	480	1752	0.00013
Oceanicola	252301	G	1171	60	1231	0.00009
Octadecabacter	53945	G	1134	76	1210	0.00009
Ketogulonicigenium	92944	G	1074	102	1176	0.00008
Roseibacterium	159345	G	1011	85	1096	0.00008
Actibacterium	1433986	G	1003	513	1516	0.00011
Maribius	387095	G	771	39	810	0.00006
Thalassococcus	436357	G	699	18	717	0.00005
Tateyamaria	299261	G	647	21	668	0.00005
Antarctobacter	74032	G	625	33	658	0.00005
Jannaschia	188905	G	610	16	626	0.00004
Thalassobius	335927	G	404	21	425	0.00003
Falsihalocynthiibacter	2854182	G	169	5	174	0.00001
Caulobacter	75	G	39814	4662	44476	0.00319
Brevundimonas	41275	G	32893	4560	37453	0.00269
Phenylobacterium	20	G	15735	2581	18316	0.00131
Terricaulis	2768684	G	7167	233	7400	0.00053
Asticcacaulis	76890	G	2662	196	2858	0.00021
Candidatus Viadribacter	2892997	G	3419	87	3506	0.00025
Hyphomonas	85	G	3169	137	3306	0.00024
Hirschia	2723	G	75	1	76	0.00001
Marinicauda	1649466	G	2303	378	2681	0.00019
Maricaulis	74317	G	879	54	933	0.00007
Glycocaulis	1433402	G	787	40	827	0.00006
Hyphobacterium	2004661	G	663	24	687	0.00005
Aquisalinus	1795639	G	1083	46	1129	0.00008
Parvularcula	208215	G	419	48	467	0.00003
Anaplasma	768	G	147	14	161	0.00001
Wolbachia	953	G	120	8	128	0.00001
Ehrlichia	943	G	46	2	48	0.00000
Neorickettsia	33993	G	30	0	30	0.00000
Candidatus Neoehrlichia	467749	G	13	3	16	0.00000
Rickettsia	780	G	171	16	187	0.00001
Orientia	69474	G	12	1	13	0.00000
Candidatus Sneabacter	2601645	G	11	1	12	0.00000
Candidatus Phycorickettsia	2115980	G	20	1	21	0.00000
Candidatus Midichloria	411566	G	27	2	29	0.00000
Candidatus Fokinia	1802983	G	21	29	50	0.00000
Candidatus Deianiraea	2603321	G	19	0	19	0.00000
Luteithermobacter	2813803	G	344	50	394	0.00003
Paremcibacter	2813804	G	338	9	347	0.00002
Micavibrio	213485	G	565	6	571	0.00004
Candidatus Puniceispirillum	767891	G	111	44	155	0.00001
Candidatus Hydrogenosomobacter	2654634	G	33	0	33	0.00000
Candidatus Cytomitobacter	2601574	G	32	3	35	0.00000
Candidatus Nesciobacter	2601651	G	18	2	20	0.00000
Candidatus Gromoviella	2900571	G	18	0	18	0.00000
Candidatus Nucleicultrix	1509243	G	68	3	71	0.00001
Candidatus Paracaedibacter	1521255	G	49	2	51	0.00000
Magnetococcus	162171	G	202	4	206	0.00001
Candidatus Pelagibacter	198251	G	90	2	92	0.00001
Candidatus Fonsibacter	2045213	G	33	2	35	0.00000
Kordiimonas	288021	G	78	1	79	0.00001
Variovorax	34072	G	467473	141667	609140	0.04369
Hydrogenophaga	47420	G	45857	17715	63572	0.00456
Comamonas	283	G	42322	11678	54000	0.00387
Acidovorax	12916	G	39493	17187	56680	0.00407
Ramlibacter	174951	G	32857	10539	43396	0.00311
Rhodoferax	28065	G	22046	4221	26267	0.00188
Schlegelella	215579	G	14375	3800	18175	0.00130
Polaromonas	52972	G	13464	879	14343	0.00103
Diaphorobacter	238749	G	11723	9787	21510	0.00154
Delftia	80865	G	10018	12366	22384	0.00161
Kinneretia	683756	G	8246	3848	12094	0.00087
Ottowia	219181	G	6664	941	7605	0.00055
Alicycliphilus	201096	G	5098	7168	12266	0.00088
Melaminivora	1649468	G	4780	3667	8447	0.00061
Verminephrobacter	364316	G	4477	439	4916	0.00035
Serpentinimonas	2490452	G	3452	692	4144	0.00030
Hylemonella	232523	G	2940	342	3282	0.00024
Pulveribacter	2678886	G	2121	856	2977	0.00021
Simplicispira	352450	G	1791	556	2347	0.00017
Limnohabitans	665874	G	1406	108	1514	0.00011
Curvibacter	281915	G	1109	63	1172	0.00008
Candidatus Symbiobacter	1436289	G	741	23	764	0.00005
Massilia	149698	G	560595	85486	646081	0.04634
Duganella	75654	G	33831	8929	42760	0.00307
Janthinobacterium	29580	G	53991	10813	64804	0.00465
Herbaspirillum	963	G	26421	4124	30545	0.00219
Collimonas	202907	G	14674	1486	16160	0.00116
Noviherbaspirillum	1344552	G	5385	814	6199	0.00044
Undibacterium	401469	G	2664	111	2775	0.00020
Herminiimonas	303379	G	602	86	688	0.00005
Glaciimonas	1229970	G	485	27	512	0.00004
Oxalobacter	846	G	226	91	317	0.00002
Burkholderia	32008	G	114781	52135	166916	0.01197
Cupriavidus	106589	G	83615	24057	107672	0.00772
Paraburkholderia	1822464	G	66909	7835	74744	0.00536
Ralstonia	48736	G	23434	24887	48321	0.00347
Pandoraea	93217	G	20479	3032	23511	0.00169
Caballeronia	1827195	G	18227	2435	20662	0.00148
Polynucleobacter	44013	G	2262	53	2315	0.00017
Lautropia	47670	G	2159	345	2504	0.00018
Chitinimonas	240411	G	1624	115	1739	0.00012
Mycetohabitans	2571159	G	1076	70	1146	0.00008
Mycoavidus	1810868	G	398	16	414	0.00003
Limnobacter	131079	G	351	15	366	0.00003
Candidatus Vallotia	2018044	G	196	20	216	0.00002
Ephemeroptericola	2680021	G	127	7	134	0.00001
Achromobacter	222	G	44443	18155	62598	0.00449
Bordetella	517	G	37826	21160	58986	0.00423
Pigmentiphaga	152267	G	6110	637	6747	0.00048
Orrella	1921582	G	3063	915	3978	0.00029
Castellaniella	359336	G	2712	1733	4445	0.00032
Alcaligenes	507	G	2038	394	2432	0.00017
Pusillimonas (ex Stolz et al. 2005)	305976	G	1615	282	1897	0.00014
Paralcaligenes	1148163	G	917	36	953	0.00007
Kerstersia	257820	G	902	181	1083	0.00008
Advenella	290425	G	832	23	855	0.00006
Oligella	90243	G	228	56	284	0.00002
Paenalcaligenes	1100891	G	80	4	84	0.00001
Basilea	1472344	G	39	3	42	0.00000
Taylorella	29574	G	26	1	27	0.00000
Pelistega	106146	G	16	2	18	0.00000
Rhizobacter	212743	G	22650	4830	27480	0.00197
Sphaerotilus	34102	G	9782	4751	14533	0.00104
Methylibium	316612	G	9579	2678	12257	0.00088
Rubrivivax	28067	G	8898	2767	11665	0.00084
Aquincola	391952	G	7871	2659	10530	0.00076
Leptothrix	88	G	6409	2054	8463	0.00061
Thiomonas	32012	G	5997	332	6329	0.00045
Mitsuaria	65047	G	5695	1129	6824	0.00049
Xylophilus	54066	G	4053	1074	5127	0.00037
Ideonella	36862	G	3546	2005	5551	0.00040
Tepidimonas	114248	G	2827	956	3783	0.00027
Roseateles	93681	G	2782	529	3311	0.00024
Aquabacterium	92793	G	2637	664	3301	0.00024
Inhella	644355	G	1843	280	2123	0.00015
Paucibacter	318147	G	1776	286	2062	0.00015
Candidatus Ichthyocystis	2929841	G	42	0	42	0.00000
Sutterella	40544	G	1876	156	2032	0.00015
Turicimonas	1918598	G	143	10	153	0.00001
Usitatibacter	2803845	G	30610	2244	32854	0.00236
Nitrosospira	35798	G	7947	232	8179	0.00059
Nitrosomonas	914	G	7890	234	8124	0.00058
Denitratisoma	311181	G	3547	1665	5212	0.00037
Sulfuritalea	1054211	G	3197	471	3668	0.00026
Methyloversatilis	378210	G	2606	329	2935	0.00021
Sterolibacterium	157591	G	1943	514	2457	0.00018
Sideroxydans	314343	G	2846	404	3250	0.00023
Ferrigenium	2249462	G	1750	388	2138	0.00015
Ferriphaselus	1443590	G	588	86	674	0.00005
Candidatus Nitrotoga	453161	G	473	29	502	0.00004
Gallionella	96	G	433	42	475	0.00003
Thiobacillus	919	G	3427	663	4090	0.00029
Sulfuritortus	1938335	G	2431	988	3419	0.00025
Sulfurimicrobium	2772198	G	2185	282	2467	0.00018
Sulfuriferula	1778653	G	1911	298	2209	0.00016
Sulfuricella	935200	G	936	88	1024	0.00007
Methylovorus	81682	G	594	37	631	0.00005
Methylobacillus	404	G	541	122	663	0.00005
Methylotenera	359407	G	297	21	318	0.00002
Methylophilus	16	G	258	13	271	0.00002
Candidatus Methylopumilus	1679002	G	175	11	186	0.00001
Methyloradius	2872156	G	145	10	155	0.00001
Thauera	33057	G	16070	9398	25468	0.00183
Azoarcus	12960	G	13729	4303	18032	0.00129
Nitrogeniibacter	2891294	G	4458	661	5119	0.00037
Aromatoleum	551759	G	12880	3661	16541	0.00119
Azospira	146937	G	9051	3977	13028	0.00093
Niveibacterium	1769726	G	2539	337	2876	0.00021
Oryzomicrobium	1911577	G	1655	415	2070	0.00015
Rugosibacter	1914449	G	496	78	574	0.00004
Dechloromonas	73029	G	4191	716	4907	0.00035
Ferribacterium	88875	G	3476	584	4060	0.00029
Quatrionicoccus	138117	G	1580	479	2059	0.00015
Fluviibacter	2808942	G	222	68	290	0.00002
Chromobacterium	535	G	11246	2404	13650	0.00098
Iodobacter	32014	G	217	51	268	0.00002
Jeongeupia	885864	G	3713	649	4362	0.00031
Paludibacterium	400060	G	2997	504	3501	0.00025
Vogesella	57739	G	2126	535	2661	0.00019
Pseudogulbenkiania	568394	G	2124	718	2842	0.00020
Aquitalea	407217	G	1724	322	2046	0.00015
Microvirgula	57479	G	1508	278	1786	0.00013
Laribacter	168470	G	1132	932	2064	0.00015
Aquaspirillum	187	G	726	103	829	0.00006
Chitinibacter	230666	G	355	138	493	0.00004
Deefgea	400947	G	270	34	304	0.00002
Neisseria	482	G	4366	1477	5843	0.00042
Crenobacter	1654931	G	2578	810	3388	0.00024
Chitinolyticbacter	1055692	G	1872	216	2088	0.00015
Vitreoscilla	59	G	948	150	1098	0.00008
Kingella	32257	G	530	154	684	0.00005
Uruburuella	299568	G	427	61	488	0.00004
Eikenella	538	G	409	105	514	0.00004
Paralysiella	2898489	G	166	32	198	0.00001
Alysiella	194195	G	98	16	114	0.00001
Conchiformibius	334107	G	74	72	146	0.00001
Aquella	2593687	G	52	2	54	0.00000
Snodgrassella	1193515	G	35	10	45	0.00000
Morococcus	212742	G	24	133	157	0.00001
Simonsiella	71	G	20	3	23	0.00000
Casimicrobium	2706000	G	2191	950	3141	0.00023
Candidatus Kinetoplastibacterium	33055	G	47	4	51	0.00000
Candidatus Profftella	1381133	G	11	2	13	0.00000
Lysobacter	68	G	228130	35622	263752	0.01892
Stenotrophomonas	40323	G	42657	17607	60264	0.00432
Xanthomonas	338	G	40795	19667	60462	0.00434
Pseudoxanthomonas	83618	G	32177	11979	44156	0.00317
Luteimonas	83614	G	29472	5819	35291	0.00253
Thermomonas	141948	G	12761	3408	16169	0.00116
Arenimonas	490567	G	7144	1398	8542	0.00061
Pseudolysobacter	2709666	G	2157	55	2212	0.00016
Xylella	2370	G	450	60	510	0.00004
Luteibacter	242605	G	13532	1557	15089	0.00108
Rhodanobacter	75309	G	11075	2694	13769	0.00099
Dyella	231454	G	9871	1793	11664	0.00084
Frateuria	70411	G	6195	1809	8004	0.00057
Dokdonella	323413	G	5849	1015	6864	0.00049
Aerosticca	2707020	G	2434	3026	5460	0.00039
Ahniella	2233801	G	1693	42	1735	0.00012
Pseudomonas	286	G	411054	101384	512438	0.03675
Azotobacter	352	G	4176	767	4943	0.00035
Halopseudomonas	2901189	G	2977	543	3520	0.00025
Permianibacter	1649479	G	729	20	749	0.00005
Thiopseudomonas	1654787	G	83	16	99	0.00001
Entomomonas	2758906	G	35	1	36	0.00000
Marinobacter	2742	G	6240	516	6756	0.00048
Enterobacter	547	G	6356	10001	16357	0.00117
Klebsiella	570	G	4946	35726	40672	0.00292
Raoultella	160674	G	1216	707	1923	0.00014
Citrobacter	544	G	2805	2383	5188	0.00037
Leclercia	83654	G	1792	898	2690	0.00019
Cronobacter	413496	G	1698	373	2071	0.00015
Kosakonia	1330547	G	1527	262	1789	0.00013
Salmonella	590	G	1229	26916	28145	0.00202
Pluralibacter	1330546	G	994	257	1251	0.00009
Escherichia	561	G	928	16072	17000	0.00122
Cedecea	158483	G	906	129	1035	0.00007
Lelliottia	1330545	G	567	116	683	0.00005
Kluyvera	579	G	434	132	566	0.00004
Candidatus Symbiopectobacterium	801	G	169	20	189	0.00001
Candidatus Blochmannia	203804	G	102	5	107	0.00001
Candidatus Hamiltonella	568987	G	35	39	74	0.00001
Candidatus Doolittlea	1906657	G	16	1	17	0.00000
Candidatus Hoaglandella	1906659	G	14	1	15	0.00000
Pseudescherichia	2055880	G	289	18	307	0.00002
Plesiomonas	702	G	256	77	333	0.00002
Buttiauxella	82976	G	212	24	236	0.00002
Jejubacter	2815296	G	205	21	226	0.00002
Pseudocitrobacter	1504576	G	196	46	242	0.00002
Atlantibacter	1903434	G	195	40	235	0.00002
Scandinavium	2726810	G	182	32	214	0.00002
Shimwellia	1335483	G	182	34	216	0.00002
Yokenella	158876	G	172	68	240	0.00002
Phytobacter	447792	G	122	295	417	0.00003
Shigella	620	G	59	2272	2331	0.00017
Candidatus Profftia	1177214	G	20	0	20	0.00000
Candidatus Moranella	1048757	G	18	0	18	0.00000
Candidatus Schneideria	1081630	G	14	0	14	0.00000
Candidatus Ishikawaella	409304	G	14	0	14	0.00000
Serratia	613	G	9216	2322	11538	0.00083
Rahnella	34037	G	995	253	1248	0.00009
Yersinia	629	G	955	2634	3589	0.00026
Nissabacter	1964366	G	528	79	607	0.00004
Gibbsiella	929812	G	312	45	357	0.00003
Ewingella	41201	G	182	26	208	0.00001
Rouxiella	1565532	G	173	16	189	0.00001
Chania	1745211	G	124	14	138	0.00001
Candidatus Fukatsuia	1927833	G	34	1	35	0.00000
Pantoea	53335	G	5820	964	6784	0.00049
Erwinia	551	G	2134	336	2470	0.00018
Mixta	2100764	G	1278	371	1649	0.00012
Buchnera	32199	G	230	26	256	0.00002
Tatumella	82986	G	134	20	154	0.00001
Dickeya	204037	G	2617	419	3036	0.00022
Pectobacterium	122277	G	1701	320	2021	0.00015
Brenneria	71655	G	1023	76	1099	0.00008
Lonsdalea	1082702	G	488	77	565	0.00004
Musicola	2884243	G	264	0	264	0.00002
Edwardsiella	635	G	1469	526	1995	0.00014
Hafnia	568	G	214	64	278	0.00002
Obesumbacterium	82982	G	27	19	46	0.00000
Morganella	581	G	428	357	785	0.00006
Xenorhabdus	626	G	357	44	401	0.00003
Providencia	586	G	335	156	491	0.00004
Proteus	583	G	184	170	354	0.00003
Photorhabdus	29487	G	175	12	187	0.00001
Arsenophonus	637	G	61	4	65	0.00000
Moellerella	158848	G	23	15	38	0.00000
Sodalis	84565	G	1087	69	1156	0.00008
Leminorella	82980	G	130	16	146	0.00001
Pragia	82984	G	53	7	60	0.00000
Limnobaculum	2172100	G	39	9	48	0.00000
Jinshanibacter	2810357	G	35	7	42	0.00000
Thioalkalivibrio	106633	G	9266	1886	11152	0.00080
Spiribacter	1335745	G	5678	455	6133	0.00044
Acidihalobacter	1765964	G	3927	346	4273	0.00031
Halorhodospira	85108	G	1960	182	2142	0.00015
Aquisalimonas	406099	G	1798	149	1947	0.00014
Ectothiorhodospira	1051	G	1622	178	1800	0.00013
Alkalilimnicola	133193	G	1574	234	1808	0.00013
Ectothiorhodosinus	233099	G	237	18	255	0.00002
Allochromatium	85072	G	2980	736	3716	0.00027
Thioflavicoccus	156885	G	2642	257	2899	0.00021
Thiodictyon	53392	G	2556	152	2708	0.00019
Marichromatium	85076	G	2225	473	2698	0.00019
Thiocapsa	1056	G	2017	120	2137	0.00015
Thiocystis	13724	G	1508	139	1647	0.00012
Thermochromatium	85073	G	992	270	1262	0.00009
Caldichromatium	2828366	G	648	77	725	0.00005
Nitrosococcus	1227	G	613	17	630	0.00005
Rheinheimera	67575	G	243	37	280	0.00002
Candidatus Nitrosacidococcus	2796146	G	55	2	57	0.00000
Candidatus Nitrosoglobus	1980513	G	37	2	39	0.00000
Wenzhouxiangella	1676142	G	3090	166	3256	0.00023
Thiohalobacter	1273155	G	2582	362	2944	0.00021
Sulfurivermis	2034504	G	1823	740	2563	0.00018
Guyparkeria	2035712	G	1636	409	2045	0.00015
Woeseia	1738655	G	1422	25	1447	0.00010
Halothiobacillus	109262	G	1198	104	1302	0.00009
Sulfuriflexus	1860077	G	425	13	438	0.00003
Granulosicoccus	437504	G	349	6	355	0.00003
Halomonas	2745	G	25682	3572	29254	0.00210
Cobetia	204286	G	1686	1296	2982	0.00021
Halotalea	376488	G	1435	272	1707	0.00012
Salinicola	404432	G	1345	150	1495	0.00011
Kushneria	504090	G	1091	49	1140	0.00008
Chromohalobacter	42054	G	975	103	1078	0.00008
Pistricoccus	1897649	G	636	41	677	0.00005
Zymobacter	33073	G	221	29	250	0.00002
Candidatus Portiera	235572	G	42	5	47	0.00000
Candidatus Carsonella	114185	G	17	4	21	0.00000
Alcanivorax	59753	G	3657	1578	5235	0.00038
Ketobacter	2025617	G	186	17	203	0.00001
Marinobacterium	48075	G	1290	159	1449	0.00010
Marinomonas	28253	G	408	44	452	0.00003
Thalassolituus	187492	G	218	28	246	0.00002
Venatorbacter	2893036	G	216	50	266	0.00002
Bacterioplanes	1537406	G	182	10	192	0.00001
Neptunomonas	75687	G	138	10	148	0.00001
Nitrincola	267849	G	108	19	127	0.00001
Amphritea	515417	G	83	6	89	0.00001
Bermanella	599651	G	33	1	34	0.00000
Hahella	158481	G	950	38	988	0.00007
Saccharospirillum	231683	G	487	28	515	0.00004
Reinekea	230494	G	200	9	209	0.00002
Gynuella	1445504	G	116	3	119	0.00001
Litoricola	418700	G	277	13	290	0.00002
Oleiphilus	141450	G	108	9	117	0.00001
Endozoicomonas	305899	G	96	5	101	0.00001
Spartinivicinus	2768738	G	47	1	48	0.00000
Methylococcus	413	G	6041	403	6444	0.00046
Methylomonas	416	G	3907	116	4023	0.00029
Methylocaldum	73778	G	2078	120	2198	0.00016
Methylomagnum	1760987	G	1757	72	1829	0.00013
Methylomicrobium	39773	G	1689	272	1961	0.00014
Methylogaea	1295378	G	1658	121	1779	0.00013
Candidatus Methylospira	1808977	G	610	24	634	0.00005
Methylotuvimicrobium	2822410	G	467	243	710	0.00005
Methylovulum	762296	G	232	5	237	0.00002
Methylobacter	429	G	90	5	95	0.00001
Aeromonas	642	G	15088	11275	26363	0.00189
Zobellella	347533	G	1030	239	1269	0.00009
Oceanimonas	129577	G	397	84	481	0.00003
Dongshaea	2802288	G	134	12	146	0.00001
Oceanisphaera	225143	G	127	14	141	0.00001
Tolumonas	43947	G	102	44	146	0.00001
Succinivibrio	83770	G	34	1	35	0.00000
Steroidobacter	469322	G	8477	2444	10921	0.00078
Solimonas	413435	G	4884	488	5372	0.00039
Flagellatimonas	2893022	G	1457	110	1567	0.00011
Sinimarinibacterium	1861863	G	831	460	1291	0.00009
Microbulbifer	48073	G	5477	322	5799	0.00042
Cellvibrio	10	G	2631	117	2748	0.00020
Simiduia	447467	G	379	20	399	0.00003
Teredinibacter	2425	G	355	16	371	0.00003
Saccharophagus	316625	G	58	2	60	0.00000
Marinagarivorans	1792291	G	53	4	57	0.00000
Agarilytica	2036021	G	44	1	45	0.00000
Kineobactrum	2678529	G	950	37	987	0.00007
Halioglobus	1217416	G	887	31	918	0.00007
Congregibacter	393661	G	442	182	624	0.00004
Aequoribacter	2847769	G	144	20	164	0.00001
Spongiibacter	630749	G	669	72	741	0.00005
Zhongshania	1434050	G	167	12	179	0.00001
Oceanicoccus	1084558	G	90	1	91	0.00001
Sulfurifustis	1692042	G	5876	386	6262	0.00045
Sulfuricaulis	1744881	G	3039	246	3285	0.00024
Acidiferrobacter	986106	G	1631	31	1662	0.00012
Acinetobacter	469	G	9549	2461	12010	0.00086
Psychrobacter	497	G	466	21	487	0.00003
Moraxella	475	G	353	31	384	0.00003
Aquirhabdus	2824158	G	79	3	82	0.00001
Shewanella	22	G	4698	858	5556	0.00040
Parashewanella	2547964	G	52	4	56	0.00000
Alteromonas	226	G	703	174	877	0.00006
Salinimonas	288793	G	329	52	381	0.00003
Hydrocarboniclastica	2650549	G	418	57	475	0.00003
Paraglaciecola	1621534	G	151	10	161	0.00001
Lacimicrobium	1751872	G	141	9	150	0.00001
Agarivorans	261825	G	132	9	141	0.00001
Saliniradius	2661818	G	127	11	138	0.00001
Paraneptunicella	2905123	G	56	2	58	0.00000
Glaciecola	89404	G	46	3	49	0.00000
Catenovulum	1172191	G	30	1	31	0.00000
Saccharobesus	2894574	G	29	1	30	0.00000
Pseudoalteromonas	53246	G	1307	162	1469	0.00011
Psychrosphaera	907197	G	42	7	49	0.00000
Flocculibacter	2834759	G	26	2	28	0.00000
Ferrimonas	44011	G	562	65	627	0.00005
Thalassotalea	1518149	G	146	17	163	0.00001
Colwellia	28228	G	127	16	143	0.00001
Litorilituus	1407056	G	22	2	24	0.00000
Cognaticolwellia	2848171	G	15	3	18	0.00000
Idiomarina	135575	G	266	23	289	0.00002
Moritella	58050	G	108	22	130	0.00001
Psychromonas	67572	G	63	6	69	0.00000
Vibrio	662	G	4337	1215	5552	0.00040
Photobacterium	657	G	721	127	848	0.00006
Salinivibrio	51366	G	172	20	192	0.00001
Grimontia	246861	G	114	14	128	0.00001
Thaumasiovibrio	2014233	G	74	9	83	0.00001
Aliivibrio	511678	G	46	13	59	0.00000
Enterovibrio	188143	G	13	0	13	0.00000
Paraphotobacterium	2042066	G	11	2	13	0.00000
Immundisolibacter	1934947	G	2945	504	3449	0.00025
Candidatus Endoriftia	393764	G	817	41	858	0.00006
Candidatus Vesicomyosocius	2732587	G	39	26	65	0.00000
Candidatus Ruthia	1541743	G	18	24	42	0.00000
Sedimenticola	349742	G	528	24	552	0.00004
Candidatus Reidiella	2738850	G	440	9	449	0.00003
Thiolapillus	1608298	G	329	8	337	0.00002
Pseudohongiella	1524249	G	244	6	250	0.00002
Gallaecimonas	745410	G	144	10	154	0.00001
Candidatus Thioglobus	655184	G	41	8	49	0.00000
Ignatzschineria	112008	G	30	2	32	0.00000
Celerinatantimonas	412033	G	30	2	32	0.00000
Candidatus Nardonella	204619	G	15	5	20	0.00000
Candidatus Pseudothioglobus	2841677	G	13	5	18	0.00000
Candidatus Steffania	1076625	G	10	0	10	0.00000
Candidatus Azoamicus	2817383	G	10	1	11	0.00000
Legionella	445	G	1573	122	1695	0.00012
Fluoribacter	461	G	47	13	60	0.00000
Tatlockia	465	G	40	2	42	0.00000
Aquicella	254245	G	505	16	521	0.00004
Coxiella	776	G	255	45	300	0.00002
Rickettsiella	59195	G	95	5	100	0.00001
Thiomicrorhabdus	2039723	G	228	10	238	0.00002
Thiomicrospira	933	G	207	71	278	0.00002
Methylophaga	40222	G	200	53	253	0.00002
Hydrogenovibrio	28884	G	143	74	217	0.00002
Cycloclasticus	34067	G	63	4	67	0.00000
Piscirickettsia	1237	G	61	3	64	0.00000
Thiosulfatimonas	2781121	G	59	3	62	0.00000
Thiosulfativibrio	2781120	G	38	1	39	0.00000
Thiothrix	1030	G	870	23	893	0.00006
Beggiatoa	1021	G	45	1	46	0.00000
Francisella	262	G	149	161	310	0.00002
Allofrancisella	1869285	G	35	1	36	0.00000
Salinisphaera	180541	G	1877	1917	3794	0.00027
Haemophilus	724	G	232	63	295	0.00002
Aggregatibacter	416916	G	181	34	215	0.00002
Actinobacillus	713	G	161	80	241	0.00002
Mannheimia	75984	G	150	27	177	0.00001
Pasteurella	745	G	135	349	484	0.00003
Avibacterium	292486	G	66	10	76	0.00001
Rodentibacter	1960084	G	41	4	45	0.00000
Basfia	697331	G	39	3	42	0.00000
Glaesserella	2094023	G	36	15	51	0.00000
Histophilus	214906	G	31	9	40	0.00000
Bibersteinia	476528	G	30	10	40	0.00000
Gallibacterium	155493	G	24	6	30	0.00000
Frederiksenia	1649317	G	19	4	23	0.00000
Vespertiliibacter	1520333	G	16	2	18	0.00000
Otariodibacter	1249016	G	11	1	12	0.00000
Cardiobacterium	2717	G	965	120	1085	0.00008
Dichelobacter	869	G	57	12	69	0.00001
Suttonella	13275	G	53	2	55	0.00000
Kangiella	261963	G	162	10	172	0.00001
Gilliamella	1193503	G	65	13	78	0.00001
Zophobihabitans	2894762	G	21	1	22	0.00000
Frischella	1335631	G	12	2	14	0.00000
Sorangium	39643	G	133057	16515	149572	0.01073
Polyangium	55	G	20627	1690	22317	0.00160
Chondromyces	50	G	10137	391	10528	0.00076
Pajaroellobacter	1882917	G	223	5	228	0.00002
Sandaracinus	1055688	G	31569	1563	33132	0.00238
Labilithrix	1524217	G	14737	598	15335	0.00110
Archangium	47	G	38701	4383	43084	0.00309
Cystobacter	42	G	11853	2899	14752	0.00106
Stigmatella	40	G	7622	807	8429	0.00060
Melittangium	44	G	4957	1121	6078	0.00044
Myxococcus	32	G	21858	18481	40339	0.00289
Corallococcus	83461	G	20345	2450	22795	0.00163
Pyxidicoccus	224458	G	10890	698	11588	0.00083
Anaeromyxobacter	161492	G	44162	3078	47240	0.00339
Vulgatibacter	1524214	G	5565	426	5991	0.00043
Haliangium	162027	G	16779	900	17679	0.00127
Geomonas	2651583	G	8964	1486	10450	0.00075
Geobacter	28231	G	7794	842	8636	0.00062
Citrifermentans	2883512	G	2734	676	3410	0.00024
Geotalea	2910589	G	1112	74	1186	0.00009
Geoalkalibacter	392332	G	653	688	1341	0.00010
Trichlorobacter	115782	G	389	54	443	0.00003
Desulfuromonas	890	G	6186	782	6968	0.00050
Pelobacter	18	G	967	321	1288	0.00009
Syntrophotalea	2812025	G	1217	144	1361	0.00010
Pseudodesulfovibrio	2035811	G	5335	1184	6519	0.00047
Desulfovibrio	872	G	5227	714	5941	0.00043
Solidesulfovibrio	2910984	G	3015	303	3318	0.00024
Oceanidesulfovibrio	2905722	G	1417	89	1506	0.00011
Desulfocurvibacter	2582840	G	1098	80	1178	0.00008
Desulfolutivibrio	2773294	G	927	268	1195	0.00009
Megalodesulfovibrio	2910978	G	899	45	944	0.00007
Oleidesulfovibrio	2909705	G	292	473	765	0.00005
Maridesulfovibrio	2794998	G	141	13	154	0.00001
Paradesulfovibrio	2910986	G	128	13	141	0.00001
Lawsonia	41707	G	45	0	45	0.00000
Desulfomicrobium	898	G	1145	156	1301	0.00009
Desulfohalobium	45662	G	287	14	301	0.00002
Desulfosarcina	2299	G	2352	426	2778	0.00020
Desulfococcus	896	G	536	113	649	0.00005
Desulfatibacillum	218207	G	486	19	505	0.00004
Desulfoluna	497721	G	456	27	483	0.00003
Desulfonema	45654	G	247	7	254	0.00002
Desulfobacter	2289	G	206	24	230	0.00002
Desulforapulum	2904687	G	184	25	209	0.00002
Desulfobacula	28222	G	55	5	60	0.00000
Desulfobulbus	893	G	1551	323	1874	0.00013
Desulfurivibrio	427922	G	533	26	559	0.00004
Desulfomarina	2894767	G	88	8	96	0.00001
Desulfosudis	2904716	G	520	37	557	0.00004
Desulfosediminicola	2886823	G	243	29	272	0.00002
Desulfocapsa	53318	G	68	4	72	0.00001
Desulfotalea	109168	G	64	12	76	0.00001
Persicimonas	2766927	G	4009	133	4142	0.00030
Bradymonas	1779136	G	1350	658	2008	0.00014
Syntrophobacter	29526	G	1000	498	1498	0.00011
Desulfoglaeba	361106	G	829	40	869	0.00006
Desulfarculus	453229	G	1543	1078	2621	0.00019
Desulfomonile	2357	G	336	4	340	0.00002
Desulfobacca	60892	G	303	9	312	0.00002
Syntrophus	43773	G	273	16	289	0.00002
Dissulfurimicrobium	1769732	G	150	8	158	0.00001
Candidatus Desulfofervidus	1902583	G	65	1	66	0.00000
Hippea	84404	G	33	1	34	0.00000
Campylobacter	194	G	816	169	985	0.00007
Helicobacter	209	G	462	33	495	0.00004
Wolinella	843	G	38	5	43	0.00000
Sulfurimonas	202746	G	474	30	504	0.00004
Sulfuricurvum	286130	G	32	2	34	0.00000
Nitratifractor	269260	G	219	10	229	0.00002
Sulfurovum	265570	G	163	13	176	0.00001
Aliarcobacter	2321111	G	84	20	104	0.00001
Arcobacter	28196	G	66	34	100	0.00001
Malaciobacter	2321114	G	37	5	42	0.00000
Halarcobacter	2321115	G	33	2	35	0.00000
Pseudoarcobacter	2321113	G	25	4	29	0.00000
Hydrogenimonas	223785	G	201	15	216	0.00002
Sulfurospirillum	57665	G	159	8	167	0.00001
Nitratiruptor	269258	G	67	8	75	0.00001
Nitrosophilus	2795692	G	42	12	54	0.00000
Nautilia	191291	G	45	9	54	0.00000
Caminibacter	191301	G	34	9	43	0.00000
Acidithiobacillus	119977	G	1792	148	1940	0.00014
Bdellovibrio	958	G	672	36	708	0.00005
Pseudobdellovibrio	2862745	G	85	4	89	0.00001
Bacteriovorax	146784	G	78	7	85	0.00001
Halobacteriovorax	1652133	G	51	8	59	0.00000
Silvanigrella	2024975	G	26	4	30	0.00000
Fluviispira	2698753	G	22	3	25	0.00000
Hydrogenophilus	70774	G	596	101	697	0.00005
Mariprofundus	377315	G	374	9	383	0.00003
Streptomyces	1883	G	651921	149319	801240	0.05747
Kitasatospora	2063	G	10395	3621	14016	0.00101
Streptacidiphilus	228398	G	6997	1960	8957	0.00064
Yinghuangia	2805681	G	3689	591	4280	0.00031
Microbacterium	33882	G	102788	17646	120434	0.00864
Agromyces	33877	G	44958	10787	55745	0.00400
Curtobacterium	2034	G	14338	2909	17247	0.00124
Rathayibacter	33886	G	13111	2946	16057	0.00115
Leucobacter	55968	G	10782	1944	12726	0.00091
Leifsonia	110932	G	10502	7071	17573	0.00126
Agrococcus	46352	G	9982	2714	12696	0.00091
Clavibacter	1573	G	9575	5802	15377	0.00110
Protaetiibacter	2680004	G	7448	2188	9636	0.00069
Salinibacterium	235888	G	4971	810	5781	0.00041
Cryobacterium	69578	G	3759	528	4287	0.00031
Microterricola	518733	G	2938	727	3665	0.00026
Frondihabitans	447237	G	2889	461	3350	0.00024
Plantibacter	190323	G	2774	358	3132	0.00022
Microcella	337004	G	2753	974	3727	0.00027
Cnuibacter	1759331	G	1911	418	2329	0.00017
Herbiconiux	881616	G	1852	374	2226	0.00016
Gryllotalpicola	1195526	G	1816	353	2169	0.00016
Subtercola	120212	G	1768	144	1912	0.00014
Mycetocola	76634	G	1754	216	1970	0.00014
Frigoribacterium	96492	G	1688	500	2188	0.00016
Chryseoglobus	1331730	G	1572	329	1901	0.00014
Humibacter	427753	G	1471	328	1799	0.00013
Amnibacterium	1029631	G	1389	336	1725	0.00012
Marisediminicola	1230698	G	1236	153	1389	0.00010
Gulosibacter	256818	G	1160	339	1499	0.00011
Diaminobutyricimonas	1433997	G	1129	213	1342	0.00010
Glaciihabitans	1649454	G	969	77	1046	0.00008
Agreia	110934	G	866	104	970	0.00007
Aquiluna	529881	G	187	10	197	0.00001
Rhodoluna	529883	G	183	10	193	0.00001
Pseudoclavibacter	255204	G	224	42	266	0.00002
Aurantimicrobium	1705353	G	201	10	211	0.00002
Pontimonas	1434032	G	85	3	88	0.00001
Arthrobacter	1663	G	60820	12914	73734	0.00529
Pseudarthrobacter	1742993	G	11496	3399	14895	0.00107
Kocuria	57493	G	10553	3124	13677	0.00098
Micrococcus	1269	G	4424	3572	7996	0.00057
Sinomonas	596707	G	3391	884	4275	0.00031
Citricoccus	169133	G	3236	874	4110	0.00029
Glutamicibacter	1742989	G	3183	995	4178	0.00030
Paenarthrobacter	1742992	G	2640	1375	4015	0.00029
Rothia	32207	G	1997	819	2816	0.00020
Nesterenkonia	57494	G	576	37	613	0.00004
Paeniglutamicibacter	1742990	G	387	59	446	0.00003
Psychromicrobium	2078575	G	249	32	281	0.00002
Neomicrococcus	1868332	G	223	91	314	0.00002
Auritidibacter	1160973	G	188	19	207	0.00001
Renibacterium	1645	G	145	8	153	0.00001
Cellulomonas	1707	G	50029	17274	67303	0.00483
Actinotalea	458839	G	2614	995	3609	0.00026
Oerskovia	162491	G	1951	658	2609	0.00019
Pseudactinotalea	1926259	G	1497	229	1726	0.00012
Paraoerskovia	665568	G	1312	360	1672	0.00012
Phycicoccus	367298	G	7447	2302	9749	0.00070
Janibacter	53457	G	7033	2229	9262	0.00066
Pedococcus	2805645	G	3876	1246	5122	0.00037
Intrasporangium	53357	G	3606	998	4604	0.00033
Tetrasphaera	99479	G	2791	791	3582	0.00026
Arsenicicoccus	267408	G	2144	875	3019	0.00022
Cellulosimicrobium	157920	G	14900	6949	21849	0.00157
Xylanimonas	186188	G	5848	1981	7829	0.00056
Isoptericola	254250	G	4761	2262	7023	0.00050
Ornithinimicrobium	125287	G	9648	2142	11790	0.00085
Serinicoccus	265976	G	6788	1958	8746	0.00063
Brevibacterium	1696	G	11676	2480	14156	0.00102
Brachybacterium	43668	G	10451	1768	12219	0.00088
Dermabacter	36739	G	926	557	1483	0.00011
Devriesea	472568	G	209	11	220	0.00002
Georgenia	154116	G	9340	2863	12203	0.00088
Dermacoccus	57495	G	2860	1043	3903	0.00028
Luteipulveratus	745364	G	2005	296	2301	0.00017
Allobranchiibius	2040262	G	1664	387	2051	0.00015
Yimella	908935	G	1070	225	1295	0.00009
Ruania	626119	G	7246	905	8151	0.00058
Pengzhenrongella	2888818	G	2977	871	3848	0.00028
Luteimicrobium	754249	G	2224	725	2949	0.00021
Beutenbergia	84756	G	3083	539	3622	0.00026
Miniimonas	947525	G	2015	1113	3128	0.00022
Sanguibacter	60919	G	3441	1091	4532	0.00033
Gephyromycinifex	2885697	G	864	104	968	0.00007
Austwickia	1184606	G	703	56	759	0.00005
Dermatophilus	1862	G	219	20	239	0.00002
Kytococcus	57499	G	1412	538	1950	0.00014
Demequina	577469	G	734	60	794	0.00006
Jonesia	43673	G	187	34	221	0.00002
Tropheryma	2038	G	49	0	49	0.00000
Mycolicibacterium	1866885	G	116765	19947	136712	0.00981
Mycobacterium	1763	G	90370	24332	114702	0.00823
Mycolicibacter	1073531	G	6874	2867	9741	0.00070
Mycobacteroides	670516	G	4933	1327	6260	0.00045
Mycolicibacillus	2126281	G	1139	299	1438	0.00010
Hoyosella	697025	G	605	31	636	0.00005
Rhodococcus	1827	G	161291	37227	198518	0.01424
Nocardia	1817	G	50685	8246	58931	0.00423
Corynebacterium	1716	G	31540	7208	38748	0.00278
Gordonia	2053	G	25480	5103	30583	0.00219
Skermania	59613	G	1276	137	1413	0.00010
Tsukamurella	2060	G	7708	1854	9562	0.00069
Dietzia	37914	G	4974	1094	6068	0.00044
Tomitella	741759	G	2816	555	3371	0.00024
Segniliparus	286801	G	661	35	696	0.00005
Lawsonella	1847725	G	125	13	138	0.00001
Micromonospora	1873	G	168730	45345	214075	0.01535
Actinoplanes	1865	G	164434	28460	192894	0.01383
Plantactinospora	673534	G	20580	3914	24494	0.00176
Phytohabitans	907364	G	20248	2747	22995	0.00165
Couchioplanes	56433	G	19629	5120	24749	0.00178
Catellatospora	53365	G	15175	3471	18646	0.00134
Dactylosporangium	35753	G	14817	1717	16534	0.00119
Actinocatenispora	390988	G	9093	1161	10254	0.00074
Polymorphospora	338583	G	7222	1636	8858	0.00064
Natronosporangium	2920401	G	3634	256	3890	0.00028
Verrucosispora	84593	G	2897	2235	5132	0.00037
Salinispora	168694	G	2137	362	2499	0.00018
Nocardioides	1839	G	270863	61361	332224	0.02383
Aeromicrobium	2040	G	17312	3611	20923	0.00150
Marmoricola	86795	G	5014	2030	7044	0.00051
Friedmanniella	53387	G	4228	912	5140	0.00037
Pimelobacter	2044	G	3897	1553	5450	0.00039
Mumia	1546255	G	2881	540	3421	0.00025
Micropruina	116071	G	1654	257	1911	0.00014
Microlunatus	29404	G	14173	1708	15881	0.00114
Tessaracoccus	72763	G	9553	2062	11615	0.00083
Brevilactibacter	2717325	G	3860	1652	5512	0.00040
Acidipropionibacterium	1912215	G	3019	1243	4262	0.00031
Propionibacterium	1743	G	3001	1304	4305	0.00031
Auraticoccus	1278221	G	2437	473	2910	0.00021
Cutibacterium	1912216	G	1619	398	2017	0.00014
Arachnia	2801844	G	1481	114	1595	0.00011
Raineyella	1911549	G	1410	198	1608	0.00012
Vaginimicrobium	2919589	G	76	29	105	0.00001
Kribbella	182639	G	8955	1450	10405	0.00075
Actinopolymorpha	117156	G	3318	397	3715	0.00027
Pseudonocardia	1847	G	86310	16749	103059	0.00739
Amycolatopsis	1813	G	84563	16699	101262	0.00726
Lentzea	165301	G	18322	4148	22470	0.00161
Saccharothrix	2071	G	16130	4888	21018	0.00151
Saccharopolyspora	1835	G	14607	3107	17714	0.00127
Saccharomonospora	1851	G	12350	2256	14606	0.00105
Kutzneria	43356	G	8783	1961	10744	0.00077
Actinoalloteichus	65496	G	5721	560	6281	0.00045
Actinosynnema	40566	G	5481	1693	7174	0.00051
Kibdelosporangium	2029	G	4058	527	4585	0.00033
Allokutzneria	1137960	G	4006	1030	5036	0.00036
Alloactinosynnema	674734	G	3318	790	4108	0.00029
Prauserella	142577	G	1975	192	2167	0.00016
Allosaccharopolyspora	2893576	G	1541	358	1899	0.00014
Nonomuraea	83681	G	41793	7551	49344	0.00354
Streptosporangium	2000	G	16137	3290	19427	0.00139
Thermobispora	147067	G	3567	880	4447	0.00032
Actinomadura	1988	G	38242	7752	45994	0.00330
Thermomonospora	2019	G	6189	1952	8141	0.00058
Nocardiopsis	2013	G	9876	1894	11770	0.00084
Thermobifida	83677	G	6426	1273	7699	0.00055
Streptomonospora	104204	G	2134	441	2575	0.00018
Spiractinospora	2913367	G	1568	110	1678	0.00012
Blastococcus	38501	G	46977	14577	61554	0.00441
Modestobacter	88138	G	23227	7504	30731	0.00220
Geodermatophilus	1860	G	22889	7956	30845	0.00221
Actinomyces	1654	G	12931	1802	14733	0.00106
Schaalia	2529408	G	1941	347	2288	0.00016
Flaviflexus	1522056	G	1156	273	1429	0.00010
Trueperella	1069494	G	999	303	1302	0.00009
Nanchangia	2888879	G	527	58	585	0.00004
Pauljensenia	2740557	G	445	164	609	0.00004
Actinobaculum	76833	G	214	12	226	0.00002
Actinotignum	1653174	G	192	12	204	0.00001
Arcanobacterium	28263	G	154	37	191	0.00001
Changpingibacter	2912996	G	128	38	166	0.00001
Mobiluncus	2050	G	110	31	141	0.00001
Boudabousia	2767318	G	51	4	55	0.00000
Varibaculum	184869	G	47	14	61	0.00000
Fannyhessea	2767327	G	30	8	38	0.00000
Frankia	1854	G	16941	1691	18632	0.00134
Jiangella	281472	G	14108	2651	16759	0.00120
Nakamurella	53460	G	10317	1576	11893	0.00085
Bifidobacterium	1678	G	7900	1758	9658	0.00069
Parascardovia	196082	G	163	26	189	0.00001
Gardnerella	2701	G	50	18	68	0.00000
Scardovia	196081	G	28	9	37	0.00000
Catenulispora	414878	G	3961	604	4565	0.00033
Jatrophihabitans	1434010	G	3138	284	3422	0.00025
Stackebrandtia	283810	G	2495	242	2737	0.00020
Natronoglycomyces	2838311	G	419	15	434	0.00003
Kineococcus	33981	G	2424	698	3122	0.00022
Epidermidibacterium	2078948	G	1608	829	2437	0.00017
Actinopolyspora	1849	G	1319	140	1459	0.00010
Acidothermus	28048	G	871	43	914	0.00007
Candidatus Planktophila	622681	G	211	24	235	0.00002
Candidatus Nanopelagicus	2039639	G	41	11	52	0.00000
Conexibacter	191494	G	51904	7110	59014	0.00423
Miltoncostaea	2843200	G	15419	1862	17281	0.00124
Aquihabitans	1648491	G	19921	3229	23150	0.00166
Iamia	467975	G	11959	1847	13806	0.00099
Actinomarinicola	2789775	G	9773	1857	11630	0.00083
Ilumatobacter	682522	G	5701	328	6029	0.00043
Acidimicrobium	53634	G	1044	75	1119	0.00008
Rubrobacter	42255	G	16414	618	17032	0.00122
Baekduia	2600304	G	14431	2328	16759	0.00120
Eggerthella	84111	G	1839	591	2430	0.00017
Gordonibacter	644652	G	935	413	1348	0.00010
Arabiibacter	2005386	G	794	159	953	0.00007
Adlercreutzia	447020	G	778	177	955	0.00007
Raoultibacter	1926677	G	452	36	488	0.00004
Berryella	2815775	G	391	422	813	0.00006
Slackia	84108	G	339	10	349	0.00003
Denitrobacterium	79603	G	219	89	308	0.00002
Phoenicibacter	1981050	G	51	21	72	0.00001
Cryptobacterium	84162	G	33	3	36	0.00000
Olsenella	133925	G	1430	251	1681	0.00012
Parolsenella	2082587	G	792	272	1064	0.00008
Parafannyhessea	2847312	G	526	295	821	0.00006
Thermophilibacter	2847307	G	468	169	637	0.00005
Atopobium	1380	G	157	16	173	0.00001
Lancefieldella	2767353	G	40	3	43	0.00000
Collinsella	102106	G	1161	333	1494	0.00011
Coriobacterium	33870	G	305	10	315	0.00002
Egicoccus	1755825	G	2748	403	3151	0.00023
Egibacter	1747770	G	2672	150	2822	0.00020
Euzebya	908623	G	2556	201	2757	0.00020
Bacillus	1386	G	34669	63013	97682	0.00701
Priestia	2800373	G	13855	12722	26577	0.00191
Peribacillus	2675229	G	11177	5189	16366	0.00117
Cytobacillus	2675230	G	2850	933	3783	0.00027
Oceanobacillus	182709	G	2703	203	2906	0.00021
Geobacillus	129337	G	1734	416	2150	0.00015
Lysinibacillus	400634	G	1488	420	1908	0.00014
Metabacillus	2675233	G	1449	474	1923	0.00014
Hydrogenibacillus	1609627	G	985	102	1087	0.00008
Anoxybacillus	150247	G	971	215	1186	0.00009
Neobacillus	2675232	G	680	249	929	0.00007
Terribacillus	459532	G	679	95	774	0.00006
Sutcliffiella	2837511	G	651	199	850	0.00006
Alkalihalophilus	2893060	G	641	104	745	0.00005
Alkalihalobacillus	2675234	G	599	108	707	0.00005
Mesobacillus	2675231	G	559	149	708	0.00005
Virgibacillus	84406	G	550	62	612	0.00004
Niallia	2837506	G	425	103	528	0.00004
Parageobacillus	1906945	G	413	96	509	0.00004
Rossellomorea	2837508	G	402	144	546	0.00004
Psychrobacillus	1221880	G	399	158	557	0.00004
Weizmannia	2817139	G	301	115	416	0.00003
Heyndrickxia	2837504	G	252	76	328	0.00002
Halobacillus	45667	G	237	27	264	0.00002
Salicibibacter	2685905	G	213	10	223	0.00002
Salisediminibacterium	1434042	G	184	22	206	0.00001
Caldibacillus	1276290	G	153	48	201	0.00001
Gracilibacillus	74385	G	149	14	163	0.00001
Lentibacillus	175304	G	145	9	154	0.00001
Gottfriedia	2837503	G	124	34	158	0.00001
Fictibacillus	1329200	G	114	15	129	0.00001
Lederbergia	2804231	G	112	26	138	0.00001
Aeribacillus	1055323	G	105	43	148	0.00001
Pontibacillus	289201	G	101	11	112	0.00001
Caldalkalibacillus	379065	G	97	16	113	0.00001
Radiobacillus	2785518	G	96	15	111	0.00001
Anaerobacillus	704093	G	92	19	111	0.00001
Pradoshia	2651279	G	79	22	101	0.00001
Halalkalibacterium	2893055	G	71	46	117	0.00001
Amphibacillus	29331	G	62	10	72	0.00001
Sediminibacillus	482460	G	60	9	69	0.00000
Salimicrobium	351195	G	59	8	67	0.00000
Evansella	2837485	G	53	7	60	0.00000
Paraliobacillus	200903	G	41	6	47	0.00000
Mangrovibacillus	2920444	G	31	15	46	0.00000
Paenibacillus	44249	G	26616	2406	29022	0.00208
Brevibacillus	55080	G	2510	392	2902	0.00021
Cohnella	329857	G	1850	269	2119	0.00015
Thermobacillus	76632	G	1158	152	1310	0.00009
Saccharibacillus	456492	G	773	81	854	0.00006
Aneurinibacillus	55079	G	199	34	233	0.00002
Planococcus	1372	G	1947	509	2456	0.00018
Solibacillus	648800	G	1627	553	2180	0.00016
Sporosarcina	1569	G	619	119	738	0.00005
Ureibacillus	160795	G	205	134	339	0.00002
Paenisporosarcina	651660	G	91	31	122	0.00001
Viridibacillus	496496	G	56	17	73	0.00001
Rummeliibacillus	648802	G	56	23	79	0.00001
Kurthia	1649	G	52	19	71	0.00001
Jeotgalibacillus	157226	G	51	15	66	0.00000
Novibacillus	1677050	G	2564	301	2865	0.00021
Kroppenstedtia	1274351	G	515	37	552	0.00004
Thermoactinomyces	2023	G	470	78	548	0.00004
Staphylospora	2689589	G	318	42	360	0.00003
Polycladomyces	1348505	G	182	13	195	0.00001
Laceyella	292635	G	123	23	146	0.00001
Alicyclobacillus	29330	G	1680	105	1785	0.00013
Tumebacillus	432330	G	1481	410	1891	0.00014
Kyrpidia	1129704	G	439	19	458	0.00003
Effusibacillus	1502725	G	125	14	139	0.00001
Exiguobacterium	33986	G	1292	331	1623	0.00012
Gemella	1378	G	53	13	66	0.00000
Staphylococcus	1279	G	834	1293	2127	0.00015
Macrococcus	69965	G	122	39	161	0.00001
Jeotgalicoccus	227979	G	116	13	129	0.00001
Mammaliicoccus	2803850	G	65	33	98	0.00001
Salinicoccus	45669	G	57	16	73	0.00001
Nosocomiicoccus	489909	G	25	3	28	0.00000
Listeria	1637	G	283	106	389	0.00003
Brochothrix	2755	G	30	9	39	0.00000
Sporolactobacillus	2077	G	96	12	108	0.00001
Limosilactobacillus	2742598	G	339	266	605	0.00004
Lactobacillus	1578	G	297	231	528	0.00004
Levilactobacillus	2767886	G	280	71	351	0.00003
Lacticaseibacillus	2759736	G	211	208	419	0.00003
Lactiplantibacillus	2767842	G	131	46	177	0.00001
Weissella	46255	G	123	22	145	0.00001
Ligilactobacillus	2767887	G	122	62	184	0.00001
Schleiferilactobacillus	2767891	G	115	11	126	0.00001
Lentilactobacillus	2767893	G	107	27	134	0.00001
Leuconostoc	1243	G	100	15	115	0.00001
Latilactobacillus	2767885	G	62	18	80	0.00001
Oenococcus	46254	G	57	2	59	0.00000
Companilactobacillus	2767879	G	57	6	63	0.00000
Loigolactobacillus	2767889	G	53	27	80	0.00001
Pediococcus	1253	G	49	18	67	0.00000
Secundilactobacillus	2767892	G	34	11	45	0.00000
Furfurilactobacillus	2767882	G	29	4	33	0.00000
Liquorilactobacillus	2767888	G	24	10	34	0.00000
Fructilactobacillus	2767881	G	23	5	28	0.00000
Periweissella	2930384	G	19	2	21	0.00000
Paucilactobacillus	2767890	G	18	7	25	0.00000
Acetilactobacillus	2767874	G	17	0	17	0.00000
Apilactobacillus	2767877	G	12	1	13	0.00000
Lapidilactobacillus	2767884	G	11	2	13	0.00000
Streptococcus	1301	G	767	1020	1787	0.00013
Lactococcus	1357	G	125	43	168	0.00001
Enterococcus	1350	G	356	453	809	0.00006
Vagococcus	2737	G	103	58	161	0.00001
Tetragenococcus	51668	G	60	12	72	0.00001
Jeotgalibaca	1470540	G	181	113	294	0.00002
Carnobacterium	2747	G	96	24	120	0.00001
Dolosigranulum	29393	G	30	7	37	0.00000
Marinilactibacillus	191769	G	19	5	24	0.00000
Granulicatella	117563	G	10	9	19	0.00000
Aerococcus	1375	G	118	33	151	0.00001
Suicoccus	2689587	G	17	11	28	0.00000
Abiotrophia	46123	G	16	5	21	0.00000
Faecalibacterium	216851	G	1181	584	1765	0.00013
Acetivibrio	35829	G	1060	514	1574	0.00011
Dysosmobacter	2591381	G	703	235	938	0.00007
Flavonifractor	946234	G	538	107	645	0.00005
Ethanoligenens	253238	G	343	122	465	0.00003
Vescimonas	2892396	G	338	287	625	0.00004
Ruthenibacterium	1905344	G	264	55	319	0.00002
Caproiciproducens	1738645	G	243	25	268	0.00002
Anaerotruncus	244127	G	224	93	317	0.00002
Oscillibacter	459786	G	220	58	278	0.00002
Caproicibacter	2576755	G	166	7	173	0.00001
Acutalibacter	1918385	G	164	6	170	0.00001
Ruminococcus	1263	G	142	6	148	0.00001
Pusillibacter	2892397	G	141	72	213	0.00002
Caproicibacterium	2834348	G	122	7	129	0.00001
Solibaculum	2842531	G	110	82	192	0.00001
Pseudoclostridium	2304693	G	84	15	99	0.00001
Thermoclostridium	2304691	G	69	64	133	0.00001
Ruminiclostridium	1508657	G	68	11	79	0.00001
Mageeibacillus	1637257	G	32	36	68	0.00000
Monoglobus	2039302	G	22	8	30	0.00000
Fastidiosipila	236752	G	21	7	28	0.00000
Thermaerobacter	73918	G	3872	240	4112	0.00029
Intestinimonas	1392389	G	272	84	356	0.00003
Aminipila	2060094	G	118	11	129	0.00001
Emergencia	1926556	G	74	22	96	0.00001
Mogibacterium	86331	G	28	4	32	0.00000
Flintibacter	1918454	G	198	18	216	0.00002
Massilistercora	2717089	G	109	90	199	0.00001
Carboxydocella	178898	G	70	5	75	0.00001
Fenollaria	1686313	G	16	7	23	0.00000
Clostridium	1485	G	2664	464	3128	0.00022
Paraclostridium	1849822	G	160	38	198	0.00001
Hungatella	1649459	G	117	3	120	0.00001
Alkaliphilus	114627	G	108	13	121	0.00001
Crassaminicella	1848399	G	74	12	86	0.00001
Geosporobacter	390805	G	34	4	38	0.00000
Hathewaya	1769729	G	27	6	33	0.00000
Caloramator	44258	G	24	1	25	0.00000
Sarcina	1266	G	22	7	29	0.00000
Candidatus Arthromitus	49082	G	21	0	21	0.00000
Serpentinicella	1890059	G	19	2	21	0.00000
Herbinix	1663717	G	513	277	790	0.00006
Blautia	572511	G	310	116	426	0.00003
Lachnoclostridium	1506553	G	304	407	711	0.00005
Roseburia	841	G	147	101	248	0.00002
Enterocloster	2719313	G	125	73	198	0.00001
Lacrimispora	2719231	G	92	5	97	0.00001
Coprococcus	33042	G	84	51	135	0.00001
Anaerostipes	207244	G	78	18	96	0.00001
Anaerocolumna	1843210	G	77	2	79	0.00001
Butyrivibrio	830	G	72	8	80	0.00001
Cellulosilyticum	698776	G	61	3	64	0.00000
Mediterraneibacter	2316020	G	47	29	76	0.00001
Anaerotignum	2039240	G	42	3	45	0.00000
Sellimonas	1769710	G	40	17	57	0.00000
Anaerobutyricum	2569097	G	32	9	41	0.00000
Lachnospira	28050	G	31	4	35	0.00000
Novisyntrophococcus	2888809	G	28	3	31	0.00000
Faecalicatena	2005359	G	21	8	29	0.00000
Pseudobutyrivibrio	46205	G	18	0	18	0.00000
Tyzzerella	1506577	G	15	1	16	0.00000
Lachnoanaerobaculum	1164882	G	12	2	14	0.00000
Dorea	189330	G	11	9	20	0.00000
Romboutsia	1501226	G	1759	479	2238	0.00016
Paeniclostridium	1849828	G	220	38	258	0.00002
Clostridioides	1870884	G	180	3488	3668	0.00026
Terrisporobacter	1505652	G	88	10	98	0.00001
Peptoclostridium	1481960	G	45	5	50	0.00000
Peptacetobacter	2743582	G	38	7	45	0.00000
Tepidibacter	214904	G	33	5	38	0.00000
Acetoanaerobium	186831	G	17	1	18	0.00000
Filifactor	44259	G	16	15	31	0.00000
Symbiobacterium	2733	G	1810	132	1942	0.00014
Candidatus Desulforudis	471826	G	416	18	434	0.00003
Desulforamulus	2916693	G	236	47	283	0.00002
Acididesulfobacillus	2924872	G	148	4	152	0.00001
Candidatus Formimonas	2840454	G	137	8	145	0.00001
Thermanaerosceptrum	2651578	G	66	7	73	0.00001
Dehalobacterium	51514	G	59	9	68	0.00000
Desulfofarcimen	2282742	G	52	5	57	0.00000
Desulfitobacterium	36853	G	210	45	255	0.00002
Desulfosporosinus	79206	G	200	19	219	0.00002
Dehalobacter	56112	G	92	12	104	0.00001
Syntrophobotulus	51196	G	51	2	53	0.00000
Christensenella	990721	G	572	208	780	0.00006
Eubacterium	1730	G	306	58	364	0.00003
Acetobacterium	33951	G	153	17	170	0.00001
Alkalibacter	274470	G	57	3	60	0.00000
Heliomicrobium	2831443	G	449	155	604	0.00004
Heliorestis	79598	G	22	1	23	0.00000
Syntrophothermus	129001	G	70	5	75	0.00001
Syntrophomonas	862	G	49	9	58	0.00000
Candidatus Contubernalis	338648	G	43	1	44	0.00000
Candidatus Syntrophocurvum	2293313	G	15	3	18	0.00000
Desulfoscipio	2867376	G	129	8	137	0.00001
Vallitalea	1348611	G	42	1	43	0.00000
Petrocella	2603323	G	22	2	24	0.00000
Thermincola	278993	G	60	4	64	0.00000
Desulfotomaculum	1562	G	58	19	77	0.00001
Caloranaerobacter	171003	G	42	4	46	0.00000
Alkalicella	2838170	G	18	1	19	0.00000
Moorella	44260	G	682	19	701	0.00005
Ammonifex	42837	G	247	7	254	0.00002
Gelria	189326	G	559	34	593	0.00004
Thermacetogenium	140458	G	218	148	366	0.00003
Carboxydothermus	129957	G	89	6	95	0.00001
Thermanaeromonas	202949	G	86	2	88	0.00001
Thermoanaerobacter	1754	G	82	22	104	0.00001
Caldanaerobacter	249529	G	25	20	45	0.00000
Caldicellulosiruptor	44000	G	110	15	125	0.00001
Thermoanaerobacterium	28895	G	88	17	105	0.00001
Mahella	252965	G	64	26	90	0.00001
Zhaonella	2748674	G	61	7	68	0.00000
Thermodesulfobium	227388	G	37	0	37	0.00000
Iocasia	2899804	G	94	8	102	0.00001
Halothermothrix	32636	G	64	9	73	0.00001
Halanaerobium	2330	G	43	4	47	0.00000
Anoxybacter	1769008	G	99	16	115	0.00001
Halobacteroides	42417	G	33	5	38	0.00000
Acetohalobium	28186	G	20	2	22	0.00000
Biomaibacter	2770094	G	82	5	87	0.00001
Tepidanaerobacter	499228	G	40	1	41	0.00000
Thermosediminibacter	291988	G	117	13	130	0.00001
Natranaerofaba	2807497	G	64	4	68	0.00000
Natranaerobius	375928	G	25	9	34	0.00000
Koleobacter	2786989	G	53	3	56	0.00000
Selenomonas	970	G	1963	92	2055	0.00015
Megamonas	158846	G	31	3	34	0.00000
Pectinatus	864	G	22	1	23	0.00000
Pelosinus	365348	G	121	10	131	0.00001
Sporomusa	2375	G	116	13	129	0.00001
Methylomusa	2093783	G	98	5	103	0.00001
Megasphaera	906	G	594	181	775	0.00006
Dialister	39948	G	91	1	92	0.00001
Veillonella	29465	G	69	9	78	0.00001
Acidaminococcus	904	G	206	24	230	0.00002
Phascolarctobacterium	33024	G	140	41	181	0.00001
Turicibacter	191303	G	2332	1261	3593	0.00026
Allobaculum	174708	G	134	14	148	0.00001
Faecalibaculum	1729679	G	110	18	128	0.00001
Erysipelothrix	1647	G	60	9	69	0.00000
Erysipelatoclostridium	1505663	G	54	27	81	0.00001
Bulleidia	118747	G	29	8	37	0.00000
Intestinibaculum	2679910	G	18	6	24	0.00000
Faecalibacillus	2678885	G	10	16	26	0.00000
Limnochorda	1676651	G	1487	51	1538	0.00011
Schnuerera	2794837	G	298	24	322	0.00002
Keratinibaculum	1354809	G	80	20	100	0.00001
Tissierella	41273	G	50	6	56	0.00000
Gudongella	2692382	G	34	4	38	0.00000
Peptoniphilus	162289	G	140	38	178	0.00001
Murdochiella	1161127	G	50	28	78	0.00001
Anaerococcus	165779	G	38	24	62	0.00000
Helcococcus	31983	G	20	5	25	0.00000
Parvimonas	543311	G	15	19	34	0.00000
Finegoldia	150022	G	14	9	23	0.00000
Miniphocaeibacter	2126548	G	12	0	12	0.00000
Gottschalkia	1505664	G	59	4	63	0.00000
Ezakiella	1582879	G	140	213	353	0.00003
Sedimentibacter	190972	G	22	2	24	0.00000
Ndongobacter	1930845	G	51	38	89	0.00001
Synechococcus	1129	G	8738	862	9600	0.00069
Dactylococcopsis	13034	G	68	29	97	0.00001
Cyanobium	167375	G	1682	366	2048	0.00015
Prochlorococcus	1218	G	131	7	138	0.00001
Parasynechococcus	2881427	G	129	36	165	0.00001
Chamaesiphon	217161	G	157	9	166	0.00001
Acaryochloris	155977	G	142	5	147	0.00001
Synechocystis	1142	G	130	9	139	0.00001
Nostoc	1177	G	1629	264	1893	0.00014
Anabaena	1163	G	155	540	695	0.00005
Cylindrospermum	56106	G	62	6	68	0.00000
Trichormus	264688	G	40	4	44	0.00000
Richelia	98443	G	29	3	32	0.00000
Calothrix	1186	G	995	95	1090	0.00008
Sphaerospermopsis	752201	G	150	25	175	0.00001
Nodularia	159191	G	121	20	141	0.00001
Dolichospermum	748770	G	89	260	349	0.00003
Anabaenopsis	110103	G	69	31	100	0.00001
Cylindrospermopsis	77021	G	21	2	23	0.00000
Scytonema	1203	G	218	31	249	0.00002
Brasilonema	383614	G	75	9	84	0.00001
Fischerella	1190	G	162	22	184	0.00001
Tolypothrix	111782	G	131	29	160	0.00001
Rivularia	373984	G	49	3	52	0.00000
Leptolyngbya	47251	G	2159	132	2291	0.00016
Kovacikia	1874526	G	268	28	296	0.00002
Leptothermofonsia	2917830	G	171	17	188	0.00001
Leptodesmis	2664261	G	151	17	168	0.00001
Thermoleptolyngbya	2303528	G	404	30	434	0.00003
Halomicronema	170610	G	231	10	241	0.00002
Thermosynechococcus	146785	G	228	23	251	0.00002
Pseudanabaena	1152	G	129	6	135	0.00001
Moorena	1155738	G	384	10	394	0.00003
Oscillatoria	1158	G	357	79	436	0.00003
Microcoleus	44471	G	367	73	440	0.00003
Oxynema	1492710	G	205	18	223	0.00002
Planktothrix	54304	G	47	4	51	0.00000
Geitlerinema	63132	G	495	79	574	0.00004
Allocoleopsis	2886347	G	118	13	131	0.00001
Koinonema	2023214	G	181	10	191	0.00001
Crinalium	241421	G	55	7	62	0.00000
Limnospira	2596745	G	48	2	50	0.00000
Microcystis	1125	G	331	90	421	0.00003
Halothece	76023	G	53	19	72	0.00001
Euhalothece	65097	G	17	2	19	0.00000
Gloeothece	28070	G	69	4	73	0.00001
Rippkaea	2546365	G	47	6	53	0.00000
Crocosphaera	263510	G	45	5	50	0.00000
Geminocystis	669357	G	91	7	98	0.00001
Gloeocapsa	102231	G	68	7	75	0.00001
Chondrocystis	268175	G	41	7	48	0.00000
Cyanobacterium	102234	G	36	6	42	0.00000
Gloeobacter	33071	G	2692	60	2752	0.00020
Anthocerotibacter	2857076	G	211	5	216	0.00002
Chroococcidiopsis	54298	G	350	61	411	0.00003
Pleurocapsa	44474	G	100	12	112	0.00001
Stanieria	102115	G	53	5	58	0.00000
Gloeomargarita	1188227	G	104	4	108	0.00001
Thermostichus	2881385	G	45	25	70	0.00001
Deinococcus	1298	G	17404	803	18207	0.00131
Thermus	270	G	2757	230	2987	0.00021
Oceanithermus	208447	G	1499	152	1651	0.00012
Meiothermus	65551	G	1457	90	1547	0.00011
Marinithermus	186191	G	877	157	1034	0.00007
Truepera	332248	G	1240	66	1306	0.00009
Sphaerobacter	2056	G	3534	211	3745	0.00027
Thermomicrobium	499	G	900	19	919	0.00007
Roseiflexus	120961	G	2583	140	2723	0.00020
Chloroflexus	1107	G	943	37	980	0.00007
Tepidiforma	2682228	G	2838	108	2946	0.00021
Candidatus Promineofilum	1988031	G	2779	50	2829	0.00020
Caldilinea	233191	G	1451	94	1545	0.00011
Anaerolinea	233189	G	506	53	559	0.00004
Pelolinea	1649478	G	465	22	487	0.00003
Brevefilum	2019482	G	194	7	201	0.00001
Dehalogenimonas	670486	G	543	22	565	0.00004
Dehalococcoides	61434	G	260	9	269	0.00002
Phototrophicus	2922426	G	605	6	611	0.00004
Ktedonosporobacter	2692417	G	468	14	482	0.00003
Thermobaculum	262406	G	359	46	405	0.00003
Fimbriimonas	1005038	G	1292	6	1298	0.00009
Chthonomonas	1077265	G	227	1	228	0.00002
Mycoplasma	2093	G	126	42	168	0.00001
Mycoplasmopsis	2767358	G	61	16	77	0.00001
Mesomycoplasma	2923352	G	26	2	28	0.00000
Ureaplasma	2129	G	15	0	15	0.00000
Candidatus Hepatoplasma	295595	G	11	0	11	0.00000
Candidatus Phytoplasma	33926	G	39	2	41	0.00000
Alteracholeplasma	2903105	G	36	5	41	0.00000
Paracholeplasma	2903107	G	17	6	23	0.00000
Haploplasma	2903106	G	15	5	20	0.00000
Acholeplasma	2147	G	14	1	15	0.00000
Mariniplasma	2903100	G	12	1	13	0.00000
Spiroplasma	2132	G	85	6	91	0.00001
Mesoplasma	46239	G	18	5	23	0.00000
Metamycoplasma	2895509	G	25	14	39	0.00000
Malacoplasma	2791001	G	11	0	11	0.00000
Candidatus Izimaplasma	1912503	G	13	0	13	0.00000
Gemmata	113	G	54561	5825	60386	0.00433
Urbifossiella	2807415	G	45836	3941	49777	0.00357
Frigoriglobus	2774146	G	28807	4385	33192	0.00238
Limnoglobus	2731450	G	19967	928	20895	0.00150
Tuwongella	2051044	G	1978	87	2065	0.00015
Telmatocola	1382832	G	1721	17	1738	0.00012
Lacipirellula	2691417	G	35317	2709	38026	0.00273
Botrimarina	2795782	G	8561	885	9446	0.00068
Pirellulimonas	2795783	G	8455	1016	9471	0.00068
Aeoliella	2795781	G	3447	321	3768	0.00027
Adhaeretor	2862451	G	1900	209	2109	0.00015
Bythopirellula	1400386	G	1874	153	2027	0.00015
Anatilimnocola	2807414	G	7779	1006	8785	0.00063
Lignipirellula	2795775	G	6088	819	6907	0.00050
Stieleria	2795973	G	5332	667	5999	0.00043
Rosistilla	2795779	G	5065	428	5493	0.00039
Pirellula	123	G	4500	171	4671	0.00034
Bremerella	2714594	G	4118	351	4469	0.00032
Roseimaritima	1579506	G	3013	225	3238	0.00023
Rubripirellula	1579505	G	1330	297	1627	0.00012
Mariniblastus	2005380	G	1019	22	1041	0.00007
Aureliella	2795605	G	903	82	985	0.00007
Rhodopirellula	265488	G	889	70	959	0.00007
Thermogutta	1676125	G	882	30	912	0.00007
Tautonia	2680020	G	26023	2361	28384	0.00204
Aquisphaera	1511635	G	17226	3130	20356	0.00146
Paludisphaera	1763521	G	12292	2952	15244	0.00109
Singulisphaera	466152	G	11299	1815	13114	0.00094
Isosphaera	127	G	1953	152	2105	0.00015
Planctomyces	118	G	21499	5229	26728	0.00192
Caulifigura	2795778	G	12417	892	13309	0.00095
Gimesia	1649453	G	7741	464	8205	0.00059
Maioricimonas	2795777	G	6137	862	6999	0.00050
Alienimonas	2714737	G	4403	352	4755	0.00034
Symmachiella	2795780	G	2659	175	2834	0.00020
Rubinisphaera	1649490	G	1492	163	1655	0.00012
Fuerstiella	1936111	G	1461	29	1490	0.00011
Planctopirus	1649480	G	1380	57	1437	0.00010
Calycomorphotria	2795776	G	1301	54	1355	0.00010
Crateriforma	2714592	G	1214	282	1496	0.00011
Polystyrenella	2795774	G	563	55	618	0.00004
Thalassoglobus	2795865	G	450	26	476	0.00003
Humisphaera	2807511	G	8000	198	8198	0.00059
Phycisphaera	666508	G	2643	220	2863	0.00021
Mucisphaera	2913022	G	1426	90	1516	0.00011
Poriferisphaera	2803301	G	189	1	190	0.00001
Anaerohalosphaera	2690159	G	299	11	310	0.00002
Sedimentisphaera	2483368	G	135	61	196	0.00001
Limihaloglobus	2690160	G	111	9	120	0.00001
Candidatus Kuenenia	380738	G	119	0	119	0.00001
Candidatus Uabimicrobium	2897349	G	93	1	94	0.00001
Opitutus	178440	G	10457	974	11431	0.00082
Lacunisphaera	1961799	G	5102	768	5870	0.00042
Oleiharenicola	2100741	G	2358	131	2489	0.00018
Nibricoccus	2576890	G	2342	110	2452	0.00018
Ereboglobus	2028344	G	1475	75	1550	0.00011
Ruficoccus	2175957	G	749	101	850	0.00006
Coraliomargarita	442430	G	173	5	178	0.00001
Roseimicrobium	1348508	G	11174	318	11492	0.00082
Luteolibacter	518753	G	5120	163	5283	0.00038
Verrucomicrobium	2735	G	4400	307	4707	0.00034
Sulfuriroseicoccus	2911469	G	513	44	557	0.00004
Akkermansia	239934	G	1232	86	1318	0.00009
Methylacidimicrobium	1541670	G	992	90	1082	0.00008
Candidatus Xiphinematobacter	134550	G	131	9	140	0.00001
Methylacidiphilum	511745	G	118	4	122	0.00001
Kiritimatiella	1921784	G	741	955	1696	0.00012
Tichowtungia	2907187	G	353	12	365	0.00003
Candidatus Protochlamydia	282132	G	82	20	102	0.00001
Neochlamydia	112987	G	40	7	47	0.00000
Parachlamydia	83551	G	38	11	49	0.00000
Waddlia	71666	G	44	5	49	0.00000
Candidatus Rhabdochlamydia	292833	G	39	2	41	0.00000
Simkania	34093	G	26	2	28	0.00000
Chlamydia	810	G	102	25	127	0.00001
Candidatus Velamenicoccus	2789201	G	242	0	242	0.00002
Chryseobacterium	59732	G	166826	12866	179692	0.01289
Kaistella	2782231	G	516	20	536	0.00004
Epilithonimonas	2782229	G	162	33	195	0.00001
Elizabethkingia	308865	G	1033	112	1145	0.00008
Empedobacter	59734	G	174	22	196	0.00001
Cloacibacterium	501783	G	129	12	141	0.00001
Apibacter	1778601	G	112	14	126	0.00001
Cruoricaptor	1433995	G	93	4	97	0.00001
Ornithobacterium	28250	G	83	23	106	0.00001
Riemerella	34084	G	51	41	92	0.00001
Faecalibacter	2766734	G	47	3	50	0.00000
Bergeyella	59735	G	46	2	48	0.00000
Weeksella	1013	G	40	6	46	0.00000
Flavobacterium	237	G	58522	4057	62579	0.00449
Polaribacter	52959	G	1284	136	1420	0.00010
Gramella	292691	G	714	86	800	0.00006
Capnocytophaga	1016	G	696	46	742	0.00005
Winogradskyella	286104	G	636	122	758	0.00005
Muricauda	111500	G	597	100	697	0.00005
Tenacibaculum	104267	G	567	93	660	0.00005
Nonlabens	363408	G	475	54	529	0.00004
Myroides	76831	G	455	98	553	0.00004
Formosa	225842	G	368	60	428	0.00003
Cellulophaga	104264	G	353	49	402	0.00003
Maribacter	252356	G	312	57	369	0.00003
Antarcticibacterium	2058174	G	286	30	316	0.00002
Aquimarina	290174	G	280	14	294	0.00002
Lacinutrix	291183	G	275	62	337	0.00002
Robiginitalea	252306	G	257	9	266	0.00002
Aequorivita	153265	G	249	6	255	0.00002
Kordia	221065	G	223	11	234	0.00002
Salegentibacter	143222	G	220	103	323	0.00002
Lutibacter	358023	G	193	15	208	0.00001
Algibacter	261827	G	187	51	238	0.00002
Dokdonia	326319	G	187	11	198	0.00001
Zunongwangia	417127	G	166	103	269	0.00002
Tamlana	393005	G	143	19	162	0.00001
Sinomicrobium	1434045	G	135	4	139	0.00001
Mesoflavibacter	444051	G	133	23	156	0.00001
Flagellimonas	444459	G	122	7	129	0.00001
Seonamhaeicola	1649495	G	119	16	135	0.00001
Olleya	336276	G	117	109	226	0.00002
Leeuwenhoekiella	283735	G	109	25	134	0.00001
Urechidicola	2700084	G	108	51	159	0.00001
Psychroflexus	83612	G	101	6	107	0.00001
Zhouia	561555	G	88	16	104	0.00001
Mariniflexile	527198	G	86	7	93	0.00001
Muriicola	762641	G	83	90	173	0.00001
Sabulilitoribacter	1573059	G	82	16	98	0.00001
Wenyingzhuangia	1518147	G	81	11	92	0.00001
Bizionia	283785	G	79	13	92	0.00001
Croceibacter	216431	G	76	11	87	0.00001
Changchengzhania	2049301	G	75	8	83	0.00001
Galbibacter	379068	G	74	5	79	0.00001
Marixanthomonas	387658	G	74	19	93	0.00001
Aegicerativicinus	2893197	G	73	3	76	0.00001
Zobellia	112040	G	73	4	77	0.00001
Aggregatimonas	2913017	G	72	3	75	0.00001
Sediminicola	389486	G	72	6	78	0.00001
Siansivirga	1204360	G	70	14	84	0.00001
Gillisia	244698	G	68	20	88	0.00001
Euzebyella	1287916	G	67	32	99	0.00001
Pukyongia	2831916	G	67	3	70	0.00001
Arenibacter	178469	G	67	19	86	0.00001
Flavivirga	1209327	G	65	4	69	0.00000
Costertonia	343334	G	65	12	77	0.00001
Amniculibacterium	2715289	G	64	9	73	0.00001
Constantimarinum	2907134	G	61	4	65	0.00000
Oceanihabitans	2045416	G	60	19	79	0.00001
Gilvibacter	379070	G	58	6	64	0.00000
Psychroserpens	49277	G	31	60	91	0.00001
Blattabacterium	34098	G	285	14	299	0.00002
Fluviicola	332102	G	153	4	157	0.00001
Crocinitomix	246873	G	81	2	83	0.00001
Owenweeksia	267986	G	96	8	104	0.00001
Croceimicrobium	2828338	G	73	9	82	0.00001
Candidatus Sulcia	336809	G	24	3	27	0.00000
Candidatus Walczuchella	1940138	G	16	1	17	0.00000
Ichthyobacterium	1755829	G	20	0	20	0.00000
Hymenobacter	89966	G	18948	715	19663	0.00141
Pontibacter	323449	G	3555	278	3833	0.00027
Rufibacter	1379908	G	1039	212	1251	0.00009
Adhaeribacter	299566	G	629	34	663	0.00005
Nibribacter	1649474	G	265	129	394	0.00003
Dyadobacter	120831	G	11908	622	12530	0.00090
Fibrella	861914	G	1128	68	1196	0.00009
Runella	105	G	823	22	845	0.00006
Larkinella	332157	G	250	13	263	0.00002
Leadbetterella	319458	G	138	25	163	0.00001
Arcticibacterium	2173039	G	84	2	86	0.00001
Chryseolinea	1433993	G	5794	135	5929	0.00043
Fulvivirga	396811	G	738	33	771	0.00006
Spirosoma	107	G	4563	187	4750	0.00034
Rhodocytophaga	455076	G	521	15	536	0.00004
Cytophaga	978	G	184	13	197	0.00001
Aquirufa	2676247	G	160	18	178	0.00001
Echinicola	390846	G	721	93	814	0.00006
Algoriphagus	246875	G	519	55	574	0.00004
Cyclobacterium	68288	G	189	16	205	0.00001
Aquiflexum	280472	G	124	16	140	0.00001
Belliella	232244	G	100	31	131	0.00001
Mongoliitalea	1511649	G	88	8	96	0.00001
Flammeovirga	59739	G	182	9	191	0.00001
Mangrovivirga	2858886	G	138	7	145	0.00001
Candidatus Cardinium	273135	G	59	20	79	0.00001
Candidatus Amoebophilus	281119	G	50	3	53	0.00000
Marivirga	869806	G	106	34	140	0.00001
Bernardetia	1937972	G	77	3	80	0.00001
Pedobacter	84567	G	17930	845	18775	0.00135
Sphingobacterium	28453	G	4477	502	4979	0.00036
Mucilaginibacter	423349	G	4010	127	4137	0.00030
Solitalea	929509	G	408	16	424	0.00003
Olivibacter	376469	G	255	10	265	0.00002
Anseongella	1773450	G	254	5	259	0.00002
Pseudopedobacter	1649482	G	144	42	186	0.00001
Chitinophaga	79328	G	4389	258	4647	0.00033
Niastella	354354	G	2842	338	3180	0.00023
Flavisolibacter	398041	G	1948	185	2133	0.00015
Paraflavitalea	2698688	G	1609	138	1747	0.00013
Flavihumibacter	1004301	G	1340	82	1422	0.00010
Arachidicoccus	1769012	G	1095	88	1183	0.00008
Lacibacter	649461	G	1071	52	1123	0.00008
Niabella	379899	G	1044	84	1128	0.00008
Pseudobacter	1860196	G	1034	100	1134	0.00008
Panacibacter	1874621	G	982	50	1032	0.00007
Ferruginibacter	1004303	G	958	59	1017	0.00007
Pseudocnuella	2812019	G	914	119	1033	0.00007
Filimonas	649460	G	536	70	606	0.00004
Phnomibacter	2836216	G	468	56	524	0.00004
Alistipes	239759	G	3553	578	4131	0.00030
Prevotella	838	G	1775	117	1892	0.00014
Paraprevotella	577309	G	71	24	95	0.00001
Pseudoprevotella	2884814	G	54	3	57	0.00000
Bacteroides	816	G	1552	312	1864	0.00013
Phocaeicola	909656	G	278	74	352	0.00003
Parabacteroides	375288	G	428	121	549	0.00004
Tannerella	195950	G	400	18	418	0.00003
Sodaliphilus	2815786	G	245	41	286	0.00002
Duncaniella	2518495	G	179	13	192	0.00001
Muribaculum	1918540	G	174	18	192	0.00001
Porphyromonas	836	G	514	34	548	0.00004
Proteiniphilum	294702	G	208	6	214	0.00002
Petrimonas	307628	G	150	8	158	0.00001
Dysgonomonas	156973	G	62	0	62	0.00000
Barnesiella	397864	G	137	58	195	0.00001
Coprobacter	1348911	G	29	10	39	0.00000
Butyricimonas	574697	G	87	26	113	0.00001
Odoribacter	283168	G	55	5	60	0.00000
Paludibacter	346096	G	85	1	86	0.00001
Tenuifilum	2760873	G	71	1	72	0.00001
Salinivirga	1970191	G	63	0	63	0.00000
Draconibacterium	1471399	G	203	7	210	0.00002
Maribellus	2678352	G	79	3	82	0.00001
Alkalitalea	1193324	G	99	5	104	0.00001
Labilibaculum	2060722	G	72	3	75	0.00001
Rhodocaloribacter	2893090	G	2967	246	3213	0.00023
Rhodothermus	29548	G	2950	137	3087	0.00022
Salinibacter	146918	G	1744	22	1766	0.00013
Haliscomenobacter	2349	G	320	2	322	0.00002
Saprospira	1007	G	57	0	57	0.00000
Candidatus Sulfidibacterium	2923290	G	113	1	114	0.00001
Chlorobaculum	256319	G	1497	84	1581	0.00011
Pelodictyon	1099	G	378	46	424	0.00003
Chlorobium	1091	G	273	22	295	0.00002
Prosthecochloris	1101	G	658	42	700	0.00005
Chloroherpeton	100715	G	135	1	136	0.00001
Candidatus Cyclonatronum	2489367	G	237	9	246	0.00002
Melioribacter	1134403	G	99	5	104	0.00001
Ignavibacterium	795750	G	73	4	77	0.00001
Gemmatirosa	1706036	G	29957	2639	32596	0.00234
Gemmatimonas	173479	G	13613	354	13967	0.00100
Fibrobacter	832	G	110	1	111	0.00001
Candidatus Cloacimonas	456826	G	53	1	54	0.00000
Luteitalea	2004797	G	136628	5935	142563	0.01022
Granulicella	940557	G	7192	799	7991	0.00057
Terriglobus	392733	G	4790	630	5420	0.00039
Acidobacterium	33973	G	3457	315	3772	0.00027
Candidatus Koribacter	658061	G	2664	95	2759	0.00020
Edaphobacter	388463	G	1996	281	2277	0.00016
Acidisarcina	2608728	G	1260	102	1362	0.00010
Paludibaculum	1649475	G	6014	190	6204	0.00044
Chloracidobacterium	458032	G	2850	67	2917	0.00021
Sulfidibacter	2915177	G	1911	36	1947	0.00014
Thermotomaculum	1172428	G	57	2	59	0.00000
Nitrospira	1234	G	8999	110	9109	0.00065
Leptospirillum	179	G	266	3	269	0.00002
Thermodesulfovibrio	28261	G	69	2	71	0.00001
Dissulfurispira	2811506	G	58	4	62	0.00000
Treponema	157	G	867	104	971	0.00007
Spirochaeta	146	G	587	18	605	0.00004
Salinispira	1616789	G	78	2	80	0.00001
Sediminispirochaeta	1911556	G	49	1	50	0.00000
Oceanispirochaeta	2035349	G	34	2	36	0.00000
Sphaerochaeta	399320	G	370	17	387	0.00003
Breznakiella	2845254	G	135	8	143	0.00001
Borrelia	138	G	54	15	69	0.00001
Borreliella	64895	G	12	5	17	0.00000
Leptospira	171	G	400	15	415	0.00003
Turneriella	338321	G	384	2	386	0.00003
Brachyspira	29521	G	45	0	45	0.00000
Pyramidobacter	638847	G	482	21	503	0.00004
Fretibacterium	1434006	G	367	4	371	0.00003
Aminomonas	81411	G	348	27	375	0.00003
Cloacibacillus	508459	G	305	51	356	0.00003
Thermanaerovibrio	81461	G	276	41	317	0.00002
Jonquetella	428711	G	184	23	207	0.00001
Acetomicrobium	49894	G	46	1	47	0.00000
Thermovirga	336260	G	45	31	76	0.00001
Aminobacterium	81466	G	42	1	43	0.00000
Candidatus Bipolaricaulis	2250122	G	381	13	394	0.00003
Candidatus Nanosynbacter	2093823	G	99	88	187	0.00001
Candidatus Saccharimonas	1331051	G	54	0	54	0.00000
Candidatus Babela	1551504	G	134	2	136	0.00001
Candidatus Absconditicoccus	2900570	G	29	0	29	0.00000
Candidatus Chazhemtobacterium	2715734	G	26	0	26	0.00000
Thermotoga	2335	G	190	20	210	0.00002
Pseudothermotoga	1643951	G	86	4	90	0.00001
Thermosipho	2420	G	54	8	62	0.00000
Fervidobacterium	2422	G	42	16	58	0.00000
Mesotoga	1184396	G	71	5	76	0.00001
Kosmotoga	651456	G	46	6	52	0.00000
Marinitoga	160798	G	31	0	31	0.00000
Defluviitoga	1511648	G	15	23	38	0.00000
Tepiditoga	2778400	G	12	3	15	0.00000
Athalassotoga	1769718	G	40	1	41	0.00000
Thermocrinis	75905	G	66	6	72	0.00001
Hydrogenobacter	939	G	55	4	59	0.00000
Aquifex	2713	G	22	1	23	0.00000
Hydrogenobaculum	168657	G	11	0	11	0.00000
Persephonella	182899	G	57	5	62	0.00000
Sulfurihydrogenibium	212790	G	49	7	56	0.00000
Thermosulfidibacter	412592	G	57	3	60	0.00000
Thermovibrio	171868	G	55	12	67	0.00000
Desulfurobacterium	64159	G	22	4	26	0.00000
Fusobacterium	848	G	187	37	224	0.00002
Cetobacterium	180162	G	12	2	14	0.00000
Ilyobacter	167639	G	11	0	11	0.00000
Leptotrichia	32067	G	84	18	102	0.00001
Sebaldella	32068	G	11	0	11	0.00000
Thermosulfurimonas	1522431	G	126	17	143	0.00001
Thermosulfuriphilus	2033601	G	59	2	61	0.00000
Thermodesulfatator	241192	G	54	7	61	0.00000
Thermodesulfobacterium	1740	G	27	5	32	0.00000
Caldimicrobium	444090	G	11	2	13	0.00000
Geovibrio	46200	G	64	17	81	0.00001
Flexistipes	2351	G	36	5	41	0.00000
Deferribacter	53572	G	35	8	43	0.00000
Mucispirillum	248038	G	30	3	33	0.00000
Calditerrivibrio	545865	G	30	5	35	0.00000
Denitrovibrio	117999	G	29	5	34	0.00000
Caldithrix	187144	G	230	1	231	0.00002
Desulfurispirillum	393029	G	214	80	294	0.00002
Elusimicrobium	423604	G	89	1	90	0.00001
Endomicrobium	1408194	G	73	1	74	0.00001
Caldisericum	693074	G	71	0	71	0.00001
Coprothermobacter	68335	G	55	9	64	0.00000
Atribacter	2847777	G	51	1	52	0.00000
Dictyoglomus	13	G	50	0	50	0.00000
Fusarium	5506	G	23556	2113	25669	0.00184
Trichoderma	5543	G	4235	225	4460	0.00032
Metarhizium	5529	G	2460	384	2844	0.00020
Ustilaginoidea	124426	G	724	43	767	0.00006
Pochonia	243023	G	199	16	215	0.00002
Beauveria	5581	G	1536	73	1609	0.00012
Cordyceps	45234	G	660	58	718	0.00005
Purpureocillium	1052105	G	773	67	840	0.00006
Drechmeria	98402	G	769	45	814	0.00006
Clonostachys	110564	G	663	56	719	0.00005
Colletotrichum	5455	G	968	248	1216	0.00009
Thermothelomyces	1920207	G	1693	168	1861	0.00013
Thermothielavioides	2609811	G	1567	212	1779	0.00013
Neurospora	5140	G	1619	143	1762	0.00013
Pyricularia	48558	G	1072	14	1086	0.00008
Neopestalotiopsis	1562158	G	707	8	715	0.00005
Botrytis	33196	G	287	2	289	0.00002
Aspergillus	5052	G	3565	276	3841	0.00028
Penicillium	5073	G	2822	132	2954	0.00021
Paecilomyces	33202	G	400	17	417	0.00003
Talaromyces	5094	G	275	21	296	0.00002
Cercospora	29002	G	1238	7	1245	0.00009
Zymoseptoria	1047167	G	224	5	229	0.00002
Ampelomyces	50729	G	536	77	613	0.00004
Paraphaeosphaeria	125369	G	388	176	564	0.00004
Eremothecium	33170	G	131	96	227	0.00002
Naumovozyma	278028	G	92	6	98	0.00001
Kluyveromyces	4910	G	71	8	79	0.00001
Saccharomyces	4930	G	67	6	73	0.00001
Tetrapisispora	113604	G	67	3	70	0.00001
Lachancea	300275	G	61	4	65	0.00000
Kazachstania	71245	G	49	3	52	0.00000
Torulaspora	4948	G	42	3	45	0.00000
Zygotorulaspora	1196389	G	39	5	44	0.00000
Nakaseomyces	374468	G	38	2	40	0.00000
Zygosaccharomyces	4953	G	34	2	36	0.00000
Candida	1535326	G	195	4	199	0.00001
Scheffersomyces	766733	G	21	0	21	0.00000
Debaryomyces	4958	G	19	0	19	0.00000
Pichia	4919	G	70	3	73	0.00001
Brettanomyces	13366	G	61	3	64	0.00000
Ogataea	461281	G	46	1	47	0.00000
Yarrowia	4951	G	87	1	88	0.00001
Sugiyamaella	410829	G	86	9	95	0.00001
Saccharomycodes	36034	G	27	5	32	0.00000
Schizosaccharomyces	4895	G	60	1	61	0.00000
Pseudozyma	63298	G	955	10	965	0.00007
Ustilago	5269	G	322	10	332	0.00002
Sporisorium	63265	G	263	45	308	0.00002
Malassezia	55193	G	124	29	153	0.00001
Phlebiopsis	82309	G	287	12	299	0.00002
Rhizoctonia	1322061	G	93	8	101	0.00001
Marasmius	34448	G	121	16	137	0.00001
Cryptococcus	5206	G	99	22	121	0.00001
Encephalitozoon	6033	G	30	0	30	0.00000
Phytophthora	4783	G	3087	949	4036	0.00029
Pythium	4797	G	313	8	321	0.00002
