name	taxonomy_id	taxonomy_lvl	kraken_assigned_reads	added_reads	new_est_reads	fraction_total_reads
Bradyrhizobiaceae	41294	F	122114	11970	134084	0.04752
Rhizobiaceae	82115	F	52331	13259	65590	0.02325
Phyllobacteriaceae	69277	F	49639	8914	58553	0.02075
Methylobacteriaceae	119045	F	40464	5303	45767	0.01622
Devosiaceae	2831106	F	16665	1379	18044	0.00640
Xanthobacteraceae	335928	F	15714	2690	18404	0.00652
Hyphomicrobiaceae	45401	F	14526	1313	15839	0.00561
Boseaceae	2831100	F	8953	1399	10352	0.00367
Aurantimonadaceae	255475	F	6638	5938	12576	0.00446
Methylocystaceae	31993	F	3892	324	4216	0.00149
Stappiaceae	2821832	F	3804	907	4711	0.00167
Phreatobacteraceae	2843305	F	3692	639	4331	0.00154
Chelatococcaceae	2036754	F	2352	528	2880	0.00102
Parvibaculaceae	2813035	F	2304	538	2842	0.00101
Blastochloridaceae	2831090	F	1981	463	2444	0.00087
Beijerinckiaceae	45404	F	1897	138	2035	0.00072
Brucellaceae	118882	F	1343	596	1939	0.00069
Kaistiaceae	2831111	F	1185	294	1479	0.00052
Amorphaceae	2685818	F	1139	121	1260	0.00045
Pleomorphomonadaceae	2843308	F	792	143	935	0.00033
Breoghaniaceae	2831104	F	732	97	829	0.00029
Lichenihabitantaceae	2723775	F	667	30	697	0.00025
Cohaesibacteraceae	655351	F	144	5	149	0.00005
Bartonellaceae	772	F	116	6	122	0.00004
Sphingomonadaceae	41297	F	107293	12829	120122	0.04258
Erythrobacteraceae	335929	F	17324	2995	20319	0.00720
Sphingosinicellaceae	2820280	F	4590	387	4977	0.00176
Zymomonadaceae	2844881	F	26	12	38	0.00001
Azospirillaceae	2829815	F	30369	3411	33780	0.01197
Acetobacteraceae	433	F	15835	1806	17641	0.00625
Rhodospirillaceae	41295	F	10008	38195	48203	0.01708
Stellaceae	2844601	F	1961	131	2092	0.00074
Elioraeaceae	2690195	F	870	40	910	0.00032
Thalassospiraceae	2844866	F	528	30	558	0.00020
Terasakiellaceae	2813951	F	25	0	25	0.00001
Rhodobacteraceae	31989	F	22055	3008	25063	0.00888
Roseobacteraceae	2854170	F	13865	1630	15495	0.00549
Caulobacteraceae	76892	F	20140	1725	21865	0.00775
Hyphomonadaceae	69657	F	1022	36	1058	0.00038
Maricaulaceae	2800061	F	931	89	1020	0.00036
Parvularculaceae	255474	F	264	16	280	0.00010
Anaplasmataceae	942	F	99	1	100	0.00004
Rickettsiaceae	775	F	76	4	80	0.00003
Emcibacteraceae	2066491	F	168	156	324	0.00011
Holosporaceae	44746	F	42	0	42	0.00002
Candidatus Paracaedibacteraceae	1777752	F	19	0	19	0.00001
Caedimonadaceae	2100208	F	19	0	19	0.00001
Magnetococcaceae	1191479	F	31	0	31	0.00001
Pelagibacteraceae	1655514	F	20	6	26	0.00001
Kordiimonadaceae	1331809	F	17	0	17	0.00001
Comamonadaceae	80864	F	67537	21392	88929	0.03152
Burkholderiaceae	119060	F	58933	30454	89387	0.03168
Oxalobacteraceae	75682	F	23455	2825	26280	0.00931
Alcaligenaceae	506	F	18723	26868	45591	0.01616
Sutterellaceae	995019	F	360	26	386	0.00014
Usitatibacteraceae	2803844	F	5818	451	6269	0.00222
Nitrosomonadaceae	206379	F	5501	151	5652	0.00200
Sterolibacteriaceae	2008793	F	2053	584	2637	0.00093
Gallionellaceae	90627	F	1087	127	1214	0.00043
Thiobacillaceae	2008790	F	1063	309	1372	0.00049
Sulfuricellaceae	2772226	F	842	107	949	0.00034
Methylophilaceae	32011	F	351	35	386	0.00014
Zoogloeaceae	2008794	F	6201	2448	8649	0.00307
Rhodocyclaceae	75787	F	4834	1598	6432	0.00228
Azonexaceae	2008795	F	1553	167	1720	0.00061
Fluviibacteraceae	2808923	F	49	15	64	0.00002
Chromobacteriaceae	1499392	F	4758	921	5679	0.00201
Neisseriaceae	481	F	2071	434	2505	0.00089
Casimicrobiaceae	2705999	F	383	200	583	0.00021
Xanthomonadaceae	32033	F	50805	9456	60261	0.02136
Rhodanobacteraceae	1775411	F	8520	1359	9879	0.00350
Pseudomonadaceae	135621	F	41091	10820	51911	0.01840
Marinobacteraceae	2887365	F	1051	92	1143	0.00041
Enterobacteriaceae	543	F	5582	21975	27557	0.00977
Yersiniaceae	1903411	F	2147	708	2855	0.00101
Erwiniaceae	1903409	F	1605	229	1834	0.00065
Pectobacteriaceae	1903410	F	1008	204	1212	0.00043
Hafniaceae	1903412	F	330	82	412	0.00015
Morganellaceae	1903414	F	298	122	420	0.00015
Bruguierivoracaceae	2812006	F	228	14	242	0.00009
Budviciaceae	1903416	F	63	7	70	0.00003
Ectothiorhodospiraceae	72276	F	4350	424	4774	0.00169
Chromatiaceae	1046	F	3119	222	3341	0.00118
Wenzhouxiangellaceae	1676141	F	526	467	993	0.00035
Thioalkalibacteraceae	2035710	F	275	65	340	0.00012
Thioalkalispiraceae	1096778	F	244	99	343	0.00012
Halothiobacillaceae	255526	F	187	15	202	0.00007
Woeseiaceae	1738654	F	180	3	183	0.00006
Granulosicoccaceae	449719	F	124	3	127	0.00005
Halomonadaceae	28256	F	6277	696	6973	0.00247
Alcanivoracaceae	224372	F	606	245	851	0.00030
Oceanospirillaceae	135620	F	465	51	516	0.00018
Saccharospirillaceae	255527	F	132	7	139	0.00005
Hahellaceae	224379	F	112	4	116	0.00004
Litoricolaceae	449732	F	63	3	66	0.00002
Oleiphilaceae	191033	F	27	2	29	0.00001
Endozoicomonadaceae	2066474	F	15	0	15	0.00001
Methylococcaceae	403	F	3099	137	3236	0.00115
Aeromonadaceae	84642	F	2942	2110	5052	0.00179
Succinivibrionaceae	83763	F	14	0	14	0.00001
Cellvibrionaceae	1706371	F	956	32	988	0.00035
Microbulbiferaceae	1706373	F	903	52	955	0.00034
Halieaceae	1706372	F	392	38	430	0.00015
Spongiibacteraceae	1706375	F	175	14	189	0.00007
Sinobacteraceae	568386	F	1194	149	1343	0.00048
Steroidobacteraceae	2689614	F	964	283	1247	0.00044
Acidiferrobacteraceae	1692041	F	1889	89	1978	0.00070
Shewanellaceae	267890	F	802	132	934	0.00033
Alteromonadaceae	72275	F	378	39	417	0.00015
Pseudoalteromonadaceae	267888	F	253	33	286	0.00010
Ferrimonadaceae	267892	F	108	13	121	0.00004
Colwelliaceae	267889	F	60	5	65	0.00002
Idiomarinaceae	267893	F	48	5	53	0.00002
Moritellaceae	267891	F	31	6	37	0.00001
Psychromonadaceae	267894	F	10	1	11	0.00000
Vibrionaceae	641	F	1001	155	1156	0.00041
Moraxellaceae	468	F	562	326	888	0.00031
Legionellaceae	444	F	379	28	407	0.00014
Coxiellaceae	118968	F	146	485	631	0.00022
Immundisolibacteraceae	1934946	F	456	83	539	0.00019
Piscirickettsiaceae	135616	F	186	16	202	0.00007
Thiotrichaceae	135617	F	158	4	162	0.00006
Francisellaceae	34064	F	44	1	45	0.00002
Salinisphaeraceae	742031	F	269	286	555	0.00020
Pasteurellaceae	712	F	204	61	265	0.00009
Cardiobacteriaceae	868	F	167	21	188	0.00007
Kangiellaceae	1920240	F	43	2	45	0.00002
Orbaceae	1240483	F	15	2	17	0.00001
Polyangiaceae	49	F	36320	2654	38974	0.01381
Sandaracinaceae	1055686	F	6005	255	6260	0.00222
Labilitrichaceae	1524216	F	2615	85	2700	0.00096
Archangiaceae	39	F	14331	613	14944	0.00530
Myxococcaceae	31	F	14042	7401	21443	0.00760
Anaeromyxobacteraceae	1524215	F	8875	546	9421	0.00334
Vulgatibacteraceae	1524213	F	1176	77	1253	0.00044
Kofleriaceae	224464	F	2535	117	2652	0.00094
Geobacteraceae	213422	F	4622	430	5052	0.00179
Desulfuromonadaceae	213421	F	1410	206	1616	0.00057
Syntrophotaleaceae	2812024	F	249	29	278	0.00010
Desulfovibrionaceae	194924	F	3859	330	4189	0.00148
Desulfomicrobiaceae	213116	F	217	29	246	0.00009
Desulfohalobiaceae	213117	F	65	3	68	0.00002
Desulfobacteraceae	213119	F	918	83	1001	0.00036
Desulfobulbaceae	213121	F	444	64	508	0.00018
Desulfosudaceae	2904715	F	125	9	134	0.00005
Desulfocapsaceae	2886822	F	75	8	83	0.00003
Bradymonadaceae	1779135	F	1051	127	1178	0.00042
Syntrophobacteraceae	213465	F	360	74	434	0.00015
Desulfarculaceae	453228	F	324	177	501	0.00018
Syntrophaceae	213468	F	218	45	263	0.00009
Campylobacteraceae	72294	F	174	20	194	0.00007
Thiovulaceae	2771471	F	105	9	114	0.00004
Helicobacteraceae	72293	F	100	13	113	0.00004
Sulfurovaceae	2771472	F	93	7	100	0.00004
Hydrogenimonaceae	292630	F	39	3	42	0.00002
Arcobacteraceae	2808963	F	37	4	41	0.00001
Sulfurospirillaceae	2932623	F	33	1	34	0.00001
Nitratiruptoraceae	2795691	F	34	1	35	0.00001
Nautiliaceae	224467	F	22	1	23	0.00001
Acidithiobacillaceae	225058	F	331	30	361	0.00013
Bdellovibrionaceae	213483	F	170	2	172	0.00006
Bacteriovoracaceae	263369	F	20	0	20	0.00001
Halobacteriovoraceae	1652132	F	16	0	16	0.00001
Silvanigrellaceae	2024974	F	12	0	12	0.00000
Hydrogenophilaceae	206349	F	119	20	139	0.00005
Mariprofundaceae	580372	F	72	1	73	0.00003
Streptomycetaceae	2062	F	193270	39627	232897	0.08255
Microbacteriaceae	85023	F	68304	9674	77978	0.02764
Micrococcaceae	1268	F	46725	8749	55474	0.01966
Cellulomonadaceae	85016	F	12573	4214	16787	0.00595
Intrasporangiaceae	85021	F	8439	2281	10720	0.00380
Promicromonosporaceae	85017	F	7714	3296	11010	0.00390
Ornithinimicrobiaceae	2805590	F	5387	1139	6526	0.00231
Dermabacteraceae	85020	F	3016	568	3584	0.00127
Brevibacteriaceae	85019	F	2942	595	3537	0.00125
Bogoriellaceae	145358	F	2794	861	3655	0.00130
Dermacoccaceae	145357	F	2162	516	2678	0.00095
Ruaniaceae	1331736	F	1967	1938	3905	0.00138
Beutenbergiaceae	125316	F	1255	405	1660	0.00059
Sanguibacteraceae	145360	F	853	273	1126	0.00040
Dermatophilaceae	85018	F	488	46	534	0.00019
Kytococcaceae	2805426	F	389	148	537	0.00019
Demequinaceae	1042322	F	172	14	186	0.00007
Jonesiaceae	85022	F	31	5	36	0.00001
Tropherymataceae	2805591	F	18	0	18	0.00001
Nocardioidaceae	85015	F	148769	29667	178436	0.06324
Propionibacteriaceae	31957	F	12079	2149	14228	0.00504
Kribbellaceae	2726069	F	3251	496	3747	0.00133
Actinopolymorphaceae	2805400	F	1207	139	1346	0.00048
Mycobacteriaceae	1762	F	69316	8506	77822	0.02758
Nocardiaceae	85025	F	30219	6026	36245	0.01285
Corynebacteriaceae	1653	F	7902	1797	9699	0.00344
Gordoniaceae	85026	F	7442	1601	9043	0.00321
Tsukamurellaceae	85028	F	2099	544	2643	0.00094
Dietziaceae	85029	F	1308	1194	2502	0.00089
Segniliparaceae	316606	F	165	9	174	0.00006
Lawsonellaceae	2805586	F	23	2	25	0.00001
Micromonosporaceae	28056	F	96689	12533	109222	0.03871
Pseudonocardiaceae	2070	F	79713	11956	91669	0.03249
Geodermatophilaceae	85030	F	54352	13970	68322	0.02422
Thermomonosporaceae	2012	F	14312	2816	17128	0.00607
Streptosporangiaceae	2004	F	12582	2082	14664	0.00520
Nocardiopsaceae	83676	F	6301	1202	7503	0.00266
Actinomycetaceae	2049	F	4929	711	5640	0.00200
Frankiaceae	74712	F	4678	454	5132	0.00182
Jiangellaceae	1217100	F	3228	571	3799	0.00135
Nakamurellaceae	85031	F	2388	337	2725	0.00097
Bifidobacteriaceae	31953	F	1873	902	2775	0.00098
Catenulisporaceae	414877	F	926	136	1062	0.00038
Jatrophihabitantaceae	2805416	F	910	79	989	0.00035
Glycomycetaceae	85034	F	701	56	757	0.00027
Kineosporiaceae	83778	F	679	189	868	0.00031
Sporichthyaceae	85033	F	460	229	689	0.00024
Actinopolysporaceae	622451	F	342	35	377	0.00013
Acidothermaceae	85032	F	254	12	266	0.00009
Candidatus Nanopelagicaceae	2162846	F	86	1	87	0.00003
Conexibacteraceae	320583	F	20453	2850	23303	0.00826
Miltoncostaeaceae	2843199	F	4769	576	5345	0.00189
Rubrobacteraceae	84997	F	14745	528	15273	0.00541
Baekduiaceae	2600303	F	5759	921	6680	0.00237
Iamiaceae	633392	F	12116	1448	13564	0.00481
Ilumatobacteraceae	2448023	F	1225	75	1300	0.00046
Acidimicrobiaceae	84994	F	305	23	328	0.00012
Eggerthellaceae	1643826	F	1477	237	1714	0.00061
Atopobiaceae	1643824	F	825	175	1000	0.00035
Coriobacteriaceae	84107	F	319	77	396	0.00014
Euzebyaceae	908622	F	737	66	803	0.00028
Egibacteraceae	1747769	F	737	46	783	0.00028
Egicoccaceae	1755824	F	722	114	836	0.00030
Bacillaceae	186817	F	49340	28504	77844	0.02759
Paenibacillaceae	186822	F	9108	624	9732	0.00345
Alicyclobacillaceae	186823	F	900	120	1020	0.00036
Thermoactinomycetaceae	186824	F	728	71	799	0.00028
Planococcaceae	186818	F	687	171	858	0.00030
Staphylococcaceae	90964	F	309	1919	2228	0.00079
Listeriaceae	186820	F	89	101	190	0.00007
Sporolactobacillaceae	186821	F	26	3	29	0.00001
Lactobacillaceae	33958	F	492	202	694	0.00025
Streptococcaceae	1300	F	227	102	329	0.00012
Enterococcaceae	81852	F	137	192	329	0.00012
Carnobacteriaceae	186828	F	58	24	82	0.00003
Aerococcaceae	186827	F	46	13	59	0.00002
Oscillospiraceae	216572	F	1243	393	1636	0.00058
Clostridiales Family XVII. Incertae Sedis	539000	F	911	144	1055	0.00037
Eubacteriales Family XIII. Incertae Sedis	543314	F	51	98	149	0.00005
Clostridiales Family XVI. Incertae Sedis	543347	F	19	9	28	0.00001
Clostridiaceae	31979	F	661	86	747	0.00026
Lachnospiraceae	186803	F	552	141	693	0.00025
Symbiobacteriaceae	543349	F	409	29	438	0.00016
Peptococcaceae	186807	F	214	19	233	0.00008
Heliobacteriaceae	31984	F	127	47	174	0.00006
Desulfitobacteriaceae	2937909	F	117	7	124	0.00004
Christensenellaceae	990719	F	110	41	151	0.00005
Eubacteriaceae	186806	F	105	20	125	0.00004
Peptostreptococcaceae	186804	F	73	306	379	0.00013
Syntrophomonadaceae	68298	F	40	1	41	0.00001
Desulfallaceae	2867375	F	34	2	36	0.00001
Thermohalobacteraceae	2848916	F	15	1	16	0.00001
Desulfotomaculaceae	2937910	F	14	4	18	0.00001
Vallitaleaceae	2603322	F	13	0	13	0.00000
Thermincolaceae	2937911	F	10	0	10	0.00000
Thermoanaerobacteraceae	186814	F	492	68	560	0.00020
Thermoanaerobacterales Family III. Incertae Sedis	543371	F	32	4	36	0.00001
Zhaonellaceae	2748673	F	22	3	25	0.00001
Thermoanaerobacterales Family IV. Incertae Sedis	543372	F	14	6	20	0.00001
Thermodesulfobiaceae	227387	F	13	0	13	0.00000
Halanaerobiaceae	972	F	32	2	34	0.00001
Halobacteroidaceae	53434	F	12	16	28	0.00001
Thermosediminibacteraceae	2770093	F	26	2	28	0.00001
Tepidanaerobacteraceae	2770092	F	24	1	25	0.00001
Natranaerofabaceae	2807496	F	14	2	16	0.00001
Selenomonadaceae	1843491	F	461	21	482	0.00017
Sporomusaceae	1843490	F	75	5	80	0.00003
Veillonellaceae	31977	F	149	36	185	0.00007
Acidaminococcaceae	909930	F	70	20	90	0.00003
Limnochordaceae	1676650	F	385	13	398	0.00014
Peptoniphilaceae	1570339	F	45	24	69	0.00002
Tissierellaceae	1737406	F	29	3	32	0.00001
Gottschalkiaceae	2042895	F	23	55	78	0.00003
Erysipelotrichaceae	128827	F	95	21	116	0.00004
Turicibacteraceae	2810281	F	12	29	41	0.00001
Synechococcaceae	1890426	F	1906	229	2135	0.00076
Prochlorococcaceae	2881426	F	393	101	494	0.00018
Acaryochloridaceae	1890429	F	41	1	42	0.00002
Chamaesiphonaceae	1890431	F	34	2	36	0.00001
Merismopediaceae	1890428	F	21	2	23	0.00001
Nostocaceae	1162	F	439	121	560	0.00020
Calotrichaceae	2661849	F	221	22	243	0.00009
Scytonemataceae	1182	F	91	11	102	0.00004
Aphanizomenonaceae	1892259	F	88	70	158	0.00006
Hapalosiphonaceae	1892263	F	37	6	43	0.00002
Tolypothrichaceae	119859	F	36	7	43	0.00002
Leptolyngbyaceae	1890438	F	604	42	646	0.00023
Oculatellaceae	2303507	F	89	13	102	0.00004
Thermosynechococcaceae	2881378	F	59	7	66	0.00002
Prochlorotrichaceae	2303730	F	49	2	51	0.00002
Pseudanabaenaceae	1890436	F	33	1	34	0.00001
Oscillatoriaceae	1892254	F	129	20	149	0.00005
Coleofasciculaceae	1892251	F	126	22	148	0.00005
Microcoleaceae	1892252	F	81	50	131	0.00005
Microcystaceae	1890449	F	74	24	98	0.00003
Aphanothecaceae	1890450	F	69	9	78	0.00003
Chroococcaceae	1890464	F	39	4	43	0.00002
Gloeobacteraceae	1890422	F	564	12	576	0.00020
Chroococcidiopsidaceae	1890528	F	70	13	83	0.00003
Hyellaceae	1890500	F	25	3	28	0.00001
Dermocarpellaceae	1890498	F	14	1	15	0.00001
Gloeomargaritaceae	1955043	F	15	0	15	0.00001
Thermostichaceae	2881384	F	11	6	17	0.00001
Deinococcaceae	183710	F	3794	171	3965	0.00141
Thermaceae	188786	F	1707	90	1797	0.00064
Trueperaceae	332247	F	355	17	372	0.00013
Sphaerobacteraceae	85002	F	1152	81	1233	0.00044
Thermomicrobiaceae	189777	F	263	7	270	0.00010
Roseiflexaceae	1508635	F	695	39	734	0.00026
Chloroflexaceae	1106	F	234	10	244	0.00009
Tepidiformaceae	2682227	F	747	29	776	0.00028
Ardenticatenaceae	1382930	F	571	10	581	0.00021
Caldilineaceae	475964	F	364	27	391	0.00014
Anaerolineaceae	292628	F	253	133	386	0.00014
Dehalococcoidaceae	1202464	F	71	138	209	0.00007
Ktedonosporobacteraceae	2692416	F	119	4	123	0.00004
Phototrophicaceae	2922432	F	110	1	111	0.00004
Fimbriimonadaceae	1663426	F	328	1	329	0.00012
Chthonomonadaceae	1077264	F	61	0	61	0.00002
Mycoplasmataceae	2092	F	79	8	87	0.00003
Acholeplasmataceae	2146	F	27	2	29	0.00001
Spiroplasmataceae	2131	F	23	2	25	0.00001
Gemmataceae	1914233	F	31858	1137	32995	0.01169
Lacipirellulaceae	2691359	F	11229	576	11805	0.00418
Pirellulaceae	2691357	F	7128	328	7456	0.00264
Thermoguttaceae	2691358	F	136	4	140	0.00005
Isosphaeraceae	1763524	F	18744	1832	20576	0.00729
Planctomycetaceae	126	F	12420	1231	13651	0.00484
Tepidisphaeraceae	1771355	F	1806	45	1851	0.00066
Phycisphaeraceae	666507	F	943	53	996	0.00035
Sedimentisphaeraceae	2483367	F	47	11	58	0.00002
Anaerohalosphaeraceae	2690158	F	45	2	47	0.00002
Candidatus Brocadiaceae	1127830	F	39	0	39	0.00001
Candidatus Uabimicrobiaceae	2897348	F	14	0	14	0.00001
Opitutaceae	134623	F	5483	216	5699	0.00202
Puniceicoccaceae	415002	F	174	18	192	0.00007
Verrucomicrobiaceae	203557	F	3020	79	3099	0.00110
Akkermansiaceae	1647988	F	246	270	516	0.00018
Methylacidiphilaceae	717964	F	30	26	56	0.00002
Kiritimatiellaceae	1921783	F	165	207	372	0.00013
Tichowtungiaceae	2907186	F	60	1	61	0.00002
Parachlamydiaceae	92713	F	32	2	34	0.00001
Waddliaceae	92714	F	14	1	15	0.00001
Chlamydiaceae	809	F	27	53	80	0.00003
Hymenobacteraceae	1853232	F	5069	280	5349	0.00190
Cytophagaceae	89373	F	1025	56	1081	0.00038
Fulvivirgaceae	2762286	F	851	31	882	0.00031
Spirosomaceae	2896860	F	802	55	857	0.00030
Cyclobacteriaceae	563798	F	311	40	351	0.00012
Amoebophilaceae	1501348	F	27	2	29	0.00001
Flammeovirgaceae	200667	F	26	1	27	0.00001
Marivirgaceae	2762301	F	24	10	34	0.00001
Mangrovivirgaceae	2858885	F	23	1	24	0.00001
Flavobacteriaceae	49546	F	3768	283	4051	0.00144
Weeksellaceae	2762318	F	741	228	969	0.00034
Crocinitomicaceae	1853230	F	88	5	93	0.00003
Blattabacteriaceae	39782	F	61	5	66	0.00002
Schleiferiaceae	1333713	F	30	15	45	0.00002
Chitinophagaceae	563835	F	3685	65	3750	0.00133
Rikenellaceae	171550	F	697	286	983	0.00035
Prevotellaceae	171552	F	314	60	374	0.00013
Bacteroidaceae	815	F	312	185	497	0.00018
Muribaculaceae	2005473	F	133	32	165	0.00006
Tannerellaceae	2005525	F	131	57	188	0.00007
Porphyromonadaceae	171551	F	109	14	123	0.00004
Dysgonomonadaceae	2005520	F	62	2	64	0.00002
Barnesiellaceae	2005519	F	38	61	99	0.00004
Odoribacteraceae	1853231	F	22	5	27	0.00001
Paludibacteraceae	2005523	F	16	0	16	0.00001
Prolixibacteraceae	1471398	F	29	0	29	0.00001
Marinifilaceae	1573805	F	11	0	11	0.00000
Marinilabiliaceae	558415	F	10	0	10	0.00000
Rhodothermaceae	563843	F	1838	81	1919	0.00068
Sphingobacteriaceae	84566	F	1800	238	2038	0.00072
Haliscomenobacteraceae	1937961	F	62	0	62	0.00002
Saprospiraceae	89374	F	14	25	39	0.00001
Chlorobiaceae	191412	F	624	69	693	0.00025
Melioribacteraceae	1334117	F	19	1	20	0.00001
Ignavibacteriaceae	795749	F	10	1	11	0.00000
Gemmatimonadaceae	219687	F	13314	676	13990	0.00496
Fibrobacteraceae	204431	F	31	14	45	0.00002
Vicinamibacteraceae	2211325	F	20172	919	21091	0.00748
Acidobacteriaceae	204434	F	4479	91	4570	0.00162
Bryobacteraceae	1962910	F	1172	638	1810	0.00064
Acanthopleuribacteraceae	533207	F	331	4	335	0.00012
Thermotomaculaceae	2562244	F	14	0	14	0.00001
Nitrospiraceae	189779	F	1832	22	1854	0.00066
Dissulfurispiraceae	2811505	F	23	1	24	0.00001
Thermodesulfovibrionaceae	2811504	F	11	0	11	0.00000
Spirochaetaceae	137	F	176	4	180	0.00006
Treponemataceae	2845253	F	157	16	173	0.00006
Sphaerochaetaceae	2791015	F	39	2	41	0.00001
Borreliaceae	1643685	F	25	23	48	0.00002
Leptospiraceae	170	F	175	19	194	0.00007
Brachyspiraceae	143786	F	11	0	11	0.00000
Synergistaceae	649777	F	456	33	489	0.00017
Candidatus Nanosynbacteraceae	2093822	F	36	158	194	0.00007
Candidatus Babeliaceae	2497645	F	17	0	17	0.00001
Candidatus Chazhemtobacteraceae	2715733	F	10	0	10	0.00000
Thermotogaceae	188709	F	53	1	54	0.00002
Fervidobacteriaceae	1643950	F	12	3	15	0.00001
Kosmotogaceae	1643948	F	23	1	24	0.00001
Petrotogaceae	1643949	F	18	8	26	0.00001
Mesoaciditogaceae	1769717	F	13	0	13	0.00000
Aquificaceae	64898	F	28	2	30	0.00001
Hydrogenothermaceae	224027	F	17	9	26	0.00001
Desulfurobacteriaceae	558314	F	23	4	27	0.00001
Thermodesulfobacteriaceae	188711	F	68	1	69	0.00002
Fusobacteriaceae	203492	F	30	5	35	0.00001
Leptotrichiaceae	1129771	F	24	4	28	0.00001
Deferribacteraceae	191394	F	52	1	53	0.00002
Calditrichaceae	1962854	F	48	0	48	0.00002
Chrysiogenaceae	189770	F	40	18	58	0.00002
Endomicrobiaceae	1783343	F	18	0	18	0.00001
Elusimicrobiaceae	641876	F	17	0	17	0.00001
Coprothermobacteraceae	2138247	F	16	2	18	0.00001
Caldisericaceae	693073	F	16	0	16	0.00001
Dictyoglomaceae	203488	F	13	0	13	0.00000
Atribacteraceae	2847776	F	11	0	11	0.00000
Nectriaceae	110618	F	10141	694	10835	0.00384
Clavicipitaceae	34397	F	943	85	1028	0.00036
Hypocreaceae	5129	F	846	34	880	0.00031
Cordycipitaceae	474943	F	529	14	543	0.00019
Ophiocordycipitaceae	474942	F	403	16	419	0.00015
Bionectriaceae	103887	F	105	6	111	0.00004
Glomerellaceae	681950	F	188	41	229	0.00008
Chaetomiaceae	35718	F	1455	57	1512	0.00054
Sordariaceae	5148	F	451	28	479	0.00017
Pyriculariaceae	2528436	F	249	2	251	0.00009
Sporocadaceae	1812776	F	165	1	166	0.00006
Sclerotiniaceae	28983	F	55	0	55	0.00002
Aspergillaceae	1131492	F	4934	165	5099	0.00181
Thermoascaceae	1131624	F	96	2	98	0.00004
Trichocomaceae	28568	F	51	3	54	0.00002
Leptosphaeriaceae	34374	F	123	13	136	0.00005
Didymosphaeriaceae	221678	F	85	28	113	0.00004
Mycosphaerellaceae	93133	F	98	0	98	0.00004
Saccharomycetaceae	4893	F	151	29	180	0.00006
Debaryomycetaceae	766764	F	63	1	64	0.00002
Pichiaceae	1156497	F	45	2	47	0.00002
Dipodascaceae	34353	F	24	0	24	0.00001
Trichomonascaceae	410830	F	10	1	11	0.00000
Schizosaccharomycetaceae	4894	F	13	0	13	0.00000
Ustilaginaceae	5268	F	342	11	353	0.00013
Malasseziaceae	742845	F	21	5	26	0.00001
Phanerochaetaceae	396331	F	52	0	52	0.00002
Ceratobasidiaceae	5250	F	17	0	17	0.00001
Marasmiaceae	654128	F	22	1	23	0.00001
Cryptococcaceae	1884633	F	29	1	30	0.00001
Unikaryonidae	36734	F	13	0	13	0.00000
Peronosporaceae	4777	F	516	158	674	0.00024
Pythiaceae	4782	F	59	2	61	0.00002
