name	taxonomy_id	taxonomy_lvl	kraken_assigned_reads	added_reads	new_est_reads	fraction_total_reads
Bradyrhizobium sp. 200	2782665	S	9185	2076	11261	0.00072
Bradyrhizobium sp. 170	2782641	S	8399	2191	10590	0.00068
Bradyrhizobium sp. CCBAU 051011	858422	S	7991	1618	9609	0.00061
Bradyrhizobium sp. CCBAU 51753	1325100	S	6723	1542	8265	0.00053
Bradyrhizobium sp. ORS 278	114615	S	5711	1357	7068	0.00045
Bradyrhizobium sp. A19	2898149	S	5650	1035	6685	0.00043
Bradyrhizobium sp. BTAi1	288000	S	5611	1072	6683	0.00043
Bradyrhizobium sp. ORS 285	115808	S	5500	1288	6788	0.00043
Bradyrhizobium sp. SK17	2057741	S	4525	1558	6083	0.00039
Bradyrhizobium sp. 186	2782654	S	4416	1213	5629	0.00036
Bradyrhizobium sp. CCBAU 53421	1325120	S	3576	1173	4749	0.00030
Bradyrhizobium sp. 1(2017)	1404888	S	3282	1073	4355	0.00028
Bradyrhizobium sp. CCBAU 53338	1325111	S	3121	1366	4487	0.00029
Bradyrhizobium sp. CCBAU 53340	1325112	S	3121	1296	4417	0.00028
Bradyrhizobium sp. CCGE-LA001	1223566	S	3020	1191	4211	0.00027
Bradyrhizobium sp. 195	2782662	S	3006	1114	4120	0.00026
Bradyrhizobium sp. CCBAU 53351	1325114	S	2880	1550	4430	0.00028
Bradyrhizobium sp. S2-11-2	2840472	S	2620	1954	4574	0.00029
Bradyrhizobium sp. 6(2017)	1197460	S	2601	1364	3965	0.00025
Bradyrhizobium sp. 191	2782659	S	2447	2371	4818	0.00031
Bradyrhizobium sp. CCBAU 51765	1325102	S	2166	1963	4129	0.00026
Bradyrhizobium sp. I71	2590772	S	2106	1814	3920	0.00025
Bradyrhizobium sp. S2-20-1	2840469	S	2078	1641	3719	0.00024
Bradyrhizobium sp. S2-11-4	2840473	S	2071	1796	3867	0.00025
Bradyrhizobium sp. 41S5	1404443	S	2048	1479	3527	0.00023
Bradyrhizobium sp. C-145	574727	S	1353	1451	2804	0.00018
Bradyrhizobium sp.	376	S	1004	3566	4570	0.00029
Bradyrhizobium sp. 144S4	2823807	S	828	2156	2984	0.00019
Bradyrhizobium sp. 40	2782674	S	820	1806	2626	0.00017
Bradyrhizobium sp. 4	2782678	S	742	1826	2568	0.00016
Bradyrhizobium sp. 323S2	1404649	S	689	1837	2526	0.00016
Bradyrhizobium sp. 192	2782660	S	637	1638	2275	0.00015
Bradyrhizobium sp. LCT2	2493093	S	433	1316	1749	0.00011
Bradyrhizobium sp. SG09	2599805	S	323	2438	2761	0.00018
Bradyrhizobium sp. 187	2782655	S	311	1548	1859	0.00012
Bradyrhizobium sp. TM102	2599819	S	285	2047	2332	0.00015
Bradyrhizobium sp. CW1	2782686	S	277	4238	4515	0.00029
Bradyrhizobium sp. 38S5	2819348	S	192	2320	2512	0.00016
Bradyrhizobium sp. 172	2782643	S	165	1989	2154	0.00014
Bradyrhizobium sp. 1S5	2816456	S	142	1577	1719	0.00011
Bradyrhizobium sp. 131	2782609	S	114	1844	1958	0.00013
Bradyrhizobium sp. 155	2782629	S	85	1517	1602	0.00010
Bradyrhizobium erythrophlei	1437360	S	17561	1553	19114	0.00122
Bradyrhizobium diazoefficiens	1355477	S	13485	22901	36386	0.00232
Bradyrhizobium icense	1274631	S	9084	1401	10485	0.00067
Bradyrhizobium paxllaeri	190148	S	7320	1484	8804	0.00056
Bradyrhizobium lablabi	722472	S	5991	7564	13555	0.00087
Bradyrhizobium japonicum	375	S	5219	8313	13532	0.00086
Bradyrhizobium oligotrophicum	44255	S	5081	960	6041	0.00039
Bradyrhizobium genosp. L	83637	S	5069	1107	6176	0.00039
Bradyrhizobium canariense	255045	S	4844	8324	13168	0.00084
Bradyrhizobium arachidis	858423	S	4029	1254	5283	0.00034
Bradyrhizobium vignae	1549949	S	3398	868	4266	0.00027
Bradyrhizobium genosp. B	83627	S	3270	757	4027	0.00026
Bradyrhizobium quebecense	2748629	S	3203	1971	5174	0.00033
Bradyrhizobium guangdongense	1325090	S	3160	1271	4431	0.00028
Bradyrhizobium cosmicum	1404864	S	3088	1090	4178	0.00027
Bradyrhizobium guangzhouense	1325095	S	2808	1160	3968	0.00025
Bradyrhizobium guangxiense	1325115	S	2763	1306	4069	0.00026
Bradyrhizobium septentrionale	1404411	S	2633	1749	4382	0.00028
Bradyrhizobium daqingense	993502	S	2515	1479	3994	0.00026
Bradyrhizobium betae	244734	S	1972	1206	3178	0.00020
Bradyrhizobium amphicarpaeae	1404768	S	1938	875	2813	0.00018
Bradyrhizobium symbiodeficiens	1404367	S	1719	2811	4530	0.00029
Bradyrhizobium zhanjiangense	1325107	S	1365	1487	2852	0.00018
Bradyrhizobium elkanii	29448	S	974	3945	4919	0.00031
Bradyrhizobium ottawaense	931866	S	645	4379	5024	0.00032
Rhodopseudomonas palustris	1076	S	19360	6816	26176	0.00167
Rhodopseudomonas boonkerdii	475937	S	2584	717	3301	0.00021
Rhodopseudomonas sp. SK50-23	340268	S	2548	540	3088	0.00020
Tardiphaga sp. 37S4	1404741	S	1470	1070	2540	0.00016
Tardiphaga sp. vice154	2592814	S	131	1790	1921	0.00012
Tardiphaga sp. vice278	2592815	S	61	1308	1369	0.00009
Tardiphaga sp. vice304	2592817	S	45	752	797	0.00005
Tardiphaga sp. vice352	2592816	S	35	935	970	0.00006
Tardiphaga robiniae	943830	S	1571	1019	2590	0.00017
Afipia carboxidovorans	40137	S	3269	749	4018	0.00026
Afipia sp. GAS231	1882747	S	2427	1884	4311	0.00028
Nitrobacter hamburgensis	912	S	3114	585	3699	0.00024
Nitrobacter winogradskyi	913	S	2310	429	2739	0.00017
Variibacter gotjawalensis	1333996	S	5558	474	6032	0.00039
Rhizobium sp. BG4	2613770	S	2261	451	2712	0.00017
Rhizobium sp. WYJ-E13	2849093	S	1889	251	2140	0.00014
Rhizobium sp. NXC24	2048897	S	1811	271	2082	0.00013
Rhizobium sp. ACO-34A	1571470	S	1584	346	1930	0.00012
Rhizobium sp. SL42	2806346	S	1531	289	1820	0.00012
Rhizobium sp. WL3	2603277	S	1456	288	1744	0.00011
Rhizobium sp. AB2/73	2795216	S	1280	693	1973	0.00013
Rhizobium sp. 11515TR	2028343	S	1204	294	1498	0.00010
Rhizobium sp. NZLR1	2731096	S	1050	358	1408	0.00009
Rhizobium sp. NLR16a	2731112	S	1011	443	1454	0.00009
Rhizobium sp. NXC14	1981173	S	974	396	1370	0.00009
Rhizobium sp. CIAT894	2020312	S	968	420	1388	0.00009
Rhizobium sp. K102	2918527	S	912	606	1518	0.00010
Rhizobium sp. C104	2917727	S	900	479	1379	0.00009
Rhizobium sp. L51/94	2819999	S	643	853	1496	0.00010
Rhizobium sp. 007	2785056	S	589	990	1579	0.00010
Rhizobium sp. X9	2815360	S	421	898	1319	0.00008
Rhizobium sp. IE4771	1301032	S	305	602	907	0.00006
Rhizobium sp. Kim5	2020311	S	281	605	886	0.00006
Rhizobium sp. TAL182	2020313	S	239	662	901	0.00006
Rhizobium sp. NIBRBAC000502774	2590777	S	152	660	812	0.00005
Rhizobium sp. B230/85	2819994	S	101	1137	1238	0.00008
Rhizobium sp. Y9	1914541	S	91	331	422	0.00003
Rhizobium sp. ZX09	2291939	S	87	370	457	0.00003
Rhizobium sp. T136	555319	S	76	2012	2088	0.00013
Rhizobium sp. N324	1703969	S	47	1014	1061	0.00007
Rhizobium sp. CCGE531	2364271	S	43	1590	1633	0.00010
Rhizobium sp. B21/90	2819993	S	22	807	829	0.00005
Rhizobium sp. N113	1703960	S	11	1644	1655	0.00011
Rhizobium leguminosarum	384	S	10170	12978	23148	0.00148
Rhizobium etli	29449	S	3033	3428	6461	0.00041
Rhizobium pseudoryzae	379684	S	2133	474	2607	0.00017
Rhizobium gallicum	56730	S	2118	2622	4740	0.00030
Rhizobium jaguaris	1312183	S	1961	257	2218	0.00014
Rhizobium phaseoli	396	S	1677	3280	4957	0.00032
Rhizobium bangladeshense	1138189	S	1457	352	1809	0.00012
Rhizobium tropici	398	S	1212	321	1533	0.00010
Rhizobium lentis	1138194	S	1201	373	1574	0.00010
Rhizobium binae	1138190	S	1072	394	1466	0.00009
Rhizobium rosettiformans	1368430	S	1064	504	1568	0.00010
Rhizobium daejeonense	240521	S	994	335	1329	0.00008
Rhizobium rhizoryzae	451876	S	910	130	1040	0.00007
Rhizobium indicum	2583231	S	775	658	1433	0.00009
Rhizobium acidisoli	1538158	S	572	456	1028	0.00007
Rhizobium pusense	648995	S	553	2109	2662	0.00017
Rhizobium oryzihabitans	2267833	S	337	451	788	0.00005
Rhizobium hidalgonense	1538159	S	282	618	900	0.00006
Rhizobium laguerreae	1076926	S	278	456	734	0.00005
Rhizobium ruizarguesonis	2081791	S	188	1315	1503	0.00010
Rhizobium favelukesii	348824	S	43	1370	1413	0.00009
Agrobacterium tumefaciens	358	S	5069	4776	9845	0.00063
Agrobacterium fabrum	1176649	S	566	697	1263	0.00008
Agrobacterium fabacearum	1183401	S	138	1806	1944	0.00012
Agrobacterium vitis	373	S	2697	354	3051	0.00019
Agrobacterium sp. T29	2580515	S	378	282	660	0.00004
Agrobacterium sp. RAC06	1842536	S	298	656	954	0.00006
Agrobacterium sp. MA01	2664893	S	236	508	744	0.00005
Agrobacterium sp. CGMCC 11546	2579248	S	154	294	448	0.00003
Agrobacterium sp. S7/73	2820002	S	80	409	489	0.00003
Agrobacterium vaccinii	2735528	S	1060	150	1210	0.00008
Agrobacterium larrymoorei	160699	S	740	135	875	0.00006
Agrobacterium rubi	28099	S	676	201	877	0.00006
Agrobacterium salinitolerans	1183413	S	576	211	787	0.00005
Agrobacterium rhizogenes	359	S	538	1201	1739	0.00011
Neorhizobium galegae	399	S	5962	1743	7705	0.00049
Neorhizobium sp. SOG26	2060726	S	1864	406	2270	0.00014
Neorhizobium sp. NCHU2750	1825976	S	1702	418	2120	0.00014
Pseudorhizobium flavum	1335061	S	1405	915	2320	0.00015
Pseudorhizobium banfieldiae	1125847	S	1361	803	2164	0.00014
Sinorhizobium meliloti	382	S	13877	11560	25437	0.00162
Sinorhizobium fredii	380	S	8953	11989	20942	0.00134
Sinorhizobium americanum	194963	S	3335	1320	4655	0.00030
Sinorhizobium sp. BG8	2613773	S	2218	392	2610	0.00017
Sinorhizobium sp. CCBAU 05631	794846	S	508	720	1228	0.00008
Sinorhizobium medicae	110321	S	2671	374	3045	0.00019
Ensifer adhaerens	106592	S	5707	3415	9122	0.00058
Ensifer mexicanus	375549	S	4151	670	4821	0.00031
Ensifer alkalisoli	1752398	S	2796	569	3365	0.00021
Ensifer sojae	716925	S	2676	996	3672	0.00023
Ensifer sp. PDNC004	2811423	S	1949	820	2769	0.00018
Ensifer sp. T173	555315	S	470	1866	2336	0.00015
Shinella sp. HZN7	879274	S	3695	3256	6951	0.00044
Shinella sp. PSBB067	2715959	S	2880	2244	5124	0.00033
Shinella sp. XGS7	2877941	S	2481	2351	4832	0.00031
Shinella sp. H4-D48	2925841	S	1191	490	1681	0.00011
Shinella zoogloeoides	352475	S	2808	4089	6897	0.00044
Shinella oryzae	2871820	S	1620	741	2361	0.00015
Ciceribacter thiooxidans	1969821	S	2426	518	2944	0.00019
Georhizobium profundi	2341112	S	2395	572	2967	0.00019
Peteryoungia desertarenae	1813451	S	791	150	941	0.00006
Candidatus Liberibacter asiaticus	34021	S	27	49	76	0.00000
Candidatus Liberibacter solanacearum	556287	S	26	3	29	0.00000
Liberibacter crescens	1273132	S	19	3	22	0.00000
Candidatus Liberibacter americanus	309868	S	13	2	15	0.00000
Candidatus Liberibacter africanus	34020	S	12	1	13	0.00000
Mesorhizobium sp. 8	2584466	S	5250	1363	6613	0.00042
Mesorhizobium sp. DCY119	2108445	S	3832	971	4803	0.00031
Mesorhizobium sp. Pch-S	2082387	S	3227	479	3706	0.00024
Mesorhizobium sp. L-2-11	2744521	S	3154	1300	4454	0.00028
Mesorhizobium sp. M3A.F.Ca.ET.080.04.2.1	2493676	S	3049	992	4041	0.00026
Mesorhizobium sp. B1-1-8	2589976	S	2993	810	3803	0.00024
Mesorhizobium sp. M1B.F.Ca.ET.045.04.1.1	2493673	S	2942	1201	4143	0.00026
Mesorhizobium sp. J8	2777475	S	2898	1003	3901	0.00025
Mesorhizobium sp. M1E.F.Ca.ET.045.02.1.1	2493672	S	2877	1529	4406	0.00028
Mesorhizobium sp. B2-1-1	2589974	S	2833	693	3526	0.00023
Mesorhizobium sp. M1D.F.Ca.ET.043.01.1.1	2493669	S	2754	1755	4509	0.00029
Mesorhizobium sp. 131-2-1	2744518	S	2700	1526	4226	0.00027
Mesorhizobium sp. M9A.F.Ca.ET.002.03.1.2	2493668	S	2680	1307	3987	0.00025
Mesorhizobium sp. M1A.F.Ca.IN.022.06.1.1	2493680	S	2665	910	3575	0.00023
Mesorhizobium sp. B2-8-5	2589903	S	2633	935	3568	0.00023
Mesorhizobium sp. PAMC28654	2880934	S	2481	502	2983	0.00019
Mesorhizobium sp. M4B.F.Ca.ET.058.02.1.1	2493675	S	2445	1102	3547	0.00023
Mesorhizobium sp. INR15	2654248	S	2445	378	2823	0.00018
Mesorhizobium sp. M6A.T.Cr.TU.016.01.1.1	2493677	S	2398	858	3256	0.00021
Mesorhizobium sp. B4-1-4	2589888	S	1965	510	2475	0.00016
Mesorhizobium sp. B2-1-8	2589967	S	1933	635	2568	0.00016
Mesorhizobium sp. L-8-10	2744523	S	1743	5814	7557	0.00048
Mesorhizobium sp. M7D.F.Ca.US.005.01.1.1	2493678	S	1683	616	2299	0.00015
Mesorhizobium sp. NZP2077	2483404	S	1590	564	2154	0.00014
Mesorhizobium sp. M2A.F.Ca.ET.043.05.1.1	2493671	S	1580	1427	3007	0.00019
Mesorhizobium sp. M8A.F.Ca.ET.057.01.1.1	2493679	S	1571	638	2209	0.00014
Mesorhizobium sp. AA22	1854057	S	1529	1033	2562	0.00016
Mesorhizobium sp. M7A.F.Ce.TU.012.03.2.1	2493681	S	1467	576	2043	0.00013
Mesorhizobium sp. L-8-3	2744522	S	1455	4986	6441	0.00041
Mesorhizobium sp. 113-3-3	2744516	S	1375	809	2184	0.00014
Mesorhizobium sp. 113-1-2	2744515	S	1323	697	2020	0.00013
Mesorhizobium sp. NBSH29	2654249	S	1320	102	1422	0.00009
Mesorhizobium sp. NZP2298	2483403	S	1130	718	1848	0.00012
Mesorhizobium sp. 113-3-9	2744517	S	1092	868	1960	0.00013
Mesorhizobium sp. M2A.F.Ca.ET.046.03.2.1	2493674	S	942	2655	3597	0.00023
Mesorhizobium sp. M2A.F.Ca.ET.043.02.1.1	2493670	S	828	2219	3047	0.00019
Mesorhizobium sp. WSM1497	278153	S	360	775	1135	0.00007
Mesorhizobium sp. 131-2-5	2744519	S	295	2126	2421	0.00015
Mesorhizobium sp. NZP2234	2483402	S	196	749	945	0.00006
Mesorhizobium sp. 131-3-5	2744520	S	191	631	822	0.00005
Mesorhizobium terrae	2725666	S	3236	1170	4406	0.00028
Mesorhizobium opportunistum	593909	S	3142	1390	4532	0.00029
Mesorhizobium amorphae	71433	S	2491	651	3142	0.00020
Mesorhizobium ciceri	39645	S	2078	5313	7391	0.00047
Mesorhizobium loti	381	S	1787	15330	17117	0.00109
Mesorhizobium australicum	536018	S	1698	571	2269	0.00014
Mesorhizobium huakuii	28104	S	1582	1142	2724	0.00017
Mesorhizobium erdmanii	1777866	S	1459	446	1905	0.00012
Mesorhizobium japonicum	2066070	S	1360	1089	2449	0.00016
Aquibium microcysteis	675281	S	6688	2077	8765	0.00056
Aquibium oceanicum	1670800	S	5258	1348	6606	0.00042
Aminobacter sp. MSH1	374606	S	3285	2118	5403	0.00035
Aminobacter sp. SR38	2774562	S	718	3094	3812	0.00024
Aminobacter sp. MDW-2	2666139	S	483	2285	2768	0.00018
Aminobacter aminovorans	83263	S	528	1781	2309	0.00015
Nitratireductor sp. SY7	2599600	S	4432	908	5340	0.00034
Nitratireductor sp. OM-1	1756988	S	2174	407	2581	0.00016
Nitratireductor kimnyeongensis	430679	S	1375	216	1591	0.00010
Phyllobacterium sp. T1018	555316	S	1456	205	1661	0.00011
Phyllobacterium sp. 628	2718938	S	694	113	807	0.00005
Phyllobacterium sp. T1293	555317	S	621	90	711	0.00005
Phyllobacterium zundukense	1867719	S	1558	240	1798	0.00011
Roseitalea porphyridii	1852022	S	3507	653	4160	0.00027
Hoeflea sp. IMCC20628	1620421	S	1295	141	1436	0.00009
Hoeflea phototrophica	244596	S	1246	167	1413	0.00009
Oricola thermophila	2742145	S	2471	372	2843	0.00018
Salaquimonas pukyongi	2712698	S	990	47	1037	0.00007
Lentilitoribacter sp. Alg239-R112	2305987	S	78	1	79	0.00001
Methylobacterium nodulans	114616	S	10009	1440	11449	0.00073
Methylobacterium sp. 17Sr1-1	2202826	S	4196	2144	6340	0.00040
Methylobacterium sp. WL1	2603276	S	3903	866	4769	0.00030
Methylobacterium sp. C1	1479019	S	482	3568	4050	0.00026
Methylobacterium sp. XJLW	739141	S	331	4213	4544	0.00029
Methylobacterium aquaticum	270351	S	8356	3948	12304	0.00079
Methylobacterium durans	2202825	S	6068	982	7050	0.00045
Methylobacterium currus	2051553	S	5601	2526	8127	0.00052
Methylobacterium radiodurans	2202828	S	5514	1515	7029	0.00045
Methylobacterium terrae	2202827	S	4387	2184	6571	0.00042
Methylobacterium organophilum	410	S	4370	2644	7014	0.00045
Methylobacterium brachiatum	269660	S	4091	1592	5683	0.00036
Methylobacterium mesophilicum	39956	S	3906	871	4777	0.00031
Methylobacterium tardum	374432	S	3882	1433	5315	0.00034
Methylobacterium indicum	1775910	S	3626	1927	5553	0.00035
Methylobacterium oryzae	334852	S	3182	4576	7758	0.00050
Methylobacterium radiotolerans	31998	S	1526	8341	9867	0.00063
Methylobacterium phyllosphaerae	418223	S	599	2138	2737	0.00017
Microvirga sp. VF16	2807101	S	22002	3704	25706	0.00164
Microvirga sp. 17 mud 1-3	2082949	S	6431	1473	7904	0.00050
Microvirga ossetica	1882682	S	18384	3490	21874	0.00140
Microvirga thermotolerans	2651334	S	8507	2540	11047	0.00071
Methylorubrum populi	223967	S	7234	3535	10769	0.00069
Methylorubrum extorquens	408	S	5618	9856	15474	0.00099
Methylorubrum sp. B1-46	2897334	S	2659	1222	3881	0.00025
Methylorubrum zatmanii	29429	S	153	822	975	0.00006
Pseudolabrys taiwanensis	331696	S	10513	2001	12514	0.00080
Pseudolabrys sp. FHR47	2562284	S	7696	1561	9257	0.00059
Xanthobacter dioxanivorans	2528964	S	6339	2352	8691	0.00056
Xanthobacter sp. YC-JY1	2419844	S	2025	2130	4155	0.00027
Xanthobacter autotrophicus	280	S	1939	2196	4135	0.00026
Starkeya sp. ORNL1	2709380	S	6851	1542	8393	0.00054
Starkeya novella	921	S	6013	2472	8485	0.00054
Ancylobacter sp. TS-1	1850374	S	4247	1973	6220	0.00040
Ancylobacter polymorphus	223390	S	3831	2065	5896	0.00038
Ancylobacter pratisalsi	1745854	S	3406	870	4276	0.00027
Labrys sp. KNU-23	2789216	S	4417	512	4929	0.00031
Azorhizobium caulinodans	7	S	4290	1013	5303	0.00034
Rhodoplanes sp. Z2-YC6860	674703	S	24360	2708	27068	0.00173
Hyphomicrobium denitrificans	53399	S	4332	550	4882	0.00031
Hyphomicrobium nitrativorans	1427356	S	3709	349	4058	0.00026
Hyphomicrobium sp. MC1	717785	S	2331	174	2505	0.00016
Methyloceanibacter sp. wino2	2170729	S	2498	607	3105	0.00020
Methyloceanibacter caenitepidi	1384459	S	2463	561	3024	0.00019
Aquabacter sp. L1I39	2820278	S	3661	694	4355	0.00028
Methyloligella sp. GL2	2742204	S	3512	475	3987	0.00025
Rhodomicrobium vannielii	1069	S	2843	215	3058	0.00020
Caenibius sp. WL	2872646	S	1347	274	1621	0.00010
Caenibius tardaugens	169176	S	966	807	1773	0.00011
Candidatus Filomicrobium marinum	1608628	S	1237	39	1276	0.00008
Bosea sp. Tri-49	1867715	S	6328	1587	7915	0.00051
Bosea sp. RAC05	1842539	S	5822	2048	7870	0.00050
Bosea sp. F3-2	2599640	S	5816	2019	7835	0.00050
Bosea sp. AS-1	2015316	S	4800	1646	6446	0.00041
Bosea sp. ANAM02	2020412	S	4784	1926	6710	0.00043
Bosea sp. PAMC 26642	1792307	S	4143	952	5095	0.00033
Bosea vaviloviae	1526658	S	4848	1251	6099	0.00039
Devosia sp. A16	1736675	S	6521	841	7362	0.00047
Devosia sp. SL43	2806348	S	2152	400	2552	0.00016
Devosia sp. JXJ CY 41	2917991	S	2135	394	2529	0.00016
Devosia sp. 1566	2499144	S	2039	228	2267	0.00014
Devosia sp. I507	2083786	S	1687	507	2194	0.00014
Devosia sp. MC521	2759954	S	722	119	841	0.00005
Devosia ginsengisoli	400770	S	2640	493	3133	0.00020
Devosia beringensis	2657486	S	2251	342	2593	0.00017
Devosia salina	2860336	S	2205	735	2940	0.00019
Devosia oryziradicis	2801335	S	2066	388	2454	0.00016
Devosia rhizoryzae	2774137	S	1912	213	2125	0.00014
Youhaiella tibetensis	1447062	S	3143	735	3878	0.00025
Paradevosia shaoguanensis	1335043	S	3101	1199	4300	0.00027
Pelagibacterium halotolerans	531813	S	1816	221	2037	0.00013
Maritalea myrionectae	454601	S	319	11	330	0.00002
Aureimonas sp. SA4125	2826993	S	4306	893	5199	0.00033
Aureimonas sp. AU20	1349819	S	3689	595	4284	0.00027
Aureimonas sp. OT7	2816454	S	1970	1724	3694	0.00024
Aureimonas populi	1701758	S	3355	718	4073	0.00026
Aureimonas mangrovi	2758041	S	3013	701	3714	0.00024
Aureimonas altamirensis	370622	S	1811	656	2467	0.00016
Martelella sp. AD-3	686597	S	1074	3067	4141	0.00026
Martelella mediterranea	293089	S	2017	791	2808	0.00018
Martelella endophytica	1486262	S	1680	412	2092	0.00013
Martelella lutilitoris	2583532	S	1034	900	1934	0.00012
Aurantimonas sp. HBX-1	2906072	S	5785	1918	7703	0.00049
Methylocystis bryophila	655015	S	2907	319	3226	0.00021
Methylocystis parvus	134	S	2659	341	3000	0.00019
Methylocystis heyeri	391905	S	2592	313	2905	0.00019
Methylocystis sp. SC2	187303	S	1768	479	2247	0.00014
Methylocystis sp. SB2	743836	S	652	1002	1654	0.00011
Methylocystis rosea	173366	S	1889	1403	3292	0.00021
Methylosinus trichosporium	426	S	3541	774	4315	0.00028
Methylosinus sp. C49	2699395	S	3077	661	3738	0.00024
Nordella sp. HKS 07	2712222	S	8738	543	9281	0.00059
Pseudorhodoplanes sinuspersici	1235591	S	8736	733	9469	0.00060
Terrihabitans soli	708113	S	4432	564	4996	0.00032
Candidatus Hodgkinia cicadicola	573658	S	60	0	60	0.00000
Stappia indica	538381	S	5469	1441	6910	0.00044
Stappia sp. ES.058	1881061	S	2830	391	3221	0.00021
Roseibium aggregatum	187304	S	2872	429	3301	0.00021
Roseibium alexandrii	388408	S	825	80	905	0.00006
Pannonibacter phragmitetus	121719	S	3636	2827	6463	0.00041
Labrenzia sp. VG12	2021862	S	1550	199	1749	0.00011
Labrenzia sp. PHM005	2590016	S	731	59	790	0.00005
Labrenzia sp. THAF82	2587861	S	685	47	732	0.00005
Pseudovibrio brasiliensis	1898042	S	282	104	386	0.00002
Pseudovibrio sp. FO-BEG1	911045	S	264	99	363	0.00002
Phreatobacter stygius	1940610	S	6958	1166	8124	0.00052
Phreatobacter cathodiphilus	1868589	S	6444	2122	8566	0.00055
Phreatobacter sp. NMCR1094	2570229	S	4341	910	5251	0.00034
Kaustia mangrovi	2593653	S	8367	911	9278	0.00059
Parvibaculum lavamentivorans	256618	S	3213	2258	5471	0.00035
Pyruvatibacter mobilis	1712261	S	2188	293	2481	0.00016
Candidatus Phaeomarinobacter ectocarpi	1458461	S	893	48	941	0.00006
Chelatococcus sp. CO-6	1702325	S	7468	4565	12033	0.00077
Chelatococcus daeguensis	444444	S	3517	2081	5598	0.00036
Blastochloris tepida	2233851	S	5517	2087	7604	0.00049
Blastochloris viridis	1079	S	4619	1399	6018	0.00038
Methylocella silvestris	199596	S	2603	315	2918	0.00019
Methylocella tundrae	227605	S	2227	227	2454	0.00016
Methylovirgula ligni	569860	S	2168	280	2448	0.00016
Methylovirgula sp. HY1	2822761	S	1737	109	1846	0.00012
Beijerinckia indica	533	S	1181	97	1278	0.00008
Acuticoccus sp. I52.16.1	2928472	S	7440	897	8337	0.00053
Kaistia sp. 32K	2795690	S	6090	1704	7794	0.00050
Brucella anthropi	529	S	1181	8804	9985	0.00064
Brucella intermedia	94625	S	1012	194	1206	0.00008
Brucella sp. BTU1	2840456	S	180	33	213	0.00001
Brucella sp. 10RB9215	1149953	S	54	54	108	0.00001
Brucella sp. 2280	2592625	S	44	81	125	0.00001
Brucella sp. 6810	2769351	S	44	65	109	0.00001
Brucella sp. 09RB8910	1844051	S	41	39	80	0.00001
Brucella sp. 09RB8471	1149952	S	35	59	94	0.00001
Brucella sp. BO3	2691913	S	34	51	85	0.00001
Brucella sp. BO2	693750	S	32	67	99	0.00001
Brucella sp. 458	2821140	S	25	50	75	0.00000
[Ochrobactrum] quorumnocens	271865	S	431	71	502	0.00003
Brucella pseudogrignonensis	419475	S	263	80	343	0.00002
Brucella pituitosa	571256	S	143	48	191	0.00001
Brucella melitensis	29459	S	72	2857	2929	0.00019
Brucella inopinata	1218315	S	33	31	64	0.00000
Brucella suis	29461	S	31	608	639	0.00004
Brucella abortus	235	S	21	685	706	0.00005
Brucella ovis	236	S	11	27	38	0.00000
Pseudochrobactrum sp. Wa41.01b-1	2864102	S	115	114	229	0.00001
Pseudochrobactrum sp. XF203	2879116	S	106	95	201	0.00001
Pseudochrobactrum algeriensis	2834768	S	111	109	220	0.00001
Hartmannibacter diazotrophicus	1482074	S	4125	836	4961	0.00032
Breoghania sp. L-A4	2304600	S	3996	590	4586	0.00029
Lichenihabitans psoromatis	2528642	S	1341	761	2102	0.00013
Lichenihabitans sp. PAMC28606	2880932	S	1063	701	1764	0.00011
Cohaesibacter sp. ES.047	1798205	S	713	31	744	0.00005
Bartonella apis	1686310	S	278	20	298	0.00002
Bartonella sp. HY038	2759660	S	50	9	59	0.00000
Bartonella sp. 46A	2893471	S	16	18	34	0.00000
Bartonella sp. WD16.2	1933904	S	11	39	50	0.00000
Bartonella australis	388640	S	23	4	27	0.00000
Bartonella quintana	803	S	22	11	33	0.00000
Bartonella vinsonii	33047	S	17	24	41	0.00000
Bartonella ancashensis	1318743	S	12	3	15	0.00000
Bartonella henselae	38323	S	10	8	18	0.00000
Bartonella bacilliformis	774	S	10	3	13	0.00000
Sphingomonas sp. S8-45	2938948	S	19367	2641	22008	0.00141
Sphingomonas sp. HDW15A	2714942	S	17899	1605	19504	0.00125
Sphingomonas sp. DM2-R-LB4	2899123	S	12804	4857	17661	0.00113
Sphingomonas sp. MM-1	745310	S	8656	12130	20786	0.00133
Sphingomonas sp. CL5.1	2653203	S	7729	2908	10637	0.00068
Sphingomonas sp. AK-PDB1-5	2872652	S	7590	1396	8986	0.00057
Sphingomonas sp. Cra20	1327635	S	7060	1291	8351	0.00053
Sphingomonas sp. AP4-R1	2735134	S	6864	983	7847	0.00050
Sphingomonas sp. LM7	1938607	S	6165	1564	7729	0.00049
Sphingomonas sp. S2-65	2903960	S	5577	1260	6837	0.00044
Sphingomonas sp. NBWT7	2596913	S	5470	2022	7492	0.00048
Sphingomonas sp. FARSPH	2219696	S	5302	4949	10251	0.00065
Sphingomonas sp. AAP5	1523415	S	5224	1530	6754	0.00043
Sphingomonas sp. KC8	1030157	S	4064	580	4644	0.00030
Sphingomonas sp. PAMC26645	2565555	S	4057	1596	5653	0.00036
Sphingomonas sp. HMP9	1517554	S	3929	2053	5982	0.00038
Sphingomonas sp. HMP6	1517551	S	3548	815	4363	0.00028
Sphingomonas sp. LK11	1390395	S	2572	3088	5660	0.00036
Sphingomonas sp. NIC1	1961362	S	2284	8518	10802	0.00069
Sphingomonas sp. IC081	304378	S	728	5132	5860	0.00037
Sphingomonas lutea	1045317	S	39323	5707	45030	0.00288
Sphingomonas sediminicola	386874	S	38481	4188	42669	0.00272
Sphingomonas daechungensis	1176646	S	33691	3701	37392	0.00239
Sphingomonas sabuli	2764186	S	27341	3747	31088	0.00199
Sphingomonas ginsengisoli An et al. 2013	363835	S	27104	4161	31265	0.00200
Sphingomonas sinipercae	2714944	S	26511	3989	30500	0.00195
Sphingomonas rhizophila	2071607	S	23984	6968	30952	0.00198
Sphingomonas xanthus	2594473	S	23396	5957	29353	0.00187
Sphingomonas piscis	2714943	S	17717	1832	19549	0.00125
Sphingomonas profundi	2681549	S	9724	1748	11472	0.00073
Sphingomonas alpina	653931	S	8887	836	9723	0.00062
Sphingomonas sanxanigenens	397260	S	8555	4617	13172	0.00084
Sphingomonas changnyeongensis	2698679	S	6958	1505	8463	0.00054
Sphingomonas koreensis	93064	S	6478	5583	12061	0.00077
Sphingomonas taxi	1549858	S	5740	2061	7801	0.00050
Sphingomonas hengshuiensis	1609977	S	5714	848	6562	0.00042
Sphingomonas panacis	1560345	S	5306	886	6192	0.00040
Sphingomonas panacisoli	1813879	S	5239	805	6044	0.00039
Sphingomonas suaedae	2599297	S	5017	741	5758	0.00037
Sphingomonas radiodurans	2890321	S	4545	680	5225	0.00033
Sphingomonas insulae	424800	S	3844	1269	5113	0.00033
Sphingomonas aliaeris	2759526	S	3664	521	4185	0.00027
Sphingomonas paucimobilis	13689	S	3357	2540	5897	0.00038
Sphingomonas sanguinis	33051	S	2727	2863	5590	0.00036
Sphingomonas melonis	152682	S	2425	10061	12486	0.00080
Sphingomonas lacunae	2698828	S	2023	298	2321	0.00015
Sphingomonas paeninsulae	2319844	S	1538	73	1611	0.00010
Sphingobium sp. SYK-6	627192	S	4622	1367	5989	0.00038
Sphingobium sp. Cam5-1	2789327	S	3703	1452	5155	0.00033
Sphingobium sp. TKS	1315974	S	2535	3842	6377	0.00041
Sphingobium sp. EP60837	1855519	S	2448	735	3183	0.00020
Sphingobium sp. YG1	2082188	S	2427	1120	3547	0.00023
Sphingobium sp. CAP-1	2676077	S	2365	1597	3962	0.00025
Sphingobium sp. SCG-1	2072936	S	2200	180	2380	0.00015
Sphingobium sp. RAC03	1843368	S	2138	424	2562	0.00016
Sphingobium sp. KCTC 72723	2733867	S	1757	331	2088	0.00013
Sphingobium sp. MI1205	407020	S	1679	2493	4172	0.00027
Sphingobium sp. PAMC28499	2565554	S	644	1367	2011	0.00013
Sphingobium sp. YBL2	484429	S	293	2067	2360	0.00015
Sphingobium sp. RSMS	520734	S	214	1359	1573	0.00010
Sphingobium sp. LF-16	2185111	S	53	925	978	0.00006
Sphingobium yanoikuyae	13690	S	4145	8505	12650	0.00081
Sphingobium indicum	332055	S	2992	2333	5325	0.00034
Sphingobium phenoxybenzoativorans	1592790	S	2972	1288	4260	0.00027
Sphingobium amiense	135719	S	2951	3944	6895	0.00044
Sphingobium cloacae	120107	S	2583	4094	6677	0.00043
Sphingobium xenophagum	121428	S	2241	1621	3862	0.00025
Sphingobium chlorophenolicum	46429	S	2237	1099	3336	0.00021
Sphingobium baderi	1332080	S	2032	2135	4167	0.00027
Sphingobium herbicidovorans	76947	S	1661	1537	3198	0.00020
Sphingobium fuliginis	336203	S	940	4064	5004	0.00032
Sphingopyxis sp. QXT-31	1357916	S	3982	1267	5249	0.00034
Sphingopyxis sp. YF1	2482763	S	3933	1018	4951	0.00032
Sphingopyxis sp. PAMC25046	2565556	S	3725	1916	5641	0.00036
Sphingopyxis sp. OPL5	2486273	S	3645	792	4437	0.00028
Sphingopyxis sp. 113P3	292913	S	3527	1511	5038	0.00032
Sphingopyxis sp. BSN-002	2911495	S	3329	677	4006	0.00026
Sphingopyxis sp. FD7	1914525	S	3029	1416	4445	0.00028
Sphingopyxis sp. EG6	1874061	S	2698	1497	4195	0.00027
Sphingopyxis sp. MG	1866325	S	141	1462	1603	0.00010
Sphingopyxis macrogoltabida	33050	S	5982	3270	9252	0.00059
Sphingopyxis terrae	33052	S	3675	2135	5810	0.00037
Sphingopyxis lindanitolerans	2054227	S	3300	1765	5065	0.00032
Sphingopyxis granuli	267128	S	2875	8866	11741	0.00075
Sphingopyxis fribergensis	1515612	S	2875	1285	4160	0.00027
Sphingopyxis alaskensis	117207	S	2799	721	3520	0.00022
Novosphingobium sp. Gsoil 351	2675225	S	5111	473	5584	0.00036
Novosphingobium sp. Sx8-5	2896849	S	4227	630	4857	0.00031
Novosphingobium sp. EMRT-2	2571749	S	3601	2299	5900	0.00038
Novosphingobium sp. P6W	1609758	S	3044	545	3589	0.00023
Novosphingobium sp. ES2-1	2780074	S	2125	1187	3312	0.00021
Novosphingobium sp. THN1	1016987	S	2099	821	2920	0.00019
Novosphingobium sp. PP1Y	702113	S	1476	1785	3261	0.00021
Novosphingobium sp. KA1	164608	S	707	4061	4768	0.00030
Novosphingobium resinovorum	158500	S	3839	2033	5872	0.00037
Novosphingobium aromaticivorans	48935	S	3247	1610	4857	0.00031
Novosphingobium decolorationis	2698673	S	3142	1862	5004	0.00032
Novosphingobium ginsenosidimutans	1176536	S	2671	296	2967	0.00019
Novosphingobium pentaromativorans	205844	S	1462	2676	4138	0.00026
Rhizorhabdus wittichii	160791	S	10204	6646	16850	0.00108
Rhizorhabdus dicambivorans	1850238	S	6334	5790	12124	0.00077
Rhizorhabdus phycosphaerae	2711156	S	4555	633	5188	0.00033
Allosphingosinicella indica	941907	S	16037	2155	18192	0.00116
Sphingosinithalassobacter sp. CS137	2762748	S	5465	1234	6699	0.00043
Sphingosinithalassobacter tenebrarum	2711215	S	3940	1323	5263	0.00034
Parasphingopyxis algicola	2026624	S	5330	372	5702	0.00036
Parasphingopyxis sp. CP4	2724527	S	1303	62	1365	0.00009
Sphingorhabdus sp. YGSMI21	2077182	S	1532	278	1810	0.00012
Sphingorhabdus sp. SMR4y	2584094	S	1358	253	1611	0.00010
Sphingorhabdus sp. M41	1806885	S	1124	157	1281	0.00008
Sphingorhabdus lacus	392610	S	935	43	978	0.00006
Sphingorhabdus lutea	1913578	S	131	10	141	0.00001
Blastomonas sp. RAC04	1842535	S	1127	1824	2951	0.00019
Blastomonas fulva	1550728	S	878	1814	2692	0.00017
Hankyongella ginsenosidimutans	1763828	S	3396	716	4112	0.00026
Tardibacter chloracetimidivorans	1921510	S	3394	2988	6382	0.00041
Novosphingopyxis iocasae	2762729	S	2432	1455	3887	0.00025
Citromicrobium sp. JL477	1634516	S	2384	1176	3560	0.00023
Aquisediminimonas profunda	1550733	S	1350	57	1407	0.00009
Parasphingorhabdus halotolerans	2725558	S	456	20	476	0.00003
Parasphingorhabdus sp. JHSY0214	2806553	S	447	38	485	0.00003
Parasphingorhabdus litoris	394733	S	376	33	409	0.00003
Erythrobacter sp. HL-111	1798193	S	3096	620	3716	0.00024
Erythrobacter sp. HKB08	2502843	S	2329	531	2860	0.00018
Erythrobacter sp. SDW2	2907154	S	2325	644	2969	0.00019
Erythrobacter sp. JK5	2829500	S	2086	650	2736	0.00017
Erythrobacter sp. THAF29	2587851	S	1374	333	1707	0.00011
Erythrobacter sp. 3-20A1M	2653850	S	1186	1872	3058	0.00020
Erythrobacter sp. LQ02-29	2920384	S	1160	1287	2447	0.00016
Erythrobacter sp. A30-3	2785907	S	1088	895	1983	0.00013
Erythrobacter sp. KY5	2011159	S	1037	86	1123	0.00007
Erythrobacter sp. SCSIO 43205	2779361	S	596	119	715	0.00005
Erythrobacter litoralis	39960	S	4075	1814	5889	0.00038
Erythrobacter neustonensis	1112	S	1702	417	2119	0.00014
Erythrobacter mangrovi	2739433	S	1694	632	2326	0.00015
Erythrobacter aureus	2182384	S	1368	261	1629	0.00010
Porphyrobacter sp. CACIAM 03H1	2003315	S	3163	998	4161	0.00027
Porphyrobacter sp. LM 6	1896196	S	1691	635	2326	0.00015
Porphyrobacter sp. HT-58-2	2023229	S	1614	414	2028	0.00013
Porphyrobacter sp. GA68	2883480	S	1599	723	2322	0.00015
Qipengyuania flava	192812	S	4714	2780	7494	0.00048
Qipengyuania sediminis	1532023	S	2877	438	3315	0.00021
Qipengyuania soli	2782568	S	2001	387	2388	0.00015
Qipengyuania aurantiaca	2867233	S	1628	564	2192	0.00014
Qipengyuania gelatinilytica	2867231	S	1350	267	1617	0.00010
Qipengyuania seohaensis	266951	S	1147	254	1401	0.00009
Qipengyuania xiapuensis	2867236	S	928	939	1867	0.00012
Qipengyuania psychrotolerans	2867238	S	838	114	952	0.00006
Qipengyuania aquimaris	255984	S	831	851	1682	0.00011
Altererythrobacter sp. B11	2060312	S	3325	1655	4980	0.00032
Altererythrobacter sp. TH136	2067415	S	2682	528	3210	0.00021
Altererythrobacter sp. BO-6	2604537	S	1617	267	1884	0.00012
Altererythrobacter sp. ZODW24	2185142	S	578	30	608	0.00004
Altererythrobacter epoxidivorans	361183	S	1323	395	1718	0.00011
Altererythrobacter ishigakiensis	476157	S	510	41	551	0.00004
Tsuneonella amylolytica	2338327	S	3283	991	4274	0.00027
Tsuneonella dongtanensis	692370	S	3238	669	3907	0.00025
Tsuneonella mangrovi	1982042	S	2116	336	2452	0.00016
Tsuneonella flava	2055955	S	930	291	1221	0.00008
Croceicoccus sp. YJ47	2798724	S	1962	1144	3106	0.00020
Croceicoccus sp. Ery5	1703340	S	687	809	1496	0.00010
Croceicoccus sp. Ery15	1703338	S	538	910	1448	0.00009
Croceicoccus marinus	450378	S	3617	1998	5615	0.00036
Croceicoccus naphthovorans	1348774	S	1395	1731	3126	0.00020
Pelagerythrobacter marensis	543877	S	2111	313	2424	0.00015
Aurantiacibacter gangjinensis	502682	S	1494	155	1649	0.00011
Aurantiacibacter atlanticus	1648404	S	596	205	801	0.00005
Paraurantiacibacter namhicola	645517	S	1877	259	2136	0.00014
Croceibacterium atlanticum	1267766	S	1615	721	2336	0.00015
Sphingosinicella sp. BN140058	1892855	S	14529	1431	15960	0.00102
Sphingosinicella flava	2771430	S	7618	1205	8823	0.00056
Sphingosinicella microcystinivorans	335406	S	3659	501	4160	0.00027
Polymorphobacter sp. PAMC 29362	2835787	S	2106	1486	3592	0.00023
Polymorphobacter sp. PAMC 29334	2862331	S	1933	1407	3340	0.00021
Sandaracinobacter sp. M6	2759707	S	3130	233	3363	0.00021
Zymomonas mobilis	542	S	201	176	377	0.00002
Azospirillum brasilense	192	S	13574	11618	25192	0.00161
Azospirillum sp. B510	137722	S	3688	1374	5062	0.00032
Azospirillum sp. TSA2s	709810	S	3130	2350	5480	0.00035
Azospirillum sp. TSH100	652764	S	3066	1404	4470	0.00029
Azospirillum sp. TSH58	664962	S	2547	3307	5854	0.00037
Azospirillum thermophilum	2202148	S	9597	2197	11794	0.00075
Azospirillum thiophilum	528244	S	4820	1559	6379	0.00041
Azospirillum ramasamyi	682998	S	3000	1700	4700	0.00030
Azospirillum humicireducens	1226968	S	2445	1398	3843	0.00025
Azospirillum lipoferum	193	S	2402	1736	4138	0.00026
Azospirillum oryzae	286727	S	2193	1853	4046	0.00026
Azospirillum baldaniorum	1064539	S	1625	3206	4831	0.00031
Skermanella mucosa	1789672	S	6135	4174	10309	0.00066
Skermanella sp. TT6	2775420	S	5518	5585	11103	0.00071
Skermanella rosea	1817965	S	5173	4599	9772	0.00062
Skermanella pratensis	2233999	S	4817	2621	7438	0.00048
Nitrospirillum amazonense	28077	S	5319	635	5954	0.00038
Indioceanicola profundi	2220096	S	4792	680	5472	0.00035
Niveispirillum cyanobacteriorum	1612173	S	2243	249	2492	0.00016
Roseomonas sp. OT10	2897332	S	11722	2917	14639	0.00093
Roseomonas sp. S08	1750527	S	11412	722	12134	0.00077
Roseomonas sp. FDAARGOS_362	2018065	S	902	4170	5072	0.00032
Roseomonas gilardii	257708	S	7685	3319	11004	0.00070
Roseomonas haemaphysalidis	2768162	S	6635	760	7395	0.00047
Roseomonas marmotae	2768161	S	5980	678	6658	0.00043
Roseomonas mucosa	207340	S	734	3979	4713	0.00030
Rhodovastum atsumiense	504468	S	8464	862	9326	0.00060
Roseococcus microcysteis	2771361	S	6691	625	7316	0.00047
Komagataeibacter xylinus	28448	S	1514	2692	4206	0.00027
Komagataeibacter saccharivorans	265959	S	644	237	881	0.00006
Komagataeibacter nataicola	265960	S	521	245	766	0.00005
Komagataeibacter europaeus	33995	S	460	237	697	0.00004
Komagataeibacter oboediens	65958	S	440	218	658	0.00004
Komagataeibacter medellinensis	1177712	S	382	322	704	0.00004
Komagataeibacter rhaeticus	215221	S	25	433	458	0.00003
Acidiphilium multivorum	62140	S	1237	4932	6169	0.00039
Acidiphilium cryptum	524	S	254	1617	1871	0.00012
Sediminicoccus rosea	1225128	S	4324	224	4548	0.00029
Lichenicola cladoniae	1484109	S	3545	173	3718	0.00024
Acidibrevibacterium fodinaquatile	1969806	S	3487	308	3795	0.00024
Acetobacter aceti	435	S	1347	502	1849	0.00012
Acetobacter sp. KACC 21233	2592655	S	336	73	409	0.00003
Acetobacter persici	1076596	S	301	44	345	0.00002
Acetobacter ghanensis	431306	S	176	46	222	0.00001
Acetobacter pasteurianus	438	S	111	327	438	0.00003
Acetobacter ascendens	481146	S	87	109	196	0.00001
Acetobacter senegalensis	446692	S	77	107	184	0.00001
Acetobacter tropicalis	104102	S	73	95	168	0.00001
Acetobacter orientalis	146474	S	68	10	78	0.00000
Acetobacter oryzoeni	2500548	S	26	58	84	0.00001
Gluconacetobacter diazotrophicus	33996	S	2326	498	2824	0.00018
Gluconobacter oxydans	442	S	773	797	1570	0.00010
Gluconobacter albidus	318683	S	418	76	494	0.00003
Gluconobacter sphaericus	574987	S	255	61	316	0.00002
Gluconobacter frateurii	38308	S	181	48	229	0.00001
Gluconobacter thailandicus	257438	S	86	64	150	0.00001
Granulibacter bethesdensis	364410	S	1457	132	1589	0.00010
Neoasaia chiangmaiensis	320497	S	950	199	1149	0.00007
Asaia bogorensis	91915	S	910	160	1070	0.00007
Kozakia baliensis	153496	S	629	229	858	0.00005
Novacetimonas hansenii	436	S	553	262	815	0.00005
Oecophyllibacter saccharovorans	2558360	S	475	16	491	0.00003
Parasaccharibacter sp. TMW 2.1888	2268025	S	29	173	202	0.00001
Parasaccharibacter apium	1510841	S	15	86	101	0.00001
Swingsia sp. F3b2	2558361	S	216	6	222	0.00001
Swingsia samuiensis	1293412	S	18	3	21	0.00000
Entomobacter blattae	2762277	S	122	9	131	0.00001
Neokomagataea tanensis	661191	S	109	18	127	0.00001
Bombella sp. KACC 21507	2697033	S	16	1	17	0.00000
Hypericibacter adhaerens	2602016	S	12610	2450	15060	0.00096
Hypericibacter terrae	2602015	S	10049	1563	11612	0.00074
Magnetospirillum sp. XM-1	1663591	S	2739	941	3680	0.00024
Magnetospirillum sp. ME-1	1639348	S	2399	895	3294	0.00021
Magnetospirillum gryphiswaldense	55518	S	3384	284988	288372	0.01842
Magnetospirillum magneticum	84159	S	2720	292	3012	0.00019
Rhodospirillum centenum	34018	S	5941	851	6792	0.00043
Rhodospirillum rubrum	1085	S	2676	204	2880	0.00018
Ferrovibrio terrae	2594003	S	6766	434	7200	0.00046
Tistrella mobilis	171437	S	6116	2676	8792	0.00056
Defluviicoccus vanus	111831	S	3401	310	3711	0.00024
Pararhodospirillum photometricum	1084	S	1888	147	2035	0.00013
Haematospirillum jordaniae	1549855	S	398	35	433	0.00003
Candidatus Endolissoclinum faulkneri	1263979	S	189	1	190	0.00001
Stella humosa	94	S	13449	946	14395	0.00092
Elioraea tepida	2843330	S	6503	336	6839	0.00044
Thalassospira sp. A40-3	2785908	S	325	137	462	0.00003
Thalassospira sp. B30-1	2785911	S	189	300	489	0.00003
Thalassospira marina	2048283	S	442	28	470	0.00003
Thalassospira indica	1891279	S	292	186	478	0.00003
Thalassospira xiamenensis	220697	S	190	285	475	0.00003
Magnetospira sp. QH-2	1288970	S	1330	45	1375	0.00009
Terasakiella sp. SH-1	2560057	S	158	4	162	0.00001
Paracoccus sp. MC1862	2760307	S	2207	253	2460	0.00016
Paracoccus sp. AK26	2589076	S	1770	326	2096	0.00013
Paracoccus sp. MA	2895796	S	1715	978	2693	0.00017
Paracoccus sp. S8-55	2903900	S	1060	155	1215	0.00008
Paracoccus sp. H4-D09	2812658	S	987	221	1208	0.00008
Paracoccus sp. Arc7-R13	2500532	S	662	726	1388	0.00009
Paracoccus sanguinis	1545044	S	3003	835	3838	0.00025
Paracoccus yeei	147645	S	2231	3689	5920	0.00038
Paracoccus liaowanqingii	2560053	S	2217	269	2486	0.00016
Paracoccus denitrificans	266	S	2047	1005	3052	0.00019
Paracoccus zhejiangensis	1077935	S	1939	493	2432	0.00016
Paracoccus aminovorans	34004	S	1896	576	2472	0.00016
Paracoccus pantotrophus	82367	S	1868	1130	2998	0.00019
Paracoccus suum	2259340	S	1751	331	2082	0.00013
Paracoccus contaminans	1945662	S	1636	394	2030	0.00013
Paracoccus jeotgali	2065379	S	1547	316	1863	0.00012
Paracoccus aminophilus	34003	S	1336	140	1476	0.00009
Paracoccus tegillarcae	1529068	S	876	56	932	0.00006
Paracoccus kondratievae	135740	S	788	162	950	0.00006
Paracoccus marcusii	59779	S	691	667	1358	0.00009
Paracoccus mutanolyticus	1499308	S	223	801	1024	0.00007
Cereibacter sphaeroides	1063	S	6731	3613	10344	0.00066
Cereibacter azotoformans	43057	S	700	2506	3206	0.00020
Rhodobacter sp. CZR27	2033869	S	2869	966	3835	0.00024
Rhodobacter sp. LPB0142	1850250	S	1986	1458	3444	0.00022
Rhodobacter sp. N10	2807096	S	1984	254	2238	0.00014
Rhodobacter capsulatus	1061	S	2518	552	3070	0.00020
Rhodovulum sp. P5	1564506	S	1383	159	1542	0.00010
Rhodovulum sp. MB263	308754	S	1245	493	1738	0.00011
Rhodovulum sulfidophilum	35806	S	2154	1313	3467	0.00022
Paroceanicella profunda	2579971	S	4501	1254	5755	0.00037
Polymorphum gilvum	991904	S	4495	1146	5641	0.00036
Pikeienuella piscinae	2748098	S	3498	348	3846	0.00025
Silicimonas algicola	1826607	S	3032	192	3224	0.00021
Pontivivens ytuae	2789856	S	2987	240	3227	0.00021
Thioclava electrotropha	1549850	S	1274	315	1589	0.00010
Thioclava nitratireducens	1915078	S	1189	405	1594	0.00010
Pelagovum pacificum	2588711	S	2439	323	2762	0.00018
Frigidibacter mobilis	1335048	S	2067	905	2972	0.00019
Brevirhabdus pacifica	1267768	S	1825	917	2742	0.00018
Pukyongiella litopenaei	2605946	S	1809	466	2275	0.00015
Gymnodinialimonas ceratoperidinii	2856823	S	1470	149	1619	0.00010
Fuscovulum blasticum	1075	S	1425	192	1617	0.00010
Haematobacter massiliensis	195105	S	1392	581	1973	0.00013
Falsirhodobacter sp. PG104	2692330	S	1377	211	1588	0.00010
Gemmobacter aquarius	2169400	S	1314	282	1596	0.00010
Pseudopuniceibacterium antarcticum	2613965	S	1225	103	1328	0.00008
Tabrizicola piscis	2494374	S	1223	117	1340	0.00009
Pacificitalea manganoxidans	1411902	S	1103	260	1363	0.00009
Monaibacterium sp. h42	2758038	S	1102	276	1378	0.00009
Pseudooceanicola algae	1537215	S	1052	111	1163	0.00007
Roseicitreum antarcticum	564137	S	1002	56	1058	0.00007
Tritonibacter mobilis	379347	S	709	347	1056	0.00007
Yoonia vestfoldensis	245188	S	644	157	801	0.00005
Pseudohalocynthiibacter aestuariivivens	1591409	S	640	138	778	0.00005
Qingshengfaniella alkalisoli	2599296	S	617	36	653	0.00004
Rhodophyticola sp. CCM32	2916397	S	588	18	606	0.00004
Rhodobaca barguzinensis	441209	S	528	25	553	0.00004
Profundibacter amoris	2171755	S	512	19	531	0.00003
Pseudorhodobacter turbinis	2500533	S	376	26	402	0.00003
Parasedimentitalea marina	2483033	S	358	18	376	0.00002
Aestuarium zhoushanense	2820523	S	320	140	460	0.00003
Cognatishimia activa	1715691	S	292	14	306	0.00002
Planktomarina temperata	1284658	S	174	4	178	0.00001
Roseovarius sp. SCSIO 43702	2823043	S	2117	174	2291	0.00015
Roseovarius sp. THAF9	2587847	S	1119	292	1411	0.00009
Roseovarius sp. THAF8	2587846	S	454	752	1206	0.00008
Roseovarius sp. THAF27	2587850	S	414	735	1149	0.00007
Roseovarius sp. TM1035	391613	S	186	380	566	0.00004
Roseovarius indicus	540747	S	2690	898	3588	0.00023
Roseovarius faecimaris	2494550	S	1055	47	1102	0.00007
Roseovarius mucosus	215743	S	180	373	553	0.00004
Sulfitobacter sp. JK7-1	2829501	S	1106	63	1169	0.00007
Sulfitobacter sp. THAF37	2587855	S	1103	481	1584	0.00010
Sulfitobacter sp. D7	1968541	S	506	198	704	0.00004
Sulfitobacter sp. JL08	2070369	S	481	11	492	0.00003
Sulfitobacter sp. SK011	1389004	S	427	11	438	0.00003
Sulfitobacter sp. DSM 110093	2883127	S	399	111	510	0.00003
Sulfitobacter sp. BSw21498	664426	S	300	49	349	0.00002
Sulfitobacter sp. SK012	1389005	S	244	5	249	0.00002
Sulfitobacter sp. SK025	1389011	S	122	247	369	0.00002
Sulfitobacter sp. CB2047	1525218	S	89	235	324	0.00002
Sulfitobacter sp. B30-2	2785912	S	70	144	214	0.00001
Sulfitobacter alexandrii	1917485	S	1567	841	2408	0.00015
Sulfitobacter mediterraneus	83219	S	768	82	850	0.00005
Sulfitobacter indolifex	225422	S	433	99	532	0.00003
Sulfitobacter dubius	218673	S	380	165	545	0.00003
Sulfitobacter pontiacus	60137	S	166	346	512	0.00003
Salipiger profundus	1229727	S	3010	1414	4424	0.00028
Salipiger abyssi	1250539	S	2219	931	3150	0.00020
Salipiger sp. CCB-MM3	1792508	S	1949	292	2241	0.00014
Roseivivax marinus	1379903	S	3018	516	3534	0.00023
Roseivivax sp. THAF30	2587852	S	1518	366	1884	0.00012
Roseivivax sp. THAF40	2587858	S	37	917	954	0.00006
Roseivivax sp. THAF197b	2588299	S	30	573	603	0.00004
Celeribacter indicus	1208324	S	2442	1254	3696	0.00024
Celeribacter ethanolicus	1758178	S	862	312	1174	0.00007
Celeribacter baekdonensis	875171	S	390	110	500	0.00003
Celeribacter marinus	1397108	S	258	9	267	0.00002
Phaeobacter gallaeciensis	60890	S	1145	508	1653	0.00011
Phaeobacter inhibens	221822	S	923	389	1312	0.00008
Phaeobacter piscinae	1580596	S	411	358	769	0.00005
Phaeobacter porticola	1844006	S	228	76	304	0.00002
Phaeobacter sp. LSS9	681157	S	77	124	201	0.00001
Leisingera aquaemixtae	1396826	S	1347	249	1596	0.00010
Leisingera sp. NJS204	2508307	S	274	425	699	0.00004
Leisingera sp. NJS201	2508306	S	249	366	615	0.00004
Leisingera methylohalidivorans	133924	S	804	178	982	0.00006
Ruegeria sp. TM1040	292414	S	532	95	627	0.00004
Ruegeria sp. THAF33	2587853	S	480	119	599	0.00004
Ruegeria sp. SCSIO 43209	2793010	S	393	73	466	0.00003
Ruegeria sp. AD91A	2293862	S	366	38	404	0.00003
Ruegeria pomeroyi	89184	S	1431	254	1685	0.00011
Sagittula sp. P11	2009329	S	2519	1111	3630	0.00023
Yangia pacifica	311180	S	2511	448	2959	0.00019
Sulfitobacter pseudonitzschiae	1402135	S	1613	604	2217	0.00014
Pseudosulfitobacter sp. DSM 107133	2883100	S	672	291	963	0.00006
Ponticoccus alexandrii	1943633	S	1896	301	2197	0.00014
Mameliella alba	561184	S	1733	342	2075	0.00013
Dinoroseobacter shibae	215813	S	1695	657	2352	0.00015
Roseobacter ponti	1891787	S	693	19	712	0.00005
Roseobacter denitrificans	2434	S	447	64	511	0.00003
Roseobacter litoralis	42443	S	378	57	435	0.00003
Ketogulonicigenium vulgare	92945	S	695	122	817	0.00005
Ketogulonicigenium robustum	92947	S	689	100	789	0.00005
Octadecabacter sp. SW4	2602067	S	569	87	656	0.00004
Octadecabacter arcticus	53946	S	330	34	364	0.00002
Octadecabacter antarcticus	1217908	S	307	26	333	0.00002
Octadecabacter temperatus	1458307	S	167	3	170	0.00001
Oceanicola sp. D3	2587163	S	1335	72	1407	0.00009
Roseibacterium elongatum	159346	S	1299	115	1414	0.00009
Actibacterium sp. EMB200-NS6	1609966	S	1233	635	1868	0.00012
Maribius sp. THAF1	2587842	S	1028	56	1084	0.00007
Thalassococcus sp. S3	2017482	S	956	26	982	0.00006
Tateyamaria omphalii	299262	S	941	33	974	0.00006
Antarctobacter heliothermus	74033	S	864	47	911	0.00006
Jannaschia sp. CCS1	290400	S	805	23	828	0.00005
Thalassobius gelatinovorus	53501	S	512	28	540	0.00003
Falsihalocynthiibacter arcticus	1579316	S	198	6	204	0.00001
Caulobacter sp. S6	2823693	S	7105	755	7860	0.00050
Caulobacter sp. FWC26	69665	S	2569	1038	3607	0.00023
Caulobacter segnis	88688	S	8517	4091	12608	0.00081
Caulobacter mirabilis	69666	S	7309	1298	8607	0.00055
Caulobacter vibrioides	155892	S	5521	3247	8768	0.00056
Caulobacter flavus	1679497	S	5324	1382	6706	0.00043
Caulobacter rhizosphaerae	2010972	S	4509	1198	5707	0.00036
Caulobacter soli	2708539	S	3941	1143	5084	0.00032
Caulobacter henricii	69395	S	2169	343	2512	0.00016
Brevundimonas sp. M20	2591463	S	3017	444	3461	0.00022
Brevundimonas sp. PAMC22021	2861285	S	2546	538	3084	0.00020
Brevundimonas sp. MF30-B	2561924	S	2358	355	2713	0.00017
Brevundimonas sp. LM2	1938605	S	2346	387	2733	0.00017
Brevundimonas sp. AJA228-03	2752515	S	1694	214	1908	0.00012
Brevundimonas sp. CS1	2813778	S	545	541	1086	0.00007
Brevundimonas sp. SGAir0440	2579977	S	515	492	1007	0.00006
Brevundimonas sp. GW460-12-10-14-LB2	1827469	S	462	803	1265	0.00008
Brevundimonas sp. Bb-A	2560058	S	423	938	1361	0.00009
Brevundimonas sp. DS20	1532555	S	399	1041	1440	0.00009
Brevundimonas sp. 'scallop'	2562582	S	390	688	1078	0.00007
Brevundimonas naejangsanensis	588932	S	4181	1375	5556	0.00035
Brevundimonas albigilva	1312364	S	2791	1474	4265	0.00027
Brevundimonas goettingensis	2774190	S	2773	415	3188	0.00020
Brevundimonas subvibrioides	74313	S	2224	380	2604	0.00017
Brevundimonas pondensis	2774189	S	1840	539	2379	0.00015
Brevundimonas vitisensis	2800818	S	1691	198	1889	0.00012
Brevundimonas mediterranea	74329	S	1609	598	2207	0.00014
Brevundimonas diminuta	293	S	1606	2937	4543	0.00029
Brevundimonas nasdae	172043	S	1344	879	2223	0.00014
Brevundimonas vancanneytii	1325724	S	431	1612	2043	0.00013
Brevundimonas vesicularis	41276	S	414	886	1300	0.00008
Phenylobacterium zucineum	284016	S	24745	4906	29651	0.00189
Phenylobacterium parvum	2201350	S	4611	492	5103	0.00033
Terricaulis silvestris	2686094	S	7354	256	7610	0.00049
Asticcacaulis excentricus	78587	S	1573	231	1804	0.00012
Asticcacaulis sp. AND118	2840468	S	1380	199	1579	0.00010
Micavibrio aeruginosavorus	349221	S	15502	227	15729	0.00100
Candidatus Puniceispirillum marinum	767892	S	115	3	118	0.00001
Hyphomonas sp. CACIAM 19H1	1873716	S	1265	177	1442	0.00009
Hyphomonas sp. Mor2	1906738	S	763	16	779	0.00005
Hyphomonas sp. KY3	2016196	S	632	72	704	0.00005
Hyphomonas neptunium	81032	S	1160	113	1273	0.00008
Candidatus Viadribacter manganicus	1759059	S	3803	101	3904	0.00025
Hirschia baltica	2724	S	61	1	62	0.00000
Marinicauda algicola	2029849	S	3531	614	4145	0.00026
Maricaulis maris	74318	S	1187	80	1267	0.00008
Glycocaulis alkaliphilus	1434191	S	1073	59	1132	0.00007
Hyphobacterium sp. CCMP332	2749086	S	838	36	874	0.00006
Aquisalinus flavus	1526572	S	1499	72	1571	0.00010
Parvularcula bermudensis	208216	S	594	72	666	0.00004
Anaplasma ovis	142058	S	83	21	104	0.00001
Anaplasma platys	949	S	21	4	25	0.00000
Anaplasma marginale	770	S	17	55	72	0.00000
Anaplasma phagocytophilum	948	S	13	2	15	0.00000
Wolbachia endosymbiont of Cimex lectularius	246273	S	14	92	106	0.00001
Ehrlichia ruminantium	779	S	34	18	52	0.00000
Candidatus Neoehrlichia mikurensis	89586	S	11	4	15	0.00000
Rickettsia tillamookensis	2761623	S	119	55	174	0.00001
Rickettsia amblyommatis	33989	S	12	13	25	0.00000
Rickettsia montanensis	33991	S	10	20	30	0.00000
Rickettsia endosymbiont of Oedothorax gibbosus	931099	S	17	2	19	0.00000
Rickettsia endosymbiont of Bemisia tabaci	337479	S	13	14	27	0.00000
Orientia tsutsugamushi	784	S	17	0	17	0.00000
Candidatus Sneabacter namystus	2601646	S	11	1	12	0.00000
Candidatus Phycorickettsia trachydisci	2115978	S	53	4	57	0.00000
Candidatus Fokinia solitaria	1802984	S	25	2	27	0.00000
Candidatus Midichloria mitochondrii	234827	S	24	5	29	0.00000
Candidatus Deianiraea vastatrix	2163644	S	34	0	34	0.00000
Rickettsiales endosymbiont of Stachyamoeba lipophora	2486578	S	31	4	35	0.00000
Paremcibacter congregatus	2043170	S	500	16	516	0.00003
Luteithermobacter gelatinilyticus	2582913	S	468	86	554	0.00004
Candidatus Hydrogenosomobacter endosymbioticus	2558174	S	55	1	56	0.00000
Candidatus Cytomitobacter indipagum	2601575	S	21	10	31	0.00000
Candidatus Cytomitobacter primus	2066024	S	16	7	23	0.00000
Candidatus Gromoviella agglomerans	2806609	S	38	1	39	0.00000
endosymbiont of Acanthamoeba sp. UWC8	86106	S	32	0	32	0.00000
Candidatus Nesciobacter abundans	2601668	S	20	3	23	0.00000
Candidatus Nucleicultrix amoebiphila	1509244	S	86	4	90	0.00001
Candidatus Paracaedibacter acanthamoebae	91604	S	74	2	76	0.00000
Magnetococcus marinus	1124597	S	284	7	291	0.00002
Candidatus Fonsibacter ubiquis	1925548	S	79	6	85	0.00001
Candidatus Pelagibacter sp. RS40	1977865	S	16	5	21	0.00000
Candidatus Pelagibacter giovannonii	2563896	S	11	5	16	0.00000
Kordiimonas pumila	2161677	S	108	2	110	0.00001
Burkholderia multivorans	87883	S	6446	2245	8691	0.00056
Burkholderia ubonensis	101571	S	6183	2759	8942	0.00057
Burkholderia cenocepacia	95486	S	4774	8170	12944	0.00083
Burkholderia cepacia	292	S	4209	5265	9474	0.00061
Burkholderia pyrrocinia	60550	S	2720	930	3650	0.00023
Burkholderia contaminans	488447	S	2263	1009	3272	0.00021
Burkholderia ambifaria	152480	S	2260	1824	4084	0.00026
Burkholderia stagnalis	1503054	S	2128	567	2695	0.00017
Burkholderia dolosa	152500	S	1862	10793	12655	0.00081
Burkholderia anthina	179879	S	1826	1208	3034	0.00019
Burkholderia lata	482957	S	1817	1129	2946	0.00019
Burkholderia stabilis	95485	S	1714	905	2619	0.00017
Burkholderia territorii	1503055	S	1496	480	1976	0.00013
Burkholderia seminalis	488731	S	1284	399	1683	0.00011
Burkholderia vietnamiensis	60552	S	1188	92336	93524	0.00597
Burkholderia metallica	488729	S	961	313	1274	0.00008
Burkholderia diffusa	488732	S	698	224	922	0.00006
Burkholderia pseudomultivorans	1207504	S	511	362	873	0.00006
Burkholderia latens	488446	S	322	423	745	0.00005
Burkholderia aenigmatica	2015348	S	318	504	822	0.00005
Burkholderia pseudomallei	28450	S	2844	24267	27111	0.00173
Burkholderia mayonis	1385591	S	2051	370	2421	0.00015
Burkholderia thailandensis	57975	S	1978	1917	3895	0.00025
Burkholderia oklahomensis	342113	S	1383	439	1822	0.00012
Burkholderia savannae	1637837	S	339	293	632	0.00004
Burkholderia sp. MSMB1588	1636423	S	152	175	327	0.00002
Burkholderia sp. MSMB617WGS	1637831	S	104	182	286	0.00002
Burkholderia mallei	13373	S	86	2216	2302	0.00015
Burkholderia sp. DHOD12	2571746	S	3702	338	4040	0.00026
Burkholderia sp. Bp7605	1740163	S	1901	236	2137	0.00014
Burkholderia sp. NRF60-BP8	1637853	S	700	236	936	0.00006
Burkholderia sp. LA-2-3-30-S1-D2	1637862	S	665	267	932	0.00006
Burkholderia sp. PAMC 26561	1795043	S	639	701	1340	0.00009
Burkholderia sp. JP2-270	2217913	S	627	251	878	0.00006
Burkholderia sp. MSMB0856	1637869	S	613	265	878	0.00006
Burkholderia sp. MS455	2811788	S	480	217	697	0.00004
Burkholderia sp. PAMC 28687	1795874	S	326	552	878	0.00006
Burkholderia sp. IDO3	1705310	S	309	271	580	0.00004
Burkholderia sp. KBS0801	1179675	S	140	147	287	0.00002
Burkholderia sp. LAS2	2813843	S	122	323	445	0.00003
Burkholderia sp. KJ006	416344	S	60	215	275	0.00002
Burkholderia sp. MBR-1	2732364	S	44	105	149	0.00001
Burkholderia sp. MS389	2811789	S	39	163	202	0.00001
Burkholderia sp. B21-007	2890407	S	12	392	404	0.00003
Burkholderia gladioli	28095	S	7881	2174	10055	0.00064
Burkholderia glumae	337	S	2981	54979	57960	0.00370
Burkholderia plantarii	41899	S	1983	525	2508	0.00016
Burkholderia perseverans	2615214	S	1746	490	2236	0.00014
Cupriavidus taiwanensis	164546	S	12116	9456	21572	0.00138
Cupriavidus pauculus	82633	S	10300	4201	14501	0.00093
Cupriavidus necator	106590	S	5388	4760	10148	0.00065
Cupriavidus oxalaticus	96344	S	5293	2221	7514	0.00048
Cupriavidus basilensis	68895	S	5277	2707	7984	0.00051
Cupriavidus sp. EM10	2839983	S	2281	1248	3529	0.00023
Cupriavidus sp. MP-37	2884455	S	1109	1094	2203	0.00014
Cupriavidus sp. KK10	1478019	S	461	1365	1826	0.00012
Cupriavidus sp. ISTL7	2771360	S	396	2510	2906	0.00019
Cupriavidus sp. USMAHM13	1389192	S	263	1835	2098	0.00013
Cupriavidus sp. USMAA2-4	876364	S	250	1689	1939	0.00012
Cupriavidus campinensis	151783	S	4310	1474	5784	0.00037
Cupriavidus metallidurans	119219	S	3152	1922	5074	0.00032
Cupriavidus pinatubonensis	248026	S	2763	448	3211	0.00021
Cupriavidus gilardii	82541	S	1382	6794	8176	0.00052
Cupriavidus neocaledonicus	1040979	S	1086	1301	2387	0.00015
Cupriavidus nantongensis	1796606	S	844	2162	3006	0.00019
Cupriavidus malaysiensis	367825	S	244	1602	1846	0.00012
Paraburkholderia sp. SOS3	1926494	S	2720	372	3092	0.00020
Paraburkholderia sp. PGU16	2735433	S	1282	695	1977	0.00013
Paraburkholderia sp. PGU19	2735434	S	1095	927	2022	0.00013
Paraburkholderia pallida	2547399	S	3654	626	4280	0.00027
Paraburkholderia aromaticivorans	2026199	S	3190	1342	4532	0.00029
Paraburkholderia caribensis	75105	S	3047	2253	5300	0.00034
Paraburkholderia acidisoli	2571748	S	2912	488	3400	0.00022
Paraburkholderia tropica	92647	S	2874	599	3473	0.00022
Paraburkholderia acidiphila	2571747	S	2668	491	3159	0.00020
Paraburkholderia edwinii	2861782	S	2531	323	2854	0.00018
Paraburkholderia phytofirmans	261302	S	2443	957	3400	0.00022
Paraburkholderia terricola	169427	S	2246	641	2887	0.00018
Paraburkholderia atlantica	2654982	S	2230	511	2741	0.00018
Paraburkholderia phymatum	148447	S	2098	515	2613	0.00017
Paraburkholderia phenoliruptrix	252970	S	2047	566	2613	0.00017
Paraburkholderia fungorum	134537	S	2023	455	2478	0.00016
Paraburkholderia sprentiae	948107	S	2000	414	2414	0.00015
Paraburkholderia graminis	60548	S	1942	452	2394	0.00015
Paraburkholderia megapolitana	420953	S	1913	168	2081	0.00013
Paraburkholderia terrae	311230	S	1810	2050	3860	0.00025
Paraburkholderia caledonica	134536	S	1753	302	2055	0.00013
Paraburkholderia ginsengisoli	311231	S	1699	491	2190	0.00014
Paraburkholderia hospita	169430	S	1560	1761	3321	0.00021
Paraburkholderia caffeinilytica	1761016	S	1475	370	1845	0.00012
Paraburkholderia xenovorans	36873	S	1415	1794	3209	0.00020
Paraburkholderia dokdonella	2211211	S	1402	350	1752	0.00011
Paraburkholderia dioscoreae	2604047	S	975	641	1616	0.00010
Ralstonia solanacearum	305	S	7145	14411	21556	0.00138
Ralstonia insidiosa	190721	S	1937	1387	3324	0.00021
Ralstonia mannitolilytica	105219	S	1407	1558	2965	0.00019
Ralstonia pickettii	329	S	1357	589	1946	0.00012
Ralstonia sp. 56D2	2842456	S	1255	184	1439	0.00009
Ralstonia syzygii	28097	S	118	505	623	0.00004
Ralstonia pseudosolanacearum	1310165	S	42	1051	1093	0.00007
Pandoraea pnomenusa	93220	S	2685	1308	3993	0.00025
Pandoraea thiooxydans	445709	S	2189	173	2362	0.00015
Pandoraea pulmonicola	93221	S	2114	471	2585	0.00017
Pandoraea sp. XY-2	2518599	S	1582	839	2421	0.00015
Pandoraea vervacti	656178	S	1571	478	2049	0.00013
Pandoraea faecigallinarum	656179	S	1532	431	1963	0.00013
Pandoraea norimbergensis	93219	S	1482	240	1722	0.00011
Pandoraea apista	93218	S	1219	686	1905	0.00012
Pandoraea fibrosis	1891094	S	1139	401	1540	0.00010
Pandoraea oxalativorans	573737	S	1138	570	1708	0.00011
Pandoraea sputorum	93222	S	993	469	1462	0.00009
Caballeronia sp. Lep1P3	2878150	S	2223	531	2754	0.00018
Caballeronia sp. TF1N1	2878153	S	1925	220	2145	0.00014
Caballeronia sp. SL2Y3	2878151	S	1082	624	1706	0.00011
Caballeronia sp. Sq4a	2878152	S	1012	751	1763	0.00011
Caballeronia sp. M1242	2814653	S	957	691	1648	0.00011
Caballeronia sp. SBC2	2705547	S	111	965	1076	0.00007
Caballeronia sp. SBC1	2705548	S	109	1325	1434	0.00009
Caballeronia zhejiangensis	871203	S	2601	622	3223	0.00021
Caballeronia insecticola	758793	S	2266	483	2749	0.00018
Caballeronia grimmiae	1071679	S	2063	1078	3141	0.00020
Polynucleobacter sp. MWH-UH24A	2689110	S	78	5	83	0.00001
Polynucleobacter sp. AP-Nino-20-G2	2576917	S	47	11	58	0.00000
Polynucleobacter sp. MWH-CaK5	2689107	S	46	2	48	0.00000
Polynucleobacter sp. es-MAR-2	1819725	S	45	9	54	0.00000
Polynucleobacter sp. MWH-UH21B	1743174	S	43	7	50	0.00000
Polynucleobacter sp. LimPoW16	1743162	S	43	2	45	0.00000
Polynucleobacter sp. MWH-Svant-W18	1855909	S	42	8	50	0.00000
Polynucleobacter sp. MWH-P3-07-1	1743173	S	40	6	46	0.00000
Polynucleobacter sp. MWH-Aus1W21	1855880	S	39	8	47	0.00000
Polynucleobacter sp. MWH-Spelu-300-X4	2689109	S	36	2	38	0.00000
Polynucleobacter sp. VK25	1758398	S	35	8	43	0.00000
Polynucleobacter sp. es-EL-1	1855652	S	35	6	41	0.00000
Polynucleobacter sp. AP-Kolm-20A-A1	2081041	S	33	19	52	0.00000
Polynucleobacter sp. AP-Ainpum-60-G11	2576926	S	33	7	40	0.00000
Polynucleobacter sp. JS-JIR-II-b4	1758390	S	32	15	47	0.00000
Polynucleobacter sp. MWH-UH35A	1855619	S	30	4	34	0.00000
Polynucleobacter sp. Adler-ghost	2770234	S	29	12	41	0.00000
Polynucleobacter sp. AP-Titi-500A-B4	2576923	S	29	6	35	0.00000
Polynucleobacter sp. JS-JIR-II-50	2576919	S	28	11	39	0.00000
Polynucleobacter sp. MWH-Braz-FAM2G	1855883	S	27	3	30	0.00000
Polynucleobacter sp. AP-Elch-400A-B2	2576930	S	27	11	38	0.00000
Polynucleobacter sp. MWH-UH2A	1855617	S	27	4	31	0.00000
Polynucleobacter sp. JS-Mosq-20-D10	2576922	S	26	8	34	0.00000
Polynucleobacter sp. MG-6-Vaara-E2	2576932	S	26	4	30	0.00000
Polynucleobacter sp. MWH-S4W17	1855910	S	26	11	37	0.00000
Polynucleobacter sp. TSB-Sco08W16	1758374	S	26	3	29	0.00000
Polynucleobacter sp. MWH-UH25E	1855616	S	25	4	29	0.00000
Polynucleobacter sp. AP-Sving-400A-A2	2081049	S	21	9	30	0.00000
Polynucleobacter sp. AP-Jannik-300A-C4	2576928	S	20	17	37	0.00000
Polynucleobacter sp. MG-Unter2-18	2081052	S	18	12	30	0.00000
Polynucleobacter sp. AP-Melu-1000-A1	2081042	S	17	6	23	0.00000
Polynucleobacter sp. AM-7D1	2689102	S	17	16	33	0.00000
Polynucleobacter sp. JS-JIR-5-A7	1758395	S	14	31	45	0.00000
Polynucleobacter sp. UB-Siik-W21	1855646	S	11	25	36	0.00000
Polynucleobacter necessarius	576610	S	220	40	260	0.00002
Polynucleobacter difficilis	556054	S	119	10	129	0.00001
Polynucleobacter asymbioticus	576611	S	109	17	126	0.00001
Polynucleobacter acidiphobus	556053	S	101	7	108	0.00001
Polynucleobacter paneuropaeus	2527775	S	58	6	64	0.00000
Polynucleobacter wuianus	1743168	S	31	9	40	0.00000
Polynucleobacter duraquae	1835254	S	22	15	37	0.00000
Lautropia mirabilis	47671	S	2110	387	2497	0.00016
Mycetohabitans rhizoxinica	412963	S	1562	105	1667	0.00011
Chitinimonas arctica	2594795	S	1361	109	1470	0.00009
Mycoavidus sp. HKI	2840467	S	147	11	158	0.00001
Mycoavidus sp. B2-EB	2651972	S	60	9	69	0.00000
Mycoavidus cysteinexigens	1553431	S	117	12	129	0.00001
Limnobacter sp. SAORIC-580	2732163	S	232	11	243	0.00002
Candidatus Vallotia cooleyia	1177211	S	69	8	77	0.00000
Candidatus Vallotia lariciata	2018052	S	53	16	69	0.00000
Candidatus Vallotia tarda	1177213	S	38	6	44	0.00000
Candidatus Vallotia sp. (ex Adelges kitamiensis)	2864217	S	36	10	46	0.00000
Ephemeroptericola cinctiostellae	2268024	S	109	7	116	0.00001
Variovorax sp. HW608	1034889	S	8281	1425	9706	0.00062
Variovorax sp. PBS-H4	434008	S	4758	3168	7926	0.00051
Variovorax sp. RA8	662548	S	4622	3708	8330	0.00053
Variovorax sp. PBL-H6	434009	S	4619	4415	9034	0.00058
Variovorax sp. WDL1	207745	S	4395	6913	11308	0.00072
Variovorax sp. PAMC 28711	1795631	S	3528	616	4144	0.00026
Variovorax sp. RKNM96	2681552	S	3254	1293	4547	0.00029
Variovorax sp. PAMC28562	2762323	S	2763	244	3007	0.00019
Variovorax sp. PAMC26660	2762322	S	2727	707	3434	0.00022
Variovorax sp. SRS16	282217	S	2388	5125	7513	0.00048
Variovorax sp. 38R	2774875	S	1922	2581	4503	0.00029
Variovorax sp. PBL-E5	434014	S	1893	4709	6602	0.00042
Variovorax sp. PDNC026	2811425	S	94	3372	3466	0.00022
Variovorax sp. PMC12	2126319	S	43	1981	2024	0.00013
Variovorax paradoxus	34073	S	17297	16044	33341	0.00213
Variovorax boronicumulans	436515	S	2736	2129	4865	0.00031
Acidovorax sp. JMULE5	2518343	S	5968	1760	7728	0.00049
Acidovorax sp. KKS102	358220	S	4283	3231	7514	0.00048
Acidovorax sp. RAC01	1842533	S	3158	2768	5926	0.00038
Acidovorax sp. YS12	2738413	S	2881	2594	5475	0.00035
Acidovorax sp. 1608163	2478662	S	2226	500	2726	0.00017
Acidovorax sp. HDW3	2714923	S	1497	1121	2618	0.00017
Acidovorax sp. T1	1858609	S	1390	5400	6790	0.00043
Acidovorax avenae	80867	S	5787	4042	9829	0.00063
Acidovorax monticola	1926868	S	3596	1515	5111	0.00033
Acidovorax antarcticus	2743470	S	2967	2355	5322	0.00034
Acidovorax carolinensis	553814	S	2550	2247	4797	0.00031
Acidovorax radicis	758826	S	2078	459	2537	0.00016
Acidovorax citrulli	80869	S	1721	1765	3486	0.00022
Acidovorax cattleyae	80868	S	1389	1083	2472	0.00016
Hydrogenophaga sp. BA0156	2716225	S	4760	3575	8335	0.00053
Hydrogenophaga sp. YM1	2806262	S	4218	2280	6498	0.00042
Hydrogenophaga sp. PBC	795665	S	4074	5058	9132	0.00058
Hydrogenophaga sp. BPS33	2651974	S	3717	3198	6915	0.00044
Hydrogenophaga sp. SL48	2806347	S	3214	824	4038	0.00026
Hydrogenophaga sp. PBL-H3	434010	S	2561	2507	5068	0.00032
Hydrogenophaga sp. RAC07	1842537	S	2553	943	3496	0.00022
Hydrogenophaga sp. PAMC20947	2565558	S	1313	93	1406	0.00009
Hydrogenophaga sp. NH-16	2184519	S	1170	2765	3935	0.00025
Hydrogenophaga taeniospiralis	65656	S	2627	837	3464	0.00022
Hydrogenophaga crassostreae	1763535	S	1208	79	1287	0.00008
Hydrogenophaga pseudoflava	47421	S	1184	2202	3386	0.00022
Ramlibacter tataouinensis	94132	S	28896	12281	41177	0.00263
Comamonas sp. NLF-7-7	2597701	S	2064	1720	3784	0.00024
Comamonas sp. NLF-1-9	2853163	S	1647	1054	2701	0.00017
Comamonas sp. B21-038	2918299	S	972	256	1228	0.00008
Comamonas sp. Y33R10-2	2853257	S	311	61	372	0.00002
Comamonas serinivorans	1082851	S	2636	771	3407	0.00022
Comamonas aquatica	225991	S	2555	2675	5230	0.00033
Comamonas testosteroni	285	S	1522	2400	3922	0.00025
Comamonas koreensis	160825	S	1018	685	1703	0.00011
Comamonas odontotermitis	379895	S	949	196	1145	0.00007
Comamonas piscis	1562974	S	798	165	963	0.00006
Comamonas thiooxydans	363952	S	746	1705	2451	0.00016
Comamonas kerstersii	225992	S	642	374	1016	0.00006
Comamonas fluminis	2796366	S	492	224	716	0.00005
Rhodoferax sp. BAB1	2741720	S	3046	879	3925	0.00025
Rhodoferax sp. AJA081-3	2752316	S	1015	76	1091	0.00007
Rhodoferax sp. PAMC 29310	2822760	S	655	76	731	0.00005
Rhodoferax sp. MIZ03	2798804	S	529	57	586	0.00004
Rhodoferax koreense	1842727	S	4618	2536	7154	0.00046
Rhodoferax sediminis	2509614	S	3355	539	3894	0.00025
Rhodoferax ferrireducens	192843	S	1505	106	1611	0.00010
Rhodoferax saidenbachensis	1484693	S	1059	121	1180	0.00008
Rhodoferax antarcticus	81479	S	735	59	794	0.00005
Rhodoferax aquaticus	2527691	S	423	44	467	0.00003
Schlegelella thermodepolymerans	215580	S	9025	4462	13487	0.00086
Schlegelella brevitalea	413882	S	6896	1008	7904	0.00050
Diaphorobacter sp. HDW4A	2714924	S	1713	1774	3487	0.00022
Diaphorobacter sp. HDW4B	2714925	S	1683	223	1906	0.00012
Diaphorobacter sp. MNS-0	2866628	S	234	1980	2214	0.00014
Diaphorobacter sp. JS3051	2792224	S	172	2894	3066	0.00020
Diaphorobacter sp. JS3050	2735554	S	161	1803	1964	0.00013
Diaphorobacter ruginosibacter	1715720	S	2374	453	2827	0.00018
Diaphorobacter aerolatus	1288495	S	1598	2578	4176	0.00027
Diaphorobacter nitroreducens	164759	S	332	922	1254	0.00008
[Acidovorax] ebreus	721785	S	327	1922	2249	0.00014
Delftia tsuruhatensis	180282	S	2235	6420	8655	0.00055
Delftia acidovorans	80866	S	1695	3338	5033	0.00032
Delftia lacustris	558537	S	589	3513	4102	0.00026
Delftia sp. Cs1-4	742013	S	202	490	692	0.00004
Delftia sp. HK171	1920191	S	130	366	496	0.00003
Polaromonas sp. JS666	296591	S	3458	2890	6348	0.00041
Polaromonas naphthalenivorans	216465	S	2344	370	2714	0.00017
Polaromonas vacuolata	37448	S	277	30	307	0.00002
Kinneretia sp. DAIF2	2714952	S	5648	2072	7720	0.00049
Kinneretia sp. XES5	2877940	S	1608	2052	3660	0.00023
Ottowia sp. 27C	2816950	S	2679	537	3216	0.00021
Ottowia sp. oral taxon 894	1658672	S	1047	155	1202	0.00008
Ottowia oryzae	2109914	S	2068	473	2541	0.00016
Alicycliphilus denitrificans	179636	S	5614	10749	16363	0.00104
Melaminivora sp. SC2-9	2109913	S	2657	3265	5922	0.00038
Melaminivora jejuensis	1267217	S	1933	1571	3504	0.00022
Serpentinimonas maccroryi	1458426	S	1763	602	2365	0.00015
Serpentinimonas raichei	1458425	S	1391	527	1918	0.00012
Verminephrobacter eiseniae	364317	S	2584	329	2913	0.00019
Hylemonella gracilis	80880	S	2304	341	2645	0.00017
Pulveribacter suum	2116657	S	2195	1184	3379	0.00022
Simplicispira suum	2109915	S	1672	669	2341	0.00015
Limnohabitans sp. 63ED37-2	1678128	S	786	89	875	0.00006
Limnohabitans sp. 103DPR2	1678129	S	232	18	250	0.00002
Candidatus Symbiobacter mobilis	1436290	S	792	29	821	0.00005
Curvibacter sp. AEP1-3	1844971	S	791	59	850	0.00005
Massilia sp. WG5	1707785	S	4872	2301	7173	0.00046
Massilia sp. HC52	2852099	S	4150	1218	5368	0.00034
Massilia sp. LPB0304	2769491	S	4080	1088	5168	0.00033
Massilia sp. DM-R-R2A-13	2899220	S	3547	845	4392	0.00028
Massilia sp. YMA4	1593482	S	3053	1695	4748	0.00030
Massilia sp. NP310	2861282	S	2966	2097	5063	0.00032
Massilia sp. PAMC28688	2861283	S	2373	385	2758	0.00018
Massilia sp. MB5	2919578	S	474	1824	2298	0.00015
Massilia sp. NR 4-1	1678028	S	411	1528	1939	0.00012
Massilia sp. Dwa41.01b	2709302	S	56	2212	2268	0.00014
Massilia sp. Se16.2.3	2709303	S	40	1596	1636	0.00010
Massilia putida	1141883	S	5517	1883	7400	0.00047
Massilia violaceinigra	2045208	S	5433	1642	7075	0.00045
Massilia flava	871742	S	5015	1299	6314	0.00040
Massilia lutea	321985	S	3290	1068	4358	0.00028
Massilia albidiflava	321983	S	3179	1346	4525	0.00029
Massilia umbonata	864828	S	2998	1278	4276	0.00027
Massilia plicata	321984	S	2939	814	3753	0.00024
Massilia armeniaca	2072590	S	2903	1628	4531	0.00029
Massilia oculi	945844	S	2527	1727	4254	0.00027
Massilia antarctica	2765360	S	2247	901	3148	0.00020
Duganella sp. GN2-R2	2728020	S	3893	1752	5645	0.00036
Duganella sp. AF9R3	2728021	S	2373	521	2894	0.00018
Herbaspirillum robiniae	2014887	S	2701	1051	3752	0.00024
Herbaspirillum seropedicae	964	S	1975	789	2764	0.00018
Herbaspirillum frisingense	92645	S	1864	645	2509	0.00016
Herbaspirillum hiltneri	341045	S	1675	301	1976	0.00013
Herbaspirillum rubrisubalbicans	80842	S	1520	740	2260	0.00014
Herbaspirillum huttiense	863372	S	1160	515	1675	0.00011
Herbaspirillum sp. meg3	2025949	S	970	119	1089	0.00007
Janthinobacterium sp. 1_2014MBL_MicDiv	1644131	S	1617	622	2239	0.00014
Janthinobacterium sp. 17J80-10	2497863	S	1500	231	1731	0.00011
Janthinobacterium sp. LM6	1938606	S	788	514	1302	0.00008
Janthinobacterium sp. PAMC25594	2861284	S	506	328	834	0.00005
Janthinobacterium sp. Marseille	375286	S	501	131	632	0.00004
Janthinobacterium sp. HH102	1537274	S	353	585	938	0.00006
Janthinobacterium sp. B9-8	1236179	S	163	45	208	0.00001
Janthinobacterium agaricidamnosum	55508	S	2136	3543	5679	0.00036
Janthinobacterium tructae	2590869	S	565	308	873	0.00006
Janthinobacterium lividum	29581	S	535	571	1106	0.00007
Janthinobacterium svalbardensis	368607	S	481	255	736	0.00005
Collimonas fungivorans	158899	S	2140	579	2719	0.00017
Collimonas arenae	279058	S	1693	220	1913	0.00012
Collimonas pratensis	279113	S	1507	307	1814	0.00012
Noviherbaspirillum sp. UKPF54	2601898	S	3797	668	4465	0.00029
Undibacterium sp. YM2	2058625	S	232	95	327	0.00002
Undibacterium sp. KW1	2058624	S	156	64	220	0.00001
Undibacterium parvum	401471	S	254	35	289	0.00002
Glaciimonas sp. PAMC28666	2807626	S	323	21	344	0.00002
Herminiimonas arsenitoxidans	1809410	S	294	49	343	0.00002
Oxalobacter formigenes	847	S	205	20	225	0.00001
Achromobacter xylosoxidans	85698	S	7888	14037	21925	0.00140
Achromobacter sp. AONIH1	1758194	S	2660	3463	6123	0.00039
Achromobacter sp. MFA1 R4	1881016	S	2167	655	2822	0.00018
Achromobacter sp. 77	2756133	S	351	940	1291	0.00008
Achromobacter sp. B7	2282475	S	332	841	1173	0.00007
Achromobacter sp. ES-001	2860286	S	245	833	1078	0.00007
Achromobacter spanius	217203	S	4107	1724	5831	0.00037
Achromobacter denitrificans	32002	S	3900	2967	6867	0.00044
Achromobacter deleyi	1353891	S	2796	2054	4850	0.00031
Achromobacter insolitus	217204	S	2130	617	2747	0.00018
Achromobacter pestifer	1353889	S	1546	1109	2655	0.00017
Achromobacter mucicolens	1389922	S	575	944	1519	0.00010
Achromobacter ruhlandii	72557	S	29	1418	1447	0.00009
Bordetella sp. H567	1697043	S	2686	322	3008	0.00019
Bordetella sp. N	1746199	S	2474	274	2748	0.00018
Bordetella bronchialis	463025	S	4202	561	4763	0.00030
Bordetella genomosp. 13	463040	S	3309	2389	5698	0.00036
Bordetella genomosp. 8	1416806	S	3065	360	3425	0.00022
Bordetella flabilis	463014	S	3024	256	3280	0.00021
Bordetella genomosp. 9	1416803	S	2777	717	3494	0.00022
Bordetella hinzii	103855	S	2448	1066	3514	0.00022
Bordetella petrii	94624	S	2392	3300	5692	0.00036
Bordetella trematum	123899	S	1810	796	2606	0.00017
Bordetella pseudohinzii	1331258	S	1400	622	2022	0.00013
Bordetella bronchiseptica	518	S	1375	5643	7018	0.00045
Bordetella holmesii	35814	S	932	18172	19104	0.00122
Bordetella avium	521	S	813	112	925	0.00006
Bordetella genomosp. 6	463024	S	448	875	1323	0.00008
Bordetella pertussis	520	S	256	2831	3087	0.00020
Bordetella parapertussis	519	S	163	1775	1938	0.00012
Pigmentiphaga sp. H8	2488560	S	5036	657	5693	0.00036
Pigmentiphaga aceris	1940612	S	1362	98	1460	0.00009
Orrella dioscoreae	1851544	S	2535	897	3432	0.00022
Orrella marina	2163011	S	330	59	389	0.00002
Orrella sp. f23	2782176	S	203	12	215	0.00001
Castellaniella defragrans	75697	S	3071	2126	5197	0.00033
Alcaligenes faecalis	511	S	700	600	1300	0.00008
Alcaligenes sp. SORT26	2813780	S	149	27	176	0.00001
Alcaligenes sp. DN25	1367435	S	33	70	103	0.00001
Alcaligenes aquatilis	323284	S	142	495	637	0.00004
Alcaligenes ammonioxydans	2582914	S	21	222	243	0.00002
Pusillimonas thiosulfatoxidans	2028345	S	779	229	1008	0.00006
Pusillimonas sp. T7-7	1007105	S	508	80	588	0.00004
Pusillimonas sp. DMV24BSW_D	2716226	S	259	18	277	0.00002
Paralcaligenes sp. KSB-10	2901142	S	932	38	970	0.00006
Kerstersia gyiorum	206506	S	838	177	1015	0.00006
Advenella kashmirensis	310575	S	423	24	447	0.00003
Advenella mimigardefordensis	302406	S	339	19	358	0.00002
Oligella urethralis	90245	S	62	10	72	0.00000
Oligella ureolytica	90244	S	42	35	77	0.00000
Paenalcaligenes hominis	643674	S	75	4	79	0.00001
Basilea psittacipulmonis	1472345	S	29	2	31	0.00000
Pelistega ratti	2652177	S	23	3	26	0.00000
Rhizobacter sp. AJA081-3	2753607	S	8460	2343	10803	0.00069
Rhizobacter gummiphilus	946333	S	8095	1730	9825	0.00063
Sphaerotilus sp. FB-5	2914710	S	5418	3657	9075	0.00058
Sphaerotilus natans	34103	S	4559	1952	6511	0.00042
Methylibium petroleiphilum	105560	S	2628	2798	5426	0.00035
Methylibium sp. Pch-M	2082386	S	2594	2624	5218	0.00033
Rubrivivax gelatinosus	28068	S	8084	2756	10840	0.00069
Aquincola tertiaricarbonis	391953	S	6861	2553	9414	0.00060
Thiomonas sp. X19	1050370	S	2577	920	3497	0.00022
Thiomonas intermedia	926	S	1658	241	1899	0.00012
Thiomonas arsenitoxydans	426114	S	580	1039	1619	0.00010
Leptothrix cholodnii	34029	S	5556	1926	7482	0.00048
Mitsuaria sp. 7	1658665	S	5235	1134	6369	0.00041
Xylophilus rhododendri	2697032	S	3881	1187	5068	0.00032
Tepidimonas taiwanensis	307486	S	3244	1236	4480	0.00029
Ideonella dechloratans	36863	S	3100	1970	5070	0.00032
Aquabacterium olei	1296669	S	2735	771	3506	0.00022
Roseateles depolymerans	76731	S	2360	489	2849	0.00018
Inhella inkyongensis	392593	S	1871	318	2189	0.00014
Paucibacter sp. KCTC 42545	1768242	S	1424	256	1680	0.00011
Candidatus Ichthyocystis hellenicum	1561003	S	44	1	45	0.00000
Sutterella megalosphaeroides	2494234	S	1107	195	1302	0.00008
Sutterella faecalis	2584944	S	727	106	833	0.00005
Sutterella wadsworthensis	40545	S	329	41	370	0.00002
Turicimonas muris	1796652	S	130	10	140	0.00001
Thauera sp. MZ1T	85643	S	4584	4814	9398	0.00060
Thauera sp. K11	2005884	S	4245	2731	6976	0.00045
Thauera humireducens	1134435	S	2900	1820	4720	0.00030
Thauera chlorobenzoica	96773	S	2384	2382	4766	0.00030
Thauera aromatica	59405	S	1862	2744	4606	0.00029
Thauera hydrothermalis	2184083	S	1200	351	1551	0.00010
Azoarcus sp. KH32C	748247	S	4885	938	5823	0.00037
Azoarcus sp. DD4	2027405	S	3438	2307	5745	0.00037
Azoarcus olearius	418699	S	4033	1574	5607	0.00036
Azoarcus communis	41977	S	2858	1133	3991	0.00025
Nitrogeniibacter mangrovi	2016596	S	3493	784	4277	0.00027
Nitrogeniibacter aestuarii	2815343	S	1697	200	1897	0.00012
Aromatoleum petrolei	76116	S	4609	1192	5801	0.00037
Aromatoleum aromaticum	551760	S	3689	2645	6334	0.00040
Aromatoleum bremense	76115	S	3177	1859	5036	0.00032
Aromatoleum pumilum	2067960	S	3150	1234	4384	0.00028
Azospira restricta	404405	S	7848	4148	11996	0.00077
Azospira inquinata	2785627	S	652	58	710	0.00005
Azospira oryzae	146939	S	514	1267	1781	0.00011
Azospira sp. I09	1765049	S	485	1437	1922	0.00012
Niveibacterium microcysteis	2811415	S	2626	397	3023	0.00019
Oryzomicrobium terrae	1735038	S	2033	559	2592	0.00017
Rugosibacter aromaticivorans	1565605	S	488	84	572	0.00004
Dechloromonas denitrificans	281362	S	2776	730	3506	0.00022
Dechloromonas sp. HYN0024	2231055	S	769	167	936	0.00006
Dechloromonas sp. TW-R-39-2	2654218	S	534	254	788	0.00005
Ferribacterium limneticum	76259	S	3791	684	4475	0.00029
Quatrionicoccus australiensis	138118	S	1605	503	2108	0.00013
Fluviibacter phosphoraccumulans	1751046	S	267	100	367	0.00002
Usitatibacter rugosus	2732067	S	15068	1866	16934	0.00108
Usitatibacter palustris	2732487	S	12143	1601	13744	0.00088
Denitratisoma sp. DHT3	1981880	S	2693	2034	4727	0.00030
Denitratisoma oestradiolicum	311182	S	1366	237	1603	0.00010
Sulfuritalea hydrogenivorans	748811	S	3302	509	3811	0.00024
Methyloversatilis sp. RAC08	1842540	S	2894	402	3296	0.00021
Sterolibacterium denitrificans	157592	S	2148	619	2767	0.00018
Nitrosospira multiformis	1231	S	5047	180	5227	0.00033
Nitrosospira lacus	1288494	S	856	32	888	0.00006
Nitrosospira sp. NRS527	155925	S	394	283	677	0.00004
Nitrosospira briensis	35799	S	318	245	563	0.00004
Nitrosomonas communis	44574	S	923	31	954	0.00006
Nitrosomonas ureae	44577	S	371	13	384	0.00002
Nitrosomonas europaea	915	S	215	35	250	0.00002
Nitrosomonas eutropha	916	S	137	88	225	0.00001
Nitrosomonas stercoris	1444684	S	68	42	110	0.00001
Thiobacillus denitrificans	36861	S	3935	808	4743	0.00030
Sulfuritortus calidifontis	1914471	S	3028	1326	4354	0.00028
Sideroxydans sp. MIZ01	2764705	S	1456	325	1781	0.00011
Sideroxydans lithotrophicus	63745	S	1079	177	1256	0.00008
Ferrigenium kumadai	1682490	S	1864	401	2265	0.00014
Ferriphaselus amnicola	1188319	S	634	90	724	0.00005
Candidatus Nitrotoga arctica	453162	S	260	89	349	0.00002
Candidatus Nitrotoga sp. AM1P	2559597	S	165	60	225	0.00001
Gallionella capsiferriformans	370405	S	454	43	497	0.00003
Sulfurimicrobium lacus	2715678	S	2076	285	2361	0.00015
Sulfuriferula plumbiphila	171865	S	1212	214	1426	0.00009
Sulfuriferula sp. AH1	1985873	S	622	127	749	0.00005
Sulfuriferula nivalis	2675298	S	102	8	110	0.00001
Sulfuricella denitrificans	649841	S	1041	104	1145	0.00007
Methylovorus glucosotrophus	266009	S	181	141	322	0.00002
Methylovorus sp. MP688	887061	S	161	139	300	0.00002
Methylobacillus flagellatus	405	S	488	126	614	0.00004
Methylophilus sp. TWE2	1662285	S	125	9	134	0.00001
Methylophilus medardicus	2588534	S	110	11	121	0.00001
Candidatus Methylopumilus turicensis	1581680	S	51	7	58	0.00000
Candidatus Methylopumilus rimovensis	2588535	S	43	7	50	0.00000
Candidatus Methylopumilus universalis	2588536	S	40	18	58	0.00000
Candidatus Methylopumilus planktonicus	1581557	S	22	11	33	0.00000
Methylotenera mobilis	359408	S	104	11	115	0.00001
Methylotenera versatilis	1055487	S	69	7	76	0.00000
Methyloradius palustris	2778876	S	88	7	95	0.00001
Chromobacterium sp. ATCC 53434	2059672	S	1796	667	2463	0.00016
Chromobacterium sp. Rain0013	2292447	S	328	418	746	0.00005
Chromobacterium sp. Beijing	2735795	S	249	729	978	0.00006
Chromobacterium vaccinii	1108595	S	1749	805	2554	0.00016
Chromobacterium violaceum	536	S	1720	1093	2813	0.00018
Chromobacterium phragmitis	2202141	S	1117	523	1640	0.00010
Chromobacterium paludis	2605945	S	1044	438	1482	0.00009
Chromobacterium rhizoryzae	1778675	S	291	1582	1873	0.00012
Chromobacterium haemolyticum	394935	S	170	1151	1321	0.00008
Iodobacter ciconiae	2496266	S	126	31	157	0.00001
Iodobacter fluviatilis	537	S	91	26	117	0.00001
Jeongeupia sp. USM3	1906741	S	2680	740	3420	0.00022
Jeongeupia sp. HS-3	1009682	S	1212	252	1464	0.00009
Paludibacterium paludis	1225769	S	1344	284	1628	0.00010
Paludibacterium yongneupense	400061	S	1189	181	1370	0.00009
Paludibacterium sp. B53371	2806263	S	822	187	1009	0.00006
Pseudogulbenkiania sp. NH8B	748280	S	2604	925	3529	0.00023
Vogesella sp. LIG4	1192162	S	1421	405	1826	0.00012
Vogesella sp. XCS3	2877939	S	684	204	888	0.00006
Aquitalea aquatilis	1537400	S	497	165	662	0.00004
Aquitalea magnusonii	332411	S	312	190	502	0.00003
Aquitalea denitrificans	519081	S	295	161	456	0.00003
Aquitalea sp. USM4	1590041	S	287	166	453	0.00003
Microvirgula aerodenitrificans	57480	S	1662	328	1990	0.00013
Laribacter hongkongensis	168471	S	1350	1280	2630	0.00017
Aquaspirillum sp. LM1	1938604	S	752	115	867	0.00006
Chitinibacter bivalviorum	2739434	S	169	137	306	0.00002
Chitinibacter fontanus	1737446	S	143	19	162	0.00001
Deefgea sp. D17	2739061	S	112	40	152	0.00001
Deefgea sp. D25	2865840	S	88	13	101	0.00001
Deefgea sp. D13	2864875	S	78	24	102	0.00001
Neisseria sp. KEM232	655307	S	364	59	423	0.00003
Neisseria sp. oral taxon 014	641148	S	128	61	189	0.00001
Neisseria sp. Dent CA1/247	2912675	S	81	43	124	0.00001
Neisseria sp. ZJ785	2709396	S	76	10	86	0.00001
Neisseria shayeganii	607712	S	360	57	417	0.00003
Neisseria bacilliformis	267212	S	359	91	450	0.00003
Neisseria meningitidis	487	S	286	629	915	0.00006
Neisseria elongata	495	S	251	140	391	0.00003
Neisseria chenwenguii	1853278	S	240	32	272	0.00002
Neisseria dentiae	194197	S	240	31	271	0.00002
Neisseria musculi	1815583	S	199	20	219	0.00001
Neisseria gonorrhoeae	485	S	133	473	606	0.00004
Neisseria animalis	492	S	133	20	153	0.00001
Neisseria animaloris	326522	S	105	25	130	0.00001
Neisseria canis	493	S	100	27	127	0.00001
Neisseria lactamica	486	S	99	120	219	0.00001
Neisseria weaveri	28091	S	93	42	135	0.00001
Neisseria dumasiana	1931275	S	86	40	126	0.00001
Neisseria zalophi	640030	S	85	9	94	0.00001
Neisseria weixii	1853276	S	77	10	87	0.00001
Neisseria sicca	490	S	77	170	247	0.00002
Neisseria brasiliensis	2666100	S	72	75	147	0.00001
Neisseria wadsworthii	607711	S	66	15	81	0.00001
Neisseria mucosa	488	S	63	149	212	0.00001
Neisseria zoodegmatis	326523	S	46	34	80	0.00001
Neisseria arctica	1470200	S	45	4	49	0.00000
Neisseria macacae	496	S	34	80	114	0.00001
Neisseria flavescens	484	S	32	27	59	0.00000
Neisseria cinerea	483	S	27	17	44	0.00000
Neisseria subflava	28449	S	18	15	33	0.00000
Crenobacter cavernae	2290923	S	3165	1104	4269	0.00027
Chitinolyticbacter meiyuanensis	682798	S	2048	261	2309	0.00015
Vitreoscilla filiformis	63	S	732	133	865	0.00006
Vitreoscilla massiliensis	1689272	S	93	11	104	0.00001
Vitreoscilla sp. C1	96942	S	10	55	65	0.00000
Kingella potus	265175	S	268	38	306	0.00002
Kingella denitrificans	502	S	191	129	320	0.00002
Kingella oralis	505	S	180	29	209	0.00001
Kingella kingae	504	S	62	10	72	0.00000
Eikenella corrodens	539	S	312	214	526	0.00003
Eikenella exigua	2528037	S	90	67	157	0.00001
Uruburuella suis	252130	S	283	47	330	0.00002
Uruburuella testudinis	1282863	S	216	43	259	0.00002
Paralysiella testudinis	2809020	S	215	46	261	0.00002
Alysiella crassa	153491	S	49	16	65	0.00000
Alysiella filiformis	194196	S	45	16	61	0.00000
Conchiformibius steedae	153493	S	107	17	124	0.00001
Neisseriaceae bacterium CCUG 44465	2917790	S	51	8	59	0.00000
Aquella oligotrophica	2067065	S	45	2	47	0.00000
Snodgrassella alvi	1196083	S	34	11	45	0.00000
Morococcus cerebrosus	1056807	S	28	152	180	0.00001
Simonsiella muelleri	72	S	26	4	30	0.00000
Casimicrobium huifangae	2591109	S	2191	1043	3234	0.00021
Pseudomonas sp. LPB0260	2614442	S	3701	711	4412	0.00028
Pseudomonas sp. CC6-YY-74	1930532	S	3527	402	3929	0.00025
Pseudomonas sp. TCU-HL1	1856685	S	2972	396	3368	0.00022
Pseudomonas sp. DY-1	1755504	S	2635	314	2949	0.00019
Pseudomonas sp. SCB32	2653853	S	2360	477	2837	0.00018
Pseudomonas sp. ATCC 13867	1294143	S	2279	754	3033	0.00019
Pseudomonas sp. PDNC002	2811422	S	2193	463	2656	0.00017
Pseudomonas sp. ABC1	2748080	S	1718	231	1949	0.00012
Pseudomonas sp. MTM4	2705472	S	1691	273	1964	0.00013
Pseudomonas sp. KNUC1026	2893890	S	1680	155	1835	0.00012
Pseudomonas sp. MM211	2866808	S	1622	141	1763	0.00011
Pseudomonas sp. B11D7D	2735906	S	1604	283	1887	0.00012
Pseudomonas sp. Ost2	2678260	S	1451	197	1648	0.00011
Pseudomonas sp. Pc102	2678261	S	1431	680	2111	0.00013
Pseudomonas sp. MSPm1	2726956	S	1220	241	1461	0.00009
Pseudomonas sp. StFLB209	1028989	S	1173	300	1473	0.00009
Pseudomonas sp. L5B5	2883205	S	1137	195	1332	0.00009
Pseudomonas sp. 7SR1	1881017	S	1053	183	1236	0.00008
Pseudomonas sp. p1(2021b)	2874628	S	1031	537	1568	0.00010
Pseudomonas sp. CMR5c	658630	S	1007	276	1283	0.00008
Pseudomonas sp. HLS-6	2049589	S	841	252	1093	0.00007
Pseudomonas sp. OIL-1	2706126	S	837	133	970	0.00006
Pseudomonas sp. LAB-08	143813	S	757	133	890	0.00006
Pseudomonas sp. HN2-3	2886360	S	719	152	871	0.00006
Pseudomonas sp. M30-35	1981174	S	663	37	700	0.00004
Pseudomonas sp. ADPe	2774873	S	631	1451	2082	0.00013
Pseudomonas sp. MPC6	2498848	S	622	126	748	0.00005
Pseudomonas sp. DG56-2	2320270	S	621	66	687	0.00004
Pseudomonas sp. Leaf58	1736226	S	619	112	731	0.00005
Pseudomonas sp. URMO17WK12:I11	1283291	S	601	370	971	0.00006
Pseudomonas sp. MM213	2866807	S	595	121	716	0.00005
Pseudomonas sp. gcc21	2726989	S	593	259	852	0.00005
Pseudomonas sp. Marseille-Q3773	2866592	S	587	182	769	0.00005
Pseudomonas sp. 15A4	2804761	S	581	132	713	0.00005
Pseudomonas sp. LPH1	1898684	S	545	438	983	0.00006
Pseudomonas sp. S09G 359	2054919	S	541	123	664	0.00004
Pseudomonas sp. M1	95619	S	540	1182	1722	0.00011
Pseudomonas sp. Tri1	2823875	S	536	117	653	0.00004
Pseudomonas sp. RtIB026	2749999	S	492	277	769	0.00005
Pseudomonas sp. ADAK13	2730847	S	484	105	589	0.00004
Pseudomonas sp. S34	1573718	S	467	105	572	0.00004
Pseudomonas sp. DNDY-54	2870860	S	437	187	624	0.00004
Pseudomonas sp. NIBR-H-19	2901380	S	429	90	519	0.00003
Pseudomonas sp. 31-12	2201356	S	424	102	526	0.00003
Pseudomonas sp. Seg1	2678259	S	422	92	514	0.00003
Pseudomonas sp. PP3	2815936	S	413	155	568	0.00004
Pseudomonas sp. RC3H12	2834406	S	411	240	651	0.00004
Pseudomonas sp. R5-89-07	658644	S	407	123	530	0.00003
Pseudomonas sp. DTU12.3	2073078	S	394	95	489	0.00003
Pseudomonas sp. S35	1573719	S	393	100	493	0.00003
Pseudomonas sp. OE 28.3	2745519	S	387	89	476	0.00003
Pseudomonas sp. 2hn	2866626	S	387	248	635	0.00004
Pseudomonas sp. ACM7	2052956	S	382	63	445	0.00003
Pseudomonas sp. phDV1	253237	S	376	1213	1589	0.00010
Pseudomonas sp. R2A2	2213057	S	362	387	749	0.00005
Pseudomonas sp. MRSN12121	1611770	S	357	463	820	0.00005
Pseudomonas sp. HN11	1344094	S	338	73	411	0.00003
Pseudomonas sp. NS1(2017)	2025658	S	337	81	418	0.00003
Pseudomonas sp. LS.1a	2920387	S	337	135	472	0.00003
Pseudomonas sp. ADAK18	2730848	S	335	55	390	0.00002
Pseudomonas sp. HS6	2850559	S	332	81	413	0.00003
Pseudomonas sp. HS-18	2879114	S	324	592	916	0.00006
Pseudomonas sp. St316	2678257	S	322	96	418	0.00003
Pseudomonas sp. LG1E9	2219057	S	322	91	413	0.00003
Pseudomonas sp. DR48	2871095	S	318	223	541	0.00003
Pseudomonas sp. THAF7b	2587845	S	317	583	900	0.00006
Pseudomonas sp. 09C 129	2054915	S	292	315	607	0.00004
Pseudomonas sp. SDM007	2812000	S	292	190	482	0.00003
Pseudomonas sp. SK3(2021)	2841064	S	291	167	458	0.00003
Pseudomonas sp. LTGT-11-2Z	2479393	S	286	7174	7460	0.00048
Pseudomonas sp. CCOS 191	1649877	S	270	214	484	0.00003
Pseudomonas sp. NIBRBAC000502773	2590776	S	259	119	378	0.00002
Pseudomonas sp. LTJR-52	2479392	S	257	76	333	0.00002
Pseudomonas sp. IzPS59	2774459	S	251	109	360	0.00002
Pseudomonas sp. R84	1573712	S	248	114	362	0.00002
Pseudomonas sp. 14181154	2662033	S	247	257	504	0.00003
Pseudomonas sp. FIT81	2837969	S	241	130	371	0.00002
Pseudomonas sp. CYM-20-01	2870750	S	234	104	338	0.00002
Pseudomonas sp. SCA2728.1_7	2825975	S	232	125	357	0.00002
Pseudomonas sp. Z003-0.4C(8344-21)	1855380	S	231	145	376	0.00002
Pseudomonas sp. RBPA9	2746321	S	212	396	608	0.00004
Pseudomonas sp. SK	2729423	S	210	165	375	0.00002
Pseudomonas sp. R76	1573711	S	204	91	295	0.00002
Pseudomonas sp. 02C 26	2054914	S	203	493	696	0.00004
Pseudomonas sp. UW4	1207075	S	203	120	323	0.00002
Pseudomonas sp. AO-1	2855434	S	202	199	401	0.00003
Pseudomonas sp. FGI182	1259844	S	184	185	369	0.00002
Pseudomonas sp. B10	118613	S	172	111	283	0.00002
Pseudomonas sp. S07E 245	2866278	S	169	435	604	0.00004
Pseudomonas sp. BIGb0427	2724470	S	164	399	563	0.00004
Pseudomonas sp. Cab53	2678258	S	157	219	376	0.00002
Pseudomonas sp. SORT22	2813842	S	155	401	556	0.00004
Pseudomonas sp. 3-2	2867408	S	144	185	329	0.00002
Pseudomonas sp. MPFS	2795724	S	143	228	371	0.00002
Pseudomonas sp. ATCC 43928	676210	S	141	364	505	0.00003
Pseudomonas sp. Y5-11	2749808	S	136	435	571	0.00004
Pseudomonas sp. DR 5-09	1534110	S	134	181	315	0.00002
Pseudomonas sp. FDAARGOS_380	2018067	S	123	89	212	0.00001
Pseudomonas sp. C27(2019)	2604941	S	122	17	139	0.00001
Pseudomonas sp. PONIH3	1636610	S	122	650	772	0.00005
Pseudomonas sp. MYb193	1827300	S	116	124	240	0.00002
Pseudomonas sp. LBUM920	2126069	S	110	297	407	0.00003
Pseudomonas sp. J380	2605424	S	110	139	249	0.00002
Pseudomonas sp. HN2	2884805	S	107	83	190	0.00001
Pseudomonas sp. St29	1500687	S	106	459	565	0.00004
Pseudomonas sp. SC3(2021)	2871493	S	100	95	195	0.00001
Pseudomonas sp. AN-B15	2697023	S	92	274	366	0.00002
Pseudomonas sp. RU47	2005388	S	91	249	340	0.00002
Pseudomonas sp. ArH3a	2862945	S	91	244	335	0.00002
Pseudomonas sp. A214	1855331	S	90	244	334	0.00002
Pseudomonas sp. BIOMIG1BAC	1758730	S	89	271	360	0.00002
Pseudomonas sp. S150	2559074	S	84	116	200	0.00001
Pseudomonas sp. A2	107445	S	78	399	477	0.00003
Pseudomonas sp. ADAK22	2730851	S	77	210	287	0.00002
Pseudomonas sp. SXM-1	2169583	S	75	211	286	0.00002
Pseudomonas sp. R32	1573704	S	74	165	239	0.00002
Pseudomonas sp. Os17	1500686	S	74	391	465	0.00003
Pseudomonas sp. DR208	2870840	S	73	152	225	0.00001
Pseudomonas sp. SWI36	2083052	S	73	192	265	0.00002
Pseudomonas sp. GR 6-02	1659194	S	70	179	249	0.00002
Pseudomonas sp. LG1D9	2083054	S	69	277	346	0.00002
Pseudomonas sp. R3-18-08	1173283	S	68	212	280	0.00002
Pseudomonas sp. R1-43-08	1173270	S	67	425	492	0.00003
Pseudomonas sp. MPDS	2762896	S	66	240	306	0.00002
Pseudomonas sp. S49	1573720	S	66	182	248	0.00002
Pseudomonas sp. TKP	1415630	S	65	193	258	0.00002
Pseudomonas sp. BC42	2933816	S	64	338	402	0.00003
Pseudomonas sp. IAC-BECa141	2793103	S	62	111	173	0.00001
Pseudomonas sp. CFSAN084952	2664899	S	59	152	211	0.00001
Pseudomonas sp. CFA	2651048	S	56	258	314	0.00002
Pseudomonas sp. R2-37-08W	1173273	S	54	273	327	0.00002
Pseudomonas sp. SWI44	2083053	S	53	484	537	0.00003
Pseudomonas sp. St290	1602166	S	53	177	230	0.00001
Pseudomonas sp. 7-41	2898483	S	52	203	255	0.00002
Pseudomonas sp. NC02	2067572	S	50	150	200	0.00001
Pseudomonas sp. Y39-6	2749807	S	50	142	192	0.00001
Pseudomonas sp. R4-39-08	1173288	S	50	316	366	0.00002
Pseudomonas sp. HN8-3	2886361	S	48	83	131	0.00001
Pseudomonas sp. PS1(2021)	2866282	S	47	1306	1353	0.00009
Pseudomonas sp. R3-52-08	1173284	S	44	286	330	0.00002
Pseudomonas sp. R4-35-07	658643	S	43	312	355	0.00002
Pseudomonas sp. SW-3	147212	S	41	135	176	0.00001
Pseudomonas sp. So3.2b	2864101	S	40	111	151	0.00001
Pseudomonas sp. R4-34-07	658642	S	38	236	274	0.00002
Pseudomonas sp. I3-I5	2926671	S	38	133	171	0.00001
Pseudomonas sp. XWY-1	2069256	S	37	209	246	0.00002
Pseudomonas sp. IB20	1702250	S	37	231	268	0.00002
Pseudomonas sp. VLB120	69328	S	37	550	587	0.00004
Pseudomonas sp. B14-6	2738843	S	36	86	122	0.00001
Pseudomonas sp. DTU12.1	2654238	S	36	154	190	0.00001
Pseudomonas sp. OST1909	2777367	S	35	93	128	0.00001
Pseudomonas sp. Eqa60	2799184	S	35	171	206	0.00001
Pseudomonas sp. SWI6	2083051	S	35	631	666	0.00004
Pseudomonas sp. CIP-10	2892442	S	32	273	305	0.00002
Pseudomonas sp. BYT-1	2816906	S	31	249	280	0.00002
Pseudomonas sp. Colony2	2861799	S	28	109	137	0.00001
Pseudomonas sp. LH1G9	2083055	S	28	84	112	0.00001
Pseudomonas sp. BJP69	2597770	S	26	146	172	0.00001
Pseudomonas sp. TMW 2.1634	1886807	S	25	57	82	0.00001
Pseudomonas sp. R2-60-08W	1173280	S	24	179	203	0.00001
Pseudomonas sp. R11-23-07	658632	S	20	192	212	0.00001
Pseudomonas sp. SK2	2841063	S	20	393	413	0.00003
Pseudomonas sp. SWI7	2587597	S	19	107	126	0.00001
Pseudomonas sp. R2-7-07	658641	S	18	182	200	0.00001
Pseudomonas sp. JY-Q	1338689	S	14	99	113	0.00001
Pseudomonas sp. 13159349	2662034	S	10	85	95	0.00001
Pseudomonas aeruginosa	287	S	12433	112295	124728	0.00797
Pseudomonas mendocina	300	S	9198	3088	12286	0.00078
Pseudomonas alcaligenes	43263	S	7244	4727	11971	0.00076
Pseudomonas furukawaii	1149133	S	4215	1203	5418	0.00035
Pseudomonas oleovorans	301	S	814	1997	2811	0.00018
Pseudomonas resinovorans	53412	S	3700	755	4455	0.00028
Pseudomonas multiresinivorans	95301	S	1399	420	1819	0.00012
Pseudomonas nitroreducens	46680	S	341	643	984	0.00006
Pseudomonas citronellolis	53408	S	1236	1605	2841	0.00018
Pseudomonas stutzeri	316	S	25148	14925	40073	0.00256
Pseudomonas chloritidismutans	203192	S	233	285	518	0.00003
Pseudomonas balearica	74829	S	3756	4336	8092	0.00052
Pseudomonas xanthomarina	271420	S	1014	149	1163	0.00007
Pseudomonas luteola	47886	S	271	110	381	0.00002
Pseudomonas fluorescens	294	S	9703	6440	16143	0.00103
Pseudomonas protegens	380021	S	2268	3173	5441	0.00035
Pseudomonas orientalis	76758	S	1706	417	2123	0.00014
Pseudomonas synxantha	47883	S	1147	725	1872	0.00012
Pseudomonas azotoformans	47878	S	1026	349	1375	0.00009
Pseudomonas rhodesiae	76760	S	863	314	1177	0.00008
Pseudomonas poae	200451	S	844	418	1262	0.00008
Pseudomonas mediterranea	183795	S	717	171	888	0.00006
Pseudomonas corrugata	47879	S	701	143	844	0.00005
Pseudomonas trivialis	200450	S	668	216	884	0.00006
Pseudomonas tolaasii	29442	S	607	102	709	0.00005
Pseudomonas mucidolens	46679	S	529	71	600	0.00004
Pseudomonas migulae	78543	S	528	275	803	0.00005
Pseudomonas cedrina	651740	S	485	114	599	0.00004
Pseudomonas congelans	200452	S	419	106	525	0.00003
Pseudomonas brenneri	129817	S	374	134	508	0.00003
Pseudomonas libanensis	75588	S	263	269	532	0.00003
Pseudomonas mandelii	75612	S	250	484	734	0.00005
Pseudomonas ogarae	1114970	S	227	141	368	0.00002
Pseudomonas veronii	76761	S	221	487	708	0.00005
Pseudomonas extremorientalis	169669	S	34	66	100	0.00001
Pseudomonas putida	303	S	11895	13300	25195	0.00161
Pseudomonas fulva	47880	S	3602	8643	12245	0.00078
Pseudomonas oryzihabitans	47885	S	3424	645	4069	0.00026
Pseudomonas plecoglossicida	70775	S	740	521	1261	0.00008
Pseudomonas monteilii	76759	S	423	581	1004	0.00006
Pseudomonas mosselii	78327	S	408	700	1108	0.00007
Pseudomonas sp. SGAir0191	2217867	S	210	111	321	0.00002
Pseudomonas shirazica	1940636	S	16	190	206	0.00001
Pseudomonas syringae	317	S	2956	14619	17575	0.00112
Pseudomonas viridiflava	33069	S	2033	207	2240	0.00014
Pseudomonas cichorii	36746	S	1314	106	1420	0.00009
Pseudomonas asturiensis	1190415	S	695	60	755	0.00005
Pseudomonas amygdali	47877	S	265	742	1007	0.00006
Pseudomonas savastanoi	29438	S	89	218	307	0.00002
Pseudomonas syringae group genomosp. 7	251699	S	498	44	542	0.00003
Pseudomonas fuscovaginae	50340	S	255	121	376	0.00002
Pseudomonas avellanae	46257	S	176	91	267	0.00002
Pseudomonas coronafaciens	53409	S	111	103	214	0.00001
Pseudomonas syringae group genomosp. 3	251701	S	100	404	504	0.00003
Pseudomonas sp. Lz4W	1206777	S	86	123	209	0.00001
Pseudomonas tremae	200454	S	38	28	66	0.00000
Pseudomonas otitidis	319939	S	6933	1442	8375	0.00053
Pseudomonas chlororaphis	587753	S	5676	5182	10858	0.00069
Pseudomonas lundensis	86185	S	656	77	733	0.00005
Pseudomonas fragi	296	S	309	212	521	0.00003
Pseudomonas cavernae	2320867	S	4759	710	5469	0.00035
Pseudomonas knackmussii	65741	S	4246	3177	7423	0.00047
Pseudomonas oryzae	1392877	S	4157	1262	5419	0.00035
Pseudomonas lalkuanensis	2604832	S	3762	652	4414	0.00028
Pseudomonas psychrotolerans	237610	S	3750	739	4489	0.00029
Pseudomonas campi	2731681	S	2971	380	3351	0.00021
Pseudomonas guangdongensis	1245526	S	2619	802	3421	0.00022
Pseudomonas entomophila	312306	S	2307	879	3186	0.00020
Pseudomonas qingdaonensis	2056231	S	1401	262	1663	0.00011
Pseudomonas saudiphocaensis	1499686	S	1399	308	1707	0.00011
Pseudomonas tohonis	2725477	S	1376	971	2347	0.00015
Pseudomonas parafulva	157782	S	1340	336	1676	0.00011
Pseudomonas eucalypticola	2599595	S	1336	160	1496	0.00010
Pseudomonas vanderleydeniana	2745495	S	1325	168	1493	0.00010
Pseudomonas argentinensis	289370	S	1275	258	1533	0.00010
Pseudomonas pohangensis	364197	S	1267	90	1357	0.00009
Pseudomonas rhizosphaerae	216142	S	1246	144	1390	0.00009
Pseudomonas zhaodongensis	1176257	S	1175	459	1634	0.00010
Pseudomonas nanhaiensis	2830842	S	1145	109	1254	0.00008
Pseudomonas wenzhouensis	2906062	S	1104	370	1474	0.00009
Pseudomonas alkylphenolica	237609	S	1092	194	1286	0.00008
Pseudomonas cremoricolorata	157783	S	1079	154	1233	0.00008
Pseudomonas toyotomiensis	554344	S	1061	793	1854	0.00012
Pseudomonas sediminis	1691904	S	1037	259	1296	0.00008
Pseudomonas brassicacearum	930166	S	1028	1568	2596	0.00017
Pseudomonas frederiksbergensis	104087	S	1006	251	1257	0.00008
Pseudomonas yamanorum	515393	S	927	173	1100	0.00007
Pseudomonas phragmitis	1931241	S	904	68	972	0.00006
Pseudomonas marincola	437900	S	904	135	1039	0.00007
Pseudomonas muyukensis	2842357	S	842	218	1060	0.00007
Pseudomonas alvandae	2842348	S	819	113	932	0.00006
Pseudomonas umsongensis	198618	S	812	115	927	0.00006
Pseudomonas palleroniana	191390	S	757	105	862	0.00006
Pseudomonas tructae	2518644	S	739	115	854	0.00005
Pseudomonas koreensis	198620	S	684	220	904	0.00006
Pseudomonas fakonensis	2842355	S	677	182	859	0.00005
Pseudomonas xantholysinigenes	2745490	S	672	161	833	0.00005
Pseudomonas vancouverensis	95300	S	663	93	756	0.00005
Pseudomonas agarici	46677	S	657	27	684	0.00004
Pseudomonas xanthosomae	2842356	S	626	171	797	0.00005
Pseudomonas prosekii	1148509	S	578	84	662	0.00004
Pseudomonas thivervalensis	86265	S	557	96	653	0.00004
Pseudomonas promysalinigenes	485898	S	556	79	635	0.00004
Pseudomonas silesiensis	1853130	S	553	101	654	0.00004
Pseudomonas antarctica	219572	S	552	116	668	0.00004
Pseudomonas hamedanensis	2745504	S	515	80	595	0.00004
Pseudomonas granadensis	1421430	S	515	199	714	0.00005
Pseudomonas arsenicoxydans	702115	S	498	87	585	0.00004
Pseudomonas sihuiensis	1274359	S	490	532	1022	0.00007
Pseudomonas graminis	158627	S	481	110	591	0.00004
Pseudomonas extremaustralis	359110	S	478	90	568	0.00004
Pseudomonas alcaliphila	101564	S	477	438	915	0.00006
Pseudomonas khazarica	2502979	S	475	471	946	0.00006
Pseudomonas maumuensis	2842354	S	473	192	665	0.00004
Pseudomonas lurida	244566	S	471	89	560	0.00004
Pseudomonas simiae	321846	S	446	92	538	0.00003
Pseudomonas taetrolens	47884	S	416	49	465	0.00003
Pseudomonas asgharzadehiana	2842349	S	414	82	496	0.00003
Pseudomonas versuta	1788301	S	411	59	470	0.00003
Pseudomonas viciae	2505979	S	390	79	469	0.00003
Pseudomonas reinekei	395598	S	370	88	458	0.00003
Pseudomonas psychrophila	122355	S	353	44	397	0.00003
Pseudomonas lini	163011	S	353	60	413	0.00003
Pseudomonas chengduensis	489632	S	341	610	951	0.00006
Pseudomonas kribbensis	1628086	S	333	255	588	0.00004
Pseudomonas kunmingensis	1211807	S	316	386	702	0.00004
Pseudomonas allokribbensis	2774460	S	290	93	383	0.00002
Pseudomonas asplenii	53407	S	279	138	417	0.00003
Pseudomonas tritici	2745518	S	260	67	327	0.00002
Pseudomonas oryziphila	2894079	S	257	167	424	0.00003
Pseudomonas moraviensis	321662	S	225	285	510	0.00003
Pseudomonas zeae	2745510	S	223	90	313	0.00002
Pseudomonas atacamensis	2565368	S	222	172	394	0.00003
Pseudomonas gozinkensis	2774461	S	212	80	292	0.00002
Pseudomonas zarinae	2745498	S	192	116	308	0.00002
Pseudomonas germanica	2815720	S	191	83	274	0.00002
Pseudomonas anuradhapurensis	485870	S	181	132	313	0.00002
Pseudomonas tensinigenes	2745511	S	164	73	237	0.00002
Pseudomonas azerbaijanoriens	2842350	S	162	87	249	0.00002
Pseudomonas iranensis	2745503	S	159	96	255	0.00002
Pseudomonas lactis	1615674	S	136	80	216	0.00001
Pseudomonas salmasensis	2745514	S	126	65	191	0.00001
Pseudomonas monsensis	2745509	S	121	103	224	0.00001
Pseudomonas soli	1306993	S	112	372	484	0.00003
Pseudomonas donghuensis	1163398	S	97	216	313	0.00002
Pseudomonas juntendi	2666183	S	82	671	753	0.00005
Pseudomonas glycinae	1785145	S	77	109	186	0.00001
Pseudomonas bijieensis	2681983	S	74	218	292	0.00002
Pseudomonas sessilinigenes	658629	S	70	141	211	0.00001
Pseudomonas rhizophila	2045200	S	63	127	190	0.00001
Pseudomonas asiatica	2219225	S	51	228	279	0.00002
Pseudomonas cerasi	1583341	S	48	80	128	0.00001
Pseudomonas shahriarae	2745512	S	28	86	114	0.00001
Candidatus Pseudomonas adelgestsugas	1302376	S	24	0	24	0.00000
Azotobacter chroococcum	353	S	2978	1141	4119	0.00026
Azotobacter salinestris	69964	S	2060	603	2663	0.00017
Azotobacter vinelandii	354	S	1920	8461	10381	0.00066
Halopseudomonas xinjiangensis	487184	S	826	69	895	0.00006
Halopseudomonas sabulinigri	472181	S	689	56	745	0.00005
Halopseudomonas sp. RR6	2918528	S	647	89	736	0.00005
Halopseudomonas aestusnigri	857252	S	639	402	1041	0.00007
Halopseudomonas litoralis	797277	S	488	104	592	0.00004
Halopseudomonas salegens	1434072	S	388	27	415	0.00003
Permianibacter aggregans	1510150	S	649	20	669	0.00004
Thiopseudomonas alkaliphila	1697053	S	60	12	72	0.00000
Entomomonas moraniae	2213226	S	24	3	27	0.00000
Entomomonas sp. F2A	2785331	S	16	2	18	0.00000
Marinobacter sp. CA1	2817656	S	732	54	786	0.00005
Marinobacter sp. Arc7-DN-1	2304594	S	526	74	600	0.00004
Marinobacter sp. NP-4(2019)	2488665	S	460	85	545	0.00003
Marinobacter sp. LPB0319	2769486	S	432	27	459	0.00003
Marinobacter sp. LV10R510-11A	1415568	S	231	10	241	0.00002
Marinobacter sp. LQ44	1749259	S	190	303	493	0.00003
Marinobacter sp. es.042	1761794	S	180	176	356	0.00002
Marinobacter sp. CP1	1671721	S	158	302	460	0.00003
Marinobacter sp. JH2	2547598	S	150	42	192	0.00001
Marinobacter sp. BSs20148	490759	S	106	61	167	0.00001
Marinobacter fonticola	2603215	S	639	31	670	0.00004
Marinobacter salarius	1420917	S	502	63	565	0.00004
Marinobacter nauticus	2743	S	469	140	609	0.00004
Marinobacter similis	1420916	S	395	31	426	0.00003
Marinobacter salsuginis	418719	S	350	48	398	0.00003
Marinobacter salinus	1874317	S	319	20	339	0.00002
Marinobacter adhaerens	1033846	S	132	252	384	0.00002
Marinobacter psychrophilus	330734	S	87	51	138	0.00001
Lysobacter sp. KIS68-7	2904252	S	7566	1545	9111	0.00058
Lysobacter sp. TY2-98	2290922	S	6186	1036	7222	0.00046
Lysobacter sp. CECT 30171	2822368	S	5779	1471	7250	0.00046
Lysobacter sp. 5GHs7-4	2904253	S	5211	1673	6884	0.00044
Lysobacter sp. S4-A87	2925843	S	4858	1679	6537	0.00042
Lysobacter sp. CW239	2762611	S	3671	2034	5705	0.00036
Lysobacter sp. K5869	2820808	S	2794	1406	4200	0.00027
Lysobacter sp. H21R4	2781021	S	888	1823	2711	0.00017
Lysobacter sp. CJ11	2764185	S	675	61	736	0.00005
Lysobacter sp. H23M47	2781024	S	458	2366	2824	0.00018
Lysobacter sp. HDW10	2714936	S	448	132	580	0.00004
Lysobacter soli	453783	S	19694	4267	23961	0.00153
Lysobacter enzymogenes	69	S	11870	4534	16404	0.00105
Lysobacter solisilvae (ex Woo and Kim 2022)	2865112	S	8848	2737	11585	0.00074
Lysobacter solisilvae (ex Kim et al. 2021)	2763317	S	7597	1608	9205	0.00059
Lysobacter capsici	435897	S	7193	7869	15062	0.00096
Lysobacter maris	1605891	S	5499	1397	6896	0.00044
Lysobacter arenosi	2795387	S	4892	1654	6546	0.00042
Lysobacter antibioticus	84531	S	4697	1029	5726	0.00037
Lysobacter lycopersici	1324796	S	4533	1019	5552	0.00035
Lysobacter alkalisoli	2591633	S	4000	753	4753	0.00030
Lysobacter oculi	2698682	S	3253	928	4181	0.00027
Lysobacter ciconiae	2781022	S	790	1489	2279	0.00015
Lysobacter gummosus	262324	S	598	5137	5735	0.00037
Lysobacter avium	2781023	S	443	2076	2519	0.00016
Stenotrophomonas maltophilia	40324	S	10746	16179	26925	0.00172
Stenotrophomonas sp. ESTM1D_MKCIP4_1	2072414	S	748	324	1072	0.00007
Stenotrophomonas sp. SAU14A_NAIMI4_5	2072413	S	700	462	1162	0.00007
Stenotrophomonas sp. ZAC14D2_NAIMI4_7	2072405	S	349	396	745	0.00005
Stenotrophomonas sp. ZAC14A_NAIMI4_1	2072412	S	278	550	828	0.00005
Stenotrophomonas sp. YAU14D1_LEIMI4_1	2072407	S	262	475	737	0.00005
Stenotrophomonas sp. ZAC14D2_NAIMI4_6	2072406	S	182	375	557	0.00004
Stenotrophomonas sp. YAU14A_MKIMI4_1	2072408	S	89	534	623	0.00004
Stenotrophomonas sp. SAU14A_NAIMI4_8	2072409	S	81	486	567	0.00004
Stenotrophomonas sp. LM091	1904944	S	1342	536	1878	0.00012
Stenotrophomonas sp. 169	2770322	S	1274	219	1493	0.00010
Stenotrophomonas sp. 364	2691571	S	934	379	1313	0.00008
Stenotrophomonas sp. NA06056	2742129	S	498	257	755	0.00005
Stenotrophomonas sp. WZN-1	2005046	S	273	344	617	0.00004
Stenotrophomonas sp. DR822	2871174	S	164	288	452	0.00003
Stenotrophomonas sp. Pemsol	2040586	S	154	494	648	0.00004
Stenotrophomonas sp. pho	2211160	S	101	486	587	0.00004
Stenotrophomonas sp. MYb57	1827305	S	84	387	471	0.00003
Stenotrophomonas sp. SI-NJAU-1	2886359	S	74	347	421	0.00003
Stenotrophomonas sp. ASS1	2282124	S	71	350	421	0.00003
Stenotrophomonas sp. NY11291	2939415	S	60	701	761	0.00005
Stenotrophomonas sp. CW117	2775920	S	58	1308	1366	0.00009
Stenotrophomonas sp. G4	2303750	S	49	223	272	0.00002
Stenotrophomonas sp. SXG-1	2682487	S	36	437	473	0.00003
Stenotrophomonas rhizophila	216778	S	4327	1342	5669	0.00036
Stenotrophomonas acidaminiphila	128780	S	2562	6239	8801	0.00056
Stenotrophomonas indicatrix	2045451	S	137	581	718	0.00005
Xanthomonas translucens	343	S	4199	5227	9426	0.00060
Xanthomonas campestris	339	S	3357	2813	6170	0.00039
Xanthomonas sacchari	56458	S	2332	833	3165	0.00020
Xanthomonas sp. GW	2724121	S	421	579	1000	0.00006
Xanthomonas sp. SS	2724122	S	409	653	1062	0.00007
Xanthomonas sp. SI	2724123	S	380	613	993	0.00006
Xanthomonas sp. MLO165	2081477	S	108	134	242	0.00002
Xanthomonas arboricola	56448	S	1886	1741	3627	0.00023
Xanthomonas oryzae	347	S	1574	11520	13094	0.00084
Xanthomonas theicola	56464	S	1503	503	2006	0.00013
Xanthomonas citri	346	S	1176	5236	6412	0.00041
Xanthomonas hyacinthi	56455	S	1126	680	1806	0.00012
Xanthomonas albilineans	29447	S	1008	141	1149	0.00007
Xanthomonas hortorum	56454	S	934	582	1516	0.00010
Xanthomonas vesicatoria	56460	S	926	536	1462	0.00009
Xanthomonas fragariae	48664	S	905	175	1080	0.00007
Xanthomonas cucurbitae	56453	S	746	135	881	0.00006
Xanthomonas vasicola	56459	S	684	229	913	0.00006
Xanthomonas cassavae	56450	S	628	149	777	0.00005
Xanthomonas hydrangeae	2775159	S	478	150	628	0.00004
Xanthomonas euroxanthea	2259622	S	468	465	933	0.00006
Xanthomonas axonopodis	53413	S	434	487	921	0.00006
Xanthomonas phaseoli	1985254	S	324	719	1043	0.00007
Xanthomonas euvesicatoria	456327	S	208	7535	7743	0.00049
Xanthomonas perforans	442694	S	84	394	478	0.00003
Luteimonas sp. JM171	1896164	S	6798	1447	8245	0.00053
Luteimonas sp. MC1750	2799326	S	3844	1515	5359	0.00034
Luteimonas sp. S4-F44	2925842	S	3150	647	3797	0.00024
Luteimonas sp. MC1572	2799325	S	2821	1479	4300	0.00027
Luteimonas sp. YGD11-2	2508168	S	2795	1280	4075	0.00026
Luteimonas sp. D4P002	2901869	S	2749	749	3498	0.00022
Luteimonas sp. MC1825	2761107	S	2711	1460	4171	0.00027
Luteimonas granuli	1176533	S	3861	1408	5269	0.00034
Luteimonas yindakuii	2565782	S	2839	1183	4022	0.00026
Luteimonas chenhongjianii	2006110	S	2455	563	3018	0.00019
Pseudoxanthomonas suwonensis	314722	S	7016	3795	10811	0.00069
Pseudoxanthomonas mexicana	128785	S	3688	5176	8864	0.00057
Pseudoxanthomonas sp. X-1	2571115	S	2947	2665	5612	0.00036
Pseudoxanthomonas sp. F37	2932492	S	12	851	863	0.00006
Pseudoxanthomonas daejeonensis	266062	S	2767	738	3505	0.00022
Pseudoxanthomonas spadix	415229	S	1892	713	2605	0.00017
Thermomonas sp. XSG	2771436	S	2624	1212	3836	0.00024
Thermomonas sp. HDW16	2714945	S	1850	534	2384	0.00015
Thermomonas brevis	215691	S	3661	1602	5263	0.00034
Thermomonas aquatica	2202149	S	3302	1875	5177	0.00033
Thermomonas carbonis	1463158	S	2599	582	3181	0.00020
Arenimonas daejeonensis	370777	S	4403	941	5344	0.00034
Pseudolysobacter antarcticus	2511995	S	1745	49	1794	0.00011
Xylella fastidiosa	2371	S	280	62	342	0.00002
Xylella taiwanensis	1444770	S	209	13	222	0.00001
Luteibacter sp. 321	2911537	S	2421	734	3155	0.00020
Luteibacter sp. EIF3	2780091	S	1799	299	2098	0.00013
Luteibacter sp. 335	2911538	S	1509	357	1866	0.00012
Luteibacter sp. 353	2911539	S	1449	458	1907	0.00012
Luteibacter pinisoli	2589080	S	1874	521	2395	0.00015
Luteibacter rhizovicinus	242606	S	1866	277	2143	0.00014
Luteibacter anthropi	564369	S	1450	280	1730	0.00011
Rhodanobacter denitrificans	666685	S	3466	1454	4920	0.00031
Rhodanobacter sp. FDAARGOS 1247	2778082	S	2271	832	3103	0.00020
Rhodanobacter thiooxydans	416169	S	1998	997	2995	0.00019
Rhodanobacter glycinis	582702	S	1526	297	1823	0.00012
Dyella thiooxydans	445710	S	2809	931	3740	0.00024
Dyella japonica	231455	S	1573	505	2078	0.00013
Dyella telluris	2763498	S	1426	404	1830	0.00012
Dyella terrae	522259	S	1175	176	1351	0.00009
Dyella caseinilytica	1849581	S	978	80	1058	0.00007
Dyella sp. M7H15-1	2501295	S	608	64	672	0.00004
Frateuria sp. 5GH9-34	2898793	S	2637	910	3547	0.00023
Frateuria sp. 5GH9-11	1542730	S	2510	1104	3614	0.00023
Frateuria aurantia	81475	S	882	121	1003	0.00006
Dokdonella koreensis	323415	S	5639	1040	6679	0.00043
Aerosticca soli	2010829	S	2787	3682	6469	0.00041
Ahniella affigens	2021234	S	1547	42	1589	0.00010
Klebsiella pneumoniae	573	S	976	41054	42030	0.00268
Klebsiella quasipneumoniae	1463165	S	648	2437	3085	0.00020
Klebsiella oxytoca	571	S	466	344	810	0.00005
Klebsiella aerogenes	548	S	436	271	707	0.00005
Klebsiella sp. A52	2834819	S	25	387	412	0.00003
Klebsiella variicola	244366	S	313	1340	1653	0.00011
Klebsiella michiganensis	1134687	S	253	1070	1323	0.00008
Klebsiella africana	2489010	S	133	88	221	0.00001
Klebsiella quasivariicola	2026240	S	112	130	242	0.00002
Klebsiella huaxiensis	2153354	S	88	91	179	0.00001
Klebsiella grimontii	2058152	S	74	557	631	0.00004
Raoultella sp. HC6	2923366	S	261	192	453	0.00003
Raoultella planticola	575	S	182	201	383	0.00002
Raoultella ornithinolytica	54291	S	144	1168	1312	0.00008
Raoultella terrigena	577	S	111	236	347	0.00002
Raoultella electrica	1259973	S	95	257	352	0.00002
Enterobacter cloacae	550	S	1290	2260	3550	0.00023
Enterobacter hormaechei	158836	S	418	6704	7122	0.00045
Enterobacter asburiae	61645	S	315	1607	1922	0.00012
Enterobacter cancerogenus	69218	S	308	117	425	0.00003
Enterobacter roggenkampii	1812935	S	233	1048	1281	0.00008
Enterobacter ludwigii	299767	S	141	372	513	0.00003
Enterobacter chengduensis	2494701	S	129	98	227	0.00001
Enterobacter cloacae complex sp.	2027919	S	38	1068	1106	0.00007
Enterobacter sp. BIDMC 29	1329841	S	26	99	125	0.00001
Enterobacter sp. BIDMC100	1686399	S	12	143	155	0.00001
Enterobacter cloacae complex sp. ECNIH7	1915310	S	12	100	112	0.00001
Enterobacter chuandaensis	2497875	S	99	72	171	0.00001
Enterobacter sichuanensis	2071710	S	71	71	142	0.00001
Enterobacter kobei	208224	S	66	838	904	0.00006
Enterobacter sp. JUb54	2724468	S	300	68	368	0.00002
Enterobacter sp. SA187	1914861	S	281	55	336	0.00002
Enterobacter sp. E76	2596949	S	127	254	381	0.00002
Enterobacter sp. RHBSTW-00994	2742676	S	105	29	134	0.00001
Enterobacter sp. RHBSTW-00175	2742639	S	81	83	164	0.00001
Enterobacter sp. Colony194	2866201	S	58	72	130	0.00001
Enterobacter sp. SGAir0187	2836161	S	58	72	130	0.00001
Enterobacter sp. JBIWA003	2831890	S	53	74	127	0.00001
Enterobacter sp. JBIWA008	2831892	S	49	35	84	0.00001
Enterobacter sp. SES19	2705458	S	34	36	70	0.00000
Enterobacter sp. JBIWA005	2831891	S	29	59	88	0.00001
Enterobacter sp. E20	1560339	S	27	264	291	0.00002
Enterobacter sp. N18-03635	2500132	S	14	38	52	0.00000
Enterobacter sp. HK169	1868135	S	11	54	65	0.00000
Enterobacter huaxiensis	2494702	S	168	56	224	0.00001
Enterobacter mori	539813	S	144	207	351	0.00002
Enterobacter bugandensis	881260	S	126	253	379	0.00002
Enterobacter oligotrophicus	2478464	S	94	32	126	0.00001
Enterobacter soli	885040	S	80	23	103	0.00001
Citrobacter freundii	546	S	308	1588	1896	0.00012
Citrobacter werkmanii	67827	S	60	174	234	0.00001
Citrobacter braakii	57706	S	50	458	508	0.00003
Citrobacter freundii complex sp. CFNIH2	2066049	S	34	45	79	0.00001
Citrobacter sedlakii	67826	S	40	134	174	0.00001
Citrobacter portucalensis	1639133	S	33	395	428	0.00003
Citrobacter youngae	133448	S	11	41	52	0.00000
Citrobacter sp. R56	1573676	S	144	48	192	0.00001
Citrobacter sp. RHB25-C09	2742624	S	117	33	150	0.00001
Citrobacter sp. BDA59-3	2781952	S	42	22	64	0.00000
Citrobacter sp. MGH 55	1439319	S	11	41	52	0.00000
Citrobacter sp. Colony219	2861802	S	10	82	92	0.00001
Citrobacter rodentium	67825	S	268	0	268	0.00002
Citrobacter farmeri	67824	S	182	102	284	0.00002
Citrobacter amalonaticus	35703	S	161	895	1056	0.00007
Citrobacter koseri	545	S	85	133	218	0.00001
Citrobacter pasteurii	1563222	S	64	62	126	0.00001
Citrobacter tructae	2562449	S	63	33	96	0.00001
Citrobacter arsenatis	2546350	S	32	13	45	0.00000
Citrobacter cronae	1748967	S	10	92	102	0.00001
Cronobacter sakazakii	28141	S	431	363	794	0.00005
Cronobacter dublinensis	413497	S	358	143	501	0.00003
Cronobacter condimenti	1163710	S	216	67	283	0.00002
Cronobacter universalis	535744	S	213	166	379	0.00002
Cronobacter malonaticus	413503	S	113	125	238	0.00002
Cronobacter sp. JZ38	1906275	S	47	154	201	0.00001
Cronobacter muytjensii	413501	S	46	194	240	0.00002
Kosakonia sp. SMBL-WEM22	2725560	S	168	79	247	0.00002
Kosakonia sp. CCTCC M2018092	2492396	S	97	98	195	0.00001
Kosakonia sp. MUSA4	2067958	S	89	48	137	0.00001
Kosakonia cowanii	208223	S	348	285	633	0.00004
Kosakonia sacchari	1158459	S	238	109	347	0.00002
Kosakonia radicincitans	283686	S	139	152	291	0.00002
Kosakonia pseudosacchari	1646340	S	110	62	172	0.00001
Kosakonia arachidis	551989	S	104	30	134	0.00001
Kosakonia oryzae	497725	S	80	60	140	0.00001
Leclercia adecarboxylata	83655	S	581	1145	1726	0.00011
Leclercia sp. 29361	2714951	S	188	83	271	0.00002
Leclercia sp. J807	2681307	S	38	65	103	0.00001
Leclercia sp. G3L	2898725	S	35	201	236	0.00002
Leclercia sp. W17	2282309	S	24	75	99	0.00001
Leclercia sp. W6	2282310	S	21	45	66	0.00000
Leclercia sp. LSNIH1	1920114	S	15	225	240	0.00002
Leclercia sp. 119287	2681308	S	15	51	66	0.00000
Leclercia pneumoniae	2815358	S	178	93	271	0.00002
Pluralibacter gergoviae	61647	S	1047	287	1334	0.00009
[Enterobacter] lignolyticus	1334193	S	430	123	553	0.00004
Salmonella enterica	28901	S	1101	41717	42818	0.00273
Salmonella bongori	54736	S	111	32	143	0.00001
Escherichia coli	562	S	778	16641	17419	0.00111
Escherichia albertii	208962	S	152	142	294	0.00002
Escherichia marmotae	1499973	S	72	45	117	0.00001
Escherichia fergusonii	564	S	70	122	192	0.00001
Escherichia sp. E4742	2044467	S	41	30	71	0.00000
Cedecea neteri	158822	S	716	161	877	0.00006
Cedecea lapagei	158823	S	203	58	261	0.00002
Cedecea sp. FDAARGOS_727	2545798	S	185	41	226	0.00001
Lelliottia amnigena	61646	S	450	135	585	0.00004
Lelliottia sp. WB101	2153385	S	65	82	147	0.00001
Lelliottia sp. AC1	2067959	S	54	56	110	0.00001
Kluyvera ascorbata	51288	S	188	176	364	0.00002
Kluyvera intermedia	61648	S	149	122	271	0.00002
Kluyvera sp. CRP	2873269	S	24	74	98	0.00001
Kluyvera genomosp. 3	2774055	S	21	62	83	0.00001
Candidatus Symbiopectobacterium sp. SyEd1	2871826	S	172	22	194	0.00001
Blochmannia endosymbiont of Colobopsis nipponica	2681987	S	21	12	33	0.00000
Blochmannia endosymbiont of Polyrhachis (Hedomyrma) turneri	1505596	S	13	9	22	0.00000
secondary endosymbiont of Ctenarytaina eucalypti	1199245	S	33	1	34	0.00000
Candidatus Hamiltonella defensa	138072	S	32	2	34	0.00000
secondary endosymbiont of Heteropsylla cubana	134287	S	12	0	12	0.00000
Candidatus Doolittlea endobia	1778262	S	30	1	31	0.00000
Candidatus Mikella endobia	1778264	S	18	5	23	0.00000
Candidatus Hoaglandella endobia	1778263	S	12	0	12	0.00000
Candidatus Tachikawaea gelatinosa	1410383	S	11	2	13	0.00000
Jejubacter calystegiae	2579935	S	315	36	351	0.00002
Pseudescherichia vulneris	566	S	308	20	328	0.00002
Shimwellia blattae	563	S	262	56	318	0.00002
Buttiauxella agrestis	82977	S	105	22	127	0.00001
Buttiauxella ferragutiae	82989	S	19	70	89	0.00001
Buttiauxella sp. 3AFRM03	2479367	S	16	54	70	0.00000
Plesiomonas shigelloides	703	S	225	76	301	0.00002
Scandinavium goeteborgense	1851514	S	221	44	265	0.00002
Atlantibacter hermannii	565	S	214	48	262	0.00002
Yokenella regensburgei	158877	S	201	95	296	0.00002
Pseudocitrobacter sp. G163CM	2891570	S	194	52	246	0.00002
Phytobacter ursingii	1972431	S	110	154	264	0.00002
Phytobacter diazotrophicus	395631	S	18	128	146	0.00001
Phytobacter sp. SCO41	1756993	S	15	25	40	0.00000
Shigella flexneri	623	S	34	4582	4616	0.00029
Shigella boydii	621	S	19	541	560	0.00004
Candidatus Moranella endobia	1048758	S	34	0	34	0.00000
Candidatus Ishikawaella capsulata	168169	S	24	1	25	0.00000
Serratia marcescens	615	S	1762	1868	3630	0.00023
Serratia sp. ATCC 39006	104623	S	158	17	175	0.00001
Serratia sp. FDAARGOS_506	2420306	S	98	42	140	0.00001
Serratia sp. FGI94	671990	S	97	39	136	0.00001
Serratia sp. 3ACOL1	2448483	S	34	14	48	0.00000
Serratia sp. FS14	1327989	S	33	48	81	0.00001
Serratia sp. MYb239	2033438	S	30	80	110	0.00001
Serratia sp. 1D1416	2447890	S	28	27	55	0.00000
Serratia sp. P2ACOL2	2482769	S	26	21	47	0.00000
Serratia sp. JSRIV002	2831894	S	13	20	33	0.00000
Serratia sp. Tan611	2773264	S	11	22	33	0.00000
Serratia plymuthica	82996	S	590	14577	15167	0.00097
Serratia rubidaea	61652	S	501	206	707	0.00005
Serratia entomophila	42906	S	409	73	482	0.00003
Serratia odorifera	618	S	288	43	331	0.00002
Serratia proteamaculans	28151	S	286	29	315	0.00002
Serratia fonticola	47917	S	229	65	294	0.00002
Serratia surfactantfaciens	2741499	S	193	41	234	0.00001
Serratia quinivorans	137545	S	145	27	172	0.00001
Serratia liquefaciens	614	S	144	67	211	0.00001
Serratia symbiotica	138074	S	141	22	163	0.00001
Serratia inhibens	2338073	S	114	25	139	0.00001
Serratia grimesii	82995	S	108	7	115	0.00001
Serratia rhizosphaerae	2597702	S	93	32	125	0.00001
Serratia ureilytica	300181	S	73	258	331	0.00002
Serratia ficaria	61651	S	45	59	104	0.00001
Serratia nematodiphila	458197	S	12	33	45	0.00000
Yersinia pseudotuberculosis	633	S	29	114	143	0.00001
Yersinia similis	367190	S	20	3	23	0.00000
Yersinia pestis	632	S	15	3502	3517	0.00022
Yersinia enterocolitica	630	S	99	71	170	0.00001
Yersinia ruckeri	29486	S	82	15	97	0.00001
Yersinia entomophaga	935293	S	72	12	84	0.00001
Yersinia canariae	2607663	S	57	17	74	0.00000
Yersinia mollaretii	33060	S	57	11	68	0.00000
Yersinia rohdei	29485	S	55	10	65	0.00000
Yersinia aldovae	29483	S	51	10	61	0.00000
Yersinia kristensenii	28152	S	47	94	141	0.00001
Yersinia aleksiciae	263819	S	37	8	45	0.00000
Yersinia frederiksenii	29484	S	33	22	55	0.00000
Yersinia intermedia	631	S	20	47	67	0.00000
Yersinia massiliensis	419257	S	20	46	66	0.00000
Yersinia hibernica	2339259	S	13	16	29	0.00000
Rahnella aquatilis	34038	S	267	361	628	0.00004
Rahnella inusitata	58169	S	188	49	237	0.00002
Rahnella victoriana	1510570	S	170	24	194	0.00001
Rahnella sp. ERMR1:05	1805933	S	154	21	175	0.00001
Rahnella aceris	2703885	S	25	50	75	0.00000
Nissabacter sp. SGAir0207	2126321	S	704	107	811	0.00005
Gibbsiella quercinecans	929813	S	447	56	503	0.00003
Ewingella americana	41202	S	253	33	286	0.00002
Rouxiella badensis	1646377	S	250	22	272	0.00002
Chania multitudinisentens	1639108	S	152	16	168	0.00001
Candidatus Fukatsuia symbiotica	1878942	S	47	3	50	0.00000
Pantoea sp. Z09	2886821	S	577	190	767	0.00005
Pantoea sp. SO10	2575375	S	246	48	294	0.00002
Pantoea sp. CCBC3-3-1	2490851	S	196	40	236	0.00002
Pantoea sp. At-9b	592316	S	194	39	233	0.00001
Pantoea sp. MSR2	2052056	S	168	19	187	0.00001
Pantoea sp. MT58	2768165	S	12	87	99	0.00001
Pantoea sp. SM3640	2787629	S	11	74	85	0.00001
Pantoea agglomerans	549	S	1212	378	1590	0.00010
Pantoea dispersa	59814	S	979	268	1247	0.00008
Pantoea ananatis	553	S	400	124	524	0.00003
Pantoea vagans	470934	S	368	605	973	0.00006
Pantoea deleyi	470932	S	342	82	424	0.00003
Pantoea stewartii	66269	S	230	57	287	0.00002
Pantoea alhagi	1891675	S	186	62	248	0.00002
Pantoea cypripedii	55209	S	184	11	195	0.00001
Pantoea rwandensis	1076550	S	138	30	168	0.00001
Candidatus Pantoea carbekii	1235990	S	13	1	14	0.00000
Pantoea eucalypti	470933	S	11	73	84	0.00001
Erwinia sp. E602	2675378	S	568	106	674	0.00004
Erwinia sp. J780	2681984	S	122	24	146	0.00001
Erwinia sp. Ejp617	215689	S	33	54	87	0.00001
Erwinia sp. QL-Z3	2547962	S	33	91	124	0.00001
Erwinia gerundensis	1619313	S	293	58	351	0.00002
Erwinia persicina	55211	S	242	51	293	0.00002
Erwinia rhapontici	55212	S	217	42	259	0.00002
Erwinia tasmaniensis	338565	S	150	32	182	0.00001
Erwinia amylovora	552	S	142	52	194	0.00001
Erwinia billingiae	182337	S	129	253	382	0.00002
Erwinia tracheiphila	65700	S	104	14	118	0.00001
[Pantoea] beijingensis	1324864	S	88	17	105	0.00001
Candidatus Erwinia haradaeae	1922217	S	76	1	77	0.00000
Erwinia pyrifoliae	79967	S	28	44	72	0.00000
Mixta gaviniae	665914	S	437	177	614	0.00004
Mixta calida	665913	S	344	201	545	0.00003
Mixta theicola	1458355	S	259	87	346	0.00002
Mixta intestinalis	1615494	S	204	61	265	0.00002
Mixta sp. X22927	2872648	S	178	102	280	0.00002
Buchnera aphidicola	9	S	196	27	223	0.00001
Tatumella ptyseos	82987	S	87	16	103	0.00001
Tatumella citrea	53336	S	70	11	81	0.00001
Wigglesworthia glossinidia	51229	S	18	1	19	0.00000
Dickeya dadantii	204038	S	450	199	649	0.00004
Dickeya chrysanthemi	556	S	314	112	426	0.00003
Dickeya dianthicola	204039	S	307	248	555	0.00004
Dickeya zeae	204042	S	306	224	530	0.00003
Dickeya fangzhongdai	1778540	S	153	378	531	0.00003
Dickeya solani	1089444	S	113	939	1052	0.00007
Dickeya poaceiphila	568768	S	104	14	118	0.00001
Dickeya sp. NCPPB 3274	568766	S	84	33	117	0.00001
Pectobacterium carotovorum	554	S	238	534	772	0.00005
Pectobacterium brasiliense	180957	S	167	199	366	0.00002
Pectobacterium atrosepticum	29471	S	126	46	172	0.00001
Pectobacterium sp. LJ1	2878098	S	68	20	88	0.00001
Pectobacterium sp. PL64	2738983	S	39	28	67	0.00000
Pectobacterium parmentieri	1905730	S	102	35	137	0.00001
Pectobacterium polaris	2042057	S	96	70	166	0.00001
Pectobacterium wasabiae	55208	S	62	19	81	0.00001
Pectobacterium punjabense	2108399	S	58	14	72	0.00000
Pectobacterium odoriferum	78398	S	47	35	82	0.00001
Pectobacterium versatile	2488639	S	42	96	138	0.00001
Pectobacterium aroidearum	1201031	S	32	50	82	0.00001
Pectobacterium quasiaquaticum	2774015	S	23	22	45	0.00000
Pectobacterium parvum	2778550	S	12	18	30	0.00000
Brenneria izadpanahii	2722756	S	320	317	637	0.00004
Brenneria goodwinii	1109412	S	263	253	516	0.00003
Brenneria rubrifaciens	55213	S	190	70	260	0.00002
Lonsdalea britannica	1082704	S	281	79	360	0.00002
Lonsdalea populi	1172565	S	267	80	347	0.00002
Musicola paradisiaca	69223	S	351	0	351	0.00002
Providencia rettgeri	587	S	378	889	1267	0.00008
Providencia alcalifaciens	126385	S	83	39	122	0.00001
Providencia sp. R33	2828763	S	31	19	50	0.00000
Providencia heimbachae	333962	S	29	10	39	0.00000
Providencia stuartii	588	S	26	217	243	0.00002
Providencia rustigianii	158850	S	25	9	34	0.00000
Providencia sneebia	516075	S	23	2	25	0.00000
Morganella morganii	582	S	539	524	1063	0.00007
Xenorhabdus bovienii	40576	S	106	23	129	0.00001
Xenorhabdus doucetiae	351671	S	79	11	90	0.00001
Xenorhabdus nematophila	628	S	52	8	60	0.00000
Xenorhabdus hominickii	351679	S	44	6	50	0.00000
Xenorhabdus budapestensis	290110	S	32	4	36	0.00000
Xenorhabdus poinarii	40577	S	31	5	36	0.00000
Photorhabdus thracensis	230089	S	130	21	151	0.00001
Photorhabdus akhurstii	171438	S	39	6	45	0.00000
Photorhabdus asymbiotica	291112	S	37	4	41	0.00000
Photorhabdus laumondii	2218628	S	21	4	25	0.00000
Proteus mirabilis	584	S	56	112	168	0.00001
Proteus vulgaris	585	S	27	37	64	0.00000
Proteus penneri	102862	S	18	14	32	0.00000
Proteus terrae	1574161	S	14	150	164	0.00001
Proteus hauseri	183417	S	11	1	12	0.00000
Arsenophonus endosymbiont of Aphis craccivora	1231049	S	18	8	26	0.00000
Arsenophonus nasoniae	638	S	12	9	21	0.00000
Moellerella wisconsensis	158849	S	34	25	59	0.00000
Edwardsiella tarda	636	S	447	330	777	0.00005
Edwardsiella hoshinae	93378	S	258	64	322	0.00002
Edwardsiella ictaluri	67780	S	196	118	314	0.00002
Edwardsiella piscicida	1263550	S	52	712	764	0.00005
Edwardsiella sp. EA181011	1578828	S	14	218	232	0.00001
Hafnia alvei	569	S	103	129	232	0.00001
Hafnia paralvei	546367	S	47	22	69	0.00000
Obesumbacterium proteus	82983	S	35	27	62	0.00000
Sodalis sp. dw_23	2697027	S	475	32	507	0.00003
Sodalis endosymbiont of Henestaris halophilus	1929246	S	19	0	19	0.00000
Sodalis praecaptivus	1239307	S	251	172	423	0.00003
Sodalis glossinidius	63612	S	237	34	271	0.00002
Candidatus Sodalis pierantonius	1486991	S	114	83	197	0.00001
Leminorella richardii	158841	S	162	22	184	0.00001
Pragia fontium	82985	S	72	10	82	0.00001
Limnobaculum parvum	2172103	S	30	5	35	0.00000
Jinshanibacter zhutongyuii	2498113	S	30	4	34	0.00000
Thioalkalivibrio sulfidiphilus	1033854	S	2327	1404	3731	0.00024
Thioalkalivibrio paradoxus	108010	S	2236	737	2973	0.00019
Thioalkalivibrio nitratireducens	186931	S	2067	620	2687	0.00017
Thioalkalivibrio sp. K90mix	396595	S	1714	234	1948	0.00012
Thioalkalivibrio versutus	106634	S	1590	226	1816	0.00012
Spiribacter sp. E85	2182432	S	4718	487	5205	0.00033
Spiribacter sp. 2438	2666185	S	902	99	1001	0.00006
Spiribacter curvatus	1335757	S	1052	65	1117	0.00007
Spiribacter salinus	1335746	S	682	59	741	0.00005
Acidihalobacter aeolianus	2792603	S	1813	265	2078	0.00013
Acidihalobacter ferrooxydans	1765967	S	1546	166	1712	0.00011
Acidihalobacter yilgarnensis	2819280	S	1078	78	1156	0.00007
Halorhodospira halophila	1053	S	2086	247	2333	0.00015
Halorhodospira halochloris	1052	S	335	14	349	0.00002
Alkalilimnicola ehrlichii	351052	S	2100	296	2396	0.00015
Aquisalimonas sp. 2447	2740807	S	2049	158	2207	0.00014
Ectothiorhodospira haloalkaliphila	421628	S	823	291	1114	0.00007
Ectothiorhodospira sp. BSL-9	1442136	S	696	234	930	0.00006
Ectothiorhodosinus mongolicus	233100	S	299	22	321	0.00002
Allochromatium tepidum	553982	S	1598	849	2447	0.00016
Allochromatium vinosum	1049	S	1550	661	2211	0.00014
Candidatus Thiodictyon syntrophicum	1166950	S	3579	206	3785	0.00024
Thioflavicoccus mobilis	80679	S	3446	340	3786	0.00024
Marichromatium purpuratum	37487	S	3285	689	3974	0.00025
Thiocapsa bogorovii	521689	S	2606	151	2757	0.00018
Thiocystis violascens	73141	S	1998	185	2183	0.00014
Thermochromatium tepidum	1050	S	1229	327	1556	0.00010
Caldichromatium japonicum	2699430	S	973	122	1095	0.00007
Nitrosococcus wardiae	1814290	S	288	42	330	0.00002
Nitrosococcus halophilus	133539	S	224	34	258	0.00002
Nitrosococcus watsonii	473531	S	168	49	217	0.00001
Nitrosococcus oceani	1229	S	151	41	192	0.00001
Rheinheimera sp. F8	1763998	S	157	10	167	0.00001
Rheinheimera sp. D18	2545632	S	48	45	93	0.00001
Rheinheimera mangrovi	2498451	S	84	11	95	0.00001
Candidatus Nitrosoglobus terrae	1630141	S	59	4	63	0.00000
Candidatus Nitrosacidococcus tergens	553981	S	40	2	42	0.00000
Wenzhouxiangella marina	1579979	S	2345	168	2513	0.00016
Wenzhouxiangella sp. AB-CW3	2771012	S	1439	73	1512	0.00010
Thiohalobacter sp. COW1	2795687	S	538	1205	1743	0.00011
Thiohalobacter thiocyanaticus	585455	S	407	1129	1536	0.00010
Guyparkeria halophila	47960	S	2214	583	2797	0.00018
Sulfurivermis fontis	1972068	S	1963	766	2729	0.00017
Halothiobacillus sp. LS2	1860122	S	896	85	981	0.00006
Halothiobacillus neapolitanus	927	S	328	36	364	0.00002
Woeseia oceani	1548547	S	1133	20	1153	0.00007
Granulosicoccus antarcticus	437505	S	441	8	449	0.00003
Sulfuriflexus mobilis	1811807	S	427	13	440	0.00003
Halomonas sp. THAF5a	2587844	S	1745	697	2442	0.00016
Halomonas sp. 1513	1883416	S	1471	336	1807	0.00012
Halomonas sp. THAF12	2587849	S	1244	783	2027	0.00013
Halomonas sp. YLGW01	2773308	S	1241	212	1453	0.00009
Halomonas sp. HG01	1609967	S	1233	547	1780	0.00011
Halomonas sp. MCCC 1A13316	2733487	S	1216	162	1378	0.00009
Halomonas sp. JS92-SW72	2306583	S	1090	1241	2331	0.00015
Halomonas sp. PGE1	2730360	S	905	1267	2172	0.00014
Halomonas sp. Y2R2	2562282	S	415	22	437	0.00003
Halomonas sp. A40-4	2785909	S	364	99	463	0.00003
Halomonas sp. SH5A2	2749040	S	292	50	342	0.00002
Halomonas sp. KO116	1504981	S	250	107	357	0.00002
Halomonas sp. R57-5	1610576	S	228	97	325	0.00002
Halomonas sp. 18071143	2855441	S	185	418	603	0.00004
Halomonas sp. SS10-MC5	2854257	S	177	1649	1826	0.00012
Halomonas sp. FeN2	2832500	S	177	79	256	0.00002
Halomonas sp. GFAJ-1	1118153	S	142	25	167	0.00001
Halomonas sp. SF2003	2136172	S	123	538	661	0.00004
Halomonas sp. TD01	999141	S	106	57	163	0.00001
Halomonas sp. NyZ770	2883106	S	103	451	554	0.00004
Halomonas sp. HL-93	1666906	S	79	519	598	0.00004
Halomonas sp. hl-4	1761789	S	56	357	413	0.00003
Halomonas sp. GT	1971364	S	55	40	95	0.00001
Halomonas sp. N3-2A	2014541	S	50	65	115	0.00001
Halomonas sp. A3H3	1346287	S	27	754	781	0.00005
Halomonas beimenensis	475662	S	2160	435	2595	0.00017
Halomonas aestuarii	1897729	S	1562	336	1898	0.00012
Halomonas socia	1081866	S	1301	255	1556	0.00010
Halomonas sulfidivorans	2733488	S	1203	253	1456	0.00009
Halomonas tianxiuensis	2497861	S	1192	271	1463	0.00009
Halomonas elongata	2746	S	1092	113	1205	0.00008
Halomonas chromatireducens	507626	S	927	75	1002	0.00006
Halomonas meridiana	29570	S	690	565	1255	0.00008
Halomonas subglaciescola	29571	S	616	66	682	0.00004
Halomonas huangheensis	1178482	S	503	28	531	0.00003
Halomonas piezotolerans	2609667	S	390	215	605	0.00004
Halomonas profundi	2852117	S	185	26	211	0.00001
Halomonas sulfidoxydans	2733484	S	141	1292	1433	0.00009
Halomonas titanicae	664683	S	140	737	877	0.00006
Halomonas hydrothermalis	115561	S	91	274	365	0.00002
Halomonas venusta	44935	S	91	119	210	0.00001
Halomonas campaniensis	213554	S	17	83	100	0.00001
Halomonas alkaliphila	272774	S	11	59	70	0.00000
Cobetia sp. L2A1	2686360	S	377	46	423	0.00003
Cobetia sp. cqz5-12	2609415	S	256	336	592	0.00004
Cobetia sp. AM6	2661553	S	98	529	627	0.00004
Cobetia sp. 4B	2758724	S	97	400	497	0.00003
Cobetia pacifica	1055101	S	144	400	544	0.00003
Cobetia amphilecti	1055104	S	105	616	721	0.00005
Cobetia marina	28258	S	15	180	195	0.00001
Halotalea alkalilenta	376489	S	1840	363	2203	0.00014
Salinicola tamaricis	1771309	S	1836	212	2048	0.00013
Kushneria phosphatilytica	657387	S	499	19	518	0.00003
Kushneria konosiri	698828	S	422	108	530	0.00003
Kushneria marisflavi	157779	S	318	79	397	0.00003
Chromohalobacter salexigens	158080	S	1201	132	1333	0.00009
Pistricoccus aurantiacus	1883414	S	1033	69	1102	0.00007
Zymobacter palmae	33074	S	207	28	235	0.00002
Candidatus Portiera aleyrodidarum	91844	S	45	6	51	0.00000
Alcanivorax sp. N3-2A	2014542	S	1525	1754	3279	0.00021
Alcanivorax sp. NBRC 101098	1113728	S	14	197	211	0.00001
Alcanivorax pacificus	1306787	S	1351	499	1850	0.00012
Alcanivorax xenomutans	1094342	S	632	338	970	0.00006
Alcanivorax dieselolei	285091	S	584	186	770	0.00005
Alcanivorax borkumensis	59754	S	11	148	159	0.00001
Ketobacter alkanivorans	1917421	S	217	18	235	0.00002
Marinobacterium aestuarii	1821621	S	789	61	850	0.00005
Marinobacterium sediminicola	518898	S	372	56	428	0.00003
Marinobacterium georgiense	48076	S	338	113	451	0.00003
Marinobacterium sp. LSUCC0821	2668067	S	48	3	51	0.00000
Marinomonas sp. CT5	2066133	S	43	4	47	0.00000
Marinomonas sp. A3A	2065312	S	32	5	37	0.00000
Marinomonas sp. FW-1	2071621	S	24	7	31	0.00000
Marinomonas primoryensis	178399	S	66	10	76	0.00000
Marinomonas arctica	383750	S	64	17	81	0.00001
Marinomonas mediterranea	119864	S	50	5	55	0.00000
Marinomonas profundi	2726122	S	48	17	65	0.00000
Marinomonas posidonica	936476	S	39	6	45	0.00000
Marinomonas algicola	2773454	S	38	7	45	0.00000
Marinomonas foliarum	491950	S	35	15	50	0.00000
Thalassolituus sp. C2-1	2597518	S	172	13	185	0.00001
Thalassolituus oleivorans	187493	S	72	16	88	0.00001
Bacterioplanes sanyensis	1249553	S	199	12	211	0.00001
Venatorbacter cucullus	2661630	S	192	49	241	0.00002
Neptunomonas phycophila	1572645	S	54	4	58	0.00000
Neptunomonas japonica	417574	S	45	3	48	0.00000
Neptunomonas concharum	1031538	S	37	3	40	0.00000
Nitrincola iocasae	2614693	S	109	18	127	0.00001
Amphritea japonica	452627	S	80	7	87	0.00001
Bermanella marisrubri	207949	S	52	2	54	0.00000
Hahella sp. KA22	1628392	S	429	73	502	0.00003
Hahella chejuensis	158327	S	413	61	474	0.00003
Saccharospirillum mangrovi	2161747	S	524	31	555	0.00004
Reinekea forsetii	1336806	S	205	10	215	0.00001
Gynuella sunshinyii	1445505	S	145	4	149	0.00001
Litoricola lipolytica	418701	S	345	17	362	0.00002
Spartinivicinus ruber	2683272	S	228	7	235	0.00002
Endozoicomonas montiporae	1027273	S	135	8	143	0.00001
Oleiphilus messinensis	141451	S	111	9	120	0.00001
Methylococcus sp. EFPC2	2812648	S	1965	139	2104	0.00013
Methylococcus sp. Mc7	2860258	S	1827	574	2401	0.00015
Methylococcus capsulatus	414	S	1837	436	2273	0.00015
Methylococcus geothermalis	2681310	S	1464	402	1866	0.00012
Methylomonas sp. LL1	2785785	S	499	24	523	0.00003
Methylomonas sp. LW13	107637	S	232	107	339	0.00002
Methylomonas sp. DH-1	1727196	S	205	392	597	0.00004
Methylomonas sp. EFPC1	2812647	S	204	100	304	0.00002
Methylomonas koyamae	702114	S	522	538	1060	0.00007
Methylomonas rhizoryzae	2608981	S	487	20	507	0.00003
Methylomonas denitrificans	1538553	S	407	29	436	0.00003
Methylomonas methanica	421	S	387	20	407	0.00003
Methylomonas paludis	1173101	S	141	6	147	0.00001
Methylomagnum ishizawai	1760988	S	2161	98	2259	0.00014
Methylocaldum marinum	1432792	S	2010	120	2130	0.00014
Methylomicrobium album	39775	S	1533	64	1597	0.00010
Methylomicrobium sp. wino1	2049332	S	308	284	592	0.00004
Methylogaea oryzae	1295382	S	1837	146	1983	0.00013
Candidatus Methylospira mobilis	1808979	S	741	33	774	0.00005
Methylotuvimicrobium buryatense	95641	S	159	205	364	0.00002
Methylotuvimicrobium alcaliphilum	271065	S	127	191	318	0.00002
Methylovulum psychrotolerans	1704499	S	285	7	292	0.00002
Methylobacter sp. S3L5C	2839024	S	86	5	91	0.00001
Aeromonas hydrophila	644	S	1540	5878	7418	0.00047
Aeromonas sp. FDAARGOS 1415	2778064	S	328	182	510	0.00003
Aeromonas sp. CA23	2033032	S	237	101	338	0.00002
Aeromonas sp. FDAARGOS 1409	2778058	S	146	208	354	0.00002
Aeromonas sp. CU5	2033033	S	136	57	193	0.00001
Aeromonas sp. FDAARGOS 1407	2778056	S	59	182	241	0.00002
Aeromonas sp. ASNIH4	1636609	S	48	230	278	0.00002
Aeromonas sp. FDAARGOS 1410	2778059	S	41	97	138	0.00001
Aeromonas sp. 1805	2560028	S	40	108	148	0.00001
Aeromonas sp. FDAARGOS 1403	2778052	S	40	118	158	0.00001
Aeromonas sp. FDAARGOS 1405	2778054	S	35	57	92	0.00001
Aeromonas sp. FDAARGOS 1408	2778057	S	31	176	207	0.00001
Aeromonas sp. ASNIH2	1636607	S	29	383	412	0.00003
Aeromonas sp. FDAARGOS 1419	2778068	S	28	80	108	0.00001
Aeromonas sp. FDAARGOS 1402	2778051	S	26	277	303	0.00002
Aeromonas sp. 2692-1	2560029	S	26	124	150	0.00001
Aeromonas sp. ASNIH5	1758179	S	26	438	464	0.00003
Aeromonas sp. FDAARGOS 1417	2778066	S	26	74	100	0.00001
Aeromonas sp. FDAARGOS 1404	2778053	S	22	77	99	0.00001
Aeromonas sp. WP2-W18-CRE-05	2675707	S	20	790	810	0.00005
Aeromonas sp. FDAARGOS 1414	2778063	S	20	62	82	0.00001
Aeromonas sp. FDAARGOS 1411	2778060	S	15	46	61	0.00000
Aeromonas sp. ASNIH1	1636606	S	14	271	285	0.00002
Aeromonas sp. ASNIH7	1920107	S	11	411	422	0.00003
Aeromonas sp. FDAARGOS 1416	2778065	S	11	31	42	0.00000
Aeromonas sp. FDAARGOS 1406	2778055	S	10	95	105	0.00001
Aeromonas veronii	654	S	1191	2591	3782	0.00024
Aeromonas schubertii	652	S	871	256	1127	0.00007
Aeromonas media	651	S	741	1431	2172	0.00014
Aeromonas encheleia	73010	S	733	256	989	0.00006
Aeromonas salmonicida	645	S	687	770	1457	0.00009
Aeromonas simiae	218936	S	660	697	1357	0.00009
Aeromonas caviae	648	S	518	4167	4685	0.00030
Aeromonas enteropelogenes	29489	S	402	322	724	0.00005
Aeromonas rivuli	648794	S	394	112	506	0.00003
Aeromonas dhakensis	196024	S	375	728	1103	0.00007
Aeromonas jandaei	650	S	317	312	629	0.00004
Aeromonas sanarellii	633415	S	119	578	697	0.00004
Aeromonas rivipollensis	948519	S	76	117	193	0.00001
Aeromonas allosaccharophila	656	S	57	88	145	0.00001
Zobellella denitrificans	347534	S	1583	361	1944	0.00012
Oceanimonas sp. GK1	511062	S	701	145	846	0.00005
Dongshaea marina	2047966	S	196	19	215	0.00001
Oceanisphaera profunda	1416627	S	100	12	112	0.00001
Oceanisphaera avium	1903694	S	54	8	62	0.00000
Tolumonas auensis	43948	S	106	45	151	0.00001
Succinivibrio dextrinosolvens	83771	S	37	2	39	0.00000
Solimonas sp. K1W22B-7	2303331	S	9236	1013	10249	0.00065
Flagellatimonas centrodinii	2806210	S	2464	190	2654	0.00017
Sinimarinibacterium sp. NLF-5-8	2698684	S	1140	640	1780	0.00011
Steroidobacter denitrificans	465721	S	7338	2020	9358	0.00060
Sulfurifustis variabilis	1675686	S	9133	615	9748	0.00062
Sulfuricaulis limicola	1620215	S	3255	262	3517	0.00022
Acidiferrobacter sp. SPIII_3	1281578	S	1105	304	1409	0.00009
Acidiferrobacter thiooxydans	163359	S	809	225	1034	0.00007
Microbulbifer sp. YPW16	2904242	S	893	86	979	0.00006
Microbulbifer sp. SH-1	2681547	S	652	105	757	0.00005
Microbulbifer sp. YPW1	2745199	S	513	96	609	0.00004
Microbulbifer sp. ALW1	1516059	S	425	75	500	0.00003
Microbulbifer sp. THAF38	2587856	S	151	55	206	0.00001
Microbulbifer sp. A4B17	359370	S	137	33	170	0.00001
Microbulbifer sp. GL-2	2591606	S	121	21	142	0.00001
Microbulbifer aggregans	1769779	S	534	68	602	0.00004
Microbulbifer hydrolyticus	48074	S	492	98	590	0.00004
Microbulbifer celer	435905	S	469	63	532	0.00003
Microbulbifer elongatus	86173	S	413	73	486	0.00003
Microbulbifer thermotolerans	252514	S	392	25	417	0.00003
Microbulbifer agarilyticus	260552	S	302	36	338	0.00002
Microbulbifer variabilis	266805	S	130	53	183	0.00001
Cellvibrio sp. PSBB006	1987723	S	659	23	682	0.00004
Cellvibrio sp. KY-GH-1	2303332	S	243	21	264	0.00002
Cellvibrio sp. KY-YJ-3	454662	S	213	33	246	0.00002
Cellvibrio sp. PSBB023	1945512	S	184	20	204	0.00001
Cellvibrio japonicus	155077	S	276	20	296	0.00002
Simiduia agarivorans	447471	S	435	23	458	0.00003
Teredinibacter turnerae	2426	S	231	10	241	0.00002
Teredinibacter haidensis	2731755	S	124	11	135	0.00001
Teredinibacter purpureus	2731756	S	64	2	66	0.00000
Saccharophagus degradans	86304	S	68	2	70	0.00000
Marinagarivorans sp. GE09	2721545	S	66	6	72	0.00000
Agarilytica rhodophyticola	1737490	S	58	1	59	0.00000
Kineobactrum salinum	2708301	S	1231	48	1279	0.00008
Halioglobus japonicus	930805	S	500	23	523	0.00003
Halioglobus maricola	2601894	S	365	13	378	0.00002
Congregibacter litoralis	393662	S	465	188	653	0.00004
Aequoribacter fuscus	2518989	S	112	14	126	0.00001
Spongiibacter nanhainus	2794344	S	369	41	410	0.00003
Spongiibacter taiwanensis	1748242	S	342	15	357	0.00002
Spongiibacter sp. IMCC21906	1620392	S	116	31	147	0.00001
Zhongshania aliphaticivorans	1470434	S	177	12	189	0.00001
Oceanicoccus sagamiensis	716816	S	102	2	104	0.00001
Shewanella sp. FJAT-53764	2864207	S	76	105	181	0.00001
Shewanella sp. FJAT-54031	2864209	S	71	95	166	0.00001
Shewanella sp. FJAT-53555	2864204	S	66	51	117	0.00001
Shewanella sp. Pdp11	2059264	S	64	170	234	0.00001
Shewanella sp. FJAT-51860	2864212	S	55	7	62	0.00000
Shewanella sp. FJAT-53532	2864203	S	52	79	131	0.00001
Shewanella sp. FJAT-52076	2864202	S	49	61	110	0.00001
Shewanella sp. FJAT-53749	2864206	S	41	7	48	0.00000
Shewanella sp. FJAT-53681	2864205	S	40	57	97	0.00001
Shewanella sp. SNU WT4	2590015	S	39	9	48	0.00000
Shewanella sp. FJAT-52072	2864213	S	37	43	80	0.00001
Shewanella sp. Scap07	2589987	S	36	3	39	0.00000
Shewanella sp. Arc9-LZ	2698686	S	36	13	49	0.00000
Shewanella sp. FJAT-51649	2864210	S	34	46	80	0.00001
Shewanella sp. KX20019	2803864	S	34	3	37	0.00000
Shewanella sp. WE21	2029986	S	34	16	50	0.00000
Shewanella sp. FJAT-53870	2864208	S	26	3	29	0.00000
Shewanella sp. MR-4	60480	S	25	24	49	0.00000
Shewanella sp. ANA-3	94122	S	23	56	79	0.00001
Shewanella sp. FJAT-51754	2864211	S	21	27	48	0.00000
Shewanella sp. OM3-2	2908650	S	16	2	18	0.00000
Shewanella sp. FDAARGOS_354	1930557	S	16	187	203	0.00001
Shewanella sp. LZH-2	2806008	S	10	42	52	0.00000
Shewanella khirikhana	1965282	S	278	41	319	0.00002
Shewanella algae	38313	S	249	203	452	0.00003
Shewanella cyperi	2814292	S	220	111	331	0.00002
Shewanella litorisediminis	1173586	S	140	32	172	0.00001
Shewanella baltica	62322	S	131	119	250	0.00002
Shewanella marisflavi	260364	S	128	22	150	0.00001
Shewanella sedimentimangrovi	2814293	S	121	85	206	0.00001
Shewanella putrefaciens	24	S	109	342	451	0.00003
Shewanella amazonensis	60478	S	106	25	131	0.00001
Shewanella dokdonensis	712036	S	87	8	95	0.00001
Shewanella sediminis	271097	S	86	10	96	0.00001
Shewanella yunxiaonensis	2829809	S	76	11	87	0.00001
Shewanella avicenniae	2814294	S	75	11	86	0.00001
Shewanella loihica	359303	S	64	101	165	0.00001
Shewanella benthica	43661	S	58	11	69	0.00000
Shewanella denitrificans	192073	S	56	7	63	0.00000
Shewanella pealeana	70864	S	55	8	63	0.00000
Shewanella halifaxensis	271098	S	53	6	59	0.00000
Shewanella woodyi	60961	S	53	5	58	0.00000
Shewanella violacea	60217	S	47	7	54	0.00000
Shewanella psychropiezotolerans	2593655	S	47	7	54	0.00000
Shewanella psychromarinicola	2487742	S	46	6	52	0.00000
Shewanella oneidensis	70863	S	43	11	54	0.00000
Shewanella xiamenensis	332186	S	37	185	222	0.00001
Shewanella carassii	1987584	S	37	38	75	0.00000
Shewanella indica	768528	S	36	47	83	0.00001
Shewanella psychrophila	225848	S	36	4	40	0.00000
Shewanella decolorationis	256839	S	34	36	70	0.00000
Shewanella chilikensis	558541	S	33	92	125	0.00001
Shewanella maritima	2520507	S	32	3	35	0.00000
Shewanella vesiculosa	518738	S	28	6	34	0.00000
Shewanella aestuarii	1028752	S	26	9	35	0.00000
Shewanella piezotolerans	404011	S	22	2	24	0.00000
Shewanella glacialimarina	2590884	S	21	2	23	0.00000
Shewanella donghaensis	238836	S	20	2	22	0.00000
Shewanella inventionis	1738770	S	19	7	26	0.00000
Shewanella livingstonensis	150120	S	19	3	22	0.00000
Shewanella frigidimarina	56812	S	12	5	17	0.00000
Shewanella bicestrii	2018305	S	10	39	49	0.00000
Parashewanella spongiae	342950	S	27	1	28	0.00000
Parashewanella tropica	2547970	S	27	2	29	0.00000
Alteromonas sp. RKMC-009	2267264	S	86	9	95	0.00001
Alteromonas sp. BL110	1714845	S	24	3	27	0.00000
Alteromonas sp. 76-1	2358187	S	19	4	23	0.00000
Alteromonas sp. RW2A1	1917158	S	12	52	64	0.00000
Alteromonas sp. MB-3u-76	2058133	S	11	32	43	0.00000
Alteromonas macleodii	28108	S	125	37	162	0.00001
Alteromonas pelagimontana	1858656	S	103	11	114	0.00001
Alteromonas mediterranea	314275	S	82	265	347	0.00002
Alteromonas australica	589873	S	33	34	67	0.00000
Alteromonas naphthalenivorans	715451	S	19	7	26	0.00000
Alteromonas stellipolaris	233316	S	12	20	32	0.00000
Salinimonas marina	2785918	S	133	12	145	0.00001
Salinimonas lutimaris	914153	S	93	15	108	0.00001
Salinimonas sediminis	2303538	S	80	16	96	0.00001
Salinimonas iocasae	2572577	S	58	9	67	0.00000
Hydrocarboniclastica marina	2259620	S	560	80	640	0.00004
Agarivorans sp. TSD2052	2937286	S	40	4	44	0.00000
Agarivorans sp. B2Z047	2652721	S	24	11	35	0.00000
Agarivorans gilvus	680279	S	59	5	64	0.00000
Agarivorans aestuarii	1563703	S	18	4	22	0.00000
Agarivorans albus	182262	S	14	7	21	0.00000
Saliniradius amylolyticus	2183582	S	173	14	187	0.00001
Lacimicrobium alkaliphilum	1526571	S	168	10	178	0.00001
Paraglaciecola sp. L3A3	2686358	S	26	1	27	0.00000
Paraglaciecola sp. L1A13	2686359	S	26	2	28	0.00000
Paraglaciecola mesophila	197222	S	37	3	40	0.00000
Paraglaciecola psychrophila	326544	S	36	2	38	0.00000
Glaciecola nitratireducens	300231	S	78	5	83	0.00001
Paraneptunicella aestuarii	2831148	S	71	3	74	0.00000
Catenovulum sediminis	1740262	S	31	2	33	0.00000
Saccharobesus litoralis	2172099	S	31	1	32	0.00000
Pseudoalteromonas sp. R3	1709477	S	68	8	76	0.00000
Pseudoalteromonas sp. THAF3	2587843	S	29	19	48	0.00000
Pseudoalteromonas sp. A25	116092	S	23	2	25	0.00000
Pseudoalteromonas sp. GCY	2003316	S	13	8	21	0.00000
Pseudoalteromonas sp. A22	327511	S	13	16	29	0.00000
Pseudoalteromonas sp. KAN5	2916633	S	10	24	34	0.00000
Pseudoalteromonas sp. 1_2015MBL_MicDiv	1720343	S	10	20	30	0.00000
Pseudoalteromonas rubra	43658	S	195	18	213	0.00001
Pseudoalteromonas viridis	339617	S	108	25	133	0.00001
Pseudoalteromonas luteoviolacea	43657	S	97	11	108	0.00001
Pseudoalteromonas shioyasakiensis	1190813	S	65	23	88	0.00001
Pseudoalteromonas xiamenensis	882626	S	44	4	48	0.00000
Pseudoalteromonas piscicida	43662	S	44	26	70	0.00000
Pseudoalteromonas ruthenica	151081	S	40	26	66	0.00000
Pseudoalteromonas ulvae	107327	S	36	2	38	0.00000
Pseudoalteromonas tunicata	314281	S	35	4	39	0.00000
Pseudoalteromonas mariniglutinosa	206042	S	32	36	68	0.00000
Pseudoalteromonas agarivorans	176102	S	31	51	82	0.00001
Pseudoalteromonas translucida	166935	S	27	59	86	0.00001
Pseudoalteromonas aliena	247523	S	26	6	32	0.00000
Pseudoalteromonas prydzensis	182141	S	25	2	27	0.00000
Pseudoalteromonas spongiae	298657	S	20	3	23	0.00000
Pseudoalteromonas phenolica	161398	S	20	2	22	0.00000
Pseudoalteromonas piratica	1348114	S	19	2	21	0.00000
Pseudoalteromonas tetraodonis	43659	S	16	69	85	0.00001
Pseudoalteromonas carrageenovora	227	S	15	3	18	0.00000
Pseudoalteromonas arctica	394751	S	13	5	18	0.00000
Pseudoalteromonas espejiana	28107	S	12	2	14	0.00000
Pseudoalteromonas donghaensis	621376	S	10	52	62	0.00000
Psychrosphaera ytuae	2820710	S	23	5	28	0.00000
Psychrosphaera aestuarii	1266052	S	18	3	21	0.00000
Flocculibacter collagenilyticus	2744479	S	24	2	26	0.00000
Ferrimonas balearica	44012	S	598	68	666	0.00004
Ferrimonas lipolytica	2724191	S	100	13	113	0.00001
Idiomarina sp. OT37-5b	2100422	S	152	35	187	0.00001
Idiomarina sp. X4	2055892	S	39	18	57	0.00000
Idiomarina abyssalis	86102	S	55	6	61	0.00000
Idiomarina loihiensis	135577	S	54	0	54	0.00000
Idiomarina piscisalsi	1096243	S	36	16	52	0.00000
Thalassotalea sp. HSM 43	2552945	S	50	5	55	0.00000
Thalassotalea sp. PS06	2594005	S	45	4	49	0.00000
Thalassotalea sp. LPB0316	2769490	S	27	6	33	0.00000
Thalassotalea crassostreae	1763536	S	21	2	23	0.00000
Colwellia sp. Arc7-635	2497879	S	32	3	35	0.00000
Colwellia sp. PAMC 20917	1816218	S	23	1	24	0.00000
Colwellia sp. MT41	58049	S	22	2	24	0.00000
Colwellia sp. 20A7	2689569	S	18	1	19	0.00000
Colwellia sp. Arc7-D	2161872	S	14	2	16	0.00000
Colwellia psychrerythraea	28229	S	18	1	19	0.00000
Litorilituus sediminis	718192	S	13	0	13	0.00000
Cognaticolwellia beringensis	1967665	S	12	1	13	0.00000
Moritella yayanosii	69539	S	29	13	42	0.00000
Moritella marina	90736	S	20	8	28	0.00000
Psychromonas ingrahamii	357794	S	62	8	70	0.00000
Psychromonas sp. CNPT3	314282	S	14	3	17	0.00000
Vibrio parahaemolyticus	670	S	186	60	246	0.00002
Vibrio harveyi	669	S	75	23	98	0.00001
Vibrio campbellii	680	S	59	46	105	0.00001
Vibrio diabolicus	50719	S	29	38	67	0.00000
Vibrio owensii	696485	S	53	27	80	0.00001
Vibrio alginolyticus	663	S	52	61	113	0.00001
Vibrio rotiferianus	190895	S	41	15	56	0.00000
Vibrio natriegens	691	S	35	25	60	0.00000
Vibrio azureus	512649	S	18	2	20	0.00000
Vibrio sp. OG9-811	2841925	S	131	19	150	0.00001
Vibrio sp. B1FLJ16	2751178	S	50	10	60	0.00000
Vibrio sp. HDW18	2714948	S	41	6	47	0.00000
Vibrio sp. THAF190c	2587865	S	36	4	40	0.00000
Vibrio sp. Scap24	2589990	S	26	11	37	0.00000
Vibrio sp. VB16	2785746	S	22	1	23	0.00000
Vibrio sp. SCSIO 43132	2779363	S	18	4	22	0.00000
Vibrio sp. SS-MA-C1-2	2908646	S	15	2	17	0.00000
Vibrio sp. ED004	2785124	S	13	5	18	0.00000
Vibrio fluvialis	676	S	279	43	322	0.00002
Vibrio furnissii	29494	S	267	84	351	0.00002
Vibrio vulnificus	672	S	250	49	299	0.00002
Vibrio sinaloensis	379097	S	79	10	89	0.00001
Vibrio tubiashii	29498	S	38	12	50	0.00000
Vibrio europaeus	300876	S	30	7	37	0.00000
Vibrio cholerae	666	S	122	2775	2897	0.00019
Vibrio navarrensis	29495	S	114	26	140	0.00001
Vibrio anguillarum	55601	S	101	15	116	0.00001
Vibrio mimicus	674	S	94	19	113	0.00001
Vibrio coralliilyticus	190893	S	69	18	87	0.00001
Vibrio mediterranei	689	S	65	6	71	0.00000
Vibrio cyclitrophicus	47951	S	64	13	77	0.00000
Vibrio panuliri	1381081	S	57	6	63	0.00000
Vibrio alfacsensis	1074311	S	57	25	82	0.00001
Vibrio scophthalmi	45658	S	57	9	66	0.00000
Vibrio tapetis	52443	S	53	3	56	0.00000
Vibrio gazogenes	687	S	50	5	55	0.00000
Vibrio breoganii	553239	S	47	4	51	0.00000
Vibrio metoecus	1481663	S	45	12	57	0.00000
Vibrio nigripulchritudo	28173	S	44	6	50	0.00000
Vibrio astriarenae	1481923	S	43	5	48	0.00000
Vibrio maritimus	990268	S	42	4	46	0.00000
Vibrio metschnikovii	28172	S	41	7	48	0.00000
Vibrio neptunius	170651	S	41	5	46	0.00000
Vibrio cincinnatiensis	675	S	40	7	47	0.00000
Vibrio ponticus	265668	S	40	3	43	0.00000
Vibrio zhugei	2479546	S	39	8	47	0.00000
Vibrio splendidus	29497	S	39	9	48	0.00000
Vibrio crassostreae	246167	S	39	15	54	0.00000
Vibrio taketomensis	2572923	S	36	4	40	0.00000
Vibrio spartinae	1918945	S	35	3	38	0.00000
Vibrio cidicii	1763883	S	35	10	45	0.00000
Vibrio penaeicida	104609	S	32	3	35	0.00000
Vibrio algicola	2662262	S	31	4	35	0.00000
Vibrio chagasii	170679	S	30	4	34	0.00000
Vibrio kanaloae	170673	S	29	6	35	0.00000
Vibrio ziniensis	2711221	S	29	3	32	0.00000
Vibrio rumoiensis	76258	S	27	15	42	0.00000
Vibrio aquimaris	2587862	S	26	2	28	0.00000
Vibrio tritonius	1435069	S	26	3	29	0.00000
Vibrio bathopelagicus	2777577	S	22	4	26	0.00000
Vibrio atlanticus	693153	S	21	3	24	0.00000
Vibrio gigantis	296199	S	20	4	24	0.00000
Vibrio hyugaensis	1534743	S	16	4	20	0.00000
Vibrio aphrogenes	1891186	S	15	1	16	0.00000
Vibrio casei	673372	S	11	2	13	0.00000
Photobacterium sp. TLY01	2907534	S	167	28	195	0.00001
Photobacterium sp. GJ3	2829502	S	142	18	160	0.00001
Photobacterium ganghwense	320778	S	185	39	224	0.00001
Photobacterium gaetbulicola	1295392	S	161	14	175	0.00001
Photobacterium damselae	38293	S	112	62	174	0.00001
Photobacterium profundum	74109	S	38	4	42	0.00000
Salinivibrio kushneri	1908198	S	86	13	99	0.00001
Salinivibrio sp. YCSC6	2003370	S	23	50	73	0.00000
Salinivibrio costicola	51367	S	15	33	48	0.00000
Grimontia hollisae	673	S	116	14	130	0.00001
Thaumasiovibrio subtropicus	1891207	S	68	8	76	0.00000
Aliivibrio fischeri	668	S	23	3	26	0.00000
Aliivibrio salmonicida	40269	S	16	9	25	0.00000
Paraphotobacterium marinum	1755811	S	23	4	27	0.00000
Acinetobacter baumannii	470	S	275	1631	1906	0.00012
Acinetobacter pittii	48296	S	130	213	343	0.00002
Acinetobacter calcoaceticus	471	S	47	6	53	0.00000
Acinetobacter seifertii	1530123	S	30	13	43	0.00000
Acinetobacter nosocomialis	106654	S	20	8	28	0.00000
Acinetobacter sp. WCHAc010034	1879049	S	202	86	288	0.00002
Acinetobacter sp. CS-2	2798861	S	24	14	38	0.00000
Acinetobacter sp. 10FS3-1	2563897	S	24	18	42	0.00000
Acinetobacter sp. TGL-Y2	1407071	S	20	1	21	0.00000
Acinetobacter sp. SCLZS86	2908637	S	20	29	49	0.00000
Acinetobacter sp. WCHAc010052	2004647	S	20	12	32	0.00000
Acinetobacter sp. LoGeW2-3	1808001	S	18	3	21	0.00000
Acinetobacter sp. ASP199	2773709	S	17	6	23	0.00000
Acinetobacter sp. TTH0-4	1646498	S	16	2	18	0.00000
Acinetobacter sp. Marseille-Q1620	2714110	S	16	1	17	0.00000
Acinetobacter sp. WCHA55	2004646	S	15	16	31	0.00000
Acinetobacter sp. NCu2D-2	1608473	S	13	3	16	0.00000
Acinetobacter sp. SH20PTE14	2905879	S	12	39	51	0.00000
Acinetobacter indicus	756892	S	133	121	254	0.00002
Acinetobacter johnsonii	40214	S	105	86	191	0.00001
Acinetobacter lwoffii	28090	S	71	104	175	0.00001
Acinetobacter radioresistens	40216	S	54	8	62	0.00000
Acinetobacter larvae	1789224	S	54	4	58	0.00000
Acinetobacter haemolyticus	29430	S	47	26	73	0.00000
Acinetobacter junii	40215	S	46	19	65	0.00000
Acinetobacter soli	487316	S	45	4	49	0.00000
Acinetobacter schindleri	108981	S	41	40	81	0.00001
Acinetobacter wuhouensis	1879050	S	38	19	57	0.00000
Acinetobacter gyllenbergii	134534	S	32	2	34	0.00000
Acinetobacter variabilis	70346	S	29	44	73	0.00000
Acinetobacter bouvetii	202951	S	29	5	34	0.00000
Acinetobacter towneri	202956	S	23	57	80	0.00001
Acinetobacter baylyi	202950	S	21	2	23	0.00000
Acinetobacter tandoii	202954	S	20	2	22	0.00000
Acinetobacter dispersus	70348	S	19	1	20	0.00000
Acinetobacter bereziniae	106648	S	18	14	32	0.00000
Acinetobacter wanghuae	2662362	S	17	2	19	0.00000
Acinetobacter lanii	2715163	S	16	2	18	0.00000
Acinetobacter piscicola	2006115	S	16	10	26	0.00000
Acinetobacter cumulans	2136182	S	15	6	21	0.00000
Acinetobacter defluvii	1871111	S	15	12	27	0.00000
Acinetobacter chinensis	2004650	S	13	8	21	0.00000
Acinetobacter shaoyimingii	2715164	S	12	1	13	0.00000
Acinetobacter equi	1324350	S	11	1	12	0.00000
Acinetobacter ursingii	108980	S	11	10	21	0.00000
Psychrobacter sp. DAB_AL43B	1028416	S	30	3	33	0.00000
Psychrobacter sp. WY6	2708350	S	26	15	41	0.00000
Psychrobacter sp. P11G3	1699623	S	23	8	31	0.00000
Psychrobacter sp. P11F6	1699621	S	21	13	34	0.00000
Psychrobacter sp. G	571800	S	15	49	64	0.00000
Psychrobacter sp. P11G5	1699624	S	14	23	37	0.00000
Psychrobacter sp. KH172YL61	2517899	S	13	55	68	0.00000
Psychrobacter sp. 28M-43	2772254	S	12	4	16	0.00000
Psychrobacter arenosus	256326	S	39	2	41	0.00000
Psychrobacter arcticus	334543	S	28	7	35	0.00000
Psychrobacter urativorans	45610	S	22	3	25	0.00000
Psychrobacter cryohalolentis	330922	S	16	54	70	0.00000
Psychrobacter sanguinis	861445	S	13	4	17	0.00000
Moraxella osloensis	34062	S	90	14	104	0.00001
Moraxella bovoculi	386891	S	44	65	109	0.00001
Moraxella bovis	476	S	35	8	43	0.00000
Moraxella cuniculi	34061	S	35	3	38	0.00000
Moraxella nonliquefaciens	478	S	24	5	29	0.00000
Moraxella sp. ZY201115	2904121	S	20	2	22	0.00000
Moraxella catarrhalis	480	S	15	2	17	0.00000
Moraxella ovis	29433	S	11	29	40	0.00000
Aquirhabdus parva	2283318	S	90	4	94	0.00001
Immundisolibacter cernigliae	1810504	S	3657	680	4337	0.00028
Candidatus Endoriftia persephone	393765	S	1115	54	1169	0.00007
Candidatus Vesicomyosocius sp. SY067_SCS001	2732590	S	18	28	46	0.00000
Bathymodiolus thermophilus thioautotrophic gill symbiont	2360	S	33	2	35	0.00000
Bathymodiolus septemdierum thioautotrophic gill symbiont	113267	S	17	2	19	0.00000
Sedimenticola thiotaurini	1543721	S	673	28	701	0.00004
Candidatus Reidiella endopervernicosa	2738883	S	491	10	501	0.00003
Thiolapillus brandeum	1076588	S	449	11	460	0.00003
Pseudohongiella spirulinae	1249552	S	262	7	269	0.00002
Gallaecimonas mangrovi	2291597	S	162	12	174	0.00001
Celerinatantimonas diazotrophica	412034	S	42	3	45	0.00000
Candidatus Thioglobus autotrophicus	1705394	S	17	1	18	0.00000
Candidatus Thioglobus sp. NP1	2508687	S	15	3	18	0.00000
Ignatzschineria sp. HR5S32	2923279	S	31	3	34	0.00000
Candidatus Steffania adelgidicola	1076626	S	19	0	19	0.00000
Candidatus Pseudothioglobus singularis	1427364	S	16	4	20	0.00000
Thiomicrorhabdus xiamenensis	2739063	S	128	7	135	0.00001
Thiomicrorhabdus sediminis	2580412	S	50	2	52	0.00000
Thiomicrorhabdus aquaedulcis	2211106	S	45	2	47	0.00000
Thiomicrorhabdus sp. Am19	2791037	S	33	1	34	0.00000
Thiomicrorhabdus indica	2267253	S	20	1	21	0.00000
Methylophaga frappieri	754477	S	93	47	140	0.00001
Methylophaga nitratireducenticrescens	754476	S	80	15	95	0.00001
Methylophaga sp. TMB456	2881052	S	76	29	105	0.00001
Thiomicrospira sp. S5	1803865	S	77	57	134	0.00001
Thiomicrospira aerophila	92245	S	57	4	61	0.00000
Thiomicrospira cyclica	147268	S	43	2	45	0.00000
Thiomicrospira microaerophila	406020	S	33	4	37	0.00000
Hydrogenovibrio thermophilus	265883	S	87	63	150	0.00001
Hydrogenovibrio marinus	28885	S	46	2	48	0.00000
Hydrogenovibrio crunogenus	39765	S	37	1	38	0.00000
Thiosulfatimonas sediminis	2675054	S	71	4	75	0.00000
Piscirickettsia salmonis	1238	S	68	5	73	0.00000
Thiosulfativibrio zosterae	2675053	S	38	1	39	0.00000
Thiothrix litoralis	2891210	S	239	18	257	0.00002
Thiothrix sp. CT3	96472	S	187	63	250	0.00002
Thiothrix subterranea	2735563	S	170	47	217	0.00001
Thiothrix unzii	111769	S	83	43	126	0.00001
Candidatus Thiothrix anitrata	2823902	S	79	46	125	0.00001
Beggiatoa leptomitoformis	288004	S	85	1	86	0.00001
Francisella tularensis	263	S	40	49	89	0.00001
Francisella frigiditurris	1542390	S	25	2	27	0.00000
Allofrancisella guangzhouensis	594679	S	21	7	28	0.00000
Legionella sp. MW5194	2662448	S	134	29	163	0.00001
Legionella sp. PC997	2755562	S	32	7	39	0.00000
Legionella sp. PC1000	2746060	S	21	4	25	0.00000
Legionella spiritensis	452	S	148	17	165	0.00001
Legionella geestiana	45065	S	142	12	154	0.00001
Legionella pneumophila	446	S	129	56	185	0.00001
Legionella israelensis	454	S	68	3	71	0.00000
Legionella hackeliae	449	S	61	12	73	0.00000
Legionella lansingensis	45067	S	55	3	58	0.00000
Legionella sainthelensi	28087	S	53	9	62	0.00000
Legionella cherrii	28084	S	49	3	52	0.00000
Legionella jordanis	456	S	43	6	49	0.00000
Legionella anisa	28082	S	41	11	52	0.00000
Legionella oakridgensis	29423	S	40	4	44	0.00000
Legionella antarctica	2708020	S	39	2	41	0.00000
Legionella fallonii	96230	S	38	3	41	0.00000
Legionella clemsonensis	1867846	S	38	6	44	0.00000
Legionella waltersii	66969	S	32	6	38	0.00000
Legionella adelaidensis	45056	S	27	2	29	0.00000
Legionella longbeachae	450	S	26	4	30	0.00000
Tatlockia micdadei	451	S	50	2	52	0.00000
Fluoribacter dumoffii	463	S	37	15	52	0.00000
Aquicella siphonis	254247	S	293	75	368	0.00002
Aquicella lusitana	254246	S	208	57	265	0.00002
Coxiella burnetii	777	S	175	36	211	0.00001
Coxiella endosymbiont of Amblyomma sculptum	2487929	S	49	16	65	0.00000
Coxiella endosymbiont of Amblyomma nuttalli	2749996	S	32	3	35	0.00000
Candidatus Coxiella mudrowiae	2054173	S	39	3	42	0.00000
Candidatus Rickettsiella viridis	676208	S	21	12	33	0.00000
Rickettsiella endosymbiont of Dermanyssus gallinae	2856608	S	19	9	28	0.00000
Salinisphaera sp. LB1	2183911	S	2293	99	2392	0.00015
endosymbiont of unidentified scaly snail isolate Monju	1248727	S	1833	157	1990	0.00013
Isorropodon fossajaponicum symbiont	883811	S	19	3	22	0.00000
Haemophilus parainfluenzae	729	S	78	32	110	0.00001
Haemophilus influenzae	727	S	35	38	73	0.00000
Haemophilus haemolyticus	726	S	24	14	38	0.00000
Haemophilus pittmaniae	249188	S	17	4	21	0.00000
[Haemophilus] ducreyi	730	S	16	9	25	0.00000
Haemophilus parahaemolyticus	735	S	13	2	15	0.00000
Actinobacillus sp. GY-402	2774188	S	86	49	135	0.00001
Actinobacillus pleuropneumoniae	715	S	25	35	60	0.00000
Actinobacillus delphinicola	51161	S	12	2	14	0.00000
Actinobacillus porcitonsillarum	189834	S	11	5	16	0.00000
Actinobacillus indolicus	51049	S	10	10	20	0.00000
Mannheimia haemolytica	75985	S	49	24	73	0.00000
Mannheimia varigena	85404	S	40	32	72	0.00000
Mannheimia granulomatis	85402	S	35	8	43	0.00000
Aggregatibacter actinomycetemcomitans	714	S	72	29	101	0.00001
Aggregatibacter aphrophilus	732	S	30	30	60	0.00000
Pasteurella multocida	747	S	87	241	328	0.00002
Pasteurella canis	753	S	13	3	16	0.00000
Avibacterium paragallinarum	728	S	27	11	38	0.00000
Avibacterium sp. 20-132	2911526	S	10	14	24	0.00000
Avibacterium volantium	762	S	14	7	21	0.00000
Glaesserella parasuis	738	S	32	34	66	0.00000
Glaesserella sp. 15-184	2030797	S	14	5	19	0.00000
Rodentibacter haemolyticus	2778911	S	18	2	20	0.00000
Rodentibacter heylii	1906744	S	14	1	15	0.00000
Frederiksenia canicola	123824	S	27	7	34	0.00000
Bibersteinia trehalosi	47735	S	23	10	33	0.00000
Gallibacterium anatis	750	S	17	5	22	0.00000
Histophilus somni	731	S	15	5	20	0.00000
Vespertiliibacter pulmonis	1443036	S	12	2	14	0.00000
Otariodibacter oris	1032623	S	11	1	12	0.00000
Cardiobacterium hominis	2718	S	649	126	775	0.00005
Cardiobacterium sp. Marseille-Q4385	2866573	S	400	70	470	0.00003
Suttonella sp. R2A3	2908648	S	83	4	87	0.00001
Dichelobacter nodosus	870	S	52	13	65	0.00000
Kangiella koreensis	261964	S	75	9	84	0.00001
Kangiella profundi	1561924	S	55	11	66	0.00000
Kangiella sediminilitoris	1144748	S	40	2	42	0.00000
Kangiella geojedonensis	914150	S	37	2	39	0.00000
Gilliamella sp. ESL0441	2704654	S	13	11	24	0.00000
Gilliamella sp. ESL0405	2704653	S	10	2	12	0.00000
Gilliamella apicola	1196095	S	14	3	17	0.00000
Zophobihabitans entericus	1635327	S	21	2	23	0.00000
Archangium violaceum	83451	S	38212	6249	44461	0.00284
Archangium gephyra	48	S	26327	4839	31166	0.00199
Cystobacter fuscus	43	S	15134	3442	18576	0.00119
Stigmatella aurantiaca	41	S	10032	796	10828	0.00069
Melittangium boletus	83453	S	7723	1620	9343	0.00060
Myxococcus xanthus	34	S	10731	51679	62410	0.00399
Myxococcus hansupus	1297742	S	6175	528	6703	0.00043
Myxococcus stipitatus	83455	S	5392	606	5998	0.00038
Myxococcus sp. SCHIC003	2813577	S	4729	538	5267	0.00034
Corallococcus coralloides	184914	S	10568	4399	14967	0.00096
Corallococcus macrosporus	35	S	6916	1185	8101	0.00052
Corallococcus sp. EGB	1521117	S	6149	2438	8587	0.00055
Pyxidicoccus sp. SCPEA002	2813578	S	16259	794	17053	0.00109
Anaeromyxobacter sp. Red232	2918170	S	19373	2320	21693	0.00139
Anaeromyxobacter sp. Fw109-5	404589	S	16319	2369	18688	0.00119
Anaeromyxobacter sp. Red630	2918171	S	14482	2112	16594	0.00106
Anaeromyxobacter sp. K	447217	S	3402	7252	10654	0.00068
Anaeromyxobacter dehalogenans	161493	S	11157	8630	19787	0.00126
Vulgatibacter incomptus	1391653	S	7739	661	8400	0.00054
Sorangium cellulosum	56	S	95700	12475	108175	0.00691
Polyangium aurulentum	2567896	S	23412	2376	25788	0.00165
Chondromyces crocatus	52	S	12035	590	12625	0.00081
Pajaroellobacter abortibovis	1882918	S	179	5	184	0.00001
Sandaracinus amylolyticus	927083	S	42274	2503	44777	0.00286
Labilithrix luteola	1391654	S	13120	636	13756	0.00088
Haliangium ochraceum	80816	S	15742	907	16649	0.00106
Geomonas sp. RF6	2897342	S	3485	465	3950	0.00025
Geomonas paludis	2740185	S	2570	1316	3886	0.00025
Geomonas nitrogeniifigens	2847991	S	2367	1247	3614	0.00023
Geomonas subterranea	2847989	S	2114	1003	3117	0.00020
Geomonas oryzisoli	2847992	S	1894	1057	2951	0.00019
Geobacter sp. FeAm09	2597769	S	2093	288	2381	0.00015
Geobacter sp. SVR	2495594	S	1518	235	1753	0.00011
Geobacter sp. DSM 9736	1277350	S	947	72	1019	0.00007
Geobacter sulfurreducens	35554	S	2469	572	3041	0.00019
Geobacter pickeringii	345632	S	2452	659	3111	0.00020
Geobacter metallireducens	28232	S	1467	362	1829	0.00012
Geobacter benzoatilyticus	2815309	S	941	220	1161	0.00007
Citrifermentans bemidjiense	225194	S	2026	784	2810	0.00018
Citrifermentans bremense	60035	S	2007	846	2853	0.00018
Geotalea uraniireducens	351604	S	1175	94	1269	0.00008
Geotalea daltonii	1203471	S	608	52	660	0.00004
Geoalkalibacter subterraneus	483547	S	1022	974	1996	0.00013
Trichlorobacter lovleyi	313985	S	634	90	724	0.00005
Desulfuromonas versatilis	2802975	S	3998	779	4777	0.00031
Desulfuromonas sp. DDH964	1823759	S	2698	547	3245	0.00021
Desulfuromonas sp. AOP6	1566351	S	858	107	965	0.00006
Desulfuromonas soudanensis	1603606	S	2397	296	2693	0.00017
Pelobacter propionicus	29543	S	1551	563	2114	0.00014
Syntrophotalea acetylenica	29542	S	900	179	1079	0.00007
Syntrophotalea carbinolica	19	S	578	48	626	0.00004
Syntrophotalea acetylenivorans	1842532	S	449	66	515	0.00003
Pseudodesulfovibrio mercurii	641491	S	1754	433	2187	0.00014
Pseudodesulfovibrio indicus	1716143	S	1657	366	2023	0.00013
Pseudodesulfovibrio aespoeensis	182210	S	1265	949	2214	0.00014
Pseudodesulfovibrio cashew	2678688	S	989	202	1191	0.00008
Pseudodesulfovibrio sp. SF6	2810563	S	478	51	529	0.00003
Pseudodesulfovibrio sp. zrk46	2725288	S	389	70	459	0.00003
Pseudodesulfovibrio tunisiensis	463192	S	742	79	821	0.00005
Pseudodesulfovibrio profundus	57320	S	309	329	638	0.00004
Pseudodesulfovibrio piezophilus	879567	S	120	17	137	0.00001
Desulfovibrio sp. IOR2	2583823	S	1227	241	1468	0.00009
Desulfovibrio sp. 86	2666132	S	398	102	500	0.00003
Desulfovibrio sp. G11	631220	S	322	217	539	0.00003
Desulfovibrio vulgaris	881	S	1364	67	1431	0.00009
Desulfovibrio sulfodismutans	63561	S	1342	342	1684	0.00011
Desulfovibrio desulfuricans	876	S	1081	244	1325	0.00008
Desulfovibrio piger	901	S	990	200	1190	0.00008
Desulfovibrio fairfieldensis	44742	S	767	67	834	0.00005
Desulfovibrio ferrophilus	241368	S	504	43	547	0.00003
Candidatus Desulfovibrio trichonymphae	1725232	S	148	12	160	0.00001
Solidesulfovibrio carbinoliphilus	345370	S	2469	320	2789	0.00018
Solidesulfovibrio magneticus	184917	S	1034	649	1683	0.00011
Solidesulfovibrio carbinolicus	296842	S	914	763	1677	0.00011
Oceanidesulfovibrio marinus	370038	S	2299	149	2448	0.00016
Desulfocurvibacter africanus	873	S	1903	149	2052	0.00013
Desulfolutivibrio sulfoxidireducens	2773299	S	1805	503	2308	0.00015
Megalodesulfovibrio gigas	879	S	1312	67	1379	0.00009
Oleidesulfovibrio alaskensis	58180	S	392	577	969	0.00006
Maridesulfovibrio salexigens	880	S	133	17	150	0.00001
Maridesulfovibrio hydrothermalis	191026	S	97	12	109	0.00001
Paradesulfovibrio bizertensis	376490	S	167	17	184	0.00001
Lawsonia intracellularis	29546	S	49	0	49	0.00000
Desulfomicrobium baculatum	899	S	1153	87	1240	0.00008
Desulfomicrobium orale	132132	S	714	193	907	0.00006
Desulfohalobium retbaense	45663	S	491	25	516	0.00003
Desulfosarcina alkanivorans	571177	S	1423	657	2080	0.00013
Desulfosarcina ovata	83564	S	1413	81	1494	0.00010
Desulfosarcina widdelii	947919	S	1094	135	1229	0.00008
Desulfococcus multivorans	897	S	990	191	1181	0.00008
Desulfatibacillum aliphaticivorans	218208	S	779	27	806	0.00005
Desulfoluna sp. ASN36	2810562	S	696	38	734	0.00005
Desulfonema magnum	45655	S	313	7	320	0.00002
Desulfonema limicola	45656	S	83	5	88	0.00001
Desulfobacter postgatei	2293	S	182	27	209	0.00001
Desulfobacter hydrogenophilus	2291	S	143	24	167	0.00001
Desulforapulum autotrophicum	2296	S	242	29	271	0.00002
Desulfobacula toluolica	28223	S	81	7	88	0.00001
Desulfobulbus propionicus	894	S	1176	67	1243	0.00008
Desulfobulbus oralis	1986146	S	804	185	989	0.00006
Desulfobulbus oligotrophicus	1909699	S	252	231	483	0.00003
Desulfurivibrio alkaliphilus	427923	S	1019	52	1071	0.00007
Desulfomarina profundi	2772557	S	100	9	109	0.00001
Desulfosudis oleivorans	181663	S	953	61	1014	0.00006
Desulfosediminicola ganghwensis	2569540	S	259	31	290	0.00002
Desulfosediminicola flagellatus	2569541	S	98	10	108	0.00001
Desulfotalea psychrophila	84980	S	97	17	114	0.00001
Desulfocapsa sulfexigens	65555	S	84	5	89	0.00001
Persicimonas caeni	2292766	S	6061	211	6272	0.00040
Bradymonas sediminis	1548548	S	2005	161	2166	0.00014
Bradymonadales bacterium V1718	2600177	S	854	47	901	0.00006
Syntrophobacter fumaroxidans	119484	S	1656	741	2397	0.00015
Desulfoglaeba alkanexedens	361111	S	1387	75	1462	0.00009
Desulfarculus baarsii	453230	S	2681	1691	4372	0.00028
Desulfomonile tiedjei	2358	S	533	5	538	0.00003
Desulfobacca acetoxidans	60893	S	529	14	543	0.00003
Syntrophus aciditrophicus	316277	S	483	33	516	0.00003
Dissulfurimicrobium hydrothermale	1750598	S	298	20	318	0.00002
Candidatus Desulfofervidus auxilii	1621989	S	184	4	188	0.00001
Hippea maritima	84405	S	67	3	70	0.00000
Campylobacter showae	204	S	192	17	209	0.00001
Campylobacter concisus	199	S	137	17	154	0.00001
Campylobacter curvus	200	S	134	12	146	0.00001
Campylobacter gracilis	824	S	134	8	142	0.00001
Campylobacter sp. 19-13652	2840180	S	26	2	28	0.00000
Campylobacter sp. CCUG 57310	2517362	S	16	5	21	0.00000
Campylobacter sp. RM6914	1032243	S	12	1	13	0.00000
Campylobacter sp. RM16192	1660080	S	11	3	14	0.00000
Campylobacter rectus	203	S	68	10	78	0.00000
Campylobacter jejuni	197	S	41	148	189	0.00001
Campylobacter fetus	196	S	16	5	21	0.00000
Candidatus Campylobacter infans	2561898	S	16	1	17	0.00000
Campylobacter pinnipediorum	1965231	S	15	1	16	0.00000
Campylobacter geochelonis	1780362	S	15	1	16	0.00000
Campylobacter mucosalis	202	S	15	1	16	0.00000
Campylobacter blaseri	2042961	S	13	1	14	0.00000
Campylobacter hyointestinalis	198	S	11	2	13	0.00000
Campylobacter hominis	76517	S	11	4	15	0.00000
Campylobacter coli	195	S	10	19	29	0.00000
Campylobacter iguaniorum	1244531	S	10	1	11	0.00000
Sulfurimonas sp. HSL-3221	2894755	S	622	39	661	0.00004
Sulfurimonas sp. SWIR-19	2878390	S	45	56	101	0.00001
Sulfurimonas sp. H1576	2672570	S	10	0	10	0.00000
Sulfurimonas hydrogeniphila	2509341	S	18	6	24	0.00000
Sulfurimonas paralvinellae	317658	S	17	2	19	0.00000
Sulfurimonas gotlandica	1176482	S	14	1	15	0.00000
Candidatus Sulfurimonas baltica	2740404	S	14	2	16	0.00000
Sulfurimonas lithotrophica	2590022	S	11	1	12	0.00000
Sulfuricurvum kujiense	148813	S	64	3	67	0.00000
Helicobacter pylori	210	S	188	440	628	0.00004
Helicobacter sp. NHP19-0003	2849641	S	34	5	39	0.00000
Helicobacter sp. NHP19-0012	2849642	S	29	6	35	0.00000
Helicobacter himalayensis	1591088	S	25	2	27	0.00000
Helicobacter heilmannii	35817	S	23	3	26	0.00000
Helicobacter bizzozeronii	56877	S	23	1	24	0.00000
Helicobacter suis	104628	S	21	2	23	0.00000
Helicobacter cinaedi	213	S	16	2	18	0.00000
Helicobacter mustelae	217	S	15	1	16	0.00000
Helicobacter canis	29419	S	12	1	13	0.00000
Helicobacter felis	214	S	11	0	11	0.00000
Helicobacter pullorum	35818	S	10	1	11	0.00000
Helicobacter cetorum	138563	S	10	0	10	0.00000
Wolinella succinogenes	844	S	67	11	78	0.00001
Nitratifractor salsuginis	269261	S	323	27	350	0.00002
Sulfurovum sp. HSL1-3	2893889	S	59	14	73	0.00000
Sulfurovum sp. NBC37-1	387093	S	37	23	60	0.00000
Sulfurovum sp. XGS-02	2925411	S	22	2	24	0.00000
Sulfurovum indicum	2779528	S	47	5	52	0.00000
Sulfurovum lithotrophicum	206403	S	37	26	63	0.00000
Hydrogenimonas urashimensis	2740515	S	326	32	358	0.00002
Sulfurospirillum cavolei	366522	S	56	5	61	0.00000
Sulfurospirillum sp. UCH001	1581011	S	14	30	44	0.00000
Sulfurospirillum halorespirans	194424	S	22	26	48	0.00000
Sulfurospirillum deleyianum	65553	S	15	2	17	0.00000
Sulfurospirillum multivorans	66821	S	13	16	29	0.00000
Sulfurospirillum barnesii	44674	S	11	1	12	0.00000
Arcobacter sp. FWKO B	2593672	S	13	5	18	0.00000
Aliarcobacter butzleri	28197	S	11	36	47	0.00000
Pseudoarcobacter acticola	1849015	S	16	14	30	0.00000
Nitratiruptor sp. YY09-18	2724901	S	54	48	102	0.00001
Nitratiruptor sp. SB155-2	387092	S	20	27	47	0.00000
Nitrosophilus alvini	2714855	S	59	17	76	0.00000
Nitrosophilus labii	2706014	S	23	11	34	0.00000
Caminibacter mediatlanticus	291048	S	32	22	54	0.00000
Caminibacter pacificus	1424653	S	24	13	37	0.00000
Nautilia profundicola	244787	S	26	13	39	0.00000
Nautilia sp. PV-1	2579250	S	21	9	30	0.00000
Acidithiobacillus caldus	33059	S	768	115	883	0.00006
Acidithiobacillus ferrivorans	160808	S	418	80	498	0.00003
Acidithiobacillus ferrooxidans	920	S	298	244	542	0.00003
Acidithiobacillus ferriphilus	1689834	S	172	34	206	0.00001
Acidithiobacillus thiooxidans	930	S	143	8	151	0.00001
Acidithiobacillus ferridurans	1232575	S	26	218	244	0.00002
Acidithiobacillus sp. 'AMD consortium'	2614801	S	15	198	213	0.00001
Bdellovibrio bacteriovorus	959	S	504	68	572	0.00004
Bdellovibrio sp. NC01	2220073	S	92	10	102	0.00001
Bdellovibrio sp. ZAP7	2231053	S	73	25	98	0.00001
Bdellovibrio sp. LBG001	2835041	S	70	8	78	0.00001
Bdellovibrio sp. KM01	2748865	S	53	19	72	0.00000
Pseudobdellovibrio exovorus	453816	S	87	5	92	0.00001
Bacteriovorax stolpii	960	S	56	18	74	0.00000
Halobacteriovorax marinus	97084	S	28	18	46	0.00000
Halobacteriovorax sp. BALOs_7	2109558	S	19	7	26	0.00000
Fluviispira sanaruensis	2493639	S	22	7	29	0.00000
Silvanigrella aquatica	1915309	S	17	5	22	0.00000
Hydrogenophilus thermoluteolus	297	S	813	171	984	0.00006
Mariprofundus ferrinatatus	1921087	S	314	27	341	0.00002
Mariprofundus aestuarium	1921086	S	200	21	221	0.00001
Streptomyces sp. WAC 01438	2203204	S	17474	7005	24479	0.00156
Streptomyces sp. SCSIO 64649	2878388	S	8860	2006	10866	0.00069
Streptomyces sp. CB01881	2078691	S	7624	1816	9440	0.00060
Streptomyces sp. NHF165	2175864	S	7003	1500	8503	0.00054
Streptomyces sp. SN-593	659352	S	6825	2004	8829	0.00056
Streptomyces sp. MA3_2.13	2867410	S	6647	1068	7715	0.00049
Streptomyces sp. CdTB01	1725411	S	6544	2219	8763	0.00056
Streptomyces sp. So13.3	2136173	S	6489	1493	7982	0.00051
Streptomyces sp. ZYC-3	2797636	S	5939	1398	7337	0.00047
Streptomyces sp. ST1015	1848900	S	5659	1416	7075	0.00045
Streptomyces sp. BJ20	2930049	S	5489	2624	8113	0.00052
Streptomyces sp. SCUT-3	2684469	S	5477	2668	8145	0.00052
Streptomyces sp. P3	2135430	S	5279	1573	6852	0.00044
Streptomyces sp. Z423-1	2730915	S	5269	1810	7079	0.00045
Streptomyces sp. 3025	2923272	S	5249	1145	6394	0.00041
Streptomyces sp. NA02950	2742137	S	5187	1250	6437	0.00041
Streptomyces sp. 891-h	2720714	S	5030	1124	6154	0.00039
Streptomyces sp. AMCC400023	2056258	S	4983	2284	7267	0.00046
Streptomyces sp. BH-MK-02	2880933	S	4970	1286	6256	0.00040
Streptomyces sp. LRE541	2931983	S	4717	1272	5989	0.00038
Streptomyces sp. C8S0	2585716	S	4532	1573	6105	0.00039
Streptomyces sp. MST-110588	2833628	S	4357	1290	5647	0.00036
Streptomyces sp. W1SF4	2305220	S	4316	1819	6135	0.00039
Streptomyces sp. YIM 121038	2136401	S	4239	1457	5696	0.00036
Streptomyces sp. A2-16	2781734	S	4134	1500	5634	0.00036
Streptomyces sp. HM190	2695266	S	4122	1548	5670	0.00036
Streptomyces sp. JB150	2714844	S	4098	1626	5724	0.00037
Streptomyces sp. MBT27	1488356	S	4058	1423	5481	0.00035
Streptomyces sp. MG28	2865673	S	4042	1640	5682	0.00036
Streptomyces sp. 3214.6	1882757	S	4038	1393	5431	0.00035
Streptomyces sp. GMY02	1333528	S	4025	864	4889	0.00031
Streptomyces sp. DSM 40868	2721173	S	4010	1713	5723	0.00037
Streptomyces sp. NA04227	2742136	S	3980	1116	5096	0.00033
Streptomyces sp. GQFP	2907545	S	3947	807	4754	0.00030
Streptomyces sp. QHH-9511	2684468	S	3931	1293	5224	0.00033
Streptomyces sp. NEAU-sy36	2751189	S	3905	1718	5623	0.00036
Streptomyces sp. GS7	2692234	S	3825	1231	5056	0.00032
Streptomyces sp. RTd22	1841249	S	3742	1728	5470	0.00035
Streptomyces sp. SAT1	1849967	S	3733	1653	5386	0.00034
Streptomyces sp. BHT-5-2	2866715	S	3711	1367	5078	0.00032
Streptomyces sp. Go-475	2072505	S	3578	1897	5475	0.00035
Streptomyces sp. SYP-A7193	2662065	S	3527	2313	5840	0.00037
Streptomyces sp. Rer75	2750011	S	3526	1791	5317	0.00034
Streptomyces sp. MG62	2838015	S	3430	1483	4913	0.00031
Streptomyces sp. SM18	1736046	S	3413	1115	4528	0.00029
Streptomyces sp. Go 40/10	2825844	S	3393	1722	5115	0.00033
Streptomyces sp. RPA4-2	2721244	S	3386	1152	4538	0.00029
Streptomyces sp. 135	2838850	S	3333	1253	4586	0.00029
Streptomyces sp. CMB-StM0423	2059884	S	3250	1696	4946	0.00032
Streptomyces sp. Tu 2975	2676871	S	3247	1206	4453	0.00028
Streptomyces sp. HSG2	2797167	S	3148	832	3980	0.00025
Streptomyces sp. fd1-xmd	1812480	S	3147	1561	4708	0.00030
Streptomyces sp. SirexAA-E	862751	S	3081	1082	4163	0.00027
Streptomyces sp. HP-A2021	2927875	S	3003	1857	4860	0.00031
Streptomyces sp. INR7	2607753	S	2911	1647	4558	0.00029
Streptomyces sp. WAC 01529	2203205	S	2784	1134	3918	0.00025
Streptomyces sp. TN58	234612	S	2750	1420	4170	0.00027
Streptomyces sp. CB09001	2083284	S	2684	1935	4619	0.00029
Streptomyces sp. S4.7	2705439	S	2590	985	3575	0.00023
Streptomyces sp. jing01	2726118	S	2447	1539	3986	0.00025
Streptomyces sp. WAC 06738	2203210	S	2363	2444	4807	0.00031
Streptomyces sp. CCM_MD2014	1561022	S	2294	2197	4491	0.00029
Streptomyces sp. S1D4-11	2721246	S	2263	1737	4000	0.00026
Streptomyces sp. WY228	2855836	S	2157	1269	3426	0.00022
Streptomyces sp. ADI95-16	1522758	S	2097	1959	4056	0.00026
Streptomyces sp. CNQ-509	444103	S	1958	1989	3947	0.00025
Streptomyces sp. SUK 48	2582831	S	1930	1320	3250	0.00021
Streptomyces sp. YPW6	2840373	S	1868	1068	2936	0.00019
Streptomyces sp. Mg1	465541	S	1809	1799	3608	0.00023
Streptomyces sp. 769	1262452	S	1764	1423	3187	0.00020
Streptomyces sp. HF10	2692233	S	1692	1295	2987	0.00019
Streptomyces sp. AgN23	1188315	S	1540	1442	2982	0.00019
Streptomyces sp. RPA4-5	2721245	S	1521	1053	2574	0.00016
Streptomyces sp. 2323.1	1938841	S	1401	924	2325	0.00015
Streptomyces sp. S8	1837283	S	1365	1275	2640	0.00017
Streptomyces sp. NA02536	2742133	S	1346	3751	5097	0.00033
Streptomyces sp. S063	2005885	S	1333	998	2331	0.00015
Streptomyces sp. 3211	1964449	S	1306	1783	3089	0.00020
Streptomyces sp. XC 2026	2782004	S	1179	1096	2275	0.00015
Streptomyces sp. ID38640	1265399	S	1169	877	2046	0.00013
Streptomyces sp. NEAU-S7GS2	2202000	S	1164	1016	2180	0.00014
Streptomyces sp. EAS-AB2608	2779671	S	1086	1856	2942	0.00019
Streptomyces sp. Sge12	1972846	S	1045	1755	2800	0.00018
Streptomyces sp. 11-1-2	1851167	S	1044	2037	3081	0.00020
Streptomyces sp. A144	2871487	S	1029	5132	6161	0.00039
Streptomyces sp. HNA39	2850561	S	996	1223	2219	0.00014
Streptomyces sp. PBH53	1577075	S	990	1574	2564	0.00016
Streptomyces sp. MOE7	1961713	S	971	1237	2208	0.00014
Streptomyces sp. WA6-1-16	2879427	S	939	1015	1954	0.00012
Streptomyces sp. RLB1-33	2721243	S	904	2758	3662	0.00023
Streptomyces sp. Tue 6075	1661694	S	894	1088	1982	0.00013
Streptomyces sp. SGAir0924	2109593	S	884	4793	5677	0.00036
Streptomyces sp. SS52	2563602	S	832	4355	5187	0.00033
Streptomyces sp. CB00271	2750025	S	825	1184	2009	0.00013
Streptomyces sp. CFMR 7	1649184	S	746	1365	2111	0.00013
Streptomyces sp. WAC00303	2933779	S	612	929	1541	0.00010
Streptomyces sp. CB04723	2748873	S	555	1046	1601	0.00010
Streptomyces sp. CLI2509	1984801	S	542	2057	2599	0.00017
Streptomyces sp. PAMC 26508	1265601	S	529	2088	2617	0.00017
Streptomyces sp. M56	1495638	S	515	1428	1943	0.00012
Streptomyces sp. Tu6071	355249	S	494	1673	2167	0.00014
Streptomyces sp. V17-9	2831149	S	482	2487	2969	0.00019
Streptomyces sp. HU2014	2939414	S	460	1663	2123	0.00014
Streptomyces sp. NA03103	2742134	S	445	3134	3579	0.00023
Streptomyces sp. M2	646637	S	442	2620	3062	0.00020
Streptomyces sp. CB09030	2913412	S	441	1555	1996	0.00013
Streptomyces sp. WAC00288	2094021	S	438	1924	2362	0.00015
Streptomyces sp. BSE6.1	2605730	S	431	2121	2552	0.00016
Streptomyces sp. VN1	1821625	S	423	1885	2308	0.00015
Streptomyces sp. endophyte_N2	2153485	S	414	1265	1679	0.00011
Streptomyces sp. WA1-19	2884220	S	368	2079	2447	0.00016
Streptomyces sp. CRSS-Y-16	2906474	S	345	2164	2509	0.00016
Streptomyces sp. A1-5	2738410	S	340	1670	2010	0.00013
Streptomyces sp. S501	2420135	S	332	1415	1747	0.00011
Streptomyces sp. LBUM 1480	2609808	S	330	3490	3820	0.00024
Streptomyces sp. KPB2	2305221	S	274	2441	2715	0.00017
Streptomyces sp. GF20	2692235	S	256	1528	1784	0.00011
Streptomyces sp. 2114.2	1881022	S	240	1567	1807	0.00012
Streptomyces sp. R527F	1664033	S	234	1404	1638	0.00010
Streptomyces sp. CA-256286	2801033	S	201	1317	1518	0.00010
Streptomyces sp. NBU3104	2911367	S	200	1395	1595	0.00010
Streptomyces sp. 604F	1476754	S	198	1945	2143	0.00014
Streptomyces sp. S1A1-7	2594459	S	190	1991	2181	0.00014
Streptomyces sp. FR-008	206662	S	160	1387	1547	0.00010
Streptomyces sp. LBUM 1482	2609809	S	145	3972	4117	0.00026
Streptomyces sp. RLB3-17	2594455	S	140	2444	2584	0.00017
Streptomyces sp. GBA 94-10	1218177	S	126	1749	1875	0.00012
Streptomyces sp. CC0208	2306165	S	118	3336	3454	0.00022
Streptomyces sp. PLM4	2929798	S	107	938	1045	0.00007
Streptomyces sp. RLB3-6	2594457	S	105	3682	3787	0.00024
Streptomyces sp. OUCMDZ-3434	1535304	S	103	1174	1277	0.00008
Streptomyces sp. S1D4-20	2594462	S	102	3098	3200	0.00020
Streptomyces sp. A10(2020)	2782013	S	97	1201	1298	0.00008
Streptomyces sp. PVA_94-07	1225337	S	96	1540	1636	0.00010
Streptomyces sp. LBUM 1475	2609807	S	96	3085	3181	0.00020
Streptomyces sp. RLB1-9	2594454	S	72	4434	4506	0.00029
Streptomyces sp. S1D4-23	2594463	S	72	4307	4379	0.00028
Streptomyces sp. ICC1	2099583	S	36	2344	2380	0.00015
Streptomyces sp. S1D4-14	2594461	S	27	1970	1997	0.00013
Streptomyces sp. ICC4	2099584	S	22	1657	1679	0.00011
Streptomyces sp. SM17	565560	S	19	826	845	0.00005
Streptomyces sp. HNM0561	2903099	S	17	3528	3545	0.00023
Streptomyces venezuelae	54571	S	22656	9083	31739	0.00203
Streptomyces cadmiisoli	2184053	S	4704	1288	5992	0.00038
Streptomyces qaidamensis	1783515	S	4033	1800	5833	0.00037
Streptomyces aurantiacus	47760	S	4006	1047	5053	0.00032
Streptomyces alboniger	132473	S	2321	926	3247	0.00021
Streptomyces koyangensis	188770	S	1919	2031	3950	0.00025
Streptomyces hygroscopicus	1912	S	6553	11683	18236	0.00116
Streptomyces rapamycinicus	1226757	S	4275	1076	5351	0.00034
Streptomyces yatensis	155177	S	1815	1376	3191	0.00020
Streptomyces violaceusniger	68280	S	1663	1145	2808	0.00018
Streptomyces malaysiensis	92644	S	482	1473	1955	0.00012
Streptomyces calvus	67282	S	13010	5473	18483	0.00118
Streptomyces capitiformicae	2014920	S	9659	1637	11296	0.00072
Streptomyces harbinensis	1176198	S	9550	2926	12476	0.00080
Streptomyces griseus	1911	S	3699	3469	7168	0.00046
Streptomyces sp. M54	2759525	S	306	806	1112	0.00007
Streptomyces anulatus	1892	S	2634	2848	5482	0.00035
Streptomyces microflavus	1919	S	1310	5978	7288	0.00047
Streptomyces globisporus	1908	S	1125	8371	9496	0.00061
Streptomyces chartreusis	1969	S	9165	4293	13458	0.00086
Streptomyces albus	1888	S	8943	4790	13733	0.00088
Streptomyces armeniacus	83291	S	8719	1416	10135	0.00065
Streptomyces formicae	1616117	S	7730	2656	10386	0.00066
Streptomyces cyaneochromogenes	2496836	S	7238	2287	9525	0.00061
Streptomyces lydicus	47763	S	7195	5102	12297	0.00079
Streptomyces bathyalis	2710756	S	6900	1294	8194	0.00052
Streptomyces buecherae	2763006	S	6850	1946	8796	0.00056
Streptomyces bingchenggensis	379067	S	6809	1449	8258	0.00053
Streptomyces tsukubensis	83656	S	6352	1529	7881	0.00050
Streptomyces viridosporus	67581	S	6241	2741	8982	0.00057
Streptomyces spectabilis	68270	S	6210	2185	8395	0.00054
Streptomyces cattleya	29303	S	6024	1966	7990	0.00051
Streptomyces griseorubiginosus	67304	S	6005	2129	8134	0.00052
Streptomyces niveus	193462	S	5810	2832	8642	0.00055
Streptomyces lunaelactis	1535768	S	5712	1319	7031	0.00045
Streptomyces ferrugineus	1413221	S	5308	1841	7149	0.00046
Streptomyces seoulensis	73044	S	5307	2230	7537	0.00048
Streptomyces xinghaiensis	1038928	S	5164	1750	6914	0.00044
Streptomyces aquilus	2548456	S	5101	1629	6730	0.00043
Streptomyces roseirectus	2768066	S	5065	1348	6413	0.00041
Streptomyces xanthii	2768069	S	5008	1668	6676	0.00043
Streptomyces tendae	1932	S	4873	2179	7052	0.00045
Streptomyces ambofaciens	1889	S	4849	3244	8093	0.00052
Streptomyces pactum	68249	S	4842	2102	6944	0.00044
Streptomyces lincolnensis	1915	S	4825	1507	6332	0.00040
Streptomyces rimosus	1927	S	4769	2070	6839	0.00044
Streptomyces davaonensis	348043	S	4711	1427	6138	0.00039
Streptomyces genisteinicus	2768068	S	4676	1630	6306	0.00040
Streptomyces vietnamensis	362257	S	4603	1677	6280	0.00040
Streptomyces durmitorensis	319947	S	4562	1077	5639	0.00036
Streptomyces prasinus	67345	S	4535	1615	6150	0.00039
Streptomyces albulus	68570	S	4454	1478	5932	0.00038
Streptomyces ficellus	1977088	S	4393	1735	6128	0.00039
Streptomyces asoensis	249586	S	4375	1407	5782	0.00037
Streptomyces liangshanensis	2717324	S	4356	1218	5574	0.00036
Streptomyces griseocarneus	51201	S	4296	1667	5963	0.00038
Streptomyces clavuligerus	1901	S	4293	1148	5441	0.00035
Streptomyces griseoviridis	45398	S	4289	1514	5803	0.00037
Streptomyces rectiverticillatus	173860	S	4251	1512	5763	0.00037
Streptomyces actuosus	1885	S	4242	1952	6194	0.00040
Streptomyces olivoreticuli	68246	S	4240	1329	5569	0.00036
Streptomyces globosus	68209	S	4232	1710	5942	0.00038
Streptomyces alboflavus	67267	S	4222	1277	5499	0.00035
Streptomyces nigra	1827580	S	4145	1768	5913	0.00038
Streptomyces paludis	2282738	S	4119	996	5115	0.00033
Streptomyces parvulus	146923	S	4111	1960	6071	0.00039
Streptomyces luteoverticillatus	66425	S	4090	1504	5594	0.00036
Streptomyces phaeolivaceus	2653200	S	4018	1186	5204	0.00033
Streptomyces antibioticus	1890	S	3943	1526	5469	0.00035
Streptomyces dengpaensis	2049881	S	3936	1188	5124	0.00033
Streptomyces griseochromogenes	68214	S	3910	1173	5083	0.00032
Streptomyces aureoverticillatus	66871	S	3868	1138	5006	0.00032
Streptomyces peucetius	1950	S	3866	1162	5028	0.00032
Streptomyces exfoliatus	1905	S	3863	1446	5309	0.00034
Streptomyces deccanensis	424188	S	3837	1677	5514	0.00035
Streptomyces avermitilis	33903	S	3816	1190	5006	0.00032
Streptomyces collinus	42684	S	3729	2864	6593	0.00042
Streptomyces lavendulae	1914	S	3641	1382	5023	0.00032
Streptomyces subrutilus	36818	S	3622	1470	5092	0.00033
Streptomyces glaucescens	1907	S	3590	1682	5272	0.00034
Streptomyces atratus	1893	S	3590	802	4392	0.00028
Streptomyces vinaceus	1960	S	3540	1382	4922	0.00031
Streptomyces nodosus	40318	S	3524	985	4509	0.00029
Streptomyces katrae	68223	S	3492	1435	4927	0.00031
Streptomyces galilaeus	33899	S	3466	1264	4730	0.00030
Streptomyces pristinaespiralis	38300	S	3458	1406	4864	0.00031
Streptomyces broussonetiae	2686304	S	3394	1108	4502	0.00029
Streptomyces chromofuscus	42881	S	3392	1415	4807	0.00031
Streptomyces roseochromogenus	285450	S	3348	1129	4477	0.00029
Streptomyces nitrosporeus	28894	S	3223	1000	4223	0.00027
Streptomyces fodineus	1904616	S	3199	1213	4412	0.00028
Streptomyces gilvosporeus	553510	S	3180	1106	4286	0.00027
Streptomyces tirandamycinicus	2174846	S	3167	1149	4316	0.00028
Streptomyces hundungensis	1077946	S	3151	1079	4230	0.00027
Streptomyces hawaiiensis	67305	S	3093	1430	4523	0.00029
Streptomyces incarnatus	665007	S	3033	948	3981	0.00025
Streptomyces inhibens	2293571	S	3031	992	4023	0.00026
Streptomyces gardneri	66892	S	3028	1304	4332	0.00028
Streptomyces spongiicola	1690221	S	2965	1326	4291	0.00027
Streptomyces dangxiongensis	1442032	S	2959	1108	4067	0.00026
Streptomyces mobaraensis	35621	S	2955	117415	120370	0.00769
Streptomyces coeruleorubidus	116188	S	2953	1489	4442	0.00028
Streptomyces kanamyceticus	1967	S	2925	1050	3975	0.00025
Streptomyces angustmyceticus	285578	S	2865	1257	4122	0.00026
Streptomyces pratensis	1169025	S	2864	761	3625	0.00023
Streptomyces gobiensis	2875706	S	2856	603	3459	0.00022
Streptomyces rutgersensis	53451	S	2847	1502	4349	0.00028
Streptomyces qinzhouensis	2599401	S	2789	728	3517	0.00022
Streptomyces finlayi	67296	S	2778	696	3474	0.00022
Streptomyces pluripotens	1355015	S	2722	685	3407	0.00022
Streptomyces nojiriensis	66374	S	2717	1241	3958	0.00025
Streptomyces huasconensis	1854574	S	2702	1131	3833	0.00024
Streptomyces tuirus	68278	S	2698	1453	4151	0.00027
Streptomyces cyanogenus	80860	S	2498	1180	3678	0.00023
Streptomyces fagopyri	2662397	S	2388	871	3259	0.00021
Streptomyces leeuwenhoekii	1437453	S	2037	1490	3527	0.00023
Streptomyces cyaneogriseus	68192	S	1969	1602	3571	0.00023
Streptomyces decoyicus	249567	S	1504	876	2380	0.00015
Streptomyces xiamenensis	408015	S	1268	1128	2396	0.00015
Streptomyces fungicidicus	68203	S	1251	3765	5016	0.00032
Streptomyces auratus	114687	S	1235	856	2091	0.00013
Streptomyces lydicamycinicus	1546107	S	1233	771	2004	0.00013
Streptomyces antimycoticus	68175	S	1223	1285	2508	0.00016
Streptomyces platensis	58346	S	1084	839	1923	0.00012
Streptomyces albidoflavus	1886	S	376	5837	6213	0.00040
Streptomyces coelicolor	1902	S	357	3112	3469	0.00022
Streptomyces sampsonii	42239	S	197	1636	1833	0.00012
Streptomyces filamentosus	67294	S	821	1070	1891	0.00012
Streptomyces olivaceus	47716	S	765	2890	3655	0.00023
Streptomyces alfalfae	1642299	S	741	4297	5038	0.00032
Streptomyces cavourensis	67258	S	707	1348	2055	0.00013
Streptomyces californicus	67351	S	648	2177	2825	0.00018
Streptomyces fradiae	1906	S	608	9476	10084	0.00064
Streptomyces mirabilis	68239	S	478	2915	3393	0.00022
Streptomyces autolyticus	75293	S	397	1366	1763	0.00011
Streptomyces noursei	1971	S	383	1544	1927	0.00012
Streptomyces albireticuli	1940	S	383	1667	2050	0.00013
Streptomyces murinus	33900	S	375	1099	1474	0.00009
Streptomyces griseofuscus	146922	S	335	1542	1877	0.00012
Streptomyces lividans	1916	S	281	3424	3705	0.00024
Streptomyces scabiei	1930	S	280	2518	2798	0.00018
Streptomyces cinereoruber	67260	S	265	1430	1695	0.00011
Streptomyces rubrolavendulae	285473	S	246	1852	2098	0.00013
Streptomyces violaceoruber	1935	S	193	875	1068	0.00007
Streptomyces rochei	1928	S	169	1304	1473	0.00009
Kitasatospora sp. MMS16-BH015	2018025	S	5343	2021	7364	0.00047
Kitasatospora sp. NA04385	2742135	S	4435	2671	7106	0.00045
Kitasatospora setae	2066	S	4653	2715	7368	0.00047
Kitasatospora aureofaciens	1894	S	3936	1861	5797	0.00037
Kitasatospora albolonga	68173	S	1695	1487	3182	0.00020
Streptacidiphilus sp. P02-A3a	2704468	S	5220	1898	7118	0.00045
Streptacidiphilus sp. PB12-B1b	2705012	S	4625	2152	6777	0.00043
Streptacidiphilus bronchialis	2126346	S	4387	1660	6047	0.00039
Yinghuangia sp. ASG 101	2896848	S	6401	1251	7652	0.00049
Microbacterium sp. No. 7	1714373	S	3536	1624	5160	0.00033
Microbacterium sp. 4R-513	2567934	S	2939	556	3495	0.00022
Microbacterium sp. JZ31	1906274	S	2731	794	3525	0.00023
Microbacterium sp. 10M-3C3	2483401	S	2503	773	3276	0.00021
Microbacterium sp. YJN-G	2763257	S	2058	684	2742	0.00018
Microbacterium sp. SSW1-51	2851650	S	2054	529	2583	0.00016
Microbacterium sp. BH-3-3-3	1906742	S	1928	477	2405	0.00015
Microbacterium sp. ABRD_28	2268461	S	1892	266	2158	0.00014
Microbacterium sp. XT11	367477	S	1738	379	2117	0.00014
Microbacterium sp. NIBRBAC000506063	2734618	S	1689	715	2404	0.00015
Microbacterium sp. A18JL241	2782166	S	1670	407	2077	0.00013
Microbacterium sp. SSW1-36	2851648	S	1656	369	2025	0.00013
Microbacterium sp. cx-55	2875948	S	1626	249	1875	0.00012
Microbacterium sp. LKL04	912630	S	1624	399	2023	0.00013
Microbacterium sp. H1-D42	2925844	S	1571	270	1841	0.00012
Microbacterium sp. Y-01	2048898	S	1564	628	2192	0.00014
Microbacterium sp. PM5	2014534	S	1480	284	1764	0.00011
Microbacterium sp. 1S1	2606451	S	1329	573	1902	0.00012
Microbacterium sp. CBA3102	2603598	S	1236	307	1543	0.00010
Microbacterium sp. TPU 3598	1938334	S	1127	299	1426	0.00009
Microbacterium sp. Nx66	2766784	S	999	651	1650	0.00011
Microbacterium sp. RG1	2489212	S	698	521	1219	0.00008
Microbacterium sp. SGAir0570	2070348	S	372	1265	1637	0.00010
Microbacterium sp. 1.5R	1916917	S	281	996	1277	0.00008
Microbacterium sp. PAMC22086	2861281	S	278	566	844	0.00005
Microbacterium sp. CGR1	1696072	S	249	915	1164	0.00007
Microbacterium sp. str. 'China'	2103230	S	174	861	1035	0.00007
Microbacterium sp. PAMC 28756	1795053	S	80	1208	1288	0.00008
Microbacterium sp. KUDC0406	2909588	S	35	2871	2906	0.00019
Microbacterium sp. Se5.02b	2864103	S	13	1078	1091	0.00007
Microbacterium sp. PAMC21962	2861280	S	11	432	443	0.00003
Microbacterium cremeum	2782169	S	6393	1407	7800	0.00050
Microbacterium foliorum	104336	S	3962	845	4807	0.00031
Microbacterium hominis	162426	S	3597	9674	13271	0.00085
Microbacterium atlanticum	2782168	S	3454	797	4251	0.00027
Microbacterium oleivorans	273677	S	3237	656	3893	0.00025
Microbacterium resistens	156977	S	2564	499	3063	0.00020
Microbacterium sediminis	904291	S	2477	1175	3652	0.00023
Microbacterium lemovicicum	1072463	S	2406	570	2976	0.00019
Microbacterium oryzae	743009	S	2251	710	2961	0.00019
Microbacterium pygmaeum	370764	S	2009	262	2271	0.00015
Microbacterium caowuchunii	2614638	S	2002	402	2404	0.00015
Microbacterium lushaniae	2614639	S	1952	467	2419	0.00015
Microbacterium wangchenii	2541726	S	1877	441	2318	0.00015
Microbacterium testaceum	2033	S	1846	347	2193	0.00014
Microbacterium aurum	36805	S	1809	593	2402	0.00015
Microbacterium luteum	2782167	S	1759	770	2529	0.00016
Microbacterium esteraromaticum	57043	S	1745	404	2149	0.00014
Microbacterium chocolatum	84292	S	1735	412	2147	0.00014
Microbacterium oxydans	82380	S	1723	1302	3025	0.00019
Microbacterium protaetiae	2509458	S	1664	391	2055	0.00013
Microbacterium hydrocarbonoxydans	273678	S	1383	255	1638	0.00010
Microbacterium schleiferi	69362	S	1133	422	1555	0.00010
Microbacterium fandaimingii	2708079	S	900	82	982	0.00006
Microbacterium amylolyticum	936337	S	695	159	854	0.00005
Microbacterium binotii	462710	S	668	490	1158	0.00007
Microbacterium chengjingii	2769067	S	635	35	670	0.00004
Microbacterium endophyticum	1526412	S	494	37	531	0.00003
Microbacterium paraoxydans	199592	S	279	1828	2107	0.00013
Microbacterium paludicola	300019	S	278	987	1265	0.00008
Agromyces sp. H17E-10	2932244	S	4153	1487	5640	0.00036
Agromyces sp. LHK192	2498704	S	3822	1216	5038	0.00032
Agromyces sp. CFWR-12	2929802	S	2724	1743	4467	0.00029
Agromyces flavus	589382	S	5831	2008	7839	0.00050
Agromyces aureus	453304	S	3782	1161	4943	0.00032
Agromyces soli	659012	S	3658	1439	5097	0.00033
Agromyces marinus	1389020	S	3269	1309	4578	0.00029
Agromyces badenianii	2080742	S	2873	1022	3895	0.00025
Agromyces protaetiae	2509455	S	2865	892	3757	0.00024
Agromyces archimandritae	2781962	S	2508	791	3299	0.00021
Agromyces laixinhei	2585717	S	2493	625	3118	0.00020
Agromyces intestinalis	2592652	S	2449	1477	3926	0.00025
Curtobacterium sp. L6-1	2841594	S	1785	631	2416	0.00015
Curtobacterium sp. BH-2-1-1	1905847	S	1635	580	2215	0.00014
Curtobacterium sp. YC1	2795488	S	1528	748	2276	0.00015
Curtobacterium sp. MR_MD2014	1561023	S	1345	663	2008	0.00013
Curtobacterium sp. TC1	2862880	S	1172	632	1804	0.00012
Curtobacterium sp. 24E2	2804758	S	1109	635	1744	0.00011
Curtobacterium sp. SGAir0471	2070337	S	944	786	1730	0.00011
Curtobacterium sp. TXMA1	2876939	S	931	802	1733	0.00011
Curtobacterium sp. C1	2898151	S	369	1141	1510	0.00010
Curtobacterium sp. Csp2	2495430	S	310	1080	1390	0.00009
Curtobacterium sp. Csp1	2495429	S	66	1494	1560	0.00010
Curtobacterium flaccumfaciens	2035	S	2784	1385	4169	0.00027
Curtobacterium luteum	33881	S	1772	686	2458	0.00016
Rathayibacter sp. VKM Ac-2759	2609252	S	2312	886	3198	0.00020
Rathayibacter sp. VKM Ac-2760	2609253	S	2193	1212	3405	0.00022
Rathayibacter sp. VKM Ac-2804	2609257	S	1572	1220	2792	0.00018
Rathayibacter sp. VKM Ac-2801	2609255	S	1008	1009	2017	0.00013
Rathayibacter sp. VKM Ac-2762	2609254	S	412	1198	1610	0.00010
Rathayibacter sp. VKM Ac-2805	2609258	S	334	1001	1335	0.00009
Rathayibacter festucae	110937	S	2553	2825	5378	0.00034
Rathayibacter tanaceti	1671680	S	1450	405	1855	0.00012
Rathayibacter tritici	33888	S	991	327	1318	0.00008
Rathayibacter iranicus	59737	S	965	143	1108	0.00007
Rathayibacter rathayi	33887	S	836	245	1081	0.00007
Rathayibacter toxicus	145458	S	420	41	461	0.00003
Leucobacter sp. H25R-14	2932245	S	1862	342	2204	0.00014
Leucobacter sp. Psy1	2875729	S	1853	254	2107	0.00013
Leucobacter sp. NB 10	2873270	S	1739	537	2276	0.00015
Leucobacter sp. CX169	2813744	S	1208	349	1557	0.00010
Leucobacter sp. H21R-36	2932246	S	598	1575	2173	0.00014
Leucobacter sp. H21R-40	2932247	S	541	1424	1965	0.00013
Leucobacter muris	1935379	S	1991	790	2781	0.00018
Leucobacter triazinivorans	1784719	S	1951	1267	3218	0.00021
Leucobacter luti	340320	S	740	79	819	0.00005
Leucobacter viscericola	2714935	S	565	62	627	0.00004
Leucobacter insecticola	2714934	S	505	48	553	0.00004
Leucobacter coleopterorum	2714933	S	378	43	421	0.00003
Leucobacter denitrificans	683042	S	347	60	407	0.00003
Agrococcus sp. SCSIO52902	2933290	S	3345	1864	5209	0.00033
Agrococcus sp. Marseille-Q4369	2810513	S	2733	1085	3818	0.00024
Agrococcus sp. SGAir0287	2070347	S	2656	907	3563	0.00023
Agrococcus carbonis	684552	S	3083	1610	4693	0.00030
Agrococcus jejuensis	399736	S	2852	1018	3870	0.00025
Leifsonia sp. ZF2019	2781978	S	2492	790	3282	0.00021
Leifsonia sp. PS1209	2724914	S	2288	716	3004	0.00019
Leifsonia sp. 21MFCrub1.1	1798223	S	2073	3037	5110	0.00033
Leifsonia shinshuensis	150026	S	3174	1006	4180	0.00027
Leifsonia xyli	1575	S	2025	315	2340	0.00015
Clavibacter michiganensis	28447	S	10454	21318	31772	0.00203
Clavibacter zhangzhiyongii	2768071	S	1314	665	1979	0.00013
Clavibacter sp. A6099	2860285	S	846	537	1383	0.00009
Protaetiibacter sp. SSC-01	2759943	S	2383	976	3359	0.00021
Protaetiibacter intestinalis	2419774	S	2293	920	3213	0.00021
Protaetiibacter larvae	2592654	S	1769	635	2404	0.00015
Salinibacterium sp. ZJ450	2708338	S	2026	353	2379	0.00015
Salinibacterium sp. ZJ70	2708084	S	1564	440	2004	0.00013
Salinibacterium sp. dk2585	2603292	S	1328	251	1579	0.00010
Salinibacterium sp. UTAS2018	2508880	S	483	51	534	0.00003
Salinibacterium sp. M195	2583374	S	358	45	403	0.00003
Salinibacterium hongtaonis	2079791	S	617	75	692	0.00004
Cryobacterium sp. LW097	1978566	S	1539	377	1916	0.00012
Cryobacterium sp. PAMC25264	2861288	S	755	506	1261	0.00008
Cryobacterium soli	2220095	S	1182	674	1856	0.00012
Cryobacterium arcticum	670052	S	924	765	1689	0.00011
Microterricola viridarii	412690	S	4337	1204	5541	0.00035
Frondihabitans sp. PAMC 28766	1795630	S	2272	347	2619	0.00017
Frondihabitans sp. 762G35	1446794	S	1963	475	2438	0.00016
Plantibacter sp. PA-3-X8	2480625	S	674	709	1383	0.00009
Plantibacter sp. M259	2583822	S	672	683	1355	0.00009
Plantibacter flavus	150123	S	850	759	1609	0.00010
Microcella flavibacter	1804990	S	2123	1144	3267	0.00021
Microcella alkaliphila	279828	S	1455	281	1736	0.00011
Mycetocola sp. JXN-3	2116510	S	1074	184	1258	0.00008
Mycetocola zhujimingii	2079792	S	1024	138	1162	0.00007
Mycetocola spongiae	2859226	S	827	126	953	0.00006
Cnuibacter physcomitrellae	1619308	S	2813	686	3499	0.00022
Herbiconiux sp. SALV-R1	2735133	S	2640	595	3235	0.00021
Frigoribacterium sp. NBH87	2596916	S	2602	861	3463	0.00022
Gryllotalpicola protaetiae	2419771	S	2508	552	3060	0.00020
Subtercola sp. AK-R2A1-2	2895559	S	1520	168	1688	0.00011
Subtercola sp. PAMC28395	2846775	S	892	107	999	0.00006
Chryseoglobus sp. 28M-23	2772253	S	435	913	1348	0.00009
Chryseoglobus indicus	2750620	S	387	862	1249	0.00008
Humibacter sp. WJ7-1	2599293	S	2101	525	2626	0.00017
Amnibacterium sp. L3-i23	2905871	S	1990	541	2531	0.00016
Diaminobutyricimonas sp. LJ205	2683590	S	1722	366	2088	0.00013
Marisediminicola antarctica	674079	S	1709	240	1949	0.00012
Gulosibacter sediminis	1729695	S	1686	568	2254	0.00014
Glaciihabitans sp. INWT7	2596912	S	1303	117	1420	0.00009
Agreia sp. COWG	2773266	S	1274	174	1448	0.00009
Aquiluna borgnonia	2499157	S	198	25	223	0.00001
Candidatus Aquiluna sp. UB-MaderosW2red	1855377	S	105	8	113	0.00001
Rhodoluna limnophila	232537	S	140	11	151	0.00001
Candidatus Rhodoluna planktonica	535712	S	79	5	84	0.00001
Rhodoluna lacicola	529884	S	78	5	83	0.00001
Pseudoclavibacter sp. Marseille-Q3772	2866588	S	403	91	494	0.00003
Aurantimicrobium photophilum	1987356	S	116	9	125	0.00001
Aurantimicrobium minutum	708131	S	72	16	88	0.00001
Aurantimicrobium sp. MWH-Uga1	2079575	S	63	13	76	0.00000
Pontimonas salivibrio	1159327	S	149	8	157	0.00001
Arthrobacter sp. QXT-31	1357915	S	5614	1921	7535	0.00048
Arthrobacter sp. QL17	2895818	S	2247	618	2865	0.00018
Arthrobacter sp. FW305-BF8	2879617	S	2058	697	2755	0.00018
Arthrobacter sp. NicSoilB8	2830998	S	1865	600	2465	0.00016
Arthrobacter sp. PM3	2017685	S	1832	361	2193	0.00014
Arthrobacter sp. 24S4-2	2575374	S	1604	450	2054	0.00013
Arthrobacter sp. ERGS1:01	1704044	S	1570	363	1933	0.00012
Arthrobacter sp. PAMC25564	2565366	S	1486	499	1985	0.00013
Arthrobacter sp. U41	1849032	S	1468	521	1989	0.00013
Arthrobacter sp. NicSoilB4	2830997	S	1403	544	1947	0.00012
Arthrobacter sp. UKPF54-2	2600159	S	1380	717	2097	0.00013
Arthrobacter sp. PGP41	2079227	S	1292	582	1874	0.00012
Arthrobacter sp. KBS0702	2578107	S	1287	630	1917	0.00012
Arthrobacter sp. NicSoilC5	2831000	S	1216	796	2012	0.00013
Arthrobacter sp. Helios	2828862	S	1209	238	1447	0.00009
Arthrobacter sp. FB24	290399	S	1202	492	1694	0.00011
Arthrobacter sp. PAMC25284	2861279	S	1096	352	1448	0.00009
Arthrobacter sp. FW306-2-2C-D06B	2879618	S	1039	249	1288	0.00008
Arthrobacter sp. zg-Y462	2886936	S	802	196	998	0.00006
Arthrobacter sp. PAMC 25486	1494608	S	773	151	924	0.00006
Arthrobacter sp. zg-Y809	2886940	S	768	302	1070	0.00007
Arthrobacter sp. StoSoilB5	2830992	S	680	244	924	0.00006
Arthrobacter sp. StoSoilB20	2830995	S	579	206	785	0.00005
Arthrobacter sp. NtRootA1	2830983	S	531	202	733	0.00005
Arthrobacter sp. D5-1	1477518	S	439	364	803	0.00005
Arthrobacter sp. YN	2020486	S	394	204	598	0.00004
Arthrobacter sp. C1-1	2813727	S	353	59	412	0.00003
Arthrobacter sp. NicSoilB11	2830999	S	268	1266	1534	0.00010
Arthrobacter sp. FW306-06-A	2879621	S	206	854	1060	0.00007
Arthrobacter sp. FW306-07-I	2879622	S	204	1350	1554	0.00010
Arthrobacter sp. FW306-05-C	2879620	S	192	1188	1380	0.00009
Arthrobacter sp. StoSoilB13	2830993	S	166	363	529	0.00003
Arthrobacter sp. StoSoilA2	2830990	S	166	352	518	0.00003
Arthrobacter sp. StoSoilB19	2830994	S	147	798	945	0.00006
Arthrobacter sp. AQ5-05	2184581	S	40	672	712	0.00005
Arthrobacter crystallopoietes	37928	S	4404	959	5363	0.00034
Arthrobacter agilis	37921	S	3329	572	3901	0.00025
Arthrobacter sulfonylureivorans	2486855	S	1840	351	2191	0.00014
Arthrobacter dokdonellae	2211210	S	1501	302	1803	0.00012
Arthrobacter woluwensis	156980	S	1451	394	1845	0.00012
Arthrobacter jiangjiafuii	2817475	S	1080	340	1420	0.00009
Arthrobacter alpinus	656366	S	931	1371	2302	0.00015
Arthrobacter sunyaminii	2816859	S	753	273	1026	0.00007
Kocuria rosea	1275	S	3950	1430	5380	0.00034
Kocuria turfanensis	388357	S	3646	1431	5077	0.00032
Kocuria flava	446860	S	3615	2054	5669	0.00036
Kocuria palustris	71999	S	1729	792	2521	0.00016
Kocuria rhizophila	72000	S	1270	1985	3255	0.00021
Kocuria varians	1272	S	1117	887	2004	0.00013
Kocuria sp. TGY1127_2	2711328	S	468	90	558	0.00004
Kocuria sp. KD4	2719588	S	249	420	669	0.00004
Kocuria sp. BT304	1702043	S	131	672	803	0.00005
Kocuria indica	1049583	S	227	458	685	0.00004
Pseudarthrobacter sp. L1SW	2851598	S	1278	630	1908	0.00012
Pseudarthrobacter sp. BIM B-2242	2772401	S	1191	363	1554	0.00010
Pseudarthrobacter sp. NIBRBAC000502772	2590775	S	769	596	1365	0.00009
Pseudarthrobacter sp. SSS035	2931399	S	727	650	1377	0.00009
Pseudarthrobacter sp. NBSH8	2596911	S	610	262	872	0.00006
Pseudarthrobacter sp. NIBRBAC000502771	2590774	S	280	1063	1343	0.00009
Pseudarthrobacter sp. NIBRBAC000502770	2590785	S	269	903	1172	0.00007
Pseudarthrobacter phenanthrenivorans	361575	S	1243	731	1974	0.00013
Pseudarthrobacter chlorophenolicus	85085	S	1113	475	1588	0.00010
Pseudarthrobacter equi	728066	S	996	443	1439	0.00009
Pseudarthrobacter psychrotolerans	2697569	S	862	389	1251	0.00008
Pseudarthrobacter sulfonivorans	121292	S	715	752	1467	0.00009
Micrococcus luteus	1270	S	3624	6606	10230	0.00065
Micrococcus sp. KD337-16	2856555	S	1576	1107	2683	0.00017
Micrococcus sp. KBS0714	1179670	S	40	360	400	0.00003
Micrococcus yunnanensis	566027	S	46	388	434	0.00003
Sinomonas atrocyanea	37927	S	3406	1328	4734	0.00030
Sinomonas sp. R1AF57	2020377	S	2737	757	3494	0.00022
Glutamicibacter creatinolyticus	162496	S	1159	327	1486	0.00009
Glutamicibacter protophormiae	37930	S	979	696	1675	0.00011
Glutamicibacter halophytocola	1933880	S	551	114	665	0.00004
Glutamicibacter mishrai	1775880	S	475	113	588	0.00004
Glutamicibacter nicotianae	37929	S	452	1212	1664	0.00011
Glutamicibacter arilaitensis	256701	S	417	172	589	0.00004
Glutamicibacter sp. ZJUTW	1155384	S	152	547	699	0.00004
Rothia kristinae	37923	S	1915	1293	3208	0.00020
Rothia mucilaginosa	43675	S	515	120	635	0.00004
Rothia nasimurium	85336	S	311	176	487	0.00003
Rothia aeria	172042	S	299	127	426	0.00003
Rothia dentocariosa	2047	S	185	80	265	0.00002
Rothia terrae	396015	S	114	56	170	0.00001
Rothia amarae	169480	S	110	58	168	0.00001
Rothia sp. ZJ932	2810516	S	88	15	103	0.00001
Paenarthrobacter ureafaciens	37931	S	665	1300	1965	0.00013
Paenarthrobacter aurescens	43663	S	663	514	1177	0.00008
Paenarthrobacter sp. YJN-5	2735316	S	258	692	950	0.00006
Paenarthrobacter sp. YJN-D	2735317	S	134	325	459	0.00003
Paenarthrobacter nicotinovorans	29320	S	141	303	444	0.00003
Citricoccus sp. SGAir0253	2567881	S	2775	914	3689	0.00024
Nesterenkonia sp. NBAIMH1	2600320	S	1158	90	1248	0.00008
Paeniglutamicibacter sp. Y32M11	2853258	S	552	105	657	0.00004
Psychromicrobium lacuslunae	1618207	S	399	66	465	0.00003
Auritidibacter sp. NML130574	2170745	S	326	41	367	0.00002
Neomicrococcus aestuarii	556325	S	284	147	431	0.00003
Renibacterium salmoninarum	1646	S	237	17	254	0.00002
Cellulomonas sp. Y8	2591145	S	4715	2538	7253	0.00046
Cellulomonas sp. H30R-01	2704467	S	4244	2054	6298	0.00040
Cellulomonas sp. C5510	2871170	S	3769	1885	5654	0.00036
Cellulomonas sp. JZ18	2654191	S	3747	1997	5744	0.00037
Cellulomonas sp. zg-ZUI188	2819978	S	3624	1279	4903	0.00031
Cellulomonas sp. zg-ZUI157	2819979	S	3128	1353	4481	0.00029
Cellulomonas sp. zg-ZUI222	2816956	S	3062	1444	4506	0.00029
Cellulomonas sp. EW123	2608402	S	2659	1914	4573	0.00029
Cellulomonas sp. PSBB021	2003551	S	2434	2347	4781	0.00031
Cellulomonas fimi	1708	S	3783	4170	7953	0.00051
Cellulomonas shaoxiangyii	2566013	S	3328	1711	5039	0.00032
Cellulomonas flavigena	1711	S	3253	1522	4775	0.00030
Cellulomonas iranensis	76862	S	3202	1844	5046	0.00032
Cellulomonas gilvus	11	S	2863	1543	4406	0.00028
Cellulomonas taurus	2729175	S	2679	1084	3763	0.00024
Actinotalea sp. JY-7876	2758442	S	3978	1797	5775	0.00037
Oerskovia sp. KBS0722	1179673	S	2940	1169	4109	0.00026
Pseudactinotalea sp. HY158	2654547	S	2716	495	3211	0.00021
Paraoerskovia marina	545619	S	2003	652	2655	0.00017
Janibacter melonis	262209	S	3679	1538	5217	0.00033
Janibacter limosus	53458	S	2465	804	3269	0.00021
Janibacter indicus	857417	S	1401	2247	3648	0.00023
Janibacter sp. YB324	2761047	S	828	1766	2594	0.00017
Phycicoccus sp. HDW14	2714941	S	4866	1965	6831	0.00044
Phycicoccus endophyticus	1690220	S	3994	1425	5419	0.00035
Intrasporangium calvum	53358	S	6324	2173	8497	0.00054
Pedococcus dokdonensis	443156	S	4275	1515	5790	0.00037
Tetrasphaera sp. HKS02	1813880	S	3669	1147	4816	0.00031
Arsenicicoccus sp. oral taxon 190	1658671	S	3653	1727	5380	0.00034
Cellulosimicrobium cellulans	1710	S	7738	9149	16887	0.00108
Cellulosimicrobium sp. BI34T	2587808	S	3292	1798	5090	0.00033
Cellulosimicrobium sp. JZ28	1906273	S	705	1791	2496	0.00016
Cellulosimicrobium sp. 72-3	2731680	S	382	1831	2213	0.00014
Cellulosimicrobium sp. TH-20	1980001	S	317	1568	1885	0.00012
Xylanimonas protaetiae	2509457	S	3438	1854	5292	0.00034
Xylanimonas cellulosilytica	186189	S	2892	1277	4169	0.00027
Xylanimonas allomyrinae	2509459	S	2758	1081	3839	0.00025
Isoptericola variabilis	139208	S	4430	2869	7299	0.00047
Isoptericola dokdonensis	372663	S	3469	1673	5142	0.00033
Ornithinimicrobium avium	2283195	S	4368	1439	5807	0.00037
Ornithinimicrobium sp. HY006	2508882	S	3116	1296	4412	0.00028
Ornithinimicrobium sp. INDO-MA30-4	2908651	S	598	133	731	0.00005
Ornithinimicrobium flavum	1288636	S	3678	1450	5128	0.00033
Ornithinimicrobium ciconiae	2594265	S	2609	504	3113	0.00020
Ornithinimicrobium pratense	2593973	S	2280	810	3090	0.00020
Serinicoccus chungangensis	767452	S	3340	1380	4720	0.00030
Serinicoccus hydrothermalis	1758689	S	2791	1494	4285	0.00027
Serinicoccus profundi	1078471	S	2456	1076	3532	0.00023
Serinicoccus marinus	247333	S	2317	1299	3616	0.00023
Brachybacterium sp. CBA3105	2887346	S	2653	730	3383	0.00022
Brachybacterium sp. SGAir0954	2571029	S	2549	834	3383	0.00022
Brachybacterium sp. P6-10-X1	1903186	S	2375	489	2864	0.00018
Brachybacterium saurashtrense	556288	S	2314	768	3082	0.00020
Brachybacterium faecium	43669	S	2219	785	3004	0.00019
Brachybacterium ginsengisoli	1331682	S	2216	751	2967	0.00019
Brachybacterium vulturis	2017484	S	1727	718	2445	0.00016
Brachybacterium avium	2017485	S	1408	582	1990	0.00013
Dermabacter vaginalis	1630135	S	675	594	1269	0.00008
Dermabacter jinjuensis	1667168	S	577	631	1208	0.00008
Devriesea agamarum	472569	S	386	26	412	0.00003
Brevibacterium sp. CS2	2575923	S	2420	1208	3628	0.00023
Brevibacterium sp. SMBL_HHYL_HB1	2777556	S	1151	318	1469	0.00009
Brevibacterium sp. HY170	2898795	S	575	199	774	0.00005
Brevibacterium sp. 'Marine'	2725563	S	434	334	768	0.00005
Brevibacterium sp. W7.2	2823518	S	314	1765	2079	0.00013
Brevibacterium casei	33889	S	2501	2023	4524	0.00029
Brevibacterium linens	1703	S	1568	1085	2653	0.00017
Brevibacterium luteolum	199591	S	1396	693	2089	0.00013
Brevibacterium atlanticum	2697563	S	965	237	1202	0.00008
Brevibacterium aurantiacum	273384	S	881	695	1576	0.00010
Brevibacterium sandarakinum	629680	S	845	182	1027	0.00007
Brevibacterium oceani	358099	S	827	215	1042	0.00007
Brevibacterium limosum	2697565	S	721	308	1029	0.00007
Brevibacterium pigmentatum	1496080	S	468	397	865	0.00006
Brevibacterium siliguriense	1136497	S	454	153	607	0.00004
Georgenia yuyongxinii	2589797	S	4424	1359	5783	0.00037
Georgenia sp. TF02-10	2917725	S	4358	1991	6349	0.00041
Georgenia wutianyii	2585135	S	3819	1650	5469	0.00035
Georgenia faecalis	2483799	S	3576	1233	4809	0.00031
Haloactinobacterium kanbiaonis	2675754	S	4221	760	4981	0.00032
Ruania sp. LR1S40	2897774	S	2435	624	3059	0.00020
Ruania sp. M4N3S171	2897773	S	1407	229	1636	0.00010
Ruania zhangjianzhongii	2603206	S	2877	361	3238	0.00021
Ruania alkalisoli	2779775	S	1772	350	2122	0.00014
Dermacoccus nishinomiyaensis	1274	S	2291	1168	3459	0.00022
Dermacoccus sp. PAMC28757	2762331	S	1614	687	2301	0.00015
Luteipulveratus mongoliensis	571913	S	3193	550	3743	0.00024
Allobranchiibius sp. GilTou73	2904523	S	2475	671	3146	0.00020
Yimella sp. cx-51	2770551	S	1726	428	2154	0.00014
Beutenbergia cavernae	84757	S	4603	949	5552	0.00035
Miniimonas sp. S16	2171623	S	3368	2149	5517	0.00035
Pengzhenrongella sicca	2819238	S	4279	1466	5745	0.00037
Luteimicrobium xylanilyticum	1133546	S	3424	1299	4723	0.00030
Sanguibacter keddieii	60920	S	2733	1001	3734	0.00024
Sanguibacter sp. HDW7	2714931	S	2381	916	3297	0.00021
Gephyromycinifex aptenodytis	2716227	S	1379	195	1574	0.00010
Austwickia chelonae	100225	S	1220	115	1335	0.00009
Dermatophilus congolensis	1863	S	315	35	350	0.00002
Kytococcus sedentarius	1276	S	2664	1194	3858	0.00025
Demequina sp. TMPB413	2881056	S	1050	104	1154	0.00007
Jonesia denitrificans	43674	S	233	51	284	0.00002
Tropheryma whipplei	2039	S	74	0	74	0.00000
Mycolicibacterium smegmatis	1772	S	6179	2711	8890	0.00057
Mycolicibacterium litorale	758802	S	5010	1442	6452	0.00041
Mycolicibacterium sp. YH-1	2908837	S	2485	1432	3917	0.00025
Mycolicibacterium neoaurum	1795	S	3405	790	4195	0.00027
Mycolicibacterium rutilum	370526	S	3395	1049	4444	0.00028
Mycolicibacterium phlei	1771	S	3254	1170	4424	0.00028
Mycolicibacterium madagascariense	212765	S	3147	516	3663	0.00023
Mycolicibacterium hassiacum	46351	S	3096	890	3986	0.00025
Mycolicibacterium sediminis	1286180	S	3051	592	3643	0.00023
Mycolicibacterium mageritense	53462	S	3008	532	3540	0.00023
Mycolicibacterium parafortuitum	39692	S	2977	636	3613	0.00023
Mycolicibacterium thermoresistibile	1797	S	2930	697	3627	0.00023
Mycolicibacterium vaccae	1810	S	2892	609	3501	0.00022
Mycolicibacterium arabiense	1286181	S	2874	477	3351	0.00021
Mycolicibacterium chubuense	1800	S	2796	658	3454	0.00022
Mycolicibacterium pulveris	36813	S	2791	496	3287	0.00021
Mycolicibacterium chitae	1792	S	2774	707	3481	0.00022
Mycolicibacterium moriokaense	39691	S	2728	357	3085	0.00020
Mycolicibacterium psychrotolerans	216929	S	2711	645	3356	0.00021
Mycolicibacterium duvalii	39688	S	2700	564	3264	0.00021
Mycolicibacterium monacense	85693	S	2620	1329	3949	0.00025
Mycolicibacterium tokaiense	39695	S	2594	437	3031	0.00019
Mycolicibacterium fallax	1793	S	2572	1083	3655	0.00023
Mycolicibacterium celeriflavum	1249101	S	2509	509	3018	0.00019
Mycolicibacterium fortuitum	1766	S	2499	927	3426	0.00022
Mycolicibacterium rhodesiae	36814	S	2393	408	2801	0.00018
Mycolicibacterium poriferae	39694	S	2345	517	2862	0.00018
Mycolicibacterium gadium	1794	S	2315	325	2640	0.00017
Mycolicibacterium fluoranthenivorans	258505	S	2284	319	2603	0.00017
Mycolicibacterium confluentis	28047	S	2232	365	2597	0.00017
Mycolicibacterium phocaicum	319706	S	2213	1169	3382	0.00022
Mycolicibacterium aurum	1791	S	2162	304	2466	0.00016
Mycolicibacterium gilvum	1804	S	2158	807	2965	0.00019
Mycolicibacterium baixiangningiae	2761578	S	2142	368	2510	0.00016
Mycolicibacterium insubricum	444597	S	2125	628	2753	0.00018
Mycolicibacterium aichiense	1799	S	1969	357	2326	0.00015
Mycolicibacterium boenickei	146017	S	1967	2560	4527	0.00029
Mycolicibacterium anyangense	1431246	S	1948	339	2287	0.00015
Mycolicibacterium mengxianglii	2736649	S	1829	212	2041	0.00013
Mycolicibacterium austroafricanum	39687	S	1709	6440	8149	0.00052
Mycolicibacterium helvum	1534349	S	1668	211	1879	0.00012
Mycobacterium doricum	126673	S	1549	372	1921	0.00012
Mycolicibacterium mucogenicum	56689	S	1497	623	2120	0.00014
Mycolicibacterium alvei	67081	S	1390	386	1776	0.00011
Mycolicibacterium sarraceniae	1534348	S	1129	154	1283	0.00008
Mycolicibacterium septicum	98668	S	1014	680	1694	0.00011
Mycolicibacterium farcinogenes	1802	S	579	1901	2480	0.00016
Mycolicibacterium vanbaalenii	110539	S	358	5553	5911	0.00038
Mycolicibacterium nivoides	2487344	S	227	1030	1257	0.00008
Mycobacterium sp. JS623	212767	S	2644	238	2882	0.00018
Mycobacterium sp. IDR2000157661	2867005	S	2587	498	3085	0.00020
Mycobacterium sp. DL592	2675524	S	1867	325	2192	0.00014
Mycobacterium sp. YC-RL4	1682113	S	1857	689	2546	0.00016
Mycobacterium sp. MS1601	1936029	S	1844	277	2121	0.00014
Mycobacterium sp. EPa45	1545728	S	1743	312	2055	0.00013
Mycobacterium sp. DL440	2675523	S	1375	312	1687	0.00011
Mycobacterium sp. TY59	2775496	S	1188	228	1416	0.00009
Mycobacterium sp. WY10	1920667	S	250	850	1100	0.00007
Mycobacterium sp. 20KCMC460	2903536	S	113	2004	2117	0.00014
Mycobacterium sp. PYR15	2051552	S	96	959	1055	0.00007
Mycobacterium sp. MOTT36Y	1168287	S	39	604	643	0.00004
Mycobacterium sp. IWGMT90018-18076	2871094	S	12	382	394	0.00003
Mycobacterium saskatchewanense	220927	S	2461	498	2959	0.00019
Mycobacterium parmense	185642	S	2187	458	2645	0.00017
Mycobacterium kubicae	120959	S	1995	367	2362	0.00015
Mycobacterium simiae	1784	S	1668	155	1823	0.00012
Mycobacterium shigaense	722731	S	1665	252	1917	0.00012
Mycobacterium heidelbergense	53376	S	1592	416	2008	0.00013
Mycobacterium florentinum	292462	S	1476	330	1806	0.00012
Mycobacterium lentiflavum	141349	S	1441	342	1783	0.00011
Mycobacterium stomatepiae	470076	S	1388	278	1666	0.00011
Mycobacterium avium	1764	S	3434	3407	6841	0.00044
Mycobacterium intracellulare	1767	S	1693	8747	10440	0.00067
Mycobacterium mantenii	560555	S	1601	221	1822	0.00012
Mycobacterium colombiense	339268	S	1458	281	1739	0.00011
Mycobacterium marseillense	701042	S	1399	365	1764	0.00011
Mycobacterium paraintracellulare	1138383	S	389	3147	3536	0.00023
Mycobacterium goodii	134601	S	11183	4063	15246	0.00097
Mycobacterium grossiae	1552759	S	3354	1058	4412	0.00028
Mycobacterium rufum	318424	S	2861	879	3740	0.00024
Mycobacterium dioxanotrophicus	482462	S	2456	618	3074	0.00020
Mycobacterium canettii	78331	S	881	626	1507	0.00010
Mycobacterium tuberculosis	1773	S	487	22503	22990	0.00147
Mycobacterium holsaticum	152142	S	2318	387	2705	0.00017
Mycobacterium diernhoferi	1801	S	2212	470	2682	0.00017
Mycobacterium frederiksbergense	117567	S	2194	696	2890	0.00018
Mycobacterium branderi	43348	S	2136	278	2414	0.00015
Mycobacterium conspicuum	44010	S	2055	278	2333	0.00015
Mycobacterium paragordonae	1389713	S	2039	267	2306	0.00015
Mycobacterium koreense	1069220	S	1849	564	2413	0.00015
Mycobacterium gordonae	1778	S	1842	164	2006	0.00013
Mycobacterium cookii	1775	S	1653	180	1833	0.00012
Mycobacterium heckeshornense	110505	S	1612	141	1753	0.00011
Mycobacterium paraterrae	577492	S	1568	185	1753	0.00011
Mycobacterium shinjukuense	398694	S	1519	166	1685	0.00011
Mycobacterium lacus	169765	S	1464	119	1583	0.00010
Mycobacterium vicinigordonae	1719132	S	1441	85	1526	0.00010
Mycobacterium riyadhense	486698	S	1437	67	1504	0.00010
Mycobacterium kansasii	1768	S	1433	157	1590	0.00010
Mycobacterium xenopi	1789	S	1408	180	1588	0.00010
Mycobacterium noviomagense	459858	S	1404	123	1527	0.00010
Mycobacterium malmoense	1780	S	1342	237	1579	0.00010
Mycobacterium ostraviense	2738409	S	1335	154	1489	0.00010
Mycobacterium virginiense	1795032	S	1320	361	1681	0.00011
Mycobacterium paraseoulense	590652	S	1241	288	1529	0.00010
Mycobacterium seoulense	386911	S	1212	326	1538	0.00010
Mycobacterium basiliense	2094119	S	1106	44	1150	0.00007
Mycobacterium spongiae	886343	S	1001	30	1031	0.00007
Mycobacterium crocinum	388459	S	760	485	1245	0.00008
Mycobacterium haemophilum	29311	S	731	40	771	0.00005
Mycobacterium marinum	1781	S	367	1714	2081	0.00013
Mycobacterium senegalense	1796	S	263	1403	1666	0.00011
Mycobacterium novum	2492438	S	211	2816	3027	0.00019
Mycobacterium lepromatosis	480418	S	188	5	193	0.00001
Mycobacterium ulcerans	1809	S	175	971	1146	0.00007
Mycobacterium leprae	1769	S	168	5	173	0.00001
Mycobacterium shottsii	133549	S	82	178	260	0.00002
Mycobacterium pallens	370524	S	80	904	984	0.00006
Mycobacterium pseudoshottsii	265949	S	43	326	369	0.00002
Mycolicibacter sp. MYC340	2855503	S	1252	336	1588	0.00010
Mycolicibacter sp. MYC098	2872309	S	1050	285	1335	0.00009
Mycolicibacter sp. MYC017	2875777	S	710	608	1318	0.00008
Mycolicibacter sp. MYC123	2855502	S	211	955	1166	0.00007
Mycolicibacter sp. MYC101	2872311	S	211	937	1148	0.00007
Mycolicibacter terrae	1788	S	1473	485	1958	0.00013
Mycolicibacter hiberniae	29314	S	1443	331	1774	0.00011
Mycolicibacter minnesotensis	1118379	S	1049	197	1246	0.00008
Mycolicibacter sinensis	875328	S	253	2756	3009	0.00019
Mycobacteroides abscessus	36809	S	2471	1613	4084	0.00026
Mycobacteroides chelonae	1774	S	1452	1531	2983	0.00019
Mycobacteroides immunogenum	83262	S	963	203	1166	0.00007
Mycobacteroides saopaulense	1578165	S	939	129	1068	0.00007
Mycobacteroides salmoniphilum	404941	S	851	92	943	0.00006
[Mycobacterium] stephanolepidis	1520670	S	451	119	570	0.00004
Mycolicibacillus parakoreensis	1069221	S	2097	637	2734	0.00017
Hoyosella subflava	639313	S	1016	66	1082	0.00007
Rhodococcus sp. X156	2499145	S	3859	1582	5441	0.00035
Rhodococcus sp. MTM3W5.2	1805827	S	3279	922	4201	0.00027
Rhodococcus sp. SGAir0479	2567884	S	2635	902	3537	0.00023
Rhodococcus sp. W8901	2742603	S	2600	803	3403	0.00022
Rhodococcus sp. PBTS 1	1653478	S	2244	686	2930	0.00019
Rhodococcus sp. R79	2811421	S	1686	1104	2790	0.00018
Rhodococcus sp. ABRD24	2507582	S	1580	327	1907	0.00012
Rhodococcus sp. USK10	2789739	S	1294	889	2183	0.00014
Rhodococcus sp. B7740	1564114	S	1179	188	1367	0.00009
Rhodococcus sp. P1Y	1302308	S	1103	119	1222	0.00008
Rhodococcus sp. WMMA185	679318	S	1045	158	1203	0.00008
Rhodococcus sp. RDE2	2885078	S	886	906	1792	0.00011
Rhodococcus sp. USK13	2806442	S	832	598	1430	0.00009
Rhodococcus sp. WAY2	2663121	S	821	730	1551	0.00010
Rhodococcus sp. WB9	2594007	S	503	695	1198	0.00008
Rhodococcus sp. S2-17	1990687	S	433	1258	1691	0.00011
Rhodococcus sp. ZPP	2749906	S	411	1147	1558	0.00010
Rhodococcus sp. DMU1	2722825	S	368	1417	1785	0.00011
Rhodococcus sp. M8	1925550	S	311	993	1304	0.00008
Rhodococcus sp. 2G	1570939	S	148	622	770	0.00005
Rhodococcus sp. 21391	2683591	S	147	688	835	0.00005
Rhodococcus sp. WB1	1033922	S	138	1213	1351	0.00009
Rhodococcus sp. p52	935199	S	128	711	839	0.00005
Rhodococcus sp. P-2	2795031	S	121	148	269	0.00002
Rhodococcus sp. YL-1	1045808	S	112	492	604	0.00004
Rhodococcus sp. DMF-1	2907624	S	96	781	877	0.00006
Rhodococcus sp. LW-XY12	2856851	S	70	649	719	0.00005
Rhodococcus sp. PSBB049	2812863	S	64	945	1009	0.00006
Rhodococcus sp. 008	1723645	S	51	315	366	0.00002
Rhodococcus sp. AQ5-07	2054902	S	51	179	230	0.00001
Rhodococcus sp. NJ-530	2490853	S	44	253	297	0.00002
Rhodococcus sp. BH4	1807790	S	30	197	227	0.00001
Rhodococcus sp. H-CA8f	1727214	S	28	123	151	0.00001
Rhodococcus sp. C1	644410	S	13	153	166	0.00001
Rhodococcus opacus	37919	S	8081	8462	16543	0.00106
Rhodococcus equi	43767	S	3987	1651	5638	0.00036
Rhodococcus rhodochrous	1829	S	3472	2161	5633	0.00036
Rhodococcus fascians	1828	S	3337	831	4168	0.00027
Rhodococcus triatomae	300028	S	2018	672	2690	0.00017
Rhodococcus koreensis	99653	S	1933	614	2547	0.00016
Rhodococcus coprophilus	38310	S	1780	366	2146	0.00014
Rhodococcus jostii	132919	S	1739	760	2499	0.00016
Rhodococcus pyridinivorans	103816	S	1453	5848	7301	0.00047
Rhodococcus ruber	1830	S	1218	4077	5295	0.00034
Rhodococcus erythropolis	1833	S	530	2435	2965	0.00019
Rhodococcus qingshengii	334542	S	492	2667	3159	0.00020
Rhodococcus globerulus	33008	S	956	126	1082	0.00007
Rhodococcus aetherivorans	191292	S	407	3858	4265	0.00027
Nocardia asteroides	1824	S	14659	5591	20250	0.00129
Nocardia brasiliensis	37326	S	8102	2463	10565	0.00067
Nocardia cyriacigeorgica	135487	S	5854	2806	8660	0.00055
Nocardia terpenica	455432	S	5694	1160	6854	0.00044
Nocardia farcinica	37329	S	5236	3741	8977	0.00057
Nocardia wallacei	480035	S	3612	1128	4740	0.00030
Nocardia arthritidis	228602	S	3549	505	4054	0.00026
Nocardia huaxiensis	2755382	S	3433	756	4189	0.00027
Nocardia gipuzkoensis	2749991	S	3413	1344	4757	0.00030
Nocardia otitidiscaviarum	1823	S	3062	685	3747	0.00024
Nocardia yunnanensis	2382165	S	3016	807	3823	0.00024
Nocardia yamanashiensis	209247	S	3010	672	3682	0.00024
Nocardia sp. CS682	1047172	S	2951	780	3731	0.00024
Nocardia tengchongensis	2055889	S	2865	793	3658	0.00023
Nocardia iowensis	204891	S	2832	674	3506	0.00022
Nocardia nova	37330	S	2771	444	3215	0.00021
Nocardia seriolae	37332	S	2703	802	3505	0.00022
Nocardia mangyaensis	2213200	S	2530	753	3283	0.00021
Corynebacterium cyclohexanicum	322009	S	2325	1048	3373	0.00022
Corynebacterium sphenisci	191493	S	2215	728	2943	0.00019
Corynebacterium frankenforstense	1230998	S	1876	607	2483	0.00016
Corynebacterium bovis	36808	S	1773	434	2207	0.00014
Corynebacterium xerosis	1725	S	1706	1007	2713	0.00017
Corynebacterium halotolerans	225326	S	1549	377	1926	0.00012
Corynebacterium nuruki	1032851	S	1356	342	1698	0.00011
Corynebacterium freneyi	134034	S	1311	530	1841	0.00012
Corynebacterium casei	160386	S	1170	1535	2705	0.00017
Corynebacterium vitaeruminis	38305	S	1131	359	1490	0.00010
Corynebacterium maris	575200	S	1129	193	1322	0.00008
Corynebacterium humireducens	1223514	S	1121	342	1463	0.00009
Corynebacterium sp. CNCTC7651	2815361	S	464	95	559	0.00004
Corynebacterium sp. NML98-0116	702967	S	359	139	498	0.00003
Corynebacterium sp. 1864	2820399	S	103	194	297	0.00002
Corynebacterium sp. FDAARGOS 1242	2778078	S	75	181	256	0.00002
Corynebacterium sp. 4H37-19	2684405	S	65	7	72	0.00000
Corynebacterium sp. sy039	2599641	S	26	3	29	0.00000
Corynebacterium variabile	1727	S	1080	672	1752	0.00011
Corynebacterium marinum	349751	S	1015	394	1409	0.00009
Corynebacterium doosanense	1121358	S	940	475	1415	0.00009
Corynebacterium timonense	441500	S	893	227	1120	0.00007
Corynebacterium liangguodongii	2079535	S	865	204	1069	0.00007
Corynebacterium yudongzhengii	2080740	S	854	167	1021	0.00007
Corynebacterium mycetoides	38302	S	846	412	1258	0.00008
Corynebacterium uterequi	1072256	S	765	140	905	0.00006
Corynebacterium provencense	1737425	S	762	187	949	0.00006
Corynebacterium jeikeium	38289	S	757	1882	2639	0.00017
Corynebacterium terpenotabidum	89154	S	742	222	964	0.00006
Corynebacterium atypicum	191610	S	738	234	972	0.00006
Corynebacterium comes	2675218	S	738	190	928	0.00006
Corynebacterium glyciniphilum	1404244	S	718	96	814	0.00005
Corynebacterium imitans	156978	S	670	439	1109	0.00007
Corynebacterium urealyticum	43771	S	653	685	1338	0.00009
Corynebacterium sanguinis	2594913	S	635	443	1078	0.00007
Corynebacterium lujinxingii	2763010	S	622	221	843	0.00005
Corynebacterium ureicelerivorans	401472	S	597	206	803	0.00005
Corynebacterium uberis	2883169	S	575	75	650	0.00004
Corynebacterium falsenii	108486	S	568	261	829	0.00005
Corynebacterium efficiens	152794	S	531	102	633	0.00004
Corynebacterium testudinoris	136857	S	524	113	637	0.00004
Corynebacterium glaucum	187491	S	506	115	621	0.00004
Corynebacterium genitalium	38288	S	489	114	603	0.00004
Corynebacterium coyleae	53374	S	482	124	606	0.00004
Corynebacterium glucuronolyticum	39791	S	477	120	597	0.00004
Corynebacterium stationis	1705	S	464	120	584	0.00004
Corynebacterium kroppenstedtii	161879	S	462	50	512	0.00003
Corynebacterium qintianiae	2709392	S	448	126	574	0.00004
Corynebacterium incognita	2754725	S	421	102	523	0.00003
Corynebacterium striatum	43770	S	413	358	771	0.00005
Corynebacterium aurimucosum	169292	S	413	1345	1758	0.00011
Corynebacterium lactis	1231000	S	387	65	452	0.00003
Corynebacterium matruchotii	43768	S	361	28	389	0.00002
Corynebacterium occultum	2675219	S	345	65	410	0.00003
Corynebacterium aquilae	203263	S	343	56	399	0.00003
Corynebacterium tuberculostearicum	38304	S	341	213	554	0.00004
Corynebacterium endometrii	2488819	S	329	68	397	0.00003
Corynebacterium riegelii	156976	S	317	84	401	0.00003
Corynebacterium zhongnanshanii	2768834	S	309	46	355	0.00002
Corynebacterium renale	1724	S	290	37	327	0.00002
Corynebacterium camporealensis	161896	S	257	68	325	0.00002
Corynebacterium urogenitale	2487892	S	255	49	304	0.00002
Corynebacterium flavescens	28028	S	254	78	332	0.00002
Corynebacterium kalinowskii	2675216	S	252	134	386	0.00002
Corynebacterium cystitidis	35757	S	251	17	268	0.00002
Corynebacterium lizhenjunii	2709394	S	249	46	295	0.00002
Corynebacterium epidermidicanis	1050174	S	241	44	285	0.00002
Corynebacterium simulans	146827	S	230	173	403	0.00003
Corynebacterium minutissimum	38301	S	222	215	437	0.00003
Corynebacterium phocae	161895	S	212	31	243	0.00002
Corynebacterium argentoratense	42817	S	194	45	239	0.00002
Corynebacterium propinquum	43769	S	181	79	260	0.00002
Corynebacterium singulare	161899	S	180	161	341	0.00002
Corynebacterium diphtheriae	1717	S	175	239	414	0.00003
Corynebacterium gerontici	2079234	S	174	36	210	0.00001
Corynebacterium glutamicum	1718	S	163	2197	2360	0.00015
Corynebacterium choanae	1862358	S	162	18	180	0.00001
Corynebacterium macginleyi	38290	S	157	39	196	0.00001
Corynebacterium deserti	1408191	S	152	56	208	0.00001
Corynebacterium kefirresidentii	1979527	S	139	95	234	0.00001
Corynebacterium pelargi	1471400	S	134	45	179	0.00001
Corynebacterium pseudodiphtheriticum	37637	S	130	42	172	0.00001
Corynebacterium ulcerans	65058	S	127	67	194	0.00001
Corynebacterium pseudopelargi	2080757	S	125	43	168	0.00001
Corynebacterium resistens	258224	S	124	75	199	0.00001
Corynebacterium ammoniagenes	1697	S	116	26	142	0.00001
Corynebacterium mustelae	571915	S	110	9	119	0.00001
Corynebacterium pseudotuberculosis	1719	S	98	23	121	0.00001
Corynebacterium suranareeae	2506452	S	80	23	103	0.00001
Corynebacterium accolens	38284	S	77	172	249	0.00002
Corynebacterium hindlerae	699041	S	76	136	212	0.00001
Corynebacterium amycolatum	43765	S	74	528	602	0.00004
Corynebacterium silvaticum	2320431	S	72	30	102	0.00001
Corynebacterium segmentosum	43990	S	69	154	223	0.00001
Corynebacterium callunae	1721	S	65	23	88	0.00001
Corynebacterium rouxii	2719119	S	58	33	91	0.00001
Corynebacterium anserum	2684406	S	56	7	63	0.00000
Corynebacterium crudilactis	1652495	S	54	66	120	0.00001
Corynebacterium kutscheri	35755	S	14	2	16	0.00000
Gordonia sp. PP30	2935861	S	2530	809	3339	0.00021
Gordonia sp. YC-JH1	2059875	S	1664	1314	2978	0.00019
Gordonia sp. KTR9	337191	S	1537	352	1889	0.00012
Gordonia sp. PDNC005	2811424	S	1416	244	1660	0.00011
Gordonia sp. WA4-43	2878678	S	331	1219	1550	0.00010
Gordonia sp. JH63	2698900	S	214	724	938	0.00006
Gordonia sp. 135	2676309	S	151	1044	1195	0.00008
Gordonia sp. 1D	1737359	S	74	1142	1216	0.00008
Gordonia polyisoprenivorans	84595	S	3816	871	4687	0.00030
Gordonia terrae	2055	S	2626	1602	4228	0.00027
Gordonia insulae	2420509	S	2266	364	2630	0.00017
Gordonia phthalatica	1136941	S	2020	930	2950	0.00019
Gordonia bronchialis	2054	S	1894	505	2399	0.00015
Gordonia amarae	36821	S	1873	429	2302	0.00015
Gordonia iterans	1004901	S	1864	722	2586	0.00017
Gordonia jinghuaiqii	2758710	S	1723	388	2111	0.00013
Gordonia pseudoamarae	2831662	S	1576	340	1916	0.00012
Gordonia rubripertincta	36822	S	1455	933	2388	0.00015
Gordonia otitidis	249058	S	1391	262	1653	0.00011
Gordonia zhaorongruii	2597659	S	1180	247	1427	0.00009
Gordonia alkanivorans	84096	S	419	1607	2026	0.00013
Gordonia amicalis	89053	S	297	2212	2509	0.00016
Gordonia hongkongensis	1701090	S	255	824	1079	0.00007
Skermania piniformis	39122	S	2017	309	2326	0.00015
Tsukamurella paurometabola	2061	S	3767	2040	5807	0.00037
Tsukamurella tyrosinosolvens	57704	S	3207	1565	4772	0.00030
Tsukamurella sp. PLM1	2929795	S	2191	799	2990	0.00019
Tsukamurella pulmonis	47312	S	2168	869	3037	0.00019
Dietzia sp. oral taxon 368	712270	S	1275	2509	3784	0.00024
Dietzia psychralcaliphila	139021	S	1540	509	2049	0.00013
Dietzia lutea	546160	S	1526	1001	2527	0.00016
Dietzia timorensis	499555	S	1172	740	1912	0.00012
Tomitella gaofuii	2760083	S	2197	777	2974	0.00019
Tomitella fengzijianii	2597660	S	2078	794	2872	0.00018
Segniliparus rotundus	286802	S	1191	81	1272	0.00008
Lawsonella clevelandensis	1528099	S	222	30	252	0.00002
Amycolatopsis sp. YIM 10	2653857	S	9864	3415	13279	0.00085
Amycolatopsis sp. DSM 110486	2865832	S	9647	2290	11937	0.00076
Amycolatopsis sp. WQ 127309	2932773	S	9237	3039	12276	0.00078
Amycolatopsis sp. FDAARGOS 1241	2778070	S	8779	2274	11053	0.00071
Amycolatopsis sp. CA-230715	2745196	S	7883	1469	9352	0.00060
Amycolatopsis sp. Hca4	2742131	S	7800	3319	11119	0.00071
Amycolatopsis sp. FU40	2914159	S	4733	2354	7087	0.00045
Amycolatopsis sp. AA4	1896961	S	4084	2367	6451	0.00041
Amycolatopsis sp. BJA-103	1911175	S	3982	1823	5805	0.00037
Amycolatopsis sp. TNS106	2861750	S	3264	2170	5434	0.00035
Amycolatopsis sp. EV170708-02-1	2919322	S	3029	3335	6364	0.00041
Amycolatopsis acidiphila	715473	S	9455	2470	11925	0.00076
Amycolatopsis albispora	1804986	S	8388	5757	14145	0.00090
Amycolatopsis pretoriensis	218821	S	7720	2913	10633	0.00068
Amycolatopsis mediterranei	33910	S	7699	7437	15136	0.00097
Amycolatopsis thermalba	944492	S	7250	3593	10843	0.00069
Amycolatopsis methanolica	1814	S	7109	3323	10432	0.00067
Amycolatopsis keratiniphila	129921	S	3955	3662	7617	0.00049
Amycolatopsis japonica	208439	S	2053	2149	4202	0.00027
Amycolatopsis aidingensis	2842453	S	6492	942	7434	0.00047
Amycolatopsis orientalis	31958	S	4459	1746	6205	0.00040
Pseudonocardia sp. DSM 110487	2865833	S	54388	9500	63888	0.00408
Pseudonocardia sp. CGMCC 4.1532	2761535	S	8548	5590	14138	0.00090
Pseudonocardia sp. HH130630-07	1690815	S	7076	2671	9747	0.00062
Pseudonocardia sp. AL041005-10	445576	S	5636	2563	8199	0.00052
Pseudonocardia sp. HH130629-09	1641402	S	4456	2411	6867	0.00044
Pseudonocardia sp. EC080625-04	1096868	S	148	4885	5033	0.00032
Pseudonocardia sp. EC080610-09	1688404	S	18	1862	1880	0.00012
Pseudonocardia sp. EC080619-01	1096856	S	13	3957	3970	0.00025
Pseudonocardia broussonetiae	2736640	S	13361	5269	18630	0.00119
Pseudonocardia dioxanivorans	240495	S	12884	4266	17150	0.00110
Pseudonocardia autotrophica	2074	S	7773	2563	10336	0.00066
Pseudonocardia abyssalis	2792008	S	7534	4422	11956	0.00076
Allokutzneria albata	211114	S	47839	14141	61980	0.00396
Saccharopolyspora erythraea	1836	S	16566	6444	23010	0.00147
Saccharopolyspora gregorii	33914	S	5563	1382	6945	0.00044
Saccharopolyspora spinosa	60894	S	3664	2520	6184	0.00039
Saccharopolyspora pogona	333966	S	2962	3637	6599	0.00042
Saccharopolyspora sp. ASAGF58	2719023	S	1983	2699	4682	0.00030
Saccharothrix syringae	103733	S	12627	5293	17920	0.00114
Saccharothrix sp. 6-C	2781735	S	11504	4708	16212	0.00104
Saccharothrix espanaensis	103731	S	9165	3261	12426	0.00079
Saccharomonospora marina	632569	S	5085	1415	6500	0.00042
Saccharomonospora cyanea	40989	S	3624	1547	5171	0.00033
Saccharomonospora azurea	40988	S	3475	1244	4719	0.00030
Saccharomonospora xinjiangensis	75294	S	2778	565	3343	0.00021
Saccharomonospora glauca	40990	S	2372	1020	3392	0.00022
Saccharomonospora viridis	1852	S	2369	445	2814	0.00018
Kutzneria sp. CA-103260	2802641	S	10929	2952	13881	0.00089
Kutzneria albida	43357	S	7656	2213	9869	0.00063
Lentzea guizhouensis	1586287	S	13888	3573	17461	0.00112
Actinoalloteichus hoggarensis	1470176	S	3743	620	4363	0.00028
Actinoalloteichus hymeniacidonis	340345	S	2847	337	3184	0.00020
Actinoalloteichus sp. GBA129-24	1612551	S	187	2399	2586	0.00017
Actinoalloteichus fjordicus	1612552	S	146	2263	2409	0.00015
Actinosynnema pretiosum	42197	S	3413	7074	10487	0.00067
Actinosynnema mirum	40567	S	355	3678	4033	0.00026
Kibdelosporangium phytohabitans	860235	S	10506	1556	12062	0.00077
Alloactinosynnema sp. L-07	1653480	S	8207	2232	10439	0.00067
Prauserella marina	530584	S	4378	480	4858	0.00031
Allosaccharopolyspora coralli	2665642	S	3312	867	4179	0.00027
Micromonospora sp. WMMC415	2675222	S	20033	8277	28310	0.00181
Micromonospora sp. HM134	2583243	S	5468	2633	8101	0.00052
Micromonospora sp. WMMA2032	2039870	S	5376	3774	9150	0.00058
Micromonospora sp. B006	2201999	S	4436	3623	8059	0.00051
Micromonospora sp. L5	648999	S	488	5271	5759	0.00037
Micromonospora echinaurantiaca	47857	S	11755	6223	17978	0.00115
Micromonospora echinofusca	47858	S	9939	5002	14941	0.00095
Micromonospora krabiensis	307121	S	9186	3505	12691	0.00081
Micromonospora carbonacea	47853	S	9103	4493	13596	0.00087
Micromonospora inositola	47865	S	8726	4708	13434	0.00086
Micromonospora terminaliae	1914461	S	8239	4551	12790	0.00082
Micromonospora purpureochromogenes	47872	S	7576	4393	11969	0.00076
Micromonospora viridifaciens	1881	S	7305	3493	10798	0.00069
Micromonospora coxensis	356852	S	7261	4408	11669	0.00075
Micromonospora echinospora	1877	S	6920	2657	9577	0.00061
Micromonospora coriariae	285665	S	6803	2666	9469	0.00060
Micromonospora siamensis	299152	S	6754	3546	10300	0.00066
Micromonospora auratinigra	261654	S	6230	3575	9805	0.00063
Micromonospora ferruginea	2749844	S	5996	3767	9763	0.00062
Micromonospora sagamiensis	47875	S	5944	2498	8442	0.00054
Micromonospora maris	1003110	S	5896	1985	7881	0.00050
Micromonospora chokoriensis	356851	S	5683	2022	7705	0.00049
Micromonospora endophytica (Xie et al. 2001) Li et al. 2019	515350	S	5528	1844	7372	0.00047
Micromonospora narathiwatensis	299146	S	5339	2724	8063	0.00051
Micromonospora zamorensis	709883	S	5244	1849	7093	0.00045
Micromonospora rifamycinica	291594	S	5172	2530	7702	0.00049
Micromonospora craniellae	2294034	S	4415	2882	7297	0.00047
Micromonospora tulbaghiae	479978	S	3133	3532	6665	0.00043
Micromonospora aurantiaca	47850	S	2506	17281	19787	0.00126
Actinoplanes sp. L3-i22	2836373	S	12430	9427	21857	0.00140
Actinoplanes sp. OR16	946334	S	10909	5573	16482	0.00105
Actinoplanes sp. N902-109	649831	S	10586	3583	14169	0.00090
Actinoplanes friuliensis	196914	S	11301	2117	13418	0.00086
Actinoplanes ianthinogenes	122358	S	10566	4616	15182	0.00097
Actinoplanes missouriensis	1866	S	9873	3527	13400	0.00086
Actinoplanes teichomyceticus	1867	S	9261	4280	13541	0.00086
Actinoplanes derwentensis	113562	S	8359	1449	9808	0.00063
Phytohabitans suffuscus	624315	S	21085	5871	26956	0.00172
Phytohabitans flavus	1076124	S	17463	3685	21148	0.00135
Plantactinospora sp. KBS50	2024580	S	8537	2471	11008	0.00070
Plantactinospora sp. BC1	2108470	S	2180	6382	8562	0.00055
Plantactinospora sp. BB1	2071627	S	2075	6009	8084	0.00052
Dactylosporangium vinaceum	53362	S	17422	2397	19819	0.00127
Catellatospora sp. IY07-71	2728827	S	15559	4207	19766	0.00126
Actinocatenispora sera	390989	S	6830	2340	9170	0.00059
Actinocatenispora thailandica	227318	S	6549	2126	8675	0.00055
Couchioplanes caeruleus	56438	S	11769	3494	15263	0.00097
Polymorphospora rubra	338584	S	10623	2756	13379	0.00085
Natronosporangium hydrolyticum	2811111	S	6288	534	6822	0.00044
Verrucosispora sp. NA02020	2742132	S	3974	3228	7202	0.00046
Salinispora tropica	168695	S	3593	689	4282	0.00027
Nocardioides sp. G188	2849501	S	10050	3960	14010	0.00089
Nocardioides sp. JS614	196162	S	8450	3101	11551	0.00074
Nocardioides sp. LMS-CY	2840457	S	7771	3171	10942	0.00070
Nocardioides sp. TF02-7	2917724	S	7530	3100	10630	0.00068
Nocardioides sp. HDW12B	2714939	S	6477	2732	9209	0.00059
Nocardioides sp. W7	2931390	S	6297	2635	8932	0.00057
Nocardioides sp. SCSIO 67246	2872154	S	6134	2043	8177	0.00052
Nocardioides sp. zg-1228	2763008	S	6033	3265	9298	0.00059
Nocardioides sp. cx-173	2898796	S	5693	2424	8117	0.00052
Nocardioides sp. S-1144	2582905	S	5675	2731	8406	0.00054
Nocardioides sp. zg-579	2663857	S	5581	3478	9059	0.00058
Nocardioides sp. S5	2017486	S	5381	3288	8669	0.00055
Nocardioides sp. InS609-2	2760705	S	4960	1435	6395	0.00041
Nocardioides sp. 603	2483798	S	4749	2717	7466	0.00048
Nocardioides sp. CF8	110319	S	4740	2385	7125	0.00046
Nocardioides sp. MC1495	2736757	S	4615	2054	6669	0.00043
Nocardioides sp. zg-536	2803858	S	4121	2235	6356	0.00041
Nocardioides sp. JQ2195	2592334	S	4079	1081	5160	0.00033
Nocardioides sp. WS12	2486272	S	3519	782	4301	0.00027
Nocardioides sp. dk884	2662361	S	3268	3851	7119	0.00045
Nocardioides sp. ZJ1313	2685869	S	3242	3843	7085	0.00045
Nocardioides sp. Kera G14	2884264	S	3047	818	3865	0.00025
Nocardioides mesophilus	433659	S	9770	3815	13585	0.00087
Nocardioides anomalus	2712223	S	7064	2717	9781	0.00062
Nocardioides ungokensis	1643322	S	6958	3072	10030	0.00064
Nocardioides euryhalodurans	2518370	S	6644	2581	9225	0.00059
Nocardioides humi	449461	S	6389	2662	9051	0.00058
Nocardioides aromaticivorans	200618	S	5797	2767	8564	0.00055
Nocardioides okcheonensis	2894081	S	5752	3293	9045	0.00058
Nocardioides cynanchi	2558918	S	5655	1718	7373	0.00047
Nocardioides dongkuii	2760089	S	5346	3300	8646	0.00055
Nocardioides rotundus	1774216	S	5248	2603	7851	0.00050
Nocardioides aquaticus	160826	S	5020	1951	6971	0.00045
Nocardioides marinisabuli	419476	S	4972	3427	8399	0.00054
Nocardioides sambongensis	2589074	S	4545	1671	6216	0.00040
Nocardioides dokdonensis	450734	S	4291	2452	6743	0.00043
Nocardioides panacisoli	627624	S	4125	1312	5437	0.00035
Nocardioides seonyuensis	2518371	S	4100	1383	5483	0.00035
Nocardioides houyundeii	2045452	S	3873	1503	5376	0.00034
Nocardioides piscis	2714938	S	3828	1762	5590	0.00036
Nocardioides daphniae	402297	S	2972	1709	4681	0.00030
Nocardioides jishulii	2575440	S	2694	1230	3924	0.00025
Nocardioides yefusunii	2500546	S	1804	680	2484	0.00016
Nocardioides baekrokdamisoli	1804624	S	1781	291	2072	0.00013
Aeromicrobium sp. Leaf245	1736306	S	3461	1390	4851	0.00031
Aeromicrobium sp. zg-629	2663859	S	2771	1183	3954	0.00025
Aeromicrobium sp. A1-2	2107713	S	2286	421	2707	0.00017
Aeromicrobium erythreum	2041	S	3572	1397	4969	0.00032
Aeromicrobium choanae	1736691	S	3352	1315	4667	0.00030
Aeromicrobium chenweiae	2079793	S	3221	1418	4639	0.00030
Aeromicrobium marinum	219314	S	3207	921	4128	0.00026
Aeromicrobium yanjiei	2662028	S	2812	1147	3959	0.00025
Friedmanniella luteola	546871	S	7986	2194	10180	0.00065
Pimelobacter simplex	2045	S	5779	2838	8617	0.00055
Marmoricola scoriae	642780	S	4901	2447	7348	0.00047
Mumia sp. ZJ1417	2708082	S	4183	966	5149	0.00033
Micropruina glycogenica	75385	S	2848	562	3410	0.00022
Microlunatus sagamiharensis	546874	S	6621	2113	8734	0.00056
Microlunatus phosphovorus	29405	S	4901	798	5699	0.00036
Microlunatus soli	630515	S	4553	654	5207	0.00033
Microlunatus elymi	2596828	S	4139	675	4814	0.00031
Microlunatus sp. Gsoil 973	2672569	S	3600	414	4014	0.00026
Tessaracoccus sp. J1M15	2829499	S	2354	847	3201	0.00020
Tessaracoccus sp. MC1865	2760310	S	1798	548	2346	0.00015
Tessaracoccus defluvii	1285901	S	2518	1846	4364	0.00028
Tessaracoccus aquimaris	1332264	S	2201	1245	3446	0.00022
Tessaracoccus flavescens	399497	S	1833	1626	3459	0.00022
Tessaracoccus flavus	1610493	S	1818	1435	3253	0.00021
Tessaracoccus timonensis	2161816	S	1171	602	1773	0.00011
Brevilactibacter coleopterorum	2714937	S	3776	2230	6006	0.00038
Brevilactibacter sp. MC1595	2819349	S	3266	1679	4945	0.00032
Acidipropionibacterium jensenii	1749	S	2253	1844	4097	0.00026
Acidipropionibacterium acidipropionici	1748	S	2096	1626	3722	0.00024
Acidipropionibacterium virtanenii	2057246	S	1620	411	2031	0.00013
Propionibacterium acidifaciens	556499	S	2220	568	2788	0.00018
Propionibacterium freudenreichii	1744	S	1733	1510	3243	0.00021
Propionibacterium australiense	119981	S	1696	317	2013	0.00013
Auraticoccus monumenti	675864	S	4994	1223	6217	0.00040
Cutibacterium avidum	33010	S	1410	542	1952	0.00012
Cutibacterium granulosum	33011	S	843	215	1058	0.00007
Cutibacterium acnes	1747	S	715	517	1232	0.00008
Cutibacterium modestum	2559073	S	343	59	402	0.00003
Arachnia propionica	1750	S	1862	264	2126	0.00014
Arachnia rubra	1547448	S	1128	143	1271	0.00008
Raineyella fluvialis	2662261	S	2912	516	3428	0.00022
Vaginimicrobium propionicum	1871034	S	118	57	175	0.00001
Kribbella flavida	182640	S	9933	2913	12846	0.00082
Kribbella qitaiheensis	1544730	S	7030	1376	8406	0.00054
Actinopolymorpha singaporensis	117157	S	7674	1145	8819	0.00056
Actinomadura sp. WMMB 499	1219491	S	20186	6161	26347	0.00168
Actinomadura sp. NAK00032	2742128	S	10885	4909	15794	0.00101
Actinomadura sp. WMMA1423	2591108	S	10428	3955	14383	0.00092
Actinomadura madurae	1993	S	13618	5207	18825	0.00120
Actinomadura verrucosospora	46165	S	11748	4559	16307	0.00104
Actinomadura graeca	2750812	S	9033	2673	11706	0.00075
Thermomonospora amylolytica	1411117	S	9316	4326	13642	0.00087
Thermomonospora curvata	2020	S	5779	2106	7885	0.00050
Nonomuraea nitratireducens	2656914	S	15840	4285	20125	0.00129
Nonomuraea sp. ATCC 55076	1909395	S	15239	5948	21187	0.00135
Nonomuraea coxensis	404386	S	14786	5402	20188	0.00129
Nonomuraea gerenzanensis	93944	S	14410	5875	20285	0.00130
Streptosporangium roseum	2001	S	11979	4110	16089	0.00103
Streptosporangium sp. 'caverna'	2202249	S	10764	2910	13674	0.00087
Thermobispora bispora	2006	S	6736	1975	8711	0.00056
Nocardiopsis sp. MT53	2865672	S	5773	1683	7456	0.00048
Nocardiopsis sp. HDS12	2831968	S	2856	2217	5073	0.00032
Nocardiopsis dassonvillei	2014	S	7428	5444	12872	0.00082
Nocardiopsis gilva	280236	S	4171	1054	5225	0.00033
Nocardiopsis alba	53437	S	3100	695	3795	0.00024
Thermobifida halotolerans	483545	S	3512	1405	4917	0.00031
Thermobifida alba	53522	S	3345	1635	4980	0.00032
Thermobifida fusca	2021	S	1881	401	2282	0.00015
Streptomonospora litoralis	2498135	S	5064	1235	6299	0.00040
Spiractinospora alimapuensis	2820884	S	3032	254	3286	0.00021
Blastococcus sp. PRF04-17	2933797	S	13854	5873	19727	0.00126
Blastococcus saxobsidens	138336	S	11884	4493	16377	0.00105
Modestobacter marinus	477641	S	12121	5082	17203	0.00110
Modestobacter sp. L9-4	2851567	S	7156	3312	10468	0.00067
Geodermatophilus obscurus	1861	S	19423	8024	27447	0.00175
Actinomyces sp. oral taxon 414	712122	S	1774	439	2213	0.00014
Actinomyces sp. MAS-1	2755559	S	1266	300	1566	0.00010
Actinomyces sp. Z16	2079536	S	989	397	1386	0.00009
Actinomyces sp. 432	2057798	S	760	195	955	0.00006
Actinomyces sp. Chiba101	1851395	S	738	392	1130	0.00007
Actinomyces sp. oral taxon 171	706438	S	401	355	756	0.00005
Actinomyces sp. oral taxon 169	712116	S	217	426	643	0.00004
Actinomyces sp. oral taxon 897	2081702	S	197	634	831	0.00005
Actinomyces sp. HMT897	2789424	S	183	577	760	0.00005
Actinomyces sp. HMT 175	2789425	S	143	632	775	0.00005
Actinomyces sp. zg-332	2708340	S	17	3	20	0.00000
Actinomyces radicidentis	111015	S	1926	986	2912	0.00019
Actinomyces howellii	52771	S	1746	332	2078	0.00013
Actinomyces respiraculi	2744574	S	1142	331	1473	0.00009
Actinomyces slackii	52774	S	1133	230	1363	0.00009
Actinomyces procaprae	2560010	S	1079	446	1525	0.00010
Actinomyces weissii	675090	S	909	217	1126	0.00007
Actinomyces faecalis	2722820	S	828	145	973	0.00006
Actinomyces qiguomingii	2057800	S	822	131	953	0.00006
Actinomyces viscosus	1656	S	763	362	1125	0.00007
Actinomyces naeslundii	1655	S	679	438	1117	0.00007
Actinomyces oris	544580	S	590	1806	2396	0.00015
Actinomyces wuliandei	2057743	S	559	169	728	0.00005
Actinomyces gaoshouyii	1960083	S	526	306	832	0.00005
Actinomyces lilanjuaniae	2321394	S	510	140	650	0.00004
Actinomyces marmotae	2737173	S	507	318	825	0.00005
Actinomyces trachealis	2763540	S	362	81	443	0.00003
Actinomyces pacaensis	1852377	S	163	24	187	0.00001
Schaalia sp. 19OD2882	2794089	S	728	119	847	0.00005
Schaalia sp. JY-X169	2758572	S	231	10	241	0.00002
Schaalia sp. ZJ405	2709403	S	205	22	227	0.00001
Schaalia odontolytica	1660	S	940	260	1200	0.00008
Schaalia meyeri	52773	S	610	124	734	0.00005
Schaalia cardiffensis	181487	S	359	62	421	0.00003
Schaalia turicensis	131111	S	191	231	422	0.00003
Flaviflexus salsibiostraticola	1282737	S	1038	356	1394	0.00009
Flaviflexus sp. dk850	2758573	S	550	247	797	0.00005
Flaviflexus ciconiae	2496867	S	419	69	488	0.00003
Trueperella pecoris	2733571	S	723	253	976	0.00006
Trueperella pyogenes	1661	S	593	418	1011	0.00006
Trueperella bialowiezensis	312285	S	363	24	387	0.00002
Pauljensenia hongkongensis	178339	S	913	398	1311	0.00008
Nanchangia anserum	2692125	S	880	119	999	0.00006
Actinobaculum sp. 313	2495645	S	379	25	404	0.00003
Actinotignum schaalii	59505	S	315	26	341	0.00002
Arcanobacterium haemolyticum	28264	S	125	71	196	0.00001
Arcanobacterium phocisimile	1302235	S	45	14	59	0.00000
Arcanobacterium phocae	131112	S	42	14	56	0.00000
Arcanobacterium sp. 2701	2722751	S	27	7	34	0.00000
Changpingibacter yushuensis	2758440	S	241	88	329	0.00002
Mobiluncus curtisii	2051	S	213	76	289	0.00002
Varibaculum sp. EMRHCC_39	2811781	S	94	35	129	0.00001
Boudabousia tangfeifanii	1912795	S	84	8	92	0.00001
Fannyhessea vaginae	82135	S	51	19	70	0.00000
Frankia inefficax	298654	S	10990	1648	12638	0.00081
Frankia sp. QA3	710111	S	4338	2144	6482	0.00041
Frankia sp. ArI3	1858	S	3241	2496	5737	0.00037
Candidatus Frankia datiscae	2716812	S	5131	816	5947	0.00038
Frankia casuarinae	106370	S	4308	572	4880	0.00031
Frankia alni	1859	S	3699	2936	6635	0.00042
Jiangella alkaliphila	419479	S	15617	5437	21054	0.00134
Jiangella sp. DSM 45060	1798224	S	15139	5492	20631	0.00132
Bifidobacterium pseudolongum	1694	S	1125	505	1630	0.00010
Bifidobacterium choerinum	35760	S	1080	560	1640	0.00010
Bifidobacterium longum	216816	S	1059	2717	3776	0.00024
Bifidobacterium scardovii	158787	S	968	109	1077	0.00007
Bifidobacterium pullorum	78448	S	828	388	1216	0.00008
Bifidobacterium bifidum	1681	S	743	353	1096	0.00007
Bifidobacterium animalis	28025	S	668	1014	1682	0.00011
Bifidobacterium subtile	77635	S	626	114	740	0.00005
Bifidobacterium asteroides	1684	S	561	20	581	0.00004
Bifidobacterium adolescentis	1680	S	523	135	658	0.00004
Bifidobacterium thermophilum	33905	S	498	135	633	0.00004
Bifidobacterium eulemuris	1765219	S	436	109	545	0.00003
Bifidobacterium actinocoloniiforme	638619	S	378	16	394	0.00003
Bifidobacterium lemurum	1603886	S	366	95	461	0.00003
Bifidobacterium breve	1685	S	361	421	782	0.00005
Bifidobacterium dentium	1689	S	287	24	311	0.00002
Bifidobacterium angulatum	1683	S	282	87	369	0.00002
Bifidobacterium catenulatum	1686	S	215	316	531	0.00003
Bifidobacterium pseudocatenulatum	28026	S	168	116	284	0.00002
Bifidobacterium imperatoris	2020965	S	94	54	148	0.00001
Bifidobacterium saguini	762210	S	74	38	112	0.00001
Bifidobacterium coryneforme	1687	S	47	64	111	0.00001
Bifidobacterium indicum	1691	S	43	59	102	0.00001
Parascardovia denticolens	78258	S	308	67	375	0.00002
Gardnerella vaginalis	2702	S	40	51	91	0.00001
Scardovia inopinata	78259	S	39	18	57	0.00000
Nakamurella multipartita	53461	S	6528	1562	8090	0.00052
Nakamurella panacisegetis	1090615	S	3370	587	3957	0.00025
Nakamurella sp. PAMC28650	2762325	S	2746	367	3113	0.00020
Nakamurella antarctica	1902245	S	564	52	616	0.00004
Catenulispora acidiphila	304895	S	7429	1377	8806	0.00056
Jatrophihabitans telluris	2038343	S	2949	325	3274	0.00021
Jatrophihabitans sp. GAS493	1907575	S	2947	342	3289	0.00021
Stackebrandtia nassauensis	283811	S	5069	588	5657	0.00036
Natronoglycomyces albus	2811108	S	777	34	811	0.00005
Kineococcus radiotolerans	131568	S	4638	1628	6266	0.00040
Epidermidibacterium keratini	1891644	S	2630	1633	4263	0.00027
Actinopolyspora erythraea	414996	S	2576	333	2909	0.00019
Acidothermus cellulolyticus	28049	S	1998	124	2122	0.00014
Candidatus Planktophila lacus	1884913	S	81	15	96	0.00001
Candidatus Planktophila versatilis	1884905	S	78	22	100	0.00001
Candidatus Planktophila sulfonica	1884904	S	61	27	88	0.00001
Candidatus Planktophila dulcis	1884914	S	45	33	78	0.00001
Candidatus Planktophila vernalis	1884907	S	33	7	40	0.00000
Candidatus Planktophila limnetica	573600	S	26	4	30	0.00000
Candidatus Nanopelagicus hibericus	1884915	S	19	12	31	0.00000
Candidatus Nanopelagicus abundans	1884916	S	14	7	21	0.00000
Candidatus Nanopelagicus limnes	1884634	S	13	20	33	0.00000
Rubrobacter xylanophilus	49319	S	39976	6001	45977	0.00294
Rubrobacter tropicus	2653851	S	38724	3217	41941	0.00268
Rubrobacter marinus	2653852	S	24784	2463	27247	0.00174
Rubrobacter radiotolerans	42256	S	9172	1335	10507	0.00067
Rubrobacter indicoceani	2051957	S	4940	432	5372	0.00034
Baekduia soli	496014	S	17179	3482	20661	0.00132
Aquihabitans sp. G128	2849779	S	19296	4538	23834	0.00152
Aquihabitans sp. Kera 3	2884263	S	16640	3177	19817	0.00127
Iamia sp. SCSIO 61187	2722752	S	21272	3955	25227	0.00161
Actinomarinicola tropica	2789776	S	19572	4476	24048	0.00154
Ilumatobacter coccineus	467094	S	6765	473	7238	0.00046
Acidimicrobium ferrooxidans	53635	S	2492	218	2710	0.00017
Conexibacter sp. SYSU D00693	2812560	S	20689	5948	26637	0.00170
Conexibacter sp. DBS9H8	2937801	S	6999	783	7782	0.00050
Conexibacter sp. S30A1	2937800	S	6902	856	7758	0.00050
Conexibacter woesei	191495	S	27752	5840	33592	0.00215
Miltoncostaea marina	2843215	S	11401	3374	14775	0.00094
Miltoncostaea oceani	2843216	S	10667	1886	12553	0.00080
Eggerthella lenta	84112	S	1238	894	2132	0.00014
Eggerthella guodeyinii	2690837	S	1181	595	1776	0.00011
Eggerthella sp. YY7918	502558	S	225	112	337	0.00002
Gordonibacter urolithinfaciens	1335613	S	587	523	1110	0.00007
Gordonibacter pamelaeae	471189	S	539	651	1190	0.00008
Adlercreutzia equolifaciens	446660	S	592	409	1001	0.00006
Adlercreutzia hattorii	2707299	S	333	461	794	0.00005
Arabiibacter massiliensis	1870985	S	1338	319	1657	0.00011
Raoultibacter timonensis	1907662	S	718	65	783	0.00005
Berryella intestinalis	1531429	S	698	942	1640	0.00010
Slackia heliotrinireducens	84110	S	605	21	626	0.00004
Denitrobacterium detoxificans	79604	S	328	161	489	0.00003
Phoenicibacter congonensis	1944646	S	107	55	162	0.00001
Cryptobacterium curtum	84163	S	67	8	75	0.00000
Olsenella timonensis	1805478	S	1270	424	1694	0.00011
Olsenella uli	133926	S	723	82	805	0.00005
Olsenella sp. oral taxon 807	712411	S	525	34	559	0.00004
Parolsenella massiliensis	1871022	S	685	415	1100	0.00007
Parolsenella catena	2003188	S	568	373	941	0.00006
Parafannyhessea umbonata	604330	S	846	572	1418	0.00009
Thermophilibacter immobilis	2779519	S	840	376	1216	0.00008
Atopobium sp. oral taxon 416	712157	S	209	25	234	0.00001
Lancefieldella parvula	1382	S	45	5	50	0.00000
Collinsella aerofaciens	74426	S	1136	646	1782	0.00011
Collinsella stercoris	147206	S	763	125	888	0.00006
Collinsella sp. zg1085	2844380	S	59	3	62	0.00000
Coriobacterium glomerans	33871	S	546	20	566	0.00004
Euzebya pacifica	1608957	S	7266	753	8019	0.00051
Egicoccus halophilus	1670830	S	7025	1333	8358	0.00053
Egibacter rhizosphaerae	1670831	S	6097	448	6545	0.00042
Priestia filamentosa	1402861	S	8438	1346	9784	0.00062
Priestia megaterium	1404	S	6839	9723	16562	0.00106
Priestia aryabhattai	412384	S	230	1617	1847	0.00012
Priestia flexa	86664	S	185	73	258	0.00002
Priestia koreensis	284581	S	179	77	256	0.00002
Priestia sp. J2	2886505	S	35	409	444	0.00003
Bacillus sp. Y1	352858	S	1288	607	1895	0.00012
Bacillus sp. S3	486398	S	450	161	611	0.00004
Bacillus sp. 1NLA3E	666686	S	364	159	523	0.00003
Bacillus sp. FJAT-18017	1705566	S	215	71	286	0.00002
Bacillus sp. JY-23	2933872	S	185	88	273	0.00002
Bacillus sp. OxB-1	98228	S	166	52	218	0.00001
Bacillus sp. NSP9.1	1071078	S	148	14	162	0.00001
Bacillus sp. KH172YL63	2709784	S	145	62	207	0.00001
Bacillus sp. WP8	756828	S	115	201	316	0.00002
Bacillus sp. PAMC26568	2760090	S	115	14	129	0.00001
Bacillus sp. FJAT-42376	2014076	S	111	51	162	0.00001
Bacillus sp. SB49	1071080	S	106	23	129	0.00001
Bacillus sp. THAF10	2587848	S	82	34	116	0.00001
Bacillus sp. FJAT-22090	1581038	S	77	27	104	0.00001
Bacillus sp. M4U3P1	2592382	S	59	9	68	0.00000
Bacillus sp. Cs-700	2589818	S	33	43	76	0.00000
Bacillus sp. N1-1	2682541	S	32	40	72	0.00000
Bacillus sp. PGP15	2933563	S	20	115	135	0.00001
Bacillus sp. N5-665	2925318	S	11	27	38	0.00000
Bacillus sp. BD59S	2499213	S	11	22	33	0.00000
Bacillus sp. N3536	2666127	S	10	21	31	0.00000
Bacillus sp. LJBV19	2821409	S	10	117	127	0.00001
Bacillus sp. NP247	2846779	S	10	17	27	0.00000
Bacillus paralicheniformis	1648923	S	611	486	1097	0.00007
Bacillus subtilis	1423	S	500	25201	25701	0.00164
Bacillus velezensis	492670	S	158	3541	3699	0.00024
Bacillus amyloliquefaciens	1390	S	98	2122	2220	0.00014
Bacillus siamensis	659243	S	30	111	141	0.00001
Bacillus mojavensis	72360	S	46	70	116	0.00001
Bacillus halotolerans	260554	S	26	84	110	0.00001
Bacillus atrophaeus	1452	S	76	145	221	0.00001
Bacillus tequilensis	227866	S	60	67	127	0.00001
Bacillus vallismortis	72361	S	59	87	146	0.00001
Bacillus licheniformis	1402	S	28	305	333	0.00002
Bacillus spizizenii	96241	S	16	72	88	0.00001
Bacillus inaquosorum	483913	S	15	184	199	0.00001
Bacillus pseudomycoides	64104	S	265	146	411	0.00003
Bacillus cereus	1396	S	261	13554	13815	0.00088
Bacillus mycoides	1405	S	184	488	672	0.00004
Bacillus thuringiensis	1428	S	157	10295	10452	0.00067
Bacillus cytotoxicus	580165	S	155	124	279	0.00002
Bacillus wiedmannii	1890302	S	42	80	122	0.00001
Bacillus sp. ABP14	1892404	S	14	99	113	0.00001
Bacillus luti	2026191	S	21	26	47	0.00000
Bacillus anthracis	1392	S	20	2894	2914	0.00019
Bacillus toyonensis	155322	S	13	152	165	0.00001
Bacillus paranthracis	2026186	S	13	384	397	0.00003
Bacillus nitratireducens	2026193	S	11	22	33	0.00000
Bacillus safensis	561879	S	662	1229	1891	0.00012
[Brevibacterium] frigoritolerans	450367	S	367	171	538	0.00003
Bacillus altitudinis	293387	S	341	1660	2001	0.00013
Bacillus pumilus	1408	S	263	316	579	0.00004
Bacillus glycinifermentans	1664069	S	247	99	346	0.00002
Bacillus dafuensis	1742359	S	219	98	317	0.00002
Bacillus cabrialesii	2487276	S	217	257	474	0.00003
Bacillus infantis	324767	S	214	75	289	0.00002
Bacillus methanolicus	1471	S	211	161	372	0.00002
Bacillus badius	1455	S	184	92	276	0.00002
Bacillus gobiensis	1441095	S	181	66	247	0.00002
Bacillus weihaiensis	1547283	S	136	57	193	0.00001
Bacillus smithii	1479	S	88	65	153	0.00001
Bacillus aquiflavi	2672567	S	87	29	116	0.00001
Bacillus fonticola	2728853	S	81	28	109	0.00001
Bacillus shivajii	1983719	S	64	12	76	0.00000
Bacillus rugosus	2715209	S	53	66	119	0.00001
Metabacillus sediminilitoris	2567941	S	2829	1306	4135	0.00026
Metabacillus sp. KUDC1714	2745198	S	1259	539	1798	0.00011
Metabacillus sp. cB07	2806989	S	120	56	176	0.00001
Metabacillus sp. B2-18	2897333	S	116	187	303	0.00002
Metabacillus dongyingensis	2874282	S	275	121	396	0.00003
Metabacillus litoralis	152268	S	162	180	342	0.00002
Metabacillus endolithicus	1535204	S	109	147	256	0.00002
Cytobacillus oceanisediminis	665099	S	3290	2170	5460	0.00035
Cytobacillus firmus	1399	S	400	217	617	0.00004
Cytobacillus gottheilii	859144	S	296	121	417	0.00003
Cytobacillus ciccensis	1670641	S	176	80	256	0.00002
Cytobacillus sp. CY-G	2901381	S	122	53	175	0.00001
Cytobacillus kochii	859143	S	104	39	143	0.00001
Geobacillus subterraneus	129338	S	458	407	865	0.00006
Geobacillus genomosp. 3	1921421	S	288	115	403	0.00003
Geobacillus stearothermophilus	1422	S	283	495	778	0.00005
Geobacillus sp. 46C-IIa	1963025	S	124	75	199	0.00001
Geobacillus sp. JS12	1813182	S	28	117	145	0.00001
Geobacillus sp. C56-T3	691437	S	23	121	144	0.00001
Geobacillus sp. Y412MC52	550542	S	14	61	75	0.00000
Geobacillus sp. GHH01	1233873	S	11	138	149	0.00001
Geobacillus thermocatenulatus	33938	S	128	171	299	0.00002
Geobacillus thermoleovorans	33941	S	17	251	268	0.00002
Geobacillus thermodenitrificans	33940	S	30	264	294	0.00002
Geobacillus zalihae	213419	S	16	143	159	0.00001
Hydrogenibacillus sp. N12	2866627	S	2088	336	2424	0.00015
Mesobacillus foraminis	279826	S	1121	371	1492	0.00010
Mesobacillus jeotgali	129985	S	242	121	363	0.00002
Mesobacillus sp. S13	2880221	S	223	123	346	0.00002
Anoxybacillus sediminis	2613334	S	923	272	1195	0.00008
Anoxybacillus caldiproteolyticus	247480	S	111	31	142	0.00001
Anoxybacillus amylolyticus	294699	S	110	29	139	0.00001
Anoxybacillus sp. PDR2	1636720	S	20	99	119	0.00001
Anoxybacillus flavithermus	33934	S	87	82	169	0.00001
Anoxybacillus kamchatkensis	196180	S	14	81	95	0.00001
Alkalihalobacillus clausii	79880	S	1129	294	1423	0.00009
Alkalihalobacillus krulwichiae	199441	S	83	31	114	0.00001
Alkalihalobacillus miscanthi	2598861	S	62	24	86	0.00001
Alkalihalobacillus sp. LMS39	2924032	S	61	16	77	0.00000
Alkalihalobacillus lehensis	300825	S	58	22	80	0.00001
Terribacillus goriensis	386490	S	1259	263	1522	0.00010
Terribacillus aidingensis	586416	S	92	20	112	0.00001
Peribacillus asahii	228899	S	652	406	1058	0.00007
Peribacillus simplex	1478	S	326	250	576	0.00004
Peribacillus butanolivorans	421767	S	175	73	248	0.00002
Peribacillus muralis	264697	S	98	29	127	0.00001
Peribacillus psychrosaccharolyticus	1407	S	85	37	122	0.00001
Lysinibacillus sp. SGAir0095	2070463	S	123	63	186	0.00001
Lysinibacillus sp. PLM2	2929796	S	92	45	137	0.00001
Lysinibacillus sp. Ag94	2936682	S	53	5	58	0.00000
Lysinibacillus sp. 2017	2169540	S	45	26	71	0.00000
Lysinibacillus sp. CD3-6	2892541	S	39	17	56	0.00000
Lysinibacillus sp. YS11	2072025	S	35	80	115	0.00001
Lysinibacillus sp. ACHW1.5	2913506	S	18	36	54	0.00000
Lysinibacillus timonensis	2086577	S	175	112	287	0.00002
Lysinibacillus fusiformis	28031	S	90	82	172	0.00001
Lysinibacillus sphaericus	1421	S	59	64	123	0.00001
Lysinibacillus agricola	2590012	S	56	19	75	0.00000
Lysinibacillus parviboronicapiens	436516	S	46	19	65	0.00000
Lysinibacillus capsici	2115968	S	15	24	39	0.00000
Oceanobacillus kimchii	746691	S	752	85	837	0.00005
Oceanobacillus iheyensis	182710	S	109	25	134	0.00001
Oceanobacillus zhaokaii	2052660	S	94	22	116	0.00001
Neobacillus drentensis	220684	S	502	273	775	0.00005
Neobacillus mesonae	1193713	S	276	116	392	0.00003
Parageobacillus caldoxylosilyticus	81408	S	175	88	263	0.00002
Parageobacillus genomosp. 1	1295642	S	130	55	185	0.00001
Parageobacillus thermoglucosidasius	1426	S	125	89	214	0.00001
Parageobacillus toebii	153151	S	110	127	237	0.00002
Parageobacillus sp. KH3-4	2916802	S	86	43	129	0.00001
Virgibacillus sp. NKC19-16	2831673	S	68	7	75	0.00000
Virgibacillus sp. Bac332	2419842	S	52	7	59	0.00000
Virgibacillus sp. MSP4-1	2700081	S	44	11	55	0.00000
Virgibacillus sp. SK37	403957	S	28	34	62	0.00000
Virgibacillus sp. Bac330	2419841	S	16	21	37	0.00000
Virgibacillus necropolis	163877	S	63	11	74	0.00000
Virgibacillus phasianinus	2017483	S	60	10	70	0.00000
Virgibacillus halodenitrificans	1482	S	41	36	77	0.00000
Virgibacillus dokdonensis	302167	S	10	14	24	0.00000
Niallia circulans	1397	S	254	89	343	0.00002
Niallia sp. Man26	2912824	S	214	59	273	0.00002
Rossellomorea marisflavi	189381	S	326	158	484	0.00003
Rossellomorea vietnamensis	218284	S	96	47	143	0.00001
Salicibibacter halophilus	2502791	S	106	32	138	0.00001
Salicibibacter cibarius	2743000	S	88	24	112	0.00001
Salicibibacter kimchii	2099786	S	86	9	95	0.00001
Salicibibacter cibi	2743001	S	46	8	54	0.00000
Weizmannia coagulans	1398	S	347	184	531	0.00003
Halobacillus sp. SSTM10-2	2932258	S	69	16	85	0.00001
Halobacillus sp. SSBR10-3	2932257	S	65	10	75	0.00000
Halobacillus sp. SSHM10-5	2932259	S	59	15	74	0.00000
Halobacillus halophilus	1570	S	45	8	53	0.00000
Halobacillus mangrovi	402384	S	45	8	53	0.00000
Halobacillus litoralis	45668	S	39	8	47	0.00000
Gracilibacillus sp. SSWR10-1	2932256	S	57	24	81	0.00001
Gracilibacillus sp. SSPM10-3	2932255	S	56	23	79	0.00001
Gracilibacillus salitolerans	2663022	S	134	25	159	0.00001
Salisediminibacterium selenitireducens	85683	S	164	29	193	0.00001
Salisediminibacterium beveridgei	632773	S	94	16	110	0.00001
Sutcliffiella horikoshii	79883	S	146	48	194	0.00001
Sutcliffiella cohnii	33932	S	114	60	174	0.00001
Fictibacillus arsenicus	255247	S	147	37	184	0.00001
Fictibacillus phosphorivorans	1221500	S	78	19	97	0.00001
Heyndrickxia oleronia	38875	S	138	65	203	0.00001
Heyndrickxia vini	1476025	S	92	33	125	0.00001
Psychrobacillus sp. INOP01	2829187	S	68	28	96	0.00001
Psychrobacillus sp. AK 1817	2303505	S	12	24	36	0.00000
Psychrobacillus glaciei	2283160	S	76	33	109	0.00001
Lentibacillus sp. CBA3610	2518176	S	78	8	86	0.00001
Lentibacillus amyloliquefaciens	1472767	S	71	11	82	0.00001
Caldalkalibacillus thermarum	296745	S	147	35	182	0.00001
Salimicrobium jeotgali	1230341	S	132	25	157	0.00001
Caldibacillus thermoamylovorans	35841	S	112	50	162	0.00001
Radiobacillus sp. 80	2844358	S	65	15	80	0.00001
Radiobacillus deserti	2594883	S	44	10	54	0.00000
Sediminibacillus sp. DP4-553-S	2729421	S	102	21	123	0.00001
Gottfriedia acidiceleris	371036	S	98	36	134	0.00001
Lederbergia lenta	1467	S	96	30	126	0.00001
Pontibacillus sp. ALD_SL1	2777185	S	47	7	54	0.00000
Pontibacillus sp. HMF3514	2692425	S	45	8	53	0.00000
Anaerobacillus isosaccharinicus	1532552	S	90	26	116	0.00001
Halalkalibacterium halodurans	86665	S	88	74	162	0.00001
Pradoshia sp. D12	2651284	S	81	30	111	0.00001
Alkalihalophilus pseudofirmus	79885	S	74	16	90	0.00001
Mangrovibacillus cuniculi	2593652	S	69	46	115	0.00001
Aeribacillus pallidus	33936	S	60	39	99	0.00001
Paraliobacillus zengyii	2213194	S	54	11	65	0.00000
Evansella cellulosilytica	1413	S	48	8	56	0.00000
Amphibacillus xylanus	1449	S	42	9	51	0.00000
Paenibacillus sp. B01	2660554	S	2123	724	2847	0.00018
Paenibacillus sp. RUD330	2023772	S	1271	155	1426	0.00009
Paenibacillus sp. 32O-W	1695218	S	1114	124	1238	0.00008
Paenibacillus sp. R14(2021)	2859228	S	494	79	573	0.00004
Paenibacillus sp. H1-7	2282849	S	484	49	533	0.00003
Paenibacillus sp. sptzw28	715179	S	383	39	422	0.00003
Paenibacillus sp. URB8-2	2741301	S	308	79	387	0.00002
Paenibacillus sp. FSL R7-0273	1536772	S	299	57	356	0.00002
Paenibacillus sp. BIHB4019	1870819	S	297	27	324	0.00002
Paenibacillus sp. YPD9-1	2908839	S	285	41	326	0.00002
Paenibacillus sp. JZ16	1906272	S	275	74	349	0.00002
Paenibacillus sp. PAMC21692	2762320	S	269	239	508	0.00003
Paenibacillus sp. Y412MC10	481743	S	266	591	857	0.00005
Paenibacillus sp. PK3_47	2072642	S	243	38	281	0.00002
Paenibacillus sp. FSL R7-0331	1536773	S	237	47	284	0.00002
Paenibacillus sp. FSL H7-0357	1536774	S	236	35	271	0.00002
Paenibacillus sp. HWE-109	1306526	S	214	20	234	0.00001
Paenibacillus sp. CAA11	1532905	S	211	47	258	0.00002
Paenibacillus sp. JNUCC-32	2777984	S	192	450	642	0.00004
Paenibacillus sp. YPG26	2878915	S	182	41	223	0.00001
Paenibacillus sp. FSL R5-0912	1536771	S	135	78	213	0.00001
Paenibacillus sp. FSL P4-0081	1536769	S	129	81	210	0.00001
Paenibacillus sp. DCT19	2211212	S	106	20	126	0.00001
Paenibacillus sp. 19GGS1-52	2758563	S	97	10	107	0.00001
Paenibacillus sp. IHB B 3084	867076	S	90	54	144	0.00001
Paenibacillus sp. 481	2835869	S	85	9	94	0.00001
Paenibacillus sp. JNUCC-31	2777983	S	76	23	99	0.00001
Paenibacillus sp. E222	2748863	S	65	24	89	0.00001
Paenibacillus sp. FSL H7-0737	1536775	S	53	19	72	0.00000
Paenibacillus sp. IHBB 10380	1566358	S	42	8	50	0.00000
Paenibacillus sp. N3/727	2925845	S	40	51	91	0.00001
Paenibacillus sp. FSL R5-0345	1536770	S	36	11	47	0.00000
Paenibacillus sp. Cedars	1980674	S	27	163	190	0.00001
Paenibacillus sp. lzh-N1	2069255	S	12	207	219	0.00001
Paenibacillus mucilaginosus	61624	S	2385	191	2576	0.00016
Paenibacillus albicereus	2726185	S	1785	563	2348	0.00015
Paenibacillus lycopersici	2704462	S	1404	196	1600	0.00010
Paenibacillus macerans	44252	S	808	84	892	0.00006
Paenibacillus dendritiformis	130049	S	743	141	884	0.00006
Paenibacillus konkukensis	2020716	S	714	86	800	0.00005
Paenibacillus rhizovicinus	2704463	S	685	103	788	0.00005
Paenibacillus cellulositrophicus	562959	S	657	73	730	0.00005
Paenibacillus beijingensis	1126833	S	652	85	737	0.00005
Paenibacillus thiaminolyticus	49283	S	589	111	700	0.00004
Paenibacillus stellifer	169760	S	578	116	694	0.00004
Paenibacillus ihbetae	1870820	S	509	81	590	0.00004
Paenibacillus chitinolyticus	79263	S	489	67	556	0.00004
Paenibacillus durus	44251	S	472	186	658	0.00004
Paenibacillus cellulosilyticus	375489	S	401	58	459	0.00003
Paenibacillus lautus	1401	S	399	517	916	0.00006
Paenibacillus donghaensis	414771	S	370	44	414	0.00003
Paenibacillus sabinae	365617	S	360	98	458	0.00003
Paenibacillus albus	2495582	S	342	53	395	0.00003
Paenibacillus naphthalenovorans	162209	S	315	51	366	0.00002
Paenibacillus protaetiae	2509456	S	283	48	331	0.00002
Paenibacillus polymyxa	1406	S	277	1211	1488	0.00010
Paenibacillus riograndensis	483937	S	110	96	206	0.00001
Paenibacillus sonchi	373687	S	82	145	227	0.00001
Paenibacillus agaridevorans	171404	S	268	322	590	0.00004
Paenibacillus azoreducens	116718	S	268	36	304	0.00002
Paenibacillus tritici	1873425	S	252	42	294	0.00002
Paenibacillus yonginensis	1462996	S	249	121	370	0.00002
Paenibacillus swuensis	1178515	S	240	39	279	0.00002
Paenibacillus physcomitrellae	1619311	S	239	88	327	0.00002
Paenibacillus sophorae	1333845	S	233	89	322	0.00002
Paenibacillus xylanilyticus	248903	S	204	48	252	0.00002
Paenibacillus algicola	2565926	S	202	38	240	0.00002
Paenibacillus borealis	160799	S	191	71	262	0.00002
Paenibacillus guangzhouensis	1473112	S	183	20	203	0.00001
Paenibacillus tianjinensis	2810347	S	181	34	215	0.00001
Paenibacillus graminis	189425	S	157	87	244	0.00002
Paenibacillus lutimineralis	2707005	S	152	23	175	0.00001
Paenibacillus psychroresistens	1778678	S	147	9	156	0.00001
Paenibacillus alvei	44250	S	142	21	163	0.00001
Paenibacillus jilunlii	682956	S	132	95	227	0.00001
Paenibacillus lentus	1338368	S	132	15	147	0.00001
Paenibacillus bovis	1616788	S	123	19	142	0.00001
Paenibacillus kribbensis	172713	S	119	48	167	0.00001
Paenibacillus baekrokdamisoli	1712516	S	110	13	123	0.00001
Paenibacillus larvae	1464	S	93	20	113	0.00001
Paenibacillus barcinonensis	198119	S	88	17	105	0.00001
Paenibacillus odorifer	189426	S	80	16	96	0.00001
Paenibacillus xylanexedens	528191	S	78	58	136	0.00001
Paenibacillus brasilensis	128574	S	68	33	101	0.00001
Paenibacillus terrae	159743	S	65	33	98	0.00001
Paenibacillus pabuli	1472	S	64	25	89	0.00001
Paenibacillus uliginis	683737	S	59	66	125	0.00001
Paenibacillus crassostreae	1763538	S	52	9	61	0.00000
Paenibacillus antarcticus	253703	S	47	8	55	0.00000
Paenibacillus peoriae	59893	S	39	236	275	0.00002
Paenibacillus glucanolyticus	59843	S	28	175	203	0.00001
Brevibacillus marinus	2496837	S	897	170	1067	0.00007
Brevibacillus agri	51101	S	663	187	850	0.00005
Brevibacillus composti	2796470	S	543	153	696	0.00004
Brevibacillus brevis	1393	S	458	280	738	0.00005
Brevibacillus sp. MMS20-4M-10-Y	2895522	S	349	54	403	0.00003
Brevibacillus sp. HD3.3A	2738979	S	48	224	272	0.00002
Brevibacillus sp. DP1.3A	2738867	S	41	41	82	0.00001
Brevibacillus choshinensis	54911	S	399	105	504	0.00003
Brevibacillus laterosporus	1465	S	157	220	377	0.00002
Brevibacillus parabrevis	54914	S	48	232	280	0.00002
Brevibacillus formosus	54913	S	37	35	72	0.00000
Cohnella candidum	2674991	S	1107	159	1266	0.00008
Cohnella sp. LGH	1619153	S	615	238	853	0.00005
Cohnella sp. MFER-1	2728023	S	347	52	399	0.00003
Cohnella cholangitidis	2598458	S	304	59	363	0.00002
Cohnella abietis	2507935	S	67	8	75	0.00000
Thermobacillus composti	377615	S	2084	331	2415	0.00015
Saccharibacillus brassicae	2583377	S	1202	163	1365	0.00009
Aneurinibacillus soli	1500254	S	195	233	428	0.00003
Alicyclobacillus acidocaldarius	405212	S	2384	253	2637	0.00017
Alicyclobacillus acidoterrestris	1450	S	289	57	346	0.00002
Alicyclobacillus mengziensis	2931921	S	224	19	243	0.00002
Alicyclobacillus sp. SO9	2665646	S	132	12	144	0.00001
Alicyclobacillus sp. TC	2606450	S	48	8	56	0.00000
Tumebacillus avium	1903704	S	1446	733	2179	0.00014
Tumebacillus algifaecis	1214604	S	516	221	737	0.00005
Kyrpidia spormannii	2055160	S	320	160	480	0.00003
Kyrpidia tusciae	33943	S	197	139	336	0.00002
Effusibacillus dendaii	2743772	S	185	29	214	0.00001
Planococcus plakortidis	1038856	S	215	148	363	0.00002
Planococcus sp. MB-3u-03	2058136	S	99	75	174	0.00001
Planococcus sp. 107-1	2908840	S	80	41	121	0.00001
Planococcus sp. PAMC 21323	1526927	S	15	8	23	0.00000
Planococcus maritimus	192421	S	185	94	279	0.00002
Planococcus lenghuensis	2213202	S	169	44	213	0.00001
Planococcus glaciei	459472	S	122	43	165	0.00001
Planococcus rifietoensis	200991	S	118	95	213	0.00001
Planococcus massiliensis	1499687	S	100	25	125	0.00001
Planococcus halotolerans	2233542	S	78	30	108	0.00001
Planococcus antarcticus	161360	S	42	15	57	0.00000
Planococcus halocryophilus	1215089	S	37	22	59	0.00000
Planococcus versutus	1302659	S	31	16	47	0.00000
Planococcus donghaensis	414778	S	29	19	48	0.00000
Planococcus faecalis	1598147	S	10	35	45	0.00000
Sporosarcina sp. Te-1	2818390	S	82	27	109	0.00001
Sporosarcina sp. Marseille-Q4063	2810514	S	61	20	81	0.00001
Sporosarcina sp. PTS2304	2283194	S	35	41	76	0.00000
Sporosarcina sp. resist	2762563	S	23	82	105	0.00001
Sporosarcina ureae	1571	S	121	40	161	0.00001
Sporosarcina ureilytica	298596	S	26	10	36	0.00000
Sporosarcina pasteurii	1474	S	22	8	30	0.00000
Solibacillus silvestris	76853	S	92	44	136	0.00001
Solibacillus sp. R5-41	2048654	S	38	21	59	0.00000
Ureibacillus thermosphaericus	51173	S	43	64	107	0.00001
Ureibacillus thermophilus	367743	S	37	25	62	0.00000
Paenisporosarcina antarctica	417367	S	43	17	60	0.00000
Paenisporosarcina cavernae	2320858	S	26	19	45	0.00000
Kurthia sp. 11kri321	1750719	S	43	28	71	0.00000
Kurthia zopfii	1650	S	22	12	34	0.00000
Jeotgalibacillus malaysiensis	1508404	S	67	27	94	0.00001
Viridibacillus sp. JNUCC-6	2779527	S	53	23	76	0.00000
Rummeliibacillus stabekisii	241244	S	39	23	62	0.00000
Staphylococcus xylosus	1288	S	292	155	447	0.00003
Staphylococcus aureus	1280	S	81	3054	3135	0.00020
Staphylococcus pseudoxylosus	2282419	S	64	38	102	0.00001
Staphylococcus epidermidis	1282	S	53	239	292	0.00002
Staphylococcus pseudintermedius	283734	S	30	31	61	0.00000
Staphylococcus delphini	53344	S	15	12	27	0.00000
Staphylococcus sp. 17KM0847	2583989	S	19	11	30	0.00000
Staphylococcus sp. CCM 9025	2892440	S	17	9	26	0.00000
Staphylococcus capitis	29388	S	25	30	55	0.00000
Staphylococcus nepalensis	214473	S	23	9	32	0.00000
Staphylococcus muscae	1294	S	23	11	34	0.00000
Staphylococcus haemolyticus	1283	S	20	23	43	0.00000
Staphylococcus simulans	1286	S	20	8	28	0.00000
Staphylococcus schleiferi	1295	S	18	31	49	0.00000
Staphylococcus pettenkoferi	170573	S	17	5	22	0.00000
Staphylococcus carnosus	1281	S	16	6	22	0.00000
Staphylococcus saprophyticus	29385	S	16	8	24	0.00000
Staphylococcus hyicus	1284	S	16	8	24	0.00000
Staphylococcus lutrae	155085	S	14	7	21	0.00000
Staphylococcus hominis	1290	S	14	9	23	0.00000
Staphylococcus lugdunensis	28035	S	14	7	21	0.00000
Staphylococcus succinus	61015	S	14	5	19	0.00000
Staphylococcus chromogenes	46126	S	13	7	20	0.00000
Staphylococcus simiae	308354	S	13	8	21	0.00000
Staphylococcus felis	46127	S	12	6	18	0.00000
Staphylococcus gallinarum	1293	S	11	0	11	0.00000
Staphylococcus equorum	246432	S	11	17	28	0.00000
Staphylococcus caprae	29380	S	10	7	17	0.00000
Mammaliicoccus sciuri	1296	S	686	469	1155	0.00007
Mammaliicoccus lentus	42858	S	15	11	26	0.00000
Mammaliicoccus vitulinus	71237	S	11	5	16	0.00000
Macrococcus brunensis	198483	S	24	8	32	0.00000
Macrococcus canis	1855823	S	24	15	39	0.00000
Macrococcus armenti	2875764	S	22	14	36	0.00000
Macrococcus caseolyticus	69966	S	10	36	46	0.00000
Jeotgalicoccus sp. WY2	2708346	S	50	12	62	0.00000
Jeotgalicoccus saudimassiliensis	1461582	S	54	7	61	0.00000
Salinicoccus halodurans	407035	S	62	21	83	0.00001
Nosocomiicoccus ampullae	489910	S	17	3	20	0.00000
Abyssicoccus albus	1817405	S	14	4	18	0.00000
Staphylospora marina	2490858	S	553	106	659	0.00004
Kroppenstedtia eburnea	714067	S	447	54	501	0.00003
Kroppenstedtia pulmonis	1380685	S	78	7	85	0.00001
Novibacillus thermophilus	1471761	S	378	62	440	0.00003
Polycladomyces abyssicola	1125966	S	300	34	334	0.00002
Laceyella sacchari	37482	S	225	62	287	0.00002
Thermoactinomyces vulgaris	2026	S	138	33	171	0.00001
Exiguobacterium sp. N4-1P	2051906	S	60	44	104	0.00001
Exiguobacterium sp. Helios	2735868	S	54	26	80	0.00001
Exiguobacterium sp. AT1b	360911	S	36	48	84	0.00001
Exiguobacterium sp. PFWT01	2829816	S	33	45	78	0.00000
Exiguobacterium sp. MH3	1399115	S	20	27	47	0.00000
Exiguobacterium alkaliphilum	1428684	S	270	104	374	0.00002
Exiguobacterium mexicanum	340146	S	267	114	381	0.00002
Exiguobacterium acetylicum	41170	S	117	190	307	0.00002
Exiguobacterium sibiricum	332410	S	69	35	104	0.00001
Exiguobacterium antarcticum	132920	S	56	23	79	0.00001
Gemella sp. zg-570	2840371	S	10	13	23	0.00000
Listeria monocytogenes	1639	S	69	2590	2659	0.00017
Listeria weihenstephanensis	1006155	S	35	9	44	0.00000
Listeria innocua	1642	S	34	33	67	0.00000
Listeria marthii	529731	S	26	11	37	0.00000
Listeria sp. PSOL-1	1844999	S	24	7	31	0.00000
Listeria grayi	1641	S	20	7	27	0.00000
Listeria welshimeri	1643	S	17	12	29	0.00000
Listeria ivanovii	1638	S	15	3	18	0.00000
Listeria seeligeri	1640	S	14	7	21	0.00000
Brochothrix thermosphacta	2756	S	32	12	44	0.00000
Sporolactobacillus terrae	269673	S	102	17	119	0.00001
Limosilactobacillus fermentum	1613	S	206	170	376	0.00002
Limosilactobacillus pontis	35787	S	157	101	258	0.00002
Limosilactobacillus mucosae	97478	S	84	58	142	0.00001
Limosilactobacillus panis	47493	S	45	22	67	0.00000
Limosilactobacillus reuteri	1598	S	43	54	97	0.00001
Limosilactobacillus gastricus	227942	S	14	6	20	0.00000
Levilactobacillus zymae	267363	S	164	53	217	0.00001
Levilactobacillus brevis	1580	S	96	40	136	0.00001
Levilactobacillus suantsaii	2292255	S	65	26	91	0.00001
Levilactobacillus koreensis	637971	S	59	10	69	0.00000
Weissella confusa	1583	S	231	108	339	0.00002
Weissella cibaria	137591	S	51	23	74	0.00000
Weissella soli	155866	S	15	3	18	0.00000
Weissella viridescens	1629	S	12	4	16	0.00000
Lactobacillus delbrueckii	1584	S	163	470	633	0.00004
Lactobacillus sp. CBA3606	2099789	S	13	6	19	0.00000
Lactobacillus sp. CBA3605	2099788	S	11	3	14	0.00000
Lactobacillus panisapium	2012495	S	19	3	22	0.00000
Lactobacillus acetotolerans	1600	S	17	4	21	0.00000
Lactobacillus helveticus	1587	S	17	26	43	0.00000
Lactobacillus acidophilus	1579	S	12	211	223	0.00001
Lactobacillus amylovorus	1604	S	11	58	69	0.00000
Lactobacillus amylolyticus	83683	S	11	6	17	0.00000
Lactobacillus jensenii	109790	S	10	3	13	0.00000
Lacticaseibacillus rhamnosus	47715	S	68	12	80	0.00001
Lacticaseibacillus casei	1582	S	63	20	83	0.00001
Lacticaseibacillus manihotivorans	88233	S	53	16	69	0.00000
Lacticaseibacillus paracasei	1597	S	46	143	189	0.00001
Lacticaseibacillus zeae	57037	S	32	12	44	0.00000
Lacticaseibacillus chiayiensis	2100821	S	23	4	27	0.00000
Leuconostoc pseudomesenteroides	33968	S	69	38	107	0.00001
Leuconostoc lactis	1246	S	31	19	50	0.00000
Leuconostoc gelidum	1244	S	21	2	23	0.00000
Leuconostoc mesenteroides	1245	S	20	9	29	0.00000
Leuconostoc citreum	33964	S	19	41	60	0.00000
Schleiferilactobacillus harbinensis	304207	S	187	22	209	0.00001
Lactiplantibacillus plantarum	1590	S	74	109	183	0.00001
Lactiplantibacillus pentosus	1589	S	55	14	69	0.00000
Lactiplantibacillus paraplantarum	60520	S	20	5	25	0.00000
Ligilactobacillus ruminis	1623	S	63	25	88	0.00001
Ligilactobacillus animalis	1605	S	23	27	50	0.00000
Ligilactobacillus agilis	1601	S	16	11	27	0.00000
Ligilactobacillus murinus	1622	S	16	12	28	0.00000
Ligilactobacillus saerimneri	228229	S	12	16	28	0.00000
Ligilactobacillus salivarius	1624	S	11	13	24	0.00000
Lentilactobacillus parabuchneri	152331	S	37	11	48	0.00000
Lentilactobacillus buchneri	1581	S	30	10	40	0.00000
Lentilactobacillus hilgardii	1588	S	24	6	30	0.00000
Lentilactobacillus kefiri	33962	S	11	3	14	0.00000
Lentilactobacillus curieae	1138822	S	10	2	12	0.00000
Secundilactobacillus paracollinoides	240427	S	71	25	96	0.00001
Secundilactobacillus malefermentans	176292	S	10	4	14	0.00000
Latilactobacillus sakei	1599	S	31	13	44	0.00000
Latilactobacillus curvatus	28038	S	22	11	33	0.00000
Latilactobacillus fuchuensis	164393	S	16	0	16	0.00000
Pediococcus acidilactici	1254	S	26	13	39	0.00000
Pediococcus inopinatus	114090	S	18	10	28	0.00000
Pediococcus pentosaceus	1255	S	14	6	20	0.00000
Liquorilactobacillus hordei	468911	S	34	23	57	0.00000
Liquorilactobacillus nagelii	82688	S	14	11	25	0.00000
Loigolactobacillus coryniformis	1610	S	26	24	50	0.00000
Loigolactobacillus backii	375175	S	21	10	31	0.00000
Oenococcus kitaharae	336988	S	32	2	34	0.00000
Oenococcus oeni	1247	S	10	3	13	0.00000
Furfurilactobacillus rossiae	231049	S	35	6	41	0.00000
Paucilactobacillus nenjiangensis	1296540	S	11	8	19	0.00000
Paucilactobacillus hokkaidonensis	1193095	S	10	4	14	0.00000
Apilactobacillus kunkeei	148814	S	13	4	17	0.00000
Amylolactobacillus amylophilus	1603	S	18	16	34	0.00000
Acetilactobacillus jinshanensis	1720083	S	16	0	16	0.00000
Periweissella cryptocerci	2506420	S	16	2	18	0.00000
Bombilactobacillus bombi	1303590	S	12	2	14	0.00000
Streptococcus sanguinis	1305	S	79	33	112	0.00001
Streptococcus sp. HKU75	2781599	S	21	13	34	0.00000
Streptococcus suis	1307	S	64	59	123	0.00001
Streptococcus oralis	1303	S	40	50	90	0.00001
Streptococcus equi	1336	S	24	6	30	0.00000
Streptococcus gordonii	1302	S	30	14	44	0.00000
Streptococcus salivarius	1304	S	29	57	86	0.00001
Streptococcus cristatus	45634	S	28	43	71	0.00000
Streptococcus ferus	1345	S	22	5	27	0.00000
Streptococcus sobrinus	1310	S	21	4	25	0.00000
Streptococcus himalayensis	1888195	S	20	5	25	0.00000
Streptococcus pyogenes	1314	S	20	265	285	0.00002
Streptococcus thermophilus	1308	S	18	360	378	0.00002
Streptococcus pneumoniae	1313	S	18	45	63	0.00000
Streptococcus uberis	1349	S	16	8	24	0.00000
Streptococcus respiraculi	2021971	S	14	3	17	0.00000
Streptococcus merionis	400065	S	14	2	16	0.00000
Streptococcus chenjunshii	2173853	S	13	1	14	0.00000
Streptococcus mitis	28037	S	12	13	25	0.00000
Streptococcus equinus	1335	S	12	11	23	0.00000
Streptococcus mutans	1309	S	11	9	20	0.00000
Streptococcus ratti	1341	S	11	1	12	0.00000
Streptococcus infantis	68892	S	11	5	16	0.00000
Streptococcus australis	113107	S	11	17	28	0.00000
Streptococcus parasanguinis	1318	S	10	5	15	0.00000
Lactococcus lactis	1358	S	58	115	173	0.00001
Lactococcus raffinolactis	1366	S	27	12	39	0.00000
Lactococcus garvieae	1363	S	26	31	57	0.00000
Lactococcus allomyrinae	2419773	S	10	2	12	0.00000
Enterococcus casseliflavus	37734	S	134	226	360	0.00002
Enterococcus faecalis	1351	S	59	67	126	0.00001
Enterococcus faecium	1352	S	38	1015	1053	0.00007
Enterococcus avium	33945	S	35	20	55	0.00000
Enterococcus raffinosus	71452	S	29	18	47	0.00000
Enterococcus mundtii	53346	S	26	16	42	0.00000
Enterococcus wangshanyuanii	2005703	S	19	2	21	0.00000
Enterococcus rotai	118060	S	18	0	18	0.00000
Enterococcus gilvus	160453	S	18	7	25	0.00000
Enterococcus cecorum	44008	S	16	13	29	0.00000
Enterococcus hirae	1354	S	15	13	28	0.00000
Enterococcus durans	53345	S	14	13	27	0.00000
Enterococcus thailandicus	417368	S	13	7	20	0.00000
Vagococcus fluvialis	2738	S	30	27	57	0.00000
Vagococcus lutrae	81947	S	17	35	52	0.00000
Vagococcus coleopterorum	2714946	S	13	5	18	0.00000
Vagococcus sp. CY52-2	2925838	S	11	10	21	0.00000
Vagococcus carniphilus	218144	S	10	4	14	0.00000
Vagococcus teuberi	519472	S	10	8	18	0.00000
Tetragenococcus halophilus	51669	S	21	13	34	0.00000
Tetragenococcus koreensis	290335	S	12	7	19	0.00000
Aerococcus sanguinicola	119206	S	47	11	58	0.00000
Aerococcus urinae	1376	S	37	14	51	0.00000
Aerococcus urinaeequi	51665	S	28	136	164	0.00001
Aerococcus christensenii	87541	S	12	20	32	0.00000
Aerococcus urinaehominis	128944	S	10	2	12	0.00000
Suicoccus acidiformans	2036206	S	23	17	40	0.00000
Abiotrophia defectiva	46125	S	16	5	21	0.00000
Ignavigranum ruoffiae	89093	S	13	2	15	0.00000
Carnobacterium divergens	2748	S	20	4	24	0.00000
Carnobacterium maltaromaticum	2751	S	18	4	22	0.00000
Carnobacterium inhibens	147709	S	11	10	21	0.00000
Jeotgalibaca dankookensis	708126	S	22	8	30	0.00000
Jeotgalibaca porci	1868793	S	14	13	27	0.00000
Jeotgalibaca ciconiae	2496265	S	12	11	23	0.00000
Dolosigranulum pigrum	29394	S	31	10	41	0.00000
Marinilactibacillus sp. 15R	1911586	S	14	5	19	0.00000
Thermaerobacter sp. FW80	2546351	S	2929	643	3572	0.00023
Thermaerobacter sp. PB12/4term	2293838	S	2229	579	2808	0.00018
Thermaerobacter marianensis	73919	S	2599	658	3257	0.00021
Intestinimonas butyriciproducens	1297617	S	578	244	822	0.00005
Flintibacter sp. KGMB00164	2610895	S	358	47	405	0.00003
Aminipila butyrica	433296	S	53	5	58	0.00000
Aminipila luticellarii	2507160	S	50	5	55	0.00000
Aminipila terrae	2697030	S	48	4	52	0.00000
Emergencia timonensis	1776384	S	124	49	173	0.00001
Mogibacterium pumilum	86332	S	12	9	21	0.00000
Mogibacterium diversum	114527	S	10	9	19	0.00000
Massilistercora timonensis	2086584	S	193	217	410	0.00003
Carboxydocella thermautotrophica	178899	S	123	13	136	0.00001
Fenollaria sp. EMRHCC_24	2811778	S	12	30	42	0.00000
Faecalibacterium prausnitzii	853	S	1792	1856	3648	0.00023
Dysosmobacter sp. Marseille-Q4140	2830675	S	797	383	1180	0.00008
Dysosmobacter welbionis	2093857	S	480	372	852	0.00005
Flavonifractor plautii	292800	S	1089	304	1393	0.00009
Vescimonas coprocola	2714355	S	372	345	717	0.00005
Vescimonas fastidiosa	2714353	S	254	433	687	0.00004
Ethanoligenens harbinense	253239	S	610	36	646	0.00004
Ruthenibacterium lactatiformans	1550024	S	492	156	648	0.00004
Caproiciproducens sp. NJN-50	2507162	S	438	61	499	0.00003
Oscillibacter sp. NSJ-62	2763056	S	411	144	555	0.00004
Anaerotruncus colihominis	169435	S	397	230	627	0.00004
Acutalibacter muris	1796620	S	365	19	384	0.00002
Caproicibacter fermentans	2576756	S	280	18	298	0.00002
Ruminococcus champanellensis	1161942	S	114	7	121	0.00001
Ruminococcus albus	1264	S	57	2	59	0.00000
Ruminococcus bicirculans	1160721	S	22	5	27	0.00000
Ruminococcus bovis	2564099	S	20	3	23	0.00000
Pusillibacter faecalis	2714358	S	218	161	379	0.00002
Solibaculum mannosilyticum	2780922	S	179	189	368	0.00002
Caproicibacterium amylolyticum	2766537	S	76	5	81	0.00001
Caproicibacterium lactatifermentans	2666138	S	73	8	81	0.00001
Acetivibrio thermocellus	1515	S	44	3	47	0.00000
Acetivibrio clariflavus	288965	S	39	28	67	0.00000
Acetivibrio saccincola	1677857	S	19	13	32	0.00000
Thermoclostridium stercorarium	1510	S	48	5	53	0.00000
Pseudoclostridium thermosuccinogenes	84032	S	41	10	51	0.00000
Ruminiclostridium herbifermentans	2488810	S	22	5	27	0.00000
Mageeibacillus indolicus	884684	S	27	41	68	0.00000
Monoglobus pectinilyticus	1981510	S	26	14	40	0.00000
Fastidiosipila sanguinis	236753	S	23	14	37	0.00000
Symbiobacterium thermophilum	2734	S	3414	331	3745	0.00024
[Clostridium] hylemonae	89153	S	195	57	252	0.00002
[Clostridium] scindens	29347	S	179	80	259	0.00002
Lachnoclostridium phocaeense	1871021	S	161	153	314	0.00002
Lachnoclostridium sp. YL32	1834196	S	23	39	62	0.00000
Lachnoclostridium phytofermentans	66219	S	15	0	15	0.00000
Blautia producta	33035	S	94	21	115	0.00001
Blautia sp. NBRC 113351	2877527	S	63	78	141	0.00001
Blautia sp. SC05B48	2479767	S	19	58	77	0.00000
Blautia pseudococcoides	1796616	S	72	11	83	0.00001
Blautia liquoris	2779518	S	37	3	40	0.00000
Blautia argi	1912897	S	19	19	38	0.00000
Blautia obeum	40520	S	18	18	36	0.00000
Blautia massiliensis	1737424	S	13	31	44	0.00000
Lachnospiraceae bacterium NSJ-29	2763667	S	126	42	168	0.00001
Lachnospiraceae bacterium NSJ-38	2763669	S	116	49	165	0.00001
Lachnospiraceae bacterium sunii NSJ-8	2763672	S	54	46	100	0.00001
Lachnospiraceae bacterium NSJ-4	2763670	S	23	24	47	0.00000
Roseburia hominis	301301	S	104	120	224	0.00001
Roseburia intestinalis	166486	S	50	71	121	0.00001
Roseburia sp. NSJ-69	2763062	S	11	5	16	0.00000
Enterocloster bolteae	208479	S	145	47	192	0.00001
Enterocloster clostridioformis	1531	S	27	84	111	0.00001
Anaerocolumna cellulosilytica	433286	S	78	4	82	0.00001
Anaerocolumna chitinilytica	1727145	S	44	2	46	0.00000
Anaerocolumna sedimenticola	2696063	S	44	3	47	0.00000
Coprococcus comes	410072	S	65	78	143	0.00001
Coprococcus catus	116085	S	46	27	73	0.00000
Coprococcus eutactus	33043	S	18	19	37	0.00000
Coprococcus sp. ART55/1	751585	S	14	13	27	0.00000
Anaerostipes rhamnosivorans	1229621	S	61	26	87	0.00001
Anaerostipes caccae	105841	S	59	13	72	0.00000
Anaerostipes hadrus	649756	S	11	11	22	0.00000
Lacrimispora sphenoides	29370	S	66	7	73	0.00000
Lacrimispora saccharolytica	84030	S	49	9	58	0.00000
Anaerotignum propionicum	28446	S	83	9	92	0.00001
Butyrivibrio fibrisolvens	831	S	35	11	46	0.00000
Butyrivibrio proteoclasticus	43305	S	23	5	28	0.00000
Butyrivibrio hungatei	185008	S	13	3	16	0.00000
[Ruminococcus] gnavus	33038	S	36	32	68	0.00000
[Ruminococcus] torques	33039	S	16	15	31	0.00000
Sellimonas intestinalis	1653434	S	47	29	76	0.00000
Novisyntrophococcus fermenticellae	2068655	S	38	5	43	0.00000
Lachnospira eligens	39485	S	34	7	41	0.00000
Anaerobutyricum hallii	39488	S	31	12	43	0.00000
Dorea longicatena	88431	S	28	30	58	0.00000
Cellulosilyticum lentocellum	29360	S	10	12	22	0.00000
Faecalicatena sp. Marseille-Q4148	2823316	S	24	12	36	0.00000
Herbinix luporum	1679721	S	22	15	37	0.00000
[Clostridium] colinum	36835	S	15	1	16	0.00000
Pseudobutyrivibrio xylanivorans	185007	S	10	0	10	0.00000
Clostridium sp. SY8519	1042156	S	82	26	108	0.00001
Clostridium sp. M62/1	411486	S	74	100	174	0.00001
Clostridium sp. BNL1100	755731	S	39	4	43	0.00000
Clostridium sp. AWRP	2212991	S	34	13	47	0.00000
Clostridium sp. C5S11	704125	S	33	4	37	0.00000
Clostridium sp. DL-VIII	641107	S	28	5	33	0.00000
Clostridium sp. C1	1155388	S	24	25	49	0.00000
Clostridium sp. JN-9	2507159	S	18	3	21	0.00000
Clostridium sp. 'deep sea'	2779445	S	18	0	18	0.00000
Clostridium sp. JN-1	2483110	S	15	2	17	0.00000
Clostridium sp. BJN0001	2930219	S	15	4	19	0.00000
Clostridium sp. MD294	97138	S	14	1	15	0.00000
Clostridium perfringens	1502	S	87	51	138	0.00001
Clostridium botulinum	1491	S	81	78	159	0.00001
Clostridium pasteurianum	1501	S	70	13	83	0.00001
Clostridium saccharoperbutylacetonicum	36745	S	56	13	69	0.00000
Clostridium beijerinckii	1520	S	50	129	179	0.00001
Clostridium thermarum	1716543	S	47	30	77	0.00000
Clostridium baratii	1561	S	47	15	62	0.00000
Clostridium tetani	1513	S	47	7	54	0.00000
Clostridium cellulovorans	1493	S	42	7	49	0.00000
Clostridium intestinale	36845	S	38	5	43	0.00000
Clostridium argentinense	29341	S	37	6	43	0.00000
Clostridium manihotivorum	2320868	S	33	4	37	0.00000
Clostridium estertheticum	238834	S	31	7	38	0.00000
Clostridium kluyveri	1534	S	27	2	29	0.00000
Clostridium cadaveris	1529	S	26	7	33	0.00000
Clostridium butyricum	1492	S	26	5	31	0.00000
Clostridium tyrobutyricum	1519	S	25	2	27	0.00000
Clostridium aceticum	84022	S	25	3	28	0.00000
Clostridium gasigenes	94869	S	22	4	26	0.00000
Clostridium carboxidivorans	217159	S	20	6	26	0.00000
Clostridium bornimense	1216932	S	20	7	27	0.00000
Clostridium acetobutylicum	1488	S	19	1	20	0.00000
Clostridium saccharobutylicum	169679	S	19	4	23	0.00000
Clostridium drakei	332101	S	18	15	33	0.00000
Clostridium fermenticellae	2068654	S	18	2	20	0.00000
Clostridium formicaceticum	1497	S	14	3	17	0.00000
Clostridium isatidis	182773	S	14	7	21	0.00000
Clostridium diolis	223919	S	14	204	218	0.00001
Clostridium chauvoei	46867	S	11	3	14	0.00000
Hungatella hathewayi	154046	S	182	7	189	0.00001
Alkaliphilus oremlandii	461876	S	55	18	73	0.00000
Alkaliphilus sp. B6464	2731219	S	49	15	64	0.00000
Alkaliphilus metalliredigens	208226	S	17	3	20	0.00000
Crassaminicella profunda	1286698	S	20	4	24	0.00000
Crassaminicella thermophila	2599308	S	20	7	27	0.00000
Crassaminicella sp. 143-21	2855394	S	15	7	22	0.00000
Geosporobacter ferrireducens	1424294	S	44	8	52	0.00000
Caloramator sp. E03	2576307	S	37	4	41	0.00000
Serpentinicella alkaliphila	1734049	S	22	4	26	0.00000
Hathewaya histolytica	1498	S	21	9	30	0.00000
Paraclostridium bifermentans	1490	S	17	5	22	0.00000
Candidatus Desulforudis audaxviator	471827	S	892	60	952	0.00006
Desulforamulus ruminis	1564	S	165	30	195	0.00001
Desulforamulus ferrireducens	1833852	S	146	101	247	0.00002
Desulforamulus reducens	59610	S	52	13	65	0.00000
Acididesulfobacillus acetoxydans	1561005	S	234	10	244	0.00002
Candidatus Formimonas warabiya	1761012	S	166	14	180	0.00001
Thermanaerosceptrum fracticalcis	1712410	S	128	21	149	0.00001
Desulfofarcimen acetoxidans	58138	S	88	12	100	0.00001
Dehalobacterium formicoaceticum	51515	S	59	13	72	0.00000
Christensenella sp. Marseille-P3954	2086585	S	826	458	1284	0.00008
Christensenella minuta	626937	S	211	63	274	0.00002
Heliomicrobium modesticaldum	35701	S	886	432	1318	0.00008
Heliorestis convoluta	356322	S	57	4	61	0.00000
Eubacterium limosum	1736	S	93	119	212	0.00001
Eubacterium sp. MSJ-33	2841528	S	28	18	46	0.00000
Eubacterium sp. c-25	2841037	S	24	13	37	0.00000
Eubacterium sp. NSJ-61	2764325	S	12	20	32	0.00000
Eubacterium callanderi	53442	S	55	56	111	0.00001
Eubacterium maltosivorans	2041044	S	31	166	197	0.00001
Acetobacterium sp. KB-1	2184575	S	155	46	201	0.00001
Acetobacterium wieringae	52694	S	63	35	98	0.00001
Acetobacterium woodii	33952	S	29	5	34	0.00000
Alkalibacter sp. ES005	2815577	S	96	6	102	0.00001
Desulfosporosinus youngiae	339862	S	67	23	90	0.00001
Desulfosporosinus orientis	1563	S	61	15	76	0.00000
Desulfosporosinus acidiphilus	885581	S	52	11	63	0.00000
Desulfosporosinus meridiei	79209	S	42	18	60	0.00000
Desulfitobacterium hafniense	49338	S	124	18	142	0.00001
Desulfitobacterium dichloroeliminans	233055	S	47	43	90	0.00001
Desulfitobacterium dehalogenans	36854	S	38	6	44	0.00000
Desulfitobacterium metallireducens	142877	S	27	6	33	0.00000
Dehalobacter restrictus	55583	S	41	79	120	0.00001
Syntrophobotulus glycolicus	51197	S	82	6	88	0.00001
Syntrophothermus lipocalidus	86170	S	175	15	190	0.00001
Syntrophomonas wolfei	863	S	73	12	85	0.00001
Candidatus Contubernalis alkalaceticum	338645	S	64	3	67	0.00000
Candidatus Syntrophocurvum alkaliphilum	2293317	S	32	6	38	0.00000
Clostridioides difficile	1496	S	47	1973	2020	0.00013
Peptoclostridium acidaminophilum	1731	S	62	10	72	0.00000
Terrisporobacter sp. MCA3	2813371	S	39	5	44	0.00000
Romboutsia sp. CE17	2724150	S	16	5	21	0.00000
Romboutsia hominis	1507512	S	10	3	13	0.00000
Filifactor alocis	143361	S	23	35	58	0.00000
Tepidibacter sp. 8C15b	2925782	S	18	4	22	0.00000
Paeniclostridium sordellii	1505	S	14	3	17	0.00000
Desulfoscipio gibsoniae	102134	S	177	16	193	0.00001
Thermincola potens	863643	S	121	11	132	0.00001
Desulfotomaculum nigrificans	1565	S	98	42	140	0.00001
Vallitalea pronyensis	1348613	S	22	4	26	0.00000
Vallitalea guaymasensis	1185412	S	13	3	16	0.00000
Petrocella atlantisensis	2173034	S	24	4	28	0.00000
Caloranaerobacter azorensis	116090	S	49	7	56	0.00000
Alkalicella caledoniensis	2731377	S	33	4	37	0.00000
Moorella sp. Hama-1	2138101	S	425	102	527	0.00003
Moorella thermoacetica	1525	S	397	78	475	0.00003
Moorella glycerini	55779	S	348	38	386	0.00002
Ammonifex degensii	42838	S	549	22	571	0.00004
Gelria sp. Kuro-4	2796927	S	1162	94	1256	0.00008
Thermacetogenium phaeum	85874	S	393	363	756	0.00005
Carboxydothermus hydrogenoformans	129958	S	195	18	213	0.00001
Thermoanaerobacter mathranii	583357	S	41	90	131	0.00001
Thermoanaerobacter kivui	2325	S	14	11	25	0.00000
Thermanaeromonas toyohensis	161154	S	123	4	127	0.00001
Caldanaerobacter subterraneus	911092	S	53	56	109	0.00001
Caldicellulosiruptor changbaiensis	1222016	S	16	36	52	0.00000
Caldicellulosiruptor acetigenus	301953	S	14	14	28	0.00000
Caldicellulosiruptor saccharolyticus	44001	S	11	21	32	0.00000
Thermoanaerobacterium thermosaccharolyticum	1517	S	23	55	78	0.00001
Thermoanaerobacterium sp. RBIITD	1550240	S	12	9	21	0.00000
Mahella australiensis	252966	S	127	68	195	0.00001
Zhaonella formicivorans	2528593	S	126	20	146	0.00001
Thermodesulfobium acidiphilum	1794699	S	37	53	90	0.00001
Iocasia fonsfrigidae	2682810	S	70	5	75	0.00000
Halothermothrix orenii	31909	S	58	8	66	0.00000
Halanaerobium praevalens	2331	S	15	16	31	0.00000
Halanaerobium hydrogeniformans	656519	S	10	9	19	0.00000
Anoxybacter fermentans	1323375	S	124	22	146	0.00001
Halobacteroides halobius	42422	S	64	6	70	0.00000
Acetohalobium arabaticum	28187	S	38	2	40	0.00000
Biomaibacter acetigenes	2316383	S	119	8	127	0.00001
Tepidanaerobacter acetatoxydans	499229	S	45	2	47	0.00000
Thermosediminibacter oceani	291990	S	156	13	169	0.00001
Natranaerofaba carboxydovora	2742683	S	66	3	69	0.00000
Natranaerobius thermophilus	375929	S	47	6	53	0.00000
Koleobacter methoxysyntrophicus	2751313	S	107	10	117	0.00001
Selenomonas sp. oral taxon 126	712528	S	557	155	712	0.00005
Selenomonas sp. oral taxon 920	1884263	S	381	91	472	0.00003
Selenomonas sp. oral taxon 136	713030	S	167	228	395	0.00003
Selenomonas sp. oral taxon 478	712538	S	162	234	396	0.00003
Selenomonas sputigena	69823	S	1005	89	1094	0.00007
Selenomonas timonae	2754044	S	388	189	577	0.00004
Selenomonas ruminantium	971	S	194	18	212	0.00001
Megamonas funiformis	437897	S	10	66	76	0.00000
Pectinatus frisingensis	865	S	19	1	20	0.00000
Sporomusa termitida	2377	S	230	30	260	0.00002
Methylomusa anaerophila	1930071	S	123	8	131	0.00001
Pelosinus fermentans	365349	S	38	8	46	0.00000
Pelosinus sp. UFO1	484770	S	34	12	46	0.00000
Megasphaera elsdenii	907	S	337	202	539	0.00003
Megasphaera stantonii	2144175	S	332	201	533	0.00003
Megasphaera massiliensis	1232428	S	134	49	183	0.00001
Dialister pneumosintes	39950	S	25	108	133	0.00001
Veillonella rodentium	248315	S	24	16	40	0.00000
Veillonella parvula	29466	S	11	14	25	0.00000
Acidaminococcus fermentans	905	S	275	43	318	0.00002
Acidaminococcus intestini	187327	S	75	9	84	0.00001
Phascolarctobacterium faecium	33025	S	80	7	87	0.00001
Phascolarctobacterium succinatutens	626940	S	51	123	174	0.00001
Phascolarctobacterium sp. Marseille-Q4147	2823317	S	34	24	58	0.00000
Limnochorda pilosa	1555112	S	3515	161	3676	0.00023
Peptoniphilus ivorii	54006	S	166	41	207	0.00001
Peptoniphilus harei	54005	S	17	19	36	0.00000
Murdochiella vaginalis	1852373	S	91	92	183	0.00001
Anaerococcus mediterraneensis	1870984	S	22	53	75	0.00000
Finegoldia magna	1260	S	22	28	50	0.00000
Helcococcus kunzii	40091	S	13	6	19	0.00000
Miniphocaeibacter halophilus	2931922	S	12	0	12	0.00000
Parvimonas micra	33033	S	11	20	31	0.00000
Tissierella sp. JN-28	2507161	S	28	6	34	0.00000
Gudongella oleilytica	1582259	S	21	4	25	0.00000
Schnuerera ultunensis	45497	S	15	10	25	0.00000
Gottschalkia acidurici	1556	S	62	7	69	0.00000
Ezakiella coagulans	46507	S	64	175	239	0.00002
Ezakiella massiliensis	1852374	S	33	20	53	0.00000
Sedimentibacter sp. zth1	2816908	S	31	4	35	0.00000
Allobaculum sp. Allo2	2853432	S	99	18	117	0.00001
Allobaculum mucolyticum	2834459	S	73	16	89	0.00001
Faecalibaculum rodentium	1702221	S	143	31	174	0.00001
[Clostridium] innocuum	1522	S	58	50	108	0.00001
Erysipelothrix larvae	1514105	S	13	14	27	0.00000
Bulleidia sp. zg-1006	2806552	S	30	12	42	0.00000
Faecalitalea cylindroides	39483	S	23	46	69	0.00000
Intestinibaculum porci	2487118	S	22	10	32	0.00000
Faecalibacillus intestinalis	1982626	S	15	16	31	0.00000
Longicatena caecimuris	1796635	S	10	16	26	0.00000
Turicibacter sanguinis	154288	S	11	9	20	0.00000
Ndongobacter massiliensis	1871025	S	130	111	241	0.00002
endosymbiont 'TC1' of Trimyema compressum	243899	S	63	4	67	0.00000
Deinococcus sp. NW-56	2080419	S	1718	247	1965	0.00013
Deinococcus sp. TS-293	2737050	S	1387	148	1535	0.00010
Deinococcus sp. KNUC1210	2917691	S	1115	49	1164	0.00007
Deinococcus sp. AJ005	2652443	S	890	77	967	0.00006
Deinococcus sp. QL22	2939437	S	589	49	638	0.00004
Deinococcus maricopensis	309887	S	2049	195	2244	0.00014
Deinococcus ficus	317577	S	2045	199	2244	0.00014
Deinococcus gobiensis	502394	S	2034	283	2317	0.00015
Deinococcus metallilatus	1211322	S	1960	230	2190	0.00014
Deinococcus actinosclerus	1768108	S	1922	1147	3069	0.00020
Deinococcus irradiatisoli	2202254	S	1519	146	1665	0.00011
Deinococcus peraridilitoris	432329	S	1377	73	1450	0.00009
Deinococcus wulumuqiensis	980427	S	1316	500	1816	0.00012
Deinococcus radiopugnans	57497	S	1109	141	1250	0.00008
Deinococcus radiodurans	1299	S	1056	1739	2795	0.00018
Deinococcus geothermalis	68909	S	980	154	1134	0.00007
Deinococcus soli (ex Cha et al. 2016)	1309411	S	800	738	1538	0.00010
Deinococcus psychrotolerans	2489213	S	776	23	799	0.00005
Deinococcus proteolyticus	55148	S	729	158	887	0.00006
Deinococcus deserti	310783	S	678	50	728	0.00005
Deinococcus radiophilus	32062	S	423	85	508	0.00003
Deinococcus puniceus	1182568	S	326	50	376	0.00002
Thermus thermophilus	274	S	1323	1474	2797	0.00018
Thermus sp. CCB_US3_UF1	1111069	S	625	97	722	0.00005
Thermus sp. NEB1569	2918899	S	127	238	365	0.00002
Thermus aquaticus	271	S	614	95	709	0.00005
Thermus oshimai	56957	S	605	122	727	0.00005
Thermus brockianus	56956	S	536	109	645	0.00004
Thermus caldilimi	2483360	S	269	71	340	0.00002
Thermus scotoductus	37636	S	142	226	368	0.00002
Thermus parvatiensis	456163	S	104	523	627	0.00004
Oceanithermus profundus	187137	S	3225	377	3602	0.00023
Meiothermus silvanus	52022	S	1012	173	1185	0.00008
Meiothermus ruber	277	S	785	317	1102	0.00007
Meiothermus taiwanensis	172827	S	781	299	1080	0.00007
Marinithermus hydrothermalis	186192	S	1904	345	2249	0.00014
Truepera radiovictrix	332249	S	2575	151	2726	0.00017
Synechococcus sp. CBW1004	1353136	S	1081	283	1364	0.00009
Synechococcus sp. RSCCF101	2511069	S	979	237	1216	0.00008
Synechococcus sp. CBW1107	2789857	S	856	168	1024	0.00007
Synechococcus sp. JA-3-3Ab	321327	S	582	142	724	0.00005
Synechococcus sp. CBW1108	1353147	S	578	81	659	0.00004
Synechococcus sp. SynAce01	1916956	S	565	63	628	0.00004
Synechococcus sp. CB0101	232348	S	472	105	577	0.00004
Synechococcus sp. JA-2-3B'a(2-13)	321332	S	430	95	525	0.00003
Synechococcus sp. NB0720_10	2907159	S	380	102	482	0.00003
Synechococcus sp. LTW-R	2751170	S	368	91	459	0.00003
Synechococcus sp. RS9909	221352	S	362	132	494	0.00003
Synechococcus sp. LA31	2741953	S	319	72	391	0.00002
Synechococcus sp. A10-1-5-1	2936507	S	286	66	352	0.00002
Synechococcus sp. PCC 7336	195250	S	282	10	292	0.00002
Synechococcus sp. HK01-R	2751171	S	280	48	328	0.00002
Synechococcus sp. WH 8101	59932	S	242	82	324	0.00002
Synechococcus sp. Minos11	221341	S	237	17	254	0.00002
Synechococcus sp. KORDI-100	1280380	S	206	14	220	0.00001
Synechococcus sp. KORDI-52	585425	S	185	58	243	0.00002
Synechococcus sp. BMK-MC-1	1442551	S	185	73	258	0.00002
Synechococcus sp. NOUM97013	1442555	S	182	29	211	0.00001
Synechococcus sp. BIOS-E4-1	1400864	S	166	17	183	0.00001
Synechococcus sp. PROS-U-1	1400866	S	159	28	187	0.00001
Synechococcus sp. MEDNS5	1442554	S	142	46	188	0.00001
Synechococcus sp. KORDI-49	585423	S	140	133	273	0.00002
Synechococcus sp. A15-62	1050657	S	120	80	200	0.00001
Synechococcus sp. PROS-7-1	1442556	S	110	47	157	0.00001
Synechococcus sp. A15-127	1050624	S	96	91	187	0.00001
Synechococcus sp. PCC 6312	195253	S	94	4	98	0.00001
Synechococcus sp. BIOS-U3-1	1400865	S	92	10	102	0.00001
Synechococcus sp. MIT S9220	166309	S	88	13	101	0.00001
Synechococcus sp. A15-44	1050646	S	81	135	216	0.00001
Synechococcus sp. CBW1002	1353134	S	76	603	679	0.00004
Synechococcus sp. ROS8604	1442557	S	76	18	94	0.00001
Synechococcus sp. WH 8109	166314	S	74	53	127	0.00001
Synechococcus sp. NIES-970	1827144	S	73	12	85	0.00001
Synechococcus sp. CBW1006	1353138	S	72	502	574	0.00004
Synechococcus sp. PCC 7003	374981	S	67	19	86	0.00001
Synechococcus sp. RS9907	221350	S	62	135	197	0.00001
Synechococcus sp. CC9902	316279	S	61	6	67	0.00000
Synechococcus sp. WH 8020	32052	S	53	9	62	0.00000
Synechococcus sp. RS9902	221345	S	52	99	151	0.00001
Synechococcus sp. TAK9802	1442558	S	49	111	160	0.00001
Synechococcus sp. PROS-9-1	1968775	S	44	10	54	0.00000
Synechococcus sp. M16.1	1442553	S	38	106	144	0.00001
Synechococcus sp. SYN20	1050714	S	38	53	91	0.00001
Synechococcus sp. CC9311	64471	S	34	8	42	0.00000
Synechococcus sp. MVIR-18-1	1386941	S	33	54	87	0.00001
Synechococcus sp. PCC 7502	1173263	S	31	1	32	0.00000
Synechococcus sp. A18-25c	1866938	S	29	198	227	0.00001
Synechococcus sp. PCC 8807	195248	S	22	119	141	0.00001
Synechococcus sp. PCC 11901	2579791	S	18	79	97	0.00001
Synechococcus sp. PCC 73109	374982	S	18	77	95	0.00001
Synechococcus sp. PCC 7117	195498	S	15	66	81	0.00001
Synechococcus sp. A15-60	1050655	S	11	72	83	0.00001
Synechococcus sp. PCC 7002	32049	S	10	41	51	0.00000
Synechococcus elongatus	32046	S	479	25	504	0.00003
Dactylococcopsis salina	292566	S	101	37	138	0.00001
Cyanobium sp. NIES-981	1851505	S	949	307	1256	0.00008
Cyanobium sp. NS01	261284	S	831	300	1131	0.00007
Cyanobium gracile	59930	S	1319	279	1598	0.00010
Parasynechococcus marenigrum	2881428	S	236	73	309	0.00002
Prochlorococcus marinus	1219	S	176	30	206	0.00001
Acaryochloris marina	155978	S	116	34	150	0.00001
Acaryochloris sp. 'Moss Beach'	2740837	S	40	62	102	0.00001
Synechocystis sp. PCC 6714	1147	S	44	5	49	0.00000
Synechocystis sp. CACIAM 05	1933929	S	20	19	39	0.00000
Synechocystis sp. PCC 7338	2732530	S	13	140	153	0.00001
Chamaesiphon minutus	1173032	S	224	12	236	0.00002
Nostoc sp. NIES-4103	2005458	S	208	27	235	0.00002
Nostoc sp. ATCC 53789	76335	S	152	188	340	0.00002
Nostoc sp. UHCC 0702	2814655	S	150	18	168	0.00001
Nostoc sp. C052	2576902	S	140	28	168	0.00001
Nostoc sp. CENA543	1869241	S	111	11	122	0.00001
Nostoc sp. TCL26-01	2576904	S	105	8	113	0.00001
Nostoc sp. UHCC 0870	2914041	S	93	11	104	0.00001
Nostoc sp. MS1	2764711	S	86	12	98	0.00001
Nostoc sp. 'Lobaria pulmonaria (5183) cyanobiont'	1618022	S	73	13	86	0.00001
Nostoc sp. PCC 7524	28072	S	72	8	80	0.00001
Nostoc sp. 'Peltigera membranacea cyanobiont' N6	1261031	S	70	17	87	0.00001
Nostoc sp. C057	2576903	S	66	80	146	0.00001
Nostoc sp. NIES-2111	1973475	S	52	77	129	0.00001
Nostoc sp. PCC 7107	317936	S	51	21	72	0.00000
Nostoc sp. TCL240-02	2572090	S	35	16	51	0.00000
Nostoc sp. NIES-3756	1751286	S	23	44	67	0.00000
Nostoc sp. PCC 7120 = FACHB-418	103690	S	15	252	267	0.00002
Nostoc flagelliforme	1306274	S	153	47	200	0.00001
Nostoc linckia	92942	S	140	27	167	0.00001
Nostoc edaphicum	264686	S	121	28	149	0.00001
Nostoc punctiforme	272131	S	111	66	177	0.00001
Nostoc sphaeroides	446679	S	101	58	159	0.00001
Nostoc piscinale	224012	S	89	15	104	0.00001
Nostoc commune	1178	S	59	16	75	0.00000
Anabaena sp. WA102	1647413	S	133	233	366	0.00002
Anabaena sp. 90	46234	S	33	257	290	0.00002
Anabaena sp. YBS01	2490939	S	13	431	444	0.00003
Anabaena cylindrica	1165	S	118	18	136	0.00001
Cylindrospermum stagnale	142864	S	152	15	167	0.00001
Trichormus azollae	1164	S	75	7	82	0.00001
Richelia sinica	1357545	S	40	4	44	0.00000
Calothrix sp. NIES-2100	1954172	S	174	123	297	0.00002
Calothrix sp. PCC 7716	2853227	S	169	128	297	0.00002
Calothrix sp. NIES-3974	2005462	S	155	13	168	0.00001
Calothrix sp. PCC 7507	99598	S	129	30	159	0.00001
Calothrix sp. NIES-2098	1954171	S	91	60	151	0.00001
Calothrix sp. 336/3	1337936	S	57	18	75	0.00000
Calothrix sp. PCC 6303	1170562	S	56	18	74	0.00000
Calothrix parasitica	1973486	S	188	10	198	0.00001
Calothrix brevissima	938406	S	169	71	240	0.00002
Scytonema sp. NIES-4073	2005464	S	450	162	612	0.00004
Scytonema sp. HK-05	1137095	S	238	72	310	0.00002
Brasilonema sennae	1397703	S	192	19	211	0.00001
Sphaerospermopsis torques-reginae	984207	S	118	37	155	0.00001
Sphaerospermopsis kisseleviana	289435	S	116	39	155	0.00001
Nodularia sphaerocarpa	137816	S	115	26	141	0.00001
Nodularia spumigena	70799	S	104	16	120	0.00001
Dolichospermum compactum	136073	S	83	104	187	0.00001
Dolichospermum sp. UHCC 0315A	1914871	S	24	168	192	0.00001
Dolichospermum flos-aquae	1166	S	18	150	168	0.00001
Anabaenopsis circularis	109266	S	50	29	79	0.00001
Anabaenopsis elenkinii	156213	S	29	4	33	0.00000
Tolypothrix sp. PCC 7910	2099387	S	169	46	215	0.00001
Tolypothrix tenuis	457083	S	82	32	114	0.00001
Fischerella sp. NIES-3754	1752063	S	121	23	144	0.00001
Fischerella sp. NIES-4106	2005456	S	93	10	103	0.00001
Rivularia sp. PCC 7116	373994	S	66	4	70	0.00000
Leptolyngbya sp. 7M	2812896	S	3238	239	3477	0.00022
Leptolyngbya sp. BL0902	1115757	S	497	30	527	0.00003
Leptolyngbya sp. NIES-3755	1752064	S	116	11	127	0.00001
Leptolyngbya sp. PCC 7376	111781	S	63	5	68	0.00000
Leptolyngbya boryana	1184	S	133	0	133	0.00001
Kovacikia minuta	2931930	S	474	43	517	0.00003
Leptothermofonsia sichuanensis	2917832	S	278	23	301	0.00002
Leptodesmis sichuanensis	2906798	S	220	22	242	0.00002
Thermoleptolyngbya sp. PKUAC-SCTB121	2811482	S	36	676	712	0.00005
Halomicronema hongdechloris	1209493	S	404	16	420	0.00003
Thermosynechococcus sp. NK55a	1394889	S	101	42	143	0.00001
Thermosynechococcus sp. TA-1	2813673	S	36	29	65	0.00000
Thermosynechococcus sp. CL-1	2583530	S	34	29	63	0.00000
Thermosynechococcus vestitus	146786	S	108	35	143	0.00001
Pseudanabaena sp. PCC 7367	82654	S	123	4	127	0.00001
Pseudanabaena sp. ABRG5-3	685565	S	61	3	64	0.00000
Gloeobacter kilaueensis	1416614	S	1587	45	1632	0.00010
Gloeobacter morelensis	2907343	S	1273	540	1813	0.00012
Gloeobacter violaceus	33072	S	1142	532	1674	0.00011
Anthocerotibacter panamensis	2857077	S	389	10	399	0.00003
Moorena producens	1155739	S	750	18	768	0.00005
Oscillatoria nigro-viridis	482564	S	230	105	335	0.00002
Oscillatoria acuminata	118323	S	127	7	134	0.00001
Geitlerinema sp. PCC 7407	1173025	S	794	115	909	0.00006
Allocoleopsis franciscana	2886352	S	179	18	197	0.00001
Oxynema aestuarii	2874213	S	329	28	357	0.00002
Microcoleus vaginatus	119532	S	199	65	264	0.00002
Planktothrix rubescens	59512	S	34	18	52	0.00000
Planktothrix agardhii	1160	S	26	19	45	0.00000
[Phormidium] sp. ETS-05	222819	S	229	13	242	0.00002
Crinalium epipsammum	241425	S	80	9	89	0.00001
Microcystis aeruginosa	1126	S	268	246	514	0.00003
Microcystis sp. MC19	1967666	S	45	23	68	0.00000
Gloeothece citriformis	2546356	S	79	7	86	0.00001
Gloeothece verrucosa	2546359	S	42	3	45	0.00000
Rippkaea orientalis	2546366	S	82	11	93	0.00001
Halothece sp. PCC 7418	65093	S	48	15	63	0.00000
Euhalothece natronophila	577489	S	20	2	22	0.00000
Crocosphaera subtropica	2546360	S	54	7	61	0.00000
Gloeocapsa sp. PCC 7428	1173026	S	94	9	103	0.00001
Geminocystis sp. NIES-3709	1617448	S	27	6	33	0.00000
Geminocystis sp. NIES-3708	1615909	S	19	5	24	0.00000
Geminocystis herdmanii	669359	S	34	8	42	0.00000
Chondrocystis sp. NIES-4102	2005460	S	39	5	44	0.00000
Cyanobacterium aponinum	379064	S	50	13	63	0.00000
Chroococcidiopsis sp. CCMEE 29	155894	S	363	64	427	0.00003
Chroococcidiopsis sp. CCNUC1	2653189	S	61	76	137	0.00001
Chroococcidiopsis thermalis	54299	S	118	160	278	0.00002
Pleurocapsa sp. PCC 7327	118163	S	137	16	153	0.00001
Stanieria cyanosphaera	102116	S	26	11	37	0.00000
Stanieria sp. NIES-3757	1807358	S	18	6	24	0.00000
Gloeomargarita lithophora	1188228	S	150	5	155	0.00001
Thermostichus lividus	33070	S	97	13	110	0.00001
cyanobacterium endosymbiont of Epithemia turgida	718217	S	16	3	19	0.00000
Sphaerobacter thermophilus	2057	S	7958	492	8450	0.00054
Thermomicrobium roseum	500	S	1824	36	1860	0.00012
Roseiflexus sp. RS-1	357808	S	1892	269	2161	0.00014
Roseiflexus castenholzii	120962	S	1791	278	2069	0.00013
Chloroflexus aurantiacus	1108	S	841	74	915	0.00006
Chloroflexus aggregans	152260	S	647	95	742	0.00005
Tepidiforma bonchosmolovskayae	2601677	S	5341	252	5593	0.00036
Candidatus Promineofilum breve	1806508	S	5152	116	5268	0.00034
Anaerolinea thermophila	167964	S	1164	117	1281	0.00008
Pelolinea submarina	913107	S	916	43	959	0.00006
Brevefilum fermentans	1986204	S	371	14	385	0.00002
Caldilinea aerophila	133453	S	2404	164	2568	0.00016
Dehalogenimonas formicexedens	1839801	S	470	126	596	0.00004
Dehalogenimonas sp. GP	1536648	S	369	98	467	0.00003
Dehalococcoides mccartyi	61435	S	124	300	424	0.00003
Ktedonosporobacter rubrisoli	2509675	S	911	28	939	0.00006
Phototrophicus methaneseepsis	2710758	S	864	10	874	0.00006
Thermobaculum terrenum	166501	S	801	131	932	0.00006
Fimbriimonas ginsengisoli	1005039	S	2696	17	2713	0.00017
Chthonomonas calidirosea	454171	S	720	6	726	0.00005
Mycoplasma sp. SG1	2810348	S	15	0	15	0.00000
Mycoplasma sp. (ex Biomphalaria glabrata)	1749074	S	10	6	16	0.00000
Mycoplasma sp. 1654_15	2725994	S	10	155	165	0.00001
Mycoplasma genitalium	2097	S	16	0	16	0.00000
Mycoplasmopsis agalactiae	2110	S	10	42	52	0.00000
Alteracholeplasma palmae	38986	S	58	13	71	0.00000
Acholeplasma hippikon	264636	S	13	7	20	0.00000
Paracholeplasma brassicae	61635	S	15	6	21	0.00000
Spiroplasma litorale	216942	S	12	53	65	0.00000
Spiroplasma platyhelix	301585	S	11	4	15	0.00000
Malacoplasma iowae	2116	S	12	5	17	0.00000
Candidatus Izimaplasma sp. HR1	1541959	S	31	3	34	0.00000
Gemmata obscuriglobus	114	S	44091	7106	51197	0.00327
Gemmata massiliana	1210884	S	17197	7506	24703	0.00158
Gemmata sp. SH-PL17	1630693	S	15700	7722	23422	0.00150
Urbifossiella limnaea	2528023	S	83085	7955	91040	0.00581
Frigoriglobus tundricola	2774151	S	50584	8589	59173	0.00378
Limnoglobus roseus	2598579	S	38762	1988	40750	0.00260
Tuwongella immobilis	692036	S	3262	156	3418	0.00022
Telmatocola sphagniphila	1123043	S	2629	29	2658	0.00017
Lacipirellula parvula	2650471	S	15463	1960	17423	0.00111
Lacipirellula limnantheis	2528024	S	15236	2244	17480	0.00112
Pirellulimonas nuda	2528009	S	11418	1415	12833	0.00082
Botrimarina mediterranea	2528022	S	9593	1021	10614	0.00068
Aeoliella mucimassa	2527972	S	3596	337	3933	0.00025
Adhaeretor mobilis	1930276	S	2192	244	2436	0.00016
Bythopirellula goksoeyrii	1400387	S	1941	159	2100	0.00013
Lignipirellula cremea	2528010	S	7212	952	8164	0.00052
Stieleria maiorica	2795974	S	3269	751	4020	0.00026
Stieleria neptunia	2527979	S	3042	376	3418	0.00022
Anatilimnocola aggregata	2528021	S	6197	782	6979	0.00045
Rosistilla oblonga	2527990	S	1782	902	2684	0.00017
Rosistilla carotiformis	2528017	S	1244	569	1813	0.00012
Rosistilla ulvae	1930277	S	1170	725	1895	0.00012
Bremerella volcania	2527984	S	4629	402	5031	0.00032
Pirellula staleyi	125	S	3365	144	3509	0.00022
Pirellula sp. SH-Sr6A	1632865	S	917	28	945	0.00006
Roseimaritima ulvae	980254	S	2963	224	3187	0.00020
Roseimaritima multifibrata	1930274	S	813	106	919	0.00006
Rubripirellula lacrimiformis	1930273	S	1579	352	1931	0.00012
Mariniblastus fucicola	980251	S	1131	25	1156	0.00007
Rhodopirellula baltica	265606	S	1058	86	1144	0.00007
Aureliella helgolandensis	2527968	S	1003	92	1095	0.00007
Thermogutta terrifontis	1331910	S	1240	45	1285	0.00008
Tautonia plasticadhaerens	2527974	S	40053	4046	44099	0.00282
Aquisphaera giovannonii	406548	S	28377	5626	34003	0.00217
Paludisphaera borealis	1387353	S	17418	4517	21935	0.00140
Singulisphaera acidiphila	466153	S	11946	2062	14008	0.00089
Isosphaera pallida	128	S	3139	261	3400	0.00022
Planctomyces sp. SH-PL62	1636152	S	16992	7248	24240	0.00155
Planctomyces sp. SH-PL14	1632864	S	13322	945	14267	0.00091
Caulifigura coniformis	2527983	S	12128	892	13020	0.00083
Gimesia panareensis	2527978	S	2810	356	3166	0.00020
Gimesia chilikensis	2605989	S	1523	952	2475	0.00016
Gimesia maris	122	S	984	161	1145	0.00007
Gimesia alba	2527973	S	650	121	771	0.00005
Gimesia algae	2527971	S	623	166	789	0.00005
Gimesia fumaroli	2527976	S	532	113	645	0.00004
Gimesia benthica	2608982	S	432	626	1058	0.00007
Gimesia aquarii	2527964	S	419	30	449	0.00003
Maioricimonas rarisocia	2528026	S	9253	1296	10549	0.00067
Alienimonas californiensis	2527989	S	8212	679	8891	0.00057
Symmachiella dynata	2527995	S	3273	215	3488	0.00022
Rubinisphaera brasiliensis	119	S	2005	219	2224	0.00014
Fuerstiella marisgermanici	1891926	S	1769	35	1804	0.00012
Calycomorphotria hydatis	2528027	S	1758	73	1831	0.00012
Planctopirus ephydatiae	2528019	S	687	301	988	0.00006
Planctopirus limnophila	120	S	546	223	769	0.00005
Crateriforma conspicua	2527996	S	1429	354	1783	0.00011
Polystyrenella longa	2528007	S	650	63	713	0.00005
Thalassoglobus polymorphus	2527994	S	595	36	631	0.00004
Humisphaera borealis	2807512	S	16258	442	16700	0.00107
Phycisphaera mikurensis	547188	S	5132	453	5585	0.00036
Mucisphaera calidilacus	2527982	S	2530	156	2686	0.00017
Poriferisphaera corsica	2528020	S	275	2	277	0.00002
Anaerohalosphaera lusitana	1936003	S	432	16	448	0.00003
Limihaloglobus sulfuriphilus	1851148	S	223	16	239	0.00002
Sedimentisphaera cyanobacteriorum	1940790	S	81	96	177	0.00001
Sedimentisphaera salicampi	1941349	S	79	16	95	0.00001
Candidatus Kuenenia stuttgartiensis	174633	S	248	1	249	0.00002
Candidatus Uabimicrobium amorphum	2596890	S	130	2	132	0.00001
Opitutus terrae	107709	S	7995	403	8398	0.00054
Opitutus sp. GAS368	1882749	S	7125	1134	8259	0.00053
Lacunisphaera limnophila	1838286	S	5754	863	6617	0.00042
Oleiharenicola sp. KSB-15	2862869	S	3282	187	3469	0.00022
Nibricoccus aquaticus	2576891	S	3183	152	3335	0.00021
Ereboglobus luteus	1796921	S	2211	115	2326	0.00015
Ruficoccus sp. ZRK36	2866311	S	1117	179	1296	0.00008
Coraliomargarita akajimensis	395922	S	260	7	267	0.00002
Roseimicrobium sp. ORNL1	2711231	S	5274	172	5446	0.00035
Verrucomicrobium sp. GAS474	1882831	S	3128	337	3465	0.00022
Verrucomicrobium spinosum	2736	S	2111	113	2224	0.00014
Luteolibacter luteus	2728835	S	2327	114	2441	0.00016
Luteolibacter ambystomatis	2824561	S	2169	156	2325	0.00015
Sulfuriroseicoccus oceanibius	2707525	S	586	56	642	0.00004
Akkermansia muciniphila	239935	S	1174	151	1325	0.00008
Akkermansia glycaniphila	1679444	S	427	36	463	0.00003
Methylacidimicrobium sp. AP8	2730359	S	792	122	914	0.00006
Methylacidimicrobium sp. B4	2796139	S	713	145	858	0.00005
Methylacidiphilum sp. IT5	2795384	S	17	40	57	0.00000
Methylacidiphilum sp. IT6	2795386	S	15	1	16	0.00000
Methylacidiphilum infernorum	511746	S	22	50	72	0.00000
Methylacidiphilum kamchatkense	431057	S	21	1	22	0.00000
Candidatus Xiphinematobacter sp. Idaho Grape	1704307	S	154	11	165	0.00001
Kiritimatiella glycovorans	1307763	S	1212	1471	2683	0.00017
Tichowtungia aerotolerans	2697043	S	473	18	491	0.00003
Candidatus Protochlamydia naegleriophila	389348	S	42	23	65	0.00000
Candidatus Protochlamydia amoebophila	362787	S	17	9	26	0.00000
Parachlamydia acanthamoebae	83552	S	38	12	50	0.00000
Neochlamydia sp. S13	1353976	S	35	7	42	0.00000
Waddlia chondrophila	71667	S	55	12	67	0.00000
Candidatus Rhabdochlamydia porcellionis	225148	S	11	16	27	0.00000
Candidatus Rhabdochlamydia oedothoracis	2720720	S	10	11	21	0.00000
Simkania negevensis	83561	S	42	4	46	0.00000
Chlamydia trachomatis	813	S	11	43	54	0.00000
Candidatus Velamenicoccus archaeovorus	1930593	S	364	1	365	0.00002
Hymenobacter sp. 5317J-9	2932250	S	1141	247	1388	0.00009
Hymenobacter sp. PAMC 26628	1484118	S	1140	271	1411	0.00009
Hymenobacter sp. APR13	1356852	S	1003	316	1319	0.00008
Hymenobacter sp. PAMC 26554	1484116	S	992	91	1083	0.00007
Hymenobacter sp. BRD128	2675878	S	861	106	967	0.00006
Hymenobacter sp. 5116S-27	2932249	S	773	92	865	0.00006
Hymenobacter sp. 5116S-3	2932248	S	660	76	736	0.00005
Hymenobacter sp. BT18	2835648	S	619	70	689	0.00004
Hymenobacter sp. DG01	2584940	S	607	117	724	0.00005
Hymenobacter sp. NBH84	2596915	S	566	64	630	0.00004
Hymenobacter sp. 5420S-77	2932254	S	564	75	639	0.00004
Hymenobacter sp. 5413J-13	2932251	S	467	52	519	0.00003
Hymenobacter sp. S2-20-2	2761579	S	462	62	524	0.00003
Hymenobacter sp. DG25B	1385664	S	430	102	532	0.00003
Hymenobacter sp. BRD67	2675877	S	400	385	785	0.00005
Hymenobacter sp. DG25A	1385663	S	334	81	415	0.00003
Hymenobacter sp. HDW8	2714932	S	196	641	837	0.00005
Hymenobacter sp. 5516S-25	2933777	S	149	356	505	0.00003
Hymenobacter sp. 5516J-16	2932253	S	125	316	441	0.00003
Hymenobacter sp. 5414T-23	2932252	S	11	1169	1180	0.00008
Hymenobacter busanensis	2607656	S	1173	127	1300	0.00008
Hymenobacter monticola	1705399	S	1153	215	1368	0.00009
Hymenobacter sedentarius	1411621	S	971	147	1118	0.00007
Hymenobacter nivis	1850093	S	839	217	1056	0.00007
Hymenobacter oligotrophus	2319843	S	784	84	868	0.00006
Hymenobacter jejuensis	2502781	S	723	54	777	0.00005
Hymenobacter swuensis	1446467	S	528	117	645	0.00004
Hymenobacter tibetensis	497967	S	486	75	561	0.00004
Hymenobacter qilianensis	1385715	S	397	71	468	0.00003
Hymenobacter baengnokdamensis	2615203	S	386	422	808	0.00005
Hymenobacter radiodurans	2496028	S	216	740	956	0.00006
Pontibacter pudoricolor	2694930	S	3079	347	3426	0.00022
Pontibacter russatus	2694929	S	1846	180	2026	0.00013
Pontibacter actiniarum	323450	S	1018	250	1268	0.00008
Pontibacter akesuensis	388950	S	756	112	868	0.00006
Pontibacter korlensis	400092	S	583	84	667	0.00004
Pontibacter sp. SGAir0037	2571030	S	473	81	554	0.00004
Rufibacter radiotolerans	1379910	S	429	46	475	0.00003
Rufibacter tibetensis	512763	S	350	55	405	0.00003
Rufibacter sp. DG15C	1379909	S	350	182	532	0.00003
Adhaeribacter swui	2086471	S	296	37	333	0.00002
Adhaeribacter radiodurans	2745197	S	217	23	240	0.00002
Nibribacter ruber	2698458	S	311	160	471	0.00003
Spirosoma sp. CJU-R4	2728024	S	719	52	771	0.00005
Spirosoma sp. KUDC1026	2745947	S	525	44	569	0.00004
Spirosoma sp. RHs26	2898794	S	337	22	359	0.00002
Spirosoma sp. KCTC 42546	2520506	S	285	36	321	0.00002
Spirosoma sp. KCTC 72228	2710596	S	188	24	212	0.00001
Spirosoma rigui	564064	S	552	35	587	0.00004
Spirosoma taeanense	2735870	S	500	41	541	0.00003
Spirosoma montaniterrae	1178516	S	459	25	484	0.00003
Spirosoma pollinicola	2057025	S	277	32	309	0.00002
Spirosoma aerolatum	1211326	S	268	11	279	0.00002
Spirosoma radiotolerans	1379870	S	265	17	282	0.00002
Spirosoma endbachense	2666025	S	259	113	372	0.00002
Spirosoma aureum	2692134	S	184	96	280	0.00002
Rhodocytophaga rosea	2704465	S	248	7	255	0.00002
Cytophaga hutchinsonii	985	S	117	8	125	0.00001
Aquirufa sp. 9H-EGSE	2696560	S	57	19	76	0.00000
Aquirufa nivalisilvae	2516557	S	39	10	49	0.00000
Dyadobacter fermentans	94254	S	977	83	1060	0.00007
Dyadobacter sp. LJ419	2906456	S	227	13	240	0.00002
Dyadobacter sp. NIV53	2861765	S	124	6	130	0.00001
Dyadobacter sandarakinus	2747268	S	314	28	342	0.00002
Fibrella aestuarina	651143	S	956	74	1030	0.00007
Fibrella sp. ES10-3-2-2	1834519	S	438	30	468	0.00003
Runella slithyformis	106	S	326	27	353	0.00002
Runella sp. SP2	2268026	S	191	10	201	0.00001
Runella rosea	2259595	S	184	18	202	0.00001
Larkinella sp. IE-0392	2907205	S	265	17	282	0.00002
Leadbetterella byssophila	316068	S	62	26	88	0.00001
Arcticibacterium luteifluviistationis	1784714	S	39	2	41	0.00000
Chryseolinea soli	2321403	S	2156	62	2218	0.00014
Fulvivirga sp. SS9-22	2904245	S	130	9	139	0.00001
Fulvivirga sp. SW1-E11	2904247	S	81	19	100	0.00001
Fulvivirga sp. W9P-11	2904246	S	77	12	89	0.00001
Fulvivirga lutea	2810512	S	78	10	88	0.00001
Echinicola sp. SCS 3-6	2859768	S	60	20	80	0.00001
Echinicola sp. 20G	2781961	S	54	5	59	0.00000
Echinicola rosea	1807691	S	96	34	130	0.00001
Echinicola vietnamensis	390884	S	91	37	128	0.00001
Echinicola strongylocentroti	1795355	S	84	12	96	0.00001
Echinicola soli	2591634	S	79	6	85	0.00001
Algoriphagus sp. Y33	2772483	S	74	5	79	0.00001
Algoriphagus sp. NBT04N3	2705473	S	51	13	64	0.00000
Algoriphagus sanaruensis	1727163	S	68	6	74	0.00000
Algoriphagus machipongonensis	388413	S	42	2	44	0.00000
Cyclobacterium marinum	104	S	38	10	48	0.00000
Cyclobacterium amurskyense	320787	S	28	4	32	0.00000
Aquiflexum balticum	280473	S	63	8	71	0.00000
Mongoliitalea daihaiensis	2782006	S	55	5	60	0.00000
Belliella baltica	232259	S	48	18	66	0.00000
Flammeovirga pectinis	2494373	S	19	4	23	0.00000
Flammeovirga kamogawensis	373891	S	18	4	22	0.00000
Flammeovirga sp. MY04	1191459	S	13	18	31	0.00000
Flammeovirga yaeyamensis	367791	S	10	14	24	0.00000
Marivirga tractuosa	1006	S	80	25	105	0.00001
Mangrovivirga cuniculi	2715131	S	62	4	66	0.00000
Candidatus Amoebophilus asiaticus	281120	S	32	1	33	0.00000
Bernardetia litoralis	999	S	41	2	43	0.00000
Chitinophaga sp. XS-30	2604421	S	643	241	884	0.00006
Chitinophaga sp. KRA15-503	2829818	S	374	208	582	0.00004
Chitinophaga oryzae	2725414	S	719	105	824	0.00005
Chitinophaga alhagiae	2203219	S	676	13	689	0.00004
Chitinophaga filiformis	104663	S	545	85	630	0.00004
Chitinophaga pinensis	79329	S	330	68	398	0.00003
Chitinophaga agri	2703787	S	204	51	255	0.00002
Chitinophaga caeni	2029983	S	192	28	220	0.00001
Flavisolibacter tropicus	1492898	S	1367	207	1574	0.00010
Flavisolibacter ginsenosidimutans	661481	S	1074	65	1139	0.00007
Niastella koreensis	354356	S	2229	235	2464	0.00016
Pseudocnuella soli	2502779	S	1396	169	1565	0.00010
Flavihumibacter sp. IMCC34838	2838156	S	622	63	685	0.00004
Flavihumibacter sp. IMCC34837	2838157	S	409	32	441	0.00003
Paraflavitalea soli	2315862	S	1022	78	1100	0.00007
Pseudobacter ginsenosidimutans	661488	S	717	62	779	0.00005
Niabella soli	446683	S	356	43	399	0.00003
Niabella ginsenosidivorans	1176587	S	311	32	343	0.00002
Arachidicoccus sp. BS20	1850526	S	130	37	167	0.00001
Arachidicoccus sp. 5GH13-10	2875539	S	116	19	135	0.00001
Arachidicoccus sp. B3-10	2545455	S	69	5	74	0.00000
Arachidicoccus soli	2341117	S	100	10	110	0.00001
Arachidicoccus ginsenosidivorans	496057	S	96	14	110	0.00001
Phnomibacter ginsenosidimutans	2676868	S	441	51	492	0.00003
Filimonas lacunae	477680	S	371	45	416	0.00003
Lacibacter sp. S13-6-6	2760713	S	350	15	365	0.00002
Ferruginibacter sp. KIS38-8	2875540	S	185	14	199	0.00001
Ferruginibacter lapsinanis	563172	S	153	11	164	0.00001
Panacibacter ginsenosidivorans	1813871	S	312	14	326	0.00002
Rhodocaloribacter litoris	2558931	S	7283	813	8096	0.00052
Rhodothermus marinus	29549	S	5820	357	6177	0.00039
Salinibacter ruber	146919	S	3666	63	3729	0.00024
Alistipes dispar	2585119	S	724	91	815	0.00005
Alistipes onderdonkii	328813	S	722	726	1448	0.00009
Alistipes communis	2585118	S	673	414	1087	0.00007
Alistipes senegalensis	1288121	S	572	128	700	0.00004
Alistipes finegoldii	214856	S	561	488	1049	0.00007
Alistipes megaguti	2364787	S	512	59	571	0.00004
Alistipes sp. dk3624	2662363	S	479	91	570	0.00004
Alistipes shahii	328814	S	424	239	663	0.00004
Alistipes indistinctus	626932	S	395	69	464	0.00003
Prevotella sp. oral taxon 475	712471	S	104	9	113	0.00001
Prevotella sp. Rep29	2691580	S	95	12	107	0.00001
Prevotella sp. E15-22	2937774	S	85	59	144	0.00001
Prevotella sp. E13-17	2913616	S	80	27	107	0.00001
Prevotella sp. E9-3	2913621	S	57	26	83	0.00001
Prevotella sp. E2-28	2913620	S	51	28	79	0.00001
Prevotella sp. oral taxon 299	652716	S	15	1	16	0.00000
Prevotella dentalis	52227	S	331	66	397	0.00003
Prevotella denticola	28129	S	110	32	142	0.00001
Prevotella multiformis	282402	S	100	37	137	0.00001
Prevotella melaninogenica	28132	S	98	30	128	0.00001
Prevotella buccalis	28127	S	86	76	162	0.00001
Prevotella ruminicola	839	S	86	3	89	0.00001
Prevotella copri	165179	S	75	29	104	0.00001
Prevotella intermedia	28131	S	64	26	90	0.00001
Prevotella enoeca	76123	S	49	8	57	0.00000
Prevotella nigrescens	28133	S	47	24	71	0.00000
Prevotella oris	28135	S	29	3	32	0.00000
Prevotella fusca	589436	S	21	4	25	0.00000
Prevotella jejuni	1177574	S	20	7	27	0.00000
Prevotella bryantii	77095	S	19	1	20	0.00000
Prevotella herbatica	2801997	S	17	0	17	0.00000
Prevotella veroralis	28137	S	14	2	16	0.00000
Prevotella histicola	470565	S	14	2	16	0.00000
Paraprevotella xylaniphila	454155	S	95	67	162	0.00001
Pseudoprevotella muciniphila	2133944	S	74	6	80	0.00001
Bacteroides sp. CBA7301	2715212	S	61	17	78	0.00001
Bacteroides sp. M10	2763022	S	23	43	66	0.00000
Bacteroides fragilis	817	S	114	176	290	0.00002
Bacteroides cellulosilyticus	246787	S	98	29	127	0.00001
Bacteroides stercoris	46506	S	83	65	148	0.00001
Bacteroides thetaiotaomicron	818	S	75	41	116	0.00001
Bacteroides zoogleoformans	28119	S	75	18	93	0.00001
Bacteroides eggerthii	28111	S	70	63	133	0.00001
Bacteroides heparinolyticus	28113	S	68	15	83	0.00001
Bacteroides helcogenes	290053	S	68	3	71	0.00000
Bacteroides uniformis	820	S	67	201	268	0.00002
Bacteroides xylanisolvens	371601	S	58	117	175	0.00001
Bacteroides salyersiae	291644	S	55	42	97	0.00001
Bacteroides nordii	291645	S	50	29	79	0.00001
Bacteroides caccae	47678	S	48	8	56	0.00000
Bacteroides intestinalis	329854	S	43	7	50	0.00000
Bacteroides faecis	674529	S	42	27	69	0.00000
Bacteroides zhangwenhongii	2650157	S	38	21	59	0.00000
Bacteroides luhongzhouii	2650158	S	27	11	38	0.00000
Bacteroides ovatus	28116	S	24	41	65	0.00000
Bacteroides caecimuris	1796613	S	23	26	49	0.00000
Bacteroides coprosuis	151276	S	11	0	11	0.00000
Phocaeicola salanitronis	376805	S	124	44	168	0.00001
Phocaeicola coprophilus	387090	S	84	40	124	0.00001
Phocaeicola dorei	357276	S	34	50	84	0.00001
Phocaeicola vulgatus	821	S	21	22	43	0.00000
Tannerella serpentiformis	712710	S	464	21	485	0.00003
Tannerella forsythia	28112	S	126	12	138	0.00001
Parabacteroides goldsteinii	328812	S	110	24	134	0.00001
Parabacteroides merdae	46503	S	92	83	175	0.00001
Parabacteroides distasonis	823	S	85	203	288	0.00002
Parabacteroides johnsonii	387661	S	71	46	117	0.00001
Sodaliphilus pleomorphus	2606626	S	339	134	473	0.00003
Duncaniella dubosii	2518971	S	91	9	100	0.00001
Muribaculum gordoncarteri	2530390	S	141	13	154	0.00001
Muribaculum intestinale	1796646	S	90	7	97	0.00001
Porphyromonas sp. oral taxon 275	712435	S	390	33	423	0.00003
Porphyromonas gingivalis	837	S	117	14	131	0.00001
Porphyromonas asaccharolytica	28123	S	105	6	111	0.00001
Porphyromonas cangingivalis	36874	S	40	4	44	0.00000
Porphyromonas somerae	322095	S	28	5	33	0.00000
Porphyromonas crevioricanis	393921	S	28	5	33	0.00000
Porphyromonas endodontalis	28124	S	23	2	25	0.00000
Petrimonas mucosa	1642646	S	145	5	150	0.00001
Proteiniphilum saccharofermentans	1642647	S	83	4	87	0.00001
Proteiniphilum sp. JNU-WLY501	2829812	S	36	0	36	0.00000
Dysgonomonas sp. HDW5A	2714926	S	13	22	35	0.00000
Barnesiella viscericola	397865	S	179	183	362	0.00002
Coprobacter secundus	1501392	S	32	23	55	0.00000
Butyricimonas virosa	544645	S	51	18	69	0.00000
Butyricimonas faecalis	2093856	S	36	40	76	0.00000
Odoribacter splanchnicus	28118	S	63	6	69	0.00000
Paludibacter propionicigenes	185300	S	66	2	68	0.00000
Tenuifilum thalassicum	2590900	S	44	1	45	0.00000
Salinivirga cyanobacteriivorans	1307839	S	43	1	44	0.00000
Draconibacterium orientale	1168034	S	83	6	89	0.00001
Draconibacterium halophilum	2706887	S	71	4	75	0.00000
Maribellus comscasis	2681766	S	60	2	62	0.00000
Alkalitalea saponilacus	889453	S	37	2	39	0.00000
Labilibaculum antarcticum	1717717	S	33	2	35	0.00000
Flavobacterium sp. HJ-32-4	1160795	S	275	19	294	0.00002
Flavobacterium sp. MDT1-60	1979344	S	72	13	85	0.00001
Flavobacterium sp. CJ74	2294119	S	61	5	66	0.00000
Flavobacterium sp. KBS0721	1179672	S	42	11	53	0.00000
Flavobacterium sp. CLA17	2724135	S	40	6	46	0.00000
Flavobacterium sp. KSM-R2A25	2895947	S	39	9	48	0.00000
Flavobacterium sp. IGB 4-14	1871076	S	39	3	42	0.00000
Flavobacterium sp. F-29	2893883	S	36	8	44	0.00000
Flavobacterium sp. M31R6	2739062	S	34	5	39	0.00000
Flavobacterium sp. B183	907046	S	32	7	39	0.00000
Flavobacterium sp. F-70	2893884	S	32	6	38	0.00000
Flavobacterium sp. KSM-R2A30	2897181	S	30	9	39	0.00000
Flavobacterium sp. SLB02	2665645	S	29	5	34	0.00000
Flavobacterium sp. MMS21-Er5	2937442	S	27	12	39	0.00000
Flavobacterium sp. F-323	2893885	S	25	5	30	0.00000
Flavobacterium sp. LPB0248	2614441	S	23	13	36	0.00000
Flavobacterium sp. CECT 9288	2845819	S	23	19	42	0.00000
Flavobacterium sp. WSW3-B6	2856519	S	23	2	25	0.00000
Flavobacterium sp. I3-2	2748319	S	22	24	46	0.00000
Flavobacterium sp. CS20	2775246	S	22	9	31	0.00000
Flavobacterium sp. xlx-214	2654325	S	21	4	25	0.00000
Flavobacterium sp. K5-23	2746225	S	21	5	26	0.00000
Flavobacterium sp. Sr18	935222	S	21	3	24	0.00000
Flavobacterium sp. 140616W15	2478552	S	20	4	24	0.00000
Flavobacterium sp. F-340	2893886	S	16	4	20	0.00000
Flavobacterium sp. GENT5	1751095	S	14	3	17	0.00000
Flavobacterium sp. KK2020170	2830782	S	12	3	15	0.00000
Flavobacterium sp. GENT11	1751100	S	12	23	35	0.00000
Flavobacterium sp. CHNK8	2871165	S	10	8	18	0.00000
Flavobacterium album	2175091	S	155	11	166	0.00001
Flavobacterium magnum	2162713	S	136	15	151	0.00001
Flavobacterium pallidum	2172098	S	94	9	103	0.00001
Flavobacterium nackdongense	2547394	S	73	6	79	0.00001
Flavobacterium commune	1306519	S	69	11	80	0.00001
Flavobacterium alkalisoli	2602769	S	57	5	62	0.00000
Flavobacterium kingsejongi	1678728	S	49	7	56	0.00000
Flavobacterium sangjuense	2518177	S	45	5	50	0.00000
Flavobacterium inviolabile	2748320	S	43	7	50	0.00000
Flavobacterium endoglycinae	2816357	S	40	9	49	0.00000
Flavobacterium enshiense	1341165	S	39	4	43	0.00000
Flavobacterium johnsoniae	986	S	35	21	56	0.00000
Flavobacterium gilvum	1492737	S	35	5	40	0.00000
Flavobacterium fluviale	2249356	S	33	13	46	0.00000
Flavobacterium sediminis	2201181	S	31	21	52	0.00000
Flavobacterium anhuiense	459526	S	30	13	43	0.00000
Flavobacterium faecale	1355330	S	29	4	33	0.00000
Flavobacterium jumunjinense	998845	S	29	5	34	0.00000
Flavobacterium arcticum	1784713	S	28	3	31	0.00000
Flavobacterium indicum	312277	S	26	4	30	0.00000
Flavobacterium crocinum	2183896	S	24	7	31	0.00000
Flavobacterium columnare	996	S	21	26	47	0.00000
Flavobacterium crassostreae	1763534	S	21	5	26	0.00000
Flavobacterium nitrogenifigens	1617283	S	19	10	29	0.00000
Flavobacterium branchiophilum	55197	S	19	1	20	0.00000
Flavobacterium haoranii	683124	S	18	8	26	0.00000
Flavobacterium davisii	2906077	S	18	7	25	0.00000
Flavobacterium oreochromis	2906078	S	17	7	24	0.00000
Flavobacterium psychrophilum	96345	S	14	22	36	0.00000
Flavobacterium sediminilitoris	2024526	S	13	1	14	0.00000
Flavobacterium covae	2906076	S	12	17	29	0.00000
Capnocytophaga sp. oral taxon 878	1316596	S	20	7	27	0.00000
Capnocytophaga sp. oral taxon 902	2748316	S	19	47	66	0.00000
Capnocytophaga gingivalis	1017	S	80	10	90	0.00001
Capnocytophaga sputigena	1019	S	66	23	89	0.00001
Capnocytophaga canimorsus	28188	S	56	15	71	0.00000
Capnocytophaga haemolytica	45243	S	54	4	58	0.00000
Capnocytophaga stomatis	1848904	S	20	4	24	0.00000
Capnocytophaga endodontalis	2708117	S	20	10	30	0.00000
Capnocytophaga ochracea	1018	S	16	24	40	0.00000
Capnocytophaga leadbetteri	327575	S	16	9	25	0.00000
Capnocytophaga cynodegmi	28189	S	11	3	14	0.00000
Muricauda sp. SCSIO 65647	2908843	S	82	3	85	0.00001
Muricauda sp. SCSIO 64092	2908842	S	46	1	47	0.00000
Muricauda aquimarina	254955	S	87	50	137	0.00001
Muricauda lutaonensis	516051	S	77	21	98	0.00001
Muricauda oceani	2698672	S	73	45	118	0.00001
Muricauda ruestringensis	111501	S	54	5	59	0.00000
Muricauda aurantiaca	1383885	S	25	2	27	0.00000
Robiginitalea biformata	252307	S	375	23	398	0.00003
Gramella sp. GC03-9	2920386	S	51	15	66	0.00000
Gramella sp. MT6	2705471	S	36	5	41	0.00000
Gramella sp. MAR_2010_147	1250205	S	19	2	21	0.00000
Gramella fulva	2126553	S	70	6	76	0.00000
Gramella flava	1486245	S	62	21	83	0.00001
Gramella forsetii	411153	S	36	9	45	0.00000
Gramella salexigens	1913577	S	35	4	39	0.00000
Gramella echinicola	279359	S	29	3	32	0.00000
Polaribacter sp. SM13	2818493	S	30	17	47	0.00000
Polaribacter sp. G4M1	2808900	S	14	6	20	0.00000
Polaribacter sp. SA4-12	1312072	S	13	9	22	0.00000
Polaribacter sp. L3A8	2686361	S	10	15	25	0.00000
Polaribacter vadi	1774273	S	17	5	22	0.00000
Polaribacter litorisediminis	1908341	S	12	2	14	0.00000
Polaribacter reichenbachii	996801	S	10	3	13	0.00000
Nonlabens sp. Hel1_33_55	1336802	S	28	6	34	0.00000
Nonlabens sp. Ci31	2608253	S	18	5	23	0.00000
Nonlabens sp. MB-3u-79	2058134	S	15	5	20	0.00000
Nonlabens ponticola	2496866	S	31	5	36	0.00000
Nonlabens spongiae	331648	S	25	14	39	0.00000
Nonlabens dokdonensis	328515	S	14	4	18	0.00000
Nonlabens marinus	930802	S	12	5	17	0.00000
Winogradskyella sp. PC-19	754417	S	19	6	25	0.00000
Winogradskyella sp. J14-2	1936080	S	15	4	19	0.00000
Winogradskyella sp. PG-2	754409	S	13	2	15	0.00000
Winogradskyella sp. MH6	2929510	S	10	3	13	0.00000
Winogradskyella forsetii	2686077	S	35	10	45	0.00000
Winogradskyella helgolandensis	2697010	S	21	6	27	0.00000
Winogradskyella schleiferi	2686078	S	19	8	27	0.00000
Winogradskyella sediminis	1382466	S	17	6	23	0.00000
Sinomicrobium sp. HD2P242	2900738	S	155	6	161	0.00001
Antarcticibacterium flavum	2058175	S	51	12	63	0.00000
Antarcticibacterium arcticum	2585771	S	46	6	52	0.00000
Antarcticibacterium sp. 1MA-6-2	2908210	S	41	6	47	0.00000
Aequorivita sp. H23M31	2494375	S	48	22	70	0.00000
Aequorivita sublithincola	101385	S	37	38	75	0.00000
Maribacter sp. MJ134	2496865	S	42	4	46	0.00000
Maribacter sp. HTCC2170	313603	S	23	1	24	0.00000
Maribacter hydrothermalis	1836467	S	23	4	27	0.00000
Maribacter cobaltidurans	1178778	S	16	15	31	0.00000
Maribacter dokdonensis	320912	S	10	20	30	0.00000
Myroides odoratus	256	S	45	21	66	0.00000
Myroides phaeus	702745	S	21	20	41	0.00000
Myroides fluvii	2572594	S	17	9	26	0.00000
Formosa sp. Hel1_33_131	1336794	S	34	3	37	0.00000
Formosa sp. Hel1_31_208	1798225	S	20	2	22	0.00000
Formosa sp. Hel3_A1_48	1336795	S	11	3	14	0.00000
Formosa sp. L2A11	2686363	S	11	5	16	0.00000
Formosa sediminum	2594004	S	24	9	33	0.00000
Kordia antarctica	1218801	S	77	6	83	0.00001
Kordia sp. SMS9	2282170	S	33	1	34	0.00000
Tenacibaculum sp. SZ-18	754423	S	15	12	27	0.00000
Tenacibaculum maritimum	107401	S	13	4	17	0.00000
Tenacibaculum jejuense	584609	S	13	1	14	0.00000
Tenacibaculum dicentrarchi	669041	S	11	6	17	0.00000
Tenacibaculum todarodis	1850252	S	11	4	15	0.00000
Tenacibaculum mesophilum	104268	S	10	11	21	0.00000
Cellulophaga sp. HaHaR_3_176	1942464	S	12	3	15	0.00000
Cellulophaga sp. L1A9	2686362	S	10	7	17	0.00000
Cellulophaga lytica	979	S	23	23	46	0.00000
Cellulophaga algicola	59600	S	17	5	22	0.00000
Cellulophaga baltica	76594	S	16	10	26	0.00000
Salegentibacter salegens	143223	S	37	5	42	0.00000
Salegentibacter mishustinae	270918	S	25	25	50	0.00000
Salegentibacter sp. T436	1729720	S	24	26	50	0.00000
Dokdonia sp. 4H-3-7-5	983548	S	17	14	31	0.00000
Dokdonia sp. MED134	313590	S	11	8	19	0.00000
Dokdonia donghaensis	326320	S	10	6	16	0.00000
Flagellimonas sp. CMM7	2654676	S	41	3	44	0.00000
Flagellimonas sp. HMM57	2905121	S	34	3	37	0.00000
Aggregatimonas sangjinii	2583587	S	71	4	75	0.00000
Aquimarina sp. TRL1	2736252	S	22	1	23	0.00000
Aquimarina sp. AD1	1714848	S	16	1	17	0.00000
Aquimarina sp. AD10	1714849	S	16	1	17	0.00000
Aquimarina sp. BL5	1714860	S	16	1	17	0.00000
Constantimarinum furrinae	2562285	S	66	6	72	0.00000
Zunongwangia sp. SCSIO 43204	2779359	S	31	27	58	0.00000
Zunongwangia profunda	398743	S	25	24	49	0.00000
Arenibacter algicola	616991	S	61	22	83	0.00001
Leeuwenhoekiella palythoae	573501	S	25	21	46	0.00000
Leeuwenhoekiella sp. ZYFB001	2719912	S	18	11	29	0.00000
Zobellia galactanivorans	63186	S	53	3	56	0.00000
Algibacter sp. L1A34	2686365	S	21	8	29	0.00000
Algibacter sp. L3A6	2686366	S	17	7	24	0.00000
Algibacter alginicilyticus	1736674	S	12	3	15	0.00000
Pukyongia salina	2094025	S	47	3	50	0.00000
Mariniflexile sp. TRM1-10	2027857	S	47	5	52	0.00000
Lacinutrix sp. WUR7	2653681	S	11	2	13	0.00000
Lacinutrix venerupis	1486034	S	13	4	17	0.00000
Muriicola soli	2507538	S	35	2	37	0.00000
Euzebyella marina	1761453	S	33	20	53	0.00000
Costertonia aggregata	343403	S	31	7	38	0.00000
Galbibacter sp. BG1	1170699	S	31	3	34	0.00000
Aegicerativicinus sediminis	2893202	S	29	1	30	0.00000
Seonamhaeicola sp. ML3	2937786	S	23	2	25	0.00000
Gilvibacter sp. SZ-19	754429	S	29	4	33	0.00000
Tamlana carrageenivorans	2069432	S	16	8	24	0.00000
Psychroflexus sp. ALD_RP9	2777186	S	18	2	20	0.00000
Psychroflexus torquis	57029	S	10	0	10	0.00000
Zhouia spongiae	2202721	S	28	7	35	0.00000
Bizionia sp. M204	2675331	S	26	6	32	0.00000
Sediminicola sp. YIK13	1453352	S	24	2	26	0.00000
Amniculibacterium sp. G2-70	2767188	S	23	18	41	0.00000
Changchengzhania lutea	2049305	S	22	3	25	0.00000
Olleya aquimaris	639310	S	10	5	15	0.00000
Wenyingzhuangia fucanilytica	1790137	S	21	4	25	0.00000
Urechidicola croceus	1850246	S	21	12	33	0.00000
Croceibacter atlanticus	313588	S	21	4	25	0.00000
Flavobacteriaceae bacterium 10Alg115	2584122	S	19	1	20	0.00000
Flavivirga eckloniae	1803846	S	17	1	18	0.00000
Oceanihabitans sp. IOP_32	2529032	S	17	7	24	0.00000
Marixanthomonas sp. SCSIO 43207	2779360	S	16	5	21	0.00000
Siansivirga zeaxanthinifaciens	762954	S	14	3	17	0.00000
Gillisia sp. Hel1_33_143	1336796	S	14	5	19	0.00000
Chryseobacterium gleum	250	S	1452	1373	2825	0.00018
Chryseobacterium sp. SC2-2	2929800	S	72	40	112	0.00001
Chryseobacterium sp. PCH239	2825845	S	72	22	94	0.00001
Chryseobacterium sp.	1871047	S	57	16	73	0.00000
Chryseobacterium sp. 6424	2039166	S	57	9	66	0.00000
Chryseobacterium sp. MEBOG07	2879939	S	54	8	62	0.00000
Chryseobacterium sp. Y16C	2920939	S	44	20	64	0.00000
Chryseobacterium sp. cx-624	2758037	S	42	3	45	0.00000
Chryseobacterium sp. F4	2852098	S	41	1	42	0.00000
Chryseobacterium sp. MEBOG06	2879938	S	39	5	44	0.00000
Chryseobacterium sp. ZHDP1	2838877	S	35	23	58	0.00000
Chryseobacterium sp. DH-B6	2759528	S	34	8	42	0.00000
Chryseobacterium sp. StRB126	878220	S	32	5	37	0.00000
Chryseobacterium sp. G0186	2487064	S	32	13	45	0.00000
Chryseobacterium sp. G0201	2487065	S	29	4	33	0.00000
Chryseobacterium sp. POL2	2713414	S	28	18	46	0.00000
Chryseobacterium sp. T16E-39	2015076	S	26	2	28	0.00000
Chryseobacterium sp. G0162	2487063	S	25	11	36	0.00000
Chryseobacterium sp. C-17	2898076	S	23	3	26	0.00000
Chryseobacterium sp. 3008163	2478663	S	19	3	22	0.00000
Chryseobacterium sp. IHB B 17019	1721091	S	19	2	21	0.00000
Chryseobacterium sp. LJ668	2864040	S	18	1	19	0.00000
Chryseobacterium sp. JV274	1932669	S	15	82	97	0.00001
Chryseobacterium sp. SNU WT5	2594269	S	13	3	16	0.00000
Chryseobacterium sp. ADR-1	2929799	S	13	2	15	0.00000
Chryseobacterium indologenes	253	S	231	81	312	0.00002
Chryseobacterium cucumeris	1813611	S	108	22	130	0.00001
Chryseobacterium taklimakanense	536441	S	107	51	158	0.00001
Chryseobacterium aureum	2497456	S	82	11	93	0.00001
Chryseobacterium arthrosphaerae	651561	S	80	32	112	0.00001
Chryseobacterium camelliae	1265445	S	80	43	123	0.00001
Chryseobacterium daecheongense	192389	S	52	5	57	0.00000
Chryseobacterium lactis	1241981	S	46	44	90	0.00001
Chryseobacterium carnipullorum	1124835	S	40	10	50	0.00000
Chryseobacterium indoltheticum	254	S	38	5	43	0.00000
Chryseobacterium shandongense	1493872	S	36	17	53	0.00000
Chryseobacterium gallinarum	1324352	S	35	10	45	0.00000
Chryseobacterium piperi	558152	S	30	2	32	0.00000
Chryseobacterium nepalense	1854498	S	30	3	33	0.00000
Chryseobacterium joostei	112234	S	30	6	36	0.00000
Chryseobacterium salivictor	2547600	S	27	2	29	0.00000
Chryseobacterium glaciei	1685010	S	21	2	23	0.00000
Chryseobacterium nakagawai	1241982	S	19	19	38	0.00000
Chryseobacterium manosquense	2754694	S	17	10	27	0.00000
Chryseobacterium rhizoplanae	1609531	S	16	37	53	0.00000
Chryseobacterium balustinum	246	S	14	2	16	0.00000
Chryseobacterium bernardetii	1241978	S	13	60	73	0.00000
Kaistella sp. 97-N-M2	2908645	S	64	6	70	0.00000
Kaistella sp. GW4-15	2878534	S	18	1	19	0.00000
Kaistella daneshvariae	2487074	S	58	4	62	0.00000
Kaistella jeonii	266749	S	40	2	42	0.00000
Kaistella flava (ex Peng et al. 2021)	2038776	S	29	3	32	0.00000
Kaistella carnis	1241979	S	27	6	33	0.00000
Kaistella antarctica	266748	S	26	2	28	0.00000
Candidatus Kaistella beijingensis	2820270	S	21	6	27	0.00000
Epilithonimonas vandammei	2487072	S	41	50	91	0.00001
Epilithonimonas zeae	1416779	S	26	2	28	0.00000
Elizabethkingia anophelis	1117645	S	39	55	94	0.00001
Elizabethkingia meningoseptica	238	S	28	2	30	0.00000
Elizabethkingia miricola	172045	S	20	15	35	0.00000
Elizabethkingia sp. JS20170427COW	2583851	S	11	1	12	0.00000
Cruoricaptor ignavus	1118202	S	107	12	119	0.00001
Ornithobacterium rhinotracheale	28251	S	66	46	112	0.00001
Apibacter raozihei	2500547	S	14	17	31	0.00000
Empedobacter falsenii	343874	S	24	15	39	0.00000
Empedobacter brevis	247	S	21	7	28	0.00000
Riemerella anatipestifer	34085	S	44	17	61	0.00000
Cloacibacterium caeni	2004710	S	18	15	33	0.00000
Cloacibacterium normanense	237258	S	11	6	17	0.00000
Bergeyella cardium	1585976	S	34	5	39	0.00000
Weeksella virosa	1014	S	17	7	24	0.00000
Faecalibacter bovis	2898187	S	11	1	12	0.00000
Blattabacterium cuenoti	1653831	S	106	42	148	0.00001
Owenweeksia hongkongensis	253245	S	64	6	70	0.00000
Croceimicrobium hydrocarbonivorans	2761580	S	43	9	52	0.00000
Fluviicola taffensis	191579	S	60	4	64	0.00000
Crocinitomix sp. GM2_3_6_6	2862509	S	28	1	29	0.00000
Candidatus Sulcia muelleri	336810	S	18	5	23	0.00000
Candidatus Walczuchella monophlebidarum	1415657	S	13	1	14	0.00000
Ichthyobacterium seriolicida	242600	S	19	0	19	0.00000
Mucilaginibacter sp. 14171R-50	2703789	S	169	9	178	0.00001
Mucilaginibacter sp. SMC90	2929803	S	158	9	167	0.00001
Mucilaginibacter sp. F39-2	2728022	S	91	5	96	0.00001
Mucilaginibacter sp. 21P	2778902	S	85	5	90	0.00001
Mucilaginibacter mali	2740462	S	250	9	259	0.00002
Mucilaginibacter ginsenosidivorans	398053	S	242	8	250	0.00002
Mucilaginibacter daejeonensis	398049	S	236	13	249	0.00002
Mucilaginibacter gotjawali	1550579	S	193	5	198	0.00001
Mucilaginibacter paludis	423351	S	188	9	197	0.00001
Mucilaginibacter celer	2305508	S	175	7	182	0.00001
Mucilaginibacter ginsenosidivorax	862126	S	164	6	170	0.00001
Mucilaginibacter mallensis	652787	S	150	5	155	0.00001
Mucilaginibacter xinganensis	1234841	S	123	5	128	0.00001
Mucilaginibacter rubeus	2027860	S	121	331	452	0.00003
Mucilaginibacter ginkgonis	2682091	S	112	5	117	0.00001
Mucilaginibacter gossypii	551996	S	65	54	119	0.00001
Sphingobacterium mizutaii	1010	S	506	73	579	0.00004
Sphingobacterium sp. DR205	2713573	S	64	7	71	0.00000
Sphingobacterium sp. CZ-2	2557994	S	62	16	78	0.00001
Sphingobacterium sp. UDSM-2020	2795738	S	46	17	63	0.00000
Sphingobacterium sp. dk4302	2662364	S	37	4	41	0.00000
Sphingobacterium sp. ML3W	1538644	S	35	13	48	0.00000
Sphingobacterium sp. SRCM116780	2907623	S	35	7	42	0.00000
Sphingobacterium sp. PCS056	2931400	S	34	9	43	0.00000
Sphingobacterium thalpophilum	259	S	166	160	326	0.00002
Sphingobacterium spiritivorum	258	S	120	73	193	0.00001
Sphingobacterium lactis	797291	S	82	61	143	0.00001
Sphingobacterium psychroaquaticum	561061	S	70	12	82	0.00001
Sphingobacterium hotanense	649196	S	64	19	83	0.00001
Sphingobacterium multivorum	28454	S	57	138	195	0.00001
Sphingobacterium daejeonense	371142	S	46	12	58	0.00000
Sphingobacterium paramultivorum	2886510	S	14	20	34	0.00000
Pedobacter sp. PACM 27299	1727164	S	84	14	98	0.00001
Pedobacter sp. D749	2856523	S	70	27	97	0.00001
Pedobacter sp. HDW13	2714940	S	65	10	75	0.00000
Pedobacter sp. KBS0701	2578106	S	61	24	85	0.00001
Pedobacter sp. Q8-18	2895286	S	54	4	58	0.00000
Pedobacter sp. G11	2482728	S	53	9	62	0.00000
Pedobacter sp. SW-16	2766984	S	52	12	64	0.00000
Pedobacter endophyticus	2789740	S	113	13	126	0.00001
Pedobacter schmidteae	2201271	S	103	10	113	0.00001
Pedobacter heparinus	984	S	99	10	109	0.00001
Pedobacter steynii	430522	S	92	10	102	0.00001
Pedobacter suwonensis	332999	S	88	25	113	0.00001
Pedobacter roseus	336820	S	76	31	107	0.00001
Pedobacter cryoconitis	188932	S	60	6	66	0.00000
Pedobacter aquae	2605747	S	52	5	57	0.00000
Pedobacter ginsengisoli	363852	S	48	7	55	0.00000
Olivibacter sp. LS-1	2592345	S	348	19	367	0.00002
Olivibacter sp. SDN3	2764720	S	71	9	80	0.00001
Anseongella ginsenosidimutans	496056	S	299	11	310	0.00002
Solitalea canadensis	995	S	65	9	74	0.00000
Solitalea sp. S2-8	2911172	S	57	11	68	0.00000
Pseudopedobacter saltans	151895	S	71	50	121	0.00001
Haliscomenobacter hydrossis	2350	S	393	5	398	0.00003
Saprospira grandis	1008	S	78	2	80	0.00001
Candidatus Sulfidibacterium hydrothermale	2875962	S	113	3	116	0.00001
Chlorobaculum limnaeum	274537	S	1091	203	1294	0.00008
Chlorobaculum parvum	274539	S	552	120	672	0.00004
Chlorobaculum tepidum	1097	S	550	175	725	0.00005
Pelodictyon luteolum	1100	S	439	87	526	0.00003
Pelodictyon phaeoclathratiforme	34090	S	121	8	129	0.00001
Chlorobium limicola	1092	S	207	17	224	0.00001
Chlorobium phaeobacteroides	1096	S	146	19	165	0.00001
Chlorobium phaeovibrioides	1094	S	98	23	121	0.00001
Prosthecochloris sp. GSB1	281093	S	451	37	488	0.00003
Prosthecochloris sp. CIB 2401	1868325	S	173	55	228	0.00001
Prosthecochloris sp. HL-130-GSB	1974213	S	156	36	192	0.00001
Prosthecochloris aestuarii	1102	S	137	15	152	0.00001
Chloroherpeton thalassium	100716	S	232	4	236	0.00002
Candidatus Cyclonatronum proteinivorum	1457365	S	355	35	390	0.00002
Melioribacter roseus	1134405	S	186	19	205	0.00001
Ignavibacterium album	591197	S	86	10	96	0.00001
Gemmatirosa kalamazoonesis	861299	S	84476	8807	93283	0.00596
Gemmatimonas groenlandica	2732249	S	10814	1388	12202	0.00078
Gemmatimonas aurantiaca	173480	S	8208	942	9150	0.00058
Gemmatimonas phototrophica	1379270	S	6605	1029	7634	0.00049
Fibrobacter succinogenes	833	S	189	3	192	0.00001
Candidatus Cloacimonas acidaminovorans	456827	S	98	2	100	0.00001
Luteitalea sp. TBR-22	2802971	S	58125	11575	69700	0.00445
Luteitalea pratensis	1855912	S	50018	6499	56517	0.00361
Granulicella sp. WH15	2602070	S	3513	680	4193	0.00027
Granulicella sp. 5B5	1617967	S	2883	505	3388	0.00022
Granulicella mallensis	940614	S	2412	310	2722	0.00017
Granulicella tundricola	940615	S	1922	271	2193	0.00014
Terriglobus roseus	392734	S	3243	792	4035	0.00026
Terriglobus albidus	1592106	S	2465	265	2730	0.00017
Terriglobus saanensis	870903	S	1630	244	1874	0.00012
Acidobacterium capsulatum	33075	S	3068	425	3493	0.00022
Acidobacterium sp. 4Y35	2763107	S	2845	224	3069	0.00020
Candidatus Koribacter versatilis	658062	S	4778	180	4958	0.00032
Edaphobacter sp. 12200R-103	2703788	S	1973	391	2364	0.00015
Edaphobacter sp. 4G125	2763071	S	1058	179	1237	0.00008
Acidisarcina polymorpha	2211140	S	2061	168	2229	0.00014
Paludibaculum fermentans	1473598	S	9956	333	10289	0.00066
Chloracidobacterium aggregatum	2851959	S	1503	1125	2628	0.00017
Chloracidobacterium validum	2821543	S	1335	27	1362	0.00009
Chloracidobacterium sp. D	2821536	S	129	580	709	0.00005
Chloracidobacterium thermophilum	458033	S	88	365	453	0.00003
Sulfidibacter corallicola	2818388	S	2922	70	2992	0.00019
Thermotomaculum hydrothermale	981385	S	132	7	139	0.00001
Nitrospira moscoviensis	42253	S	6168	571	6739	0.00043
Nitrospira japonica	1325564	S	4001	505	4506	0.00029
Nitrospira sp. KM1	1936990	S	3096	306	3402	0.00022
Candidatus Nitrospira inopinata	1715989	S	2255	207	2462	0.00016
Leptospirillum ferrooxidans	180	S	169	4	173	0.00001
Leptospirillum ferriphilum	178606	S	79	133	212	0.00001
Leptospirillum sp. Group II 'CF-1'	1660083	S	47	101	148	0.00001
Dissulfurispira thermophila	2715679	S	174	12	186	0.00001
Thermodesulfovibrio yellowstonii	28262	S	140	4	144	0.00001
Treponema brennaborense	81028	S	179	65	244	0.00002
Treponema primitia	88058	S	156	8	164	0.00001
Treponema azotonutricium	150829	S	132	5	137	0.00001
Treponema socranskii	53419	S	103	52	155	0.00001
Treponema sp. Marseille-Q4132	2766701	S	71	36	107	0.00001
Treponema sp. OMZ 838	1539298	S	32	35	67	0.00000
Treponema caldarium	215591	S	100	13	113	0.00001
Treponema vincentii	69710	S	57	63	120	0.00001
Treponema parvum	138851	S	57	3	60	0.00000
Treponema succinifaciens	167	S	56	46	102	0.00001
Treponema phagedenis	162	S	32	14	46	0.00000
Treponema denticola	158	S	28	7	35	0.00000
Treponema medium	58231	S	28	37	65	0.00000
Treponema peruense	2787628	S	24	3	27	0.00000
Treponema pedis	409322	S	19	5	24	0.00000
Treponema putidum	221027	S	10	8	18	0.00000
Spirochaeta thermophila	154	S	741	21	762	0.00005
Spirochaeta africana	46355	S	280	18	298	0.00002
Sediminispirochaeta smaragdinae	55206	S	108	4	112	0.00001
Salinispira pacifica	1307761	S	95	3	98	0.00001
Oceanispirochaeta crateris	2518645	S	38	2	40	0.00000
Thiospirochaeta perfilievii	252967	S	19	1	20	0.00000
Sphaerochaeta associata	1129264	S	135	14	149	0.00001
Sphaerochaeta coccoides	273376	S	106	5	111	0.00001
Sphaerochaeta globosa	1131703	S	57	7	64	0.00000
Sphaerochaeta pleomorpha	1131707	S	38	6	44	0.00000
Breznakiella homolactica	2798577	S	197	17	214	0.00001
Leptospira santarosai	28183	S	106	27	133	0.00001
Leptospira kmetyi	408139	S	99	9	108	0.00001
Leptospira tipperaryensis	2564040	S	57	3	60	0.00000
Leptospira weilii	28184	S	47	24	71	0.00000
Leptospira noguchii	28182	S	35	12	47	0.00000
Leptospira mayottensis	1137606	S	35	21	56	0.00000
Leptospira kobayashii	1917830	S	27	0	27	0.00000
Leptospira borgpetersenii	174	S	26	15	41	0.00000
Leptospira biflexa	172	S	17	0	17	0.00000
Turneriella parva	29510	S	420	4	424	0.00003
Brachyspira pilosicoli	52584	S	18	5	23	0.00000
Brachyspira hampsonii	1287055	S	18	24	42	0.00000
Brachyspira hyodysenteriae	159	S	11	16	27	0.00000
Pyramidobacter piscolens	638849	S	826	55	881	0.00006
Aminomonas paucivorans	81412	S	774	94	868	0.00006
Fretibacterium fastidiosum	651822	S	666	10	676	0.00004
Thermanaerovibrio acidaminovorans	81462	S	337	135	472	0.00003
Thermanaerovibrio velox	108007	S	164	43	207	0.00001
Cloacibacillus porcorum	1197717	S	522	116	638	0.00004
Jonquetella anthropi	428712	S	360	60	420	0.00003
Acetomicrobium mobile	97477	S	111	3	114	0.00001
Aminobacterium colombiense	81468	S	106	7	113	0.00001
Thermovirga lienii	336261	S	39	35	74	0.00000
Candidatus Bipolaricaulis anaerobius	2026885	S	866	40	906	0.00006
Candidatus Nanosynbacter featherlites	2572088	S	54	26	80	0.00001
Candidatus Nanosynbacter lyticus	2093824	S	37	107	144	0.00001
Nanosynbacter sp. HMT-352	2899133	S	27	81	108	0.00001
Candidatus Saccharimonas aalborgensis	1332188	S	112	1	113	0.00001
Candidatus Babela massiliensis	673862	S	77	1	78	0.00001
Candidatus Absconditicoccus praedator	2735562	S	72	0	72	0.00000
Candidatus Chazhemtobacterium aquaticus	2715735	S	50	0	50	0.00000
Thermotoga caldifontis	1508419	S	150	35	185	0.00001
Thermotoga sp. 2812B	1157948	S	11	194	205	0.00001
Thermotoga profunda	1508420	S	10	1	11	0.00000
Pseudothermotoga hypogea	57487	S	96	45	141	0.00001
Pseudothermotoga thermarum	119394	S	28	8	36	0.00000
Fervidobacterium pennivorans	93466	S	22	67	89	0.00001
Fervidobacterium nodosum	2424	S	18	19	37	0.00000
Thermosipho ferrireducens	2571116	S	14	9	23	0.00000
Kosmotoga olearia	651457	S	34	101	135	0.00001
Kosmotoga pacifica	1330330	S	13	40	53	0.00000
Mesotoga infera	1236046	S	57	9	66	0.00000
Mesotoga prima	1184387	S	37	7	44	0.00000
Defluviitoga tunisiensis	1006576	S	26	49	75	0.00000
Petrotoga mobilis	69499	S	13	15	28	0.00000
Athalassotoga saccharophila	1441386	S	86	4	90	0.00001
Thermocrinis minervae	381751	S	101	9	110	0.00001
Thermocrinis ruber	75906	S	27	2	29	0.00000
Thermocrinis albus	136094	S	25	2	27	0.00000
Hydrogenobacter sp. T-8	1632019	S	58	35	93	0.00001
Hydrogenobacter thermophilus	940	S	10	7	17	0.00000
Aquifex aeolicus	63363	S	81	3	84	0.00001
Sulfurihydrogenibium azorense	309806	S	108	18	126	0.00001
Persephonella marina	309805	S	78	7	85	0.00001
Thermosulfidibacter takaii	412593	S	139	5	144	0.00001
Thermovibrio ammonificans	228745	S	136	26	162	0.00001
Desulfurobacterium thermolithotrophum	64160	S	60	9	69	0.00000
Thermosulfurimonas marina	2047767	S	254	36	290	0.00002
Thermosulfuriphilus ammonigenes	1936021	S	157	7	164	0.00001
Thermodesulfatator indicus	171695	S	104	15	119	0.00001
Thermodesulfobacterium geofontis	1295609	S	22	11	33	0.00000
Thermodesulfobacterium commune	1741	S	14	10	24	0.00000
Caldimicrobium thiodismutans	1653476	S	36	6	42	0.00000
Caldithrix abyssi	187145	S	455	5	460	0.00003
Geovibrio thiophilus	139438	S	95	21	116	0.00001
Flexistipes sinusarabici	2352	S	75	10	85	0.00001
Denitrovibrio acetiphilus	118000	S	54	8	62	0.00000
Calditerrivibrio nitroreducens	477976	S	45	7	52	0.00000
Deferribacter desulfuricans	197162	S	39	8	47	0.00000
Mucispirillum schaedleri	248039	S	28	3	31	0.00000
Desulfurispirillum indicum	936456	S	371	191	562	0.00004
Fusobacterium gonidiaformans	849	S	23	15	38	0.00000
Fusobacterium ulcerans	861	S	17	7	24	0.00000
Fusobacterium nucleatum	851	S	12	53	65	0.00000
Cetobacterium somerae	188913	S	15	5	20	0.00000
Ilyobacter polytropus	167642	S	12	1	13	0.00000
Sebaldella termitidis	826	S	17	1	18	0.00000
Pseudoleptotrichia goodfellowii	157692	S	16	6	22	0.00000
Endomicrobium proavitum	1408281	S	51	25	76	0.00000
Candidatus Endomicrobium trichonymphae	1408204	S	32	15	47	0.00000
Elusimicrobium minutum	423605	S	110	1	111	0.00001
Dictyoglomus thermophilum	14	S	18	149	167	0.00001
Coprothermobacter proteolyticus	35786	S	141	32	173	0.00001
Caldisericum exile	693075	S	130	0	130	0.00001
Atribacter laminatus	2847778	S	77	2	79	0.00001
Fusarium acuminatum	5515	S	3794	257	4051	0.00026
Fusarium avenaceum	40199	S	134	6	140	0.00001
Fusarium oxysporum	5507	S	1236	531	1767	0.00011
Fusarium sambucinum	5128	S	315	100	415	0.00003
Fusarium poae	36050	S	155	45	200	0.00001
Fusarium longipes	694270	S	154	6	160	0.00001
Fusarium sporotrichioides	5514	S	122	9	131	0.00001
Fusarium pseudograminearum	101028	S	114	33	147	0.00001
Fusarium venenatum	56646	S	66	109	175	0.00001
Fusarium culmorum	5516	S	65	44	109	0.00001
Fusarium graminearum	5518	S	47	142	189	0.00001
Fusarium decemcellulare	57161	S	554	13	567	0.00004
Fusarium nygamai	42673	S	193	68	261	0.00002
Fusarium fujikuroi	5127	S	93	10	103	0.00001
Fusarium thapsinum	120644	S	86	21	107	0.00001
Fusarium pseudonygamai	47755	S	55	15	70	0.00000
Fusarium verticillioides	117187	S	33	55	88	0.00001
Fusarium graminum	86546	S	121	23	144	0.00001
Fusarium heterosporum	42747	S	117	22	139	0.00001
Fusarium nelsonii	77846	S	125	30	155	0.00001
Fusarium chlamydosporum	86545	S	85	20	105	0.00001
Fusarium lateritium	5523	S	244	7	251	0.00002
Fusarium scirpi	2211609	S	99	35	134	0.00001
Fusarium equiseti	61235	S	81	31	112	0.00001
Fusarium dimerum	57145	S	224	7	231	0.00001
Fusarium musae	1042133	S	32	51	83	0.00001
Metarhizium album	92629	S	502	16	518	0.00003
Metarhizium rileyi	1649241	S	364	60	424	0.00003
Metarhizium guizhouense	169041	S	338	183	521	0.00003
Metarhizium acridum	92637	S	178	118	296	0.00002
Metarhizium humberi	2596975	S	144	88	232	0.00001
Metarhizium brunneum	500148	S	124	103	227	0.00001
Metarhizium majus	1650735	S	116	53	169	0.00001
Metarhizium anisopliae	5530	S	98	144	242	0.00002
Metarhizium robertsii	568076	S	80	57	137	0.00001
Ustilaginoidea virens	1159556	S	773	40	813	0.00005
Pochonia chlamydosporia	280754	S	187	12	199	0.00001
Trichoderma citrinoviride	58853	S	348	43	391	0.00002
Trichoderma reesei	51453	S	322	31	353	0.00002
Trichoderma pleuroti	500994	S	232	27	259	0.00002
Trichoderma atroviride	63577	S	206	53	259	0.00002
Trichoderma afroharzianum	1567482	S	197	47	244	0.00002
Trichoderma hamatum	49224	S	177	15	192	0.00001
Trichoderma asperellum	101201	S	176	14	190	0.00001
Trichoderma erinaceum	202914	S	164	27	191	0.00001
Trichoderma gamsii	398673	S	127	19	146	0.00001
Trichoderma harzianum	5544	S	101	24	125	0.00001
Trichoderma koningiopsis	337941	S	99	16	115	0.00001
Trichoderma virens	29875	S	38	448	486	0.00003
Trichoderma longibrachiatum	5548	S	31	360	391	0.00002
Trichoderma koningii	97093	S	14	156	170	0.00001
Beauveria felina	37994	S	638	36	674	0.00004
Beauveria pseudobassiana	931006	S	330	49	379	0.00002
Beauveria brongniartii	118266	S	216	55	271	0.00002
Beauveria rudraprayagi	1481906	S	191	239	430	0.00003
Beauveria bassiana	176275	S	133	175	308	0.00002
Cordyceps fumosorosea	114497	S	992	67	1059	0.00007
Purpureocillium lilacinum	33203	S	1093	83	1176	0.00008
Drechmeria coniospora	98403	S	790	38	828	0.00005
Clonostachys rosea	29856	S	363	28	391	0.00002
Colletotrichum higginsianum	80884	S	1143	235	1378	0.00009
Thermothielavioides terrestris	2587410	S	2020	167	2187	0.00014
Thermothelomyces thermophilus	78579	S	1995	120	2115	0.00014
Neurospora crassa	5141	S	461	27	488	0.00003
Pyricularia oryzae	318829	S	411	126	537	0.00003
Pyricularia pennisetigena	1578925	S	398	71	469	0.00003
Pyricularia grisea	148305	S	303	52	355	0.00002
Neopestalotiopsis rosae	1562205	S	156	205	361	0.00002
Neopestalotiopsis clavispora	289240	S	122	173	295	0.00002
Botrytis cinerea	40559	S	284	1	285	0.00002
Aspergillus luchuensis	1069201	S	1620	92	1712	0.00011
Aspergillus chevalieri	182096	S	1077	87	1164	0.00007
Aspergillus oryzae	5062	S	138	362	500	0.00003
Aspergillus flavus	5059	S	103	293	396	0.00003
Aspergillus fumigatus	746128	S	253	9	262	0.00002
Aspergillus puulaauensis	1220207	S	230	7	237	0.00002
Penicillium aurantiogriseum	36655	S	117	29	146	0.00001
Penicillium expansum	27334	S	115	33	148	0.00001
Penicillium citrinum	5077	S	113	13	126	0.00001
Penicillium chrysogenum	5076	S	107	14	121	0.00001
Penicillium italicum	40296	S	90	23	113	0.00001
Penicillium digitatum	36651	S	45	6	51	0.00000
Paecilomyces niveus	5093	S	153	6	159	0.00001
Paecilomyces variotii	264951	S	129	11	140	0.00001
Talaromyces rugulosus	121627	S	226	12	238	0.00002
Paraphaeosphaeria minitans	565426	S	499	168	667	0.00004
Ampelomyces quisqualis	50730	S	417	44	461	0.00003
Zymoseptoria tritici	1047171	S	236	3	239	0.00002
Cercospora beticola	122368	S	159	0	159	0.00001
Eremothecium gossypii	33169	S	164	100	264	0.00002
Eremothecium cymbalariae	45285	S	25	0	25	0.00000
Lachancea thermotolerans	381046	S	84	3	87	0.00001
Naumovozyma castellii	27288	S	37	1	38	0.00000
Naumovozyma dairenensis	27289	S	23	0	23	0.00000
Saccharomyces eubayanus	1080349	S	33	0	33	0.00000
Saccharomyces cerevisiae	4932	S	14	1	15	0.00000
Saccharomyces paradoxus	27291	S	10	0	10	0.00000
Kluyveromyces marxianus	4911	S	39	5	44	0.00000
Kluyveromyces lactis	28985	S	11	0	11	0.00000
Tetrapisispora phaffii	113608	S	24	0	24	0.00000
Tetrapisispora blattae	1071379	S	23	0	23	0.00000
Kazachstania naganishii	588726	S	37	1	38	0.00000
[Candida] glabrata	5478	S	43	1	44	0.00000
Torulaspora globosa	48254	S	30	1	31	0.00000
Torulaspora delbrueckii	4950	S	11	0	11	0.00000
Zygotorulaspora mrakii	42260	S	26	2	28	0.00000
Zygosaccharomyces rouxii	4956	S	21	0	21	0.00000
Ogataea parapolymorpha	1005962	S	79	1	80	0.00001
Brettanomyces nanus	13502	S	37	5	42	0.00000
Brettanomyces bruxellensis	5007	S	26	1	27	0.00000
Pichia kudriavzevii	4909	S	44	1	45	0.00000
Candida dubliniensis	42374	S	43	2	45	0.00000
Candida albicans	5476	S	24	1	25	0.00000
Candida orthopsilosis	273371	S	16	0	16	0.00000
Scheffersomyces stipitis	4924	S	27	0	27	0.00000
Debaryomyces hansenii	4959	S	25	0	25	0.00000
Yarrowia lipolytica	4952	S	115	1	116	0.00001
Sugiyamaella lignohabitans	796027	S	70	5	75	0.00000
Komagataella phaffii	460519	S	15	0	15	0.00000
Schizosaccharomyces pombe	4896	S	52	1	53	0.00000
Pseudozyma flocculosa	84751	S	1662	14	1676	0.00011
Ustilago maydis	5270	S	454	9	463	0.00003
Sporisorium graminicola	280036	S	333	43	376	0.00002
Malassezia restricta	76775	S	147	25	172	0.00001
Phlebiopsis gigantea	82310	S	470	3	473	0.00003
Rhizoctonia solani	456999	S	91	4	95	0.00001
Marasmius oreades	181124	S	86	3	89	0.00001
Cryptococcus neoformans	5207	S	112	6	118	0.00001
Cryptococcus gattii VGI	37769	S	37	25	62	0.00000
Phytophthora cinnamomi	4785	S	1072	187	1259	0.00008
Phytophthora fragariae	53985	S	833	123	956	0.00006
Phytophthora cryptogea	4786	S	552	47	599	0.00004
Phytophthora cactorum	29920	S	355	55	410	0.00003
Phytophthora infestans	4787	S	334	485	819	0.00005
Phytophthora boehmeriae	109152	S	296	36	332	0.00002
Phytophthora parasitica	4792	S	187	25	212	0.00001
Pythium aphanidermatum	65070	S	384	9	393	0.00003
