name	taxonomy_id	taxonomy_lvl	kraken_assigned_reads	added_reads	new_est_reads	fraction_total_reads
Hyphomicrobiales	356	O	2562125	148857	2710982	0.15222
Sphingomonadales	204457	O	1076096	95020	1171116	0.06576
Rhodospirillales	204441	O	425007	362738	787745	0.04423
Rhodobacterales	204455	O	235998	16518	252516	0.01418
Caulobacterales	204458	O	228813	20756	249569	0.01401
Hyphomonadales	2800060	O	11287	391	11678	0.00066
Maricaulales	2800059	O	8449	866	9315	0.00052
Parvularculales	255473	O	2605	177	2782	0.00016
Rickettsiales	766	O	1412	1421	2833	0.00016
Emcibacterales	2066490	O	1365	130	1495	0.00008
Holosporales	1921002	O	515	15	530	0.00003
Magnetococcales	1191478	O	317	7	324	0.00002
Pelagibacterales	54526	O	262	4	266	0.00001
Kordiimonadales	362534	O	150	2	152	0.00001
Burkholderiales	80840	O	1594198	332601	1926799	0.10819
Rhodocyclales	206389	O	114707	34461	149168	0.00838
Nitrosomonadales	32003	O	96632	12902	109534	0.00615
Neisseriales	206351	O	62727	16806	79533	0.00447
Xanthomonadales	135614	O	612479	111315	723794	0.04064
Pseudomonadales	72274	O	366981	122496	489477	0.02748
Enterobacterales	91347	O	110213	185157	295370	0.01659
Chromatiales	135613	O	90817	7099	97916	0.00550
Oceanospirillales	135619	O	68757	8712	77469	0.00435
Nevskiales	1775403	O	29449	6253	35702	0.00200
Methylococcales	135618	O	29195	1309	30504	0.00171
Aeromonadales	135624	O	25231	18020	43251	0.00243
Acidiferrobacterales	1692040	O	18436	908	19344	0.00109
Cellvibrionales	1706369	O	16731	826	17557	0.00099
Alteromonadales	135622	O	14292	1727	16019	0.00090
Vibrionales	135623	O	8305	3085	11390	0.00064
Immundisolibacterales	1934945	O	7289	1371	8660	0.00049
Legionellales	118969	O	4678	253	4931	0.00028
Moraxellales	2887326	O	4561	6333	10894	0.00061
Thiotrichales	72273	O	3653	210	3863	0.00022
Salinisphaerales	742030	O	3005	3001	6006	0.00034
Pasteurellales	135625	O	2170	1251	3421	0.00019
Cardiobacteriales	135615	O	1608	218	1826	0.00010
Kangiellales	2887327	O	273	16	289	0.00002
Orbales	1240482	O	116	18	134	0.00001
Myxococcales	29	O	672139	57937	730076	0.04099
Desulfuromonadales	69541	O	53109	4413	57522	0.00323
Desulfovibrionales	213115	O	36208	2931	39139	0.00220
Desulfobacterales	213118	O	13001	1176	14177	0.00080
Bradymonadales	1779134	O	9927	284	10211	0.00057
Syntrophobacterales	213462	O	3034	720	3754	0.00021
Desulfarculales	453227	O	2675	1533	4208	0.00024
Syntrophales	2914038	O	1513	495	2008	0.00011
Desulfurellales	213113	O	58	2	60	0.00000
Campylobacterales	213849	O	4842	420	5262	0.00030
Nautiliales	235899	O	370	32	402	0.00002
Acidithiobacillales	225057	O	2857	261	3118	0.00018
Bdellovibrionales	213481	O	1331	19	1350	0.00008
Bacteriovoracales	2024979	O	160	2	162	0.00001
Silvanigrellales	2024973	O	74	1	75	0.00000
Hydrogenophilales	119069	O	1034	199	1233	0.00007
Mariprofundales	580371	O	561	16	577	0.00003
Streptomycetales	85011	O	1327706	321585	1649291	0.09261
Micrococcales	85006	O	791412	119893	911305	0.05117
Corynebacteriales	85007	O	639697	89526	729223	0.04095
Micromonosporales	85008	O	495761	74829	570590	0.03204
Propionibacteriales	85009	O	484169	112945	597114	0.03353
Pseudonocardiales	85010	O	411392	66199	477591	0.02682
Streptosporangiales	85012	O	291916	51899	343815	0.01931
Geodermatophilales	1643682	O	68448	19462	87910	0.00494
Actinomycetales	2037	O	33884	5273	39157	0.00220
Frankiales	85013	O	32419	3421	35840	0.00201
Jiangellales	1217098	O	20208	3965	24173	0.00136
Bifidobacteriales	85004	O	14191	3561	17752	0.00100
Nakamurellales	1643684	O	11114	1617	12731	0.00071
Catenulisporales	414714	O	7222	1181	8403	0.00047
Jatrophihabitantales	2805415	O	5455	529	5984	0.00034
Glycomycetales	85014	O	5056	447	5503	0.00031
Kineosporiales	622452	O	4021	1243	5264	0.00030
Sporichthyales	2495578	O	2639	1452	4091	0.00023
Actinopolysporales	622450	O	2488	284	2772	0.00016
Acidothermales	1643683	O	1728	93	1821	0.00010
Candidatus Nanopelagicales	2039638	O	537	10	547	0.00003
Solirubrobacterales	588673	O	85099	12972	98071	0.00551
Miltoncostaeales	2843198	O	22421	3001	25422	0.00143
Acidimicrobiales	84993	O	61885	7080	68965	0.00387
Rubrobacterales	84996	O	57948	6047	63995	0.00359
Eggerthellales	1643822	O	11786	2039	13825	0.00078
Coriobacteriales	84999	O	8863	1825	10688	0.00060
Egicoccales	1755823	O	5758	942	6700	0.00038
Egibacterales	1747768	O	5036	318	5354	0.00030
Euzebyales	908621	O	4996	443	5439	0.00031
Bacillales	1385	O	168702	123485	292187	0.01641
Lactobacillales	186826	O	6907	4867	11774	0.00066
Eubacteriales	186802	O	36390	7286	43676	0.00245
Thermoanaerobacterales	68295	O	4443	648	5091	0.00029
Halanaerobiales	53433	O	450	23	473	0.00003
Thermosediminibacterales	2770089	O	331	15	346	0.00002
Natranaerobiales	485256	O	115	4	119	0.00001
Koleobacterales	2786987	O	114	9	123	0.00001
Selenomonadales	909929	O	4112	217	4329	0.00024
Veillonellales	1843489	O	1220	351	1571	0.00009
Acidaminococcales	1843488	O	574	122	696	0.00004
Limnochordales	1676649	O	3113	119	3232	0.00018
Erysipelotrichales	526525	O	871	284	1155	0.00006
Tissierellales	1737405	O	690	908	1598	0.00009
Synechococcales	1890424	O	20908	1374	22282	0.00125
Nostocales	1161	O	8735	650	9385	0.00053
Pseudanabaenales	2881377	O	5882	347	6229	0.00035
Oscillatoriales	1150	O	3478	297	3775	0.00021
Chroococcales	1118	O	1462	201	1663	0.00009
Gloeobacterales	307595	O	4923	101	5024	0.00028
Chroococcidiopsidales	1890505	O	558	91	649	0.00004
Pleurocapsales	52604	O	219	22	241	0.00001
Gloeomargaritales	1955042	O	136	4	140	0.00001
Thermostichales	2881383	O	98	50	148	0.00001
Deinococcales	118964	O	31053	1509	32562	0.00183
Thermales	68933	O	13288	819	14107	0.00079
Trueperales	2762275	O	2438	139	2577	0.00014
Sphaerobacterales	85001	O	8845	543	9388	0.00053
Thermomicrobiales	189776	O	1663	36	1699	0.00010
Chloroflexales	32064	O	6508	246	6754	0.00038
Tepidiformales	2682226	O	6246	257	6503	0.00037
Ardenticatenales	1382929	O	4460	87	4547	0.00026
Caldilineales	475963	O	2350	157	2507	0.00014
Anaerolineales	292629	O	2309	1144	3453	0.00019
Dehalococcoidales	1202465	O	405	15	420	0.00002
Ktedonobacterales	388448	O	970	30	1000	0.00006
Phototrophicales	2364208	O	944	1004	1948	0.00011
Fimbriimonadales	1663425	O	2907	15	2922	0.00016
Chthonomonadales	1077263	O	678	5	683	0.00004
Mycoplasmatales	2085	O	543	61	604	0.00003
Entomoplasmatales	186328	O	212	15	227	0.00001
Acholeplasmatales	186329	O	180	10	190	0.00001
Mycoplasmoidales	2790996	O	77	44	121	0.00001
Gemmatales	2691355	O	221984	7879	229863	0.01291
Pirellulales	2691354	O	98355	2482	100837	0.00566
Isosphaerales	2691356	O	87433	9506	96939	0.00544
Planctomycetales	112	O	72868	7210	80078	0.00450
Tepidisphaerales	1771349	O	10914	282	11196	0.00063
Phycisphaerales	666506	O	7611	457	8068	0.00045
Sedimentisphaerales	2483366	O	945	79	1024	0.00006
Candidatus Brocadiales	1127829	O	220	1	221	0.00001
Candidatus Uabimicrobiales	2897347	O	119	2	121	0.00001
Opitutales	415000	O	86766	3441	90207	0.00507
Puniceicoccales	415001	O	1626	184	1810	0.00010
Verrucomicrobiales	48461	O	19296	2758	22054	0.00124
Methylacidiphilales	717963	O	226	6	232	0.00001
Kiritimatiellales	1921782	O	1294	1419	2713	0.00015
Tichowtungiales	2907185	O	487	22	509	0.00003
Parachlamydiales	1963360	O	639	5	644	0.00004
Chlamydiales	51291	O	191	489	680	0.00004
Cytophagales	768507	O	52435	1297	53732	0.00302
Chitinophagales	1853229	O	39501	638	40139	0.00225
Flavobacteriales	200644	O	19251	1995	21246	0.00119
Bacteroidales	171549	O	15783	4726	20509	0.00115
Marinilabiliales	1970189	O	412	12	424	0.00002
Bacteroidetes Order II. Incertae sedis	1100069	O	14685	713	15398	0.00086
Sphingobacteriales	200666	O	9709	1221	10930	0.00061
Saprospirales	1936988	O	521	8	529	0.00003
Candidatus Sulfidibacteriales	2923288	O	145	6	151	0.00001
Chlorobiales	191411	O	5309	598	5907	0.00033
Ignavibacteriales	795748	O	347	7	354	0.00002
Gemmatimonadales	219686	O	127000	7340	134340	0.00754
Fibrobacterales	218872	O	239	90	329	0.00002
Vicinamibacterales	2910145	O	94403	5408	99811	0.00560
Acidobacteriales	204433	O	45671	1043	46714	0.00262
Bryobacterales	332160	O	10561	5131	15692	0.00088
Acanthopleuribacterales	533206	O	2821	63	2884	0.00016
Thermotomaculales	2562243	O	120	6	126	0.00001
Nitrospirales	189778	O	21469	300	21769	0.00122
Thermodesulfovibrionales	2811503	O	220	5	225	0.00001
Spirochaetales	136	O	3648	218	3866	0.00022
Leptospirales	1643688	O	1290	33	1323	0.00007
Brachyspirales	1643686	O	63	0	63	0.00000
Synergistales	649776	O	3950	1046	4996	0.00028
Candidatus Nanosynbacterales	2093819	O	295	409	704	0.00004
Candidatus Babeliales	2497644	O	143	95	238	0.00001
Candidatus Absconditabacterales	2900568	O	68	0	68	0.00000
Thermotogales	2419	O	683	50	733	0.00004
Kosmotogales	1643946	O	192	6	198	0.00001
Petrotogales	1643947	O	94	42	136	0.00001
Mesoaciditogales	1769716	O	51	1	52	0.00000
Aquificales	32069	O	589	12	601	0.00003
Desulfurobacteriales	1485951	O	140	14	154	0.00001
Thermodesulfobacteriales	188710	O	595	11	606	0.00003
Calditrichales	1962852	O	435	4	439	0.00002
Deferribacterales	191393	O	389	12	401	0.00002
Fusobacteriales	203491	O	388	67	455	0.00003
Chrysiogenales	189769	O	327	151	478	0.00003
Elusimicrobiales	641854	O	153	2	155	0.00001
Endomicrobiales	1783344	O	120	3	123	0.00001
Caldisericales	693072	O	169	0	169	0.00001
Coprothermobacterales	2138246	O	146	29	175	0.00001
Dictyoglomales	203487	O	96	0	96	0.00001
Atribacterales	2847775	O	78	1	79	0.00000
Hypocreales	5125	O	45908	1924	47832	0.00269
Glomerellales	1028384	O	1413	331	1744	0.00010
Sordariales	5139	O	6923	194	7117	0.00040
Magnaporthales	639021	O	1584	17	1601	0.00009
Xylariales	37989	O	873	14	887	0.00005
Helotiales	5178	O	302	2	304	0.00002
Eurotiales	5042	O	5647	211	5858	0.00033
Pleosporales	92860	O	1110	261	1371	0.00008
Mycosphaerellales	2726947	O	524	6	530	0.00003
Saccharomycetales	4892	O	1643	123	1766	0.00010
Schizosaccharomycetales	34346	O	48	1	49	0.00000
Ustilaginales	5267	O	2793	55	2848	0.00016
Malasseziales	162474	O	154	23	177	0.00001
Polyporales	5303	O	568	6	574	0.00003
Cantharellales	36064	O	195	9	204	0.00001
Agaricales	5338	O	100	5	105	0.00001
Tremellales	5234	O	159	56	215	0.00001
Peronosporales	4776	O	5064	605	5669	0.00032
Pythiales	121069	O	491	13	504	0.00003
