name	taxonomy_id	taxonomy_lvl	kraken_assigned_reads	added_reads	new_est_reads	fraction_total_reads
Streptomycetales	85011	O	1304362	323570	1627932	0.11758
Micrococcales	85006	O	940500	159389	1099889	0.07944
Micromonosporales	85008	O	801560	136883	938443	0.06778
Corynebacteriales	85007	O	651357	91780	743137	0.05367
Pseudonocardiales	85010	O	533609	100410	634019	0.04579
Propionibacteriales	85009	O	483780	102245	586025	0.04233
Streptosporangiales	85012	O	275423	52465	327888	0.02368
Geodermatophilales	1643682	O	68694	21088	89782	0.00648
Jiangellales	1217098	O	40676	8490	49166	0.00355
Frankiales	85013	O	38250	4399	42649	0.00308
Actinomycetales	2037	O	35853	5954	41807	0.00302
Nakamurellales	1643684	O	13814	2206	16020	0.00116
Bifidobacteriales	85004	O	13118	3924	17042	0.00123
Catenulisporales	414714	O	7537	1331	8868	0.00064
Glycomycetales	85014	O	6286	607	6893	0.00050
Jatrophihabitantales	2805415	O	6105	643	6748	0.00049
Kineosporiales	622452	O	4517	1511	6028	0.00044
Actinopolysporales	622450	O	2935	362	3297	0.00024
Sporichthyales	2495578	O	2613	1548	4161	0.00030
Acidothermales	1643683	O	2190	129	2319	0.00017
Candidatus Nanopelagicales	2039638	O	474	10	484	0.00003
Rubrobacterales	84996	O	147851	10873	158724	0.01146
Solirubrobacterales	588673	O	100605	16247	116852	0.00844
Miltoncostaeales	2843198	O	36089	5352	41441	0.00299
Acidimicrobiales	84993	O	105963	13468	119431	0.00863
Egicoccales	1755823	O	6691	1240	7931	0.00057
Euzebyales	908621	O	6682	687	7369	0.00053
Egibacterales	1747768	O	6571	475	7046	0.00051
Eggerthellales	1643822	O	9854	1873	11727	0.00085
Coriobacteriales	84999	O	8235	1814	10049	0.00073
Bacillales	1385	O	140539	140062	280601	0.02027
Lactobacillales	186826	O	4950	3579	8529	0.00062
Eubacteriales	186802	O	31598	6384	37982	0.00274
Thermoanaerobacterales	68295	O	3882	651	4533	0.00033
Halanaerobiales	53433	O	384	20	404	0.00003
Thermosediminibacterales	2770089	O	257	14	271	0.00002
Natranaerobiales	485256	O	127	5	132	0.00001
Koleobacterales	2786987	O	110	10	120	0.00001
Selenomonadales	909929	O	3381	191	3572	0.00026
Veillonellales	1843489	O	837	261	1098	0.00008
Acidaminococcales	1843488	O	427	87	514	0.00004
Limnochordales	1676649	O	3255	143	3398	0.00025
Tissierellales	1737405	O	514	488	1002	0.00007
Erysipelotrichales	526525	O	574	453	1027	0.00007
Deinococcales	118964	O	25553	1781	27334	0.00197
Thermales	68933	O	13051	868	13919	0.00101
Trueperales	2762275	O	2236	132	2368	0.00017
Sphaerobacterales	85001	O	9400	673	10073	0.00073
Thermomicrobiales	189776	O	1942	49	1991	0.00014
Chloroflexales	32064	O	6745	283	7028	0.00051
Tepidiformales	2682226	O	5444	256	5700	0.00041
Ardenticatenales	1382929	O	4916	110	5026	0.00036
Anaerolineales	292629	O	3017	75	3092	0.00022
Caldilineales	475963	O	2340	1227	3567	0.00026
Dehalococcoidales	1202465	O	411	17	428	0.00003
Phototrophicales	2364208	O	1055	13	1068	0.00008
Ktedonobacterales	388448	O	1043	1156	2199	0.00016
Synechococcales	1890424	O	16706	1119	17825	0.00129
Nostocales	1161	O	6844	548	7392	0.00053
Gloeobacterales	307595	O	4109	89	4198	0.00030
Pseudanabaenales	2881377	O	3771	244	4015	0.00029
Oscillatoriales	1150	O	2135	181	2316	0.00017
Chroococcales	1118	O	807	146	953	0.00007
Chroococcidiopsidales	1890505	O	571	93	664	0.00005
Pleurocapsales	52604	O	171	17	188	0.00001
Gloeomargaritales	1955042	O	94	3	97	0.00001
Thermostichales	2881383	O	63	37	100	0.00001
Fimbriimonadales	1663425	O	2079	12	2091	0.00015
Chthonomonadales	1077263	O	573	5	578	0.00004
Mycoplasmatales	2085	O	329	40	369	0.00003
Acholeplasmatales	186329	O	117	11	128	0.00001
Entomoplasmatales	186328	O	111	21	132	0.00001
Mycoplasmoidales	2790996	O	36	29	65	0.00000
Hyphomicrobiales	356	O	1370572	87381	1457953	0.10530
Sphingomonadales	204457	O	592785	55492	648277	0.04682
Rhodospirillales	204441	O	285719	240635	526354	0.03802
Rhodobacterales	204455	O	164085	11803	175888	0.01270
Caulobacterales	204458	O	103509	10221	113730	0.00821
Hyphomonadales	2800060	O	6486	225	6711	0.00048
Maricaulales	2800059	O	5253	4667	9920	0.00072
Parvularculales	255473	O	1681	110	1791	0.00013
Rickettsiales	766	O	913	17	930	0.00007
Emcibacterales	2066490	O	772	85	857	0.00006
Holosporales	1921002	O	219	6	225	0.00002
Magnetococcales	1191478	O	177	4	181	0.00001
Pelagibacterales	54526	O	105	2	107	0.00001
Kordiimonadales	362534	O	86	1	87	0.00001
Burkholderiales	80840	O	895537	223173	1118710	0.08080
Rhodocyclales	206389	O	66638	20352	86990	0.00628
Nitrosomonadales	32003	O	53570	6762	60332	0.00436
Neisseriales	206351	O	35680	9900	45580	0.00329
Xanthomonadales	135614	O	323348	54041	377389	0.02726
Pseudomonadales	72274	O	241682	71420	313102	0.02261
Enterobacterales	91347	O	67933	120306	188239	0.01360
Chromatiales	135613	O	55368	4556	59924	0.00433
Oceanospirillales	135619	O	45278	6631	51909	0.00375
Methylococcales	135618	O	16720	837	17557	0.00127
Aeromonadales	135624	O	16414	14543	30957	0.00224
Cellvibrionales	1706369	O	14649	648	15297	0.00110
Nevskiales	1775403	O	13858	2725	16583	0.00120
Acidiferrobacterales	1692040	O	11565	609	12174	0.00088
Alteromonadales	135622	O	8044	1071	9115	0.00066
Vibrionales	135623	O	4597	883	5480	0.00040
Legionellales	118969	O	2881	160	3041	0.00022
Immundisolibacterales	1934945	O	2746	546	3292	0.00024
Moraxellales	2887326	O	2741	4136	6877	0.00050
Thiotrichales	72273	O	1966	126	2092	0.00015
Salinisphaerales	742030	O	1644	1739	3383	0.00024
Pasteurellales	135625	O	1022	388	1410	0.00010
Cardiobacteriales	135615	O	891	130	1021	0.00007
Kangiellales	2887327	O	149	10	159	0.00001
Orbales	1240482	O	60	15	75	0.00001
Myxococcales	29	O	419641	31832	451473	0.03261
Desulfuromonadales	69541	O	37400	3260	40660	0.00294
Desulfovibrionales	213115	O	25420	2129	27549	0.00199
Desulfobacterales	213118	O	9162	897	10059	0.00073
Bradymonadales	1779134	O	6293	188	6481	0.00047
Desulfarculales	453227	O	2042	1185	3227	0.00023
Syntrophobacterales	213462	O	1931	464	2395	0.00017
Syntrophales	2914038	O	1137	423	1560	0.00011
Desulfurellales	213113	O	44	2	46	0.00000
Campylobacterales	213849	O	3081	188	3269	0.00024
Nautiliales	235899	O	378	35	413	0.00003
Acidithiobacillales	225057	O	1891	180	2071	0.00015
Bdellovibrionales	213481	O	651	8	659	0.00005
Bacteriovoracales	2024979	O	177	2	179	0.00001
Silvanigrellales	2024973	O	41	1	42	0.00000
Hydrogenophilales	119069	O	612	126	738	0.00005
Mariprofundales	580371	O	346	10	356	0.00003
Gemmatales	2691355	O	136743	5112	141855	0.01025
Pirellulales	2691354	O	70165	1914	72079	0.00521
Isosphaerales	2691356	O	59381	6725	66106	0.00477
Planctomycetales	112	O	48926	5048	53974	0.00390
Tepidisphaerales	1771349	O	7327	198	7525	0.00054
Phycisphaerales	666506	O	5379	345	5724	0.00041
Sedimentisphaerales	2483366	O	583	41	624	0.00005
Candidatus Brocadiales	1127829	O	127	0	127	0.00001
Candidatus Uabimicrobiales	2897347	O	63	1	64	0.00000
Opitutales	415000	O	20885	855	21740	0.00157
Puniceicoccales	415001	O	934	116	1050	0.00008
Verrucomicrobiales	48461	O	13285	1739	15024	0.00109
Methylacidiphilales	717963	O	101	90	191	0.00001
Kiritimatiellales	1921782	O	902	1065	1967	0.00014
Tichowtungiales	2907185	O	298	12	310	0.00002
Parachlamydiales	1963360	O	335	5	340	0.00002
Chlamydiales	51291	O	117	296	413	0.00003
Cytophagales	768507	O	33204	794	33998	0.00246
Chitinophagales	1853229	O	12819	181	13000	0.00094
Bacteroidetes Order II. Incertae sedis	1100069	O	11915	613	12528	0.00090
Bacteroidales	171549	O	9867	2280	12147	0.00088
Marinilabiliales	1970189	O	198	6	204	0.00001
Flavobacteriales	200644	O	9710	902	10612	0.00077
Sphingobacteriales	200666	O	4247	517	4764	0.00034
Saprospirales	1936988	O	307	4	311	0.00002
Candidatus Sulfidibacteriales	2923288	O	67	2	69	0.00001
Chlorobiales	191411	O	3615	406	4021	0.00029
Ignavibacteriales	795748	O	204	4	208	0.00002
Gemmatimonadales	219686	O	65516	4084	69600	0.00503
Fibrobacterales	218872	O	153	74	227	0.00002
Vicinamibacterales	2910145	O	61684	3574	65258	0.00471
Acidobacteriales	204433	O	21285	513	21798	0.00157
Bryobacterales	332160	O	5290	3219	8509	0.00061
Acanthopleuribacterales	533206	O	1953	48	2001	0.00014
Thermotomaculales	2562243	O	96	5	101	0.00001
Nitrospirales	189778	O	13434	203	13637	0.00098
Thermodesulfovibrionales	2811503	O	184	4	188	0.00001
Spirochaetales	136	O	2647	151	2798	0.00020
Leptospirales	1643688	O	698	29	727	0.00005
Brachyspirales	1643686	O	50	0	50	0.00000
Synergistales	649776	O	3238	1018	4256	0.00031
Candidatus Nanosynbacterales	2093819	O	190	240	430	0.00003
Candidatus Babeliales	2497644	O	65	55	120	0.00001
Candidatus Absconditabacterales	2900568	O	47	0	47	0.00000
Thermotogales	2419	O	575	33	608	0.00004
Kosmotogales	1643946	O	268	9	277	0.00002
Petrotogales	1643947	O	68	38	106	0.00001
Mesoaciditogales	1769716	O	62	2	64	0.00000
Aquificales	32069	O	639	10	649	0.00005
Desulfurobacteriales	1485951	O	142	12	154	0.00001
Thermodesulfobacteriales	188710	O	542	10	552	0.00004
Calditrichales	1962852	O	319	3	322	0.00002
Deferribacterales	191393	O	280	8	288	0.00002
Chrysiogenales	189769	O	263	122	385	0.00003
Fusobacteriales	203491	O	245	35	280	0.00002
Endomicrobiales	1783344	O	88	0	88	0.00001
Elusimicrobiales	641854	O	87	0	87	0.00001
Coprothermobacterales	2138246	O	129	27	156	0.00001
Caldisericales	693072	O	112	0	112	0.00001
Dictyoglomales	203487	O	100	0	100	0.00001
Atribacterales	2847775	O	77	2	79	0.00001
Hypocreales	5125	O	18872	652	19524	0.00141
Glomerellales	1028384	O	985	233	1218	0.00009
Sordariales	5139	O	4050	117	4167	0.00030
Magnaporthales	639021	O	1120	11	1131	0.00008
Xylariales	37989	O	530	9	539	0.00004
Helotiales	5178	O	155	1	156	0.00001
Eurotiales	5042	O	7823	324	8147	0.00059
Pleosporales	92860	O	715	156	871	0.00006
Mycosphaerellales	2726947	O	339	3	342	0.00002
Saccharomycetales	4892	O	1029	113	1142	0.00008
Schizosaccharomycetales	34346	O	65	1	66	0.00000
Ustilaginales	5267	O	1952	50	2002	0.00014
Malasseziales	162474	O	125	24	149	0.00001
Polyporales	5303	O	351	4	355	0.00003
Cantharellales	36064	O	80	5	85	0.00001
Agaricales	5338	O	65	3	68	0.00000
Tremellales	5234	O	108	31	139	0.00001
Peronosporales	4776	O	2998	486	3484	0.00025
Pythiales	121069	O	557	14	571	0.00004
